Format Version,1.25,Take Name,Take 2026-04-16 04.29.11 PM Shannon_001,Take Notes,,Capture Frame Rate,100.000000,Export Frame Rate,100.000000,Capture Start Time,2026-04-16 05.00.04.041 PM,Capture Start Frame,2256765,Total Frames in Take,11802,Total Exported Frames,11802,Rotation Type,Quaternion,Length Units,Millimeters,Coordinate Space,Global

,Type,Rigid Body,Rigid Body,Rigid Body,Rigid Body,Rigid Body,Rigid Body,Rigid Body,Rigid Body Marker,Rigid Body Marker,Rigid Body Marker,Rigid Body Marker,Rigid Body Marker,Rigid Body Marker,Rigid Body Marker,Rigid Body Marker,Rigid Body Marker,Rigid Body Marker,Rigid Body Marker,Rigid Body Marker,Rigid Body,Rigid Body,Rigid Body,Rigid Body,Rigid Body,Rigid Body,Rigid Body,Rigid Body Marker,Rigid Body Marker,Rigid Body Marker,Rigid Body Marker,Rigid Body Marker,Rigid Body Marker,Rigid Body Marker,Rigid Body Marker,Rigid Body Marker,Rigid Body Marker,Rigid Body Marker,Rigid Body Marker,Marker,Marker,Marker,Marker,Marker,Marker,Marker,Marker,Marker,Marker,Marker,Marker,Marker,Marker,Marker,Marker,Marker,Marker,Marker,Marker,Marker,Marker,Marker,Marker,Marker,Marker,Marker,Marker,Marker,Marker,Marker,Marker,Marker,Marker,Marker,Marker,Marker,Marker,Marker,Marker,Marker,Marker,Marker,Marker,Marker,Marker,Marker,Marker
,Name,fakeDrone,fakeDrone,fakeDrone,fakeDrone,fakeDrone,fakeDrone,fakeDrone,fakeDrone:Marker 001,fakeDrone:Marker 001,fakeDrone:Marker 001,fakeDrone:Marker 002,fakeDrone:Marker 002,fakeDrone:Marker 002,fakeDrone:Marker 003,fakeDrone:Marker 003,fakeDrone:Marker 003,fakeDrone:Marker 004,fakeDrone:Marker 004,fakeDrone:Marker 004,Rigid Body 001,Rigid Body 001,Rigid Body 001,Rigid Body 001,Rigid Body 001,Rigid Body 001,Rigid Body 001,Rigid Body 001:Marker 001,Rigid Body 001:Marker 001,Rigid Body 001:Marker 001,Rigid Body 001:Marker 002,Rigid Body 001:Marker 002,Rigid Body 001:Marker 002,Rigid Body 001:Marker 003,Rigid Body 001:Marker 003,Rigid Body 001:Marker 003,Rigid Body 001:Marker 004,Rigid Body 001:Marker 004,Rigid Body 001:Marker 004,Rigid Body 001:Marker 001,Rigid Body 001:Marker 001,Rigid Body 001:Marker 001,Rigid Body 001:Marker 002,Rigid Body 001:Marker 002,Rigid Body 001:Marker 002,Rigid Body 001:Marker 003,Rigid Body 001:Marker 003,Rigid Body 001:Marker 003,Rigid Body 001:Marker 004,Rigid Body 001:Marker 004,Rigid Body 001:Marker 004,Unlabeled 1051,Unlabeled 1051,Unlabeled 1051,Unlabeled 1052,Unlabeled 1052,Unlabeled 1052,Unlabeled 1053,Unlabeled 1053,Unlabeled 1053,Unlabeled 1054,Unlabeled 1054,Unlabeled 1054,Unlabeled 1055,Unlabeled 1055,Unlabeled 1055,Unlabeled 1057,Unlabeled 1057,Unlabeled 1057,Unlabeled 1058,Unlabeled 1058,Unlabeled 1058,Unlabeled 1059,Unlabeled 1059,Unlabeled 1059,Unlabeled 1060,Unlabeled 1060,Unlabeled 1060,Unlabeled 1062,Unlabeled 1062,Unlabeled 1062,Unlabeled 1063,Unlabeled 1063,Unlabeled 1063,Unlabeled 1064,Unlabeled 1064,Unlabeled 1064
,ID,93C72B6838D511F15DA72CBF6EB048B2,93C72B6838D511F15DA72CBF6EB048B2,93C72B6838D511F15DA72CBF6EB048B2,93C72B6838D511F15DA72CBF6EB048B2,93C72B6838D511F15DA72CBF6EB048B2,93C72B6838D511F15DA72CBF6EB048B2,93C72B6838D511F15DA72CBF6EB048B2,"93C72B6838D511F1:5DA72CBF6EB048B2","93C72B6838D511F1:5DA72CBF6EB048B2","93C72B6838D511F1:5DA72CBF6EB048B2","93C72B6838D511F1:5DA72CBF6EB048B2","93C72B6838D511F1:5DA72CBF6EB048B2","93C72B6838D511F1:5DA72CBF6EB048B2","93C72B6838D511F1:5DA72CBF6EB048B2","93C72B6838D511F1:5DA72CBF6EB048B2","93C72B6838D511F1:5DA72CBF6EB048B2","93C72B6838D511F1:5DA72CBF6EB048B2","93C72B6838D511F1:5DA72CBF6EB048B2","93C72B6838D511F1:5DA72CBF6EB048B2",8E14E2A339A011F15DA72CBF6EB04AB2,8E14E2A339A011F15DA72CBF6EB04AB2,8E14E2A339A011F15DA72CBF6EB04AB2,8E14E2A339A011F15DA72CBF6EB04AB2,8E14E2A339A011F15DA72CBF6EB04AB2,8E14E2A339A011F15DA72CBF6EB04AB2,8E14E2A339A011F15DA72CBF6EB04AB2,"8E14E2A339A011F1:5DA72CBF6EB04AB2","8E14E2A339A011F1:5DA72CBF6EB04AB2","8E14E2A339A011F1:5DA72CBF6EB04AB2","8E14E2A339A011F1:5DA72CBF6EB04AB2","8E14E2A339A011F1:5DA72CBF6EB04AB2","8E14E2A339A011F1:5DA72CBF6EB04AB2","8E14E2A339A011F1:5DA72CBF6EB04AB2","8E14E2A339A011F1:5DA72CBF6EB04AB2","8E14E2A339A011F1:5DA72CBF6EB04AB2","8E14E2A339A011F1:5DA72CBF6EB04AB2","8E14E2A339A011F1:5DA72CBF6EB04AB2","8E14E2A339A011F1:5DA72CBF6EB04AB2","F274CBA939A411F1:5DA72CBF6EB04AB2","F274CBA939A411F1:5DA72CBF6EB04AB2","F274CBA939A411F1:5DA72CBF6EB04AB2","F274CBAA39A411F1:5DA72CBF6EB04AB2","F274CBAA39A411F1:5DA72CBF6EB04AB2","F274CBAA39A411F1:5DA72CBF6EB04AB2","F274CBAB39A411F1:5DA72CBF6EB04AB2","F274CBAB39A411F1:5DA72CBF6EB04AB2","F274CBAB39A411F1:5DA72CBF6EB04AB2","F274CBAC39A411F1:5DA72CBF6EB04AB2","F274CBAC39A411F1:5DA72CBF6EB04AB2","F274CBAC39A411F1:5DA72CBF6EB04AB2","45B:614119D7397011F1","45B:614119D7397011F1","45B:614119D7397011F1","46A:614119D7397011F1","46A:614119D7397011F1","46A:614119D7397011F1","46B:614119D7397011F1","46B:614119D7397011F1","46B:614119D7397011F1","46C:614119D7397011F1","46C:614119D7397011F1","46C:614119D7397011F1","46D:614119D7397011F1","46D:614119D7397011F1","46D:614119D7397011F1","480:614119D7397011F1","480:614119D7397011F1","480:614119D7397011F1","481:614119D7397011F1","481:614119D7397011F1","481:614119D7397011F1","482:614119D7397011F1","482:614119D7397011F1","482:614119D7397011F1","483:614119D7397011F1","483:614119D7397011F1","483:614119D7397011F1","488:614119D7397011F1","488:614119D7397011F1","488:614119D7397011F1","489:614119D7397011F1","489:614119D7397011F1","489:614119D7397011F1","48A:614119D7397011F1","48A:614119D7397011F1","48A:614119D7397011F1"
,Parent,,,,,,,,fakeDrone,fakeDrone,fakeDrone,fakeDrone,fakeDrone,fakeDrone,fakeDrone,fakeDrone,fakeDrone,fakeDrone,fakeDrone,fakeDrone,,,,,,,,Rigid Body 001,Rigid Body 001,Rigid Body 001,Rigid Body 001,Rigid Body 001,Rigid Body 001,Rigid Body 001,Rigid Body 001,Rigid Body 001,Rigid Body 001,Rigid Body 001,Rigid Body 001,,,,,,,,,,,,,,,,,,,,,,,,,,,,,,,,,,,,,,,,,,,,,,,,
,,Rotation,Rotation,Rotation,Rotation,Position,Position,Position,Position,Position,Position,Position,Position,Position,Position,Position,Position,Position,Position,Position,Rotation,Rotation,Rotation,Rotation,Position,Position,Position,Position,Position,Position,Position,Position,Position,Position,Position,Position,Position,Position,Position,Position,Position,Position,Position,Position,Position,Position,Position,Position,Position,Position,Position,Position,Position,Position,Position,Position,Position,Position,Position,Position,Position,Position,Position,Position,Position,Position,Position,Position,Position,Position,Position,Position,Position,Position,Position,Position,Position,Position,Position,Position,Position,Position,Position,Position,Position,Position,Position
Frame,Time (Seconds),X,Y,Z,W,X,Y,Z,X,Y,Z,X,Y,Z,X,Y,Z,X,Y,Z,X,Y,Z,W,X,Y,Z,X,Y,Z,X,Y,Z,X,Y,Z,X,Y,Z,X,Y,Z,X,Y,Z,X,Y,Z,X,Y,Z,X,Y,Z,X,Y,Z,X,Y,Z,X,Y,Z,X,Y,Z,X,Y,Z,X,Y,Z,X,Y,Z,X,Y,Z,X,Y,Z,X,Y,Z,X,Y,Z
0,0.000000,0.000000,0.000000,0.000000,1.000000,0.000000,0.000000,0.000000,57.698101,20.499701,-14.700500,0.047771,-0.013570,0.015998,-15.666301,-52.738201,18.801300,-93.396698,0.129960,17.611099,-0.005136,-0.856414,0.050079,-0.513830,2256.026611,1010.851135,-1373.415649,2175.078613,1015.561707,-1366.736572,2298.133789,1010.649658,-1341.141235,2208.960205,1011.597900,-1418.838013,2341.933350,1005.595337,-1366.946655,,,,,,,,,,,,,2616.272949,1567.729370,-3159.757812,,,,,,,,,,,,,,,,,,,,,,,,,,,,,,,,,
1,0.010000,0.000000,0.000000,0.000000,1.000000,0.000000,0.000000,0.000000,57.698101,20.499701,-14.700500,0.047771,-0.013570,0.015998,-15.666301,-52.738201,18.801300,-93.396698,0.129960,17.611099,-0.005136,-0.856414,0.050079,-0.513830,2256.026611,1010.851135,-1373.415649,2175.078613,1015.561707,-1366.736572,2298.133789,1010.649658,-1341.141235,2208.960205,1011.597900,-1418.838013,2341.933350,1005.595337,-1366.946655,,,,,,,,,,,,,2616.270508,1567.741699,-3159.815430,,,,,,,,,,,,,,,,,,,,,,,,,,,,,,,,,
2,0.020000,0.000000,0.000000,0.000000,1.000000,0.000000,0.000000,0.000000,57.698101,20.499701,-14.700500,0.047771,-0.013570,0.015998,-15.666301,-52.738201,18.801300,-93.396698,0.129960,17.611099,-0.005136,-0.856414,0.050079,-0.513830,2256.026611,1010.851135,-1373.415649,2175.078613,1015.561707,-1366.736572,2298.133789,1010.649658,-1341.141235,2208.960205,1011.597900,-1418.838013,2341.933350,1005.595337,-1366.946655,,,,,,,,,,,,,2616.302734,1567.736450,-3159.877686,,,,,,,,,,,,,,,,,,,,,,,,,,,,,,,,,
3,0.030000,0.000000,0.000000,0.000000,1.000000,0.000000,0.000000,0.000000,57.698101,20.499701,-14.700500,0.047771,-0.013570,0.015998,-15.666301,-52.738201,18.801300,-93.396698,0.129960,17.611099,-0.005136,-0.856414,0.050079,-0.513830,2256.026611,1010.851135,-1373.415649,2175.078613,1015.561707,-1366.736572,2298.133789,1010.649658,-1341.141235,2208.960205,1011.597900,-1418.838013,2341.933350,1005.595337,-1366.946655,,,,,,,,,,,,,2616.297119,1567.721313,-3159.929199,,,,,,,,,,,,,,,,,,,,,,,,,,,,,,,,,
4,0.040000,0.000000,0.000000,0.000000,1.000000,0.000000,0.000000,0.000000,57.698101,20.499701,-14.700500,0.047771,-0.013570,0.015998,-15.666301,-52.738201,18.801300,-93.396698,0.129960,17.611099,-0.005136,-0.856414,0.050079,-0.513830,2256.026611,1010.851135,-1373.415649,2175.078613,1015.561707,-1366.736572,2298.133789,1010.649658,-1341.141235,2208.960205,1011.597900,-1418.838013,2341.933350,1005.595337,-1366.946655,,,,,,,,,,,,,2616.327881,1567.746826,-3159.963867,,,,,,,,,,,,,,,,,,,,,,,,,,,,,,,,,
5,0.050000,0.000000,0.000000,0.000000,1.000000,0.000000,0.000000,0.000000,57.698101,20.499701,-14.700500,0.047771,-0.013570,0.015998,-15.666301,-52.738201,18.801300,-93.396698,0.129960,17.611099,-0.005136,-0.856414,0.050079,-0.513830,2256.026611,1010.851135,-1373.415649,2175.078613,1015.561707,-1366.736572,2298.133789,1010.649658,-1341.141235,2208.960205,1011.597900,-1418.838013,2341.933350,1005.595337,-1366.946655,,,,,,,,,,,,,2616.316650,1567.746704,-3159.998291,,,,,,,,,,,,,,,,,,,,,,,,,,,,,,,,,
6,0.060000,0.000000,0.000000,0.000000,1.000000,0.000000,0.000000,0.000000,57.698101,20.499701,-14.700500,0.047771,-0.013570,0.015998,-15.666301,-52.738201,18.801300,-93.396698,0.129960,17.611099,-0.005136,-0.856414,0.050079,-0.513830,2256.026611,1010.851135,-1373.415649,2175.078613,1015.561707,-1366.736572,2298.133789,1010.649658,-1341.141235,2208.960205,1011.597900,-1418.838013,2341.933350,1005.595337,-1366.946655,,,,,,,,,,,,,2616.308594,1567.759888,-3160.024658,,,,,,,,,,,,,,,,,,,,,,,,,,,,,,,,,
7,0.070000,0.000000,0.000000,0.000000,1.000000,0.000000,0.000000,0.000000,57.698101,20.499701,-14.700500,0.047771,-0.013570,0.015998,-15.666301,-52.738201,18.801300,-93.396698,0.129960,17.611099,-0.005136,-0.856414,0.050079,-0.513830,2256.026611,1010.851135,-1373.415649,2175.078613,1015.561707,-1366.736572,2298.133789,1010.649658,-1341.141235,2208.960205,1011.597900,-1418.838013,2341.933350,1005.595337,-1366.946655,,,,,,,,,,,,,2616.304443,1567.769287,-3160.025635,,,,,,,,,,,,,,,,,,,,,,,,,,,,,,,,,
8,0.080000,0.000000,0.000000,0.000000,1.000000,0.000000,0.000000,0.000000,57.698101,20.499701,-14.700500,0.047771,-0.013570,0.015998,-15.666301,-52.738201,18.801300,-93.396698,0.129960,17.611099,-0.005136,-0.856414,0.050079,-0.513830,2256.026611,1010.851135,-1373.415649,2175.078613,1015.561707,-1366.736572,2298.133789,1010.649658,-1341.141235,2208.960205,1011.597900,-1418.838013,2341.933350,1005.595337,-1366.946655,,,,,,,,,,,,,2616.296631,1567.770874,-3160.006348,,,,,,,,,,,,,,,,,,,,,,,,,,,,,,,,,
9,0.090000,0.000000,0.000000,0.000000,1.000000,0.000000,0.000000,0.000000,57.698101,20.499701,-14.700500,0.047771,-0.013570,0.015998,-15.666301,-52.738201,18.801300,-93.396698,0.129960,17.611099,-0.005136,-0.856414,0.050079,-0.513830,2256.026611,1010.851135,-1373.415649,2175.078613,1015.561707,-1366.736572,2298.133789,1010.649658,-1341.141235,2208.960205,1011.597900,-1418.838013,2341.933350,1005.595337,-1366.946655,,,,,,,,,,,,,2616.336914,1567.762085,-3159.958252,,,,,,,,,,,,,,,,,,,,,,,,,,,,,,,,,
10,0.100000,0.000000,0.000000,0.000000,1.000000,0.000000,0.000000,0.000000,57.698101,20.499701,-14.700500,0.047771,-0.013570,0.015998,-15.666301,-52.738201,18.801300,-93.396698,0.129960,17.611099,-0.005136,-0.856414,0.050079,-0.513830,2256.026611,1010.851135,-1373.415649,2175.078613,1015.561707,-1366.736572,2298.133789,1010.649658,-1341.141235,2208.960205,1011.597900,-1418.838013,2341.933350,1005.595337,-1366.946655,,,,,,,,,,,,,2616.344727,1567.737183,-3159.912109,,,,,,,,,,,,,,,,,,,,,,,,,,,,,,,,,
11,0.110000,0.000000,0.000000,0.000000,1.000000,0.000000,0.000000,0.000000,57.698101,20.499701,-14.700500,0.047771,-0.013570,0.015998,-15.666301,-52.738201,18.801300,-93.396698,0.129960,17.611099,-0.005136,-0.856414,0.050079,-0.513830,2256.026611,1010.851135,-1373.415649,2175.078613,1015.561707,-1366.736572,2298.133789,1010.649658,-1341.141235,2208.960205,1011.597900,-1418.838013,2341.933350,1005.595337,-1366.946655,,,,,,,,,,,,,2616.307617,1567.727539,-3159.856201,,,,,,,,,,,,,,,,,,,,,,,,,,,,,,,,,
12,0.120000,0.000000,0.000000,0.000000,1.000000,0.000000,0.000000,0.000000,57.698101,20.499701,-14.700500,0.047771,-0.013570,0.015998,-15.666301,-52.738201,18.801300,-93.396698,0.129960,17.611099,-0.005136,-0.856414,0.050079,-0.513830,2256.026611,1010.851135,-1373.415649,2175.078613,1015.561707,-1366.736572,2298.133789,1010.649658,-1341.141235,2208.960205,1011.597900,-1418.838013,2341.933350,1005.595337,-1366.946655,,,,,,,,,,,,,2616.312988,1567.716064,-3159.795654,,,,,,,,,,,,,,,,,,,,,,,,,,,,,,,,,
13,0.130000,0.000000,0.000000,0.000000,1.000000,0.000000,0.000000,0.000000,57.698101,20.499701,-14.700500,0.047771,-0.013570,0.015998,-15.666301,-52.738201,18.801300,-93.396698,0.129960,17.611099,-0.005136,-0.856414,0.050079,-0.513830,2256.026611,1010.851135,-1373.415649,2175.078613,1015.561707,-1366.736572,2298.133789,1010.649658,-1341.141235,2208.960205,1011.597900,-1418.838013,2341.933350,1005.595337,-1366.946655,,,,,,,,,,,,,2616.332275,1567.749268,-3159.716553,,,,,,,,,,,,,,,,,,,,,,,,,,,,,,,,,
14,0.140000,0.000000,0.000000,0.000000,1.000000,0.000000,0.000000,0.000000,57.698101,20.499701,-14.700500,0.047771,-0.013570,0.015998,-15.666301,-52.738201,18.801300,-93.396698,0.129960,17.611099,-0.005136,-0.856414,0.050079,-0.513830,2256.026611,1010.851135,-1373.415649,2175.078613,1015.561707,-1366.736572,2298.133789,1010.649658,-1341.141235,2208.960205,1011.597900,-1418.838013,2341.933350,1005.595337,-1366.946655,,,,,,,,,,,,,2616.330566,1567.752563,-3159.649414,,,,,,,,,,,,,,,,,,,,,,,,,,,,,,,,,
15,0.150000,0.000000,0.000000,0.000000,1.000000,0.000000,0.000000,0.000000,57.698101,20.499701,-14.700500,0.047771,-0.013570,0.015998,-15.666301,-52.738201,18.801300,-93.396698,0.129960,17.611099,-0.005136,-0.856414,0.050079,-0.513830,2256.026611,1010.851135,-1373.415649,2175.078613,1015.561707,-1366.736572,2298.133789,1010.649658,-1341.141235,2208.960205,1011.597900,-1418.838013,2341.933350,1005.595337,-1366.946655,,,,,,,,,,,,,2616.324219,1567.759277,-3159.581055,,,,,,,,,,,,,,,,,,,,,,,,,,,,,,,,,
16,0.160000,0.000000,0.000000,0.000000,1.000000,0.000000,0.000000,0.000000,57.698101,20.499701,-14.700500,0.047771,-0.013570,0.015998,-15.666301,-52.738201,18.801300,-93.396698,0.129960,17.611099,-0.005136,-0.856414,0.050079,-0.513830,2256.026611,1010.851135,-1373.415649,2175.078613,1015.561707,-1366.736572,2298.133789,1010.649658,-1341.141235,2208.960205,1011.597900,-1418.838013,2341.933350,1005.595337,-1366.946655,,,,,,,,,,,,,2616.310059,1567.732788,-3159.526123,,,,,,,,,,,,,,,,,,,,,,,,,,,,,,,,,
17,0.170000,0.000000,0.000000,0.000000,1.000000,0.000000,0.000000,0.000000,57.698101,20.499701,-14.700500,0.047771,-0.013570,0.015998,-15.666301,-52.738201,18.801300,-93.396698,0.129960,17.611099,-0.005136,-0.856414,0.050079,-0.513830,2256.026611,1010.851135,-1373.415649,2175.078613,1015.561707,-1366.736572,2298.133789,1010.649658,-1341.141235,2208.960205,1011.597900,-1418.838013,2341.933350,1005.595337,-1366.946655,,,,,,,,,,,,,2616.296631,1567.731934,-3159.477295,,,,,,,,,,,,,,,,,,,,,,,,,,,,,,,,,
18,0.180000,0.000000,0.000000,0.000000,1.000000,0.000000,0.000000,0.000000,57.698101,20.499701,-14.700500,0.047771,-0.013570,0.015998,-15.666301,-52.738201,18.801300,-93.396698,0.129960,17.611099,-0.005136,-0.856414,0.050079,-0.513830,2256.026611,1010.851135,-1373.415649,2175.078613,1015.561707,-1366.736572,2298.133789,1010.649658,-1341.141235,2208.960205,1011.597900,-1418.838013,2341.933350,1005.595337,-1366.946655,,,,,,,,,,,,,2616.323242,1567.760620,-3159.454102,,,,,,,,,,,,,,,,,,,,,,,,,,,,,,,,,
19,0.190000,0.000000,0.000000,0.000000,1.000000,0.000000,0.000000,0.000000,57.698101,20.499701,-14.700500,0.047771,-0.013570,0.015998,-15.666301,-52.738201,18.801300,-93.396698,0.129960,17.611099,-0.005136,-0.856414,0.050079,-0.513830,2256.026611,1010.851135,-1373.415649,2175.078613,1015.561707,-1366.736572,2298.133789,1010.649658,-1341.141235,2208.960205,1011.597900,-1418.838013,2341.933350,1005.595337,-1366.946655,,,,,,,,,,,,,2616.323730,1567.757812,-3159.434814,,,,,,,,,,,,,,,,,,,,,,,,,,,,,,,,,
20,0.200000,0.000000,0.000000,0.000000,1.000000,0.000000,0.000000,0.000000,57.698101,20.499701,-14.700500,0.047771,-0.013570,0.015998,-15.666301,-52.738201,18.801300,-93.396698,0.129960,17.611099,-0.005136,-0.856414,0.050079,-0.513830,2256.026611,1010.851135,-1373.415649,2175.078613,1015.561707,-1366.736572,2298.133789,1010.649658,-1341.141235,2208.960205,1011.597900,-1418.838013,2341.933350,1005.595337,-1366.946655,,,,,,,,,,,,,2616.294434,1567.739990,-3159.445801,,,,,,,,,,,,,,,,,,,,,,,,,,,,,,,,,
21,0.210000,0.000000,0.000000,0.000000,1.000000,0.000000,0.000000,0.000000,57.698101,20.499701,-14.700500,0.047771,-0.013570,0.015998,-15.666301,-52.738201,18.801300,-93.396698,0.129960,17.611099,-0.005136,-0.856414,0.050079,-0.513830,2256.026611,1010.851135,-1373.415649,2175.078613,1015.561707,-1366.736572,2298.133789,1010.649658,-1341.141235,2208.960205,1011.597900,-1418.838013,2341.933350,1005.595337,-1366.946655,,,,,,,,,,,,,2616.313232,1567.765991,-3159.460938,,,,,,,,,,,,,,,,,,,,,,,,,,,,,,,,,
22,0.220000,0.000000,0.000000,0.000000,1.000000,0.000000,0.000000,0.000000,57.698101,20.499701,-14.700500,0.047771,-0.013570,0.015998,-15.666301,-52.738201,18.801300,-93.396698,0.129960,17.611099,-0.005136,-0.856414,0.050079,-0.513830,2256.026611,1010.851135,-1373.415649,2175.078613,1015.561707,-1366.736572,2298.133789,1010.649658,-1341.141235,2208.960205,1011.597900,-1418.838013,2341.933350,1005.595337,-1366.946655,,,,,,,,,,,,,2616.271484,1567.737915,-3159.512451,,,,,,,,,,,,,,,,,,,,,,,,,,,,,,,,,
23,0.230000,0.000000,0.000000,0.000000,1.000000,0.000000,0.000000,0.000000,57.698101,20.499701,-14.700500,0.047771,-0.013570,0.015998,-15.666301,-52.738201,18.801300,-93.396698,0.129960,17.611099,-0.005136,-0.856414,0.050079,-0.513830,2256.026611,1010.851135,-1373.415649,2175.078613,1015.561707,-1366.736572,2298.133789,1010.649658,-1341.141235,2208.960205,1011.597900,-1418.838013,2341.933350,1005.595337,-1366.946655,,,,,,,,,,,,,2616.282227,1567.761841,-3159.558350,,,,,,,,,,,,,,,,,,,,,,,,,,,,,,,,,
24,0.240000,0.000000,0.000000,0.000000,1.000000,0.000000,0.000000,0.000000,57.698101,20.499701,-14.700500,0.047771,-0.013570,0.015998,-15.666301,-52.738201,18.801300,-93.396698,0.129960,17.611099,-0.005136,-0.856414,0.050079,-0.513830,2256.026611,1010.851135,-1373.415649,2175.078613,1015.561707,-1366.736572,2298.133789,1010.649658,-1341.141235,2208.960205,1011.597900,-1418.838013,2341.933350,1005.595337,-1366.946655,,,,,,,,,,,,,2616.308838,1567.755615,-3159.610107,,,,,,,,,,,,,,,,,,,,,,,,,,,,,,,,,
25,0.250000,0.000000,0.000000,0.000000,1.000000,0.000000,0.000000,0.000000,57.698101,20.499701,-14.700500,0.047771,-0.013570,0.015998,-15.666301,-52.738201,18.801300,-93.396698,0.129960,17.611099,-0.005136,-0.856414,0.050079,-0.513830,2256.026611,1010.851135,-1373.415649,2175.078613,1015.561707,-1366.736572,2298.133789,1010.649658,-1341.141235,2208.960205,1011.597900,-1418.838013,2341.933350,1005.595337,-1366.946655,,,,,,,,,,,,,2616.309570,1567.749634,-3159.687500,,,,,,,,,,,,,,,,,,,,,,,,,,,,,,,,,
26,0.260000,0.000000,0.000000,0.000000,1.000000,0.000000,0.000000,0.000000,57.698101,20.499701,-14.700500,0.047771,-0.013570,0.015998,-15.666301,-52.738201,18.801300,-93.396698,0.129960,17.611099,-0.005136,-0.856414,0.050079,-0.513830,2256.026611,1010.851135,-1373.415649,2175.078613,1015.561707,-1366.736572,2298.133789,1010.649658,-1341.141235,2208.960205,1011.597900,-1418.838013,2341.933350,1005.595337,-1366.946655,,,,,,,,,,,,,2616.266846,1567.722290,-3159.751953,,,,,,,,,,,,,,,,,,,,,,,,,,,,,,,,,
27,0.270000,0.000000,0.000000,0.000000,1.000000,0.000000,0.000000,0.000000,57.698101,20.499701,-14.700500,0.047771,-0.013570,0.015998,-15.666301,-52.738201,18.801300,-93.396698,0.129960,17.611099,-0.005136,-0.856414,0.050079,-0.513830,2256.026611,1010.851135,-1373.415649,2175.078613,1015.561707,-1366.736572,2298.133789,1010.649658,-1341.141235,2208.960205,1011.597900,-1418.838013,2341.933350,1005.595337,-1366.946655,,,,,,,,,,,,,2616.288086,1567.727051,-3159.816650,,,,,,,,,,,,,,,,,,,,,,,,,,,,,,,,,
28,0.280000,0.000000,0.000000,0.000000,1.000000,0.000000,0.000000,0.000000,57.698101,20.499701,-14.700500,0.047771,-0.013570,0.015998,-15.666301,-52.738201,18.801300,-93.396698,0.129960,17.611099,-0.005136,-0.856414,0.050079,-0.513830,2256.026611,1010.851135,-1373.415649,2175.078613,1015.561707,-1366.736572,2298.133789,1010.649658,-1341.141235,2208.960205,1011.597900,-1418.838013,2341.933350,1005.595337,-1366.946655,,,,,,,,,,,,,2616.287109,1567.753052,-3159.883301,,,,,,,,,,,,,,,,,,,,,,,,,,,,,,,,,
29,0.290000,0.000000,0.000000,0.000000,1.000000,0.000000,0.000000,0.000000,57.698101,20.499701,-14.700500,0.047771,-0.013570,0.015998,-15.666301,-52.738201,18.801300,-93.396698,0.129960,17.611099,-0.005136,-0.856414,0.050079,-0.513830,2256.026611,1010.851135,-1373.415649,2175.078613,1015.561707,-1366.736572,2298.133789,1010.649658,-1341.141235,2208.960205,1011.597900,-1418.838013,2341.933350,1005.595337,-1366.946655,,,,,,,,,,,,,2616.303223,1567.739014,-3159.933594,,,,,,,,,,,,,,,,,,,,,,,,,,,,,,,,,
30,0.300000,0.000000,0.000000,0.000000,1.000000,0.000000,0.000000,0.000000,57.698101,20.499701,-14.700500,0.047771,-0.013570,0.015998,-15.666301,-52.738201,18.801300,-93.396698,0.129960,17.611099,-0.005136,-0.856414,0.050079,-0.513830,2256.026611,1010.851135,-1373.415649,2175.078613,1015.561707,-1366.736572,2298.133789,1010.649658,-1341.141235,2208.960205,1011.597900,-1418.838013,2341.933350,1005.595337,-1366.946655,,,,,,,,,,,,,2616.283203,1567.741211,-3159.969238,,,,,,,,,,,,,,,,,,,,,,,,,,,,,,,,,
31,0.310000,0.000000,0.000000,0.000000,1.000000,0.000000,0.000000,0.000000,57.698101,20.499701,-14.700500,0.047771,-0.013570,0.015998,-15.666301,-52.738201,18.801300,-93.396698,0.129960,17.611099,-0.005136,-0.856414,0.050079,-0.513830,2256.026611,1010.851135,-1373.415649,2175.078613,1015.561707,-1366.736572,2298.133789,1010.649658,-1341.141235,2208.960205,1011.597900,-1418.838013,2341.933350,1005.595337,-1366.946655,,,,,,,,,,,,,2616.293945,1567.739624,-3160.009033,,,,,,,,,,,,,,,,,,,,,,,,,,,,,,,,,
32,0.320000,0.000000,0.000000,0.000000,1.000000,0.000000,0.000000,0.000000,57.698101,20.499701,-14.700500,0.047771,-0.013570,0.015998,-15.666301,-52.738201,18.801300,-93.396698,0.129960,17.611099,-0.005136,-0.856414,0.050079,-0.513830,2256.026611,1010.851135,-1373.415649,2175.078613,1015.561707,-1366.736572,2298.133789,1010.649658,-1341.141235,2208.960205,1011.597900,-1418.838013,2341.933350,1005.595337,-1366.946655,,,,,,,,,,,,,2616.288818,1567.784058,-3160.020508,,,,,,,,,,,,,,,,,,,,,,,,,,,,,,,,,
33,0.330000,0.000000,0.000000,0.000000,1.000000,0.000000,0.000000,0.000000,57.698101,20.499701,-14.700500,0.047771,-0.013570,0.015998,-15.666301,-52.738201,18.801300,-93.396698,0.129960,17.611099,-0.005136,-0.856414,0.050079,-0.513830,2256.026611,1010.851135,-1373.415649,2175.078613,1015.561707,-1366.736572,2298.133789,1010.649658,-1341.141235,2208.960205,1011.597900,-1418.838013,2341.933350,1005.595337,-1366.946655,,,,,,,,,,,,,2616.316895,1567.754272,-3160.011963,,,,,,,,,,,,,,,,,,,,,,,,,,,,,,,,,
34,0.340000,0.000000,0.000000,0.000000,1.000000,0.000000,0.000000,0.000000,57.698101,20.499701,-14.700500,0.047771,-0.013570,0.015998,-15.666301,-52.738201,18.801300,-93.396698,0.129960,17.611099,-0.005136,-0.856414,0.050079,-0.513830,2256.026611,1010.851135,-1373.415649,2175.078613,1015.561707,-1366.736572,2298.133789,1010.649658,-1341.141235,2208.960205,1011.597900,-1418.838013,2341.933350,1005.595337,-1366.946655,,,,,,,,,,,,,2616.327881,1567.758911,-3159.977783,,,,,,,,,,,,,,,,,,,,,,,,,,,,,,,,,
35,0.350000,0.000000,0.000000,0.000000,1.000000,0.000000,0.000000,0.000000,57.698101,20.499701,-14.700500,0.047771,-0.013570,0.015998,-15.666301,-52.738201,18.801300,-93.396698,0.129960,17.611099,-0.005136,-0.856414,0.050079,-0.513830,2256.026611,1010.851135,-1373.415649,2175.078613,1015.561707,-1366.736572,2298.133789,1010.649658,-1341.141235,2208.960205,1011.597900,-1418.838013,2341.933350,1005.595337,-1366.946655,,,,,,,,,,,,,2616.310791,1567.740845,-3159.943115,,,,,,,,,,,,,,,,,,,,,,,,,,,,,,,,,
36,0.360000,0.000000,0.000000,0.000000,1.000000,0.000000,0.000000,0.000000,57.698101,20.499701,-14.700500,0.047771,-0.013570,0.015998,-15.666301,-52.738201,18.801300,-93.396698,0.129960,17.611099,-0.005136,-0.856414,0.050079,-0.513830,2256.026611,1010.851135,-1373.415649,2175.078613,1015.561707,-1366.736572,2298.133789,1010.649658,-1341.141235,2208.960205,1011.597900,-1418.838013,2341.933350,1005.595337,-1366.946655,,,,,,,,,,,,,2616.333008,1567.750488,-3159.902832,,,,,,,,,,,,,,,,,,,,,,,,,,,,,,,,,
37,0.370000,0.000000,0.000000,0.000000,1.000000,0.000000,0.000000,0.000000,57.698101,20.499701,-14.700500,0.047771,-0.013570,0.015998,-15.666301,-52.738201,18.801300,-93.396698,0.129960,17.611099,-0.005136,-0.856414,0.050079,-0.513830,2256.026611,1010.851135,-1373.415649,2175.078613,1015.561707,-1366.736572,2298.133789,1010.649658,-1341.141235,2208.960205,1011.597900,-1418.838013,2341.933350,1005.595337,-1366.946655,,,,,,,,,,,,,2616.307129,1567.697388,-3159.844482,,,,,,,,,,,,,,,,,,,,,,,,,,,,,,,,,
38,0.380000,0.000000,0.000000,0.000000,1.000000,0.000000,0.000000,0.000000,57.698101,20.499701,-14.700500,0.047771,-0.013570,0.015998,-15.666301,-52.738201,18.801300,-93.396698,0.129960,17.611099,-0.005136,-0.856414,0.050079,-0.513830,2256.026611,1010.851135,-1373.415649,2175.078613,1015.561707,-1366.736572,2298.133789,1010.649658,-1341.141235,2208.960205,1011.597900,-1418.838013,2341.933350,1005.595337,-1366.946655,,,,,,,,,,,,,2616.334717,1567.704102,-3159.772461,,,,,,,,,,,,,,,,,,,,,,,,,,,,,,,,,
39,0.390000,0.000000,0.000000,0.000000,1.000000,0.000000,0.000000,0.000000,57.698101,20.499701,-14.700500,0.047771,-0.013570,0.015998,-15.666301,-52.738201,18.801300,-93.396698,0.129960,17.611099,-0.005136,-0.856414,0.050079,-0.513830,2256.026611,1010.851135,-1373.415649,2175.078613,1015.561707,-1366.736572,2298.133789,1010.649658,-1341.141235,2208.960205,1011.597900,-1418.838013,2341.933350,1005.595337,-1366.946655,,,,,,,,,,,,,2616.303223,1567.748779,-3159.722412,,,,,,,,,,,,,,,,,,,,,,,,,,,,,,,,,
40,0.400000,0.000000,0.000000,0.000000,1.000000,0.000000,0.000000,0.000000,57.698101,20.499701,-14.700500,0.047771,-0.013570,0.015998,-15.666301,-52.738201,18.801300,-93.396698,0.129960,17.611099,-0.005136,-0.856414,0.050079,-0.513830,2256.026611,1010.851135,-1373.415649,2175.078613,1015.561707,-1366.736572,2298.133789,1010.649658,-1341.141235,2208.960205,1011.597900,-1418.838013,2341.933350,1005.595337,-1366.946655,,,,,,,,,,,,,2616.319092,1567.734009,-3159.653320,,,,,,,,,,,,,,,,,,,,,,,,,,,,,,,,,
41,0.410000,0.000000,0.000000,0.000000,1.000000,0.000000,0.000000,0.000000,57.698101,20.499701,-14.700500,0.047771,-0.013570,0.015998,-15.666301,-52.738201,18.801300,-93.396698,0.129960,17.611099,-0.005136,-0.856414,0.050079,-0.513830,2256.026611,1010.851135,-1373.415649,2175.078613,1015.561707,-1366.736572,2298.133789,1010.649658,-1341.141235,2208.960205,1011.597900,-1418.838013,2341.933350,1005.595337,-1366.946655,,,,,,,,,,,,,2616.313477,1567.763184,-3159.574219,,,,,,,,,,,,,,,,,,,,,,,,,,,,,,,,,
42,0.420000,0.000000,0.000000,0.000000,1.000000,0.000000,0.000000,0.000000,57.698101,20.499701,-14.700500,0.047771,-0.013570,0.015998,-15.666301,-52.738201,18.801300,-93.396698,0.129960,17.611099,-0.005136,-0.856414,0.050079,-0.513830,2256.026611,1010.851135,-1373.415649,2175.078613,1015.561707,-1366.736572,2298.133789,1010.649658,-1341.141235,2208.960205,1011.597900,-1418.838013,2341.933350,1005.595337,-1366.946655,,,,,,,,,,,,,2616.287109,1567.744263,-3159.539551,,,,,,,,,,,,,,,,,,,,,,,,,,,,,,,,,
43,0.430000,0.000000,0.000000,0.000000,1.000000,0.000000,0.000000,0.000000,57.698101,20.499701,-14.700500,0.047771,-0.013570,0.015998,-15.666301,-52.738201,18.801300,-93.396698,0.129960,17.611099,-0.005136,-0.856414,0.050079,-0.513830,2256.026611,1010.851135,-1373.415649,2175.078613,1015.561707,-1366.736572,2298.133789,1010.649658,-1341.141235,2208.960205,1011.597900,-1418.838013,2341.933350,1005.595337,-1366.946655,,,,,,,,,,,,,2616.288086,1567.757446,-3159.493652,,,,,,,,,,,,,,,,,,,,,,,,,,,,,,,,,
44,0.440000,0.000000,0.000000,0.000000,1.000000,0.000000,0.000000,0.000000,57.698101,20.499701,-14.700500,0.047771,-0.013570,0.015998,-15.666301,-52.738201,18.801300,-93.396698,0.129960,17.611099,-0.005136,-0.856414,0.050079,-0.513830,2256.026611,1010.851135,-1373.415649,2175.078613,1015.561707,-1366.736572,2298.133789,1010.649658,-1341.141235,2208.960205,1011.597900,-1418.838013,2341.933350,1005.595337,-1366.946655,,,,,,,,,,,,,2616.269531,1567.735840,-3159.471680,,,,,,,,,,,,,,,,,,,,,,,,,,,,,,,,,
45,0.450000,0.000000,0.000000,0.000000,1.000000,0.000000,0.000000,0.000000,57.698101,20.499701,-14.700500,0.047771,-0.013570,0.015998,-15.666301,-52.738201,18.801300,-93.396698,0.129960,17.611099,-0.005136,-0.856414,0.050079,-0.513830,2256.026611,1010.851135,-1373.415649,2175.078613,1015.561707,-1366.736572,2298.133789,1010.649658,-1341.141235,2208.960205,1011.597900,-1418.838013,2341.933350,1005.595337,-1366.946655,,,,,,,,,,,,,2616.295166,1567.747925,-3159.452881,,,,,,,,,,,,,,,,,,,,,,,,,,,,,,,,,
46,0.460000,0.000000,0.000000,0.000000,1.000000,0.000000,0.000000,0.000000,57.698101,20.499701,-14.700500,0.047771,-0.013570,0.015998,-15.666301,-52.738201,18.801300,-93.396698,0.129960,17.611099,-0.005136,-0.856414,0.050079,-0.513830,2256.026611,1010.851135,-1373.415649,2175.078613,1015.561707,-1366.736572,2298.133789,1010.649658,-1341.141235,2208.960205,1011.597900,-1418.838013,2341.933350,1005.595337,-1366.946655,,,,,,,,,,,,,2616.311279,1567.752930,-3159.451172,,,,,,,,,,,,,,,,,,,,,,,,,,,,,,,,,
47,0.470000,0.000000,0.000000,0.000000,1.000000,0.000000,0.000000,0.000000,57.698101,20.499701,-14.700500,0.047771,-0.013570,0.015998,-15.666301,-52.738201,18.801300,-93.396698,0.129960,17.611099,-0.005136,-0.856414,0.050079,-0.513830,2256.026611,1010.851135,-1373.415649,2175.078613,1015.561707,-1366.736572,2298.133789,1010.649658,-1341.141235,2208.960205,1011.597900,-1418.838013,2341.933350,1005.595337,-1366.946655,,,,,,,,,,,,,2616.285156,1567.722168,-3159.479248,,,,,,,,,,,,,,,,,,,,,,,,,,,,,,,,,
48,0.480000,0.000000,0.000000,0.000000,1.000000,0.000000,0.000000,0.000000,57.698101,20.499701,-14.700500,0.047771,-0.013570,0.015998,-15.666301,-52.738201,18.801300,-93.396698,0.129960,17.611099,-0.005136,-0.856414,0.050079,-0.513830,2256.026611,1010.851135,-1373.415649,2175.078613,1015.561707,-1366.736572,2298.133789,1010.649658,-1341.141235,2208.960205,1011.597900,-1418.838013,2341.933350,1005.595337,-1366.946655,,,,,,,,,,,,,2616.312500,1567.756592,-3159.514404,,,,,,,,,,,,,,,,,,,,,,,,,,,,,,,,,
49,0.490000,0.000000,0.000000,0.000000,1.000000,0.000000,0.000000,0.000000,57.698101,20.499701,-14.700500,0.047771,-0.013570,0.015998,-15.666301,-52.738201,18.801300,-93.396698,0.129960,17.611099,-0.005136,-0.856414,0.050079,-0.513830,2256.026611,1010.851135,-1373.415649,2175.078613,1015.561707,-1366.736572,2298.133789,1010.649658,-1341.141235,2208.960205,1011.597900,-1418.838013,2341.933350,1005.595337,-1366.946655,,,,,,,,,,,,,2616.329346,1567.761230,-3159.548340,,,,,,,,,,,,,,,,,,,,,,,,,,,,,,,,,
50,0.500000,0.000000,0.000000,0.000000,1.000000,0.000000,0.000000,0.000000,57.698101,20.499701,-14.700500,0.047771,-0.013570,0.015998,-15.666301,-52.738201,18.801300,-93.396698,0.129960,17.611099,-0.005136,-0.856414,0.050079,-0.513830,2256.026611,1010.851135,-1373.415649,2175.078613,1015.561707,-1366.736572,2298.133789,1010.649658,-1341.141235,2208.960205,1011.597900,-1418.838013,2341.933350,1005.595337,-1366.946655,,,,,,,,,,,,,2616.310791,1567.755005,-3159.624023,,,,,,,,,,,,,,,,,,,,,,,,,,,,,,,,,
51,0.510000,0.000000,0.000000,0.000000,1.000000,0.000000,0.000000,0.000000,57.698101,20.499701,-14.700500,0.047771,-0.013570,0.015998,-15.666301,-52.738201,18.801300,-93.396698,0.129960,17.611099,-0.005136,-0.856414,0.050079,-0.513830,2256.026611,1010.851135,-1373.415649,2175.078613,1015.561707,-1366.736572,2298.133789,1010.649658,-1341.141235,2208.960205,1011.597900,-1418.838013,2341.933350,1005.595337,-1366.946655,,,,,,,,,,,,,2616.326904,1567.772949,-3159.696533,,,,,,,,,,,,,,,,,,,,,,,,,,,,,,,,,
52,0.520000,0.000000,0.000000,0.000000,1.000000,0.000000,0.000000,0.000000,57.698101,20.499701,-14.700500,0.047771,-0.013570,0.015998,-15.666301,-52.738201,18.801300,-93.396698,0.129960,17.611099,-0.005136,-0.856414,0.050079,-0.513830,2256.026611,1010.851135,-1373.415649,2175.078613,1015.561707,-1366.736572,2298.133789,1010.649658,-1341.141235,2208.960205,1011.597900,-1418.838013,2341.933350,1005.595337,-1366.946655,,,,,,,,,,,,,2616.275146,1567.767578,-3159.766846,,,,,,,,,,,,,,,,,,,,,,,,,,,,,,,,,
53,0.530000,0.000000,0.000000,0.000000,1.000000,0.000000,0.000000,0.000000,57.698101,20.499701,-14.700500,0.047771,-0.013570,0.015998,-15.666301,-52.738201,18.801300,-93.396698,0.129960,17.611099,-0.005136,-0.856414,0.050079,-0.513830,2256.026611,1010.851135,-1373.415649,2175.078613,1015.561707,-1366.736572,2298.133789,1010.649658,-1341.141235,2208.960205,1011.597900,-1418.838013,2341.933350,1005.595337,-1366.946655,,,,,,,,,,,,,2616.293457,1567.748535,-3159.831055,,,,,,,,,,,,,,,,,,,,,,,,,,,,,,,,,
54,0.540000,0.000000,0.000000,0.000000,1.000000,0.000000,0.000000,0.000000,57.698101,20.499701,-14.700500,0.047771,-0.013570,0.015998,-15.666301,-52.738201,18.801300,-93.396698,0.129960,17.611099,-0.005136,-0.856414,0.050079,-0.513830,2256.026611,1010.851135,-1373.415649,2175.078613,1015.561707,-1366.736572,2298.133789,1010.649658,-1341.141235,2208.960205,1011.597900,-1418.838013,2341.933350,1005.595337,-1366.946655,,,,,,,,,,,,,2616.348145,1567.707642,-3159.869385,,,,,,,,,,,,,,,,,,,,,,,,,,,,,,,,,
55,0.550000,0.000000,0.000000,0.000000,1.000000,0.000000,0.000000,0.000000,57.698101,20.499701,-14.700500,0.047771,-0.013570,0.015998,-15.666301,-52.738201,18.801300,-93.396698,0.129960,17.611099,-0.005136,-0.856414,0.050079,-0.513830,2256.026611,1010.851135,-1373.415649,2175.078613,1015.561707,-1366.736572,2298.133789,1010.649658,-1341.141235,2208.960205,1011.597900,-1418.838013,2341.933350,1005.595337,-1366.946655,,,,,,,,,,,,,2616.328369,1567.748047,-3159.916504,,,,,,,,,,,,,,,,,,,,,,,,,,,,,,,,,
56,0.560000,0.000000,0.000000,0.000000,1.000000,0.000000,0.000000,0.000000,57.698101,20.499701,-14.700500,0.047771,-0.013570,0.015998,-15.666301,-52.738201,18.801300,-93.396698,0.129960,17.611099,-0.005136,-0.856414,0.050079,-0.513830,2256.026611,1010.851135,-1373.415649,2175.078613,1015.561707,-1366.736572,2298.133789,1010.649658,-1341.141235,2208.960205,1011.597900,-1418.838013,2341.933350,1005.595337,-1366.946655,,,,,,,,,,,,,2616.318115,1567.724976,-3159.968262,,,,,,,,,,,,,,,,,,,,,,,,,,,,,,,,,
57,0.570000,0.000000,0.000000,0.000000,1.000000,0.000000,0.000000,0.000000,57.698101,20.499701,-14.700500,0.047771,-0.013570,0.015998,-15.666301,-52.738201,18.801300,-93.396698,0.129960,17.611099,-0.005136,-0.856414,0.050079,-0.513830,2256.026611,1010.851135,-1373.415649,2175.078613,1015.561707,-1366.736572,2298.133789,1010.649658,-1341.141235,2208.960205,1011.597900,-1418.838013,2341.933350,1005.595337,-1366.946655,,,,,,,,,,,,,2616.290283,1567.726074,-3159.993652,,,,,,,,,,,,,,,,,,,,,,,,,,,,,,,,,
58,0.580000,0.000000,0.000000,0.000000,1.000000,0.000000,0.000000,0.000000,57.698101,20.499701,-14.700500,0.047771,-0.013570,0.015998,-15.666301,-52.738201,18.801300,-93.396698,0.129960,17.611099,-0.005136,-0.856414,0.050079,-0.513830,2256.026611,1010.851135,-1373.415649,2175.078613,1015.561707,-1366.736572,2298.133789,1010.649658,-1341.141235,2208.960205,1011.597900,-1418.838013,2341.933350,1005.595337,-1366.946655,,,,,,,,,,,,,2616.302490,1567.756836,-3160.010742,,,,,,,,,,,,,,,,,,,,,,,,,,,,,,,,,
59,0.590000,0.000000,0.000000,0.000000,1.000000,0.000000,0.000000,0.000000,57.698101,20.499701,-14.700500,0.047771,-0.013570,0.015998,-15.666301,-52.738201,18.801300,-93.396698,0.129960,17.611099,-0.005136,-0.856414,0.050079,-0.513830,2256.026611,1010.851135,-1373.415649,2175.078613,1015.561707,-1366.736572,2298.133789,1010.649658,-1341.141235,2208.960205,1011.597900,-1418.838013,2341.933350,1005.595337,-1366.946655,,,,,,,,,,,,,2616.321777,1567.805786,-3160.010010,,,,,,,,,,,,,,,,,,,,,,,,,,,,,,,,,
60,0.600000,0.000000,0.000000,0.000000,1.000000,0.000000,0.000000,0.000000,57.698101,20.499701,-14.700500,0.047771,-0.013570,0.015998,-15.666301,-52.738201,18.801300,-93.396698,0.129960,17.611099,-0.005136,-0.856414,0.050079,-0.513830,2256.026611,1010.851135,-1373.415649,2175.078613,1015.561707,-1366.736572,2298.133789,1010.649658,-1341.141235,2208.960205,1011.597900,-1418.838013,2341.933350,1005.595337,-1366.946655,,,,,,,,,,,,,2616.302979,1567.757690,-3159.979980,,,,,,,,,,,,,,,,,,,,,,,,,,,,,,,,,
61,0.610000,0.000000,0.000000,0.000000,1.000000,0.000000,0.000000,0.000000,57.698101,20.499701,-14.700500,0.047771,-0.013570,0.015998,-15.666301,-52.738201,18.801300,-93.396698,0.129960,17.611099,-0.005136,-0.856414,0.050079,-0.513830,2256.026611,1010.851135,-1373.415649,2175.078613,1015.561707,-1366.736572,2298.133789,1010.649658,-1341.141235,2208.960205,1011.597900,-1418.838013,2341.933350,1005.595337,-1366.946655,,,,,,,,,,,,,2616.307373,1567.714478,-3159.942871,,,,,,,,,,,,,,,,,,,,,,,,,,,,,,,,,
62,0.620000,0.000000,0.000000,0.000000,1.000000,0.000000,0.000000,0.000000,57.698101,20.499701,-14.700500,0.047771,-0.013570,0.015998,-15.666301,-52.738201,18.801300,-93.396698,0.129960,17.611099,-0.005136,-0.856414,0.050079,-0.513830,2256.026611,1010.851135,-1373.415649,2175.078613,1015.561707,-1366.736572,2298.133789,1010.649658,-1341.141235,2208.960205,1011.597900,-1418.838013,2341.933350,1005.595337,-1366.946655,,,,,,,,,,,,,2616.302979,1567.742065,-3159.896240,,,,,,,,,,,,,,,,,,,,,,,,,,,,,,,,,
63,0.630000,0.000000,0.000000,0.000000,1.000000,0.000000,0.000000,0.000000,57.698101,20.499701,-14.700500,0.047771,-0.013570,0.015998,-15.666301,-52.738201,18.801300,-93.396698,0.129960,17.611099,-0.005136,-0.856414,0.050079,-0.513830,2256.026611,1010.851135,-1373.415649,2175.078613,1015.561707,-1366.736572,2298.133789,1010.649658,-1341.141235,2208.960205,1011.597900,-1418.838013,2341.933350,1005.595337,-1366.946655,,,,,,,,,,,,,2616.294434,1567.775269,-3159.866943,,,,,,,,,,,,,,,,,,,,,,,,,,,,,,,,,
64,0.640000,0.000000,0.000000,0.000000,1.000000,0.000000,0.000000,0.000000,57.698101,20.499701,-14.700500,0.047771,-0.013570,0.015998,-15.666301,-52.738201,18.801300,-93.396698,0.129960,17.611099,-0.005136,-0.856414,0.050079,-0.513830,2256.026611,1010.851135,-1373.415649,2175.078613,1015.561707,-1366.736572,2298.133789,1010.649658,-1341.141235,2208.960205,1011.597900,-1418.838013,2341.933350,1005.595337,-1366.946655,,,,,,,,,,,,,2616.273438,1567.746460,-3159.800781,,,,,,,,,,,,,,,,,,,,,,,,,,,,,,,,,
65,0.650000,0.000000,0.000000,0.000000,1.000000,0.000000,0.000000,0.000000,57.698101,20.499701,-14.700500,0.047771,-0.013570,0.015998,-15.666301,-52.738201,18.801300,-93.396698,0.129960,17.611099,-0.005136,-0.856414,0.050079,-0.513830,2256.026611,1010.851135,-1373.415649,2175.078613,1015.561707,-1366.736572,2298.133789,1010.649658,-1341.141235,2208.960205,1011.597900,-1418.838013,2341.933350,1005.595337,-1366.946655,,,,,,,,,,,,,2616.322510,1567.727539,-3159.716309,,,,,,,,,,,,,,,,,,,,,,,,,,,,,,,,,
66,0.660000,0.000000,0.000000,0.000000,1.000000,0.000000,0.000000,0.000000,57.698101,20.499701,-14.700500,0.047771,-0.013570,0.015998,-15.666301,-52.738201,18.801300,-93.396698,0.129960,17.611099,-0.005136,-0.856414,0.050079,-0.513830,2256.026611,1010.851135,-1373.415649,2175.078613,1015.561707,-1366.736572,2298.133789,1010.649658,-1341.141235,2208.960205,1011.597900,-1418.838013,2341.933350,1005.595337,-1366.946655,,,,,,,,,,,,,2616.317627,1567.724365,-3159.632080,,,,,,,,,,,,,,,,,,,,,,,,,,,,,,,,,
67,0.670000,0.000000,0.000000,0.000000,1.000000,0.000000,0.000000,0.000000,57.698101,20.499701,-14.700500,0.047771,-0.013570,0.015998,-15.666301,-52.738201,18.801300,-93.396698,0.129960,17.611099,-0.005136,-0.856414,0.050079,-0.513830,2256.026611,1010.851135,-1373.415649,2175.078613,1015.561707,-1366.736572,2298.133789,1010.649658,-1341.141235,2208.960205,1011.597900,-1418.838013,2341.933350,1005.595337,-1366.946655,,,,,,,,,,,,,2616.319824,1567.779297,-3159.589600,,,,,,,,,,,,,,,,,,,,,,,,,,,,,,,,,
68,0.680000,0.000000,0.000000,0.000000,1.000000,0.000000,0.000000,0.000000,57.698101,20.499701,-14.700500,0.047771,-0.013570,0.015998,-15.666301,-52.738201,18.801300,-93.396698,0.129960,17.611099,-0.005136,-0.856414,0.050079,-0.513830,2256.026611,1010.851135,-1373.415649,2175.078613,1015.561707,-1366.736572,2298.133789,1010.649658,-1341.141235,2208.960205,1011.597900,-1418.838013,2341.933350,1005.595337,-1366.946655,,,,,,,,,,,,,2616.291992,1567.757080,-3159.541992,,,,,,,,,,,,,,,,,,,,,,,,,,,,,,,,,
69,0.690000,0.000000,0.000000,0.000000,1.000000,0.000000,0.000000,0.000000,57.698101,20.499701,-14.700500,0.047771,-0.013570,0.015998,-15.666301,-52.738201,18.801300,-93.396698,0.129960,17.611099,-0.005136,-0.856414,0.050079,-0.513830,2256.026611,1010.851135,-1373.415649,2175.078613,1015.561707,-1366.736572,2298.133789,1010.649658,-1341.141235,2208.960205,1011.597900,-1418.838013,2341.933350,1005.595337,-1366.946655,,,,,,,,,,,,,2616.292480,1567.749390,-3159.500000,,,,,,,,,,,,,,,,,,,,,,,,,,,,,,,,,
70,0.700000,0.000000,0.000000,0.000000,1.000000,0.000000,0.000000,0.000000,57.698101,20.499701,-14.700500,0.047771,-0.013570,0.015998,-15.666301,-52.738201,18.801300,-93.396698,0.129960,17.611099,-0.005136,-0.856414,0.050079,-0.513830,2256.026611,1010.851135,-1373.415649,2175.078613,1015.561707,-1366.736572,2298.133789,1010.649658,-1341.141235,2208.960205,1011.597900,-1418.838013,2341.933350,1005.595337,-1366.946655,,,,,,,,,,,,,2616.308594,1567.739990,-3159.458496,,,,,,,,,,,,,,,,,,,,,,,,,,,,,,,,,
71,0.710000,0.000000,0.000000,0.000000,1.000000,0.000000,0.000000,0.000000,57.698101,20.499701,-14.700500,0.047771,-0.013570,0.015998,-15.666301,-52.738201,18.801300,-93.396698,0.129960,17.611099,-0.005136,-0.856414,0.050079,-0.513830,2256.026611,1010.851135,-1373.415649,2175.078613,1015.561707,-1366.736572,2298.133789,1010.649658,-1341.141235,2208.960205,1011.597900,-1418.838013,2341.933350,1005.595337,-1366.946655,,,,,,,,,,,,,2616.305420,1567.727905,-3159.446777,,,,,,,,,,,,,,,,,,,,,,,,,,,,,,,,,
72,0.720000,0.000000,0.000000,0.000000,1.000000,0.000000,0.000000,0.000000,57.698101,20.499701,-14.700500,0.047771,-0.013570,0.015998,-15.666301,-52.738201,18.801300,-93.396698,0.129960,17.611099,-0.005136,-0.856414,0.050079,-0.513830,2256.026611,1010.851135,-1373.415649,2175.078613,1015.561707,-1366.736572,2298.133789,1010.649658,-1341.141235,2208.960205,1011.597900,-1418.838013,2341.933350,1005.595337,-1366.946655,,,,,,,,,,,,,2616.292969,1567.739868,-3159.447266,,,,,,,,,,,,,,,,,,,,,,,,,,,,,,,,,
73,0.730000,0.000000,0.000000,0.000000,1.000000,0.000000,0.000000,0.000000,57.698101,20.499701,-14.700500,0.047771,-0.013570,0.015998,-15.666301,-52.738201,18.801300,-93.396698,0.129960,17.611099,-0.005136,-0.856414,0.050079,-0.513830,2256.026611,1010.851135,-1373.415649,2175.078613,1015.561707,-1366.736572,2298.133789,1010.649658,-1341.141235,2208.960205,1011.597900,-1418.838013,2341.933350,1005.595337,-1366.946655,,,,,,,,,,,,,2616.323486,1567.754883,-3159.488770,,,,,,,,,,,,,,,,,,,,,,,,,,,,,,,,,
74,0.740000,0.000000,0.000000,0.000000,1.000000,0.000000,0.000000,0.000000,57.698101,20.499701,-14.700500,0.047771,-0.013570,0.015998,-15.666301,-52.738201,18.801300,-93.396698,0.129960,17.611099,-0.005136,-0.856414,0.050079,-0.513830,2256.026611,1010.851135,-1373.415649,2175.078613,1015.561707,-1366.736572,2298.133789,1010.649658,-1341.141235,2208.960205,1011.597900,-1418.838013,2341.933350,1005.595337,-1366.946655,,,,,,,,,,,,,2616.281738,1567.773560,-3159.523682,,,,,,,,,,,,,,,,,,,,,,,,,,,,,,,,,
75,0.750000,0.000000,0.000000,0.000000,1.000000,0.000000,0.000000,0.000000,57.698101,20.499701,-14.700500,0.047771,-0.013570,0.015998,-15.666301,-52.738201,18.801300,-93.396698,0.129960,17.611099,-0.005136,-0.856414,0.050079,-0.513830,2256.026611,1010.851135,-1373.415649,2175.078613,1015.561707,-1366.736572,2298.133789,1010.649658,-1341.141235,2208.960205,1011.597900,-1418.838013,2341.933350,1005.595337,-1366.946655,,,,,,,,,,,,,2616.300049,1567.797607,-3159.597412,,,,,,,,,,,,,,,,,,,,,,,,,,,,,,,,,
76,0.760000,0.000000,0.000000,0.000000,1.000000,0.000000,0.000000,0.000000,57.698101,20.499701,-14.700500,0.047771,-0.013570,0.015998,-15.666301,-52.738201,18.801300,-93.396698,0.129960,17.611099,-0.005136,-0.856414,0.050079,-0.513830,2256.026611,1010.851135,-1373.415649,2175.078613,1015.561707,-1366.736572,2298.133789,1010.649658,-1341.141235,2208.960205,1011.597900,-1418.838013,2341.933350,1005.595337,-1366.946655,,,,,,,,,,,,,2616.278809,1567.743896,-3159.640137,,,,,,,,,,,,,,,,,,,,,,,,,,,,,,,,,
77,0.770000,0.000000,0.000000,0.000000,1.000000,0.000000,0.000000,0.000000,57.698101,20.499701,-14.700500,0.047771,-0.013570,0.015998,-15.666301,-52.738201,18.801300,-93.396698,0.129960,17.611099,-0.005136,-0.856414,0.050079,-0.513830,2256.026611,1010.851135,-1373.415649,2175.078613,1015.561707,-1366.736572,2298.133789,1010.649658,-1341.141235,2208.960205,1011.597900,-1418.838013,2341.933350,1005.595337,-1366.946655,,,,,,,,,,,,,2616.307373,1567.775879,-3159.707520,,,,,,,,,,,,,,,,,,,,,,,,,,,,,,,,,
78,0.780000,0.000000,0.000000,0.000000,1.000000,0.000000,0.000000,0.000000,57.698101,20.499701,-14.700500,0.047771,-0.013570,0.015998,-15.666301,-52.738201,18.801300,-93.396698,0.129960,17.611099,-0.005136,-0.856414,0.050079,-0.513830,2256.026611,1010.851135,-1373.415649,2175.078613,1015.561707,-1366.736572,2298.133789,1010.649658,-1341.141235,2208.960205,1011.597900,-1418.838013,2341.933350,1005.595337,-1366.946655,,,,,,,,,,,,,2616.332520,1567.758789,-3159.760742,,,,,,,,,,,,,,,,,,,,,,,,,,,,,,,,,
79,0.790000,0.000000,0.000000,0.000000,1.000000,0.000000,0.000000,0.000000,57.698101,20.499701,-14.700500,0.047771,-0.013570,0.015998,-15.666301,-52.738201,18.801300,-93.396698,0.129960,17.611099,-0.005136,-0.856414,0.050079,-0.513830,2256.026611,1010.851135,-1373.415649,2175.078613,1015.561707,-1366.736572,2298.133789,1010.649658,-1341.141235,2208.960205,1011.597900,-1418.838013,2341.933350,1005.595337,-1366.946655,,,,,,,,,,,,,2616.303223,1567.705444,-3159.833252,,,,,,,,,,,,,,,,,,,,,,,,,,,,,,,,,
80,0.800000,0.000000,0.000000,0.000000,1.000000,0.000000,0.000000,0.000000,57.698101,20.499701,-14.700500,0.047771,-0.013570,0.015998,-15.666301,-52.738201,18.801300,-93.396698,0.129960,17.611099,-0.005136,-0.856414,0.050079,-0.513830,2256.026611,1010.851135,-1373.415649,2175.078613,1015.561707,-1366.736572,2298.133789,1010.649658,-1341.141235,2208.960205,1011.597900,-1418.838013,2341.933350,1005.595337,-1366.946655,,,,,,,,,,,,,2616.321777,1567.744873,-3159.873291,,,,,,,,,,,,,,,,,,,,,,,,,,,,,,,,,
81,0.810000,0.000000,0.000000,0.000000,1.000000,0.000000,0.000000,0.000000,57.698101,20.499701,-14.700500,0.047771,-0.013570,0.015998,-15.666301,-52.738201,18.801300,-93.396698,0.129960,17.611099,-0.005136,-0.856414,0.050079,-0.513830,2256.026611,1010.851135,-1373.415649,2175.078613,1015.561707,-1366.736572,2298.133789,1010.649658,-1341.141235,2208.960205,1011.597900,-1418.838013,2341.933350,1005.595337,-1366.946655,,,,,,,,,,,,,2616.310303,1567.727173,-3159.919922,,,,,,,,,,,,,,,,,,,,,,,,,,,,,,,,,
82,0.820000,0.000000,0.000000,0.000000,1.000000,0.000000,0.000000,0.000000,57.698101,20.499701,-14.700500,0.047771,-0.013570,0.015998,-15.666301,-52.738201,18.801300,-93.396698,0.129960,17.611099,-0.005136,-0.856414,0.050079,-0.513830,2256.026611,1010.851135,-1373.415649,2175.078613,1015.561707,-1366.736572,2298.133789,1010.649658,-1341.141235,2208.960205,1011.597900,-1418.838013,2341.933350,1005.595337,-1366.946655,,,,,,,,,,,,,2616.310303,1567.746460,-3159.965088,,,,,,,,,,,,,,,,,,,,,,,,,,,,,,,,,
83,0.830000,0.000000,0.000000,0.000000,1.000000,0.000000,0.000000,0.000000,57.698101,20.499701,-14.700500,0.047771,-0.013570,0.015998,-15.666301,-52.738201,18.801300,-93.396698,0.129960,17.611099,-0.005136,-0.856414,0.050079,-0.513830,2256.026611,1010.851135,-1373.415649,2175.078613,1015.561707,-1366.736572,2298.133789,1010.649658,-1341.141235,2208.960205,1011.597900,-1418.838013,2341.933350,1005.595337,-1366.946655,,,,,,,,,,,,,2616.290039,1567.774048,-3159.996582,,,,,,,,,,,,,,,,,,,,,,,,,,,,,,,,,
84,0.840000,0.000000,0.000000,0.000000,1.000000,0.000000,0.000000,0.000000,57.698101,20.499701,-14.700500,0.047771,-0.013570,0.015998,-15.666301,-52.738201,18.801300,-93.396698,0.129960,17.611099,-0.005136,-0.856414,0.050079,-0.513830,2256.026611,1010.851135,-1373.415649,2175.078613,1015.561707,-1366.736572,2298.133789,1010.649658,-1341.141235,2208.960205,1011.597900,-1418.838013,2341.933350,1005.595337,-1366.946655,,,,,,,,,,,,,2616.285645,1567.736694,-3160.009033,,,,,,,,,,,,,,,,,,,,,,,,,,,,,,,,,
85,0.850000,0.000000,0.000000,0.000000,1.000000,0.000000,0.000000,0.000000,57.698101,20.499701,-14.700500,0.047771,-0.013570,0.015998,-15.666301,-52.738201,18.801300,-93.396698,0.129960,17.611099,-0.005136,-0.856414,0.050079,-0.513830,2256.026611,1010.851135,-1373.415649,2175.078613,1015.561707,-1366.736572,2298.133789,1010.649658,-1341.141235,2208.960205,1011.597900,-1418.838013,2341.933350,1005.595337,-1366.946655,,,,,,,,,,,,,2616.322754,1567.757446,-3159.990479,,,,,,,,,,,,,,,,,,,,,,,,,,,,,,,,,
86,0.860000,0.000000,0.000000,0.000000,1.000000,0.000000,0.000000,0.000000,57.698101,20.499701,-14.700500,0.047771,-0.013570,0.015998,-15.666301,-52.738201,18.801300,-93.396698,0.129960,17.611099,-0.005136,-0.856414,0.050079,-0.513830,2256.026611,1010.851135,-1373.415649,2175.078613,1015.561707,-1366.736572,2298.133789,1010.649658,-1341.141235,2208.960205,1011.597900,-1418.838013,2341.933350,1005.595337,-1366.946655,,,,,,,,,,,,,2616.314941,1567.724243,-3159.956299,,,,,,,,,,,,,,,,,,,,,,,,,,,,,,,,,
87,0.870000,0.000000,0.000000,0.000000,1.000000,0.000000,0.000000,0.000000,57.698101,20.499701,-14.700500,0.047771,-0.013570,0.015998,-15.666301,-52.738201,18.801300,-93.396698,0.129960,17.611099,-0.005136,-0.856414,0.050079,-0.513830,2256.026611,1010.851135,-1373.415649,2175.078613,1015.561707,-1366.736572,2298.133789,1010.649658,-1341.141235,2208.960205,1011.597900,-1418.838013,2341.933350,1005.595337,-1366.946655,,,,,,,,,,,,,2616.305908,1567.756592,-3159.938721,,,,,,,,,,,,,,,,,,,,,,,,,,,,,,,,,
88,0.880000,0.000000,0.000000,0.000000,1.000000,0.000000,0.000000,0.000000,57.698101,20.499701,-14.700500,0.047771,-0.013570,0.015998,-15.666301,-52.738201,18.801300,-93.396698,0.129960,17.611099,-0.005136,-0.856414,0.050079,-0.513830,2256.026611,1010.851135,-1373.415649,2175.078613,1015.561707,-1366.736572,2298.133789,1010.649658,-1341.141235,2208.960205,1011.597900,-1418.838013,2341.933350,1005.595337,-1366.946655,,,,,,,,,,,,,2616.310303,1567.784546,-3159.899658,,,,,,,,,,,,,,,,,,,,,,,,,,,,,,,,,
89,0.890000,0.000000,0.000000,0.000000,1.000000,0.000000,0.000000,0.000000,57.698101,20.499701,-14.700500,0.047771,-0.013570,0.015998,-15.666301,-52.738201,18.801300,-93.396698,0.129960,17.611099,-0.005136,-0.856414,0.050079,-0.513830,2256.026611,1010.851135,-1373.415649,2175.078613,1015.561707,-1366.736572,2298.133789,1010.649658,-1341.141235,2208.960205,1011.597900,-1418.838013,2341.933350,1005.595337,-1366.946655,,,,,,,,,,,,,2616.286865,1567.734009,-3159.840820,,,,,,,,,,,,,,,,,,,,,,,,,,,,,,,,,
90,0.900000,0.000000,0.000000,0.000000,1.000000,0.000000,0.000000,0.000000,57.698101,20.499701,-14.700500,0.047771,-0.013570,0.015998,-15.666301,-52.738201,18.801300,-93.396698,0.129960,17.611099,-0.005136,-0.856414,0.050079,-0.513830,2256.026611,1010.851135,-1373.415649,2175.078613,1015.561707,-1366.736572,2298.133789,1010.649658,-1341.141235,2208.960205,1011.597900,-1418.838013,2341.933350,1005.595337,-1366.946655,,,,,,,,,,,,,2616.286621,1567.736084,-3159.775146,,,,,,,,,,,,,,,,,,,,,,,,,,,,,,,,,
91,0.910000,0.000000,0.000000,0.000000,1.000000,0.000000,0.000000,0.000000,57.698101,20.499701,-14.700500,0.047771,-0.013570,0.015998,-15.666301,-52.738201,18.801300,-93.396698,0.129960,17.611099,-0.005136,-0.856414,0.050079,-0.513830,2256.026611,1010.851135,-1373.415649,2175.078613,1015.561707,-1366.736572,2298.133789,1010.649658,-1341.141235,2208.960205,1011.597900,-1418.838013,2341.933350,1005.595337,-1366.946655,,,,,,,,,,,,,2616.287842,1567.749023,-3159.723633,,,,,,,,,,,,,,,,,,,,,,,,,,,,,,,,,
92,0.920000,0.000000,0.000000,0.000000,1.000000,0.000000,0.000000,0.000000,57.698101,20.499701,-14.700500,0.047771,-0.013570,0.015998,-15.666301,-52.738201,18.801300,-93.396698,0.129960,17.611099,-0.005136,-0.856414,0.050079,-0.513830,2256.026611,1010.851135,-1373.415649,2175.078613,1015.561707,-1366.736572,2298.133789,1010.649658,-1341.141235,2208.960205,1011.597900,-1418.838013,2341.933350,1005.595337,-1366.946655,,,,,,,,,,,,,2616.289795,1567.761719,-3159.663574,,,,,,,,,,,,,,,,,,,,,,,,,,,,,,,,,
93,0.930000,0.000000,0.000000,0.000000,1.000000,0.000000,0.000000,0.000000,57.698101,20.499701,-14.700500,0.047771,-0.013570,0.015998,-15.666301,-52.738201,18.801300,-93.396698,0.129960,17.611099,-0.005136,-0.856414,0.050079,-0.513830,2256.026611,1010.851135,-1373.415649,2175.078613,1015.561707,-1366.736572,2298.133789,1010.649658,-1341.141235,2208.960205,1011.597900,-1418.838013,2341.933350,1005.595337,-1366.946655,,,,,,,,,,,,,2616.293213,1567.786377,-3159.592285,,,,,,,,,,,,,,,,,,,,,,,,,,,,,,,,,
94,0.940000,0.000000,0.000000,0.000000,1.000000,0.000000,0.000000,0.000000,57.698101,20.499701,-14.700500,0.047771,-0.013570,0.015998,-15.666301,-52.738201,18.801300,-93.396698,0.129960,17.611099,-0.005136,-0.856414,0.050079,-0.513830,2256.026611,1010.851135,-1373.415649,2175.078613,1015.561707,-1366.736572,2298.133789,1010.649658,-1341.141235,2208.960205,1011.597900,-1418.838013,2341.933350,1005.595337,-1366.946655,,,,,,,,,,,,,2616.286621,1567.754639,-3159.558594,,,,,,,,,,,,,,,,,,,,,,,,,,,,,,,,,
95,0.950000,0.000000,0.000000,0.000000,1.000000,0.000000,0.000000,0.000000,57.698101,20.499701,-14.700500,0.047771,-0.013570,0.015998,-15.666301,-52.738201,18.801300,-93.396698,0.129960,17.611099,-0.005136,-0.856414,0.050079,-0.513830,2256.026611,1010.851135,-1373.415649,2175.078613,1015.561707,-1366.736572,2298.133789,1010.649658,-1341.141235,2208.960205,1011.597900,-1418.838013,2341.933350,1005.595337,-1366.946655,,,,,,,,,,,,,2616.279297,1567.756226,-3159.507812,,,,,,,,,,,,,,,,,,,,,,,,,,,,,,,,,
96,0.960000,0.000000,0.000000,0.000000,1.000000,0.000000,0.000000,0.000000,57.698101,20.499701,-14.700500,0.047771,-0.013570,0.015998,-15.666301,-52.738201,18.801300,-93.396698,0.129960,17.611099,-0.005136,-0.856414,0.050079,-0.513830,2256.026611,1010.851135,-1373.415649,2175.078613,1015.561707,-1366.736572,2298.133789,1010.649658,-1341.141235,2208.960205,1011.597900,-1418.838013,2341.933350,1005.595337,-1366.946655,,,,,,,,,,,,,2616.297607,1567.745972,-3159.473389,,,,,,,,,,,,,,,,,,,,,,,,,,,,,,,,,
97,0.970000,0.000000,0.000000,0.000000,1.000000,0.000000,0.000000,0.000000,57.698101,20.499701,-14.700500,0.047771,-0.013570,0.015998,-15.666301,-52.738201,18.801300,-93.396698,0.129960,17.611099,-0.005136,-0.856414,0.050079,-0.513830,2256.026611,1010.851135,-1373.415649,2175.078613,1015.561707,-1366.736572,2298.133789,1010.649658,-1341.141235,2208.960205,1011.597900,-1418.838013,2341.933350,1005.595337,-1366.946655,,,,,,,,,,,,,2616.303467,1567.780029,-3159.468262,,,,,,,,,,,,,,,,,,,,,,,,,,,,,,,,,
98,0.980000,0.000000,0.000000,0.000000,1.000000,0.000000,0.000000,0.000000,57.698101,20.499701,-14.700500,0.047771,-0.013570,0.015998,-15.666301,-52.738201,18.801300,-93.396698,0.129960,17.611099,-0.005136,-0.856414,0.050079,-0.513830,2256.026611,1010.851135,-1373.415649,2175.078613,1015.561707,-1366.736572,2298.133789,1010.649658,-1341.141235,2208.960205,1011.597900,-1418.838013,2341.933350,1005.595337,-1366.946655,,,,,,,,,,,,,2616.290039,1567.755859,-3159.491211,,,,,,,,,,,,,,,,,,,,,,,,,,,,,,,,,
99,0.990000,0.000000,0.000000,0.000000,1.000000,0.000000,0.000000,0.000000,57.698101,20.499701,-14.700500,0.047771,-0.013570,0.015998,-15.666301,-52.738201,18.801300,-93.396698,0.129960,17.611099,-0.005136,-0.856414,0.050079,-0.513830,2256.026611,1010.851135,-1373.415649,2175.078613,1015.561707,-1366.736572,2298.133789,1010.649658,-1341.141235,2208.960205,1011.597900,-1418.838013,2341.933350,1005.595337,-1366.946655,,,,,,,,,,,,,2616.283691,1567.738281,-3159.513184,,,,,,,,,,,,,,,,,,,,,,,,,,,,,,,,,
100,1.000000,0.000000,0.000000,0.000000,1.000000,0.000000,0.000000,0.000000,57.698101,20.499701,-14.700500,0.047771,-0.013570,0.015998,-15.666301,-52.738201,18.801300,-93.396698,0.129960,17.611099,-0.005136,-0.856414,0.050079,-0.513830,2256.026611,1010.851135,-1373.415649,2175.078613,1015.561707,-1366.736572,2298.133789,1010.649658,-1341.141235,2208.960205,1011.597900,-1418.838013,2341.933350,1005.595337,-1366.946655,,,,,,,,,,,,,2616.301025,1567.755615,-3159.537354,,,,,,,,,,,,,,,,,,,,,,,,,,,,,,,,,
101,1.010000,0.000000,0.000000,0.000000,1.000000,0.000000,0.000000,0.000000,57.698101,20.499701,-14.700500,0.047771,-0.013570,0.015998,-15.666301,-52.738201,18.801300,-93.396698,0.129960,17.611099,-0.005136,-0.856414,0.050079,-0.513830,2256.026611,1010.851135,-1373.415649,2175.078613,1015.561707,-1366.736572,2298.133789,1010.649658,-1341.141235,2208.960205,1011.597900,-1418.838013,2341.933350,1005.595337,-1366.946655,,,,,,,,,,,,,2616.280518,1567.753540,-3159.594727,,,,,,,,,,,,,,,,,,,,,,,,,,,,,,,,,
102,1.020000,0.000000,0.000000,0.000000,1.000000,0.000000,0.000000,0.000000,57.698101,20.499701,-14.700500,0.047771,-0.013570,0.015998,-15.666301,-52.738201,18.801300,-93.396698,0.129960,17.611099,-0.005136,-0.856414,0.050079,-0.513830,2256.026611,1010.851135,-1373.415649,2175.078613,1015.561707,-1366.736572,2298.133789,1010.649658,-1341.141235,2208.960205,1011.597900,-1418.838013,2341.933350,1005.595337,-1366.946655,,,,,,,,,,,,,2616.329346,1567.759521,-3159.643066,,,,,,,,,,,,,,,,,,,,,,,,,,,,,,,,,
103,1.030000,0.000000,0.000000,0.000000,1.000000,0.000000,0.000000,0.000000,57.698101,20.499701,-14.700500,0.047771,-0.013570,0.015998,-15.666301,-52.738201,18.801300,-93.396698,0.129960,17.611099,-0.005136,-0.856414,0.050079,-0.513830,2256.026611,1010.851135,-1373.415649,2175.078613,1015.561707,-1366.736572,2298.133789,1010.649658,-1341.141235,2208.960205,1011.597900,-1418.838013,2341.933350,1005.595337,-1366.946655,,,,,,,,,,,,,2616.303467,1567.766357,-3159.710693,,,,,,,,,,,,,,,,,,,,,,,,,,,,,,,,,
104,1.040000,0.000000,0.000000,0.000000,1.000000,0.000000,0.000000,0.000000,57.698101,20.499701,-14.700500,0.047771,-0.013570,0.015998,-15.666301,-52.738201,18.801300,-93.396698,0.129960,17.611099,-0.005136,-0.856414,0.050079,-0.513830,2256.026611,1010.851135,-1373.415649,2175.078613,1015.561707,-1366.736572,2298.133789,1010.649658,-1341.141235,2208.960205,1011.597900,-1418.838013,2341.933350,1005.595337,-1366.946655,,,,,,,,,,,,,2616.291748,1567.759766,-3159.789307,,,,,,,,,,,,,,,,,,,,,,,,,,,,,,,,,
105,1.050000,0.000000,0.000000,0.000000,1.000000,0.000000,0.000000,0.000000,57.698101,20.499701,-14.700500,0.047771,-0.013570,0.015998,-15.666301,-52.738201,18.801300,-93.396698,0.129960,17.611099,-0.005136,-0.856414,0.050079,-0.513830,2256.026611,1010.851135,-1373.415649,2175.078613,1015.561707,-1366.736572,2298.133789,1010.649658,-1341.141235,2208.960205,1011.597900,-1418.838013,2341.933350,1005.595337,-1366.946655,,,,,,,,,,,,,2616.302734,1567.726807,-3159.831299,,,,,,,,,,,,,,,,,,,,,,,,,,,,,,,,,
106,1.060000,0.000000,0.000000,0.000000,1.000000,0.000000,0.000000,0.000000,57.698101,20.499701,-14.700500,0.047771,-0.013570,0.015998,-15.666301,-52.738201,18.801300,-93.396698,0.129960,17.611099,-0.005136,-0.856414,0.050079,-0.513830,2256.026611,1010.851135,-1373.415649,2175.078613,1015.561707,-1366.736572,2298.133789,1010.649658,-1341.141235,2208.960205,1011.597900,-1418.838013,2341.933350,1005.595337,-1366.946655,,,,,,,,,,,,,2616.316162,1567.705322,-3159.872803,,,,,,,,,,,,,,,,,,,,,,,,,,,,,,,,,
107,1.070000,0.000000,0.000000,0.000000,1.000000,0.000000,0.000000,0.000000,57.698101,20.499701,-14.700500,0.047771,-0.013570,0.015998,-15.666301,-52.738201,18.801300,-93.396698,0.129960,17.611099,-0.005136,-0.856414,0.050079,-0.513830,2256.026611,1010.851135,-1373.415649,2175.078613,1015.561707,-1366.736572,2298.133789,1010.649658,-1341.141235,2208.960205,1011.597900,-1418.838013,2341.933350,1005.595337,-1366.946655,,,,,,,,,,,,,2616.340576,1567.725708,-3159.912354,,,,,,,,,,,,,,,,,,,,,,,,,,,,,,,,,
108,1.080000,0.000000,0.000000,0.000000,1.000000,0.000000,0.000000,0.000000,57.698101,20.499701,-14.700500,0.047771,-0.013570,0.015998,-15.666301,-52.738201,18.801300,-93.396698,0.129960,17.611099,-0.005136,-0.856414,0.050079,-0.513830,2256.026611,1010.851135,-1373.415649,2175.078613,1015.561707,-1366.736572,2298.133789,1010.649658,-1341.141235,2208.960205,1011.597900,-1418.838013,2341.933350,1005.595337,-1366.946655,,,,,,,,,,,,,2616.317383,1567.758057,-3159.965332,,,,,,,,,,,,,,,,,,,,,,,,,,,,,,,,,
109,1.090000,0.000000,0.000000,0.000000,1.000000,0.000000,0.000000,0.000000,57.698101,20.499701,-14.700500,0.047771,-0.013570,0.015998,-15.666301,-52.738201,18.801300,-93.396698,0.129960,17.611099,-0.005136,-0.856414,0.050079,-0.513830,2256.026611,1010.851135,-1373.415649,2175.078613,1015.561707,-1366.736572,2298.133789,1010.649658,-1341.141235,2208.960205,1011.597900,-1418.838013,2341.933350,1005.595337,-1366.946655,,,,,,,,,,,,,2616.309082,1567.745728,-3159.991699,,,,,,,,,,,,,,,,,,,,,,,,,,,,,,,,,
110,1.100000,0.000000,0.000000,0.000000,1.000000,0.000000,0.000000,0.000000,57.698101,20.499701,-14.700500,0.047771,-0.013570,0.015998,-15.666301,-52.738201,18.801300,-93.396698,0.129960,17.611099,-0.005136,-0.856414,0.050079,-0.513830,2256.026611,1010.851135,-1373.415649,2175.078613,1015.561707,-1366.736572,2298.133789,1010.649658,-1341.141235,2208.960205,1011.597900,-1418.838013,2341.933350,1005.595337,-1366.946655,,,,,,,,,,,,,2616.302979,1567.734131,-3159.991211,,,,,,,,,,,,,,,,,,,,,,,,,,,,,,,,,
111,1.110000,0.000000,0.000000,0.000000,1.000000,0.000000,0.000000,0.000000,57.698101,20.499701,-14.700500,0.047771,-0.013570,0.015998,-15.666301,-52.738201,18.801300,-93.396698,0.129960,17.611099,-0.005136,-0.856414,0.050079,-0.513830,2256.026611,1010.851135,-1373.415649,2175.078613,1015.561707,-1366.736572,2298.133789,1010.649658,-1341.141235,2208.960205,1011.597900,-1418.838013,2341.933350,1005.595337,-1366.946655,,,,,,,,,,,,,2616.301514,1567.732178,-3159.989990,,,,,,,,,,,,,,,,,,,,,,,,,,,,,,,,,
112,1.120000,0.000000,0.000000,0.000000,1.000000,0.000000,0.000000,0.000000,57.698101,20.499701,-14.700500,0.047771,-0.013570,0.015998,-15.666301,-52.738201,18.801300,-93.396698,0.129960,17.611099,-0.005136,-0.856414,0.050079,-0.513830,2256.026611,1010.851135,-1373.415649,2175.078613,1015.561707,-1366.736572,2298.133789,1010.649658,-1341.141235,2208.960205,1011.597900,-1418.838013,2341.933350,1005.595337,-1366.946655,,,,,,,,,,,,,2616.295898,1567.746704,-3159.965332,,,,,,,,,,,,,,,,,,,,,,,,,,,,,,,,,
113,1.130000,0.000000,0.000000,0.000000,1.000000,0.000000,0.000000,0.000000,57.698101,20.499701,-14.700500,0.047771,-0.013570,0.015998,-15.666301,-52.738201,18.801300,-93.396698,0.129960,17.611099,-0.005136,-0.856414,0.050079,-0.513830,2256.026611,1010.851135,-1373.415649,2175.078613,1015.561707,-1366.736572,2298.133789,1010.649658,-1341.141235,2208.960205,1011.597900,-1418.838013,2341.933350,1005.595337,-1366.946655,,,,,,,,,,,,,2616.302979,1567.748169,-3159.934082,,,,,,,,,,,,,,,,,,,,,,,,,,,,,,,,,
114,1.140000,0.000000,0.000000,0.000000,1.000000,0.000000,0.000000,0.000000,57.698101,20.499701,-14.700500,0.047771,-0.013570,0.015998,-15.666301,-52.738201,18.801300,-93.396698,0.129960,17.611099,-0.005136,-0.856414,0.050079,-0.513830,2256.026611,1010.851135,-1373.415649,2175.078613,1015.561707,-1366.736572,2298.133789,1010.649658,-1341.141235,2208.960205,1011.597900,-1418.838013,2341.933350,1005.595337,-1366.946655,,,,,,,,,,,,,2616.276611,1567.716309,-3159.891113,,,,,,,,,,,,,,,,,,,,,,,,,,,,,,,,,
115,1.150000,0.000000,0.000000,0.000000,1.000000,0.000000,0.000000,0.000000,57.698101,20.499701,-14.700500,0.047771,-0.013570,0.015998,-15.666301,-52.738201,18.801300,-93.396698,0.129960,17.611099,-0.005136,-0.856414,0.050079,-0.513830,2256.026611,1010.851135,-1373.415649,2175.078613,1015.561707,-1366.736572,2298.133789,1010.649658,-1341.141235,2208.960205,1011.597900,-1418.838013,2341.933350,1005.595337,-1366.946655,,,,,,,,,,,,,2616.296143,1567.781982,-3159.832031,,,,,,,,,,,,,,,,,,,,,,,,,,,,,,,,,
116,1.160000,0.000000,0.000000,0.000000,1.000000,0.000000,0.000000,0.000000,57.698101,20.499701,-14.700500,0.047771,-0.013570,0.015998,-15.666301,-52.738201,18.801300,-93.396698,0.129960,17.611099,-0.005136,-0.856414,0.050079,-0.513830,2256.026611,1010.851135,-1373.415649,2175.078613,1015.561707,-1366.736572,2298.133789,1010.649658,-1341.141235,2208.960205,1011.597900,-1418.838013,2341.933350,1005.595337,-1366.946655,,,,,,,,,,,,,2616.294434,1567.706543,-3159.772217,,,,,,,,,,,,,,,,,,,,,,,,,,,,,,,,,
117,1.170000,0.000000,0.000000,0.000000,1.000000,0.000000,0.000000,0.000000,57.698101,20.499701,-14.700500,0.047771,-0.013570,0.015998,-15.666301,-52.738201,18.801300,-93.396698,0.129960,17.611099,-0.005136,-0.856414,0.050079,-0.513830,2256.026611,1010.851135,-1373.415649,2175.078613,1015.561707,-1366.736572,2298.133789,1010.649658,-1341.141235,2208.960205,1011.597900,-1418.838013,2341.933350,1005.595337,-1366.946655,,,,,,,,,,,,,2616.325195,1567.768677,-3159.691162,,,,,,,,,,,,,,,,,,,,,,,,,,,,,,,,,
118,1.180000,0.000000,0.000000,0.000000,1.000000,0.000000,0.000000,0.000000,57.698101,20.499701,-14.700500,0.047771,-0.013570,0.015998,-15.666301,-52.738201,18.801300,-93.396698,0.129960,17.611099,-0.005136,-0.856414,0.050079,-0.513830,2256.026611,1010.851135,-1373.415649,2175.078613,1015.561707,-1366.736572,2298.133789,1010.649658,-1341.141235,2208.960205,1011.597900,-1418.838013,2341.933350,1005.595337,-1366.946655,,,,,,,,,,,,,2616.249268,1567.754883,-3159.646240,,,,,,,,,,,,,,,,,,,,,,,,,,,,,,,,,
119,1.190000,0.000000,0.000000,0.000000,1.000000,0.000000,0.000000,0.000000,57.698101,20.499701,-14.700500,0.047771,-0.013570,0.015998,-15.666301,-52.738201,18.801300,-93.396698,0.129960,17.611099,-0.005136,-0.856414,0.050079,-0.513830,2256.026611,1010.851135,-1373.415649,2175.078613,1015.561707,-1366.736572,2298.133789,1010.649658,-1341.141235,2208.960205,1011.597900,-1418.838013,2341.933350,1005.595337,-1366.946655,,,,,,,,,,,,,2616.296631,1567.783325,-3159.601318,,,,,,,,,,,,,,,,,,,,,,,,,,,,,,,,,
120,1.200000,0.000000,0.000000,0.000000,1.000000,0.000000,0.000000,0.000000,57.698101,20.499701,-14.700500,0.047771,-0.013570,0.015998,-15.666301,-52.738201,18.801300,-93.396698,0.129960,17.611099,-0.005136,-0.856414,0.050079,-0.513830,2256.026611,1010.851135,-1373.415649,2175.078613,1015.561707,-1366.736572,2298.133789,1010.649658,-1341.141235,2208.960205,1011.597900,-1418.838013,2341.933350,1005.595337,-1366.946655,,,,,,,,,,,,,2616.281250,1567.744995,-3159.542969,,,,,,,,,,,,,,,,,,,,,,,,,,,,,,,,,
121,1.210000,0.000000,0.000000,0.000000,1.000000,0.000000,0.000000,0.000000,57.698101,20.499701,-14.700500,0.047771,-0.013570,0.015998,-15.666301,-52.738201,18.801300,-93.396698,0.129960,17.611099,-0.005136,-0.856414,0.050079,-0.513830,2256.026611,1010.851135,-1373.415649,2175.078613,1015.561707,-1366.736572,2298.133789,1010.649658,-1341.141235,2208.960205,1011.597900,-1418.838013,2341.933350,1005.595337,-1366.946655,,,,,,,,,,,,,2616.264648,1567.745239,-3159.519043,,,,,,,,,,,,,,,,,,,,,,,,,,,,,,,,,
122,1.220000,0.000000,0.000000,0.000000,1.000000,0.000000,0.000000,0.000000,57.698101,20.499701,-14.700500,0.047771,-0.013570,0.015998,-15.666301,-52.738201,18.801300,-93.396698,0.129960,17.611099,-0.005136,-0.856414,0.050079,-0.513830,2256.026611,1010.851135,-1373.415649,2175.078613,1015.561707,-1366.736572,2298.133789,1010.649658,-1341.141235,2208.960205,1011.597900,-1418.838013,2341.933350,1005.595337,-1366.946655,,,,,,,,,,,,,2616.270020,1567.744751,-3159.491455,,,,,,,,,,,,,,,,,,,,,,,,,,,,,,,,,
123,1.230000,0.000000,0.000000,0.000000,1.000000,0.000000,0.000000,0.000000,57.698101,20.499701,-14.700500,0.047771,-0.013570,0.015998,-15.666301,-52.738201,18.801300,-93.396698,0.129960,17.611099,-0.005136,-0.856414,0.050079,-0.513830,2256.026611,1010.851135,-1373.415649,2175.078613,1015.561707,-1366.736572,2298.133789,1010.649658,-1341.141235,2208.960205,1011.597900,-1418.838013,2341.933350,1005.595337,-1366.946655,,,,,,,,,,,,,2616.284424,1567.737549,-3159.474365,,,,,,,,,,,,,,,,,,,,,,,,,,,,,,,,,
124,1.240000,0.000000,0.000000,0.000000,1.000000,0.000000,0.000000,0.000000,57.698101,20.499701,-14.700500,0.047771,-0.013570,0.015998,-15.666301,-52.738201,18.801300,-93.396698,0.129960,17.611099,-0.005136,-0.856414,0.050079,-0.513830,2256.026611,1010.851135,-1373.415649,2175.078613,1015.561707,-1366.736572,2298.133789,1010.649658,-1341.141235,2208.960205,1011.597900,-1418.838013,2341.933350,1005.595337,-1366.946655,,,,,,,,,,,,,2616.277588,1567.721436,-3159.479736,,,,,,,,,,,,,,,,,,,,,,,,,,,,,,,,,
125,1.250000,0.000000,0.000000,0.000000,1.000000,0.000000,0.000000,0.000000,57.698101,20.499701,-14.700500,0.047771,-0.013570,0.015998,-15.666301,-52.738201,18.801300,-93.396698,0.129960,17.611099,-0.005136,-0.856414,0.050079,-0.513830,2256.026611,1010.851135,-1373.415649,2175.078613,1015.561707,-1366.736572,2298.133789,1010.649658,-1341.141235,2208.960205,1011.597900,-1418.838013,2341.933350,1005.595337,-1366.946655,,,,,,,,,,,,,2616.322021,1567.777954,-3159.507080,,,,,,,,,,,,,,,,,,,,,,,,,,,,,,,,,
126,1.260000,0.000000,0.000000,0.000000,1.000000,0.000000,0.000000,0.000000,57.698101,20.499701,-14.700500,0.047771,-0.013570,0.015998,-15.666301,-52.738201,18.801300,-93.396698,0.129960,17.611099,-0.005136,-0.856414,0.050079,-0.513830,2256.026611,1010.851135,-1373.415649,2175.078613,1015.561707,-1366.736572,2298.133789,1010.649658,-1341.141235,2208.960205,1011.597900,-1418.838013,2341.933350,1005.595337,-1366.946655,,,,,,,,,,,,,2616.291992,1567.738159,-3159.540771,,,,,,,,,,,,,,,,,,,,,,,,,,,,,,,,,
127,1.270000,0.000000,0.000000,0.000000,1.000000,0.000000,0.000000,0.000000,57.698101,20.499701,-14.700500,0.047771,-0.013570,0.015998,-15.666301,-52.738201,18.801300,-93.396698,0.129960,17.611099,-0.005136,-0.856414,0.050079,-0.513830,2256.026611,1010.851135,-1373.415649,2175.078613,1015.561707,-1366.736572,2298.133789,1010.649658,-1341.141235,2208.960205,1011.597900,-1418.838013,2341.933350,1005.595337,-1366.946655,,,,,,,,,,,,,2616.317139,1567.740356,-3159.592773,,,,,,,,,,,,,,,,,,,,,,,,,,,,,,,,,
128,1.280000,0.000000,0.000000,0.000000,1.000000,0.000000,0.000000,0.000000,57.698101,20.499701,-14.700500,0.047771,-0.013570,0.015998,-15.666301,-52.738201,18.801300,-93.396698,0.129960,17.611099,-0.005136,-0.856414,0.050079,-0.513830,2256.026611,1010.851135,-1373.415649,2175.078613,1015.561707,-1366.736572,2298.133789,1010.649658,-1341.141235,2208.960205,1011.597900,-1418.838013,2341.933350,1005.595337,-1366.946655,,,,,,,,,,,,,2616.318604,1567.730835,-3159.650391,,,,,,,,,,,,,,,,,,,,,,,,,,,,,,,,,
129,1.290000,0.000000,0.000000,0.000000,1.000000,0.000000,0.000000,0.000000,57.698101,20.499701,-14.700500,0.047771,-0.013570,0.015998,-15.666301,-52.738201,18.801300,-93.396698,0.129960,17.611099,-0.005136,-0.856414,0.050079,-0.513830,2256.026611,1010.851135,-1373.415649,2175.078613,1015.561707,-1366.736572,2298.133789,1010.649658,-1341.141235,2208.960205,1011.597900,-1418.838013,2341.933350,1005.595337,-1366.946655,,,,,,,,,,,,,2616.294434,1567.785889,-3159.710938,,,,,,,,,,,,,,,,,,,,,,,,,,,,,,,,,
130,1.300000,0.000000,0.000000,0.000000,1.000000,0.000000,0.000000,0.000000,57.698101,20.499701,-14.700500,0.047771,-0.013570,0.015998,-15.666301,-52.738201,18.801300,-93.396698,0.129960,17.611099,-0.005136,-0.856414,0.050079,-0.513830,2256.026611,1010.851135,-1373.415649,2175.078613,1015.561707,-1366.736572,2298.133789,1010.649658,-1341.141235,2208.960205,1011.597900,-1418.838013,2341.933350,1005.595337,-1366.946655,,,,,,,,,,,,,2616.277344,1567.761353,-3159.801270,,,,,,,,,,,,,,,,,,,,,,,,,,,,,,,,,
131,1.310000,0.000000,0.000000,0.000000,1.000000,0.000000,0.000000,0.000000,57.698101,20.499701,-14.700500,0.047771,-0.013570,0.015998,-15.666301,-52.738201,18.801300,-93.396698,0.129960,17.611099,-0.005136,-0.856414,0.050079,-0.513830,2256.026611,1010.851135,-1373.415649,2175.078613,1015.561707,-1366.736572,2298.133789,1010.649658,-1341.141235,2208.960205,1011.597900,-1418.838013,2341.933350,1005.595337,-1366.946655,,,,,,,,,,,,,2616.320312,1567.745850,-3159.850830,,,,,,,,,,,,,,,,,,,,,,,,,,,,,,,,,
132,1.320000,0.000000,0.000000,0.000000,1.000000,0.000000,0.000000,0.000000,57.698101,20.499701,-14.700500,0.047771,-0.013570,0.015998,-15.666301,-52.738201,18.801300,-93.396698,0.129960,17.611099,-0.005136,-0.856414,0.050079,-0.513830,2256.026611,1010.851135,-1373.415649,2175.078613,1015.561707,-1366.736572,2298.133789,1010.649658,-1341.141235,2208.960205,1011.597900,-1418.838013,2341.933350,1005.595337,-1366.946655,,,,,,,,,,,,,2616.317627,1567.698364,-3159.877197,,,,,,,,,,,,,,,,,,,,,,,,,,,,,,,,,
133,1.330000,0.000000,0.000000,0.000000,1.000000,0.000000,0.000000,0.000000,57.698101,20.499701,-14.700500,0.047771,-0.013570,0.015998,-15.666301,-52.738201,18.801300,-93.396698,0.129960,17.611099,-0.005136,-0.856414,0.050079,-0.513830,2256.026611,1010.851135,-1373.415649,2175.078613,1015.561707,-1366.736572,2298.133789,1010.649658,-1341.141235,2208.960205,1011.597900,-1418.838013,2341.933350,1005.595337,-1366.946655,,,,,,,,,,,,,2616.317383,1567.757568,-3159.925049,,,,,,,,,,,,,,,,,,,,,,,,,,,,,,,,,
134,1.340000,0.000000,0.000000,0.000000,1.000000,0.000000,0.000000,0.000000,57.698101,20.499701,-14.700500,0.047771,-0.013570,0.015998,-15.666301,-52.738201,18.801300,-93.396698,0.129960,17.611099,-0.005136,-0.856414,0.050079,-0.513830,2256.026611,1010.851135,-1373.415649,2175.078613,1015.561707,-1366.736572,2298.133789,1010.649658,-1341.141235,2208.960205,1011.597900,-1418.838013,2341.933350,1005.595337,-1366.946655,,,,,,,,,,,,,2616.310059,1567.731934,-3159.971680,,,,,,,,,,,,,,,,,,,,,,,,,,,,,,,,,
135,1.350000,0.000000,0.000000,0.000000,1.000000,0.000000,0.000000,0.000000,57.698101,20.499701,-14.700500,0.047771,-0.013570,0.015998,-15.666301,-52.738201,18.801300,-93.396698,0.129960,17.611099,-0.005136,-0.856414,0.050079,-0.513830,2256.026611,1010.851135,-1373.415649,2175.078613,1015.561707,-1366.736572,2298.133789,1010.649658,-1341.141235,2208.960205,1011.597900,-1418.838013,2341.933350,1005.595337,-1366.946655,,,,,,,,,,,,,2616.331543,1567.759766,-3159.975098,,,,,,,,,,,,,,,,,,,,,,,,,,,,,,,,,
136,1.360000,0.000000,0.000000,0.000000,1.000000,0.000000,0.000000,0.000000,57.698101,20.499701,-14.700500,0.047771,-0.013570,0.015998,-15.666301,-52.738201,18.801300,-93.396698,0.129960,17.611099,-0.005136,-0.856414,0.050079,-0.513830,2256.026611,1010.851135,-1373.415649,2175.078613,1015.561707,-1366.736572,2298.133789,1010.649658,-1341.141235,2208.960205,1011.597900,-1418.838013,2341.933350,1005.595337,-1366.946655,,,,,,,,,,,,,2616.322998,1567.726074,-3159.979248,,,,,,,,,,,,,,,,,,,,,,,,,,,,,,,,,
137,1.370000,0.000000,0.000000,0.000000,1.000000,0.000000,0.000000,0.000000,57.698101,20.499701,-14.700500,0.047771,-0.013570,0.015998,-15.666301,-52.738201,18.801300,-93.396698,0.129960,17.611099,-0.005136,-0.856414,0.050079,-0.513830,2256.026611,1010.851135,-1373.415649,2175.078613,1015.561707,-1366.736572,2298.133789,1010.649658,-1341.141235,2208.960205,1011.597900,-1418.838013,2341.933350,1005.595337,-1366.946655,,,,,,,,,,,,,2616.297607,1567.734009,-3159.971924,,,,,,,,,,,,,,,,,,,,,,,,,,,,,,,,,
138,1.380000,0.000000,0.000000,0.000000,1.000000,0.000000,0.000000,0.000000,57.698101,20.499701,-14.700500,0.047771,-0.013570,0.015998,-15.666301,-52.738201,18.801300,-93.396698,0.129960,17.611099,-0.005136,-0.856414,0.050079,-0.513830,2256.026611,1010.851135,-1373.415649,2175.078613,1015.561707,-1366.736572,2298.133789,1010.649658,-1341.141235,2208.960205,1011.597900,-1418.838013,2341.933350,1005.595337,-1366.946655,,,,,,,,,,,,,2616.284912,1567.751953,-3159.950195,,,,,,,,,,,,,,,,,,,,,,,,,,,,,,,,,
139,1.390000,0.000000,0.000000,0.000000,1.000000,0.000000,0.000000,0.000000,57.698101,20.499701,-14.700500,0.047771,-0.013570,0.015998,-15.666301,-52.738201,18.801300,-93.396698,0.129960,17.611099,-0.005136,-0.856414,0.050079,-0.513830,2256.026611,1010.851135,-1373.415649,2175.078613,1015.561707,-1366.736572,2298.133789,1010.649658,-1341.141235,2208.960205,1011.597900,-1418.838013,2341.933350,1005.595337,-1366.946655,,,,,,,,,,,,,2616.278564,1567.742310,-3159.930664,,,,,,,,,,,,,,,,,,,,,,,,,,,,,,,,,
140,1.400000,0.000000,0.000000,0.000000,1.000000,0.000000,0.000000,0.000000,57.698101,20.499701,-14.700500,0.047771,-0.013570,0.015998,-15.666301,-52.738201,18.801300,-93.396698,0.129960,17.611099,-0.005136,-0.856414,0.050079,-0.513830,2256.026611,1010.851135,-1373.415649,2175.078613,1015.561707,-1366.736572,2298.133789,1010.649658,-1341.141235,2208.960205,1011.597900,-1418.838013,2341.933350,1005.595337,-1366.946655,,,,,,,,,,,,,2616.255615,1567.728638,-3159.881348,,,,,,,,,,,,,,,,,,,,,,,,,,,,,,,,,
141,1.410000,0.000000,0.000000,0.000000,1.000000,0.000000,0.000000,0.000000,57.698101,20.499701,-14.700500,0.047771,-0.013570,0.015998,-15.666301,-52.738201,18.801300,-93.396698,0.129960,17.611099,-0.005136,-0.856414,0.050079,-0.513830,2256.026611,1010.851135,-1373.415649,2175.078613,1015.561707,-1366.736572,2298.133789,1010.649658,-1341.141235,2208.960205,1011.597900,-1418.838013,2341.933350,1005.595337,-1366.946655,,,,,,,,,,,,,2616.281982,1567.746704,-3159.835449,,,,,,,,,,,,,,,,,,,,,,,,,,,,,,,,,
142,1.420000,0.000000,0.000000,0.000000,1.000000,0.000000,0.000000,0.000000,57.698101,20.499701,-14.700500,0.047771,-0.013570,0.015998,-15.666301,-52.738201,18.801300,-93.396698,0.129960,17.611099,-0.005136,-0.856414,0.050079,-0.513830,2256.026611,1010.851135,-1373.415649,2175.078613,1015.561707,-1366.736572,2298.133789,1010.649658,-1341.141235,2208.960205,1011.597900,-1418.838013,2341.933350,1005.595337,-1366.946655,,,,,,,,,,,,,2616.295898,1567.718262,-3159.772461,,,,,,,,,,,,,,,,,,,,,,,,,,,,,,,,,
143,1.430000,0.000000,0.000000,0.000000,1.000000,0.000000,0.000000,0.000000,57.698101,20.499701,-14.700500,0.047771,-0.013570,0.015998,-15.666301,-52.738201,18.801300,-93.396698,0.129960,17.611099,-0.005136,-0.856414,0.050079,-0.513830,2256.026611,1010.851135,-1373.415649,2175.078613,1015.561707,-1366.736572,2298.133789,1010.649658,-1341.141235,2208.960205,1011.597900,-1418.838013,2341.933350,1005.595337,-1366.946655,,,,,,,,,,,,,2616.305176,1567.733276,-3159.695312,,,,,,,,,,,,,,,,,,,,,,,,,,,,,,,,,
144,1.440000,0.000000,0.000000,0.000000,1.000000,0.000000,0.000000,0.000000,57.698101,20.499701,-14.700500,0.047771,-0.013570,0.015998,-15.666301,-52.738201,18.801300,-93.396698,0.129960,17.611099,-0.005136,-0.856414,0.050079,-0.513830,2256.026611,1010.851135,-1373.415649,2175.078613,1015.561707,-1366.736572,2298.133789,1010.649658,-1341.141235,2208.960205,1011.597900,-1418.838013,2341.933350,1005.595337,-1366.946655,,,,,,,,,,,,,2616.325195,1567.805054,-3159.634277,,,,,,,,,,,,,,,,,,,,,,,,,,,,,,,,,
145,1.450000,0.000000,0.000000,0.000000,1.000000,0.000000,0.000000,0.000000,57.698101,20.499701,-14.700500,0.047771,-0.013570,0.015998,-15.666301,-52.738201,18.801300,-93.396698,0.129960,17.611099,-0.005136,-0.856414,0.050079,-0.513830,2256.026611,1010.851135,-1373.415649,2175.078613,1015.561707,-1366.736572,2298.133789,1010.649658,-1341.141235,2208.960205,1011.597900,-1418.838013,2341.933350,1005.595337,-1366.946655,,,,,,,,,,,,,2616.326172,1567.776245,-3159.578125,,,,,,,,,,,,,,,,,,,,,,,,,,,,,,,,,
146,1.460000,0.000000,0.000000,0.000000,1.000000,0.000000,0.000000,0.000000,57.698101,20.499701,-14.700500,0.047771,-0.013570,0.015998,-15.666301,-52.738201,18.801300,-93.396698,0.129960,17.611099,-0.005136,-0.856414,0.050079,-0.513830,2256.026611,1010.851135,-1373.415649,2175.078613,1015.561707,-1366.736572,2298.133789,1010.649658,-1341.141235,2208.960205,1011.597900,-1418.838013,2341.933350,1005.595337,-1366.946655,,,,,,,,,,,,,2616.292480,1567.748413,-3159.541260,,,,,,,,,,,,,,,,,,,,,,,,,,,,,,,,,
147,1.470000,0.000000,0.000000,0.000000,1.000000,0.000000,0.000000,0.000000,57.698101,20.499701,-14.700500,0.047771,-0.013570,0.015998,-15.666301,-52.738201,18.801300,-93.396698,0.129960,17.611099,-0.005136,-0.856414,0.050079,-0.513830,2256.026611,1010.851135,-1373.415649,2175.078613,1015.561707,-1366.736572,2298.133789,1010.649658,-1341.141235,2208.960205,1011.597900,-1418.838013,2341.933350,1005.595337,-1366.946655,,,,,,,,,,,,,2616.296387,1567.778442,-3159.518066,,,,,,,,,,,,,,,,,,,,,,,,,,,,,,,,,
148,1.480000,0.000000,0.000000,0.000000,1.000000,0.000000,0.000000,0.000000,57.698101,20.499701,-14.700500,0.047771,-0.013570,0.015998,-15.666301,-52.738201,18.801300,-93.396698,0.129960,17.611099,-0.005136,-0.856414,0.050079,-0.513830,2256.026611,1010.851135,-1373.415649,2175.078613,1015.561707,-1366.736572,2298.133789,1010.649658,-1341.141235,2208.960205,1011.597900,-1418.838013,2341.933350,1005.595337,-1366.946655,,,,,,,,,,,,,2616.291992,1567.729980,-3159.490479,,,,,,,,,,,,,,,,,,,,,,,,,,,,,,,,,
149,1.490000,0.000000,0.000000,0.000000,1.000000,0.000000,0.000000,0.000000,57.698101,20.499701,-14.700500,0.047771,-0.013570,0.015998,-15.666301,-52.738201,18.801300,-93.396698,0.129960,17.611099,-0.005136,-0.856414,0.050079,-0.513830,2256.026611,1010.851135,-1373.415649,2175.078613,1015.561707,-1366.736572,2298.133789,1010.649658,-1341.141235,2208.960205,1011.597900,-1418.838013,2341.933350,1005.595337,-1366.946655,,,,,,,,,,,,,2616.307617,1567.714600,-3159.469482,,,,,,,,,,,,,,,,,,,,,,,,,,,,,,,,,
150,1.500000,0.000000,0.000000,0.000000,1.000000,0.000000,0.000000,0.000000,57.698101,20.499701,-14.700500,0.047771,-0.013570,0.015998,-15.666301,-52.738201,18.801300,-93.396698,0.129960,17.611099,-0.005136,-0.856414,0.050079,-0.513830,2256.026611,1010.851135,-1373.415649,2175.078613,1015.561707,-1366.736572,2298.133789,1010.649658,-1341.141235,2208.960205,1011.597900,-1418.838013,2341.933350,1005.595337,-1366.946655,,,,,,,,,,,,,2616.288574,1567.762573,-3159.495605,,,,,,,,,,,,,,,,,,,,,,,,,,,,,,,,,
151,1.510000,0.000000,0.000000,0.000000,1.000000,0.000000,0.000000,0.000000,57.698101,20.499701,-14.700500,0.047771,-0.013570,0.015998,-15.666301,-52.738201,18.801300,-93.396698,0.129960,17.611099,-0.005136,-0.856414,0.050079,-0.513830,2256.026611,1010.851135,-1373.415649,2175.078613,1015.561707,-1366.736572,2298.133789,1010.649658,-1341.141235,2208.960205,1011.597900,-1418.838013,2341.933350,1005.595337,-1366.946655,,,,,,,,,,,,,2616.284424,1567.791870,-3159.535645,,,,,,,,,,,,,,,,,,,,,,,,,,,,,,,,,
152,1.520000,0.000000,0.000000,0.000000,1.000000,0.000000,0.000000,0.000000,57.698101,20.499701,-14.700500,0.047771,-0.013570,0.015998,-15.666301,-52.738201,18.801300,-93.396698,0.129960,17.611099,-0.005136,-0.856414,0.050079,-0.513830,2256.026611,1010.851135,-1373.415649,2175.078613,1015.561707,-1366.736572,2298.133789,1010.649658,-1341.141235,2208.960205,1011.597900,-1418.838013,2341.933350,1005.595337,-1366.946655,,,,,,,,,,,,,2616.279785,1567.752808,-3159.569580,,,,,,,,,,,,,,,,,,,,,,,,,,,,,,,,,
153,1.530000,0.000000,0.000000,0.000000,1.000000,0.000000,0.000000,0.000000,57.698101,20.499701,-14.700500,0.047771,-0.013570,0.015998,-15.666301,-52.738201,18.801300,-93.396698,0.129960,17.611099,-0.005136,-0.856414,0.050079,-0.513830,2256.026611,1010.851135,-1373.415649,2175.078613,1015.561707,-1366.736572,2298.133789,1010.649658,-1341.141235,2208.960205,1011.597900,-1418.838013,2341.933350,1005.595337,-1366.946655,,,,,,,,,,,,,2616.311279,1567.759644,-3159.610352,,,,,,,,,,,,,,,,,,,,,,,,,,,,,,,,,
154,1.540000,0.000000,0.000000,0.000000,1.000000,0.000000,0.000000,0.000000,57.698101,20.499701,-14.700500,0.047771,-0.013570,0.015998,-15.666301,-52.738201,18.801300,-93.396698,0.129960,17.611099,-0.005136,-0.856414,0.050079,-0.513830,2256.026611,1010.851135,-1373.415649,2175.078613,1015.561707,-1366.736572,2298.133789,1010.649658,-1341.141235,2208.960205,1011.597900,-1418.838013,2341.933350,1005.595337,-1366.946655,,,,,,,,,,,,,2616.280518,1567.720947,-3159.677002,,,,,,,,,,,,,,,,,,,,,,,,,,,,,,,,,
155,1.550000,0.000000,0.000000,0.000000,1.000000,0.000000,0.000000,0.000000,57.698101,20.499701,-14.700500,0.047771,-0.013570,0.015998,-15.666301,-52.738201,18.801300,-93.396698,0.129960,17.611099,-0.005136,-0.856414,0.050079,-0.513830,2256.026611,1010.851135,-1373.415649,2175.078613,1015.561707,-1366.736572,2298.133789,1010.649658,-1341.141235,2208.960205,1011.597900,-1418.838013,2341.933350,1005.595337,-1366.946655,,,,,,,,,,,,,2616.317627,1567.770264,-3159.730225,,,,,,,,,,,,,,,,,,,,,,,,,,,,,,,,,
156,1.560000,0.000000,0.000000,0.000000,1.000000,0.000000,0.000000,0.000000,57.698101,20.499701,-14.700500,0.047771,-0.013570,0.015998,-15.666301,-52.738201,18.801300,-93.396698,0.129960,17.611099,-0.005136,-0.856414,0.050079,-0.513830,2256.026611,1010.851135,-1373.415649,2175.078613,1015.561707,-1366.736572,2298.133789,1010.649658,-1341.141235,2208.960205,1011.597900,-1418.838013,2341.933350,1005.595337,-1366.946655,,,,,,,,,,,,,2616.287354,1567.749512,-3159.794922,,,,,,,,,,,,,,,,,,,,,,,,,,,,,,,,,
157,1.570000,0.000000,0.000000,0.000000,1.000000,0.000000,0.000000,0.000000,57.698101,20.499701,-14.700500,0.047771,-0.013570,0.015998,-15.666301,-52.738201,18.801300,-93.396698,0.129960,17.611099,-0.005136,-0.856414,0.050079,-0.513830,2256.026611,1010.851135,-1373.415649,2175.078613,1015.561707,-1366.736572,2298.133789,1010.649658,-1341.141235,2208.960205,1011.597900,-1418.838013,2341.933350,1005.595337,-1366.946655,,,,,,,,,,,,,2616.283691,1567.755493,-3159.851562,,,,,,,,,,,,,,,,,,,,,,,,,,,,,,,,,
158,1.580000,0.000000,0.000000,0.000000,1.000000,0.000000,0.000000,0.000000,57.698101,20.499701,-14.700500,0.047771,-0.013570,0.015998,-15.666301,-52.738201,18.801300,-93.396698,0.129960,17.611099,-0.005136,-0.856414,0.050079,-0.513830,2256.026611,1010.851135,-1373.415649,2175.078613,1015.561707,-1366.736572,2298.133789,1010.649658,-1341.141235,2208.960205,1011.597900,-1418.838013,2341.933350,1005.595337,-1366.946655,,,,,,,,,,,,,2616.325195,1567.722290,-3159.884033,,,,,,,,,,,,,,,,,,,,,,,,,,,,,,,,,
159,1.590000,0.000000,0.000000,0.000000,1.000000,0.000000,0.000000,0.000000,57.698101,20.499701,-14.700500,0.047771,-0.013570,0.015998,-15.666301,-52.738201,18.801300,-93.396698,0.129960,17.611099,-0.005136,-0.856414,0.050079,-0.513830,2256.026611,1010.851135,-1373.415649,2175.078613,1015.561707,-1366.736572,2298.133789,1010.649658,-1341.141235,2208.960205,1011.597900,-1418.838013,2341.933350,1005.595337,-1366.946655,,,,,,,,,,,,,2616.333496,1567.716797,-3159.913818,,,,,,,,,,,,,,,,,,,,,,,,,,,,,,,,,
160,1.600000,0.000000,0.000000,0.000000,1.000000,0.000000,0.000000,0.000000,57.698101,20.499701,-14.700500,0.047771,-0.013570,0.015998,-15.666301,-52.738201,18.801300,-93.396698,0.129960,17.611099,-0.005136,-0.856414,0.050079,-0.513830,2256.026611,1010.851135,-1373.415649,2175.078613,1015.561707,-1366.736572,2298.133789,1010.649658,-1341.141235,2208.960205,1011.597900,-1418.838013,2341.933350,1005.595337,-1366.946655,,,,,,,,,,,,,2616.314697,1567.757202,-3159.962891,,,,,,,,,,,,,,,,,,,,,,,,,,,,,,,,,
161,1.610000,0.000000,0.000000,0.000000,1.000000,0.000000,0.000000,0.000000,57.698101,20.499701,-14.700500,0.047771,-0.013570,0.015998,-15.666301,-52.738201,18.801300,-93.396698,0.129960,17.611099,-0.005136,-0.856414,0.050079,-0.513830,2256.026611,1010.851135,-1373.415649,2175.078613,1015.561707,-1366.736572,2298.133789,1010.649658,-1341.141235,2208.960205,1011.597900,-1418.838013,2341.933350,1005.595337,-1366.946655,,,,,,,,,,,,,2616.307617,1567.739502,-3159.987793,,,,,,,,,,,,,,,,,,,,,,,,,,,,,,,,,
162,1.620000,0.000000,0.000000,0.000000,1.000000,0.000000,0.000000,0.000000,57.698101,20.499701,-14.700500,0.047771,-0.013570,0.015998,-15.666301,-52.738201,18.801300,-93.396698,0.129960,17.611099,-0.005136,-0.856414,0.050079,-0.513830,2256.026611,1010.851135,-1373.415649,2175.078613,1015.561707,-1366.736572,2298.133789,1010.649658,-1341.141235,2208.960205,1011.597900,-1418.838013,2341.933350,1005.595337,-1366.946655,,,,,,,,,,,,,2616.312256,1567.739136,-3159.970459,,,,,,,,,,,,,,,,,,,,,,,,,,,,,,,,,
163,1.630000,0.000000,0.000000,0.000000,1.000000,0.000000,0.000000,0.000000,57.698101,20.499701,-14.700500,0.047771,-0.013570,0.015998,-15.666301,-52.738201,18.801300,-93.396698,0.129960,17.611099,-0.005136,-0.856414,0.050079,-0.513830,2256.026611,1010.851135,-1373.415649,2175.078613,1015.561707,-1366.736572,2298.133789,1010.649658,-1341.141235,2208.960205,1011.597900,-1418.838013,2341.933350,1005.595337,-1366.946655,,,,,,,,,,,,,2616.291748,1567.729980,-3159.967285,,,,,,,,,,,,,,,,,,,,,,,,,,,,,,,,,
164,1.640000,0.000000,0.000000,0.000000,1.000000,0.000000,0.000000,0.000000,57.698101,20.499701,-14.700500,0.047771,-0.013570,0.015998,-15.666301,-52.738201,18.801300,-93.396698,0.129960,17.611099,-0.005136,-0.856414,0.050079,-0.513830,2256.026611,1010.851135,-1373.415649,2175.078613,1015.561707,-1366.736572,2298.133789,1010.649658,-1341.141235,2208.960205,1011.597900,-1418.838013,2341.933350,1005.595337,-1366.946655,,,,,,,,,,,,,2616.262695,1567.729126,-3159.959717,,,,,,,,,,,,,,,,,,,,,,,,,,,,,,,,,
165,1.650000,0.000000,0.000000,0.000000,1.000000,0.000000,0.000000,0.000000,57.698101,20.499701,-14.700500,0.047771,-0.013570,0.015998,-15.666301,-52.738201,18.801300,-93.396698,0.129960,17.611099,-0.005136,-0.856414,0.050079,-0.513830,2256.026611,1010.851135,-1373.415649,2175.078613,1015.561707,-1366.736572,2298.133789,1010.649658,-1341.141235,2208.960205,1011.597900,-1418.838013,2341.933350,1005.595337,-1366.946655,,,,,,,,,,,,,2616.298096,1567.738281,-3159.919678,,,,,,,,,,,,,,,,,,,,,,,,,,,,,,,,,
166,1.660000,0.000000,0.000000,0.000000,1.000000,0.000000,0.000000,0.000000,57.698101,20.499701,-14.700500,0.047771,-0.013570,0.015998,-15.666301,-52.738201,18.801300,-93.396698,0.129960,17.611099,-0.005136,-0.856414,0.050079,-0.513830,2256.026611,1010.851135,-1373.415649,2175.078613,1015.561707,-1366.736572,2298.133789,1010.649658,-1341.141235,2208.960205,1011.597900,-1418.838013,2341.933350,1005.595337,-1366.946655,,,,,,,,,,,,,2616.292725,1567.726929,-3159.862793,,,,,,,,,,,,,,,,,,,,,,,,,,,,,,,,,
167,1.670000,0.000000,0.000000,0.000000,1.000000,0.000000,0.000000,0.000000,57.698101,20.499701,-14.700500,0.047771,-0.013570,0.015998,-15.666301,-52.738201,18.801300,-93.396698,0.129960,17.611099,-0.005136,-0.856414,0.050079,-0.513830,2256.026611,1010.851135,-1373.415649,2175.078613,1015.561707,-1366.736572,2298.133789,1010.649658,-1341.141235,2208.960205,1011.597900,-1418.838013,2341.933350,1005.595337,-1366.946655,,,,,,,,,,,,,2616.259521,1567.734863,-3159.819824,,,,,,,,,,,,,,,,,,,,,,,,,,,,,,,,,
168,1.680000,0.000000,0.000000,0.000000,1.000000,0.000000,0.000000,0.000000,57.698101,20.499701,-14.700500,0.047771,-0.013570,0.015998,-15.666301,-52.738201,18.801300,-93.396698,0.129960,17.611099,-0.005136,-0.856414,0.050079,-0.513830,2256.026611,1010.851135,-1373.415649,2175.078613,1015.561707,-1366.736572,2298.133789,1010.649658,-1341.141235,2208.960205,1011.597900,-1418.838013,2341.933350,1005.595337,-1366.946655,,,,,,,,,,,,,2616.269043,1567.710815,-3159.773438,,,,,,,,,,,,,,,,,,,,,,,,,,,,,,,,,
169,1.690000,0.000000,0.000000,0.000000,1.000000,0.000000,0.000000,0.000000,57.698101,20.499701,-14.700500,0.047771,-0.013570,0.015998,-15.666301,-52.738201,18.801300,-93.396698,0.129960,17.611099,-0.005136,-0.856414,0.050079,-0.513830,2256.026611,1010.851135,-1373.415649,2175.078613,1015.561707,-1366.736572,2298.133789,1010.649658,-1341.141235,2208.960205,1011.597900,-1418.838013,2341.933350,1005.595337,-1366.946655,,,,,,,,,,,,,2616.321045,1567.735474,-3159.684082,,,,,,,,,,,,,,,,,,,,,,,,,,,,,,,,,
170,1.700000,0.000000,0.000000,0.000000,1.000000,0.000000,0.000000,0.000000,57.698101,20.499701,-14.700500,0.047771,-0.013570,0.015998,-15.666301,-52.738201,18.801300,-93.396698,0.129960,17.611099,-0.005136,-0.856414,0.050079,-0.513830,2256.026611,1010.851135,-1373.415649,2175.078613,1015.561707,-1366.736572,2298.133789,1010.649658,-1341.141235,2208.960205,1011.597900,-1418.838013,2341.933350,1005.595337,-1366.946655,,,,,,,,,,,,,2616.314209,1567.761475,-3159.625488,,,,,,,,,,,,,,,,,,,,,,,,,,,,,,,,,
171,1.710000,0.000000,0.000000,0.000000,1.000000,0.000000,0.000000,0.000000,57.698101,20.499701,-14.700500,0.047771,-0.013570,0.015998,-15.666301,-52.738201,18.801300,-93.396698,0.129960,17.611099,-0.005136,-0.856414,0.050079,-0.513830,2256.026611,1010.851135,-1373.415649,2175.078613,1015.561707,-1366.736572,2298.133789,1010.649658,-1341.141235,2208.960205,1011.597900,-1418.838013,2341.933350,1005.595337,-1366.946655,,,,,,,,,,,,,2616.273682,1567.751587,-3159.594482,,,,,,,,,,,,,,,,,,,,,,,,,,,,,,,,,
172,1.720000,0.000000,0.000000,0.000000,1.000000,0.000000,0.000000,0.000000,57.698101,20.499701,-14.700500,0.047771,-0.013570,0.015998,-15.666301,-52.738201,18.801300,-93.396698,0.129960,17.611099,-0.005136,-0.856414,0.050079,-0.513830,2256.026611,1010.851135,-1373.415649,2175.078613,1015.561707,-1366.736572,2298.133789,1010.649658,-1341.141235,2208.960205,1011.597900,-1418.838013,2341.933350,1005.595337,-1366.946655,,,,,,,,,,,,,2616.282715,1567.758057,-3159.540771,,,,,,,,,,,,,,,,,,,,,,,,,,,,,,,,,
173,1.730000,0.000000,0.000000,0.000000,1.000000,0.000000,0.000000,0.000000,57.698101,20.499701,-14.700500,0.047771,-0.013570,0.015998,-15.666301,-52.738201,18.801300,-93.396698,0.129960,17.611099,-0.005136,-0.856414,0.050079,-0.513830,2256.026611,1010.851135,-1373.415649,2175.078613,1015.561707,-1366.736572,2298.133789,1010.649658,-1341.141235,2208.960205,1011.597900,-1418.838013,2341.933350,1005.595337,-1366.946655,,,,,,,,,,,,,2616.288574,1567.744141,-3159.516357,,,,,,,,,,,,,,,,,,,,,,,,,,,,,,,,,
174,1.740000,0.000000,0.000000,0.000000,1.000000,0.000000,0.000000,0.000000,57.698101,20.499701,-14.700500,0.047771,-0.013570,0.015998,-15.666301,-52.738201,18.801300,-93.396698,0.129960,17.611099,-0.005136,-0.856414,0.050079,-0.513830,2256.026611,1010.851135,-1373.415649,2175.078613,1015.561707,-1366.736572,2298.133789,1010.649658,-1341.141235,2208.960205,1011.597900,-1418.838013,2341.933350,1005.595337,-1366.946655,,,,,,,,,,,,,2616.259277,1567.730835,-3159.496338,,,,,,,,,,,,,,,,,,,,,,,,,,,,,,,,,
175,1.750000,0.000000,0.000000,0.000000,1.000000,0.000000,0.000000,0.000000,57.698101,20.499701,-14.700500,0.047771,-0.013570,0.015998,-15.666301,-52.738201,18.801300,-93.396698,0.129960,17.611099,-0.005136,-0.856414,0.050079,-0.513830,2256.026611,1010.851135,-1373.415649,2175.078613,1015.561707,-1366.736572,2298.133789,1010.649658,-1341.141235,2208.960205,1011.597900,-1418.838013,2341.933350,1005.595337,-1366.946655,,,,,,,,,,,,,2616.309570,1567.757568,-3159.489990,,,,,,,,,,,,,,,,,,,,,,,,,,,,,,,,,
176,1.760000,0.000000,0.000000,0.000000,1.000000,0.000000,0.000000,0.000000,57.698101,20.499701,-14.700500,0.047771,-0.013570,0.015998,-15.666301,-52.738201,18.801300,-93.396698,0.129960,17.611099,-0.005136,-0.856414,0.050079,-0.513830,2256.026611,1010.851135,-1373.415649,2175.078613,1015.561707,-1366.736572,2298.133789,1010.649658,-1341.141235,2208.960205,1011.597900,-1418.838013,2341.933350,1005.595337,-1366.946655,,,,,,,,,,,,,2616.283203,1567.741577,-3159.504639,,,,,,,,,,,,,,,,,,,,,,,,,,,,,,,,,
177,1.770000,0.000000,0.000000,0.000000,1.000000,0.000000,0.000000,0.000000,57.698101,20.499701,-14.700500,0.047771,-0.013570,0.015998,-15.666301,-52.738201,18.801300,-93.396698,0.129960,17.611099,-0.005136,-0.856414,0.050079,-0.513830,2256.026611,1010.851135,-1373.415649,2175.078613,1015.561707,-1366.736572,2298.133789,1010.649658,-1341.141235,2208.960205,1011.597900,-1418.838013,2341.933350,1005.595337,-1366.946655,,,,,,,,,,,,,2616.303223,1567.765625,-3159.529785,,,,,,,,,,,,,,,,,,,,,,,,,,,,,,,,,
178,1.780000,0.000000,0.000000,0.000000,1.000000,0.000000,0.000000,0.000000,57.698101,20.499701,-14.700500,0.047771,-0.013570,0.015998,-15.666301,-52.738201,18.801300,-93.396698,0.129960,17.611099,-0.005136,-0.856414,0.050079,-0.513830,2256.026611,1010.851135,-1373.415649,2175.078613,1015.561707,-1366.736572,2298.133789,1010.649658,-1341.141235,2208.960205,1011.597900,-1418.838013,2341.933350,1005.595337,-1366.946655,,,,,,,,,,,,,2616.253662,1567.736572,-3159.578125,,,,,,,,,,,,,,,,,,,,,,,,,,,,,,,,,
179,1.790000,0.000000,0.000000,0.000000,1.000000,0.000000,0.000000,0.000000,57.698101,20.499701,-14.700500,0.047771,-0.013570,0.015998,-15.666301,-52.738201,18.801300,-93.396698,0.129960,17.611099,-0.005136,-0.856414,0.050079,-0.513830,2256.026611,1010.851135,-1373.415649,2175.078613,1015.561707,-1366.736572,2298.133789,1010.649658,-1341.141235,2208.960205,1011.597900,-1418.838013,2341.933350,1005.595337,-1366.946655,,,,,,,,,,,,,2616.305664,1567.786865,-3159.633789,,,,,,,,,,,,,,,,,,,,,,,,,,,,,,,,,
180,1.800000,0.000000,0.000000,0.000000,1.000000,0.000000,0.000000,0.000000,57.698101,20.499701,-14.700500,0.047771,-0.013570,0.015998,-15.666301,-52.738201,18.801300,-93.396698,0.129960,17.611099,-0.005136,-0.856414,0.050079,-0.513830,2256.026611,1010.851135,-1373.415649,2175.078613,1015.561707,-1366.736572,2298.133789,1010.649658,-1341.141235,2208.960205,1011.597900,-1418.838013,2341.933350,1005.595337,-1366.946655,,,,,,,,,,,,,2616.332520,1567.764771,-3159.676514,,,,,,,,,,,,,,,,,,,,,,,,,,,,,,,,,
181,1.810000,0.000000,0.000000,0.000000,1.000000,0.000000,0.000000,0.000000,57.698101,20.499701,-14.700500,0.047771,-0.013570,0.015998,-15.666301,-52.738201,18.801300,-93.396698,0.129960,17.611099,-0.005136,-0.856414,0.050079,-0.513830,2256.026611,1010.851135,-1373.415649,2175.078613,1015.561707,-1366.736572,2298.133789,1010.649658,-1341.141235,2208.960205,1011.597900,-1418.838013,2341.933350,1005.595337,-1366.946655,,,,,,,,,,,,,2616.320312,1567.785645,-3159.743652,,,,,,,,,,,,,,,,,,,,,,,,,,,,,,,,,
182,1.820000,0.000000,0.000000,0.000000,1.000000,0.000000,0.000000,0.000000,57.698101,20.499701,-14.700500,0.047771,-0.013570,0.015998,-15.666301,-52.738201,18.801300,-93.396698,0.129960,17.611099,-0.005136,-0.856414,0.050079,-0.513830,2256.026611,1010.851135,-1373.415649,2175.078613,1015.561707,-1366.736572,2298.133789,1010.649658,-1341.141235,2208.960205,1011.597900,-1418.838013,2341.933350,1005.595337,-1366.946655,,,,,,,,,,,,,2616.298340,1567.748047,-3159.810791,,,,,,,,,,,,,,,,,,,,,,,,,,,,,,,,,
183,1.830000,0.000000,0.000000,0.000000,1.000000,0.000000,0.000000,0.000000,57.698101,20.499701,-14.700500,0.047771,-0.013570,0.015998,-15.666301,-52.738201,18.801300,-93.396698,0.129960,17.611099,-0.005136,-0.856414,0.050079,-0.513830,2256.026611,1010.851135,-1373.415649,2175.078613,1015.561707,-1366.736572,2298.133789,1010.649658,-1341.141235,2208.960205,1011.597900,-1418.838013,2341.933350,1005.595337,-1366.946655,,,,,,,,,,,,,2616.276611,1567.731934,-3159.853760,,,,,,,,,,,,,,,,,,,,,,,,,,,,,,,,,
184,1.840000,0.000000,0.000000,0.000000,1.000000,0.000000,0.000000,0.000000,57.698101,20.499701,-14.700500,0.047771,-0.013570,0.015998,-15.666301,-52.738201,18.801300,-93.396698,0.129960,17.611099,-0.005136,-0.856414,0.050079,-0.513830,2256.026611,1010.851135,-1373.415649,2175.078613,1015.561707,-1366.736572,2298.133789,1010.649658,-1341.141235,2208.960205,1011.597900,-1418.838013,2341.933350,1005.595337,-1366.946655,,,,,,,,,,,,,2616.296387,1567.706543,-3159.892334,,,,,,,,,,,,,,,,,,,,,,,,,,,,,,,,,
185,1.850000,0.000000,0.000000,0.000000,1.000000,0.000000,0.000000,0.000000,57.698101,20.499701,-14.700500,0.047771,-0.013570,0.015998,-15.666301,-52.738201,18.801300,-93.396698,0.129960,17.611099,-0.005136,-0.856414,0.050079,-0.513830,2256.026611,1010.851135,-1373.415649,2175.078613,1015.561707,-1366.736572,2298.133789,1010.649658,-1341.141235,2208.960205,1011.597900,-1418.838013,2341.933350,1005.595337,-1366.946655,,,,,,,,,,,,,2616.333740,1567.724976,-3159.920898,,,,,,,,,,,,,,,,,,,,,,,,,,,,,,,,,
186,1.860000,0.000000,0.000000,0.000000,1.000000,0.000000,0.000000,0.000000,57.698101,20.499701,-14.700500,0.047771,-0.013570,0.015998,-15.666301,-52.738201,18.801300,-93.396698,0.129960,17.611099,-0.005136,-0.856414,0.050079,-0.513830,2256.026611,1010.851135,-1373.415649,2175.078613,1015.561707,-1366.736572,2298.133789,1010.649658,-1341.141235,2208.960205,1011.597900,-1418.838013,2341.933350,1005.595337,-1366.946655,,,,,,,,,,,,,2616.321289,1567.710938,-3159.944824,,,,,,,,,,,,,,,,,,,,,,,,,,,,,,,,,
187,1.870000,0.000000,0.000000,0.000000,1.000000,0.000000,0.000000,0.000000,57.698101,20.499701,-14.700500,0.047771,-0.013570,0.015998,-15.666301,-52.738201,18.801300,-93.396698,0.129960,17.611099,-0.005136,-0.856414,0.050079,-0.513830,2256.026611,1010.851135,-1373.415649,2175.078613,1015.561707,-1366.736572,2298.133789,1010.649658,-1341.141235,2208.960205,1011.597900,-1418.838013,2341.933350,1005.595337,-1366.946655,,,,,,,,,,,,,2616.313477,1567.748413,-3159.964111,,,,,,,,,,,,,,,,,,,,,,,,,,,,,,,,,
188,1.880000,0.000000,0.000000,0.000000,1.000000,0.000000,0.000000,0.000000,57.698101,20.499701,-14.700500,0.047771,-0.013570,0.015998,-15.666301,-52.738201,18.801300,-93.396698,0.129960,17.611099,-0.005136,-0.856414,0.050079,-0.513830,2256.026611,1010.851135,-1373.415649,2175.078613,1015.561707,-1366.736572,2298.133789,1010.649658,-1341.141235,2208.960205,1011.597900,-1418.838013,2341.933350,1005.595337,-1366.946655,,,,,,,,,,,,,2616.302734,1567.773193,-3159.987793,,,,,,,,,,,,,,,,,,,,,,,,,,,,,,,,,
189,1.890000,0.000000,0.000000,0.000000,1.000000,0.000000,0.000000,0.000000,57.698101,20.499701,-14.700500,0.047771,-0.013570,0.015998,-15.666301,-52.738201,18.801300,-93.396698,0.129960,17.611099,-0.005136,-0.856414,0.050079,-0.513830,2256.026611,1010.851135,-1373.415649,2175.078613,1015.561707,-1366.736572,2298.133789,1010.649658,-1341.141235,2208.960205,1011.597900,-1418.838013,2341.933350,1005.595337,-1366.946655,,,,,,,,,,,,,2616.298096,1567.731201,-3159.968506,,,,,,,,,,,,,,,,,,,,,,,,,,,,,,,,,
190,1.900000,0.000000,0.000000,0.000000,1.000000,0.000000,0.000000,0.000000,57.698101,20.499701,-14.700500,0.047771,-0.013570,0.015998,-15.666301,-52.738201,18.801300,-93.396698,0.129960,17.611099,-0.005136,-0.856414,0.050079,-0.513830,2256.026611,1010.851135,-1373.415649,2175.078613,1015.561707,-1366.736572,2298.133789,1010.649658,-1341.141235,2208.960205,1011.597900,-1418.838013,2341.933350,1005.595337,-1366.946655,,,,,,,,,,,,,2616.315918,1567.728760,-3159.928955,,,,,,,,,,,,,,,,,,,,,,,,,,,,,,,,,
191,1.910000,0.000000,0.000000,0.000000,1.000000,0.000000,0.000000,0.000000,57.698101,20.499701,-14.700500,0.047771,-0.013570,0.015998,-15.666301,-52.738201,18.801300,-93.396698,0.129960,17.611099,-0.005136,-0.856414,0.050079,-0.513830,2256.026611,1010.851135,-1373.415649,2175.078613,1015.561707,-1366.736572,2298.133789,1010.649658,-1341.141235,2208.960205,1011.597900,-1418.838013,2341.933350,1005.595337,-1366.946655,,,,,,,,,,,,,2616.317871,1567.719727,-3159.892334,,,,,,,,,,,,,,,,,,,,,,,,,,,,,,,,,
192,1.920000,0.000000,0.000000,0.000000,1.000000,0.000000,0.000000,0.000000,57.698101,20.499701,-14.700500,0.047771,-0.013570,0.015998,-15.666301,-52.738201,18.801300,-93.396698,0.129960,17.611099,-0.005136,-0.856414,0.050079,-0.513830,2256.026611,1010.851135,-1373.415649,2175.078613,1015.561707,-1366.736572,2298.133789,1010.649658,-1341.141235,2208.960205,1011.597900,-1418.838013,2341.933350,1005.595337,-1366.946655,,,,,,,,,,,,,2616.307373,1567.701782,-3159.849365,,,,,,,,,,,,,,,,,,,,,,,,,,,,,,,,,
193,1.930000,0.000000,0.000000,0.000000,1.000000,0.000000,0.000000,0.000000,57.698101,20.499701,-14.700500,0.047771,-0.013570,0.015998,-15.666301,-52.738201,18.801300,-93.396698,0.129960,17.611099,-0.005136,-0.856414,0.050079,-0.513830,2256.026611,1010.851135,-1373.415649,2175.078613,1015.561707,-1366.736572,2298.133789,1010.649658,-1341.141235,2208.960205,1011.597900,-1418.838013,2341.933350,1005.595337,-1366.946655,,,,,,,,,,,,,2616.279053,1567.723389,-3159.798340,,,,,,,,,,,,,,,,,,,,,,,,,,,,,,,,,
194,1.940000,0.000000,0.000000,0.000000,1.000000,0.000000,0.000000,0.000000,57.698101,20.499701,-14.700500,0.047771,-0.013570,0.015998,-15.666301,-52.738201,18.801300,-93.396698,0.129960,17.611099,-0.005136,-0.856414,0.050079,-0.513830,2256.026611,1010.851135,-1373.415649,2175.078613,1015.561707,-1366.736572,2298.133789,1010.649658,-1341.141235,2208.960205,1011.597900,-1418.838013,2341.933350,1005.595337,-1366.946655,,,,,,,,,,,,,2616.249268,1567.730347,-3159.761475,,,,,,,,,,,,,,,,,,,,,,,,,,,,,,,,,
195,1.950000,0.000000,0.000000,0.000000,1.000000,0.000000,0.000000,0.000000,57.698101,20.499701,-14.700500,0.047771,-0.013570,0.015998,-15.666301,-52.738201,18.801300,-93.396698,0.129960,17.611099,-0.005136,-0.856414,0.050079,-0.513830,2256.026611,1010.851135,-1373.415649,2175.078613,1015.561707,-1366.736572,2298.133789,1010.649658,-1341.141235,2208.960205,1011.597900,-1418.838013,2341.933350,1005.595337,-1366.946655,,,,,,,,,,,,,2616.281738,1567.784058,-3159.706055,,,,,,,,,,,,,,,,,,,,,,,,,,,,,,,,,
196,1.960000,0.000000,0.000000,0.000000,1.000000,0.000000,0.000000,0.000000,57.698101,20.499701,-14.700500,0.047771,-0.013570,0.015998,-15.666301,-52.738201,18.801300,-93.396698,0.129960,17.611099,-0.005136,-0.856414,0.050079,-0.513830,2256.026611,1010.851135,-1373.415649,2175.078613,1015.561707,-1366.736572,2298.133789,1010.649658,-1341.141235,2208.960205,1011.597900,-1418.838013,2341.933350,1005.595337,-1366.946655,,,,,,,,,,,,,2616.302002,1567.749146,-3159.631836,,,,,,,,,,,,,,,,,,,,,,,,,,,,,,,,,
197,1.970000,0.000000,0.000000,0.000000,1.000000,0.000000,0.000000,0.000000,57.698101,20.499701,-14.700500,0.047771,-0.013570,0.015998,-15.666301,-52.738201,18.801300,-93.396698,0.129960,17.611099,-0.005136,-0.856414,0.050079,-0.513830,2256.026611,1010.851135,-1373.415649,2175.078613,1015.561707,-1366.736572,2298.133789,1010.649658,-1341.141235,2208.960205,1011.597900,-1418.838013,2341.933350,1005.595337,-1366.946655,,,,,,,,,,,,,2616.301025,1567.740479,-3159.578613,,,,,,,,,,,,,,,,,,,,,,,,,,,,,,,,,
198,1.980000,0.000000,0.000000,0.000000,1.000000,0.000000,0.000000,0.000000,57.698101,20.499701,-14.700500,0.047771,-0.013570,0.015998,-15.666301,-52.738201,18.801300,-93.396698,0.129960,17.611099,-0.005136,-0.856414,0.050079,-0.513830,2256.026611,1010.851135,-1373.415649,2175.078613,1015.561707,-1366.736572,2298.133789,1010.649658,-1341.141235,2208.960205,1011.597900,-1418.838013,2341.933350,1005.595337,-1366.946655,,,,,,,,,,,,,2616.301758,1567.764404,-3159.537598,,,,,,,,,,,,,,,,,,,,,,,,,,,,,,,,,
199,1.990000,0.000000,0.000000,0.000000,1.000000,0.000000,0.000000,0.000000,57.698101,20.499701,-14.700500,0.047771,-0.013570,0.015998,-15.666301,-52.738201,18.801300,-93.396698,0.129960,17.611099,-0.005136,-0.856414,0.050079,-0.513830,2256.026611,1010.851135,-1373.415649,2175.078613,1015.561707,-1366.736572,2298.133789,1010.649658,-1341.141235,2208.960205,1011.597900,-1418.838013,2341.933350,1005.595337,-1366.946655,,,,,,,,,,,,,2616.290527,1567.702637,-3159.506348,,,,,,,,,,,,,,,,,,,,,,,,,,,,,,,,,
200,2.000000,0.000000,0.000000,0.000000,1.000000,0.000000,0.000000,0.000000,57.698101,20.499701,-14.700500,0.047771,-0.013570,0.015998,-15.666301,-52.738201,18.801300,-93.396698,0.129960,17.611099,-0.005136,-0.856414,0.050079,-0.513830,2256.026611,1010.851135,-1373.415649,2175.078613,1015.561707,-1366.736572,2298.133789,1010.649658,-1341.141235,2208.960205,1011.597900,-1418.838013,2341.933350,1005.595337,-1366.946655,,,,,,,,,,,,,2616.291504,1567.757080,-3159.497070,,,,,,,,,,,,,,,,,,,,,,,,,,,,,,,,,
201,2.010000,0.000000,0.000000,0.000000,1.000000,0.000000,0.000000,0.000000,57.698101,20.499701,-14.700500,0.047771,-0.013570,0.015998,-15.666301,-52.738201,18.801300,-93.396698,0.129960,17.611099,-0.005136,-0.856414,0.050079,-0.513830,2256.026611,1010.851135,-1373.415649,2175.078613,1015.561707,-1366.736572,2298.133789,1010.649658,-1341.141235,2208.960205,1011.597900,-1418.838013,2341.933350,1005.595337,-1366.946655,,,,,,,,,,,,,2616.283203,1567.761353,-3159.514160,,,,,,,,,,,,,,,,,,,,,,,,,,,,,,,,,
202,2.020000,0.000000,0.000000,0.000000,1.000000,0.000000,0.000000,0.000000,57.698101,20.499701,-14.700500,0.047771,-0.013570,0.015998,-15.666301,-52.738201,18.801300,-93.396698,0.129960,17.611099,-0.005136,-0.856414,0.050079,-0.513830,2256.026611,1010.851135,-1373.415649,2175.078613,1015.561707,-1366.736572,2298.133789,1010.649658,-1341.141235,2208.960205,1011.597900,-1418.838013,2341.933350,1005.595337,-1366.946655,,,,,,,,,,,,,2616.295654,1567.705566,-3159.512207,,,,,,,,,,,,,,,,,,,,,,,,,,,,,,,,,
203,2.030000,0.000000,0.000000,0.000000,1.000000,0.000000,0.000000,0.000000,57.698101,20.499701,-14.700500,0.047771,-0.013570,0.015998,-15.666301,-52.738201,18.801300,-93.396698,0.129960,17.611099,-0.005136,-0.856414,0.050079,-0.513830,2256.026611,1010.851135,-1373.415649,2175.078613,1015.561707,-1366.736572,2298.133789,1010.649658,-1341.141235,2208.960205,1011.597900,-1418.838013,2341.933350,1005.595337,-1366.946655,,,,,,,,,,,,,2616.326660,1567.717285,-3159.516846,,,,,,,,,,,,,,,,,,,,,,,,,,,,,,,,,
204,2.040000,0.000000,0.000000,0.000000,1.000000,0.000000,0.000000,0.000000,57.698101,20.499701,-14.700500,0.047771,-0.013570,0.015998,-15.666301,-52.738201,18.801300,-93.396698,0.129960,17.611099,-0.005136,-0.856414,0.050079,-0.513830,2256.026611,1010.851135,-1373.415649,2175.078613,1015.561707,-1366.736572,2298.133789,1010.649658,-1341.141235,2208.960205,1011.597900,-1418.838013,2341.933350,1005.595337,-1366.946655,,,,,,,,,,,,,2616.313721,1567.770020,-3159.571289,,,,,,,,,,,,,,,,,,,,,,,,,,,,,,,,,
205,2.050000,0.000000,0.000000,0.000000,1.000000,0.000000,0.000000,0.000000,57.698101,20.499701,-14.700500,0.047771,-0.013570,0.015998,-15.666301,-52.738201,18.801300,-93.396698,0.129960,17.611099,-0.005136,-0.856414,0.050079,-0.513830,2256.026611,1010.851135,-1373.415649,2175.078613,1015.561707,-1366.736572,2298.133789,1010.649658,-1341.141235,2208.960205,1011.597900,-1418.838013,2341.933350,1005.595337,-1366.946655,,,,,,,,,,,,,2616.295898,1567.760254,-3159.635254,,,,,,,,,,,,,,,,,,,,,,,,,,,,,,,,,
206,2.060000,0.000000,0.000000,0.000000,1.000000,0.000000,0.000000,0.000000,57.698101,20.499701,-14.700500,0.047771,-0.013570,0.015998,-15.666301,-52.738201,18.801300,-93.396698,0.129960,17.611099,-0.005136,-0.856414,0.050079,-0.513830,2256.026611,1010.851135,-1373.415649,2175.078613,1015.561707,-1366.736572,2298.133789,1010.649658,-1341.141235,2208.960205,1011.597900,-1418.838013,2341.933350,1005.595337,-1366.946655,,,,,,,,,,,,,2616.305664,1567.764404,-3159.688232,,,,,,,,,,,,,,,,,,,,,,,,,,,,,,,,,
207,2.070000,0.000000,0.000000,0.000000,1.000000,0.000000,0.000000,0.000000,57.698101,20.499701,-14.700500,0.047771,-0.013570,0.015998,-15.666301,-52.738201,18.801300,-93.396698,0.129960,17.611099,-0.005136,-0.856414,0.050079,-0.513830,2256.026611,1010.851135,-1373.415649,2175.078613,1015.561707,-1366.736572,2298.133789,1010.649658,-1341.141235,2208.960205,1011.597900,-1418.838013,2341.933350,1005.595337,-1366.946655,,,,,,,,,,,,,2616.332275,1567.714355,-3159.736572,,,,,,,,,,,,,,,,,,,,,,,,,,,,,,,,,
208,2.080000,0.000000,0.000000,0.000000,1.000000,0.000000,0.000000,0.000000,57.698101,20.499701,-14.700500,0.047771,-0.013570,0.015998,-15.666301,-52.738201,18.801300,-93.396698,0.129960,17.611099,-0.005136,-0.856414,0.050079,-0.513830,2256.026611,1010.851135,-1373.415649,2175.078613,1015.561707,-1366.736572,2298.133789,1010.649658,-1341.141235,2208.960205,1011.597900,-1418.838013,2341.933350,1005.595337,-1366.946655,,,,,,,,,,,,,2616.349609,1567.687012,-3159.772217,,,,,,,,,,,,,,,,,,,,,,,,,,,,,,,,,
209,2.090000,0.000000,0.000000,0.000000,1.000000,0.000000,0.000000,0.000000,57.698101,20.499701,-14.700500,0.047771,-0.013570,0.015998,-15.666301,-52.738201,18.801300,-93.396698,0.129960,17.611099,-0.005136,-0.856414,0.050079,-0.513830,2256.026611,1010.851135,-1373.415649,2175.078613,1015.561707,-1366.736572,2298.133789,1010.649658,-1341.141235,2208.960205,1011.597900,-1418.838013,2341.933350,1005.595337,-1366.946655,,,,,,,,,,,,,2616.315430,1567.729248,-3159.844482,,,,,,,,,,,,,,,,,,,,,,,,,,,,,,,,,
210,2.100000,0.000000,0.000000,0.000000,1.000000,0.000000,0.000000,0.000000,57.698101,20.499701,-14.700500,0.047771,-0.013570,0.015998,-15.666301,-52.738201,18.801300,-93.396698,0.129960,17.611099,-0.005136,-0.856414,0.050079,-0.513830,2256.026611,1010.851135,-1373.415649,2175.078613,1015.561707,-1366.736572,2298.133789,1010.649658,-1341.141235,2208.960205,1011.597900,-1418.838013,2341.933350,1005.595337,-1366.946655,,,,,,,,,,,,,2616.304443,1567.758423,-3159.901123,,,,,,,,,,,,,,,,,,,,,,,,,,,,,,,,,
211,2.110000,0.000000,0.000000,0.000000,1.000000,0.000000,0.000000,0.000000,57.698101,20.499701,-14.700500,0.047771,-0.013570,0.015998,-15.666301,-52.738201,18.801300,-93.396698,0.129960,17.611099,-0.005136,-0.856414,0.050079,-0.513830,2256.026611,1010.851135,-1373.415649,2175.078613,1015.561707,-1366.736572,2298.133789,1010.649658,-1341.141235,2208.960205,1011.597900,-1418.838013,2341.933350,1005.595337,-1366.946655,,,,,,,,,,,,,2616.299805,1567.739014,-3159.935547,,,,,,,,,,,,,,,,,,,,,,,,,,,,,,,,,
212,2.120000,0.000000,0.000000,0.000000,1.000000,0.000000,0.000000,0.000000,57.698101,20.499701,-14.700500,0.047771,-0.013570,0.015998,-15.666301,-52.738201,18.801300,-93.396698,0.129960,17.611099,-0.005136,-0.856414,0.050079,-0.513830,2256.026611,1010.851135,-1373.415649,2175.078613,1015.561707,-1366.736572,2298.133789,1010.649658,-1341.141235,2208.960205,1011.597900,-1418.838013,2341.933350,1005.595337,-1366.946655,,,,,,,,,,,,,2616.308838,1567.736450,-3159.954102,,,,,,,,,,,,,,,,,,,,,,,,,,,,,,,,,
213,2.130000,0.000000,0.000000,0.000000,1.000000,0.000000,0.000000,0.000000,57.698101,20.499701,-14.700500,0.047771,-0.013570,0.015998,-15.666301,-52.738201,18.801300,-93.396698,0.129960,17.611099,-0.005136,-0.856414,0.050079,-0.513830,2256.026611,1010.851135,-1373.415649,2175.078613,1015.561707,-1366.736572,2298.133789,1010.649658,-1341.141235,2208.960205,1011.597900,-1418.838013,2341.933350,1005.595337,-1366.946655,,,,,,,,,,,,,2616.299805,1567.771973,-3159.967285,,,,,,,,,,,,,,,,,,,,,,,,,,,,,,,,,
214,2.140000,0.000000,0.000000,0.000000,1.000000,0.000000,0.000000,0.000000,57.698101,20.499701,-14.700500,0.047771,-0.013570,0.015998,-15.666301,-52.738201,18.801300,-93.396698,0.129960,17.611099,-0.005136,-0.856414,0.050079,-0.513830,2256.026611,1010.851135,-1373.415649,2175.078613,1015.561707,-1366.736572,2298.133789,1010.649658,-1341.141235,2208.960205,1011.597900,-1418.838013,2341.933350,1005.595337,-1366.946655,,,,,,,,,,,,,2616.322510,1567.751099,-3159.968018,,,,,,,,,,,,,,,,,,,,,,,,,,,,,,,,,
215,2.150000,0.000000,0.000000,0.000000,1.000000,0.000000,0.000000,0.000000,57.698101,20.499701,-14.700500,0.047771,-0.013570,0.015998,-15.666301,-52.738201,18.801300,-93.396698,0.129960,17.611099,-0.005136,-0.856414,0.050079,-0.513830,2256.026611,1010.851135,-1373.415649,2175.078613,1015.561707,-1366.736572,2298.133789,1010.649658,-1341.141235,2208.960205,1011.597900,-1418.838013,2341.933350,1005.595337,-1366.946655,,,,,,,,,,,,,2616.296875,1567.758301,-3159.960205,,,,,,,,,,,,,,,,,,,,,,,,,,,,,,,,,
216,2.160000,0.000000,0.000000,0.000000,1.000000,0.000000,0.000000,0.000000,57.698101,20.499701,-14.700500,0.047771,-0.013570,0.015998,-15.666301,-52.738201,18.801300,-93.396698,0.129960,17.611099,-0.005136,-0.856414,0.050079,-0.513830,2256.026611,1010.851135,-1373.415649,2175.078613,1015.561707,-1366.736572,2298.133789,1010.649658,-1341.141235,2208.960205,1011.597900,-1418.838013,2341.933350,1005.595337,-1366.946655,,,,,,,,,,,,,2616.290283,1567.743408,-3159.937500,,,,,,,,,,,,,,,,,,,,,,,,,,,,,,,,,
217,2.170000,0.000000,0.000000,0.000000,1.000000,0.000000,0.000000,0.000000,57.698101,20.499701,-14.700500,0.047771,-0.013570,0.015998,-15.666301,-52.738201,18.801300,-93.396698,0.129960,17.611099,-0.005136,-0.856414,0.050079,-0.513830,2256.026611,1010.851135,-1373.415649,2175.078613,1015.561707,-1366.736572,2298.133789,1010.649658,-1341.141235,2208.960205,1011.597900,-1418.838013,2341.933350,1005.595337,-1366.946655,,,,,,,,,,,,,2616.301514,1567.728149,-3159.899414,,,,,,,,,,,,,,,,,,,,,,,,,,,,,,,,,
218,2.180000,0.000000,0.000000,0.000000,1.000000,0.000000,0.000000,0.000000,57.698101,20.499701,-14.700500,0.047771,-0.013570,0.015998,-15.666301,-52.738201,18.801300,-93.396698,0.129960,17.611099,-0.005136,-0.856414,0.050079,-0.513830,2256.026611,1010.851135,-1373.415649,2175.078613,1015.561707,-1366.736572,2298.133789,1010.649658,-1341.141235,2208.960205,1011.597900,-1418.838013,2341.933350,1005.595337,-1366.946655,,,,,,,,,,,,,2616.254639,1567.715698,-3159.861084,,,,,,,,,,,,,,,,,,,,,,,,,,,,,,,,,
219,2.190000,0.000000,0.000000,0.000000,1.000000,0.000000,0.000000,0.000000,57.698101,20.499701,-14.700500,0.047771,-0.013570,0.015998,-15.666301,-52.738201,18.801300,-93.396698,0.129960,17.611099,-0.005136,-0.856414,0.050079,-0.513830,2256.026611,1010.851135,-1373.415649,2175.078613,1015.561707,-1366.736572,2298.133789,1010.649658,-1341.141235,2208.960205,1011.597900,-1418.838013,2341.933350,1005.595337,-1366.946655,,,,,,,,,,,,,2616.253418,1567.708984,-3159.803955,,,,,,,,,,,,,,,,,,,,,,,,,,,,,,,,,
220,2.200000,0.000000,0.000000,0.000000,1.000000,0.000000,0.000000,0.000000,57.698101,20.499701,-14.700500,0.047771,-0.013570,0.015998,-15.666301,-52.738201,18.801300,-93.396698,0.129960,17.611099,-0.005136,-0.856414,0.050079,-0.513830,2256.026611,1010.851135,-1373.415649,2175.078613,1015.561707,-1366.736572,2298.133789,1010.649658,-1341.141235,2208.960205,1011.597900,-1418.838013,2341.933350,1005.595337,-1366.946655,,,,,,,,,,,,,2616.293945,1567.724365,-3159.735352,,,,,,,,,,,,,,,,,,,,,,,,,,,,,,,,,
221,2.210000,0.000000,0.000000,0.000000,1.000000,0.000000,0.000000,0.000000,57.698101,20.499701,-14.700500,0.047771,-0.013570,0.015998,-15.666301,-52.738201,18.801300,-93.396698,0.129960,17.611099,-0.005136,-0.856414,0.050079,-0.513830,2256.026611,1010.851135,-1373.415649,2175.078613,1015.561707,-1366.736572,2298.133789,1010.649658,-1341.141235,2208.960205,1011.597900,-1418.838013,2341.933350,1005.595337,-1366.946655,,,,,,,,,,,,,2616.279053,1567.759644,-3159.694092,,,,,,,,,,,,,,,,,,,,,,,,,,,,,,,,,
222,2.220000,0.000000,0.000000,0.000000,1.000000,0.000000,0.000000,0.000000,57.698101,20.499701,-14.700500,0.047771,-0.013570,0.015998,-15.666301,-52.738201,18.801300,-93.396698,0.129960,17.611099,-0.005136,-0.856414,0.050079,-0.513830,2256.026611,1010.851135,-1373.415649,2175.078613,1015.561707,-1366.736572,2298.133789,1010.649658,-1341.141235,2208.960205,1011.597900,-1418.838013,2341.933350,1005.595337,-1366.946655,,,,,,,,,,,,,2616.271973,1567.784058,-3159.651123,,,,,,,,,,,,,,,,,,,,,,,,,,,,,,,,,
223,2.230000,0.000000,0.000000,0.000000,1.000000,0.000000,0.000000,0.000000,57.698101,20.499701,-14.700500,0.047771,-0.013570,0.015998,-15.666301,-52.738201,18.801300,-93.396698,0.129960,17.611099,-0.005136,-0.856414,0.050079,-0.513830,2256.026611,1010.851135,-1373.415649,2175.078613,1015.561707,-1366.736572,2298.133789,1010.649658,-1341.141235,2208.960205,1011.597900,-1418.838013,2341.933350,1005.595337,-1366.946655,,,,,,,,,,,,,2616.277832,1567.758789,-3159.594727,,,,,,,,,,,,,,,,,,,,,,,,,,,,,,,,,
224,2.240000,0.000000,0.000000,0.000000,1.000000,0.000000,0.000000,0.000000,57.698101,20.499701,-14.700500,0.047771,-0.013570,0.015998,-15.666301,-52.738201,18.801300,-93.396698,0.129960,17.611099,-0.005136,-0.856414,0.050079,-0.513830,2256.026611,1010.851135,-1373.415649,2175.078613,1015.561707,-1366.736572,2298.133789,1010.649658,-1341.141235,2208.960205,1011.597900,-1418.838013,2341.933350,1005.595337,-1366.946655,,,,,,,,,,,,,2616.335205,1567.782715,-3159.549561,,,,,,,,,,,,,,,,,,,,,,,,,,,,,,,,,
225,2.250000,0.000000,0.000000,0.000000,1.000000,0.000000,0.000000,0.000000,57.698101,20.499701,-14.700500,0.047771,-0.013570,0.015998,-15.666301,-52.738201,18.801300,-93.396698,0.129960,17.611099,-0.005136,-0.856414,0.050079,-0.513830,2256.026611,1010.851135,-1373.415649,2175.078613,1015.561707,-1366.736572,2298.133789,1010.649658,-1341.141235,2208.960205,1011.597900,-1418.838013,2341.933350,1005.595337,-1366.946655,,,,,,,,,,,,,2616.286621,1567.765625,-3159.521240,,,,,,,,,,,,,,,,,,,,,,,,,,,,,,,,,
226,2.260000,0.000000,0.000000,0.000000,1.000000,0.000000,0.000000,0.000000,57.698101,20.499701,-14.700500,0.047771,-0.013570,0.015998,-15.666301,-52.738201,18.801300,-93.396698,0.129960,17.611099,-0.005136,-0.856414,0.050079,-0.513830,2256.026611,1010.851135,-1373.415649,2175.078613,1015.561707,-1366.736572,2298.133789,1010.649658,-1341.141235,2208.960205,1011.597900,-1418.838013,2341.933350,1005.595337,-1366.946655,,,,,,,,,,,,,2616.311523,1567.799805,-3159.513184,,,,,,,,,,,,,,,,,,,,,,,,,,,,,,,,,
227,2.270000,0.000000,0.000000,0.000000,1.000000,0.000000,0.000000,0.000000,57.698101,20.499701,-14.700500,0.047771,-0.013570,0.015998,-15.666301,-52.738201,18.801300,-93.396698,0.129960,17.611099,-0.005136,-0.856414,0.050079,-0.513830,2256.026611,1010.851135,-1373.415649,2175.078613,1015.561707,-1366.736572,2298.133789,1010.649658,-1341.141235,2208.960205,1011.597900,-1418.838013,2341.933350,1005.595337,-1366.946655,,,,,,,,,,,,,2616.275879,1567.755127,-3159.521240,,,,,,,,,,,,,,,,,,,,,,,,,,,,,,,,,
228,2.280000,0.000000,0.000000,0.000000,1.000000,0.000000,0.000000,0.000000,57.698101,20.499701,-14.700500,0.047771,-0.013570,0.015998,-15.666301,-52.738201,18.801300,-93.396698,0.129960,17.611099,-0.005136,-0.856414,0.050079,-0.513830,2256.026611,1010.851135,-1373.415649,2175.078613,1015.561707,-1366.736572,2298.133789,1010.649658,-1341.141235,2208.960205,1011.597900,-1418.838013,2341.933350,1005.595337,-1366.946655,,,,,,,,,,,,,2616.283203,1567.749634,-3159.524170,,,,,,,,,,,,,,,,,,,,,,,,,,,,,,,,,
229,2.290000,0.000000,0.000000,0.000000,1.000000,0.000000,0.000000,0.000000,57.698101,20.499701,-14.700500,0.047771,-0.013570,0.015998,-15.666301,-52.738201,18.801300,-93.396698,0.129960,17.611099,-0.005136,-0.856414,0.050079,-0.513830,2256.026611,1010.851135,-1373.415649,2175.078613,1015.561707,-1366.736572,2298.133789,1010.649658,-1341.141235,2208.960205,1011.597900,-1418.838013,2341.933350,1005.595337,-1366.946655,,,,,,,,,,,,,2616.336914,1567.776123,-3159.549072,,,,,,,,,,,,,,,,,,,,,,,,,,,,,,,,,
230,2.300000,0.000000,0.000000,0.000000,1.000000,0.000000,0.000000,0.000000,57.698101,20.499701,-14.700500,0.047771,-0.013570,0.015998,-15.666301,-52.738201,18.801300,-93.396698,0.129960,17.611099,-0.005136,-0.856414,0.050079,-0.513830,2256.026611,1010.851135,-1373.415649,2175.078613,1015.561707,-1366.736572,2298.133789,1010.649658,-1341.141235,2208.960205,1011.597900,-1418.838013,2341.933350,1005.595337,-1366.946655,,,,,,,,,,,,,2616.319336,1567.796387,-3159.596680,,,,,,,,,,,,,,,,,,,,,,,,,,,,,,,,,
231,2.310000,0.000000,0.000000,0.000000,1.000000,0.000000,0.000000,0.000000,57.698101,20.499701,-14.700500,0.047771,-0.013570,0.015998,-15.666301,-52.738201,18.801300,-93.396698,0.129960,17.611099,-0.005136,-0.856414,0.050079,-0.513830,2256.026611,1010.851135,-1373.415649,2175.078613,1015.561707,-1366.736572,2298.133789,1010.649658,-1341.141235,2208.960205,1011.597900,-1418.838013,2341.933350,1005.595337,-1366.946655,,,,,,,,,,,,,2616.346436,1567.755859,-3159.632324,,,,,,,,,,,,,,,,,,,,,,,,,,,,,,,,,
232,2.320000,0.000000,0.000000,0.000000,1.000000,0.000000,0.000000,0.000000,57.698101,20.499701,-14.700500,0.047771,-0.013570,0.015998,-15.666301,-52.738201,18.801300,-93.396698,0.129960,17.611099,-0.005136,-0.856414,0.050079,-0.513830,2256.026611,1010.851135,-1373.415649,2175.078613,1015.561707,-1366.736572,2298.133789,1010.649658,-1341.141235,2208.960205,1011.597900,-1418.838013,2341.933350,1005.595337,-1366.946655,,,,,,,,,,,,,2616.348877,1567.740601,-3159.677002,,,,,,,,,,,,,,,,,,,,,,,,,,,,,,,,,
233,2.330000,0.000000,0.000000,0.000000,1.000000,0.000000,0.000000,0.000000,57.698101,20.499701,-14.700500,0.047771,-0.013570,0.015998,-15.666301,-52.738201,18.801300,-93.396698,0.129960,17.611099,-0.005136,-0.856414,0.050079,-0.513830,2256.026611,1010.851135,-1373.415649,2175.078613,1015.561707,-1366.736572,2298.133789,1010.649658,-1341.141235,2208.960205,1011.597900,-1418.838013,2341.933350,1005.595337,-1366.946655,,,,,,,,,,,,,2616.311523,1567.761230,-3159.762207,,,,,,,,,,,,,,,,,,,,,,,,,,,,,,,,,
234,2.340000,0.000000,0.000000,0.000000,1.000000,0.000000,0.000000,0.000000,57.698101,20.499701,-14.700500,0.047771,-0.013570,0.015998,-15.666301,-52.738201,18.801300,-93.396698,0.129960,17.611099,-0.005136,-0.856414,0.050079,-0.513830,2256.026611,1010.851135,-1373.415649,2175.078613,1015.561707,-1366.736572,2298.133789,1010.649658,-1341.141235,2208.960205,1011.597900,-1418.838013,2341.933350,1005.595337,-1366.946655,,,,,,,,,,,,,2616.283447,1567.718506,-3159.818359,,,,,,,,,,,,,,,,,,,,,,,,,,,,,,,,,
235,2.350000,0.000000,0.000000,0.000000,1.000000,0.000000,0.000000,0.000000,57.698101,20.499701,-14.700500,0.047771,-0.013570,0.015998,-15.666301,-52.738201,18.801300,-93.396698,0.129960,17.611099,-0.005136,-0.856414,0.050079,-0.513830,2256.026611,1010.851135,-1373.415649,2175.078613,1015.561707,-1366.736572,2298.133789,1010.649658,-1341.141235,2208.960205,1011.597900,-1418.838013,2341.933350,1005.595337,-1366.946655,,,,,,,,,,,,,2616.344482,1567.757812,-3159.845703,,,,,,,,,,,,,,,,,,,,,,,,,,,,,,,,,
236,2.360000,0.000000,0.000000,0.000000,1.000000,0.000000,0.000000,0.000000,57.698101,20.499701,-14.700500,0.047771,-0.013570,0.015998,-15.666301,-52.738201,18.801300,-93.396698,0.129960,17.611099,-0.005136,-0.856414,0.050079,-0.513830,2256.026611,1010.851135,-1373.415649,2175.078613,1015.561707,-1366.736572,2298.133789,1010.649658,-1341.141235,2208.960205,1011.597900,-1418.838013,2341.933350,1005.595337,-1366.946655,,,,,,,,,,,,,2616.288330,1567.710083,-3159.889160,,,,,,,,,,,,,,,,,,,,,,,,,,,,,,,,,
237,2.370000,0.000000,0.000000,0.000000,1.000000,0.000000,0.000000,0.000000,57.698101,20.499701,-14.700500,0.047771,-0.013570,0.015998,-15.666301,-52.738201,18.801300,-93.396698,0.129960,17.611099,-0.005136,-0.856414,0.050079,-0.513830,2256.026611,1010.851135,-1373.415649,2175.078613,1015.561707,-1366.736572,2298.133789,1010.649658,-1341.141235,2208.960205,1011.597900,-1418.838013,2341.933350,1005.595337,-1366.946655,,,,,,,,,,,,,2616.318359,1567.752563,-3159.926270,,,,,,,,,,,,,,,,,,,,,,,,,,,,,,,,,
238,2.380000,0.000000,0.000000,0.000000,1.000000,0.000000,0.000000,0.000000,57.698101,20.499701,-14.700500,0.047771,-0.013570,0.015998,-15.666301,-52.738201,18.801300,-93.396698,0.129960,17.611099,-0.005136,-0.856414,0.050079,-0.513830,2256.026611,1010.851135,-1373.415649,2175.078613,1015.561707,-1366.736572,2298.133789,1010.649658,-1341.141235,2208.960205,1011.597900,-1418.838013,2341.933350,1005.595337,-1366.946655,,,,,,,,,,,,,2616.317871,1567.726562,-3159.958008,,,,,,,,,,,,,,,,,,,,,,,,,,,,,,,,,
239,2.390000,0.000000,0.000000,0.000000,1.000000,0.000000,0.000000,0.000000,57.698101,20.499701,-14.700500,0.047771,-0.013570,0.015998,-15.666301,-52.738201,18.801300,-93.396698,0.129960,17.611099,-0.005136,-0.856414,0.050079,-0.513830,2256.026611,1010.851135,-1373.415649,2175.078613,1015.561707,-1366.736572,2298.133789,1010.649658,-1341.141235,2208.960205,1011.597900,-1418.838013,2341.933350,1005.595337,-1366.946655,,,,,,,,,,,,,2616.318115,1567.746460,-3159.958252,,,,,,,,,,,,,,,,,,,,,,,,,,,,,,,,,
240,2.400000,0.000000,0.000000,0.000000,1.000000,0.000000,0.000000,0.000000,57.698101,20.499701,-14.700500,0.047771,-0.013570,0.015998,-15.666301,-52.738201,18.801300,-93.396698,0.129960,17.611099,-0.005136,-0.856414,0.050079,-0.513830,2256.026611,1010.851135,-1373.415649,2175.078613,1015.561707,-1366.736572,2298.133789,1010.649658,-1341.141235,2208.960205,1011.597900,-1418.838013,2341.933350,1005.595337,-1366.946655,,,,,,,,,,,,,2616.306152,1567.749023,-3159.967041,,,,,,,,,,,,,,,,,,,,,,,,,,,,,,,,,
241,2.410000,0.000000,0.000000,0.000000,1.000000,0.000000,0.000000,0.000000,57.698101,20.499701,-14.700500,0.047771,-0.013570,0.015998,-15.666301,-52.738201,18.801300,-93.396698,0.129960,17.611099,-0.005136,-0.856414,0.050079,-0.513830,2256.026611,1010.851135,-1373.415649,2175.078613,1015.561707,-1366.736572,2298.133789,1010.649658,-1341.141235,2208.960205,1011.597900,-1418.838013,2341.933350,1005.595337,-1366.946655,,,,,,,,,,,,,2616.293701,1567.736328,-3159.946777,,,,,,,,,,,,,,,,,,,,,,,,,,,,,,,,,
242,2.420000,0.000000,0.000000,0.000000,1.000000,0.000000,0.000000,0.000000,57.698101,20.499701,-14.700500,0.047771,-0.013570,0.015998,-15.666301,-52.738201,18.801300,-93.396698,0.129960,17.611099,-0.005136,-0.856414,0.050079,-0.513830,2256.026611,1010.851135,-1373.415649,2175.078613,1015.561707,-1366.736572,2298.133789,1010.649658,-1341.141235,2208.960205,1011.597900,-1418.838013,2341.933350,1005.595337,-1366.946655,,,,,,,,,,,,,2616.279297,1567.755859,-3159.929199,,,,,,,,,,,,,,,,,,,,,,,,,,,,,,,,,
243,2.430000,0.000000,0.000000,0.000000,1.000000,0.000000,0.000000,0.000000,57.698101,20.499701,-14.700500,0.047771,-0.013570,0.015998,-15.666301,-52.738201,18.801300,-93.396698,0.129960,17.611099,-0.005136,-0.856414,0.050079,-0.513830,2256.026611,1010.851135,-1373.415649,2175.078613,1015.561707,-1366.736572,2298.133789,1010.649658,-1341.141235,2208.960205,1011.597900,-1418.838013,2341.933350,1005.595337,-1366.946655,,,,,,,,,,,,,2616.258057,1567.731934,-3159.899658,,,,,,,,,,,,,,,,,,,,,,,,,,,,,,,,,
244,2.440000,0.000000,0.000000,0.000000,1.000000,0.000000,0.000000,0.000000,57.698101,20.499701,-14.700500,0.047771,-0.013570,0.015998,-15.666301,-52.738201,18.801300,-93.396698,0.129960,17.611099,-0.005136,-0.856414,0.050079,-0.513830,2256.026611,1010.851135,-1373.415649,2175.078613,1015.561707,-1366.736572,2298.133789,1010.649658,-1341.141235,2208.960205,1011.597900,-1418.838013,2341.933350,1005.595337,-1366.946655,,,,,,,,,,,,,2616.276367,1567.717163,-3159.842529,,,,,,,,,,,,,,,,,,,,,,,,,,,,,,,,,
245,2.450000,0.000000,0.000000,0.000000,1.000000,0.000000,0.000000,0.000000,57.698101,20.499701,-14.700500,0.047771,-0.013570,0.015998,-15.666301,-52.738201,18.801300,-93.396698,0.129960,17.611099,-0.005136,-0.856414,0.050079,-0.513830,2256.026611,1010.851135,-1373.415649,2175.078613,1015.561707,-1366.736572,2298.133789,1010.649658,-1341.141235,2208.960205,1011.597900,-1418.838013,2341.933350,1005.595337,-1366.946655,,,,,,,,,,,,,2616.301270,1567.749634,-3159.790527,,,,,,,,,,,,,,,,,,,,,,,,,,,,,,,,,
246,2.460000,0.000000,0.000000,0.000000,1.000000,0.000000,0.000000,0.000000,57.698101,20.499701,-14.700500,0.047771,-0.013570,0.015998,-15.666301,-52.738201,18.801300,-93.396698,0.129960,17.611099,-0.005136,-0.856414,0.050079,-0.513830,2256.026611,1010.851135,-1373.415649,2175.078613,1015.561707,-1366.736572,2298.133789,1010.649658,-1341.141235,2208.960205,1011.597900,-1418.838013,2341.933350,1005.595337,-1366.946655,,,,,,,,,,,,,2616.287842,1567.744995,-3159.748047,,,,,,,,,,,,,,,,,,,,,,,,,,,,,,,,,
247,2.470000,0.000000,0.000000,0.000000,1.000000,0.000000,0.000000,0.000000,57.698101,20.499701,-14.700500,0.047771,-0.013570,0.015998,-15.666301,-52.738201,18.801300,-93.396698,0.129960,17.611099,-0.005136,-0.856414,0.050079,-0.513830,2256.026611,1010.851135,-1373.415649,2175.078613,1015.561707,-1366.736572,2298.133789,1010.649658,-1341.141235,2208.960205,1011.597900,-1418.838013,2341.933350,1005.595337,-1366.946655,,,,,,,,,,,,,2616.289795,1567.764404,-3159.694824,,,,,,,,,,,,,,,,,,,,,,,,,,,,,,,,,
248,2.480000,0.000000,0.000000,0.000000,1.000000,0.000000,0.000000,0.000000,57.698101,20.499701,-14.700500,0.047771,-0.013570,0.015998,-15.666301,-52.738201,18.801300,-93.396698,0.129960,17.611099,-0.005136,-0.856414,0.050079,-0.513830,2256.026611,1010.851135,-1373.415649,2175.078613,1015.561707,-1366.736572,2298.133789,1010.649658,-1341.141235,2208.960205,1011.597900,-1418.838013,2341.933350,1005.595337,-1366.946655,,,,,,,,,,,,,2616.267090,1567.755371,-3159.638672,,,,,,,,,,,,,,,,,,,,,,,,,,,,,,,,,
249,2.490000,0.000000,0.000000,0.000000,1.000000,0.000000,0.000000,0.000000,57.698101,20.499701,-14.700500,0.047771,-0.013570,0.015998,-15.666301,-52.738201,18.801300,-93.396698,0.129960,17.611099,-0.005136,-0.856414,0.050079,-0.513830,2256.026611,1010.851135,-1373.415649,2175.078613,1015.561707,-1366.736572,2298.133789,1010.649658,-1341.141235,2208.960205,1011.597900,-1418.838013,2341.933350,1005.595337,-1366.946655,,,,,,,,,,,,,2616.266357,1567.782104,-3159.592041,,,,,,,,,,,,,,,,,,,,,,,,,,,,,,,,,
250,2.500000,0.000000,0.000000,0.000000,1.000000,0.000000,0.000000,0.000000,57.698101,20.499701,-14.700500,0.047771,-0.013570,0.015998,-15.666301,-52.738201,18.801300,-93.396698,0.129960,17.611099,-0.005136,-0.856414,0.050079,-0.513830,2256.026611,1010.851135,-1373.415649,2175.078613,1015.561707,-1366.736572,2298.133789,1010.649658,-1341.141235,2208.960205,1011.597900,-1418.838013,2341.933350,1005.595337,-1366.946655,,,,,,,,,,,,,2616.279297,1567.743652,-3159.550781,,,,,,,,,,,,,,,,,,,,,,,,,,,,,,,,,
251,2.510000,0.000000,0.000000,0.000000,1.000000,0.000000,0.000000,0.000000,57.698101,20.499701,-14.700500,0.047771,-0.013570,0.015998,-15.666301,-52.738201,18.801300,-93.396698,0.129960,17.611099,-0.005136,-0.856414,0.050079,-0.513830,2256.026611,1010.851135,-1373.415649,2175.078613,1015.561707,-1366.736572,2298.133789,1010.649658,-1341.141235,2208.960205,1011.597900,-1418.838013,2341.933350,1005.595337,-1366.946655,,,,,,,,,,,,,2616.292725,1567.771362,-3159.527832,,,,,,,,,,,,,,,,,,,,,,,,,,,,,,,,,
252,2.520000,0.000000,0.000000,0.000000,1.000000,0.000000,0.000000,0.000000,57.698101,20.499701,-14.700500,0.047771,-0.013570,0.015998,-15.666301,-52.738201,18.801300,-93.396698,0.129960,17.611099,-0.005136,-0.856414,0.050079,-0.513830,2256.026611,1010.851135,-1373.415649,2175.078613,1015.561707,-1366.736572,2298.133789,1010.649658,-1341.141235,2208.960205,1011.597900,-1418.838013,2341.933350,1005.595337,-1366.946655,,,,,,,,,,,,,2616.298584,1567.763306,-3159.518555,,,,,,,,,,,,,,,,,,,,,,,,,,,,,,,,,
253,2.530000,0.000000,0.000000,0.000000,1.000000,0.000000,0.000000,0.000000,57.698101,20.499701,-14.700500,0.047771,-0.013570,0.015998,-15.666301,-52.738201,18.801300,-93.396698,0.129960,17.611099,-0.005136,-0.856414,0.050079,-0.513830,2256.026611,1010.851135,-1373.415649,2175.078613,1015.561707,-1366.736572,2298.133789,1010.649658,-1341.141235,2208.960205,1011.597900,-1418.838013,2341.933350,1005.595337,-1366.946655,,,,,,,,,,,,,2616.302979,1567.740479,-3159.526855,,,,,,,,,,,,,,,,,,,,,,,,,,,,,,,,,
254,2.540000,0.000000,0.000000,0.000000,1.000000,0.000000,0.000000,0.000000,57.698101,20.499701,-14.700500,0.047771,-0.013570,0.015998,-15.666301,-52.738201,18.801300,-93.396698,0.129960,17.611099,-0.005136,-0.856414,0.050079,-0.513830,2256.026611,1010.851135,-1373.415649,2175.078613,1015.561707,-1366.736572,2298.133789,1010.649658,-1341.141235,2208.960205,1011.597900,-1418.838013,2341.933350,1005.595337,-1366.946655,,,,,,,,,,,,,2616.305420,1567.735229,-3159.533447,,,,,,,,,,,,,,,,,,,,,,,,,,,,,,,,,
255,2.550000,0.000000,0.000000,0.000000,1.000000,0.000000,0.000000,0.000000,57.698101,20.499701,-14.700500,0.047771,-0.013570,0.015998,-15.666301,-52.738201,18.801300,-93.396698,0.129960,17.611099,-0.005136,-0.856414,0.050079,-0.513830,2256.026611,1010.851135,-1373.415649,2175.078613,1015.561707,-1366.736572,2298.133789,1010.649658,-1341.141235,2208.960205,1011.597900,-1418.838013,2341.933350,1005.595337,-1366.946655,,,,,,,,,,,,,2616.335205,1567.763184,-3159.550049,,,,,,,,,,,,,,,,,,,,,,,,,,,,,,,,,
256,2.560000,0.000000,0.000000,0.000000,1.000000,0.000000,0.000000,0.000000,57.698101,20.499701,-14.700500,0.047771,-0.013570,0.015998,-15.666301,-52.738201,18.801300,-93.396698,0.129960,17.611099,-0.005136,-0.856414,0.050079,-0.513830,2256.026611,1010.851135,-1373.415649,2175.078613,1015.561707,-1366.736572,2298.133789,1010.649658,-1341.141235,2208.960205,1011.597900,-1418.838013,2341.933350,1005.595337,-1366.946655,,,,,,,,,,,,,2616.317383,1567.758179,-3159.603760,,,,,,,,,,,,,,,,,,,,,,,,,,,,,,,,,
257,2.570000,0.000000,0.000000,0.000000,1.000000,0.000000,0.000000,0.000000,57.698101,20.499701,-14.700500,0.047771,-0.013570,0.015998,-15.666301,-52.738201,18.801300,-93.396698,0.129960,17.611099,-0.005136,-0.856414,0.050079,-0.513830,2256.026611,1010.851135,-1373.415649,2175.078613,1015.561707,-1366.736572,2298.133789,1010.649658,-1341.141235,2208.960205,1011.597900,-1418.838013,2341.933350,1005.595337,-1366.946655,,,,,,,,,,,,,2616.293457,1567.773926,-3159.657715,,,,,,,,,,,,,,,,,,,,,,,,,,,,,,,,,
258,2.580000,0.000000,0.000000,0.000000,1.000000,0.000000,0.000000,0.000000,57.698101,20.499701,-14.700500,0.047771,-0.013570,0.015998,-15.666301,-52.738201,18.801300,-93.396698,0.129960,17.611099,-0.005136,-0.856414,0.050079,-0.513830,2256.026611,1010.851135,-1373.415649,2175.078613,1015.561707,-1366.736572,2298.133789,1010.649658,-1341.141235,2208.960205,1011.597900,-1418.838013,2341.933350,1005.595337,-1366.946655,,,,,,,,,,,,,2616.305176,1567.766357,-3159.707031,,,,,,,,,,,,,,,,,,,,,,,,,,,,,,,,,
259,2.590000,0.000000,0.000000,0.000000,1.000000,0.000000,0.000000,0.000000,57.698101,20.499701,-14.700500,0.047771,-0.013570,0.015998,-15.666301,-52.738201,18.801300,-93.396698,0.129960,17.611099,-0.005136,-0.856414,0.050079,-0.513830,2256.026611,1010.851135,-1373.415649,2175.078613,1015.561707,-1366.736572,2298.133789,1010.649658,-1341.141235,2208.960205,1011.597900,-1418.838013,2341.933350,1005.595337,-1366.946655,,,,,,,,,,,,,2616.325439,1567.760132,-3159.764160,,,,,,,,,,,,,,,,,,,,,,,,,,,,,,,,,
260,2.600000,0.000000,0.000000,0.000000,1.000000,0.000000,0.000000,0.000000,57.698101,20.499701,-14.700500,0.047771,-0.013570,0.015998,-15.666301,-52.738201,18.801300,-93.396698,0.129960,17.611099,-0.005136,-0.856414,0.050079,-0.513830,2256.026611,1010.851135,-1373.415649,2175.078613,1015.561707,-1366.736572,2298.133789,1010.649658,-1341.141235,2208.960205,1011.597900,-1418.838013,2341.933350,1005.595337,-1366.946655,,,,,,,,,,,,,2616.336426,1567.737427,-3159.812012,,,,,,,,,,,,,,,,,,,,,,,,,,,,,,,,,
261,2.610000,0.000000,0.000000,0.000000,1.000000,0.000000,0.000000,0.000000,57.698101,20.499701,-14.700500,0.047771,-0.013570,0.015998,-15.666301,-52.738201,18.801300,-93.396698,0.129960,17.611099,-0.005136,-0.856414,0.050079,-0.513830,2256.026611,1010.851135,-1373.415649,2175.078613,1015.561707,-1366.736572,2298.133789,1010.649658,-1341.141235,2208.960205,1011.597900,-1418.838013,2341.933350,1005.595337,-1366.946655,,,,,,,,,,,,,2616.362549,1567.729126,-3159.845703,,,,,,,,,,,,,,,,,,,,,,,,,,,,,,,,,
262,2.620000,0.000000,0.000000,0.000000,1.000000,0.000000,0.000000,0.000000,57.698101,20.499701,-14.700500,0.047771,-0.013570,0.015998,-15.666301,-52.738201,18.801300,-93.396698,0.129960,17.611099,-0.005136,-0.856414,0.050079,-0.513830,2256.026611,1010.851135,-1373.415649,2175.078613,1015.561707,-1366.736572,2298.133789,1010.649658,-1341.141235,2208.960205,1011.597900,-1418.838013,2341.933350,1005.595337,-1366.946655,,,,,,,,,,,,,2616.342285,1567.731201,-3159.872559,,,,,,,,,,,,,,,,,,,,,,,,,,,,,,,,,
263,2.630000,0.000000,0.000000,0.000000,1.000000,0.000000,0.000000,0.000000,57.698101,20.499701,-14.700500,0.047771,-0.013570,0.015998,-15.666301,-52.738201,18.801300,-93.396698,0.129960,17.611099,-0.005136,-0.856414,0.050079,-0.513830,2256.026611,1010.851135,-1373.415649,2175.078613,1015.561707,-1366.736572,2298.133789,1010.649658,-1341.141235,2208.960205,1011.597900,-1418.838013,2341.933350,1005.595337,-1366.946655,,,,,,,,,,,,,2616.335449,1567.764282,-3159.922852,,,,,,,,,,,,,,,,,,,,,,,,,,,,,,,,,
264,2.640000,0.000000,0.000000,0.000000,1.000000,0.000000,0.000000,0.000000,57.698101,20.499701,-14.700500,0.047771,-0.013570,0.015998,-15.666301,-52.738201,18.801300,-93.396698,0.129960,17.611099,-0.005136,-0.856414,0.050079,-0.513830,2256.026611,1010.851135,-1373.415649,2175.078613,1015.561707,-1366.736572,2298.133789,1010.649658,-1341.141235,2208.960205,1011.597900,-1418.838013,2341.933350,1005.595337,-1366.946655,,,,,,,,,,,,,2616.305176,1567.743774,-3159.951416,,,,,,,,,,,,,,,,,,,,,,,,,,,,,,,,,
265,2.650000,0.000000,0.000000,0.000000,1.000000,0.000000,0.000000,0.000000,57.698101,20.499701,-14.700500,0.047771,-0.013570,0.015998,-15.666301,-52.738201,18.801300,-93.396698,0.129960,17.611099,-0.005136,-0.856414,0.050079,-0.513830,2256.026611,1010.851135,-1373.415649,2175.078613,1015.561707,-1366.736572,2298.133789,1010.649658,-1341.141235,2208.960205,1011.597900,-1418.838013,2341.933350,1005.595337,-1366.946655,,,,,,,,,,,,,2616.327881,1567.768677,-3159.957764,,,,,,,,,,,,,,,,,,,,,,,,,,,,,,,,,
266,2.660000,0.000000,0.000000,0.000000,1.000000,0.000000,0.000000,0.000000,57.698101,20.499701,-14.700500,0.047771,-0.013570,0.015998,-15.666301,-52.738201,18.801300,-93.396698,0.129960,17.611099,-0.005136,-0.856414,0.050079,-0.513830,2256.026611,1010.851135,-1373.415649,2175.078613,1015.561707,-1366.736572,2298.133789,1010.649658,-1341.141235,2208.960205,1011.597900,-1418.838013,2341.933350,1005.595337,-1366.946655,,,,,,,,,,,,,2616.303223,1567.744141,-3159.951660,,,,,,,,,,,,,,,,,,,,,,,,,,,,,,,,,
267,2.670000,0.000000,0.000000,0.000000,1.000000,0.000000,0.000000,0.000000,57.698101,20.499701,-14.700500,0.047771,-0.013570,0.015998,-15.666301,-52.738201,18.801300,-93.396698,0.129960,17.611099,-0.005136,-0.856414,0.050079,-0.513830,2256.026611,1010.851135,-1373.415649,2175.078613,1015.561707,-1366.736572,2298.133789,1010.649658,-1341.141235,2208.960205,1011.597900,-1418.838013,2341.933350,1005.595337,-1366.946655,,,,,,,,,,,,,2616.314209,1567.767090,-3159.936279,,,,,,,,,,,,,,,,,,,,,,,,,,,,,,,,,
268,2.680000,0.000000,0.000000,0.000000,1.000000,0.000000,0.000000,0.000000,57.698101,20.499701,-14.700500,0.047771,-0.013570,0.015998,-15.666301,-52.738201,18.801300,-93.396698,0.129960,17.611099,-0.005136,-0.856414,0.050079,-0.513830,2256.026611,1010.851135,-1373.415649,2175.078613,1015.561707,-1366.736572,2298.133789,1010.649658,-1341.141235,2208.960205,1011.597900,-1418.838013,2341.933350,1005.595337,-1366.946655,,,,,,,,,,,,,2616.299316,1567.762207,-3159.919922,,,,,,,,,,,,,,,,,,,,,,,,,,,,,,,,,
269,2.690000,0.000000,0.000000,0.000000,1.000000,0.000000,0.000000,0.000000,57.698101,20.499701,-14.700500,0.047771,-0.013570,0.015998,-15.666301,-52.738201,18.801300,-93.396698,0.129960,17.611099,-0.005136,-0.856414,0.050079,-0.513830,2256.026611,1010.851135,-1373.415649,2175.078613,1015.561707,-1366.736572,2298.133789,1010.649658,-1341.141235,2208.960205,1011.597900,-1418.838013,2341.933350,1005.595337,-1366.946655,,,,,,,,,,,,,2616.255615,1567.740723,-3159.876465,,,,,,,,,,,,,,,,,,,,,,,,,,,,,,,,,
270,2.700000,0.000000,0.000000,0.000000,1.000000,0.000000,0.000000,0.000000,57.698101,20.499701,-14.700500,0.047771,-0.013570,0.015998,-15.666301,-52.738201,18.801300,-93.396698,0.129960,17.611099,-0.005136,-0.856414,0.050079,-0.513830,2256.026611,1010.851135,-1373.415649,2175.078613,1015.561707,-1366.736572,2298.133789,1010.649658,-1341.141235,2208.960205,1011.597900,-1418.838013,2341.933350,1005.595337,-1366.946655,,,,,,,,,,,,,2616.249756,1567.763550,-3159.862793,,,,,,,,,,,,,,,,,,,,,,,,,,,,,,,,,
271,2.710000,0.000000,0.000000,0.000000,1.000000,0.000000,0.000000,0.000000,57.698101,20.499701,-14.700500,0.047771,-0.013570,0.015998,-15.666301,-52.738201,18.801300,-93.396698,0.129960,17.611099,-0.005136,-0.856414,0.050079,-0.513830,2256.026611,1010.851135,-1373.415649,2175.078613,1015.561707,-1366.736572,2298.133789,1010.649658,-1341.141235,2208.960205,1011.597900,-1418.838013,2341.933350,1005.595337,-1366.946655,,,,,,,,,,,,,2616.232422,1567.726807,-3159.799072,,,,,,,,,,,,,,,,,,,,,,,,,,,,,,,,,
272,2.720000,0.000000,0.000000,0.000000,1.000000,0.000000,0.000000,0.000000,57.698101,20.499701,-14.700500,0.047771,-0.013570,0.015998,-15.666301,-52.738201,18.801300,-93.396698,0.129960,17.611099,-0.005136,-0.856414,0.050079,-0.513830,2256.026611,1010.851135,-1373.415649,2175.078613,1015.561707,-1366.736572,2298.133789,1010.649658,-1341.141235,2208.960205,1011.597900,-1418.838013,2341.933350,1005.595337,-1366.946655,,,,,,,,,,,,,2616.231689,1567.737793,-3159.745361,,,,,,,,,,,,,,,,,,,,,,,,,,,,,,,,,
273,2.730000,0.000000,0.000000,0.000000,1.000000,0.000000,0.000000,0.000000,57.698101,20.499701,-14.700500,0.047771,-0.013570,0.015998,-15.666301,-52.738201,18.801300,-93.396698,0.129960,17.611099,-0.005136,-0.856414,0.050079,-0.513830,2256.026611,1010.851135,-1373.415649,2175.078613,1015.561707,-1366.736572,2298.133789,1010.649658,-1341.141235,2208.960205,1011.597900,-1418.838013,2341.933350,1005.595337,-1366.946655,,,,,,,,,,,,,2616.221924,1567.761353,-3159.696533,,,,,,,,,,,,,,,,,,,,,,,,,,,,,,,,,
274,2.740000,0.000000,0.000000,0.000000,1.000000,0.000000,0.000000,0.000000,57.698101,20.499701,-14.700500,0.047771,-0.013570,0.015998,-15.666301,-52.738201,18.801300,-93.396698,0.129960,17.611099,-0.005136,-0.856414,0.050079,-0.513830,2256.026611,1010.851135,-1373.415649,2175.078613,1015.561707,-1366.736572,2298.133789,1010.649658,-1341.141235,2208.960205,1011.597900,-1418.838013,2341.933350,1005.595337,-1366.946655,,,,,,,,,,,,,2616.230957,1567.819702,-3159.662109,,,,,,,,,,,,,,,,,,,,,,,,,,,,,,,,,
275,2.750000,0.000000,0.000000,0.000000,1.000000,0.000000,0.000000,0.000000,57.698101,20.499701,-14.700500,0.047771,-0.013570,0.015998,-15.666301,-52.738201,18.801300,-93.396698,0.129960,17.611099,-0.005136,-0.856414,0.050079,-0.513830,2256.026611,1010.851135,-1373.415649,2175.078613,1015.561707,-1366.736572,2298.133789,1010.649658,-1341.141235,2208.960205,1011.597900,-1418.838013,2341.933350,1005.595337,-1366.946655,,,,,,,,,,,,,2616.246338,1567.807495,-3159.604736,,,,,,,,,,,,,,,,,,,,,,,,,,,,,,,,,
276,2.760000,0.000000,0.000000,0.000000,1.000000,0.000000,0.000000,0.000000,57.698101,20.499701,-14.700500,0.047771,-0.013570,0.015998,-15.666301,-52.738201,18.801300,-93.396698,0.129960,17.611099,-0.005136,-0.856414,0.050079,-0.513830,2256.026611,1010.851135,-1373.415649,2175.078613,1015.561707,-1366.736572,2298.133789,1010.649658,-1341.141235,2208.960205,1011.597900,-1418.838013,2341.933350,1005.595337,-1366.946655,,,,,,,,,,,,,2616.248779,1567.751831,-3159.563721,,,,,,,,,,,,,,,,,,,,,,,,,,,,,,,,,
277,2.770000,0.000000,0.000000,0.000000,1.000000,0.000000,0.000000,0.000000,57.698101,20.499701,-14.700500,0.047771,-0.013570,0.015998,-15.666301,-52.738201,18.801300,-93.396698,0.129960,17.611099,-0.005136,-0.856414,0.050079,-0.513830,2256.026611,1010.851135,-1373.415649,2175.078613,1015.561707,-1366.736572,2298.133789,1010.649658,-1341.141235,2208.960205,1011.597900,-1418.838013,2341.933350,1005.595337,-1366.946655,,,,,,,,,,,,,2616.304688,1567.729858,-3159.519287,,,,,,,,,,,,,,,,,,,,,,,,,,,,,,,,,
278,2.780000,0.000000,0.000000,0.000000,1.000000,0.000000,0.000000,0.000000,57.698101,20.499701,-14.700500,0.047771,-0.013570,0.015998,-15.666301,-52.738201,18.801300,-93.396698,0.129960,17.611099,-0.005136,-0.856414,0.050079,-0.513830,2256.026611,1010.851135,-1373.415649,2175.078613,1015.561707,-1366.736572,2298.133789,1010.649658,-1341.141235,2208.960205,1011.597900,-1418.838013,2341.933350,1005.595337,-1366.946655,,,,,,,,,,,,,2616.337402,1567.733032,-3159.488281,,,,,,,,,,,,,,,,,,,,,,,,,,,,,,,,,
279,2.790000,0.000000,0.000000,0.000000,1.000000,0.000000,0.000000,0.000000,57.698101,20.499701,-14.700500,0.047771,-0.013570,0.015998,-15.666301,-52.738201,18.801300,-93.396698,0.129960,17.611099,-0.005136,-0.856414,0.050079,-0.513830,2256.026611,1010.851135,-1373.415649,2175.078613,1015.561707,-1366.736572,2298.133789,1010.649658,-1341.141235,2208.960205,1011.597900,-1418.838013,2341.933350,1005.595337,-1366.946655,,,,,,,,,,,,,2616.304688,1567.740479,-3159.506104,,,,,,,,,,,,,,,,,,,,,,,,,,,,,,,,,
280,2.800000,0.000000,0.000000,0.000000,1.000000,0.000000,0.000000,0.000000,57.698101,20.499701,-14.700500,0.047771,-0.013570,0.015998,-15.666301,-52.738201,18.801300,-93.396698,0.129960,17.611099,-0.005136,-0.856414,0.050079,-0.513830,2256.026611,1010.851135,-1373.415649,2175.078613,1015.561707,-1366.736572,2298.133789,1010.649658,-1341.141235,2208.960205,1011.597900,-1418.838013,2341.933350,1005.595337,-1366.946655,,,,,,,,,,,,,2616.329102,1567.798096,-3159.552002,,,,,,,,,,,,,,,,,,,,,,,,,,,,,,,,,
281,2.810000,0.000000,0.000000,0.000000,1.000000,0.000000,0.000000,0.000000,57.698101,20.499701,-14.700500,0.047771,-0.013570,0.015998,-15.666301,-52.738201,18.801300,-93.396698,0.129960,17.611099,-0.005136,-0.856414,0.050079,-0.513830,2256.026611,1010.851135,-1373.415649,2175.078613,1015.561707,-1366.736572,2298.133789,1010.649658,-1341.141235,2208.960205,1011.597900,-1418.838013,2341.933350,1005.595337,-1366.946655,,,,,,,,,,,,,2616.314697,1567.754272,-3159.576904,,,,,,,,,,,,,,,,,,,,,,,,,,,,,,,,,
282,2.820000,0.000000,0.000000,0.000000,1.000000,0.000000,0.000000,0.000000,57.698101,20.499701,-14.700500,0.047771,-0.013570,0.015998,-15.666301,-52.738201,18.801300,-93.396698,0.129960,17.611099,-0.005136,-0.856414,0.050079,-0.513830,2256.026611,1010.851135,-1373.415649,2175.078613,1015.561707,-1366.736572,2298.133789,1010.649658,-1341.141235,2208.960205,1011.597900,-1418.838013,2341.933350,1005.595337,-1366.946655,,,,,,,,,,,,,2616.301025,1567.745605,-3159.612549,,,,,,,,,,,,,,,,,,,,,,,,,,,,,,,,,
283,2.830000,0.000000,0.000000,0.000000,1.000000,0.000000,0.000000,0.000000,57.698101,20.499701,-14.700500,0.047771,-0.013570,0.015998,-15.666301,-52.738201,18.801300,-93.396698,0.129960,17.611099,-0.005136,-0.856414,0.050079,-0.513830,2256.026611,1010.851135,-1373.415649,2175.078613,1015.561707,-1366.736572,2298.133789,1010.649658,-1341.141235,2208.960205,1011.597900,-1418.838013,2341.933350,1005.595337,-1366.946655,,,,,,,,,,,,,2616.323975,1567.756226,-3159.656250,,,,,,,,,,,,,,,,,,,,,,,,,,,,,,,,,
284,2.840000,0.000000,0.000000,0.000000,1.000000,0.000000,0.000000,0.000000,57.698101,20.499701,-14.700500,0.047771,-0.013570,0.015998,-15.666301,-52.738201,18.801300,-93.396698,0.129960,17.611099,-0.005136,-0.856414,0.050079,-0.513830,2256.026611,1010.851135,-1373.415649,2175.078613,1015.561707,-1366.736572,2298.133789,1010.649658,-1341.141235,2208.960205,1011.597900,-1418.838013,2341.933350,1005.595337,-1366.946655,,,,,,,,,,,,,2616.326904,1567.760376,-3159.706299,,,,,,,,,,,,,,,,,,,,,,,,,,,,,,,,,
285,2.850000,0.000000,0.000000,0.000000,1.000000,0.000000,0.000000,0.000000,57.698101,20.499701,-14.700500,0.047771,-0.013570,0.015998,-15.666301,-52.738201,18.801300,-93.396698,0.129960,17.611099,-0.005136,-0.856414,0.050079,-0.513830,2256.026611,1010.851135,-1373.415649,2175.078613,1015.561707,-1366.736572,2298.133789,1010.649658,-1341.141235,2208.960205,1011.597900,-1418.838013,2341.933350,1005.595337,-1366.946655,,,,,,,,,,,,,2616.358643,1567.735596,-3159.738525,,,,,,,,,,,,,,,,,,,,,,,,,,,,,,,,,
286,2.860000,0.000000,0.000000,0.000000,1.000000,0.000000,0.000000,0.000000,57.698101,20.499701,-14.700500,0.047771,-0.013570,0.015998,-15.666301,-52.738201,18.801300,-93.396698,0.129960,17.611099,-0.005136,-0.856414,0.050079,-0.513830,2256.026611,1010.851135,-1373.415649,2175.078613,1015.561707,-1366.736572,2298.133789,1010.649658,-1341.141235,2208.960205,1011.597900,-1418.838013,2341.933350,1005.595337,-1366.946655,,,,,,,,,,,,,2616.331543,1567.769531,-3159.797119,,,,,,,,,,,,,,,,,,,,,,,,,,,,,,,,,
287,2.870000,0.000000,0.000000,0.000000,1.000000,0.000000,0.000000,0.000000,57.698101,20.499701,-14.700500,0.047771,-0.013570,0.015998,-15.666301,-52.738201,18.801300,-93.396698,0.129960,17.611099,-0.005136,-0.856414,0.050079,-0.513830,2256.026611,1010.851135,-1373.415649,2175.078613,1015.561707,-1366.736572,2298.133789,1010.649658,-1341.141235,2208.960205,1011.597900,-1418.838013,2341.933350,1005.595337,-1366.946655,,,,,,,,,,,,,2616.307617,1567.725952,-3159.854004,,,,,,,,,,,,,,,,,,,,,,,,,,,,,,,,,
288,2.880000,0.000000,0.000000,0.000000,1.000000,0.000000,0.000000,0.000000,57.698101,20.499701,-14.700500,0.047771,-0.013570,0.015998,-15.666301,-52.738201,18.801300,-93.396698,0.129960,17.611099,-0.005136,-0.856414,0.050079,-0.513830,2256.026611,1010.851135,-1373.415649,2175.078613,1015.561707,-1366.736572,2298.133789,1010.649658,-1341.141235,2208.960205,1011.597900,-1418.838013,2341.933350,1005.595337,-1366.946655,,,,,,,,,,,,,2616.316650,1567.718384,-3159.887451,,,,,,,,,,,,,,,,,,,,,,,,,,,,,,,,,
289,2.890000,0.000000,0.000000,0.000000,1.000000,0.000000,0.000000,0.000000,57.698101,20.499701,-14.700500,0.047771,-0.013570,0.015998,-15.666301,-52.738201,18.801300,-93.396698,0.129960,17.611099,-0.005136,-0.856414,0.050079,-0.513830,2256.026611,1010.851135,-1373.415649,2175.078613,1015.561707,-1366.736572,2298.133789,1010.649658,-1341.141235,2208.960205,1011.597900,-1418.838013,2341.933350,1005.595337,-1366.946655,,,,,,,,,,,,,2616.315674,1567.734253,-3159.910889,,,,,,,,,,,,,,,,,,,,,,,,,,,,,,,,,
290,2.900000,0.000000,0.000000,0.000000,1.000000,0.000000,0.000000,0.000000,57.698101,20.499701,-14.700500,0.047771,-0.013570,0.015998,-15.666301,-52.738201,18.801300,-93.396698,0.129960,17.611099,-0.005136,-0.856414,0.050079,-0.513830,2256.026611,1010.851135,-1373.415649,2175.078613,1015.561707,-1366.736572,2298.133789,1010.649658,-1341.141235,2208.960205,1011.597900,-1418.838013,2341.933350,1005.595337,-1366.946655,,,,,,,,,,,,,2616.321045,1567.741699,-3159.935547,,,,,,,,,,,,,,,,,,,,,,,,,,,,,,,,,
291,2.910000,0.000000,0.000000,0.000000,1.000000,0.000000,0.000000,0.000000,57.698101,20.499701,-14.700500,0.047771,-0.013570,0.015998,-15.666301,-52.738201,18.801300,-93.396698,0.129960,17.611099,-0.005136,-0.856414,0.050079,-0.513830,2256.026611,1010.851135,-1373.415649,2175.078613,1015.561707,-1366.736572,2298.133789,1010.649658,-1341.141235,2208.960205,1011.597900,-1418.838013,2341.933350,1005.595337,-1366.946655,,,,,,,,,,,,,2616.297852,1567.797485,-3159.938477,,,,,,,,,,,,,,,,,,,,,,,,,,,,,,,,,
292,2.920000,0.000000,0.000000,0.000000,1.000000,0.000000,0.000000,0.000000,57.698101,20.499701,-14.700500,0.047771,-0.013570,0.015998,-15.666301,-52.738201,18.801300,-93.396698,0.129960,17.611099,-0.005136,-0.856414,0.050079,-0.513830,2256.026611,1010.851135,-1373.415649,2175.078613,1015.561707,-1366.736572,2298.133789,1010.649658,-1341.141235,2208.960205,1011.597900,-1418.838013,2341.933350,1005.595337,-1366.946655,,,,,,,,,,,,,2616.271240,1567.732788,-3159.949707,,,,,,,,,,,,,,,,,,,,,,,,,,,,,,,,,
293,2.930000,0.000000,0.000000,0.000000,1.000000,0.000000,0.000000,0.000000,57.698101,20.499701,-14.700500,0.047771,-0.013570,0.015998,-15.666301,-52.738201,18.801300,-93.396698,0.129960,17.611099,-0.005136,-0.856414,0.050079,-0.513830,2256.026611,1010.851135,-1373.415649,2175.078613,1015.561707,-1366.736572,2298.133789,1010.649658,-1341.141235,2208.960205,1011.597900,-1418.838013,2341.933350,1005.595337,-1366.946655,,,,,,,,,,,,,2616.281006,1567.735718,-3159.926025,,,,,,,,,,,,,,,,,,,,,,,,,,,,,,,,,
294,2.940000,0.000000,0.000000,0.000000,1.000000,0.000000,0.000000,0.000000,57.698101,20.499701,-14.700500,0.047771,-0.013570,0.015998,-15.666301,-52.738201,18.801300,-93.396698,0.129960,17.611099,-0.005136,-0.856414,0.050079,-0.513830,2256.026611,1010.851135,-1373.415649,2175.078613,1015.561707,-1366.736572,2298.133789,1010.649658,-1341.141235,2208.960205,1011.597900,-1418.838013,2341.933350,1005.595337,-1366.946655,,,,,,,,,,,,,2616.237793,1567.724121,-3159.909912,,,,,,,,,,,,,,,,,,,,,,,,,,,,,,,,,
295,2.950000,0.000000,0.000000,0.000000,1.000000,0.000000,0.000000,0.000000,57.698101,20.499701,-14.700500,0.047771,-0.013570,0.015998,-15.666301,-52.738201,18.801300,-93.396698,0.129960,17.611099,-0.005136,-0.856414,0.050079,-0.513830,2256.026611,1010.851135,-1373.415649,2175.078613,1015.561707,-1366.736572,2298.133789,1010.649658,-1341.141235,2208.960205,1011.597900,-1418.838013,2341.933350,1005.595337,-1366.946655,,,,,,,,,,,,,2616.256348,1567.730835,-3159.872070,,,,,,,,,,,,,,,,,,,,,,,,,,,,,,,,,
296,2.960000,0.000000,0.000000,0.000000,1.000000,0.000000,0.000000,0.000000,57.698101,20.499701,-14.700500,0.047771,-0.013570,0.015998,-15.666301,-52.738201,18.801300,-93.396698,0.129960,17.611099,-0.005136,-0.856414,0.050079,-0.513830,2256.026611,1010.851135,-1373.415649,2175.078613,1015.561707,-1366.736572,2298.133789,1010.649658,-1341.141235,2208.960205,1011.597900,-1418.838013,2341.933350,1005.595337,-1366.946655,,,,,,,,,,,,,2616.263184,1567.751099,-3159.818604,,,,,,,,,,,,,,,,,,,,,,,,,,,,,,,,,
297,2.970000,0.000000,0.000000,0.000000,1.000000,0.000000,0.000000,0.000000,57.698101,20.499701,-14.700500,0.047771,-0.013570,0.015998,-15.666301,-52.738201,18.801300,-93.396698,0.129960,17.611099,-0.005136,-0.856414,0.050079,-0.513830,2256.026611,1010.851135,-1373.415649,2175.078613,1015.561707,-1366.736572,2298.133789,1010.649658,-1341.141235,2208.960205,1011.597900,-1418.838013,2341.933350,1005.595337,-1366.946655,,,,,,,,,,,,,2616.273926,1567.741333,-3159.776611,,,,,,,,,,,,,,,,,,,,,,,,,,,,,,,,,
298,2.980000,0.000000,0.000000,0.000000,1.000000,0.000000,0.000000,0.000000,57.698101,20.499701,-14.700500,0.047771,-0.013570,0.015998,-15.666301,-52.738201,18.801300,-93.396698,0.129960,17.611099,-0.005136,-0.856414,0.050079,-0.513830,2256.026611,1010.851135,-1373.415649,2175.078613,1015.561707,-1366.736572,2298.133789,1010.649658,-1341.141235,2208.960205,1011.597900,-1418.838013,2341.933350,1005.595337,-1366.946655,,,,,,,,,,,,,2616.247314,1567.745361,-3159.714600,,,,,,,,,,,,,,,,,,,,,,,,,,,,,,,,,
299,2.990000,0.000000,0.000000,0.000000,1.000000,0.000000,0.000000,0.000000,57.698101,20.499701,-14.700500,0.047771,-0.013570,0.015998,-15.666301,-52.738201,18.801300,-93.396698,0.129960,17.611099,-0.005136,-0.856414,0.050079,-0.513830,2256.026611,1010.851135,-1373.415649,2175.078613,1015.561707,-1366.736572,2298.133789,1010.649658,-1341.141235,2208.960205,1011.597900,-1418.838013,2341.933350,1005.595337,-1366.946655,,,,,,,,,,,,,2616.258545,1567.750732,-3159.677734,,,,,,,,,,,,,,,,,,,,,,,,,,,,,,,,,
300,3.000000,0.000000,0.000000,0.000000,1.000000,0.000000,0.000000,0.000000,57.698101,20.499701,-14.700500,0.047771,-0.013570,0.015998,-15.666301,-52.738201,18.801300,-93.396698,0.129960,17.611099,-0.005136,-0.856414,0.050079,-0.513830,2256.026611,1010.851135,-1373.415649,2175.078613,1015.561707,-1366.736572,2298.133789,1010.649658,-1341.141235,2208.960205,1011.597900,-1418.838013,2341.933350,1005.595337,-1366.946655,,,,,,,,,,,,,2616.270264,1567.776367,-3159.621582,,,,,,,,,,,,,,,,,,,,,,,,,,,,,,,,,
301,3.010000,0.000000,0.000000,0.000000,1.000000,0.000000,0.000000,0.000000,57.698101,20.499701,-14.700500,0.047771,-0.013570,0.015998,-15.666301,-52.738201,18.801300,-93.396698,0.129960,17.611099,-0.005136,-0.856414,0.050079,-0.513830,2256.026611,1010.851135,-1373.415649,2175.078613,1015.561707,-1366.736572,2298.133789,1010.649658,-1341.141235,2208.960205,1011.597900,-1418.838013,2341.933350,1005.595337,-1366.946655,,,,,,,,,,,,,2616.240479,1567.789429,-3159.594482,,,,,,,,,,,,,,,,,,,,,,,,,,,,,,,,,
302,3.020000,0.000000,0.000000,0.000000,1.000000,0.000000,0.000000,0.000000,57.698101,20.499701,-14.700500,0.047771,-0.013570,0.015998,-15.666301,-52.738201,18.801300,-93.396698,0.129960,17.611099,-0.005136,-0.856414,0.050079,-0.513830,2256.026611,1010.851135,-1373.415649,2175.078613,1015.561707,-1366.736572,2298.133789,1010.649658,-1341.141235,2208.960205,1011.597900,-1418.838013,2341.933350,1005.595337,-1366.946655,,,,,,,,,,,,,2616.246582,1567.766113,-3159.566162,,,,,,,,,,,,,,,,,,,,,,,,,,,,,,,,,
303,3.030000,0.000000,0.000000,0.000000,1.000000,0.000000,0.000000,0.000000,57.698101,20.499701,-14.700500,0.047771,-0.013570,0.015998,-15.666301,-52.738201,18.801300,-93.396698,0.129960,17.611099,-0.005136,-0.856414,0.050079,-0.513830,2256.026611,1010.851135,-1373.415649,2175.078613,1015.561707,-1366.736572,2298.133789,1010.649658,-1341.141235,2208.960205,1011.597900,-1418.838013,2341.933350,1005.595337,-1366.946655,,,,,,,,,,,,,2616.270752,1567.775269,-3159.528320,,,,,,,,,,,,,,,,,,,,,,,,,,,,,,,,,
304,3.040000,0.000000,0.000000,0.000000,1.000000,0.000000,0.000000,0.000000,57.698101,20.499701,-14.700500,0.047771,-0.013570,0.015998,-15.666301,-52.738201,18.801300,-93.396698,0.129960,17.611099,-0.005136,-0.856414,0.050079,-0.513830,2256.026611,1010.851135,-1373.415649,2175.078613,1015.561707,-1366.736572,2298.133789,1010.649658,-1341.141235,2208.960205,1011.597900,-1418.838013,2341.933350,1005.595337,-1366.946655,,,,,,,,,,,,,2616.286621,1567.743530,-3159.515869,,,,,,,,,,,,,,,,,,,,,,,,,,,,,,,,,
305,3.050000,0.000000,0.000000,0.000000,1.000000,0.000000,0.000000,0.000000,57.698101,20.499701,-14.700500,0.047771,-0.013570,0.015998,-15.666301,-52.738201,18.801300,-93.396698,0.129960,17.611099,-0.005136,-0.856414,0.050079,-0.513830,2256.026611,1010.851135,-1373.415649,2175.078613,1015.561707,-1366.736572,2298.133789,1010.649658,-1341.141235,2208.960205,1011.597900,-1418.838013,2341.933350,1005.595337,-1366.946655,,,,,,,,,,,,,2616.288818,1567.750488,-3159.523438,,,,,,,,,,,,,,,,,,,,,,,,,,,,,,,,,
306,3.060000,0.000000,0.000000,0.000000,1.000000,0.000000,0.000000,0.000000,57.698101,20.499701,-14.700500,0.047771,-0.013570,0.015998,-15.666301,-52.738201,18.801300,-93.396698,0.129960,17.611099,-0.005136,-0.856414,0.050079,-0.513830,2256.026611,1010.851135,-1373.415649,2175.078613,1015.561707,-1366.736572,2298.133789,1010.649658,-1341.141235,2208.960205,1011.597900,-1418.838013,2341.933350,1005.595337,-1366.946655,,,,,,,,,,,,,2616.277832,1567.777710,-3159.556885,,,,,,,,,,,,,,,,,,,,,,,,,,,,,,,,,
307,3.070000,0.000000,0.000000,0.000000,1.000000,0.000000,0.000000,0.000000,57.698101,20.499701,-14.700500,0.047771,-0.013570,0.015998,-15.666301,-52.738201,18.801300,-93.396698,0.129960,17.611099,-0.005136,-0.856414,0.050079,-0.513830,2256.026611,1010.851135,-1373.415649,2175.078613,1015.561707,-1366.736572,2298.133789,1010.649658,-1341.141235,2208.960205,1011.597900,-1418.838013,2341.933350,1005.595337,-1366.946655,,,,,,,,,,,,,2616.323730,1567.804443,-3159.570312,,,,,,,,,,,,,,,,,,,,,,,,,,,,,,,,,
308,3.080000,0.000000,0.000000,0.000000,1.000000,0.000000,0.000000,0.000000,57.698101,20.499701,-14.700500,0.047771,-0.013570,0.015998,-15.666301,-52.738201,18.801300,-93.396698,0.129960,17.611099,-0.005136,-0.856414,0.050079,-0.513830,2256.026611,1010.851135,-1373.415649,2175.078613,1015.561707,-1366.736572,2298.133789,1010.649658,-1341.141235,2208.960205,1011.597900,-1418.838013,2341.933350,1005.595337,-1366.946655,,,,,,,,,,,,,2616.338135,1567.791748,-3159.595215,,,,,,,,,,,,,,,,,,,,,,,,,,,,,,,,,
309,3.090000,0.000000,0.000000,0.000000,1.000000,0.000000,0.000000,0.000000,57.698101,20.499701,-14.700500,0.047771,-0.013570,0.015998,-15.666301,-52.738201,18.801300,-93.396698,0.129960,17.611099,-0.005136,-0.856414,0.050079,-0.513830,2256.026611,1010.851135,-1373.415649,2175.078613,1015.561707,-1366.736572,2298.133789,1010.649658,-1341.141235,2208.960205,1011.597900,-1418.838013,2341.933350,1005.595337,-1366.946655,,,,,,,,,,,,,2616.334717,1567.782837,-3159.657959,,,,,,,,,,,,,,,,,,,,,,,,,,,,,,,,,
310,3.100000,0.000000,0.000000,0.000000,1.000000,0.000000,0.000000,0.000000,57.698101,20.499701,-14.700500,0.047771,-0.013570,0.015998,-15.666301,-52.738201,18.801300,-93.396698,0.129960,17.611099,-0.005136,-0.856414,0.050079,-0.513830,2256.026611,1010.851135,-1373.415649,2175.078613,1015.561707,-1366.736572,2298.133789,1010.649658,-1341.141235,2208.960205,1011.597900,-1418.838013,2341.933350,1005.595337,-1366.946655,,,,,,,,,,,,,2616.313477,1567.727905,-3159.701172,,,,,,,,,,,,,,,,,,,,,,,,,,,,,,,,,
311,3.110000,0.000000,0.000000,0.000000,1.000000,0.000000,0.000000,0.000000,57.698101,20.499701,-14.700500,0.047771,-0.013570,0.015998,-15.666301,-52.738201,18.801300,-93.396698,0.129960,17.611099,-0.005136,-0.856414,0.050079,-0.513830,2256.026611,1010.851135,-1373.415649,2175.078613,1015.561707,-1366.736572,2298.133789,1010.649658,-1341.141235,2208.960205,1011.597900,-1418.838013,2341.933350,1005.595337,-1366.946655,,,,,,,,,,,,,2616.322998,1567.693481,-3159.741943,,,,,,,,,,,,,,,,,,,,,,,,,,,,,,,,,
312,3.120000,0.000000,0.000000,0.000000,1.000000,0.000000,0.000000,0.000000,57.698101,20.499701,-14.700500,0.047771,-0.013570,0.015998,-15.666301,-52.738201,18.801300,-93.396698,0.129960,17.611099,-0.005136,-0.856414,0.050079,-0.513830,2256.026611,1010.851135,-1373.415649,2175.078613,1015.561707,-1366.736572,2298.133789,1010.649658,-1341.141235,2208.960205,1011.597900,-1418.838013,2341.933350,1005.595337,-1366.946655,,,,,,,,,,,,,2616.310303,1567.751221,-3159.804199,,,,,,,,,,,,,,,,,,,,,,,,,,,,,,,,,
313,3.130000,0.000000,0.000000,0.000000,1.000000,0.000000,0.000000,0.000000,57.698101,20.499701,-14.700500,0.047771,-0.013570,0.015998,-15.666301,-52.738201,18.801300,-93.396698,0.129960,17.611099,-0.005136,-0.856414,0.050079,-0.513830,2256.026611,1010.851135,-1373.415649,2175.078613,1015.561707,-1366.736572,2298.133789,1010.649658,-1341.141235,2208.960205,1011.597900,-1418.838013,2341.933350,1005.595337,-1366.946655,,,,,,,,,,,,,2616.311768,1567.776978,-3159.860596,,,,,,,,,,,,,,,,,,,,,,,,,,,,,,,,,
314,3.140000,0.000000,0.000000,0.000000,1.000000,0.000000,0.000000,0.000000,57.698101,20.499701,-14.700500,0.047771,-0.013570,0.015998,-15.666301,-52.738201,18.801300,-93.396698,0.129960,17.611099,-0.005136,-0.856414,0.050079,-0.513830,2256.026611,1010.851135,-1373.415649,2175.078613,1015.561707,-1366.736572,2298.133789,1010.649658,-1341.141235,2208.960205,1011.597900,-1418.838013,2341.933350,1005.595337,-1366.946655,,,,,,,,,,,,,2616.328369,1567.715576,-3159.878418,,,,,,,,,,,,,,,,,,,,,,,,,,,,,,,,,
315,3.150000,0.000000,0.000000,0.000000,1.000000,0.000000,0.000000,0.000000,57.698101,20.499701,-14.700500,0.047771,-0.013570,0.015998,-15.666301,-52.738201,18.801300,-93.396698,0.129960,17.611099,-0.005136,-0.856414,0.050079,-0.513830,2256.026611,1010.851135,-1373.415649,2175.078613,1015.561707,-1366.736572,2298.133789,1010.649658,-1341.141235,2208.960205,1011.597900,-1418.838013,2341.933350,1005.595337,-1366.946655,,,,,,,,,,,,,2616.314941,1567.745728,-3159.907959,,,,,,,,,,,,,,,,,,,,,,,,,,,,,,,,,
316,3.160000,0.000000,0.000000,0.000000,1.000000,0.000000,0.000000,0.000000,57.698101,20.499701,-14.700500,0.047771,-0.013570,0.015998,-15.666301,-52.738201,18.801300,-93.396698,0.129960,17.611099,-0.005136,-0.856414,0.050079,-0.513830,2256.026611,1010.851135,-1373.415649,2175.078613,1015.561707,-1366.736572,2298.133789,1010.649658,-1341.141235,2208.960205,1011.597900,-1418.838013,2341.933350,1005.595337,-1366.946655,,,,,,,,,,,,,2616.307617,1567.756348,-3159.943115,,,,,,,,,,,,,,,,,,,,,,,,,,,,,,,,,
317,3.170000,0.000000,0.000000,0.000000,1.000000,0.000000,0.000000,0.000000,57.698101,20.499701,-14.700500,0.047771,-0.013570,0.015998,-15.666301,-52.738201,18.801300,-93.396698,0.129960,17.611099,-0.005136,-0.856414,0.050079,-0.513830,2256.026611,1010.851135,-1373.415649,2175.078613,1015.561707,-1366.736572,2298.133789,1010.649658,-1341.141235,2208.960205,1011.597900,-1418.838013,2341.933350,1005.595337,-1366.946655,,,,,,,,,,,,,2616.319824,1567.739868,-3159.940430,,,,,,,,,,,,,,,,,,,,,,,,,,,,,,,,,
318,3.180000,0.000000,0.000000,0.000000,1.000000,0.000000,0.000000,0.000000,57.698101,20.499701,-14.700500,0.047771,-0.013570,0.015998,-15.666301,-52.738201,18.801300,-93.396698,0.129960,17.611099,-0.005136,-0.856414,0.050079,-0.513830,2256.026611,1010.851135,-1373.415649,2175.078613,1015.561707,-1366.736572,2298.133789,1010.649658,-1341.141235,2208.960205,1011.597900,-1418.838013,2341.933350,1005.595337,-1366.946655,,,,,,,,,,,,,2616.289795,1567.714722,-3159.929199,,,,,,,,,,,,,,,,,,,,,,,,,,,,,,,,,
319,3.190000,0.000000,0.000000,0.000000,1.000000,0.000000,0.000000,0.000000,57.698101,20.499701,-14.700500,0.047771,-0.013570,0.015998,-15.666301,-52.738201,18.801300,-93.396698,0.129960,17.611099,-0.005136,-0.856414,0.050079,-0.513830,2256.026611,1010.851135,-1373.415649,2175.078613,1015.561707,-1366.736572,2298.133789,1010.649658,-1341.141235,2208.960205,1011.597900,-1418.838013,2341.933350,1005.595337,-1366.946655,,,,,,,,,,,,,2616.290039,1567.745239,-3159.923340,,,,,,,,,,,,,,,,,,,,,,,,,,,,,,,,,
320,3.200000,0.000000,0.000000,0.000000,1.000000,0.000000,0.000000,0.000000,57.698101,20.499701,-14.700500,0.047771,-0.013570,0.015998,-15.666301,-52.738201,18.801300,-93.396698,0.129960,17.611099,-0.005136,-0.856414,0.050079,-0.513830,2256.026611,1010.851135,-1373.415649,2175.078613,1015.561707,-1366.736572,2298.133789,1010.649658,-1341.141235,2208.960205,1011.597900,-1418.838013,2341.933350,1005.595337,-1366.946655,,,,,,,,,,,,,2616.281494,1567.735352,-3159.894531,,,,,,,,,,,,,,,,,,,,,,,,,,,,,,,,,
321,3.210000,0.000000,0.000000,0.000000,1.000000,0.000000,0.000000,0.000000,57.698101,20.499701,-14.700500,0.047771,-0.013570,0.015998,-15.666301,-52.738201,18.801300,-93.396698,0.129960,17.611099,-0.005136,-0.856414,0.050079,-0.513830,2256.026611,1010.851135,-1373.415649,2175.078613,1015.561707,-1366.736572,2298.133789,1010.649658,-1341.141235,2208.960205,1011.597900,-1418.838013,2341.933350,1005.595337,-1366.946655,,,,,,,,,,,,,2616.272461,1567.740234,-3159.866943,,,,,,,,,,,,,,,,,,,,,,,,,,,,,,,,,
322,3.220000,0.000000,0.000000,0.000000,1.000000,0.000000,0.000000,0.000000,57.698101,20.499701,-14.700500,0.047771,-0.013570,0.015998,-15.666301,-52.738201,18.801300,-93.396698,0.129960,17.611099,-0.005136,-0.856414,0.050079,-0.513830,2256.026611,1010.851135,-1373.415649,2175.078613,1015.561707,-1366.736572,2298.133789,1010.649658,-1341.141235,2208.960205,1011.597900,-1418.838013,2341.933350,1005.595337,-1366.946655,,,,,,,,,,,,,2616.276123,1567.756714,-3159.842529,,,,,,,,,,,,,,,,,,,,,,,,,,,,,,,,,
323,3.230000,0.000000,0.000000,0.000000,1.000000,0.000000,0.000000,0.000000,57.698101,20.499701,-14.700500,0.047771,-0.013570,0.015998,-15.666301,-52.738201,18.801300,-93.396698,0.129960,17.611099,-0.005136,-0.856414,0.050079,-0.513830,2256.026611,1010.851135,-1373.415649,2175.078613,1015.561707,-1366.736572,2298.133789,1010.649658,-1341.141235,2208.960205,1011.597900,-1418.838013,2341.933350,1005.595337,-1366.946655,,,,,,,,,,,,,2616.263184,1567.754517,-3159.796631,,,,,,,,,,,,,,,,,,,,,,,,,,,,,,,,,
324,3.240000,0.000000,0.000000,0.000000,1.000000,0.000000,0.000000,0.000000,57.698101,20.499701,-14.700500,0.047771,-0.013570,0.015998,-15.666301,-52.738201,18.801300,-93.396698,0.129960,17.611099,-0.005136,-0.856414,0.050079,-0.513830,2256.026611,1010.851135,-1373.415649,2175.078613,1015.561707,-1366.736572,2298.133789,1010.649658,-1341.141235,2208.960205,1011.597900,-1418.838013,2341.933350,1005.595337,-1366.946655,,,,,,,,,,,,,2616.286133,1567.755371,-3159.740234,,,,,,,,,,,,,,,,,,,,,,,,,,,,,,,,,
325,3.250000,0.000000,0.000000,0.000000,1.000000,0.000000,0.000000,0.000000,57.698101,20.499701,-14.700500,0.047771,-0.013570,0.015998,-15.666301,-52.738201,18.801300,-93.396698,0.129960,17.611099,-0.005136,-0.856414,0.050079,-0.513830,2256.026611,1010.851135,-1373.415649,2175.078613,1015.561707,-1366.736572,2298.133789,1010.649658,-1341.141235,2208.960205,1011.597900,-1418.838013,2341.933350,1005.595337,-1366.946655,,,,,,,,,,,,,2616.278564,1567.759277,-3159.676514,,,,,,,,,,,,,,,,,,,,,,,,,,,,,,,,,
326,3.260000,0.000000,0.000000,0.000000,1.000000,0.000000,0.000000,0.000000,57.698101,20.499701,-14.700500,0.047771,-0.013570,0.015998,-15.666301,-52.738201,18.801300,-93.396698,0.129960,17.611099,-0.005136,-0.856414,0.050079,-0.513830,2256.026611,1010.851135,-1373.415649,2175.078613,1015.561707,-1366.736572,2298.133789,1010.649658,-1341.141235,2208.960205,1011.597900,-1418.838013,2341.933350,1005.595337,-1366.946655,,,,,,,,,,,,,2616.247559,1567.742920,-3159.641846,,,,,,,,,,,,,,,,,,,,,,,,,,,,,,,,,
327,3.270000,0.000000,0.000000,0.000000,1.000000,0.000000,0.000000,0.000000,57.698101,20.499701,-14.700500,0.047771,-0.013570,0.015998,-15.666301,-52.738201,18.801300,-93.396698,0.129960,17.611099,-0.005136,-0.856414,0.050079,-0.513830,2256.026611,1010.851135,-1373.415649,2175.078613,1015.561707,-1366.736572,2298.133789,1010.649658,-1341.141235,2208.960205,1011.597900,-1418.838013,2341.933350,1005.595337,-1366.946655,,,,,,,,,,,,,2616.265625,1567.768799,-3159.599365,,,,,,,,,,,,,,,,,,,,,,,,,,,,,,,,,
328,3.280000,0.000000,0.000000,0.000000,1.000000,0.000000,0.000000,0.000000,57.698101,20.499701,-14.700500,0.047771,-0.013570,0.015998,-15.666301,-52.738201,18.801300,-93.396698,0.129960,17.611099,-0.005136,-0.856414,0.050079,-0.513830,2256.026611,1010.851135,-1373.415649,2175.078613,1015.561707,-1366.736572,2298.133789,1010.649658,-1341.141235,2208.960205,1011.597900,-1418.838013,2341.933350,1005.595337,-1366.946655,,,,,,,,,,,,,2616.266846,1567.757202,-3159.558594,,,,,,,,,,,,,,,,,,,,,,,,,,,,,,,,,
329,3.290000,0.000000,0.000000,0.000000,1.000000,0.000000,0.000000,0.000000,57.698101,20.499701,-14.700500,0.047771,-0.013570,0.015998,-15.666301,-52.738201,18.801300,-93.396698,0.129960,17.611099,-0.005136,-0.856414,0.050079,-0.513830,2256.026611,1010.851135,-1373.415649,2175.078613,1015.561707,-1366.736572,2298.133789,1010.649658,-1341.141235,2208.960205,1011.597900,-1418.838013,2341.933350,1005.595337,-1366.946655,,,,,,,,,,,,,2616.270508,1567.715820,-3159.540039,,,,,,,,,,,,,,,,,,,,,,,,,,,,,,,,,
330,3.300000,0.000000,0.000000,0.000000,1.000000,0.000000,0.000000,0.000000,57.698101,20.499701,-14.700500,0.047771,-0.013570,0.015998,-15.666301,-52.738201,18.801300,-93.396698,0.129960,17.611099,-0.005136,-0.856414,0.050079,-0.513830,2256.026611,1010.851135,-1373.415649,2175.078613,1015.561707,-1366.736572,2298.133789,1010.649658,-1341.141235,2208.960205,1011.597900,-1418.838013,2341.933350,1005.595337,-1366.946655,,,,,,,,,,,,,2616.264404,1567.761719,-3159.534668,,,,,,,,,,,,,,,,,,,,,,,,,,,,,,,,,
331,3.310000,0.000000,0.000000,0.000000,1.000000,0.000000,0.000000,0.000000,57.698101,20.499701,-14.700500,0.047771,-0.013570,0.015998,-15.666301,-52.738201,18.801300,-93.396698,0.129960,17.611099,-0.005136,-0.856414,0.050079,-0.513830,2256.026611,1010.851135,-1373.415649,2175.078613,1015.561707,-1366.736572,2298.133789,1010.649658,-1341.141235,2208.960205,1011.597900,-1418.838013,2341.933350,1005.595337,-1366.946655,,,,,,,,,,,,,2616.299316,1567.756592,-3159.541504,,,,,,,,,,,,,,,,,,,,,,,,,,,,,,,,,
332,3.320000,0.000000,0.000000,0.000000,1.000000,0.000000,0.000000,0.000000,57.698101,20.499701,-14.700500,0.047771,-0.013570,0.015998,-15.666301,-52.738201,18.801300,-93.396698,0.129960,17.611099,-0.005136,-0.856414,0.050079,-0.513830,2256.026611,1010.851135,-1373.415649,2175.078613,1015.561707,-1366.736572,2298.133789,1010.649658,-1341.141235,2208.960205,1011.597900,-1418.838013,2341.933350,1005.595337,-1366.946655,,,,,,,,,,,,,2616.283447,1567.768677,-3159.554443,,,,,,,,,,,,,,,,,,,,,,,,,,,,,,,,,
333,3.330000,0.000000,0.000000,0.000000,1.000000,0.000000,0.000000,0.000000,57.698101,20.499701,-14.700500,0.047771,-0.013570,0.015998,-15.666301,-52.738201,18.801300,-93.396698,0.129960,17.611099,-0.005136,-0.856414,0.050079,-0.513830,2256.026611,1010.851135,-1373.415649,2175.078613,1015.561707,-1366.736572,2298.133789,1010.649658,-1341.141235,2208.960205,1011.597900,-1418.838013,2341.933350,1005.595337,-1366.946655,,,,,,,,,,,,,2616.338379,1567.722290,-3159.588623,,,,,,,,,,,,,,,,,,,,,,,,,,,,,,,,,
334,3.340000,0.000000,0.000000,0.000000,1.000000,0.000000,0.000000,0.000000,57.698101,20.499701,-14.700500,0.047771,-0.013570,0.015998,-15.666301,-52.738201,18.801300,-93.396698,0.129960,17.611099,-0.005136,-0.856414,0.050079,-0.513830,2256.026611,1010.851135,-1373.415649,2175.078613,1015.561707,-1366.736572,2298.133789,1010.649658,-1341.141235,2208.960205,1011.597900,-1418.838013,2341.933350,1005.595337,-1366.946655,,,,,,,,,,,,,2616.374512,1567.764893,-3159.602539,,,,,,,,,,,,,,,,,,,,,,,,,,,,,,,,,
335,3.350000,0.000000,0.000000,0.000000,1.000000,0.000000,0.000000,0.000000,57.698101,20.499701,-14.700500,0.047771,-0.013570,0.015998,-15.666301,-52.738201,18.801300,-93.396698,0.129960,17.611099,-0.005136,-0.856414,0.050079,-0.513830,2256.026611,1010.851135,-1373.415649,2175.078613,1015.561707,-1366.736572,2298.133789,1010.649658,-1341.141235,2208.960205,1011.597900,-1418.838013,2341.933350,1005.595337,-1366.946655,,,,,,,,,,,,,2616.327148,1567.776245,-3159.662842,,,,,,,,,,,,,,,,,,,,,,,,,,,,,,,,,
336,3.360000,0.000000,0.000000,0.000000,1.000000,0.000000,0.000000,0.000000,57.698101,20.499701,-14.700500,0.047771,-0.013570,0.015998,-15.666301,-52.738201,18.801300,-93.396698,0.129960,17.611099,-0.005136,-0.856414,0.050079,-0.513830,2256.026611,1010.851135,-1373.415649,2175.078613,1015.561707,-1366.736572,2298.133789,1010.649658,-1341.141235,2208.960205,1011.597900,-1418.838013,2341.933350,1005.595337,-1366.946655,,,,,,,,,,,,,2616.338867,1567.781372,-3159.733398,,,,,,,,,,,,,,,,,,,,,,,,,,,,,,,,,
337,3.370000,0.000000,0.000000,0.000000,1.000000,0.000000,0.000000,0.000000,57.698101,20.499701,-14.700500,0.047771,-0.013570,0.015998,-15.666301,-52.738201,18.801300,-93.396698,0.129960,17.611099,-0.005136,-0.856414,0.050079,-0.513830,2256.026611,1010.851135,-1373.415649,2175.078613,1015.561707,-1366.736572,2298.133789,1010.649658,-1341.141235,2208.960205,1011.597900,-1418.838013,2341.933350,1005.595337,-1366.946655,,,,,,,,,,,,,2616.328369,1567.727905,-3159.764648,,,,,,,,,,,,,,,,,,,,,,,,,,,,,,,,,
338,3.380000,0.000000,0.000000,0.000000,1.000000,0.000000,0.000000,0.000000,57.698101,20.499701,-14.700500,0.047771,-0.013570,0.015998,-15.666301,-52.738201,18.801300,-93.396698,0.129960,17.611099,-0.005136,-0.856414,0.050079,-0.513830,2256.026611,1010.851135,-1373.415649,2175.078613,1015.561707,-1366.736572,2298.133789,1010.649658,-1341.141235,2208.960205,1011.597900,-1418.838013,2341.933350,1005.595337,-1366.946655,,,,,,,,,,,,,2616.338135,1567.752441,-3159.805176,,,,,,,,,,,,,,,,,,,,,,,,,,,,,,,,,
339,3.390000,0.000000,0.000000,0.000000,1.000000,0.000000,0.000000,0.000000,57.698101,20.499701,-14.700500,0.047771,-0.013570,0.015998,-15.666301,-52.738201,18.801300,-93.396698,0.129960,17.611099,-0.005136,-0.856414,0.050079,-0.513830,2256.026611,1010.851135,-1373.415649,2175.078613,1015.561707,-1366.736572,2298.133789,1010.649658,-1341.141235,2208.960205,1011.597900,-1418.838013,2341.933350,1005.595337,-1366.946655,,,,,,,,,,,,,2616.337646,1567.762085,-3159.850586,,,,,,,,,,,,,,,,,,,,,,,,,,,,,,,,,
340,3.400000,0.000000,0.000000,0.000000,1.000000,0.000000,0.000000,0.000000,57.698101,20.499701,-14.700500,0.047771,-0.013570,0.015998,-15.666301,-52.738201,18.801300,-93.396698,0.129960,17.611099,-0.005136,-0.856414,0.050079,-0.513830,2256.026611,1010.851135,-1373.415649,2175.078613,1015.561707,-1366.736572,2298.133789,1010.649658,-1341.141235,2208.960205,1011.597900,-1418.838013,2341.933350,1005.595337,-1366.946655,,,,,,,,,,,,,2616.347168,1567.735596,-3159.881592,,,,,,,,,,,,,,,,,,,,,,,,,,,,,,,,,
341,3.410000,0.000000,0.000000,0.000000,1.000000,0.000000,0.000000,0.000000,57.698101,20.499701,-14.700500,0.047771,-0.013570,0.015998,-15.666301,-52.738201,18.801300,-93.396698,0.129960,17.611099,-0.005136,-0.856414,0.050079,-0.513830,2256.026611,1010.851135,-1373.415649,2175.078613,1015.561707,-1366.736572,2298.133789,1010.649658,-1341.141235,2208.960205,1011.597900,-1418.838013,2341.933350,1005.595337,-1366.946655,,,,,,,,,,,,,2616.347900,1567.746704,-3159.904785,,,,,,,,,,,,,,,,,,,,,,,,,,,,,,,,,
342,3.420000,0.000000,0.000000,0.000000,1.000000,0.000000,0.000000,0.000000,57.698101,20.499701,-14.700500,0.047771,-0.013570,0.015998,-15.666301,-52.738201,18.801300,-93.396698,0.129960,17.611099,-0.005136,-0.856414,0.050079,-0.513830,2256.026611,1010.851135,-1373.415649,2175.078613,1015.561707,-1366.736572,2298.133789,1010.649658,-1341.141235,2208.960205,1011.597900,-1418.838013,2341.933350,1005.595337,-1366.946655,,,,,,,,,,,,,2616.326904,1567.745483,-3159.918945,,,,,,,,,,,,,,,,,,,,,,,,,,,,,,,,,
343,3.430000,0.000000,0.000000,0.000000,1.000000,0.000000,0.000000,0.000000,57.698101,20.499701,-14.700500,0.047771,-0.013570,0.015998,-15.666301,-52.738201,18.801300,-93.396698,0.129960,17.611099,-0.005136,-0.856414,0.050079,-0.513830,2256.026611,1010.851135,-1373.415649,2175.078613,1015.561707,-1366.736572,2298.133789,1010.649658,-1341.141235,2208.960205,1011.597900,-1418.838013,2341.933350,1005.595337,-1366.946655,,,,,,,,,,,,,2616.291504,1567.731689,-3159.942627,,,,,,,,,,,,,,,,,,,,,,,,,,,,,,,,,
344,3.440000,0.000000,0.000000,0.000000,1.000000,0.000000,0.000000,0.000000,57.698101,20.499701,-14.700500,0.047771,-0.013570,0.015998,-15.666301,-52.738201,18.801300,-93.396698,0.129960,17.611099,-0.005136,-0.856414,0.050079,-0.513830,2256.026611,1010.851135,-1373.415649,2175.078613,1015.561707,-1366.736572,2298.133789,1010.649658,-1341.141235,2208.960205,1011.597900,-1418.838013,2341.933350,1005.595337,-1366.946655,,,,,,,,,,,,,2616.287109,1567.737549,-3159.931396,,,,,,,,,,,,,,,,,,,,,,,,,,,,,,,,,
345,3.450000,0.000000,0.000000,0.000000,1.000000,0.000000,0.000000,0.000000,57.698101,20.499701,-14.700500,0.047771,-0.013570,0.015998,-15.666301,-52.738201,18.801300,-93.396698,0.129960,17.611099,-0.005136,-0.856414,0.050079,-0.513830,2256.026611,1010.851135,-1373.415649,2175.078613,1015.561707,-1366.736572,2298.133789,1010.649658,-1341.141235,2208.960205,1011.597900,-1418.838013,2341.933350,1005.595337,-1366.946655,,,,,,,,,,,,,2616.260254,1567.734619,-3159.921143,,,,,,,,,,,,,,,,,,,,,,,,,,,,,,,,,
346,3.460000,0.000000,0.000000,0.000000,1.000000,0.000000,0.000000,0.000000,57.698101,20.499701,-14.700500,0.047771,-0.013570,0.015998,-15.666301,-52.738201,18.801300,-93.396698,0.129960,17.611099,-0.005136,-0.856414,0.050079,-0.513830,2256.026611,1010.851135,-1373.415649,2175.078613,1015.561707,-1366.736572,2298.133789,1010.649658,-1341.141235,2208.960205,1011.597900,-1418.838013,2341.933350,1005.595337,-1366.946655,,,,,,,,,,,,,2616.290283,1567.738770,-3159.896729,,,,,,,,,,,,,,,,,,,,,,,,,,,,,,,,,
347,3.470000,0.000000,0.000000,0.000000,1.000000,0.000000,0.000000,0.000000,57.698101,20.499701,-14.700500,0.047771,-0.013570,0.015998,-15.666301,-52.738201,18.801300,-93.396698,0.129960,17.611099,-0.005136,-0.856414,0.050079,-0.513830,2256.026611,1010.851135,-1373.415649,2175.078613,1015.561707,-1366.736572,2298.133789,1010.649658,-1341.141235,2208.960205,1011.597900,-1418.838013,2341.933350,1005.595337,-1366.946655,,,,,,,,,,,,,2616.277832,1567.755005,-3159.852051,,,,,,,,,,,,,,,,,,,,,,,,,,,,,,,,,
348,3.480000,0.000000,0.000000,0.000000,1.000000,0.000000,0.000000,0.000000,57.698101,20.499701,-14.700500,0.047771,-0.013570,0.015998,-15.666301,-52.738201,18.801300,-93.396698,0.129960,17.611099,-0.005136,-0.856414,0.050079,-0.513830,2256.026611,1010.851135,-1373.415649,2175.078613,1015.561707,-1366.736572,2298.133789,1010.649658,-1341.141235,2208.960205,1011.597900,-1418.838013,2341.933350,1005.595337,-1366.946655,,,,,,,,,,,,,2616.253418,1567.785278,-3159.833008,,,,,,,,,,,,,,,,,,,,,,,,,,,,,,,,,
349,3.490000,0.000000,0.000000,0.000000,1.000000,0.000000,0.000000,0.000000,57.698101,20.499701,-14.700500,0.047771,-0.013570,0.015998,-15.666301,-52.738201,18.801300,-93.396698,0.129960,17.611099,-0.005136,-0.856414,0.050079,-0.513830,2256.026611,1010.851135,-1373.415649,2175.078613,1015.561707,-1366.736572,2298.133789,1010.649658,-1341.141235,2208.960205,1011.597900,-1418.838013,2341.933350,1005.595337,-1366.946655,,,,,,,,,,,,,2616.250488,1567.755127,-3159.780762,,,,,,,,,,,,,,,,,,,,,,,,,,,,,,,,,
350,3.500000,0.000000,0.000000,0.000000,1.000000,0.000000,0.000000,0.000000,57.698101,20.499701,-14.700500,0.047771,-0.013570,0.015998,-15.666301,-52.738201,18.801300,-93.396698,0.129960,17.611099,-0.005136,-0.856414,0.050079,-0.513830,2256.026611,1010.851135,-1373.415649,2175.078613,1015.561707,-1366.736572,2298.133789,1010.649658,-1341.141235,2208.960205,1011.597900,-1418.838013,2341.933350,1005.595337,-1366.946655,,,,,,,,,,,,,2616.266846,1567.767456,-3159.717773,,,,,,,,,,,,,,,,,,,,,,,,,,,,,,,,,
351,3.510000,0.000000,0.000000,0.000000,1.000000,0.000000,0.000000,0.000000,57.698101,20.499701,-14.700500,0.047771,-0.013570,0.015998,-15.666301,-52.738201,18.801300,-93.396698,0.129960,17.611099,-0.005136,-0.856414,0.050079,-0.513830,2256.026611,1010.851135,-1373.415649,2175.078613,1015.561707,-1366.736572,2298.133789,1010.649658,-1341.141235,2208.960205,1011.597900,-1418.838013,2341.933350,1005.595337,-1366.946655,,,,,,,,,,,,,2616.246094,1567.756470,-3159.674316,,,,,,,,,,,,,,,,,,,,,,,,,,,,,,,,,
352,3.520000,0.000000,0.000000,0.000000,1.000000,0.000000,0.000000,0.000000,57.698101,20.499701,-14.700500,0.047771,-0.013570,0.015998,-15.666301,-52.738201,18.801300,-93.396698,0.129960,17.611099,-0.005136,-0.856414,0.050079,-0.513830,2256.026611,1010.851135,-1373.415649,2175.078613,1015.561707,-1366.736572,2298.133789,1010.649658,-1341.141235,2208.960205,1011.597900,-1418.838013,2341.933350,1005.595337,-1366.946655,,,,,,,,,,,,,2616.276855,1567.818726,-3159.630859,,,,,,,,,,,,,,,,,,,,,,,,,,,,,,,,,
353,3.530000,0.000000,0.000000,0.000000,1.000000,0.000000,0.000000,0.000000,57.698101,20.499701,-14.700500,0.047771,-0.013570,0.015998,-15.666301,-52.738201,18.801300,-93.396698,0.129960,17.611099,-0.005136,-0.856414,0.050079,-0.513830,2256.026611,1010.851135,-1373.415649,2175.078613,1015.561707,-1366.736572,2298.133789,1010.649658,-1341.141235,2208.960205,1011.597900,-1418.838013,2341.933350,1005.595337,-1366.946655,,,,,,,,,,,,,2616.252197,1567.758911,-3159.605469,,,,,,,,,,,,,,,,,,,,,,,,,,,,,,,,,
354,3.540000,0.000000,0.000000,0.000000,1.000000,0.000000,0.000000,0.000000,57.698101,20.499701,-14.700500,0.047771,-0.013570,0.015998,-15.666301,-52.738201,18.801300,-93.396698,0.129960,17.611099,-0.005136,-0.856414,0.050079,-0.513830,2256.026611,1010.851135,-1373.415649,2175.078613,1015.561707,-1366.736572,2298.133789,1010.649658,-1341.141235,2208.960205,1011.597900,-1418.838013,2341.933350,1005.595337,-1366.946655,,,,,,,,,,,,,2616.271484,1567.734985,-3159.559082,,,,,,,,,,,,,,,,,,,,,,,,,,,,,,,,,
355,3.550000,0.000000,0.000000,0.000000,1.000000,0.000000,0.000000,0.000000,57.698101,20.499701,-14.700500,0.047771,-0.013570,0.015998,-15.666301,-52.738201,18.801300,-93.396698,0.129960,17.611099,-0.005136,-0.856414,0.050079,-0.513830,2256.026611,1010.851135,-1373.415649,2175.078613,1015.561707,-1366.736572,2298.133789,1010.649658,-1341.141235,2208.960205,1011.597900,-1418.838013,2341.933350,1005.595337,-1366.946655,,,,,,,,,,,,,2616.288818,1567.746582,-3159.547363,,,,,,,,,,,,,,,,,,,,,,,,,,,,,,,,,
356,3.560000,0.000000,0.000000,0.000000,1.000000,0.000000,0.000000,0.000000,57.698101,20.499701,-14.700500,0.047771,-0.013570,0.015998,-15.666301,-52.738201,18.801300,-93.396698,0.129960,17.611099,-0.005136,-0.856414,0.050079,-0.513830,2256.026611,1010.851135,-1373.415649,2175.078613,1015.561707,-1366.736572,2298.133789,1010.649658,-1341.141235,2208.960205,1011.597900,-1418.838013,2341.933350,1005.595337,-1366.946655,,,,,,,,,,,,,2616.307373,1567.744385,-3159.534912,,,,,,,,,,,,,,,,,,,,,,,,,,,,,,,,,
357,3.570000,0.000000,0.000000,0.000000,1.000000,0.000000,0.000000,0.000000,57.698101,20.499701,-14.700500,0.047771,-0.013570,0.015998,-15.666301,-52.738201,18.801300,-93.396698,0.129960,17.611099,-0.005136,-0.856414,0.050079,-0.513830,2256.026611,1010.851135,-1373.415649,2175.078613,1015.561707,-1366.736572,2298.133789,1010.649658,-1341.141235,2208.960205,1011.597900,-1418.838013,2341.933350,1005.595337,-1366.946655,,,,,,,,,,,,,2616.287598,1567.776978,-3159.544189,,,,,,,,,,,,,,,,,,,,,,,,,,,,,,,,,
358,3.580000,0.000000,0.000000,0.000000,1.000000,0.000000,0.000000,0.000000,57.698101,20.499701,-14.700500,0.047771,-0.013570,0.015998,-15.666301,-52.738201,18.801300,-93.396698,0.129960,17.611099,-0.005136,-0.856414,0.050079,-0.513830,2256.026611,1010.851135,-1373.415649,2175.078613,1015.561707,-1366.736572,2298.133789,1010.649658,-1341.141235,2208.960205,1011.597900,-1418.838013,2341.933350,1005.595337,-1366.946655,,,,,,,,,,,,,2616.286377,1567.765259,-3159.573242,,,,,,,,,,,,,,,,,,,,,,,,,,,,,,,,,
359,3.590000,0.000000,0.000000,0.000000,1.000000,0.000000,0.000000,0.000000,57.698101,20.499701,-14.700500,0.047771,-0.013570,0.015998,-15.666301,-52.738201,18.801300,-93.396698,0.129960,17.611099,-0.005136,-0.856414,0.050079,-0.513830,2256.026611,1010.851135,-1373.415649,2175.078613,1015.561707,-1366.736572,2298.133789,1010.649658,-1341.141235,2208.960205,1011.597900,-1418.838013,2341.933350,1005.595337,-1366.946655,,,,,,,,,,,,,2616.316406,1567.759521,-3159.594727,,,,,,,,,,,,,,,,,,,,,,,,,,,,,,,,,
360,3.600000,0.000000,0.000000,0.000000,1.000000,0.000000,0.000000,0.000000,57.698101,20.499701,-14.700500,0.047771,-0.013570,0.015998,-15.666301,-52.738201,18.801300,-93.396698,0.129960,17.611099,-0.005136,-0.856414,0.050079,-0.513830,2256.026611,1010.851135,-1373.415649,2175.078613,1015.561707,-1366.736572,2298.133789,1010.649658,-1341.141235,2208.960205,1011.597900,-1418.838013,2341.933350,1005.595337,-1366.946655,,,,,,,,,,,,,2616.321289,1567.741699,-3159.629883,,,,,,,,,,,,,,,,,,,,,,,,,,,,,,,,,
361,3.610000,0.000000,0.000000,0.000000,1.000000,0.000000,0.000000,0.000000,57.698101,20.499701,-14.700500,0.047771,-0.013570,0.015998,-15.666301,-52.738201,18.801300,-93.396698,0.129960,17.611099,-0.005136,-0.856414,0.050079,-0.513830,2256.026611,1010.851135,-1373.415649,2175.078613,1015.561707,-1366.736572,2298.133789,1010.649658,-1341.141235,2208.960205,1011.597900,-1418.838013,2341.933350,1005.595337,-1366.946655,,,,,,,,,,,,,2616.361084,1567.757690,-3159.670898,,,,,,,,,,,,,,,,,,,,,,,,,,,,,,,,,
362,3.620000,0.000000,0.000000,0.000000,1.000000,0.000000,0.000000,0.000000,57.698101,20.499701,-14.700500,0.047771,-0.013570,0.015998,-15.666301,-52.738201,18.801300,-93.396698,0.129960,17.611099,-0.005136,-0.856414,0.050079,-0.513830,2256.026611,1010.851135,-1373.415649,2175.078613,1015.561707,-1366.736572,2298.133789,1010.649658,-1341.141235,2208.960205,1011.597900,-1418.838013,2341.933350,1005.595337,-1366.946655,,,,,,,,,,,,,2616.353760,1567.725342,-3159.721191,,,,,,,,,,,,,,,,,,,,,,,,,,,,,,,,,
363,3.630000,0.000000,0.000000,0.000000,1.000000,0.000000,0.000000,0.000000,57.698101,20.499701,-14.700500,0.047771,-0.013570,0.015998,-15.666301,-52.738201,18.801300,-93.396698,0.129960,17.611099,-0.005136,-0.856414,0.050079,-0.513830,2256.026611,1010.851135,-1373.415649,2175.078613,1015.561707,-1366.736572,2298.133789,1010.649658,-1341.141235,2208.960205,1011.597900,-1418.838013,2341.933350,1005.595337,-1366.946655,,,,,,,,,,,,,2616.324951,1567.765869,-3159.778809,,,,,,,,,,,,,,,,,,,,,,,,,,,,,,,,,
364,3.640000,0.000000,0.000000,0.000000,1.000000,0.000000,0.000000,0.000000,57.698101,20.499701,-14.700500,0.047771,-0.013570,0.015998,-15.666301,-52.738201,18.801300,-93.396698,0.129960,17.611099,-0.005136,-0.856414,0.050079,-0.513830,2256.026611,1010.851135,-1373.415649,2175.078613,1015.561707,-1366.736572,2298.133789,1010.649658,-1341.141235,2208.960205,1011.597900,-1418.838013,2341.933350,1005.595337,-1366.946655,,,,,,,,,,,,,2616.315430,1567.763916,-3159.840820,,,,,,,,,,,,,,,,,,,,,,,,,,,,,,,,,
365,3.650000,0.000000,0.000000,0.000000,1.000000,0.000000,0.000000,0.000000,57.698101,20.499701,-14.700500,0.047771,-0.013570,0.015998,-15.666301,-52.738201,18.801300,-93.396698,0.129960,17.611099,-0.005136,-0.856414,0.050079,-0.513830,2256.026611,1010.851135,-1373.415649,2175.078613,1015.561707,-1366.736572,2298.133789,1010.649658,-1341.141235,2208.960205,1011.597900,-1418.838013,2341.933350,1005.595337,-1366.946655,,,,,,,,,,,,,2616.316650,1567.743652,-3159.869385,,,,,,,,,,,,,,,,,,,,,,,,,,,,,,,,,
366,3.660000,0.000000,0.000000,0.000000,1.000000,0.000000,0.000000,0.000000,57.698101,20.499701,-14.700500,0.047771,-0.013570,0.015998,-15.666301,-52.738201,18.801300,-93.396698,0.129960,17.611099,-0.005136,-0.856414,0.050079,-0.513830,2256.026611,1010.851135,-1373.415649,2175.078613,1015.561707,-1366.736572,2298.133789,1010.649658,-1341.141235,2208.960205,1011.597900,-1418.838013,2341.933350,1005.595337,-1366.946655,,,,,,,,,,,,,2616.332764,1567.749146,-3159.897461,,,,,,,,,,,,,,,,,,,,,,,,,,,,,,,,,
367,3.670000,0.000000,0.000000,0.000000,1.000000,0.000000,0.000000,0.000000,57.698101,20.499701,-14.700500,0.047771,-0.013570,0.015998,-15.666301,-52.738201,18.801300,-93.396698,0.129960,17.611099,-0.005136,-0.856414,0.050079,-0.513830,2256.026611,1010.851135,-1373.415649,2175.078613,1015.561707,-1366.736572,2298.133789,1010.649658,-1341.141235,2208.960205,1011.597900,-1418.838013,2341.933350,1005.595337,-1366.946655,,,,,,,,,,,,,2616.358398,1567.711182,-3159.896973,,,,,,,,,,,,,,,,,,,,,,,,,,,,,,,,,
368,3.680000,0.000000,0.000000,0.000000,1.000000,0.000000,0.000000,0.000000,57.698101,20.499701,-14.700500,0.047771,-0.013570,0.015998,-15.666301,-52.738201,18.801300,-93.396698,0.129960,17.611099,-0.005136,-0.856414,0.050079,-0.513830,2256.026611,1010.851135,-1373.415649,2175.078613,1015.561707,-1366.736572,2298.133789,1010.649658,-1341.141235,2208.960205,1011.597900,-1418.838013,2341.933350,1005.595337,-1366.946655,,,,,,,,,,,,,2616.365967,1567.733398,-3159.903320,,,,,,,,,,,,,,,,,,,,,,,,,,,,,,,,,
369,3.690000,0.000000,0.000000,0.000000,1.000000,0.000000,0.000000,0.000000,57.698101,20.499701,-14.700500,0.047771,-0.013570,0.015998,-15.666301,-52.738201,18.801300,-93.396698,0.129960,17.611099,-0.005136,-0.856414,0.050079,-0.513830,2256.026611,1010.851135,-1373.415649,2175.078613,1015.561707,-1366.736572,2298.133789,1010.649658,-1341.141235,2208.960205,1011.597900,-1418.838013,2341.933350,1005.595337,-1366.946655,,,,,,,,,,,,,2616.343750,1567.705811,-3159.902832,,,,,,,,,,,,,,,,,,,,,,,,,,,,,,,,,
370,3.700000,0.000000,0.000000,0.000000,1.000000,0.000000,0.000000,0.000000,57.698101,20.499701,-14.700500,0.047771,-0.013570,0.015998,-15.666301,-52.738201,18.801300,-93.396698,0.129960,17.611099,-0.005136,-0.856414,0.050079,-0.513830,2256.026611,1010.851135,-1373.415649,2175.078613,1015.561707,-1366.736572,2298.133789,1010.649658,-1341.141235,2208.960205,1011.597900,-1418.838013,2341.933350,1005.595337,-1366.946655,,,,,,,,,,,,,2616.332275,1567.728027,-3159.914795,,,,,,,,,,,,,,,,,,,,,,,,,,,,,,,,,
371,3.710000,0.000000,0.000000,0.000000,1.000000,0.000000,0.000000,0.000000,57.698101,20.499701,-14.700500,0.047771,-0.013570,0.015998,-15.666301,-52.738201,18.801300,-93.396698,0.129960,17.611099,-0.005136,-0.856414,0.050079,-0.513830,2256.026611,1010.851135,-1373.415649,2175.078613,1015.561707,-1366.736572,2298.133789,1010.649658,-1341.141235,2208.960205,1011.597900,-1418.838013,2341.933350,1005.595337,-1366.946655,,,,,,,,,,,,,2616.291992,1567.735352,-3159.911865,,,,,,,,,,,,,,,,,,,,,,,,,,,,,,,,,
372,3.720000,0.000000,0.000000,0.000000,1.000000,0.000000,0.000000,0.000000,57.698101,20.499701,-14.700500,0.047771,-0.013570,0.015998,-15.666301,-52.738201,18.801300,-93.396698,0.129960,17.611099,-0.005136,-0.856414,0.050079,-0.513830,2256.026611,1010.851135,-1373.415649,2175.078613,1015.561707,-1366.736572,2298.133789,1010.649658,-1341.141235,2208.960205,1011.597900,-1418.838013,2341.933350,1005.595337,-1366.946655,,,,,,,,,,,,,2616.264893,1567.756958,-3159.893799,,,,,,,,,,,,,,,,,,,,,,,,,,,,,,,,,
373,3.730000,0.000000,0.000000,0.000000,1.000000,0.000000,0.000000,0.000000,57.698101,20.499701,-14.700500,0.047771,-0.013570,0.015998,-15.666301,-52.738201,18.801300,-93.396698,0.129960,17.611099,-0.005136,-0.856414,0.050079,-0.513830,2256.026611,1010.851135,-1373.415649,2175.078613,1015.561707,-1366.736572,2298.133789,1010.649658,-1341.141235,2208.960205,1011.597900,-1418.838013,2341.933350,1005.595337,-1366.946655,,,,,,,,,,,,,2616.235352,1567.760864,-3159.876953,,,,,,,,,,,,,,,,,,,,,,,,,,,,,,,,,
374,3.740000,0.000000,0.000000,0.000000,1.000000,0.000000,0.000000,0.000000,57.698101,20.499701,-14.700500,0.047771,-0.013570,0.015998,-15.666301,-52.738201,18.801300,-93.396698,0.129960,17.611099,-0.005136,-0.856414,0.050079,-0.513830,2256.026611,1010.851135,-1373.415649,2175.078613,1015.561707,-1366.736572,2298.133789,1010.649658,-1341.141235,2208.960205,1011.597900,-1418.838013,2341.933350,1005.595337,-1366.946655,,,,,,,,,,,,,2616.268311,1567.789917,-3159.826660,,,,,,,,,,,,,,,,,,,,,,,,,,,,,,,,,
375,3.750000,0.000000,0.000000,0.000000,1.000000,0.000000,0.000000,0.000000,57.698101,20.499701,-14.700500,0.047771,-0.013570,0.015998,-15.666301,-52.738201,18.801300,-93.396698,0.129960,17.611099,-0.005136,-0.856414,0.050079,-0.513830,2256.026611,1010.851135,-1373.415649,2175.078613,1015.561707,-1366.736572,2298.133789,1010.649658,-1341.141235,2208.960205,1011.597900,-1418.838013,2341.933350,1005.595337,-1366.946655,,,,,,,,,,,,,2616.265381,1567.760498,-3159.773926,,,,,,,,,,,,,,,,,,,,,,,,,,,,,,,,,
376,3.760000,0.000000,0.000000,0.000000,1.000000,0.000000,0.000000,0.000000,57.698101,20.499701,-14.700500,0.047771,-0.013570,0.015998,-15.666301,-52.738201,18.801300,-93.396698,0.129960,17.611099,-0.005136,-0.856414,0.050079,-0.513830,2256.026611,1010.851135,-1373.415649,2175.078613,1015.561707,-1366.736572,2298.133789,1010.649658,-1341.141235,2208.960205,1011.597900,-1418.838013,2341.933350,1005.595337,-1366.946655,,,,,,,,,,,,,2616.260254,1567.737183,-3159.709229,,,,,,,,,,,,,,,,,,,,,,,,,,,,,,,,,
377,3.770000,0.000000,0.000000,0.000000,1.000000,0.000000,0.000000,0.000000,57.698101,20.499701,-14.700500,0.047771,-0.013570,0.015998,-15.666301,-52.738201,18.801300,-93.396698,0.129960,17.611099,-0.005136,-0.856414,0.050079,-0.513830,2256.026611,1010.851135,-1373.415649,2175.078613,1015.561707,-1366.736572,2298.133789,1010.649658,-1341.141235,2208.960205,1011.597900,-1418.838013,2341.933350,1005.595337,-1366.946655,,,,,,,,,,,,,2616.264893,1567.789673,-3159.654785,,,,,,,,,,,,,,,,,,,,,,,,,,,,,,,,,
378,3.780000,0.000000,0.000000,0.000000,1.000000,0.000000,0.000000,0.000000,57.698101,20.499701,-14.700500,0.047771,-0.013570,0.015998,-15.666301,-52.738201,18.801300,-93.396698,0.129960,17.611099,-0.005136,-0.856414,0.050079,-0.513830,2256.026611,1010.851135,-1373.415649,2175.078613,1015.561707,-1366.736572,2298.133789,1010.649658,-1341.141235,2208.960205,1011.597900,-1418.838013,2341.933350,1005.595337,-1366.946655,,,,,,,,,,,,,2616.249756,1567.798462,-3159.636230,,,,,,,,,,,,,,,,,,,,,,,,,,,,,,,,,
379,3.790000,0.000000,0.000000,0.000000,1.000000,0.000000,0.000000,0.000000,57.698101,20.499701,-14.700500,0.047771,-0.013570,0.015998,-15.666301,-52.738201,18.801300,-93.396698,0.129960,17.611099,-0.005136,-0.856414,0.050079,-0.513830,2256.026611,1010.851135,-1373.415649,2175.078613,1015.561707,-1366.736572,2298.133789,1010.649658,-1341.141235,2208.960205,1011.597900,-1418.838013,2341.933350,1005.595337,-1366.946655,,,,,,,,,,,,,2616.254395,1567.788330,-3159.590576,,,,,,,,,,,,,,,,,,,,,,,,,,,,,,,,,
380,3.800000,0.000000,0.000000,0.000000,1.000000,0.000000,0.000000,0.000000,57.698101,20.499701,-14.700500,0.047771,-0.013570,0.015998,-15.666301,-52.738201,18.801300,-93.396698,0.129960,17.611099,-0.005136,-0.856414,0.050079,-0.513830,2256.026611,1010.851135,-1373.415649,2175.078613,1015.561707,-1366.736572,2298.133789,1010.649658,-1341.141235,2208.960205,1011.597900,-1418.838013,2341.933350,1005.595337,-1366.946655,,,,,,,,,,,,,2616.269287,1567.749146,-3159.562988,,,,,,,,,,,,,,,,,,,,,,,,,,,,,,,,,
381,3.810000,0.000000,0.000000,0.000000,1.000000,0.000000,0.000000,0.000000,57.698101,20.499701,-14.700500,0.047771,-0.013570,0.015998,-15.666301,-52.738201,18.801300,-93.396698,0.129960,17.611099,-0.005136,-0.856414,0.050079,-0.513830,2256.026611,1010.851135,-1373.415649,2175.078613,1015.561707,-1366.736572,2298.133789,1010.649658,-1341.141235,2208.960205,1011.597900,-1418.838013,2341.933350,1005.595337,-1366.946655,,,,,,,,,,,,,2616.279297,1567.771118,-3159.537842,,,,,,,,,,,,,,,,,,,,,,,,,,,,,,,,,
382,3.820000,0.000000,0.000000,0.000000,1.000000,0.000000,0.000000,0.000000,57.698101,20.499701,-14.700500,0.047771,-0.013570,0.015998,-15.666301,-52.738201,18.801300,-93.396698,0.129960,17.611099,-0.005136,-0.856414,0.050079,-0.513830,2256.026611,1010.851135,-1373.415649,2175.078613,1015.561707,-1366.736572,2298.133789,1010.649658,-1341.141235,2208.960205,1011.597900,-1418.838013,2341.933350,1005.595337,-1366.946655,,,,,,,,,,,,,2616.269287,1567.750000,-3159.547852,,,,,,,,,,,,,,,,,,,,,,,,,,,,,,,,,
383,3.830000,0.000000,0.000000,0.000000,1.000000,0.000000,0.000000,0.000000,57.698101,20.499701,-14.700500,0.047771,-0.013570,0.015998,-15.666301,-52.738201,18.801300,-93.396698,0.129960,17.611099,-0.005136,-0.856414,0.050079,-0.513830,2256.026611,1010.851135,-1373.415649,2175.078613,1015.561707,-1366.736572,2298.133789,1010.649658,-1341.141235,2208.960205,1011.597900,-1418.838013,2341.933350,1005.595337,-1366.946655,,,,,,,,,,,,,2616.289307,1567.760864,-3159.544434,,,,,,,,,,,,,,,,,,,,,,,,,,,,,,,,,
384,3.840000,0.000000,0.000000,0.000000,1.000000,0.000000,0.000000,0.000000,57.698101,20.499701,-14.700500,0.047771,-0.013570,0.015998,-15.666301,-52.738201,18.801300,-93.396698,0.129960,17.611099,-0.005136,-0.856414,0.050079,-0.513830,2256.026611,1010.851135,-1373.415649,2175.078613,1015.561707,-1366.736572,2298.133789,1010.649658,-1341.141235,2208.960205,1011.597900,-1418.838013,2341.933350,1005.595337,-1366.946655,,,,,,,,,,,,,2616.307373,1567.747803,-3159.555908,,,,,,,,,,,,,,,,,,,,,,,,,,,,,,,,,
385,3.850000,0.000000,0.000000,0.000000,1.000000,0.000000,0.000000,0.000000,57.698101,20.499701,-14.700500,0.047771,-0.013570,0.015998,-15.666301,-52.738201,18.801300,-93.396698,0.129960,17.611099,-0.005136,-0.856414,0.050079,-0.513830,2256.026611,1010.851135,-1373.415649,2175.078613,1015.561707,-1366.736572,2298.133789,1010.649658,-1341.141235,2208.960205,1011.597900,-1418.838013,2341.933350,1005.595337,-1366.946655,,,,,,,,,,,,,2616.305176,1567.763184,-3159.592529,,,,,,,,,,,,,,,,,,,,,,,,,,,,,,,,,
386,3.860000,0.000000,0.000000,0.000000,1.000000,0.000000,0.000000,0.000000,57.698101,20.499701,-14.700500,0.047771,-0.013570,0.015998,-15.666301,-52.738201,18.801300,-93.396698,0.129960,17.611099,-0.005136,-0.856414,0.050079,-0.513830,2256.026611,1010.851135,-1373.415649,2175.078613,1015.561707,-1366.736572,2298.133789,1010.649658,-1341.141235,2208.960205,1011.597900,-1418.838013,2341.933350,1005.595337,-1366.946655,,,,,,,,,,,,,2616.330322,1567.754395,-3159.623535,,,,,,,,,,,,,,,,,,,,,,,,,,,,,,,,,
387,3.870000,0.000000,0.000000,0.000000,1.000000,0.000000,0.000000,0.000000,57.698101,20.499701,-14.700500,0.047771,-0.013570,0.015998,-15.666301,-52.738201,18.801300,-93.396698,0.129960,17.611099,-0.005136,-0.856414,0.050079,-0.513830,2256.026611,1010.851135,-1373.415649,2175.078613,1015.561707,-1366.736572,2298.133789,1010.649658,-1341.141235,2208.960205,1011.597900,-1418.838013,2341.933350,1005.595337,-1366.946655,,,,,,,,,,,,,2616.302490,1567.760132,-3159.673096,,,,,,,,,,,,,,,,,,,,,,,,,,,,,,,,,
388,3.880000,0.000000,0.000000,0.000000,1.000000,0.000000,0.000000,0.000000,57.698101,20.499701,-14.700500,0.047771,-0.013570,0.015998,-15.666301,-52.738201,18.801300,-93.396698,0.129960,17.611099,-0.005136,-0.856414,0.050079,-0.513830,2256.026611,1010.851135,-1373.415649,2175.078613,1015.561707,-1366.736572,2298.133789,1010.649658,-1341.141235,2208.960205,1011.597900,-1418.838013,2341.933350,1005.595337,-1366.946655,,,,,,,,,,,,,2616.326904,1567.753906,-3159.736084,,,,,,,,,,,,,,,,,,,,,,,,,,,,,,,,,
389,3.890000,0.000000,0.000000,0.000000,1.000000,0.000000,0.000000,0.000000,57.698101,20.499701,-14.700500,0.047771,-0.013570,0.015998,-15.666301,-52.738201,18.801300,-93.396698,0.129960,17.611099,-0.005136,-0.856414,0.050079,-0.513830,2256.026611,1010.851135,-1373.415649,2175.078613,1015.561707,-1366.736572,2298.133789,1010.649658,-1341.141235,2208.960205,1011.597900,-1418.838013,2341.933350,1005.595337,-1366.946655,,,,,,,,,,,,,2616.345459,1567.748413,-3159.768066,,,,,,,,,,,,,,,,,,,,,,,,,,,,,,,,,
390,3.900000,0.000000,0.000000,0.000000,1.000000,0.000000,0.000000,0.000000,57.698101,20.499701,-14.700500,0.047771,-0.013570,0.015998,-15.666301,-52.738201,18.801300,-93.396698,0.129960,17.611099,-0.005136,-0.856414,0.050079,-0.513830,2256.026611,1010.851135,-1373.415649,2175.078613,1015.561707,-1366.736572,2298.133789,1010.649658,-1341.141235,2208.960205,1011.597900,-1418.838013,2341.933350,1005.595337,-1366.946655,,,,,,,,,,,,,2616.347168,1567.768677,-3159.812256,,,,,,,,,,,,,,,,,,,,,,,,,,,,,,,,,
391,3.910000,0.000000,0.000000,0.000000,1.000000,0.000000,0.000000,0.000000,57.698101,20.499701,-14.700500,0.047771,-0.013570,0.015998,-15.666301,-52.738201,18.801300,-93.396698,0.129960,17.611099,-0.005136,-0.856414,0.050079,-0.513830,2256.026611,1010.851135,-1373.415649,2175.078613,1015.561707,-1366.736572,2298.133789,1010.649658,-1341.141235,2208.960205,1011.597900,-1418.838013,2341.933350,1005.595337,-1366.946655,,,,,,,,,,,,,2616.330811,1567.737671,-3159.861572,,,,,,,,,,,,,,,,,,,,,,,,,,,,,,,,,
392,3.920000,0.000000,0.000000,0.000000,1.000000,0.000000,0.000000,0.000000,57.698101,20.499701,-14.700500,0.047771,-0.013570,0.015998,-15.666301,-52.738201,18.801300,-93.396698,0.129960,17.611099,-0.005136,-0.856414,0.050079,-0.513830,2256.026611,1010.851135,-1373.415649,2175.078613,1015.561707,-1366.736572,2298.133789,1010.649658,-1341.141235,2208.960205,1011.597900,-1418.838013,2341.933350,1005.595337,-1366.946655,,,,,,,,,,,,,2616.303467,1567.745117,-3159.895020,,,,,,,,,,,,,,,,,,,,,,,,,,,,,,,,,
393,3.930000,0.000000,0.000000,0.000000,1.000000,0.000000,0.000000,0.000000,57.698101,20.499701,-14.700500,0.047771,-0.013570,0.015998,-15.666301,-52.738201,18.801300,-93.396698,0.129960,17.611099,-0.005136,-0.856414,0.050079,-0.513830,2256.026611,1010.851135,-1373.415649,2175.078613,1015.561707,-1366.736572,2298.133789,1010.649658,-1341.141235,2208.960205,1011.597900,-1418.838013,2341.933350,1005.595337,-1366.946655,,,,,,,,,,,,,2616.324951,1567.724976,-3159.910400,,,,,,,,,,,,,,,,,,,,,,,,,,,,,,,,,
394,3.940000,0.000000,0.000000,0.000000,1.000000,0.000000,0.000000,0.000000,57.698101,20.499701,-14.700500,0.047771,-0.013570,0.015998,-15.666301,-52.738201,18.801300,-93.396698,0.129960,17.611099,-0.005136,-0.856414,0.050079,-0.513830,2256.026611,1010.851135,-1373.415649,2175.078613,1015.561707,-1366.736572,2298.133789,1010.649658,-1341.141235,2208.960205,1011.597900,-1418.838013,2341.933350,1005.595337,-1366.946655,,,,,,,,,,,,,2616.324219,1567.719238,-3159.906738,,,,,,,,,,,,,,,,,,,,,,,,,,,,,,,,,
395,3.950000,0.000000,0.000000,0.000000,1.000000,0.000000,0.000000,0.000000,57.698101,20.499701,-14.700500,0.047771,-0.013570,0.015998,-15.666301,-52.738201,18.801300,-93.396698,0.129960,17.611099,-0.005136,-0.856414,0.050079,-0.513830,2256.026611,1010.851135,-1373.415649,2175.078613,1015.561707,-1366.736572,2298.133789,1010.649658,-1341.141235,2208.960205,1011.597900,-1418.838013,2341.933350,1005.595337,-1366.946655,,,,,,,,,,,,,2616.311768,1567.724487,-3159.912842,,,,,,,,,,,,,,,,,,,,,,,,,,,,,,,,,
396,3.960000,0.000000,0.000000,0.000000,1.000000,0.000000,0.000000,0.000000,57.698101,20.499701,-14.700500,0.047771,-0.013570,0.015998,-15.666301,-52.738201,18.801300,-93.396698,0.129960,17.611099,-0.005136,-0.856414,0.050079,-0.513830,2256.026611,1010.851135,-1373.415649,2175.078613,1015.561707,-1366.736572,2298.133789,1010.649658,-1341.141235,2208.960205,1011.597900,-1418.838013,2341.933350,1005.595337,-1366.946655,,,,,,,,,,,,,2616.269775,1567.770386,-3159.922119,,,,,,,,,,,,,,,,,,,,,,,,,,,,,,,,,
397,3.970000,0.000000,0.000000,0.000000,1.000000,0.000000,0.000000,0.000000,57.698101,20.499701,-14.700500,0.047771,-0.013570,0.015998,-15.666301,-52.738201,18.801300,-93.396698,0.129960,17.611099,-0.005136,-0.856414,0.050079,-0.513830,2256.026611,1010.851135,-1373.415649,2175.078613,1015.561707,-1366.736572,2298.133789,1010.649658,-1341.141235,2208.960205,1011.597900,-1418.838013,2341.933350,1005.595337,-1366.946655,,,,,,,,,,,,,2616.285645,1567.770874,-3159.909668,,,,,,,,,,,,,,,,,,,,,,,,,,,,,,,,,
398,3.980000,0.000000,0.000000,0.000000,1.000000,0.000000,0.000000,0.000000,57.698101,20.499701,-14.700500,0.047771,-0.013570,0.015998,-15.666301,-52.738201,18.801300,-93.396698,0.129960,17.611099,-0.005136,-0.856414,0.050079,-0.513830,2256.026611,1010.851135,-1373.415649,2175.078613,1015.561707,-1366.736572,2298.133789,1010.649658,-1341.141235,2208.960205,1011.597900,-1418.838013,2341.933350,1005.595337,-1366.946655,,,,,,,,,,,,,2616.260010,1567.749023,-3159.884521,,,,,,,,,,,,,,,,,,,,,,,,,,,,,,,,,
399,3.990000,0.000000,0.000000,0.000000,1.000000,0.000000,0.000000,0.000000,57.698101,20.499701,-14.700500,0.047771,-0.013570,0.015998,-15.666301,-52.738201,18.801300,-93.396698,0.129960,17.611099,-0.005136,-0.856414,0.050079,-0.513830,2256.026611,1010.851135,-1373.415649,2175.078613,1015.561707,-1366.736572,2298.133789,1010.649658,-1341.141235,2208.960205,1011.597900,-1418.838013,2341.933350,1005.595337,-1366.946655,,,,,,,,,,,,,2616.243896,1567.720703,-3159.838379,,,,,,,,,,,,,,,,,,,,,,,,,,,,,,,,,
400,4.000000,0.000000,0.000000,0.000000,1.000000,0.000000,0.000000,0.000000,57.698101,20.499701,-14.700500,0.047771,-0.013570,0.015998,-15.666301,-52.738201,18.801300,-93.396698,0.129960,17.611099,-0.005136,-0.856414,0.050079,-0.513830,2256.026611,1010.851135,-1373.415649,2175.078613,1015.561707,-1366.736572,2298.133789,1010.649658,-1341.141235,2208.960205,1011.597900,-1418.838013,2341.933350,1005.595337,-1366.946655,,,,,,,,,,,,,2616.249268,1567.736694,-3159.798828,,,,,,,,,,,,,,,,,,,,,,,,,,,,,,,,,
401,4.010000,0.000000,0.000000,0.000000,1.000000,0.000000,0.000000,0.000000,57.698101,20.499701,-14.700500,0.047771,-0.013570,0.015998,-15.666301,-52.738201,18.801300,-93.396698,0.129960,17.611099,-0.005136,-0.856414,0.050079,-0.513830,2256.026611,1010.851135,-1373.415649,2175.078613,1015.561707,-1366.736572,2298.133789,1010.649658,-1341.141235,2208.960205,1011.597900,-1418.838013,2341.933350,1005.595337,-1366.946655,,,,,,,,,,,,,2616.234131,1567.739746,-3159.756836,,,,,,,,,,,,,,,,,,,,,,,,,,,,,,,,,
402,4.020000,0.000000,0.000000,0.000000,1.000000,0.000000,0.000000,0.000000,57.698101,20.499701,-14.700500,0.047771,-0.013570,0.015998,-15.666301,-52.738201,18.801300,-93.396698,0.129960,17.611099,-0.005136,-0.856414,0.050079,-0.513830,2256.026611,1010.851135,-1373.415649,2175.078613,1015.561707,-1366.736572,2298.133789,1010.649658,-1341.141235,2208.960205,1011.597900,-1418.838013,2341.933350,1005.595337,-1366.946655,,,,,,,,,,,,,2616.196533,1567.710571,-3159.707031,,,,,,,,,,,,,,,,,,,,,,,,,,,,,,,,,
403,4.030000,0.000000,0.000000,0.000000,1.000000,0.000000,0.000000,0.000000,57.698101,20.499701,-14.700500,0.047771,-0.013570,0.015998,-15.666301,-52.738201,18.801300,-93.396698,0.129960,17.611099,-0.005136,-0.856414,0.050079,-0.513830,2256.026611,1010.851135,-1373.415649,2175.078613,1015.561707,-1366.736572,2298.133789,1010.649658,-1341.141235,2208.960205,1011.597900,-1418.838013,2341.933350,1005.595337,-1366.946655,,,,,,,,,,,,,2616.217041,1567.750610,-3159.662109,,,,,,,,,,,,,,,,,,,,,,,,,,,,,,,,,
404,4.040000,0.000000,0.000000,0.000000,1.000000,0.000000,0.000000,0.000000,57.698101,20.499701,-14.700500,0.047771,-0.013570,0.015998,-15.666301,-52.738201,18.801300,-93.396698,0.129960,17.611099,-0.005136,-0.856414,0.050079,-0.513830,2256.026611,1010.851135,-1373.415649,2175.078613,1015.561707,-1366.736572,2298.133789,1010.649658,-1341.141235,2208.960205,1011.597900,-1418.838013,2341.933350,1005.595337,-1366.946655,,,,,,,,,,,,,2616.232666,1567.766113,-3159.612793,,,,,,,,,,,,,,,,,,,,,,,,,,,,,,,,,
405,4.050000,0.000000,0.000000,0.000000,1.000000,0.000000,0.000000,0.000000,57.698101,20.499701,-14.700500,0.047771,-0.013570,0.015998,-15.666301,-52.738201,18.801300,-93.396698,0.129960,17.611099,-0.005136,-0.856414,0.050079,-0.513830,2256.026611,1010.851135,-1373.415649,2175.078613,1015.561707,-1366.736572,2298.133789,1010.649658,-1341.141235,2208.960205,1011.597900,-1418.838013,2341.933350,1005.595337,-1366.946655,,,,,,,,,,,,,2616.253174,1567.798462,-3159.593262,,,,,,,,,,,,,,,,,,,,,,,,,,,,,,,,,
406,4.060000,0.000000,0.000000,0.000000,1.000000,0.000000,0.000000,0.000000,57.698101,20.499701,-14.700500,0.047771,-0.013570,0.015998,-15.666301,-52.738201,18.801300,-93.396698,0.129960,17.611099,-0.005136,-0.856414,0.050079,-0.513830,2256.026611,1010.851135,-1373.415649,2175.078613,1015.561707,-1366.736572,2298.133789,1010.649658,-1341.141235,2208.960205,1011.597900,-1418.838013,2341.933350,1005.595337,-1366.946655,,,,,,,,,,,,,2616.230225,1567.771729,-3159.574219,,,,,,,,,,,,,,,,,,,,,,,,,,,,,,,,,
407,4.070000,0.000000,0.000000,0.000000,1.000000,0.000000,0.000000,0.000000,57.698101,20.499701,-14.700500,0.047771,-0.013570,0.015998,-15.666301,-52.738201,18.801300,-93.396698,0.129960,17.611099,-0.005136,-0.856414,0.050079,-0.513830,2256.026611,1010.851135,-1373.415649,2175.078613,1015.561707,-1366.736572,2298.133789,1010.649658,-1341.141235,2208.960205,1011.597900,-1418.838013,2341.933350,1005.595337,-1366.946655,,,,,,,,,,,,,2616.253906,1567.780884,-3159.565430,,,,,,,,,,,,,,,,,,,,,,,,,,,,,,,,,
408,4.080000,0.000000,0.000000,0.000000,1.000000,0.000000,0.000000,0.000000,57.698101,20.499701,-14.700500,0.047771,-0.013570,0.015998,-15.666301,-52.738201,18.801300,-93.396698,0.129960,17.611099,-0.005136,-0.856414,0.050079,-0.513830,2256.026611,1010.851135,-1373.415649,2175.078613,1015.561707,-1366.736572,2298.133789,1010.649658,-1341.141235,2208.960205,1011.597900,-1418.838013,2341.933350,1005.595337,-1366.946655,,,,,,,,,,,,,2616.249023,1567.789917,-3159.563965,,,,,,,,,,,,,,,,,,,,,,,,,,,,,,,,,
409,4.090000,0.000000,0.000000,0.000000,1.000000,0.000000,0.000000,0.000000,57.698101,20.499701,-14.700500,0.047771,-0.013570,0.015998,-15.666301,-52.738201,18.801300,-93.396698,0.129960,17.611099,-0.005136,-0.856414,0.050079,-0.513830,2256.026611,1010.851135,-1373.415649,2175.078613,1015.561707,-1366.736572,2298.133789,1010.649658,-1341.141235,2208.960205,1011.597900,-1418.838013,2341.933350,1005.595337,-1366.946655,,,,,,,,,,,,,2616.298096,1567.800415,-3159.563965,,,,,,,,,,,,,,,,,,,,,,,,,,,,,,,,,
410,4.100000,0.000000,0.000000,0.000000,1.000000,0.000000,0.000000,0.000000,57.698101,20.499701,-14.700500,0.047771,-0.013570,0.015998,-15.666301,-52.738201,18.801300,-93.396698,0.129960,17.611099,-0.005136,-0.856414,0.050079,-0.513830,2256.026611,1010.851135,-1373.415649,2175.078613,1015.561707,-1366.736572,2298.133789,1010.649658,-1341.141235,2208.960205,1011.597900,-1418.838013,2341.933350,1005.595337,-1366.946655,,,,,,,,,,,,,2616.316162,1567.741089,-3159.571777,,,,,,,,,,,,,,,,,,,,,,,,,,,,,,,,,
411,4.110000,0.000000,0.000000,0.000000,1.000000,0.000000,0.000000,0.000000,57.698101,20.499701,-14.700500,0.047771,-0.013570,0.015998,-15.666301,-52.738201,18.801300,-93.396698,0.129960,17.611099,-0.005136,-0.856414,0.050079,-0.513830,2256.026611,1010.851135,-1373.415649,2175.078613,1015.561707,-1366.736572,2298.133789,1010.649658,-1341.141235,2208.960205,1011.597900,-1418.838013,2341.933350,1005.595337,-1366.946655,,,,,,,,,,,,,2616.325684,1567.714722,-3159.576416,,,,,,,,,,,,,,,,,,,,,,,,,,,,,,,,,
412,4.120000,0.000000,0.000000,0.000000,1.000000,0.000000,0.000000,0.000000,57.698101,20.499701,-14.700500,0.047771,-0.013570,0.015998,-15.666301,-52.738201,18.801300,-93.396698,0.129960,17.611099,-0.005136,-0.856414,0.050079,-0.513830,2256.026611,1010.851135,-1373.415649,2175.078613,1015.561707,-1366.736572,2298.133789,1010.649658,-1341.141235,2208.960205,1011.597900,-1418.838013,2341.933350,1005.595337,-1366.946655,,,,,,,,,,,,,2616.332031,1567.761597,-3159.625488,,,,,,,,,,,,,,,,,,,,,,,,,,,,,,,,,
413,4.130000,0.000000,0.000000,0.000000,1.000000,0.000000,0.000000,0.000000,57.698101,20.499701,-14.700500,0.047771,-0.013570,0.015998,-15.666301,-52.738201,18.801300,-93.396698,0.129960,17.611099,-0.005136,-0.856414,0.050079,-0.513830,2256.026611,1010.851135,-1373.415649,2175.078613,1015.561707,-1366.736572,2298.133789,1010.649658,-1341.141235,2208.960205,1011.597900,-1418.838013,2341.933350,1005.595337,-1366.946655,,,,,,,,,,,,,2616.343994,1567.756592,-3159.681885,,,,,,,,,,,,,,,,,,,,,,,,,,,,,,,,,
414,4.140000,0.000000,0.000000,0.000000,1.000000,0.000000,0.000000,0.000000,57.698101,20.499701,-14.700500,0.047771,-0.013570,0.015998,-15.666301,-52.738201,18.801300,-93.396698,0.129960,17.611099,-0.005136,-0.856414,0.050079,-0.513830,2256.026611,1010.851135,-1373.415649,2175.078613,1015.561707,-1366.736572,2298.133789,1010.649658,-1341.141235,2208.960205,1011.597900,-1418.838013,2341.933350,1005.595337,-1366.946655,,,,,,,,,,,,,2616.342285,1567.771118,-3159.739502,,,,,,,,,,,,,,,,,,,,,,,,,,,,,,,,,
415,4.150000,0.000000,0.000000,0.000000,1.000000,0.000000,0.000000,0.000000,57.698101,20.499701,-14.700500,0.047771,-0.013570,0.015998,-15.666301,-52.738201,18.801300,-93.396698,0.129960,17.611099,-0.005136,-0.856414,0.050079,-0.513830,2256.026611,1010.851135,-1373.415649,2175.078613,1015.561707,-1366.736572,2298.133789,1010.649658,-1341.141235,2208.960205,1011.597900,-1418.838013,2341.933350,1005.595337,-1366.946655,,,,,,,,,,,,,2616.333496,1567.755005,-3159.788330,,,,,,,,,,,,,,,,,,,,,,,,,,,,,,,,,
416,4.160000,0.000000,0.000000,0.000000,1.000000,0.000000,0.000000,0.000000,57.698101,20.499701,-14.700500,0.047771,-0.013570,0.015998,-15.666301,-52.738201,18.801300,-93.396698,0.129960,17.611099,-0.005136,-0.856414,0.050079,-0.513830,2256.026611,1010.851135,-1373.415649,2175.078613,1015.561707,-1366.736572,2298.133789,1010.649658,-1341.141235,2208.960205,1011.597900,-1418.838013,2341.933350,1005.595337,-1366.946655,,,,,,,,,,,,,2616.327637,1567.713013,-3159.824219,,,,,,,,,,,,,,,,,,,,,,,,,,,,,,,,,
417,4.170000,0.000000,0.000000,0.000000,1.000000,0.000000,0.000000,0.000000,57.698101,20.499701,-14.700500,0.047771,-0.013570,0.015998,-15.666301,-52.738201,18.801300,-93.396698,0.129960,17.611099,-0.005136,-0.856414,0.050079,-0.513830,2256.026611,1010.851135,-1373.415649,2175.078613,1015.561707,-1366.736572,2298.133789,1010.649658,-1341.141235,2208.960205,1011.597900,-1418.838013,2341.933350,1005.595337,-1366.946655,,,,,,,,,,,,,2616.322266,1567.770630,-3159.858643,,,,,,,,,,,,,,,,,,,,,,,,,,,,,,,,,
418,4.180000,0.000000,0.000000,0.000000,1.000000,0.000000,0.000000,0.000000,57.698101,20.499701,-14.700500,0.047771,-0.013570,0.015998,-15.666301,-52.738201,18.801300,-93.396698,0.129960,17.611099,-0.005136,-0.856414,0.050079,-0.513830,2256.026611,1010.851135,-1373.415649,2175.078613,1015.561707,-1366.736572,2298.133789,1010.649658,-1341.141235,2208.960205,1011.597900,-1418.838013,2341.933350,1005.595337,-1366.946655,,,,,,,,,,,,,2616.299072,1567.719971,-3159.900879,,,,,,,,,,,,,,,,,,,,,,,,,,,,,,,,,
419,4.190000,0.000000,0.000000,0.000000,1.000000,0.000000,0.000000,0.000000,57.698101,20.499701,-14.700500,0.047771,-0.013570,0.015998,-15.666301,-52.738201,18.801300,-93.396698,0.129960,17.611099,-0.005136,-0.856414,0.050079,-0.513830,2256.026611,1010.851135,-1373.415649,2175.078613,1015.561707,-1366.736572,2298.133789,1010.649658,-1341.141235,2208.960205,1011.597900,-1418.838013,2341.933350,1005.595337,-1366.946655,,,,,,,,,,,,,2616.344727,1567.758179,-3159.898926,,,,,,,,,,,,,,,,,,,,,,,,,,,,,,,,,
420,4.200000,0.000000,0.000000,0.000000,1.000000,0.000000,0.000000,0.000000,57.698101,20.499701,-14.700500,0.047771,-0.013570,0.015998,-15.666301,-52.738201,18.801300,-93.396698,0.129960,17.611099,-0.005136,-0.856414,0.050079,-0.513830,2256.026611,1010.851135,-1373.415649,2175.078613,1015.561707,-1366.736572,2298.133789,1010.649658,-1341.141235,2208.960205,1011.597900,-1418.838013,2341.933350,1005.595337,-1366.946655,,,,,,,,,,,,,2616.317871,1567.758789,-3159.916748,,,,,,,,,,,,,,,,,,,,,,,,,,,,,,,,,
421,4.210000,0.000000,0.000000,0.000000,1.000000,0.000000,0.000000,0.000000,57.698101,20.499701,-14.700500,0.047771,-0.013570,0.015998,-15.666301,-52.738201,18.801300,-93.396698,0.129960,17.611099,-0.005136,-0.856414,0.050079,-0.513830,2256.026611,1010.851135,-1373.415649,2175.078613,1015.561707,-1366.736572,2298.133789,1010.649658,-1341.141235,2208.960205,1011.597900,-1418.838013,2341.933350,1005.595337,-1366.946655,,,,,,,,,,,,,2616.303467,1567.732788,-3159.929932,,,,,,,,,,,,,,,,,,,,,,,,,,,,,,,,,
422,4.220000,0.000000,0.000000,0.000000,1.000000,0.000000,0.000000,0.000000,57.698101,20.499701,-14.700500,0.047771,-0.013570,0.015998,-15.666301,-52.738201,18.801300,-93.396698,0.129960,17.611099,-0.005136,-0.856414,0.050079,-0.513830,2256.026611,1010.851135,-1373.415649,2175.078613,1015.561707,-1366.736572,2298.133789,1010.649658,-1341.141235,2208.960205,1011.597900,-1418.838013,2341.933350,1005.595337,-1366.946655,,,,,,,,,,,,,2616.305908,1567.743530,-3159.913086,,,,,,,,,,,,,,,,,,,,,,,,,,,,,,,,,
423,4.230000,0.000000,0.000000,0.000000,1.000000,0.000000,0.000000,0.000000,57.698101,20.499701,-14.700500,0.047771,-0.013570,0.015998,-15.666301,-52.738201,18.801300,-93.396698,0.129960,17.611099,-0.005136,-0.856414,0.050079,-0.513830,2256.026611,1010.851135,-1373.415649,2175.078613,1015.561707,-1366.736572,2298.133789,1010.649658,-1341.141235,2208.960205,1011.597900,-1418.838013,2341.933350,1005.595337,-1366.946655,,,,,,,,,,,,,2616.291016,1567.720947,-3159.891113,,,,,,,,,,,,,,,,,,,,,,,,,,,,,,,,,
424,4.240000,0.000000,0.000000,0.000000,1.000000,0.000000,0.000000,0.000000,57.698101,20.499701,-14.700500,0.047771,-0.013570,0.015998,-15.666301,-52.738201,18.801300,-93.396698,0.129960,17.611099,-0.005136,-0.856414,0.050079,-0.513830,2256.026611,1010.851135,-1373.415649,2175.078613,1015.561707,-1366.736572,2298.133789,1010.649658,-1341.141235,2208.960205,1011.597900,-1418.838013,2341.933350,1005.595337,-1366.946655,,,,,,,,,,,,,2616.285889,1567.721436,-3159.854248,,,,,,,,,,,,,,,,,,,,,,,,,,,,,,,,,
425,4.250000,0.000000,0.000000,0.000000,1.000000,0.000000,0.000000,0.000000,57.698101,20.499701,-14.700500,0.047771,-0.013570,0.015998,-15.666301,-52.738201,18.801300,-93.396698,0.129960,17.611099,-0.005136,-0.856414,0.050079,-0.513830,2256.026611,1010.851135,-1373.415649,2175.078613,1015.561707,-1366.736572,2298.133789,1010.649658,-1341.141235,2208.960205,1011.597900,-1418.838013,2341.933350,1005.595337,-1366.946655,,,,,,,,,,,,,2616.227295,1567.722168,-3159.841553,,,,,,,,,,,,,,,,,,,,,,,,,,,,,,,,,
426,4.260000,0.000000,0.000000,0.000000,1.000000,0.000000,0.000000,0.000000,57.698101,20.499701,-14.700500,0.047771,-0.013570,0.015998,-15.666301,-52.738201,18.801300,-93.396698,0.129960,17.611099,-0.005136,-0.856414,0.050079,-0.513830,2256.026611,1010.851135,-1373.415649,2175.078613,1015.561707,-1366.736572,2298.133789,1010.649658,-1341.141235,2208.960205,1011.597900,-1418.838013,2341.933350,1005.595337,-1366.946655,,,,,,,,,,,,,2616.228271,1567.752075,-3159.805176,,,,,,,,,,,,,,,,,,,,,,,,,,,,,,,,,
427,4.270000,0.000000,0.000000,0.000000,1.000000,0.000000,0.000000,0.000000,57.698101,20.499701,-14.700500,0.047771,-0.013570,0.015998,-15.666301,-52.738201,18.801300,-93.396698,0.129960,17.611099,-0.005136,-0.856414,0.050079,-0.513830,2256.026611,1010.851135,-1373.415649,2175.078613,1015.561707,-1366.736572,2298.133789,1010.649658,-1341.141235,2208.960205,1011.597900,-1418.838013,2341.933350,1005.595337,-1366.946655,,,,,,,,,,,,,2616.234863,1567.748291,-3159.757324,,,,,,,,,,,,,,,,,,,,,,,,,,,,,,,,,
428,4.280000,0.000000,0.000000,0.000000,1.000000,0.000000,0.000000,0.000000,57.698101,20.499701,-14.700500,0.047771,-0.013570,0.015998,-15.666301,-52.738201,18.801300,-93.396698,0.129960,17.611099,-0.005136,-0.856414,0.050079,-0.513830,2256.026611,1010.851135,-1373.415649,2175.078613,1015.561707,-1366.736572,2298.133789,1010.649658,-1341.141235,2208.960205,1011.597900,-1418.838013,2341.933350,1005.595337,-1366.946655,,,,,,,,,,,,,2616.289062,1567.783691,-3159.706299,,,,,,,,,,,,,,,,,,,,,,,,,,,,,,,,,
429,4.290000,0.000000,0.000000,0.000000,1.000000,0.000000,0.000000,0.000000,57.698101,20.499701,-14.700500,0.047771,-0.013570,0.015998,-15.666301,-52.738201,18.801300,-93.396698,0.129960,17.611099,-0.005136,-0.856414,0.050079,-0.513830,2256.026611,1010.851135,-1373.415649,2175.078613,1015.561707,-1366.736572,2298.133789,1010.649658,-1341.141235,2208.960205,1011.597900,-1418.838013,2341.933350,1005.595337,-1366.946655,,,,,,,,,,,,,2616.216797,1567.777466,-3159.670654,,,,,,,,,,,,,,,,,,,,,,,,,,,,,,,,,
430,4.300000,0.000000,0.000000,0.000000,1.000000,0.000000,0.000000,0.000000,57.698101,20.499701,-14.700500,0.047771,-0.013570,0.015998,-15.666301,-52.738201,18.801300,-93.396698,0.129960,17.611099,-0.005136,-0.856414,0.050079,-0.513830,2256.026611,1010.851135,-1373.415649,2175.078613,1015.561707,-1366.736572,2298.133789,1010.649658,-1341.141235,2208.960205,1011.597900,-1418.838013,2341.933350,1005.595337,-1366.946655,,,,,,,,,,,,,2616.250977,1567.793457,-3159.636963,,,,,,,,,,,,,,,,,,,,,,,,,,,,,,,,,
431,4.310000,0.000000,0.000000,0.000000,1.000000,0.000000,0.000000,0.000000,57.698101,20.499701,-14.700500,0.047771,-0.013570,0.015998,-15.666301,-52.738201,18.801300,-93.396698,0.129960,17.611099,-0.005136,-0.856414,0.050079,-0.513830,2256.026611,1010.851135,-1373.415649,2175.078613,1015.561707,-1366.736572,2298.133789,1010.649658,-1341.141235,2208.960205,1011.597900,-1418.838013,2341.933350,1005.595337,-1366.946655,,,,,,,,,,,,,2616.254150,1567.784058,-3159.603760,,,,,,,,,,,,,,,,,,,,,,,,,,,,,,,,,
432,4.320000,0.000000,0.000000,0.000000,1.000000,0.000000,0.000000,0.000000,57.698101,20.499701,-14.700500,0.047771,-0.013570,0.015998,-15.666301,-52.738201,18.801300,-93.396698,0.129960,17.611099,-0.005136,-0.856414,0.050079,-0.513830,2256.026611,1010.851135,-1373.415649,2175.078613,1015.561707,-1366.736572,2298.133789,1010.649658,-1341.141235,2208.960205,1011.597900,-1418.838013,2341.933350,1005.595337,-1366.946655,,,,,,,,,,,,,2616.250000,1567.779297,-3159.578125,,,,,,,,,,,,,,,,,,,,,,,,,,,,,,,,,
433,4.330000,0.000000,0.000000,0.000000,1.000000,0.000000,0.000000,0.000000,57.698101,20.499701,-14.700500,0.047771,-0.013570,0.015998,-15.666301,-52.738201,18.801300,-93.396698,0.129960,17.611099,-0.005136,-0.856414,0.050079,-0.513830,2256.026611,1010.851135,-1373.415649,2175.078613,1015.561707,-1366.736572,2298.133789,1010.649658,-1341.141235,2208.960205,1011.597900,-1418.838013,2341.933350,1005.595337,-1366.946655,,,,,,,,,,,,,2616.247070,1567.731934,-3159.572754,,,,,,,,,,,,,,,,,,,,,,,,,,,,,,,,,
434,4.340000,0.000000,0.000000,0.000000,1.000000,0.000000,0.000000,0.000000,57.698101,20.499701,-14.700500,0.047771,-0.013570,0.015998,-15.666301,-52.738201,18.801300,-93.396698,0.129960,17.611099,-0.005136,-0.856414,0.050079,-0.513830,2256.026611,1010.851135,-1373.415649,2175.078613,1015.561707,-1366.736572,2298.133789,1010.649658,-1341.141235,2208.960205,1011.597900,-1418.838013,2341.933350,1005.595337,-1366.946655,,,,,,,,,,,,,2616.267090,1567.749390,-3159.568359,,,,,,,,,,,,,,,,,,,,,,,,,,,,,,,,,
435,4.350000,0.000000,0.000000,0.000000,1.000000,0.000000,0.000000,0.000000,57.698101,20.499701,-14.700500,0.047771,-0.013570,0.015998,-15.666301,-52.738201,18.801300,-93.396698,0.129960,17.611099,-0.005136,-0.856414,0.050079,-0.513830,2256.026611,1010.851135,-1373.415649,2175.078613,1015.561707,-1366.736572,2298.133789,1010.649658,-1341.141235,2208.960205,1011.597900,-1418.838013,2341.933350,1005.595337,-1366.946655,,,,,,,,,,,,,2616.308838,1567.757446,-3159.568848,,,,,,,,,,,,,,,,,,,,,,,,,,,,,,,,,
436,4.360000,0.000000,0.000000,0.000000,1.000000,0.000000,0.000000,0.000000,57.698101,20.499701,-14.700500,0.047771,-0.013570,0.015998,-15.666301,-52.738201,18.801300,-93.396698,0.129960,17.611099,-0.005136,-0.856414,0.050079,-0.513830,2256.026611,1010.851135,-1373.415649,2175.078613,1015.561707,-1366.736572,2298.133789,1010.649658,-1341.141235,2208.960205,1011.597900,-1418.838013,2341.933350,1005.595337,-1366.946655,,,,,,,,,,,,,2616.291992,1567.752075,-3159.593262,,,,,,,,,,,,,,,,,,,,,,,,,,,,,,,,,
437,4.370000,0.000000,0.000000,0.000000,1.000000,0.000000,0.000000,0.000000,57.698101,20.499701,-14.700500,0.047771,-0.013570,0.015998,-15.666301,-52.738201,18.801300,-93.396698,0.129960,17.611099,-0.005136,-0.856414,0.050079,-0.513830,2256.026611,1010.851135,-1373.415649,2175.078613,1015.561707,-1366.736572,2298.133789,1010.649658,-1341.141235,2208.960205,1011.597900,-1418.838013,2341.933350,1005.595337,-1366.946655,,,,,,,,,,,,,2616.344238,1567.771973,-3159.619873,,,,,,,,,,,,,,,,,,,,,,,,,,,,,,,,,
438,4.380000,0.000000,0.000000,0.000000,1.000000,0.000000,0.000000,0.000000,57.698101,20.499701,-14.700500,0.047771,-0.013570,0.015998,-15.666301,-52.738201,18.801300,-93.396698,0.129960,17.611099,-0.005136,-0.856414,0.050079,-0.513830,2256.026611,1010.851135,-1373.415649,2175.078613,1015.561707,-1366.736572,2298.133789,1010.649658,-1341.141235,2208.960205,1011.597900,-1418.838013,2341.933350,1005.595337,-1366.946655,,,,,,,,,,,,,2616.323242,1567.772217,-3159.666260,,,,,,,,,,,,,,,,,,,,,,,,,,,,,,,,,
439,4.390000,0.000000,0.000000,0.000000,1.000000,0.000000,0.000000,0.000000,57.698101,20.499701,-14.700500,0.047771,-0.013570,0.015998,-15.666301,-52.738201,18.801300,-93.396698,0.129960,17.611099,-0.005136,-0.856414,0.050079,-0.513830,2256.026611,1010.851135,-1373.415649,2175.078613,1015.561707,-1366.736572,2298.133789,1010.649658,-1341.141235,2208.960205,1011.597900,-1418.838013,2341.933350,1005.595337,-1366.946655,,,,,,,,,,,,,2616.322266,1567.784180,-3159.720703,,,,,,,,,,,,,,,,,,,,,,,,,,,,,,,,,
440,4.400000,0.000000,0.000000,0.000000,1.000000,0.000000,0.000000,0.000000,57.698101,20.499701,-14.700500,0.047771,-0.013570,0.015998,-15.666301,-52.738201,18.801300,-93.396698,0.129960,17.611099,-0.005136,-0.856414,0.050079,-0.513830,2256.026611,1010.851135,-1373.415649,2175.078613,1015.561707,-1366.736572,2298.133789,1010.649658,-1341.141235,2208.960205,1011.597900,-1418.838013,2341.933350,1005.595337,-1366.946655,,,,,,,,,,,,,2616.324707,1567.753418,-3159.762939,,,,,,,,,,,,,,,,,,,,,,,,,,,,,,,,,
441,4.410000,0.000000,0.000000,0.000000,1.000000,0.000000,0.000000,0.000000,57.698101,20.499701,-14.700500,0.047771,-0.013570,0.015998,-15.666301,-52.738201,18.801300,-93.396698,0.129960,17.611099,-0.005136,-0.856414,0.050079,-0.513830,2256.026611,1010.851135,-1373.415649,2175.078613,1015.561707,-1366.736572,2298.133789,1010.649658,-1341.141235,2208.960205,1011.597900,-1418.838013,2341.933350,1005.595337,-1366.946655,,,,,,,,,,,,,2616.314697,1567.730347,-3159.808594,,,,,,,,,,,,,,,,,,,,,,,,,,,,,,,,,
442,4.420000,0.000000,0.000000,0.000000,1.000000,0.000000,0.000000,0.000000,57.698101,20.499701,-14.700500,0.047771,-0.013570,0.015998,-15.666301,-52.738201,18.801300,-93.396698,0.129960,17.611099,-0.005136,-0.856414,0.050079,-0.513830,2256.026611,1010.851135,-1373.415649,2175.078613,1015.561707,-1366.736572,2298.133789,1010.649658,-1341.141235,2208.960205,1011.597900,-1418.838013,2341.933350,1005.595337,-1366.946655,,,,,,,,,,,,,2616.351807,1567.776367,-3159.833252,,,,,,,,,,,,,,,,,,,,,,,,,,,,,,,,,
443,4.430000,0.000000,0.000000,0.000000,1.000000,0.000000,0.000000,0.000000,57.698101,20.499701,-14.700500,0.047771,-0.013570,0.015998,-15.666301,-52.738201,18.801300,-93.396698,0.129960,17.611099,-0.005136,-0.856414,0.050079,-0.513830,2256.026611,1010.851135,-1373.415649,2175.078613,1015.561707,-1366.736572,2298.133789,1010.649658,-1341.141235,2208.960205,1011.597900,-1418.838013,2341.933350,1005.595337,-1366.946655,,,,,,,,,,,,,2616.311035,1567.722778,-3159.865234,,,,,,,,,,,,,,,,,,,,,,,,,,,,,,,,,
444,4.440000,0.000000,0.000000,0.000000,1.000000,0.000000,0.000000,0.000000,57.698101,20.499701,-14.700500,0.047771,-0.013570,0.015998,-15.666301,-52.738201,18.801300,-93.396698,0.129960,17.611099,-0.005136,-0.856414,0.050079,-0.513830,2256.026611,1010.851135,-1373.415649,2175.078613,1015.561707,-1366.736572,2298.133789,1010.649658,-1341.141235,2208.960205,1011.597900,-1418.838013,2341.933350,1005.595337,-1366.946655,,,,,,,,,,,,,2616.341553,1567.741943,-3159.896973,,,,,,,,,,,,,,,,,,,,,,,,,,,,,,,,,
445,4.450000,0.000000,0.000000,0.000000,1.000000,0.000000,0.000000,0.000000,57.698101,20.499701,-14.700500,0.047771,-0.013570,0.015998,-15.666301,-52.738201,18.801300,-93.396698,0.129960,17.611099,-0.005136,-0.856414,0.050079,-0.513830,2256.026611,1010.851135,-1373.415649,2175.078613,1015.561707,-1366.736572,2298.133789,1010.649658,-1341.141235,2208.960205,1011.597900,-1418.838013,2341.933350,1005.595337,-1366.946655,,,,,,,,,,,,,2616.322510,1567.700073,-3159.904053,,,,,,,,,,,,,,,,,,,,,,,,,,,,,,,,,
446,4.460000,0.000000,0.000000,0.000000,1.000000,0.000000,0.000000,0.000000,57.698101,20.499701,-14.700500,0.047771,-0.013570,0.015998,-15.666301,-52.738201,18.801300,-93.396698,0.129960,17.611099,-0.005136,-0.856414,0.050079,-0.513830,2256.026611,1010.851135,-1373.415649,2175.078613,1015.561707,-1366.736572,2298.133789,1010.649658,-1341.141235,2208.960205,1011.597900,-1418.838013,2341.933350,1005.595337,-1366.946655,,,,,,,,,,,,,2616.325195,1567.746216,-3159.913574,,,,,,,,,,,,,,,,,,,,,,,,,,,,,,,,,
447,4.470000,0.000000,0.000000,0.000000,1.000000,0.000000,0.000000,0.000000,57.698101,20.499701,-14.700500,0.047771,-0.013570,0.015998,-15.666301,-52.738201,18.801300,-93.396698,0.129960,17.611099,-0.005136,-0.856414,0.050079,-0.513830,2256.026611,1010.851135,-1373.415649,2175.078613,1015.561707,-1366.736572,2298.133789,1010.649658,-1341.141235,2208.960205,1011.597900,-1418.838013,2341.933350,1005.595337,-1366.946655,,,,,,,,,,,,,2616.328125,1567.751831,-3159.917480,,,,,,,,,,,,,,,,,,,,,,,,,,,,,,,,,
448,4.480000,0.000000,0.000000,0.000000,1.000000,0.000000,0.000000,0.000000,57.698101,20.499701,-14.700500,0.047771,-0.013570,0.015998,-15.666301,-52.738201,18.801300,-93.396698,0.129960,17.611099,-0.005136,-0.856414,0.050079,-0.513830,2256.026611,1010.851135,-1373.415649,2175.078613,1015.561707,-1366.736572,2298.133789,1010.649658,-1341.141235,2208.960205,1011.597900,-1418.838013,2341.933350,1005.595337,-1366.946655,,,,,,,,,,,,,2616.271240,1567.713867,-3159.910889,,,,,,,,,,,,,,,,,,,,,,,,,,,,,,,,,
449,4.490000,0.000000,0.000000,0.000000,1.000000,0.000000,0.000000,0.000000,57.698101,20.499701,-14.700500,0.047771,-0.013570,0.015998,-15.666301,-52.738201,18.801300,-93.396698,0.129960,17.611099,-0.005136,-0.856414,0.050079,-0.513830,2256.026611,1010.851135,-1373.415649,2175.078613,1015.561707,-1366.736572,2298.133789,1010.649658,-1341.141235,2208.960205,1011.597900,-1418.838013,2341.933350,1005.595337,-1366.946655,,,,,,,,,,,,,2616.250977,1567.717651,-3159.903564,,,,,,,,,,,,,,,,,,,,,,,,,,,,,,,,,
450,4.500000,0.000000,0.000000,0.000000,1.000000,0.000000,0.000000,0.000000,57.698101,20.499701,-14.700500,0.047771,-0.013570,0.015998,-15.666301,-52.738201,18.801300,-93.396698,0.129960,17.611099,-0.005136,-0.856414,0.050079,-0.513830,2256.026611,1010.851135,-1373.415649,2175.078613,1015.561707,-1366.736572,2298.133789,1010.649658,-1341.141235,2208.960205,1011.597900,-1418.838013,2341.933350,1005.595337,-1366.946655,,,,,,,,,,,,,2616.272705,1567.759033,-3159.876709,,,,,,,,,,,,,,,,,,,,,,,,,,,,,,,,,
451,4.510000,0.000000,0.000000,0.000000,1.000000,0.000000,0.000000,0.000000,57.698101,20.499701,-14.700500,0.047771,-0.013570,0.015998,-15.666301,-52.738201,18.801300,-93.396698,0.129960,17.611099,-0.005136,-0.856414,0.050079,-0.513830,2256.026611,1010.851135,-1373.415649,2175.078613,1015.561707,-1366.736572,2298.133789,1010.649658,-1341.141235,2208.960205,1011.597900,-1418.838013,2341.933350,1005.595337,-1366.946655,,,,,,,,,,,,,2616.281006,1567.748413,-3159.844238,,,,,,,,,,,,,,,,,,,,,,,,,,,,,,,,,
452,4.520000,0.000000,0.000000,0.000000,1.000000,0.000000,0.000000,0.000000,57.698101,20.499701,-14.700500,0.047771,-0.013570,0.015998,-15.666301,-52.738201,18.801300,-93.396698,0.129960,17.611099,-0.005136,-0.856414,0.050079,-0.513830,2256.026611,1010.851135,-1373.415649,2175.078613,1015.561707,-1366.736572,2298.133789,1010.649658,-1341.141235,2208.960205,1011.597900,-1418.838013,2341.933350,1005.595337,-1366.946655,,,,,,,,,,,,,2616.251953,1567.704468,-3159.794922,,,,,,,,,,,,,,,,,,,,,,,,,,,,,,,,,
453,4.530000,0.000000,0.000000,0.000000,1.000000,0.000000,0.000000,0.000000,57.698101,20.499701,-14.700500,0.047771,-0.013570,0.015998,-15.666301,-52.738201,18.801300,-93.396698,0.129960,17.611099,-0.005136,-0.856414,0.050079,-0.513830,2256.026611,1010.851135,-1373.415649,2175.078613,1015.561707,-1366.736572,2298.133789,1010.649658,-1341.141235,2208.960205,1011.597900,-1418.838013,2341.933350,1005.595337,-1366.946655,,,,,,,,,,,,,2616.278809,1567.737305,-3159.744629,,,,,,,,,,,,,,,,,,,,,,,,,,,,,,,,,
454,4.540000,0.000000,0.000000,0.000000,1.000000,0.000000,0.000000,0.000000,57.698101,20.499701,-14.700500,0.047771,-0.013570,0.015998,-15.666301,-52.738201,18.801300,-93.396698,0.129960,17.611099,-0.005136,-0.856414,0.050079,-0.513830,2256.026611,1010.851135,-1373.415649,2175.078613,1015.561707,-1366.736572,2298.133789,1010.649658,-1341.141235,2208.960205,1011.597900,-1418.838013,2341.933350,1005.595337,-1366.946655,,,,,,,,,,,,,2616.227295,1567.752441,-3159.702881,,,,,,,,,,,,,,,,,,,,,,,,,,,,,,,,,
455,4.550000,0.000000,0.000000,0.000000,1.000000,0.000000,0.000000,0.000000,57.698101,20.499701,-14.700500,0.047771,-0.013570,0.015998,-15.666301,-52.738201,18.801300,-93.396698,0.129960,17.611099,-0.005136,-0.856414,0.050079,-0.513830,2256.026611,1010.851135,-1373.415649,2175.078613,1015.561707,-1366.736572,2298.133789,1010.649658,-1341.141235,2208.960205,1011.597900,-1418.838013,2341.933350,1005.595337,-1366.946655,,,,,,,,,,,,,2616.211426,1567.760254,-3159.677246,,,,,,,,,,,,,,,,,,,,,,,,,,,,,,,,,
456,4.560000,0.000000,0.000000,0.000000,1.000000,0.000000,0.000000,0.000000,57.698101,20.499701,-14.700500,0.047771,-0.013570,0.015998,-15.666301,-52.738201,18.801300,-93.396698,0.129960,17.611099,-0.005136,-0.856414,0.050079,-0.513830,2256.026611,1010.851135,-1373.415649,2175.078613,1015.561707,-1366.736572,2298.133789,1010.649658,-1341.141235,2208.960205,1011.597900,-1418.838013,2341.933350,1005.595337,-1366.946655,,,,,,,,,,,,,2616.232422,1567.739502,-3159.641602,,,,,,,,,,,,,,,,,,,,,,,,,,,,,,,,,
457,4.570000,0.000000,0.000000,0.000000,1.000000,0.000000,0.000000,0.000000,57.698101,20.499701,-14.700500,0.047771,-0.013570,0.015998,-15.666301,-52.738201,18.801300,-93.396698,0.129960,17.611099,-0.005136,-0.856414,0.050079,-0.513830,2256.026611,1010.851135,-1373.415649,2175.078613,1015.561707,-1366.736572,2298.133789,1010.649658,-1341.141235,2208.960205,1011.597900,-1418.838013,2341.933350,1005.595337,-1366.946655,,,,,,,,,,,,,2616.244385,1567.760498,-3159.610596,,,,,,,,,,,,,,,,,,,,,,,,,,,,,,,,,
458,4.580000,0.000000,0.000000,0.000000,1.000000,0.000000,0.000000,0.000000,57.698101,20.499701,-14.700500,0.047771,-0.013570,0.015998,-15.666301,-52.738201,18.801300,-93.396698,0.129960,17.611099,-0.005136,-0.856414,0.050079,-0.513830,2256.026611,1010.851135,-1373.415649,2175.078613,1015.561707,-1366.736572,2298.133789,1010.649658,-1341.141235,2208.960205,1011.597900,-1418.838013,2341.933350,1005.595337,-1366.946655,,,,,,,,,,,,,2616.230225,1567.755249,-3159.586182,,,,,,,,,,,,,,,,,,,,,,,,,,,,,,,,,
459,4.590000,0.000000,0.000000,0.000000,1.000000,0.000000,0.000000,0.000000,57.698101,20.499701,-14.700500,0.047771,-0.013570,0.015998,-15.666301,-52.738201,18.801300,-93.396698,0.129960,17.611099,-0.005136,-0.856414,0.050079,-0.513830,2256.026611,1010.851135,-1373.415649,2175.078613,1015.561707,-1366.736572,2298.133789,1010.649658,-1341.141235,2208.960205,1011.597900,-1418.838013,2341.933350,1005.595337,-1366.946655,,,,,,,,,,,,,2616.291504,1567.790161,-3159.574463,,,,,,,,,,,,,,,,,,,,,,,,,,,,,,,,,
460,4.600000,0.000000,0.000000,0.000000,1.000000,0.000000,0.000000,0.000000,57.698101,20.499701,-14.700500,0.047771,-0.013570,0.015998,-15.666301,-52.738201,18.801300,-93.396698,0.129960,17.611099,-0.005136,-0.856414,0.050079,-0.513830,2256.026611,1010.851135,-1373.415649,2175.078613,1015.561707,-1366.736572,2298.133789,1010.649658,-1341.141235,2208.960205,1011.597900,-1418.838013,2341.933350,1005.595337,-1366.946655,,,,,,,,,,,,,2616.274414,1567.773560,-3159.582031,,,,,,,,,,,,,,,,,,,,,,,,,,,,,,,,,
461,4.610000,0.000000,0.000000,0.000000,1.000000,0.000000,0.000000,0.000000,57.698101,20.499701,-14.700500,0.047771,-0.013570,0.015998,-15.666301,-52.738201,18.801300,-93.396698,0.129960,17.611099,-0.005136,-0.856414,0.050079,-0.513830,2256.026611,1010.851135,-1373.415649,2175.078613,1015.561707,-1366.736572,2298.133789,1010.649658,-1341.141235,2208.960205,1011.597900,-1418.838013,2341.933350,1005.595337,-1366.946655,,,,,,,,,,,,,2616.258057,1567.756958,-3159.597168,,,,,,,,,,,,,,,,,,,,,,,,,,,,,,,,,
462,4.620000,0.000000,0.000000,0.000000,1.000000,0.000000,0.000000,0.000000,57.698101,20.499701,-14.700500,0.047771,-0.013570,0.015998,-15.666301,-52.738201,18.801300,-93.396698,0.129960,17.611099,-0.005136,-0.856414,0.050079,-0.513830,2256.026611,1010.851135,-1373.415649,2175.078613,1015.561707,-1366.736572,2298.133789,1010.649658,-1341.141235,2208.960205,1011.597900,-1418.838013,2341.933350,1005.595337,-1366.946655,,,,,,,,,,,,,2616.283691,1567.747070,-3159.611084,,,,,,,,,,,,,,,,,,,,,,,,,,,,,,,,,
463,4.630000,0.000000,0.000000,0.000000,1.000000,0.000000,0.000000,0.000000,57.698101,20.499701,-14.700500,0.047771,-0.013570,0.015998,-15.666301,-52.738201,18.801300,-93.396698,0.129960,17.611099,-0.005136,-0.856414,0.050079,-0.513830,2256.026611,1010.851135,-1373.415649,2175.078613,1015.561707,-1366.736572,2298.133789,1010.649658,-1341.141235,2208.960205,1011.597900,-1418.838013,2341.933350,1005.595337,-1366.946655,,,,,,,,,,,,,2616.321533,1567.767822,-3159.630127,,,,,,,,,,,,,,,,,,,,,,,,,,,,,,,,,
464,4.640000,0.000000,0.000000,0.000000,1.000000,0.000000,0.000000,0.000000,57.698101,20.499701,-14.700500,0.047771,-0.013570,0.015998,-15.666301,-52.738201,18.801300,-93.396698,0.129960,17.611099,-0.005136,-0.856414,0.050079,-0.513830,2256.026611,1010.851135,-1373.415649,2175.078613,1015.561707,-1366.736572,2298.133789,1010.649658,-1341.141235,2208.960205,1011.597900,-1418.838013,2341.933350,1005.595337,-1366.946655,,,,,,,,,,,,,2616.328369,1567.751465,-3159.671631,,,,,,,,,,,,,,,,,,,,,,,,,,,,,,,,,
465,4.650000,0.000000,0.000000,0.000000,1.000000,0.000000,0.000000,0.000000,57.698101,20.499701,-14.700500,0.047771,-0.013570,0.015998,-15.666301,-52.738201,18.801300,-93.396698,0.129960,17.611099,-0.005136,-0.856414,0.050079,-0.513830,2256.026611,1010.851135,-1373.415649,2175.078613,1015.561707,-1366.736572,2298.133789,1010.649658,-1341.141235,2208.960205,1011.597900,-1418.838013,2341.933350,1005.595337,-1366.946655,,,,,,,,,,,,,2616.334717,1567.740112,-3159.701904,,,,,,,,,,,,,,,,,,,,,,,,,,,,,,,,,
466,4.660000,0.000000,0.000000,0.000000,1.000000,0.000000,0.000000,0.000000,57.698101,20.499701,-14.700500,0.047771,-0.013570,0.015998,-15.666301,-52.738201,18.801300,-93.396698,0.129960,17.611099,-0.005136,-0.856414,0.050079,-0.513830,2256.026611,1010.851135,-1373.415649,2175.078613,1015.561707,-1366.736572,2298.133789,1010.649658,-1341.141235,2208.960205,1011.597900,-1418.838013,2341.933350,1005.595337,-1366.946655,,,,,,,,,,,,,2616.353027,1567.745239,-3159.745361,,,,,,,,,,,,,,,,,,,,,,,,,,,,,,,,,
467,4.670000,0.000000,0.000000,0.000000,1.000000,0.000000,0.000000,0.000000,57.698101,20.499701,-14.700500,0.047771,-0.013570,0.015998,-15.666301,-52.738201,18.801300,-93.396698,0.129960,17.611099,-0.005136,-0.856414,0.050079,-0.513830,2256.026611,1010.851135,-1373.415649,2175.078613,1015.561707,-1366.736572,2298.133789,1010.649658,-1341.141235,2208.960205,1011.597900,-1418.838013,2341.933350,1005.595337,-1366.946655,,,,,,,,,,,,,2616.337402,1567.731812,-3159.791504,,,,,,,,,,,,,,,,,,,,,,,,,,,,,,,,,
468,4.680000,0.000000,0.000000,0.000000,1.000000,0.000000,0.000000,0.000000,57.698101,20.499701,-14.700500,0.047771,-0.013570,0.015998,-15.666301,-52.738201,18.801300,-93.396698,0.129960,17.611099,-0.005136,-0.856414,0.050079,-0.513830,2256.026611,1010.851135,-1373.415649,2175.078613,1015.561707,-1366.736572,2298.133789,1010.649658,-1341.141235,2208.960205,1011.597900,-1418.838013,2341.933350,1005.595337,-1366.946655,,,,,,,,,,,,,2616.351318,1567.750732,-3159.835205,,,,,,,,,,,,,,,,,,,,,,,,,,,,,,,,,
469,4.690000,0.000000,0.000000,0.000000,1.000000,0.000000,0.000000,0.000000,57.698101,20.499701,-14.700500,0.047771,-0.013570,0.015998,-15.666301,-52.738201,18.801300,-93.396698,0.129960,17.611099,-0.005136,-0.856414,0.050079,-0.513830,2256.026611,1010.851135,-1373.415649,2175.078613,1015.561707,-1366.736572,2298.133789,1010.649658,-1341.141235,2208.960205,1011.597900,-1418.838013,2341.933350,1005.595337,-1366.946655,,,,,,,,,,,,,2616.327148,1567.717651,-3159.860352,,,,,,,,,,,,,,,,,,,,,,,,,,,,,,,,,
470,4.700000,0.000000,0.000000,0.000000,1.000000,0.000000,0.000000,0.000000,57.698101,20.499701,-14.700500,0.047771,-0.013570,0.015998,-15.666301,-52.738201,18.801300,-93.396698,0.129960,17.611099,-0.005136,-0.856414,0.050079,-0.513830,2256.026611,1010.851135,-1373.415649,2175.078613,1015.561707,-1366.736572,2298.133789,1010.649658,-1341.141235,2208.960205,1011.597900,-1418.838013,2341.933350,1005.595337,-1366.946655,,,,,,,,,,,,,2616.338867,1567.733398,-3159.890869,,,,,,,,,,,,,,,,,,,,,,,,,,,,,,,,,
471,4.710000,0.000000,0.000000,0.000000,1.000000,0.000000,0.000000,0.000000,57.698101,20.499701,-14.700500,0.047771,-0.013570,0.015998,-15.666301,-52.738201,18.801300,-93.396698,0.129960,17.611099,-0.005136,-0.856414,0.050079,-0.513830,2256.026611,1010.851135,-1373.415649,2175.078613,1015.561707,-1366.736572,2298.133789,1010.649658,-1341.141235,2208.960205,1011.597900,-1418.838013,2341.933350,1005.595337,-1366.946655,,,,,,,,,,,,,2616.338135,1567.734619,-3159.903320,,,,,,,,,,,,,,,,,,,,,,,,,,,,,,,,,
472,4.720000,0.000000,0.000000,0.000000,1.000000,0.000000,0.000000,0.000000,57.698101,20.499701,-14.700500,0.047771,-0.013570,0.015998,-15.666301,-52.738201,18.801300,-93.396698,0.129960,17.611099,-0.005136,-0.856414,0.050079,-0.513830,2256.026611,1010.851135,-1373.415649,2175.078613,1015.561707,-1366.736572,2298.133789,1010.649658,-1341.141235,2208.960205,1011.597900,-1418.838013,2341.933350,1005.595337,-1366.946655,,,,,,,,,,,,,2616.329102,1567.712524,-3159.901123,,,,,,,,,,,,,,,,,,,,,,,,,,,,,,,,,
473,4.730000,0.000000,0.000000,0.000000,1.000000,0.000000,0.000000,0.000000,57.698101,20.499701,-14.700500,0.047771,-0.013570,0.015998,-15.666301,-52.738201,18.801300,-93.396698,0.129960,17.611099,-0.005136,-0.856414,0.050079,-0.513830,2256.026611,1010.851135,-1373.415649,2175.078613,1015.561707,-1366.736572,2298.133789,1010.649658,-1341.141235,2208.960205,1011.597900,-1418.838013,2341.933350,1005.595337,-1366.946655,,,,,,,,,,,,,2616.312012,1567.709106,-3159.915039,,,,,,,,,,,,,,,,,,,,,,,,,,,,,,,,,
474,4.740000,0.000000,0.000000,0.000000,1.000000,0.000000,0.000000,0.000000,57.698101,20.499701,-14.700500,0.047771,-0.013570,0.015998,-15.666301,-52.738201,18.801300,-93.396698,0.129960,17.611099,-0.005136,-0.856414,0.050079,-0.513830,2256.026611,1010.851135,-1373.415649,2175.078613,1015.561707,-1366.736572,2298.133789,1010.649658,-1341.141235,2208.960205,1011.597900,-1418.838013,2341.933350,1005.595337,-1366.946655,,,,,,,,,,,,,2616.317383,1567.748413,-3159.911621,,,,,,,,,,,,,,,,,,,,,,,,,,,,,,,,,
475,4.750000,0.000000,0.000000,0.000000,1.000000,0.000000,0.000000,0.000000,57.698101,20.499701,-14.700500,0.047771,-0.013570,0.015998,-15.666301,-52.738201,18.801300,-93.396698,0.129960,17.611099,-0.005136,-0.856414,0.050079,-0.513830,2256.026611,1010.851135,-1373.415649,2175.078613,1015.561707,-1366.736572,2298.133789,1010.649658,-1341.141235,2208.960205,1011.597900,-1418.838013,2341.933350,1005.595337,-1366.946655,,,,,,,,,,,,,2616.289551,1567.744751,-3159.887207,,,,,,,,,,,,,,,,,,,,,,,,,,,,,,,,,
476,4.760000,0.000000,0.000000,0.000000,1.000000,0.000000,0.000000,0.000000,57.698101,20.499701,-14.700500,0.047771,-0.013570,0.015998,-15.666301,-52.738201,18.801300,-93.396698,0.129960,17.611099,-0.005136,-0.856414,0.050079,-0.513830,2256.026611,1010.851135,-1373.415649,2175.078613,1015.561707,-1366.736572,2298.133789,1010.649658,-1341.141235,2208.960205,1011.597900,-1418.838013,2341.933350,1005.595337,-1366.946655,,,,,,,,,,,,,2616.279297,1567.734863,-3159.860352,,,,,,,,,,,,,,,,,,,,,,,,,,,,,,,,,
477,4.770000,0.000000,0.000000,0.000000,1.000000,0.000000,0.000000,0.000000,57.698101,20.499701,-14.700500,0.047771,-0.013570,0.015998,-15.666301,-52.738201,18.801300,-93.396698,0.129960,17.611099,-0.005136,-0.856414,0.050079,-0.513830,2256.026611,1010.851135,-1373.415649,2175.078613,1015.561707,-1366.736572,2298.133789,1010.649658,-1341.141235,2208.960205,1011.597900,-1418.838013,2341.933350,1005.595337,-1366.946655,,,,,,,,,,,,,2616.288574,1567.742676,-3159.825684,,,,,,,,,,,,,,,,,,,,,,,,,,,,,,,,,
478,4.780000,0.000000,0.000000,0.000000,1.000000,0.000000,0.000000,0.000000,57.698101,20.499701,-14.700500,0.047771,-0.013570,0.015998,-15.666301,-52.738201,18.801300,-93.396698,0.129960,17.611099,-0.005136,-0.856414,0.050079,-0.513830,2256.026611,1010.851135,-1373.415649,2175.078613,1015.561707,-1366.736572,2298.133789,1010.649658,-1341.141235,2208.960205,1011.597900,-1418.838013,2341.933350,1005.595337,-1366.946655,,,,,,,,,,,,,2616.253662,1567.678589,-3159.783936,2110.541992,1547.781250,-3391.672363,,,,,,,,,,,,,,,,,,,,,,,,,,,,,,
479,4.790000,0.000000,0.000000,0.000000,1.000000,0.000000,0.000000,0.000000,57.698101,20.499701,-14.700500,0.047771,-0.013570,0.015998,-15.666301,-52.738201,18.801300,-93.396698,0.129960,17.611099,-0.005136,-0.856414,0.050079,-0.513830,2256.026611,1010.851135,-1373.415649,2175.078613,1015.561707,-1366.736572,2298.133789,1010.649658,-1341.141235,2208.960205,1011.597900,-1418.838013,2341.933350,1005.595337,-1366.946655,,,,,,,,,,,,,2616.257812,1567.752686,-3159.745850,2107.962158,1546.915527,-3390.460205,,,,,,,,,,,,,,,,,,,,,,,,,,,,,,
480,4.800000,0.000000,0.000000,0.000000,1.000000,0.000000,0.000000,0.000000,57.698101,20.499701,-14.700500,0.047771,-0.013570,0.015998,-15.666301,-52.738201,18.801300,-93.396698,0.129960,17.611099,-0.005136,-0.856414,0.050079,-0.513830,2256.026611,1010.851135,-1373.415649,2175.078613,1015.561707,-1366.736572,2298.133789,1010.649658,-1341.141235,2208.960205,1011.597900,-1418.838013,2341.933350,1005.595337,-1366.946655,,,,,,,,,,,,,2616.243896,1567.793945,-3159.729492,2106.528320,1547.152222,-3389.342529,,,,,,,,,,,,,,,,,,,,,,,,,,,,,,
481,4.810000,0.000000,0.000000,0.000000,1.000000,0.000000,0.000000,0.000000,57.698101,20.499701,-14.700500,0.047771,-0.013570,0.015998,-15.666301,-52.738201,18.801300,-93.396698,0.129960,17.611099,-0.005136,-0.856414,0.050079,-0.513830,2256.026611,1010.851135,-1373.415649,2175.078613,1015.561707,-1366.736572,2298.133789,1010.649658,-1341.141235,2208.960205,1011.597900,-1418.838013,2341.933350,1005.595337,-1366.946655,,,,,,,,,,,,,2616.217529,1567.785278,-3159.676270,2104.529053,1547.141968,-3388.007568,,,,,,,,,,,,,,,,,,,,,,,,,,,,,,
482,4.820000,0.000000,0.000000,0.000000,1.000000,0.000000,0.000000,0.000000,57.698101,20.499701,-14.700500,0.047771,-0.013570,0.015998,-15.666301,-52.738201,18.801300,-93.396698,0.129960,17.611099,-0.005136,-0.856414,0.050079,-0.513830,2256.026611,1010.851135,-1373.415649,2175.078613,1015.561707,-1366.736572,2298.133789,1010.649658,-1341.141235,2208.960205,1011.597900,-1418.838013,2341.933350,1005.595337,-1366.946655,,,,,,,,,,,,,2616.233643,1567.786377,-3159.639160,2102.977051,1547.420654,-3386.727783,2130.579346,1504.457520,-3384.771484,,,,,,,,,,,,,,,,,,,,,,,,,,,
483,4.830000,0.000000,0.000000,0.000000,1.000000,0.000000,0.000000,0.000000,57.698101,20.499701,-14.700500,0.047771,-0.013570,0.015998,-15.666301,-52.738201,18.801300,-93.396698,0.129960,17.611099,-0.005136,-0.856414,0.050079,-0.513830,2256.026611,1010.851135,-1373.415649,2175.078613,1015.561707,-1366.736572,2298.133789,1010.649658,-1341.141235,2208.960205,1011.597900,-1418.838013,2341.933350,1005.595337,-1366.946655,,,,,,,,,,,,,2616.268555,1567.763306,-3159.594727,2101.538818,1547.738892,-3385.305176,2128.960938,1504.687256,-3383.810303,,,,,,,,,,,,,,,,,,,,,,,,,,,
484,4.840000,0.000000,0.000000,0.000000,1.000000,0.000000,0.000000,0.000000,57.698101,20.499701,-14.700500,0.047771,-0.013570,0.015998,-15.666301,-52.738201,18.801300,-93.396698,0.129960,17.611099,-0.005136,-0.856414,0.050079,-0.513830,2256.026611,1010.851135,-1373.415649,2175.078613,1015.561707,-1366.736572,2298.133789,1010.649658,-1341.141235,2208.960205,1011.597900,-1418.838013,2341.933350,1005.595337,-1366.946655,,,,,,,,,,,,,2616.279297,1567.774170,-3159.575684,2099.892334,1547.725708,-3383.808105,2127.541992,1504.969116,-3382.567627,,,,,,,,,,,,,,,,,,,,,,,,,,,
485,4.850000,0.000000,0.000000,0.000000,1.000000,0.000000,0.000000,0.000000,57.698101,20.499701,-14.700500,0.047771,-0.013570,0.015998,-15.666301,-52.738201,18.801300,-93.396698,0.129960,17.611099,-0.005136,-0.856414,0.050079,-0.513830,2256.026611,1010.851135,-1373.415649,2175.078613,1015.561707,-1366.736572,2298.133789,1010.649658,-1341.141235,2208.960205,1011.597900,-1418.838013,2341.933350,1005.595337,-1366.946655,,,,,,,,,,,,,2616.270752,1567.754150,-3159.570068,2098.505615,1547.827881,-3382.229248,2125.959717,1504.975708,-3381.184082,,,,,,,,,,,,,,,,,,,,,,,,,,,
486,4.860000,0.000000,0.000000,0.000000,1.000000,0.000000,0.000000,0.000000,57.698101,20.499701,-14.700500,0.047771,-0.013570,0.015998,-15.666301,-52.738201,18.801300,-93.396698,0.129960,17.611099,-0.005136,-0.856414,0.050079,-0.513830,2256.026611,1010.851135,-1373.415649,2175.078613,1015.561707,-1366.736572,2298.133789,1010.649658,-1341.141235,2208.960205,1011.597900,-1418.838013,2341.933350,1005.595337,-1366.946655,,,,,,,,,,,,,2616.267334,1567.765015,-3159.584717,2097.478027,1548.110474,-3380.656250,2124.866455,1505.162476,-3379.907715,,,,,,,,,,,,,,,,,,,,,,,,,,,
487,4.870000,0.000000,0.000000,0.000000,1.000000,0.000000,0.000000,0.000000,57.698101,20.499701,-14.700500,0.047771,-0.013570,0.015998,-15.666301,-52.738201,18.801300,-93.396698,0.129960,17.611099,-0.005136,-0.856414,0.050079,-0.513830,2256.026611,1010.851135,-1373.415649,2175.078613,1015.561707,-1366.736572,2298.133789,1010.649658,-1341.141235,2208.960205,1011.597900,-1418.838013,2341.933350,1005.595337,-1366.946655,,,,,,,,,,,,,2616.261963,1567.781250,-3159.602783,2096.110107,1548.228394,-3379.072266,2123.522949,1505.473267,-3378.402100,,,,,,,,,,,,,,,,,,,,,,,,,,,
488,4.880000,0.000000,0.000000,0.000000,1.000000,0.000000,0.000000,0.000000,57.698101,20.499701,-14.700500,0.047771,-0.013570,0.015998,-15.666301,-52.738201,18.801300,-93.396698,0.129960,17.611099,-0.005136,-0.856414,0.050079,-0.513830,2256.026611,1010.851135,-1373.415649,2175.078613,1015.561707,-1366.736572,2298.133789,1010.649658,-1341.141235,2208.960205,1011.597900,-1418.838013,2341.933350,1005.595337,-1366.946655,,,,,,,,,,,,,2616.265625,1567.758667,-3159.616943,2094.425293,1548.500854,-3377.282471,2122.182129,1505.966797,-3376.851562,,,,,,,,,,,,,,,,,,,,,,,,,,,
489,4.890000,0.000000,0.000000,0.000000,1.000000,0.000000,0.000000,0.000000,57.698101,20.499701,-14.700500,0.047771,-0.013570,0.015998,-15.666301,-52.738201,18.801300,-93.396698,0.129960,17.611099,-0.005136,-0.856414,0.050079,-0.513830,2256.026611,1010.851135,-1373.415649,2175.078613,1015.561707,-1366.736572,2298.133789,1010.649658,-1341.141235,2208.960205,1011.597900,-1418.838013,2341.933350,1005.595337,-1366.946655,,,,,,,,,,,,,2616.314697,1567.762451,-3159.642822,2093.255371,1549.237427,-3375.534424,2120.872803,1506.484863,-3375.261475,2092.165283,1444.401367,-3279.316650,,,,,,,,,,,,,,,,,,,,,,,,
490,4.900000,0.000000,0.000000,0.000000,1.000000,0.000000,0.000000,0.000000,57.698101,20.499701,-14.700500,0.047771,-0.013570,0.015998,-15.666301,-52.738201,18.801300,-93.396698,0.129960,17.611099,-0.173088,-0.699294,-0.494159,0.486657,2108.302246,1476.480347,-3331.523193,2130.884766,1404.225342,-3301.713867,2119.430664,1506.795532,-3373.616699,2090.754150,1444.919312,-3276.980225,2092.139648,1549.981445,-3373.781982,2130.294678,1404.582031,-3301.573242,2119.670166,1507.015015,-3373.643799,2091.225830,1444.534058,-3277.038330,2091.992432,1549.805054,-3373.815918,2616.354492,1567.743896,-3159.670654,,,,,,,,,,,,,,,,,,,,,,,,,,,,,,,,,
491,4.910000,0.000000,0.000000,0.000000,1.000000,0.000000,0.000000,0.000000,57.698101,20.499701,-14.700500,0.047771,-0.013570,0.015998,-15.666301,-52.738201,18.801300,-93.396698,0.129960,17.611099,-0.165766,-0.701346,-0.493114,0.487313,2107.392578,1476.768555,-3330.008789,2130.648926,1404.687622,-3300.296143,2118.470459,1507.385986,-3371.896240,2089.812500,1444.775757,-3275.728271,2090.638428,1550.224976,-3372.114502,2130.401123,1404.902100,-3300.233643,2118.601318,1507.499390,-3372.024658,2089.970947,1444.621948,-3275.751709,2090.580566,1550.068115,-3372.021240,2616.315430,1567.751099,-3159.723145,,,,,,,,,,,,,,,,,,,,,,,,,,,,,,,,,
492,4.920000,0.000000,0.000000,0.000000,1.000000,0.000000,0.000000,0.000000,57.698101,20.499701,-14.700500,0.047771,-0.013570,0.015998,-15.666301,-52.738201,18.801300,-93.396698,0.129960,17.611099,-0.163676,-0.700488,-0.494090,0.488264,2106.345459,1477.005737,-3328.563232,2129.785400,1404.851440,-3299.175049,2117.351318,1507.843262,-3370.307861,2088.838379,1444.719116,-3274.433350,2089.406738,1550.609375,-3370.336670,2129.565674,1405.001587,-3299.114990,2117.449707,1507.987427,-3370.392334,2088.991699,1444.645386,-3274.505371,2089.360107,1550.386963,-3370.231445,2616.328613,1567.737671,-3159.769775,,,,,,,,,,,,,,,,,,,,,,,,,,,,,,,,,
493,4.930000,0.000000,0.000000,0.000000,1.000000,0.000000,0.000000,0.000000,57.698101,20.499701,-14.700500,0.047771,-0.013570,0.015998,-15.666301,-52.738201,18.801300,-93.396698,0.129960,17.611099,-0.161213,-0.700198,-0.495592,0.487977,2105.284424,1477.333496,-3327.119629,2128.750977,1405.079346,-3297.999268,2116.367676,1508.384766,-3368.685303,2087.664795,1444.764648,-3273.195557,2088.354004,1551.105713,-3368.598145,2128.567383,1405.286133,-3297.926758,2116.378662,1508.469971,-3368.759766,2087.799072,1444.647217,-3273.281494,2088.381348,1550.936401,-3368.500488,2616.361572,1567.756226,-3159.802734,,,,,,,,,,,,,,,,,,,,,,,,,,,,,,,,,
494,4.940000,0.000000,0.000000,0.000000,1.000000,0.000000,0.000000,0.000000,57.698101,20.499701,-14.700500,0.047771,-0.013570,0.015998,-15.666301,-52.738201,18.801300,-93.396698,0.129960,17.611099,-0.158167,-0.700125,-0.496950,0.487697,2104.140869,1477.712402,-3325.680176,2127.688965,1405.379395,-3296.822266,2115.298340,1508.994263,-3367.052490,2086.404297,1444.835571,-3271.981934,2087.171631,1551.640503,-3366.864258,2127.599121,1405.572876,-3296.773438,2115.227783,1509.088013,-3367.165039,2086.455078,1444.650269,-3271.961670,2087.277344,1551.542236,-3366.818359,2616.355469,1567.759399,-3159.832031,,,,,,,,,,,,,,,,,,,,,,,,,,,,,,,,,
495,4.950000,0.000000,0.000000,0.000000,1.000000,0.000000,0.000000,0.000000,57.698101,20.499701,-14.700500,0.047771,-0.013570,0.015998,-15.666301,-52.738201,18.801300,-93.396698,0.129960,17.611099,-0.156705,-0.699270,-0.497797,0.488532,2103.049561,1478.174438,-3324.207275,2126.734375,1405.776489,-3295.625732,2114.139404,1509.630127,-3365.465820,2085.386963,1445.066162,-3270.626953,2085.937012,1552.225220,-3365.110596,2126.626953,1405.785278,-3295.560303,2114.211670,1509.827759,-3365.603760,2085.454834,1445.012817,-3270.623291,2085.908691,1552.089966,-3365.054199,2616.333496,1567.735229,-3159.870605,,,,,,,,,,,,,,,,,,,,,,,,,,,,,,,,,
496,4.960000,0.000000,0.000000,0.000000,1.000000,0.000000,0.000000,0.000000,57.698101,20.499701,-14.700500,0.047771,-0.013570,0.015998,-15.666301,-52.738201,18.801300,-93.396698,0.129960,17.611099,-0.155341,-0.698425,-0.498698,0.489257,2102.079346,1478.605469,-3322.769043,2125.877441,1406.138672,-3294.457275,2113.114258,1510.228394,-3363.914307,2084.477051,1445.275146,-3269.306641,2084.848877,1552.780029,-3363.397705,2125.754639,1406.034546,-3294.367676,2113.286377,1510.425049,-3364.034668,2084.567383,1445.310181,-3269.346924,2084.715332,1552.664062,-3363.332031,2616.330566,1567.731201,-3159.896973,,,,,,,,,,,,,,,,,,,,,,,,,,,,,,,,,
497,4.970000,0.000000,0.000000,0.000000,1.000000,0.000000,0.000000,0.000000,57.698101,20.499701,-14.700500,0.047771,-0.013570,0.015998,-15.666301,-52.738201,18.801300,-93.396698,0.129960,17.611099,-0.154993,-0.697284,-0.499678,0.489995,2101.226318,1479.091553,-3321.402344,2125.059814,1406.535767,-3293.349609,2112.202637,1510.839966,-3362.466553,2083.700684,1445.598389,-3268.016602,2083.941895,1553.392334,-3361.776611,2125.024658,1406.450439,-3293.265137,2112.209717,1510.911865,-3362.481689,2083.759521,1445.657227,-3268.122314,2083.913330,1553.346680,-3361.741943,2616.351807,1567.711914,-3159.893311,,,,,,,,,,,,,,,,,,,,,,,,,,,,,,,,,
498,4.980000,0.000000,0.000000,0.000000,1.000000,0.000000,0.000000,0.000000,57.698101,20.499701,-14.700500,0.047771,-0.013570,0.015998,-15.666301,-52.738201,18.801300,-93.396698,0.129960,17.611099,-0.152930,-0.697105,-0.500518,0.490040,2100.458740,1479.601196,-3320.041992,2124.382324,1406.999512,-3292.185059,2111.455322,1511.510864,-3360.975586,2082.890625,1445.891602,-3266.806641,2083.106201,1554.002930,-3360.200684,2124.373535,1407.038818,-3292.148926,2111.393311,1511.564697,-3361.026855,2082.897705,1445.889893,-3266.860107,2083.172852,1553.906250,-3360.129395,2616.351807,1567.745239,-3159.908447,,,,,,,,,,,,,,,,,,,,,,,,,,,,,,,,,
499,4.990000,0.000000,0.000000,0.000000,1.000000,0.000000,0.000000,0.000000,57.698101,20.499701,-14.700500,0.047771,-0.013570,0.015998,-15.666301,-52.738201,18.801300,-93.396698,0.129960,17.611099,-0.150236,-0.697281,-0.500742,0.490393,2099.687744,1480.092651,-3318.681396,2123.829834,1407.505615,-3290.975098,2110.658447,1512.163574,-3359.495850,2082.123047,1446.160522,-3265.586670,2082.139893,1554.541138,-3358.668213,2123.777344,1407.677368,-3291.048828,2110.698242,1512.213135,-3359.591064,2082.099609,1446.127319,-3265.528809,2082.176025,1554.347778,-3358.554688,2616.329102,1567.744629,-3159.917236,,,,,,,,,,,,,,,,,,,,,,,,,,,,,,,,,
500,5.000000,0.000000,0.000000,0.000000,1.000000,0.000000,0.000000,0.000000,57.698101,20.499701,-14.700500,0.047771,-0.013570,0.015998,-15.666301,-52.738201,18.801300,-93.396698,0.129960,17.611099,-0.147871,-0.697242,-0.500561,0.491351,2098.965820,1480.697266,-3317.402344,2123.402832,1408.151611,-3289.847168,2109.832520,1512.914062,-3358.129395,2081.501709,1446.560669,-3264.405518,2081.126221,1555.163086,-3357.227295,2123.308838,1408.330322,-3289.920410,2109.925049,1513.038574,-3358.281006,2081.492188,1446.491333,-3264.301514,2081.139404,1554.924072,-3357.109863,2616.290039,1567.750732,-3159.912598,,,,,,,,,,,,,,,,,,,,,,,,,,,,,,,,,
501,5.010000,0.000000,0.000000,0.000000,1.000000,0.000000,0.000000,0.000000,57.698101,20.499701,-14.700500,0.047771,-0.013570,0.015998,-15.666301,-52.738201,18.801300,-93.396698,0.129960,17.611099,-0.147000,-0.696051,-0.500623,0.493236,2098.372314,1481.318481,-3316.074951,2123.083984,1408.765137,-3288.786133,2109.033691,1513.673706,-3356.746338,2081.154053,1446.992676,-3263.119629,2080.216797,1555.842773,-3355.646973,2123.043213,1408.668091,-3288.702637,2109.041748,1513.908325,-3356.865967,2081.185547,1447.004150,-3263.137451,2080.215820,1555.715942,-3355.602783,2616.305664,1567.761230,-3159.888916,,,,,,,,,,,,,,,,,,,,,,,,,,,,,,,,,
502,5.020000,0.000000,0.000000,0.000000,1.000000,0.000000,0.000000,0.000000,57.698101,20.499701,-14.700500,0.047771,-0.013570,0.015998,-15.666301,-52.738201,18.801300,-93.396698,0.129960,17.611099,-0.146525,-0.694892,-0.500463,0.495170,2097.901123,1482.003540,-3314.833984,2122.880615,1409.456543,-3287.773193,2108.345703,1514.464600,-3355.477295,2080.946533,1447.531982,-3261.888428,2079.431396,1556.561646,-3354.196533,2122.799316,1409.314941,-3287.609131,2108.375244,1514.706299,-3355.615479,2081.032471,1447.456177,-3261.897949,2079.395752,1556.554688,-3354.213623,2616.285400,1567.750732,-3159.844482,,,,,,,,,,,,,,,,,,,,,,,,,,,,,,,,,
503,5.030000,0.000000,0.000000,0.000000,1.000000,0.000000,0.000000,0.000000,57.698101,20.499701,-14.700500,0.047771,-0.013570,0.015998,-15.666301,-52.738201,18.801300,-93.396698,0.129960,17.611099,-0.144943,-0.694274,-0.500393,0.496570,2097.445068,1482.670654,-3313.619629,2122.704590,1410.143799,-3286.765137,2107.735840,1515.269287,-3354.192139,2080.663574,1448.007935,-3260.743652,2078.676025,1557.261841,-3352.777344,2122.631104,1409.997681,-3286.587402,2107.737061,1515.456055,-3354.281738,2080.762451,1447.931641,-3260.783691,2078.645020,1557.294556,-3352.814209,2616.284912,1567.721436,-3159.802979,,,,,,,,,,,,,,,,,,,,,,,,,,,,,,,,,
504,5.040000,0.000000,0.000000,0.000000,1.000000,0.000000,0.000000,0.000000,57.698101,20.499701,-14.700500,0.047771,-0.013570,0.015998,-15.666301,-52.738201,18.801300,-93.396698,0.129960,17.611099,-0.145586,-0.692812,-0.499956,0.498859,2096.975586,1483.287720,-3312.395020,2122.481689,1410.773071,-3285.741455,2107.001221,1515.936401,-3352.993652,2080.528809,1448.554932,-3259.459961,2077.890381,1557.886597,-3351.384766,2122.456787,1410.609619,-3285.562256,2106.925537,1516.113525,-3353.051025,2080.603271,1448.542480,-3259.556885,2077.908203,1557.881958,-3351.396729,2616.254150,1567.695557,-3159.774658,,,,,,,,,,,,,,,,,,,,,,,,,,,,,,,,,
505,5.050000,0.000000,0.000000,0.000000,1.000000,0.000000,0.000000,0.000000,57.698101,20.499701,-14.700500,0.047771,-0.013570,0.015998,-15.666301,-52.738201,18.801300,-93.396698,0.129960,17.611099,-0.144732,-0.691881,-0.499311,0.501040,2096.611816,1483.872192,-3311.162354,2122.475830,1411.412964,-3284.703857,2106.381836,1516.619751,-3351.743896,2080.468994,1448.997803,-3258.226807,2077.120117,1558.458374,-3349.975098,2122.431152,1411.258057,-3284.584473,2106.394043,1516.812744,-3351.811768,2080.530762,1449.039673,-3258.298584,2077.088867,1558.382812,-3349.952148,2616.261230,1567.747925,-3159.742188,,,,,,,,,,,,,,,,,,,,,,,,,,,,,,,,,
506,5.060000,0.000000,0.000000,0.000000,1.000000,0.000000,0.000000,0.000000,57.698101,20.499701,-14.700500,0.047771,-0.013570,0.015998,-15.666301,-52.738201,18.801300,-93.396698,0.129960,17.611099,-0.143696,-0.690679,-0.498897,0.503403,2096.227539,1484.546021,-3310.063721,2122.465088,1412.125610,-3283.867920,2105.726807,1517.426147,-3350.602051,2080.408447,1449.485840,-3257.153320,2076.310303,1559.146973,-3348.630859,2122.353516,1412.120850,-3283.841797,2105.802979,1517.610718,-3350.651611,2080.484375,1449.541626,-3257.211914,2076.269287,1558.894165,-3348.542236,2616.243164,1567.770630,-3159.711670,,,,,,,,,,,,,,,,,,,,,,,,,,,,,,,,,
507,5.070000,0.000000,0.000000,0.000000,1.000000,0.000000,0.000000,0.000000,57.698101,20.499701,-14.700500,0.047771,-0.013570,0.015998,-15.666301,-52.738201,18.801300,-93.396698,0.129960,17.611099,-0.141912,-0.689467,-0.498124,0.506329,2095.960693,1485.255127,-3308.922363,2122.715332,1412.916260,-3283.025879,2105.117920,1518.302002,-3349.403809,2080.541504,1449.957031,-3256.052002,2075.467285,1559.845459,-3347.207520,2122.591309,1413.174194,-3283.150635,2105.207275,1518.346436,-3349.472412,2080.542969,1449.960327,-3256.017090,2075.486572,1559.519531,-3347.040771,2616.223633,1567.751831,-3159.681396,,,,,,,,,,,,,,,,,,,,,,,,,,,,,,,,,
508,5.080000,0.000000,0.000000,0.000000,1.000000,0.000000,0.000000,0.000000,57.698101,20.499701,-14.700500,0.047771,-0.013570,0.015998,-15.666301,-52.738201,18.801300,-93.396698,0.129960,17.611099,-0.142628,-0.686897,-0.498552,0.509191,2095.726074,1485.815552,-3307.761475,2122.715088,1413.412476,-3282.291260,2104.571289,1518.999756,-3348.200195,2080.709229,1450.335571,-3254.896973,2074.908203,1560.514526,-3345.657471,2122.607910,1413.653564,-3282.364502,2104.583008,1519.037964,-3348.237793,2080.729980,1450.274048,-3254.865479,2074.975098,1560.306274,-3345.578125,2616.237549,1567.751099,-3159.638428,,,,,,,,,,,,,,,,,,,,,,,,,,,,,,,,,
509,5.090000,0.000000,0.000000,0.000000,1.000000,0.000000,0.000000,0.000000,57.698101,20.499701,-14.700500,0.047771,-0.013570,0.015998,-15.666301,-52.738201,18.801300,-93.396698,0.129960,17.611099,-0.143574,-0.684681,-0.498900,0.511564,2095.499268,1486.252319,-3306.625488,2122.655029,1413.790527,-3281.501465,2104.084717,1519.534302,-3347.039795,2080.821777,1450.644165,-3253.751953,2074.435547,1561.040405,-3344.208984,2122.562744,1413.846069,-3281.454590,2104.114990,1519.615356,-3347.099854,2080.890137,1450.582520,-3253.769775,2074.428467,1560.968506,-3344.178955,2616.237305,1567.759033,-3159.606934,,,,,,,,,,,,,,,,,,,,,,,,,,,,,,,,,
510,5.100000,0.000000,0.000000,0.000000,1.000000,0.000000,0.000000,0.000000,57.698101,20.499701,-14.700500,0.047771,-0.013570,0.015998,-15.666301,-52.738201,18.801300,-93.396698,0.129960,17.611099,-0.143716,-0.682699,-0.498909,0.514157,2095.385498,1486.794189,-3305.428223,2122.815430,1414.317505,-3280.647949,2103.679443,1520.196045,-3345.804443,2081.075195,1451.022949,-3252.564209,2073.971924,1561.640625,-3342.696533,2122.748535,1414.336060,-3280.592529,2103.672607,1520.285400,-3345.838623,2081.136475,1450.984985,-3252.602051,2073.983398,1561.572632,-3342.680420,2616.277588,1567.794312,-3159.589600,,,,,,,,,,,,,,,,,,,,,,,,,,,,,,,,,
511,5.110000,0.000000,0.000000,0.000000,1.000000,0.000000,0.000000,0.000000,57.698101,20.499701,-14.700500,0.047771,-0.013570,0.015998,-15.666301,-52.738201,18.801300,-93.396698,0.129960,17.611099,-0.143329,-0.681054,-0.498727,0.516618,2095.233887,1487.266113,-3304.273193,2122.975586,1414.802246,-3279.803955,2103.247070,1520.790649,-3344.604248,2081.269531,1451.324585,-3251.431885,2073.443115,1562.146851,-3341.252441,2122.891113,1414.878296,-3279.767090,2103.290527,1520.828369,-3344.671631,2081.321289,1451.292480,-3251.467773,2073.429932,1562.066528,-3341.183350,2616.276367,1567.771729,-3159.585449,,,,,,,,,,,,,,,,,,,,,,,,,,,,,,,,,
512,5.120000,0.000000,0.000000,0.000000,1.000000,0.000000,0.000000,0.000000,57.698101,20.499701,-14.700500,0.047771,-0.013570,0.015998,-15.666301,-52.738201,18.801300,-93.396698,0.129960,17.611099,-0.143310,-0.679176,-0.498008,0.519779,2095.081299,1487.747925,-3303.043701,2123.224609,1415.334351,-3278.885742,2102.721680,1521.372437,-3343.364014,2081.578613,1451.663818,-3250.179443,2072.800049,1562.621216,-3339.745117,2123.158936,1415.456177,-3278.907471,2102.745361,1521.415771,-3343.427979,2081.588867,1451.649658,-3250.178711,2072.830811,1562.463501,-3339.654053,2616.276367,1567.782104,-3159.587402,,,,,,,,,,,,,,,,,,,,,,,,,,,,,,,,,
513,5.130000,0.000000,0.000000,0.000000,1.000000,0.000000,0.000000,0.000000,57.698101,20.499701,-14.700500,0.047771,-0.013570,0.015998,-15.666301,-52.738201,18.801300,-93.396698,0.129960,17.611099,-0.142853,-0.677749,-0.497362,0.522380,2094.968262,1488.245972,-3301.820801,2123.476807,1415.888428,-3277.925293,2102.300293,1521.967651,-3342.117188,2081.842529,1452.022339,-3248.957275,2072.253662,1563.105713,-3338.282959,2123.409668,1416.001221,-3277.943848,2102.318848,1522.010498,-3342.163574,2081.855225,1452.056152,-3249.000244,2072.290039,1562.893066,-3338.158447,2616.267090,1567.763428,-3159.598145,,,,,,,,,,,,,,,,,,,,,,,,,,,,,,,,,
514,5.140000,0.000000,0.000000,0.000000,1.000000,0.000000,0.000000,0.000000,57.698101,20.499701,-14.700500,0.047771,-0.013570,0.015998,-15.666301,-52.738201,18.801300,-93.396698,0.129960,17.611099,-0.142204,-0.676823,-0.496352,0.524712,2094.920654,1488.715088,-3300.461426,2123.807373,1416.450684,-3276.739014,2101.965820,1522.501465,-3340.754639,2082.138672,1452.392334,-3247.581787,2071.770020,1563.515869,-3336.770264,2123.769287,1416.390259,-3276.719238,2102.020264,1522.711548,-3340.869141,2082.141113,1452.495361,-3247.614014,2071.755859,1563.249023,-3336.638184,2616.297363,1567.785156,-3159.620361,,,,,,,,,,,,,,,,,,,,,,,,,,,,,,,,,
515,5.150000,0.000000,0.000000,0.000000,1.000000,0.000000,0.000000,0.000000,57.698101,20.499701,-14.700500,0.047771,-0.013570,0.015998,-15.666301,-52.738201,18.801300,-93.396698,0.129960,17.611099,-0.142329,-0.675339,-0.496011,0.526909,2094.935303,1489.209473,-3299.134521,2124.075195,1416.966187,-3275.658691,2101.723389,1523.070068,-3339.409912,2082.475586,1452.782593,-3246.249512,2071.467041,1564.019409,-3335.219971,2124.077148,1416.862671,-3275.616943,2101.735107,1523.279175,-3339.536133,2082.457275,1452.886230,-3246.283447,2071.474121,1563.810425,-3335.102295,2616.325684,1567.783813,-3159.665283,,,,,,,,,,,,,,,,,,,,,,,,,,,,,,,,,
516,5.160000,0.000000,0.000000,0.000000,1.000000,0.000000,0.000000,0.000000,57.698101,20.499701,-14.700500,0.047771,-0.013570,0.015998,-15.666301,-52.738201,18.801300,-93.396698,0.129960,17.611099,-0.142859,-0.673896,-0.495860,0.528751,2095.057129,1489.669922,-3297.712891,2124.365967,1417.423828,-3274.457031,2101.631836,1523.584229,-3337.978027,2082.870850,1453.169312,-3244.814941,2071.359863,1564.502441,-3333.601074,2124.384521,1417.299072,-3274.412109,2101.614258,1523.809937,-3338.093018,2082.852051,1453.222656,-3244.807861,2071.378418,1564.364014,-3333.549316,2616.337402,1567.775757,-3159.688721,,,,,,,,,,,,,,,,,,,,,,,,,,,,,,,,,
517,5.170000,0.000000,0.000000,0.000000,1.000000,0.000000,0.000000,0.000000,57.698101,20.499701,-14.700500,0.047771,-0.013570,0.015998,-15.666301,-52.738201,18.801300,-93.396698,0.129960,17.611099,-0.142236,-0.673321,-0.495692,0.529809,2095.190430,1490.096802,-3296.255127,2124.670654,1417.876343,-3273.136719,2101.641602,1524.076050,-3336.485596,2083.151367,1453.504150,-3243.387207,2071.298340,1564.930908,-3332.010742,2124.730225,1417.721313,-3273.007080,2101.560547,1524.211914,-3336.602295,2083.123779,1453.658447,-3243.550781,2071.348389,1564.796997,-3331.861816,2616.341797,1567.749878,-3159.729736,,,,,,,,,,,,,,,,,,,,,,,,,,,,,,,,,
518,5.180000,0.000000,0.000000,0.000000,1.000000,0.000000,0.000000,0.000000,57.698101,20.499701,-14.700500,0.047771,-0.013570,0.015998,-15.666301,-52.738201,18.801300,-93.396698,0.129960,17.611099,-0.143399,-0.672182,-0.495539,0.531082,2095.443115,1490.543579,-3294.667969,2124.984619,1418.308105,-3271.674805,2101.744141,1524.522095,-3334.923096,2083.604492,1453.953735,-3241.752930,2071.438721,1565.390869,-3330.321045,2124.992676,1418.265381,-3271.632812,2101.721680,1524.603149,-3334.988525,2083.585938,1454.087280,-3241.866211,2071.473633,1565.209717,-3330.177490,2616.375244,1567.746094,-3159.756836,,,,,,,,,,,,,,,,,,,,,,,,,,,,,,,,,
519,5.190000,0.000000,0.000000,0.000000,1.000000,0.000000,0.000000,0.000000,57.698101,20.499701,-14.700500,0.047771,-0.013570,0.015998,-15.666301,-52.738201,18.801300,-93.396698,0.129960,17.611099,-0.143888,-0.671166,-0.495826,0.531966,2095.736572,1490.838135,-3292.887451,2125.311768,1418.565796,-3270.054932,2101.943115,1524.859619,-3333.120850,2084.025391,1454.193115,-3239.982178,2071.665527,1565.734497,-3328.392090,2125.334717,1418.588013,-3270.036621,2101.861816,1524.928467,-3333.188477,2083.988281,1454.239502,-3240.029297,2071.767822,1565.582397,-3328.287598,2616.365234,1567.728516,-3159.801025,,,,,,,,,,,,,,,,,,,,,,,,,,,,,,,,,
520,5.200000,0.000000,0.000000,0.000000,1.000000,0.000000,0.000000,0.000000,57.698101,20.499701,-14.700500,0.047771,-0.013570,0.015998,-15.666301,-52.738201,18.801300,-93.396698,0.129960,17.611099,-0.144753,-0.670360,-0.496143,0.532453,2096.145020,1491.005737,-3290.918457,2125.681885,1418.686279,-3268.185059,2102.302246,1525.037354,-3331.150879,2084.508545,1454.351807,-3238.002686,2072.086670,1565.947876,-3326.334717,2125.734131,1418.588745,-3268.100586,2102.221191,1525.266235,-3331.371338,2084.467285,1454.298828,-3237.943604,2072.145996,1565.904297,-3326.291748,2616.379883,1567.699707,-3159.822021,,,,,,,,,,,,,,,,,,,,,,,,,,,,,,,,,
521,5.210000,0.000000,0.000000,0.000000,1.000000,0.000000,0.000000,0.000000,57.698101,20.499701,-14.700500,0.047771,-0.013570,0.015998,-15.666301,-52.738201,18.801300,-93.396698,0.129960,17.611099,-0.145283,-0.669759,-0.496298,0.532920,2096.594727,1491.220581,-3288.920166,2126.129150,1418.875366,-3266.265625,2102.701904,1525.263672,-3329.150391,2085.029297,1454.553467,-3235.998047,2072.518799,1566.190063,-3324.266357,2126.174561,1418.739258,-3266.151611,2102.590576,1525.522095,-3329.322021,2085.018311,1454.483643,-3235.954834,2072.578613,1566.172485,-3324.272949,2616.354980,1567.729858,-3159.860840,,,,,,,,,,,,,,,,,,,,,,,,,,,,,,,,,
522,5.220000,0.000000,0.000000,0.000000,1.000000,0.000000,0.000000,0.000000,57.698101,20.499701,-14.700500,0.047771,-0.013570,0.015998,-15.666301,-52.738201,18.801300,-93.396698,0.129960,17.611099,-0.143506,-0.670083,-0.496452,0.532852,2097.032959,1491.465210,-3286.953613,2126.678711,1419.146484,-3264.359619,2103.154053,1525.592651,-3327.110352,2085.431396,1454.679199,-3234.122314,2072.868164,1566.442749,-3322.222168,2126.659912,1419.137695,-3264.252441,2103.045898,1525.785400,-3327.250000,2085.457520,1454.604248,-3234.145508,2072.957520,1566.355957,-3322.181152,2616.347656,1567.725830,-3159.877441,,,,,,,,,,,,,,,,,,,,,,,,,,,,,,,,,
523,5.230000,0.000000,0.000000,0.000000,1.000000,0.000000,0.000000,0.000000,57.698101,20.499701,-14.700500,0.047771,-0.013570,0.015998,-15.666301,-52.738201,18.801300,-93.396698,0.129960,17.611099,-0.144692,-0.669674,-0.496374,0.533117,2097.698486,1491.725830,-3284.777344,2127.290771,1419.386841,-3262.178467,2103.785400,1525.809448,-3324.976562,2086.152100,1455.002441,-3231.890137,2073.565186,1566.704834,-3320.064209,2127.218750,1419.443848,-3262.110107,2103.736084,1525.948730,-3325.053711,2086.202637,1454.974121,-3231.952637,2073.637451,1566.530762,-3319.989258,2616.336670,1567.736938,-3159.893799,,,,,,,,,,,,,,,,,,,,,,,,,,,,,,,,,
524,5.240000,0.000000,0.000000,0.000000,1.000000,0.000000,0.000000,0.000000,57.698101,20.499701,-14.700500,0.047771,-0.013570,0.015998,-15.666301,-52.738201,18.801300,-93.396698,0.129960,17.611099,-0.145148,-0.669421,-0.496569,0.533129,2098.531006,1491.948608,-3282.472168,2128.075195,1419.583008,-3259.895508,2104.620605,1526.028076,-3322.674316,2086.988281,1455.233643,-3229.578369,2074.439453,1566.949951,-3317.740479,2127.961670,1419.715088,-3259.869629,2104.576416,1526.233154,-3322.767578,2087.054932,1455.074463,-3229.514160,2074.530029,1566.777466,-3317.740967,2616.294189,1567.739014,-3159.916992,,,,,,,,,,,,,,,,,,,,,,,,,,,,,,,,,
525,5.250000,0.000000,0.000000,0.000000,1.000000,0.000000,0.000000,0.000000,57.698101,20.499701,-14.700500,0.047771,-0.013570,0.015998,-15.666301,-52.738201,18.801300,-93.396698,0.129960,17.611099,-0.145818,-0.669340,-0.497066,0.532585,2099.485352,1492.174316,-3280.089355,2128.882568,1419.752808,-3257.500000,2105.647705,1526.236450,-3320.295166,2087.863281,1455.489258,-3227.192139,2075.547607,1567.218872,-3315.370117,2128.791748,1419.704834,-3257.352539,2105.614746,1526.525635,-3320.452881,2087.957520,1455.375488,-3227.206055,2075.569336,1567.132812,-3315.363037,2616.310059,1567.730347,-3159.901611,,,,,,,,,,,,,,,,,,,,,,,,,,,,,,,,,
526,5.260000,0.000000,0.000000,0.000000,1.000000,0.000000,0.000000,0.000000,57.698101,20.499701,-14.700500,0.047771,-0.013570,0.015998,-15.666301,-52.738201,18.801300,-93.396698,0.129960,17.611099,-0.146357,-0.669152,-0.497422,0.532341,2100.557861,1492.577759,-3277.667969,2129.860596,1420.114868,-3255.089111,2106.755615,1526.632080,-3317.875000,2088.900635,1455.907959,-3224.767822,2076.714355,1567.656494,-3312.940186,2129.754883,1420.235107,-3255.020020,2106.724365,1526.786865,-3318.001465,2088.975098,1455.721802,-3224.724365,2076.774170,1567.571411,-3312.927734,2616.308838,1567.742188,-3159.895508,,,,,,,,,,,,,,,,,,,,,,,,,,,,,,,,,
527,5.270000,0.000000,0.000000,0.000000,1.000000,0.000000,0.000000,0.000000,57.698101,20.499701,-14.700500,0.047771,-0.013570,0.015998,-15.666301,-52.738201,18.801300,-93.396698,0.129960,17.611099,-0.146327,-0.669355,-0.497669,0.531863,2101.735352,1493.037964,-3275.112061,2130.970215,1420.555786,-3252.506836,2107.993408,1527.088989,-3315.312500,2090.003906,1456.374512,-3222.223877,2077.973633,1568.132690,-3310.405273,2130.900635,1420.700562,-3252.442871,2107.952393,1527.131348,-3315.421875,2090.046387,1456.228271,-3222.222900,2078.038086,1568.094849,-3310.360107,2616.309082,1567.736328,-3159.875977,,,,,,,,,,,,,,,,,,,,,,,,,,,,,,,,,
528,5.280000,0.000000,0.000000,0.000000,1.000000,0.000000,0.000000,0.000000,57.698101,20.499701,-14.700500,0.047771,-0.013570,0.015998,-15.666301,-52.738201,18.801300,-93.396698,0.129960,17.611099,-0.146523,-0.669218,-0.498488,0.531213,2102.985352,1493.439941,-3272.362793,2132.070801,1420.885864,-3249.795166,2109.336426,1527.513062,-3312.529785,2091.146729,1456.753906,-3219.514404,2079.387451,1568.607056,-3307.611572,2132.122559,1420.756226,-3249.655029,2109.296875,1527.622925,-3312.718750,2091.133789,1456.700317,-3219.511963,2079.389893,1568.682251,-3307.572510,2616.323242,1567.722046,-3159.830322,,,,,,,,,,,,,,,,,,,,,,,,,,,,,,,,,
529,5.290000,0.000000,0.000000,0.000000,1.000000,0.000000,0.000000,0.000000,57.698101,20.499701,-14.700500,0.047771,-0.013570,0.015998,-15.666301,-52.738201,18.801300,-93.396698,0.129960,17.611099,-0.146525,-0.668728,-0.499055,0.531298,2104.356689,1494.000610,-3269.607910,2133.404785,1421.398682,-3247.146484,2110.711670,1528.120361,-3309.734863,2092.518555,1457.255249,-3216.800781,2080.792236,1569.228027,-3304.750244,2133.437012,1421.344238,-3247.125977,2110.696533,1528.222168,-3309.839844,2092.484619,1457.208252,-3216.721436,2080.805664,1569.232788,-3304.750000,2616.256348,1567.677979,-3159.797363,,,,,,,,,,,,,,,,,,,,,,,,,,,,,,,,,
530,5.300000,0.000000,0.000000,0.000000,1.000000,0.000000,0.000000,0.000000,57.698101,20.499701,-14.700500,0.047771,-0.013570,0.015998,-15.666301,-52.738201,18.801300,-93.396698,0.129960,17.611099,-0.146344,-0.667996,-0.499500,0.531851,2105.914551,1494.567627,-3266.728760,2134.997314,1421.931274,-3244.424072,2112.217285,1528.755493,-3306.805664,2094.143799,1457.732300,-3213.968750,2082.299805,1569.851562,-3301.715820,2135.099121,1421.721802,-3244.342041,2112.153320,1528.919067,-3306.928223,2094.095459,1457.727051,-3213.919678,2082.316162,1569.892212,-3301.727539,2616.230713,1567.722412,-3159.792725,,,,,,,,,,,,,,,,,,,,,,,,,,,,,,,,,
531,5.310000,0.000000,0.000000,0.000000,1.000000,0.000000,0.000000,0.000000,57.698101,20.499701,-14.700500,0.047771,-0.013570,0.015998,-15.666301,-52.738201,18.801300,-93.396698,0.129960,17.611099,-0.144502,-0.668006,-0.499914,0.531952,2107.576904,1495.187500,-3263.849365,2136.772949,1422.556641,-3241.675049,2113.880371,1529.490234,-3303.827881,2095.787842,1458.193726,-3211.204590,2083.866211,1570.509644,-3298.689453,2136.920410,1422.338745,-3241.561768,2113.797119,1529.559692,-3303.954346,2095.699707,1458.335693,-3211.300781,2083.900146,1570.499878,-3298.576660,2616.239014,1567.753296,-3159.754150,,,,,,,,,,,,,,,,,,,,,,,,,,,,,,,,,
532,5.320000,0.000000,0.000000,0.000000,1.000000,0.000000,0.000000,0.000000,57.698101,20.499701,-14.700500,0.047771,-0.013570,0.015998,-15.666301,-52.738201,18.801300,-93.396698,0.129960,17.611099,-0.144944,-0.666459,-0.500134,0.533563,2109.489990,1495.835938,-3260.800537,2138.802734,1423.174561,-3238.882080,2115.614990,1530.214111,-3300.742188,2097.933350,1458.741699,-3208.175293,2085.608643,1571.213623,-3295.403076,2138.821777,1423.185913,-3238.862061,2115.558350,1530.224121,-3300.760742,2097.916504,1458.770874,-3208.223389,2085.663818,1571.161133,-3295.355225,2616.242920,1567.765991,-3159.714111,,,,,,,,,,,,,,,,,,,,,,,,,,,,,,,,,
533,5.330000,0.000000,0.000000,0.000000,1.000000,0.000000,0.000000,0.000000,57.698101,20.499701,-14.700500,0.047771,-0.013570,0.015998,-15.666301,-52.738201,18.801300,-93.396698,0.129960,17.611099,-0.142763,-0.666252,-0.501438,0.533186,2111.462402,1496.288818,-3257.788818,2140.791748,1423.568237,-3236.089355,2117.663330,1530.839478,-3297.569580,2099.796631,1458.963257,-3205.351318,2087.597900,1571.784302,-3292.145264,2140.740479,1423.484009,-3235.932373,2117.675781,1530.921143,-3297.659424,2099.871582,1459.005615,-3205.510254,2087.563721,1571.742554,-3292.054688,2616.257812,1567.785400,-3159.670410,,,,,,,,,,,,,,,,,,,,,,,,,,,,,,,,,
534,5.340000,0.000000,0.000000,0.000000,1.000000,0.000000,0.000000,0.000000,57.698101,20.499701,-14.700500,0.047771,-0.013570,0.015998,-15.666301,-52.738201,18.801300,-93.396698,0.129960,17.611099,-0.143363,-0.664053,-0.502081,0.535159,2113.759766,1496.819946,-3254.638428,2143.195068,1424.031250,-3233.314697,2119.751221,1531.488525,-3294.348633,2102.371338,1459.339478,-3202.250488,2089.720947,1572.420776,-3288.639893,2143.049805,1424.103027,-3233.198242,2119.756592,1531.635010,-3294.430420,2102.497559,1459.222290,-3202.309082,2089.731445,1572.325928,-3288.615234,2616.246826,1567.771851,-3159.650391,,,,,,,,,,,,,,,,,,,,,,,,,,,,,,,,,
535,5.350000,0.000000,0.000000,0.000000,1.000000,0.000000,0.000000,0.000000,57.698101,20.499701,-14.700500,0.047771,-0.013570,0.015998,-15.666301,-52.738201,18.801300,-93.396698,0.129960,17.611099,-0.143315,-0.662683,-0.503374,0.535655,2116.151123,1497.230713,-3251.386963,2145.533936,1424.336670,-3230.352539,2122.116943,1532.022461,-3290.993164,2104.806396,1459.592163,-3199.102783,2092.146729,1572.972046,-3285.098633,2145.533447,1424.154297,-3230.223145,2122.046875,1532.291992,-3291.076172,2104.841553,1459.612183,-3199.152588,2092.170654,1572.885254,-3285.092529,2616.231689,1567.760620,-3159.617676,,,,,,,,,,,,,,,,,,,,,,,,,,,,,,,,,
536,5.360000,0.000000,0.000000,0.000000,1.000000,0.000000,0.000000,0.000000,57.698101,20.499701,-14.700500,0.047771,-0.013570,0.015998,-15.666301,-52.738201,18.801300,-93.396698,0.129960,17.611099,-0.142023,-0.661597,-0.504474,0.536307,2118.694824,1497.695068,-3248.184814,2148.150391,1424.740845,-3227.463379,2124.613770,1532.655029,-3287.649902,2107.405029,1459.831299,-3196.052002,2094.609619,1573.553589,-3281.574219,2148.196045,1424.742065,-3227.465576,2124.567627,1532.725464,-3287.757324,2107.339844,1459.847900,-3196.022217,2094.675781,1573.464478,-3281.496094,2616.284424,1567.794556,-3159.596924,,,,,,,,,,,,,,,,,,,,,,,,,,,,,,,,,
537,5.370000,0.000000,0.000000,0.000000,1.000000,0.000000,0.000000,0.000000,57.698101,20.499701,-14.700500,0.047771,-0.013570,0.015998,-15.666301,-52.738201,18.801300,-93.396698,0.129960,17.611099,-0.140505,-0.659786,-0.505874,0.537617,2121.457520,1497.992676,-3244.871338,2151.045166,1424.960693,-3224.616211,2127.261719,1533.183838,-3284.147217,2110.308350,1459.818481,-3192.934814,2097.214844,1574.007690,-3277.787109,2151.100830,1424.940796,-3224.573730,2127.159424,1533.287476,-3284.271240,2110.261475,1459.732788,-3192.871826,2097.298340,1574.016357,-3277.777832,2616.297363,1567.785278,-3159.584961,,,,,,,,,,,,,,,,,,,,,,,,,,,,,,,,,
538,5.380000,0.000000,0.000000,0.000000,1.000000,0.000000,0.000000,0.000000,57.698101,20.499701,-14.700500,0.047771,-0.013570,0.015998,-15.666301,-52.738201,18.801300,-93.396698,0.129960,17.611099,-0.141226,-0.656493,-0.507075,0.540321,2124.423096,1498.291870,-3241.595215,2154.128662,1425.149292,-3221.920410,2129.948486,1533.672852,-3280.740723,2113.646484,1459.868164,-3189.763916,2099.968506,1574.477295,-3273.955566,2154.055908,1425.211548,-3221.842529,2129.898682,1533.724121,-3280.743652,2113.725830,1459.793945,-3189.835938,2100.011719,1574.437744,-3273.958984,2616.263672,1567.763062,-3159.604248,,,,,,,,,,,,,,,,,,,,,,,,,,,,,,,,,
539,5.390000,0.000000,0.000000,0.000000,1.000000,0.000000,0.000000,0.000000,57.698101,20.499701,-14.700500,0.047771,-0.013570,0.015998,-15.666301,-52.738201,18.801300,-93.396698,0.129960,17.611099,-0.140259,-0.654877,-0.508900,0.540819,2127.563477,1498.207397,-3238.203125,2157.239014,1424.943970,-3218.937500,2133.076660,1533.788696,-3277.168213,2116.808594,1459.520752,-3186.563477,2103.129639,1574.576782,-3270.143066,2157.241455,1424.702026,-3218.825928,2133.093506,1534.006958,-3277.239258,2116.836670,1459.643066,-3186.650635,2103.085205,1574.473511,-3270.092773,2616.319092,1567.740967,-3159.599365,,,,,,,,,,,,,,,,,,,,,,,,,,,,,,,,,
540,5.400000,0.000000,0.000000,0.000000,1.000000,0.000000,0.000000,0.000000,57.698101,20.499701,-14.700500,0.047771,-0.013570,0.015998,-15.666301,-52.738201,18.801300,-93.396698,0.129960,17.611099,-0.139779,-0.652800,-0.511664,0.540845,2131.080322,1498.168213,-3234.909424,2160.561035,1424.699341,-3216.133301,2136.658203,1533.976562,-3273.656738,2120.264648,1459.190430,-3183.502197,2106.837402,1574.806885,-3266.345703,2160.556641,1424.673706,-3216.080322,2136.651855,1534.097168,-3273.791260,2120.260010,1459.162354,-3183.490234,2106.853271,1574.751221,-3266.289307,2616.329590,1567.772705,-3159.615723,,,,,,,,,,,,,,,,,,,,,,,,,,,,,,,,,
541,5.410000,0.000000,0.000000,0.000000,1.000000,0.000000,0.000000,0.000000,57.698101,20.499701,-14.700500,0.047771,-0.013570,0.015998,-15.666301,-52.738201,18.801300,-93.396698,0.129960,17.611099,-0.139771,-0.650391,-0.514233,0.541314,2134.613037,1498.196411,-3231.568604,2163.921875,1424.529907,-3213.303955,2140.200928,1534.218384,-3270.115967,2123.809082,1458.944824,-3180.367188,2110.519775,1575.092407,-3262.487061,2163.973877,1424.467285,-3213.256592,2140.126465,1534.332642,-3270.220947,2123.775391,1458.887085,-3180.320068,2110.570801,1575.106079,-3262.484375,2616.275391,1567.772827,-3159.674805,,,,,,,,,,,,,,,,,,,,,,,,,,,,,,,,,
542,5.420000,0.000000,0.000000,0.000000,1.000000,0.000000,0.000000,0.000000,57.698101,20.499701,-14.700500,0.047771,-0.013570,0.015998,-15.666301,-52.738201,18.801300,-93.396698,0.129960,17.611099,-0.139171,-0.648520,-0.516899,0.541174,2138.281250,1497.874023,-3228.219482,2167.394287,1424.018433,-3210.411865,2143.950928,1534.111206,-3266.552734,2127.392822,1458.345947,-3177.249512,2114.386963,1575.020752,-3258.664062,2167.388184,1423.928101,-3210.280762,2143.861816,1534.298706,-3266.648193,2127.424316,1458.348755,-3177.333984,2114.442139,1574.934570,-3258.615723,2616.320068,1567.765869,-3159.716553,,,,,,,,,,,,,,,,,,,,,,,,,,,,,,,,,
543,5.430000,0.000000,0.000000,0.000000,1.000000,0.000000,0.000000,0.000000,57.698101,20.499701,-14.700500,0.047771,-0.013570,0.015998,-15.666301,-52.738201,18.801300,-93.396698,0.129960,17.611099,-0.138271,-0.646917,-0.519911,0.540437,2142.146484,1497.638794,-3224.856201,2170.998047,1423.576172,-3207.488037,2147.974121,1534.099121,-3262.953369,2131.076904,1457.824951,-3174.148193,2118.537109,1575.055420,-3254.834961,2170.935791,1423.569092,-3207.291504,2147.913330,1534.245972,-3263.126953,2131.162598,1457.658081,-3174.214844,2118.568359,1575.082153,-3254.799561,2616.344971,1567.744751,-3159.732422,,,,,,,,,,,,,,,,,,,,,,,,,,,,,,,,,
544,5.440000,0.000000,0.000000,0.000000,1.000000,0.000000,0.000000,0.000000,57.698101,20.499701,-14.700500,0.047771,-0.013570,0.015998,-15.666301,-52.738201,18.801300,-93.396698,0.129960,17.611099,-0.138934,-0.644789,-0.522016,0.540780,2146.116943,1497.574707,-3221.384277,2174.768066,1423.341187,-3204.417969,2151.958984,1534.179321,-3259.340576,2135.057373,1457.579590,-3170.816895,2122.683594,1575.198730,-3250.961426,2174.792236,1423.360962,-3204.382568,2151.879150,1534.286011,-3259.460693,2135.026123,1457.479736,-3170.758545,2122.762451,1575.177124,-3250.943848,2616.351318,1567.739502,-3159.766357,,,,,,,,,,,,,,,,,,,,,,,,,,,,,,,,,
545,5.450000,0.000000,0.000000,0.000000,1.000000,0.000000,0.000000,0.000000,57.698101,20.499701,-14.700500,0.047771,-0.013570,0.015998,-15.666301,-52.738201,18.801300,-93.396698,0.129960,17.611099,-0.139317,-0.642729,-0.524340,0.540886,2150.039062,1497.158325,-3217.966064,2178.467529,1422.745972,-3201.414307,2155.927979,1533.922974,-3255.760254,2138.947266,1456.961304,-3167.566406,2126.812988,1575.003174,-3247.123779,2178.374756,1422.737549,-3201.253906,2155.903076,1534.056763,-3255.844238,2139.048828,1456.924683,-3167.704346,2126.827637,1574.917725,-3247.063477,2616.367432,1567.727051,-3159.804199,,,,,,,,,,,,,,,,,,,,,,,,,,,,,,,,,
546,5.460000,0.000000,0.000000,0.000000,1.000000,0.000000,0.000000,0.000000,57.698101,20.499701,-14.700500,0.047771,-0.013570,0.015998,-15.666301,-52.738201,18.801300,-93.396698,0.129960,17.611099,-0.139876,-0.640610,-0.527380,0.540300,2154.202393,1496.888184,-3214.504150,2182.263672,1422.240967,-3198.388184,2160.235107,1533.823975,-3252.108398,2142.964844,1456.479492,-3164.306152,2131.345947,1575.008423,-3243.214111,2182.274170,1422.070190,-3198.166016,2160.123291,1534.060913,-3252.283203,2143.026611,1456.259155,-3164.299316,2131.377930,1575.162231,-3243.268066,2616.371094,1567.738892,-3159.826416,,,,,,,,,,,,,,,,,,,,,,,,,,,,,,,,,
547,5.470000,0.000000,0.000000,0.000000,1.000000,0.000000,0.000000,0.000000,57.698101,20.499701,-14.700500,0.047771,-0.013570,0.015998,-15.666301,-52.738201,18.801300,-93.396698,0.129960,17.611099,-0.139171,-0.639813,-0.528904,0.539937,2158.382324,1496.646240,-3211.036865,2186.330322,1421.906128,-3195.156982,2164.494385,1533.703613,-3248.508545,2147.051514,1456.079834,-3160.987305,2135.653564,1574.895996,-3239.494629,2186.326172,1422.054321,-3195.146973,2164.437256,1533.778564,-3248.670898,2147.007080,1455.944336,-3160.906250,2135.757080,1574.807861,-3239.427002,2616.340820,1567.759399,-3159.868652,,,,,,,,,,,,,,,,,,,,,,,,,,,,,,,,,
548,5.480000,0.000000,0.000000,0.000000,1.000000,0.000000,0.000000,0.000000,57.698101,20.499701,-14.700500,0.047771,-0.013570,0.015998,-15.666301,-52.738201,18.801300,-93.396698,0.129960,17.611099,-0.140756,-0.636878,-0.530981,0.540956,2162.593994,1496.266235,-3207.542969,2190.329102,1421.346680,-3192.142822,2168.646240,1533.461304,-3244.887451,2151.378662,1455.528320,-3157.606934,2140.022217,1574.729126,-3235.534668,2190.343506,1421.091187,-3192.053711,2168.731689,1533.682617,-3245.052002,2151.376953,1455.611816,-3157.616455,2139.936035,1574.674805,-3235.458252,2616.352051,1567.752563,-3159.894531,,,,,,,,,,,,,,,,,,,,,,,,,,,,,,,,,
549,5.490000,0.000000,0.000000,0.000000,1.000000,0.000000,0.000000,0.000000,57.698101,20.499701,-14.700500,0.047771,-0.013570,0.015998,-15.666301,-52.738201,18.801300,-93.396698,0.129960,17.611099,-0.140113,-0.634877,-0.534321,0.540185,2166.899658,1495.732056,-3204.048096,2194.314697,1420.593384,-3189.150391,2173.124023,1533.156616,-3241.134277,2155.491699,1454.699829,-3154.397461,2144.668213,1574.478638,-3231.510742,2194.314697,1420.599365,-3189.073975,2173.033691,1533.302856,-3241.246338,2155.496582,1454.574951,-3154.374512,2144.744629,1574.460327,-3231.508301,2616.346436,1567.750366,-3159.890625,,,,,,,,,,,,,,,,,,,,,,,,,,,,,,,,,
550,5.500000,0.000000,0.000000,0.000000,1.000000,0.000000,0.000000,0.000000,57.698101,20.499701,-14.700500,0.047771,-0.013570,0.015998,-15.666301,-52.738201,18.801300,-93.396698,0.129960,17.611099,-0.138701,-0.632488,-0.536253,0.541436,2171.182129,1495.289429,-3200.611328,2198.656006,1420.060425,-3186.289062,2177.314209,1532.970703,-3237.452148,2159.894287,1453.912109,-3151.220215,2148.863770,1574.214722,-3227.484131,2198.697998,1420.137207,-3186.264160,2177.224854,1532.985596,-3237.560791,2159.842285,1453.803711,-3151.172852,2148.958496,1574.228638,-3227.449219,2616.342285,1567.728149,-3159.897949,,,,,,,,,,,,,,,,,,,,,,,,,,,,,,,,,
551,5.510000,0.000000,0.000000,0.000000,1.000000,0.000000,0.000000,0.000000,57.698101,20.499701,-14.700500,0.047771,-0.013570,0.015998,-15.666301,-52.738201,18.801300,-93.396698,0.129960,17.611099,-0.140078,-0.628835,-0.539581,0.542030,2175.574463,1494.629028,-3197.143555,2202.690918,1419.148682,-3183.477295,2181.729736,1532.524902,-3233.759521,2164.308594,1452.981079,-3147.975342,2153.569092,1573.861572,-3223.362061,2202.662842,1419.081055,-3183.418945,2181.701904,1532.681641,-3233.779541,2164.339355,1453.070068,-3148.064941,2153.595459,1573.680664,-3223.310059,2616.295410,1567.724487,-3159.893799,,,,,,,,,,,,,,,,,,,,,,,,,,,,,,,,,
552,5.520000,0.000000,0.000000,0.000000,1.000000,0.000000,0.000000,0.000000,57.698101,20.499701,-14.700500,0.047771,-0.013570,0.015998,-15.666301,-52.738201,18.801300,-93.396698,0.129960,17.611099,-0.137611,-0.625665,-0.543911,0.542004,2179.970215,1493.863403,-3193.783936,2206.890869,1418.162720,-3180.977051,2186.238037,1532.163574,-3229.957520,2168.575928,1451.679688,-3145.104736,2158.176025,1573.448242,-3219.096680,2206.859863,1418.056152,-3180.847656,2186.192871,1532.360596,-3230.036621,2168.649658,1451.472046,-3145.071289,2158.180176,1573.560547,-3219.179443,2616.284912,1567.770508,-3159.898926,,,,,,,,,,,,,,,,,,,,,,,,,,,,,,,,,
553,5.530000,0.000000,0.000000,0.000000,1.000000,0.000000,0.000000,0.000000,57.698101,20.499701,-14.700500,0.047771,-0.013570,0.015998,-15.666301,-52.738201,18.801300,-93.396698,0.129960,17.611099,-0.135264,-0.622603,-0.547071,0.542940,2184.342041,1493.091553,-3190.442383,2211.252197,1417.257202,-3178.428223,2190.583496,1531.752686,-3226.234375,2172.986328,1450.422363,-3142.178711,2162.546143,1572.934326,-3214.927734,2211.245117,1417.225098,-3178.338135,2190.547852,1531.942139,-3226.408691,2172.988770,1450.331421,-3142.162842,2162.582275,1572.891724,-3214.881348,2616.283936,1567.750000,-3159.878174,,,,,,,,,,,,,,,,,,,,,,,,,,,,,,,,,
554,5.540000,0.000000,0.000000,0.000000,1.000000,0.000000,0.000000,0.000000,57.698101,20.499701,-14.700500,0.047771,-0.013570,0.015998,-15.666301,-52.738201,18.801300,-93.396698,0.129960,17.611099,-0.135740,-0.617908,-0.550165,0.545053,2188.839111,1492.511841,-3187.138916,2215.614014,1416.494751,-3176.010498,2194.929443,1531.477417,-3222.625488,2177.715332,1449.440186,-3139.179688,2167.097900,1572.635254,-3210.739258,2215.568848,1416.324463,-3175.891357,2194.968262,1531.616089,-3222.678467,2177.784424,1449.474243,-3139.264893,2167.035400,1572.625244,-3210.714355,2616.283203,1567.753784,-3159.837646,,,,,,,,,,,,,,,,,,,,,,,,,,,,,,,,,
555,5.550000,0.000000,0.000000,0.000000,1.000000,0.000000,0.000000,0.000000,57.698101,20.499701,-14.700500,0.047771,-0.013570,0.015998,-15.666301,-52.738201,18.801300,-93.396698,0.129960,17.611099,-0.131312,-0.614844,-0.554158,0.545558,2193.278076,1491.574585,-3183.838379,2220.095947,1415.438721,-3173.666260,2199.405518,1531.012695,-3218.792725,2182.095703,1447.861206,-3136.477295,2171.514893,1571.986206,-3206.416992,2220.110107,1415.407227,-3173.559326,2199.307373,1531.171997,-3218.930176,2182.102783,1447.661621,-3136.441162,2171.582031,1572.056519,-3206.431885,2616.278320,1567.721924,-3159.801270,,,,,,,,,,,,,,,,,,,,,,,,,,,,,,,,,
556,5.560000,0.000000,0.000000,0.000000,1.000000,0.000000,0.000000,0.000000,57.698101,20.499701,-14.700500,0.047771,-0.013570,0.015998,-15.666301,-52.738201,18.801300,-93.396698,0.129960,17.611099,-0.128193,-0.610824,-0.557273,0.547639,2197.630127,1490.792969,-3180.552002,2224.602295,1414.584106,-3171.383789,2203.597900,1530.666138,-3215.037354,2186.648193,1446.484497,-3133.699951,2175.672363,1571.437500,-3202.087158,2224.558838,1414.570190,-3171.278320,2203.599365,1530.849243,-3215.206787,2186.688477,1446.308594,-3133.669922,2175.676758,1571.451050,-3202.069580,2616.263672,1567.734009,-3159.771973,,,,,,,,,,,,,,,,,,,,,,,,,,,,,,,,,
557,5.570000,0.000000,0.000000,0.000000,1.000000,0.000000,0.000000,0.000000,57.698101,20.499701,-14.700500,0.047771,-0.013570,0.015998,-15.666301,-52.738201,18.801300,-93.396698,0.129960,17.611099,-0.126207,-0.605844,-0.560676,0.550152,2202.123535,1489.886597,-3177.270752,2229.159668,1413.575928,-3169.204590,2207.895996,1530.190063,-3211.285645,2191.404785,1444.991821,-3130.918213,2180.033691,1570.788940,-3197.674072,2229.143799,1413.507812,-3169.107422,2207.897217,1530.322388,-3211.415527,2191.424072,1444.969482,-3130.956055,2180.028320,1570.756836,-3197.610107,2616.211914,1567.758057,-3159.747559,,,,,,,,,,,,,,,,,,,,,,,,,,,,,,,,,
558,5.580000,0.000000,0.000000,0.000000,1.000000,0.000000,0.000000,0.000000,57.698101,20.499701,-14.700500,0.047771,-0.013570,0.015998,-15.666301,-52.738201,18.801300,-93.396698,0.129960,17.611099,-0.123669,-0.600357,-0.564694,0.552629,2206.731445,1489.052979,-3174.044922,2233.809814,1412.635864,-3167.221436,2212.327393,1529.843872,-3207.503906,2196.253418,1443.492798,-3128.290771,2184.535645,1570.239624,-3193.163330,2233.883545,1412.563354,-3167.190674,2212.211914,1529.984131,-3207.581543,2196.202881,1443.406372,-3128.232178,2184.617676,1570.267700,-3193.179932,2616.205811,1567.773438,-3159.713379,,,,,,,,,,,,,,,,,,,,,,,,,,,,,,,,,
559,5.590000,0.000000,0.000000,0.000000,1.000000,0.000000,0.000000,0.000000,57.698101,20.499701,-14.700500,0.047771,-0.013570,0.015998,-15.666301,-52.738201,18.801300,-93.396698,0.129960,17.611099,-0.119902,-0.594987,-0.569041,0.554802,2211.228516,1487.957520,-3170.877441,2238.391113,1411.464844,-3165.363525,2216.683105,1529.282837,-3203.697754,2200.935059,1441.662720,-3125.823975,2188.904785,1569.419922,-3188.624268,2238.377197,1411.396606,-3165.273926,2216.640381,1529.413818,-3203.753174,2200.977295,1441.535400,-3125.829346,2188.918701,1569.483276,-3188.653564,2616.242432,1567.778809,-3159.666748,,,,,,,,,,,,,,,,,,,,,,,,,,,,,,,,,
560,5.600000,0.000000,0.000000,0.000000,1.000000,0.000000,0.000000,0.000000,57.698101,20.499701,-14.700500,0.047771,-0.013570,0.015998,-15.666301,-52.738201,18.801300,-93.396698,0.129960,17.611099,-0.114552,-0.589744,-0.574275,0.556137,2215.888428,1486.855957,-3167.785400,2243.114258,1410.296875,-3163.685303,2221.306885,1528.784302,-3199.837891,2205.636230,1439.729248,-3123.593262,2193.496582,1568.613647,-3184.025146,2243.103760,1410.245239,-3163.634033,2221.288086,1529.010986,-3199.952148,2205.631104,1439.744995,-3123.601318,2193.532227,1568.437378,-3183.963867,2616.266846,1567.774536,-3159.636719,,,,,,,,,,,,,,,,,,,,,,,,,,,,,,,,,
561,5.610000,0.000000,0.000000,0.000000,1.000000,0.000000,0.000000,0.000000,57.698101,20.499701,-14.700500,0.047771,-0.013570,0.015998,-15.666301,-52.738201,18.801300,-93.396698,0.129960,17.611099,-0.112772,-0.582352,-0.580768,0.557545,2220.506836,1485.847656,-3164.828125,2247.354980,1409.087036,-3162.314209,2225.943604,1528.332397,-3196.136230,2210.285645,1437.966187,-3121.447510,2198.443115,1568.005493,-3179.414062,2247.423828,1409.093994,-3162.310303,2225.867188,1528.384277,-3196.234619,2210.212646,1437.914673,-3121.395264,2198.518555,1567.999390,-3179.375732,2616.272217,1567.779175,-3159.608154,,,,,,,,,,,,,,,,,,,,,,,,,,,,,,,,,
562,5.620000,0.000000,0.000000,0.000000,1.000000,0.000000,0.000000,0.000000,57.698101,20.499701,-14.700500,0.047771,-0.013570,0.015998,-15.666301,-52.738201,18.801300,-93.396698,0.129960,17.611099,-0.109070,-0.574876,-0.587058,0.559450,2225.109375,1484.735474,-3162.037109,2251.798340,1407.882446,-3161.232422,2230.489746,1527.843628,-3192.491211,2214.990723,1435.993652,-3119.601074,2203.158447,1567.222534,-3174.823486,2251.774414,1407.821899,-3161.154053,2230.449219,1527.998291,-3192.529541,2215.022217,1435.995728,-3119.659180,2203.188232,1567.135132,-3174.806885,2616.271729,1567.770752,-3159.599609,,,,,,,,,,,,,,,,,,,,,,,,,,,,,,,,,
563,5.630000,0.000000,0.000000,0.000000,1.000000,0.000000,0.000000,0.000000,57.698101,20.499701,-14.700500,0.047771,-0.013570,0.015998,-15.666301,-52.738201,18.801300,-93.396698,0.129960,17.611099,-0.104370,-0.568427,-0.593686,0.559941,2229.597900,1483.597778,-3159.407471,2256.068115,1406.669067,-3160.205322,2235.077148,1527.307373,-3188.973389,2219.373535,1434.022705,-3117.973633,2207.872070,1566.392212,-3170.476807,2256.048096,1406.633789,-3160.174072,2235.098633,1527.407349,-3189.027344,2219.382080,1434.061157,-3117.996094,2207.863281,1566.289062,-3170.433105,2616.254150,1567.732422,-3159.622070,,,,,,,,,,,,,,,,,,,,,,,,,,,,,,,,,
564,5.640000,0.000000,0.000000,0.000000,1.000000,0.000000,0.000000,0.000000,57.698101,20.499701,-14.700500,0.047771,-0.013570,0.015998,-15.666301,-52.738201,18.801300,-93.396698,0.129960,17.611099,-0.102243,-0.561868,-0.599659,0.560590,2234.166504,1482.993164,-3157.037598,2260.255859,1405.962402,-3159.264893,2239.733887,1527.175171,-3185.876221,2223.876221,1432.766479,-3116.412598,2212.800293,1566.068726,-3166.596191,2260.308838,1405.926025,-3159.219971,2239.620850,1527.249756,-3185.917480,2223.842773,1432.768677,-3116.443115,2212.890625,1566.031494,-3166.569824,2616.284180,1567.735718,-3159.622070,,,,,,,,,,,,,,,,,,,,,,,,,,,,,,,,,
565,5.650000,0.000000,0.000000,0.000000,1.000000,0.000000,0.000000,0.000000,57.698101,20.499701,-14.700500,0.047771,-0.013570,0.015998,-15.666301,-52.738201,18.801300,-93.396698,0.129960,17.611099,-0.097242,-0.557138,-0.604988,0.560474,2238.642334,1482.302734,-3154.876953,2264.624268,1405.283325,-3158.382568,2244.329102,1526.967163,-3182.938477,2228.201172,1431.398438,-3115.144043,2217.414795,1565.562378,-3163.042236,2264.630615,1405.289551,-3158.318115,2244.270020,1527.127197,-3183.053955,2228.184082,1431.324585,-3115.145020,2217.481201,1565.483643,-3163.001465,2616.291748,1567.758911,-3159.635986,,,,,,,,,,,,,,,,,,,,,,,,,,,,,,,,,
566,5.660000,0.000000,0.000000,0.000000,1.000000,0.000000,0.000000,0.000000,57.698101,20.499701,-14.700500,0.047771,-0.013570,0.015998,-15.666301,-52.738201,18.801300,-93.396698,0.129960,17.611099,-0.096820,-0.551956,-0.608703,0.561651,2243.197021,1482.223633,-3152.900146,2268.902832,1405.164062,-3157.414307,2248.866699,1527.178589,-3180.497314,2232.820557,1430.914795,-3113.673828,2222.197266,1565.637329,-3160.015381,2268.909668,1405.108398,-3157.359131,2248.811768,1527.272705,-3180.521484,2232.827881,1430.923584,-3113.719727,2222.235596,1565.593628,-3159.999756,2616.322510,1567.755981,-3159.645508,,,,,,,,,,,,,,,,,,,,,,,,,,,,,,,,,
567,5.670000,0.000000,0.000000,0.000000,1.000000,0.000000,0.000000,0.000000,57.698101,20.499701,-14.700500,0.047771,-0.013570,0.015998,-15.666301,-52.738201,18.801300,-93.396698,0.129960,17.611099,-0.094316,-0.548968,-0.611660,0.561792,2247.684570,1482.100952,-3150.991455,2273.316650,1405.064209,-3156.253418,2253.400879,1527.317139,-3178.148682,2237.254150,1430.422485,-3112.268066,2226.766113,1565.600098,-3157.295654,2273.310303,1405.045654,-3156.225098,2253.421387,1527.385132,-3178.223145,2237.243164,1430.508789,-3112.300293,2226.763428,1565.458008,-3157.213867,2616.325195,1567.745117,-3159.665527,,,,,,,,,,,,,,,,,,,,,,,,,,,,,,,,,
568,5.680000,0.000000,0.000000,0.000000,1.000000,0.000000,0.000000,0.000000,57.698101,20.499701,-14.700500,0.047771,-0.013570,0.015998,-15.666301,-52.738201,18.801300,-93.396698,0.129960,17.611099,-0.094726,-0.545364,-0.614623,0.562000,2252.259766,1482.336548,-3149.340576,2277.543945,1405.233276,-3155.268066,2258.052490,1527.724121,-3176.194092,2241.774414,1430.422729,-3110.947998,2231.667480,1565.966187,-3154.952393,2277.599365,1405.109619,-3155.257568,2257.986084,1527.806641,-3176.194092,2241.748047,1430.505005,-3110.974121,2231.705078,1565.922485,-3154.936768,2616.352051,1567.749756,-3159.701172,,,,,,,,,,,,,,,,,,,,,,,,,,,,,,,,,
569,5.690000,0.000000,0.000000,0.000000,1.000000,0.000000,0.000000,0.000000,57.698101,20.499701,-14.700500,0.047771,-0.013570,0.015998,-15.666301,-52.738201,18.801300,-93.396698,0.129960,17.611099,-0.093409,-0.542864,-0.616758,0.562302,2256.760498,1482.481079,-3147.808105,2281.956055,1405.394043,-3154.298584,2262.572021,1528.047852,-3174.352539,2246.262451,1430.313232,-3109.764893,2236.251709,1566.169556,-3152.816162,2281.949463,1405.413452,-3154.296631,2262.589355,1528.104126,-3174.402832,2246.246338,1430.335938,-3109.752197,2236.257568,1566.066284,-3152.780273,2616.329102,1567.768188,-3159.728271,,,,,,,,,,,,,,,,,,,,,,,,,,,,,,,,,
570,5.700000,0.000000,0.000000,0.000000,1.000000,0.000000,0.000000,0.000000,57.698101,20.499701,-14.700500,0.047771,-0.013570,0.015998,-15.666301,-52.738201,18.801300,-93.396698,0.129960,17.611099,-0.093492,-0.540467,-0.619005,0.562128,2261.492432,1482.800781,-3146.501709,2286.420166,1405.666992,-3153.453613,2267.395752,1528.487549,-3172.818604,2250.906006,1430.467651,-3108.710938,2241.247803,1566.581177,-3151.023926,2286.442627,1405.587891,-3153.458252,2267.411133,1528.524536,-3172.851562,2250.879150,1430.662598,-3108.749512,2241.232910,1566.434814,-3150.944580,2616.368164,1567.771851,-3159.774414,,,,,,,,,,,,,,,,,,,,,,,,,,,,,,,,,
571,5.710000,0.000000,0.000000,0.000000,1.000000,0.000000,0.000000,0.000000,57.698101,20.499701,-14.700500,0.047771,-0.013570,0.015998,-15.666301,-52.738201,18.801300,-93.396698,0.129960,17.611099,-0.094364,-0.537559,-0.621175,0.562376,2266.224609,1483.190186,-3145.337646,2290.842773,1406.002808,-3152.780518,2272.182861,1528.986938,-3171.450195,2255.607178,1430.706665,-3107.764648,2246.265137,1567.064697,-3149.354980,2290.831543,1405.994629,-3152.731445,2272.143555,1529.047119,-3171.458984,2255.625488,1430.667969,-3107.799072,2246.296631,1567.052490,-3149.360596,2616.337402,1567.733032,-3159.797607,,,,,,,,,,,,,,,,,,,,,,,,,,,,,,,,,
572,5.720000,0.000000,0.000000,0.000000,1.000000,0.000000,0.000000,0.000000,57.698101,20.499701,-14.700500,0.047771,-0.013570,0.015998,-15.666301,-52.738201,18.801300,-93.396698,0.129960,17.611099,-0.095036,-0.535544,-0.623716,0.561373,2270.928711,1483.377930,-3144.300049,2295.132812,1406.096191,-3152.111816,2277.085449,1529.254639,-3170.225342,2260.095703,1430.789429,-3106.936035,2251.400391,1567.371582,-3147.926758,2295.147461,1406.035889,-3152.094482,2277.072754,1529.338989,-3170.263184,2260.080811,1430.866089,-3106.957520,2251.413818,1567.270264,-3147.884277,2616.359863,1567.744141,-3159.830811,,,,,,,,,,,,,,,,,,,,,,,,,,,,,,,,,
573,5.730000,0.000000,0.000000,0.000000,1.000000,0.000000,0.000000,0.000000,57.698101,20.499701,-14.700500,0.047771,-0.013570,0.015998,-15.666301,-52.738201,18.801300,-93.396698,0.129960,17.611099,-0.097662,-0.532589,-0.625619,0.561616,2275.700439,1483.668091,-3143.368896,2299.449951,1406.283936,-3151.554688,2281.928223,1529.585571,-3169.204834,2264.835449,1431.030762,-3106.083008,2256.587402,1567.772095,-3146.633057,2299.402100,1406.195435,-3151.506836,2281.975586,1529.721069,-3169.234863,2264.877197,1431.110962,-3106.135986,2256.546387,1567.645508,-3146.597656,2616.345459,1567.721069,-3159.863770,,,,,,,,,,,,,,,,,,,,,,,,,,,,,,,,,
574,5.740000,0.000000,0.000000,0.000000,1.000000,0.000000,0.000000,0.000000,57.698101,20.499701,-14.700500,0.047771,-0.013570,0.015998,-15.666301,-52.738201,18.801300,-93.396698,0.129960,17.611099,-0.100074,-0.530261,-0.628319,0.560378,2280.613281,1483.990601,-3142.577393,2303.741943,1406.451782,-3151.071777,2287.093018,1529.932983,-3168.307129,2269.488770,1431.331177,-3105.399170,2262.128906,1568.246338,-3145.531494,2303.679443,1406.526245,-3151.053467,2287.143799,1529.947266,-3168.314209,2269.517578,1431.435791,-3105.444092,2262.108398,1568.036255,-3145.494873,2616.331299,1567.732910,-3159.889404,,,,,,,,,,,,,,,,,,,,,,,,,,,,,,,,,
575,5.750000,0.000000,0.000000,0.000000,1.000000,0.000000,0.000000,0.000000,57.698101,20.499701,-14.700500,0.047771,-0.013570,0.015998,-15.666301,-52.738201,18.801300,-93.396698,0.129960,17.611099,-0.102135,-0.528602,-0.630339,0.559304,2285.377197,1484.355225,-3141.797363,2308.005371,1406.690796,-3150.489990,2292.063965,1530.301025,-3167.467773,2274.038086,1431.701538,-3104.676025,2267.401611,1568.727783,-3144.554932,2308.053711,1406.624512,-3150.512451,2292.048340,1530.328003,-3167.499512,2273.996094,1431.778687,-3104.661377,2267.410645,1568.690430,-3144.516113,2616.320801,1567.730957,-3159.895752,,,,,,,,,,,,,,,,,,,,,,,,,,,,,,,,,
576,5.760000,0.000000,0.000000,0.000000,1.000000,0.000000,0.000000,0.000000,57.698101,20.499701,-14.700500,0.047771,-0.013570,0.015998,-15.666301,-52.738201,18.801300,-93.396698,0.129960,17.611099,-0.104245,-0.526369,-0.631961,0.559191,2290.205322,1484.661987,-3141.067871,2312.430908,1406.912476,-3150.033203,2296.984619,1530.631592,-3166.671875,2278.796143,1431.981445,-3104.006348,2272.609131,1569.122681,-3143.560547,2312.435059,1406.920166,-3149.997070,2296.896240,1530.705078,-3166.636475,2278.801025,1431.952881,-3104.038086,2272.686768,1569.072021,-3143.599854,2616.356689,1567.710938,-3159.883057,,,,,,,,,,,,,,,,,,,,,,,,,,,,,,,,,
577,5.770000,0.000000,0.000000,0.000000,1.000000,0.000000,0.000000,0.000000,57.698101,20.499701,-14.700500,0.047771,-0.013570,0.015998,-15.666301,-52.738201,18.801300,-93.396698,0.129960,17.611099,-0.104793,-0.525164,-0.633616,0.558347,2295.084229,1485.000732,-3140.437744,2317.011475,1407.191040,-3149.613281,2302.015381,1531.007935,-3165.933105,2283.507568,1432.271606,-3103.497314,2277.802734,1569.532593,-3142.707275,2317.024414,1407.195312,-3149.597656,2301.991699,1530.979736,-3165.944336,2283.493164,1432.463867,-3103.575684,2277.828369,1569.371582,-3142.635498,2616.341553,1567.715088,-3159.865723,,,,,,,,,,,,,,,,,,,,,,,,,,,,,,,,,
578,5.780000,0.000000,0.000000,0.000000,1.000000,0.000000,0.000000,0.000000,57.698101,20.499701,-14.700500,0.047771,-0.013570,0.015998,-15.666301,-52.738201,18.801300,-93.396698,0.129960,17.611099,-0.104703,-0.524349,-0.635165,0.557369,2299.988281,1485.352539,-3139.922607,2321.683350,1407.500000,-3149.285156,2307.073486,1531.403320,-3165.296387,2288.230469,1432.564697,-3103.123535,2282.965332,1569.942261,-3141.985352,2321.705322,1407.479736,-3149.338623,2307.116943,1531.496704,-3165.357178,2288.179443,1432.604736,-3103.038086,2282.950439,1569.829956,-3141.955566,2616.304932,1567.706665,-3159.866943,,,,,,,,,,,,,,,,,,,,,,,,,,,,,,,,,
579,5.790000,0.000000,0.000000,0.000000,1.000000,0.000000,0.000000,0.000000,57.698101,20.499701,-14.700500,0.047771,-0.013570,0.015998,-15.666301,-52.738201,18.801300,-93.396698,0.129960,17.611099,-0.107356,-0.522811,-0.637196,0.555991,2304.950439,1485.614990,-3139.447510,2326.060547,1407.618042,-3148.943848,2312.281982,1531.635742,-3164.805908,2292.935303,1432.880981,-3102.654297,2288.523926,1570.325317,-3141.385498,2326.040039,1407.677124,-3148.976074,2312.348145,1531.675781,-3164.852783,2292.915771,1432.954102,-3102.612549,2288.496094,1570.136841,-3141.343750,2616.315918,1567.750122,-3159.861816,,,,,,,,,,,,,,,,,,,,,,,,,,,,,,,,,
580,5.800000,0.000000,0.000000,0.000000,1.000000,0.000000,0.000000,0.000000,57.698101,20.499701,-14.700500,0.047771,-0.013570,0.015998,-15.666301,-52.738201,18.801300,-93.396698,0.129960,17.611099,-0.109493,-0.521988,-0.638699,0.554620,2309.965576,1485.927368,-3139.137939,2330.602783,1407.808228,-3148.669678,2317.517578,1531.903442,-3164.512695,2297.712646,1433.265869,-3102.319336,2294.029541,1570.732056,-3141.049805,2330.657959,1407.648438,-3148.683105,2317.491943,1532.012085,-3164.545654,2297.677002,1433.365112,-3102.313721,2294.037842,1570.678101,-3141.012451,2616.281494,1567.770508,-3159.838867,,,,,,,,,,,,,,,,,,,,,,,,,,,,,,,,,
581,5.810000,0.000000,0.000000,0.000000,1.000000,0.000000,0.000000,0.000000,57.698101,20.499701,-14.700500,0.047771,-0.013570,0.015998,-15.666301,-52.738201,18.801300,-93.396698,0.129960,17.611099,-0.113705,-0.520082,-0.640506,0.553478,2315.132812,1486.210571,-3138.900879,2335.066162,1407.917725,-3148.505371,2322.915039,1532.107910,-3164.348389,2302.662109,1433.673584,-3101.977539,2299.888184,1571.143188,-3140.771729,2335.072021,1407.919800,-3148.484619,2322.886230,1532.147583,-3164.363525,2302.653809,1433.752441,-3102.014404,2299.921387,1571.016479,-3140.739746,2616.230469,1567.715454,-3159.815918,,,,,,,,,,,,,,,,,,,,,,,,,,,,,,,,,
582,5.820000,0.000000,0.000000,0.000000,1.000000,0.000000,0.000000,0.000000,57.698101,20.499701,-14.700500,0.047771,-0.013570,0.015998,-15.666301,-52.738201,18.801300,-93.396698,0.129960,17.611099,-0.116562,-0.519996,-0.641914,0.551329,2320.138916,1486.531616,-3138.799805,2339.488525,1408.075562,-3148.265625,2328.225098,1532.318115,-3164.352295,2307.329590,1434.163818,-3101.752441,2305.512451,1571.569214,-3140.829346,2339.565674,1408.004395,-3148.322998,2328.186279,1532.304199,-3164.357178,2307.268311,1434.249512,-3101.713379,2305.536377,1571.569214,-3140.807129,2616.254883,1567.767578,-3159.769531,,,,,,,,,,,,,,,,,,,,,,,,,,,,,,,,,
583,5.830000,0.000000,0.000000,0.000000,1.000000,0.000000,0.000000,0.000000,57.698101,20.499701,-14.700500,0.047771,-0.013570,0.015998,-15.666301,-52.738201,18.801300,-93.396698,0.129960,17.611099,-0.121150,-0.518743,-0.643375,0.549816,2325.418701,1486.863403,-3138.810547,2344.040771,1408.222168,-3148.198486,2333.761719,1532.520508,-3164.511475,2312.357910,1434.691772,-3101.574707,2311.514404,1572.019043,-3140.957764,2344.059082,1408.201416,-3148.198975,2333.743896,1532.574585,-3164.535889,2312.337158,1434.736694,-3101.571533,2311.535645,1571.939331,-3140.935303,2616.246582,1567.756348,-3159.723633,,,,,,,,,,,,,,,,,,,,,,,,,,,,,,,,,
584,5.840000,0.000000,0.000000,0.000000,1.000000,0.000000,0.000000,0.000000,57.698101,20.499701,-14.700500,0.047771,-0.013570,0.015998,-15.666301,-52.738201,18.801300,-93.396698,0.129960,17.611099,-0.125712,-0.517907,-0.644129,0.548695,2330.525879,1487.383423,-3138.913818,2348.530029,1408.578247,-3148.131348,2339.056885,1532.891113,-3164.816895,2317.293213,1435.434814,-3101.427490,2317.223389,1572.629395,-3141.279541,2348.539795,1408.544434,-3148.134766,2339.053955,1532.944214,-3164.833984,2317.281738,1435.428345,-3101.409180,2317.228027,1572.617920,-3141.277344,2616.216064,1567.770264,-3159.703613,,,,,,,,,,,,,,,,,,,,,,,,,,,,,,,,,
585,5.850000,0.000000,0.000000,0.000000,1.000000,0.000000,0.000000,0.000000,57.698101,20.499701,-14.700500,0.047771,-0.013570,0.015998,-15.666301,-52.738201,18.801300,-93.396698,0.129960,17.611099,-0.130490,-0.516971,-0.644701,0.547789,2335.695801,1487.861084,-3139.090820,2353.093506,1408.898926,-3148.126709,2344.385254,1533.213257,-3165.213135,2322.330811,1436.143433,-3101.333252,2322.973145,1573.188721,-3141.690186,2353.151611,1408.872070,-3148.180176,2344.361816,1533.220581,-3165.236572,2322.268066,1436.316040,-3101.305908,2322.998291,1573.039795,-3141.633545,2616.234619,1567.738647,-3159.660400,,,,,,,,,,,,,,,,,,,,,,,,,,,,,,,,,
586,5.860000,0.000000,0.000000,0.000000,1.000000,0.000000,0.000000,0.000000,57.698101,20.499701,-14.700500,0.047771,-0.013570,0.015998,-15.666301,-52.738201,18.801300,-93.396698,0.129960,17.611099,-0.136095,-0.515019,-0.644930,0.547995,2340.764648,1488.503540,-3139.287109,2357.579834,1409.403931,-3148.222168,2349.489258,1533.713623,-3165.643311,2327.436035,1436.996216,-3101.230225,2328.553711,1573.900879,-3142.052246,2357.592041,1409.351807,-3148.196777,2349.451660,1533.795166,-3165.654053,2327.431152,1437.010864,-3101.250488,2328.582764,1573.858887,-3142.046875,2616.251709,1567.774536,-3159.634033,,,,,,,,,,,,,,,,,,,,,,,,,,,,,,,,,
587,5.870000,0.000000,0.000000,0.000000,1.000000,0.000000,0.000000,0.000000,57.698101,20.499701,-14.700500,0.047771,-0.013570,0.015998,-15.666301,-52.738201,18.801300,-93.396698,0.129960,17.611099,-0.139949,-0.514000,-0.644380,0.548628,2345.656006,1489.304688,-3139.604492,2362.186279,1410.128540,-3148.393066,2354.325684,1534.402588,-3166.169922,2332.444824,1437.960938,-3101.286377,2333.666504,1574.726685,-3142.568604,2362.223633,1410.084595,-3148.369873,2354.243652,1534.457031,-3166.165527,2332.424561,1438.023926,-3101.327637,2333.730713,1574.653564,-3142.554932,2616.233643,1567.764526,-3159.616455,,,,,,,,,,,,,,,,,,,,,,,,,,,,,,,,,
588,5.880000,0.000000,0.000000,0.000000,1.000000,0.000000,0.000000,0.000000,57.698101,20.499701,-14.700500,0.047771,-0.013570,0.015998,-15.666301,-52.738201,18.801300,-93.396698,0.129960,17.611099,-0.143372,-0.513491,-0.643668,0.549057,2350.490234,1490.037964,-3139.921387,2366.787598,1410.791382,-3148.508057,2359.115479,1535.016724,-3166.702393,2337.375732,1438.867676,-3101.339355,2338.682373,1575.476196,-3143.135742,2366.900391,1410.710938,-3148.548828,2359.005859,1534.991577,-3166.714600,2337.292725,1439.010742,-3101.336426,2338.759766,1575.443237,-3143.086426,2616.251953,1567.758301,-3159.610352,,,,,,,,,,,,,,,,,,,,,,,,,,,,,,,,,
589,5.890000,0.000000,0.000000,0.000000,1.000000,0.000000,0.000000,0.000000,57.698101,20.499701,-14.700500,0.047771,-0.013570,0.015998,-15.666301,-52.738201,18.801300,-93.396698,0.129960,17.611099,-0.146415,-0.511858,-0.642743,0.550860,2355.005859,1490.863647,-3140.249756,2371.215576,1411.598511,-3148.831055,2363.432373,1535.795410,-3167.172607,2342.180908,1439.761353,-3101.480469,2343.194824,1576.299561,-3143.514648,2371.261963,1411.629517,-3148.875732,2363.418701,1535.842285,-3167.241455,2342.113525,1439.762695,-3101.395020,2343.227295,1576.219604,-3143.484131,2616.264648,1567.805176,-3159.625244,,,,,,,,,,,,,,,,,,,,,,,,,,,,,,,,,
590,5.900000,0.000000,0.000000,0.000000,1.000000,0.000000,0.000000,0.000000,57.698101,20.499701,-14.700500,0.047771,-0.013570,0.015998,-15.666301,-52.738201,18.801300,-93.396698,0.129960,17.611099,-0.150679,-0.509093,-0.641927,0.553218,2359.210449,1491.836182,-3140.670166,2375.225098,1412.539917,-3149.329346,2367.390869,1536.722778,-3167.743652,2346.756348,1440.799683,-3101.693604,2347.469238,1577.282593,-3143.913330,2375.247803,1412.500610,-3149.339600,2367.405273,1536.796753,-3167.828125,2346.723145,1440.819946,-3101.653564,2347.466309,1577.230835,-3143.862793,2616.283203,1567.795532,-3159.656982,,,,,,,,,,,,,,,,,,,,,,,,,,,,,,,,,
591,5.910000,0.000000,0.000000,0.000000,1.000000,0.000000,0.000000,0.000000,57.698101,20.499701,-14.700500,0.047771,-0.013570,0.015998,-15.666301,-52.738201,18.801300,-93.396698,0.129960,17.611099,-0.154380,-0.506179,-0.641059,0.555871,2363.292480,1492.831909,-3141.044434,2379.189453,1413.527466,-3149.843750,2371.188721,1537.704468,-3168.225586,2351.251465,1441.815918,-3101.911865,2351.540039,1578.280151,-3144.196533,2379.272461,1413.481934,-3149.864014,2371.094482,1537.799072,-3168.281006,2351.170410,1441.952881,-3101.896729,2351.634033,1578.084595,-3144.130127,2616.246094,1567.770142,-3159.677002,,,,,,,,,,,,,,,,,,,,,,,,,,,,,,,,,
592,5.920000,0.000000,0.000000,0.000000,1.000000,0.000000,0.000000,0.000000,57.698101,20.499701,-14.700500,0.047771,-0.013570,0.015998,-15.666301,-52.738201,18.801300,-93.396698,0.129960,17.611099,-0.157424,-0.502613,-0.640293,0.559127,2367.115723,1493.736694,-3141.419922,2382.977783,1414.458252,-3150.512451,2374.664062,1538.654297,-3168.625488,2355.564453,1442.655273,-3102.225098,2355.256836,1579.179321,-3144.316406,2383.115723,1414.340942,-3150.549072,2374.497314,1538.687988,-3168.624023,2355.467285,1442.795654,-3102.224609,2355.380615,1579.122803,-3144.283203,2616.268066,1567.750854,-3159.693359,,,,,,,,,,,,,,,,,,,,,,,,,,,,,,,,,
593,5.930000,0.000000,0.000000,0.000000,1.000000,0.000000,0.000000,0.000000,57.698101,20.499701,-14.700500,0.047771,-0.013570,0.015998,-15.666301,-52.738201,18.801300,-93.396698,0.129960,17.611099,-0.157774,-0.499404,-0.639778,0.562484,2370.487793,1494.695312,-3141.662109,2386.557373,1415.512695,-3151.212891,2377.672363,1539.754272,-3168.731934,2359.412354,1443.407715,-3102.599609,2358.308594,1580.106934,-3144.104004,2386.588623,1415.544312,-3151.286133,2377.717041,1539.718384,-3168.812988,2359.357910,1443.479370,-3102.510986,2358.285400,1580.040649,-3144.035645,2616.313232,1567.734741,-3159.701172,,,,,,,,,,,,,,,,,,,,,,,,,,,,,,,,,
594,5.940000,0.000000,0.000000,0.000000,1.000000,0.000000,0.000000,0.000000,57.698101,20.499701,-14.700500,0.047771,-0.013570,0.015998,-15.666301,-52.738201,18.801300,-93.396698,0.129960,17.611099,-0.160082,-0.494647,-0.639689,0.566124,2373.582520,1495.796021,-3141.883545,2389.609863,1416.673340,-3151.986572,2380.401367,1540.984497,-3168.831787,2363.022949,1444.320435,-3102.925537,2361.296143,1581.205811,-3143.790283,2389.669189,1416.630371,-3152.029541,2380.377441,1540.915405,-3168.867920,2362.977295,1444.363403,-3102.892090,2361.307129,1581.274292,-3143.745361,2616.307617,1567.747314,-3159.730469,,,,,,,,,,,,,,,,,,,,,,,,,,,,,,,,,
595,5.950000,0.000000,0.000000,0.000000,1.000000,0.000000,0.000000,0.000000,57.698101,20.499701,-14.700500,0.047771,-0.013570,0.015998,-15.666301,-52.738201,18.801300,-93.396698,0.129960,17.611099,-0.159978,-0.490291,-0.638916,0.570796,2376.361328,1496.937134,-3142.023682,2392.727295,1417.971558,-3152.790771,2382.668701,1542.334473,-3168.744629,2366.464355,1445.155396,-3103.297852,2363.584961,1582.287476,-3143.260986,2392.758057,1417.995361,-3152.846436,2382.696289,1542.235596,-3168.800537,2366.419434,1445.351196,-3103.280762,2363.566650,1582.174561,-3143.159180,2616.319092,1567.729980,-3159.780518,,,,,,,,,,,,,,,,,,,,,,,,,,,,,,,,,
596,5.960000,0.000000,0.000000,0.000000,1.000000,0.000000,0.000000,0.000000,57.698101,20.499701,-14.700500,0.047771,-0.013570,0.015998,-15.666301,-52.738201,18.801300,-93.396698,0.129960,17.611099,-0.160791,-0.485776,-0.638936,0.574394,2378.942139,1498.055664,-3142.078857,2395.384521,1419.195068,-3153.479736,2384.884766,1543.627319,-3168.585693,2369.541748,1446.019165,-3103.571533,2365.957764,1583.381592,-3142.677979,2395.472412,1419.119995,-3153.562988,2384.865723,1543.588501,-3168.658691,2369.461426,1446.112915,-3103.490479,2365.969727,1583.402466,-3142.603760,2616.343994,1567.707642,-3159.807129,,,,,,,,,,,,,,,,,,,,,,,,,,,,,,,,,
597,5.970000,0.000000,0.000000,0.000000,1.000000,0.000000,0.000000,0.000000,57.698101,20.499701,-14.700500,0.047771,-0.013570,0.015998,-15.666301,-52.738201,18.801300,-93.396698,0.129960,17.611099,-0.161111,-0.481272,-0.638183,0.578916,2381.307373,1499.156616,-3142.095215,2398.014648,1420.448486,-3154.147217,2386.757080,1544.917358,-3168.381348,2372.553711,1446.841064,-3103.814209,2367.903809,1584.419556,-3142.038330,2398.038818,1420.490112,-3154.177002,2386.769531,1544.808716,-3168.433594,2372.524658,1446.899902,-3103.797119,2367.896729,1584.422607,-3141.976074,2616.318848,1567.753418,-3159.845947,,,,,,,,,,,,,,,,,,,,,,,,,,,,,,,,,
598,5.980000,0.000000,0.000000,0.000000,1.000000,0.000000,0.000000,0.000000,57.698101,20.499701,-14.700500,0.047771,-0.013570,0.015998,-15.666301,-52.738201,18.801300,-93.396698,0.129960,17.611099,-0.160822,-0.477488,-0.637655,0.582699,2383.386963,1500.270630,-3142.023926,2400.351318,1421.710815,-3154.669678,2388.425537,1546.208740,-3168.081787,2375.167969,1447.692749,-3103.984619,2369.602539,1585.470337,-3141.359863,2400.378662,1421.711182,-3154.686035,2388.409424,1546.222412,-3168.123291,2375.137695,1447.681641,-3103.947510,2369.620850,1585.467163,-3141.339355,2616.316895,1567.756470,-3159.882812,,,,,,,,,,,,,,,,,,,,,,,,,,,,,,,,,
599,5.990000,0.000000,0.000000,0.000000,1.000000,0.000000,0.000000,0.000000,57.698101,20.499701,-14.700500,0.047771,-0.013570,0.015998,-15.666301,-52.738201,18.801300,-93.396698,0.129960,17.611099,-0.162329,-0.473610,-0.636903,0.586257,2385.433350,1501.482300,-3141.840088,2402.482178,1423.015381,-3154.940918,2390.084717,1547.527588,-3167.780518,2377.741211,1448.745361,-3103.910645,2371.425537,1586.640869,-3140.728027,2402.500244,1423.127686,-3154.941650,2390.052979,1547.427124,-3167.795410,2377.720947,1448.677124,-3103.895020,2371.458496,1586.697998,-3140.727783,2616.311768,1567.732178,-3159.896729,,,,,,,,,,,,,,,,,,,,,,,,,,,,,,,,,
600,6.000000,0.000000,0.000000,0.000000,1.000000,0.000000,0.000000,0.000000,57.698101,20.499701,-14.700500,0.047771,-0.013570,0.015998,-15.666301,-52.738201,18.801300,-93.396698,0.129960,17.611099,-0.162413,-0.470980,-0.636223,0.589084,2387.183350,1502.601074,-3141.595459,2404.423096,1424.240479,-3155.077148,2391.517334,1548.753174,-3167.400635,2379.904541,1449.704712,-3103.806641,2372.888672,1587.705933,-3140.096924,2404.447754,1424.268799,-3155.084961,2391.510742,1548.694458,-3167.459229,2379.879883,1449.650879,-3103.774658,2372.894043,1587.790405,-3140.061768,2616.346191,1567.680786,-3159.886719,,,,,,,,,,,,,,,,,,,,,,,,,,,,,,,,,
601,6.010000,0.000000,0.000000,0.000000,1.000000,0.000000,0.000000,0.000000,57.698101,20.499701,-14.700500,0.047771,-0.013570,0.015998,-15.666301,-52.738201,18.801300,-93.396698,0.129960,17.611099,-0.162962,-0.468583,-0.634800,0.592370,2388.878662,1503.792480,-3141.283936,2406.378906,1425.540161,-3155.055420,2392.819336,1550.018433,-3167.020020,2382.108398,1450.783691,-3103.558594,2374.207275,1588.828003,-3139.501709,2406.383057,1425.575928,-3155.048096,2392.830566,1549.976074,-3167.078369,2382.096436,1450.806274,-3103.561279,2374.204102,1588.809814,-3139.449219,2616.327881,1567.710083,-3159.891846,,,,,,,,,,,,,,,,,,,,,,,,,,,,,,,,,
602,6.020000,0.000000,0.000000,0.000000,1.000000,0.000000,0.000000,0.000000,57.698101,20.499701,-14.700500,0.047771,-0.013570,0.015998,-15.666301,-52.738201,18.801300,-93.396698,0.129960,17.611099,-0.164835,-0.466497,-0.633659,0.594716,2390.464844,1504.917480,-3140.898926,2408.010742,1426.700073,-3154.810303,2394.126953,1551.153809,-3166.657471,2384.075439,1451.891602,-3103.131348,2375.645996,1589.924683,-3138.996582,2408.052490,1426.717773,-3154.790039,2394.042725,1551.162476,-3166.662354,2384.047119,1451.828369,-3103.134277,2375.715332,1589.962280,-3139.009766,2616.299805,1567.727295,-3159.918701,,,,,,,,,,,,,,,,,,,,,,,,,,,,,,,,,
603,6.030000,0.000000,0.000000,0.000000,1.000000,0.000000,0.000000,0.000000,57.698101,20.499701,-14.700500,0.047771,-0.013570,0.015998,-15.666301,-52.738201,18.801300,-93.396698,0.129960,17.611099,-0.165180,-0.466520,-0.632201,0.596152,2392.010498,1506.004150,-3140.484863,2409.778809,1427.825439,-3154.331787,2395.465332,1552.217773,-3166.312744,2385.877197,1453.008057,-3102.632812,2376.920410,1590.965332,-3138.662109,2409.839600,1427.797729,-3154.329102,2395.366699,1552.305176,-3166.338135,2385.828857,1452.978638,-3102.608154,2377.001953,1590.939941,-3138.665527,2616.269775,1567.721191,-3159.915771,,,,,,,,,,,,,,,,,,,,,,,,,,,,,,,,,
604,6.040000,0.000000,0.000000,0.000000,1.000000,0.000000,0.000000,0.000000,57.698101,20.499701,-14.700500,0.047771,-0.013570,0.015998,-15.666301,-52.738201,18.801300,-93.396698,0.129960,17.611099,-0.167562,-0.465635,-0.630367,0.598118,2393.437500,1506.996460,-3140.022461,2411.284668,1428.817993,-3153.767822,2396.624023,1553.145142,-3166.000488,2387.665283,1454.093262,-3101.984375,2378.175537,1591.929932,-3138.337402,2411.308350,1428.789062,-3153.789062,2396.599854,1553.240234,-3166.029297,2387.638184,1454.084961,-3101.933838,2378.201172,1591.875854,-3138.339355,2616.305908,1567.702148,-3159.890625,,,,,,,,,,,,,,,,,,,,,,,,,,,,,,,,,
605,6.050000,0.000000,0.000000,0.000000,1.000000,0.000000,0.000000,0.000000,57.698101,20.499701,-14.700500,0.047771,-0.013570,0.015998,-15.666301,-52.738201,18.801300,-93.396698,0.129960,17.611099,-0.169527,-0.465796,-0.628979,0.598899,2394.754639,1507.841309,-3139.550293,2412.622559,1429.629395,-3153.077393,2397.810791,1553.899292,-3165.704346,2389.160889,1455.069824,-3101.302979,2379.424561,1592.766968,-3138.116455,2412.666504,1429.653809,-3153.099609,2397.754395,1553.970703,-3165.757324,2389.109131,1455.040161,-3101.236572,2379.486084,1592.701172,-3138.107666,2616.296631,1567.694092,-3159.862793,,,,,,,,,,,,,,,,,,,,,,,,,,,,,,,,,
606,6.060000,0.000000,0.000000,0.000000,1.000000,0.000000,0.000000,0.000000,57.698101,20.499701,-14.700500,0.047771,-0.013570,0.015998,-15.666301,-52.738201,18.801300,-93.396698,0.129960,17.611099,-0.172286,-0.465920,-0.627844,0.599206,2396.058350,1508.577515,-3139.093994,2413.811523,1430.292480,-3152.346924,2399.045410,1554.517090,-3165.463135,2390.576660,1455.979736,-3100.592041,2380.799805,1593.520752,-3137.974121,2413.908936,1430.276611,-3152.392578,2398.929199,1554.575684,-3165.510254,2390.490967,1455.909424,-3100.493164,2380.897461,1593.547729,-3137.977783,2616.284912,1567.712646,-3159.842041,,,,,,,,,,,,,,,,,,,,,,,,,,,,,,,,,
607,6.070000,0.000000,0.000000,0.000000,1.000000,0.000000,0.000000,0.000000,57.698101,20.499701,-14.700500,0.047771,-0.013570,0.015998,-15.666301,-52.738201,18.801300,-93.396698,0.129960,17.611099,-0.174574,-0.466116,-0.626263,0.600046,2397.415039,1509.212402,-3138.623047,2415.185303,1430.888428,-3151.619629,2400.256348,1555.044189,-3165.195068,2392.133057,1456.770874,-3099.880615,2382.084961,1594.146240,-3137.796387,2415.245850,1430.833008,-3151.666748,2400.230957,1555.078735,-3165.278076,2392.076172,1456.785889,-3099.803467,2382.106201,1594.151978,-3137.744873,2616.251465,1567.748291,-3159.825684,,,,,,,,,,,,,,,,,,,,,,,,,,,,,,,,,
608,6.080000,0.000000,0.000000,0.000000,1.000000,0.000000,0.000000,0.000000,57.698101,20.499701,-14.700500,0.047771,-0.013570,0.015998,-15.666301,-52.738201,18.801300,-93.396698,0.129960,17.611099,-0.176669,-0.466434,-0.624992,0.600511,2398.595703,1509.677368,-3138.209717,2416.346680,1431.307495,-3150.953613,2401.341797,1555.405029,-3164.970947,2393.448975,1457.387451,-3099.245117,2383.245361,1594.609863,-3137.669922,2416.383789,1431.289429,-3150.984131,2401.333252,1555.376953,-3165.027100,2393.410889,1457.440674,-3099.214111,2383.254639,1594.603149,-3137.613770,2616.240234,1567.718872,-3159.788086,,,,,,,,,,,,,,,,,,,,,,,,,,,,,,,,,
609,6.090000,0.000000,0.000000,0.000000,1.000000,0.000000,0.000000,0.000000,57.698101,20.499701,-14.700500,0.047771,-0.013570,0.015998,-15.666301,-52.738201,18.801300,-93.396698,0.129960,17.611099,-0.178700,-0.466644,-0.623678,0.601112,2399.774658,1510.042114,-3137.788574,2417.523682,1431.634277,-3150.299805,2402.408691,1555.671387,-3164.728271,2394.783691,1457.894653,-3098.613037,2384.382324,1594.968140,-3137.512939,2417.589844,1431.623291,-3150.378418,2402.389404,1555.619507,-3164.798584,2394.714111,1457.952271,-3098.524902,2384.403320,1594.974609,-3137.452393,2616.261475,1567.754028,-3159.732666,,,,,,,,,,,,,,,,,,,,,,,,,,,,,,,,,
610,6.100000,0.000000,0.000000,0.000000,1.000000,0.000000,0.000000,0.000000,57.698101,20.499701,-14.700500,0.047771,-0.013570,0.015998,-15.666301,-52.738201,18.801300,-93.396698,0.129960,17.611099,-0.180740,-0.467021,-0.622761,0.601159,2400.934570,1510.302002,-3137.425293,2418.605225,1431.836792,-3149.684814,2403.529541,1555.828003,-3164.542725,2396.008545,1458.305420,-3098.041504,2385.594238,1595.237915,-3137.431396,2418.744873,1431.730713,-3149.770020,2403.422363,1555.851807,-3164.624512,2395.898438,1458.328369,-3097.929443,2385.675049,1595.291382,-3137.378906,2616.218018,1567.758057,-3159.715820,,,,,,,,,,,,,,,,,,,,,,,,,,,,,,,,,
611,6.110000,0.000000,0.000000,0.000000,1.000000,0.000000,0.000000,0.000000,57.698101,20.499701,-14.700500,0.047771,-0.013570,0.015998,-15.666301,-52.738201,18.801300,-93.396698,0.129960,17.611099,-0.183658,-0.466999,-0.621294,0.601810,2402.094971,1510.411011,-3137.122070,2419.695068,1431.887207,-3149.104004,2404.566650,1555.810913,-3164.461670,2397.350586,1458.597656,-3097.475830,2386.767578,1595.348755,-3137.446777,2419.827393,1431.695068,-3149.224609,2404.507568,1555.852905,-3164.530762,2397.252441,1458.679565,-3097.350830,2386.802979,1595.396973,-3137.391357,2616.220215,1567.762085,-3159.687744,,,,,,,,,,,,,,,,,,,,,,,,,,,,,,,,,
612,6.120000,0.000000,0.000000,0.000000,1.000000,0.000000,0.000000,0.000000,57.698101,20.499701,-14.700500,0.047771,-0.013570,0.015998,-15.666301,-52.738201,18.801300,-93.396698,0.129960,17.611099,-0.187000,-0.466052,-0.619960,0.602890,2403.171875,1510.359253,-3136.877686,2420.650146,1431.782227,-3148.688721,2405.480957,1555.656494,-3164.401123,2398.670410,1458.695190,-3097.008789,2387.885498,1595.303345,-3137.412354,2420.760010,1431.599243,-3148.758301,2405.411377,1555.697021,-3164.437012,2398.589355,1458.856812,-3096.970215,2387.931396,1595.277588,-3137.349609,2616.211182,1567.764648,-3159.655518,,,,,,,,,,,,,,,,,,,,,,,,,,,,,,,,,
613,6.130000,0.000000,0.000000,0.000000,1.000000,0.000000,0.000000,0.000000,57.698101,20.499701,-14.700500,0.047771,-0.013570,0.015998,-15.666301,-52.738201,18.801300,-93.396698,0.129960,17.611099,-0.190373,-0.464855,-0.618771,0.603979,2404.209229,1510.087402,-3136.609131,2421.541016,1431.457764,-3148.285156,2406.359131,1555.292236,-3164.296631,2399.949219,1458.558105,-3096.539795,2388.987305,1595.041748,-3137.314453,2421.606689,1431.368530,-3148.318115,2406.298828,1555.404175,-3164.363281,2399.885498,1458.663086,-3096.497559,2389.044434,1594.914551,-3137.256592,2616.247559,1567.729370,-3159.642334,,,,,,,,,,,,,,,,,,,,,,,,,,,,,,,,,
614,6.140000,0.000000,0.000000,0.000000,1.000000,0.000000,0.000000,0.000000,57.698101,20.499701,-14.700500,0.047771,-0.013570,0.015998,-15.666301,-52.738201,18.801300,-93.396698,0.129960,17.611099,-0.192393,-0.464156,-0.617928,0.604739,2405.217285,1509.644531,-3136.428711,2422.483398,1430.987549,-3148.017822,2407.254150,1554.791626,-3164.219238,2401.123047,1458.198975,-3096.234619,2390.007812,1594.600098,-3137.243408,2422.559814,1430.955444,-3148.027588,2407.125000,1554.995850,-3164.303223,2401.049072,1458.186768,-3096.164307,2390.125977,1594.455200,-3137.228760,2616.261475,1567.743652,-3159.611328,,,,,,,,,,,,,,,,,,,,,,,,,,,,,,,,,
615,6.150000,0.000000,0.000000,0.000000,1.000000,0.000000,0.000000,0.000000,57.698101,20.499701,-14.700500,0.047771,-0.013570,0.015998,-15.666301,-52.738201,18.801300,-93.396698,0.129960,17.611099,-0.194477,-0.463356,-0.617219,0.605409,2406.230469,1509.032471,-3136.253906,2423.401611,1430.343628,-3147.767334,2408.169189,1554.124634,-3164.140137,2402.286621,1457.666992,-3095.942383,2391.064453,1593.994873,-3137.165283,2423.429443,1430.341675,-3147.796631,2408.148926,1554.250244,-3164.239502,2402.245605,1457.620483,-3095.838379,2391.093994,1593.924438,-3137.142578,2616.291260,1567.731812,-3159.600342,,,,,,,,,,,,,,,,,,,,,,,,,,,,,,,,,
616,6.160000,0.000000,0.000000,0.000000,1.000000,0.000000,0.000000,0.000000,57.698101,20.499701,-14.700500,0.047771,-0.013570,0.015998,-15.666301,-52.738201,18.801300,-93.396698,0.129960,17.611099,-0.196449,-0.462272,-0.617219,0.605602,2407.184082,1508.170898,-3136.080078,2424.151855,1429.436401,-3147.583740,2409.103760,1553.231934,-3164.017822,2403.295166,1456.852539,-3095.703125,2392.185303,1593.162598,-3137.015137,2424.211182,1429.363892,-3147.662598,2409.112061,1553.178833,-3164.109619,2403.236572,1456.951538,-3095.625977,2392.176025,1593.191162,-3136.921143,2616.305908,1567.774292,-3159.621826,,,,,,,,,,,,,,,,,,,,,,,,,,,,,,,,,
617,6.170000,0.000000,0.000000,0.000000,1.000000,0.000000,0.000000,0.000000,57.698101,20.499701,-14.700500,0.047771,-0.013570,0.015998,-15.666301,-52.738201,18.801300,-93.396698,0.129960,17.611099,-0.198801,-0.460407,-0.617214,0.606259,2408.163086,1507.115723,-3135.957764,2424.899658,1428.342773,-3147.535645,2410.015625,1552.164673,-3163.919678,2404.400146,1455.817383,-3095.543945,2393.336670,1592.138428,-3136.831787,2425.012939,1428.290649,-3147.632568,2409.924805,1552.169800,-3163.986084,2404.294189,1455.906128,-3095.435547,2393.418213,1592.099365,-3136.775635,2616.256592,1567.736084,-3159.647461,,,,,,,,,,,,,,,,,,,,,,,,,,,,,,,,,
618,6.180000,0.000000,0.000000,0.000000,1.000000,0.000000,0.000000,0.000000,57.698101,20.499701,-14.700500,0.047771,-0.013570,0.015998,-15.666301,-52.738201,18.801300,-93.396698,0.129960,17.611099,-0.201994,-0.457182,-0.617489,0.607364,2409.145752,1505.858276,-3135.866455,2425.528809,1427.041870,-3147.652588,2410.897217,1550.923950,-3163.807861,2405.573242,1454.539062,-3095.461670,2394.583984,1590.928589,-3136.543213,2425.643555,1426.995850,-3147.702881,2410.747070,1551.083618,-3163.916016,2405.466797,1454.523682,-3095.339600,2394.712646,1590.842285,-3136.512695,2616.311279,1567.709839,-3159.660156,,,,,,,,,,,,,,,,,,,,,,,,,,,,,,,,,
619,6.190000,0.000000,0.000000,0.000000,1.000000,0.000000,0.000000,0.000000,57.698101,20.499701,-14.700500,0.047771,-0.013570,0.015998,-15.666301,-52.738201,18.801300,-93.396698,0.129960,17.611099,-0.204286,-0.454773,-0.618499,0.607378,2410.030273,1504.482666,-3135.792725,2426.011963,1425.610229,-3147.753906,2411.824951,1549.571899,-3163.693359,2406.454590,1453.133545,-3095.426025,2395.829590,1589.615112,-3136.297119,2426.126221,1425.560303,-3147.838623,2411.720459,1549.610474,-3163.778320,2406.354736,1453.102783,-3095.283447,2395.914795,1589.654297,-3136.267578,2616.336182,1567.709961,-3159.670166,,,,,,,,,,,,,,,,,,,,,,,,,,,,,,,,,
620,6.200000,0.000000,0.000000,0.000000,1.000000,0.000000,0.000000,0.000000,57.698101,20.499701,-14.700500,0.047771,-0.013570,0.015998,-15.666301,-52.738201,18.801300,-93.396698,0.129960,17.611099,-0.206323,-0.452136,-0.619438,0.607701,2410.992920,1502.913330,-3135.730713,2426.617188,1424.004395,-3147.920898,2412.796143,1548.045532,-3163.561279,2407.455566,1451.505737,-3095.435059,2397.102295,1588.098022,-3136.005127,2426.756348,1423.942627,-3148.014648,2412.654053,1548.042236,-3163.602539,2407.341797,1451.564819,-3095.335693,2397.218994,1588.103271,-3135.971680,2616.312012,1567.707520,-3159.726074,,,,,,,,,,,,,,,,,,,,,,,,,,,,,,,,,
621,6.210000,0.000000,0.000000,0.000000,1.000000,0.000000,0.000000,0.000000,57.698101,20.499701,-14.700500,0.047771,-0.013570,0.015998,-15.666301,-52.738201,18.801300,-93.396698,0.129960,17.611099,-0.210060,-0.447552,-0.620224,0.609011,2411.901123,1501.218262,-3135.699463,2427.025146,1422.268066,-3148.248291,2413.605225,1546.408813,-3163.441895,2408.572510,1449.730347,-3095.488770,2398.402100,1586.466309,-3135.618896,2427.135742,1422.137573,-3148.277100,2413.453613,1546.597290,-3163.494141,2408.494629,1449.718018,-3095.416748,2398.512207,1586.434814,-3135.618164,2616.332275,1567.735718,-3159.773438,,,,,,,,,,,,,,,,,,,,,,,,,,,,,,,,,
622,6.220000,0.000000,0.000000,0.000000,1.000000,0.000000,0.000000,0.000000,57.698101,20.499701,-14.700500,0.047771,-0.013570,0.015998,-15.666301,-52.738201,18.801300,-93.396698,0.129960,17.611099,-0.211634,-0.444849,-0.621393,0.609255,2412.795898,1499.615112,-3135.671631,2427.567139,1420.642822,-3148.498779,2414.527832,1544.870728,-3163.305420,2409.477783,1448.035522,-3095.577637,2399.610596,1584.911377,-3135.304199,2427.688965,1420.562988,-3148.581787,2414.407227,1544.911621,-3163.371094,2409.381592,1447.984497,-3095.442383,2399.703613,1584.998169,-3135.289795,2616.346680,1567.690674,-3159.800049,,,,,,,,,,,,,,,,,,,,,,,,,,,,,,,,,
623,6.230000,0.000000,0.000000,0.000000,1.000000,0.000000,0.000000,0.000000,57.698101,20.499701,-14.700500,0.047771,-0.013570,0.015998,-15.666301,-52.738201,18.801300,-93.396698,0.129960,17.611099,-0.213691,-0.441456,-0.622427,0.609949,2413.769287,1497.844727,-3135.675781,2428.162109,1418.857056,-3148.833984,2415.477783,1543.174805,-3163.188965,2410.537109,1446.160034,-3095.710205,2400.900146,1583.187134,-3134.969238,2428.300781,1418.883057,-3148.919189,2415.300049,1543.172974,-3163.229736,2410.412109,1446.217407,-3095.610352,2401.064209,1583.103638,-3134.943604,2616.349609,1567.731079,-3159.817871,,,,,,,,,,,,,,,,,,,,,,,,,,,,,,,,,
624,6.240000,0.000000,0.000000,0.000000,1.000000,0.000000,0.000000,0.000000,57.698101,20.499701,-14.700500,0.047771,-0.013570,0.015998,-15.666301,-52.738201,18.801300,-93.396698,0.129960,17.611099,-0.216214,-0.437650,-0.623048,0.611168,2414.706543,1496.129639,-3135.753662,2428.740234,1417.134399,-3149.249756,2416.319336,1541.529419,-3163.157471,2411.656982,1444.345825,-3095.902344,2402.109131,1581.509155,-3134.704834,2428.855713,1417.050171,-3149.290527,2416.148926,1541.703003,-3163.201416,2411.568604,1444.280029,-3095.798828,2402.237793,1581.499512,-3134.726807,2616.308838,1567.719849,-3159.874268,,,,,,,,,,,,,,,,,,,,,,,,,,,,,,,,,
625,6.250000,0.000000,0.000000,0.000000,1.000000,0.000000,0.000000,0.000000,57.698101,20.499701,-14.700500,0.047771,-0.013570,0.015998,-15.666301,-52.738201,18.801300,-93.396698,0.129960,17.611099,-0.218823,-0.434255,-0.624132,0.611554,2415.616211,1494.471802,-3135.811768,2429.187744,1415.442505,-3149.578857,2417.239014,1539.923218,-3163.129395,2412.618164,1442.615967,-3096.050293,2403.419922,1579.905640,-3134.488525,2429.319092,1415.416748,-3149.655273,2417.078613,1539.957764,-3163.191406,2412.508545,1442.589600,-3095.928223,2403.552979,1579.923706,-3134.472412,2616.340820,1567.721191,-3159.881836,,,,,,,,,,,,,,,,,,,,,,,,,,,,,,,,,
626,6.260000,0.000000,0.000000,0.000000,1.000000,0.000000,0.000000,0.000000,57.698101,20.499701,-14.700500,0.047771,-0.013570,0.015998,-15.666301,-52.738201,18.801300,-93.396698,0.129960,17.611099,-0.221812,-0.430522,-0.624764,0.612471,2416.597412,1492.749023,-3135.889893,2429.741455,1413.695312,-3149.928955,2418.155029,1538.247559,-3163.132568,2413.749512,1440.826904,-3096.204346,2404.743652,1578.226318,-3134.293701,2429.853760,1413.750854,-3149.981934,2417.995605,1538.266724,-3163.188477,2413.648438,1440.816284,-3096.112061,2404.890381,1578.160767,-3134.279053,2616.359375,1567.725220,-3159.895996,,,,,,,,,,,,,,,,,,,,,,,,,,,,,,,,,
627,6.270000,0.000000,0.000000,0.000000,1.000000,0.000000,0.000000,0.000000,57.698101,20.499701,-14.700500,0.047771,-0.013570,0.015998,-15.666301,-52.738201,18.801300,-93.396698,0.129960,17.611099,-0.223955,-0.427494,-0.625502,0.613058,2417.484863,1491.216919,-3135.967285,2430.270264,1412.148804,-3150.253906,2419.016846,1536.766113,-3163.126465,2414.722412,1439.222778,-3096.369629,2405.929688,1576.730103,-3134.118652,2430.422119,1412.006714,-3150.298340,2418.815430,1536.936768,-3163.207520,2414.614990,1439.151123,-3096.260254,2406.075684,1576.781494,-3134.110840,2616.313232,1567.737305,-3159.905029,,,,,,,,,,,,,,,,,,,,,,,,,,,,,,,,,
628,6.280000,0.000000,0.000000,0.000000,1.000000,0.000000,0.000000,0.000000,57.698101,20.499701,-14.700500,0.047771,-0.013570,0.015998,-15.666301,-52.738201,18.801300,-93.396698,0.129960,17.611099,-0.226477,-0.424566,-0.626050,0.613607,2418.364502,1489.781372,-3136.006104,2430.776611,1410.688232,-3150.482178,2419.864746,1535.360229,-3163.117432,2415.698486,1437.745850,-3096.456543,2407.118164,1575.331421,-3133.968262,2430.924561,1410.687378,-3150.582764,2419.672607,1535.420166,-3163.178223,2415.569580,1437.705933,-3096.291992,2407.281982,1575.313232,-3133.968994,2616.325928,1567.731934,-3159.900879,,,,,,,,,,,,,,,,,,,,,,,,,,,,,,,,,
629,6.290000,0.000000,0.000000,0.000000,1.000000,0.000000,0.000000,0.000000,57.698101,20.499701,-14.700500,0.047771,-0.013570,0.015998,-15.666301,-52.738201,18.801300,-93.396698,0.129960,17.611099,-0.229604,-0.421063,-0.626109,0.614797,2419.316162,1488.438843,-3135.979248,2431.370850,1409.327759,-3150.657959,2420.695801,1534.044556,-3163.051758,2416.866455,1436.365479,-3096.465332,2408.330811,1574.017822,-3133.741699,2431.467285,1409.492676,-3150.728271,2420.571289,1534.000366,-3163.139404,2416.770752,1436.325684,-3096.336670,2408.457520,1573.942139,-3133.714111,2616.312500,1567.742432,-3159.902588,,,,,,,,,,,,,,,,,,,,,,,,,,,,,,,,,
630,6.300000,0.000000,0.000000,0.000000,1.000000,0.000000,0.000000,0.000000,57.698101,20.499701,-14.700500,0.047771,-0.013570,0.015998,-15.666301,-52.738201,18.801300,-93.396698,0.129960,17.611099,-0.231359,-0.418920,-0.625716,0.616002,2420.191406,1487.293579,-3135.900146,2432.120117,1408.187866,-3150.710449,2421.429443,1532.918945,-3162.946777,2417.955322,1435.191772,-3096.411133,2409.260254,1572.876099,-3133.532471,2432.250244,1408.206909,-3150.774414,2421.244385,1532.974121,-3163.009033,2417.843994,1435.095825,-3096.272949,2409.415039,1572.896484,-3133.541504,2616.318848,1567.714355,-3159.873047,,,,,,,,,,,,,,,,,,,,,,,,,,,,,,,,,
631,6.310000,0.000000,0.000000,0.000000,1.000000,0.000000,0.000000,0.000000,57.698101,20.499701,-14.700500,0.047771,-0.013570,0.015998,-15.666301,-52.738201,18.801300,-93.396698,0.129960,17.611099,-0.233337,-0.417260,-0.624861,0.617249,2421.090820,1486.300781,-3135.743164,2432.946045,1407.189941,-3150.584717,2422.158936,1531.912842,-3162.819092,2419.100342,1434.218262,-3096.215576,2410.157959,1571.882324,-3133.353027,2433.102051,1407.016602,-3150.623291,2421.956787,1532.043335,-3162.872070,2419.000244,1434.213013,-3096.152832,2410.303955,1571.929077,-3133.332031,2616.311279,1567.726074,-3159.854248,,,,,,,,,,,,,,,,,,,,,,,,,,,,,,,,,
632,6.320000,0.000000,0.000000,0.000000,1.000000,0.000000,0.000000,0.000000,57.698101,20.499701,-14.700500,0.047771,-0.013570,0.015998,-15.666301,-52.738201,18.801300,-93.396698,0.129960,17.611099,-0.235499,-0.415630,-0.624431,0.617962,2422.020020,1485.337891,-3135.503174,2433.702881,1406.203735,-3150.357422,2422.990967,1530.930908,-3162.614990,2420.187744,1433.283691,-3095.930908,2411.198242,1570.933472,-3133.109619,2433.850586,1406.139160,-3150.438965,2422.796875,1531.005127,-3162.673828,2420.066650,1433.345337,-3095.826904,2411.360840,1570.863647,-3133.075928,2616.259033,1567.774292,-3159.842529,,,,,,,,,,,,,,,,,,,,,,,,,,,,,,,,,
633,6.330000,0.000000,0.000000,0.000000,1.000000,0.000000,0.000000,0.000000,57.698101,20.499701,-14.700500,0.047771,-0.013570,0.015998,-15.666301,-52.738201,18.801300,-93.396698,0.129960,17.611099,-0.237919,-0.414152,-0.623786,0.618679,2422.941650,1484.446533,-3135.230713,2434.458984,1405.280762,-3150.045166,2423.802734,1530.002075,-3162.409180,2421.284424,1432.447266,-3095.578369,2412.220215,1570.056152,-3132.890137,2434.524902,1405.369751,-3150.094727,2423.710693,1529.996216,-3162.450928,2421.219727,1432.445068,-3095.497559,2412.313965,1569.974609,-3132.880371,2616.254150,1567.763428,-3159.820557,,,,,,,,,,,,,,,,,,,,,,,,,,,,,,,,,
634,6.340000,0.000000,0.000000,0.000000,1.000000,0.000000,0.000000,0.000000,57.698101,20.499701,-14.700500,0.047771,-0.013570,0.015998,-15.666301,-52.738201,18.801300,-93.396698,0.129960,17.611099,-0.240227,-0.413075,-0.622581,0.619719,2423.767822,1483.693115,-3134.879639,2435.230469,1404.501831,-3149.599609,2424.458740,1529.194092,-3162.154053,2422.353760,1431.773315,-3095.113770,2413.028076,1569.303467,-3132.650879,2435.272949,1404.584106,-3149.634521,2424.398682,1529.194824,-3162.196289,2422.310791,1431.727783,-3095.036865,2413.088867,1569.266968,-3132.650146,2616.258301,1567.697998,-3159.768555,,,,,,,,,,,,,,,,,,,,,,,,,,,,,,,,,
635,6.350000,0.000000,0.000000,0.000000,1.000000,0.000000,0.000000,0.000000,57.698101,20.499701,-14.700500,0.047771,-0.013570,0.015998,-15.666301,-52.738201,18.801300,-93.396698,0.129960,17.611099,-0.241929,-0.412760,-0.621744,0.620109,2424.556396,1483.052124,-3134.481201,2435.968994,1403.827759,-3149.062256,2425.160645,1528.492432,-3161.858643,2423.269531,1431.220947,-3094.595947,2413.826660,1568.667603,-3132.407959,2436.088379,1403.764160,-3149.099121,2425.000732,1528.515503,-3161.895996,2423.184082,1431.215576,-3094.543945,2413.952148,1568.714355,-3132.387939,2616.232910,1567.723755,-3159.728760,,,,,,,,,,,,,,,,,,,,,,,,,,,,,,,,,
636,6.360000,0.000000,0.000000,0.000000,1.000000,0.000000,0.000000,0.000000,57.698101,20.499701,-14.700500,0.047771,-0.013570,0.015998,-15.666301,-52.738201,18.801300,-93.396698,0.129960,17.611099,-0.243569,-0.412843,-0.620822,0.620334,2425.319580,1482.448730,-3134.059082,2436.703613,1403.185303,-3148.448486,2425.848145,1527.812500,-3161.564941,2424.140869,1430.728760,-3094.026367,2414.585693,1568.068481,-3132.197021,2436.835938,1402.975586,-3148.511475,2425.703125,1527.950684,-3161.639893,2424.053223,1430.789551,-3093.948486,2414.688721,1568.067871,-3132.147705,2616.271484,1567.732056,-3159.684570,,,,,,,,,,,,,,,,,,,,,,,,,,,,,,,,,
637,6.370000,0.000000,0.000000,0.000000,1.000000,0.000000,0.000000,0.000000,57.698101,20.499701,-14.700500,0.047771,-0.013570,0.015998,-15.666301,-52.738201,18.801300,-93.396698,0.129960,17.611099,-0.245681,-0.413016,-0.619851,0.620358,2426.013428,1481.868896,-3133.607178,2437.322510,1402.548950,-3147.741699,2426.481445,1527.132568,-3161.278564,2424.929199,1430.294922,-3093.383789,2415.320801,1567.499512,-3132.024414,2437.419922,1402.441895,-3147.796875,2426.359375,1527.249878,-3161.335205,2424.848145,1430.397461,-3093.318115,2415.424316,1567.388184,-3131.979248,2616.270508,1567.772095,-3159.656006,,,,,,,,,,,,,,,,,,,,,,,,,,,,,,,,,
638,6.380000,0.000000,0.000000,0.000000,1.000000,0.000000,0.000000,0.000000,57.698101,20.499701,-14.700500,0.047771,-0.013570,0.015998,-15.666301,-52.738201,18.801300,-93.396698,0.129960,17.611099,-0.248014,-0.412879,-0.618918,0.620453,2426.645996,1481.377075,-3133.201416,2437.847656,1402.000610,-3147.102783,2427.046631,1526.544678,-3161.030029,2425.669678,1429.942871,-3092.796631,2416.020264,1567.020386,-3131.875732,2437.900879,1402.003540,-3147.153320,2426.983154,1526.599609,-3161.110840,2425.607422,1430.057495,-3092.727539,2416.093994,1566.837646,-3131.804688,2616.228271,1567.752075,-3159.646729,,,,,,,,,,,,,,,,,,,,,,,,,,,,,,,,,
639,6.390000,0.000000,0.000000,0.000000,1.000000,0.000000,0.000000,0.000000,57.698101,20.499701,-14.700500,0.047771,-0.013570,0.015998,-15.666301,-52.738201,18.801300,-93.396698,0.129960,17.611099,-0.250731,-0.412498,-0.617789,0.620739,2427.164551,1480.968384,-3132.773193,2438.248291,1401.533447,-3146.433105,2427.466309,1526.032715,-3160.770020,2426.341064,1429.684326,-3092.174805,2416.602295,1566.623169,-3131.714600,2438.310547,1401.646484,-3146.489990,2427.388428,1525.966797,-3160.846191,2426.272705,1429.760010,-3092.108398,2416.690430,1566.496704,-3131.646729,2616.228516,1567.750854,-3159.628174,,,,,,,,,,,,,,,,,,,,,,,,,,,,,,,,,
640,6.400000,0.000000,0.000000,0.000000,1.000000,0.000000,0.000000,0.000000,57.698101,20.499701,-14.700500,0.047771,-0.013570,0.015998,-15.666301,-52.738201,18.801300,-93.396698,0.129960,17.611099,-0.252829,-0.412233,-0.616644,0.621202,2427.538574,1480.753296,-3132.379150,2438.580322,1401.279419,-3145.844482,2427.725830,1525.733765,-3160.511475,2426.879639,1429.590576,-3091.624756,2416.968750,1566.409546,-3131.535645,2438.625000,1401.391968,-3145.871826,2427.663574,1525.681519,-3160.576660,2426.831299,1429.616821,-3091.581299,2417.038086,1566.322754,-3131.487305,2616.269531,1567.787720,-3159.612793,,,,,,,,,,,,,,,,,,,,,,,,,,,,,,,,,
641,6.410000,0.000000,0.000000,0.000000,1.000000,0.000000,0.000000,0.000000,57.698101,20.499701,-14.700500,0.047771,-0.013570,0.015998,-15.666301,-52.738201,18.801300,-93.396698,0.129960,17.611099,-0.254686,-0.411831,-0.615413,0.621930,2427.806152,1480.587769,-3132.024170,2438.849121,1401.088623,-3145.338867,2427.849121,1525.499023,-3160.267578,2427.346191,1429.525024,-3091.141846,2417.180176,1566.238647,-3131.348633,2438.888428,1401.204956,-3145.383545,2427.796631,1525.481201,-3160.343750,2427.301758,1429.490845,-3091.048096,2417.238525,1566.177490,-3131.322266,2616.251709,1567.797363,-3159.620605,,,,,,,,,,,,,,,,,,,,,,,,,,,,,,,,,
642,6.420000,0.000000,0.000000,0.000000,1.000000,0.000000,0.000000,0.000000,57.698101,20.499701,-14.700500,0.047771,-0.013570,0.015998,-15.666301,-52.738201,18.801300,-93.396698,0.129960,17.611099,-0.257239,-0.410811,-0.613892,0.623055,2427.995605,1480.507812,-3131.710449,2439.009766,1400.981445,-3144.885498,2427.836182,1525.345459,-3160.070068,2427.819580,1429.551514,-3090.693359,2417.317139,1566.153320,-3131.192627,2439.072021,1401.036621,-3144.960449,2427.759521,1525.325317,-3160.122559,2427.759766,1429.543213,-3090.582275,2417.389404,1566.127441,-3131.175293,2616.289795,1567.765137,-3159.624512,,,,,,,,,,,,,,,,,,,,,,,,,,,,,,,,,
643,6.430000,0.000000,0.000000,0.000000,1.000000,0.000000,0.000000,0.000000,57.698101,20.499701,-14.700500,0.047771,-0.013570,0.015998,-15.666301,-52.738201,18.801300,-93.396698,0.129960,17.611099,-0.258957,-0.410163,-0.612530,0.624111,2428.057129,1480.490601,-3131.442139,2439.111816,1400.952637,-3144.513916,2427.714355,1525.273315,-3159.886719,2428.128662,1429.613037,-3090.326904,2417.273926,1566.123535,-3131.040527,2439.160156,1401.016479,-3144.566406,2427.646484,1525.287476,-3159.936279,2428.081055,1429.584351,-3090.229492,2417.340820,1566.073975,-3131.034424,2616.286621,1567.777222,-3159.635254,,,,,,,,,,,,,,,,,,,,,,,,,,,,,,,,,
644,6.440000,0.000000,0.000000,0.000000,1.000000,0.000000,0.000000,0.000000,57.698101,20.499701,-14.700500,0.047771,-0.013570,0.015998,-15.666301,-52.738201,18.801300,-93.396698,0.129960,17.611099,-0.260490,-0.409270,-0.611170,0.625391,2428.036865,1480.553955,-3131.217285,2439.152588,1401.016724,-3144.240479,2427.489746,1525.299805,-3159.716553,2428.382324,1429.729004,-3090.038574,2417.123047,1566.170654,-3130.873047,2439.189209,1401.093262,-3144.306396,2427.445312,1525.280762,-3159.772217,2428.340820,1429.719360,-3089.935547,2417.170654,1566.125122,-3130.853760,2616.301025,1567.727417,-3159.662842,,,,,,,,,,,,,,,,,,,,,,,,,,,,,,,,,
645,6.450000,0.000000,0.000000,0.000000,1.000000,0.000000,0.000000,0.000000,57.698101,20.499701,-14.700500,0.047771,-0.013570,0.015998,-15.666301,-52.738201,18.801300,-93.396698,0.129960,17.611099,-0.261785,-0.408306,-0.609860,0.626758,2427.940430,1480.661499,-3131.060791,2439.135010,1401.133301,-3144.071289,2427.184082,1525.383301,-3159.593018,2428.563477,1429.870483,-3089.843750,2416.878418,1566.259277,-3130.734863,2439.147217,1401.227661,-3144.122070,2427.173340,1525.356567,-3159.666016,2428.541260,1429.842285,-3089.748047,2416.898438,1566.222412,-3130.706787,2616.332031,1567.700317,-3159.669189,,,,,,,,,,,,,,,,,,,,,,,,,,,,,,,,,
646,6.460000,0.000000,0.000000,0.000000,1.000000,0.000000,0.000000,0.000000,57.698101,20.499701,-14.700500,0.047771,-0.013570,0.015998,-15.666301,-52.738201,18.801300,-93.396698,0.129960,17.611099,-0.263885,-0.406403,-0.608445,0.628487,2427.741943,1480.825317,-3130.985596,2438.937500,1401.302856,-3144.030762,2426.730957,1525.530151,-3159.536621,2428.717285,1430.058350,-3089.745605,2416.582275,1566.410156,-3130.628906,2438.964111,1401.435181,-3144.093506,2426.694336,1525.473999,-3159.592529,2428.681396,1430.051270,-3089.652832,2416.628906,1566.347656,-3130.604980,2616.372070,1567.748047,-3159.700684,,,,,,,,,,,,,,,,,,,,,,,,,,,,,,,,,
647,6.470000,0.000000,0.000000,0.000000,1.000000,0.000000,0.000000,0.000000,57.698101,20.499701,-14.700500,0.047771,-0.013570,0.015998,-15.666301,-52.738201,18.801300,-93.396698,0.129960,17.611099,-0.265469,-0.404714,-0.606920,0.630382,2427.461914,1480.994385,-3130.953857,2438.736084,1401.492554,-3144.057373,2426.176758,1525.691895,-3159.505371,2428.804932,1430.236938,-3089.712402,2416.129639,1566.556274,-3130.539795,2438.790527,1401.624023,-3144.114502,2426.091797,1525.678711,-3159.569580,2428.747559,1430.222656,-3089.612061,2416.221191,1566.454102,-3130.520752,2616.374023,1567.768555,-3159.739502,,,,,,,,,,,,,,,,,,,,,,,,,,,,,,,,,
648,6.480000,0.000000,0.000000,0.000000,1.000000,0.000000,0.000000,0.000000,57.698101,20.499701,-14.700500,0.047771,-0.013570,0.015998,-15.666301,-52.738201,18.801300,-93.396698,0.129960,17.611099,-0.267090,-0.402568,-0.605224,0.632698,2427.076904,1481.211426,-3130.999268,2438.451416,1401.743408,-3144.220459,2425.467529,1525.917114,-3159.521484,2428.853760,1430.440674,-3089.790527,2415.534424,1566.744629,-3130.464844,2438.527100,1401.858765,-3144.267578,2425.339844,1525.962158,-3159.609131,2428.783203,1430.369019,-3089.664307,2415.654297,1566.655762,-3130.456787,2616.349609,1567.733032,-3159.784912,,,,,,,,,,,,,,,,,,,,,,,,,,,,,,,,,
649,6.490000,0.000000,0.000000,0.000000,1.000000,0.000000,0.000000,0.000000,57.698101,20.499701,-14.700500,0.047771,-0.013570,0.015998,-15.666301,-52.738201,18.801300,-93.396698,0.129960,17.611099,-0.268865,-0.400280,-0.603505,0.635036,2426.661133,1481.437134,-3131.093506,2438.118652,1402.001099,-3144.434814,2424.722656,1526.149780,-3159.584229,2428.880615,1430.655151,-3089.920166,2414.922119,1566.942749,-3130.434326,2438.228760,1402.063965,-3144.465332,2424.530029,1526.227661,-3159.651123,2428.791016,1430.570801,-3089.816650,2415.083984,1566.887329,-3130.444580,2616.368896,1567.746948,-3159.820312,,,,,,,,,,,,,,,,,,,,,,,,,,,,,,,,,
650,6.500000,0.000000,0.000000,0.000000,1.000000,0.000000,0.000000,0.000000,57.698101,20.499701,-14.700500,0.047771,-0.013570,0.015998,-15.666301,-52.738201,18.801300,-93.396698,0.129960,17.611099,-0.270466,-0.398397,-0.601928,0.637033,2426.177490,1481.622803,-3131.256836,2437.712891,1402.211914,-3144.679932,2423.951660,1526.332520,-3159.731445,2428.783447,1430.843872,-3090.102539,2414.261963,1567.103271,-3130.513184,2437.833984,1402.158325,-3144.699219,2423.750732,1526.473755,-3159.799316,2428.699951,1430.748535,-3090.009766,2414.407471,1567.122070,-3130.523926,2616.343994,1567.771118,-3159.851807,,,,,,,,,,,,,,,,,,,,,,,,,,,,,,,,,
651,6.510000,0.000000,0.000000,0.000000,1.000000,0.000000,0.000000,0.000000,57.698101,20.499701,-14.700500,0.047771,-0.013570,0.015998,-15.666301,-52.738201,18.801300,-93.396698,0.129960,17.611099,-0.272135,-0.396449,-0.600101,0.639257,2425.647949,1481.776001,-3131.480713,2437.293701,1402.395020,-3144.985107,2423.098633,1526.478394,-3159.939453,2428.685547,1431.005859,-3090.345215,2413.514160,1567.224976,-3130.652832,2437.418701,1402.327026,-3145.039307,2422.909668,1526.586426,-3160.000977,2428.599121,1430.941162,-3090.228516,2413.652344,1567.255737,-3130.657715,2616.354492,1567.742310,-3159.860107,,,,,,,,,,,,,,,,,,,,,,,,,,,,,,,,,
652,6.520000,0.000000,0.000000,0.000000,1.000000,0.000000,0.000000,0.000000,57.698101,20.499701,-14.700500,0.047771,-0.013570,0.015998,-15.666301,-52.738201,18.801300,-93.396698,0.129960,17.611099,-0.274130,-0.394141,-0.598566,0.641268,2425.060547,1481.912720,-3131.736572,2436.722900,1402.550903,-3145.339600,2422.221191,1526.613892,-3160.170166,2428.495605,1431.143555,-3090.631104,2412.802246,1567.342896,-3130.805420,2436.882080,1402.474731,-3145.426025,2422.000977,1526.644409,-3160.231689,2428.387207,1431.078613,-3090.491943,2412.967529,1567.455811,-3130.799316,2616.358154,1567.729614,-3159.871338,,,,,,,,,,,,,,,,,,,,,,,,,,,,,,,,,
653,6.530000,0.000000,0.000000,0.000000,1.000000,0.000000,0.000000,0.000000,57.698101,20.499701,-14.700500,0.047771,-0.013570,0.015998,-15.666301,-52.738201,18.801300,-93.396698,0.129960,17.611099,-0.275867,-0.392046,-0.597124,0.643149,2424.466309,1482.031250,-3132.017334,2436.158447,1402.690430,-3145.716309,2421.356201,1526.732544,-3160.422119,2428.270996,1431.260620,-3090.946289,2412.079590,1567.441650,-3130.984863,2436.302734,1402.600586,-3145.816162,2421.165527,1526.756592,-3160.469238,2428.173584,1431.222046,-3090.807617,2412.221680,1567.545044,-3130.979980,2616.385742,1567.734741,-3159.866943,,,,,,,,,,,,,,,,,,,,,,,,,,,,,,,,,
654,6.540000,0.000000,0.000000,0.000000,1.000000,0.000000,0.000000,0.000000,57.698101,20.499701,-14.700500,0.047771,-0.013570,0.015998,-15.666301,-52.738201,18.801300,-93.396698,0.129960,17.611099,-0.278159,-0.390004,-0.595150,0.645230,2423.899414,1482.140747,-3132.325195,2435.647217,1402.812012,-3146.046631,2420.465820,1526.809326,-3160.744141,2428.143066,1431.415894,-3091.240479,2411.341553,1567.526001,-3131.269531,2435.759521,1402.698853,-3146.118408,2420.323975,1526.854004,-3160.788330,2428.073242,1431.395142,-3091.140625,2411.442627,1567.613037,-3131.257324,2616.332764,1567.727295,-3159.867432,,,,,,,,,,,,,,,,,,,,,,,,,,,,,,,,,
655,6.550000,0.000000,0.000000,0.000000,1.000000,0.000000,0.000000,0.000000,57.698101,20.499701,-14.700500,0.047771,-0.013570,0.015998,-15.666301,-52.738201,18.801300,-93.396698,0.129960,17.611099,-0.279994,-0.388197,-0.593269,0.647255,2423.384766,1482.216553,-3132.660156,2435.225098,1402.908569,-3146.421631,2419.640625,1526.860718,-3161.078125,2428.043457,1431.525391,-3091.578857,2410.629395,1567.572021,-3131.561523,2435.284912,1402.871826,-3146.454346,2419.558105,1526.892944,-3161.154541,2428.005127,1431.471558,-3091.497314,2410.687256,1567.630981,-3131.535156,2616.298340,1567.726074,-3159.871826,,,,,,,,,,,,,,,,,,,,,,,,,,,,,,,,,
656,6.560000,0.000000,0.000000,0.000000,1.000000,0.000000,0.000000,0.000000,57.698101,20.499701,-14.700500,0.047771,-0.013570,0.015998,-15.666301,-52.738201,18.801300,-93.396698,0.129960,17.611099,-0.282190,-0.386099,-0.591561,0.649116,2422.888184,1482.292603,-3132.970703,2434.744141,1402.994019,-3146.773438,2418.856201,1526.912720,-3161.387451,2427.942139,1431.635132,-3091.894531,2410.010498,1567.629150,-3131.827637,2434.747314,1402.998657,-3146.773438,2418.849121,1526.965698,-3161.488281,2427.947266,1431.548096,-3091.827148,2410.009033,1567.656494,-3131.796875,2616.327881,1567.718994,-3159.862305,,,,,,,,,,,,,,,,,,,,,,,,,,,,,,,,,
657,6.570000,0.000000,0.000000,0.000000,1.000000,0.000000,0.000000,0.000000,57.698101,20.499701,-14.700500,0.047771,-0.013570,0.015998,-15.666301,-52.738201,18.801300,-93.396698,0.129960,17.611099,-0.281224,-0.387157,-0.590384,0.649976,2422.521484,1482.453491,-3133.303955,2434.702148,1403.195679,-3147.058838,2418.349854,1527.045654,-3161.744141,2427.723633,1431.833130,-3092.200195,2409.310791,1567.739624,-3132.212158,2434.811768,1403.373169,-3147.147217,2418.174561,1526.946533,-3161.860596,2427.621582,1431.835327,-3092.067383,2409.479004,1567.661133,-3132.148193,2616.285889,1567.746338,-3159.838379,,,,,,,,,,,,,,,,,,,,,,,,,,,,,,,,,
658,6.580000,0.000000,0.000000,0.000000,1.000000,0.000000,0.000000,0.000000,57.698101,20.499701,-14.700500,0.047771,-0.013570,0.015998,-15.666301,-52.738201,18.801300,-93.396698,0.129960,17.611099,-0.282577,-0.386834,-0.588993,0.650843,2422.181885,1482.387939,-3133.605225,2434.441895,1403.122925,-3147.246582,2417.839844,1526.917236,-3162.118164,2427.607666,1431.856934,-3092.420898,2408.838135,1567.654907,-3132.635010,2434.592285,1403.249268,-3147.376465,2417.603516,1526.852905,-3162.215820,2427.476318,1431.858154,-3092.237305,2409.050049,1567.590454,-3132.595459,2616.271729,1567.780029,-3159.822021,,,,,,,,,,,,,,,,,,,,,,,,,,,,,,,,,
659,6.590000,0.000000,0.000000,0.000000,1.000000,0.000000,0.000000,0.000000,57.698101,20.499701,-14.700500,0.047771,-0.013570,0.015998,-15.666301,-52.738201,18.801300,-93.396698,0.129960,17.611099,-0.284719,-0.385768,-0.587780,0.651639,2421.969971,1482.269897,-3133.911621,2434.179199,1402.980469,-3147.456543,2417.467529,1526.740356,-3162.491455,2427.623535,1431.823730,-3092.654053,2408.608887,1567.535278,-3133.044189,2434.343750,1403.055542,-3147.595215,2417.210938,1526.701172,-3162.589111,2427.482666,1431.843872,-3092.462646,2408.833252,1567.477173,-3133.001221,2616.264648,1567.762207,-3159.800049,,,,,,,,,,,,,,,,,,,,,,,,,,,,,,,,,
660,6.600000,0.000000,0.000000,0.000000,1.000000,0.000000,0.000000,0.000000,57.698101,20.499701,-14.700500,0.047771,-0.013570,0.015998,-15.666301,-52.738201,18.801300,-93.396698,0.129960,17.611099,-0.286776,-0.384450,-0.586987,0.652229,2421.836670,1482.076782,-3134.201660,2433.929443,1402.760986,-3147.696289,2417.217285,1526.509766,-3162.821289,2427.667725,1431.685181,-3092.902100,2408.531982,1567.351440,-3133.387207,2434.083252,1402.840698,-3147.827637,2416.971191,1526.484619,-3162.883301,2427.537842,1431.694336,-3092.723877,2408.748047,1567.286011,-3133.373535,2616.255127,1567.749756,-3159.755371,,,,,,,,,,,,,,,,,,,,,,,,,,,,,,,,,
661,6.610000,0.000000,0.000000,0.000000,1.000000,0.000000,0.000000,0.000000,57.698101,20.499701,-14.700500,0.047771,-0.013570,0.015998,-15.666301,-52.738201,18.801300,-93.396698,0.129960,17.611099,-0.291198,-0.380220,-0.585393,0.654180,2421.910889,1481.760498,-3134.576172,2433.710693,1402.415039,-3148.155518,2416.980713,1526.174438,-3163.173340,2428.210449,1431.397583,-3093.310059,2408.741699,1567.055176,-3133.665283,2433.776367,1402.540894,-3148.130615,2416.845459,1526.204834,-3163.263428,2428.171387,1431.177124,-3093.226562,2408.841309,1567.102905,-3133.679443,2616.254395,1567.728638,-3159.709229,,,,,,,,,,,,,,,,,,,,,,,,,,,,,,,,,
662,6.620000,0.000000,0.000000,0.000000,1.000000,0.000000,0.000000,0.000000,57.698101,20.499701,-14.700500,0.047771,-0.013570,0.015998,-15.666301,-52.738201,18.801300,-93.396698,0.129960,17.611099,-0.294697,-0.376409,-0.585475,0.654744,2421.807861,1481.376221,-3134.962646,2433.134766,1401.984375,-3148.673096,2416.799561,1525.819458,-3163.500488,2428.279297,1430.974243,-3093.770996,2409.017090,1566.726807,-3133.905518,2433.103271,1402.085815,-3148.489746,2416.809814,1525.904663,-3163.579102,2428.349609,1430.576660,-3093.847168,2408.979980,1566.866333,-3133.937500,2616.238281,1567.757812,-3159.677734,,,,,,,,,,,,,,,,,,,,,,,,,,,,,,,,,
663,6.630000,0.000000,0.000000,0.000000,1.000000,0.000000,0.000000,0.000000,57.698101,20.499701,-14.700500,0.047771,-0.013570,0.015998,-15.666301,-52.738201,18.801300,-93.396698,0.129960,17.611099,-0.296225,-0.374106,-0.585821,0.655065,2421.793213,1481.087402,-3135.320801,2432.848145,1401.682495,-3149.176514,2416.761963,1525.576294,-3163.783691,2428.333740,1430.621582,-3094.218506,2409.228760,1566.469604,-3134.104736,2432.788086,1401.808472,-3148.918945,2416.805908,1525.648804,-3163.842041,2428.435059,1430.159546,-3094.385254,2409.156494,1566.643188,-3134.147949,2616.244385,1567.747070,-3159.652832,,,,,,,,,,,,,,,,,,,,,,,,,,,,,,,,,
664,6.640000,0.000000,0.000000,0.000000,1.000000,0.000000,0.000000,0.000000,57.698101,20.499701,-14.700500,0.047771,-0.013570,0.015998,-15.666301,-52.738201,18.801300,-93.396698,0.129960,17.611099,-0.297254,-0.371913,-0.586303,0.655416,2421.836182,1480.837524,-3135.686523,2432.652832,1401.432373,-3149.728760,2416.791504,1525.388672,-3164.049316,2428.427490,1430.283203,-3094.701172,2409.472412,1566.245728,-3134.266846,2432.612305,1401.565186,-3149.484375,2416.812012,1525.449219,-3164.107666,2428.515381,1429.787598,-3094.848877,2409.418701,1566.447021,-3134.316162,2616.252686,1567.737915,-3159.618164,,,,,,,,,,,,,,,,,,,,,,,,,,,,,,,,,
665,6.650000,0.000000,0.000000,0.000000,1.000000,0.000000,0.000000,0.000000,57.698101,20.499701,-14.700500,0.047771,-0.013570,0.015998,-15.666301,-52.738201,18.801300,-93.396698,0.129960,17.611099,-0.298286,-0.369393,-0.586781,0.655944,2421.891113,1480.589355,-3136.089600,2432.461914,1401.192139,-3150.361572,2416.817139,1525.216431,-3164.327637,2428.556641,1429.927124,-3095.250000,2409.729004,1566.022095,-3134.419189,2432.410645,1401.308716,-3150.147217,2416.858154,1525.274170,-3164.388184,2428.654297,1429.446045,-3095.366211,2409.654541,1566.235596,-3134.468018,2616.243652,1567.745850,-3159.608398,,,,,,,,,,,,,,,,,,,,,,,,,,,,,,,,,
666,6.660000,0.000000,0.000000,0.000000,1.000000,0.000000,0.000000,0.000000,57.698101,20.499701,-14.700500,0.047771,-0.013570,0.015998,-15.666301,-52.738201,18.801300,-93.396698,0.129960,17.611099,-0.298748,-0.366851,-0.587503,0.656513,2421.923340,1480.320190,-3136.571533,2432.268799,1400.947510,-3151.142090,2416.835693,1525.049683,-3164.644775,2428.637939,1429.511230,-3095.922607,2409.950928,1565.772705,-3134.576904,2432.227295,1401.084595,-3150.970703,2416.864746,1525.087891,-3164.731934,2428.723145,1429.029541,-3095.971924,2409.889648,1565.989258,-3134.611084,2616.265869,1567.780762,-3159.610107,,,,,,,,,,,,,,,,,,,,,,,,,,,,,,,,,
667,6.670000,0.000000,0.000000,0.000000,1.000000,0.000000,0.000000,0.000000,57.698101,20.499701,-14.700500,0.047771,-0.013570,0.015998,-15.666301,-52.738201,18.801300,-93.396698,0.129960,17.611099,-0.299569,-0.364013,-0.588018,0.657258,2421.982178,1480.060303,-3137.083984,2432.088379,1400.711548,-3151.949219,2416.850830,1524.886719,-3164.993896,2428.789795,1429.112183,-3096.625000,2410.199951,1565.531128,-3134.767578,2432.027832,1400.832520,-3151.784912,2416.908447,1524.953857,-3165.089355,2428.892334,1428.645264,-3096.660645,2410.114258,1565.722168,-3134.800293,2616.261719,1567.782227,-3159.626709,,,,,,,,,,,,,,,,,,,,,,,,,,,,,,,,,
668,6.680000,0.000000,0.000000,0.000000,1.000000,0.000000,0.000000,0.000000,57.698101,20.499701,-14.700500,0.047771,-0.013570,0.015998,-15.666301,-52.738201,18.801300,-93.396698,0.129960,17.611099,-0.301029,-0.361014,-0.588525,0.657790,2422.017822,1479.794678,-3137.618896,2431.808105,1400.451416,-3152.723389,2416.856445,1524.699951,-3165.396240,2428.909424,1428.733887,-3097.316162,2410.497070,1565.293579,-3135.039062,2431.741455,1400.528442,-3152.531250,2416.929688,1524.790894,-3165.482910,2429.021484,1428.270020,-3097.399658,2410.392578,1565.502808,-3135.071289,2616.263428,1567.747925,-3159.619873,,,,,,,,,,,,,,,,,,,,,,,,,,,,,,,,,
669,6.690000,0.000000,0.000000,0.000000,1.000000,0.000000,0.000000,0.000000,57.698101,20.499701,-14.700500,0.047771,-0.013570,0.015998,-15.666301,-52.738201,18.801300,-93.396698,0.129960,17.611099,-0.303071,-0.357790,-0.588851,0.658323,2422.036133,1479.508667,-3138.179443,2431.467285,1400.159790,-3153.481689,2416.830078,1524.476685,-3165.846924,2429.038574,1428.358643,-3098.009521,2410.809082,1565.039673,-3135.379883,2431.400391,1400.254150,-3153.255615,2416.898926,1524.579834,-3165.917725,2429.155029,1427.846802,-3098.133301,2410.708008,1565.241455,-3135.428223,2616.305176,1567.737305,-3159.623535,,,,,,,,,,,,,,,,,,,,,,,,,,,,,,,,,
670,6.700000,0.000000,0.000000,0.000000,1.000000,0.000000,0.000000,0.000000,57.698101,20.499701,-14.700500,0.047771,-0.013570,0.015998,-15.666301,-52.738201,18.801300,-93.396698,0.129960,17.611099,-0.308152,-0.352726,-0.587295,0.660084,2422.162109,1479.301514,-3138.681396,2431.160156,1399.916992,-3154.059326,2416.661377,1524.262085,-3166.303955,2429.628418,1428.163818,-3098.579346,2411.198486,1564.863281,-3135.782715,2430.994385,1399.975342,-3153.923584,2416.899658,1524.348511,-3166.375977,2429.786621,1427.921143,-3098.636719,2410.980957,1564.947021,-3135.793457,2616.303711,1567.768311,-3159.654785,,,,,,,,,,,,,,,,,,,,,,,,,,,,,,,,,
671,6.710000,0.000000,0.000000,0.000000,1.000000,0.000000,0.000000,0.000000,57.698101,20.499701,-14.700500,0.047771,-0.013570,0.015998,-15.666301,-52.738201,18.801300,-93.396698,0.129960,17.611099,-0.310021,-0.350497,-0.588002,0.659767,2422.128662,1479.019775,-3139.178955,2430.740234,1399.607056,-3154.632324,2416.684082,1524.014771,-3166.756592,2429.570068,1427.834106,-3099.133545,2411.520264,1564.623535,-3136.193359,2430.589111,1399.724487,-3154.502197,2416.887207,1524.099243,-3166.821533,2429.711426,1427.579834,-3099.172852,2411.340820,1564.660034,-3136.219482,2616.323730,1567.763062,-3159.692627,,,,,,,,,,,,,,,,,,,,,,,,,,,,,,,,,
672,6.720000,0.000000,0.000000,0.000000,1.000000,0.000000,0.000000,0.000000,57.698101,20.499701,-14.700500,0.047771,-0.013570,0.015998,-15.666301,-52.738201,18.801300,-93.396698,0.129960,17.611099,-0.312107,-0.348510,-0.588535,0.659361,2422.038818,1478.731812,-3139.633789,2430.273438,1399.281860,-3155.101562,2416.645752,1523.739624,-3167.200684,2429.460205,1427.528931,-3099.606689,2411.775635,1564.376831,-3136.626709,2430.129150,1399.390137,-3154.968018,2416.840332,1523.843628,-3167.253662,2429.594482,1427.286987,-3099.654541,2411.604248,1564.393433,-3136.660645,2616.348145,1567.722656,-3159.721924,,,,,,,,,,,,,,,,,,,,,,,,,,,,,,,,,
673,6.730000,0.000000,0.000000,0.000000,1.000000,0.000000,0.000000,0.000000,57.698101,20.499701,-14.700500,0.047771,-0.013570,0.015998,-15.666301,-52.738201,18.801300,-93.396698,0.129960,17.611099,-0.314022,-0.346718,-0.588884,0.659085,2421.954590,1478.473877,-3140.032959,2429.866943,1398.992554,-3155.507080,2416.591309,1523.489624,-3167.592529,2429.378662,1427.260986,-3100.019287,2411.981445,1564.152710,-3137.012939,2429.709717,1399.133057,-3155.387695,2416.798584,1523.608887,-3167.637939,2429.515137,1427.039429,-3100.046387,2411.805420,1564.110962,-3137.058838,2616.355225,1567.726318,-3159.738525,,,,,,,,,,,,,,,,,,,,,,,,,,,,,,,,,
674,6.740000,0.000000,0.000000,0.000000,1.000000,0.000000,0.000000,0.000000,57.698101,20.499701,-14.700500,0.047771,-0.013570,0.015998,-15.666301,-52.738201,18.801300,-93.396698,0.129960,17.611099,-0.315708,-0.345123,-0.589372,0.658680,2421.762939,1478.258301,-3140.374756,2429.359375,1398.747314,-3155.855225,2416.451416,1523.284424,-3167.927246,2429.158447,1427.031372,-3100.373535,2412.082520,1563.970215,-3137.342529,2429.204590,1398.900269,-3155.736084,2416.652344,1523.399780,-3167.986816,2429.290039,1426.814087,-3100.395020,2411.912598,1563.918091,-3137.378174,2616.361328,1567.752808,-3159.785156,,,,,,,,,,,,,,,,,,,,,,,,,,,,,,,,,
675,6.750000,0.000000,0.000000,0.000000,1.000000,0.000000,0.000000,0.000000,57.698101,20.499701,-14.700500,0.047771,-0.013570,0.015998,-15.666301,-52.738201,18.801300,-93.396698,0.129960,17.611099,-0.314220,-0.345631,-0.591508,0.657208,2421.470459,1478.065308,-3140.689941,2428.886963,1398.559937,-3156.285889,2416.434814,1523.160400,-3168.181152,2428.510498,1426.739014,-3100.752197,2412.049561,1563.801880,-3137.539795,2428.784668,1398.802979,-3156.045410,2416.535400,1523.316162,-3168.227539,2428.631348,1426.251709,-3100.852783,2411.950928,1563.808594,-3137.625000,2616.343994,1567.759888,-3159.827637,,,,,,,,,,,,,,,,,,,,,,,,,,,,,,,,,
676,6.760000,0.000000,0.000000,0.000000,1.000000,0.000000,0.000000,0.000000,57.698101,20.499701,-14.700500,0.047771,-0.013570,0.015998,-15.666301,-52.738201,18.801300,-93.396698,0.129960,17.611099,-0.312671,-0.346114,-0.591619,0.657593,2421.386719,1478.059814,-3140.940674,2428.972412,1398.594971,-3156.661621,2416.337402,1523.195435,-3168.363037,2428.422363,1426.674194,-3101.078613,2411.814209,1563.774658,-3137.659668,2428.988525,1398.900879,-3156.448486,2416.278076,1523.285400,-3168.362549,2428.444336,1426.117920,-3101.148438,2411.846191,1563.829956,-3137.787354,2616.345947,1567.761597,-3159.855225,,,,,,,,,,,,,,,,,,,,,,,,,,,,,,,,,
677,6.770000,0.000000,0.000000,0.000000,1.000000,0.000000,0.000000,0.000000,57.698101,20.499701,-14.700500,0.047771,-0.013570,0.015998,-15.666301,-52.738201,18.801300,-93.396698,0.129960,17.611099,-0.313052,-0.345222,-0.591669,0.657836,2421.132324,1478.138062,-3141.120850,2428.642822,1398.680420,-3156.914062,2416.061768,1523.297119,-3168.500977,2428.207520,1426.718750,-3101.309326,2411.616943,1563.856201,-3137.759277,2428.648682,1398.839966,-3156.711670,2416.027832,1523.423096,-3168.520752,2428.241455,1426.240601,-3101.401611,2411.620361,1563.948608,-3137.852783,2616.322510,1567.750122,-3159.867188,,,,,,,,,,,,,,,,,,,,,,,,,,,,,,,,,
678,6.780000,0.000000,0.000000,0.000000,1.000000,0.000000,0.000000,0.000000,57.698101,20.499701,-14.700500,0.047771,-0.013570,0.015998,-15.666301,-52.738201,18.801300,-93.396698,0.129960,17.611099,-0.313278,-0.344399,-0.591674,0.658155,2420.792969,1478.339722,-3141.271240,2428.254883,1398.893677,-3157.146240,2415.693359,1523.524292,-3168.603760,2427.915039,1426.883179,-3101.516113,2411.308838,1564.057739,-3137.819580,2428.267578,1398.969971,-3156.997559,2415.661133,1523.633057,-3168.612061,2427.937744,1426.522705,-3101.583984,2411.310791,1564.174438,-3137.899414,2616.309814,1567.744141,-3159.887451,,,,,,,,,,,,,,,,,,,,,,,,,,,,,,,,,
679,6.790000,0.000000,0.000000,0.000000,1.000000,0.000000,0.000000,0.000000,57.698101,20.499701,-14.700500,0.047771,-0.013570,0.015998,-15.666301,-52.738201,18.801300,-93.396698,0.129960,17.611099,-0.313444,-0.343727,-0.591447,0.658632,2420.417969,1478.675537,-3141.411133,2427.881348,1399.243530,-3157.354248,2415.261230,1523.877930,-3168.702881,2427.618408,1427.192749,-3101.703857,2410.911133,1564.387939,-3137.883057,2427.876709,1399.284058,-3157.252441,2415.259033,1523.952637,-3168.716309,2427.642578,1426.979614,-3101.751953,2410.895752,1564.463867,-3137.925781,2616.344482,1567.756958,-3159.878906,,,,,,,,,,,,,,,,,,,,,,,,,,,,,,,,,
680,6.800000,0.000000,0.000000,0.000000,1.000000,0.000000,0.000000,0.000000,57.698101,20.499701,-14.700500,0.047771,-0.013570,0.015998,-15.666301,-52.738201,18.801300,-93.396698,0.129960,17.611099,-0.313256,-0.343251,-0.591158,0.659228,2419.988037,1479.080688,-3141.541748,2427.508057,1399.671265,-3157.570801,2414.762451,1524.305298,-3168.783936,2427.275391,1427.565552,-3101.892578,2410.405762,1564.780884,-3137.919434,2427.517822,1399.702271,-3157.482178,2414.748047,1524.316772,-3168.793457,2427.277344,1427.449829,-3101.961670,2410.409180,1564.848022,-3137.930420,2616.330811,1567.710815,-3159.873291,,,,,,,,,,,,,,,,,,,,,,,,,,,,,,,,,
681,6.810000,0.000000,0.000000,0.000000,1.000000,0.000000,0.000000,0.000000,57.698101,20.499701,-14.700500,0.047771,-0.013570,0.015998,-15.666301,-52.738201,18.801300,-93.396698,0.129960,17.611099,-0.313375,-0.342871,-0.592026,0.658591,2419.521729,1479.513794,-3141.643066,2426.871338,1400.095703,-3157.708740,2414.405762,1524.763184,-3168.864746,2426.681641,1427.963257,-3102.016357,2410.128662,1565.233154,-3137.982178,2426.680176,1400.108643,-3157.623291,2414.718506,1524.796143,-3168.940186,2426.832764,1427.866943,-3102.062988,2409.865479,1565.290283,-3137.948730,2616.313232,1567.741821,-3159.867188,,,,,,,,,,,,,,,,,,,,,,,,,,,,,,,,,
682,6.820000,0.000000,0.000000,0.000000,1.000000,0.000000,0.000000,0.000000,57.698101,20.499701,-14.700500,0.047771,-0.013570,0.015998,-15.666301,-52.738201,18.801300,-93.396698,0.129960,17.611099,-0.315369,-0.341150,-0.591307,0.659178,2418.850830,1479.914917,-3141.722900,2426.048340,1400.479614,-3157.771484,2413.622070,1525.149048,-3168.948730,2426.186035,1428.386841,-3102.099365,2409.546875,1565.644409,-3138.072021,2425.866455,1400.610107,-3157.661621,2413.891602,1525.118164,-3169.006104,2426.321289,1428.267700,-3102.167236,2409.327393,1565.667725,-3138.054443,2616.300781,1567.733643,-3159.856934,,,,,,,,,,,,,,,,,,,,,,,,,,,,,,,,,
683,6.830000,0.000000,0.000000,0.000000,1.000000,0.000000,0.000000,0.000000,57.698101,20.499701,-14.700500,0.047771,-0.013570,0.015998,-15.666301,-52.738201,18.801300,-93.396698,0.129960,17.611099,-0.313657,-0.342702,-0.592691,0.657946,2418.075684,1480.260376,-3141.822998,2425.275879,1400.826172,-3157.876709,2413.055664,1525.516357,-3169.051758,2425.123291,1428.700806,-3102.187988,2408.847656,1565.998169,-3138.175293,2425.162842,1401.055420,-3157.634521,2413.176758,1525.638794,-3169.081299,2425.232178,1428.343018,-3102.322021,2408.737549,1565.975708,-3138.244141,2616.256592,1567.750977,-3159.841064,,,,,,,,,,,,,,,,,,,,,,,,,,,,,,,,,
684,6.840000,0.000000,0.000000,0.000000,1.000000,0.000000,0.000000,0.000000,57.698101,20.499701,-14.700500,0.047771,-0.013570,0.015998,-15.666301,-52.738201,18.801300,-93.396698,0.129960,17.611099,-0.313710,-0.343470,-0.592378,0.657802,2417.512939,1480.631958,-3141.911377,2424.781250,1401.182251,-3157.856934,2412.485107,1525.849487,-3169.202393,2424.562256,1429.128174,-3102.204346,2408.222900,1566.368164,-3138.381592,2424.663574,1401.386475,-3157.592041,2412.614502,1526.042969,-3169.224365,2424.681885,1428.743164,-3102.356689,2408.105469,1566.317871,-3138.468750,2616.280762,1567.729248,-3159.809082,,,,,,,,,,,,,,,,,,,,,,,,,,,,,,,,,
685,6.850000,0.000000,0.000000,0.000000,1.000000,0.000000,0.000000,0.000000,57.698101,20.499701,-14.700500,0.047771,-0.013570,0.015998,-15.666301,-52.738201,18.801300,-93.396698,0.129960,17.611099,-0.314312,-0.343642,-0.591451,0.658258,2416.999756,1481.055664,-3142.038330,2424.361816,1401.595093,-3157.886963,2411.868652,1526.229004,-3169.383301,2424.178955,1429.615723,-3102.271729,2407.590088,1566.782837,-3138.611084,2424.237549,1401.781738,-3157.622314,2412.011230,1526.437012,-3169.443359,2424.308350,1429.220703,-3102.411865,2407.462402,1566.743408,-3138.674316,2616.302002,1567.729492,-3159.768555,,,,,,,,,,,,,,,,,,,,,,,,,,,,,,,,,
686,6.860000,0.000000,0.000000,0.000000,1.000000,0.000000,0.000000,0.000000,57.698101,20.499701,-14.700500,0.047771,-0.013570,0.015998,-15.666301,-52.738201,18.801300,-93.396698,0.129960,17.611099,-0.311546,-0.346997,-0.590689,0.658497,2416.593506,1481.623657,-3142.183838,2424.487549,1402.192627,-3157.923096,2411.416016,1526.750610,-3169.596680,2423.764404,1430.249634,-3102.330566,2406.706055,1567.302124,-3138.884521,2424.465820,1402.447388,-3157.764648,2411.408691,1526.816040,-3169.621826,2423.801025,1429.899658,-3102.371582,2406.702881,1567.302734,-3138.958008,2616.241211,1567.699951,-3159.739258,,,,,,,,,,,,,,,,,,,,,,,,,,,,,,,,,
687,6.870000,0.000000,0.000000,0.000000,1.000000,0.000000,0.000000,0.000000,57.698101,20.499701,-14.700500,0.047771,-0.013570,0.015998,-15.666301,-52.738201,18.801300,-93.396698,0.129960,17.611099,-0.311037,-0.349420,-0.590251,0.657849,2415.949707,1482.160767,-3142.343262,2424.038818,1402.697754,-3157.820557,2410.805908,1527.199341,-3169.907227,2423.048096,1430.914673,-3102.312988,2405.906494,1567.831787,-3139.332031,2423.968750,1402.762573,-3157.729980,2410.900146,1527.238770,-3169.935791,2423.119385,1430.732910,-3102.352051,2405.813965,1567.897949,-3139.357422,2616.230225,1567.748657,-3159.713135,,,,,,,,,,,,,,,,,,,,,,,,,,,,,,,,,
688,6.880000,0.000000,0.000000,0.000000,1.000000,0.000000,0.000000,0.000000,57.698101,20.499701,-14.700500,0.047771,-0.013570,0.015998,-15.666301,-52.738201,18.801300,-93.396698,0.129960,17.611099,-0.312193,-0.349655,-0.590041,0.657365,2415.166992,1482.694824,-3142.626709,2423.166992,1403.189575,-3157.932373,2410.042969,1527.676392,-3170.287598,2422.250244,1431.531860,-3102.487549,2405.208252,1568.381958,-3139.799561,2423.017090,1403.240845,-3157.846680,2410.276855,1527.666748,-3170.323730,2422.361084,1431.480225,-3102.558838,2405.017334,1568.393311,-3139.776123,2616.213379,1567.760132,-3159.692383,,,,,,,,,,,,,,,,,,,,,,,,,,,,,,,,,
689,6.890000,0.000000,0.000000,0.000000,1.000000,0.000000,0.000000,0.000000,57.698101,20.499701,-14.700500,0.047771,-0.013570,0.015998,-15.666301,-52.738201,18.801300,-93.396698,0.129960,17.611099,-0.313435,-0.350192,-0.589815,0.656690,2414.304199,1483.254761,-3142.971680,2422.215576,1403.698120,-3158.054443,2409.214844,1528.162598,-3170.758301,2421.351807,1432.198975,-3102.690186,2404.435059,1568.959839,-3140.384277,2422.080078,1403.730347,-3157.986816,2409.431396,1528.134033,-3170.760010,2421.439453,1432.295532,-3102.800781,2404.271484,1568.856079,-3140.339600,2616.248047,1567.800659,-3159.663574,,,,,,,,,,,,,,,,,,,,,,,,,,,,,,,,,
690,6.900000,0.000000,0.000000,0.000000,1.000000,0.000000,0.000000,0.000000,57.698101,20.499701,-14.700500,0.047771,-0.013570,0.015998,-15.666301,-52.738201,18.801300,-93.396698,0.129960,17.611099,-0.311675,-0.352547,-0.591730,0.654542,2413.289795,1483.564575,-3143.358398,2421.133057,1403.982422,-3158.341309,2408.524170,1528.470825,-3171.205078,2419.900391,1432.511841,-3102.999023,2403.601318,1569.293701,-3140.888184,2421.023682,1404.079712,-3158.168701,2408.666016,1528.616943,-3171.254150,2419.999023,1432.304443,-3103.093506,2403.480713,1569.254639,-3140.916748,2616.228516,1567.749268,-3159.641113,,,,,,,,,,,,,,,,,,,,,,,,,,,,,,,,,
691,6.910000,0.000000,0.000000,0.000000,1.000000,0.000000,0.000000,0.000000,57.698101,20.499701,-14.700500,0.047771,-0.013570,0.015998,-15.666301,-52.738201,18.801300,-93.396698,0.129960,17.611099,-0.313122,-0.352020,-0.590835,0.654943,2412.575439,1483.929688,-3143.838623,2420.394287,1404.324951,-3158.715576,2407.706055,1528.788330,-3171.743652,2419.332275,1432.945557,-3103.416504,2402.869141,1569.659790,-3141.478516,2420.285156,1404.429443,-3158.488525,2407.839600,1528.994141,-3171.807861,2419.436768,1432.683350,-3103.545654,2402.754639,1569.605835,-3141.511475,2616.272217,1567.775879,-3159.619873,,,,,,,,,,,,,,,,,,,,,,,,,,,,,,,,,
692,6.920000,0.000000,0.000000,0.000000,1.000000,0.000000,0.000000,0.000000,57.698101,20.499701,-14.700500,0.047771,-0.013570,0.015998,-15.666301,-52.738201,18.801300,-93.396698,0.129960,17.611099,-0.312678,-0.352536,-0.590142,0.655502,2411.879150,1484.262207,-3144.436523,2419.878662,1404.672607,-3159.297363,2406.921387,1529.105591,-3172.350830,2418.733154,1433.299805,-3104.003662,2401.982910,1569.971191,-3142.094482,2419.780762,1404.788574,-3159.115723,2407.037109,1529.293945,-3172.358398,2418.845703,1432.951294,-3104.087158,2401.872070,1569.974731,-3142.187988,2616.247559,1567.787598,-3159.609375,,,,,,,,,,,,,,,,,,,,,,,,,,,,,,,,,
693,6.930000,0.000000,0.000000,0.000000,1.000000,0.000000,0.000000,0.000000,57.698101,20.499701,-14.700500,0.047771,-0.013570,0.015998,-15.666301,-52.738201,18.801300,-93.396698,0.129960,17.611099,-0.312469,-0.352799,-0.589841,0.655731,2411.110107,1484.658081,-3145.103027,2419.191162,1405.074829,-3159.953369,2406.115234,1529.493530,-3173.023193,2418.004395,1433.706787,-3104.662842,2401.129639,1570.357666,-3142.772217,2419.099121,1405.153076,-3159.827881,2406.233887,1529.592651,-3173.040527,2418.101562,1433.453735,-3104.716797,2401.014648,1570.410156,-3142.829102,2616.265869,1567.748169,-3159.613037,,,,,,,,,,,,,,,,,,,,,,,,,,,,,,,,,
694,6.940000,0.000000,0.000000,0.000000,1.000000,0.000000,0.000000,0.000000,57.698101,20.499701,-14.700500,0.047771,-0.013570,0.015998,-15.666301,-52.738201,18.801300,-93.396698,0.129960,17.611099,-0.310079,-0.355315,-0.589851,0.655498,2410.309082,1485.079468,-3145.853760,2418.719727,1405.521118,-3160.654541,2405.356934,1529.901001,-3173.803955,2417.100098,1434.147339,-3105.372070,2400.059814,1570.748901,-3143.584229,2418.668457,1405.581787,-3160.587158,2405.430176,1529.868408,-3173.794434,2417.145508,1434.046753,-3105.429688,2399.991211,1570.819946,-3143.604980,2616.285645,1567.765991,-3159.623535,,,,,,,,,,,,,,,,,,,,,,,,,,,,,,,,,
695,6.950000,0.000000,0.000000,0.000000,1.000000,0.000000,0.000000,0.000000,57.698101,20.499701,-14.700500,0.047771,-0.013570,0.015998,-15.666301,-52.738201,18.801300,-93.396698,0.129960,17.611099,-0.309348,-0.355365,-0.590641,0.655106,2409.260498,1485.458374,-3146.690918,2417.620850,1405.910156,-3161.574219,2404.398193,1530.318481,-3174.594971,2415.934570,1434.470581,-3106.259766,2399.088379,1571.134521,-3144.334229,2417.579346,1405.890259,-3161.561523,2404.481934,1530.224243,-3174.594482,2415.960938,1434.533813,-3106.316406,2399.023682,1571.183105,-3144.291260,2616.279541,1567.737915,-3159.647705,,,,,,,,,,,,,,,,,,,,,,,,,,,,,,,,,
696,6.960000,0.000000,0.000000,0.000000,1.000000,0.000000,0.000000,0.000000,57.698101,20.499701,-14.700500,0.047771,-0.013570,0.015998,-15.666301,-52.738201,18.801300,-93.396698,0.129960,17.611099,-0.307156,-0.356791,-0.593153,0.653089,2408.014648,1485.728760,-3147.583740,2416.228760,1406.179443,-3162.542480,2403.504883,1530.652100,-3175.445312,2414.222656,1434.650391,-3107.192871,2398.101807,1571.433350,-3145.154297,2416.240234,1406.247803,-3162.462158,2403.475830,1530.693115,-3175.445801,2414.220459,1434.535156,-3107.240967,2398.122070,1571.434326,-3145.185059,2616.316406,1567.732056,-3159.663086,,,,,,,,,,,,,,,,,,,,,,,,,,,,,,,,,
697,6.970000,0.000000,0.000000,0.000000,1.000000,0.000000,0.000000,0.000000,57.698101,20.499701,-14.700500,0.047771,-0.013570,0.015998,-15.666301,-52.738201,18.801300,-93.396698,0.129960,17.611099,-0.307285,-0.356326,-0.593603,0.652873,2406.964111,1485.980713,-3148.473877,2415.076172,1406.430054,-3163.480957,2402.500244,1530.925537,-3176.308105,2413.123047,1434.871704,-3108.114258,2397.156738,1571.696045,-3145.992188,2415.083252,1406.554077,-3163.413086,2402.453857,1531.074951,-3176.392822,2413.129639,1434.665894,-3108.068115,2397.187500,1571.624634,-3146.020752,2616.328857,1567.774902,-3159.681152,,,,,,,,,,,,,,,,,,,,,,,,,,,,,,,,,
698,6.980000,0.000000,0.000000,0.000000,1.000000,0.000000,0.000000,0.000000,57.698101,20.499701,-14.700500,0.047771,-0.013570,0.015998,-15.666301,-52.738201,18.801300,-93.396698,0.129960,17.611099,-0.306114,-0.356204,-0.593502,0.653581,2406.132080,1486.114258,-3149.545654,2414.392090,1406.608521,-3164.709229,2401.608643,1531.107910,-3177.291504,2412.352783,1434.933960,-3109.285889,2396.174561,1571.807129,-3146.895996,2414.412842,1406.694092,-3164.640381,2401.537842,1531.297485,-3177.344482,2412.353760,1434.694580,-3109.240234,2396.216309,1571.762939,-3146.955078,2616.323730,1567.742554,-3159.727783,,,,,,,,,,,,,,,,,,,,,,,,,,,,,,,,,
699,6.990000,0.000000,0.000000,0.000000,1.000000,0.000000,0.000000,0.000000,57.698101,20.499701,-14.700500,0.047771,-0.013570,0.015998,-15.666301,-52.738201,18.801300,-93.396698,0.129960,17.611099,-0.305742,-0.355190,-0.593213,0.654569,2405.282471,1486.236328,-3150.697754,2413.610352,1406.772217,-3166.041748,2400.656494,1531.282349,-3178.341309,2411.635498,1434.979492,-3110.556152,2395.227539,1571.911621,-3147.851562,2413.570801,1406.870605,-3165.895264,2400.681641,1531.485718,-3178.403809,2411.711914,1434.539307,-3110.559326,2395.182373,1571.975098,-3147.929932,2616.373535,1567.769775,-3159.768555,,,,,,,,,,,,,,,,,,,,,,,,,,,,,,,,,
700,7.000000,0.000000,0.000000,0.000000,1.000000,0.000000,0.000000,0.000000,57.698101,20.499701,-14.700500,0.047771,-0.013570,0.015998,-15.666301,-52.738201,18.801300,-93.396698,0.129960,17.611099,-0.306058,-0.354140,-0.592431,0.655697,2404.399658,1486.382568,-3151.872559,2412.799805,1406.945923,-3167.319092,2399.622559,1531.448242,-3179.458496,2410.950684,1435.096680,-3111.800293,2394.225342,1572.039795,-3148.912598,2412.677734,1407.071533,-3167.092773,2399.768799,1531.601685,-3179.539307,2411.107422,1434.592896,-3111.900879,2394.075195,1572.161621,-3148.968750,2616.355957,1567.745239,-3159.794922,,,,,,,,,,,,,,,,,,,,,,,,,,,,,,,,,
701,7.010000,0.000000,0.000000,0.000000,1.000000,0.000000,0.000000,0.000000,57.698101,20.499701,-14.700500,0.047771,-0.013570,0.015998,-15.666301,-52.738201,18.801300,-93.396698,0.129960,17.611099,-0.307056,-0.353366,-0.591574,0.656421,2403.439453,1486.587891,-3153.066162,2411.853271,1407.149292,-3168.495605,2398.537109,1531.634277,-3180.661377,2410.161377,1435.329590,-3112.986572,2393.206055,1572.238647,-3150.121094,2411.674316,1407.289307,-3168.314209,2398.775879,1531.719482,-3180.718994,2410.347900,1434.929321,-3113.062744,2392.980713,1572.361816,-3150.174561,2616.343018,1567.731445,-3159.820312,,,,,,,,,,,,,,,,,,,,,,,,,,,,,,,,,
702,7.020000,0.000000,0.000000,0.000000,1.000000,0.000000,0.000000,0.000000,57.698101,20.499701,-14.700500,0.047771,-0.013570,0.015998,-15.666301,-52.738201,18.801300,-93.396698,0.129960,17.611099,-0.307959,-0.353301,-0.591341,0.656243,2402.421875,1486.685913,-3154.264648,2410.771484,1407.221191,-3169.593994,2397.513428,1531.696899,-3181.916504,2409.160889,1435.479004,-3114.122070,2392.241943,1572.346558,-3151.426025,2410.579102,1407.383667,-3169.481201,2397.779785,1531.710571,-3181.983887,2409.322266,1435.241699,-3114.150146,2392.015137,1572.402710,-3151.442871,2616.358398,1567.751587,-3159.846680,,,,,,,,,,,,,,,,,,,,,,,,,,,,,,,,,
703,7.030000,0.000000,0.000000,0.000000,1.000000,0.000000,0.000000,0.000000,57.698101,20.499701,-14.700500,0.047771,-0.013570,0.015998,-15.666301,-52.738201,18.801300,-93.396698,0.129960,17.611099,-0.307761,-0.354312,-0.592341,0.654888,2401.541260,1486.796509,-3155.537109,2409.767578,1407.297729,-3170.756104,2396.816162,1531.788452,-3183.251953,2408.044189,1435.618164,-3115.319580,2391.536865,1572.481812,-3152.821045,2409.461182,1407.468994,-3170.604248,2397.276367,1531.841064,-3183.383789,2408.268066,1435.443848,-3115.377686,2391.173096,1572.445557,-3152.786377,2616.362793,1567.744141,-3159.862061,,,,,,,,,,,,,,,,,,,,,,,,,,,,,,,,,
704,7.040000,0.000000,0.000000,0.000000,1.000000,0.000000,0.000000,0.000000,57.698101,20.499701,-14.700500,0.047771,-0.013570,0.015998,-15.666301,-52.738201,18.801300,-93.396698,0.129960,17.611099,-0.304949,-0.357611,-0.593980,0.652923,2400.358398,1486.735596,-3156.864746,2408.701172,1407.229004,-3171.978516,2395.932861,1531.722046,-3184.637451,2406.433350,1435.565308,-3116.569824,2390.365967,1572.426147,-3154.272461,2408.600098,1407.450317,-3171.801025,2396.043457,1531.701904,-3184.698486,2406.506104,1435.392578,-3116.681152,2390.279297,1572.414062,-3154.262451,2616.342285,1567.707275,-3159.866699,,,,,,,,,,,,,,,,,,,,,,,,,,,,,,,,,
705,7.050000,0.000000,0.000000,0.000000,1.000000,0.000000,0.000000,0.000000,57.698101,20.499701,-14.700500,0.047771,-0.013570,0.015998,-15.666301,-52.738201,18.801300,-93.396698,0.129960,17.611099,-0.305774,-0.358191,-0.593244,0.652888,2399.448975,1486.726562,-3158.071045,2407.836426,1407.190796,-3173.006348,2394.974609,1531.645508,-3185.945068,2405.584717,1435.653931,-3117.661621,2389.399658,1572.416016,-3155.670898,2407.805420,1407.322510,-3172.881836,2394.984863,1531.785156,-3185.993164,2405.620605,1435.443481,-3117.693115,2389.386230,1572.351196,-3155.711914,2616.310059,1567.707520,-3159.870117,,,,,,,,,,,,,,,,,,,,,,,,,,,,,,,,,
706,7.060000,0.000000,0.000000,0.000000,1.000000,0.000000,0.000000,0.000000,57.698101,20.499701,-14.700500,0.047771,-0.013570,0.015998,-15.666301,-52.738201,18.801300,-93.396698,0.129960,17.611099,-0.306615,-0.358371,-0.592728,0.652864,2398.664307,1486.670288,-3159.320801,2407.048340,1407.110596,-3174.129883,2394.153320,1531.541382,-3187.266357,2404.851074,1435.667114,-3118.831543,2388.604492,1572.362183,-3157.055420,2407.030273,1407.231812,-3173.952881,2394.140625,1531.733765,-3187.291016,2404.893311,1435.318604,-3118.900879,2388.597656,1572.356323,-3157.136963,2616.316895,1567.761719,-3159.879150,,,,,,,,,,,,,,,,,,,,,,,,,,,,,,,,,
707,7.070000,0.000000,0.000000,0.000000,1.000000,0.000000,0.000000,0.000000,57.698101,20.499701,-14.700500,0.047771,-0.013570,0.015998,-15.666301,-52.738201,18.801300,-93.396698,0.129960,17.611099,-0.305206,-0.360541,-0.592293,0.652724,2397.944092,1486.671265,-3160.596191,2406.610352,1407.118286,-3175.278320,2393.431885,1531.498291,-3188.611816,2404.094971,1435.730835,-3120.022461,2387.639893,1572.337769,-3158.471680,2406.657471,1407.363525,-3175.110107,2393.315674,1531.628418,-3188.637207,2404.083740,1435.274658,-3120.044922,2387.720459,1572.351074,-3158.577881,2616.324951,1567.715210,-3159.856934,,,,,,,,,,,,,,,,,,,,,,,,,,,,,,,,,
708,7.080000,0.000000,0.000000,0.000000,1.000000,0.000000,0.000000,0.000000,57.698101,20.499701,-14.700500,0.047771,-0.013570,0.015998,-15.666301,-52.738201,18.801300,-93.396698,0.129960,17.611099,-0.305916,-0.361595,-0.591793,0.652262,2397.108154,1486.618652,-3161.809326,2405.801270,1407.026611,-3176.262451,2392.600830,1531.365479,-3189.953857,2403.248047,1435.794312,-3121.088623,2386.782227,1572.288452,-3159.931885,2405.798584,1407.108032,-3176.085449,2392.573975,1531.529419,-3189.962646,2403.282471,1435.445923,-3121.177002,2386.782959,1572.340454,-3160.014893,2616.297363,1567.730591,-3159.842041,,,,,,,,,,,,,,,,,,,,,,,,,,,,,,,,,
709,7.090000,0.000000,0.000000,0.000000,1.000000,0.000000,0.000000,0.000000,57.698101,20.499701,-14.700500,0.047771,-0.013570,0.015998,-15.666301,-52.738201,18.801300,-93.396698,0.129960,17.611099,-0.306111,-0.363141,-0.591895,0.651219,2396.314941,1486.621460,-3163.038818,2405.000488,1406.986694,-3177.258545,2391.906250,1531.296143,-3191.313232,2402.320068,1435.901733,-3122.167725,2386.032715,1572.301636,-3161.415039,2404.982666,1407.012329,-3177.143555,2391.915283,1531.419312,-3191.314941,2402.361572,1435.644897,-3122.216309,2386.004395,1572.381226,-3161.485107,2616.291016,1567.734253,-3159.828857,,,,,,,,,,,,,,,,,,,,,,,,,,,,,,,,,
710,7.100000,0.000000,0.000000,0.000000,1.000000,0.000000,0.000000,0.000000,57.698101,20.499701,-14.700500,0.047771,-0.013570,0.015998,-15.666301,-52.738201,18.801300,-93.396698,0.129960,17.611099,-0.306595,-0.364168,-0.593103,0.649315,2395.359131,1486.637329,-3164.276855,2403.802734,1406.942017,-3178.301758,2391.190674,1531.266846,-3192.658936,2401.066162,1435.984131,-3123.281006,2385.376953,1572.356689,-3162.865479,2403.745605,1406.912842,-3178.238770,2391.282471,1531.275146,-3192.648926,2401.108154,1436.014038,-3123.371582,2385.301270,1572.348389,-3162.849121,2616.301758,1567.723999,-3159.793457,,,,,,,,,,,,,,,,,,,,,,,,,,,,,,,,,
711,7.110000,0.000000,0.000000,0.000000,1.000000,0.000000,0.000000,0.000000,57.698101,20.499701,-14.700500,0.047771,-0.013570,0.015998,-15.666301,-52.738201,18.801300,-93.396698,0.129960,17.611099,-0.303946,-0.367499,-0.596429,0.645627,2394.212402,1486.517944,-3165.533936,2402.449951,1406.778198,-3179.429199,2390.601318,1531.155762,-3193.979248,2399.179932,1435.854004,-3124.455322,2384.618652,1572.283936,-3164.271973,2402.409424,1406.930908,-3179.375000,2390.644043,1531.095825,-3193.995850,2399.210205,1435.734497,-3124.476562,2384.585449,1572.316406,-3164.285400,2616.251953,1567.754883,-3159.778320,,,,,,,,,,,,,,,,,,,,,,,,,,,,,,,,,
712,7.120000,0.000000,0.000000,0.000000,1.000000,0.000000,0.000000,0.000000,57.698101,20.499701,-14.700500,0.047771,-0.013570,0.015998,-15.666301,-52.738201,18.801300,-93.396698,0.129960,17.611099,-0.303007,-0.369498,-0.598496,0.643009,2393.294189,1486.442871,-3166.738281,2401.316406,1406.654419,-3180.478271,2390.052490,1531.058716,-3195.262695,2397.781494,1435.811768,-3125.564209,2384.025879,1572.247192,-3165.647705,2401.275635,1406.853882,-3180.501465,2390.093994,1530.982056,-3195.328857,2397.806396,1435.703979,-3125.481934,2384.000244,1572.244263,-3165.641357,2616.257568,1567.747314,-3159.753418,,,,,,,,,,,,,,,,,,,,,,,,,,,,,,,,,
713,7.130000,0.000000,0.000000,0.000000,1.000000,0.000000,0.000000,0.000000,57.698101,20.499701,-14.700500,0.047771,-0.013570,0.015998,-15.666301,-52.738201,18.801300,-93.396698,0.129960,17.611099,-0.302885,-0.369649,-0.599552,0.641996,2392.583984,1486.278687,-3168.021484,2400.439697,1406.473267,-3181.759277,2389.498535,1530.906006,-3196.544922,2396.879395,1435.630981,-3126.846680,2383.518799,1572.104614,-3166.934570,2400.415771,1406.660889,-3181.791748,2389.519043,1530.835205,-3196.647705,2396.895264,1435.495239,-3126.731445,2383.506836,1572.125366,-3166.913574,2616.265137,1567.740234,-3159.712646,,,,,,,,,,,,,,,,,,,,,,,,,,,,,,,,,
714,7.140000,0.000000,0.000000,0.000000,1.000000,0.000000,0.000000,0.000000,57.698101,20.499701,-14.700500,0.047771,-0.013570,0.015998,-15.666301,-52.738201,18.801300,-93.396698,0.129960,17.611099,-0.301990,-0.369870,-0.600598,0.641312,2391.852539,1486.124268,-3169.347168,2399.633301,1406.325317,-3183.164795,2388.899170,1530.791138,-3197.822754,2395.976074,1435.419800,-3128.225098,2382.901855,1571.961060,-3168.176270,2399.634277,1406.509399,-3183.209229,2388.884766,1530.701172,-3197.860107,2395.974121,1435.288574,-3128.122314,2382.916504,1572.002197,-3168.193115,2616.254639,1567.743530,-3159.671875,,,,,,,,,,,,,,,,,,,,,,,,,,,,,,,,,
715,7.150000,0.000000,0.000000,0.000000,1.000000,0.000000,0.000000,0.000000,57.698101,20.499701,-14.700500,0.047771,-0.013570,0.015998,-15.666301,-52.738201,18.801300,-93.396698,0.129960,17.611099,-0.301543,-0.369565,-0.601446,0.640902,2391.176270,1486.007080,-3170.588379,2398.855957,1406.215332,-3184.503906,2388.314209,1530.715698,-3199.007812,2395.187500,1435.242554,-3129.529541,2382.347656,1571.855103,-3169.312744,2398.858154,1406.295044,-3184.507080,2388.304932,1530.685059,-3199.052734,2395.192139,1435.102051,-3129.467529,2382.350098,1571.939209,-3169.321777,2616.235352,1567.726440,-3159.651611,,,,,,,,,,,,,,,,,,,,,,,,,,,,,,,,,
716,7.160000,0.000000,0.000000,0.000000,1.000000,0.000000,0.000000,0.000000,57.698101,20.499701,-14.700500,0.047771,-0.013570,0.015998,-15.666301,-52.738201,18.801300,-93.396698,0.129960,17.611099,-0.300992,-0.369304,-0.601840,0.640942,2390.488281,1485.936768,-3171.848633,2398.158936,1406.161987,-3185.866455,2387.650635,1530.683838,-3200.209717,2394.466797,1435.116699,-3130.854980,2381.676758,1571.784790,-3170.462891,2398.157471,1406.166992,-3185.790039,2387.642334,1530.781250,-3200.247803,2394.486084,1434.909302,-3130.862061,2381.669189,1571.872070,-3170.496338,2616.245850,1567.768066,-3159.641357,,,,,,,,,,,,,,,,,,,,,,,,,,,,,,,,,
717,7.170000,0.000000,0.000000,0.000000,1.000000,0.000000,0.000000,0.000000,57.698101,20.499701,-14.700500,0.047771,-0.013570,0.015998,-15.666301,-52.738201,18.801300,-93.396698,0.129960,17.611099,-0.300850,-0.368197,-0.602066,0.641434,2389.805420,1485.866821,-3173.015137,2397.434570,1406.118042,-3187.201904,2386.937500,1530.670654,-3201.283447,2393.831299,1434.964600,-3132.128174,2381.017822,1571.714111,-3171.446533,2397.446533,1406.081787,-3187.061523,2386.900391,1530.871094,-3201.314453,2393.850342,1434.665283,-3132.182373,2381.024170,1571.821655,-3171.508789,2616.253906,1567.753052,-3159.636230,,,,,,,,,,,,,,,,,,,,,,,,,,,,,,,,,
718,7.180000,0.000000,0.000000,0.000000,1.000000,0.000000,0.000000,0.000000,57.698101,20.499701,-14.700500,0.047771,-0.013570,0.015998,-15.666301,-52.738201,18.801300,-93.396698,0.129960,17.611099,-0.300032,-0.368295,-0.602698,0.641166,2389.070557,1485.895386,-3174.214600,2396.686035,1406.160645,-3188.487061,2386.271484,1530.735474,-3202.432373,2393.003174,1434.940796,-3133.384033,2380.321045,1571.744873,-3172.554688,2396.679199,1406.172119,-3188.312500,2386.252197,1530.959106,-3202.434082,2393.044678,1434.531494,-3133.461670,2380.311768,1571.857422,-3172.661377,2616.229736,1567.733887,-3159.644043,,,,,,,,,,,,,,,,,,,,,,,,,,,,,,,,,
719,7.190000,0.000000,0.000000,0.000000,1.000000,0.000000,0.000000,0.000000,57.698101,20.499701,-14.700500,0.047771,-0.013570,0.015998,-15.666301,-52.738201,18.801300,-93.396698,0.129960,17.611099,-0.300841,-0.367550,-0.602766,0.641151,2388.328613,1485.956665,-3175.280762,2395.825928,1406.211792,-3189.559814,2385.528076,1530.797119,-3203.497559,2392.279541,1435.001587,-3134.452393,2379.680664,1571.816284,-3173.613281,2395.766113,1406.254517,-3189.351807,2385.585205,1531.074951,-3203.545166,2392.362549,1434.603271,-3134.543457,2379.620850,1571.848267,-3173.690674,2616.266846,1567.763428,-3159.640137,,,,,,,,,,,,,,,,,,,,,,,,,,,,,,,,,
720,7.200000,0.000000,0.000000,0.000000,1.000000,0.000000,0.000000,0.000000,57.698101,20.499701,-14.700500,0.047771,-0.013570,0.015998,-15.666301,-52.738201,18.801300,-93.396698,0.129960,17.611099,-0.301014,-0.367900,-0.603424,0.640249,2387.571533,1486.075928,-3176.344482,2394.939941,1406.307251,-3190.557373,2384.890625,1530.901611,-3204.596436,2391.375244,1435.142456,-3135.475098,2379.080322,1571.952515,-3174.748535,2394.851318,1406.339966,-3190.380127,2384.998535,1531.141113,-3204.613525,2391.469971,1434.855591,-3135.564697,2378.985840,1571.952515,-3174.823242,2616.268799,1567.793213,-3159.645996,,,,,,,,,,,,,,,,,,,,,,,,,,,,,,,,,
721,7.210000,0.000000,0.000000,0.000000,1.000000,0.000000,0.000000,0.000000,57.698101,20.499701,-14.700500,0.047771,-0.013570,0.015998,-15.666301,-52.738201,18.801300,-93.396698,0.129960,17.611099,-0.297172,-0.372063,-0.606772,0.636464,2386.523926,1486.160156,-3177.384277,2393.820557,1406.366821,-3191.495605,2384.418457,1530.996582,-3205.668213,2389.544434,1435.211426,-3136.468994,2378.312500,1572.066040,-3175.904785,2393.795410,1406.481689,-3191.328857,2384.423096,1531.086670,-3205.651611,2389.568359,1435.057373,-3136.596924,2378.308838,1572.012573,-3175.955322,2616.276367,1567.743530,-3159.669434,,,,,,,,,,,,,,,,,,,,,,,,,,,,,,,,,
722,7.220000,0.000000,0.000000,0.000000,1.000000,0.000000,0.000000,0.000000,57.698101,20.499701,-14.700500,0.047771,-0.013570,0.015998,-15.666301,-52.738201,18.801300,-93.396698,0.129960,17.611099,-0.294329,-0.376024,-0.609170,0.633157,2385.651123,1486.221802,-3178.327393,2392.914062,1406.390381,-3192.239014,2384.012451,1531.024170,-3206.695557,2388.032471,1435.322144,-3137.308594,2377.645752,1572.150635,-3177.065674,2392.993164,1406.450073,-3192.265137,2383.883545,1531.064331,-3206.726074,2387.968750,1435.295654,-3137.245605,2377.760254,1572.076904,-3177.073486,2616.321777,1567.753906,-3159.683594,,,,,,,,,,,,,,,,,,,,,,,,,,,,,,,,,
723,7.230000,0.000000,0.000000,0.000000,1.000000,0.000000,0.000000,0.000000,57.698101,20.499701,-14.700500,0.047771,-0.013570,0.015998,-15.666301,-52.738201,18.801300,-93.396698,0.129960,17.611099,-0.292852,-0.377875,-0.610421,0.631534,2384.990234,1486.173462,-3179.334717,2392.229004,1406.326660,-3193.170410,2383.585693,1530.966797,-3207.729980,2387.051758,1435.287231,-3138.281982,2377.094238,1572.113647,-3178.156006,2392.312500,1406.371460,-3193.241943,2383.457275,1531.000732,-3207.773682,2386.983887,1435.230835,-3138.149658,2377.202393,1572.089844,-3178.168945,2616.318359,1567.725830,-3159.708496,,,,,,,,,,,,,,,,,,,,,,,,,,,,,,,,,
724,7.240000,0.000000,0.000000,0.000000,1.000000,0.000000,0.000000,0.000000,57.698101,20.499701,-14.700500,0.047771,-0.013570,0.015998,-15.666301,-52.738201,18.801300,-93.396698,0.129960,17.611099,-0.292274,-0.378755,-0.611682,0.630052,2384.333740,1486.076782,-3180.317627,2391.427734,1406.208862,-3194.106445,2383.143555,1530.865967,-3208.729492,2386.119873,1435.196411,-3139.244873,2376.644287,1572.036377,-3179.189697,2391.484619,1406.205688,-3194.130859,2383.056641,1530.902832,-3208.764160,2386.078857,1435.102783,-3139.167725,2376.712158,1572.093262,-3179.205078,2616.274902,1567.724854,-3159.751465,,,,,,,,,,,,,,,,,,,,,,,,,,,,,,,,,
725,7.250000,0.000000,0.000000,0.000000,1.000000,0.000000,0.000000,0.000000,57.698101,20.499701,-14.700500,0.047771,-0.013570,0.015998,-15.666301,-52.738201,18.801300,-93.396698,0.129960,17.611099,-0.290886,-0.380606,-0.613709,0.627603,2383.633789,1485.982422,-3181.309326,2390.552002,1406.084839,-3195.015625,2382.797363,1530.763306,-3209.746582,2384.955322,1435.113647,-3140.204590,2376.230469,1571.968140,-3180.270020,2390.615723,1406.069092,-3195.049805,2382.701660,1530.830322,-3209.804199,2384.907715,1434.997437,-3140.094238,2376.303467,1572.027832,-3180.282227,2616.300781,1567.699707,-3159.788086,,,,,,,,,,,,,,,,,,,,,,,,,,,,,,,,,
726,7.260000,0.000000,0.000000,0.000000,1.000000,0.000000,0.000000,0.000000,57.698101,20.499701,-14.700500,0.047771,-0.013570,0.015998,-15.666301,-52.738201,18.801300,-93.396698,0.129960,17.611099,-0.290484,-0.380802,-0.615229,0.626180,2383.115967,1485.877075,-3182.338135,2389.812744,1405.965576,-3196.073486,2382.501709,1530.677124,-3210.750977,2384.161621,1434.979980,-3141.260742,2375.987793,1571.885742,-3181.267822,2389.878174,1405.957520,-3196.125244,2382.406738,1530.715698,-3210.794189,2384.112305,1434.855469,-3141.135010,2376.062988,1571.973022,-3181.290527,2616.323486,1567.678345,-3159.807373,,,,,,,,,,,,,,,,,,,,,,,,,,,,,,,,,
727,7.270000,0.000000,0.000000,0.000000,1.000000,0.000000,0.000000,0.000000,57.698101,20.499701,-14.700500,0.047771,-0.013570,0.015998,-15.666301,-52.738201,18.801300,-93.396698,0.129960,17.611099,-0.290339,-0.380599,-0.616679,0.624943,2382.696533,1485.751831,-3183.395752,2389.149658,1405.829712,-3197.185303,2382.280518,1530.576782,-3211.772949,2383.501953,1434.818115,-3142.358398,2375.854248,1571.782959,-3182.266846,2389.176025,1405.808838,-3197.178467,2382.239258,1530.622925,-3211.799561,2383.487549,1434.678955,-3142.310059,2375.883057,1571.892578,-3182.293213,2616.293701,1567.702759,-3159.844482,,,,,,,,,,,,,,,,,,,,,,,,,,,,,,,,,
728,7.280000,0.000000,0.000000,0.000000,1.000000,0.000000,0.000000,0.000000,57.698101,20.499701,-14.700500,0.047771,-0.013570,0.015998,-15.666301,-52.738201,18.801300,-93.396698,0.129960,17.611099,-0.289655,-0.380587,-0.618406,0.623560,2382.382080,1485.659790,-3184.585938,2388.607178,1405.735474,-3198.467529,2382.197998,1530.525024,-3212.902100,2382.898682,1434.667358,-3143.616943,2375.824707,1571.711792,-3183.357666,2388.626953,1405.684692,-3198.425049,2382.167236,1530.576416,-3212.924316,2382.893799,1434.485474,-3143.607422,2375.840820,1571.892578,-3183.389160,2616.337891,1567.747192,-3159.863281,,,,,,,,,,,,,,,,,,,,,,,,,,,,,,,,,
729,7.290000,0.000000,0.000000,0.000000,1.000000,0.000000,0.000000,0.000000,57.698101,20.499701,-14.700500,0.047771,-0.013570,0.015998,-15.666301,-52.738201,18.801300,-93.396698,0.129960,17.611099,-0.288960,-0.380596,-0.619969,0.622324,2382.124268,1485.528442,-3185.724121,2388.151855,1405.604614,-3199.695068,2382.149170,1530.431396,-3213.980713,2382.379150,1434.480469,-3144.821533,2375.816650,1571.597656,-3184.398682,2388.158447,1405.551880,-3199.591553,2382.130371,1530.533447,-3214.024902,2382.386475,1434.268921,-3144.864258,2375.821777,1571.746826,-3184.418701,2616.348145,1567.733643,-3159.882812,,,,,,,,,,,,,,,,,,,,,,,,,,,,,,,,,
730,7.300000,0.000000,0.000000,0.000000,1.000000,0.000000,0.000000,0.000000,57.698101,20.499701,-14.700500,0.047771,-0.013570,0.015998,-15.666301,-52.738201,18.801300,-93.396698,0.129960,17.611099,-0.288377,-0.380493,-0.621673,0.620956,2381.965332,1485.458984,-3186.954102,2387.755371,1405.533936,-3201.018311,2382.218506,1530.399780,-3215.149170,2381.937744,1434.354858,-3146.120850,2375.949951,1571.547363,-3185.527832,2387.769775,1405.517578,-3200.956299,2382.187012,1530.468628,-3215.154541,2381.935791,1434.155151,-3146.131348,2375.970215,1571.682983,-3185.578857,2616.329102,1567.728516,-3159.896484,,,,,,,,,,,,,,,,,,,,,,,,,,,,,,,,,
731,7.310000,0.000000,0.000000,0.000000,1.000000,0.000000,0.000000,0.000000,57.698101,20.499701,-14.700500,0.047771,-0.013570,0.015998,-15.666301,-52.738201,18.801300,-93.396698,0.129960,17.611099,-0.287757,-0.380656,-0.622986,0.619826,2381.889648,1485.409180,-3188.172119,2387.518799,1405.482910,-3202.294678,2382.326660,1530.374878,-3216.325195,2381.629883,1434.268066,-3147.385986,2376.083008,1571.510864,-3186.682373,2387.524902,1405.453003,-3202.190674,2382.304443,1530.457031,-3216.336914,2381.635986,1434.070801,-3147.446045,2376.093750,1571.642212,-3186.719727,2616.314697,1567.727905,-3159.895264,,,,,,,,,,,,,,,,,,,,,,,,,,,,,,,,,
732,7.320000,0.000000,0.000000,0.000000,1.000000,0.000000,0.000000,0.000000,57.698101,20.499701,-14.700500,0.047771,-0.013570,0.015998,-15.666301,-52.738201,18.801300,-93.396698,0.129960,17.611099,-0.286131,-0.381351,-0.624990,0.618133,2381.905029,1485.475830,-3189.421387,2387.373535,1405.557251,-3203.650146,2382.625000,1530.487671,-3217.494873,2381.277100,1434.266846,-3148.724854,2376.344727,1571.591675,-3187.815674,2387.355225,1405.571167,-3203.588867,2382.645996,1530.542114,-3217.537842,2381.298584,1434.056763,-3148.719727,2376.322021,1571.716919,-3187.840820,2616.312012,1567.735718,-3159.895752,,,,,,,,,,,,,,,,,,,,,,,,,,,,,,,,,
733,7.330000,0.000000,0.000000,0.000000,1.000000,0.000000,0.000000,0.000000,57.698101,20.499701,-14.700500,0.047771,-0.013570,0.015998,-15.666301,-52.738201,18.801300,-93.396698,0.129960,17.611099,-0.284491,-0.382569,-0.627115,0.615981,2382.064941,1485.607910,-3190.655273,2387.355469,1405.683838,-3204.921143,2383.116455,1530.641846,-3218.682861,2381.003662,1434.365356,-3150.009521,2376.784424,1571.740601,-3189.007080,2387.351562,1405.680664,-3204.878906,2383.122803,1530.739136,-3218.771729,2381.010010,1434.138794,-3149.954590,2376.777344,1571.854248,-3189.015381,2616.277100,1567.701660,-3159.888428,,,,,,,,,,,,,,,,,,,,,,,,,,,,,,,,,
734,7.340000,0.000000,0.000000,0.000000,1.000000,0.000000,0.000000,0.000000,57.698101,20.499701,-14.700500,0.047771,-0.013570,0.015998,-15.666301,-52.738201,18.801300,-93.396698,0.129960,17.611099,-0.283719,-0.382707,-0.628723,0.614611,2382.214355,1485.696777,-3191.903320,2387.307129,1405.774658,-3206.251465,2383.489014,1530.761597,-3219.872070,2380.871826,1434.408081,-3151.324463,2377.189209,1571.843018,-3190.165283,2387.357666,1405.762451,-3206.313965,2383.421143,1530.797607,-3219.882080,2380.829346,1434.218506,-3151.173340,2377.248779,1571.997192,-3190.229492,2616.307373,1567.732666,-3159.869141,,,,,,,,,,,,,,,,,,,,,,,,,,,,,,,,,
735,7.350000,0.000000,0.000000,0.000000,1.000000,0.000000,0.000000,0.000000,57.698101,20.499701,-14.700500,0.047771,-0.013570,0.015998,-15.666301,-52.738201,18.801300,-93.396698,0.129960,17.611099,-0.282561,-0.383001,-0.630155,0.613494,2382.419922,1485.868042,-3193.121826,2387.394043,1405.957275,-3207.573730,2383.887207,1530.972534,-3221.017334,2380.827393,1434.520996,-3152.625977,2377.570557,1572.022095,-3191.270264,2387.506836,1405.916016,-3207.664795,2383.737793,1530.930054,-3221.047607,2380.741211,1434.538452,-3152.527344,2377.693115,1572.086914,-3191.249023,2616.263672,1567.755493,-3159.852295,,,,,,,,,,,,,,,,,,,,,,,,,,,,,,,,,
736,7.360000,0.000000,0.000000,0.000000,1.000000,0.000000,0.000000,0.000000,57.698101,20.499701,-14.700500,0.047771,-0.013570,0.015998,-15.666301,-52.738201,18.801300,-93.396698,0.129960,17.611099,-0.282114,-0.381637,-0.631305,0.613367,2382.682129,1486.091797,-3194.352051,2387.491211,1406.216064,-3209.051270,2384.229736,1531.278687,-3222.109375,2381.001465,1434.623657,-3154.013916,2378.005859,1572.249146,-3192.234131,2387.585205,1406.201416,-3209.138428,2384.102295,1531.202515,-3222.111084,2380.928467,1434.698608,-3153.947754,2378.108643,1572.263184,-3192.212158,2616.266846,1567.759033,-3159.830566,,,,,,,,,,,,,,,,,,,,,,,,,,,,,,,,,
737,7.370000,0.000000,0.000000,0.000000,1.000000,0.000000,0.000000,0.000000,57.698101,20.499701,-14.700500,0.047771,-0.013570,0.015998,-15.666301,-52.738201,18.801300,-93.396698,0.129960,17.611099,-0.280666,-0.380900,-0.632712,0.613040,2382.919189,1486.286987,-3195.506836,2387.641602,1406.457642,-3210.483887,2384.586670,1531.571045,-3223.098145,2381.084717,1434.676636,-3155.357422,2378.363037,1572.442871,-3193.087891,2387.718506,1406.460205,-3210.527832,2384.481201,1531.522583,-3223.138184,2381.025146,1434.681274,-3155.303955,2378.450195,1572.482910,-3193.058105,2616.240234,1567.723267,-3159.793457,,,,,,,,,,,,,,,,,,,,,,,,,,,,,,,,,
738,7.380000,0.000000,0.000000,0.000000,1.000000,0.000000,0.000000,0.000000,57.698101,20.499701,-14.700500,0.047771,-0.013570,0.015998,-15.666301,-52.738201,18.801300,-93.396698,0.129960,17.611099,-0.280191,-0.378400,-0.634024,0.613450,2383.079346,1486.612183,-3196.650146,2387.600830,1406.848511,-3212.033691,2384.787598,1532.029419,-3224.019287,2381.216553,1434.806641,-3156.754150,2378.712402,1572.764526,-3193.793457,2387.582275,1406.977539,-3212.083740,2384.822998,1531.941895,-3224.061279,2381.222656,1434.809204,-3156.689453,2378.688721,1572.726318,-3193.771484,2616.247070,1567.690918,-3159.765381,,,,,,,,,,,,,,,,,,,,,,,,,,,,,,,,,
739,7.390000,0.000000,0.000000,0.000000,1.000000,0.000000,0.000000,0.000000,57.698101,20.499701,-14.700500,0.047771,-0.013570,0.015998,-15.666301,-52.738201,18.801300,-93.396698,0.129960,17.611099,-0.278841,-0.375804,-0.633602,0.616091,2383.775879,1486.966553,-3197.833252,2388.513428,1407.314331,-3213.720703,2385.227051,1532.555542,-3224.930176,2382.238770,1434.912476,-3158.248291,2379.125000,1573.084229,-3194.433594,2388.450439,1407.433594,-3213.657227,2385.308594,1532.461182,-3224.927979,2382.288086,1434.799805,-3158.299805,2379.056641,1573.172974,-3194.447266,2616.239502,1567.672974,-3159.716064,,,,,,,,,,,,,,,,,,,,,,,,,,,,,,,,,
740,7.400000,0.000000,0.000000,0.000000,1.000000,0.000000,0.000000,0.000000,57.698101,20.499701,-14.700500,0.047771,-0.013570,0.015998,-15.666301,-52.738201,18.801300,-93.396698,0.129960,17.611099,-0.275397,-0.374950,-0.635919,0.615772,2383.934326,1487.285889,-3198.880127,2388.658447,1407.739380,-3215.293213,2385.568115,1533.058594,-3225.655029,2382.146240,1434.962158,-3159.662842,2379.364258,1573.383423,-3194.909912,2388.620850,1407.752197,-3215.191650,2385.610840,1533.028931,-3225.662598,2382.181641,1434.866821,-3159.766846,2379.322266,1573.495239,-3194.902588,2616.236816,1567.726807,-3159.698242,,,,,,,,,,,,,,,,,,,,,,,,,,,,,,,,,
741,7.410000,0.000000,0.000000,0.000000,1.000000,0.000000,0.000000,0.000000,57.698101,20.499701,-14.700500,0.047771,-0.013570,0.015998,-15.666301,-52.738201,18.801300,-93.396698,0.129960,17.611099,-0.271916,-0.374414,-0.638430,0.615047,2384.044189,1487.763428,-3199.809570,2388.728027,1408.316528,-3216.708740,2385.907471,1533.704956,-3226.278564,2381.944824,1435.191040,-3160.941650,2379.596191,1573.841309,-3195.309082,2388.786133,1408.362915,-3216.774658,2385.834717,1533.658203,-3226.307129,2381.896484,1435.148193,-3160.846436,2379.658447,1573.883789,-3195.308105,2616.211426,1567.761963,-3159.686279,,,,,,,,,,,,,,,,,,,,,,,,,,,,,,,,,
742,7.420000,0.000000,0.000000,0.000000,1.000000,0.000000,0.000000,0.000000,57.698101,20.499701,-14.700500,0.047771,-0.013570,0.015998,-15.666301,-52.738201,18.801300,-93.396698,0.129960,17.611099,-0.271320,-0.371195,-0.639195,0.616465,2384.338867,1488.214233,-3200.703857,2388.922119,1408.871460,-3218.112305,2386.121094,1534.317993,-3226.895020,2382.365479,1435.403198,-3162.154297,2379.946777,1574.264526,-3195.653809,2388.992188,1408.881958,-3218.145264,2386.018799,1534.289062,-3226.906006,2382.312012,1435.365479,-3162.107178,2380.031250,1574.321533,-3195.656982,2616.201904,1567.745728,-3159.676025,,,,,,,,,,,,,,,,,,,,,,,,,,,,,,,,,
743,7.430000,0.000000,0.000000,0.000000,1.000000,0.000000,0.000000,0.000000,57.698101,20.499701,-14.700500,0.047771,-0.013570,0.015998,-15.666301,-52.738201,18.801300,-93.396698,0.129960,17.611099,-0.270533,-0.367863,-0.640135,0.617832,2384.501709,1488.600708,-3201.522705,2388.971191,1409.372925,-3219.476074,2386.219238,1534.877075,-3227.411865,2382.633057,1435.535034,-3163.318848,2380.183350,1574.618042,-3195.883301,2389.007080,1409.280273,-3219.473145,2386.164307,1534.913330,-3227.384766,2382.610840,1435.563721,-3163.343750,2380.224365,1574.642578,-3195.888184,2616.206543,1567.750366,-3159.663330,,,,,,,,,,,,,,,,,,,,,,,,,,,,,,,,,
744,7.440000,0.000000,0.000000,0.000000,1.000000,0.000000,0.000000,0.000000,57.698101,20.499701,-14.700500,0.047771,-0.013570,0.015998,-15.666301,-52.738201,18.801300,-93.396698,0.129960,17.611099,-0.268548,-0.366029,-0.641180,0.618702,2384.661865,1488.993042,-3202.168701,2389.157959,1409.876465,-3220.599365,2386.371094,1535.425415,-3227.777832,2382.801025,1435.696899,-3164.286621,2380.317383,1574.973633,-3196.010742,2389.204834,1409.814941,-3220.580078,2386.291016,1535.473267,-3227.729492,2382.770996,1435.703003,-3164.323730,2380.380127,1574.982300,-3196.039307,2616.252197,1567.794189,-3159.662598,,,,,,,,,,,,,,,,,,,,,,,,,,,,,,,,,
745,7.450000,0.000000,0.000000,0.000000,1.000000,0.000000,0.000000,0.000000,57.698101,20.499701,-14.700500,0.047771,-0.013570,0.015998,-15.666301,-52.738201,18.801300,-93.396698,0.129960,17.611099,-0.264745,-0.366215,-0.642417,0.618948,2384.865967,1489.407593,-3202.697266,2389.598145,1410.401245,-3221.537598,2386.640137,1535.983032,-3228.040527,2382.883301,1435.900513,-3165.120117,2380.342529,1575.345459,-3196.090820,2389.731201,1410.396729,-3221.544922,2386.422119,1535.991699,-3228.008789,2382.786865,1435.876953,-3165.113525,2380.519043,1575.366699,-3196.121094,2616.251709,1567.744385,-3159.655029,,,,,,,,,,,,,,,,,,,,,,,,,,,,,,,,,
746,7.460000,0.000000,0.000000,0.000000,1.000000,0.000000,0.000000,0.000000,57.698101,20.499701,-14.700500,0.047771,-0.013570,0.015998,-15.666301,-52.738201,18.801300,-93.396698,0.129960,17.611099,-0.263106,-0.365061,-0.643799,0.618894,2384.875000,1489.790649,-3203.035645,2389.540771,1410.864258,-3222.223877,2386.741211,1536.477417,-3228.166504,2382.774414,1436.117798,-3165.702148,2380.444092,1575.703491,-3196.049561,2389.636475,1410.807129,-3222.233398,2386.587402,1536.549438,-3228.147705,2382.705566,1436.110474,-3165.689697,2380.567627,1575.699341,-3196.071045,2616.281006,1567.761841,-3159.662598,,,,,,,,,,,,,,,,,,,,,,,,,,,,,,,,,
747,7.470000,0.000000,0.000000,0.000000,1.000000,0.000000,0.000000,0.000000,57.698101,20.499701,-14.700500,0.047771,-0.013570,0.015998,-15.666301,-52.738201,18.801300,-93.396698,0.129960,17.611099,-0.261234,-0.364567,-0.645062,0.618662,2384.831055,1490.249268,-3203.191895,2389.488037,1411.391846,-3222.664062,2386.798340,1537.028564,-3228.142822,2382.591797,1436.438354,-3166.065918,2380.445801,1576.138672,-3195.895264,2389.582275,1411.338257,-3222.652588,2386.635010,1537.136597,-3228.101318,2382.524414,1436.427002,-3166.074463,2380.576416,1576.102539,-3195.937500,2616.304688,1567.754028,-3159.674805,,,,,,,,,,,,,,,,,,,,,,,,,,,,,,,,,
748,7.480000,0.000000,0.000000,0.000000,1.000000,0.000000,0.000000,0.000000,57.698101,20.499701,-14.700500,0.047771,-0.013570,0.015998,-15.666301,-52.738201,18.801300,-93.396698,0.129960,17.611099,-0.258528,-0.365150,-0.646006,0.618470,2384.732666,1490.790649,-3203.159912,2389.552490,1411.999634,-3222.859863,2386.780273,1537.650879,-3227.951660,2382.360352,1436.859741,-3166.216309,2380.237549,1576.652466,-3195.611084,2389.627441,1412.047485,-3222.831299,2386.645264,1537.728516,-3227.921875,2382.303467,1436.826904,-3166.224121,2380.355713,1576.559204,-3195.662109,2616.305664,1567.698608,-3159.708496,,,,,,,,,,,,,,,,,,,,,,,,,,,,,,,,,
749,7.490000,0.000000,0.000000,0.000000,1.000000,0.000000,0.000000,0.000000,57.698101,20.499701,-14.700500,0.047771,-0.013570,0.015998,-15.666301,-52.738201,18.801300,-93.396698,0.129960,17.611099,-0.255127,-0.366478,-0.646967,0.618092,2384.577881,1491.414062,-3202.984619,2389.650391,1412.689941,-3222.887207,2386.723877,1538.351562,-3227.621582,2382.035156,1437.369019,-3166.219971,2379.902588,1577.246094,-3195.209473,2389.705811,1412.829102,-3222.834961,2386.625000,1538.393677,-3227.623291,2381.990967,1437.296509,-3166.226074,2379.996582,1577.140869,-3195.251953,2616.313477,1567.731201,-3159.739258,,,,,,,,,,,,,,,,,,,,,,,,,,,,,,,,,
750,7.500000,0.000000,0.000000,0.000000,1.000000,0.000000,0.000000,0.000000,57.698101,20.499701,-14.700500,0.047771,-0.013570,0.015998,-15.666301,-52.738201,18.801300,-93.396698,0.129960,17.611099,-0.252220,-0.368163,-0.647631,0.617588,2384.326416,1492.115356,-3202.715332,2389.648926,1413.431763,-3222.713135,2386.562012,1539.096558,-3227.260742,2381.625244,1438.006104,-3166.056641,2379.469727,1577.927368,-3194.830566,2389.673828,1413.558105,-3222.661133,2386.507080,1539.101562,-3227.239014,2381.605225,1437.921631,-3166.079590,2379.522217,1577.885986,-3194.880859,2616.316162,1567.717163,-3159.778564,,,,,,,,,,,,,,,,,,,,,,,,,,,,,,,,,
751,7.510000,0.000000,0.000000,0.000000,1.000000,0.000000,0.000000,0.000000,57.698101,20.499701,-14.700500,0.047771,-0.013570,0.015998,-15.666301,-52.738201,18.801300,-93.396698,0.129960,17.611099,-0.249535,-0.370222,-0.647825,0.617244,2383.990723,1492.840088,-3202.352783,2389.623779,1414.181763,-3222.364502,2386.273193,1539.841675,-3226.854736,2381.182129,1438.701660,-3165.745117,2378.883545,1578.635498,-3194.446533,2389.622314,1414.282715,-3222.351562,2386.265381,1539.787109,-3226.823730,2381.183594,1438.611694,-3165.743408,2378.892090,1578.680664,-3194.491699,2616.319580,1567.737061,-3159.808350,,,,,,,,,,,,,,,,,,,,,,,,,,,,,,,,,
752,7.520000,0.000000,0.000000,0.000000,1.000000,0.000000,0.000000,0.000000,57.698101,20.499701,-14.700500,0.047771,-0.013570,0.015998,-15.666301,-52.738201,18.801300,-93.396698,0.129960,17.611099,-0.247287,-0.372435,-0.647693,0.616956,2383.630371,1493.563721,-3201.961426,2389.580566,1414.913574,-3221.913330,2385.934326,1540.563110,-3226.465820,2380.748291,1439.430298,-3165.352295,2378.257812,1579.348389,-3194.114502,2389.595459,1414.945312,-3221.888428,2385.904785,1540.562744,-3226.462646,2380.737793,1439.355957,-3165.361084,2378.283691,1579.389282,-3194.133789,2616.337158,1567.750977,-3159.815430,,,,,,,,,,,,,,,,,,,,,,,,,,,,,,,,,
753,7.530000,0.000000,0.000000,0.000000,1.000000,0.000000,0.000000,0.000000,57.698101,20.499701,-14.700500,0.047771,-0.013570,0.015998,-15.666301,-52.738201,18.801300,-93.396698,0.129960,17.611099,-0.244491,-0.375526,-0.648290,0.615569,2383.153076,1494.218872,-3201.567139,2389.362305,1415.559326,-3221.403076,2385.621094,1541.201294,-3226.088135,2380.008545,1440.111206,-3164.941406,2377.619629,1580.003784,-3193.835938,2389.449707,1415.506714,-3221.418213,2385.486328,1541.262329,-3226.072021,2379.945557,1440.085083,-3164.920166,2377.728516,1580.023682,-3193.858887,2616.340820,1567.770142,-3159.839111,,,,,,,,,,,,,,,,,,,,,,,,,,,,,,,,,
754,7.540000,0.000000,0.000000,0.000000,1.000000,0.000000,0.000000,0.000000,57.698101,20.499701,-14.700500,0.047771,-0.013570,0.015998,-15.666301,-52.738201,18.801300,-93.396698,0.129960,17.611099,-0.241952,-0.378595,-0.648676,0.614284,2382.651367,1494.816528,-3201.134521,2389.122803,1416.141479,-3220.824463,2385.261963,1541.772949,-3225.690430,2379.273682,1440.748413,-3164.470947,2376.946777,1580.603516,-3193.551758,2389.232178,1416.091187,-3220.856934,2385.097168,1541.893066,-3225.719971,2379.187500,1440.760254,-3164.412354,2377.083740,1580.526733,-3193.551025,2616.302246,1567.740234,-3159.860107,,,,,,,,,,,,,,,,,,,,,,,,,,,,,,,,,
755,7.550000,0.000000,0.000000,0.000000,1.000000,0.000000,0.000000,0.000000,57.698101,20.499701,-14.700500,0.047771,-0.013570,0.015998,-15.666301,-52.738201,18.801300,-93.396698,0.129960,17.611099,-0.239831,-0.381366,-0.649103,0.612948,2382.084717,1495.293945,-3200.714355,2388.755127,1416.597778,-3220.252686,2384.843994,1542.219849,-3225.312012,2378.473877,1441.271606,-3164.005615,2376.265625,1581.086914,-3193.286865,2388.910400,1416.528198,-3220.307617,2384.610107,1542.382568,-3225.364258,2378.350586,1441.262329,-3163.906006,2376.454590,1581.014160,-3193.284668,2616.314941,1567.733765,-3159.868896,,,,,,,,,,,,,,,,,,,,,,,,,,,,,,,,,
756,7.560000,0.000000,0.000000,0.000000,1.000000,0.000000,0.000000,0.000000,57.698101,20.499701,-14.700500,0.047771,-0.013570,0.015998,-15.666301,-52.738201,18.801300,-93.396698,0.129960,17.611099,-0.237622,-0.383917,-0.649422,0.611877,2381.443848,1495.721313,-3200.241455,2388.338623,1417.015625,-3219.663818,2384.321777,1542.629028,-3224.860596,2377.638184,1441.726929,-3163.511475,2375.476562,1581.514038,-3192.929932,2388.504150,1416.988037,-3219.741943,2384.082764,1542.731812,-3224.909912,2377.502441,1441.713379,-3163.386719,2375.674805,1581.457275,-3192.929688,2616.348145,1567.756104,-3159.869873,,,,,,,,,,,,,,,,,,,,,,,,,,,,,,,,,
757,7.570000,0.000000,0.000000,0.000000,1.000000,0.000000,0.000000,0.000000,57.698101,20.499701,-14.700500,0.047771,-0.013570,0.015998,-15.666301,-52.738201,18.801300,-93.396698,0.129960,17.611099,-0.235287,-0.386946,-0.649675,0.610602,2380.667236,1496.184326,-3199.756592,2387.813232,1417.458862,-3219.006836,2383.678955,1543.059082,-3224.422363,2376.641846,1442.239624,-3162.977051,2374.534668,1581.980103,-3192.620117,2387.939697,1417.474365,-3219.054688,2383.490234,1543.104370,-3224.426758,2376.540771,1442.208618,-3162.900146,2374.694824,1581.951416,-3192.645264,2616.357422,1567.709595,-3159.866455,,,,,,,,,,,,,,,,,,,,,,,,,,,,,,,,,
758,7.580000,0.000000,0.000000,0.000000,1.000000,0.000000,0.000000,0.000000,57.698101,20.499701,-14.700500,0.047771,-0.013570,0.015998,-15.666301,-52.738201,18.801300,-93.396698,0.129960,17.611099,-0.233181,-0.389623,-0.650109,0.609244,2379.833252,1496.646240,-3199.282715,2387.165283,1417.901855,-3218.385010,2382.996338,1543.492920,-3223.982910,2375.572754,1442.743652,-3162.468018,2373.598389,1582.446899,-3192.294922,2387.235107,1417.943848,-3218.469238,2382.919922,1543.463867,-3224.004150,2375.510010,1442.769897,-3162.366211,2373.667236,1582.410645,-3192.289062,2616.322998,1567.743774,-3159.867920,,,,,,,,,,,,,,,,,,,,,,,,,,,,,,,,,
759,7.590000,0.000000,0.000000,0.000000,1.000000,0.000000,0.000000,0.000000,57.698101,20.499701,-14.700500,0.047771,-0.013570,0.015998,-15.666301,-52.738201,18.801300,-93.396698,0.129960,17.611099,-0.231006,-0.392118,-0.650597,0.607950,2379.042236,1497.122192,-3198.794922,2386.555420,1418.366455,-3217.780029,2382.353516,1543.950562,-3223.510254,2374.551514,1443.247070,-3161.967041,2372.708008,1582.924805,-3191.921875,2386.617432,1418.421265,-3217.866455,2382.291260,1543.792847,-3223.527588,2374.500244,1443.303955,-3161.897705,2372.755859,1582.962280,-3191.890137,2616.335693,1567.735474,-3159.857666,,,,,,,,,,,,,,,,,,,,,,,,,,,,,,,,,
760,7.600000,0.000000,0.000000,0.000000,1.000000,0.000000,0.000000,0.000000,57.698101,20.499701,-14.700500,0.047771,-0.013570,0.015998,-15.666301,-52.738201,18.801300,-93.396698,0.129960,17.611099,-0.228321,-0.394824,-0.650909,0.606878,2378.203125,1497.502197,-3198.309570,2385.988037,1418.749146,-3217.195557,2381.632568,1544.323364,-3223.022461,2373.511475,1443.638550,-3161.490234,2371.680664,1583.298096,-3191.530273,2386.103027,1418.752930,-3217.270996,2381.491699,1544.250488,-3223.063721,2373.418213,1443.706177,-3161.420410,2371.795410,1583.298218,-3191.485352,2616.321289,1567.715088,-3159.835449,,,,,,,,,,,,,,,,,,,,,,,,,,,,,,,,,
761,7.610000,0.000000,0.000000,0.000000,1.000000,0.000000,0.000000,0.000000,57.698101,20.499701,-14.700500,0.047771,-0.013570,0.015998,-15.666301,-52.738201,18.801300,-93.396698,0.129960,17.611099,-0.228175,-0.395320,-0.651306,0.606183,2377.155518,1497.799805,-3197.832520,2384.886719,1419.029541,-3216.669434,2380.671387,1544.605591,-3222.562256,2372.351562,1443.958374,-3160.995117,2370.712402,1583.605591,-3191.103516,2384.994385,1418.916748,-3216.701416,2380.515869,1544.688110,-3222.547363,2372.277588,1443.993042,-3160.972900,2370.833008,1583.600342,-3191.109375,2616.265869,1567.728882,-3159.816162,,,,,,,,,,,,,,,,,,,,,,,,,,,,,,,,,
762,7.620000,0.000000,0.000000,0.000000,1.000000,0.000000,0.000000,0.000000,57.698101,20.499701,-14.700500,0.047771,-0.013570,0.015998,-15.666301,-52.738201,18.801300,-93.396698,0.129960,17.611099,-0.225628,-0.397588,-0.651942,0.604969,2376.071289,1498.065186,-3197.419189,2383.995117,1419.302002,-3216.205078,2379.735352,1544.875610,-3222.118896,2371.035400,1444.217407,-3160.621826,2369.519287,1583.865967,-3190.730469,2384.110596,1419.299683,-3216.206055,2379.529785,1545.049072,-3222.127930,2370.938965,1444.163330,-3160.572266,2369.693604,1583.760254,-3190.773682,2616.267090,1567.777466,-3159.831299,,,,,,,,,,,,,,,,,,,,,,,,,,,,,,,,,
763,7.630000,0.000000,0.000000,0.000000,1.000000,0.000000,0.000000,0.000000,57.698101,20.499701,-14.700500,0.047771,-0.013570,0.015998,-15.666301,-52.738201,18.801300,-93.396698,0.129960,17.611099,-0.222850,-0.400289,-0.652497,0.603618,2374.949219,1498.258545,-3197.097900,2383.105225,1419.497192,-3215.792236,2378.769531,1545.064575,-3221.782227,2369.664551,1444.417725,-3160.325439,2368.257080,1584.054932,-3190.491943,2383.193359,1419.507812,-3215.825439,2378.636963,1545.256592,-3221.854736,2369.576660,1444.369019,-3160.212646,2368.380127,1583.909424,-3190.502197,2616.271484,1567.770630,-3159.774658,,,,,,,,,,,,,,,,,,,,,,,,,,,,,,,,,
764,7.640000,0.000000,0.000000,0.000000,1.000000,0.000000,0.000000,0.000000,57.698101,20.499701,-14.700500,0.047771,-0.013570,0.015998,-15.666301,-52.738201,18.801300,-93.396698,0.129960,17.611099,-0.220540,-0.402708,-0.652584,0.602762,2373.764160,1498.406250,-3196.864990,2382.178711,1419.646362,-3215.450439,2377.669434,1545.202148,-3221.555420,2368.326660,1444.581299,-3160.091553,2366.882324,1584.195557,-3190.362549,2382.282227,1419.598999,-3215.523438,2377.546387,1545.269409,-3221.595703,2368.238770,1444.613281,-3159.995117,2366.987305,1584.144531,-3190.346436,2616.242188,1567.743652,-3159.751465,,,,,,,,,,,,,,,,,,,,,,,,,,,,,,,,,
765,7.650000,0.000000,0.000000,0.000000,1.000000,0.000000,0.000000,0.000000,57.698101,20.499701,-14.700500,0.047771,-0.013570,0.015998,-15.666301,-52.738201,18.801300,-93.396698,0.129960,17.611099,-0.220285,-0.403761,-0.652816,0.601899,2372.606445,1498.599854,-3196.770996,2381.007324,1419.810425,-3215.236572,2376.605225,1545.361694,-3221.510986,2367.041016,1444.825439,-3159.942871,2365.772217,1584.402344,-3190.393066,2381.145752,1419.654419,-3215.336914,2376.453857,1545.348755,-3221.512939,2366.947266,1444.909424,-3159.879150,2365.887207,1584.476685,-3190.361084,2616.222412,1567.747314,-3159.715820,,,,,,,,,,,,,,,,,,,,,,,,,,,,,,,,,
766,7.660000,0.000000,0.000000,0.000000,1.000000,0.000000,0.000000,0.000000,57.698101,20.499701,-14.700500,0.047771,-0.013570,0.015998,-15.666301,-52.738201,18.801300,-93.396698,0.129960,17.611099,-0.220178,-0.404783,-0.653166,0.600872,2371.408447,1498.714233,-3196.801514,2379.756104,1419.889160,-3215.139160,2375.522949,1545.436890,-3221.595947,2365.690186,1444.997314,-3159.912598,2364.664551,1584.533691,-3190.557373,2379.843506,1419.800537,-3215.214844,2375.426025,1545.365723,-3221.580322,2365.629883,1445.115601,-3159.886230,2364.733398,1584.574341,-3190.526367,2616.229248,1567.742920,-3159.701172,,,,,,,,,,,,,,,,,,,,,,,,,,,,,,,,,
767,7.670000,0.000000,0.000000,0.000000,1.000000,0.000000,0.000000,0.000000,57.698101,20.499701,-14.700500,0.047771,-0.013570,0.015998,-15.666301,-52.738201,18.801300,-93.396698,0.129960,17.611099,-0.219326,-0.406094,-0.653894,0.599505,2370.196533,1498.703857,-3196.865967,2378.509766,1419.854370,-3215.114258,2374.478027,1545.403198,-3221.676025,2364.251953,1445.020874,-3159.963623,2363.546631,1584.536987,-3190.709717,2378.567139,1419.910156,-3215.187500,2374.423828,1545.319824,-3221.699219,2364.200439,1445.013672,-3159.879150,2363.593750,1584.570801,-3190.699707,2616.235596,1567.725586,-3159.671143,,,,,,,,,,,,,,,,,,,,,,,,,,,,,,,,,
768,7.680000,0.000000,0.000000,0.000000,1.000000,0.000000,0.000000,0.000000,57.698101,20.499701,-14.700500,0.047771,-0.013570,0.015998,-15.666301,-52.738201,18.801300,-93.396698,0.129960,17.611099,-0.218612,-0.406695,-0.654251,0.598970,2368.932861,1498.673462,-3196.934082,2377.264648,1419.823853,-3215.173584,2373.283447,1545.374756,-3221.728516,2362.889893,1444.987671,-3160.051758,2362.293457,1584.507690,-3190.781982,2377.356445,1419.954956,-3215.263428,2373.192383,1545.312012,-3221.798096,2362.800293,1444.939331,-3159.907227,2362.380371,1584.492188,-3190.766357,2616.218018,1567.736816,-3159.653809,,,,,,,,,,,,,,,,,,,,,,,,,,,,,,,,,
769,7.690000,0.000000,0.000000,0.000000,1.000000,0.000000,0.000000,0.000000,57.698101,20.499701,-14.700500,0.047771,-0.013570,0.015998,-15.666301,-52.738201,18.801300,-93.396698,0.129960,17.611099,-0.217701,-0.407350,-0.653974,0.599158,2367.635498,1498.642578,-3196.996094,2376.124756,1419.808228,-3215.228271,2371.953369,1545.353149,-3221.778809,2361.615967,1444.943726,-3160.129150,2360.847900,1584.465454,-3190.847656,2376.187256,1419.897461,-3215.264160,2371.873779,1545.416626,-3221.834473,2361.549561,1444.908203,-3160.033203,2360.933105,1584.344604,-3190.851562,2616.228027,1567.750854,-3159.656006,,,,,,,,,,,,,,,,,,,,,,,,,,,,,,,,,
770,7.700000,0.000000,0.000000,0.000000,1.000000,0.000000,0.000000,0.000000,57.698101,20.499701,-14.700500,0.047771,-0.013570,0.015998,-15.666301,-52.738201,18.801300,-93.396698,0.129960,17.611099,-0.216718,-0.407955,-0.654079,0.598988,2366.366699,1498.606201,-3197.076660,2374.952637,1419.785278,-3215.321533,2370.705078,1545.329712,-3221.831299,2360.304932,1444.888306,-3160.244141,2359.503906,1584.421753,-3190.908936,2375.075195,1419.846802,-3215.336426,2370.498047,1545.426392,-3221.829590,2360.202637,1444.873413,-3160.194336,2359.694336,1584.272949,-3190.949951,2616.253174,1567.773071,-3159.652832,,,,,,,,,,,,,,,,,,,,,,,,,,,,,,,,,
771,7.710000,0.000000,0.000000,0.000000,1.000000,0.000000,0.000000,0.000000,57.698101,20.499701,-14.700500,0.047771,-0.013570,0.015998,-15.666301,-52.738201,18.801300,-93.396698,0.129960,17.611099,-0.215951,-0.408350,-0.654366,0.598682,2365.114990,1498.551270,-3197.162354,2373.738770,1419.739990,-3215.431152,2369.496826,1545.287476,-3221.885742,2358.987549,1444.814575,-3160.368408,2358.236328,1584.363281,-3190.964111,2373.842285,1419.652832,-3215.447754,2369.319824,1545.484985,-3221.868652,2358.908936,1444.844727,-3160.336914,2358.382568,1584.233887,-3190.997314,2616.232666,1567.759644,-3159.660645,,,,,,,,,,,,,,,,,,,,,,,,,,,,,,,,,
772,7.720000,0.000000,0.000000,0.000000,1.000000,0.000000,0.000000,0.000000,57.698101,20.499701,-14.700500,0.047771,-0.013570,0.015998,-15.666301,-52.738201,18.801300,-93.396698,0.129960,17.611099,-0.214657,-0.409518,-0.655041,0.597611,2363.752930,1498.404907,-3197.248779,2372.403076,1419.589844,-3215.489258,2368.270508,1545.140869,-3221.947998,2357.434326,1444.668213,-3160.486816,2356.903564,1584.220825,-3191.070557,2372.500977,1419.463989,-3215.513184,2368.114502,1545.343018,-3221.934570,2357.362549,1444.632935,-3160.437012,2357.023438,1584.196045,-3191.110596,2616.296631,1567.738159,-3159.645996,,,,,,,,,,,,,,,,,,,,,,,,,,,,,,,,,
773,7.730000,0.000000,0.000000,0.000000,1.000000,0.000000,0.000000,0.000000,57.698101,20.499701,-14.700500,0.047771,-0.013570,0.015998,-15.666301,-52.738201,18.801300,-93.396698,0.129960,17.611099,-0.212107,-0.411459,-0.655283,0.596923,2362.492676,1498.304321,-3197.261230,2371.394531,1419.512085,-3215.478516,2367.085205,1545.058350,-3221.912598,2356.034424,1444.541626,-3160.562012,2355.455566,1584.105713,-3191.092041,2371.467529,1419.379517,-3215.546143,2367.025391,1545.192627,-3221.987549,2355.971680,1444.566895,-3160.464111,2355.503662,1584.079346,-3191.054199,2616.290527,1567.741699,-3159.661133,,,,,,,,,,,,,,,,,,,,,,,,,,,,,,,,,
774,7.740000,0.000000,0.000000,0.000000,1.000000,0.000000,0.000000,0.000000,57.698101,20.499701,-14.700500,0.047771,-0.013570,0.015998,-15.666301,-52.738201,18.801300,-93.396698,0.129960,17.611099,-0.210259,-0.413151,-0.655334,0.596352,2361.205811,1498.173462,-3197.302002,2370.310303,1419.390259,-3215.458252,2365.853271,1544.928833,-3221.940430,2354.643555,1444.409302,-3160.623535,2354.016113,1583.965942,-3191.186279,2370.412354,1419.238403,-3215.553955,2365.780762,1544.966553,-3222.029541,2354.562988,1444.484985,-3160.522705,2354.071533,1583.994629,-3191.106934,2616.273926,1567.746826,-3159.705566,,,,,,,,,,,,,,,,,,,,,,,,,,,,,,,,,
775,7.750000,0.000000,0.000000,0.000000,1.000000,0.000000,0.000000,0.000000,57.698101,20.499701,-14.700500,0.047771,-0.013570,0.015998,-15.666301,-52.738201,18.801300,-93.396698,0.129960,17.611099,-0.210418,-0.413800,-0.655337,0.595841,2359.898926,1498.025879,-3197.337646,2368.979248,1419.215088,-3215.385986,2364.595459,1544.747803,-3222.030029,2353.271729,1444.311157,-3160.598389,2352.748535,1583.829712,-3191.336182,2369.107178,1419.066772,-3215.453369,2364.438965,1544.705811,-3221.998779,2353.192383,1444.402344,-3160.585205,2352.862061,1583.919434,-3191.315674,2616.326904,1567.711548,-3159.704590,,,,,,,,,,,,,,,,,,,,,,,,,,,,,,,,,
776,7.760000,0.000000,0.000000,0.000000,1.000000,0.000000,0.000000,0.000000,57.698101,20.499701,-14.700500,0.047771,-0.013570,0.015998,-15.666301,-52.738201,18.801300,-93.396698,0.129960,17.611099,-0.209536,-0.415128,-0.655942,0.594562,2358.613281,1497.867554,-3197.357666,2367.679443,1419.033691,-3215.312012,2363.461670,1544.566284,-3222.064453,2351.777832,1444.186890,-3160.606689,2351.534180,1583.683594,-3191.447266,2367.788574,1419.029053,-3215.358154,2363.316406,1544.525391,-3222.073242,2351.694336,1444.178589,-3160.558105,2351.653076,1583.737549,-3191.441895,2616.378174,1567.729126,-3159.718262,,,,,,,,,,,,,,,,,,,,,,,,,,,,,,,,,
777,7.770000,0.000000,0.000000,0.000000,1.000000,0.000000,0.000000,0.000000,57.698101,20.499701,-14.700500,0.047771,-0.013570,0.015998,-15.666301,-52.738201,18.801300,-93.396698,0.129960,17.611099,-0.208744,-0.416760,-0.656540,0.593037,2357.271240,1497.639282,-3197.371338,2366.309570,1418.769043,-3215.179199,2362.294922,1544.298096,-3222.118652,2350.196777,1444.017578,-3160.579346,2350.283447,1583.472900,-3191.607666,2366.367920,1418.855347,-3215.235352,2362.231445,1544.254639,-3222.133545,2350.139648,1443.941284,-3160.486328,2350.344482,1583.505737,-3191.626953,2616.362549,1567.721558,-3159.759766,,,,,,,,,,,,,,,,,,,,,,,,,,,,,,,,,
778,7.780000,0.000000,0.000000,0.000000,1.000000,0.000000,0.000000,0.000000,57.698101,20.499701,-14.700500,0.047771,-0.013570,0.015998,-15.666301,-52.738201,18.801300,-93.396698,0.129960,17.611099,-0.208045,-0.418104,-0.656660,0.592203,2355.874023,1497.431152,-3197.322266,2364.962891,1418.538940,-3215.007324,2360.982910,1544.060059,-3222.108398,2348.674805,1443.853638,-3160.490234,2348.875732,1583.272095,-3191.683350,2364.989990,1418.658691,-3215.041992,2360.974854,1544.017944,-3222.190186,2348.636963,1443.862915,-3160.419434,2348.895996,1583.188477,-3191.638428,2616.354004,1567.736206,-3159.809814,,,,,,,,,,,,,,,,,,,,,,,,,,,,,,,,,
779,7.790000,0.000000,0.000000,0.000000,1.000000,0.000000,0.000000,0.000000,57.698101,20.499701,-14.700500,0.047771,-0.013570,0.015998,-15.666301,-52.738201,18.801300,-93.396698,0.129960,17.611099,-0.207773,-0.419218,-0.656907,0.591236,2354.480225,1497.273315,-3197.229492,2363.545898,1418.349609,-3214.785400,2359.693848,1543.864624,-3222.064209,2347.138916,1443.751465,-3160.344482,2347.542236,1583.127808,-3191.723145,2363.603027,1418.439453,-3214.779785,2359.604980,1543.845947,-3222.085449,2347.088135,1443.845093,-3160.355225,2347.632080,1582.951050,-3191.694092,2616.322998,1567.761719,-3159.846191,,,,,,,,,,,,,,,,,,,,,,,,,,,,,,,,,
780,7.800000,0.000000,0.000000,0.000000,1.000000,0.000000,0.000000,0.000000,57.698101,20.499701,-14.700500,0.047771,-0.013570,0.015998,-15.666301,-52.738201,18.801300,-93.396698,0.129960,17.611099,-0.206439,-0.421226,-0.657657,0.589440,2353.008057,1497.119629,-3197.110107,2362.075684,1418.163696,-3214.519043,2358.429688,1543.674805,-3221.968506,2345.378174,1443.651001,-3160.206787,2346.148926,1582.989502,-3191.746338,2362.184570,1418.213013,-3214.518555,2358.252197,1543.777832,-3222.005859,2345.282715,1443.617310,-3160.161377,2346.312500,1582.870117,-3191.758057,2616.300781,1567.741577,-3159.866455,,,,,,,,,,,,,,,,,,,,,,,,,,,,,,,,,
781,7.810000,0.000000,0.000000,0.000000,1.000000,0.000000,0.000000,0.000000,57.698101,20.499701,-14.700500,0.047771,-0.013570,0.015998,-15.666301,-52.738201,18.801300,-93.396698,0.129960,17.611099,-0.206143,-0.422664,-0.658130,0.587984,2351.480957,1497.019043,-3196.910645,2360.480469,1418.018066,-3214.150146,2357.065430,1543.521851,-3221.830811,2343.634521,1443.627319,-3159.941162,2344.743164,1582.909058,-3191.720215,2360.577881,1417.896606,-3214.177979,2356.924072,1543.677124,-3221.830078,2343.562744,1443.657471,-3159.904785,2344.854980,1582.850952,-3191.730957,2616.342773,1567.733643,-3159.864746,,,,,,,,,,,,,,,,,,,,,,,,,,,,,,,,,
782,7.820000,0.000000,0.000000,0.000000,1.000000,0.000000,0.000000,0.000000,57.698101,20.499701,-14.700500,0.047771,-0.013570,0.015998,-15.666301,-52.738201,18.801300,-93.396698,0.129960,17.611099,-0.203795,-0.425233,-0.658192,0.586880,2349.973633,1497.005615,-3196.745605,2359.214600,1418.000977,-3213.840088,2355.664062,1543.491333,-3221.673584,2341.946777,1443.639648,-3159.777588,2343.069336,1582.890503,-3191.691406,2359.307861,1417.882446,-3213.886475,2355.552002,1543.613892,-3221.695312,2341.873291,1443.731934,-3159.731445,2343.161133,1582.794678,-3191.670410,2616.347656,1567.715088,-3159.860352,,,,,,,,,,,,,,,,,,,,,,,,,,,,,,,,,
783,7.830000,0.000000,0.000000,0.000000,1.000000,0.000000,0.000000,0.000000,57.698101,20.499701,-14.700500,0.047771,-0.013570,0.015998,-15.666301,-52.738201,18.801300,-93.396698,0.129960,17.611099,-0.201931,-0.427580,-0.658485,0.585488,2348.494141,1496.944946,-3196.584961,2357.874512,1417.922852,-3213.522217,2354.329834,1543.402466,-3221.531982,2340.245850,1443.621216,-3159.604736,2341.526123,1582.833374,-3191.680664,2357.960449,1417.816040,-3213.581055,2354.248047,1543.521606,-3221.595459,2340.170166,1443.620850,-3159.510254,2341.593506,1582.822144,-3191.656494,2616.335938,1567.741943,-3159.876465,,,,,,,,,,,,,,,,,,,,,,,,,,,,,,,,,
784,7.840000,0.000000,0.000000,0.000000,1.000000,0.000000,0.000000,0.000000,57.698101,20.499701,-14.700500,0.047771,-0.013570,0.015998,-15.666301,-52.738201,18.801300,-93.396698,0.129960,17.611099,-0.201843,-0.428705,-0.658674,0.584483,2346.945068,1496.929077,-3196.413574,2356.285400,1417.870117,-3213.200439,2352.886963,1543.340088,-3221.421875,2338.555420,1443.673828,-3159.366699,2340.052490,1582.832397,-3191.665039,2356.409912,1417.785889,-3213.230957,2352.726074,1543.378784,-3221.460205,2338.457764,1443.575806,-3159.302246,2340.189453,1582.981445,-3191.661621,2616.313477,1567.708130,-3159.865723,,,,,,,,,,,,,,,,,,,,,,,,,,,,,,,,,
785,7.850000,0.000000,0.000000,0.000000,1.000000,0.000000,0.000000,0.000000,57.698101,20.499701,-14.700500,0.047771,-0.013570,0.015998,-15.666301,-52.738201,18.801300,-93.396698,0.129960,17.611099,-0.201535,-0.429842,-0.659027,0.583355,2345.505615,1496.998901,-3196.323486,2354.800781,1417.907471,-3212.981689,2351.573486,1543.370483,-3221.374512,2336.947998,1443.801392,-3159.231934,2338.700928,1582.916382,-3191.705322,2354.903320,1417.892212,-3213.022949,2351.434570,1543.392578,-3221.381348,2336.864014,1443.765259,-3159.170410,2338.819336,1582.946899,-3191.718994,2616.329834,1567.747559,-3159.853271,,,,,,,,,,,,,,,,,,,,,,,,,,,,,,,,,
786,7.860000,0.000000,0.000000,0.000000,1.000000,0.000000,0.000000,0.000000,57.698101,20.499701,-14.700500,0.047771,-0.013570,0.015998,-15.666301,-52.738201,18.801300,-93.396698,0.129960,17.611099,-0.200440,-0.431205,-0.659193,0.582538,2344.059082,1497.040283,-3196.239014,2353.434326,1417.939209,-3212.805908,2350.211914,1543.395508,-3221.299561,2335.371826,1443.867065,-3159.143066,2337.218018,1582.959473,-3191.707275,2353.482422,1418.038452,-3212.851807,2350.163574,1543.307007,-3221.315674,2335.326904,1443.980103,-3159.114746,2337.264648,1582.836670,-3191.673828,2616.313721,1567.779053,-3159.842773,,,,,,,,,,,,,,,,,,,,,,,,,,,,,,,,,
787,7.870000,0.000000,0.000000,0.000000,1.000000,0.000000,0.000000,0.000000,57.698101,20.499701,-14.700500,0.047771,-0.013570,0.015998,-15.666301,-52.738201,18.801300,-93.396698,0.129960,17.611099,-0.199292,-0.432536,-0.659293,0.581832,2342.531738,1497.104492,-3196.135498,2352.005859,1417.997681,-3212.618896,2348.755371,1543.447388,-3221.201660,2333.732178,1443.950073,-3159.039307,2335.633057,1583.023193,-3191.682129,2352.042480,1418.128540,-3212.640625,2348.720459,1543.393433,-3221.244873,2333.691162,1444.096680,-3159.027100,2335.678223,1582.785034,-3191.622559,2616.293701,1567.737305,-3159.822266,,,,,,,,,,,,,,,,,,,,,,,,,,,,,,,,,
788,7.880000,0.000000,0.000000,0.000000,1.000000,0.000000,0.000000,0.000000,57.698101,20.499701,-14.700500,0.047771,-0.013570,0.015998,-15.666301,-52.738201,18.801300,-93.396698,0.129960,17.611099,-0.197728,-0.433910,-0.659678,0.580905,2341.010498,1497.228149,-3196.066650,2350.579346,1418.123169,-3212.503906,2347.339355,1543.571655,-3221.104980,2332.052002,1444.072632,-3159.010010,2334.071533,1583.145386,-3191.647461,2350.704346,1418.158813,-3212.579590,2347.189697,1543.630859,-3221.144775,2331.934326,1444.079102,-3158.890869,2334.213379,1583.042480,-3191.649902,2616.269287,1567.766846,-3159.811279,,,,,,,,,,,,,,,,,,,,,,,,,,,,,,,,,
789,7.890000,0.000000,0.000000,0.000000,1.000000,0.000000,0.000000,0.000000,57.698101,20.499701,-14.700500,0.047771,-0.013570,0.015998,-15.666301,-52.738201,18.801300,-93.396698,0.129960,17.611099,-0.198539,-0.433142,-0.659752,0.581118,2339.527344,1497.347534,-3196.021240,2348.996826,1418.238403,-3212.495850,2345.840576,1543.691528,-3221.063232,2330.604004,1444.191162,-3158.957275,2332.667480,1583.269531,-3191.568848,2349.101074,1418.059326,-3212.539551,2345.712402,1543.875122,-3221.087402,2330.528076,1444.193726,-3158.894043,2332.764404,1583.264893,-3191.570801,2616.239746,1567.731201,-3159.785645,,,,,,,,,,,,,,,,,,,,,,,,,,,,,,,,,
790,7.900000,0.000000,0.000000,0.000000,1.000000,0.000000,0.000000,0.000000,57.698101,20.499701,-14.700500,0.047771,-0.013570,0.015998,-15.666301,-52.738201,18.801300,-93.396698,0.129960,17.611099,-0.197239,-0.433446,-0.659971,0.581084,2338.192871,1497.453979,-3195.992920,2347.773438,1418.375000,-3212.548584,2344.517090,1543.835938,-3220.961426,2329.239014,1444.241455,-3159.016846,2331.242188,1583.363403,-3191.445068,2347.853516,1418.254272,-3212.555176,2344.398682,1543.992920,-3220.975586,2329.178711,1444.192261,-3158.981445,2331.334717,1583.384277,-3191.461426,2616.254395,1567.726562,-3159.736328,,,,,,,,,,,,,,,,,,,,,,,,,,,,,,,,,
791,7.910000,0.000000,0.000000,0.000000,1.000000,0.000000,0.000000,0.000000,57.698101,20.499701,-14.700500,0.047771,-0.013570,0.015998,-15.666301,-52.738201,18.801300,-93.396698,0.129960,17.611099,-0.196029,-0.433186,-0.660131,0.581506,2336.851562,1497.534790,-3195.966309,2346.552734,1418.502808,-3212.674561,2343.139160,1543.976318,-3220.832764,2327.931396,1444.234619,-3159.108398,2329.782959,1583.425537,-3191.248779,2346.586426,1418.374634,-3212.697510,2343.108643,1544.100098,-3220.850342,2327.906250,1444.267578,-3159.080078,2329.805176,1583.396362,-3191.239746,2616.271973,1567.733032,-3159.696533,,,,,,,,,,,,,,,,,,,,,,,,,,,,,,,,,
792,7.920000,0.000000,0.000000,0.000000,1.000000,0.000000,0.000000,0.000000,57.698101,20.499701,-14.700500,0.047771,-0.013570,0.015998,-15.666301,-52.738201,18.801300,-93.396698,0.129960,17.611099,-0.194459,-0.433482,-0.661050,0.580769,2335.466797,1497.609253,-3195.888428,2345.180420,1418.604370,-3212.717285,2341.865479,1544.095459,-3220.643311,2326.390625,1444.242676,-3159.164795,2328.430420,1583.494629,-3191.028320,2345.194580,1418.609497,-3212.744141,2341.882812,1544.201050,-3220.735352,2326.357422,1444.200439,-3159.072998,2328.432373,1583.431274,-3191.002686,2616.241455,1567.714355,-3159.668213,,,,,,,,,,,,,,,,,,,,,,,,,,,,,,,,,
793,7.930000,0.000000,0.000000,0.000000,1.000000,0.000000,0.000000,0.000000,57.698101,20.499701,-14.700500,0.047771,-0.013570,0.015998,-15.666301,-52.738201,18.801300,-93.396698,0.129960,17.611099,-0.194294,-0.432744,-0.661612,0.580734,2334.089600,1497.703369,-3195.791504,2343.730225,1418.718018,-3212.753418,2340.517822,1544.224731,-3220.472412,2324.982910,1444.284302,-3159.152100,2327.127197,1583.586548,-3190.787842,2343.858154,1418.855957,-3212.831787,2340.373779,1544.194702,-3220.522705,2324.864258,1444.305420,-3159.038574,2327.269775,1583.459229,-3190.774902,2616.245605,1567.750610,-3159.654541,,,,,,,,,,,,,,,,,,,,,,,,,,,,,,,,,
794,7.940000,0.000000,0.000000,0.000000,1.000000,0.000000,0.000000,0.000000,57.698101,20.499701,-14.700500,0.047771,-0.013570,0.015998,-15.666301,-52.738201,18.801300,-93.396698,0.129960,17.611099,-0.194338,-0.431670,-0.662164,0.580890,2332.790527,1497.852661,-3195.675293,2342.340088,1418.891357,-3212.800049,2339.229980,1544.415405,-3220.275391,2323.681152,1444.371948,-3159.126709,2325.911133,1583.732422,-3190.499023,2342.442383,1418.926147,-3212.864014,2339.093994,1544.410156,-3220.257812,2323.595703,1444.448853,-3159.069092,2326.033203,1583.622314,-3190.510986,2616.256348,1567.742798,-3159.640381,,,,,,,,,,,,,,,,,,,,,,,,,,,,,,,,,
795,7.950000,0.000000,0.000000,0.000000,1.000000,0.000000,0.000000,0.000000,57.698101,20.499701,-14.700500,0.047771,-0.013570,0.015998,-15.666301,-52.738201,18.801300,-93.396698,0.129960,17.611099,-0.193714,-0.431112,-0.662350,0.581300,2331.415039,1498.034302,-3195.515137,2341.013916,1419.109863,-3212.781738,2337.821777,1544.644897,-3220.032715,2322.343994,1444.482544,-3159.061035,2324.480225,1583.900269,-3190.185059,2341.072998,1418.978394,-3212.802979,2337.740479,1544.736328,-3220.012695,2322.306152,1444.612549,-3159.072266,2324.539307,1583.810425,-3190.173096,2616.232422,1567.764893,-3159.634766,,,,,,,,,,,,,,,,,,,,,,,,,,,,,,,,,
796,7.960000,0.000000,0.000000,0.000000,1.000000,0.000000,0.000000,0.000000,57.698101,20.499701,-14.700500,0.047771,-0.013570,0.015998,-15.666301,-52.738201,18.801300,-93.396698,0.129960,17.611099,-0.191990,-0.431016,-0.662518,0.581751,2330.092041,1498.245239,-3195.315430,2339.869141,1419.381226,-3212.757080,2336.457520,1544.927612,-3219.706787,2321.052979,1444.587646,-3159.009521,2322.988281,1584.084717,-3189.787842,2339.919922,1419.240723,-3212.790039,2336.415039,1545.024780,-3219.739502,2321.015381,1444.684082,-3158.985596,2323.018555,1584.027832,-3189.748779,2616.234375,1567.766357,-3159.659668,,,,,,,,,,,,,,,,,,,,,,,,,,,,,,,,,
797,7.970000,0.000000,0.000000,0.000000,1.000000,0.000000,0.000000,0.000000,57.698101,20.499701,-14.700500,0.047771,-0.013570,0.015998,-15.666301,-52.738201,18.801300,-93.396698,0.129960,17.611099,-0.190082,-0.431571,-0.663157,0.581239,2328.869385,1498.477417,-3195.055908,2338.748291,1419.649780,-3212.604980,2335.308594,1545.207397,-3219.336670,2319.713867,1444.749146,-3158.883789,2321.706787,1584.303589,-3189.397949,2338.845703,1419.492310,-3212.627686,2335.203613,1545.300781,-3219.395996,2319.643066,1444.697998,-3158.836670,2321.789795,1584.415161,-3189.365967,2616.279541,1567.770630,-3159.643799,,,,,,,,,,,,,,,,,,,,,,,,,,,,,,,,,
798,7.980000,0.000000,0.000000,0.000000,1.000000,0.000000,0.000000,0.000000,57.698101,20.499701,-14.700500,0.047771,-0.013570,0.015998,-15.666301,-52.738201,18.801300,-93.396698,0.129960,17.611099,-0.190208,-0.430967,-0.663303,0.581479,2327.572510,1498.729980,-3194.790771,2337.418457,1419.915894,-3212.418457,2333.995850,1545.479736,-3219.037598,2318.444092,1444.971802,-3158.656250,2320.431885,1584.552490,-3189.051025,2337.522949,1419.906494,-3212.442139,2333.839111,1545.484009,-3219.030518,2318.363525,1444.914185,-3158.618896,2320.563477,1584.617676,-3189.072266,2616.341797,1567.765503,-3159.630859,,,,,,,,,,,,,,,,,,,,,,,,,,,,,,,,,
799,7.990000,0.000000,0.000000,0.000000,1.000000,0.000000,0.000000,0.000000,57.698101,20.499701,-14.700500,0.047771,-0.013570,0.015998,-15.666301,-52.738201,18.801300,-93.396698,0.129960,17.611099,-0.189661,-0.430954,-0.663543,0.581393,2326.337402,1499.119385,-3194.510986,2336.204590,1420.320679,-3212.195312,2332.778564,1545.889893,-3218.713379,2317.180908,1445.330688,-3158.428955,2319.185547,1584.936646,-3188.706055,2336.306641,1420.404663,-3212.230957,2332.628906,1545.834595,-3218.701904,2317.100098,1445.351196,-3158.393311,2319.314209,1584.885498,-3188.718750,2616.345215,1567.782959,-3159.648193,,,,,,,,,,,,,,,,,,,,,,,,,,,,,,,,,
800,8.000000,0.000000,0.000000,0.000000,1.000000,0.000000,0.000000,0.000000,57.698101,20.499701,-14.700500,0.047771,-0.013570,0.015998,-15.666301,-52.738201,18.801300,-93.396698,0.129960,17.611099,-0.189968,-0.430308,-0.663637,0.581664,2325.029541,1499.480713,-3194.207031,2334.852539,1420.691528,-3211.958740,2331.449951,1546.265991,-3218.385986,2315.908203,1445.669800,-3158.149170,2317.907715,1585.295776,-3188.333740,2334.876465,1420.676758,-3212.001953,2331.436523,1546.300781,-3218.395508,2315.881104,1445.813110,-3158.116211,2317.922852,1585.127075,-3188.308838,2616.322998,1567.737427,-3159.694092,,,,,,,,,,,,,,,,,,,,,,,,,,,,,,,,,
801,8.010000,0.000000,0.000000,0.000000,1.000000,0.000000,0.000000,0.000000,57.698101,20.499701,-14.700500,0.047771,-0.013570,0.015998,-15.666301,-52.738201,18.801300,-93.396698,0.129960,17.611099,-0.190023,-0.430029,-0.663128,0.582433,2323.726318,1499.989624,-3193.889404,2333.642090,1421.217651,-3211.666016,2330.048096,1546.788086,-3218.068848,2314.728760,1446.159546,-3157.829102,2316.486816,1585.793213,-3187.993408,2333.669434,1421.116211,-3211.682861,2330.026611,1546.895264,-3218.096924,2314.705566,1446.330322,-3157.831055,2316.504395,1585.614746,-3187.943848,2616.320068,1567.728760,-3159.709717,,,,,,,,,,,,,,,,,,,,,,,,,,,,,,,,,
802,8.020000,0.000000,0.000000,0.000000,1.000000,0.000000,0.000000,0.000000,57.698101,20.499701,-14.700500,0.047771,-0.013570,0.015998,-15.666301,-52.738201,18.801300,-93.396698,0.129960,17.611099,-0.189095,-0.430723,-0.662866,0.582520,2322.548828,1500.539062,-3193.559082,2332.614502,1421.781372,-3211.314697,2328.846191,1547.346069,-3217.728271,2313.563721,1446.696899,-3157.513916,2315.170898,1586.332031,-3187.679443,2332.680908,1421.622070,-3211.345459,2328.778320,1547.469604,-3217.758789,2313.516357,1446.683594,-3157.469971,2315.220947,1586.375122,-3187.667725,2616.341797,1567.773926,-3159.749756,,,,,,,,,,,,,,,,,,,,,,,,,,,,,,,,,
803,8.030000,0.000000,0.000000,0.000000,1.000000,0.000000,0.000000,0.000000,57.698101,20.499701,-14.700500,0.047771,-0.013570,0.015998,-15.666301,-52.738201,18.801300,-93.396698,0.129960,17.611099,-0.188204,-0.431628,-0.662664,0.582369,2321.363037,1501.061401,-3193.196045,2331.559082,1422.308472,-3210.897461,2327.662109,1547.866211,-3217.369385,2312.356934,1447.223145,-3157.150391,2313.873535,1586.848267,-3187.367188,2331.666016,1422.187256,-3210.971191,2327.562012,1547.930420,-3217.409912,2312.271240,1447.185669,-3157.052734,2313.955566,1586.936646,-3187.353027,2616.365967,1567.750488,-3159.785889,,,,,,,,,,,,,,,,,,,,,,,,,,,,,,,,,
804,8.040000,0.000000,0.000000,0.000000,1.000000,0.000000,0.000000,0.000000,57.698101,20.499701,-14.700500,0.047771,-0.013570,0.015998,-15.666301,-52.738201,18.801300,-93.396698,0.129960,17.611099,-0.188962,-0.430854,-0.662553,0.582822,2320.205566,1501.673096,-3192.761719,2330.343018,1422.921753,-3210.504150,2326.458252,1548.481812,-3216.939209,2311.272217,1447.828857,-3156.706543,2312.748291,1587.460327,-3186.896484,2330.493896,1422.989868,-3210.560059,2326.244141,1548.440186,-3216.943359,2311.147461,1447.764038,-3156.623291,2312.931885,1587.497925,-3186.921387,2616.343506,1567.767700,-3159.814697,,,,,,,,,,,,,,,,,,,,,,,,,,,,,,,,,
805,8.050000,0.000000,0.000000,0.000000,1.000000,0.000000,0.000000,0.000000,57.698101,20.499701,-14.700500,0.047771,-0.013570,0.015998,-15.666301,-52.738201,18.801300,-93.396698,0.129960,17.611099,-0.189027,-0.430822,-0.662149,0.583283,2319.043945,1502.394775,-3192.358398,2329.249268,1423.650024,-3210.091309,2325.232910,1549.204712,-3216.550049,2310.189453,1448.549072,-3156.286133,2311.503662,1588.175537,-3186.506348,2329.382568,1423.745850,-3210.141357,2325.053223,1549.198730,-3216.577148,2310.073975,1448.589966,-3156.215088,2311.673340,1588.038940,-3186.501465,2616.344482,1567.729126,-3159.840820,,,,,,,,,,,,,,,,,,,,,,,,,,,,,,,,,
806,8.060000,0.000000,0.000000,0.000000,1.000000,0.000000,0.000000,0.000000,57.698101,20.499701,-14.700500,0.047771,-0.013570,0.015998,-15.666301,-52.738201,18.801300,-93.396698,0.129960,17.611099,-0.188795,-0.430926,-0.661404,0.584126,2317.838379,1503.204956,-3191.881836,2328.208984,1424.479736,-3209.605713,2323.909180,1550.023926,-3216.085938,2309.124756,1449.346558,-3155.794189,2310.110840,1588.969849,-3186.041504,2328.289795,1424.427368,-3209.635254,2323.804932,1550.152466,-3216.129150,2309.051270,1449.417358,-3155.746094,2310.206787,1588.821655,-3186.018311,2616.356934,1567.724365,-3159.842041,,,,,,,,,,,,,,,,,,,,,,,,,,,,,,,,,
807,8.070000,0.000000,0.000000,0.000000,1.000000,0.000000,0.000000,0.000000,57.698101,20.499701,-14.700500,0.047771,-0.013570,0.015998,-15.666301,-52.738201,18.801300,-93.396698,0.129960,17.611099,-0.189322,-0.430410,-0.660652,0.585187,2316.666992,1504.035156,-3191.373047,2327.121826,1425.323730,-3209.108643,2322.601074,1550.859619,-3215.600586,2308.131348,1450.169067,-3155.254150,2308.813965,1589.788330,-3185.528809,2327.169189,1425.136719,-3209.143311,2322.571045,1551.018921,-3215.652344,2308.095947,1450.248047,-3155.217529,2308.833252,1589.732666,-3185.486816,2616.317383,1567.711548,-3159.861084,,,,,,,,,,,,,,,,,,,,,,,,,,,,,,,,,
808,8.080000,0.000000,0.000000,0.000000,1.000000,0.000000,0.000000,0.000000,57.698101,20.499701,-14.700500,0.047771,-0.013570,0.015998,-15.666301,-52.738201,18.801300,-93.396698,0.129960,17.611099,-0.188631,-0.431201,-0.659966,0.585601,2315.658203,1504.822510,-3190.843994,2326.311035,1426.122925,-3208.513916,2321.516602,1551.643921,-3215.095703,2307.199219,1450.961548,-3154.699463,2307.605469,1590.561768,-3185.066895,2326.318359,1426.081421,-3208.552734,2321.533936,1551.733643,-3215.125977,2307.182617,1450.941528,-3154.627930,2307.597900,1590.537109,-3185.068359,2616.373291,1567.742310,-3159.862793,,,,,,,,,,,,,,,,,,,,,,,,,,,,,,,,,
809,8.090000,0.000000,0.000000,0.000000,1.000000,0.000000,0.000000,0.000000,57.698101,20.499701,-14.700500,0.047771,-0.013570,0.015998,-15.666301,-52.738201,18.801300,-93.396698,0.129960,17.611099,-0.189832,-0.430777,-0.659089,0.586512,2314.571045,1505.762573,-3190.252686,2325.249268,1427.051758,-3207.857666,2320.303467,1552.559326,-3214.582031,2306.283691,1451.938599,-3154.013672,2306.448242,1591.500732,-3184.557861,2325.271484,1427.127686,-3207.855957,2320.271240,1552.570435,-3214.613037,2306.256104,1451.979004,-3154.001221,2306.489746,1591.364624,-3184.539795,2616.352539,1567.781006,-3159.869385,,,,,,,,,,,,,,,,,,,,,,,,,,,,,,,,,
810,8.100000,0.000000,0.000000,0.000000,1.000000,0.000000,0.000000,0.000000,57.698101,20.499701,-14.700500,0.047771,-0.013570,0.015998,-15.666301,-52.738201,18.801300,-93.396698,0.129960,17.611099,-0.190692,-0.430675,-0.657964,0.587570,2313.415771,1506.822021,-3189.592041,2324.200439,1428.106689,-3207.111328,2318.994629,1553.594604,-3214.003418,2305.326416,1453.034546,-3153.254150,2305.141602,1592.552368,-3183.999512,2324.265137,1428.098022,-3207.123047,2318.904541,1553.610107,-3214.023193,2305.271973,1453.138306,-3153.254883,2305.221680,1592.439697,-3183.965332,2616.343018,1567.733765,-3159.869873,,,,,,,,,,,,,,,,,,,,,,,,,,,,,,,,,
811,8.110000,0.000000,0.000000,0.000000,1.000000,0.000000,0.000000,0.000000,57.698101,20.499701,-14.700500,0.047771,-0.013570,0.015998,-15.666301,-52.738201,18.801300,-93.396698,0.129960,17.611099,-0.190715,-0.431047,-0.656854,0.588531,2312.261719,1507.862305,-3188.891602,2323.243652,1429.156860,-3206.333008,2317.694092,1554.622803,-3213.359375,2304.347656,1454.093628,-3152.487305,2303.761719,1593.576294,-3183.386719,2323.382324,1429.092163,-3206.380859,2317.500000,1554.610107,-3213.339355,2304.251465,1454.130859,-3152.459717,2303.911865,1593.613892,-3183.387451,2616.312988,1567.712280,-3159.854248,,,,,,,,,,,,,,,,,,,,,,,,,,,,,,,,,
812,8.120000,0.000000,0.000000,0.000000,1.000000,0.000000,0.000000,0.000000,57.698101,20.499701,-14.700500,0.047771,-0.013570,0.015998,-15.666301,-52.738201,18.801300,-93.396698,0.129960,17.611099,-0.190495,-0.431718,-0.655905,0.589169,2311.217529,1508.832764,-3188.151855,2322.391113,1430.133179,-3205.497070,2316.541748,1555.576782,-3212.674561,2303.426758,1455.088867,-3151.684570,2302.510742,1594.532715,-3182.750977,2322.538330,1430.053345,-3205.572998,2316.377197,1555.635010,-3212.731201,2303.307129,1455.082397,-3151.579834,2302.645264,1594.559814,-3182.725586,2616.307617,1567.738403,-3159.830811,,,,,,,,,,,,,,,,,,,,,,,,,,,,,,,,,
813,8.130000,0.000000,0.000000,0.000000,1.000000,0.000000,0.000000,0.000000,57.698101,20.499701,-14.700500,0.047771,-0.013570,0.015998,-15.666301,-52.738201,18.801300,-93.396698,0.129960,17.611099,-0.190921,-0.431461,-0.654931,0.590302,2310.106934,1509.912598,-3187.407227,2321.412842,1431.227295,-3204.732178,2315.275391,1556.653809,-3211.968506,2302.513428,1456.172974,-3150.892090,2301.226318,1595.596558,-3182.036133,2321.489014,1431.251953,-3204.806641,2315.229736,1556.743652,-3212.112793,2302.418213,1456.171753,-3150.734619,2301.284668,1595.485229,-3181.971680,2616.300293,1567.712769,-3159.800537,,,,,,,,,,,,,,,,,,,,,,,,,,,,,,,,,
814,8.140000,0.000000,0.000000,0.000000,1.000000,0.000000,0.000000,0.000000,57.698101,20.499701,-14.700500,0.047771,-0.013570,0.015998,-15.666301,-52.738201,18.801300,-93.396698,0.129960,17.611099,-0.191552,-0.431325,-0.653591,0.591680,2308.947021,1511.117432,-3186.635986,2320.426025,1432.443359,-3203.897461,2313.918945,1557.843506,-3211.266846,2301.601562,1457.400635,-3150.036377,2299.841553,1596.782715,-3181.343262,2320.495361,1432.430664,-3203.965820,2313.860840,1557.909912,-3211.327881,2301.528320,1457.453857,-3149.935791,2299.902100,1596.675293,-3181.311768,2616.307373,1567.756592,-3159.776855,,,,,,,,,,,,,,,,,,,,,,,,,,,,,,,,,
815,8.150000,0.000000,0.000000,0.000000,1.000000,0.000000,0.000000,0.000000,57.698101,20.499701,-14.700500,0.047771,-0.013570,0.015998,-15.666301,-52.738201,18.801300,-93.396698,0.129960,17.611099,-0.192116,-0.431408,-0.652619,0.592509,2307.856689,1512.243652,-3185.764160,2319.445801,1433.567627,-3202.943359,2312.703125,1558.946411,-3210.464111,2300.669922,1458.561401,-3149.082275,2298.608154,1597.899292,-3180.566895,2319.489746,1433.474854,-3203.006348,2312.688477,1559.071411,-3210.530518,2300.623535,1458.591675,-3148.985840,2298.624268,1597.841675,-3180.536865,2616.234619,1567.710327,-3159.773193,,,,,,,,,,,,,,,,,,,,,,,,,,,,,,,,,
816,8.160000,0.000000,0.000000,0.000000,1.000000,0.000000,0.000000,0.000000,57.698101,20.499701,-14.700500,0.047771,-0.013570,0.015998,-15.666301,-52.738201,18.801300,-93.396698,0.129960,17.611099,-0.193706,-0.430273,-0.651599,0.593938,2306.704346,1513.265747,-3184.847412,2318.306396,1434.591919,-3202.027588,2311.366455,1559.956299,-3209.605225,2299.770508,1459.601562,-3148.090576,2297.373291,1598.913452,-3179.665771,2318.382568,1434.508789,-3202.070068,2311.278320,1560.074463,-3209.641602,2299.707031,1459.619263,-3148.025146,2297.446045,1598.865112,-3179.655273,2616.244873,1567.756714,-3159.736572,,,,,,,,,,,,,,,,,,,,,,,,,,,,,,,,,
817,8.170000,0.000000,0.000000,0.000000,1.000000,0.000000,0.000000,0.000000,57.698101,20.499701,-14.700500,0.047771,-0.013570,0.015998,-15.666301,-52.738201,18.801300,-93.396698,0.129960,17.611099,-0.194799,-0.429572,-0.650100,0.595727,2305.481934,1514.522461,-3183.910400,2317.237061,1435.865479,-3201.064453,2309.900391,1561.201782,-3208.734131,2298.864990,1460.874756,-3147.071289,2295.925049,1600.147827,-3178.771729,2317.294434,1435.854980,-3201.051270,2309.781738,1561.291016,-3208.708008,2298.822266,1460.848755,-3147.071045,2296.025391,1600.099976,-3178.810547,2616.246094,1567.759766,-3159.699219,,,,,,,,,,,,,,,,,,,,,,,,,,,,,,,,,
818,8.180000,0.000000,0.000000,0.000000,1.000000,0.000000,0.000000,0.000000,57.698101,20.499701,-14.700500,0.047771,-0.013570,0.015998,-15.666301,-52.738201,18.801300,-93.396698,0.129960,17.611099,-0.195071,-0.429469,-0.648739,0.597194,2304.169189,1515.733398,-3182.824219,2316.141602,1437.101562,-3199.943115,2308.379395,1562.407227,-3207.694580,2297.810547,1462.093628,-3145.928223,2294.345459,1601.331177,-3177.730713,2316.165771,1437.058838,-3199.897217,2308.316162,1562.439453,-3207.673584,2297.801025,1462.159424,-3146.004639,2294.393066,1601.277588,-3177.723389,2616.261230,1567.749512,-3159.670166,,,,,,,,,,,,,,,,,,,,,,,,,,,,,,,,,
819,8.190000,0.000000,0.000000,0.000000,1.000000,0.000000,0.000000,0.000000,57.698101,20.499701,-14.700500,0.047771,-0.013570,0.015998,-15.666301,-52.738201,18.801300,-93.396698,0.129960,17.611099,-0.194282,-0.430546,-0.647773,0.597725,2302.915283,1516.803345,-3181.726562,2315.144043,1438.188843,-3198.742920,2307.024902,1563.462769,-3206.640869,2296.659668,1463.184814,-3144.781982,2292.832275,1602.377441,-3176.740234,2315.169922,1438.150635,-3198.761230,2307.011475,1563.440674,-3206.668457,2296.636963,1463.305176,-3144.790039,2292.841797,1602.323364,-3176.685547,2616.275146,1567.774658,-3159.659180,,,,,,,,,,,,,,,,,,,,,,,,,,,,,,,,,
820,8.200000,0.000000,0.000000,0.000000,1.000000,0.000000,0.000000,0.000000,57.698101,20.499701,-14.700500,0.047771,-0.013570,0.015998,-15.666301,-52.738201,18.801300,-93.396698,0.129960,17.611099,-0.194018,-0.431065,-0.646916,0.598364,2301.596191,1517.944214,-3180.556396,2314.005615,1439.343506,-3197.505127,2305.601318,1564.591675,-3205.510010,2295.459961,1464.342773,-3143.566895,2291.317383,1603.499146,-3175.643066,2314.077881,1439.312622,-3197.503662,2305.516846,1564.679688,-3205.631348,2295.393311,1464.292603,-3143.512451,2291.389160,1603.497559,-3175.585205,2616.223145,1567.725464,-3159.641846,,,,,,,,,,,,,,,,,,,,,,,,,,,,,,,,,
821,8.210000,0.000000,0.000000,0.000000,1.000000,0.000000,0.000000,0.000000,57.698101,20.499701,-14.700500,0.047771,-0.013570,0.015998,-15.666301,-52.738201,18.801300,-93.396698,0.129960,17.611099,-0.194367,-0.431343,-0.645756,0.599302,2300.218018,1519.247314,-3179.377197,2312.793457,1440.652710,-3196.232422,2304.076660,1565.868896,-3204.402100,2294.262207,1465.683716,-3142.303955,2289.739990,1604.784180,-3174.570801,2312.868408,1440.605957,-3196.256836,2303.989502,1565.961792,-3204.474609,2294.196289,1465.648804,-3142.234863,2289.812988,1604.776489,-3174.545410,2616.218750,1567.764038,-3159.651123,,,,,,,,,,,,,,,,,,,,,,,,,,,,,,,,,
822,8.220000,0.000000,0.000000,0.000000,1.000000,0.000000,0.000000,0.000000,57.698101,20.499701,-14.700500,0.047771,-0.013570,0.015998,-15.666301,-52.738201,18.801300,-93.396698,0.129960,17.611099,-0.195512,-0.431145,-0.644440,0.600489,2298.826904,1520.328247,-3178.090088,2311.508301,1441.729370,-3194.845215,2302.508545,1566.912598,-3203.210938,2293.101318,1466.819214,-3140.901855,2288.189453,1605.852051,-3173.402344,2311.652100,1441.702637,-3194.878906,2302.310791,1566.891968,-3203.240967,2292.992188,1466.871582,-3140.875732,2288.349609,1605.845093,-3173.366211,2616.208740,1567.743896,-3159.663574,,,,,,,,,,,,,,,,,,,,,,,,,,,,,,,,,
823,8.230000,0.000000,0.000000,0.000000,1.000000,0.000000,0.000000,0.000000,57.698101,20.499701,-14.700500,0.047771,-0.013570,0.015998,-15.666301,-52.738201,18.801300,-93.396698,0.129960,17.611099,-0.195902,-0.431474,-0.643200,0.601453,2297.426758,1521.349731,-3176.861816,2310.282715,1442.756592,-3193.510498,2300.955078,1567.903442,-3202.061523,2291.888916,1467.885498,-3139.580811,2286.580078,1606.853760,-3172.294434,2310.344482,1442.694946,-3193.531006,2300.884521,1567.981201,-3202.109863,2291.833496,1467.979614,-3139.557373,2286.644043,1606.742920,-3172.247070,2616.274414,1567.772949,-3159.657227,,,,,,,,,,,,,,,,,,,,,,,,,,,,,,,,,
824,8.240000,0.000000,0.000000,0.000000,1.000000,0.000000,0.000000,0.000000,57.698101,20.499701,-14.700500,0.047771,-0.013570,0.015998,-15.666301,-52.738201,18.801300,-93.396698,0.129960,17.611099,-0.196054,-0.431543,-0.641935,0.602705,2295.984131,1522.408081,-3175.599854,2309.050049,1443.839844,-3192.202148,2299.328613,1568.950195,-3200.845703,2290.671387,1468.959961,-3138.262939,2284.885986,1607.882812,-3171.088379,2309.108643,1443.735107,-3192.191162,2299.253662,1569.061157,-3200.897461,2290.632812,1468.955322,-3138.253662,2284.939453,1607.883545,-3171.060059,2616.308838,1567.746460,-3159.647705,,,,,,,,,,,,,,,,,,,,,,,,,,,,,,,,,
825,8.250000,0.000000,0.000000,0.000000,1.000000,0.000000,0.000000,0.000000,57.698101,20.499701,-14.700500,0.047771,-0.013570,0.015998,-15.666301,-52.738201,18.801300,-93.396698,0.129960,17.611099,-0.195817,-0.432321,-0.641544,0.602641,2294.548340,1523.388306,-3174.326172,2307.703857,1444.813843,-3190.828857,2297.880127,1569.906128,-3199.618408,2289.240479,1469.975586,-3136.937744,2283.368408,1608.857788,-3169.919434,2307.752686,1444.817871,-3190.786133,2297.798096,1570.015503,-3199.723389,2289.194824,1469.895020,-3136.920166,2283.439941,1608.831787,-3169.882812,2616.293457,1567.766113,-3159.672119,,,,,,,,,,,,,,,,,,,,,,,,,,,,,,,,,
826,8.260000,0.000000,0.000000,0.000000,1.000000,0.000000,0.000000,0.000000,57.698101,20.499701,-14.700500,0.047771,-0.013570,0.015998,-15.666301,-52.738201,18.801300,-93.396698,0.129960,17.611099,-0.196001,-0.432946,-0.640776,0.602949,2293.081055,1524.171997,-3173.021484,2306.346436,1445.590332,-3189.401611,2296.346191,1570.654785,-3198.386963,2287.850342,1470.810547,-3135.549316,2281.781250,1609.632446,-3168.748291,2306.519043,1445.659912,-3189.468262,2296.109131,1570.609985,-3198.427002,2287.704102,1470.860352,-3135.472656,2281.992188,1609.553223,-3168.720947,2616.322510,1567.774536,-3159.701416,,,,,,,,,,,,,,,,,,,,,,,,,,,,,,,,,
827,8.270000,0.000000,0.000000,0.000000,1.000000,0.000000,0.000000,0.000000,57.698101,20.499701,-14.700500,0.047771,-0.013570,0.015998,-15.666301,-52.738201,18.801300,-93.396698,0.129960,17.611099,-0.196726,-0.433014,-0.640058,0.603426,2291.531982,1524.832275,-3171.686768,2304.841064,1446.239502,-3187.977783,2294.717285,1571.282349,-3197.121826,2286.406006,1471.518677,-3134.132080,2280.163818,1610.288696,-3167.515381,2304.916016,1446.179810,-3188.030029,2294.645752,1571.348755,-3197.179199,2286.336670,1471.598755,-3134.067627,2280.229004,1610.202759,-3167.469727,2616.349609,1567.762451,-3159.721924,,,,,,,,,,,,,,,,,,,,,,,,,,,,,,,,,
828,8.280000,0.000000,0.000000,0.000000,1.000000,0.000000,0.000000,0.000000,57.698101,20.499701,-14.700500,0.047771,-0.013570,0.015998,-15.666301,-52.738201,18.801300,-93.396698,0.129960,17.611099,-0.196962,-0.433530,-0.639357,0.603722,2290.088379,1525.523560,-3170.414307,2303.490234,1446.923828,-3186.595215,2293.211426,1571.941040,-3195.916748,2285.035645,1472.257568,-3132.781982,2278.616455,1610.971924,-3166.363037,2303.571533,1446.759766,-3186.600098,2293.122559,1572.082397,-3195.983154,2284.985840,1472.227417,-3132.746338,2278.674561,1611.022583,-3166.333008,2616.360352,1567.711914,-3159.745850,,,,,,,,,,,,,,,,,,,,,,,,,,,,,,,,,
829,8.290000,0.000000,0.000000,0.000000,1.000000,0.000000,0.000000,0.000000,57.698101,20.499701,-14.700500,0.047771,-0.013570,0.015998,-15.666301,-52.738201,18.801300,-93.396698,0.129960,17.611099,-0.197466,-0.434176,-0.639298,0.603156,2288.599365,1526.036621,-3169.156982,2301.945068,1447.398193,-3185.195557,2291.776367,1572.407715,-3194.737061,2283.479248,1472.839355,-3131.436768,2277.196289,1611.501343,-3165.258789,2302.008545,1447.359497,-3185.193359,2291.685303,1572.521606,-3194.802246,2283.425537,1472.754150,-3131.383301,2277.269531,1611.516602,-3165.251709,2616.356201,1567.714966,-3159.778809,,,,,,,,,,,,,,,,,,,,,,,,,,,,,,,,,
830,8.300000,0.000000,0.000000,0.000000,1.000000,0.000000,0.000000,0.000000,57.698101,20.499701,-14.700500,0.047771,-0.013570,0.015998,-15.666301,-52.738201,18.801300,-93.396698,0.129960,17.611099,-0.199281,-0.434903,-0.638698,0.602670,2287.119385,1526.397705,-3167.868896,2300.351562,1447.682617,-3183.622314,2290.319092,1572.666626,-3193.630127,2281.983887,1473.351440,-3129.938721,2275.822754,1611.890259,-3164.283936,2300.486084,1447.656982,-3183.638428,2290.110596,1572.678345,-3193.626709,2281.886475,1473.361572,-3129.925049,2275.990479,1611.894775,-3164.285889,2616.321777,1567.775757,-3159.817139,,,,,,,,,,,,,,,,,,,,,,,,,,,,,,,,,
831,8.310000,0.000000,0.000000,0.000000,1.000000,0.000000,0.000000,0.000000,57.698101,20.499701,-14.700500,0.047771,-0.013570,0.015998,-15.666301,-52.738201,18.801300,-93.396698,0.129960,17.611099,-0.200243,-0.436401,-0.638308,0.601680,2285.642578,1526.664795,-3166.636475,2298.813477,1447.876709,-3182.073242,2288.923584,1572.832153,-3192.569824,2280.403564,1473.768677,-3128.511230,2274.429688,1612.182007,-3163.391357,2298.871582,1447.858032,-3182.087646,2288.847656,1572.877930,-3192.605225,2280.345459,1473.894531,-3128.506592,2274.507324,1612.022827,-3163.341309,2616.334961,1567.779785,-3159.862793,,,,,,,,,,,,,,,,,,,,,,,,,,,,,,,,,
832,8.320000,0.000000,0.000000,0.000000,1.000000,0.000000,0.000000,0.000000,57.698101,20.499701,-14.700500,0.047771,-0.013570,0.015998,-15.666301,-52.738201,18.801300,-93.396698,0.129960,17.611099,-0.200686,-0.438262,-0.638033,0.600470,2284.297119,1526.893921,-3165.439941,2297.440674,1448.039062,-3180.555908,2287.685547,1572.963867,-3191.531982,2278.912842,1474.141235,-3127.136719,2273.149414,1612.431885,-3162.534912,2297.494385,1448.060181,-3180.613037,2287.656982,1572.937134,-3191.619873,2278.852539,1474.195435,-3127.058105,2273.183105,1612.384155,-3162.466797,2616.342529,1567.759521,-3159.855469,,,,,,,,,,,,,,,,,,,,,,,,,,,,,,,,,
833,8.330000,0.000000,0.000000,0.000000,1.000000,0.000000,0.000000,0.000000,57.698101,20.499701,-14.700500,0.047771,-0.013570,0.015998,-15.666301,-52.738201,18.801300,-93.396698,0.129960,17.611099,-0.202005,-0.439368,-0.637609,0.599670,2282.910400,1527.077881,-3164.297363,2295.959961,1448.151855,-3179.120117,2286.359619,1573.046997,-3190.558350,2277.454834,1474.473511,-3125.800537,2271.866699,1612.639526,-3161.709717,2296.056885,1448.143066,-3179.160889,2286.259766,1573.074341,-3190.674561,2277.364502,1474.403809,-3125.694336,2271.952637,1612.689209,-3161.659668,2616.372803,1567.756470,-3159.862061,,,,,,,,,,,,,,,,,,,,,,,,,,,,,,,,,
834,8.340000,0.000000,0.000000,0.000000,1.000000,0.000000,0.000000,0.000000,57.698101,20.499701,-14.700500,0.047771,-0.013570,0.015998,-15.666301,-52.738201,18.801300,-93.396698,0.129960,17.611099,-0.203852,-0.440300,-0.637098,0.598904,2281.491455,1527.193726,-3163.170410,2294.402832,1448.185669,-3177.674561,2284.994385,1573.047607,-3189.625244,2275.981201,1474.758911,-3124.450928,2270.587646,1612.783081,-3160.930664,2294.515869,1448.008545,-3177.700928,2284.863525,1573.156982,-3189.654541,2275.912842,1474.712036,-3124.399902,2270.679688,1612.892334,-3160.929688,2616.327393,1567.750366,-3159.862061,,,,,,,,,,,,,,,,,,,,,,,,,,,,,,,,,
835,8.350000,0.000000,0.000000,0.000000,1.000000,0.000000,0.000000,0.000000,57.698101,20.499701,-14.700500,0.047771,-0.013570,0.015998,-15.666301,-52.738201,18.801300,-93.396698,0.129960,17.611099,-0.204891,-0.441079,-0.636499,0.598613,2280.069580,1527.233154,-3161.995361,2292.955322,1448.180298,-3176.276611,2283.574219,1573.009644,-3188.583496,2274.560791,1474.911499,-3123.123047,2269.188232,1612.831299,-3159.998291,2293.045654,1447.989990,-3176.299316,2283.487549,1573.147461,-3188.655273,2274.501221,1474.955322,-3123.084961,2269.245605,1612.831177,-3159.949951,2616.340088,1567.720215,-3159.865723,,,,,,,,,,,,,,,,,,,,,,,,,,,,,,,,,
836,8.360000,0.000000,0.000000,0.000000,1.000000,0.000000,0.000000,0.000000,57.698101,20.499701,-14.700500,0.047771,-0.013570,0.015998,-15.666301,-52.738201,18.801300,-93.396698,0.129960,17.611099,-0.205648,-0.441913,-0.636594,0.597637,2278.636719,1527.151123,-3160.870850,2291.402832,1448.044312,-3174.959473,2282.242920,1572.860840,-3187.560303,2273.003662,1474.927734,-3121.884033,2267.897461,1612.771851,-3159.079346,2291.483154,1447.980225,-3175.030762,2282.166016,1572.986450,-3187.627930,2272.925781,1474.907715,-3121.754150,2267.964111,1612.735107,-3159.070312,2616.326660,1567.735596,-3159.854736,,,,,,,,,,,,,,,,,,,,,,,,,,,,,,,,,
837,8.370000,0.000000,0.000000,0.000000,1.000000,0.000000,0.000000,0.000000,57.698101,20.499701,-14.700500,0.047771,-0.013570,0.015998,-15.666301,-52.738201,18.801300,-93.396698,0.129960,17.611099,-0.206988,-0.441902,-0.636594,0.597182,2277.272217,1527.004395,-3159.768066,2289.880127,1447.850220,-3173.732910,2280.924072,1572.660156,-3186.543457,2271.598145,1474.860229,-3120.681641,2266.686768,1612.646973,-3158.114502,2290.007568,1447.855347,-3173.806396,2280.761719,1572.674316,-3186.563965,2271.489746,1474.854004,-3120.582520,2266.827148,1612.634155,-3158.119629,2616.323486,1567.759766,-3159.850586,,,,,,,,,,,,,,,,,,,,,,,,,,,,,,,,,
838,8.380000,0.000000,0.000000,0.000000,1.000000,0.000000,0.000000,0.000000,57.698101,20.499701,-14.700500,0.047771,-0.013570,0.015998,-15.666301,-52.738201,18.801300,-93.396698,0.129960,17.611099,-0.206986,-0.441790,-0.636700,0.597153,2275.912354,1526.755005,-3158.672852,2288.502686,1447.601440,-3172.656250,2279.572021,1572.416016,-3185.437988,2270.229736,1474.603149,-3119.597412,2265.344727,1612.399414,-3156.999023,2288.564697,1447.590576,-3172.684814,2279.497559,1572.507446,-3185.508545,2270.164795,1474.659912,-3119.540771,2265.422119,1612.257446,-3156.956055,2616.271240,1567.755005,-3159.846924,,,,,,,,,,,,,,,,,,,,,,,,,,,,,,,,,
839,8.390000,0.000000,0.000000,0.000000,1.000000,0.000000,0.000000,0.000000,57.698101,20.499701,-14.700500,0.047771,-0.013570,0.015998,-15.666301,-52.738201,18.801300,-93.396698,0.129960,17.611099,-0.205667,-0.442312,-0.637172,0.596719,2274.477783,1526.334839,-3157.607422,2287.129395,1447.200806,-3171.645508,2278.202393,1572.027710,-3184.309570,2268.696533,1474.136719,-3118.608398,2263.882324,1611.974609,-3155.865967,2287.192383,1447.230347,-3171.717773,2278.152832,1572.108643,-3184.402588,2268.617920,1474.176514,-3118.479736,2263.947266,1611.819336,-3155.822266,2616.312012,1567.742188,-3159.801025,,,,,,,,,,,,,,,,,,,,,,,,,,,,,,,,,
840,8.400000,0.000000,0.000000,0.000000,1.000000,0.000000,0.000000,0.000000,57.698101,20.499701,-14.700500,0.047771,-0.013570,0.015998,-15.666301,-52.738201,18.801300,-93.396698,0.129960,17.611099,-0.207131,-0.440700,-0.637655,0.596889,2273.023193,1525.840820,-3156.587646,2285.438721,1446.688843,-3170.736328,2276.753906,1571.546387,-3183.266846,2267.266846,1473.624634,-3117.609375,2262.633057,1611.503296,-3154.738037,2285.551270,1446.663330,-3170.804688,2276.623291,1571.615967,-3183.332520,2267.162842,1473.672241,-3117.509521,2262.751709,1611.412354,-3154.704102,2616.296387,1567.732666,-3159.779053,,,,,,,,,,,,,,,,,,,,,,,,,,,,,,,,,
841,8.410000,0.000000,0.000000,0.000000,1.000000,0.000000,0.000000,0.000000,57.698101,20.499701,-14.700500,0.047771,-0.013570,0.015998,-15.666301,-52.738201,18.801300,-93.396698,0.129960,17.611099,-0.206347,-0.439789,-0.638076,0.597383,2271.608643,1525.316650,-3155.657715,2284.053955,1446.208374,-3170.022217,2275.309814,1571.094971,-3182.216064,2265.888916,1472.994019,-3116.816895,2261.181396,1610.969360,-3153.575684,2284.140137,1446.246460,-3170.073242,2275.204834,1571.111328,-3182.260010,2265.804688,1473.062500,-3116.752686,2261.287842,1610.840698,-3153.542725,2616.262695,1567.752441,-3159.764404,,,,,,,,,,,,,,,,,,,,,,,,,,,,,,,,,
842,8.420000,0.000000,0.000000,0.000000,1.000000,0.000000,0.000000,0.000000,57.698101,20.499701,-14.700500,0.047771,-0.013570,0.015998,-15.666301,-52.738201,18.801300,-93.396698,0.129960,17.611099,-0.205062,-0.439468,-0.639081,0.596987,2270.147217,1524.669556,-3154.788818,2282.566162,1445.590942,-3169.338867,2273.934326,1570.515991,-3181.217529,2264.312256,1472.247559,-3116.099365,2259.776367,1610.323730,-3152.499268,2282.633789,1445.592529,-3169.392822,2273.869385,1570.638672,-3181.325684,2264.234131,1472.222412,-3115.969727,2259.845703,1610.229004,-3152.467529,2616.257812,1567.757446,-3159.731934,,,,,,,,,,,,,,,,,,,,,,,,,,,,,,,,,
843,8.430000,0.000000,0.000000,0.000000,1.000000,0.000000,0.000000,0.000000,57.698101,20.499701,-14.700500,0.047771,-0.013570,0.015998,-15.666301,-52.738201,18.801300,-93.396698,0.129960,17.611099,-0.206782,-0.436765,-0.639349,0.598089,2268.554688,1523.995239,-3154.013672,2280.760010,1444.928467,-3168.806396,2272.246338,1569.891113,-3180.370117,2262.882324,1471.501465,-3115.397461,2258.330322,1609.660278,-3151.480469,2280.878174,1444.897949,-3168.893555,2272.127686,1569.917725,-3180.445557,2262.771973,1471.592163,-3115.290771,2258.438232,1609.575317,-3151.421631,2616.248535,1567.721436,-3159.702881,,,,,,,,,,,,,,,,,,,,,,,,,,,,,,,,,
844,8.440000,0.000000,0.000000,0.000000,1.000000,0.000000,0.000000,0.000000,57.698101,20.499701,-14.700500,0.047771,-0.013570,0.015998,-15.666301,-52.738201,18.801300,-93.396698,0.129960,17.611099,-0.206449,-0.435425,-0.639429,0.599095,2267.008789,1523.323242,-3153.297852,2279.257324,1444.306641,-3168.320557,2270.604492,1569.290771,-3179.542236,2261.462891,1470.724243,-3114.806885,2256.710205,1608.971802,-3150.521484,2279.317383,1444.340332,-3168.402100,2270.562012,1569.312744,-3179.611328,2261.388672,1470.836182,-3114.703369,2256.768066,1608.797729,-3150.465088,2616.255859,1567.735107,-3159.671143,,,,,,,,,,,,,,,,,,,,,,,,,,,,,,,,,
845,8.450000,0.000000,0.000000,0.000000,1.000000,0.000000,0.000000,0.000000,57.698101,20.499701,-14.700500,0.047771,-0.013570,0.015998,-15.666301,-52.738201,18.801300,-93.396698,0.129960,17.611099,-0.206255,-0.434430,-0.639914,0.599366,2265.391357,1522.674438,-3152.669922,2277.587402,1443.682739,-3167.865723,2268.983398,1568.693604,-3178.823975,2259.858154,1469.999512,-3114.281006,2255.136230,1608.322021,-3149.708740,2277.685303,1443.676270,-3167.942871,2268.884033,1568.776367,-3178.919434,2259.756836,1470.052856,-3114.155518,2255.236572,1608.192261,-3149.658447,2616.211426,1567.710815,-3159.673828,,,,,,,,,,,,,,,,,,,,,,,,,,,,,,,,,
846,8.460000,0.000000,0.000000,0.000000,1.000000,0.000000,0.000000,0.000000,57.698101,20.499701,-14.700500,0.047771,-0.013570,0.015998,-15.666301,-52.738201,18.801300,-93.396698,0.129960,17.611099,-0.207650,-0.432253,-0.639903,0.600469,2263.742188,1521.972900,-3152.021240,2275.802246,1442.996704,-3167.405029,2267.225830,1568.030396,-3178.122559,2258.378418,1469.241943,-3113.685059,2253.562256,1607.622803,-3148.871826,2275.904297,1442.947266,-3167.479980,2267.115479,1568.076172,-3178.164551,2258.287598,1469.328491,-3113.601807,2253.659912,1607.540161,-3148.837402,2616.267334,1567.746582,-3159.635742,,,,,,,,,,,,,,,,,,,,,,,,,,,,,,,,,
847,8.470000,0.000000,0.000000,0.000000,1.000000,0.000000,0.000000,0.000000,57.698101,20.499701,-14.700500,0.047771,-0.013570,0.015998,-15.666301,-52.738201,18.801300,-93.396698,0.129960,17.611099,-0.207007,-0.431704,-0.639756,0.601242,2262.057129,1521.294556,-3151.463135,2274.226074,1442.362305,-3166.985596,2265.457031,1567.400757,-3177.489258,2256.793701,1468.491821,-3113.212158,2251.750977,1606.923828,-3148.165039,2274.285889,1442.328003,-3167.077148,2265.417236,1567.458740,-3177.531494,2256.728516,1468.595581,-3113.104492,2251.796387,1606.795532,-3148.133301,2616.297119,1567.774048,-3159.628418,,,,,,,,,,,,,,,,,,,,,,,,,,,,,,,,,
848,8.480000,0.000000,0.000000,0.000000,1.000000,0.000000,0.000000,0.000000,57.698101,20.499701,-14.700500,0.047771,-0.013570,0.015998,-15.666301,-52.738201,18.801300,-93.396698,0.129960,17.611099,-0.208642,-0.429782,-0.640073,0.601716,2260.262207,1520.629761,-3150.852051,2272.201904,1441.688599,-3166.507080,2263.632080,1566.754272,-3176.849854,2255.072998,1467.800537,-3112.627441,2250.141846,1606.275879,-3147.423584,2272.276123,1441.644897,-3166.552979,2263.553711,1566.794922,-3176.900879,2255.010254,1467.786011,-3112.552002,2250.206299,1606.293701,-3147.402588,2616.293457,1567.752686,-3159.637451,,,,,,,,,,,,,,,,,,,,,,,,,,,,,,,,,
849,8.490000,0.000000,0.000000,0.000000,1.000000,0.000000,0.000000,0.000000,57.698101,20.499701,-14.700500,0.047771,-0.013570,0.015998,-15.666301,-52.738201,18.801300,-93.396698,0.129960,17.611099,-0.209267,-0.429254,-0.639990,0.601964,2258.495361,1520.021362,-3150.290039,2270.381836,1441.075439,-3165.961426,2261.836670,1566.143555,-3176.295410,2253.352539,1467.195557,-3112.054443,2248.409668,1605.671021,-3146.848389,2270.468994,1440.988770,-3165.972900,2261.726074,1566.200928,-3176.335205,2253.292725,1467.167358,-3112.023682,2248.494385,1605.729248,-3146.830566,2616.291504,1567.751343,-3159.641846,,,,,,,,,,,,,,,,,,,,,,,,,,,,,,,,,
850,8.500000,0.000000,0.000000,0.000000,1.000000,0.000000,0.000000,0.000000,57.698101,20.499701,-14.700500,0.047771,-0.013570,0.015998,-15.666301,-52.738201,18.801300,-93.396698,0.129960,17.611099,-0.209810,-0.428766,-0.640032,0.602079,2256.621094,1519.359619,-3149.731934,2268.440918,1440.407715,-3165.423828,2259.953857,1565.481323,-3175.739258,2251.500488,1466.534668,-3111.492188,2246.589355,1605.014893,-3146.271729,2268.531982,1440.328369,-3165.416260,2259.826904,1565.612061,-3175.827148,2251.430176,1466.484253,-3111.450684,2246.687988,1605.022949,-3146.239746,2616.250977,1567.753418,-3159.673096,,,,,,,,,,,,,,,,,,,,,,,,,,,,,,,,,
851,8.510000,0.000000,0.000000,0.000000,1.000000,0.000000,0.000000,0.000000,57.698101,20.499701,-14.700500,0.047771,-0.013570,0.015998,-15.666301,-52.738201,18.801300,-93.396698,0.129960,17.611099,-0.210658,-0.428754,-0.640188,0.601625,2254.796631,1518.848022,-3149.227783,2266.487793,1439.862061,-3164.843750,2258.181885,1564.937134,-3175.286621,2249.621338,1466.071411,-3110.928711,2244.895996,1604.521973,-3145.852295,2266.566895,1439.758789,-3164.872803,2258.068359,1565.120239,-3175.310059,2249.559814,1465.974854,-3110.840576,2244.980957,1604.548828,-3145.887695,2616.288330,1567.757568,-3159.694336,,,,,,,,,,,,,,,,,,,,,,,,,,,,,,,,,
852,8.520000,0.000000,0.000000,0.000000,1.000000,0.000000,0.000000,0.000000,57.698101,20.499701,-14.700500,0.047771,-0.013570,0.015998,-15.666301,-52.738201,18.801300,-93.396698,0.129960,17.611099,-0.211501,-0.428716,-0.640227,0.601315,2252.894531,1518.253662,-3148.660645,2264.479248,1439.237183,-3164.202148,2256.312012,1564.311035,-3174.770996,2247.689209,1465.523926,-3110.301025,2243.097900,1603.942871,-3145.367920,2264.527344,1439.180908,-3164.206787,2256.241211,1564.473755,-3174.827881,2247.645752,1465.452393,-3110.237793,2243.155518,1603.920532,-3145.373047,2616.315186,1567.747681,-3159.708496,,,,,,,,,,,,,,,,,,,,,,,,,,,,,,,,,
853,8.530000,0.000000,0.000000,0.000000,1.000000,0.000000,0.000000,0.000000,57.698101,20.499701,-14.700500,0.047771,-0.013570,0.015998,-15.666301,-52.738201,18.801300,-93.396698,0.129960,17.611099,-0.212139,-0.429217,-0.640666,0.600264,2251.002686,1517.686401,-3148.207275,2262.426270,1438.621582,-3163.621826,2254.544678,1563.697388,-3174.382568,2245.647461,1465.025024,-3109.774414,2241.392578,1603.401611,-3145.049561,2262.508301,1438.533203,-3163.638672,2254.441650,1563.789673,-3174.430908,2245.586670,1464.972412,-3109.721191,2241.472168,1603.452393,-3145.040283,2616.319336,1567.721191,-3159.735596,,,,,,,,,,,,,,,,,,,,,,,,,,,,,,,,,
854,8.540000,0.000000,0.000000,0.000000,1.000000,0.000000,0.000000,0.000000,57.698101,20.499701,-14.700500,0.047771,-0.013570,0.015998,-15.666301,-52.738201,18.801300,-93.396698,0.129960,17.611099,-0.213376,-0.429488,-0.640553,0.599752,2249.182129,1517.217896,-3147.814697,2260.476318,1438.103516,-3163.069824,2252.769043,1563.167358,-3174.091797,2243.782959,1464.646973,-3109.264404,2239.700195,1602.953735,-3144.832520,2260.586426,1438.084961,-3163.089111,2252.610596,1563.228027,-3174.142578,2243.693848,1464.613892,-3109.209717,2239.832520,1602.948242,-3144.820312,2616.322998,1567.725586,-3159.758301,,,,,,,,,,,,,,,,,,,,,,,,,,,,,,,,,
855,8.550000,0.000000,0.000000,0.000000,1.000000,0.000000,0.000000,0.000000,57.698101,20.499701,-14.700500,0.047771,-0.013570,0.015998,-15.666301,-52.738201,18.801300,-93.396698,0.129960,17.611099,-0.213610,-0.430309,-0.640630,0.598998,2247.374512,1516.731079,-3147.545898,2258.617676,1437.582397,-3162.659668,2251.038818,1562.635376,-3173.891113,2241.875000,1464.226318,-3108.919434,2237.966553,1602.480225,-3144.712891,2258.698975,1437.562256,-3162.749023,2250.963623,1562.716309,-3173.955811,2241.791016,1464.263550,-3108.784424,2238.041260,1602.383911,-3144.688965,2616.360352,1567.750244,-3159.780762,,,,,,,,,,,,,,,,,,,,,,,,,,,,,,,,,
856,8.560000,0.000000,0.000000,0.000000,1.000000,0.000000,0.000000,0.000000,57.698101,20.499701,-14.700500,0.047771,-0.013570,0.015998,-15.666301,-52.738201,18.801300,-93.396698,0.129960,17.611099,-0.214876,-0.430940,-0.640747,0.597965,2245.504150,1516.143311,-3147.289307,2256.567383,1436.929199,-3162.191406,2249.275146,1561.968750,-3173.756348,2239.882080,1463.754517,-3108.523682,2236.291992,1601.921021,-3144.685547,2256.634033,1436.842285,-3162.271729,2249.239258,1562.047607,-3173.852783,2239.817627,1463.760620,-3108.394287,2236.322998,1601.922485,-3144.639648,2616.310791,1567.743652,-3159.821533,,,,,,,,,,,,,,,,,,,,,,,,,,,,,,,,,
857,8.570000,0.000000,0.000000,0.000000,1.000000,0.000000,0.000000,0.000000,57.698101,20.499701,-14.700500,0.047771,-0.013570,0.015998,-15.666301,-52.738201,18.801300,-93.396698,0.129960,17.611099,-0.216715,-0.430990,-0.640017,0.598048,2243.882568,1515.750488,-3147.217285,2254.859863,1436.487671,-3161.922363,2247.609131,1561.498047,-3173.825195,2238.334229,1463.475952,-3108.287109,2234.727295,1601.540649,-3144.833984,2254.978027,1436.489502,-3161.998779,2247.459229,1561.496094,-3173.834961,2238.235596,1463.497070,-3108.199463,2234.855713,1601.519531,-3144.836670,2616.322510,1567.712769,-3159.843018,,,,,,,,,,,,,,,,,,,,,,,,,,,,,,,,,
858,8.580000,0.000000,0.000000,0.000000,1.000000,0.000000,0.000000,0.000000,57.698101,20.499701,-14.700500,0.047771,-0.013570,0.015998,-15.666301,-52.738201,18.801300,-93.396698,0.129960,17.611099,-0.217580,-0.431151,-0.639843,0.597804,2242.340088,1515.403198,-3147.236816,2253.244141,1436.109863,-3161.831787,2246.081543,1561.107910,-3173.916016,2236.781006,1463.191284,-3108.224121,2233.253418,1601.203857,-3144.974854,2253.365479,1436.108887,-3161.929199,2245.945801,1561.132202,-3173.960449,2236.669678,1463.263672,-3108.106689,2233.378906,1601.108765,-3144.947754,2616.356201,1567.765015,-3159.847900,,,,,,,,,,,,,,,,,,,,,,,,,,,,,,,,,
859,8.590000,0.000000,0.000000,0.000000,1.000000,0.000000,0.000000,0.000000,57.698101,20.499701,-14.700500,0.047771,-0.013570,0.015998,-15.666301,-52.738201,18.801300,-93.396698,0.129960,17.611099,-0.218536,-0.432095,-0.639578,0.597056,2240.636719,1514.937866,-3147.260986,2251.463379,1435.591064,-3161.620850,2244.438232,1560.560913,-3174.071289,2235.005859,1462.845459,-3108.098877,2231.639648,1600.754395,-3145.252197,2251.510254,1435.559937,-3161.684814,2244.404785,1560.718262,-3174.166992,2234.946777,1462.853149,-3107.965332,2231.681396,1600.628540,-3145.226074,2616.323975,1567.706055,-3159.859131,,,,,,,,,,,,,,,,,,,,,,,,,,,,,,,,,
860,8.600000,0.000000,0.000000,0.000000,1.000000,0.000000,0.000000,0.000000,57.698101,20.499701,-14.700500,0.047771,-0.013570,0.015998,-15.666301,-52.738201,18.801300,-93.396698,0.129960,17.611099,-0.220192,-0.431799,-0.638958,0.597326,2239.171143,1514.627319,-3147.336426,2249.917480,1435.246582,-3161.568604,2242.914062,1560.194458,-3174.250244,2233.632080,1462.616699,-3108.053223,2230.220215,1600.451904,-3145.474121,2250.017334,1435.179443,-3161.640137,2242.800537,1560.302856,-3174.307129,2233.544189,1462.613159,-3107.935547,2230.315674,1600.417725,-3145.464600,2616.354736,1567.730957,-3159.860107,,,,,,,,,,,,,,,,,,,,,,,,,,,,,,,,,
861,8.610000,0.000000,0.000000,0.000000,1.000000,0.000000,0.000000,0.000000,57.698101,20.499701,-14.700500,0.047771,-0.013570,0.015998,-15.666301,-52.738201,18.801300,-93.396698,0.129960,17.611099,-0.221901,-0.431144,-0.638496,0.597660,2237.742676,1514.338989,-3147.514648,2248.377686,1434.929077,-3161.667969,2241.428223,1559.863892,-3174.507324,2232.299072,1462.389771,-3108.136475,2228.865723,1600.173218,-3145.746582,2248.493408,1434.887451,-3161.753418,2241.294922,1559.872070,-3174.527588,2232.204834,1462.395386,-3108.034180,2228.975586,1600.200195,-3145.744629,2616.361328,1567.725830,-3159.855469,,,,,,,,,,,,,,,,,,,,,,,,,,,,,,,,,
862,8.620000,0.000000,0.000000,0.000000,1.000000,0.000000,0.000000,0.000000,57.698101,20.499701,-14.700500,0.047771,-0.013570,0.015998,-15.666301,-52.738201,18.801300,-93.396698,0.129960,17.611099,-0.222922,-0.430821,-0.638371,0.597647,2236.402588,1514.103882,-3147.680664,2246.942383,1434.671631,-3161.779297,2240.081787,1559.600586,-3174.721680,2230.980957,1462.196045,-3108.245361,2227.605225,1599.947632,-3145.976318,2247.014404,1434.607178,-3161.831055,2239.994873,1559.674438,-3174.730713,2230.923096,1462.208862,-3108.178223,2227.676270,1599.926270,-3145.984619,2616.312012,1567.718262,-3159.855713,,,,,,,,,,,,,,,,,,,,,,,,,,,,,,,,,
863,8.630000,0.000000,0.000000,0.000000,1.000000,0.000000,0.000000,0.000000,57.698101,20.499701,-14.700500,0.047771,-0.013570,0.015998,-15.666301,-52.738201,18.801300,-93.396698,0.129960,17.611099,-0.222885,-0.430488,-0.638557,0.597701,2235.007568,1513.768433,-3147.790283,2245.521240,1434.342529,-3161.943848,2238.690674,1559.281860,-3174.802734,2229.584229,1461.836182,-3108.386963,2226.233643,1599.613403,-3146.027100,2245.617432,1434.313477,-3162.018799,2238.589355,1559.351562,-3174.880371,2229.493896,1461.795044,-3108.248535,2226.321777,1599.613281,-3146.010254,2616.319336,1567.739136,-3159.844727,,,,,,,,,,,,,,,,,,,,,,,,,,,,,,,,,
864,8.640000,0.000000,0.000000,0.000000,1.000000,0.000000,0.000000,0.000000,57.698101,20.499701,-14.700500,0.047771,-0.013570,0.015998,-15.666301,-52.738201,18.801300,-93.396698,0.129960,17.611099,-0.222615,-0.430531,-0.638669,0.597652,2233.753906,1513.480103,-3147.894043,2244.279053,1434.059570,-3162.069824,2237.447510,1559.002930,-3174.889404,2228.314453,1461.534180,-3108.511475,2224.974609,1599.323975,-3146.105957,2244.357178,1434.041870,-3162.135010,2237.375000,1559.121948,-3175.023193,2228.228271,1461.487061,-3108.353516,2225.043457,1599.275635,-3146.064209,2616.291748,1567.752808,-3159.835693,,,,,,,,,,,,,,,,,,,,,,,,,,,,,,,,,
865,8.650000,0.000000,0.000000,0.000000,1.000000,0.000000,0.000000,0.000000,57.698101,20.499701,-14.700500,0.047771,-0.013570,0.015998,-15.666301,-52.738201,18.801300,-93.396698,0.129960,17.611099,-0.222878,-0.430149,-0.638815,0.597672,2232.606934,1513.164917,-3148.032715,2243.078125,1433.743164,-3162.240723,2236.305176,1558.693970,-3175.016357,2227.168213,1461.209595,-3108.661865,2223.875488,1599.012939,-3146.211426,2243.162354,1433.737671,-3162.283936,2236.202637,1558.761719,-3175.088135,2227.089111,1461.137939,-3108.553711,2223.965332,1599.021973,-3146.202881,2616.238770,1567.710815,-3159.816650,,,,,,,,,,,,,,,,,,,,,,,,,,,,,,,,,
866,8.660000,0.000000,0.000000,0.000000,1.000000,0.000000,0.000000,0.000000,57.698101,20.499701,-14.700500,0.047771,-0.013570,0.015998,-15.666301,-52.738201,18.801300,-93.396698,0.129960,17.611099,-0.223340,-0.429266,-0.639038,0.597897,2231.503662,1512.854248,-3148.204590,2241.888916,1433.436768,-3162.500000,2235.190430,1558.403931,-3175.155273,2226.093506,1460.868896,-3108.869629,2222.842041,1598.707397,-3146.293457,2241.953125,1433.397339,-3162.544678,2235.124512,1558.472534,-3175.223633,2226.033936,1460.859253,-3108.783203,2222.898926,1598.690186,-3146.267578,2616.266357,1567.731445,-3159.784912,,,,,,,,,,,,,,,,,,,,,,,,,,,,,,,,,
867,8.670000,0.000000,0.000000,0.000000,1.000000,0.000000,0.000000,0.000000,57.698101,20.499701,-14.700500,0.047771,-0.013570,0.015998,-15.666301,-52.738201,18.801300,-93.396698,0.129960,17.611099,-0.223537,-0.428733,-0.639206,0.598026,2230.550049,1512.540283,-3148.397217,2240.886963,1433.127563,-3162.753418,2234.231934,1558.105835,-3175.321777,2225.153320,1460.532104,-3109.090820,2221.928223,1598.396118,-3146.422607,2241.000977,1433.068359,-3162.806152,2234.092529,1558.173340,-3175.382812,2225.059814,1460.520386,-3109.001221,2222.042969,1598.401123,-3146.401123,2616.246338,1567.736084,-3159.762939,,,,,,,,,,,,,,,,,,,,,,,,,,,,,,,,,
868,8.680000,0.000000,0.000000,0.000000,1.000000,0.000000,0.000000,0.000000,57.698101,20.499701,-14.700500,0.047771,-0.013570,0.015998,-15.666301,-52.738201,18.801300,-93.396698,0.129960,17.611099,-0.223128,-0.428419,-0.639786,0.597784,2229.505859,1512.163940,-3148.597656,2239.788574,1432.761475,-3163.049316,2233.240479,1557.760986,-3175.461670,2224.043701,1460.109863,-3109.361084,2220.950684,1598.024048,-3146.518555,2239.866699,1432.670410,-3163.074951,2233.148438,1557.846436,-3175.513672,2223.983887,1460.091919,-3109.305420,2221.022461,1598.047852,-3146.499512,2616.259277,1567.739624,-3159.736572,,,,,,,,,,,,,,,,,,,,,,,,,,,,,,,,,
869,8.690000,0.000000,0.000000,0.000000,1.000000,0.000000,0.000000,0.000000,57.698101,20.499701,-14.700500,0.047771,-0.013570,0.015998,-15.666301,-52.738201,18.801300,-93.396698,0.129960,17.611099,-0.222248,-0.428276,-0.640541,0.597405,2228.497803,1511.802734,-3148.860596,2238.748535,1432.417847,-3163.431641,2232.307373,1557.442993,-3175.640381,2222.936035,1459.685181,-3109.722412,2219.999023,1597.664917,-3146.648193,2238.786621,1432.315186,-3163.508789,2232.307861,1557.582886,-3175.743408,2222.891602,1459.622681,-3109.562744,2220.002686,1597.689697,-3146.626709,2616.271973,1567.732910,-3159.696045,,,,,,,,,,,,,,,,,,,,,,,,,,,,,,,,,
870,8.700000,0.000000,0.000000,0.000000,1.000000,0.000000,0.000000,0.000000,57.698101,20.499701,-14.700500,0.047771,-0.013570,0.015998,-15.666301,-52.738201,18.801300,-93.396698,0.129960,17.611099,-0.222028,-0.427759,-0.640645,0.597746,2227.616455,1511.482056,-3149.156494,2237.880371,1432.116943,-3163.825928,2231.398438,1557.154541,-3175.885254,2222.091553,1459.317505,-3110.075684,2219.095703,1597.339233,-3146.839111,2237.979980,1432.072388,-3163.944336,2231.331543,1557.220947,-3176.033691,2221.986572,1459.302368,-3109.868408,2219.157471,1597.332764,-3146.774414,2616.228271,1567.742676,-3159.674316,,,,,,,,,,,,,,,,,,,,,,,,,,,,,,,,,
871,8.710000,0.000000,0.000000,0.000000,1.000000,0.000000,0.000000,0.000000,57.698101,20.499701,-14.700500,0.047771,-0.013570,0.015998,-15.666301,-52.738201,18.801300,-93.396698,0.129960,17.611099,-0.222198,-0.426881,-0.640828,0.598114,2226.835449,1511.194336,-3149.532227,2237.054932,1431.844727,-3164.315674,2230.590088,1556.899048,-3176.209961,2221.354492,1458.982788,-3110.508301,2218.342529,1597.051025,-3147.095459,2237.197754,1431.841553,-3164.415039,2230.427979,1556.895142,-3176.278320,2221.229736,1458.963989,-3110.363770,2218.480713,1597.076172,-3147.070801,2616.225586,1567.777466,-3159.688965,,,,,,,,,,,,,,,,,,,,,,,,,,,,,,,,,
872,8.720000,0.000000,0.000000,0.000000,1.000000,0.000000,0.000000,0.000000,57.698101,20.499701,-14.700500,0.047771,-0.013570,0.015998,-15.666301,-52.738201,18.801300,-93.396698,0.129960,17.611099,-0.222436,-0.425989,-0.641202,0.598260,2226.078125,1510.890259,-3149.993652,2236.209473,1431.550415,-3164.889160,2229.836426,1556.624756,-3176.619629,2220.604004,1458.635010,-3111.027100,2217.662354,1596.751099,-3147.438721,2236.339355,1431.493652,-3165.003418,2229.699951,1556.631348,-3176.648438,2220.496826,1458.637817,-3110.888428,2217.775146,1596.795776,-3147.433594,2616.211670,1567.759155,-3159.675049,,,,,,,,,,,,,,,,,,,,,,,,,,,,,,,,,
873,8.730000,0.000000,0.000000,0.000000,1.000000,0.000000,0.000000,0.000000,57.698101,20.499701,-14.700500,0.047771,-0.013570,0.015998,-15.666301,-52.738201,18.801300,-93.396698,0.129960,17.611099,-0.222680,-0.425538,-0.641295,0.598390,2225.348877,1510.556030,-3150.493896,2235.438477,1431.218872,-3165.432129,2229.099121,1556.300537,-3177.103760,2219.892334,1458.286133,-3111.544434,2216.965820,1596.418701,-3147.894775,2235.576660,1431.145020,-3165.509521,2228.940674,1556.323486,-3177.160156,2219.783691,1458.296021,-3111.445068,2217.094727,1596.457886,-3147.863525,2616.244629,1567.748047,-3159.648926,,,,,,,,,,,,,,,,,,,,,,,,,,,,,,,,,
874,8.740000,0.000000,0.000000,0.000000,1.000000,0.000000,0.000000,0.000000,57.698101,20.499701,-14.700500,0.047771,-0.013570,0.015998,-15.666301,-52.738201,18.801300,-93.396698,0.129960,17.611099,-0.223142,-0.424501,-0.641763,0.598454,2224.631104,1510.262817,-3151.065186,2234.589844,1430.930420,-3166.115723,2228.397461,1556.034302,-3177.626465,2219.170166,1457.953491,-3112.169189,2216.366943,1596.133423,-3148.348877,2234.727539,1430.866699,-3166.192627,2228.230469,1556.065430,-3177.667480,2219.060547,1457.979004,-3112.075439,2216.503418,1596.140015,-3148.326904,2616.242432,1567.755981,-3159.655762,,,,,,,,,,,,,,,,,,,,,,,,,,,,,,,,,
875,8.750000,0.000000,0.000000,0.000000,1.000000,0.000000,0.000000,0.000000,57.698101,20.499701,-14.700500,0.047771,-0.013570,0.015998,-15.666301,-52.738201,18.801300,-93.396698,0.129960,17.611099,-0.223600,-0.423892,-0.642287,0.598153,2223.866943,1509.948242,-3151.667236,2233.680420,1430.607422,-3166.769287,2227.687744,1555.727783,-3178.206543,2218.350586,1457.626831,-3112.795410,2215.748779,1595.831177,-3148.897461,2233.762451,1430.560059,-3166.831787,2227.593994,1555.770264,-3178.227783,2218.282227,1457.651733,-3112.717773,2215.827881,1595.811035,-3148.890625,2616.253174,1567.739136,-3159.675781,,,,,,,,,,,,,,,,,,,,,,,,,,,,,,,,,
876,8.760000,0.000000,0.000000,0.000000,1.000000,0.000000,0.000000,0.000000,57.698101,20.499701,-14.700500,0.047771,-0.013570,0.015998,-15.666301,-52.738201,18.801300,-93.396698,0.129960,17.611099,-0.223798,-0.423419,-0.642842,0.597817,2223.097412,1509.648315,-3152.321045,2232.789307,1430.303589,-3167.480957,2226.978271,1555.440552,-3178.829834,2217.514648,1457.308350,-3113.483887,2215.106689,1595.541138,-3149.489746,2232.857910,1430.235962,-3167.575928,2226.925049,1555.528931,-3178.885742,2217.447998,1457.319092,-3113.344727,2215.154297,1595.510498,-3149.476562,2616.309082,1567.735474,-3159.671143,,,,,,,,,,,,,,,,,,,,,,,,,,,,,,,,,
877,8.770000,0.000000,0.000000,0.000000,1.000000,0.000000,0.000000,0.000000,57.698101,20.499701,-14.700500,0.047771,-0.013570,0.015998,-15.666301,-52.738201,18.801300,-93.396698,0.129960,17.611099,-0.223280,-0.423362,-0.643387,0.597465,2222.373535,1509.356445,-3153.037354,2232.028076,1430.020264,-3168.265137,2226.316162,1555.172485,-3179.496094,2216.710449,1456.981689,-3114.258545,2214.439209,1595.252075,-3150.129395,2232.087402,1429.948730,-3168.371094,2226.286621,1555.268433,-3179.570068,2216.647217,1457.016846,-3114.104248,2214.469971,1595.195435,-3150.101074,2616.315918,1567.745728,-3159.684570,,,,,,,,,,,,,,,,,,,,,,,,,,,,,,,,,
878,8.780000,0.000000,0.000000,0.000000,1.000000,0.000000,0.000000,0.000000,57.698101,20.499701,-14.700500,0.047771,-0.013570,0.015998,-15.666301,-52.738201,18.801300,-93.396698,0.129960,17.611099,-0.223016,-0.423297,-0.643411,0.597583,2221.688965,1509.078125,-3153.805664,2231.371338,1429.752075,-3169.069336,2225.621582,1554.907837,-3180.241943,2216.036133,1456.683105,-3115.052734,2213.726807,1594.969727,-3150.858398,2231.458984,1429.695312,-3169.199707,2225.554932,1555.021729,-3180.314453,2215.945312,1456.699951,-3114.855225,2213.791016,1594.898682,-3150.845215,2616.303711,1567.776978,-3159.723877,,,,,,,,,,,,,,,,,,,,,,,,,,,,,,,,,
879,8.790000,0.000000,0.000000,0.000000,1.000000,0.000000,0.000000,0.000000,57.698101,20.499701,-14.700500,0.047771,-0.013570,0.015998,-15.666301,-52.738201,18.801300,-93.396698,0.129960,17.611099,-0.223615,-0.422283,-0.643630,0.597841,2220.990723,1508.851929,-3154.684326,2230.570312,1429.530884,-3170.038574,2224.908691,1554.701538,-3181.088135,2215.372559,1456.427612,-3115.966064,2213.110840,1594.747925,-3151.644287,2230.648682,1429.461792,-3170.153564,2224.856934,1554.856689,-3181.210449,2215.285400,1456.431519,-3115.763428,2213.163574,1594.667358,-3151.606445,2616.317627,1567.734741,-3159.748535,,,,,,,,,,,,,,,,,,,,,,,,,,,,,,,,,
880,8.800000,0.000000,0.000000,0.000000,1.000000,0.000000,0.000000,0.000000,57.698101,20.499701,-14.700500,0.047771,-0.013570,0.015998,-15.666301,-52.738201,18.801300,-93.396698,0.129960,17.611099,-0.223780,-0.421894,-0.643488,0.598207,2220.366943,1508.686401,-3155.639893,2229.956299,1429.374023,-3171.031982,2224.242188,1554.546631,-3182.031982,2214.806885,1456.246704,-3116.934082,2212.462402,1594.578735,-3152.561523,2230.009521,1429.365479,-3171.121582,2224.203125,1554.689087,-3182.115967,2214.739746,1456.216553,-3116.757080,2212.509277,1594.480103,-3152.557373,2616.318359,1567.746704,-3159.767578,,,,,,,,,,,,,,,,,,,,,,,,,,,,,,,,,
881,8.810000,0.000000,0.000000,0.000000,1.000000,0.000000,0.000000,0.000000,57.698101,20.499701,-14.700500,0.047771,-0.013570,0.015998,-15.666301,-52.738201,18.801300,-93.396698,0.129960,17.611099,-0.224561,-0.421254,-0.643290,0.598577,2219.736816,1508.514893,-3156.733887,2229.274170,1429.198364,-3172.137695,2223.565430,1554.371094,-3183.139648,2214.248535,1456.080933,-3118.010254,2211.858887,1594.409302,-3153.648193,2229.319336,1429.225586,-3172.203857,2223.532959,1554.474487,-3183.237793,2214.188965,1456.041626,-3117.860107,2211.901367,1594.319702,-3153.628662,2616.326172,1567.715332,-3159.791504,,,,,,,,,,,,,,,,,,,,,,,,,,,,,,,,,
882,8.820000,0.000000,0.000000,0.000000,1.000000,0.000000,0.000000,0.000000,57.698101,20.499701,-14.700500,0.047771,-0.013570,0.015998,-15.666301,-52.738201,18.801300,-93.396698,0.129960,17.611099,-0.225406,-0.421025,-0.643086,0.598641,2219.173828,1508.380371,-3157.900879,2228.649658,1429.046143,-3173.250732,2222.985107,1554.212036,-3184.351562,2213.718506,1455.982422,-3119.123779,2211.342529,1594.281372,-3154.876953,2228.703125,1429.148682,-3173.295166,2222.926270,1554.278687,-3184.446289,2213.652344,1455.919067,-3118.996338,2211.411621,1594.174072,-3154.862549,2616.324707,1567.739136,-3159.825684,,,,,,,,,,,,,,,,,,,,,,,,,,,,,,,,,
883,8.830000,0.000000,0.000000,0.000000,1.000000,0.000000,0.000000,0.000000,57.698101,20.499701,-14.700500,0.047771,-0.013570,0.015998,-15.666301,-52.738201,18.801300,-93.396698,0.129960,17.611099,-0.226334,-0.420194,-0.642992,0.598974,2218.610840,1508.239136,-3159.215332,2227.999268,1428.899536,-3174.591064,2222.383789,1554.069214,-3185.674072,2213.220459,1455.843384,-3120.426025,2210.839844,1594.144775,-3156.169434,2228.057617,1428.976196,-3174.689209,2222.342773,1554.142578,-3185.782715,2213.142822,1455.836914,-3120.240967,2210.896729,1593.998291,-3156.138428,2616.350830,1567.731567,-3159.841553,,,,,,,,,,,,,,,,,,,,,,,,,,,,,,,,,
884,8.840000,0.000000,0.000000,0.000000,1.000000,0.000000,0.000000,0.000000,57.698101,20.499701,-14.700500,0.047771,-0.013570,0.015998,-15.666301,-52.738201,18.801300,-93.396698,0.129960,17.611099,-0.227116,-0.420299,-0.642567,0.599061,2218.110840,1508.121216,-3160.621582,2227.482666,1428.760376,-3175.898193,2221.852783,1553.914551,-3187.148682,2212.765381,1455.779297,-3121.753418,2210.342285,1594.031006,-3157.686279,2227.552490,1428.866943,-3175.983887,2221.776123,1554.028442,-3187.236572,2212.678223,1455.753784,-3121.574951,2210.437500,1593.823975,-3157.685791,2616.355225,1567.748291,-3159.846191,,,,,,,,,,,,,,,,,,,,,,,,,,,,,,,,,
885,8.850000,0.000000,0.000000,0.000000,1.000000,0.000000,0.000000,0.000000,57.698101,20.499701,-14.700500,0.047771,-0.013570,0.015998,-15.666301,-52.738201,18.801300,-93.396698,0.129960,17.611099,-0.228060,-0.419637,-0.642577,0.599156,2217.654541,1507.989136,-3162.063477,2226.916260,1428.615723,-3177.341064,2221.386230,1553.772705,-3188.608643,2212.338623,1455.661377,-3123.172363,2209.976562,1593.907104,-3159.131592,2226.986816,1428.708984,-3177.422363,2221.302002,1553.872925,-3188.665771,2212.256836,1455.628052,-3123.011230,2210.073242,1593.739014,-3159.149658,2616.313721,1567.741821,-3159.851318,,,,,,,,,,,,,,,,,,,,,,,,,,,,,,,,,
886,8.860000,0.000000,0.000000,0.000000,1.000000,0.000000,0.000000,0.000000,57.698101,20.499701,-14.700500,0.047771,-0.013570,0.015998,-15.666301,-52.738201,18.801300,-93.396698,0.129960,17.611099,-0.229346,-0.419361,-0.642143,0.599324,2217.173096,1507.846069,-3163.582275,2226.362305,1428.445801,-3178.764404,2220.864746,1553.588745,-3190.203613,2211.923096,1455.578247,-3124.601807,2209.542480,1593.771973,-3160.759521,2226.444336,1428.533081,-3178.864258,2220.783691,1553.657837,-3190.300781,2211.827881,1455.532959,-3124.406006,2209.630859,1593.659302,-3160.747070,2616.329834,1567.763306,-3159.873535,,,,,,,,,,,,,,,,,,,,,,,,,,,,,,,,,
887,8.870000,0.000000,0.000000,0.000000,1.000000,0.000000,0.000000,0.000000,57.698101,20.499701,-14.700500,0.047771,-0.013570,0.015998,-15.666301,-52.738201,18.801300,-93.396698,0.129960,17.611099,-0.230160,-0.419259,-0.642042,0.599191,2216.703857,1507.664551,-3165.112793,2225.814697,1428.242065,-3180.226074,2220.401855,1553.377808,-3191.783447,2211.456299,1455.439331,-3126.074707,2209.143066,1593.599121,-3162.366699,2225.916748,1428.322632,-3180.301758,2220.283203,1553.459717,-3191.911865,2211.346436,1455.393188,-3125.901367,2209.261475,1593.481567,-3162.331543,2616.364014,1567.711182,-3159.848633,,,,,,,,,,,,,,,,,,,,,,,,,,,,,,,,,
888,8.880000,0.000000,0.000000,0.000000,1.000000,0.000000,0.000000,0.000000,57.698101,20.499701,-14.700500,0.047771,-0.013570,0.015998,-15.666301,-52.738201,18.801300,-93.396698,0.129960,17.611099,-0.231375,-0.418867,-0.641850,0.599204,2216.275879,1507.514282,-3166.699463,2225.278809,1428.066528,-3181.744141,2219.960449,1553.194580,-3193.428467,2211.061768,1455.337280,-3127.592285,2208.802734,1593.458862,-3164.032471,2225.375000,1428.092407,-3181.872314,2219.861084,1553.299561,-3193.486572,2210.959473,1455.327148,-3127.382812,2208.903564,1593.337646,-3164.044434,2616.340088,1567.722168,-3159.836426,,,,,,,,,,,,,,,,,,,,,,,,,,,,,,,,,
889,8.890000,0.000000,0.000000,0.000000,1.000000,0.000000,0.000000,0.000000,57.698101,20.499701,-14.700500,0.047771,-0.013570,0.015998,-15.666301,-52.738201,18.801300,-93.396698,0.129960,17.611099,-0.231965,-0.419284,-0.641597,0.598955,2215.869629,1507.377930,-3168.258789,2224.844727,1427.903931,-3183.180420,2219.564209,1553.015015,-3195.060303,2210.645508,1455.264160,-3129.069092,2208.424072,1593.329102,-3165.725586,2224.972900,1427.892822,-3183.256592,2219.397705,1553.113403,-3195.132812,2210.529297,1455.260132,-3128.934814,2208.570557,1593.248901,-3165.711182,2616.286865,1567.740601,-3159.834961,,,,,,,,,,,,,,,,,,,,,,,,,,,,,,,,,
890,8.900000,0.000000,0.000000,0.000000,1.000000,0.000000,0.000000,0.000000,57.698101,20.499701,-14.700500,0.047771,-0.013570,0.015998,-15.666301,-52.738201,18.801300,-93.396698,0.129960,17.611099,-0.232939,-0.419520,-0.641145,0.598895,2215.430664,1507.278687,-3169.895752,2224.369873,1427.774414,-3184.677979,2219.106201,1552.864380,-3196.786865,2210.238037,1455.239746,-3130.602295,2208.009033,1593.236206,-3167.515381,2224.491943,1427.715332,-3184.758545,2218.966309,1552.929199,-3196.867188,2210.133057,1455.235718,-3130.474365,2208.125244,1593.235229,-3167.483643,2616.287354,1567.703003,-3159.820312,,,,,,,,,,,,,,,,,,,,,,,,,,,,,,,,,
891,8.910000,0.000000,0.000000,0.000000,1.000000,0.000000,0.000000,0.000000,57.698101,20.499701,-14.700500,0.047771,-0.013570,0.015998,-15.666301,-52.738201,18.801300,-93.396698,0.129960,17.611099,-0.233405,-0.419985,-0.640736,0.598826,2214.969482,1507.118164,-3171.389648,2223.923828,1427.593506,-3186.051758,2218.629883,1552.663574,-3198.351074,2209.795166,1455.138184,-3132.015625,2207.528564,1593.077515,-3169.139404,2224.016357,1427.531128,-3186.130371,2218.531982,1552.716675,-3198.402832,2209.715820,1455.169312,-3131.911377,2207.610596,1593.055542,-3169.114258,2616.290039,1567.713989,-3159.793701,,,,,,,,,,,,,,,,,,,,,,,,,,,,,,,,,
892,8.920000,0.000000,0.000000,0.000000,1.000000,0.000000,0.000000,0.000000,57.698101,20.499701,-14.700500,0.047771,-0.013570,0.015998,-15.666301,-52.738201,18.801300,-93.396698,0.129960,17.611099,-0.234220,-0.420740,-0.640260,0.598486,2214.513916,1507.000366,-3173.005615,2223.451660,1427.437378,-3187.469482,2218.181396,1552.477539,-3200.081055,2209.332764,1455.120117,-3133.501465,2207.090332,1592.966553,-3170.969971,2223.562012,1427.335327,-3187.506104,2218.041992,1552.561401,-3200.137939,2209.249023,1455.149780,-3133.447021,2207.201172,1592.954956,-3170.936279,2616.277100,1567.704102,-3159.770264,,,,,,,,,,,,,,,,,,,,,,,,,,,,,,,,,
893,8.930000,0.000000,0.000000,0.000000,1.000000,0.000000,0.000000,0.000000,57.698101,20.499701,-14.700500,0.047771,-0.013570,0.015998,-15.666301,-52.738201,18.801300,-93.396698,0.129960,17.611099,-0.234730,-0.421372,-0.639752,0.598385,2214.025146,1506.804077,-3174.550293,2222.989746,1427.217163,-3188.864014,2217.675537,1552.231201,-3201.712158,2208.863770,1454.997070,-3134.947754,2206.571777,1592.771362,-3172.677002,2223.077148,1427.074951,-3188.953857,2217.587646,1552.330444,-3201.726074,2208.797607,1455.020142,-3134.843018,2206.639160,1592.783325,-3172.683350,2616.277588,1567.770752,-3159.739990,,,,,,,,,,,,,,,,,,,,,,,,,,,,,,,,,
894,8.940000,0.000000,0.000000,0.000000,1.000000,0.000000,0.000000,0.000000,57.698101,20.499701,-14.700500,0.047771,-0.013570,0.015998,-15.666301,-52.738201,18.801300,-93.396698,0.129960,17.611099,-0.234634,-0.422760,-0.639549,0.597661,2213.525146,1506.609131,-3176.069824,2222.526123,1426.991577,-3190.189941,2217.235596,1551.977173,-3203.322021,2208.275146,1454.887817,-3136.366699,2206.063477,1592.579956,-3174.400635,2222.623291,1426.799316,-3190.237549,2217.135742,1552.089233,-3203.374268,2208.209473,1454.904907,-3136.302734,2206.135986,1592.630005,-3174.372314,2616.246826,1567.726440,-3159.738770,,,,,,,,,,,,,,,,,,,,,,,,,,,,,,,,,
895,8.950000,0.000000,0.000000,0.000000,1.000000,0.000000,0.000000,0.000000,57.698101,20.499701,-14.700500,0.047771,-0.013570,0.015998,-15.666301,-52.738201,18.801300,-93.396698,0.129960,17.611099,-0.235377,-0.423339,-0.639259,0.597269,2212.968750,1506.354858,-3177.566162,2221.928223,1426.703857,-3191.522949,2216.700684,1551.664795,-3204.911621,2207.694824,1454.718140,-3137.756348,2205.551270,1592.332764,-3176.072998,2222.027344,1426.525024,-3191.594482,2216.605225,1551.766968,-3204.964355,2207.623535,1454.731567,-3137.662842,2205.622314,1592.383545,-3176.049805,2616.250244,1567.753418,-3159.695801,,,,,,,,,,,,,,,,,,,,,,,,,,,,,,,,,
896,8.960000,0.000000,0.000000,0.000000,1.000000,0.000000,0.000000,0.000000,57.698101,20.499701,-14.700500,0.047771,-0.013570,0.015998,-15.666301,-52.738201,18.801300,-93.396698,0.129960,17.611099,-0.235461,-0.424684,-0.638957,0.596603,2212.427979,1506.094971,-3179.062012,2221.419922,1426.411499,-3192.811279,2216.209473,1551.339722,-3206.508545,2207.081299,1454.553101,-3139.139404,2205.001709,1592.075562,-3177.789062,2221.516357,1426.272583,-3192.860840,2216.092529,1551.487183,-3206.551758,2207.007568,1454.529785,-3139.049316,2205.091064,1592.091797,-3177.791016,2616.263184,1567.766357,-3159.679688,,,,,,,,,,,,,,,,,,,,,,,,,,,,,,,,,
897,8.970000,0.000000,0.000000,0.000000,1.000000,0.000000,0.000000,0.000000,57.698101,20.499701,-14.700500,0.047771,-0.013570,0.015998,-15.666301,-52.738201,18.801300,-93.396698,0.129960,17.611099,-0.235290,-0.425905,-0.639011,0.595742,2211.817871,1505.802979,-3180.538574,2220.807617,1426.092163,-3194.129150,2215.686279,1550.998901,-3208.053711,2206.351074,1454.332153,-3140.540527,2204.427002,1591.789062,-3179.430908,2220.905029,1425.925171,-3194.195557,2215.582031,1551.135376,-3208.095215,2206.278564,1454.296753,-3140.432373,2204.505615,1591.848145,-3179.435791,2616.246582,1567.777222,-3159.661377,,,,,,,,,,,,,,,,,,,,,,,,,,,,,,,,,
898,8.980000,0.000000,0.000000,0.000000,1.000000,0.000000,0.000000,0.000000,57.698101,20.499701,-14.700500,0.047771,-0.013570,0.015998,-15.666301,-52.738201,18.801300,-93.396698,0.129960,17.611099,-0.235874,-0.426960,-0.638693,0.595097,2211.198486,1505.538086,-3181.966309,2220.164795,1425.787964,-3195.339844,2215.112305,1550.660156,-3209.595947,2205.672363,1454.174683,-3141.838623,2203.844971,1591.529907,-3181.090576,2220.274658,1425.651489,-3195.386475,2214.986572,1550.787109,-3209.680176,2205.584717,1454.096191,-3141.724365,2203.943848,1591.616577,-3181.076904,2616.235107,1567.757324,-3159.666016,,,,,,,,,,,,,,,,,,,,,,,,,,,,,,,,,
899,8.990000,0.000000,0.000000,0.000000,1.000000,0.000000,0.000000,0.000000,57.698101,20.499701,-14.700500,0.047771,-0.013570,0.015998,-15.666301,-52.738201,18.801300,-93.396698,0.129960,17.611099,-0.235910,-0.428314,-0.638416,0.594406,2210.564697,1505.290527,-3183.404541,2219.562012,1425.509766,-3196.573730,2214.531982,1550.348145,-3211.131348,2204.959717,1454.020508,-3143.168213,2203.204834,1591.283813,-3182.744385,2219.675293,1425.389648,-3196.643066,2214.402344,1550.487915,-3211.202637,2204.864990,1453.959961,-3143.029785,2203.308105,1591.324463,-3182.743652,2616.264160,1567.727905,-3159.644043,,,,,,,,,,,,,,,,,,,,,,,,,,,,,,,,,
900,9.000000,0.000000,0.000000,0.000000,1.000000,0.000000,0.000000,0.000000,57.698101,20.499701,-14.700500,0.047771,-0.013570,0.015998,-15.666301,-52.738201,18.801300,-93.396698,0.129960,17.611099,-0.235788,-0.429664,-0.638270,0.593636,2209.903320,1505.029907,-3184.776611,2218.926270,1425.221558,-3197.759521,2213.938721,1550.029907,-3212.587158,2204.199951,1453.843628,-3144.447754,2202.548096,1591.024902,-3184.311523,2219.058350,1425.095947,-3197.878418,2213.798584,1550.163696,-3212.637207,2204.086426,1453.781860,-3144.252686,2202.662354,1591.071655,-3184.332520,2616.265381,1567.723267,-3159.645996,,,,,,,,,,,,,,,,,,,,,,,,,,,,,,,,,
901,9.010000,0.000000,0.000000,0.000000,1.000000,0.000000,0.000000,0.000000,57.698101,20.499701,-14.700500,0.047771,-0.013570,0.015998,-15.666301,-52.738201,18.801300,-93.396698,0.129960,17.611099,-0.235926,-0.431045,-0.637967,0.592906,2209.173340,1504.769531,-3186.125000,2218.218018,1424.928345,-3198.888428,2213.264893,1549.698853,-3214.041504,2203.389648,1453.685669,-3145.677979,2201.820801,1590.765747,-3185.891846,2218.361328,1424.799194,-3198.989502,2213.119873,1549.842285,-3214.179443,2203.259277,1453.599731,-3145.467529,2201.938232,1590.831909,-3185.861328,2616.258057,1567.764526,-3159.663574,,,,,,,,,,,,,,,,,,,,,,,,,,,,,,,,,
902,9.020000,0.000000,0.000000,0.000000,1.000000,0.000000,0.000000,0.000000,57.698101,20.499701,-14.700500,0.047771,-0.013570,0.015998,-15.666301,-52.738201,18.801300,-93.396698,0.129960,17.611099,-0.235776,-0.431951,-0.637943,0.592332,2208.368896,1504.529297,-3187.450928,2217.424072,1424.670532,-3200.097168,2212.516113,1549.422485,-3215.417236,2202.507080,1453.497803,-3146.948975,2201.028809,1590.526855,-3187.340088,2217.554199,1424.510864,-3200.210693,2212.405029,1549.561401,-3215.550781,2202.391357,1453.445190,-3146.740234,2201.117920,1590.590820,-3187.302002,2616.264648,1567.770020,-3159.689697,,,,,,,,,,,,,,,,,,,,,,,,,,,,,,,,,
903,9.030000,0.000000,0.000000,0.000000,1.000000,0.000000,0.000000,0.000000,57.698101,20.499701,-14.700500,0.047771,-0.013570,0.015998,-15.666301,-52.738201,18.801300,-93.396698,0.129960,17.611099,-0.235884,-0.432714,-0.637756,0.591934,2207.551514,1504.346069,-3188.712891,2216.618164,1424.468872,-3201.233887,2211.728027,1549.198486,-3216.739990,2201.646729,1453.373291,-3148.143311,2200.212891,1590.343628,-3188.734131,2216.741455,1424.350586,-3201.393066,2211.637451,1549.301147,-3216.847656,2201.528076,1453.363525,-3147.895508,2200.290039,1590.361084,-3188.706055,2616.258057,1567.745239,-3159.707764,,,,,,,,,,,,,,,,,,,,,,,,,,,,,,,,,
904,9.040000,0.000000,0.000000,0.000000,1.000000,0.000000,0.000000,0.000000,57.698101,20.499701,-14.700500,0.047771,-0.013570,0.015998,-15.666301,-52.738201,18.801300,-93.396698,0.129960,17.611099,-0.236085,-0.433256,-0.637591,0.591634,2206.636719,1504.147949,-3189.958740,2215.701904,1424.254761,-3202.377686,2210.833740,1548.966064,-3218.037842,2200.703857,1453.225220,-3149.330566,2199.307129,1590.146362,-3190.088623,2215.824707,1424.178589,-3202.498535,2210.713379,1549.059570,-3218.112549,2200.590820,1453.232056,-3149.146973,2199.410400,1590.122314,-3190.072510,2616.275391,1567.743652,-3159.725586,,,,,,,,,,,,,,,,,,,,,,,,,,,,,,,,,
905,9.050000,0.000000,0.000000,0.000000,1.000000,0.000000,0.000000,0.000000,57.698101,20.499701,-14.700500,0.047771,-0.013570,0.015998,-15.666301,-52.738201,18.801300,-93.396698,0.129960,17.611099,-0.236455,-0.433378,-0.637229,0.591787,2205.637207,1503.931519,-3191.121338,2214.723389,1424.031128,-3203.479492,2209.800537,1548.727661,-3219.240479,2199.748291,1453.040527,-3150.446777,2198.276855,1589.927124,-3191.318359,2214.830322,1424.038574,-3203.558594,2209.669434,1548.801636,-3219.292480,2199.648438,1453.065796,-3150.325195,2198.399902,1589.819580,-3191.307373,2616.327148,1567.743408,-3159.749512,,,,,,,,,,,,,,,,,,,,,,,,,,,,,,,,,
906,9.060000,0.000000,0.000000,0.000000,1.000000,0.000000,0.000000,0.000000,57.698101,20.499701,-14.700500,0.047771,-0.013570,0.015998,-15.666301,-52.738201,18.801300,-93.396698,0.129960,17.611099,-0.236566,-0.433947,-0.636874,0.591708,2204.638916,1503.776001,-3192.281250,2213.769775,1423.865356,-3204.539307,2208.792480,1548.540283,-3220.452637,2198.757324,1452.931030,-3151.548096,2197.236084,1589.767578,-3192.584717,2213.856201,1423.927368,-3204.632568,2208.689941,1548.596802,-3220.477783,2198.669922,1452.989624,-3151.425293,2197.347412,1589.578735,-3192.586426,2616.324219,1567.748779,-3159.774414,,,,,,,,,,,,,,,,,,,,,,,,,,,,,,,,,
907,9.070000,0.000000,0.000000,0.000000,1.000000,0.000000,0.000000,0.000000,57.698101,20.499701,-14.700500,0.047771,-0.013570,0.015998,-15.666301,-52.738201,18.801300,-93.396698,0.129960,17.611099,-0.235592,-0.435045,-0.637042,0.591109,2203.599121,1503.600586,-3193.407227,2212.800537,1423.688965,-3205.605957,2207.822998,1548.355713,-3221.582764,2197.610352,1452.768921,-3152.673584,2196.162598,1589.589111,-3193.767090,2212.838623,1423.760132,-3205.700195,2207.804199,1548.375488,-3221.632812,2197.556641,1452.871094,-3152.559570,2196.198730,1589.383667,-3193.728271,2616.339111,1567.742310,-3159.791748,,,,,,,,,,,,,,,,,,,,,,,,,,,,,,,,,
908,9.080000,0.000000,0.000000,0.000000,1.000000,0.000000,0.000000,0.000000,57.698101,20.499701,-14.700500,0.047771,-0.013570,0.015998,-15.666301,-52.738201,18.801300,-93.396698,0.129960,17.611099,-0.235793,-0.435331,-0.637013,0.590850,2202.493408,1503.435913,-3194.480713,2211.671631,1423.512085,-3206.616943,2206.740723,1548.168701,-3222.688232,2196.475586,1452.636719,-3153.710693,2195.085938,1589.426636,-3194.906982,2211.692139,1423.512207,-3206.685303,2206.740967,1548.179077,-3222.714844,2196.447021,1452.720947,-3153.638428,2195.092041,1589.332520,-3194.879395,2616.342285,1567.764526,-3159.827637,,,,,,,,,,,,,,,,,,,,,,,,,,,,,,,,,
909,9.090000,0.000000,0.000000,0.000000,1.000000,0.000000,0.000000,0.000000,57.698101,20.499701,-14.700500,0.047771,-0.013570,0.015998,-15.666301,-52.738201,18.801300,-93.396698,0.129960,17.611099,-0.236840,-0.435067,-0.636781,0.590876,2201.329590,1503.311890,-3195.588623,2210.427979,1423.368164,-3207.653809,2205.559326,1548.010620,-3223.852295,2195.347412,1452.561523,-3154.752441,2193.984131,1589.307373,-3196.095459,2210.436768,1423.271851,-3207.694824,2205.578125,1548.065918,-3223.892090,2195.336914,1452.617920,-3154.705078,2193.967041,1589.289917,-3196.063477,2616.331055,1567.776001,-3159.849609,,,,,,,,,,,,,,,,,,,,,,,,,,,,,,,,,
910,9.100000,0.000000,0.000000,0.000000,1.000000,0.000000,0.000000,0.000000,57.698101,20.499701,-14.700500,0.047771,-0.013570,0.015998,-15.666301,-52.738201,18.801300,-93.396698,0.129960,17.611099,-0.236439,-0.435968,-0.636713,0.590444,2200.143555,1503.172363,-3196.611328,2209.289551,1423.220215,-3208.583984,2204.413574,1547.845947,-3224.909180,2194.098145,1452.458496,-3155.739258,2192.772949,1589.165161,-3197.213135,2209.336914,1423.127441,-3208.571777,2204.364014,1547.970947,-3225.019043,2194.058105,1452.444214,-3155.703369,2192.813232,1589.154907,-3197.160645,2616.343018,1567.765503,-3159.857910,,,,,,,,,,,,,,,,,,,,,,,,,,,,,,,,,
911,9.110000,0.000000,0.000000,0.000000,1.000000,0.000000,0.000000,0.000000,57.698101,20.499701,-14.700500,0.047771,-0.013570,0.015998,-15.666301,-52.738201,18.801300,-93.396698,0.129960,17.611099,-0.235786,-0.437055,-0.636656,0.589964,2198.939453,1503.045044,-3197.655273,2208.158447,1423.087280,-3209.533691,2203.256592,1547.695801,-3225.981689,2192.819092,1452.364380,-3156.753174,2191.523926,1589.033203,-3198.352051,2208.227051,1423.017944,-3209.559570,2203.169189,1547.846802,-3226.051514,2192.754150,1452.248169,-3156.639404,2191.596924,1589.070190,-3198.368164,2616.336914,1567.760620,-3159.866455,,,,,,,,,,,,,,,,,,,,,,,,,,,,,,,,,
912,9.120000,0.000000,0.000000,0.000000,1.000000,0.000000,0.000000,0.000000,57.698101,20.499701,-14.700500,0.047771,-0.013570,0.015998,-15.666301,-52.738201,18.801300,-93.396698,0.129960,17.611099,-0.235276,-0.438350,-0.636617,0.589248,2197.696289,1502.883545,-3198.731934,2206.963379,1422.910645,-3210.471191,2202.083740,1547.494751,-3227.109619,2191.471436,1452.259766,-3157.775146,2190.266357,1588.869263,-3199.571533,2207.089355,1422.810425,-3210.534424,2201.932861,1547.635376,-3227.194336,2191.357178,1452.108398,-3157.599854,2190.392334,1588.974121,-3199.590576,2616.352539,1567.734375,-3159.859375,,,,,,,,,,,,,,,,,,,,,,,,,,,,,,,,,
913,9.130000,0.000000,0.000000,0.000000,1.000000,0.000000,0.000000,0.000000,57.698101,20.499701,-14.700500,0.047771,-0.013570,0.015998,-15.666301,-52.738201,18.801300,-93.396698,0.129960,17.611099,-0.234906,-0.439691,-0.636421,0.588608,2196.489990,1502.764282,-3199.763672,2205.816162,1422.774536,-3211.340088,2200.932617,1547.327515,-3228.208008,2190.180664,1452.209595,-3158.734619,2189.030762,1588.745605,-3200.771973,2205.979980,1422.652100,-3211.430664,2200.749512,1547.467285,-3228.329102,2190.038330,1452.156250,-3158.552734,2189.178955,1588.781372,-3200.744873,2616.347412,1567.754883,-3159.850342,,,,,,,,,,,,,,,,,,,,,,,,,,,,,,,,,
914,9.140000,0.000000,0.000000,0.000000,1.000000,0.000000,0.000000,0.000000,57.698101,20.499701,-14.700500,0.047771,-0.013570,0.015998,-15.666301,-52.738201,18.801300,-93.396698,0.129960,17.611099,-0.235373,-0.439965,-0.636153,0.588507,2195.175537,1502.625122,-3200.855469,2204.490723,1422.620850,-3212.340088,2199.613525,1547.154419,-3229.354004,2188.874268,1452.119629,-3159.764648,2187.724121,1588.605835,-3201.962891,2204.620117,1422.550537,-3212.489746,2199.499023,1547.234985,-3229.425537,2188.750732,1452.174805,-3159.559814,2187.826416,1588.542969,-3201.939941,2616.348145,1567.754150,-3159.845215,,,,,,,,,,,,,,,,,,,,,,,,,,,,,,,,,
915,9.150000,0.000000,0.000000,0.000000,1.000000,0.000000,0.000000,0.000000,57.698101,20.499701,-14.700500,0.047771,-0.013570,0.015998,-15.666301,-52.738201,18.801300,-93.396698,0.129960,17.611099,-0.236020,-0.440404,-0.635419,0.588712,2193.872803,1502.533936,-3201.986572,2203.239258,1422.515503,-3213.329590,2198.252930,1547.013184,-3230.571777,2187.644043,1452.100342,-3160.796143,2186.354736,1588.506714,-3203.248535,2203.352539,1422.568604,-3213.439209,2198.135742,1547.011963,-3230.637451,2187.532471,1452.201904,-3160.665771,2186.473389,1588.351440,-3203.196777,2616.303711,1567.761597,-3159.834717,,,,,,,,,,,,,,,,,,,,,,,,,,,,,,,,,
916,9.160000,0.000000,0.000000,0.000000,1.000000,0.000000,0.000000,0.000000,57.698101,20.499701,-14.700500,0.047771,-0.013570,0.015998,-15.666301,-52.738201,18.801300,-93.396698,0.129960,17.611099,-0.237039,-0.440831,-0.634760,0.588693,2192.673584,1502.436157,-3203.202881,2202.032227,1422.391968,-3214.369385,2197.020264,1546.848877,-3231.896729,2186.492676,1452.098633,-3161.888428,2185.149170,1588.405396,-3204.657227,2202.066895,1422.426880,-3214.451416,2197.016602,1546.888672,-3231.992432,2186.440430,1452.181519,-3161.767334,2185.168945,1588.241455,-3204.590332,2616.321777,1567.698730,-3159.815430,,,,,,,,,,,,,,,,,,,,,,,,,,,,,,,,,
917,9.170000,0.000000,0.000000,0.000000,1.000000,0.000000,0.000000,0.000000,57.698101,20.499701,-14.700500,0.047771,-0.013570,0.015998,-15.666301,-52.738201,18.801300,-93.396698,0.129960,17.611099,-0.238857,-0.440776,-0.634173,0.588633,2191.583740,1502.316040,-3204.477295,2200.832275,1422.233521,-3215.458740,2195.900635,1546.649048,-3233.298340,2185.459229,1452.092896,-3163.015137,2184.142334,1588.288818,-3206.136963,2200.816895,1422.255249,-3215.534424,2195.969971,1546.621582,-3233.360840,2185.455322,1452.179321,-3162.931152,2184.091309,1588.208740,-3206.079346,2616.347168,1567.745972,-3159.775635,,,,,,,,,,,,,,,,,,,,,,,,,,,,,,,,,
918,9.180000,0.000000,0.000000,0.000000,1.000000,0.000000,0.000000,0.000000,57.698101,20.499701,-14.700500,0.047771,-0.013570,0.015998,-15.666301,-52.738201,18.801300,-93.396698,0.129960,17.611099,-0.240238,-0.441322,-0.633688,0.588183,2190.515381,1502.178833,-3205.804199,2199.677246,1422.055298,-3216.556885,2194.847412,1546.422119,-3234.760254,2184.382080,1452.084717,-3164.187744,2183.154541,1588.153320,-3207.711670,2199.668701,1422.074219,-3216.563721,2194.880127,1546.436890,-3234.835205,2184.378906,1452.091309,-3164.155273,2183.133789,1588.112305,-3207.664307,2616.271973,1567.771729,-3159.774170,,,,,,,,,,,,,,,,,,,,,,,,,,,,,,,,,
919,9.190000,0.000000,0.000000,0.000000,1.000000,0.000000,0.000000,0.000000,57.698101,20.499701,-14.700500,0.047771,-0.013570,0.015998,-15.666301,-52.738201,18.801300,-93.396698,0.129960,17.611099,-0.241732,-0.441696,-0.633256,0.587757,2189.521973,1501.999268,-3207.209229,2198.576416,1421.835083,-3217.748047,2193.868652,1546.155762,-3236.295654,2183.383789,1452.029663,-3165.443848,2182.259277,1587.976685,-3209.349609,2198.603271,1421.840820,-3217.778809,2193.850098,1546.213745,-3236.367432,2183.348877,1451.992065,-3165.357178,2182.282471,1587.951660,-3209.331787,2616.283203,1567.768188,-3159.756104,,,,,,,,,,,,,,,,,,,,,,,,,,,,,,,,,
920,9.200000,0.000000,0.000000,0.000000,1.000000,0.000000,0.000000,0.000000,57.698101,20.499701,-14.700500,0.047771,-0.013570,0.015998,-15.666301,-52.738201,18.801300,-93.396698,0.129960,17.611099,-0.242975,-0.441750,-0.633117,0.587353,2188.547607,1501.769531,-3208.649902,2197.475098,1421.573242,-3219.051270,2192.921143,1545.866089,-3237.822998,2182.389404,1451.885986,-3166.784668,2181.404297,1587.753174,-3210.940186,2197.520996,1421.543091,-3219.106689,2192.886475,1545.963501,-3237.908203,2182.335205,1451.796997,-3166.636475,2181.439697,1587.771240,-3210.939453,2616.265137,1567.747437,-3159.729004,,,,,,,,,,,,,,,,,,,,,,,,,,,,,,,,,
921,9.210000,0.000000,0.000000,0.000000,1.000000,0.000000,0.000000,0.000000,57.698101,20.499701,-14.700500,0.047771,-0.013570,0.015998,-15.666301,-52.738201,18.801300,-93.396698,0.129960,17.611099,-0.243321,-0.442111,-0.633235,0.586810,2187.631836,1501.535278,-3210.056885,2196.488281,1421.319824,-3220.371582,2192.062744,1545.597778,-3239.272949,2181.404053,1451.700439,-3168.144043,2180.572021,1587.523193,-3212.438721,2196.565430,1421.250366,-3220.430176,2191.991455,1545.693848,-3239.375000,2181.328369,1451.636475,-3168.001221,2180.633789,1587.559448,-3212.418213,2616.249268,1567.744751,-3159.692139,,,,,,,,,,,,,,,,,,,,,,,,,,,,,,,,,
922,9.220000,0.000000,0.000000,0.000000,1.000000,0.000000,0.000000,0.000000,57.698101,20.499701,-14.700500,0.047771,-0.013570,0.015998,-15.666301,-52.738201,18.801300,-93.396698,0.129960,17.611099,-0.248676,-0.438105,-0.631110,0.589851,2187.027832,1501.451416,-3211.585205,2195.700195,1421.216309,-3221.904053,2191.028564,1545.465210,-3240.936279,2181.421875,1451.686279,-3169.502197,2179.960938,1587.437866,-3213.998291,2195.649414,1420.964844,-3221.861084,2191.090332,1545.468994,-3240.858643,2181.494385,1452.035645,-3169.720459,2179.884766,1587.376465,-3213.940430,2616.219482,1567.771729,-3159.692627,,,,,,,,,,,,,,,,,,,,,,,,,,,,,,,,,
923,9.230000,0.000000,0.000000,0.000000,1.000000,0.000000,0.000000,0.000000,57.698101,20.499701,-14.700500,0.047771,-0.013570,0.015998,-15.666301,-52.738201,18.801300,-93.396698,0.129960,17.611099,-0.246671,-0.439026,-0.632768,0.588230,2186.019775,1501.030151,-3213.102051,2194.609131,1420.798950,-3223.518555,2190.270996,1545.090942,-3242.347412,2180.078369,1451.197754,-3171.145020,2179.120117,1587.033569,-3215.397217,2194.631592,1420.639038,-3223.403809,2190.206787,1545.237671,-3242.354248,2180.077881,1451.178589,-3171.248535,2179.159668,1587.059204,-3215.394287,2616.241455,1567.745483,-3159.670166,,,,,,,,,,,,,,,,,,,,,,,,,,,,,,,,,
924,9.240000,0.000000,0.000000,0.000000,1.000000,0.000000,0.000000,0.000000,57.698101,20.499701,-14.700500,0.047771,-0.013570,0.015998,-15.666301,-52.738201,18.801300,-93.396698,0.129960,17.611099,-0.245102,-0.440604,-0.634306,0.586046,2185.038818,1500.754639,-3214.559082,2193.502197,1420.504028,-3224.929688,2189.586914,1544.808105,-3243.770264,2178.703857,1450.931763,-3172.647949,2178.362061,1586.774536,-3216.887939,2193.629150,1420.373413,-3224.980957,2189.423096,1544.991577,-3243.841553,2178.593994,1450.811646,-3172.494873,2178.494141,1586.844116,-3216.916016,2616.272705,1567.737671,-3159.642090,,,,,,,,,,,,,,,,,,,,,,,,,,,,,,,,,
925,9.250000,0.000000,0.000000,0.000000,1.000000,0.000000,0.000000,0.000000,57.698101,20.499701,-14.700500,0.047771,-0.013570,0.015998,-15.666301,-52.738201,18.801300,-93.396698,0.129960,17.611099,-0.245597,-0.440364,-0.635061,0.585200,2184.157471,1500.509033,-3216.010498,2192.421387,1420.237183,-3226.377686,2188.822266,1544.550293,-3245.222168,2177.688477,1450.703369,-3174.099609,2177.697510,1586.545410,-3218.342773,2192.571533,1420.080566,-3226.498535,2188.666748,1544.736572,-3245.334961,2177.549805,1450.627075,-3173.858887,2177.823242,1586.587280,-3218.343994,2616.278320,1567.746582,-3159.646729,,,,,,,,,,,,,,,,,,,,,,,,,,,,,,,,,
926,9.260000,0.000000,0.000000,0.000000,1.000000,0.000000,0.000000,0.000000,57.698101,20.499701,-14.700500,0.047771,-0.013570,0.015998,-15.666301,-52.738201,18.801300,-93.396698,0.129960,17.611099,-0.246410,-0.439368,-0.635462,0.585172,2183.278809,1500.292480,-3217.591553,2191.385010,1420.013306,-3228.027100,2187.961426,1544.344727,-3246.783447,2176.807617,1450.470459,-3175.700439,2176.961426,1586.341309,-3219.854736,2191.509521,1419.926392,-3228.168213,2187.847656,1544.496460,-3246.899170,2176.676758,1450.394043,-3175.423584,2177.060791,1586.348267,-3219.854736,2616.302246,1567.739624,-3159.640381,,,,,,,,,,,,,,,,,,,,,,,,,,,,,,,,,
927,9.270000,0.000000,0.000000,0.000000,1.000000,0.000000,0.000000,0.000000,57.698101,20.499701,-14.700500,0.047771,-0.013570,0.015998,-15.666301,-52.738201,18.801300,-93.396698,0.129960,17.611099,-0.247487,-0.438290,-0.635964,0.584980,2182.420166,1500.082031,-3219.192871,2190.317871,1419.789185,-3229.682861,2187.139648,1544.136841,-3248.375244,2175.926758,1450.255859,-3177.310303,2176.296631,1586.146362,-3221.403320,2190.444336,1419.684448,-3229.809814,2187.028320,1544.288086,-3248.533203,2175.796631,1450.208862,-3177.055176,2176.392578,1586.147827,-3221.365967,2616.290039,1567.745483,-3159.650391,,,,,,,,,,,,,,,,,,,,,,,,,,,,,,,,,
928,9.280000,0.000000,0.000000,0.000000,1.000000,0.000000,0.000000,0.000000,57.698101,20.499701,-14.700500,0.047771,-0.013570,0.015998,-15.666301,-52.738201,18.801300,-93.396698,0.129960,17.611099,-0.248570,-0.437087,-0.636518,0.584818,2181.521240,1499.866455,-3220.766846,2189.201172,1419.562134,-3231.328857,2186.277344,1543.929443,-3249.930908,2175.007324,1450.028076,-3178.901855,2175.598877,1585.946655,-3222.905518,2189.322021,1419.523926,-3231.465088,2186.157471,1544.037598,-3250.015381,2174.884521,1450.006104,-3178.670166,2175.707520,1585.899780,-3222.903320,2616.307617,1567.699707,-3159.675537,,,,,,,,,,,,,,,,,,,,,,,,,,,,,,,,,
929,9.290000,0.000000,0.000000,0.000000,1.000000,0.000000,0.000000,0.000000,57.698101,20.499701,-14.700500,0.047771,-0.013570,0.015998,-15.666301,-52.738201,18.801300,-93.396698,0.129960,17.611099,-0.250376,-0.435602,-0.636734,0.584922,2180.545654,1499.624756,-3222.358154,2187.987305,1419.302124,-3232.952148,2185.291748,1543.676758,-3251.540771,2174.078369,1449.801270,-3180.468018,2174.824463,1585.719116,-3224.471924,2188.075684,1419.305298,-3233.077148,2185.208984,1543.802246,-3251.624023,2173.977051,1449.741577,-3180.228027,2174.907471,1585.649536,-3224.484863,2616.339600,1567.779419,-3159.689209,,,,,,,,,,,,,,,,,,,,,,,,,,,,,,,,,
930,9.300000,0.000000,0.000000,0.000000,1.000000,0.000000,0.000000,0.000000,57.698101,20.499701,-14.700500,0.047771,-0.013570,0.015998,-15.666301,-52.738201,18.801300,-93.396698,0.129960,17.611099,-0.252192,-0.433922,-0.636848,0.585266,2179.538086,1499.421509,-3223.919189,2186.761475,1419.086304,-3234.569336,2184.245605,1543.471802,-3253.110107,2173.154785,1449.599609,-3182.014160,2173.989990,1585.528320,-3225.982666,2186.848633,1419.080933,-3234.650146,2184.138672,1543.613647,-3253.177734,2173.063965,1449.561157,-3181.848389,2174.090332,1585.434570,-3225.995605,2616.301758,1567.707520,-3159.720703,,,,,,,,,,,,,,,,,,,,,,,,,,,,,,,,,
931,9.310000,0.000000,0.000000,0.000000,1.000000,0.000000,0.000000,0.000000,57.698101,20.499701,-14.700500,0.047771,-0.013570,0.015998,-15.666301,-52.738201,18.801300,-93.396698,0.129960,17.611099,-0.254121,-0.432000,-0.637065,0.585616,2178.473389,1499.243408,-3225.449463,2185.447754,1418.896851,-3236.179199,2183.145996,1543.298340,-3254.639160,2172.173584,1449.413818,-3183.541260,2173.126465,1585.364868,-3227.438477,2185.552490,1418.895996,-3236.200684,2182.993164,1543.368042,-3254.702881,2172.084717,1449.400024,-3183.479004,2173.258789,1585.312500,-3227.418945,2616.296631,1567.734741,-3159.759277,,,,,,,,,,,,,,,,,,,,,,,,,,,,,,,,,
932,9.320000,0.000000,0.000000,0.000000,1.000000,0.000000,0.000000,0.000000,57.698101,20.499701,-14.700500,0.047771,-0.013570,0.015998,-15.666301,-52.738201,18.801300,-93.396698,0.129960,17.611099,-0.254416,-0.431285,-0.637443,0.585604,2177.422119,1499.168457,-3226.965088,2184.298828,1418.823853,-3237.772949,2182.112549,1543.244263,-3256.120361,2171.110840,1449.308472,-3185.094482,2172.165771,1585.297241,-3228.872559,2184.402344,1418.843140,-3237.845947,2181.986084,1543.273438,-3256.177734,2171.014160,1449.246338,-3184.955811,2172.278564,1585.308594,-3228.876465,2616.286133,1567.749268,-3159.806152,,,,,,,,,,,,,,,,,,,,,,,,,,,,,,,,,
933,9.330000,0.000000,0.000000,0.000000,1.000000,0.000000,0.000000,0.000000,57.698101,20.499701,-14.700500,0.047771,-0.013570,0.015998,-15.666301,-52.738201,18.801300,-93.396698,0.129960,17.611099,-0.254887,-0.430705,-0.637502,0.585762,2176.287354,1499.134766,-3228.364990,2183.103516,1418.789795,-3239.207764,2180.962646,1543.217163,-3257.512451,2170.005859,1449.265137,-3186.501465,2171.077637,1585.267212,-3230.237549,2183.202148,1418.649414,-3239.276855,2180.855713,1543.344238,-3257.580811,2169.922363,1449.217773,-3186.365967,2171.165039,1585.323730,-3230.237793,2616.324951,1567.760376,-3159.810303,,,,,,,,,,,,,,,,,,,,,,,,,,,,,,,,,
934,9.340000,0.000000,0.000000,0.000000,1.000000,0.000000,0.000000,0.000000,57.698101,20.499701,-14.700500,0.047771,-0.013570,0.015998,-15.666301,-52.738201,18.801300,-93.396698,0.129960,17.611099,-0.255385,-0.429959,-0.637475,0.586122,2175.057861,1499.127808,-3229.675781,2181.828613,1418.786499,-3240.573486,2179.693604,1543.224243,-3258.808838,2168.837158,1449.238037,-3187.827393,2169.872070,1585.262939,-3231.493408,2181.954102,1418.605591,-3240.644531,2179.548584,1543.313599,-3258.838623,2168.747559,1449.273438,-3187.743408,2169.985596,1585.307617,-3231.482910,2616.333008,1567.741699,-3159.817627,,,,,,,,,,,,,,,,,,,,,,,,,,,,,,,,,
935,9.350000,0.000000,0.000000,0.000000,1.000000,0.000000,0.000000,0.000000,57.698101,20.499701,-14.700500,0.047771,-0.013570,0.015998,-15.666301,-52.738201,18.801300,-93.396698,0.129960,17.611099,-0.255892,-0.429497,-0.637541,0.586168,2173.765137,1499.191772,-3230.928955,2180.467285,1418.846436,-3241.840576,2178.396729,1543.286987,-3260.064209,2167.559814,1449.303101,-3189.076660,2168.636719,1585.330444,-3232.733887,2180.541992,1418.703247,-3241.860107,2178.318848,1543.390991,-3260.162354,2167.502441,1449.326172,-3189.022949,2168.697998,1585.344604,-3232.677490,2616.339355,1567.710938,-3159.837646,,,,,,,,,,,,,,,,,,,,,,,,,,,,,,,,,
936,9.360000,0.000000,0.000000,0.000000,1.000000,0.000000,0.000000,0.000000,57.698101,20.499701,-14.700500,0.047771,-0.013570,0.015998,-15.666301,-52.738201,18.801300,-93.396698,0.129960,17.611099,-0.256779,-0.428589,-0.637726,0.586243,2172.390869,1499.180420,-3232.096191,2178.960938,1418.829712,-3243.047607,2177.018799,1543.278687,-3261.227539,2166.208984,1449.287109,-3190.246338,2167.374756,1585.326538,-3233.863037,2178.989258,1418.797729,-3243.128418,2177.018799,1543.307617,-3261.294678,2166.174805,1449.350342,-3190.139160,2167.379639,1585.268799,-3233.818604,2616.379150,1567.751953,-3159.833252,,,,,,,,,,,,,,,,,,,,,,,,,,,,,,,,,
937,9.370000,0.000000,0.000000,0.000000,1.000000,0.000000,0.000000,0.000000,57.698101,20.499701,-14.700500,0.047771,-0.013570,0.015998,-15.666301,-52.738201,18.801300,-93.396698,0.129960,17.611099,-0.256868,-0.428686,-0.638299,0.585510,2171.065918,1499.166260,-3233.146484,2177.514893,1418.803711,-3244.082764,2175.792480,1543.253540,-3262.278564,2164.763916,1449.287720,-3191.296875,2166.192139,1585.320190,-3234.927734,2177.555176,1418.808960,-3244.196533,2175.785400,1543.315552,-3262.368408,2164.709473,1449.308838,-3191.113037,2166.210449,1585.234863,-3234.897705,2616.372559,1567.747803,-3159.845703,,,,,,,,,,,,,,,,,,,,,,,,,,,,,,,,,
938,9.380000,0.000000,0.000000,0.000000,1.000000,0.000000,0.000000,0.000000,57.698101,20.499701,-14.700500,0.047771,-0.013570,0.015998,-15.666301,-52.738201,18.801300,-93.396698,0.129960,17.611099,-0.257023,-0.429131,-0.638770,0.584601,2169.691895,1499.133423,-3234.135498,2176.025391,1418.751709,-3244.997803,2174.529053,1543.189453,-3263.296875,2163.253174,1449.299194,-3192.253906,2164.959717,1585.293823,-3235.992920,2176.041992,1418.730469,-3245.078857,2174.572510,1543.342529,-3263.500488,2163.209229,1449.278931,-3192.048584,2164.944580,1585.197021,-3235.917236,2616.351807,1567.723999,-3159.848389,,,,,,,,,,,,,,,,,,,,,,,,,,,,,,,,,
939,9.390000,0.000000,0.000000,0.000000,1.000000,0.000000,0.000000,0.000000,57.698101,20.499701,-14.700500,0.047771,-0.013570,0.015998,-15.666301,-52.738201,18.801300,-93.396698,0.129960,17.611099,-0.258791,-0.428255,-0.638757,0.584478,2168.356689,1499.123535,-3235.074219,2174.486328,1418.717651,-3245.874512,2173.193604,1543.139404,-3264.296143,2161.946289,1449.345703,-3193.121338,2163.800293,1585.291748,-3237.005127,2174.525146,1418.657227,-3245.952637,2173.173340,1543.318604,-3264.396484,2161.893311,1449.299316,-3192.941406,2163.828125,1585.232544,-3237.002197,2616.358154,1567.713989,-3159.830322,,,,,,,,,,,,,,,,,,,,,,,,,,,,,,,,,
940,9.400000,0.000000,0.000000,0.000000,1.000000,0.000000,0.000000,0.000000,57.698101,20.499701,-14.700500,0.047771,-0.013570,0.015998,-15.666301,-52.738201,18.801300,-93.396698,0.129960,17.611099,-0.259431,-0.428437,-0.638263,0.584601,2167.032959,1499.219849,-3235.991211,2173.174805,1418.801147,-3246.689209,2171.829346,1543.197876,-3265.276611,2160.677002,1449.496582,-3193.965332,2162.450439,1585.384155,-3238.033203,2173.289795,1418.710815,-3246.772217,2171.688965,1543.314331,-3265.328857,2160.577881,1449.489014,-3193.827881,2162.567627,1585.368530,-3238.036377,2616.353760,1567.781128,-3159.842529,,,,,,,,,,,,,,,,,,,,,,,,,,,,,,,,,
941,9.410000,0.000000,0.000000,0.000000,1.000000,0.000000,0.000000,0.000000,57.698101,20.499701,-14.700500,0.047771,-0.013570,0.015998,-15.666301,-52.738201,18.801300,-93.396698,0.129960,17.611099,-0.259803,-0.429004,-0.637808,0.584516,2165.674072,1499.432861,-3236.878662,2171.848389,1418.999756,-3247.448730,2170.453613,1543.366211,-3266.233887,2159.336914,1449.774048,-3194.773926,2161.056885,1585.591919,-3239.058105,2172.020508,1418.889038,-3247.531494,2170.226318,1543.453979,-3266.276123,2159.202393,1449.768921,-3194.650879,2161.242676,1585.620850,-3239.060303,2616.316650,1567.740845,-3159.834229,,,,,,,,,,,,,,,,,,,,,,,,,,,,,,,,,
942,9.420000,0.000000,0.000000,0.000000,1.000000,0.000000,0.000000,0.000000,57.698101,20.499701,-14.700500,0.047771,-0.013570,0.015998,-15.666301,-52.738201,18.801300,-93.396698,0.129960,17.611099,-0.261471,-0.428849,-0.637169,0.584583,2164.290527,1499.677856,-3237.759521,2170.381836,1419.216797,-3248.163818,2169.020752,1543.541138,-3267.227051,2158.033447,1450.118896,-3195.525391,2159.725830,1585.834839,-3240.121826,2170.518555,1419.068848,-3248.284424,2168.859375,1543.639404,-3267.227051,2157.927246,1450.152954,-3195.383789,2159.856201,1585.844482,-3240.146973,2616.307373,1567.737549,-3159.811035,,,,,,,,,,,,,,,,,,,,,,,,,,,,,,,,,
943,9.430000,0.000000,0.000000,0.000000,1.000000,0.000000,0.000000,0.000000,57.698101,20.499701,-14.700500,0.047771,-0.013570,0.015998,-15.666301,-52.738201,18.801300,-93.396698,0.129960,17.611099,-0.262375,-0.429463,-0.636447,0.584513,2162.919189,1499.843506,-3238.614746,2169.026855,1419.358521,-3248.822998,2167.614014,1543.634521,-3268.195312,2156.708984,1450.388184,-3196.252441,2158.327148,1585.992920,-3241.188477,2169.107178,1419.335815,-3248.861572,2167.506836,1543.699463,-3268.240479,2156.639404,1450.394287,-3196.182129,2158.419922,1585.946289,-3241.176758,2616.281982,1567.777954,-3159.785156,,,,,,,,,,,,,,,,,,,,,,,,,,,,,,,,,
944,9.440000,0.000000,0.000000,0.000000,1.000000,0.000000,0.000000,0.000000,57.698101,20.499701,-14.700500,0.047771,-0.013570,0.015998,-15.666301,-52.738201,18.801300,-93.396698,0.129960,17.611099,-0.263706,-0.429230,-0.635722,0.584874,2161.596436,1499.950562,-3239.494141,2167.680664,1419.448608,-3249.582031,2166.210938,1543.691650,-3269.160889,2155.500977,1450.566772,-3197.031494,2156.993896,1586.095337,-3242.201416,2167.748047,1419.485596,-3249.660645,2166.144043,1543.735474,-3269.243408,2155.429932,1450.552368,-3196.887939,2157.060059,1586.029053,-3242.178955,2616.273193,1567.742065,-3159.777588,,,,,,,,,,,,,,,,,,,,,,,,,,,,,,,,,
945,9.450000,0.000000,0.000000,0.000000,1.000000,0.000000,0.000000,0.000000,57.698101,20.499701,-14.700500,0.047771,-0.013570,0.015998,-15.666301,-52.738201,18.801300,-93.396698,0.129960,17.611099,-0.264256,-0.429597,-0.635297,0.584819,2160.276123,1500.035278,-3240.389648,2166.367676,1419.519165,-3250.359375,2164.870850,1543.732422,-3270.124512,2154.206787,1450.714478,-3197.850342,2155.659424,1586.175171,-3243.224365,2166.371094,1419.487061,-3250.382324,2164.901855,1543.878784,-3270.277344,2154.187012,1450.709351,-3197.750000,2155.646729,1586.079834,-3243.159668,2616.279297,1567.741821,-3159.736572,,,,,,,,,,,,,,,,,,,,,,,,,,,,,,,,,
946,9.460000,0.000000,0.000000,0.000000,1.000000,0.000000,0.000000,0.000000,57.698101,20.499701,-14.700500,0.047771,-0.013570,0.015998,-15.666301,-52.738201,18.801300,-93.396698,0.129960,17.611099,-0.265296,-0.429172,-0.634719,0.585287,2158.913330,1500.185303,-3241.280273,2164.992188,1419.660889,-3251.190674,2163.426025,1543.855591,-3271.067139,2152.959229,1450.902954,-3198.680176,2154.276123,1586.321777,-3244.183350,2165.024658,1419.634033,-3251.246338,2163.415039,1543.966919,-3271.196777,2152.912842,1450.834229,-3198.520020,2154.295410,1586.310059,-3244.155273,2616.253174,1567.752075,-3159.726562,,,,,,,,,,,,,,,,,,,,,,,,,,,,,,,,,
947,9.470000,0.000000,0.000000,0.000000,1.000000,0.000000,0.000000,0.000000,57.698101,20.499701,-14.700500,0.047771,-0.013570,0.015998,-15.666301,-52.738201,18.801300,-93.396698,0.129960,17.611099,-0.265613,-0.428775,-0.633991,0.586223,2157.554688,1500.476440,-3242.230957,2163.738525,1419.961670,-3252.154297,2161.937988,1544.153809,-3272.026611,2151.764893,1451.184814,-3199.618896,2152.777100,1586.605835,-3245.123535,2163.866455,1419.855591,-3252.269531,2161.809082,1544.283813,-3272.189697,2151.640381,1451.143921,-3199.384277,2152.885254,1586.623535,-3245.077637,2616.227295,1567.743164,-3159.718262,,,,,,,,,,,,,,,,,,,,,,,,,,,,,,,,,
948,9.480000,0.000000,0.000000,0.000000,1.000000,0.000000,0.000000,0.000000,57.698101,20.499701,-14.700500,0.047771,-0.013570,0.015998,-15.666301,-52.738201,18.801300,-93.396698,0.129960,17.611099,-0.266647,-0.427634,-0.633233,0.587405,2156.154541,1500.801636,-3243.187500,2162.369873,1420.294556,-3253.153320,2160.377686,1544.489258,-3272.991455,2150.582031,1451.495850,-3200.562744,2151.288574,1586.927246,-3246.042236,2162.552002,1420.206299,-3253.281494,2160.152832,1544.563232,-3273.058105,2150.428467,1451.458618,-3200.358643,2151.475830,1586.977173,-3246.047852,2616.246826,1567.780884,-3159.687012,,,,,,,,,,,,,,,,,,,,,,,,,,,,,,,,,
949,9.490000,0.000000,0.000000,0.000000,1.000000,0.000000,0.000000,0.000000,57.698101,20.499701,-14.700500,0.047771,-0.013570,0.015998,-15.666301,-52.738201,18.801300,-93.396698,0.129960,17.611099,-0.267797,-0.426417,-0.632528,0.588525,2154.845703,1501.089355,-3244.164307,2161.068359,1420.587891,-3254.171143,2158.916260,1544.784912,-3273.977539,2149.483398,1451.772339,-3201.525391,2149.914795,1587.212402,-3246.982666,2161.249512,1420.590698,-3254.323975,2158.684814,1544.800659,-3273.999512,2149.326172,1451.722168,-3201.303711,2150.112061,1587.241699,-3247.021729,2616.203857,1567.765259,-3159.677246,,,,,,,,,,,,,,,,,,,,,,,,,,,,,,,,,
950,9.500000,0.000000,0.000000,0.000000,1.000000,0.000000,0.000000,0.000000,57.698101,20.499701,-14.700500,0.047771,-0.013570,0.015998,-15.666301,-52.738201,18.801300,-93.396698,0.129960,17.611099,-0.269007,-0.425210,-0.631810,0.589617,2153.537842,1501.315796,-3245.182861,2159.761719,1420.818604,-3255.222412,2157.457031,1545.015991,-3275.009766,2148.384521,1451.992798,-3202.525391,2148.547607,1587.436401,-3247.973389,2159.895752,1420.859863,-3255.333252,2157.287354,1545.010010,-3275.045898,2148.269043,1451.979248,-3202.370605,2148.695312,1587.414673,-3247.979492,2616.284912,1567.754639,-3159.648926,,,,,,,,,,,,,,,,,,,,,,,,,,,,,,,,,
951,9.510000,0.000000,0.000000,0.000000,1.000000,0.000000,0.000000,0.000000,57.698101,20.499701,-14.700500,0.047771,-0.013570,0.015998,-15.666301,-52.738201,18.801300,-93.396698,0.129960,17.611099,-0.269878,-0.424315,-0.630719,0.591030,2152.319092,1501.512573,-3246.203613,2158.652588,1421.026245,-3256.262695,2156.040039,1545.217773,-3276.048584,2147.425293,1452.182861,-3203.523193,2147.158936,1587.623535,-3248.979736,2158.746338,1421.142578,-3256.369873,2155.939697,1545.228882,-3276.154785,2147.330811,1452.172241,-3203.343262,2147.259766,1587.509033,-3248.942627,2616.257568,1567.763550,-3159.650391,,,,,,,,,,,,,,,,,,,,,,,,,,,,,,,,,
952,9.520000,0.000000,0.000000,0.000000,1.000000,0.000000,0.000000,0.000000,57.698101,20.499701,-14.700500,0.047771,-0.013570,0.015998,-15.666301,-52.738201,18.801300,-93.396698,0.129960,17.611099,-0.270767,-0.423146,-0.629603,0.592649,2150.994385,1501.822754,-3247.261963,2157.441406,1421.352661,-3257.378174,2154.495117,1545.545532,-3277.107666,2146.389160,1452.468628,-3204.577637,2145.651611,1587.924316,-3249.984375,2157.512939,1421.338989,-3257.441650,2154.417480,1545.624756,-3277.230225,2146.317139,1452.452881,-3204.437012,2145.722168,1587.878418,-3249.938721,2616.221191,1567.736694,-3159.675537,,,,,,,,,,,,,,,,,,,,,,,,,,,,,,,,,
953,9.530000,0.000000,0.000000,0.000000,1.000000,0.000000,0.000000,0.000000,57.698101,20.499701,-14.700500,0.047771,-0.013570,0.015998,-15.666301,-52.738201,18.801300,-93.396698,0.129960,17.611099,-0.272344,-0.421142,-0.628244,0.594792,2149.565430,1502.202026,-3248.277344,2156.094482,1421.750854,-3258.491699,2152.777100,1545.951050,-3278.117432,2145.348877,1452.811401,-3205.595459,2144.041260,1588.295044,-3250.905029,2156.148193,1421.624756,-3258.574219,2152.733154,1546.116821,-3278.215820,2145.296875,1452.842651,-3205.449707,2144.079590,1588.233887,-3250.875244,2616.226074,1567.731201,-3159.677734,,,,,,,,,,,,,,,,,,,,,,,,,,,,,,,,,
954,9.540000,0.000000,0.000000,0.000000,1.000000,0.000000,0.000000,0.000000,57.698101,20.499701,-14.700500,0.047771,-0.013570,0.015998,-15.666301,-52.738201,18.801300,-93.396698,0.129960,17.611099,-0.274124,-0.419722,-0.627136,0.596145,2148.259033,1502.632080,-3249.261230,2154.790039,1422.180420,-3259.469727,2151.269043,1546.367676,-3279.141846,2144.321289,1453.260986,-3206.529785,2142.655762,1588.719727,-3251.902832,2154.836182,1422.086304,-3259.547119,2151.239990,1546.505615,-3279.279297,2144.271729,1453.274292,-3206.372803,2142.684082,1588.672852,-3251.850098,2616.270020,1567.743896,-3159.687988,,,,,,,,,,,,,,,,,,,,,,,,,,,,,,,,,
955,9.550000,0.000000,0.000000,0.000000,1.000000,0.000000,0.000000,0.000000,57.698101,20.499701,-14.700500,0.047771,-0.013570,0.015998,-15.666301,-52.738201,18.801300,-93.396698,0.129960,17.611099,-0.276170,-0.418168,-0.625916,0.597574,2146.932617,1502.975220,-3250.253662,2153.454102,1422.520508,-3260.444580,2149.724854,1546.690796,-3280.184570,2143.296875,1453.632812,-3207.462646,2141.254395,1589.057129,-3252.922852,2153.548828,1422.508911,-3260.520264,2149.611328,1546.703125,-3280.272217,2143.213867,1453.662964,-3207.348877,2141.352539,1589.026978,-3252.873291,2616.266113,1567.745728,-3159.713867,,,,,,,,,,,,,,,,,,,,,,,,,,,,,,,,,
956,9.560000,0.000000,0.000000,0.000000,1.000000,0.000000,0.000000,0.000000,57.698101,20.499701,-14.700500,0.047771,-0.013570,0.015998,-15.666301,-52.738201,18.801300,-93.396698,0.129960,17.611099,-0.278520,-0.416024,-0.624558,0.599398,2145.750000,1503.340332,-3251.135742,2152.252930,1422.888062,-3261.357178,2148.276367,1547.050415,-3281.098633,2142.484863,1454.006226,-3208.305420,2139.986084,1589.417236,-3253.782227,2152.343506,1422.841431,-3261.444580,2148.170898,1547.026123,-3281.136475,2142.409180,1454.121826,-3208.230469,2140.074951,1589.375122,-3253.731201,2616.309082,1567.774780,-3159.739502,,,,,,,,,,,,,,,,,,,,,,,,,,,,,,,,,
957,9.570000,0.000000,0.000000,0.000000,1.000000,0.000000,0.000000,0.000000,57.698101,20.499701,-14.700500,0.047771,-0.013570,0.015998,-15.666301,-52.738201,18.801300,-93.396698,0.129960,17.611099,-0.279531,-0.414331,-0.623649,0.601045,2144.514893,1503.775513,-3252.033447,2151.073975,1423.342896,-3262.374268,2146.826660,1547.520630,-3281.962158,2141.538086,1454.391479,-3209.239502,2138.620361,1589.847046,-3254.558105,2151.170654,1423.212402,-3262.396729,2146.698242,1547.594971,-3282.000977,2141.471680,1454.408813,-3209.201172,2138.719482,1589.882446,-3254.538818,2616.310059,1567.742432,-3159.771484,,,,,,,,,,,,,,,,,,,,,,,,,,,,,,,,,
958,9.580000,0.000000,0.000000,0.000000,1.000000,0.000000,0.000000,0.000000,57.698101,20.499701,-14.700500,0.047771,-0.013570,0.015998,-15.666301,-52.738201,18.801300,-93.396698,0.129960,17.611099,-0.279865,-0.412646,-0.622525,0.603209,2143.361572,1504.183716,-3252.846436,2150.097656,1423.790649,-3263.378418,2145.404053,1547.994263,-3282.699219,2140.732666,1454.707275,-3210.136475,2137.211670,1590.243042,-3255.171875,2150.214600,1423.593018,-3263.438477,2145.254639,1548.152466,-3282.738525,2140.653320,1454.665527,-3210.023926,2137.323242,1590.318848,-3255.191895,2616.296631,1567.731323,-3159.786377,,,,,,,,,,,,,,,,,,,,,,,,,,,,,,,,,
959,9.590000,0.000000,0.000000,0.000000,1.000000,0.000000,0.000000,0.000000,57.698101,20.499701,-14.700500,0.047771,-0.013570,0.015998,-15.666301,-52.738201,18.801300,-93.396698,0.129960,17.611099,-0.279046,-0.411806,-0.621752,0.604958,2142.233398,1504.537354,-3253.628418,2149.216064,1424.192261,-3264.364258,2144.074707,1548.425049,-3283.380615,2139.848633,1454.951172,-3211.031494,2135.793701,1590.581055,-3255.737549,2149.297363,1424.067383,-3264.400879,2143.968262,1548.540405,-3283.417480,2139.791260,1454.930298,-3210.956055,2135.874268,1590.611572,-3255.742432,2616.306152,1567.721069,-3159.809570,,,,,,,,,,,,,,,,,,,,,,,,,,,,,,,,,
960,9.600000,0.000000,0.000000,0.000000,1.000000,0.000000,0.000000,0.000000,57.698101,20.499701,-14.700500,0.047771,-0.013570,0.015998,-15.666301,-52.738201,18.801300,-93.396698,0.129960,17.611099,-0.279132,-0.410143,-0.621162,0.606651,2141.136475,1504.812866,-3254.310059,2148.223633,1424.506958,-3265.267334,2142.783691,1548.775635,-3283.962402,2139.005371,1455.119507,-3211.824707,2134.532715,1590.849487,-3256.185547,2148.255859,1424.464233,-3265.324951,2142.763428,1548.822632,-3284.072266,2138.972168,1455.139526,-3211.718018,2134.552490,1590.827515,-3256.126465,2616.348145,1567.740601,-3159.824463,,,,,,,,,,,,,,,,,,,,,,,,,,,,,,,,,
961,9.610000,0.000000,0.000000,0.000000,1.000000,0.000000,0.000000,0.000000,57.698101,20.499701,-14.700500,0.047771,-0.013570,0.015998,-15.666301,-52.738201,18.801300,-93.396698,0.129960,17.611099,-0.277955,-0.409147,-0.621208,0.607817,2140.109863,1505.067383,-3254.927246,2147.334229,1424.811523,-3266.158691,2141.657471,1549.132202,-3284.432861,2138.097168,1455.228149,-3212.607422,2133.349609,1591.097778,-3256.509521,2147.324463,1424.861816,-3266.222412,2141.690674,1549.110962,-3284.492920,2138.092529,1455.299927,-3212.532715,2133.330078,1590.995605,-3256.456543,2616.293457,1567.726685,-3159.841309,,,,,,,,,,,,,,,,,,,,,,,,,,,,,,,,,
962,9.620000,0.000000,0.000000,0.000000,1.000000,0.000000,0.000000,0.000000,57.698101,20.499701,-14.700500,0.047771,-0.013570,0.015998,-15.666301,-52.738201,18.801300,-93.396698,0.129960,17.611099,-0.277902,-0.407199,-0.621077,0.609280,2139.141602,1505.252441,-3255.459961,2146.400635,1425.039673,-3266.973145,2140.542969,1549.412720,-3284.830322,2137.326660,1455.276611,-3213.292480,2132.295898,1591.281128,-3256.743652,2146.447021,1425.051025,-3267.028564,2140.485352,1549.495483,-3284.924072,2137.277344,1455.319702,-3213.189941,2132.355469,1591.139771,-3256.695068,2616.369141,1567.724976,-3159.847412,,,,,,,,,,,,,,,,,,,,,,,,,,,,,,,,,
963,9.630000,0.000000,0.000000,0.000000,1.000000,0.000000,0.000000,0.000000,57.698101,20.499701,-14.700500,0.047771,-0.013570,0.015998,-15.666301,-52.738201,18.801300,-93.396698,0.129960,17.611099,-0.276825,-0.406230,-0.621614,0.609870,2138.210693,1505.446777,-3255.953369,2145.502930,1425.275146,-3267.729980,2139.593018,1549.703735,-3285.178711,2136.417969,1455.332031,-3213.949951,2131.329102,1591.476318,-3256.954346,2145.624023,1425.226440,-3267.824951,2139.420654,1549.857300,-3285.259033,2136.312744,1455.340820,-3213.783691,2131.473389,1591.371826,-3256.946289,2616.348145,1567.749878,-3159.839111,,,,,,,,,,,,,,,,,,,,,,,,,,,,,,,,,
964,9.640000,0.000000,0.000000,0.000000,1.000000,0.000000,0.000000,0.000000,57.698101,20.499701,-14.700500,0.047771,-0.013570,0.015998,-15.666301,-52.738201,18.801300,-93.396698,0.129960,17.611099,-0.275889,-0.405479,-0.621931,0.610471,2137.338135,1505.574341,-3256.384766,2144.686279,1425.439575,-3268.375732,2138.687256,1549.909912,-3285.492188,2135.583496,1455.346558,-3214.515137,2130.395752,1591.601318,-3257.156250,2144.858887,1425.350342,-3268.513184,2138.453613,1550.023315,-3285.539062,2135.445068,1455.369141,-3214.325195,2130.584473,1591.558472,-3257.163086,2616.299316,1567.752441,-3159.861572,,,,,,,,,,,,,,,,,,,,,,,,,,,,,,,,,
965,9.650000,0.000000,0.000000,0.000000,1.000000,0.000000,0.000000,0.000000,57.698101,20.499701,-14.700500,0.047771,-0.013570,0.015998,-15.666301,-52.738201,18.801300,-93.396698,0.129960,17.611099,-0.275795,-0.404607,-0.621773,0.611252,2136.559326,1505.686646,-3256.785889,2143.947998,1425.575562,-3268.909180,2137.826172,1550.066895,-3285.828857,2134.912598,1455.394775,-3214.988770,2129.550537,1591.709473,-3257.416504,2144.163818,1425.423706,-3269.076172,2137.556885,1550.141602,-3285.888428,2134.751465,1455.398804,-3214.773438,2129.763428,1591.775757,-3257.412598,2616.312988,1567.750488,-3159.864990,,,,,,,,,,,,,,,,,,,,,,,,,,,,,,,,,
966,9.660000,0.000000,0.000000,0.000000,1.000000,0.000000,0.000000,0.000000,57.698101,20.499701,-14.700500,0.047771,-0.013570,0.015998,-15.666301,-52.738201,18.801300,-93.396698,0.129960,17.611099,-0.275614,-0.404012,-0.622020,0.611476,2135.797363,1505.760498,-3257.159668,2143.163086,1425.663696,-3269.390137,2137.057617,1550.177979,-3286.146240,2134.162842,1455.415405,-3215.426514,2128.805664,1591.785522,-3257.675781,2143.389160,1425.508911,-3269.537109,2136.765869,1550.188843,-3286.167236,2134.003662,1455.409912,-3215.260254,2129.038574,1591.930908,-3257.684082,2616.323242,1567.718018,-3159.833740,,,,,,,,,,,,,,,,,,,,,,,,,,,,,,,,,
967,9.670000,0.000000,0.000000,0.000000,1.000000,0.000000,0.000000,0.000000,57.698101,20.499701,-14.700500,0.047771,-0.013570,0.015998,-15.666301,-52.738201,18.801300,-93.396698,0.129960,17.611099,-0.275918,-0.403261,-0.622299,0.611551,2135.100830,1505.831177,-3257.499756,2142.379150,1425.737915,-3269.805420,2136.366699,1550.271362,-3286.450928,2133.470947,1455.452759,-3215.806152,2128.187012,1591.862793,-3257.936035,2142.555664,1425.608032,-3269.938965,2136.138428,1550.299561,-3286.446289,2133.344727,1455.404053,-3215.639893,2128.371094,1592.012207,-3257.978027,2616.281738,1567.730957,-3159.832520,,,,,,,,,,,,,,,,,,,,,,,,,,,,,,,,,
968,9.680000,0.000000,0.000000,0.000000,1.000000,0.000000,0.000000,0.000000,57.698101,20.499701,-14.700500,0.047771,-0.013570,0.015998,-15.666301,-52.738201,18.801300,-93.396698,0.129960,17.611099,-0.276922,-0.402559,-0.622186,0.611674,2134.410156,1505.842651,-3257.770996,2141.587891,1425.738159,-3270.062988,2135.650146,1550.270874,-3286.741699,2132.829346,1455.481567,-3216.054932,2127.572998,1591.880493,-3258.224365,2141.706299,1425.627686,-3270.151611,2135.505615,1550.280640,-3286.769775,2132.744873,1455.444702,-3215.937256,2127.689209,1592.018433,-3258.227783,2616.285889,1567.746460,-3159.818115,,,,,,,,,,,,,,,,,,,,,,,,,,,,,,,,,
969,9.690000,0.000000,0.000000,0.000000,1.000000,0.000000,0.000000,0.000000,57.698101,20.499701,-14.700500,0.047771,-0.013570,0.015998,-15.666301,-52.738201,18.801300,-93.396698,0.129960,17.611099,-0.274939,-0.404142,-0.622421,0.611285,2133.891357,1505.881958,-3257.975830,2141.264893,1425.795044,-3270.266846,2135.196289,1550.324707,-3286.921143,2132.194336,1455.500000,-3216.289307,2126.909912,1591.908081,-3258.425781,2141.408691,1425.847900,-3270.358154,2135.002930,1550.296631,-3287.029785,2132.071289,1455.417480,-3216.115723,2127.071533,1591.961182,-3258.395752,2616.265381,1567.751587,-3159.796387,,,,,,,,,,,,,,,,,,,,,,,,,,,,,,,,,
970,9.700000,0.000000,0.000000,0.000000,1.000000,0.000000,0.000000,0.000000,57.698101,20.499701,-14.700500,0.047771,-0.013570,0.015998,-15.666301,-52.738201,18.801300,-93.396698,0.129960,17.611099,-0.275331,-0.404217,-0.622942,0.610529,2133.234131,1505.799316,-3258.096436,2140.465332,1425.692017,-3270.338379,2134.635742,1550.223145,-3287.066406,2131.422607,1455.444336,-3216.382324,2126.412354,1591.838013,-3258.598633,2140.618408,1425.680542,-3270.424561,2134.430176,1550.200806,-3287.175537,2131.297607,1455.401489,-3216.234619,2126.581055,1591.913818,-3258.551758,2616.250977,1567.742798,-3159.781494,,,,,,,,,,,,,,,,,,,,,,,,,,,,,,,,,
971,9.710000,0.000000,0.000000,0.000000,1.000000,0.000000,0.000000,0.000000,57.698101,20.499701,-14.700500,0.047771,-0.013570,0.015998,-15.666301,-52.738201,18.801300,-93.396698,0.129960,17.611099,-0.278111,-0.402638,-0.623636,0.609602,2132.479004,1505.720703,-3258.108887,2139.248047,1425.560669,-3270.270020,2133.984375,1550.097168,-3287.146240,2130.587891,1455.432739,-3216.317383,2126.095459,1591.792480,-3258.701416,2139.259277,1425.476074,-3270.332031,2133.998535,1550.124390,-3287.230225,2130.576172,1455.449829,-3216.223145,2126.082764,1591.831055,-3258.651123,2616.253418,1567.716431,-3159.736572,,,,,,,,,,,,,,,,,,,,,,,,,,,,,,,,,
972,9.720000,0.000000,0.000000,0.000000,1.000000,0.000000,0.000000,0.000000,57.698101,20.499701,-14.700500,0.047771,-0.013570,0.015998,-15.666301,-52.738201,18.801300,-93.396698,0.129960,17.611099,-0.278538,-0.403236,-0.624419,0.608209,2131.837158,1505.685913,-3258.004639,2138.410645,1425.490845,-3270.041260,2133.513428,1550.017090,-3287.101807,2129.736572,1455.462280,-3216.145996,2125.687500,1591.773804,-3258.729492,2138.385742,1425.495605,-3270.077637,2133.578613,1550.047729,-3287.218506,2129.748535,1455.436279,-3216.049805,2125.640869,1591.765259,-3258.675537,2616.297363,1567.727417,-3159.702148,,,,,,,,,,,,,,,,,,,,,,,,,,,,,,,,,
973,9.730000,0.000000,0.000000,0.000000,1.000000,0.000000,0.000000,0.000000,57.698101,20.499701,-14.700500,0.047771,-0.013570,0.015998,-15.666301,-52.738201,18.801300,-93.396698,0.129960,17.611099,-0.278237,-0.404496,-0.625359,0.606542,2131.216309,1505.639282,-3257.831543,2137.652100,1425.412842,-3269.732910,2133.103516,1549.926270,-3286.982910,2128.843262,1455.478516,-3215.912109,2125.265869,1591.739746,-3258.697998,2137.664062,1425.499023,-3269.810303,2133.111572,1549.943359,-3287.110840,2128.817871,1455.400146,-3215.733887,2125.269531,1591.712280,-3258.663086,2616.237793,1567.733154,-3159.690430,,,,,,,,,,,,,,,,,,,,,,,,,,,,,,,,,
974,9.740000,0.000000,0.000000,0.000000,1.000000,0.000000,0.000000,0.000000,57.698101,20.499701,-14.700500,0.047771,-0.013570,0.015998,-15.666301,-52.738201,18.801300,-93.396698,0.129960,17.611099,-0.278629,-0.405217,-0.625993,0.605225,2130.618896,1505.633423,-3257.595947,2136.888672,1425.373291,-3269.357666,2132.662109,1549.869141,-3286.814697,2128.053223,1455.545532,-3215.601074,2124.871094,1591.746094,-3258.610596,2136.929443,1425.429932,-3269.468994,2132.632568,1549.927979,-3286.942383,2128.001221,1455.463867,-3215.365234,2124.904297,1591.708130,-3258.589111,2616.195801,1567.763428,-3159.688965,,,,,,,,,,,,,,,,,,,,,,,,,,,,,,,,,
975,9.750000,0.000000,0.000000,0.000000,1.000000,0.000000,0.000000,0.000000,57.698101,20.499701,-14.700500,0.047771,-0.013570,0.015998,-15.666301,-52.738201,18.801300,-93.396698,0.129960,17.611099,-0.279350,-0.405871,-0.626209,0.604231,2130.066895,1505.639893,-3257.315674,2136.207764,1425.344971,-3268.906006,2132.210205,1549.811523,-3286.624268,2127.380615,1455.643555,-3215.218994,2124.468506,1591.760010,-3258.512939,2136.273193,1425.390991,-3269.018311,2132.145264,1549.849487,-3286.743896,2127.311035,1455.607422,-3215.009277,2124.530518,1591.712646,-3258.478760,2616.255615,1567.807861,-3159.684326,,,,,,,,,,,,,,,,,,,,,,,,,,,,,,,,,
976,9.760000,0.000000,0.000000,0.000000,1.000000,0.000000,0.000000,0.000000,57.698101,20.499701,-14.700500,0.047771,-0.013570,0.015998,-15.666301,-52.738201,18.801300,-93.396698,0.129960,17.611099,-0.280699,-0.406170,-0.626436,0.603168,2129.524170,1505.683105,-3257.049072,2135.457764,1425.344971,-3268.447754,2131.769775,1549.778198,-3286.464844,2126.725586,1455.795410,-3214.830811,2124.143799,1591.813965,-3258.452637,2135.544678,1425.331299,-3268.567871,2131.673584,1549.801880,-3286.538574,2126.645752,1455.816406,-3214.657471,2124.227539,1591.784424,-3258.426270,2616.236084,1567.760010,-3159.672363,,,,,,,,,,,,,,,,,,,,,,,,,,,,,,,,,
977,9.770000,0.000000,0.000000,0.000000,1.000000,0.000000,0.000000,0.000000,57.698101,20.499701,-14.700500,0.047771,-0.013570,0.015998,-15.666301,-52.738201,18.801300,-93.396698,0.129960,17.611099,-0.283157,-0.405819,-0.626518,0.602170,2128.992676,1505.761597,-3256.748779,2134.611816,1425.369019,-3267.919922,2131.315918,1549.759644,-3286.303467,2126.129883,1456.011597,-3214.372559,2123.913574,1591.906372,-3258.398193,2134.708740,1425.277344,-3268.038330,2131.210205,1549.769043,-3286.342529,2126.050781,1456.120117,-3214.254639,2124.001709,1591.881104,-3258.359619,2616.220947,1567.811890,-3159.681396,,,,,,,,,,,,,,,,,,,,,,,,,,,,,,,,,
978,9.780000,0.000000,0.000000,0.000000,1.000000,0.000000,0.000000,0.000000,57.698101,20.499701,-14.700500,0.047771,-0.013570,0.015998,-15.666301,-52.738201,18.801300,-93.396698,0.129960,17.611099,-0.285612,-0.405612,-0.626436,0.601234,2128.424561,1505.932861,-3256.466309,2133.758789,1425.486450,-3267.387207,2130.810547,1549.825684,-3286.172119,2125.514160,1456.331909,-3213.919189,2123.614990,1592.087524,-3258.386963,2133.821289,1425.433228,-3267.485352,2130.742920,1549.828735,-3286.186768,2125.461670,1456.422119,-3213.824951,2123.672607,1592.050415,-3258.367432,2616.249268,1567.797363,-3159.687988,,,,,,,,,,,,,,,,,,,,,,,,,,,,,,,,,
979,9.790000,0.000000,0.000000,0.000000,1.000000,0.000000,0.000000,0.000000,57.698101,20.499701,-14.700500,0.047771,-0.013570,0.015998,-15.666301,-52.738201,18.801300,-93.396698,0.129960,17.611099,-0.286770,-0.406502,-0.626126,0.600405,2127.902832,1506.181152,-3256.175781,2133.149658,1425.693970,-3266.835938,2130.340088,1549.975098,-3286.022949,2124.933350,1456.721191,-3213.468750,2123.187744,1592.334351,-3258.375244,2133.233154,1425.607178,-3266.902588,2130.233887,1550.033936,-3286.049072,2124.868164,1456.774902,-3213.391602,2123.274902,1592.308105,-3258.361816,2616.242432,1567.760376,-3159.691162,,,,,,,,,,,,,,,,,,,,,,,,,,,,,,,,,
980,9.800000,0.000000,0.000000,0.000000,1.000000,0.000000,0.000000,0.000000,57.698101,20.499701,-14.700500,0.047771,-0.013570,0.015998,-15.666301,-52.738201,18.801300,-93.396698,0.129960,17.611099,-0.287603,-0.407692,-0.625747,0.599593,2127.343506,1506.434937,-3255.909912,2132.554199,1425.910522,-3266.302734,2129.829834,1550.129883,-3285.897949,2124.311035,1457.116333,-3213.044189,2122.678467,1592.583008,-3258.394775,2132.679443,1425.771118,-3266.375732,2129.656494,1550.275146,-3285.933594,2124.216797,1457.138062,-3212.935303,2122.814453,1592.558594,-3258.400635,2616.285156,1567.799805,-3159.697510,,,,,,,,,,,,,,,,,,,,,,,,,,,,,,,,,
981,9.810000,0.000000,0.000000,0.000000,1.000000,0.000000,0.000000,0.000000,57.698101,20.499701,-14.700500,0.047771,-0.013570,0.015998,-15.666301,-52.738201,18.801300,-93.396698,0.129960,17.611099,-0.288947,-0.408376,-0.625232,0.599019,2126.739746,1506.735718,-3255.639160,2131.879150,1426.174194,-3265.776367,2129.240479,1550.331909,-3285.769287,2123.697266,1457.557739,-3212.612793,2122.142090,1592.879150,-3258.397705,2132.017090,1426.074951,-3265.859375,2129.040039,1550.476562,-3285.797852,2123.586670,1457.489990,-3212.454590,2122.302734,1592.906494,-3258.442627,2616.308105,1567.781250,-3159.719727,,,,,,,,,,,,,,,,,,,,,,,,,,,,,,,,,
982,9.820000,0.000000,0.000000,0.000000,1.000000,0.000000,0.000000,0.000000,57.698101,20.499701,-14.700500,0.047771,-0.013570,0.015998,-15.666301,-52.738201,18.801300,-93.396698,0.129960,17.611099,-0.290494,-0.408821,-0.624771,0.598448,2126.060303,1507.103271,-3255.362305,2131.093262,1426.504639,-3265.254395,2128.575684,1550.602539,-3285.631104,2123.012207,1458.063354,-3212.179443,2121.559814,1593.243164,-3258.384033,2131.237549,1426.456665,-3265.333252,2128.357422,1550.762085,-3285.707764,2122.884277,1457.928223,-3211.974365,2121.735596,1593.269043,-3258.424316,2616.309570,1567.730835,-3159.726807,,,,,,,,,,,,,,,,,,,,,,,,,,,,,,,,,
983,9.830000,0.000000,0.000000,0.000000,1.000000,0.000000,0.000000,0.000000,57.698101,20.499701,-14.700500,0.047771,-0.013570,0.015998,-15.666301,-52.738201,18.801300,-93.396698,0.129960,17.611099,-0.291777,-0.409182,-0.624442,0.597920,2125.328613,1507.434814,-3255.051514,2130.263428,1426.805542,-3264.742188,2127.863525,1550.853638,-3285.434082,2122.266846,1458.508911,-3211.740479,2120.920410,1593.571533,-3258.289795,2130.391846,1426.727905,-3264.826904,2127.684326,1551.009644,-3285.543945,2122.150146,1458.370361,-3211.513428,2121.064209,1593.629150,-3258.308350,2616.305420,1567.717285,-3159.755859,,,,,,,,,,,,,,,,,,,,,,,,,,,,,,,,,
984,9.840000,0.000000,0.000000,0.000000,1.000000,0.000000,0.000000,0.000000,57.698101,20.499701,-14.700500,0.047771,-0.013570,0.015998,-15.666301,-52.738201,18.801300,-93.396698,0.129960,17.611099,-0.292363,-0.409524,-0.624212,0.597640,2124.643311,1507.780151,-3254.768799,2129.547363,1427.134888,-3264.341064,2127.187012,1551.152954,-3285.216064,2121.573975,1458.919678,-3211.384521,2120.264648,1593.913574,-3258.133301,2129.694824,1427.107178,-3264.442627,2126.989014,1551.212891,-3285.341309,2121.438721,1458.764282,-3211.137695,2120.430664,1594.025024,-3258.134033,2616.323242,1567.723999,-3159.776367,,,,,,,,,,,,,,,,,,,,,,,,,,,,,,,,,
985,9.850000,0.000000,0.000000,0.000000,1.000000,0.000000,0.000000,0.000000,57.698101,20.499701,-14.700500,0.047771,-0.013570,0.015998,-15.666301,-52.738201,18.801300,-93.396698,0.129960,17.611099,-0.293052,-0.409234,-0.624115,0.597603,2123.916748,1508.036133,-3254.522461,2128.755615,1427.382202,-3264.055420,2126.451660,1551.390137,-3284.997559,2120.868652,1459.202026,-3211.106934,2119.591553,1594.170410,-3257.930176,2128.816895,1427.330566,-3264.149414,2126.388672,1551.518311,-3285.145264,2120.802734,1459.102417,-3210.869141,2119.644775,1594.189819,-3257.911621,2616.315674,1567.755859,-3159.807373,,,,,,,,,,,,,,,,,,,,,,,,,,,,,,,,,
986,9.860000,0.000000,0.000000,0.000000,1.000000,0.000000,0.000000,0.000000,57.698101,20.499701,-14.700500,0.047771,-0.013570,0.015998,-15.666301,-52.738201,18.801300,-93.396698,0.129960,17.611099,-0.295173,-0.407406,-0.623592,0.598353,2123.139160,1508.199585,-3254.293213,2127.822754,1427.537476,-3263.833984,2125.552734,1551.543091,-3284.792725,2120.280029,1459.379517,-3210.848877,2118.901611,1594.338379,-3257.697021,2127.867432,1427.458618,-3263.944824,2125.522705,1551.600708,-3284.909912,2120.234619,1459.376465,-3210.657715,2118.928223,1594.360229,-3257.655273,2616.338135,1567.744263,-3159.831787,,,,,,,,,,,,,,,,,,,,,,,,,,,,,,,,,
987,9.870000,0.000000,0.000000,0.000000,1.000000,0.000000,0.000000,0.000000,57.698101,20.499701,-14.700500,0.047771,-0.013570,0.015998,-15.666301,-52.738201,18.801300,-93.396698,0.129960,17.611099,-0.297181,-0.405200,-0.623199,0.599266,2122.365479,1508.392700,-3254.107910,2126.883057,1427.729858,-3263.722656,2124.649902,1551.750366,-3284.597168,2119.707275,1459.551636,-3210.674561,2118.221680,1594.539062,-3257.437500,2126.954834,1427.646606,-3263.842773,2124.581299,1551.771118,-3284.701660,2119.643799,1459.603638,-3210.506104,2118.279053,1594.549194,-3257.379150,2616.327881,1567.719360,-3159.846924,,,,,,,,,,,,,,,,,,,,,,,,,,,,,,,,,
988,9.880000,0.000000,0.000000,0.000000,1.000000,0.000000,0.000000,0.000000,57.698101,20.499701,-14.700500,0.047771,-0.013570,0.015998,-15.666301,-52.738201,18.801300,-93.396698,0.129960,17.611099,-0.298031,-0.403379,-0.622860,0.600424,2121.622070,1508.554321,-3253.968750,2126.103516,1427.907959,-3263.737549,2123.769775,1551.963013,-3284.395508,2119.157715,1459.640991,-3210.605469,2117.457275,1594.705688,-3257.136475,2126.164062,1427.836182,-3263.857910,2123.715576,1552.003906,-3284.513184,2119.099854,1459.739502,-3210.440186,2117.505859,1594.643311,-3257.058105,2616.348389,1567.723145,-3159.844482,,,,,,,,,,,,,,,,,,,,,,,,,,,,,,,,,
989,9.890000,0.000000,0.000000,0.000000,1.000000,0.000000,0.000000,0.000000,57.698101,20.499701,-14.700500,0.047771,-0.013570,0.015998,-15.666301,-52.738201,18.801300,-93.396698,0.129960,17.611099,-0.299431,-0.400849,-0.622648,0.601640,2120.915771,1508.759888,-3253.860352,2125.269043,1428.129639,-3263.818115,2122.921875,1552.228271,-3284.211426,2118.664062,1459.760742,-3210.582031,2116.807373,1594.921143,-3256.829346,2125.375732,1427.992432,-3263.920166,2122.792236,1552.315674,-3284.307617,2118.577637,1459.866699,-3210.452393,2116.913818,1594.865723,-3256.763916,2616.369141,1567.773438,-3159.843506,,,,,,,,,,,,,,,,,,,,,,,,,,,,,,,,,
990,9.900000,0.000000,0.000000,0.000000,1.000000,0.000000,0.000000,0.000000,57.698101,20.499701,-14.700500,0.047771,-0.013570,0.015998,-15.666301,-52.738201,18.801300,-93.396698,0.129960,17.611099,-0.301040,-0.397954,-0.622200,0.603220,2120.227051,1509.003662,-3253.754639,2124.468018,1428.393921,-3263.924561,2122.043213,1552.539307,-3284.020996,2118.253662,1459.908081,-3210.572266,2116.143555,1595.173340,-3256.500488,2124.590576,1428.307373,-3263.963135,2121.853516,1552.673828,-3284.086426,2118.158691,1459.970947,-3210.507324,2116.298828,1595.067505,-3256.465576,2616.346436,1567.728394,-3159.854736,,,,,,,,,,,,,,,,,,,,,,,,,,,,,,,,,
991,9.910000,0.000000,0.000000,0.000000,1.000000,0.000000,0.000000,0.000000,57.698101,20.499701,-14.700500,0.047771,-0.013570,0.015998,-15.666301,-52.738201,18.801300,-93.396698,0.129960,17.611099,-0.302500,-0.394927,-0.621842,0.604847,2119.506104,1509.250000,-3253.673096,2123.632568,1428.665894,-3264.089844,2121.134277,1552.866455,-3283.833740,2117.807617,1460.039185,-3210.610596,2115.449951,1595.429077,-3256.157959,2123.735596,1428.650757,-3264.096924,2120.958008,1553.003052,-3283.873779,2117.727295,1460.017212,-3210.559326,2115.594971,1595.338013,-3256.167236,2616.330811,1567.766602,-3159.853760,,,,,,,,,,,,,,,,,,,,,,,,,,,,,,,,,
992,9.920000,0.000000,0.000000,0.000000,1.000000,0.000000,0.000000,0.000000,57.698101,20.499701,-14.700500,0.047771,-0.013570,0.015998,-15.666301,-52.738201,18.801300,-93.396698,0.129960,17.611099,-0.303577,-0.392256,-0.621703,0.606187,2118.756836,1509.504150,-3253.601318,2122.771973,1428.946167,-3264.260254,2120.240479,1553.201416,-3283.652344,2117.272949,1460.177246,-3210.663818,2114.741455,1595.692139,-3255.828613,2122.853027,1428.922485,-3264.285889,2120.107910,1553.314209,-3283.681641,2117.207275,1460.107056,-3210.578125,2114.848389,1595.679443,-3255.859131,2616.314697,1567.710571,-3159.832764,,,,,,,,,,,,,,,,,,,,,,,,,,,,,,,,,
993,9.930000,0.000000,0.000000,0.000000,1.000000,0.000000,0.000000,0.000000,57.698101,20.499701,-14.700500,0.047771,-0.013570,0.015998,-15.666301,-52.738201,18.801300,-93.396698,0.129960,17.611099,-0.304247,-0.390186,-0.621468,0.607426,2118.094482,1509.741699,-3253.524902,2122.065186,1429.208862,-3264.389404,2119.442627,1553.508911,-3283.480469,2116.803955,1460.314819,-3210.696289,2114.066162,1595.934448,-3255.533691,2122.127930,1429.199097,-3264.429688,2119.348633,1553.587158,-3283.538574,2116.750000,1460.212646,-3210.574463,2114.142822,1595.964722,-3255.551270,2616.313965,1567.730713,-3159.815430,,,,,,,,,,,,,,,,,,,,,,,,,,,,,,,,,
994,9.940000,0.000000,0.000000,0.000000,1.000000,0.000000,0.000000,0.000000,57.698101,20.499701,-14.700500,0.047771,-0.013570,0.015998,-15.666301,-52.738201,18.801300,-93.396698,0.129960,17.611099,-0.305068,-0.388376,-0.620766,0.608890,2117.461670,1509.885376,-3253.499756,2121.455078,1429.373779,-3264.511719,2118.625732,1553.701538,-3283.391357,2116.422119,1460.389282,-3210.744385,2113.343750,1596.077393,-3255.351318,2121.485840,1429.363159,-3264.524414,2118.583984,1553.739136,-3283.469971,2116.395996,1460.266479,-3210.653564,2113.378174,1596.168457,-3255.345947,2616.325928,1567.763184,-3159.801758,,,,,,,,,,,,,,,,,,,,,,,,,,,,,,,,,
995,9.950000,0.000000,0.000000,0.000000,1.000000,0.000000,0.000000,0.000000,57.698101,20.499701,-14.700500,0.047771,-0.013570,0.015998,-15.666301,-52.738201,18.801300,-93.396698,0.129960,17.611099,-0.306445,-0.386253,-0.619963,0.610365,2116.777588,1509.960083,-3253.472656,2120.741211,1429.463867,-3264.607666,2117.745117,1553.813599,-3283.316406,2116.013184,1460.410767,-3210.772949,2112.610840,1596.152466,-3255.193115,2120.772705,1429.480713,-3264.586182,2117.699951,1553.809448,-3283.409668,2115.988281,1460.289429,-3210.731689,2112.647949,1596.258667,-3255.162598,2616.291992,1567.715942,-3159.779297,,,,,,,,,,,,,,,,,,,,,,,,,,,,,,,,,
996,9.960000,0.000000,0.000000,0.000000,1.000000,0.000000,0.000000,0.000000,57.698101,20.499701,-14.700500,0.047771,-0.013570,0.015998,-15.666301,-52.738201,18.801300,-93.396698,0.129960,17.611099,-0.306381,-0.385649,-0.620024,0.610717,2116.050537,1510.037109,-3253.406494,2120.007324,1429.553101,-3264.633057,2116.989502,1553.923096,-3283.203125,2115.326416,1460.441162,-3210.760254,2111.878662,1596.231079,-3255.029541,2120.067139,1429.517090,-3264.642578,2116.903809,1553.964844,-3283.301270,2115.279053,1460.380615,-3210.693115,2111.947266,1596.288208,-3254.991455,2616.302734,1567.732056,-3159.740723,,,,,,,,,,,,,,,,,,,,,,,,,,,,,,,,,
997,9.970000,0.000000,0.000000,0.000000,1.000000,0.000000,0.000000,0.000000,57.698101,20.499701,-14.700500,0.047771,-0.013570,0.015998,-15.666301,-52.738201,18.801300,-93.396698,0.129960,17.611099,-0.306748,-0.384841,-0.620086,0.610980,2115.419678,1510.074097,-3253.322266,2119.315918,1429.596802,-3264.616455,2116.333984,1553.982422,-3283.086914,2114.737793,1460.446167,-3210.712891,2111.290771,1596.271484,-3254.873047,2119.361572,1429.580200,-3264.659668,2116.275146,1554.022217,-3283.222168,2114.697266,1460.361084,-3210.578369,2111.337891,1596.330322,-3254.827393,2616.272217,1567.739990,-3159.730713,,,,,,,,,,,,,,,,,,,,,,,,,,,,,,,,,
998,9.980000,0.000000,0.000000,0.000000,1.000000,0.000000,0.000000,0.000000,57.698101,20.499701,-14.700500,0.047771,-0.013570,0.015998,-15.666301,-52.738201,18.801300,-93.396698,0.129960,17.611099,-0.307830,-0.383204,-0.619545,0.612013,2114.886230,1510.040894,-3253.267578,2118.740234,1429.574463,-3264.653564,2115.663086,1553.976807,-3282.995361,2114.400146,1460.373413,-3210.701416,2110.741699,1596.239258,-3254.719727,2118.747070,1429.553711,-3264.668457,2115.664062,1554.025269,-3283.131348,2114.393555,1460.257080,-3210.591064,2110.740234,1596.325195,-3254.677490,2616.278320,1567.752686,-3159.717041,,,,,,,,,,,,,,,,,,,,,,,,,,,,,,,,,
999,9.990000,0.000000,0.000000,0.000000,1.000000,0.000000,0.000000,0.000000,57.698101,20.499701,-14.700500,0.047771,-0.013570,0.015998,-15.666301,-52.738201,18.801300,-93.396698,0.129960,17.611099,-0.308523,-0.382047,-0.619082,0.612854,2114.450684,1509.980713,-3253.233154,2118.297607,1429.524170,-3264.691650,2115.116455,1553.938965,-3282.930420,2114.118896,1460.281128,-3210.702881,2110.270020,1596.178589,-3254.607666,2118.312012,1429.495972,-3264.676025,2115.095459,1554.041870,-3283.032227,2114.108154,1460.112427,-3210.617676,2110.284668,1596.265625,-3254.605469,2616.268555,1567.756836,-3159.693359,,,,,,,,,,,,,,,,,,,,,,,,,,,,,,,,,
1000,10.000000,0.000000,0.000000,0.000000,1.000000,0.000000,0.000000,0.000000,57.698101,20.499701,-14.700500,0.047771,-0.013570,0.015998,-15.666301,-52.738201,18.801300,-93.396698,0.129960,17.611099,-0.309777,-0.380724,-0.618552,0.613581,2114.059814,1509.856201,-3253.199951,2117.842285,1429.400391,-3264.685303,2114.614990,1553.818726,-3282.893311,2113.889404,1460.150757,-3210.676025,2109.893066,1596.055298,-3254.545166,2117.850098,1429.366211,-3264.628906,2114.598877,1553.924316,-3282.952637,2113.887939,1459.952881,-3210.649658,2109.901855,1596.171509,-3254.570312,2616.248779,1567.772583,-3159.684326,,,,,,,,,,,,,,,,,,,,,,,,,,,,,,,,,
1001,10.010000,0.000000,0.000000,0.000000,1.000000,0.000000,0.000000,0.000000,57.698101,20.499701,-14.700500,0.047771,-0.013570,0.015998,-15.666301,-52.738201,18.801300,-93.396698,0.129960,17.611099,-0.310699,-0.380003,-0.618154,0.613962,2113.714844,1509.695557,-3253.170654,2117.452637,1429.235596,-3264.641113,2114.201904,1553.648804,-3282.878906,2113.644043,1460.003052,-3210.631104,2109.561035,1595.894897,-3254.531738,2117.466064,1429.199097,-3264.545410,2114.173340,1553.755493,-3282.905518,2113.641357,1459.758911,-3210.652588,2109.579590,1596.051270,-3254.583984,2616.240479,1567.733643,-3159.672363,,,,,,,,,,,,,,,,,,,,,,,,,,,,,,,,,
1002,10.020000,0.000000,0.000000,0.000000,1.000000,0.000000,0.000000,0.000000,57.698101,20.499701,-14.700500,0.047771,-0.013570,0.015998,-15.666301,-52.738201,18.801300,-93.396698,0.129960,17.611099,-0.312518,-0.378888,-0.617357,0.614529,2113.342285,1509.455566,-3253.121338,2116.996094,1428.981567,-3264.519531,2113.711914,1553.375732,-3282.880371,2113.445312,1459.810181,-3210.526611,2109.216064,1595.655029,-3254.558838,2117.018555,1428.967773,-3264.391602,2113.667725,1553.462036,-3282.895264,2113.436523,1459.523193,-3210.586426,2109.248047,1595.843018,-3254.622070,2616.263916,1567.739746,-3159.659424,,,,,,,,,,,,,,,,,,,,,,,,,,,,,,,,,
1003,10.030000,0.000000,0.000000,0.000000,1.000000,0.000000,0.000000,0.000000,57.698101,20.499701,-14.700500,0.047771,-0.013570,0.015998,-15.666301,-52.738201,18.801300,-93.396698,0.129960,17.611099,-0.314344,-0.377928,-0.616697,0.614853,2112.942139,1509.166748,-3253.077148,2116.487549,1428.674438,-3264.380615,2113.223877,1553.046265,-3282.896729,2113.181396,1459.579102,-3210.415771,2108.876465,1595.367310,-3254.614746,2116.491699,1428.649292,-3264.233154,2113.206299,1553.151001,-3282.914307,2113.188477,1459.292480,-3210.495605,2108.884277,1595.543579,-3254.674316,2616.236328,1567.740234,-3159.670898,,,,,,,,,,,,,,,,,,,,,,,,,,,,,,,,,
1004,10.040000,0.000000,0.000000,0.000000,1.000000,0.000000,0.000000,0.000000,57.698101,20.499701,-14.700500,0.047771,-0.013570,0.015998,-15.666301,-52.738201,18.801300,-93.396698,0.129960,17.611099,-0.315705,-0.377405,-0.616163,0.615011,2112.467285,1508.766846,-3253.033447,2115.940674,1428.257935,-3264.239502,2112.687988,1552.606445,-3282.912354,2112.799805,1459.236084,-3210.306885,2108.440674,1594.967529,-3254.674561,2115.935059,1428.265381,-3264.072266,2112.682861,1552.724854,-3282.944336,2112.814209,1458.933838,-3210.398193,2108.438965,1595.103760,-3254.727051,2616.255127,1567.746582,-3159.668945,,,,,,,,,,,,,,,,,,,,,,,,,,,,,,,,,
1005,10.050000,0.000000,0.000000,0.000000,1.000000,0.000000,0.000000,0.000000,57.698101,20.499701,-14.700500,0.047771,-0.013570,0.015998,-15.666301,-52.738201,18.801300,-93.396698,0.129960,17.611099,-0.317479,-0.376358,-0.615671,0.615232,2111.864746,1508.218262,-3252.979736,2115.203613,1427.692871,-3264.108887,2112.016357,1552.024170,-3282.908691,2112.310547,1458.734985,-3210.199219,2107.928223,1594.421387,-3254.702393,2115.177979,1427.649658,-3263.928223,2112.044189,1552.122192,-3282.943604,2112.340332,1458.512695,-3210.327881,2107.896973,1594.565674,-3254.723145,2616.288330,1567.793823,-3159.688477,,,,,,,,,,,,,,,,,,,,,,,,,,,,,,,,,
1006,10.060000,0.000000,0.000000,0.000000,1.000000,0.000000,0.000000,0.000000,57.698101,20.499701,-14.700500,0.047771,-0.013570,0.015998,-15.666301,-52.738201,18.801300,-93.396698,0.129960,17.611099,-0.319047,-0.375541,-0.615507,0.615084,2111.269043,1507.579834,-3252.915527,2114.439941,1427.036255,-3263.962158,2111.406494,1551.351196,-3282.894775,2111.757324,1458.144531,-3210.079834,2107.472168,1593.787476,-3254.725098,2114.376709,1427.024048,-3263.791992,2111.489258,1551.392700,-3282.921387,2111.815674,1457.935303,-3210.213135,2107.390625,1593.953369,-3254.739990,2616.277588,1567.753174,-3159.701660,,,,,,,,,,,,,,,,,,,,,,,,,,,,,,,,,
1007,10.070000,0.000000,0.000000,0.000000,1.000000,0.000000,0.000000,0.000000,57.698101,20.499701,-14.700500,0.047771,-0.013570,0.015998,-15.666301,-52.738201,18.801300,-93.396698,0.129960,17.611099,-0.317278,-0.377773,-0.616884,0.613251,2110.624023,1506.892090,-3252.815674,2113.777588,1426.337036,-3263.782715,2111.029297,1550.641846,-3282.823975,2110.745361,1457.486694,-3209.942871,2106.943848,1593.102905,-3254.713135,2113.753906,1426.375244,-3263.658447,2111.061523,1550.641479,-3282.901611,2110.767578,1457.319824,-3210.018555,2106.912598,1593.224731,-3254.684570,2616.242920,1567.791626,-3159.737305,,,,,,,,,,,,,,,,,,,,,,,,,,,,,,,,,
1008,10.080000,0.000000,0.000000,0.000000,1.000000,0.000000,0.000000,0.000000,57.698101,20.499701,-14.700500,0.047771,-0.013570,0.015998,-15.666301,-52.738201,18.801300,-93.396698,0.129960,17.611099,-0.317432,-0.378395,-0.617612,0.612054,2110.062988,1506.167969,-3252.620605,2113.069336,1425.593750,-3263.487793,2110.618164,1549.881836,-3282.679199,2109.998047,1456.812744,-3209.690186,2106.566895,1592.384033,-3254.625488,2113.070312,1425.649048,-3263.479980,2110.620850,1549.898682,-3282.796143,2109.996826,1456.638550,-3209.597168,2106.564453,1592.469971,-3254.605225,2616.286621,1567.728271,-3159.745361,,,,,,,,,,,,,,,,,,,,,,,,,,,,,,,,,
1009,10.090000,0.000000,0.000000,0.000000,1.000000,0.000000,0.000000,0.000000,57.698101,20.499701,-14.700500,0.047771,-0.013570,0.015998,-15.666301,-52.738201,18.801300,-93.396698,0.129960,17.611099,-0.318695,-0.377723,-0.617919,0.611502,2109.668213,1505.475464,-3252.452393,2112.458740,1424.885132,-3263.257568,2110.276611,1549.162842,-3282.548096,2109.558838,1456.156128,-3209.480713,2106.378906,1591.698120,-3254.522949,2112.476562,1424.972656,-3263.247314,2110.249268,1549.217651,-3282.695068,2109.541504,1455.966675,-3209.365479,2106.401123,1591.727661,-3254.500000,2616.312012,1567.716553,-3159.751221,,,,,,,,,,,,,,,,,,,,,,,,,,,,,,,,,
1010,10.100000,0.000000,0.000000,0.000000,1.000000,0.000000,0.000000,0.000000,57.698101,20.499701,-14.700500,0.047771,-0.013570,0.015998,-15.666301,-52.738201,18.801300,-93.396698,0.129960,17.611099,-0.320335,-0.376840,-0.618426,0.610677,2109.298340,1504.721191,-3252.234375,2111.788086,1424.110352,-3262.959961,2109.991943,1548.374390,-3282.377686,2109.112061,1455.447754,-3209.210449,2106.301025,1590.952393,-3254.389404,2111.811279,1424.139648,-3262.916992,2109.949707,1548.516357,-3282.498291,2109.091309,1455.294067,-3209.149658,2106.333740,1590.936523,-3254.380859,2616.322021,1567.740112,-3159.775146,,,,,,,,,,,,,,,,,,,,,,,,,,,,,,,,,
1011,10.110000,0.000000,0.000000,0.000000,1.000000,0.000000,0.000000,0.000000,57.698101,20.499701,-14.700500,0.047771,-0.013570,0.015998,-15.666301,-52.738201,18.801300,-93.396698,0.129960,17.611099,-0.321846,-0.376426,-0.619111,0.609442,2108.938232,1503.946899,-3251.984619,2111.113281,1423.310181,-3262.582764,2109.766113,1547.548828,-3282.198975,2108.609619,1454.743896,-3208.880859,2106.263916,1590.185181,-3254.275635,2111.154541,1423.290161,-3262.550293,2109.693604,1547.703735,-3282.267822,2108.576660,1454.685303,-3208.854736,2106.321045,1590.121704,-3254.272461,2616.353516,1567.724976,-3159.810547,,,,,,,,,,,,,,,,,,,,,,,,,,,,,,,,,
1012,10.120000,0.000000,0.000000,0.000000,1.000000,0.000000,0.000000,0.000000,57.698101,20.499701,-14.700500,0.047771,-0.013570,0.015998,-15.666301,-52.738201,18.801300,-93.396698,0.129960,17.611099,-0.322818,-0.376262,-0.619573,0.608559,2108.658447,1503.183350,-3251.664307,2110.628174,1422.528687,-3262.166504,2109.581543,1546.746582,-3281.931396,2108.226562,1454.032959,-3208.501465,2106.197998,1589.425171,-3254.057861,2110.703857,1422.587158,-3262.161133,2109.452148,1546.878296,-3281.986572,2108.166016,1453.974976,-3208.444336,2106.308105,1589.295044,-3254.071289,2616.316650,1567.697510,-3159.825439,,,,,,,,,,,,,,,,,,,,,,,,,,,,,,,,,
1013,10.130000,0.000000,0.000000,0.000000,1.000000,0.000000,0.000000,0.000000,57.698101,20.499701,-14.700500,0.047771,-0.013570,0.015998,-15.666301,-52.738201,18.801300,-93.396698,0.129960,17.611099,-0.322024,-0.377833,-0.620316,0.607249,2108.477539,1502.294312,-3251.283936,2110.418701,1421.624634,-3261.675293,2109.572754,1545.818359,-3281.601562,2107.812256,1453.199097,-3208.061279,2106.106689,1588.535278,-3253.797119,2110.571289,1421.649414,-3261.716797,2109.327148,1545.888672,-3281.650146,2107.694092,1453.145996,-3207.962402,2106.307617,1588.496338,-3253.808838,2616.340576,1567.730713,-3159.838623,,,,,,,,,,,,,,,,,,,,,,,,,,,,,,,,,
1014,10.140000,0.000000,0.000000,0.000000,1.000000,0.000000,0.000000,0.000000,57.698101,20.499701,-14.700500,0.047771,-0.013570,0.015998,-15.666301,-52.738201,18.801300,-93.396698,0.129960,17.611099,-0.320890,-0.379776,-0.621500,0.605423,2108.334717,1501.413818,-3250.911377,2110.208252,1420.727539,-3261.185547,2109.678467,1544.895996,-3281.279297,2107.335449,1452.376953,-3207.629150,2106.116699,1587.655029,-3253.551758,2110.380371,1420.728516,-3261.292236,2109.416260,1544.908691,-3281.316162,2107.201416,1452.336914,-3207.468750,2106.331543,1587.681396,-3253.568848,2616.331543,1567.771606,-3159.844971,,,,,,,,,,,,,,,,,,,,,,,,,,,,,,,,,
1015,10.150000,0.000000,0.000000,0.000000,1.000000,0.000000,0.000000,0.000000,57.698101,20.499701,-14.700500,0.047771,-0.013570,0.015998,-15.666301,-52.738201,18.801300,-93.396698,0.129960,17.611099,-0.321221,-0.380754,-0.622487,0.603618,2108.268066,1500.485962,-3250.524658,2109.922607,1419.773682,-3260.630615,2109.829102,1543.902100,-3280.976562,2106.998535,1451.540405,-3207.146484,2106.321777,1586.728149,-3253.345459,2110.068115,1419.720825,-3260.755615,2109.619873,1543.904907,-3281.027344,2106.884766,1451.526245,-3206.971436,2106.494385,1586.791626,-3253.343018,2616.319336,1567.745483,-3159.862793,,,,,,,,,,,,,,,,,,,,,,,,,,,,,,,,,
1016,10.160000,0.000000,0.000000,0.000000,1.000000,0.000000,0.000000,0.000000,57.698101,20.499701,-14.700500,0.047771,-0.013570,0.015998,-15.666301,-52.738201,18.801300,-93.396698,0.129960,17.611099,-0.326441,-0.376383,-0.620769,0.605325,2108.421387,1499.536011,-3250.180420,2109.724609,1418.809082,-3260.220703,2109.662598,1542.915771,-3280.698730,2107.640625,1450.639648,-3206.735107,2106.657227,1585.779907,-3253.067139,2109.708008,1418.804077,-3260.162842,2109.685059,1542.879395,-3280.706299,2107.656250,1450.534912,-3206.780518,2106.634277,1585.933350,-3253.075439,2616.303955,1567.753052,-3159.850342,,,,,,,,,,,,,,,,,,,,,,,,,,,,,,,,,
1017,10.170000,0.000000,0.000000,0.000000,1.000000,0.000000,0.000000,0.000000,57.698101,20.499701,-14.700500,0.047771,-0.013570,0.015998,-15.666301,-52.738201,18.801300,-93.396698,0.129960,17.611099,-0.327783,-0.375880,-0.621906,0.603743,2108.301758,1498.485596,-3249.760010,2109.223633,1417.741699,-3259.705566,2109.735352,1541.823120,-3280.329346,2107.307129,1449.644409,-3206.256592,2106.940186,1584.733276,-3252.747803,2109.143311,1417.717651,-3259.473877,2109.843994,1541.984375,-3280.388184,2107.373291,1449.349609,-3206.406982,2106.854004,1584.854736,-3252.776367,2616.328857,1567.744141,-3159.855225,,,,,,,,,,,,,,,,,,,,,,,,,,,,,,,,,
1018,10.180000,0.000000,0.000000,0.000000,1.000000,0.000000,0.000000,0.000000,57.698101,20.499701,-14.700500,0.047771,-0.013570,0.015998,-15.666301,-52.738201,18.801300,-93.396698,0.129960,17.611099,-0.327879,-0.377351,-0.623257,0.601375,2108.135010,1497.546265,-3249.299561,2108.802002,1416.775146,-3259.041260,2109.860352,1540.802124,-3279.969971,2106.772705,1448.817627,-3205.680420,2107.104980,1583.790771,-3252.506592,2108.720703,1416.796387,-3258.804932,2109.970947,1541.061523,-3279.994141,2106.833008,1448.611084,-3205.843750,2107.027344,1583.727905,-3252.552002,2616.288818,1567.729736,-3159.834961,,,,,,,,,,,,,,,,,,,,,,,,,,,,,,,,,
1019,10.190000,0.000000,0.000000,0.000000,1.000000,0.000000,0.000000,0.000000,57.698101,20.499701,-14.700500,0.047771,-0.013570,0.015998,-15.666301,-52.738201,18.801300,-93.396698,0.129960,17.611099,-0.326607,-0.380603,-0.624956,0.598247,2107.933350,1496.679932,-3248.815674,2108.456299,1415.875366,-3258.286133,2110.057617,1539.828979,-3279.611084,2106.040283,1448.099731,-3205.051025,2107.178955,1582.915771,-3252.314697,2108.459717,1415.967285,-3258.127441,2110.043457,1540.029297,-3279.682861,2106.033203,1447.907959,-3205.116211,2107.194336,1582.824097,-3252.337402,2616.342529,1567.751709,-3159.818604,,,,,,,,,,,,,,,,,,,,,,,,,,,,,,,,,
1020,10.200000,0.000000,0.000000,0.000000,1.000000,0.000000,0.000000,0.000000,57.698101,20.499701,-14.700500,0.047771,-0.013570,0.015998,-15.666301,-52.738201,18.801300,-93.396698,0.129960,17.611099,-0.325412,-0.384121,-0.626657,0.594861,2107.659424,1495.769653,-3248.276611,2108.022461,1414.927490,-3257.428955,2110.205322,1538.791626,-3279.217529,2105.206055,1447.366455,-3204.343994,2107.203369,1581.993164,-3252.116455,2108.056641,1415.015137,-3257.436279,2110.159180,1538.905884,-3279.326904,2105.168701,1447.188110,-3204.205566,2107.244629,1581.958618,-3252.129150,2616.330811,1567.724487,-3159.779297,,,,,,,,,,,,,,,,,,,,,,,,,,,,,,,,,
1021,10.210000,0.000000,0.000000,0.000000,1.000000,0.000000,0.000000,0.000000,57.698101,20.499701,-14.700500,0.047771,-0.013570,0.015998,-15.666301,-52.738201,18.801300,-93.396698,0.129960,17.611099,-0.326646,-0.385723,-0.627410,0.592349,2107.430176,1494.874634,-3247.814697,2107.498779,1413.990967,-3256.599854,2110.232178,1537.745483,-3278.942627,2104.663818,1446.681274,-3203.670166,2107.325684,1581.080933,-3252.045654,2107.523438,1414.014404,-3256.659180,2110.208496,1537.821655,-3279.078857,2104.635010,1446.606934,-3203.499756,2107.349121,1581.054810,-3252.014404,2616.258789,1567.715454,-3159.778320,,,,,,,,,,,,,,,,,,,,,,,,,,,,,,,,,
1022,10.220000,0.000000,0.000000,0.000000,1.000000,0.000000,0.000000,0.000000,57.698101,20.499701,-14.700500,0.047771,-0.013570,0.015998,-15.666301,-52.738201,18.801300,-93.396698,0.129960,17.611099,-0.329312,-0.385753,-0.627852,0.590381,2107.135498,1493.955566,-3247.381104,2106.784424,1413.037109,-3255.831299,2110.105957,1536.682739,-3278.690918,2104.193604,1445.959961,-3203.033447,2107.458252,1580.143066,-3251.969238,2106.819580,1412.972656,-3255.875244,2110.060059,1536.737305,-3278.770996,2104.160400,1445.913086,-3202.924072,2107.499268,1580.198486,-3251.952881,2616.264404,1567.756836,-3159.768555,,,,,,,,,,,,,,,,,,,,,,,,,,,,,,,,,
1023,10.230000,0.000000,0.000000,0.000000,1.000000,0.000000,0.000000,0.000000,57.698101,20.499701,-14.700500,0.047771,-0.013570,0.015998,-15.666301,-52.738201,18.801300,-93.396698,0.129960,17.611099,-0.331213,-0.386513,-0.628070,0.588587,2106.814453,1493.115845,-3246.907227,2106.182129,1412.164062,-3255.016357,2109.934082,1535.700073,-3278.396484,2103.704346,1445.317993,-3202.357666,2107.437012,1579.281738,-3251.858398,2106.267822,1412.128906,-3255.044678,2109.802246,1535.665161,-3278.412109,2103.640381,1445.318726,-3202.326416,2107.547119,1579.351929,-3251.847168,2616.271240,1567.755493,-3159.744141,,,,,,,,,,,,,,,,,,,,,,,,,,,,,,,,,
1024,10.240000,0.000000,0.000000,0.000000,1.000000,0.000000,0.000000,0.000000,57.698101,20.499701,-14.700500,0.047771,-0.013570,0.015998,-15.666301,-52.738201,18.801300,-93.396698,0.129960,17.611099,-0.331567,-0.388384,-0.628880,0.586286,2106.448975,1492.295776,-3246.408691,2105.616211,1411.316895,-3254.224121,2109.819580,1534.754883,-3278.040527,2103.019775,1444.670776,-3201.697510,2107.340088,1578.440674,-3251.672852,2105.777344,1411.280884,-3254.244385,2109.562988,1534.790405,-3278.068848,2102.898682,1444.648682,-3201.650635,2107.551270,1578.467041,-3251.674072,2616.263916,1567.775635,-3159.720459,,,,,,,,,,,,,,,,,,,,,,,,,,,,,,,,,
1025,10.250000,0.000000,0.000000,0.000000,1.000000,0.000000,0.000000,0.000000,57.698101,20.499701,-14.700500,0.047771,-0.013570,0.015998,-15.666301,-52.738201,18.801300,-93.396698,0.129960,17.611099,-0.331554,-0.390464,-0.630274,0.583408,2106.020264,1491.461548,-3245.885254,2104.917480,1410.460083,-3253.428467,2109.732910,1533.798462,-3277.642578,2102.156006,1444.004028,-3201.031982,2107.274658,1577.583618,-3251.438477,2105.088623,1410.387329,-3253.483154,2109.451172,1534.010132,-3277.692383,2102.012451,1443.921631,-3200.878418,2107.501465,1577.546265,-3251.490234,2616.251953,1567.739380,-3159.690918,,,,,,,,,,,,,,,,,,,,,,,,,,,,,,,,,
1026,10.260000,0.000000,0.000000,0.000000,1.000000,0.000000,0.000000,0.000000,57.698101,20.499701,-14.700500,0.047771,-0.013570,0.015998,-15.666301,-52.738201,18.801300,-93.396698,0.129960,17.611099,-0.333115,-0.391326,-0.630995,0.581158,2105.490479,1490.642212,-3245.318115,2104.046875,1409.617920,-3252.552246,2109.426270,1532.840454,-3277.232666,2101.364258,1443.374390,-3200.288086,2107.124512,1576.736206,-3251.199707,2104.188477,1409.512695,-3252.600586,2109.192871,1533.078735,-3277.282471,2101.246582,1443.329346,-3200.154785,2107.311279,1576.672974,-3251.240479,2616.262451,1567.790771,-3159.678223,,,,,,,,,,,,,,,,,,,,,,,,,,,,,,,,,
1027,10.270000,0.000000,0.000000,0.000000,1.000000,0.000000,0.000000,0.000000,57.698101,20.499701,-14.700500,0.047771,-0.013570,0.015998,-15.666301,-52.738201,18.801300,-93.396698,0.129960,17.611099,-0.334079,-0.392528,-0.631102,0.579675,2105.014893,1489.875244,-3244.759033,2103.423096,1408.828857,-3251.708252,2109.077881,1531.952271,-3276.817139,2100.732910,1442.775513,-3199.567871,2106.825439,1575.944580,-3250.943115,2103.500488,1408.716064,-3251.750244,2108.961426,1532.120361,-3276.873291,2100.670410,1442.821411,-3199.487061,2106.921631,1575.852051,-3250.930176,2616.258545,1567.781982,-3159.678711,,,,,,,,,,,,,,,,,,,,,,,,,,,,,,,,,
1028,10.280000,0.000000,0.000000,0.000000,1.000000,0.000000,0.000000,0.000000,57.698101,20.499701,-14.700500,0.047771,-0.013570,0.015998,-15.666301,-52.738201,18.801300,-93.396698,0.129960,17.611099,-0.334947,-0.393638,-0.631427,0.578065,2104.540039,1489.096436,-3244.182617,2102.769287,1408.031982,-3250.872803,2108.755859,1531.060059,-3276.369385,2100.072021,1442.152954,-3198.846924,2106.563232,1575.140869,-3250.641113,2102.803467,1407.965454,-3250.907715,2108.712158,1531.103027,-3276.444092,2100.043457,1442.220703,-3198.796631,2106.600098,1575.098022,-3250.582764,2616.237793,1567.738403,-3159.672119,,,,,,,,,,,,,,,,,,,,,,,,,,,,,,,,,
1029,10.290000,0.000000,0.000000,0.000000,1.000000,0.000000,0.000000,0.000000,57.698101,20.499701,-14.700500,0.047771,-0.013570,0.015998,-15.666301,-52.738201,18.801300,-93.396698,0.129960,17.611099,-0.335965,-0.394774,-0.631875,0.576208,2103.908936,1488.270142,-3243.558838,2101.914551,1407.188232,-3249.968506,2108.303955,1530.108398,-3275.884521,2099.223389,1441.499146,-3198.067139,2106.194092,1574.285156,-3250.314941,2101.982178,1407.191528,-3250.016357,2108.208740,1530.055664,-3275.949951,2099.172119,1441.555420,-3198.017578,2106.269775,1574.276611,-3250.252686,2616.214111,1567.725220,-3159.660400,,,,,,,,,,,,,,,,,,,,,,,,,,,,,,,,,
1030,10.300000,0.000000,0.000000,0.000000,1.000000,0.000000,0.000000,0.000000,57.698101,20.499701,-14.700500,0.047771,-0.013570,0.015998,-15.666301,-52.738201,18.801300,-93.396698,0.129960,17.611099,-0.337771,-0.395132,-0.633110,0.573545,2103.204346,1487.505249,-3242.880371,2100.732422,1406.415527,-3249.020752,2107.883301,1529.207886,-3275.341064,2098.191406,1440.915649,-3197.237549,2106.010254,1573.481934,-3249.921631,2100.791016,1406.288086,-3249.089111,2107.805908,1529.246582,-3275.406494,2098.139648,1440.911865,-3197.121582,2106.082764,1573.570068,-3249.904785,2616.236572,1567.756470,-3159.683105,,,,,,,,,,,,,,,,,,,,,,,,,,,,,,,,,
1031,10.310000,0.000000,0.000000,0.000000,1.000000,0.000000,0.000000,0.000000,57.698101,20.499701,-14.700500,0.047771,-0.013570,0.015998,-15.666301,-52.738201,18.801300,-93.396698,0.129960,17.611099,-0.339089,-0.395745,-0.633959,0.571403,2102.582031,1486.855713,-3242.151855,2099.767822,1405.759155,-3248.047607,2107.482910,1528.438110,-3274.734131,2097.309082,1440.428467,-3196.373535,2105.768066,1572.797485,-3249.452881,2099.870850,1405.648438,-3248.138184,2107.337158,1528.458740,-3274.769531,2097.225586,1440.438354,-3196.248535,2105.895996,1572.875610,-3249.453857,2616.258789,1567.760620,-3159.691895,,,,,,,,,,,,,,,,,,,,,,,,,,,,,,,,,
1032,10.320000,0.000000,0.000000,0.000000,1.000000,0.000000,0.000000,0.000000,57.698101,20.499701,-14.700500,0.047771,-0.013570,0.015998,-15.666301,-52.738201,18.801300,-93.396698,0.129960,17.611099,-0.339563,-0.396287,-0.634763,0.569850,2101.968750,1486.260010,-3241.411621,2098.930420,1405.162354,-3247.178955,2107.048584,1527.774170,-3274.053223,2096.479492,1439.923828,-3195.566406,2105.416748,1572.180176,-3248.847900,2099.031982,1405.122192,-3247.244629,2106.902100,1527.805054,-3274.108643,2096.398438,1439.949707,-3195.469727,2105.539062,1572.164062,-3248.825439,2616.291260,1567.748901,-3159.699463,,,,,,,,,,,,,,,,,,,,,,,,,,,,,,,,,
1033,10.330000,0.000000,0.000000,0.000000,1.000000,0.000000,0.000000,0.000000,57.698101,20.499701,-14.700500,0.047771,-0.013570,0.015998,-15.666301,-52.738201,18.801300,-93.396698,0.129960,17.611099,-0.339071,-0.397622,-0.636297,0.567498,2101.252686,1485.596680,-3240.616455,2097.964355,1404.501099,-3246.276855,2106.640137,1527.043335,-3273.294678,2095.372559,1439.349365,-3194.729736,2105.034180,1571.492920,-3248.164795,2098.039551,1404.417847,-3246.323730,2106.531738,1527.164185,-3273.350098,2095.299316,1439.281128,-3194.597168,2105.132568,1571.525024,-3248.191162,2616.271729,1567.731689,-3159.714844,,,,,,,,,,,,,,,,,,,,,,,,,,,,,,,,,
1034,10.340000,0.000000,0.000000,0.000000,1.000000,0.000000,0.000000,0.000000,57.698101,20.499701,-14.700500,0.047771,-0.013570,0.015998,-15.666301,-52.738201,18.801300,-93.396698,0.129960,17.611099,-0.339546,-0.398116,-0.637298,0.565742,2100.338623,1484.918823,-3239.723145,2096.784912,1403.826294,-3245.263916,2105.933838,1526.295776,-3272.454834,2094.207520,1438.763916,-3193.776367,2104.428467,1570.789795,-3247.397705,2096.835449,1403.735229,-3245.323242,2105.868408,1526.434204,-3272.534180,2094.158936,1438.782349,-3193.655273,2104.487061,1570.731934,-3247.382568,2616.307617,1567.741089,-3159.739990,,,,,,,,,,,,,,,,,,,,,,,,,,,,,,,,,
1035,10.350000,0.000000,0.000000,0.000000,1.000000,0.000000,0.000000,0.000000,57.698101,20.499701,-14.700500,0.047771,-0.013570,0.015998,-15.666301,-52.738201,18.801300,-93.396698,0.129960,17.611099,-0.339800,-0.398417,-0.637615,0.565020,2099.593262,1484.433105,-3238.876465,2095.940430,1403.339966,-3244.346436,2105.267578,1525.773071,-3271.641357,2093.365967,1438.327759,-3192.892822,2103.798828,1570.291748,-3246.625732,2096.026123,1403.351196,-3244.408447,2105.149658,1525.838867,-3271.699707,2093.300537,1438.412476,-3192.815430,2103.897949,1570.121094,-3246.579102,2616.302002,1567.745850,-3159.773438,,,,,,,,,,,,,,,,,,,,,,,,,,,,,,,,,
1036,10.360000,0.000000,0.000000,0.000000,1.000000,0.000000,0.000000,0.000000,57.698101,20.499701,-14.700500,0.047771,-0.013570,0.015998,-15.666301,-52.738201,18.801300,-93.396698,0.129960,17.611099,-0.339623,-0.399096,-0.638970,0.563113,2098.946289,1484.046631,-3238.069336,2095.039551,1402.961548,-3243.480469,2104.872070,1525.338013,-3270.850342,2092.406250,1438.003296,-3192.066895,2103.467285,1569.883667,-3245.879150,2095.134766,1402.967285,-3243.509521,2104.730469,1525.445557,-3270.881836,2092.333008,1438.036621,-3192.014893,2103.587402,1569.732544,-3245.872314,2616.331787,1567.795532,-3159.799316,,,,,,,,,,,,,,,,,,,,,,,,,,,,,,,,,
1037,10.370000,0.000000,0.000000,0.000000,1.000000,0.000000,0.000000,0.000000,57.698101,20.499701,-14.700500,0.047771,-0.013570,0.015998,-15.666301,-52.738201,18.801300,-93.396698,0.129960,17.611099,-0.339679,-0.400167,-0.640298,0.560806,2098.154785,1483.642212,-3237.207764,2093.963867,1402.561890,-3242.477539,2104.363037,1524.847290,-3270.045166,2091.263184,1437.713501,-3191.142090,2103.029053,1569.446411,-3245.165771,2094.054932,1402.467041,-3242.484131,2104.222412,1525.015137,-3270.111328,2091.182373,1437.678101,-3191.067627,2103.150635,1569.421265,-3245.172607,2616.353027,1567.748779,-3159.811035,,,,,,,,,,,,,,,,,,,,,,,,,,,,,,,,,
1038,10.380000,0.000000,0.000000,0.000000,1.000000,0.000000,0.000000,0.000000,57.698101,20.499701,-14.700500,0.047771,-0.013570,0.015998,-15.666301,-52.738201,18.801300,-93.396698,0.129960,17.611099,-0.339829,-0.400871,-0.641731,0.558570,2097.282715,1483.363892,-3236.322998,2092.775879,1402.293945,-3241.490723,2103.770508,1524.495483,-3269.198730,2090.047607,1437.530640,-3190.215088,2102.536621,1569.135620,-3244.387939,2092.878906,1402.151978,-3241.527588,2103.612305,1524.673828,-3269.238037,2089.947266,1437.441650,-3190.082764,2102.683350,1569.194214,-3244.443604,2616.364258,1567.746216,-3159.818359,,,,,,,,,,,,,,,,,,,,,,,,,,,,,,,,,
1039,10.390000,0.000000,0.000000,0.000000,1.000000,0.000000,0.000000,0.000000,57.698101,20.499701,-14.700500,0.047771,-0.013570,0.015998,-15.666301,-52.738201,18.801300,-93.396698,0.129960,17.611099,-0.339080,-0.402430,-0.642119,0.557457,2096.470703,1483.158691,-3235.441406,2091.967041,1402.081543,-3240.495605,2103.093506,1524.235962,-3268.357910,2089.048340,1437.401245,-3189.287842,2101.773193,1568.916260,-3243.624023,2092.050537,1401.969971,-3240.529053,2102.969727,1524.374146,-3268.402832,2088.976074,1437.404907,-3189.207275,2101.881104,1568.891357,-3243.630371,2616.349609,1567.753418,-3159.829346,,,,,,,,,,,,,,,,,,,,,,,,,,,,,,,,,
1040,10.400000,0.000000,0.000000,0.000000,1.000000,0.000000,0.000000,0.000000,57.698101,20.499701,-14.700500,0.047771,-0.013570,0.015998,-15.666301,-52.738201,18.801300,-93.396698,0.129960,17.611099,-0.338000,-0.403668,-0.642282,0.557030,2095.528320,1482.962646,-3234.618164,2091.120361,1401.878296,-3239.642578,2102.217285,1524.028564,-3267.535645,2088.002197,1437.222900,-3188.463867,2100.773682,1568.720947,-3242.830322,2091.196777,1401.838135,-3239.701416,2102.116455,1524.113403,-3267.612305,2087.938721,1437.280640,-3188.369629,2100.858398,1568.619995,-3242.789062,2616.354736,1567.727783,-3159.829346,,,,,,,,,,,,,,,,,,,,,,,,,,,,,,,,,
1041,10.410000,0.000000,0.000000,0.000000,1.000000,0.000000,0.000000,0.000000,57.698101,20.499701,-14.700500,0.047771,-0.013570,0.015998,-15.666301,-52.738201,18.801300,-93.396698,0.129960,17.611099,-0.336475,-0.405484,-0.643347,0.555402,2094.524414,1482.818604,-3233.809326,2090.080322,1401.733521,-3238.789551,2101.445068,1523.850220,-3266.721436,2086.683105,1437.125610,-3187.661133,2099.889160,1568.565430,-3242.064453,2090.164062,1401.728271,-3238.834473,2101.331299,1523.974121,-3266.793701,2086.606201,1437.105713,-3187.548096,2099.988770,1568.470947,-3242.061768,2616.385498,1567.730835,-3159.833252,,,,,,,,,,,,,,,,,,,,,,,,,,,,,,,,,
1042,10.420000,0.000000,0.000000,0.000000,1.000000,0.000000,0.000000,0.000000,57.698101,20.499701,-14.700500,0.047771,-0.013570,0.015998,-15.666301,-52.738201,18.801300,-93.396698,0.129960,17.611099,-0.336553,-0.406145,-0.644934,0.553027,2093.531006,1482.741943,-3233.118652,2088.744873,1401.671143,-3238.014648,2100.752930,1523.701050,-3266.056641,2085.319580,1437.142090,-3186.943115,2099.306396,1568.453613,-3241.460693,2088.802246,1401.479858,-3238.043945,2100.669678,1523.891724,-3266.121094,2085.254150,1437.089722,-3186.826172,2099.392090,1568.506592,-3241.487549,2616.371338,1567.753174,-3159.830566,,,,,,,,,,,,,,,,,,,,,,,,,,,,,,,,,
1043,10.430000,0.000000,0.000000,0.000000,1.000000,0.000000,0.000000,0.000000,57.698101,20.499701,-14.700500,0.047771,-0.013570,0.015998,-15.666301,-52.738201,18.801300,-93.396698,0.129960,17.611099,-0.335942,-0.407140,-0.646134,0.551264,2092.553223,1482.714966,-3232.496826,2087.589844,1401.652100,-3237.346191,2100.010742,1523.629150,-3265.437744,2084.040283,1437.173340,-3186.318115,2098.571777,1568.405518,-3240.884521,2087.656738,1401.499512,-3237.355713,2099.912842,1523.773926,-3265.517822,2083.969971,1437.121338,-3186.229736,2098.668945,1568.466553,-3240.888428,2616.339355,1567.737793,-3159.832275,,,,,,,,,,,,,,,,,,,,,,,,,,,,,,,,,
1044,10.440000,0.000000,0.000000,0.000000,1.000000,0.000000,0.000000,0.000000,57.698101,20.499701,-14.700500,0.047771,-0.013570,0.015998,-15.666301,-52.738201,18.801300,-93.396698,0.129960,17.611099,-0.334728,-0.408480,-0.647235,0.549717,2091.489990,1482.775391,-3231.952637,2086.443604,1401.716431,-3236.783936,2099.167725,1523.661865,-3264.877441,2082.683838,1437.269897,-3185.793457,2097.664551,1568.453369,-3240.355713,2086.498291,1401.601685,-3236.823730,2099.093262,1523.677612,-3264.928711,2082.638672,1437.318726,-3185.742188,2097.732178,1568.499268,-3240.317871,2616.358154,1567.732422,-3159.814697,,,,,,,,,,,,,,,,,,,,,,,,,,,,,,,,,
1045,10.450000,0.000000,0.000000,0.000000,1.000000,0.000000,0.000000,0.000000,57.698101,20.499701,-14.700500,0.047771,-0.013570,0.015998,-15.666301,-52.738201,18.801300,-93.396698,0.129960,17.611099,-0.333479,-0.409285,-0.648383,0.548522,2090.180176,1482.822021,-3231.468750,2085.053223,1401.771851,-3236.359619,2098.048828,1523.714355,-3264.341309,2081.121094,1437.306152,-3185.368652,2096.497314,1568.496094,-3239.804932,2085.111328,1401.780884,-3236.419434,2097.986328,1523.728638,-3264.432373,2081.066406,1437.301147,-3185.253906,2096.552490,1568.478271,-3239.767578,2616.330078,1567.735229,-3159.810791,,,,,,,,,,,,,,,,,,,,,,,,,,,,,,,,,
1046,10.460000,0.000000,0.000000,0.000000,1.000000,0.000000,0.000000,0.000000,57.698101,20.499701,-14.700500,0.047771,-0.013570,0.015998,-15.666301,-52.738201,18.801300,-93.396698,0.129960,17.611099,-0.331335,-0.411105,-0.649674,0.546931,2088.908936,1482.947632,-3231.106201,2083.774658,1401.899902,-3236.031738,2097.026367,1523.835449,-3263.923828,2079.507080,1437.437012,-3185.069824,2095.327393,1568.618286,-3239.399414,2083.863525,1401.958130,-3236.120850,2096.932617,1523.856445,-3264.011719,2079.423828,1437.397827,-3184.901367,2095.410400,1568.578369,-3239.384033,2616.296631,1567.737549,-3159.791992,,,,,,,,,,,,,,,,,,,,,,,,,,,,,,,,,
1047,10.470000,0.000000,0.000000,0.000000,1.000000,0.000000,0.000000,0.000000,57.698101,20.499701,-14.700500,0.047771,-0.013570,0.015998,-15.666301,-52.738201,18.801300,-93.396698,0.129960,17.611099,-0.330917,-0.411601,-0.650098,0.546306,2087.686768,1483.177124,-3230.916504,2082.512939,1402.131348,-3235.831299,2095.890869,1524.051636,-3263.729004,2078.170898,1437.683838,-3184.886230,2094.172607,1568.841797,-3239.219238,2082.540039,1402.057861,-3235.919434,2095.875977,1524.100586,-3263.806152,2078.144043,1437.769531,-3184.767578,2094.186523,1568.783936,-3239.169678,2616.279541,1567.737793,-3159.778564,,,,,,,,,,,,,,,,,,,,,,,,,,,,,,,,,
1048,10.480000,0.000000,0.000000,0.000000,1.000000,0.000000,0.000000,0.000000,57.698101,20.499701,-14.700500,0.047771,-0.013570,0.015998,-15.666301,-52.738201,18.801300,-93.396698,0.129960,17.611099,-0.330477,-0.411740,-0.650457,0.546041,2086.582520,1483.548584,-3230.880371,2081.391357,1402.506348,-3235.834961,2094.836670,1524.434692,-3263.666260,2076.999268,1438.038818,-3184.880371,2093.102539,1569.215088,-3239.139404,2081.434814,1402.405884,-3235.859863,2094.778809,1524.578125,-3263.719238,2076.951904,1438.030151,-3184.800781,2093.159912,1569.187988,-3239.144043,2616.268066,1567.740479,-3159.751953,,,,,,,,,,,,,,,,,,,,,,,,,,,,,,,,,
1049,10.490000,0.000000,0.000000,0.000000,1.000000,0.000000,0.000000,0.000000,57.698101,20.499701,-14.700500,0.047771,-0.013570,0.015998,-15.666301,-52.738201,18.801300,-93.396698,0.129960,17.611099,-0.328987,-0.412765,-0.650630,0.545961,2085.386475,1483.960938,-3230.977783,2080.342285,1402.912354,-3235.980225,2093.680908,1524.872925,-3263.721191,2075.728027,1438.418091,-3185.026367,2091.794922,1569.640869,-3239.183105,2080.429688,1402.750854,-3236.001709,2093.536865,1525.063599,-3263.697266,2075.654297,1438.421265,-3184.974121,2091.921631,1569.616333,-3239.238525,2616.263916,1567.739502,-3159.732178,,,,,,,,,,,,,,,,,,,,,,,,,,,,,,,,,
1050,10.500000,0.000000,0.000000,0.000000,1.000000,0.000000,0.000000,0.000000,57.698101,20.499701,-14.700500,0.047771,-0.013570,0.015998,-15.666301,-52.738201,18.801300,-93.396698,0.129960,17.611099,-0.325975,-0.415324,-0.651258,0.545077,2084.093262,1484.414795,-3231.187256,2079.277832,1403.354126,-3236.220215,2092.549316,1525.342896,-3263.869141,2074.180420,1438.853760,-3185.308105,2090.366211,1570.108643,-3239.351807,2079.379395,1403.153320,-3236.261963,2092.402588,1525.457642,-3263.900879,2074.094971,1438.875122,-3185.233154,2090.500000,1570.162720,-3239.358398,2616.260010,1567.725952,-3159.710449,,,,,,,,,,,,,,,,,,,,,,,,,,,,,,,,,
1051,10.510000,0.000000,0.000000,0.000000,1.000000,0.000000,0.000000,0.000000,57.698101,20.499701,-14.700500,0.047771,-0.013570,0.015998,-15.666301,-52.738201,18.801300,-93.396698,0.129960,17.611099,-0.323170,-0.417249,-0.652053,0.544327,2082.666016,1484.851685,-3231.450439,2078.026611,1403.786499,-3236.574219,2091.275391,1525.818237,-3264.043701,2072.516357,1439.240112,-3185.673340,2088.845215,1570.562256,-3239.509766,2078.071777,1403.700684,-3236.672607,2091.249512,1525.912109,-3264.176025,2072.455566,1439.241333,-3185.475342,2088.879883,1570.555420,-3239.472656,2616.238037,1567.780396,-3159.698486,,,,,,,,,,,,,,,,,,,,,,,,,,,,,,,,,
1052,10.520000,0.000000,0.000000,0.000000,1.000000,0.000000,0.000000,0.000000,57.698101,20.499701,-14.700500,0.047771,-0.013570,0.015998,-15.666301,-52.738201,18.801300,-93.396698,0.129960,17.611099,-0.320645,-0.418650,-0.652830,0.543812,2081.215820,1485.266357,-3231.852539,2076.727295,1404.200806,-3237.103027,2089.951172,1526.286011,-3264.345459,2070.871582,1439.582764,-3186.190918,2087.313232,1570.995972,-3239.770996,2076.818848,1404.298340,-3237.194824,2089.869385,1526.347046,-3264.460205,2070.774902,1439.498657,-3185.980469,2087.391602,1570.919678,-3239.761230,2616.234131,1567.770874,-3159.697510,,,,,,,,,,,,,,,,,,,,,,,,,,,,,,,,,
1053,10.530000,0.000000,0.000000,0.000000,1.000000,0.000000,0.000000,0.000000,57.698101,20.499701,-14.700500,0.047771,-0.013570,0.015998,-15.666301,-52.738201,18.801300,-93.396698,0.129960,17.611099,-0.319777,-0.418433,-0.652818,0.544505,2079.903320,1485.727295,-3232.380859,2075.538574,1404.663940,-3237.767578,2088.587158,1526.814087,-3264.802734,2069.614014,1439.952393,-3186.798340,2085.873779,1571.479126,-3240.154785,2075.662598,1404.733154,-3237.840576,2088.437988,1526.871460,-3264.888184,2069.508789,1439.943848,-3186.663330,2086.002197,1571.360596,-3240.131104,2616.239502,1567.757080,-3159.685059,,,,,,,,,,,,,,,,,,,,,,,,,,,,,,,,,
1054,10.540000,0.000000,0.000000,0.000000,1.000000,0.000000,0.000000,0.000000,57.698101,20.499701,-14.700500,0.047771,-0.013570,0.015998,-15.666301,-52.738201,18.801300,-93.396698,0.129960,17.611099,-0.317835,-0.419180,-0.653487,0.544264,2078.516602,1486.273438,-3233.052734,2074.259277,1405.213867,-3238.581543,2087.285400,1527.419434,-3265.376221,2068.094482,1440.417114,-3187.582275,2084.426758,1572.043457,-3240.670410,2074.395264,1405.171387,-3238.625977,2087.088867,1527.560059,-3265.435059,2067.977783,1440.412109,-3187.480469,2084.595215,1571.957764,-3240.673584,2616.241699,1567.752441,-3159.669922,,,,,,,,,,,,,,,,,,,,,,,,,,,,,,,,,
1055,10.550000,0.000000,0.000000,0.000000,1.000000,0.000000,0.000000,0.000000,57.698101,20.499701,-14.700500,0.047771,-0.013570,0.015998,-15.666301,-52.738201,18.801300,-93.396698,0.129960,17.611099,-0.316414,-0.420024,-0.654148,0.543646,2077.087158,1486.789795,-3233.766113,2072.866943,1405.732788,-3239.359863,2085.967529,1527.957153,-3266.031982,2066.505615,1440.904053,-3188.362305,2083.008301,1572.565552,-3241.309814,2073.000244,1405.529053,-3239.397705,2085.767822,1528.058350,-3266.042725,2066.404785,1440.946899,-3188.312012,2083.181885,1572.615723,-3241.315918,2616.250732,1567.764404,-3159.668457,,,,,,,,,,,,,,,,,,,,,,,,,,,,,,,,,
1056,10.560000,0.000000,0.000000,0.000000,1.000000,0.000000,0.000000,0.000000,57.698101,20.499701,-14.700500,0.047771,-0.013570,0.015998,-15.666301,-52.738201,18.801300,-93.396698,0.129960,17.611099,-0.315328,-0.420544,-0.654857,0.543022,2075.638428,1487.295166,-3234.567383,2071.406982,1406.243530,-3240.230469,2084.628662,1528.482056,-3266.778076,2064.906738,1441.381226,-3189.227295,2081.611572,1573.074097,-3242.033447,2071.473389,1406.154297,-3240.302002,2084.545654,1528.478271,-3266.795898,2064.852051,1441.418945,-3189.147461,2081.686035,1573.126709,-3242.025635,2616.259277,1567.788940,-3159.691650,,,,,,,,,,,,,,,,,,,,,,,,,,,,,,,,,
1057,10.570000,0.000000,0.000000,0.000000,1.000000,0.000000,0.000000,0.000000,57.698101,20.499701,-14.700500,0.047771,-0.013570,0.015998,-15.666301,-52.738201,18.801300,-93.396698,0.129960,17.611099,-0.313310,-0.421788,-0.656003,0.541842,2074.206055,1487.777466,-3235.412598,2069.982178,1406.731567,-3241.163330,2083.392578,1528.986694,-3267.539307,2063.201660,1441.831421,-3190.170410,2080.247803,1573.560303,-3242.777344,2070.000000,1406.702881,-3241.183838,2083.384521,1529.017944,-3267.610840,2063.176514,1441.815918,-3190.107666,2080.262695,1573.573975,-3242.749268,2616.288818,1567.776001,-3159.700928,,,,,,,,,,,,,,,,,,,,,,,,,,,,,,,,,
1058,10.580000,0.000000,0.000000,0.000000,1.000000,0.000000,0.000000,0.000000,57.698101,20.499701,-14.700500,0.047771,-0.013570,0.015998,-15.666301,-52.738201,18.801300,-93.396698,0.129960,17.611099,-0.310852,-0.423065,-0.656914,0.541158,2072.707275,1488.311279,-3236.343262,2068.596924,1407.269043,-3242.225586,2082.037354,1529.572266,-3268.361816,2061.488037,1442.294312,-3191.226318,2078.706055,1574.109741,-3243.559570,2068.650146,1407.227661,-3242.247070,2081.983154,1529.781860,-3268.487793,2061.410156,1442.200317,-3191.079834,2078.770996,1574.053711,-3243.561523,2616.257324,1567.738525,-3159.715820,,,,,,,,,,,,,,,,,,,,,,,,,,,,,,,,,
1059,10.590000,0.000000,0.000000,0.000000,1.000000,0.000000,0.000000,0.000000,57.698101,20.499701,-14.700500,0.047771,-0.013570,0.015998,-15.666301,-52.738201,18.801300,-93.396698,0.129960,17.611099,-0.307772,-0.425324,-0.656977,0.541070,2071.229492,1489.011719,-3237.365479,2067.468506,1407.956543,-3243.303223,2080.613037,1530.320190,-3269.307129,2059.888916,1442.935181,-3192.339600,2076.947510,1574.835327,-3244.511719,2067.566162,1407.851318,-3243.394043,2080.502197,1530.486694,-3269.388184,2059.777344,1442.881470,-3192.135986,2077.057129,1574.829834,-3244.533691,2616.280029,1567.712891,-3159.730469,,,,,,,,,,,,,,,,,,,,,,,,,,,,,,,,,
1060,10.600000,0.000000,0.000000,0.000000,1.000000,0.000000,0.000000,0.000000,57.698101,20.499701,-14.700500,0.047771,-0.013570,0.015998,-15.666301,-52.738201,18.801300,-93.396698,0.129960,17.611099,-0.305075,-0.427300,-0.657487,0.540421,2069.813965,1489.759277,-3238.454102,2066.262451,1408.698608,-3244.444580,2079.319580,1531.098999,-3270.319336,2058.275879,1443.642700,-3193.519531,2075.397705,1575.597290,-3245.532715,2066.293457,1408.543335,-3244.557617,2079.342285,1531.274170,-3270.504150,2058.204346,1443.598755,-3193.250977,2075.410889,1575.622314,-3245.499268,2616.321289,1567.742065,-3159.740967,,,,,,,,,,,,,,,,,,,,,,,,,,,,,,,,,
1061,10.610000,0.000000,0.000000,0.000000,1.000000,0.000000,0.000000,0.000000,57.698101,20.499701,-14.700500,0.047771,-0.013570,0.015998,-15.666301,-52.738201,18.801300,-93.396698,0.129960,17.611099,-0.303576,-0.428583,-0.657561,0.540159,2068.433350,1490.456299,-3239.635010,2065.036621,1409.388916,-3245.624756,2077.986572,1531.806519,-3271.472168,2056.808105,1444.328125,-3194.735107,2073.901855,1576.302246,-3246.707764,2065.091797,1409.515259,-3245.757324,2077.988281,1531.817139,-3271.619629,2056.739258,1444.298706,-3194.493408,2073.910156,1576.200439,-3246.656982,2616.295410,1567.744629,-3159.776855,,,,,,,,,,,,,,,,,,,,,,,,,,,,,,,,,
1062,10.620000,0.000000,0.000000,0.000000,1.000000,0.000000,0.000000,0.000000,57.698101,20.499701,-14.700500,0.047771,-0.013570,0.015998,-15.666301,-52.738201,18.801300,-93.396698,0.129960,17.611099,-0.302632,-0.429500,-0.657382,0.540178,2067.106689,1491.161621,-3240.914551,2063.850830,1410.087036,-3246.885010,2076.661621,1532.516357,-3272.745361,2055.459961,1445.029663,-3196.023926,2072.454346,1577.013672,-3248.003906,2063.900391,1410.135498,-3246.937012,2076.633789,1532.636597,-3272.862549,2055.401123,1445.016968,-3195.889160,2072.489014,1576.855103,-3247.968262,2616.346924,1567.758667,-3159.787842,,,,,,,,,,,,,,,,,,,,,,,,,,,,,,,,,
1063,10.630000,0.000000,0.000000,0.000000,1.000000,0.000000,0.000000,0.000000,57.698101,20.499701,-14.700500,0.047771,-0.013570,0.015998,-15.666301,-52.738201,18.801300,-93.396698,0.129960,17.611099,-0.300938,-0.431744,-0.657505,0.539185,2065.836182,1491.902466,-3242.259277,2062.725098,1410.813965,-3248.116211,2075.511719,1533.219116,-3274.103271,2054.002197,1445.826904,-3197.359619,2071.105713,1577.750366,-3249.457764,2062.778809,1410.670776,-3248.187256,2075.474121,1533.410889,-3274.221436,2053.935059,1445.852417,-3197.206543,2071.152100,1577.689209,-3249.429932,2616.297363,1567.736816,-3159.814697,,,,,,,,,,,,,,,,,,,,,,,,,,,,,,,,,
1064,10.640000,0.000000,0.000000,0.000000,1.000000,0.000000,0.000000,0.000000,57.698101,20.499701,-14.700500,0.047771,-0.013570,0.015998,-15.666301,-52.738201,18.801300,-93.396698,0.129960,17.611099,-0.299261,-0.434269,-0.657846,0.537673,2064.661621,1492.596436,-3243.667725,2061.637451,1411.493652,-3249.372314,2074.517334,1533.851196,-3275.536865,2052.566650,1446.609009,-3198.747314,2069.925537,1578.432129,-3251.014893,2061.686279,1411.358276,-3249.500732,2074.516357,1533.959229,-3275.687988,2052.500488,1446.683105,-3198.532715,2069.940674,1578.390747,-3250.948730,2616.315430,1567.723145,-3159.837402,,,,,,,,,,,,,,,,,,,,,,,,,,,,,,,,,
1065,10.650000,0.000000,0.000000,0.000000,1.000000,0.000000,0.000000,0.000000,57.698101,20.499701,-14.700500,0.047771,-0.013570,0.015998,-15.666301,-52.738201,18.801300,-93.396698,0.129960,17.611099,-0.299261,-0.435364,-0.658193,0.536362,2063.550293,1493.242065,-3245.115479,2060.423096,1412.132812,-3250.671631,2073.545654,1534.421143,-3277.038574,2051.275635,1447.358765,-3200.137451,2068.956543,1579.055664,-3252.614258,2060.429688,1412.127686,-3250.749512,2073.605713,1534.505737,-3277.197998,2051.243408,1447.358276,-3199.960449,2068.924561,1578.982666,-3252.552490,2616.324219,1567.727417,-3159.838623,,,,,,,,,,,,,,,,,,,,,,,,,,,,,,,,,
1066,10.660000,0.000000,0.000000,0.000000,1.000000,0.000000,0.000000,0.000000,57.698101,20.499701,-14.700500,0.047771,-0.013570,0.015998,-15.666301,-52.738201,18.801300,-93.396698,0.129960,17.611099,-0.299257,-0.436049,-0.658673,0.535217,2062.393311,1493.826294,-3246.617432,2059.146973,1412.715942,-3252.085449,2072.519775,1534.952026,-3278.568115,2049.953857,1448.015259,-3201.610840,2067.953125,1579.622314,-3254.205078,2059.176514,1412.869995,-3252.153564,2072.543457,1534.984985,-3278.696533,2049.915527,1447.994751,-3201.469971,2067.938477,1579.454224,-3254.147461,2616.315674,1567.751587,-3159.852295,,,,,,,,,,,,,,,,,,,,,,,,,,,,,,,,,
1067,10.670000,0.000000,0.000000,0.000000,1.000000,0.000000,0.000000,0.000000,57.698101,20.499701,-14.700500,0.047771,-0.013570,0.015998,-15.666301,-52.738201,18.801300,-93.396698,0.129960,17.611099,-0.298103,-0.437171,-0.659113,0.534403,2061.243652,1494.470215,-3248.145508,2058.028564,1413.357544,-3253.597412,2071.482422,1535.586182,-3280.072998,2048.644287,1448.673096,-3203.169434,2066.819824,1580.264404,-3255.742432,2058.069824,1413.363281,-3253.662354,2071.474365,1535.676147,-3280.197510,2048.598145,1448.740356,-3203.050537,2066.830811,1580.095825,-3255.666016,2616.311279,1567.745483,-3159.861572,,,,,,,,,,,,,,,,,,,,,,,,,,,,,,,,,
1068,10.680000,0.000000,0.000000,0.000000,1.000000,0.000000,0.000000,0.000000,57.698101,20.499701,-14.700500,0.047771,-0.013570,0.015998,-15.666301,-52.738201,18.801300,-93.396698,0.129960,17.611099,-0.296592,-0.438235,-0.659570,0.533808,2060.167480,1495.109985,-3249.658447,2057.029053,1413.996460,-3255.143555,2070.503174,1536.241333,-3281.534668,2047.423096,1449.292603,-3204.743652,2065.714844,1580.909912,-3257.211182,2057.109131,1413.785889,-3255.237793,2070.434082,1536.394165,-3281.639160,2047.344727,1449.397461,-3204.604736,2065.780029,1580.858765,-3257.160645,2616.318604,1567.727417,-3159.840576,,,,,,,,,,,,,,,,,,,,,,,,,,,,,,,,,
1069,10.690000,0.000000,0.000000,0.000000,1.000000,0.000000,0.000000,0.000000,57.698101,20.499701,-14.700500,0.047771,-0.013570,0.015998,-15.666301,-52.738201,18.801300,-93.396698,0.129960,17.611099,-0.295432,-0.438476,-0.660324,0.533320,2059.127930,1495.705444,-3251.213135,2055.980713,1414.599976,-3256.811279,2069.560303,1536.874878,-3283.008545,2046.250854,1449.833862,-3206.391846,2064.720215,1581.513428,-3258.640381,2056.011475,1414.427612,-3256.905029,2069.562988,1537.006104,-3283.098877,2046.207886,1449.915649,-3206.250977,2064.729980,1581.471191,-3258.602783,2616.317871,1567.743042,-3159.845947,,,,,,,,,,,,,,,,,,,,,,,,,,,,,,,,,
1070,10.700000,0.000000,0.000000,0.000000,1.000000,0.000000,0.000000,0.000000,57.698101,20.499701,-14.700500,0.047771,-0.013570,0.015998,-15.666301,-52.738201,18.801300,-93.396698,0.129960,17.611099,-0.294137,-0.438430,-0.661562,0.532540,2058.107666,1496.285156,-3252.758301,2054.876953,1415.195435,-3258.534180,2068.688965,1537.507202,-3284.436279,2045.035645,1450.337158,-3208.072021,2063.828857,1582.101318,-3259.990723,2054.866699,1415.231445,-3258.593018,2068.770752,1537.581055,-3284.569580,2045.021484,1450.329346,-3207.932617,2063.775146,1582.000000,-3259.937988,2616.293701,1567.725586,-3159.830566,,,,,,,,,,,,,,,,,,,,,,,,,,,,,,,,,
1071,10.710000,0.000000,0.000000,0.000000,1.000000,0.000000,0.000000,0.000000,57.698101,20.499701,-14.700500,0.047771,-0.013570,0.015998,-15.666301,-52.738201,18.801300,-93.396698,0.129960,17.611099,-0.293494,-0.438058,-0.662472,0.532068,2056.981445,1496.797119,-3254.271973,2053.657959,1415.721436,-3260.189941,2067.658691,1538.059448,-3285.864990,2043.789673,1450.789673,-3209.681885,2062.820068,1582.618164,-3261.350586,2053.649170,1415.843506,-3260.281250,2067.750732,1538.053101,-3285.999512,2043.783936,1450.826538,-3209.538818,2062.740479,1582.459961,-3261.267090,2616.301758,1567.765625,-3159.817383,,,,,,,,,,,,,,,,,,,,,,,,,,,,,,,,,
1072,10.720000,0.000000,0.000000,0.000000,1.000000,0.000000,0.000000,0.000000,57.698101,20.499701,-14.700500,0.047771,-0.013570,0.015998,-15.666301,-52.738201,18.801300,-93.396698,0.129960,17.611099,-0.291891,-0.438310,-0.663436,0.531542,2055.828125,1497.347534,-3255.773438,2052.511230,1416.283691,-3261.857422,2066.620117,1538.668213,-3287.251221,2042.475952,1451.257446,-3211.316895,2061.705078,1583.180908,-3262.668701,2052.538330,1416.253784,-3261.967285,2066.641357,1538.738159,-3287.334229,2042.441650,1451.355225,-3211.165283,2061.688965,1583.044189,-3262.618652,2616.275879,1567.710571,-3159.806152,,,,,,,,,,,,,,,,,,,,,,,,,,,,,,,,,
1073,10.730000,0.000000,0.000000,0.000000,1.000000,0.000000,0.000000,0.000000,57.698101,20.499701,-14.700500,0.047771,-0.013570,0.015998,-15.666301,-52.738201,18.801300,-93.396698,0.129960,17.611099,-0.290131,-0.438816,-0.663992,0.531393,2054.710449,1497.921143,-3257.258057,2051.498779,1416.863770,-3263.482910,2065.563721,1539.303467,-3288.633545,2041.258789,1451.745972,-3212.919678,2060.520020,1583.771484,-3263.996338,2051.562500,1416.647461,-3263.584473,2065.523682,1539.452393,-3288.733643,2041.198975,1451.915894,-3212.795410,2060.556641,1583.667603,-3263.923584,2616.301270,1567.723633,-3159.766357,,,,,,,,,,,,,,,,,,,,,,,,,,,,,,,,,
1074,10.740000,0.000000,0.000000,0.000000,1.000000,0.000000,0.000000,0.000000,57.698101,20.499701,-14.700500,0.047771,-0.013570,0.015998,-15.666301,-52.738201,18.801300,-93.396698,0.129960,17.611099,-0.289618,-0.438276,-0.664629,0.531322,2053.602539,1498.495850,-3258.709229,2050.343018,1417.451782,-3265.079834,2064.499023,1539.927002,-3290.005127,2040.097900,1452.250366,-3214.460449,2059.469971,1584.354370,-3265.291504,2050.375732,1417.306885,-3265.143311,2064.491699,1540.049683,-3290.101562,2040.058105,1452.338379,-3214.360596,2059.483887,1584.290771,-3265.236328,2616.282715,1567.721924,-3159.748047,,,,,,,,,,,,,,,,,,,,,,,,,,,,,,,,,
1075,10.750000,0.000000,0.000000,0.000000,1.000000,0.000000,0.000000,0.000000,57.698101,20.499701,-14.700500,0.047771,-0.013570,0.015998,-15.666301,-52.738201,18.801300,-93.396698,0.129960,17.611099,-0.289058,-0.438003,-0.665691,0.530523,2052.452881,1499.016846,-3260.089844,2049.054443,1417.988159,-3266.582031,2063.481445,1540.472290,-3291.307129,2038.784058,1452.733643,-3215.930908,2058.491455,1584.873657,-3266.539062,2049.020264,1418.002808,-3266.588379,2063.579590,1540.580933,-3291.416260,2038.794556,1452.727173,-3215.868408,2058.422363,1584.759399,-3266.493408,2616.273438,1567.723389,-3159.730469,,,,,,,,,,,,,,,,,,,,,,,,,,,,,,,,,
1076,10.760000,0.000000,0.000000,0.000000,1.000000,0.000000,0.000000,0.000000,57.698101,20.499701,-14.700500,0.047771,-0.013570,0.015998,-15.666301,-52.738201,18.801300,-93.396698,0.129960,17.611099,-0.288583,-0.438407,-0.666518,0.529407,2051.187500,1499.470337,-3261.432373,2047.666504,1418.447876,-3267.937012,2062.365723,1540.908081,-3292.619873,2037.328247,1453.208740,-3217.310547,2057.389404,1585.316895,-3267.862305,2047.667725,1418.483521,-3267.943848,2062.383301,1540.930908,-3292.665527,2037.337036,1453.307617,-3217.318115,2057.358154,1585.144897,-3267.794678,2616.267578,1567.777832,-3159.720703,,,,,,,,,,,,,,,,,,,,,,,,,,,,,,,,,
1077,10.770000,0.000000,0.000000,0.000000,1.000000,0.000000,0.000000,0.000000,57.698101,20.499701,-14.700500,0.047771,-0.013570,0.015998,-15.666301,-52.738201,18.801300,-93.396698,0.129960,17.611099,-0.286976,-0.439406,-0.667662,0.528010,2049.832520,1499.961304,-3262.673584,2046.256836,1418.946411,-3269.241943,2061.214111,1541.404541,-3293.780273,2035.699097,1453.689819,-3218.648926,2056.160156,1585.804688,-3269.022949,2046.345947,1418.898438,-3269.312988,2061.118896,1541.437622,-3293.832520,2035.631714,1453.820801,-3218.581543,2056.234619,1585.689209,-3268.963379,2616.262207,1567.739380,-3159.694336,,,,,,,,,,,,,,,,,,,,,,,,,,,,,,,,,
1078,10.780000,0.000000,0.000000,0.000000,1.000000,0.000000,0.000000,0.000000,57.698101,20.499701,-14.700500,0.047771,-0.013570,0.015998,-15.666301,-52.738201,18.801300,-93.396698,0.129960,17.611099,-0.285032,-0.440727,-0.669164,0.526057,2048.388184,1500.509888,-3263.851562,2044.715698,1419.504395,-3270.483398,2060.045654,1541.948364,-3294.862549,2033.885742,1454.241699,-3219.943604,2054.906006,1586.345215,-3270.116699,2044.841797,1419.336304,-3270.572754,2059.907471,1542.074219,-3294.945801,2033.768433,1454.292236,-3219.802490,2055.031982,1586.333252,-3270.089600,2616.254150,1567.763672,-3159.682373,,,,,,,,,,,,,,,,,,,,,,,,,,,,,,,,,
1079,10.790000,0.000000,0.000000,0.000000,1.000000,0.000000,0.000000,0.000000,57.698101,20.499701,-14.700500,0.047771,-0.013570,0.015998,-15.666301,-52.738201,18.801300,-93.396698,0.129960,17.611099,-0.283523,-0.442020,-0.670502,0.524081,2046.897705,1501.082397,-3264.951904,2043.103516,1420.083862,-3271.598389,2058.819580,1542.494629,-3295.896973,2032.045410,1454.847290,-3221.125977,2053.622314,1586.904053,-3271.185791,2043.197876,1420.057373,-3271.670898,2058.740967,1542.605103,-3296.028809,2031.904175,1454.693115,-3220.890869,2053.723877,1586.957764,-3271.191895,2616.216064,1567.755859,-3159.682861,,,,,,,,,,,,,,,,,,,,,,,,,,,,,,,,,
1080,10.800000,0.000000,0.000000,0.000000,1.000000,0.000000,0.000000,0.000000,57.698101,20.499701,-14.700500,0.047771,-0.013570,0.015998,-15.666301,-52.738201,18.801300,-93.396698,0.129960,17.611099,-0.282347,-0.443754,-0.671353,0.522156,2045.515259,1501.710815,-3266.020996,2041.640259,1420.708252,-3272.572754,2057.669678,1543.061279,-3296.958252,2030.351685,1455.560181,-3222.212891,2052.399414,1587.513550,-3272.340088,2041.780029,1420.775513,-3272.680664,2057.534912,1543.070068,-3297.027832,2030.198120,1455.444214,-3221.993408,2052.536133,1587.543091,-3272.362305,2616.250732,1567.752930,-3159.681641,,,,,,,,,,,,,,,,,,,,,,,,,,,,,,,,,
1081,10.810000,0.000000,0.000000,0.000000,1.000000,0.000000,0.000000,0.000000,57.698101,20.499701,-14.700500,0.047771,-0.013570,0.015998,-15.666301,-52.738201,18.801300,-93.396698,0.129960,17.611099,-0.281664,-0.445105,-0.672083,0.520433,2044.116455,1502.358887,-3266.998291,2040.131104,1421.353882,-3273.451660,2056.473389,1543.644409,-3297.942139,2028.687012,1456.296875,-3223.189697,2051.174316,1588.140747,-3273.409912,2040.320923,1421.295898,-3273.574707,2056.263428,1543.725952,-3298.044189,2028.509888,1456.326904,-3222.990234,2051.360352,1588.090210,-3273.379883,2616.252686,1567.780884,-3159.688477,,,,,,,,,,,,,,,,,,,,,,,,,,,,,,,,,
1082,10.820000,0.000000,0.000000,0.000000,1.000000,0.000000,0.000000,0.000000,57.698101,20.499701,-14.700500,0.047771,-0.013570,0.015998,-15.666301,-52.738201,18.801300,-93.396698,0.129960,17.611099,-0.281367,-0.446053,-0.672483,0.519265,2042.794678,1503.110229,-3267.980957,2038.730103,1422.101929,-3274.342285,2055.282715,1544.341797,-3298.944336,2027.194458,1457.122192,-3224.155273,2049.971680,1588.875488,-3274.482422,2038.876099,1421.961670,-3274.425049,2055.101562,1544.440796,-3298.989990,2027.055786,1457.113281,-3224.014648,2050.143066,1588.923340,-3274.495850,2616.244629,1567.761475,-3159.697998,,,,,,,,,,,,,,,,,,,,,,,,,,,,,,,,,
1083,10.830000,0.000000,0.000000,0.000000,1.000000,0.000000,0.000000,0.000000,57.698101,20.499701,-14.700500,0.047771,-0.013570,0.015998,-15.666301,-52.738201,18.801300,-93.396698,0.129960,17.611099,-0.280811,-0.447324,-0.672587,0.518337,2041.501953,1503.962646,-3268.913818,2037.444092,1422.945068,-3275.160400,2054.087646,1545.143799,-3299.904297,2025.765381,1458.045410,-3225.062256,2048.710693,1589.716553,-3275.527832,2037.539917,1422.872681,-3275.177979,2053.945312,1545.210205,-3299.917480,2025.662842,1457.949097,-3224.985352,2048.860352,1589.822632,-3275.574463,2616.244873,1567.763672,-3159.704834,,,,,,,,,,,,,,,,,,,,,,,,,,,,,,,,,
1084,10.840000,0.000000,0.000000,0.000000,1.000000,0.000000,0.000000,0.000000,57.698101,20.499701,-14.700500,0.047771,-0.013570,0.015998,-15.666301,-52.738201,18.801300,-93.396698,0.129960,17.611099,-0.280115,-0.448841,-0.673054,0.516793,2040.267212,1504.885376,-3269.779785,2036.147095,1423.861206,-3275.900146,2053.026123,1545.997925,-3300.790283,2024.298950,1459.062866,-3225.913086,2047.596680,1590.619507,-3276.515137,2036.212646,1423.673706,-3275.921631,2052.926514,1546.037598,-3300.790283,2024.250732,1459.120972,-3225.903076,2047.685913,1590.694702,-3276.505615,2616.238770,1567.718262,-3159.726562,,,,,,,,,,,,,,,,,,,,,,,,,,,,,,,,,
1085,10.850000,0.000000,0.000000,0.000000,1.000000,0.000000,0.000000,0.000000,57.698101,20.499701,-14.700500,0.047771,-0.013570,0.015998,-15.666301,-52.738201,18.801300,-93.396698,0.129960,17.611099,-0.278777,-0.451117,-0.673444,0.515023,2039.060547,1505.755615,-3270.633789,2034.951416,1424.718750,-3276.590332,2052.017090,1546.792358,-3301.663086,2022.816406,1460.039917,-3226.756836,2046.457031,1591.471802,-3277.524170,2035.051880,1424.598389,-3276.620361,2051.863037,1546.809326,-3301.649902,2022.747803,1460.113770,-3226.749268,2046.580322,1591.496704,-3277.515381,2616.283203,1567.761841,-3159.734131,,,,,,,,,,,,,,,,,,,,,,,,,,,,,,,,,
1086,10.860000,0.000000,0.000000,0.000000,1.000000,0.000000,0.000000,0.000000,57.698101,20.499701,-14.700500,0.047771,-0.013570,0.015998,-15.666301,-52.738201,18.801300,-93.396698,0.129960,17.611099,-0.276879,-0.453386,-0.673546,0.513922,2037.958130,1506.683472,-3271.481934,2033.996582,1425.631348,-3277.331055,2051.042236,1547.687866,-3302.500488,2021.516846,1461.016357,-3227.628174,2045.276855,1592.398560,-3278.467773,2034.080933,1425.482910,-3277.361328,2050.925537,1547.737061,-3302.513916,2021.445312,1461.033569,-3227.584961,2045.387695,1592.473877,-3278.469971,2616.301270,1567.747437,-3159.766846,,,,,,,,,,,,,,,,,,,,,,,,,,,,,,,,,
1087,10.870000,0.000000,0.000000,0.000000,1.000000,0.000000,0.000000,0.000000,57.698101,20.499701,-14.700500,0.047771,-0.013570,0.015998,-15.666301,-52.738201,18.801300,-93.396698,0.129960,17.611099,-0.275138,-0.455043,-0.673663,0.513238,2036.722656,1507.741821,-3272.249512,2032.906738,1426.679932,-3278.059326,2049.893799,1548.743286,-3303.235352,2020.140137,1462.081909,-3228.440918,2043.949829,1593.462524,-3279.262207,2032.992554,1426.565918,-3278.075439,2049.769287,1548.759033,-3303.256348,2020.074829,1462.120117,-3228.425781,2044.057129,1593.518921,-3279.241211,2616.294434,1567.751709,-3159.782471,,,,,,,,,,,,,,,,,,,,,,,,,,,,,,,,,
1088,10.880000,0.000000,0.000000,0.000000,1.000000,0.000000,0.000000,0.000000,57.698101,20.499701,-14.700500,0.047771,-0.013570,0.015998,-15.666301,-52.738201,18.801300,-93.396698,0.129960,17.611099,-0.273662,-0.456871,-0.673637,0.512437,2035.530762,1508.692139,-3273.044922,2031.846313,1427.617310,-3278.757080,2048.790771,1549.666870,-3304.028076,2018.806885,1463.072510,-3229.248291,2042.679321,1594.412231,-3280.145996,2031.944946,1427.542969,-3278.780518,2048.635986,1549.639648,-3304.016846,2018.748291,1463.181152,-3229.268066,2042.789673,1594.404785,-3280.113770,2616.317871,1567.741455,-3159.803955,,,,,,,,,,,,,,,,,,,,,,,,,,,,,,,,,
1089,10.890000,0.000000,0.000000,0.000000,1.000000,0.000000,0.000000,0.000000,57.698101,20.499701,-14.700500,0.047771,-0.013570,0.015998,-15.666301,-52.738201,18.801300,-93.396698,0.129960,17.611099,-0.272464,-0.457813,-0.673702,0.512149,2034.464844,1509.503296,-3273.935059,2030.890503,1428.423462,-3279.646484,2047.766479,1550.488892,-3304.885742,2017.667725,1463.870361,-3230.180176,2041.534424,1595.230469,-3281.027588,2030.980591,1428.334473,-3279.687012,2047.634888,1550.506226,-3304.869141,2017.616089,1464.022583,-3230.188477,2041.625732,1595.154419,-3280.996338,2616.308350,1567.771118,-3159.832275,,,,,,,,,,,,,,,,,,,,,,,,,,,,,,,,,
1090,10.900000,0.000000,0.000000,0.000000,1.000000,0.000000,0.000000,0.000000,57.698101,20.499701,-14.700500,0.047771,-0.013570,0.015998,-15.666301,-52.738201,18.801300,-93.396698,0.129960,17.611099,-0.270377,-0.458890,-0.673771,0.512200,2033.453491,1510.338867,-3274.910889,2030.103882,1429.254883,-3280.698975,2046.773682,1551.381958,-3305.777588,2016.599609,1464.630127,-3231.257324,2040.336792,1596.088989,-3281.909424,2030.147827,1429.121460,-3280.737549,2046.719849,1551.397095,-3305.780518,2016.570312,1464.717041,-3231.238770,2040.378052,1596.112793,-3281.888672,2616.322266,1567.698486,-3159.825684,,,,,,,,,,,,,,,,,,,,,,,,,,,,,,,,,
1091,10.910000,0.000000,0.000000,0.000000,1.000000,0.000000,0.000000,0.000000,57.698101,20.499701,-14.700500,0.047771,-0.013570,0.015998,-15.666301,-52.738201,18.801300,-93.396698,0.129960,17.611099,-0.268467,-0.459752,-0.673687,0.512542,2032.287842,1511.161621,-3275.896729,2029.180786,1430.073853,-3281.768066,2045.589966,1552.269165,-3306.685303,2015.425415,1465.366699,-3232.336670,2038.955444,1596.936646,-3282.797119,2029.212769,1429.913818,-3281.777344,2045.549438,1552.304199,-3306.717529,2015.400879,1465.435059,-3232.333496,2038.990479,1596.980835,-3282.759277,2616.353760,1567.736328,-3159.821777,,,,,,,,,,,,,,,,,,,,,,,,,,,,,,,,,
1092,10.920000,0.000000,0.000000,0.000000,1.000000,0.000000,0.000000,0.000000,57.698101,20.499701,-14.700500,0.047771,-0.013570,0.015998,-15.666301,-52.738201,18.801300,-93.396698,0.129960,17.611099,-0.267418,-0.460253,-0.674219,0.511941,2031.077148,1511.828003,-3276.862549,2027.976562,1430.743896,-3282.788574,2044.469116,1552.951416,-3307.590820,2014.088867,1466.010498,-3233.375488,2037.774048,1597.606201,-3283.695801,2028.046387,1430.644653,-3282.820801,2044.384766,1552.968994,-3307.621826,2014.046631,1466.156616,-3233.374268,2037.832031,1597.545288,-3283.633789,2616.381592,1567.751953,-3159.833496,,,,,,,,,,,,,,,,,,,,,,,,,,,,,,,,,
1093,10.930000,0.000000,0.000000,0.000000,1.000000,0.000000,0.000000,0.000000,57.698101,20.499701,-14.700500,0.047771,-0.013570,0.015998,-15.666301,-52.738201,18.801300,-93.396698,0.129960,17.611099,-0.266539,-0.461167,-0.674700,0.510942,2029.877197,1512.301636,-3277.806396,2026.751953,1431.216797,-3283.708008,2043.392700,1553.404785,-3308.507324,2012.720825,1466.511841,-3234.355957,2036.643311,1598.073364,-3284.653320,2026.820679,1431.172241,-3283.779053,2043.345215,1553.442749,-3308.569336,2012.666992,1466.651367,-3234.284668,2036.675903,1597.941284,-3284.584717,2616.339844,1567.733398,-3159.834229,,,,,,,,,,,,,,,,,,,,,,,,,,,,,,,,,
1094,10.940000,0.000000,0.000000,0.000000,1.000000,0.000000,0.000000,0.000000,57.698101,20.499701,-14.700500,0.047771,-0.013570,0.015998,-15.666301,-52.738201,18.801300,-93.396698,0.129960,17.611099,-0.264866,-0.462381,-0.675450,0.509723,2028.673462,1512.608521,-3278.716064,2025.560181,1431.525146,-3284.642578,2042.352173,1553.712158,-3309.344238,2011.288940,1466.817749,-3235.357666,2035.492676,1598.379517,-3285.519531,2025.638550,1431.499756,-3284.738037,2042.303589,1553.776367,-3309.400146,2011.218262,1466.931519,-3235.242920,2035.533203,1598.224487,-3285.476807,2616.335205,1567.743774,-3159.846191,,,,,,,,,,,,,,,,,,,,,,,,,,,,,,,,,
1095,10.950000,0.000000,0.000000,0.000000,1.000000,0.000000,0.000000,0.000000,57.698101,20.499701,-14.700500,0.047771,-0.013570,0.015998,-15.666301,-52.738201,18.801300,-93.396698,0.129960,17.611099,-0.263118,-0.463697,-0.676115,0.508549,2027.448608,1512.868408,-3279.588379,2024.369751,1431.784790,-3285.530518,2041.282715,1553.972656,-3310.145996,2009.843628,1467.076782,-3236.319824,2034.298462,1598.639771,-3286.356934,2024.426025,1431.674805,-3285.653564,2041.303589,1554.088013,-3310.275146,2009.755371,1467.125122,-3236.107178,2034.304565,1598.592529,-3286.312988,2616.297852,1567.745483,-3159.846436,,,,,,,,,,,,,,,,,,,,,,,,,,,,,,,,,
1096,10.960000,0.000000,0.000000,0.000000,1.000000,0.000000,0.000000,0.000000,57.698101,20.499701,-14.700500,0.047771,-0.013570,0.015998,-15.666301,-52.738201,18.801300,-93.396698,0.129960,17.611099,-0.262175,-0.464828,-0.677029,0.506785,2026.145020,1513.206543,-3280.387451,2022.943481,1432.124878,-3286.291016,2040.193359,1554.265137,-3310.908447,2008.259033,1467.475830,-3237.169678,2033.183838,1598.960571,-3287.180176,2023.015015,1431.982910,-3286.384766,2040.174927,1554.351196,-3311.037109,2008.162720,1467.499756,-3236.995850,2033.222656,1598.987427,-3287.131104,2616.330322,1567.729980,-3159.822510,,,,,,,,,,,,,,,,,,,,,,,,,,,,,,,,,
1097,10.970000,0.000000,0.000000,0.000000,1.000000,0.000000,0.000000,0.000000,57.698101,20.499701,-14.700500,0.047771,-0.013570,0.015998,-15.666301,-52.738201,18.801300,-93.396698,0.129960,17.611099,-0.262602,-0.464732,-0.678116,0.505197,2024.792236,1513.588501,-3281.062500,2021.298828,1432.518433,-3286.960693,2039.034180,1554.591064,-3311.569336,2006.678101,1467.929810,-3237.863770,2032.157715,1599.315186,-3287.856445,2021.374023,1432.427979,-3287.049072,2038.988770,1554.646729,-3311.638184,2006.596558,1467.976685,-3237.732666,2032.206787,1599.301880,-3287.828369,2616.319092,1567.739746,-3159.802490,,,,,,,,,,,,,,,,,,,,,,,,,,,,,,,,,
1098,10.980000,0.000000,0.000000,0.000000,1.000000,0.000000,0.000000,0.000000,57.698101,20.499701,-14.700500,0.047771,-0.013570,0.015998,-15.666301,-52.738201,18.801300,-93.396698,0.129960,17.611099,-0.262723,-0.465649,-0.678618,0.503612,2023.528320,1513.891602,-3281.729492,2019.864136,1432.819580,-3287.496094,2037.940552,1554.808350,-3312.271240,2005.201782,1468.349365,-3238.497314,2031.106934,1599.589111,-3288.652832,2019.926025,1432.761719,-3287.566650,2037.902100,1554.882202,-3312.324219,2005.136719,1468.401978,-3238.393311,2031.146973,1599.522949,-3288.631348,2616.307373,1567.748291,-3159.797119,,,,,,,,,,,,,,,,,,,,,,,,,,,,,,,,,
1099,10.990000,0.000000,0.000000,0.000000,1.000000,0.000000,0.000000,0.000000,57.698101,20.499701,-14.700500,0.047771,-0.013570,0.015998,-15.666301,-52.738201,18.801300,-93.396698,0.129960,17.611099,-0.263119,-0.466099,-0.679105,0.502331,2022.402954,1514.151245,-3282.431641,2018.554932,1433.081177,-3288.103760,2036.953491,1554.996216,-3313.003906,2003.910034,1468.705688,-3239.168701,2030.193604,1599.822021,-3289.449951,2018.561646,1432.905029,-3288.096924,2036.951050,1555.088257,-3313.064453,2003.890503,1468.733765,-3239.150879,2030.209595,1599.864502,-3289.416748,2616.272949,1567.736328,-3159.769531,,,,,,,,,,,,,,,,,,,,,,,,,,,,,,,,,
1100,11.000000,0.000000,0.000000,0.000000,1.000000,0.000000,0.000000,0.000000,57.698101,20.499701,-14.700500,0.047771,-0.013570,0.015998,-15.666301,-52.738201,18.801300,-93.396698,0.129960,17.611099,-0.263556,-0.466714,-0.678979,0.501701,2021.258301,1514.382080,-3283.170166,2017.347534,1433.305542,-3288.704834,2035.858398,1555.162720,-3313.805176,2002.705078,1469.026245,-3239.839111,2029.122314,1600.034424,-3290.331787,2017.348999,1433.175415,-3288.685547,2035.839844,1555.290161,-3313.805420,2002.696045,1469.041382,-3239.844727,2029.147583,1600.021362,-3290.343262,2616.267822,1567.738892,-3159.751221,,,,,,,,,,,,,,,,,,,,,,,,,,,,,,,,,
1101,11.010000,0.000000,0.000000,0.000000,1.000000,0.000000,0.000000,0.000000,57.698101,20.499701,-14.700500,0.047771,-0.013570,0.015998,-15.666301,-52.738201,18.801300,-93.396698,0.129960,17.611099,-0.263096,-0.467961,-0.678954,0.500814,2020.131836,1514.745117,-3283.951660,2016.228149,1433.659424,-3289.357178,2034.818115,1555.471436,-3314.617432,2001.457642,1469.465576,-3240.592529,2028.023193,1600.384277,-3291.239746,2016.292358,1433.494629,-3289.363770,2034.725464,1555.597290,-3314.642334,2001.404541,1469.524780,-3240.575684,2028.104736,1600.358521,-3291.226318,2616.267334,1567.755981,-3159.720947,,,,,,,,,,,,,,,,,,,,,,,,,,,,,,,,,
1102,11.020000,0.000000,0.000000,0.000000,1.000000,0.000000,0.000000,0.000000,57.698101,20.499701,-14.700500,0.047771,-0.013570,0.015998,-15.666301,-52.738201,18.801300,-93.396698,0.129960,17.611099,-0.261630,-0.470285,-0.678425,0.500121,2019.003662,1515.168823,-3284.729736,2015.302002,1434.061279,-3289.946289,2033.744995,1555.849121,-3315.430176,2000.224854,1469.958862,-3241.343018,2026.742676,1600.806152,-3292.199219,2015.459351,1433.909668,-3290.022217,2033.558838,1555.872925,-3315.479736,2000.098999,1470.039551,-3241.258301,2026.901001,1600.846558,-3292.162598,2616.256348,1567.754395,-3159.710449,,,,,,,,,,,,,,,,,,,,,,,,,,,,,,,,,
1103,11.030000,0.000000,0.000000,0.000000,1.000000,0.000000,0.000000,0.000000,57.698101,20.499701,-14.700500,0.047771,-0.013570,0.015998,-15.666301,-52.738201,18.801300,-93.396698,0.129960,17.611099,-0.260549,-0.471907,-0.677916,0.499848,2017.827026,1515.603394,-3285.558350,2014.303955,1434.479736,-3290.644775,2032.581543,1556.259766,-3316.284180,1999.005127,1470.431396,-3242.151123,2025.417603,1601.243042,-3293.153564,2014.418091,1434.360962,-3290.753906,2032.480225,1556.256470,-3316.323486,1998.900024,1470.487305,-3242.019531,2025.511963,1601.304199,-3293.136230,2616.261963,1567.766113,-3159.697266,,,,,,,,,,,,,,,,,,,,,,,,,,,,,,,,,
1104,11.040000,0.000000,0.000000,0.000000,1.000000,0.000000,0.000000,0.000000,57.698101,20.499701,-14.700500,0.047771,-0.013570,0.015998,-15.666301,-52.738201,18.801300,-93.396698,0.129960,17.611099,-0.260353,-0.472550,-0.677279,0.500206,2016.756714,1515.958496,-3286.353516,2013.367920,1434.823608,-3291.352539,2031.451904,1556.605591,-3317.120117,1997.998657,1470.802979,-3242.901611,2024.208496,1601.602173,-3294.040283,2013.465210,1434.805542,-3291.409424,2031.368774,1556.651733,-3317.208740,1997.886230,1470.764526,-3242.769287,2024.298706,1601.610962,-3294.021484,2616.274414,1567.750854,-3159.683838,,,,,,,,,,,,,,,,,,,,,,,,,,,,,,,,,
1105,11.050000,0.000000,0.000000,0.000000,1.000000,0.000000,0.000000,0.000000,57.698101,20.499701,-14.700500,0.047771,-0.013570,0.015998,-15.666301,-52.738201,18.801300,-93.396698,0.129960,17.611099,-0.259489,-0.474125,-0.676915,0.499657,2015.633789,1516.130249,-3287.136963,2012.362183,1434.981812,-3291.991943,2030.372437,1556.737305,-3317.935547,1996.798706,1471.033569,-3243.656982,2023.001709,1601.768433,-3294.963623,2012.454468,1435.035889,-3292.044434,2030.299927,1556.823364,-3318.017090,1996.673828,1470.920044,-3243.494629,2023.093506,1601.733643,-3294.979492,2616.246582,1567.780151,-3159.677979,,,,,,,,,,,,,,,,,,,,,,,,,,,,,,,,,
1106,11.060000,0.000000,0.000000,0.000000,1.000000,0.000000,0.000000,0.000000,57.698101,20.499701,-14.700500,0.047771,-0.013570,0.015998,-15.666301,-52.738201,18.801300,-93.396698,0.129960,17.611099,-0.259900,-0.474916,-0.676347,0.499462,2014.560181,1516.212402,-3287.863770,2011.315552,1435.052856,-3292.546875,2029.289429,1556.758911,-3318.746582,1995.734497,1471.202148,-3244.290283,2021.901367,1601.836304,-3295.870850,2011.400513,1435.131470,-3292.589600,2029.232788,1556.845459,-3318.848389,1995.633301,1471.150269,-3244.164551,2021.970215,1601.721558,-3295.849609,2616.268066,1567.743286,-3159.678467,,,,,,,,,,,,,,,,,,,,,,,,,,,,,,,,,
1107,11.070000,0.000000,0.000000,0.000000,1.000000,0.000000,0.000000,0.000000,57.698101,20.499701,-14.700500,0.047771,-0.013570,0.015998,-15.666301,-52.738201,18.801300,-93.396698,0.129960,17.611099,-0.259419,-0.476794,-0.676173,0.498156,2013.478027,1516.224609,-3288.544189,2010.237183,1435.052246,-3293.003662,2028.327515,1556.678833,-3319.490234,1994.484619,1471.343872,-3244.909912,2020.862549,1601.823730,-3296.772949,2010.307495,1435.092896,-3293.054443,2028.283081,1556.777588,-3319.561279,1994.413818,1471.383789,-3244.818359,2020.908569,1601.631958,-3296.738770,2616.216797,1567.737671,-3159.678711,,,,,,,,,,,,,,,,,,,,,,,,,,,,,,,,,
1108,11.080000,0.000000,0.000000,0.000000,1.000000,0.000000,0.000000,0.000000,57.698101,20.499701,-14.700500,0.047771,-0.013570,0.015998,-15.666301,-52.738201,18.801300,-93.396698,0.129960,17.611099,-0.260031,-0.477772,-0.676294,0.496734,2012.306885,1516.210327,-3289.134521,2008.900879,1435.033813,-3293.391602,2027.290527,1556.553833,-3320.160400,1993.150269,1471.481567,-3245.415771,2019.885986,1601.772339,-3297.570312,2008.941650,1434.989990,-3293.442139,2027.291992,1556.642578,-3320.250732,1993.110962,1471.606934,-3245.348145,2019.880005,1601.596436,-3297.489258,2616.257812,1567.739746,-3159.692139,,,,,,,,,,,,,,,,,,,,,,,,,,,,,,,,,
1109,11.090000,0.000000,0.000000,0.000000,1.000000,0.000000,0.000000,0.000000,57.698101,20.499701,-14.700500,0.047771,-0.013570,0.015998,-15.666301,-52.738201,18.801300,-93.396698,0.129960,17.611099,-0.259326,-0.479340,-0.676752,0.494966,2011.148682,1516.280029,-3289.675049,2007.651123,1435.100342,-3293.793213,2026.324707,1556.544067,-3320.710449,1991.737305,1471.660645,-3245.956543,2018.881592,1601.815430,-3298.239258,2007.649414,1434.971436,-3293.838379,2026.373413,1556.651123,-3320.774414,1991.731689,1471.787842,-3245.904541,2018.840332,1601.711182,-3298.182617,2616.267334,1567.750977,-3159.710938,,,,,,,,,,,,,,,,,,,,,,,,,,,,,,,,,
1110,11.100000,0.000000,0.000000,0.000000,1.000000,0.000000,0.000000,0.000000,57.698101,20.499701,-14.700500,0.047771,-0.013570,0.015998,-15.666301,-52.738201,18.801300,-93.396698,0.129960,17.611099,-0.258246,-0.480410,-0.676147,0.495319,2010.035034,1516.459839,-3290.249512,2006.761841,1435.267944,-3294.311035,2025.161499,1556.740112,-3321.288086,1990.661133,1471.822632,-3246.532959,2017.555664,1602.008789,-3298.865967,2006.794189,1435.124023,-3294.379395,2025.181763,1556.768799,-3321.384277,1990.626587,1471.959473,-3246.455078,2017.537354,1601.986572,-3298.779785,2616.284912,1567.774902,-3159.721680,,,,,,,,,,,,,,,,,,,,,,,,,,,,,,,,,
1111,11.110000,0.000000,0.000000,0.000000,1.000000,0.000000,0.000000,0.000000,57.698101,20.499701,-14.700500,0.047771,-0.013570,0.015998,-15.666301,-52.738201,18.801300,-93.396698,0.129960,17.611099,-0.256905,-0.481551,-0.675314,0.496044,2008.928589,1516.700684,-3290.853271,2005.961426,1435.494751,-3294.868408,2023.963257,1557.016724,-3321.890137,1989.639526,1472.020386,-3247.143066,2016.150024,1602.271484,-3299.511230,2006.027710,1435.360718,-3294.923584,2023.912964,1557.005371,-3321.948486,1989.572144,1472.045776,-3247.062500,2016.206787,1602.388550,-3299.478760,2616.292236,1567.709229,-3159.729248,,,,,,,,,,,,,,,,,,,,,,,,,,,,,,,,,
1112,11.120000,0.000000,0.000000,0.000000,1.000000,0.000000,0.000000,0.000000,57.698101,20.499701,-14.700500,0.047771,-0.013570,0.015998,-15.666301,-52.738201,18.801300,-93.396698,0.129960,17.611099,-0.255914,-0.482232,-0.674295,0.497280,2007.751709,1516.838867,-3291.458252,2005.109253,1435.620605,-3295.451416,2022.635010,1557.205811,-3322.502197,1988.627808,1472.094238,-3247.741455,2014.634644,1602.435181,-3300.138184,2005.187256,1435.594727,-3295.496582,2022.556030,1557.244385,-3322.538574,1988.542847,1472.063721,-3247.649658,2014.717041,1602.451904,-3300.146484,2616.296143,1567.743530,-3159.753418,,,,,,,,,,,,,,,,,,,,,,,,,,,,,,,,,
1113,11.130000,0.000000,0.000000,0.000000,1.000000,0.000000,0.000000,0.000000,57.698101,20.499701,-14.700500,0.047771,-0.013570,0.015998,-15.666301,-52.738201,18.801300,-93.396698,0.129960,17.611099,-0.255517,-0.482532,-0.674161,0.497374,2006.588989,1516.843628,-3292.011719,2004.014038,1435.622925,-3295.999268,2021.461060,1557.219482,-3323.049072,1987.471069,1472.087891,-3248.303711,2013.409668,1602.444702,-3300.694824,2004.107910,1435.618042,-3296.039307,2021.366089,1557.307251,-3323.115234,1987.354248,1472.007324,-3248.176025,2013.516479,1602.439697,-3300.709229,2616.291504,1567.767212,-3159.800293,,,,,,,,,,,,,,,,,,,,,,,,,,,,,,,,,
1114,11.140000,0.000000,0.000000,0.000000,1.000000,0.000000,0.000000,0.000000,57.698101,20.499701,-14.700500,0.047771,-0.013570,0.015998,-15.666301,-52.738201,18.801300,-93.396698,0.129960,17.611099,-0.255015,-0.483355,-0.673905,0.497178,2005.487671,1516.727539,-3292.551514,2002.991699,1435.500732,-3296.465088,2020.371704,1557.087036,-3323.604492,1986.342041,1471.996460,-3248.830322,2012.245117,1602.326294,-3301.306152,2003.058960,1435.570068,-3296.499268,2020.333984,1557.219604,-3323.702637,1986.238159,1471.892578,-3248.685059,2012.310059,1602.225708,-3301.312744,2616.311279,1567.715454,-3159.800537,,,,,,,,,,,,,,,,,,,,,,,,,,,,,,,,,
1115,11.150000,0.000000,0.000000,0.000000,1.000000,0.000000,0.000000,0.000000,57.698101,20.499701,-14.700500,0.047771,-0.013570,0.015998,-15.666301,-52.738201,18.801300,-93.396698,0.129960,17.611099,-0.255090,-0.483548,-0.673945,0.496899,2004.431763,1516.533447,-3293.071777,2001.905396,1435.305908,-3296.950928,2019.343384,1556.873535,-3324.136719,1985.251953,1471.829102,-3249.338135,2011.225952,1602.125732,-3301.861328,2001.965088,1435.341431,-3297.001465,2019.325684,1557.001099,-3324.236328,1985.172241,1471.828491,-3249.215576,2011.260742,1601.959717,-3301.831787,2616.306885,1567.739746,-3159.820557,,,,,,,,,,,,,,,,,,,,,,,,,,,,,,,,,
1116,11.160000,0.000000,0.000000,0.000000,1.000000,0.000000,0.000000,0.000000,57.698101,20.499701,-14.700500,0.047771,-0.013570,0.015998,-15.666301,-52.738201,18.801300,-93.396698,0.129960,17.611099,-0.255707,-0.483580,-0.674283,0.496092,2003.461304,1516.319092,-3293.583252,2000.772949,1435.093872,-3297.402344,2018.458618,1556.606079,-3324.675781,1984.185425,1471.685547,-3249.819580,2010.428467,1601.890869,-3302.435059,2000.851929,1435.063232,-3297.442627,2018.402832,1556.765747,-3324.790283,1984.092896,1471.715576,-3249.712646,2010.493530,1601.737183,-3302.390137,2616.331299,1567.744385,-3159.832031,,,,,,,,,,,,,,,,,,,,,,,,,,,,,,,,,
1117,11.170000,0.000000,0.000000,0.000000,1.000000,0.000000,0.000000,0.000000,57.698101,20.499701,-14.700500,0.047771,-0.013570,0.015998,-15.666301,-52.738201,18.801300,-93.396698,0.129960,17.611099,-0.257476,-0.482781,-0.674589,0.495539,2002.331055,1516.080322,-3294.081787,1999.375977,1434.861694,-3297.839844,2017.378296,1556.299072,-3325.238525,1983.022827,1471.537109,-3250.240234,2009.546997,1601.623901,-3303.008057,1999.404419,1434.699585,-3297.875488,2017.374268,1556.463623,-3325.301758,1982.992798,1471.668091,-3250.193848,2009.552734,1601.492554,-3302.958496,2616.313721,1567.736206,-3159.838623,,,,,,,,,,,,,,,,,,,,,,,,,,,,,,,,,
1118,11.180000,0.000000,0.000000,0.000000,1.000000,0.000000,0.000000,0.000000,57.698101,20.499701,-14.700500,0.047771,-0.013570,0.015998,-15.666301,-52.738201,18.801300,-93.396698,0.129960,17.611099,-0.258515,-0.482289,-0.675134,0.494733,2001.152466,1515.919678,-3294.444336,1997.959961,1434.708862,-3298.179443,2016.289673,1556.087036,-3325.623779,1981.752319,1471.443359,-3250.575439,2008.607910,1601.439819,-3303.398682,1997.970093,1434.478882,-3298.206543,2016.288574,1556.187256,-3325.651123,1981.750122,1471.606567,-3250.572266,2008.602417,1601.392822,-3303.351562,2616.339844,1567.722900,-3159.837646,,,,,,,,,,,,,,,,,,,,,,,,,,,,,,,,,
1119,11.190000,0.000000,0.000000,0.000000,1.000000,0.000000,0.000000,0.000000,57.698101,20.499701,-14.700500,0.047771,-0.013570,0.015998,-15.666301,-52.738201,18.801300,-93.396698,0.129960,17.611099,-0.256916,-0.483925,-0.675090,0.494028,1999.847290,1515.771606,-3294.690186,1996.791382,1434.552368,-3298.354980,2015.063477,1555.929199,-3325.843750,1980.318359,1471.311890,-3250.861572,2007.215942,1601.293457,-3303.699951,1996.947632,1434.419800,-3298.411865,2014.876343,1555.936768,-3325.902832,1980.199341,1471.412720,-3250.805664,2007.367188,1601.312866,-3303.643555,2616.353271,1567.745361,-3159.838623,,,,,,,,,,,,,,,,,,,,,,,,,,,,,,,,,
1120,11.200000,0.000000,0.000000,0.000000,1.000000,0.000000,0.000000,0.000000,57.698101,20.499701,-14.700500,0.047771,-0.013570,0.015998,-15.666301,-52.738201,18.801300,-93.396698,0.129960,17.611099,-0.254388,-0.486226,-0.674822,0.493443,1998.453857,1515.736084,-3294.796143,1995.672363,1434.503540,-3298.384033,2013.735718,1555.904663,-3325.903564,1978.795166,1471.266724,-3251.035645,2005.612183,1601.269897,-3303.861572,1995.818359,1434.427002,-3298.504150,2013.635376,1555.919556,-3326.015869,1978.643677,1471.316895,-3250.849365,2005.710571,1601.281128,-3303.809082,2616.333252,1567.716187,-3159.828125,,,,,,,,,,,,,,,,,,,,,,,,,,,,,,,,,
1121,11.210000,0.000000,0.000000,0.000000,1.000000,0.000000,0.000000,0.000000,57.698101,20.499701,-14.700500,0.047771,-0.013570,0.015998,-15.666301,-52.738201,18.801300,-93.396698,0.129960,17.611099,-0.252901,-0.487269,-0.674792,0.493220,1997.095337,1515.882568,-3294.776611,1994.463867,1434.645142,-3298.366455,2012.409180,1556.074585,-3325.837891,1977.370972,1471.383179,-3251.076172,2004.137329,1601.427734,-3303.826172,1994.519531,1434.566528,-3298.489990,2012.428101,1555.986450,-3325.920654,1977.330688,1471.586914,-3250.973145,2004.102051,1601.405029,-3303.718750,2616.333008,1567.726685,-3159.815674,,,,,,,,,,,,,,,,,,,,,,,,,,,,,,,,,
1122,11.220000,0.000000,0.000000,0.000000,1.000000,0.000000,0.000000,0.000000,57.698101,20.499701,-14.700500,0.047771,-0.013570,0.015998,-15.666301,-52.738201,18.801300,-93.396698,0.129960,17.611099,-0.252145,-0.488254,-0.674687,0.492777,1995.663574,1516.134766,-3294.677979,1993.100708,1434.892090,-3298.199951,2011.021362,1556.309814,-3325.739502,1975.868408,1471.660522,-3250.983643,2002.663574,1601.676880,-3303.788574,1993.092407,1434.849731,-3298.194092,2011.044312,1556.293945,-3325.778076,1975.881348,1471.719604,-3251.002930,2002.636230,1601.677246,-3303.737061,2616.306396,1567.736206,-3159.825684,,,,,,,,,,,,,,,,,,,,,,,,,,,,,,,,,
1123,11.230000,0.000000,0.000000,0.000000,1.000000,0.000000,0.000000,0.000000,57.698101,20.499701,-14.700500,0.047771,-0.013570,0.015998,-15.666301,-52.738201,18.801300,-93.396698,0.129960,17.611099,-0.251118,-0.489571,-0.674925,0.491667,1994.039673,1516.289795,-3294.462402,1991.484985,1435.043579,-3297.905762,2009.520752,1556.429932,-3325.507568,1974.071899,1471.864624,-3250.797119,2001.080933,1601.821411,-3303.639160,1991.465698,1434.958740,-3297.794434,2009.484741,1556.552979,-3325.518799,1974.069092,1471.740601,-3250.860596,2001.137451,1601.903320,-3303.674561,2616.298584,1567.732544,-3159.806641,,,,,,,,,,,,,,,,,,,,,,,,,,,,,,,,,
1124,11.240000,0.000000,0.000000,0.000000,1.000000,0.000000,0.000000,0.000000,57.698101,20.499701,-14.700500,0.047771,-0.013570,0.015998,-15.666301,-52.738201,18.801300,-93.396698,0.129960,17.611099,-0.248015,-0.492727,-0.674770,0.490301,1992.307739,1516.563232,-3294.162842,1990.020142,1435.302856,-3297.460205,2007.936523,1556.685425,-3325.157227,1972.097168,1472.168457,-3250.578125,1999.177246,1602.096313,-3303.455078,1990.090088,1435.335571,-3297.385010,2007.792480,1556.753906,-3325.182861,1972.050781,1472.148682,-3250.646973,1999.296875,1602.015747,-3303.435303,2616.308350,1567.749634,-3159.775879,,,,,,,,,,,,,,,,,,,,,,,,,,,,,,,,,
1125,11.250000,0.000000,0.000000,0.000000,1.000000,0.000000,0.000000,0.000000,57.698101,20.499701,-14.700500,0.047771,-0.013570,0.015998,-15.666301,-52.738201,18.801300,-93.396698,0.129960,17.611099,-0.244416,-0.496502,-0.673904,0.489489,1990.597534,1517.018921,-3293.838867,1988.758789,1435.738892,-3296.925781,2006.295410,1557.134888,-3324.806641,1970.227539,1472.642090,-3250.310303,1997.108276,1602.560181,-3303.312744,1988.830933,1435.733154,-3296.989990,2006.238037,1557.159668,-3324.823730,1970.184692,1472.816162,-3250.281982,1997.138672,1602.359985,-3303.252686,2616.313232,1567.741943,-3159.765869,,,,,,,,,,,,,,,,,,,,,,,,,,,,,,,,,
1126,11.260000,0.000000,0.000000,0.000000,1.000000,0.000000,0.000000,0.000000,57.698101,20.499701,-14.700500,0.047771,-0.013570,0.015998,-15.666301,-52.738201,18.801300,-93.396698,0.129960,17.611099,-0.242027,-0.498924,-0.673037,0.489407,1989.079834,1517.552979,-3293.566162,1987.606079,1436.260376,-3296.513428,2004.767944,1557.679688,-3324.524902,1968.671997,1473.167969,-3250.063721,1995.273193,1603.104004,-3303.163086,1987.656006,1436.089600,-3296.587646,2004.759521,1557.606934,-3324.575439,1968.644775,1473.351196,-3250.028076,1995.260986,1603.166138,-3303.075195,2616.266602,1567.752319,-3159.757812,,,,,,,,,,,,,,,,,,,,,,,,,,,,,,,,,
1127,11.270000,0.000000,0.000000,0.000000,1.000000,0.000000,0.000000,0.000000,57.698101,20.499701,-14.700500,0.047771,-0.013570,0.015998,-15.666301,-52.738201,18.801300,-93.396698,0.129960,17.611099,-0.240374,-0.500507,-0.672310,0.489604,1987.354004,1518.072266,-3293.380859,1986.165405,1436.771851,-3296.239258,2003.005737,1558.216675,-3324.334717,1966.956665,1473.667847,-3249.893066,1993.288330,1603.632935,-3303.055664,1986.202393,1436.705444,-3296.213379,2002.966187,1558.196655,-3324.412354,1966.914551,1473.631714,-3249.884033,1993.336548,1603.762451,-3303.011475,2616.260986,1567.755859,-3159.731934,,,,,,,,,,,,,,,,,,,,,,,,,,,,,,,,,
1128,11.280000,0.000000,0.000000,0.000000,1.000000,0.000000,0.000000,0.000000,57.698101,20.499701,-14.700500,0.047771,-0.013570,0.015998,-15.666301,-52.738201,18.801300,-93.396698,0.129960,17.611099,-0.238194,-0.502852,-0.671557,0.489300,1985.449829,1518.651001,-3293.200684,1984.571289,1437.341431,-3295.908447,2001.115601,1558.793091,-3324.150879,1964.989014,1474.255737,-3249.733643,1991.123047,1604.214111,-3303.010010,1984.598022,1437.378052,-3295.878662,2001.080811,1558.935913,-3324.212158,1964.942749,1474.185913,-3249.703857,1991.175781,1604.108765,-3303.012451,2616.274414,1567.788940,-3159.720459,,,,,,,,,,,,,,,,,,,,,,,,,,,,,,,,,
1129,11.290000,0.000000,0.000000,0.000000,1.000000,0.000000,0.000000,0.000000,57.698101,20.499701,-14.700500,0.047771,-0.013570,0.015998,-15.666301,-52.738201,18.801300,-93.396698,0.129960,17.611099,-0.237936,-0.503641,-0.670284,0.490359,1983.543945,1519.337158,-3293.078613,1982.932739,1438.021118,-3295.657227,1999.060059,1559.481567,-3324.101074,1963.253906,1474.943359,-3249.530029,1988.929321,1604.902832,-3303.026367,1982.987061,1437.975708,-3295.703857,1999.024048,1559.510620,-3324.133545,1963.214600,1475.067993,-3249.498291,1988.950073,1604.795776,-3302.974365,2616.261963,1567.764893,-3159.693604,,,,,,,,,,,,,,,,,,,,,,,,,,,,,,,,,
1130,11.300000,0.000000,0.000000,0.000000,1.000000,0.000000,0.000000,0.000000,57.698101,20.499701,-14.700500,0.047771,-0.013570,0.015998,-15.666301,-52.738201,18.801300,-93.396698,0.129960,17.611099,-0.235867,-0.505172,-0.669510,0.490840,1981.873535,1520.061279,-3293.117188,1981.613892,1438.741821,-3295.650635,1997.326294,1560.253296,-3324.109619,1961.621826,1475.607056,-3249.612549,1986.931885,1605.643311,-3303.096191,1981.661621,1438.589722,-3295.738037,1997.347046,1560.225464,-3324.183105,1961.571289,1475.713257,-3249.516113,1986.914795,1605.711060,-3303.032959,2616.248535,1567.764160,-3159.674072,,,,,,,,,,,,,,,,,,,,,,,,,,,,,,,,,
1131,11.310000,0.000000,0.000000,0.000000,1.000000,0.000000,0.000000,0.000000,57.698101,20.499701,-14.700500,0.047771,-0.013570,0.015998,-15.666301,-52.738201,18.801300,-93.396698,0.129960,17.611099,-0.235944,-0.504199,-0.668872,0.492670,1980.131104,1520.724731,-3293.228516,1980.069702,1439.408691,-3295.879150,1995.382324,1561.000610,-3324.212158,1960.132080,1476.156494,-3249.723633,1984.940430,1606.333618,-3303.099609,1980.124634,1439.265015,-3295.885498,1995.327881,1561.051758,-3324.263672,1960.082642,1476.189209,-3249.696777,1984.992554,1606.384277,-3303.070068,2616.281006,1567.748413,-3159.672852,,,,,,,,,,,,,,,,,,,,,,,,,,,,,,,,,
1132,11.320000,0.000000,0.000000,0.000000,1.000000,0.000000,0.000000,0.000000,57.698101,20.499701,-14.700500,0.047771,-0.013570,0.015998,-15.666301,-52.738201,18.801300,-93.396698,0.129960,17.611099,-0.235502,-0.503175,-0.669099,0.493620,1978.122803,1521.375854,-3293.404541,1978.140015,1440.066528,-3296.256836,1993.293945,1561.743896,-3324.307129,1958.223999,1476.679565,-3249.984863,1982.833130,1607.013794,-3303.069092,1978.143066,1440.030151,-3296.240479,1993.295532,1561.897705,-3324.350586,1958.213989,1476.714355,-3249.982910,1982.839600,1606.862305,-3303.047119,2616.270020,1567.756348,-3159.668457,,,,,,,,,,,,,,,,,,,,,,,,,,,,,,,,,
1133,11.330000,0.000000,0.000000,0.000000,1.000000,0.000000,0.000000,0.000000,57.698101,20.499701,-14.700500,0.047771,-0.013570,0.015998,-15.666301,-52.738201,18.801300,-93.396698,0.129960,17.611099,-0.236098,-0.500576,-0.670686,0.493823,1975.891846,1521.805298,-3293.474609,1975.646973,1440.510254,-3296.699219,1991.102051,1562.267212,-3324.234619,1955.975708,1476.972290,-3250.204346,1980.842529,1607.471558,-3302.760254,1975.720459,1440.414673,-3296.768066,1991.036743,1562.271729,-3324.235596,1955.928101,1477.116211,-3250.167969,1980.883301,1607.423218,-3302.728516,2616.258301,1567.759521,-3159.685547,,,,,,,,,,,,,,,,,,,,,,,,,,,,,,,,,
1134,11.340000,0.000000,0.000000,0.000000,1.000000,0.000000,0.000000,0.000000,57.698101,20.499701,-14.700500,0.047771,-0.013570,0.015998,-15.666301,-52.738201,18.801300,-93.396698,0.129960,17.611099,-0.237059,-0.497131,-0.673562,0.492928,1973.932739,1522.286499,-3293.608398,1973.140503,1441.016235,-3297.329590,1989.336792,1562.834839,-3324.157715,1953.824097,1477.321899,-3250.564453,1979.429443,1607.973511,-3302.381836,1973.223022,1440.778931,-3297.389404,1989.283447,1562.854126,-3324.222900,1953.756348,1477.427246,-3250.501953,1979.477417,1608.061768,-3302.323242,2616.277588,1567.741211,-3159.688721,,,,,,,,,,,,,,,,,,,,,,,,,,,,,,,,,
1135,11.350000,0.000000,0.000000,0.000000,1.000000,0.000000,0.000000,0.000000,57.698101,20.499701,-14.700500,0.047771,-0.013570,0.015998,-15.666301,-52.738201,18.801300,-93.396698,0.129960,17.611099,-0.239756,-0.490703,-0.677114,0.493198,1971.871216,1522.747559,-3293.715088,1970.323364,1441.527222,-3298.211426,1987.375488,1563.452637,-3324.003906,1951.729858,1477.546753,-3250.934326,1978.056274,1608.463745,-3301.710449,1970.388062,1441.425781,-3298.202148,1987.271729,1563.494995,-3324.023193,1951.680176,1477.562134,-3250.935791,1978.147217,1608.506470,-3301.698975,2616.260986,1567.736938,-3159.706787,,,,,,,,,,,,,,,,,,,,,,,,,,,,,,,,,
1136,11.360000,0.000000,0.000000,0.000000,1.000000,0.000000,0.000000,0.000000,57.698101,20.499701,-14.700500,0.047771,-0.013570,0.015998,-15.666301,-52.738201,18.801300,-93.396698,0.129960,17.611099,-0.240524,-0.486158,-0.680602,0.492524,1969.700195,1523.094116,-3293.808838,1967.545166,1441.928345,-3298.989258,1985.405396,1563.941650,-3323.801270,1949.364502,1477.678589,-3251.348633,1976.485596,1608.828003,-3301.096436,1967.590088,1441.934570,-3298.973145,1985.346924,1564.109375,-3323.858643,1949.299438,1477.614868,-3251.300781,1976.559692,1608.726807,-3301.107910,2616.231201,1567.748169,-3159.745605,,,,,,,,,,,,,,,,,,,,,,,,,,,,,,,,,
1137,11.370000,0.000000,0.000000,0.000000,1.000000,0.000000,0.000000,0.000000,57.698101,20.499701,-14.700500,0.047771,-0.013570,0.015998,-15.666301,-52.738201,18.801300,-93.396698,0.129960,17.611099,-0.242399,-0.481185,-0.682952,0.493234,1967.438354,1523.495117,-3293.821045,1964.793457,1442.384155,-3299.596924,1983.161621,1564.480835,-3323.614502,1947.146362,1477.872803,-3251.561768,1974.651855,1609.242798,-3300.510742,1964.873291,1442.302856,-3299.697754,1983.121216,1564.535156,-3323.661133,1947.079590,1478.030029,-3251.459717,1974.679321,1609.115479,-3300.459961,2616.293701,1567.774658,-3159.756836,,,,,,,,,,,,,,,,,,,,,,,,,,,,,,,,,
1138,11.380000,0.000000,0.000000,0.000000,1.000000,0.000000,0.000000,0.000000,57.698101,20.499701,-14.700500,0.047771,-0.013570,0.015998,-15.666301,-52.738201,18.801300,-93.396698,0.129960,17.611099,-0.244640,-0.475871,-0.684739,0.494803,1965.429810,1524.305786,-3293.858643,1962.377808,1443.252930,-3300.219238,1981.066040,1565.447021,-3323.483154,1945.316162,1478.453979,-3251.763184,1972.959106,1610.069580,-3299.968262,1962.454834,1443.218628,-3300.332275,1981.059814,1565.422363,-3323.592041,1945.238770,1478.564575,-3251.620605,1972.962769,1610.024536,-3299.884521,2616.275391,1567.743774,-3159.762451,,,,,,,,,,,,,,,,,,,,,,,,,,,,,,,,,
1139,11.390000,0.000000,0.000000,0.000000,1.000000,0.000000,0.000000,0.000000,57.698101,20.499701,-14.700500,0.047771,-0.013570,0.015998,-15.666301,-52.738201,18.801300,-93.396698,0.129960,17.611099,-0.247444,-0.470679,-0.685194,0.497737,1963.488281,1525.095459,-3293.942627,1960.227051,1444.088745,-3300.769775,1978.850342,1566.394775,-3323.490723,1943.784912,1479.015381,-3251.902588,1971.090454,1610.883301,-3299.607422,1960.306519,1444.085449,-3300.808105,1978.760620,1566.392700,-3323.522705,1943.725098,1479.069824,-3251.863525,1971.159790,1610.833862,-3299.576416,2616.296387,1567.747437,-3159.774902,,,,,,,,,,,,,,,,,,,,,,,,,,,,,,,,,
1140,11.400000,0.000000,0.000000,0.000000,1.000000,0.000000,0.000000,0.000000,57.698101,20.499701,-14.700500,0.047771,-0.013570,0.015998,-15.666301,-52.738201,18.801300,-93.396698,0.129960,17.611099,-0.249418,-0.466805,-0.684869,0.500838,1961.326294,1525.720459,-3294.026367,1958.062134,1444.743164,-3301.192383,1976.370728,1567.166748,-3323.531982,1942.064941,1479.432739,-3252.009277,1968.807007,1611.539429,-3299.371826,1958.121582,1444.768433,-3301.208008,1976.298340,1567.241333,-3323.550049,1942.023560,1479.493164,-3251.992188,1968.864136,1611.365479,-3299.354248,2616.325684,1567.707520,-3159.783203,,,,,,,,,,,,,,,,,,,,,,,,,,,,,,,,,
1141,11.410000,0.000000,0.000000,0.000000,1.000000,0.000000,0.000000,0.000000,57.698101,20.499701,-14.700500,0.047771,-0.013570,0.015998,-15.666301,-52.738201,18.801300,-93.396698,0.129960,17.611099,-0.250771,-0.463707,-0.684487,0.503554,1959.020508,1526.518311,-3294.031982,1955.805176,1445.565186,-3301.488037,1973.784668,1568.098633,-3323.490723,1940.142212,1480.042603,-3252.049072,1966.349976,1612.367310,-3299.100830,1955.818848,1445.495972,-3301.503906,1973.780396,1568.248047,-3323.513184,1940.126343,1480.111084,-3252.021240,1966.356567,1612.219116,-3299.090088,2616.342285,1567.749146,-3159.811279,,,,,,,,,,,,,,,,,,,,,,,,,,,,,,,,,
1142,11.420000,0.000000,0.000000,0.000000,1.000000,0.000000,0.000000,0.000000,57.698101,20.499701,-14.700500,0.047771,-0.013570,0.015998,-15.666301,-52.738201,18.801300,-93.396698,0.129960,17.611099,-0.251655,-0.462162,-0.683575,0.505768,1956.786865,1527.413452,-3293.933838,1953.722656,1446.464111,-3301.493652,1971.297607,1569.072144,-3323.407715,1938.239624,1480.831177,-3251.921143,1963.887695,1613.286865,-3298.912842,1953.790527,1446.422852,-3301.540039,1971.247925,1569.212036,-3323.489014,1938.140625,1480.768188,-3251.783447,1963.957031,1613.256470,-3298.917969,2616.322754,1567.736816,-3159.824707,,,,,,,,,,,,,,,,,,,,,,,,,,,,,,,,,
1143,11.430000,0.000000,0.000000,0.000000,1.000000,0.000000,0.000000,0.000000,57.698101,20.499701,-14.700500,0.047771,-0.013570,0.015998,-15.666301,-52.738201,18.801300,-93.396698,0.129960,17.611099,-0.252010,-0.460950,-0.682285,0.508433,1954.627319,1528.083618,-3293.813232,1951.850830,1447.133545,-3301.476074,1968.828613,1569.842407,-3323.295898,1936.469849,1481.366821,-3251.779541,1961.359985,1613.991699,-3298.701172,1951.929443,1447.064087,-3301.533447,1968.762695,1569.965210,-3323.368164,1936.388794,1481.417847,-3251.680664,1961.425293,1613.891968,-3298.672363,2616.331787,1567.693726,-3159.823486,,,,,,,,,,,,,,,,,,,,,,,,,,,,,,,,,
1144,11.440000,0.000000,0.000000,0.000000,1.000000,0.000000,0.000000,0.000000,57.698101,20.499701,-14.700500,0.047771,-0.013570,0.015998,-15.666301,-52.738201,18.801300,-93.396698,0.129960,17.611099,-0.252708,-0.459826,-0.680895,0.510961,1952.161743,1528.708130,-3293.679199,1949.641602,1447.754639,-3301.394775,1966.059204,1570.542480,-3323.199707,1934.390625,1481.891235,-3251.591797,1958.555542,1614.644287,-3298.530518,1949.683838,1447.648682,-3301.419922,1966.005127,1570.593506,-3323.208984,1934.368042,1482.014526,-3251.592773,1958.590576,1614.577148,-3298.496338,2616.351562,1567.690796,-3159.820557,,,,,,,,,,,,,,,,,,,,,,,,,,,,,,,,,
1145,11.450000,0.000000,0.000000,0.000000,1.000000,0.000000,0.000000,0.000000,57.698101,20.499701,-14.700500,0.047771,-0.013570,0.015998,-15.666301,-52.738201,18.801300,-93.396698,0.129960,17.611099,-0.253125,-0.459537,-0.681063,0.510791,1949.740112,1529.284912,-3293.471680,1947.139648,1448.334106,-3301.188232,1963.658081,1571.107422,-3322.999268,1931.951538,1482.483276,-3251.374756,1956.210815,1615.215332,-3298.323975,1947.131592,1448.195435,-3301.113281,1963.629761,1571.256592,-3323.012207,1931.941284,1482.419067,-3251.411865,1956.254883,1615.268921,-3298.343750,2616.372314,1567.706665,-3159.822021,,,,,,,,,,,,,,,,,,,,,,,,,,,,,,,,,
1146,11.460000,0.000000,0.000000,0.000000,1.000000,0.000000,0.000000,0.000000,57.698101,20.499701,-14.700500,0.047771,-0.013570,0.015998,-15.666301,-52.738201,18.801300,-93.396698,0.129960,17.611099,-0.252778,-0.460544,-0.680840,0.510352,1947.342773,1529.675415,-3293.251465,1944.793091,1448.712402,-3300.855957,1961.294556,1571.461426,-3322.814697,1929.500244,1482.926392,-3251.118896,1953.783081,1615.601562,-3298.216309,1944.831055,1448.683228,-3300.880127,1961.265869,1571.567505,-3322.858643,1929.463867,1482.988525,-3251.076416,1953.809326,1615.458496,-3298.189209,2616.382080,1567.725830,-3159.825195,,,,,,,,,,,,,,,,,,,,,,,,,,,,,,,,,
1147,11.470000,0.000000,0.000000,0.000000,1.000000,0.000000,0.000000,0.000000,57.698101,20.499701,-14.700500,0.047771,-0.013570,0.015998,-15.666301,-52.738201,18.801300,-93.396698,0.129960,17.611099,-0.251487,-0.461980,-0.680656,0.509937,1944.947144,1529.860474,-3293.027832,1942.548462,1448.885864,-3300.558594,1958.938477,1571.637939,-3322.584473,1927.028564,1483.126709,-3250.910400,1951.272827,1615.791382,-3298.057617,1942.595581,1448.969849,-3300.604004,1958.919312,1571.593018,-3322.639648,1927.002930,1483.231567,-3250.878662,1951.270874,1615.642822,-3297.984131,2616.336670,1567.761963,-3159.819824,,,,,,,,,,,,,,,,,,,,,,,,,,,,,,,,,
1148,11.480000,0.000000,0.000000,0.000000,1.000000,0.000000,0.000000,0.000000,57.698101,20.499701,-14.700500,0.047771,-0.013570,0.015998,-15.666301,-52.738201,18.801300,-93.396698,0.129960,17.611099,-0.251693,-0.462447,-0.681716,0.507993,1942.486206,1530.097168,-3292.876221,1939.808350,1449.125610,-3300.344971,1956.705933,1571.797729,-3322.432373,1924.289185,1483.465576,-3250.765381,1949.141113,1615.999878,-3297.962158,1939.852661,1448.976440,-3300.391846,1956.685669,1571.906372,-3322.507568,1924.212524,1483.406494,-3250.641846,1949.192017,1616.092407,-3297.961914,2616.320801,1567.724854,-3159.817383,,,,,,,,,,,,,,,,,,,,,,,,,,,,,,,,,
1149,11.490000,0.000000,0.000000,0.000000,1.000000,0.000000,0.000000,0.000000,57.698101,20.499701,-14.700500,0.047771,-0.013570,0.015998,-15.666301,-52.738201,18.801300,-93.396698,0.129960,17.611099,-0.252348,-0.462938,-0.682401,0.506297,1940.202637,1530.353271,-3292.661377,1937.263428,1449.379639,-3300.008545,1954.607544,1571.959717,-3322.260498,1921.784912,1483.848755,-3250.505615,1947.154419,1616.225220,-3297.870605,1937.310303,1449.307983,-3300.046387,1954.572754,1572.054443,-3322.310059,1921.733765,1483.885620,-3250.438721,1947.192261,1616.168457,-3297.851318,2616.315186,1567.710938,-3159.791992,,,,,,,,,,,,,,,,,,,,,,,,,,,,,,,,,
1150,11.500000,0.000000,0.000000,0.000000,1.000000,0.000000,0.000000,0.000000,57.698101,20.499701,-14.700500,0.047771,-0.013570,0.015998,-15.666301,-52.738201,18.801300,-93.396698,0.129960,17.611099,-0.253271,-0.463407,-0.682590,0.505152,1937.735474,1530.239136,-3292.481689,1934.606934,1449.258301,-3299.669678,1952.249878,1571.752686,-3322.157715,1919.192017,1483.861938,-3250.240967,1944.892944,1616.083740,-3297.858154,1934.679077,1449.230713,-3299.743408,1952.184082,1571.744507,-3322.171387,1919.150513,1484.030273,-3250.199951,1944.929199,1615.957397,-3297.807373,2616.304443,1567.756226,-3159.774902,,,,,,,,,,,,,,,,,,,,,,,,,,,,,,,,,
1151,11.510000,0.000000,0.000000,0.000000,1.000000,0.000000,0.000000,0.000000,57.698101,20.499701,-14.700500,0.047771,-0.013570,0.015998,-15.666301,-52.738201,18.801300,-93.396698,0.129960,17.611099,-0.252862,-0.464893,-0.683765,0.502395,1935.627808,1530.229370,-3292.287842,1932.227173,1449.247314,-3299.337158,1950.455200,1571.629761,-3321.967041,1916.687500,1484.005005,-3250.055908,1943.141357,1616.035522,-3297.791016,1932.283325,1449.159180,-3299.370361,1950.413330,1571.764526,-3322.043457,1916.620728,1484.030762,-3249.976318,1943.190918,1615.969727,-3297.765137,2616.262939,1567.809326,-3159.786865,,,,,,,,,,,,,,,,,,,,,,,,,,,,,,,,,
1152,11.520000,0.000000,0.000000,0.000000,1.000000,0.000000,0.000000,0.000000,57.698101,20.499701,-14.700500,0.047771,-0.013570,0.015998,-15.666301,-52.738201,18.801300,-93.396698,0.129960,17.611099,-0.253223,-0.465973,-0.684293,0.500491,1933.502075,1530.343018,-3292.146240,1929.882812,1449.355225,-3299.017578,1948.528564,1571.631226,-3321.881836,1914.315674,1484.272095,-3249.857666,1941.281372,1616.114014,-3297.827637,1929.959595,1449.214355,-3299.080566,1948.449707,1571.672485,-3321.906006,1914.256958,1484.378906,-3249.803711,1941.343994,1616.101562,-3297.796387,2616.245850,1567.750000,-3159.774902,,,,,,,,,,,,,,,,,,,,,,,,,,,,,,,,,
1153,11.530000,0.000000,0.000000,0.000000,1.000000,0.000000,0.000000,0.000000,57.698101,20.499701,-14.700500,0.047771,-0.013570,0.015998,-15.666301,-52.738201,18.801300,-93.396698,0.129960,17.611099,-0.253902,-0.466351,-0.684446,0.499584,1931.024170,1530.367188,-3291.916992,1927.258789,1449.375732,-3298.667236,1946.137451,1571.582397,-3321.709717,1911.737549,1484.395630,-3249.565918,1938.963013,1616.114990,-3297.725342,1927.292358,1449.305420,-3298.728516,1946.141357,1571.554199,-3321.783203,1911.716675,1484.541016,-3249.517578,1938.945190,1616.074829,-3297.635254,2616.288330,1567.781128,-3159.717285,,,,,,,,,,,,,,,,,,,,,,,,,,,,,,,,,
1154,11.540000,0.000000,0.000000,0.000000,1.000000,0.000000,0.000000,0.000000,57.698101,20.499701,-14.700500,0.047771,-0.013570,0.015998,-15.666301,-52.738201,18.801300,-93.396698,0.129960,17.611099,-0.253167,-0.467314,-0.685106,0.498150,1928.740601,1530.546997,-3291.645996,1924.882568,1449.556519,-3298.353760,1944.021851,1571.719604,-3321.411865,1909.233398,1484.632935,-3249.333496,1936.824707,1616.279175,-3297.484863,1924.942993,1449.545654,-3298.411377,1944.001587,1571.768311,-3321.506348,1909.153076,1484.619995,-3249.208984,1936.858887,1616.255127,-3297.452881,2616.284912,1567.789185,-3159.706543,,,,,,,,,,,,,,,,,,,,,,,,,,,,,,,,,
1155,11.550000,0.000000,0.000000,0.000000,1.000000,0.000000,0.000000,0.000000,57.698101,20.499701,-14.700500,0.047771,-0.013570,0.015998,-15.666301,-52.738201,18.801300,-93.396698,0.129960,17.611099,-0.254400,-0.466914,-0.685119,0.497878,1926.613159,1530.588623,-3291.483398,1922.601929,1449.599609,-3298.118652,1941.911743,1571.710571,-3321.310303,1907.103394,1484.742798,-3249.098389,1934.835815,1616.301880,-3297.406250,1922.647339,1449.529419,-3298.151611,1941.864746,1571.786987,-3321.330322,1907.054199,1484.753662,-3249.041504,1934.885498,1616.285156,-3297.410889,2616.250977,1567.770264,-3159.707031,,,,,,,,,,,,,,,,,,,,,,,,,,,,,,,,,
1156,11.560000,0.000000,0.000000,0.000000,1.000000,0.000000,0.000000,0.000000,57.698101,20.499701,-14.700500,0.047771,-0.013570,0.015998,-15.666301,-52.738201,18.801300,-93.396698,0.129960,17.611099,-0.254586,-0.467116,-0.685170,0.497525,1924.212158,1530.482910,-3291.227783,1920.153809,1449.492310,-3297.815918,1939.544556,1571.577881,-3321.074463,1904.661987,1484.673950,-3248.821289,1932.488403,1616.187622,-3297.198975,1920.229736,1449.413086,-3297.797852,1939.426392,1571.648315,-3321.117188,1904.609619,1484.743774,-3248.843994,1932.581665,1616.126953,-3297.152588,2616.237793,1567.781616,-3159.706543,,,,,,,,,,,,,,,,,,,,,,,,,,,,,,,,,
1157,11.570000,0.000000,0.000000,0.000000,1.000000,0.000000,0.000000,0.000000,57.698101,20.499701,-14.700500,0.047771,-0.013570,0.015998,-15.666301,-52.738201,18.801300,-93.396698,0.129960,17.611099,-0.253954,-0.468533,-0.685114,0.496592,1922.000854,1530.694824,-3291.009277,1917.970093,1449.691895,-3297.460938,1937.422729,1571.736206,-3320.883545,1902.322266,1484.962280,-3248.579834,1930.288452,1616.389160,-3297.112549,1918.030762,1449.714600,-3297.541992,1937.393433,1571.738647,-3320.913330,1902.275879,1485.055420,-3248.497803,1930.304077,1616.270752,-3297.080078,2616.239746,1567.759888,-3159.694092,,,,,,,,,,,,,,,,,,,,,,,,,,,,,,,,,
1158,11.580000,0.000000,0.000000,0.000000,1.000000,0.000000,0.000000,0.000000,57.698101,20.499701,-14.700500,0.047771,-0.013570,0.015998,-15.666301,-52.738201,18.801300,-93.396698,0.129960,17.611099,-0.255672,-0.467646,-0.684684,0.497140,1919.837891,1530.994629,-3290.818359,1915.710205,1449.991455,-3297.204346,1935.177368,1572.004028,-3320.779053,1900.287598,1485.305542,-3248.282959,1928.176636,1616.677856,-3297.007324,1915.778442,1449.968872,-3297.260498,1935.119141,1571.933716,-3320.836426,1900.242432,1485.409668,-3248.241943,1928.209473,1616.667847,-3296.935791,2616.270996,1567.761597,-3159.677979,,,,,,,,,,,,,,,,,,,,,,,,,,,,,,,,,
1159,11.590000,0.000000,0.000000,0.000000,1.000000,0.000000,0.000000,0.000000,57.698101,20.499701,-14.700500,0.047771,-0.013570,0.015998,-15.666301,-52.738201,18.801300,-93.396698,0.129960,17.611099,-0.256074,-0.467482,-0.684709,0.497051,1917.425171,1531.038940,-3290.590332,1913.244385,1450.036987,-3296.957764,1932.770874,1572.033325,-3320.568359,1897.873413,1485.369995,-3248.033691,1925.811890,1616.715942,-3296.801025,1913.283691,1449.931519,-3296.948486,1932.709839,1572.118896,-3320.596436,1897.820557,1485.321777,-3248.002441,1925.887451,1616.784668,-3296.813721,2616.236084,1567.759399,-3159.701172,,,,,,,,,,,,,,,,,,,,,,,,,,,,,,,,,
1160,11.600000,0.000000,0.000000,0.000000,1.000000,0.000000,0.000000,0.000000,57.698101,20.499701,-14.700500,0.047771,-0.013570,0.015998,-15.666301,-52.738201,18.801300,-93.396698,0.129960,17.611099,-0.255304,-0.468326,-0.684256,0.497276,1915.287231,1531.227051,-3290.446777,1911.270386,1450.212769,-3296.763428,1930.598145,1572.229492,-3320.431152,1895.760986,1485.550537,-3247.886719,1923.519531,1616.915405,-3296.705566,1911.322754,1450.215088,-3296.811035,1930.599976,1572.397217,-3320.555908,1895.668701,1485.502563,-3247.731445,1923.550537,1616.803223,-3296.687500,2616.288574,1567.751831,-3159.711670,,,,,,,,,,,,,,,,,,,,,,,,,,,,,,,,,
1161,11.610000,0.000000,0.000000,0.000000,1.000000,0.000000,0.000000,0.000000,57.698101,20.499701,-14.700500,0.047771,-0.013570,0.015998,-15.666301,-52.738201,18.801300,-93.396698,0.129960,17.611099,-0.256163,-0.468675,-0.684138,0.496668,1913.307007,1531.440552,-3290.378174,1909.179443,1450.420776,-3296.551514,1928.663086,1572.369873,-3320.439453,1893.733154,1485.864868,-3247.731689,1921.651978,1617.106689,-3296.789551,1909.228882,1450.259888,-3296.625244,1928.659424,1572.513428,-3320.536865,1893.670166,1485.960449,-3247.616455,1921.668823,1617.031372,-3296.739014,2616.250488,1567.736084,-3159.725586,,,,,,,,,,,,,,,,,,,,,,,,,,,,,,,,,
1162,11.620000,0.000000,0.000000,0.000000,1.000000,0.000000,0.000000,0.000000,57.698101,20.499701,-14.700500,0.047771,-0.013570,0.015998,-15.666301,-52.738201,18.801300,-93.396698,0.129960,17.611099,-0.258193,-0.467298,-0.683913,0.497224,1910.982910,1531.511719,-3290.347168,1906.694580,1450.498413,-3296.495605,1926.261841,1572.414429,-3320.483887,1891.539185,1485.970215,-3247.604736,1919.436279,1617.163940,-3296.803711,1906.797485,1450.444946,-3296.604736,1926.169067,1572.362793,-3320.510742,1891.465576,1486.103027,-3247.514404,1919.498047,1617.141724,-3296.759521,2616.243896,1567.756348,-3159.747803,,,,,,,,,,,,,,,,,,,,,,,,,,,,,,,,,
1163,11.630000,0.000000,0.000000,0.000000,1.000000,0.000000,0.000000,0.000000,57.698101,20.499701,-14.700500,0.047771,-0.013570,0.015998,-15.666301,-52.738201,18.801300,-93.396698,0.129960,17.611099,-0.257690,-0.467624,-0.683816,0.497313,1908.769165,1531.701904,-3290.291260,1904.555420,1450.685059,-3296.444336,1924.039307,1572.618042,-3320.414307,1889.326904,1486.143433,-3247.566650,1917.154785,1617.361450,-3296.739746,1904.632202,1450.797241,-3296.555420,1924.044922,1572.657959,-3320.521240,1889.228271,1486.121826,-3247.364746,1917.166992,1617.233276,-3296.711670,2616.284424,1567.783325,-3159.765137,,,,,,,,,,,,,,,,,,,,,,,,,,,,,,,,,
1164,11.640000,0.000000,0.000000,0.000000,1.000000,0.000000,0.000000,0.000000,57.698101,20.499701,-14.700500,0.047771,-0.013570,0.015998,-15.666301,-52.738201,18.801300,-93.396698,0.129960,17.611099,-0.259129,-0.466416,-0.683327,0.498369,1906.807739,1531.842651,-3290.441162,1902.563965,1450.828003,-3296.600586,1921.946533,1572.767456,-3320.618896,1887.552368,1486.271851,-3247.645264,1915.168213,1617.503906,-3296.900391,1902.653198,1450.861694,-3296.652344,1921.866333,1572.802979,-3320.675049,1887.454224,1486.223999,-3247.531982,1915.252075,1617.480713,-3296.900391,2616.298340,1567.754028,-3159.768799,,,,,,,,,,,,,,,,,,,,,,,,,,,,,,,,,
1165,11.650000,0.000000,0.000000,0.000000,1.000000,0.000000,0.000000,0.000000,57.698101,20.499701,-14.700500,0.047771,-0.013570,0.015998,-15.666301,-52.738201,18.801300,-93.396698,0.129960,17.611099,-0.262667,-0.463633,-0.683542,0.498821,1904.780884,1531.770020,-3290.609131,1900.136597,1450.778809,-3296.790771,1919.857910,1572.650757,-3320.876953,1885.667236,1486.251831,-3247.693604,1913.461792,1617.398682,-3297.074707,1900.140137,1450.554443,-3296.773193,1919.820557,1572.729126,-3320.868652,1885.662842,1486.302612,-3247.721191,1913.500488,1617.469360,-3297.071045,2616.301514,1567.737671,-3159.782715,,,,,,,,,,,,,,,,,,,,,,,,,,,,,,,,,
1166,11.660000,0.000000,0.000000,0.000000,1.000000,0.000000,0.000000,0.000000,57.698101,20.499701,-14.700500,0.047771,-0.013570,0.015998,-15.666301,-52.738201,18.801300,-93.396698,0.129960,17.611099,-0.262270,-0.464694,-0.683312,0.498356,1902.648438,1531.641968,-3290.903809,1898.057983,1450.639282,-3296.971680,1917.762085,1572.484741,-3321.204834,1883.476318,1486.178711,-3247.956055,1911.297363,1617.265381,-3297.482422,1898.133789,1450.559692,-3296.993652,1917.667725,1572.576416,-3321.244629,1883.410522,1486.224731,-3247.916504,1911.380493,1617.208618,-3297.461426,2616.328125,1567.737427,-3159.802490,,,,,,,,,,,,,,,,,,,,,,,,,,,,,,,,,
1167,11.670000,0.000000,0.000000,0.000000,1.000000,0.000000,0.000000,0.000000,57.698101,20.499701,-14.700500,0.047771,-0.013570,0.015998,-15.666301,-52.738201,18.801300,-93.396698,0.129960,17.611099,-0.262838,-0.465011,-0.683284,0.497799,1900.682495,1531.677979,-3291.183594,1896.003540,1450.672363,-3297.145020,1915.842041,1572.464233,-3321.537598,1881.458740,1486.292358,-3248.176758,1909.425415,1617.283081,-3297.874512,1896.057251,1450.743408,-3297.276855,1915.876343,1572.470215,-3321.629639,1881.399048,1486.371338,-3247.998047,1909.392822,1617.128784,-3297.818115,2616.307617,1567.751709,-3159.829102,,,,,,,,,,,,,,,,,,,,,,,,,,,,,,,,,
1168,11.680000,0.000000,0.000000,0.000000,1.000000,0.000000,0.000000,0.000000,57.698101,20.499701,-14.700500,0.047771,-0.013570,0.015998,-15.666301,-52.738201,18.801300,-93.396698,0.129960,17.611099,-0.265808,-0.463209,-0.682887,0.498447,1898.724976,1531.668213,-3291.631104,1893.809937,1450.671021,-3297.518555,1913.780884,1572.401855,-3322.107422,1879.678467,1486.351562,-3248.473145,1907.630859,1617.248413,-3298.425781,1893.895508,1450.675537,-3297.625977,1913.738647,1572.356079,-3322.193359,1879.604614,1486.446899,-3248.345947,1907.659180,1617.200684,-3298.355957,2616.300293,1567.757935,-3159.852539,,,,,,,,,,,,,,,,,,,,,,,,,,,,,,,,,
1169,11.690000,0.000000,0.000000,0.000000,1.000000,0.000000,0.000000,0.000000,57.698101,20.499701,-14.700500,0.047771,-0.013570,0.015998,-15.666301,-52.738201,18.801300,-93.396698,0.129960,17.611099,-0.268855,-0.461513,-0.682446,0.498988,1896.738281,1531.487915,-3292.041260,1891.578613,1450.498779,-3297.827148,1911.696533,1572.157715,-3322.650391,1877.861084,1486.255981,-3248.720215,1905.816772,1617.039429,-3298.967041,1891.604492,1450.309692,-3297.845947,1911.631836,1572.196167,-3322.606445,1877.842529,1486.298340,-3248.722412,1905.878784,1617.133179,-3298.993408,2616.356201,1567.761841,-3159.839844,,,,,,,,,,,,,,,,,,,,,,,,,,,,,,,,,
1170,11.700000,0.000000,0.000000,0.000000,1.000000,0.000000,0.000000,0.000000,57.698101,20.499701,-14.700500,0.047771,-0.013570,0.015998,-15.666301,-52.738201,18.801300,-93.396698,0.129960,17.611099,-0.267543,-0.462700,-0.682529,0.498481,1894.807373,1531.234985,-3292.488525,1889.754639,1450.237427,-3298.251221,1909.828613,1571.905396,-3323.066162,1875.827759,1486.004761,-3249.210693,1903.818115,1616.792725,-3299.426025,1889.824829,1450.216553,-3298.270020,1909.764404,1572.013672,-3323.157715,1875.727295,1485.917603,-3249.099121,1903.901245,1616.792603,-3299.423828,2616.329346,1567.764893,-3159.845947,,,,,,,,,,,,,,,,,,,,,,,,,,,,,,,,,
1171,11.710000,0.000000,0.000000,0.000000,1.000000,0.000000,0.000000,0.000000,57.698101,20.499701,-14.700500,0.047771,-0.013570,0.015998,-15.666301,-52.738201,18.801300,-93.396698,0.129960,17.611099,-0.268269,-0.463339,-0.681948,0.498293,1892.970215,1530.938477,-3292.953613,1887.914185,1449.928223,-3298.532715,1907.976807,1571.540405,-3323.629639,1874.011597,1485.805298,-3249.565674,1901.978149,1616.480469,-3300.086914,1887.967163,1449.964722,-3298.601318,1907.977661,1571.641724,-3323.724854,1873.926880,1485.754761,-3249.398438,1902.002441,1616.393188,-3300.081055,2616.333008,1567.751099,-3159.838623,,,,,,,,,,,,,,,,,,,,,,,,,,,,,,,,,
1172,11.720000,0.000000,0.000000,0.000000,1.000000,0.000000,0.000000,0.000000,57.698101,20.499701,-14.700500,0.047771,-0.013570,0.015998,-15.666301,-52.738201,18.801300,-93.396698,0.129960,17.611099,-0.271318,-0.461604,-0.682384,0.497656,1891.154419,1530.647705,-3293.458252,1885.660522,1449.660889,-3298.961182,1906.210693,1571.154785,-3324.234619,1872.187744,1485.636963,-3249.946533,1900.558716,1616.138672,-3300.690186,1885.652466,1449.411377,-3299.000244,1906.237305,1571.269775,-3324.286865,1872.173218,1485.706909,-3249.889893,1900.554565,1616.174927,-3300.663574,2616.337646,1567.751587,-3159.842041,,,,,,,,,,,,,,,,,,,,,,,,,,,,,,,,,
1173,11.730000,0.000000,0.000000,0.000000,1.000000,0.000000,0.000000,0.000000,57.698101,20.499701,-14.700500,0.047771,-0.013570,0.015998,-15.666301,-52.738201,18.801300,-93.396698,0.129960,17.611099,-0.273091,-0.461393,-0.682187,0.497151,1889.294312,1530.277222,-3293.904297,1883.606323,1449.292480,-3299.238037,1904.371216,1570.690918,-3324.793457,1870.325684,1485.393188,-3250.262695,1898.873657,1615.732788,-3301.322998,1883.734375,1449.215088,-3299.273193,1904.160645,1570.660645,-3324.764893,1870.245483,1485.477783,-3250.264648,1899.030518,1615.752075,-3301.312256,2616.319824,1567.744873,-3159.818359,,,,,,,,,,,,,,,,,,,,,,,,,,,,,,,,,
1174,11.740000,0.000000,0.000000,0.000000,1.000000,0.000000,0.000000,0.000000,57.698101,20.499701,-14.700500,0.047771,-0.013570,0.015998,-15.666301,-52.738201,18.801300,-93.396698,0.129960,17.611099,-0.272381,-0.462279,-0.683027,0.495561,1887.413818,1529.852905,-3294.337158,1881.594971,1448.875610,-3299.644531,1902.682739,1570.219849,-3325.192871,1868.197021,1485.030396,-3250.740967,1897.180664,1615.285889,-3301.770508,1881.734375,1448.955688,-3299.730957,1902.555054,1570.214722,-3325.259277,1868.069946,1485.012939,-3250.601807,1897.294434,1615.230957,-3301.754639,2616.280029,1567.728271,-3159.818604,,,,,,,,,,,,,,,,,,,,,,,,,,,,,,,,,
1175,11.750000,0.000000,0.000000,0.000000,1.000000,0.000000,0.000000,0.000000,57.698101,20.499701,-14.700500,0.047771,-0.013570,0.015998,-15.666301,-52.738201,18.801300,-93.396698,0.129960,17.611099,-0.273402,-0.462209,-0.682977,0.495132,1885.715454,1529.458496,-3294.835449,1879.767822,1448.483887,-3300.039307,1901.011841,1569.765381,-3325.756104,1866.478271,1484.717529,-3251.164551,1895.604004,1614.867676,-3302.381348,1879.791626,1448.540161,-3300.128662,1901.096069,1569.848877,-3325.912109,1866.436157,1484.784790,-3251.001953,1895.534302,1614.646851,-3302.290039,2616.289795,1567.703247,-3159.801758,,,,,,,,,,,,,,,,,,,,,,,,,,,,,,,,,
1176,11.760000,0.000000,0.000000,0.000000,1.000000,0.000000,0.000000,0.000000,57.698101,20.499701,-14.700500,0.047771,-0.013570,0.015998,-15.666301,-52.738201,18.801300,-93.396698,0.129960,17.611099,-0.276819,-0.459216,-0.683523,0.495266,1884.040771,1529.077393,-3295.320068,1877.636841,1448.141357,-3300.582031,1899.313965,1569.345093,-3326.302979,1864.899048,1484.379150,-3251.563477,1894.313110,1614.444214,-3302.831543,1877.606934,1448.053955,-3300.619141,1899.388550,1569.418945,-3326.349854,1864.929932,1484.523071,-3251.538818,1894.235474,1614.313843,-3302.769043,2616.298096,1567.732910,-3159.782227,,,,,,,,,,,,,,,,,,,,,,,,,,,,,,,,,
1177,11.770000,0.000000,0.000000,0.000000,1.000000,0.000000,0.000000,0.000000,57.698101,20.499701,-14.700500,0.047771,-0.013570,0.015998,-15.666301,-52.738201,18.801300,-93.396698,0.129960,17.611099,-0.278168,-0.458338,-0.683304,0.495625,1882.391846,1528.701904,-3295.771973,1875.889038,1447.771729,-3301.002197,1897.607788,1568.949829,-3326.808838,1863.343262,1484.029175,-3251.948730,1892.727173,1614.057129,-3303.328369,1875.997314,1447.831421,-3301.061035,1897.480225,1568.906128,-3326.821045,1863.274902,1484.091187,-3251.905518,1892.815796,1613.977661,-3303.302734,2616.321289,1567.771973,-3159.757812,,,,,,,,,,,,,,,,,,,,,,,,,,,,,,,,,
1178,11.780000,0.000000,0.000000,0.000000,1.000000,0.000000,0.000000,0.000000,57.698101,20.499701,-14.700500,0.047771,-0.013570,0.015998,-15.666301,-52.738201,18.801300,-93.396698,0.129960,17.611099,-0.276829,-0.459147,-0.683557,0.495277,1880.763306,1528.418701,-3296.203857,1874.353760,1447.483643,-3301.475098,1896.036865,1568.689087,-3327.183350,1861.621826,1483.716309,-3252.451172,1891.040649,1613.785767,-3303.705811,1874.536987,1447.578857,-3301.571045,1895.849121,1568.726562,-3327.243164,1861.445679,1483.647339,-3252.271240,1891.216064,1613.721680,-3303.724365,2616.275879,1567.730591,-3159.739990,,,,,,,,,,,,,,,,,,,,,,,,,,,,,,,,,
1179,11.790000,0.000000,0.000000,0.000000,1.000000,0.000000,0.000000,0.000000,57.698101,20.499701,-14.700500,0.047771,-0.013570,0.015998,-15.666301,-52.738201,18.801300,-93.396698,0.129960,17.611099,-0.278941,-0.457599,-0.682598,0.496846,1879.014893,1528.099121,-3296.681152,1872.595825,1447.162354,-3301.912354,1894.078003,1568.374512,-3327.756836,1860.166748,1483.390747,-3252.807617,1889.218628,1613.469360,-3304.247559,1872.645508,1447.110840,-3301.982422,1894.083008,1568.514160,-3327.887451,1860.080322,1483.373657,-3252.632568,1889.243774,1613.409180,-3304.219238,2616.276855,1567.751587,-3159.718506,,,,,,,,,,,,,,,,,,,,,,,,,,,,,,,,,
1180,11.800000,0.000000,0.000000,0.000000,1.000000,0.000000,0.000000,0.000000,57.698101,20.499701,-14.700500,0.047771,-0.013570,0.015998,-15.666301,-52.738201,18.801300,-93.396698,0.129960,17.611099,-0.280992,-0.455752,-0.682120,0.498042,1877.409424,1527.898682,-3297.170166,1870.894287,1446.970703,-3302.420166,1892.318237,1568.184204,-3328.307129,1858.789062,1483.173828,-3253.216309,1887.636230,1613.266113,-3304.737061,1870.850586,1446.773071,-3302.427002,1892.393555,1568.350586,-3328.368164,1858.793701,1483.202637,-3253.171143,1887.603760,1613.263428,-3304.722168,2616.271484,1567.742065,-3159.707031,,,,,,,,,,,,,,,,,,,,,,,,,,,,,,,,,
1181,11.810000,0.000000,0.000000,0.000000,1.000000,0.000000,0.000000,0.000000,57.698101,20.499701,-14.700500,0.047771,-0.013570,0.015998,-15.666301,-52.738201,18.801300,-93.396698,0.129960,17.611099,-0.282836,-0.454666,-0.680966,0.499567,1875.842041,1527.674194,-3297.748291,1869.373535,1446.737305,-3302.917236,1890.537354,1567.956543,-3328.990723,1857.511719,1482.956177,-3253.665771,1885.945679,1613.046997,-3305.419434,1869.414185,1446.552979,-3302.921143,1890.460327,1567.959595,-3329.000488,1857.488647,1483.047241,-3253.690430,1886.009644,1613.124268,-3305.381104,2616.267822,1567.748657,-3159.692627,,,,,,,,,,,,,,,,,,,,,,,,,,,,,,,,,
1182,11.820000,0.000000,0.000000,0.000000,1.000000,0.000000,0.000000,0.000000,57.698101,20.499701,-14.700500,0.047771,-0.013570,0.015998,-15.666301,-52.738201,18.801300,-93.396698,0.129960,17.611099,-0.283924,-0.453710,-0.680575,0.500351,1874.207520,1527.417725,-3298.317871,1867.715698,1446.482910,-3303.489746,1888.800293,1567.708496,-3329.597412,1856.022705,1482.687744,-3254.187256,1884.291260,1612.792236,-3305.997070,1867.843140,1446.447388,-3303.568604,1888.629150,1567.694946,-3329.588135,1855.923950,1482.725220,-3254.107666,1884.431396,1612.802368,-3306.008057,2616.251465,1567.774902,-3159.683838,,,,,,,,,,,,,,,,,,,,,,,,,,,,,,,,,
1183,11.830000,0.000000,0.000000,0.000000,1.000000,0.000000,0.000000,0.000000,57.698101,20.499701,-14.700500,0.047771,-0.013570,0.015998,-15.666301,-52.738201,18.801300,-93.396698,0.129960,17.611099,-0.283425,-0.454696,-0.680419,0.499952,1872.553101,1527.212769,-3298.943115,1866.121948,1446.267578,-3304.029297,1887.181396,1567.474731,-3330.243164,1854.310669,1482.524780,-3254.793701,1882.598511,1612.584106,-3306.706299,1866.215942,1446.352905,-3304.103027,1887.135132,1567.595337,-3330.368164,1854.182007,1482.427002,-3254.582764,1882.665649,1612.472290,-3306.702148,2616.262451,1567.736328,-3159.689209,,,,,,,,,,,,,,,,,,,,,,,,,,,,,,,,,
1184,11.840000,0.000000,0.000000,0.000000,1.000000,0.000000,0.000000,0.000000,57.698101,20.499701,-14.700500,0.047771,-0.013570,0.015998,-15.666301,-52.738201,18.801300,-93.396698,0.129960,17.611099,-0.284731,-0.453995,-0.679591,0.500972,1870.929932,1526.936157,-3299.571533,1864.530273,1445.984375,-3304.590332,1885.411377,1567.190918,-3330.949219,1852.886963,1482.260010,-3255.328125,1880.891235,1612.309692,-3307.418457,1864.566772,1446.039795,-3304.724365,1885.492310,1567.301270,-3331.116455,1852.805542,1482.242065,-3255.050293,1880.851440,1612.166016,-3307.376465,2616.246582,1567.752075,-3159.678467,,,,,,,,,,,,,,,,,,,,,,,,,,,,,,,,,
1185,11.850000,0.000000,0.000000,0.000000,1.000000,0.000000,0.000000,0.000000,57.698101,20.499701,-14.700500,0.047771,-0.013570,0.015998,-15.666301,-52.738201,18.801300,-93.396698,0.129960,17.611099,-0.286920,-0.452218,-0.679032,0.502087,1869.380981,1526.729858,-3300.208252,1862.875977,1445.785645,-3305.215820,1883.708374,1566.982178,-3331.659668,1851.566162,1482.054810,-3255.871582,1879.373169,1612.096924,-3308.086182,1862.923340,1445.739990,-3305.282471,1883.697388,1567.036133,-3331.765137,1851.514771,1482.126953,-3255.764648,1879.386475,1612.019897,-3308.019531,2616.260010,1567.738647,-3159.695557,,,,,,,,,,,,,,,,,,,,,,,,,,,,,,,,,
1186,11.860000,0.000000,0.000000,0.000000,1.000000,0.000000,0.000000,0.000000,57.698101,20.499701,-14.700500,0.047771,-0.013570,0.015998,-15.666301,-52.738201,18.801300,-93.396698,0.129960,17.611099,-0.288883,-0.450609,-0.677890,0.503948,1867.864990,1526.579590,-3300.878906,1861.406006,1445.630371,-3305.863770,1881.944580,1566.853638,-3332.414307,1850.387695,1481.876343,-3256.436523,1877.721558,1611.958374,-3308.801270,1861.489624,1445.615356,-3305.935791,1881.853882,1566.857300,-3332.435791,1850.329712,1481.972534,-3256.373535,1877.786865,1611.874512,-3308.769775,2616.249268,1567.722046,-3159.699707,,,,,,,,,,,,,,,,,,,,,,,,,,,,,,,,,
1187,11.870000,0.000000,0.000000,0.000000,1.000000,0.000000,0.000000,0.000000,57.698101,20.499701,-14.700500,0.047771,-0.013570,0.015998,-15.666301,-52.738201,18.801300,-93.396698,0.129960,17.611099,-0.288456,-0.450597,-0.677590,0.504607,1866.430786,1526.415283,-3301.475342,1860.098145,1445.458740,-3306.503906,1880.440552,1566.729004,-3332.990967,1849.032837,1481.659668,-3257.054443,1876.151489,1611.813843,-3309.351807,1860.176758,1445.413696,-3306.530273,1880.333984,1566.738892,-3333.019775,1848.973145,1481.704712,-3257.026611,1876.238159,1611.803711,-3309.325195,2616.283203,1567.782959,-3159.707520,,,,,,,,,,,,,,,,,,,,,,,,,,,,,,,,,
1188,11.880000,0.000000,0.000000,0.000000,1.000000,0.000000,0.000000,0.000000,57.698101,20.499701,-14.700500,0.047771,-0.013570,0.015998,-15.666301,-52.738201,18.801300,-93.396698,0.129960,17.611099,-0.287245,-0.451619,-0.677155,0.504968,1864.878174,1526.122925,-3302.040039,1858.767212,1445.148438,-3307.053711,1878.848877,1566.462158,-3333.540527,1847.503906,1481.337524,-3257.639893,1874.392578,1611.543823,-3309.926270,1858.868042,1445.130859,-3307.135986,1878.761230,1566.554565,-3333.620605,1847.398193,1481.348755,-3257.488770,1874.479126,1611.460693,-3309.910400,2616.261963,1567.759155,-3159.748779,,,,,,,,,,,,,,,,,,,,,,,,,,,,,,,,,
1189,11.890000,0.000000,0.000000,0.000000,1.000000,0.000000,0.000000,0.000000,57.698101,20.499701,-14.700500,0.047771,-0.013570,0.015998,-15.666301,-52.738201,18.801300,-93.396698,0.129960,17.611099,-0.286204,-0.452314,-0.677782,0.504094,1863.311157,1525.788330,-3302.535645,1857.177979,1444.817627,-3307.583252,1877.403809,1566.126343,-3333.982910,1845.770874,1481.003418,-3258.200195,1872.892090,1611.206055,-3310.375488,1857.248169,1444.770752,-3307.665771,1877.388794,1566.295532,-3334.152344,1845.648071,1480.937012,-3257.961426,1872.941406,1611.160034,-3310.351074,2616.233887,1567.710205,-3159.759277,,,,,,,,,,,,,,,,,,,,,,,,,,,,,,,,,
1190,11.900000,0.000000,0.000000,0.000000,1.000000,0.000000,0.000000,0.000000,57.698101,20.499701,-14.700500,0.047771,-0.013570,0.015998,-15.666301,-52.738201,18.801300,-93.396698,0.129960,17.611099,-0.288528,-0.450464,-0.677504,0.504799,1861.872803,1525.510742,-3303.126709,1855.554443,1444.553711,-3308.164062,1875.860107,1565.831787,-3334.643066,1844.504272,1480.745483,-3258.704102,1871.572388,1610.912476,-3310.995850,1855.580444,1444.317139,-3308.232666,1875.872925,1565.999268,-3334.770996,1844.425171,1480.702759,-3258.522705,1871.609985,1611.007935,-3310.984619,2616.303711,1567.742554,-3159.776123,,,,,,,,,,,,,,,,,,,,,,,,,,,,,,,,,
1191,11.910000,0.000000,0.000000,0.000000,1.000000,0.000000,0.000000,0.000000,57.698101,20.499701,-14.700500,0.047771,-0.013570,0.015998,-15.666301,-52.738201,18.801300,-93.396698,0.129960,17.611099,-0.289359,-0.449399,-0.677175,0.505714,1860.500977,1525.327393,-3303.714355,1854.183228,1444.373291,-3308.798828,1874.378418,1565.677612,-3335.241699,1843.284668,1480.521484,-3259.273193,1870.157471,1610.737671,-3311.542969,1854.293091,1444.211304,-3308.835938,1874.206543,1565.692749,-3335.237793,1843.193604,1480.527832,-3259.227783,1870.323730,1610.879028,-3311.559326,2616.313477,1567.751587,-3159.785645,,,,,,,,,,,,,,,,,,,,,,,,,,,,,,,,,
1192,11.920000,0.000000,0.000000,0.000000,1.000000,0.000000,0.000000,0.000000,57.698101,20.499701,-14.700500,0.047771,-0.013570,0.015998,-15.666301,-52.738201,18.801300,-93.396698,0.129960,17.611099,-0.290314,-0.448138,-0.676842,0.506730,1859.123779,1525.158691,-3304.313477,1852.797485,1444.208984,-3309.458252,1872.880493,1565.543213,-3335.850098,1842.076294,1480.304565,-3259.855713,1868.741089,1610.578125,-3312.089355,1852.895630,1444.161255,-3309.515869,1872.740479,1565.507202,-3335.843506,1842.009399,1480.374390,-3259.819092,1868.846924,1610.589722,-3312.075684,2616.298340,1567.741821,-3159.802002,,,,,,,,,,,,,,,,,,,,,,,,,,,,,,,,,
1193,11.930000,0.000000,0.000000,0.000000,1.000000,0.000000,0.000000,0.000000,57.698101,20.499701,-14.700500,0.047771,-0.013570,0.015998,-15.666301,-52.738201,18.801300,-93.396698,0.129960,17.611099,-0.289016,-0.448679,-0.676995,0.506788,1857.699219,1524.992920,-3304.842773,1851.498535,1444.038330,-3310.063232,1871.473022,1565.420532,-3336.316650,1840.610718,1480.081543,-3260.458984,1867.214966,1610.431641,-3312.531982,1851.505981,1444.124023,-3310.099121,1871.500977,1565.426147,-3336.353760,1840.613159,1480.140015,-3260.424316,1867.172852,1610.269897,-3312.489014,2616.322510,1567.723022,-3159.823975,,,,,,,,,,,,,,,,,,,,,,,,,,,,,,,,,
1194,11.940000,0.000000,0.000000,0.000000,1.000000,0.000000,0.000000,0.000000,57.698101,20.499701,-14.700500,0.047771,-0.013570,0.015998,-15.666301,-52.738201,18.801300,-93.396698,0.129960,17.611099,-0.288007,-0.449107,-0.677018,0.506954,1856.161987,1524.801880,-3305.352051,1850.079468,1443.841919,-3310.627930,1869.933350,1565.265625,-3336.780273,1839.060303,1479.842407,-3261.021973,1865.574707,1610.257568,-3312.977539,1850.123535,1443.999756,-3310.721436,1869.973633,1565.280884,-3336.916016,1839.007690,1479.838135,-3260.854736,1865.542114,1610.088989,-3312.913086,2616.342529,1567.726562,-3159.830078,,,,,,,,,,,,,,,,,,,,,,,,,,,,,,,,,
1195,11.950000,0.000000,0.000000,0.000000,1.000000,0.000000,0.000000,0.000000,57.698101,20.499701,-14.700500,0.047771,-0.013570,0.015998,-15.666301,-52.738201,18.801300,-93.396698,0.129960,17.611099,-0.287859,-0.448820,-0.676956,0.507374,1854.719360,1524.757812,-3305.802734,1848.682739,1443.798218,-3311.134521,1868.450684,1565.252686,-3337.208740,1837.667114,1479.756104,-3261.496582,1864.077026,1610.224854,-3313.371094,1848.790405,1443.876831,-3311.229248,1868.384399,1565.312866,-3337.336182,1837.536133,1479.679810,-3261.277100,1864.153198,1610.159790,-3313.352051,2616.340576,1567.777466,-3159.835449,,,,,,,,,,,,,,,,,,,,,,,,,,,,,,,,,
1196,11.960000,0.000000,0.000000,0.000000,1.000000,0.000000,0.000000,0.000000,57.698101,20.499701,-14.700500,0.047771,-0.013570,0.015998,-15.666301,-52.738201,18.801300,-93.396698,0.129960,17.611099,-0.289061,-0.447472,-0.676390,0.508633,1853.257080,1524.706543,-3306.344238,1847.230957,1443.748657,-3311.715576,1866.831299,1565.233032,-3337.777588,1836.421143,1479.661255,-3261.999512,1862.544922,1610.183716,-3313.884033,1847.348999,1443.665527,-3311.806641,1866.697021,1565.298096,-3337.817871,1836.307739,1479.677124,-3261.861084,1862.670776,1610.185791,-3313.888916,2616.336182,1567.729736,-3159.844971,,,,,,,,,,,,,,,,,,,,,,,,,,,,,,,,,
1197,11.970000,0.000000,0.000000,0.000000,1.000000,0.000000,0.000000,0.000000,57.698101,20.499701,-14.700500,0.047771,-0.013570,0.015998,-15.666301,-52.738201,18.801300,-93.396698,0.129960,17.611099,-0.289568,-0.447019,-0.675726,0.509626,1851.985596,1524.681396,-3306.855957,1846.051758,1443.716187,-3312.218994,1865.430908,1565.227905,-3338.318848,1835.315552,1479.610962,-3262.474365,1861.143799,1610.171143,-3314.411377,1846.107788,1443.507202,-3312.256104,1865.344238,1565.320435,-3338.310791,1835.262207,1479.637817,-3262.426270,1861.234131,1610.243530,-3314.434814,2616.374023,1567.708862,-3159.822510,,,,,,,,,,,,,,,,,,,,,,,,,,,,,,,,,
1198,11.980000,0.000000,0.000000,0.000000,1.000000,0.000000,0.000000,0.000000,57.698101,20.499701,-14.700500,0.047771,-0.013570,0.015998,-15.666301,-52.738201,18.801300,-93.396698,0.129960,17.611099,-0.288226,-0.448182,-0.674847,0.510529,1850.728394,1524.645508,-3307.500732,1845.126831,1443.654663,-3312.835938,1864.064819,1565.230591,-3338.960205,1834.163818,1479.529297,-3263.126221,1859.558105,1610.167480,-3315.081055,1845.123901,1443.464844,-3312.812988,1864.070679,1565.393188,-3339.033936,1834.150879,1479.575684,-3263.117920,1859.568359,1610.144165,-3315.043457,2616.369141,1567.711792,-3159.815674,,,,,,,,,,,,,,,,,,,,,,,,,,,,,,,,,
1199,11.990000,0.000000,0.000000,0.000000,1.000000,0.000000,0.000000,0.000000,57.698101,20.499701,-14.700500,0.047771,-0.013570,0.015998,-15.666301,-52.738201,18.801300,-93.396698,0.129960,17.611099,-0.286636,-0.449673,-0.674223,0.510938,1849.541260,1524.536743,-3308.101562,1844.236694,1443.523315,-3313.395020,1862.829346,1565.145752,-3339.550781,1833.002808,1479.394653,-3263.743408,1858.096313,1610.083618,-3315.717285,1844.209839,1443.331909,-3313.434326,1862.893188,1565.299927,-3339.609619,1833.003418,1479.463379,-3263.676758,1858.062378,1610.047607,-3315.694336,2616.315186,1567.709961,-3159.813477,,,,,,,,,,,,,,,,,,,,,,,,,,,,,,,,,
1200,12.000000,0.000000,0.000000,0.000000,1.000000,0.000000,0.000000,0.000000,57.698101,20.499701,-14.700500,0.047771,-0.013570,0.015998,-15.666301,-52.738201,18.801300,-93.396698,0.129960,17.611099,-0.285137,-0.451457,-0.673993,0.510506,1848.343628,1524.406128,-3308.787842,1843.224487,1443.375122,-3313.994873,1861.678467,1565.000122,-3340.236084,1831.714478,1479.289429,-3264.437744,1856.756958,1609.959961,-3316.482422,1843.235962,1443.234375,-3314.027832,1861.728516,1565.205811,-3340.416992,1831.666504,1479.306641,-3264.311279,1856.748901,1609.899902,-3316.416992,2616.327637,1567.784180,-3159.814941,,,,,,,,,,,,,,,,,,,,,,,,,,,,,,,,,
1201,12.010000,0.000000,0.000000,0.000000,1.000000,0.000000,0.000000,0.000000,57.698101,20.499701,-14.700500,0.047771,-0.013570,0.015998,-15.666301,-52.738201,18.801300,-93.396698,0.129960,17.611099,-0.284534,-0.452392,-0.674360,0.509530,1847.156860,1524.248657,-3309.469482,1842.002930,1443.216187,-3314.620850,1860.606445,1564.807129,-3340.915039,1830.373535,1479.180542,-3265.127930,1855.644531,1609.790527,-3317.214111,1842.018066,1443.168091,-3314.701416,1860.671875,1565.016724,-3341.049561,1830.300537,1479.104858,-3264.895508,1855.636230,1609.723389,-3317.219482,2616.314209,1567.739258,-3159.794922,,,,,,,,,,,,,,,,,,,,,,,,,,,,,,,,,
1202,12.020000,0.000000,0.000000,0.000000,1.000000,0.000000,0.000000,0.000000,57.698101,20.499701,-14.700500,0.047771,-0.013570,0.015998,-15.666301,-52.738201,18.801300,-93.396698,0.129960,17.611099,-0.285035,-0.453035,-0.674305,0.508751,1845.991333,1524.136475,-3310.215820,1840.753052,1443.100220,-3315.218750,1859.505249,1564.621582,-3341.728271,1829.130249,1479.169678,-3265.800781,1854.576660,1609.654541,-3318.114990,1840.897705,1443.147949,-3315.305664,1859.373413,1564.715576,-3341.860596,1828.962524,1479.085083,-3265.579834,1854.711548,1609.593750,-3318.101074,2616.305664,1567.739990,-3159.771484,,,,,,,,,,,,,,,,,,,,,,,,,,,,,,,,,
1203,12.030000,0.000000,0.000000,0.000000,1.000000,0.000000,0.000000,0.000000,57.698101,20.499701,-14.700500,0.047771,-0.013570,0.015998,-15.666301,-52.738201,18.801300,-93.396698,0.129960,17.611099,-0.286206,-0.452426,-0.674415,0.508490,1844.826416,1524.001587,-3310.961914,1839.427124,1442.973267,-3315.921143,1858.356201,1564.448242,-3342.517090,1827.965698,1479.085083,-3266.496094,1853.556763,1609.500122,-3318.913330,1839.563232,1442.998657,-3316.018311,1858.196899,1564.500977,-3342.517334,1827.838867,1479.055054,-3266.347900,1853.703369,1609.451782,-3318.960938,2616.293945,1567.715942,-3159.747803,,,,,,,,,,,,,,,,,,,,,,,,,,,,,,,,,
1204,12.040000,0.000000,0.000000,0.000000,1.000000,0.000000,0.000000,0.000000,57.698101,20.499701,-14.700500,0.047771,-0.013570,0.015998,-15.666301,-52.738201,18.801300,-93.396698,0.129960,17.611099,-0.287058,-0.452660,-0.674364,0.507868,1843.748169,1523.860352,-3311.811768,1838.231567,1442.832031,-3316.640381,1857.323608,1564.237549,-3343.436035,1826.840332,1479.038330,-3267.268311,1852.597412,1609.333618,-3319.901855,1838.369995,1442.810303,-3316.689209,1857.129761,1564.222290,-3343.458252,1826.733398,1479.061646,-3267.211670,1852.756836,1609.346558,-3319.889648,2616.311523,1567.749023,-3159.737793,,,,,,,,,,,,,,,,,,,,,,,,,,,,,,,,,
1205,12.050000,0.000000,0.000000,0.000000,1.000000,0.000000,0.000000,0.000000,57.698101,20.499701,-14.700500,0.047771,-0.013570,0.015998,-15.666301,-52.738201,18.801300,-93.396698,0.129960,17.611099,-0.286783,-0.453139,-0.674809,0.507005,1842.737061,1523.705322,-3312.688232,1837.140991,1442.680786,-3317.489990,1856.416504,1564.053223,-3344.305420,1825.696045,1478.922363,-3268.156738,1851.694824,1609.165161,-3320.801025,1837.215332,1442.682129,-3317.564941,1856.342163,1564.032349,-3344.321777,1825.640381,1478.984619,-3268.084229,1851.750244,1609.124634,-3320.782471,2616.294922,1567.754272,-3159.704834,,,,,,,,,,,,,,,,,,,,,,,,,,,,,,,,,
1206,12.060000,0.000000,0.000000,0.000000,1.000000,0.000000,0.000000,0.000000,57.698101,20.499701,-14.700500,0.047771,-0.013570,0.015998,-15.666301,-52.738201,18.801300,-93.396698,0.129960,17.611099,-0.286544,-0.454153,-0.674526,0.506609,1841.662964,1523.553345,-3313.664795,1836.118896,1442.518188,-3318.344971,1855.369141,1563.857788,-3345.325684,1824.577515,1478.832764,-3269.087646,1850.586426,1609.005005,-3321.901367,1836.200317,1442.538452,-3318.386963,1855.286377,1563.833008,-3345.396484,1824.521362,1478.920776,-3269.049316,1850.643433,1608.920288,-3321.824951,2616.285400,1567.770508,-3159.713135,,,,,,,,,,,,,,,,,,,,,,,,,,,,,,,,,
1207,12.070000,0.000000,0.000000,0.000000,1.000000,0.000000,0.000000,0.000000,57.698101,20.499701,-14.700500,0.047771,-0.013570,0.015998,-15.666301,-52.738201,18.801300,-93.396698,0.129960,17.611099,-0.286418,-0.454269,-0.674337,0.506828,1840.671753,1523.420166,-3314.653564,1835.181763,1442.380981,-3319.327637,1854.350342,1563.731445,-3346.317871,1823.617065,1478.691528,-3270.072754,1849.537964,1608.877197,-3322.896484,1835.223145,1442.406250,-3319.407471,1854.338989,1563.698608,-3346.360596,1823.597656,1478.830811,-3270.012939,1849.526123,1608.747681,-3322.825928,2616.266357,1567.753296,-3159.697266,,,,,,,,,,,,,,,,,,,,,,,,,,,,,,,,,
1208,12.080000,0.000000,0.000000,0.000000,1.000000,0.000000,0.000000,0.000000,57.698101,20.499701,-14.700500,0.047771,-0.013570,0.015998,-15.666301,-52.738201,18.801300,-93.396698,0.129960,17.611099,-0.285819,-0.455359,-0.674108,0.506491,1839.645020,1523.261719,-3315.706543,1834.241333,1442.211426,-3320.289307,1853.351562,1563.545776,-3347.392822,1822.539551,1478.573242,-3271.104736,1848.447510,1608.716431,-3324.039062,1834.273804,1442.193726,-3320.326904,1853.345581,1563.589478,-3347.473389,1822.513428,1478.668213,-3271.055908,1848.445679,1608.591919,-3323.964111,2616.284424,1567.763550,-3159.686523,,,,,,,,,,,,,,,,,,,,,,,,,,,,,,,,,
1209,12.090000,0.000000,0.000000,0.000000,1.000000,0.000000,0.000000,0.000000,57.698101,20.499701,-14.700500,0.047771,-0.013570,0.015998,-15.666301,-52.738201,18.801300,-93.396698,0.129960,17.611099,-0.285580,-0.455843,-0.674107,0.506193,1838.674438,1523.090820,-3316.752441,1833.283325,1442.037476,-3321.294189,1852.411499,1563.357788,-3348.447266,1821.524902,1478.426636,-3272.143311,1847.478027,1608.541626,-3325.125000,1833.328857,1442.027710,-3321.379639,1852.416748,1563.435791,-3348.545654,1821.468262,1478.481445,-3271.999756,1847.481079,1608.420288,-3325.077881,2616.262207,1567.729248,-3159.660400,,,,,,,,,,,,,,,,,,,,,,,,,,,,,,,,,
1210,12.100000,0.000000,0.000000,0.000000,1.000000,0.000000,0.000000,0.000000,57.698101,20.499701,-14.700500,0.047771,-0.013570,0.015998,-15.666301,-52.738201,18.801300,-93.396698,0.129960,17.611099,-0.284962,-0.456842,-0.674122,0.505620,1837.715210,1522.932007,-3317.809326,1832.362793,1441.872070,-3322.279785,1851.513794,1563.171021,-3349.513184,1820.475098,1478.308228,-3273.194824,1846.509277,1608.377197,-3326.249512,1832.461914,1441.879761,-3322.329102,1851.431152,1563.258545,-3349.654053,1820.369141,1478.311890,-3273.066406,1846.591309,1608.281128,-3326.188477,2616.297363,1567.757568,-3159.676758,,,,,,,,,,,,,,,,,,,,,,,,,,,,,,,,,
1211,12.110000,0.000000,0.000000,0.000000,1.000000,0.000000,0.000000,0.000000,57.698101,20.499701,-14.700500,0.047771,-0.013570,0.015998,-15.666301,-52.738201,18.801300,-93.396698,0.129960,17.611099,-0.285349,-0.457024,-0.674087,0.505284,1836.751099,1522.789551,-3318.869873,1831.344360,1441.729370,-3323.270264,1850.574829,1562.991943,-3350.609131,1819.483398,1478.215576,-3274.215820,1845.601685,1608.221558,-3327.384033,1831.419678,1441.710938,-3323.373779,1850.554932,1563.090942,-3350.745605,1819.376587,1478.201538,-3273.996094,1845.641724,1608.160400,-3327.351074,2616.258057,1567.720215,-3159.683594,,,,,,,,,,,,,,,,,,,,,,,,,,,,,,,,,
1212,12.120000,0.000000,0.000000,0.000000,1.000000,0.000000,0.000000,0.000000,57.698101,20.499701,-14.700500,0.047771,-0.013570,0.015998,-15.666301,-52.738201,18.801300,-93.396698,0.129960,17.611099,-0.285114,-0.457677,-0.674465,0.504320,1835.805420,1522.667114,-3319.910645,1830.318970,1441.609253,-3324.253906,1849.739014,1562.827515,-3351.655273,1818.396362,1478.150024,-3275.255127,1844.767334,1608.082153,-3328.478760,1830.404541,1441.613037,-3324.323242,1849.697876,1562.956543,-3351.825439,1818.262817,1478.057007,-3275.029541,1844.834717,1608.041870,-3328.451416,2616.276367,1567.745483,-3159.704590,,,,,,,,,,,,,,,,,,,,,,,,,,,,,,,,,
1213,12.130000,0.000000,0.000000,0.000000,1.000000,0.000000,0.000000,0.000000,57.698101,20.499701,-14.700500,0.047771,-0.013570,0.015998,-15.666301,-52.738201,18.801300,-93.396698,0.129960,17.611099,-0.285564,-0.458036,-0.674515,0.503672,1834.871948,1522.609009,-3320.934814,1829.295410,1441.551880,-3325.177734,1848.862793,1562.713501,-3352.724609,1817.395630,1478.167847,-3276.229736,1843.933594,1608.002930,-3329.606934,1829.326172,1441.453247,-3325.293945,1848.917236,1562.890747,-3352.866455,1817.299805,1478.107300,-3275.948242,1843.937134,1607.990967,-3329.608398,2616.263428,1567.757690,-3159.727051,,,,,,,,,,,,,,,,,,,,,,,,,,,,,,,,,
1214,12.140000,0.000000,0.000000,0.000000,1.000000,0.000000,0.000000,0.000000,57.698101,20.499701,-14.700500,0.047771,-0.013570,0.015998,-15.666301,-52.738201,18.801300,-93.396698,0.129960,17.611099,-0.285242,-0.458893,-0.674768,0.502735,1833.897461,1522.562012,-3321.895508,1828.271118,1441.504395,-3326.059326,1847.990967,1562.619995,-3353.698730,1816.285889,1478.184570,-3277.180420,1843.041870,1607.939331,-3330.644043,1828.313110,1441.439575,-3326.141113,1848.016968,1562.783325,-3353.851562,1816.187988,1478.120605,-3276.948486,1843.061646,1607.913818,-3330.629639,2616.265137,1567.735840,-3159.749023,,,,,,,,,,,,,,,,,,,,,,,,,,,,,,,,,
1215,12.150000,0.000000,0.000000,0.000000,1.000000,0.000000,0.000000,0.000000,57.698101,20.499701,-14.700500,0.047771,-0.013570,0.015998,-15.666301,-52.738201,18.801300,-93.396698,0.129960,17.611099,-0.286131,-0.458733,-0.674728,0.502429,1832.933716,1522.593140,-3322.893066,1827.198975,1441.539062,-3326.978516,1847.043335,1562.604736,-3354.747314,1815.314575,1478.278076,-3278.119141,1842.177734,1607.950928,-3331.727539,1827.247559,1441.455688,-3327.066162,1847.045532,1562.725464,-3354.863525,1815.229004,1478.263184,-3277.925049,1842.204712,1607.932861,-3331.709961,2616.275391,1567.741943,-3159.756592,,,,,,,,,,,,,,,,,,,,,,,,,,,,,,,,,
1216,12.160000,0.000000,0.000000,0.000000,1.000000,0.000000,0.000000,0.000000,57.698101,20.499701,-14.700500,0.047771,-0.013570,0.015998,-15.666301,-52.738201,18.801300,-93.396698,0.129960,17.611099,-0.286551,-0.458700,-0.674629,0.502353,1831.925049,1522.647461,-3323.836914,1826.154907,1441.593628,-3327.877197,1846.032227,1562.637085,-3355.719727,1814.314209,1478.362549,-3279.029541,1841.198730,1607.996948,-3332.720459,1826.254150,1441.553101,-3327.933105,1845.923340,1562.692261,-3355.779297,1814.222900,1478.391968,-3278.937256,1841.296387,1607.954346,-3332.697510,2616.270996,1567.749268,-3159.782715,,,,,,,,,,,,,,,,,,,,,,,,,,,,,,,,,
1217,12.170000,0.000000,0.000000,0.000000,1.000000,0.000000,0.000000,0.000000,57.698101,20.499701,-14.700500,0.047771,-0.013570,0.015998,-15.666301,-52.738201,18.801300,-93.396698,0.129960,17.611099,-0.287125,-0.458416,-0.674462,0.502509,1830.917725,1522.730347,-3324.818604,1825.117065,1441.677368,-3328.830811,1844.995972,1562.707397,-3356.729980,1813.351318,1478.462280,-3279.977295,1840.206421,1608.074707,-3333.736084,1825.244507,1441.644531,-3328.884766,1844.822510,1562.735107,-3356.741455,1813.255005,1478.516479,-3279.921875,1840.346680,1608.025024,-3333.727539,2616.281006,1567.748047,-3159.806885,,,,,,,,,,,,,,,,,,,,,,,,,,,,,,,,,
1218,12.180000,0.000000,0.000000,0.000000,1.000000,0.000000,0.000000,0.000000,57.698101,20.499701,-14.700500,0.047771,-0.013570,0.015998,-15.666301,-52.738201,18.801300,-93.396698,0.129960,17.611099,-0.286678,-0.458975,-0.674416,0.502315,1829.942139,1522.813965,-3325.780518,1824.188721,1441.755981,-3329.763184,1844.041748,1562.783569,-3357.691895,1812.339600,1478.557495,-3280.942139,1839.198486,1608.158813,-3334.725098,1824.279175,1441.681885,-3329.806152,1843.905884,1562.806274,-3357.668213,1812.272949,1478.603027,-3280.908936,1839.309937,1608.163574,-3334.740234,2616.301758,1567.748413,-3159.812988,,,,,,,,,,,,,,,,,,,,,,,,,,,,,,,,,
1219,12.190000,0.000000,0.000000,0.000000,1.000000,0.000000,0.000000,0.000000,57.698101,20.499701,-14.700500,0.047771,-0.013570,0.015998,-15.666301,-52.738201,18.801300,-93.396698,0.129960,17.611099,-0.286893,-0.458499,-0.674608,0.502370,1828.930908,1522.898193,-3326.802734,1823.126953,1441.846191,-3330.832520,1843.031372,1562.879761,-3358.698486,1811.333984,1478.623657,-3281.979736,1838.231079,1608.243286,-3335.699707,1823.190552,1441.731689,-3330.824219,1842.928589,1562.907837,-3358.725586,1811.283203,1478.647095,-3281.982178,1838.325195,1608.303589,-3335.678955,2616.325439,1567.725586,-3159.825684,,,,,,,,,,,,,,,,,,,,,,,,,,,,,,,,,
1220,12.200000,0.000000,0.000000,0.000000,1.000000,0.000000,0.000000,0.000000,57.698101,20.499701,-14.700500,0.047771,-0.013570,0.015998,-15.666301,-52.738201,18.801300,-93.396698,0.129960,17.611099,-0.286059,-0.458942,-0.674151,0.503054,1827.942749,1522.951538,-3327.828857,1822.336060,1441.886719,-3331.879883,1841.968994,1562.973633,-3359.706787,1810.421753,1478.625244,-3283.027344,1837.044067,1608.320557,-3336.701416,1822.354126,1441.776611,-3331.878174,1841.927002,1563.023926,-3359.692383,1810.407227,1478.657349,-3283.034912,1837.082520,1608.342285,-3336.709229,2616.295898,1567.736206,-3159.836670,,,,,,,,,,,,,,,,,,,,,,,,,,,,,,,,,
1221,12.210000,0.000000,0.000000,0.000000,1.000000,0.000000,0.000000,0.000000,57.698101,20.499701,-14.700500,0.047771,-0.013570,0.015998,-15.666301,-52.738201,18.801300,-93.396698,0.129960,17.611099,-0.284812,-0.459364,-0.674202,0.503308,1826.907837,1523.000488,-3328.879883,1821.444946,1441.930054,-3333.012695,1840.927490,1563.074097,-3360.695801,1809.376099,1478.605469,-3284.150635,1835.882812,1608.392456,-3337.660400,1821.450195,1441.740601,-3332.960693,1840.898926,1563.193237,-3360.742188,1809.360474,1478.622314,-3284.175537,1835.921143,1608.432373,-3337.637451,2616.306396,1567.727173,-3159.847656,,,,,,,,,,,,,,,,,,,,,,,,,,,,,,,,,
1222,12.220000,0.000000,0.000000,0.000000,1.000000,0.000000,0.000000,0.000000,57.698101,20.499701,-14.700500,0.047771,-0.013570,0.015998,-15.666301,-52.738201,18.801300,-93.396698,0.129960,17.611099,-0.283994,-0.459622,-0.674052,0.503735,1825.807983,1523.015381,-3329.953369,1820.480469,1441.938477,-3334.137939,1839.790527,1563.130249,-3361.733643,1808.308838,1478.565918,-3285.265381,1834.651855,1608.427002,-3338.676270,1820.495483,1441.716309,-3334.152344,1839.782959,1563.242310,-3361.805420,1808.285034,1478.648804,-3285.232666,1834.668945,1608.435059,-3338.628662,2616.339600,1567.765869,-3159.847412,,,,,,,,,,,,,,,,,,,,,,,,,,,,,,,,,
1223,12.230000,0.000000,0.000000,0.000000,1.000000,0.000000,0.000000,0.000000,57.698101,20.499701,-14.700500,0.047771,-0.013570,0.015998,-15.666301,-52.738201,18.801300,-93.396698,0.129960,17.611099,-0.282686,-0.460557,-0.674138,0.503501,1824.738037,1523.063599,-3331.017090,1819.531006,1441.979736,-3335.217529,1838.761597,1563.197144,-3362.755859,1807.165405,1478.590576,-3286.381348,1833.494019,1608.486938,-3339.713623,1819.536133,1441.841064,-3335.235596,1838.786011,1563.331787,-3362.846436,1807.143677,1478.647705,-3286.326172,1833.488403,1608.436646,-3339.666992,2616.309082,1567.778687,-3159.855469,,,,,,,,,,,,,,,,,,,,,,,,,,,,,,,,,
1224,12.240000,0.000000,0.000000,0.000000,1.000000,0.000000,0.000000,0.000000,57.698101,20.499701,-14.700500,0.047771,-0.013570,0.015998,-15.666301,-52.738201,18.801300,-93.396698,0.129960,17.611099,-0.282275,-0.460695,-0.674420,0.503229,1823.586548,1523.118408,-3332.130127,1818.368408,1442.036987,-3336.363525,1837.652954,1563.259888,-3363.839844,1805.956177,1478.634033,-3287.528809,1832.368896,1608.542969,-3340.788330,1818.408691,1441.928833,-3336.427734,1837.657471,1563.391235,-3363.961182,1805.905640,1478.740479,-3287.419189,1832.373047,1608.420288,-3340.713623,2616.325195,1567.764404,-3159.838379,,,,,,,,,,,,,,,,,,,,,,,,,,,,,,,,,
1225,12.250000,0.000000,0.000000,0.000000,1.000000,0.000000,0.000000,0.000000,57.698101,20.499701,-14.700500,0.047771,-0.013570,0.015998,-15.666301,-52.738201,18.801300,-93.396698,0.129960,17.611099,-0.281179,-0.461813,-0.674677,0.502472,1822.460327,1523.121582,-3333.202637,1817.285889,1442.035767,-3337.405518,1836.621460,1563.249390,-3364.887695,1804.692261,1478.657349,-3288.635742,1831.241577,1608.544067,-3341.881592,1817.301758,1442.049316,-3337.516113,1836.715210,1563.349731,-3365.041992,1804.642944,1478.698120,-3288.426270,1831.181274,1608.392822,-3341.816650,2616.299805,1567.709839,-3159.820557,,,,,,,,,,,,,,,,,,,,,,,,,,,,,,,,,
1226,12.260000,0.000000,0.000000,0.000000,1.000000,0.000000,0.000000,0.000000,57.698101,20.499701,-14.700500,0.047771,-0.013570,0.015998,-15.666301,-52.738201,18.801300,-93.396698,0.129960,17.611099,-0.280581,-0.462272,-0.674867,0.502128,1821.335693,1523.153809,-3334.320068,1816.181030,1442.067017,-3338.528809,1835.544067,1563.282471,-3365.982422,1803.499268,1478.688354,-3289.781738,1830.118286,1608.577393,-3342.987061,1816.219971,1442.155762,-3338.635986,1835.610229,1563.355713,-3366.147461,1803.429932,1478.688599,-3289.566162,1830.080322,1608.413940,-3342.921387,2616.275635,1567.720703,-3159.808105,,,,,,,,,,,,,,,,,,,,,,,,,,,,,,,,,
1227,12.270000,0.000000,0.000000,0.000000,1.000000,0.000000,0.000000,0.000000,57.698101,20.499701,-14.700500,0.047771,-0.013570,0.015998,-15.666301,-52.738201,18.801300,-93.396698,0.129960,17.611099,-0.280653,-0.462062,-0.674761,0.502424,1820.258057,1523.161987,-3335.456787,1815.126953,1442.074829,-3339.685059,1834.433228,1563.304199,-3367.117188,1802.464355,1478.678467,-3290.919434,1829.007568,1608.590820,-3344.105713,1815.233521,1442.173950,-3339.820312,1834.410767,1563.331665,-3367.289062,1802.338379,1478.677979,-3290.669189,1829.041504,1608.470459,-3344.034912,2616.298340,1567.762573,-3159.803467,,,,,,,,,,,,,,,,,,,,,,,,,,,,,,,,,
1228,12.280000,0.000000,0.000000,0.000000,1.000000,0.000000,0.000000,0.000000,57.698101,20.499701,-14.700500,0.047771,-0.013570,0.015998,-15.666301,-52.738201,18.801300,-93.396698,0.129960,17.611099,-0.279343,-0.463089,-0.674678,0.502320,1819.150146,1523.151245,-3336.575195,1814.171143,1442.054565,-3340.801270,1833.346069,1563.311523,-3368.203369,1801.306641,1478.645874,-3292.079590,1827.776611,1608.593384,-3345.216797,1814.303101,1442.135132,-3340.926514,1833.270996,1563.352173,-3368.344971,1801.142456,1478.568848,-3291.811035,1827.864014,1608.545166,-3345.192139,2616.272217,1567.751221,-3159.779785,,,,,,,,,,,,,,,,,,,,,,,,,,,,,,,,,
1229,12.290000,0.000000,0.000000,0.000000,1.000000,0.000000,0.000000,0.000000,57.698101,20.499701,-14.700500,0.047771,-0.013570,0.015998,-15.666301,-52.738201,18.801300,-93.396698,0.129960,17.611099,-0.279280,-0.462752,-0.674532,0.502861,1817.958008,1523.110596,-3337.746338,1813.036255,1442.013062,-3342.023926,1832.097534,1563.303101,-3369.358887,1800.184937,1478.561523,-3293.266357,1826.513428,1608.565063,-3346.336670,1813.176758,1441.997559,-3342.133789,1831.973999,1563.377197,-3369.459473,1800.012939,1478.483887,-3293.025635,1826.647827,1608.576172,-3346.343994,2616.292969,1567.694824,-3159.750977,,,,,,,,,,,,,,,,,,,,,,,,,,,,,,,,,
1230,12.300000,0.000000,0.000000,0.000000,1.000000,0.000000,0.000000,0.000000,57.698101,20.499701,-14.700500,0.047771,-0.013570,0.015998,-15.666301,-52.738201,18.801300,-93.396698,0.129960,17.611099,-0.280341,-0.461771,-0.673899,0.504020,1816.839355,1523.075928,-3338.866455,1811.955322,1441.976440,-3343.150635,1830.830200,1563.287842,-3370.520020,1799.267334,1478.500977,-3294.332520,1825.304565,1608.538696,-3347.462158,1812.079712,1441.883423,-3343.194580,1830.655884,1563.352783,-3370.537598,1799.133423,1478.409302,-3294.216064,1825.489990,1608.663452,-3347.516602,2616.314941,1567.714233,-3159.714600,,,,,,,,,,,,,,,,,,,,,,,,,,,,,,,,,
1231,12.310000,0.000000,0.000000,0.000000,1.000000,0.000000,0.000000,0.000000,57.698101,20.499701,-14.700500,0.047771,-0.013570,0.015998,-15.666301,-52.738201,18.801300,-93.396698,0.129960,17.611099,-0.280037,-0.462050,-0.673670,0.504239,1815.640869,1523.003052,-3340.019043,1810.836548,1441.898193,-3344.292236,1829.604492,1563.223633,-3371.674072,1798.095703,1478.418213,-3295.484375,1824.026855,1608.472656,-3348.625244,1810.884521,1441.750244,-3344.266113,1829.497314,1563.285400,-3371.641602,1798.047119,1478.363892,-3295.488770,1824.144653,1608.619263,-3348.680908,2616.312256,1567.772583,-3159.711914,,,,,,,,,,,,,,,,,,,,,,,,,,,,,,,,,
1232,12.320000,0.000000,0.000000,0.000000,1.000000,0.000000,0.000000,0.000000,57.698101,20.499701,-14.700500,0.047771,-0.013570,0.015998,-15.666301,-52.738201,18.801300,-93.396698,0.129960,17.611099,-0.279217,-0.462684,-0.673405,0.504468,1814.424316,1522.957764,-3341.195801,1809.762817,1441.844360,-3345.463867,1828.363770,1563.197266,-3372.837646,1796.892822,1478.349854,-3296.678955,1822.677734,1608.440186,-3349.802979,1809.803833,1441.665649,-3345.437500,1828.286621,1563.268555,-3372.857666,1796.851929,1478.343018,-3296.682129,1822.761963,1608.545654,-3349.803955,2616.228760,1567.758911,-3159.734131,,,,,,,,,,,,,,,,,,,,,,,,,,,,,,,,,
1233,12.330000,0.000000,0.000000,0.000000,1.000000,0.000000,0.000000,0.000000,57.698101,20.499701,-14.700500,0.047771,-0.013570,0.015998,-15.666301,-52.738201,18.801300,-93.396698,0.129960,17.611099,-0.277683,-0.464224,-0.672860,0.504626,1813.279907,1522.958984,-3342.402100,1808.878662,1441.827759,-3346.608154,1827.197144,1563.210938,-3374.037598,1795.743042,1478.339600,-3297.898926,1821.300659,1608.458008,-3351.064209,1808.926636,1441.658447,-3346.623535,1827.138306,1563.266724,-3374.079346,1795.710571,1478.456421,-3297.897461,1821.345947,1608.446045,-3351.010498,2616.200684,1567.768677,-3159.724121,,,,,,,,,,,,,,,,,,,,,,,,,,,,,,,,,
1234,12.340000,0.000000,0.000000,0.000000,1.000000,0.000000,0.000000,0.000000,57.698101,20.499701,-14.700500,0.047771,-0.013570,0.015998,-15.666301,-52.738201,18.801300,-93.396698,0.129960,17.611099,-0.276143,-0.465657,-0.672536,0.504582,1812.115723,1522.923340,-3343.690918,1807.930908,1441.778442,-3347.854492,1826.039429,1563.187988,-3375.307373,1794.539673,1478.291260,-3299.215820,1819.952637,1608.436157,-3352.385742,1807.932495,1441.616211,-3347.915771,1826.058716,1563.251465,-3375.320312,1794.553101,1478.505493,-3299.198486,1819.918213,1608.325195,-3352.329102,2616.251709,1567.748657,-3159.713135,,,,,,,,,,,,,,,,,,,,,,,,,,,,,,,,,
1235,12.350000,0.000000,0.000000,0.000000,1.000000,0.000000,0.000000,0.000000,57.698101,20.499701,-14.700500,0.047771,-0.013570,0.015998,-15.666301,-52.738201,18.801300,-93.396698,0.129960,17.611099,-0.275098,-0.467135,-0.671901,0.504634,1810.933716,1522.910645,-3344.944336,1806.962158,1441.749390,-3348.996582,1824.835938,1563.162598,-3376.586182,1793.358154,1478.301025,-3300.446289,1818.578613,1608.429565,-3353.747803,1806.941284,1441.675049,-3349.075195,1824.916504,1563.174805,-3376.631592,1793.392700,1478.529297,-3300.406250,1818.478760,1608.272705,-3353.652832,2616.260498,1567.744263,-3159.682861,,,,,,,,,,,,,,,,,,,,,,,,,,,,,,,,,
1236,12.360000,0.000000,0.000000,0.000000,1.000000,0.000000,0.000000,0.000000,57.698101,20.499701,-14.700500,0.047771,-0.013570,0.015998,-15.666301,-52.738201,18.801300,-93.396698,0.129960,17.611099,-0.274389,-0.468127,-0.671584,0.504522,1809.779541,1522.938843,-3346.204346,1805.927246,1441.768311,-3350.184814,1823.685913,1563.179199,-3377.859375,1792.181641,1478.348511,-3301.696045,1817.323364,1608.459717,-3355.076904,1805.919678,1441.787231,-3350.251465,1823.763794,1563.138550,-3377.942383,1792.195557,1478.489990,-3301.641113,1817.235596,1608.336182,-3354.972900,2616.238770,1567.782959,-3159.703613,,,,,,,,,,,,,,,,,,,,,,,,,,,,,,,,,
1237,12.370000,0.000000,0.000000,0.000000,1.000000,0.000000,0.000000,0.000000,57.698101,20.499701,-14.700500,0.047771,-0.013570,0.015998,-15.666301,-52.738201,18.801300,-93.396698,0.129960,17.611099,-0.273187,-0.468973,-0.671608,0.504357,1808.550171,1522.922607,-3347.496582,1804.817383,1441.747070,-3351.487793,1822.485840,1563.182007,-3379.114502,1790.894897,1478.308228,-3303.034912,1816.002319,1608.453613,-3356.348633,1804.812622,1441.738647,-3351.545410,1822.555664,1563.179077,-3379.201660,1790.883911,1478.345215,-3302.944580,1815.950195,1608.427979,-3356.294678,2616.239258,1567.763306,-3159.711670,,,,,,,,,,,,,,,,,,,,,,,,,,,,,,,,,
1238,12.380000,0.000000,0.000000,0.000000,1.000000,0.000000,0.000000,0.000000,57.698101,20.499701,-14.700500,0.047771,-0.013570,0.015998,-15.666301,-52.738201,18.801300,-93.396698,0.129960,17.611099,-0.272338,-0.469870,-0.671068,0.504700,1807.341919,1522.870850,-3348.784180,1803.801025,1441.684204,-3352.726562,1821.230469,1563.140991,-3380.409180,1789.725464,1478.245728,-3304.318115,1814.610718,1608.412842,-3357.682861,1803.864258,1441.730469,-3352.796875,1821.206909,1563.156372,-3380.496582,1789.639771,1478.186157,-3304.163574,1814.649048,1608.407349,-3357.669678,2616.258789,1567.743286,-3159.716064,,,,,,,,,,,,,,,,,,,,,,,,,,,,,,,,,
1239,12.390000,0.000000,0.000000,0.000000,1.000000,0.000000,0.000000,0.000000,57.698101,20.499701,-14.700500,0.047771,-0.013570,0.015998,-15.666301,-52.738201,18.801300,-93.396698,0.129960,17.611099,-0.271360,-0.470871,-0.670796,0.504655,1806.197876,1522.812500,-3350.095947,1802.801880,1441.617554,-3353.994385,1820.088989,1563.085693,-3381.715820,1788.557617,1478.186157,-3305.640381,1813.342896,1608.360840,-3359.033203,1802.887817,1441.599976,-3354.059570,1820.029663,1563.168823,-3381.824219,1788.425293,1478.059937,-3305.436279,1813.430176,1608.407837,-3359.043213,2616.269775,1567.708740,-3159.729492,,,,,,,,,,,,,,,,,,,,,,,,,,,,,,,,,
1240,12.400000,0.000000,0.000000,0.000000,1.000000,0.000000,0.000000,0.000000,57.698101,20.499701,-14.700500,0.047771,-0.013570,0.015998,-15.666301,-52.738201,18.801300,-93.396698,0.129960,17.611099,-0.269967,-0.471890,-0.670950,0.504246,1805.107178,1522.648560,-3351.435303,1801.818481,1441.449585,-3355.341553,1819.057861,1562.936768,-3383.009766,1787.369263,1478.003296,-3307.037598,1812.182861,1608.204834,-3360.351562,1801.910889,1441.416260,-3355.392578,1818.977295,1563.057983,-3383.114258,1787.211304,1477.801025,-3306.810791,1812.303955,1608.296509,-3360.393799,2616.306641,1567.714233,-3159.728271,,,,,,,,,,,,,,,,,,,,,,,,,,,,,,,,,
1241,12.410000,0.000000,0.000000,0.000000,1.000000,0.000000,0.000000,0.000000,57.698101,20.499701,-14.700500,0.047771,-0.013570,0.015998,-15.666301,-52.738201,18.801300,-93.396698,0.129960,17.611099,-0.269589,-0.472030,-0.670633,0.504739,1803.981812,1522.465942,-3352.777588,1800.808105,1441.263062,-3356.697021,1817.875854,1562.778931,-3384.345215,1786.306519,1477.788452,-3308.387207,1810.936646,1608.033569,-3361.679932,1800.948242,1441.262573,-3356.759277,1817.714966,1562.836670,-3384.408691,1786.138184,1477.643555,-3308.205566,1811.112061,1608.110596,-3361.721680,2616.313232,1567.738403,-3159.744141,,,,,,,,,,,,,,,,,,,,,,,,,,,,,,,,,
1242,12.420000,0.000000,0.000000,0.000000,1.000000,0.000000,0.000000,0.000000,57.698101,20.499701,-14.700500,0.047771,-0.013570,0.015998,-15.666301,-52.738201,18.801300,-93.396698,0.129960,17.611099,-0.268847,-0.472427,-0.670522,0.504910,1802.896606,1522.274414,-3354.128662,1799.829590,1441.068359,-3358.068359,1816.776978,1562.611206,-3385.671875,1785.225342,1477.565674,-3309.768311,1809.754395,1607.852417,-3363.005615,1800.003662,1441.049316,-3358.176270,1816.596313,1562.664795,-3385.748047,1785.039551,1477.507324,-3309.558105,1809.932495,1607.872070,-3363.018311,2616.295166,1567.726196,-3159.781494,,,,,,,,,,,,,,,,,,,,,,,,,,,,,,,,,
1243,12.430000,0.000000,0.000000,0.000000,1.000000,0.000000,0.000000,0.000000,57.698101,20.499701,-14.700500,0.047771,-0.013570,0.015998,-15.666301,-52.738201,18.801300,-93.396698,0.129960,17.611099,-0.268147,-0.472369,-0.670746,0.505040,1801.799927,1522.095703,-3355.514404,1798.783203,1440.892212,-3359.543213,1815.684814,1562.474121,-3387.002441,1784.115601,1477.329468,-3311.217285,1808.616089,1607.687134,-3364.293945,1798.939331,1440.891846,-3359.629395,1815.516479,1562.519165,-3387.070557,1783.970337,1477.337402,-3311.076660,1808.768066,1607.635620,-3364.278564,2616.312988,1567.710449,-3159.785400,,,,,,,,,,,,,,,,,,,,,,,,,,,,,,,,,
1244,12.440000,0.000000,0.000000,0.000000,1.000000,0.000000,0.000000,0.000000,57.698101,20.499701,-14.700500,0.047771,-0.013570,0.015998,-15.666301,-52.738201,18.801300,-93.396698,0.129960,17.611099,-0.267490,-0.472341,-0.671015,0.505056,1800.748047,1521.865234,-3356.917969,1797.764160,1440.664673,-3361.028076,1814.649292,1562.278931,-3388.353271,1783.036133,1477.050049,-3312.681396,1807.542358,1607.467529,-3365.608398,1797.919189,1440.639038,-3361.107422,1814.443848,1562.296875,-3388.343506,1782.918823,1477.111328,-3312.606201,1807.707886,1607.413330,-3365.615479,2616.296875,1567.720337,-3159.808594,,,,,,,,,,,,,,,,,,,,,,,,,,,,,,,,,
1245,12.450000,0.000000,0.000000,0.000000,1.000000,0.000000,0.000000,0.000000,57.698101,20.499701,-14.700500,0.047771,-0.013570,0.015998,-15.666301,-52.738201,18.801300,-93.396698,0.129960,17.611099,-0.268141,-0.471134,-0.671367,0.505371,1799.756714,1521.673462,-3358.373047,1796.666870,1440.482544,-3362.595215,1813.637207,1562.116455,-3389.779785,1782.088745,1476.814697,-3314.163086,1806.634155,1607.280273,-3366.953369,1796.848267,1440.476074,-3362.707520,1813.426147,1562.118652,-3389.805908,1781.956177,1476.958252,-3314.067627,1806.797607,1607.139893,-3366.909668,2616.285889,1567.768677,-3159.836670,,,,,,,,,,,,,,,,,,,,,,,,,,,,,,,,,
1246,12.460000,0.000000,0.000000,0.000000,1.000000,0.000000,0.000000,0.000000,57.698101,20.499701,-14.700500,0.047771,-0.013570,0.015998,-15.666301,-52.738201,18.801300,-93.396698,0.129960,17.611099,-0.267705,-0.470669,-0.672217,0.504905,1798.806030,1521.485474,-3359.875000,1795.613159,1440.305542,-3364.231934,1812.771729,1561.960815,-3391.202393,1781.034058,1476.578735,-3315.755615,1805.805298,1607.096802,-3368.310059,1795.734497,1440.317627,-3364.335449,1812.668457,1561.989746,-3391.261719,1780.940674,1476.733276,-3315.653564,1805.885498,1606.895020,-3368.239990,2616.322754,1567.749512,-3159.852295,,,,,,,,,,,,,,,,,,,,,,,,,,,,,,,,,
1247,12.470000,0.000000,0.000000,0.000000,1.000000,0.000000,0.000000,0.000000,57.698101,20.499701,-14.700500,0.047771,-0.013570,0.015998,-15.666301,-52.738201,18.801300,-93.396698,0.129960,17.611099,-0.267903,-0.469711,-0.672918,0.504759,1797.874268,1521.300537,-3361.438965,1794.547852,1440.133301,-3365.928955,1811.882202,1561.805786,-3392.708984,1780.061890,1476.348755,-3317.381836,1805.004883,1606.914551,-3369.736084,1794.596924,1440.172974,-3366.011475,1811.859741,1561.791016,-3392.722900,1780.039551,1476.510132,-3317.333984,1805.000610,1606.723389,-3369.679443,2616.321777,1567.744141,-3159.831787,,,,,,,,,,,,,,,,,,,,,,,,,,,,,,,,,
1248,12.480000,0.000000,0.000000,0.000000,1.000000,0.000000,0.000000,0.000000,57.698101,20.499701,-14.700500,0.047771,-0.013570,0.015998,-15.666301,-52.738201,18.801300,-93.396698,0.129960,17.611099,-0.268025,-0.468867,-0.673470,0.504743,1796.953979,1521.136230,-3363.018799,1793.531494,1439.979736,-3367.629883,1810.986450,1561.673096,-3394.236816,1779.121338,1476.137817,-3319.017334,1804.176880,1606.754517,-3371.190430,1793.556885,1440.052734,-3367.728516,1811.023682,1561.582886,-3394.296875,1779.115723,1476.295654,-3318.946777,1804.117065,1606.615234,-3371.095703,2616.339111,1567.776123,-3159.830078,,,,,,,,,,,,,,,,,,,,,,,,,,,,,,,,,
1249,12.490000,0.000000,0.000000,0.000000,1.000000,0.000000,0.000000,0.000000,57.698101,20.499701,-14.700500,0.047771,-0.013570,0.015998,-15.666301,-52.738201,18.801300,-93.396698,0.129960,17.611099,-0.268086,-0.468513,-0.673670,0.504772,1796.041382,1520.984009,-3364.622559,1792.583984,1439.831909,-3369.282715,1810.079102,1561.534424,-3395.820557,1778.205933,1475.965698,-3320.642822,1803.296387,1606.604492,-3372.744141,1792.578369,1439.863281,-3369.375488,1810.186157,1561.472534,-3395.943604,1778.214111,1476.129883,-3320.550049,1803.183228,1606.465088,-3372.609375,2616.322021,1567.762939,-3159.847656,,,,,,,,,,,,,,,,,,,,,,,,,,,,,,,,,
1250,12.500000,0.000000,0.000000,0.000000,1.000000,0.000000,0.000000,0.000000,57.698101,20.499701,-14.700500,0.047771,-0.013570,0.015998,-15.666301,-52.738201,18.801300,-93.396698,0.129960,17.611099,-0.269047,-0.467334,-0.673751,0.505245,1795.082520,1520.920044,-3366.293213,1791.532227,1439.775757,-3371.020020,1809.069946,1561.486206,-3397.493408,1777.330078,1475.877441,-3322.304688,1802.397949,1606.541016,-3374.354492,1791.510010,1439.781250,-3371.095947,1809.166260,1561.457153,-3397.551758,1777.363403,1476.061279,-3322.255615,1802.284180,1606.379028,-3374.255615,2616.335693,1567.746948,-3159.834229,,,,,,,,,,,,,,,,,,,,,,,,,,,,,,,,,
1251,12.510000,0.000000,0.000000,0.000000,1.000000,0.000000,0.000000,0.000000,57.698101,20.499701,-14.700500,0.047771,-0.013570,0.015998,-15.666301,-52.738201,18.801300,-93.396698,0.129960,17.611099,-0.269751,-0.466454,-0.673683,0.505774,1794.173706,1520.875610,-3368.016113,1790.583740,1439.735840,-3372.790771,1808.101440,1561.458618,-3399.220947,1776.509644,1475.808594,-3324.016846,1801.500122,1606.499512,-3376.035156,1790.533325,1439.702271,-3372.837646,1808.192139,1561.457886,-3399.198242,1776.576050,1475.980713,-3324.027588,1801.391357,1606.365723,-3375.998047,2616.367188,1567.760010,-3159.812744,,,,,,,,,,,,,,,,,,,,,,,,,,,,,,,,,
1252,12.520000,0.000000,0.000000,0.000000,1.000000,0.000000,0.000000,0.000000,57.698101,20.499701,-14.700500,0.047771,-0.013570,0.015998,-15.666301,-52.738201,18.801300,-93.396698,0.129960,17.611099,-0.270719,-0.465882,-0.673297,0.506297,1793.202515,1520.822876,-3369.724609,1789.590942,1439.682251,-3374.466797,1807.054443,1561.395264,-3400.976807,1775.646851,1475.770630,-3325.666992,1800.517944,1606.443604,-3377.787109,1789.551636,1439.569458,-3374.473389,1807.122314,1561.496094,-3401.004883,1775.683472,1475.897583,-3325.678711,1800.452148,1606.327881,-3377.740723,2616.312744,1567.731079,-3159.801025,,,,,,,,,,,,,,,,,,,,,,,,,,,,,,,,,
1253,12.530000,0.000000,0.000000,0.000000,1.000000,0.000000,0.000000,0.000000,57.698101,20.499701,-14.700500,0.047771,-0.013570,0.015998,-15.666301,-52.738201,18.801300,-93.396698,0.129960,17.611099,-0.271391,-0.465869,-0.672797,0.506613,1792.208496,1520.790527,-3371.449707,1788.614258,1439.644287,-3376.108887,1806.001953,1561.337158,-3402.761475,1774.731812,1475.775269,-3327.322998,1799.486450,1606.405884,-3379.605225,1788.569580,1439.516235,-3376.119385,1806.077026,1561.461548,-3402.780273,1774.757812,1475.840332,-3327.306152,1799.431641,1606.344604,-3379.593994,2616.329834,1567.723999,-3159.784912,,,,,,,,,,,,,,,,,,,,,,,,,,,,,,,,,
1254,12.540000,0.000000,0.000000,0.000000,1.000000,0.000000,0.000000,0.000000,57.698101,20.499701,-14.700500,0.047771,-0.013570,0.015998,-15.666301,-52.738201,18.801300,-93.396698,0.129960,17.611099,-0.271564,-0.466704,-0.672277,0.506442,1791.157471,1520.793823,-3373.196777,1787.613159,1439.636841,-3377.705811,1804.942383,1561.289795,-3404.577637,1773.685425,1475.851074,-3328.994629,1798.388916,1606.397827,-3381.509277,1787.543579,1439.470825,-3377.659912,1805.037964,1561.456665,-3404.629150,1773.729492,1475.917725,-3329.028320,1798.321167,1606.331299,-3381.471191,2616.313477,1567.724731,-3159.757812,,,,,,,,,,,,,,,,,,,,,,,,,,,,,,,,,
1255,12.550000,0.000000,0.000000,0.000000,1.000000,0.000000,0.000000,0.000000,57.698101,20.499701,-14.700500,0.047771,-0.013570,0.015998,-15.666301,-52.738201,18.801300,-93.396698,0.129960,17.611099,-0.271818,-0.467603,-0.671661,0.506294,1790.113525,1520.802490,-3374.965088,1786.625732,1439.633667,-3379.303223,1803.882812,1561.241089,-3406.427002,1772.655396,1475.941772,-3330.674072,1797.290283,1606.393555,-3383.456543,1786.555786,1439.433350,-3379.266602,1803.978027,1561.389893,-3406.479736,1772.705811,1476.053467,-3330.715088,1797.214844,1606.327271,-3383.400391,2616.316406,1567.735962,-3159.746094,,,,,,,,,,,,,,,,,,,,,,,,,,,,,,,,,
1256,12.560000,0.000000,0.000000,0.000000,1.000000,0.000000,0.000000,0.000000,57.698101,20.499701,-14.700500,0.047771,-0.013570,0.015998,-15.666301,-52.738201,18.801300,-93.396698,0.129960,17.611099,-0.271488,-0.469124,-0.671104,0.505802,1789.076904,1520.812256,-3376.753174,1785.682495,1439.629395,-3380.895508,1802.871582,1561.186401,-3408.286377,1771.570312,1476.044189,-3332.387451,1796.183228,1606.389282,-3385.442871,1785.636353,1439.426392,-3380.913086,1802.954224,1561.321411,-3408.330078,1771.613525,1476.239624,-3332.398193,1796.103516,1606.259766,-3385.371826,2616.265869,1567.733154,-3159.735352,,,,,,,,,,,,,,,,,,,,,,,,,,,,,,,,,
1257,12.570000,0.000000,0.000000,0.000000,1.000000,0.000000,0.000000,0.000000,57.698101,20.499701,-14.700500,0.047771,-0.013570,0.015998,-15.666301,-52.738201,18.801300,-93.396698,0.129960,17.611099,-0.271647,-0.470505,-0.670304,0.505495,1787.981567,1520.888916,-3378.523438,1784.672119,1439.690918,-3382.431152,1801.768799,1561.184326,-3410.160400,1770.473511,1476.233643,-3334.044678,1795.011597,1606.447266,-3387.456543,1784.662964,1439.544556,-3382.503906,1801.828735,1561.248047,-3410.214355,1770.489990,1476.462769,-3334.000977,1794.941162,1606.307129,-3387.367188,2616.275146,1567.751953,-3159.727539,,,,,,,,,,,,,,,,,,,,,,,,,,,,,,,,,
1258,12.580000,0.000000,0.000000,0.000000,1.000000,0.000000,0.000000,0.000000,57.698101,20.499701,-14.700500,0.047771,-0.013570,0.015998,-15.666301,-52.738201,18.801300,-93.396698,0.129960,17.611099,-0.272133,-0.471598,-0.669641,0.505094,1786.868164,1520.983398,-3380.285400,1783.582520,1439.773926,-3383.967773,1800.659546,1561.193848,-3412.028809,1769.351196,1476.447998,-3335.690186,1793.879517,1606.518311,-3389.454834,1783.552856,1439.635498,-3384.046387,1800.750610,1561.200195,-3412.081055,1769.386475,1476.671875,-3335.649658,1793.780273,1606.437866,-3389.360596,2616.263916,1567.758179,-3159.702148,,,,,,,,,,,,,,,,,,,,,,,,,,,,,,,,,
1259,12.590000,0.000000,0.000000,0.000000,1.000000,0.000000,0.000000,0.000000,57.698101,20.499701,-14.700500,0.047771,-0.013570,0.015998,-15.666301,-52.738201,18.801300,-93.396698,0.129960,17.611099,-0.272196,-0.472415,-0.668957,0.505202,1785.714966,1521.081055,-3382.097412,1782.529419,1439.861328,-3385.638916,1799.465820,1561.252808,-3413.906982,1768.240356,1476.602051,-3337.429199,1792.624390,1606.608276,-3391.414062,1782.478271,1439.820068,-3385.678223,1799.580688,1561.255981,-3413.947021,1768.290283,1476.732666,-3337.413574,1792.510254,1606.517090,-3391.346436,2616.256836,1567.768311,-3159.713867,,,,,,,,,,,,,,,,,,,,,,,,,,,,,,,,,
1260,12.600000,0.000000,0.000000,0.000000,1.000000,0.000000,0.000000,0.000000,57.698101,20.499701,-14.700500,0.047771,-0.013570,0.015998,-15.666301,-52.738201,18.801300,-93.396698,0.129960,17.611099,-0.272067,-0.473417,-0.668453,0.505001,1784.520142,1521.132812,-3383.892578,1781.412231,1439.903931,-3387.291748,1798.269409,1561.260010,-3415.759033,1767.036743,1476.718262,-3339.163818,1791.362183,1606.649414,-3393.355469,1781.341064,1439.809204,-3387.261475,1798.366699,1561.329224,-3415.780762,1767.089966,1476.763428,-3339.197510,1791.283203,1606.628296,-3393.330078,2616.265625,1567.768066,-3159.695557,,,,,,,,,,,,,,,,,,,,,,,,,,,,,,,,,
1261,12.610000,0.000000,0.000000,0.000000,1.000000,0.000000,0.000000,0.000000,57.698101,20.499701,-14.700500,0.047771,-0.013570,0.015998,-15.666301,-52.738201,18.801300,-93.396698,0.129960,17.611099,-0.271779,-0.474524,-0.667956,0.504775,1783.326416,1521.121582,-3385.649414,1780.310547,1439.883545,-3388.908203,1797.078735,1561.206543,-3417.567627,1765.825928,1476.768188,-3340.866943,1790.090454,1606.628540,-3395.254883,1780.230103,1439.725586,-3388.823730,1797.159912,1561.369141,-3417.588379,1765.871582,1476.753052,-3340.918945,1790.044189,1606.637817,-3395.259033,2616.287109,1567.750366,-3159.682617,,,,,,,,,,,,,,,,,,,,,,,,,,,,,,,,,
1262,12.620000,0.000000,0.000000,0.000000,1.000000,0.000000,0.000000,0.000000,57.698101,20.499701,-14.700500,0.047771,-0.013570,0.015998,-15.666301,-52.738201,18.801300,-93.396698,0.129960,17.611099,-0.271988,-0.475285,-0.667482,0.504574,1782.185425,1521.127319,-3387.425781,1779.205444,1439.882324,-3390.540527,1795.934204,1561.161011,-3419.409912,1764.684937,1476.846436,-3342.571533,1788.917114,1606.619873,-3397.181152,1779.155151,1439.674072,-3390.460938,1795.962158,1561.347900,-3419.414307,1764.708252,1476.839722,-3342.618408,1788.912354,1606.640137,-3397.199219,2616.266357,1567.762573,-3159.696777,,,,,,,,,,,,,,,,,,,,,,,,,,,,,,,,,
1263,12.630000,0.000000,0.000000,0.000000,1.000000,0.000000,0.000000,0.000000,57.698101,20.499701,-14.700500,0.047771,-0.013570,0.015998,-15.666301,-52.738201,18.801300,-93.396698,0.129960,17.611099,-0.271294,-0.476675,-0.667163,0.504058,1781.120605,1521.152466,-3389.165527,1778.234009,1439.899048,-3392.146973,1794.912109,1561.145020,-3421.182861,1763.547852,1476.931274,-3344.280762,1787.788452,1606.635010,-3399.052002,1778.239258,1439.691162,-3392.151855,1794.906616,1561.302002,-3421.205566,1763.527832,1476.959595,-3344.246094,1787.808350,1606.645142,-3399.061768,2616.256348,1567.760376,-3159.703125,,,,,,,,,,,,,,,,,,,,,,,,,,,,,,,,,
1264,12.640000,0.000000,0.000000,0.000000,1.000000,0.000000,0.000000,0.000000,57.698101,20.499701,-14.700500,0.047771,-0.013570,0.015998,-15.666301,-52.738201,18.801300,-93.396698,0.129960,17.611099,-0.269808,-0.478789,-0.667049,0.503001,1780.104370,1521.176514,-3390.873779,1777.335449,1439.913574,-3393.706299,1794.007324,1561.122437,-3422.900879,1762.360474,1477.022827,-3345.989502,1786.714478,1606.647339,-3400.897705,1777.367798,1439.680542,-3393.744385,1794.003052,1561.306519,-3422.988525,1762.318237,1477.129639,-3345.919189,1786.729858,1606.583740,-3400.853027,2616.274902,1567.762329,-3159.715088,,,,,,,,,,,,,,,,,,,,,,,,,,,,,,,,,
1265,12.650000,0.000000,0.000000,0.000000,1.000000,0.000000,0.000000,0.000000,57.698101,20.499701,-14.700500,0.047771,-0.013570,0.015998,-15.666301,-52.738201,18.801300,-93.396698,0.129960,17.611099,-0.267983,-0.480841,-0.667111,0.501935,1779.073853,1521.212769,-3392.593506,1776.431763,1439.942383,-3395.326172,1793.099731,1561.132568,-3424.599854,1761.141357,1477.098267,-3347.746094,1785.622559,1606.678467,-3402.702393,1776.472534,1439.726685,-3395.401367,1793.107544,1561.311523,-3424.694824,1761.087646,1477.226318,-3347.632812,1785.628906,1606.587524,-3402.653076,2616.294678,1567.705811,-3159.719727,,,,,,,,,,,,,,,,,,,,,,,,,,,,,,,,,
1266,12.660000,0.000000,0.000000,0.000000,1.000000,0.000000,0.000000,0.000000,57.698101,20.499701,-14.700500,0.047771,-0.013570,0.015998,-15.666301,-52.738201,18.801300,-93.396698,0.129960,17.611099,-0.266995,-0.482174,-0.666976,0.501364,1778.031738,1521.282471,-3394.220459,1775.482544,1440.005859,-3396.861816,1792.116455,1561.177612,-3426.231445,1760.004395,1477.203979,-3349.375244,1784.523438,1606.742432,-3404.413086,1775.507935,1439.798950,-3396.914307,1792.141724,1561.358276,-3426.342285,1759.961914,1477.314941,-3349.281006,1784.517822,1606.659912,-3404.354980,2616.311279,1567.724365,-3159.722656,,,,,,,,,,,,,,,,,,,,,,,,,,,,,,,,,
1267,12.670000,0.000000,0.000000,0.000000,1.000000,0.000000,0.000000,0.000000,57.698101,20.499701,-14.700500,0.047771,-0.013570,0.015998,-15.666301,-52.738201,18.801300,-93.396698,0.129960,17.611099,-0.266924,-0.482629,-0.666542,0.501540,1777.041748,1521.394043,-3395.830566,1774.572754,1440.112793,-3398.402344,1791.092163,1561.275391,-3427.873779,1759.051025,1477.336548,-3350.950195,1783.451050,1606.851562,-3406.095947,1774.595459,1439.990356,-3398.457275,1791.127563,1561.383057,-3427.987793,1759.000488,1477.364258,-3350.826660,1783.445190,1606.841431,-3406.056152,2616.302979,1567.712158,-3159.752441,,,,,,,,,,,,,,,,,,,,,,,,,,,,,,,,,
1268,12.680000,0.000000,0.000000,0.000000,1.000000,0.000000,0.000000,0.000000,57.698101,20.499701,-14.700500,0.047771,-0.013570,0.015998,-15.666301,-52.738201,18.801300,-93.396698,0.129960,17.611099,-0.266710,-0.482919,-0.666386,0.501582,1775.994507,1521.465698,-3397.352783,1773.573120,1440.182373,-3399.901123,1790.036499,1561.345581,-3429.401611,1758.008789,1477.411255,-3352.467285,1782.359619,1606.923828,-3407.640625,1773.607910,1440.121338,-3399.958496,1790.041382,1561.382568,-3429.475342,1757.947632,1477.379517,-3352.338623,1782.377808,1606.976074,-3407.632080,2616.310791,1567.740967,-3159.774658,,,,,,,,,,,,,,,,,,,,,,,,,,,,,,,,,
1269,12.690000,0.000000,0.000000,0.000000,1.000000,0.000000,0.000000,0.000000,57.698101,20.499701,-14.700500,0.047771,-0.013570,0.015998,-15.666301,-52.738201,18.801300,-93.396698,0.129960,17.611099,-0.265395,-0.483923,-0.666111,0.501678,1774.993774,1521.572876,-3398.819092,1772.758545,1440.283813,-3401.354492,1789.028442,1561.476196,-3430.842041,1756.992310,1477.489258,-3353.968750,1781.195923,1607.042480,-3409.111328,1772.808350,1440.278198,-3401.383545,1788.999756,1561.504395,-3430.925781,1756.910156,1477.384155,-3353.845703,1781.249023,1607.117065,-3409.112061,2616.287598,1567.713989,-3159.802490,,,,,,,,,,,,,,,,,,,,,,,,,,,,,,,,,
1270,12.700000,0.000000,0.000000,0.000000,1.000000,0.000000,0.000000,0.000000,57.698101,20.499701,-14.700500,0.047771,-0.013570,0.015998,-15.666301,-52.738201,18.801300,-93.396698,0.129960,17.611099,-0.264751,-0.484354,-0.665818,0.501990,1773.983032,1521.685669,-3400.261719,1771.876709,1440.393066,-3402.795166,1787.981934,1561.609497,-3432.274658,1756.013062,1477.576172,-3355.424072,1780.060303,1607.164429,-3410.552490,1771.878540,1440.370361,-3402.783691,1788.002319,1561.684082,-3432.350586,1755.961792,1477.393188,-3355.319580,1780.085327,1607.284180,-3410.585938,2616.293457,1567.716675,-3159.817383,,,,,,,,,,,,,,,,,,,,,,,,,,,,,,,,,
1271,12.710000,0.000000,0.000000,0.000000,1.000000,0.000000,0.000000,0.000000,57.698101,20.499701,-14.700500,0.047771,-0.013570,0.015998,-15.666301,-52.738201,18.801300,-93.396698,0.129960,17.611099,-0.264067,-0.484829,-0.665686,0.502067,1772.989502,1521.775269,-3401.669434,1770.979736,1440.480225,-3404.202637,1786.982422,1561.714111,-3433.666504,1755.014404,1477.646484,-3356.853027,1778.981445,1607.260620,-3411.955811,1771.016479,1440.455933,-3404.224365,1786.977417,1561.830322,-3433.775146,1754.913452,1477.450684,-3356.671143,1779.035522,1607.345459,-3411.987549,2616.307861,1567.745728,-3159.832520,,,,,,,,,,,,,,,,,,,,,,,,,,,,,,,,,
1272,12.720000,0.000000,0.000000,0.000000,1.000000,0.000000,0.000000,0.000000,57.698101,20.499701,-14.700500,0.047771,-0.013570,0.015998,-15.666301,-52.738201,18.801300,-93.396698,0.129960,17.611099,-0.262124,-0.486225,-0.665634,0.501804,1772.016724,1521.835205,-3402.998779,1770.206543,1440.535400,-3405.532227,1786.051636,1561.803467,-3434.940430,1753.955444,1477.668823,-3358.253662,1777.853271,1607.333130,-3413.268311,1770.284668,1440.454834,-3405.566406,1785.995728,1561.959717,-3435.073486,1753.821167,1477.527588,-3358.062256,1777.945312,1607.393188,-3413.280029,2616.273682,1567.751221,-3159.837891,,,,,,,,,,,,,,,,,,,,,,,,,,,,,,,,,
1273,12.730000,0.000000,0.000000,0.000000,1.000000,0.000000,0.000000,0.000000,57.698101,20.499701,-14.700500,0.047771,-0.013570,0.015998,-15.666301,-52.738201,18.801300,-93.396698,0.129960,17.611099,-0.261440,-0.486556,-0.665449,0.502086,1771.024170,1521.904175,-3404.282471,1769.330200,1440.602539,-3406.834961,1785.030884,1561.898926,-3436.203369,1752.985840,1477.703125,-3359.562988,1776.750000,1607.412598,-3414.528809,1769.443481,1440.421875,-3406.913330,1784.940063,1562.049072,-3436.306641,1752.848389,1477.681152,-3359.379639,1776.856445,1607.456787,-3414.528320,2616.303711,1567.770020,-3159.857910,,,,,,,,,,,,,,,,,,,,,,,,,,,,,,,,,
1274,12.740000,0.000000,0.000000,0.000000,1.000000,0.000000,0.000000,0.000000,57.698101,20.499701,-14.700500,0.047771,-0.013570,0.015998,-15.666301,-52.738201,18.801300,-93.396698,0.129960,17.611099,-0.260617,-0.487120,-0.664989,0.502577,1770.128296,1521.948730,-3405.569824,1768.616333,1440.643188,-3408.114258,1784.076538,1561.970581,-3437.482178,1752.145386,1477.712891,-3360.862061,1775.674561,1607.468384,-3415.820557,1768.769287,1440.530273,-3408.260498,1783.976929,1562.115967,-3437.611084,1751.969727,1477.766724,-3360.605225,1775.780884,1607.388794,-3415.789307,2616.295654,1567.775879,-3159.854736,,,,,,,,,,,,,,,,,,,,,,,,,,,,,,,,,
1275,12.750000,0.000000,0.000000,0.000000,1.000000,0.000000,0.000000,0.000000,57.698101,20.499701,-14.700500,0.047771,-0.013570,0.015998,-15.666301,-52.738201,18.801300,-93.396698,0.129960,17.611099,-0.259389,-0.487498,-0.664906,0.502955,1769.171631,1522.077026,-3406.794434,1767.824829,1440.770996,-3409.410400,1783.091675,1562.153687,-3438.650635,1751.204834,1477.767700,-3362.153076,1774.564941,1607.616211,-3416.964111,1768.008667,1440.643555,-3409.564453,1782.947388,1562.261108,-3438.761963,1751.018311,1477.855103,-3361.917969,1774.701050,1607.552002,-3416.926025,2616.326660,1567.733276,-3159.839111,,,,,,,,,,,,,,,,,,,,,,,,,,,,,,,,,
1276,12.760000,0.000000,0.000000,0.000000,1.000000,0.000000,0.000000,0.000000,57.698101,20.499701,-14.700500,0.047771,-0.013570,0.015998,-15.666301,-52.738201,18.801300,-93.396698,0.129960,17.611099,-0.259135,-0.486929,-0.664670,0.503947,1768.208130,1522.241699,-3407.983154,1766.980469,1440.937012,-3410.702393,1782.025635,1562.380493,-3439.805420,1750.367432,1477.847534,-3363.375488,1773.459106,1607.801880,-3418.048584,1767.120605,1440.845337,-3410.856934,1781.942261,1562.384277,-3439.896240,1750.233032,1477.973511,-3363.183350,1773.532837,1607.770264,-3417.989014,2616.354492,1567.708740,-3159.802490,,,,,,,,,,,,,,,,,,,,,,,,,,,,,,,,,
1277,12.770000,0.000000,0.000000,0.000000,1.000000,0.000000,0.000000,0.000000,57.698101,20.499701,-14.700500,0.047771,-0.013570,0.015998,-15.666301,-52.738201,18.801300,-93.396698,0.129960,17.611099,-0.258902,-0.486745,-0.664615,0.504317,1767.327148,1522.403320,-3409.145264,1766.154053,1441.099609,-3411.914795,1781.108887,1562.571167,-3440.946533,1749.528564,1477.969482,-3364.560303,1772.517334,1607.973389,-3419.159424,1766.261353,1441.089600,-3412.029053,1781.045776,1562.494995,-3441.034424,1749.426147,1478.028564,-3364.415771,1772.571289,1608.001831,-3419.100342,2616.335205,1567.726685,-3159.790527,,,,,,,,,,,,,,,,,,,,,,,,,,,,,,,,,
1278,12.780000,0.000000,0.000000,0.000000,1.000000,0.000000,0.000000,0.000000,57.698101,20.499701,-14.700500,0.047771,-0.013570,0.015998,-15.666301,-52.738201,18.801300,-93.396698,0.129960,17.611099,-0.258362,-0.486500,-0.664933,0.504412,1766.464233,1522.563110,-3410.312500,1765.309082,1441.262573,-3413.182617,1780.255127,1562.772827,-3442.056641,1748.650391,1478.070801,-3365.791748,1771.642334,1608.146484,-3420.218506,1765.381104,1441.320801,-3413.272705,1780.246094,1562.728271,-3442.174805,1748.555420,1478.031128,-3365.619873,1771.667725,1608.169189,-3420.174561,2616.317383,1567.719238,-3159.800049,,,,,,,,,,,,,,,,,,,,,,,,,,,,,,,,,
1279,12.790000,0.000000,0.000000,0.000000,1.000000,0.000000,0.000000,0.000000,57.698101,20.499701,-14.700500,0.047771,-0.013570,0.015998,-15.666301,-52.738201,18.801300,-93.396698,0.129960,17.611099,-0.258544,-0.485931,-0.664786,0.505060,1765.657471,1522.759888,-3411.432373,1764.541626,1441.461060,-3414.362549,1779.378296,1563.001221,-3443.166748,1747.935303,1478.223999,-3366.918457,1770.774536,1608.353516,-3421.280762,1764.629517,1441.552124,-3414.447021,1779.336548,1562.977173,-3443.265625,1747.823975,1478.140625,-3366.741455,1770.830444,1608.365234,-3421.263184,2616.344238,1567.730835,-3159.780518,,,,,,,,,,,,,,,,,,,,,,,,,,,,,,,,,
1280,12.800000,0.000000,0.000000,0.000000,1.000000,0.000000,0.000000,0.000000,57.698101,20.499701,-14.700500,0.047771,-0.013570,0.015998,-15.666301,-52.738201,18.801300,-93.396698,0.129960,17.611099,-0.258319,-0.485237,-0.665039,0.505509,1764.920654,1522.943726,-3412.529785,1763.819214,1441.649414,-3415.591797,1778.610962,1563.239502,-3444.208496,1747.239136,1478.331909,-3368.076172,1770.013428,1608.554321,-3422.242676,1763.876587,1441.747192,-3415.602539,1778.553589,1563.281372,-3444.255859,1747.166138,1478.217407,-3367.994385,1770.083252,1608.524536,-3422.261475,2616.299072,1567.732666,-3159.762695,,,,,,,,,,,,,,,,,,,,,,,,,,,,,,,,,
1281,12.810000,0.000000,0.000000,0.000000,1.000000,0.000000,0.000000,0.000000,57.698101,20.499701,-14.700500,0.047771,-0.013570,0.015998,-15.666301,-52.738201,18.801300,-93.396698,0.129960,17.611099,-0.258248,-0.484913,-0.665159,0.505699,1764.156250,1523.106934,-3413.593750,1763.056396,1441.814941,-3416.713623,1777.833862,1563.425903,-3445.248291,1746.491943,1478.462524,-3369.166016,1769.242676,1608.724609,-3423.246826,1763.139526,1441.900146,-3416.761230,1777.766113,1563.476196,-3445.318848,1746.390381,1478.373169,-3369.033691,1769.322754,1608.674683,-3423.252930,2616.281982,1567.780640,-3159.758057,,,,,,,,,,,,,,,,,,,,,,,,,,,,,,,,,
1282,12.820000,0.000000,0.000000,0.000000,1.000000,0.000000,0.000000,0.000000,57.698101,20.499701,-14.700500,0.047771,-0.013570,0.015998,-15.666301,-52.738201,18.801300,-93.396698,0.129960,17.611099,-0.257507,-0.485138,-0.665579,0.505307,1763.409668,1523.345703,-3414.651611,1762.306396,1442.055786,-3417.826660,1777.148926,1563.683838,-3446.254883,1745.659912,1478.674316,-3370.285156,1768.522949,1608.969116,-3424.239746,1762.408081,1442.105347,-3417.900146,1777.060181,1563.714233,-3446.307861,1745.562256,1478.684570,-3370.172607,1768.608032,1608.879150,-3424.224121,2616.286865,1567.747925,-3159.737793,,,,,,,,,,,,,,,,,,,,,,,,,,,,,,,,,
1283,12.830000,0.000000,0.000000,0.000000,1.000000,0.000000,0.000000,0.000000,57.698101,20.499701,-14.700500,0.047771,-0.013570,0.015998,-15.666301,-52.738201,18.801300,-93.396698,0.129960,17.611099,-0.257074,-0.485250,-0.665827,0.505094,1762.677856,1523.617432,-3415.698486,1761.573364,1442.328979,-3418.908936,1776.451904,1563.967896,-3447.270752,1744.880371,1478.928467,-3371.368896,1767.806030,1609.244629,-3425.245361,1761.723999,1442.289673,-3419.059570,1776.334961,1564.058960,-3447.327881,1744.735840,1479.043945,-3371.176025,1767.915527,1609.078857,-3425.220947,2616.253418,1567.754028,-3159.727783,,,,,,,,,,,,,,,,,,,,,,,,,,,,,,,,,
1284,12.840000,0.000000,0.000000,0.000000,1.000000,0.000000,0.000000,0.000000,57.698101,20.499701,-14.700500,0.047771,-0.013570,0.015998,-15.666301,-52.738201,18.801300,-93.396698,0.129960,17.611099,-0.255674,-0.486068,-0.666076,0.504689,1761.906616,1523.894897,-3416.704102,1760.892700,1442.606567,-3419.947266,1775.742065,1564.270508,-3448.217529,1744.010986,1479.172363,-3372.447998,1766.980591,1609.530518,-3426.203613,1761.083984,1442.548706,-3420.103027,1775.570190,1564.335938,-3448.276367,1743.839600,1479.299927,-3372.259521,1767.131348,1609.400269,-3426.171631,2616.267822,1567.793823,-3159.720459,,,,,,,,,,,,,,,,,,,,,,,,,,,,,,,,,
1285,12.850000,0.000000,0.000000,0.000000,1.000000,0.000000,0.000000,0.000000,57.698101,20.499701,-14.700500,0.047771,-0.013570,0.015998,-15.666301,-52.738201,18.801300,-93.396698,0.129960,17.611099,-0.255392,-0.485804,-0.666328,0.504754,1761.155029,1524.269043,-3417.719971,1760.139404,1442.983765,-3421.037354,1774.997070,1564.673096,-3449.194092,1743.250244,1479.506714,-3373.507812,1766.233154,1609.913208,-3427.140381,1760.269531,1442.913818,-3421.194580,1774.923462,1564.729858,-3449.265625,1743.121338,1479.635254,-3373.309570,1766.302734,1609.805176,-3427.099365,2616.219971,1567.739136,-3159.703857,,,,,,,,,,,,,,,,,,,,,,,,,,,,,,,,,
1286,12.860000,0.000000,0.000000,0.000000,1.000000,0.000000,0.000000,0.000000,57.698101,20.499701,-14.700500,0.047771,-0.013570,0.015998,-15.666301,-52.738201,18.801300,-93.396698,0.129960,17.611099,-0.254835,-0.485778,-0.666700,0.504570,1760.392212,1524.698730,-3418.743164,1759.372681,1443.416382,-3422.132080,1774.272217,1565.128540,-3450.167480,1742.435425,1479.899780,-3374.589111,1765.488403,1610.350464,-3428.083984,1759.459961,1443.452637,-3422.257812,1774.270142,1565.116699,-3450.305420,1742.333740,1479.967041,-3374.400146,1765.500000,1610.265137,-3428.000244,2616.282471,1567.766602,-3159.693115,,,,,,,,,,,,,,,,,,,,,,,,,,,,,,,,,
1287,12.870000,0.000000,0.000000,0.000000,1.000000,0.000000,0.000000,0.000000,57.698101,20.499701,-14.700500,0.047771,-0.013570,0.015998,-15.666301,-52.738201,18.801300,-93.396698,0.129960,17.611099,-0.254592,-0.485552,-0.666836,0.504730,1759.571289,1525.140747,-3419.741699,1758.567871,1443.860718,-3423.192383,1773.443604,1565.597290,-3451.135010,1741.622925,1480.304688,-3375.621826,1764.650879,1610.800659,-3429.017334,1758.640503,1443.914185,-3423.302246,1773.451050,1565.578857,-3451.265381,1741.522095,1480.286743,-3375.422363,1764.664185,1610.784302,-3428.967285,2616.232422,1567.731812,-3159.694092,,,,,,,,,,,,,,,,,,,,,,,,,,,,,,,,,
1288,12.880000,0.000000,0.000000,0.000000,1.000000,0.000000,0.000000,0.000000,57.698101,20.499701,-14.700500,0.047771,-0.013570,0.015998,-15.666301,-52.738201,18.801300,-93.396698,0.129960,17.611099,-0.255204,-0.484391,-0.666659,0.505768,1758.794678,1525.570435,-3420.787842,1757.811035,1444.294556,-3424.340088,1772.554932,1566.072510,-3452.171875,1740.999390,1480.670776,-3376.670654,1763.813354,1611.244019,-3429.968750,1757.872559,1444.396118,-3424.382812,1772.528320,1566.091309,-3452.266113,1740.909790,1480.557495,-3376.531982,1763.860107,1611.230713,-3429.960693,2616.241211,1567.744019,-3159.717773,,,,,,,,,,,,,,,,,,,,,,,,,,,,,,,,,
1289,12.890000,0.000000,0.000000,0.000000,1.000000,0.000000,0.000000,0.000000,57.698101,20.499701,-14.700500,0.047771,-0.013570,0.015998,-15.666301,-52.738201,18.801300,-93.396698,0.129960,17.611099,-0.254551,-0.484526,-0.666654,0.505975,1758.022583,1525.921387,-3421.803467,1757.121704,1444.646729,-3425.403564,1771.768066,1566.455200,-3453.152588,1740.235962,1480.978638,-3377.726807,1762.964355,1611.605225,-3430.930664,1757.186279,1444.706665,-3425.419678,1771.692871,1566.486328,-3453.182373,1740.176025,1480.951660,-3377.682861,1763.036255,1611.540894,-3430.929443,2616.259277,1567.756836,-3159.715576,,,,,,,,,,,,,,,,,,,,,,,,,,,,,,,,,
1290,12.900000,0.000000,0.000000,0.000000,1.000000,0.000000,0.000000,0.000000,57.698101,20.499701,-14.700500,0.047771,-0.013570,0.015998,-15.666301,-52.738201,18.801300,-93.396698,0.129960,17.611099,-0.254575,-0.484236,-0.666545,0.506385,1757.283813,1526.255615,-3422.833252,1756.419678,1444.982178,-3426.470459,1770.985229,1566.810669,-3454.174316,1739.553345,1481.283813,-3378.763428,1762.176880,1611.946045,-3431.924316,1756.515991,1445.009033,-3426.532959,1770.891602,1566.827759,-3454.216064,1739.471802,1481.338379,-3378.689209,1762.257324,1611.846313,-3431.894043,2616.248047,1567.735352,-3159.724854,,,,,,,,,,,,,,,,,,,,,,,,,,,,,,,,,
1291,12.910000,0.000000,0.000000,0.000000,1.000000,0.000000,0.000000,0.000000,57.698101,20.499701,-14.700500,0.047771,-0.013570,0.015998,-15.666301,-52.738201,18.801300,-93.396698,0.129960,17.611099,-0.253415,-0.485007,-0.666842,0.505837,1756.507446,1526.594360,-3423.866211,1755.693604,1445.321167,-3427.518555,1770.283447,1567.161011,-3455.159668,1738.666138,1481.607056,-3379.857178,1761.386230,1612.288574,-3432.929443,1755.825684,1445.235840,-3427.589600,1770.145142,1567.222900,-3455.218994,1738.559082,1481.737915,-3379.783203,1761.498901,1612.182007,-3432.871826,2616.248779,1567.754639,-3159.741211,,,,,,,,,,,,,,,,,,,,,,,,,,,,,,,,,
1292,12.920000,0.000000,0.000000,0.000000,1.000000,0.000000,0.000000,0.000000,57.698101,20.499701,-14.700500,0.047771,-0.013570,0.015998,-15.666301,-52.738201,18.801300,-93.396698,0.129960,17.611099,-0.253485,-0.485013,-0.666706,0.505975,1755.781006,1526.932983,-3424.870361,1754.987061,1445.659058,-3428.511230,1769.537598,1567.498657,-3456.173340,1737.964111,1481.947144,-3380.849609,1760.635376,1612.627197,-3433.946777,1755.148438,1445.530518,-3428.644775,1769.406494,1567.553223,-3456.254639,1737.819458,1482.087769,-3380.688232,1760.747192,1612.563477,-3433.890869,2616.252197,1567.734375,-3159.761963,,,,,,,,,,,,,,,,,,,,,,,,,,,,,,,,,
1293,12.930000,0.000000,0.000000,0.000000,1.000000,0.000000,0.000000,0.000000,57.698101,20.499701,-14.700500,0.047771,-0.013570,0.015998,-15.666301,-52.738201,18.801300,-93.396698,0.129960,17.611099,-0.252396,-0.485612,-0.667163,0.505342,1755.027832,1527.291382,-3425.897217,1754.248779,1446.018921,-3429.574707,1768.872925,1567.871216,-3457.142822,1737.085571,1482.286011,-3381.947510,1759.903687,1612.989746,-3434.923096,1754.387939,1445.946289,-3429.682861,1768.765015,1567.879395,-3457.237549,1736.958862,1482.390503,-3381.810303,1759.996338,1612.953003,-3434.855713,2616.305420,1567.743042,-3159.755615,,,,,,,,,,,,,,,,,,,,,,,,,,,,,,,,,
1294,12.940000,0.000000,0.000000,0.000000,1.000000,0.000000,0.000000,0.000000,57.698101,20.499701,-14.700500,0.047771,-0.013570,0.015998,-15.666301,-52.738201,18.801300,-93.396698,0.129960,17.611099,-0.253122,-0.484761,-0.667355,0.505542,1754.236572,1527.611206,-3426.860352,1753.364136,1446.342285,-3430.592285,1768.064697,1568.197876,-3458.104736,1736.331177,1482.594604,-3382.907227,1759.186157,1613.310547,-3435.836914,1753.458374,1446.359741,-3430.719971,1768.033325,1568.173462,-3458.192383,1736.226196,1482.628174,-3382.723145,1759.222290,1613.288452,-3435.796875,2616.327881,1567.739746,-3159.775879,,,,,,,,,,,,,,,,,,,,,,,,,,,,,,,,,
1295,12.950000,0.000000,0.000000,0.000000,1.000000,0.000000,0.000000,0.000000,57.698101,20.499701,-14.700500,0.047771,-0.013570,0.015998,-15.666301,-52.738201,18.801300,-93.396698,0.129960,17.611099,-0.252602,-0.484393,-0.667894,0.505444,1753.436523,1527.946533,-3427.830566,1752.537720,1446.683472,-3431.684326,1767.300781,1568.574829,-3459.004883,1735.484863,1482.870972,-3383.957031,1758.422974,1613.657471,-3436.675781,1752.626831,1446.784302,-3431.760742,1767.254272,1568.560547,-3459.098633,1735.388794,1482.848633,-3383.821533,1758.474609,1613.596802,-3436.637207,2616.299316,1567.767822,-3159.803711,,,,,,,,,,,,,,,,,,,,,,,,,,,,,,,,,
1296,12.960000,0.000000,0.000000,0.000000,1.000000,0.000000,0.000000,0.000000,57.698101,20.499701,-14.700500,0.047771,-0.013570,0.015998,-15.666301,-52.738201,18.801300,-93.396698,0.129960,17.611099,-0.253929,-0.482784,-0.667841,0.506387,1752.691040,1528.239380,-3428.745605,1751.711426,1446.981934,-3432.695312,1766.451782,1568.895142,-3459.929688,1734.894287,1483.123657,-3384.849854,1757.706543,1613.957031,-3437.506836,1751.736572,1447.009399,-3432.726562,1766.463745,1568.983032,-3460.010010,1734.845581,1483.090454,-3384.752930,1757.716309,1613.875854,-3437.491699,2616.264160,1567.747681,-3159.834961,,,,,,,,,,,,,,,,,,,,,,,,,,,,,,,,,
1297,12.970000,0.000000,0.000000,0.000000,1.000000,0.000000,0.000000,0.000000,57.698101,20.499701,-14.700500,0.047771,-0.013570,0.015998,-15.666301,-52.738201,18.801300,-93.396698,0.129960,17.611099,-0.253442,-0.482519,-0.668207,0.506401,1751.915283,1528.449707,-3429.678467,1750.936646,1447.197021,-3433.727051,1765.693970,1569.142822,-3460.805908,1734.093506,1483.281250,-3385.847412,1756.937012,1614.177856,-3438.333496,1750.948853,1447.222534,-3433.699707,1765.673706,1569.230835,-3460.840820,1734.070679,1483.228394,-3385.836914,1756.967163,1614.119019,-3438.338867,2616.292725,1567.767578,-3159.844727,,,,,,,,,,,,,,,,,,,,,,,,,,,,,,,,,
1298,12.980000,0.000000,0.000000,0.000000,1.000000,0.000000,0.000000,0.000000,57.698101,20.499701,-14.700500,0.047771,-0.013570,0.015998,-15.666301,-52.738201,18.801300,-93.396698,0.129960,17.611099,-0.253915,-0.481875,-0.668279,0.506683,1751.153198,1528.652222,-3430.564209,1750.129395,1447.402466,-3434.659424,1764.904175,1569.357300,-3461.688477,1733.376343,1483.466309,-3386.732910,1756.202881,1614.383057,-3439.175781,1750.179077,1447.380127,-3434.663818,1764.842285,1569.459717,-3461.730713,1733.324951,1483.466309,-3386.696045,1756.264404,1614.306396,-3439.168213,2616.312012,1567.755249,-3159.841309,,,,,,,,,,,,,,,,,,,,,,,,,,,,,,,,,
1299,12.990000,0.000000,0.000000,0.000000,1.000000,0.000000,0.000000,0.000000,57.698101,20.499701,-14.700500,0.047771,-0.013570,0.015998,-15.666301,-52.738201,18.801300,-93.396698,0.129960,17.611099,-0.252895,-0.482466,-0.668738,0.506025,1750.380615,1528.815674,-3431.442871,1749.363403,1447.567383,-3435.569824,1764.222046,1569.530884,-3462.513916,1732.477173,1483.615234,-3387.677979,1755.459961,1614.549316,-3440.010010,1749.434326,1447.497314,-3435.587646,1764.125122,1569.653564,-3462.532959,1732.418457,1483.672852,-3387.650391,1755.543457,1614.440186,-3440.002197,2616.291016,1567.712402,-3159.837402,,,,,,,,,,,,,,,,,,,,,,,,,,,,,,,,,
1300,13.000000,0.000000,0.000000,0.000000,1.000000,0.000000,0.000000,0.000000,57.698101,20.499701,-14.700500,0.047771,-0.013570,0.015998,-15.666301,-52.738201,18.801300,-93.396698,0.129960,17.611099,-0.252898,-0.482105,-0.668900,0.506153,1749.560181,1529.006836,-3432.360107,1748.526855,1447.761597,-3436.543457,1763.396118,1569.741211,-3463.408203,1731.666504,1483.779175,-3388.619385,1754.651367,1614.745483,-3440.869629,1748.683105,1447.634766,-3436.653809,1763.225708,1569.792480,-3463.418701,1731.546387,1483.925659,-3388.521973,1754.786133,1614.675049,-3440.848145,2616.318848,1567.759888,-3159.827393,,,,,,,,,,,,,,,,,,,,,,,,,,,,,,,,,
1301,13.010000,0.000000,0.000000,0.000000,1.000000,0.000000,0.000000,0.000000,57.698101,20.499701,-14.700500,0.047771,-0.013570,0.015998,-15.666301,-52.738201,18.801300,-93.396698,0.129960,17.611099,-0.252254,-0.482113,-0.669343,0.505881,1748.693237,1529.137573,-3433.238525,1747.650269,1447.896606,-3437.498779,1762.578857,1569.898315,-3464.229736,1730.731812,1483.872559,-3389.564209,1753.811890,1614.883179,-3441.661133,1747.750000,1447.728516,-3437.572266,1762.481201,1569.908569,-3464.254883,1730.664429,1484.040771,-3389.522705,1753.880493,1614.870117,-3441.607910,2616.331299,1567.747925,-3159.830811,,,,,,,,,,,,,,,,,,,,,,,,,,,,,,,,,
1302,13.020000,0.000000,0.000000,0.000000,1.000000,0.000000,0.000000,0.000000,57.698101,20.499701,-14.700500,0.047771,-0.013570,0.015998,-15.666301,-52.738201,18.801300,-93.396698,0.129960,17.611099,-0.252356,-0.481791,-0.669667,0.505708,1747.822266,1529.302856,-3434.136475,1746.712158,1448.065063,-3438.441406,1761.737183,1570.069336,-3465.106934,1729.829590,1484.028320,-3390.484863,1753.010132,1615.048828,-3442.511963,1746.792480,1447.948486,-3438.522949,1761.693604,1570.018066,-3465.192383,1729.768555,1484.192749,-3390.418945,1753.034302,1615.057007,-3442.410889,2616.328125,1567.742310,-3159.815430,,,,,,,,,,,,,,,,,,,,,,,,,,,,,,,,,
1303,13.030000,0.000000,0.000000,0.000000,1.000000,0.000000,0.000000,0.000000,57.698101,20.499701,-14.700500,0.047771,-0.013570,0.015998,-15.666301,-52.738201,18.801300,-93.396698,0.129960,17.611099,-0.252472,-0.481283,-0.669967,0.505736,1746.908203,1529.486206,-3435.063965,1745.744141,1448.252930,-3439.438965,1760.832153,1570.270630,-3466.007080,1728.910400,1484.185303,-3391.441895,1752.145874,1615.236084,-3443.368408,1745.814941,1448.184814,-3439.487549,1760.771484,1570.187256,-3466.068848,1728.864136,1484.313965,-3391.420654,1752.180176,1615.261108,-3443.280273,2616.328125,1567.760742,-3159.812256,,,,,,,,,,,,,,,,,,,,,,,,,,,,,,,,,
1304,13.040000,0.000000,0.000000,0.000000,1.000000,0.000000,0.000000,0.000000,57.698101,20.499701,-14.700500,0.047771,-0.013570,0.015998,-15.666301,-52.738201,18.801300,-93.396698,0.129960,17.611099,-0.253096,-0.480451,-0.669960,0.506224,1745.939453,1529.564575,-3435.971680,1744.736938,1448.334961,-3440.402832,1759.811523,1570.366455,-3466.914795,1728.019531,1484.238647,-3392.343750,1751.190063,1615.318604,-3444.225342,1744.779541,1448.292603,-3440.441162,1759.794678,1570.337891,-3466.989258,1727.979004,1484.290039,-3392.293213,1751.203613,1615.338379,-3444.163818,2616.280029,1567.709351,-3159.797119,,,,,,,,,,,,,,,,,,,,,,,,,,,,,,,,,
1305,13.050000,0.000000,0.000000,0.000000,1.000000,0.000000,0.000000,0.000000,57.698101,20.499701,-14.700500,0.047771,-0.013570,0.015998,-15.666301,-52.738201,18.801300,-93.396698,0.129960,17.611099,-0.252210,-0.480815,-0.669854,0.506460,1744.992920,1529.649170,-3436.915771,1743.914429,1448.419678,-3441.383057,1758.844849,1570.484375,-3467.823975,1727.083496,1484.278442,-3393.330078,1750.129028,1615.414307,-3445.126221,1743.949463,1448.429565,-3441.387207,1758.810425,1570.466064,-3467.866211,1727.053955,1484.287231,-3393.317139,1750.157715,1615.413574,-3445.092773,2616.310303,1567.729004,-3159.775635,,,,,,,,,,,,,,,,,,,,,,,,,,,,,,,,,
1306,13.060000,0.000000,0.000000,0.000000,1.000000,0.000000,0.000000,0.000000,57.698101,20.499701,-14.700500,0.047771,-0.013570,0.015998,-15.666301,-52.738201,18.801300,-93.396698,0.129960,17.611099,-0.252177,-0.480558,-0.669857,0.506717,1744.045044,1529.687744,-3437.848389,1742.984131,1448.460327,-3442.356689,1757.872681,1570.542236,-3468.741943,1726.166626,1484.290527,-3394.277344,1749.156494,1615.458374,-3446.017334,1743.043335,1448.431519,-3442.387207,1757.817017,1570.576660,-3468.789062,1726.101318,1484.268188,-3394.205811,1749.215820,1615.474365,-3446.010254,2616.302490,1567.747681,-3159.766602,,,,,,,,,,,,,,,,,,,,,,,,,,,,,,,,,
1307,13.070000,0.000000,0.000000,0.000000,1.000000,0.000000,0.000000,0.000000,57.698101,20.499701,-14.700500,0.047771,-0.013570,0.015998,-15.666301,-52.738201,18.801300,-93.396698,0.129960,17.611099,-0.251839,-0.480867,-0.670064,0.506318,1743.106812,1529.670898,-3438.775391,1742.030396,1448.443481,-3443.278809,1756.984131,1570.519409,-3469.654541,1725.161743,1484.281494,-3395.223633,1748.251099,1615.439575,-3446.944092,1742.042847,1448.397461,-3443.240723,1756.961792,1570.642090,-3469.708252,1725.129150,1484.204468,-3395.203613,1748.290527,1615.445557,-3446.951660,2616.268311,1567.746948,-3159.767578,,,,,,,,,,,,,,,,,,,,,,,,,,,,,,,,,
1308,13.080000,0.000000,0.000000,0.000000,1.000000,0.000000,0.000000,0.000000,57.698101,20.499701,-14.700500,0.047771,-0.013570,0.015998,-15.666301,-52.738201,18.801300,-93.396698,0.129960,17.611099,-0.251678,-0.481146,-0.670119,0.506060,1742.137207,1529.631714,-3439.657715,1741.055664,1448.403076,-3444.138672,1756.042603,1570.469849,-3470.537842,1724.153687,1484.256836,-3396.106689,1747.296753,1615.397461,-3447.847168,1741.046631,1448.322144,-3444.125000,1756.096436,1570.647461,-3470.656250,1724.124512,1484.203369,-3396.036621,1747.286987,1615.373169,-3447.825439,2616.313721,1567.769165,-3159.724121,,,,,,,,,,,,,,,,,,,,,,,,,,,,,,,,,
1309,13.090000,0.000000,0.000000,0.000000,1.000000,0.000000,0.000000,0.000000,57.698101,20.499701,-14.700500,0.047771,-0.013570,0.015998,-15.666301,-52.738201,18.801300,-93.396698,0.129960,17.611099,-0.250861,-0.482052,-0.670179,0.505525,1741.145874,1529.609619,-3440.526367,1740.113281,1448.377686,-3444.961426,1755.111328,1570.435669,-3471.395508,1723.072021,1484.252441,-3396.994141,1746.286743,1615.372803,-3448.754150,1740.122437,1448.289185,-3444.950684,1755.141113,1570.606689,-3471.526367,1723.033569,1484.233032,-3396.931641,1746.289429,1615.327393,-3448.711670,2616.248535,1567.733276,-3159.726074,,,,,,,,,,,,,,,,,,,,,,,,,,,,,,,,,
1310,13.100000,0.000000,0.000000,0.000000,1.000000,0.000000,0.000000,0.000000,57.698101,20.499701,-14.700500,0.047771,-0.013570,0.015998,-15.666301,-52.738201,18.801300,-93.396698,0.129960,17.611099,-0.250710,-0.482647,-0.670092,0.505147,1740.183105,1529.589966,-3441.379883,1739.157715,1448.354126,-3445.741455,1754.182251,1570.388062,-3472.270752,1722.061523,1484.272339,-3397.826416,1745.331055,1615.345703,-3449.680664,1739.173218,1448.242065,-3445.798584,1754.243408,1570.585571,-3472.398926,1722.008545,1484.298096,-3397.685791,1745.312012,1615.254883,-3449.644287,2616.260498,1567.766602,-3159.718262,,,,,,,,,,,,,,,,,,,,,,,,,,,,,,,,,
1311,13.110000,0.000000,0.000000,0.000000,1.000000,0.000000,0.000000,0.000000,57.698101,20.499701,-14.700500,0.047771,-0.013570,0.015998,-15.666301,-52.738201,18.801300,-93.396698,0.129960,17.611099,-0.249652,-0.483839,-0.669904,0.504780,1739.218018,1529.584961,-3442.238037,1738.312012,1448.343994,-3446.529785,1753.252441,1570.374023,-3473.125000,1721.030640,1484.282349,-3398.696777,1744.276978,1615.339966,-3450.600830,1738.377808,1448.255127,-3446.612793,1753.250122,1570.561401,-3473.257080,1720.930786,1484.307861,-3398.515869,1744.307495,1615.232300,-3450.566650,2616.301270,1567.763672,-3159.697266,,,,,,,,,,,,,,,,,,,,,,,,,,,,,,,,,
1312,13.120000,0.000000,0.000000,0.000000,1.000000,0.000000,0.000000,0.000000,57.698101,20.499701,-14.700500,0.047771,-0.013570,0.015998,-15.666301,-52.738201,18.801300,-93.396698,0.129960,17.611099,-0.249331,-0.484501,-0.669389,0.504986,1738.357544,1529.609741,-3443.074951,1737.570923,1448.363403,-3447.289307,1752.353149,1570.389282,-3473.992188,1720.207275,1484.322754,-3399.501465,1743.298828,1615.364014,-3451.516602,1737.689697,1448.238037,-3447.413818,1752.293579,1570.481201,-3474.107910,1720.073242,1484.388306,-3399.301270,1743.365479,1615.332886,-3451.471436,2616.271729,1567.733154,-3159.683594,,,,,,,,,,,,,,,,,,,,,,,,,,,,,,,,,
1313,13.130000,0.000000,0.000000,0.000000,1.000000,0.000000,0.000000,0.000000,57.698101,20.499701,-14.700500,0.047771,-0.013570,0.015998,-15.666301,-52.738201,18.801300,-93.396698,0.129960,17.611099,-0.248975,-0.484985,-0.669354,0.504743,1737.566895,1529.660522,-3443.944336,1736.809448,1448.412109,-3448.123779,1751.587158,1570.430420,-3474.863037,1719.378418,1484.387451,-3400.372559,1742.492676,1615.412354,-3452.418213,1736.958130,1448.295654,-3448.262695,1751.475342,1570.483643,-3474.928955,1719.235474,1484.473633,-3400.189941,1742.595581,1615.388306,-3452.392090,2616.255371,1567.731201,-3159.692627,,,,,,,,,,,,,,,,,,,,,,,,,,,,,,,,,
1314,13.140000,0.000000,0.000000,0.000000,1.000000,0.000000,0.000000,0.000000,57.698101,20.499701,-14.700500,0.047771,-0.013570,0.015998,-15.666301,-52.738201,18.801300,-93.396698,0.129960,17.611099,-0.249047,-0.485331,-0.669394,0.504322,1736.778931,1529.719849,-3444.788818,1735.983521,1448.468872,-3448.911377,1750.840698,1570.460938,-3475.726562,1718.538208,1484.486694,-3401.197510,1741.753418,1615.463135,-3453.320068,1736.086060,1448.422852,-3449.045410,1750.795776,1570.459106,-3475.796631,1718.421631,1484.512085,-3401.000977,1741.805542,1615.484497,-3453.300537,2616.256836,1567.729004,-3159.701172,,,,,,,,,,,,,,,,,,,,,,,,,,,,,,,,,
1315,13.150000,0.000000,0.000000,0.000000,1.000000,0.000000,0.000000,0.000000,57.698101,20.499701,-14.700500,0.047771,-0.013570,0.015998,-15.666301,-52.738201,18.801300,-93.396698,0.129960,17.611099,-0.249064,-0.485652,-0.669355,0.504057,1736.000977,1529.729492,-3445.572266,1735.193726,1448.476196,-3449.645020,1750.086426,1570.448975,-3476.527588,1717.728882,1484.526367,-3401.962891,1740.994873,1615.466675,-3454.153564,1735.254395,1448.466187,-3449.743896,1750.094116,1570.416870,-3476.627930,1717.652588,1484.555176,-3401.811523,1740.999634,1615.480713,-3454.101074,2616.247070,1567.732544,-3159.707031,,,,,,,,,,,,,,,,,,,,,,,,,,,,,,,,,
1316,13.160000,0.000000,0.000000,0.000000,1.000000,0.000000,0.000000,0.000000,57.698101,20.499701,-14.700500,0.047771,-0.013570,0.015998,-15.666301,-52.738201,18.801300,-93.396698,0.129960,17.611099,-0.249290,-0.485503,-0.669254,0.504222,1735.228271,1529.772705,-3446.345703,1734.420776,1448.519287,-3450.414307,1749.291870,1570.491333,-3477.312256,1716.986450,1484.571045,-3402.722168,1740.214111,1615.509766,-3454.934082,1734.462769,1448.537109,-3450.465088,1749.302490,1570.432251,-3477.423340,1716.937744,1484.599731,-3402.640869,1740.208984,1615.519775,-3454.856689,2616.261475,1567.756958,-3159.731934,,,,,,,,,,,,,,,,,,,,,,,,,,,,,,,,,
1317,13.170000,0.000000,0.000000,0.000000,1.000000,0.000000,0.000000,0.000000,57.698101,20.499701,-14.700500,0.047771,-0.013570,0.015998,-15.666301,-52.738201,18.801300,-93.396698,0.129960,17.611099,-0.249912,-0.484894,-0.669214,0.504554,1734.500732,1529.780396,-3447.084717,1733.651489,1448.528564,-3451.177246,1748.526245,1570.502808,-3478.063477,1716.317871,1484.572632,-3403.442627,1739.507324,1615.517944,-3455.655029,1733.650757,1448.549194,-3451.185059,1748.552002,1570.474487,-3478.109619,1716.312378,1484.567627,-3403.420654,1739.488770,1615.529297,-3455.624023,2616.261719,1567.739380,-3159.751221,,,,,,,,,,,,,,,,,,,,,,,,,,,,,,,,,
1318,13.180000,0.000000,0.000000,0.000000,1.000000,0.000000,0.000000,0.000000,57.698101,20.499701,-14.700500,0.047771,-0.013570,0.015998,-15.666301,-52.738201,18.801300,-93.396698,0.129960,17.611099,-0.250230,-0.484546,-0.669472,0.504387,1733.771973,1529.754395,-3447.799316,1732.842163,1448.504639,-3451.916748,1747.821533,1570.472778,-3478.772217,1715.566650,1484.550659,-3404.162354,1738.857178,1615.489746,-3456.345215,1732.844116,1448.505981,-3451.866699,1747.805786,1570.495117,-3478.811279,1715.555298,1484.479126,-3404.181641,1738.881958,1615.536011,-3456.337402,2616.273926,1567.745605,-3159.754883,,,,,,,,,,,,,,,,,,,,,,,,,,,,,,,,,
1319,13.190000,0.000000,0.000000,0.000000,1.000000,0.000000,0.000000,0.000000,57.698101,20.499701,-14.700500,0.047771,-0.013570,0.015998,-15.666301,-52.738201,18.801300,-93.396698,0.129960,17.611099,-0.250312,-0.484735,-0.669399,0.504263,1733.034790,1529.750610,-3448.479248,1732.099487,1448.499023,-3452.558838,1747.092896,1570.453369,-3479.468750,1714.818726,1484.568726,-3404.824219,1738.128174,1615.481445,-3457.064697,1732.115112,1448.517456,-3452.533203,1747.065186,1570.491089,-3479.494873,1714.793457,1484.497803,-3404.814697,1738.164429,1615.494629,-3457.073975,2616.295898,1567.761841,-3159.768311,,,,,,,,,,,,,,,,,,,,,,,,,,,,,,,,,
1320,13.200000,0.000000,0.000000,0.000000,1.000000,0.000000,0.000000,0.000000,57.698101,20.499701,-14.700500,0.047771,-0.013570,0.015998,-15.666301,-52.738201,18.801300,-93.396698,0.129960,17.611099,-0.249677,-0.485287,-0.669500,0.503912,1732.316406,1529.754395,-3449.131348,1731.414429,1448.501831,-3453.198242,1746.416992,1570.456299,-3480.102783,1714.036377,1484.574463,-3405.501221,1737.397705,1615.485474,-3457.722656,1731.446899,1448.488892,-3453.155518,1746.352661,1570.536865,-3480.135742,1714.001221,1484.525513,-3405.511719,1737.462158,1615.469604,-3457.723389,2616.271729,1567.762695,-3159.799561,,,,,,,,,,,,,,,,,,,,,,,,,,,,,,,,,
1321,13.210000,0.000000,0.000000,0.000000,1.000000,0.000000,0.000000,0.000000,57.698101,20.499701,-14.700500,0.047771,-0.013570,0.015998,-15.666301,-52.738201,18.801300,-93.396698,0.129960,17.611099,-0.249920,-0.485423,-0.669507,0.503653,1731.499634,1529.707764,-3449.776367,1730.555542,1448.453369,-3453.798828,1745.623535,1570.385376,-3480.769287,1713.193237,1484.561279,-3406.122803,1736.626343,1615.431396,-3458.414551,1730.627197,1448.377930,-3453.781494,1745.501709,1570.419189,-3480.776855,1713.143555,1484.584351,-3406.142578,1736.725952,1615.449463,-3458.403564,2616.267334,1567.724854,-3159.818848,,,,,,,,,,,,,,,,,,,,,,,,,,,,,,,,,
1322,13.220000,0.000000,0.000000,0.000000,1.000000,0.000000,0.000000,0.000000,57.698101,20.499701,-14.700500,0.047771,-0.013570,0.015998,-15.666301,-52.738201,18.801300,-93.396698,0.129960,17.611099,-0.249966,-0.485743,-0.669593,0.503205,1730.619019,1529.662720,-3450.419189,1729.631592,1448.406494,-3454.392334,1744.789062,1570.313110,-3481.426758,1712.254517,1484.553589,-3406.751465,1735.801147,1615.378174,-3459.106201,1729.681274,1448.280518,-3454.411865,1744.726562,1570.399292,-3481.436768,1712.215210,1484.615845,-3406.729980,1735.853516,1615.351929,-3459.098877,2616.315918,1567.728638,-3159.814697,,,,,,,,,,,,,,,,,,,,,,,,,,,,,,,,,
1323,13.230000,0.000000,0.000000,0.000000,1.000000,0.000000,0.000000,0.000000,57.698101,20.499701,-14.700500,0.047771,-0.013570,0.015998,-15.666301,-52.738201,18.801300,-93.396698,0.129960,17.611099,-0.249310,-0.486365,-0.670232,0.502079,1729.690308,1529.630005,-3451.077637,1728.616577,1448.374634,-3455.044434,1743.999756,1570.259644,-3482.048340,1711.144165,1484.548096,-3407.458496,1735.000732,1615.338257,-3459.759277,1728.642578,1448.202637,-3455.064209,1744.000488,1570.423828,-3482.127441,1711.104736,1484.600342,-3407.398682,1735.015259,1615.295166,-3459.728271,2616.319336,1567.746948,-3159.821289,,,,,,,,,,,,,,,,,,,,,,,,,,,,,,,,,
1324,13.240000,0.000000,0.000000,0.000000,1.000000,0.000000,0.000000,0.000000,57.698101,20.499701,-14.700500,0.047771,-0.013570,0.015998,-15.666301,-52.738201,18.801300,-93.396698,0.129960,17.611099,-0.249681,-0.486441,-0.670404,0.501591,1728.654907,1529.579346,-3451.722656,1727.488281,1448.322998,-3455.644775,1743.015137,1570.175537,-3482.713623,1710.050781,1484.542847,-3408.081055,1734.065063,1615.276611,-3460.450684,1727.531006,1448.177002,-3455.736816,1743.039062,1570.333740,-3482.805176,1709.985229,1484.628052,-3407.933594,1734.063965,1615.186401,-3460.417236,2616.309082,1567.699585,-3159.832031,,,,,,,,,,,,,,,,,,,,,,,,,,,,,,,,,
1325,13.250000,0.000000,0.000000,0.000000,1.000000,0.000000,0.000000,0.000000,57.698101,20.499701,-14.700500,0.047771,-0.013570,0.015998,-15.666301,-52.738201,18.801300,-93.396698,0.129960,17.611099,-0.249492,-0.486582,-0.670520,0.501392,1727.599243,1529.538330,-3452.408936,1726.424683,1448.282104,-3456.333252,1741.984985,1570.132935,-3483.390381,1708.961182,1484.503540,-3408.780273,1733.026245,1615.234863,-3461.132568,1726.489014,1448.095581,-3456.415771,1741.972168,1570.303223,-3483.488037,1708.888916,1484.642090,-3408.661133,1733.046631,1615.117188,-3461.074463,2616.336670,1567.734985,-3159.827637,,,,,,,,,,,,,,,,,,,,,,,,,,,,,,,,,
1326,13.260000,0.000000,0.000000,0.000000,1.000000,0.000000,0.000000,0.000000,57.698101,20.499701,-14.700500,0.047771,-0.013570,0.015998,-15.666301,-52.738201,18.801300,-93.396698,0.129960,17.611099,-0.249631,-0.486387,-0.670157,0.501998,1726.505981,1529.586792,-3453.125000,1725.403564,1448.329834,-3457.053711,1740.817627,1570.197266,-3484.119873,1707.960693,1484.531372,-3409.478027,1731.842041,1615.288940,-3461.848389,1725.504150,1448.221069,-3457.173828,1740.776489,1570.265381,-3484.217285,1707.863403,1484.703125,-3409.333984,1731.877197,1615.164673,-3461.767090,2616.307861,1567.748169,-3159.833252,,,,,,,,,,,,,,,,,,,,,,,,,,,,,,,,,
1327,13.270000,0.000000,0.000000,0.000000,1.000000,0.000000,0.000000,0.000000,57.698101,20.499701,-14.700500,0.047771,-0.013570,0.015998,-15.666301,-52.738201,18.801300,-93.396698,0.129960,17.611099,-0.249048,-0.486519,-0.670035,0.502322,1725.395752,1529.696777,-3453.887451,1724.392334,1448.440430,-3457.853271,1739.675659,1570.338257,-3484.856445,1706.880859,1484.599609,-3410.270752,1730.634277,1615.409302,-3462.569580,1724.522339,1448.415771,-3457.979492,1739.594482,1570.320923,-3484.946045,1706.760376,1484.709473,-3410.117676,1730.702881,1615.348877,-3462.501221,2616.328125,1567.742065,-3159.829102,,,,,,,,,,,,,,,,,,,,,,,,,,,,,,,,,
1328,13.280000,0.000000,0.000000,0.000000,1.000000,0.000000,0.000000,0.000000,57.698101,20.499701,-14.700500,0.047771,-0.013570,0.015998,-15.666301,-52.738201,18.801300,-93.396698,0.129960,17.611099,-0.249533,-0.485952,-0.669946,0.502750,1724.361816,1529.833740,-3454.671631,1723.344116,1448.579102,-3458.668213,1738.593384,1570.486328,-3485.648193,1705.915894,1484.720825,-3411.041992,1729.593628,1615.549194,-3463.328125,1723.438232,1448.596069,-3458.770996,1738.548584,1570.470337,-3485.732666,1705.811157,1484.729370,-3410.881348,1729.643066,1615.540894,-3463.294922,2616.332520,1567.735596,-3159.818359,,,,,,,,,,,,,,,,,,,,,,,,,,,,,,,,,
1329,13.290000,0.000000,0.000000,0.000000,1.000000,0.000000,0.000000,0.000000,57.698101,20.499701,-14.700500,0.047771,-0.013570,0.015998,-15.666301,-52.738201,18.801300,-93.396698,0.129960,17.611099,-0.250157,-0.484953,-0.669741,0.503676,1723.296143,1529.989380,-3455.506348,1722.294800,1448.738159,-3459.579346,1737.425659,1570.676880,-3486.483643,1704.989746,1484.827637,-3411.868408,1728.474121,1615.715088,-3464.094238,1722.323853,1448.746216,-3459.594727,1737.412720,1570.683960,-3486.538086,1704.952393,1484.806885,-3411.819580,1728.494263,1615.719971,-3464.072266,2616.288330,1567.760132,-3159.808350,,,,,,,,,,,,,,,,,,,,,,,,,,,,,,,,,
1330,13.300000,0.000000,0.000000,0.000000,1.000000,0.000000,0.000000,0.000000,57.698101,20.499701,-14.700500,0.047771,-0.013570,0.015998,-15.666301,-52.738201,18.801300,-93.396698,0.129960,17.611099,-0.250504,-0.484293,-0.669330,0.504683,1722.179565,1530.135376,-3456.386475,1721.257690,1448.885742,-3460.509033,1736.192871,1570.858154,-3487.370361,1704.023560,1484.925781,-3412.735107,1727.243774,1615.872192,-3464.931396,1721.283813,1448.893799,-3460.464355,1736.136963,1570.913208,-3487.397949,1703.984863,1484.814697,-3412.731445,1727.310425,1615.917114,-3464.952637,2616.297119,1567.754761,-3159.806152,,,,,,,,,,,,,,,,,,,,,,,,,,,,,,,,,
1331,13.310000,0.000000,0.000000,0.000000,1.000000,0.000000,0.000000,0.000000,57.698101,20.499701,-14.700500,0.047771,-0.013570,0.015998,-15.666301,-52.738201,18.801300,-93.396698,0.129960,17.611099,-0.250420,-0.484127,-0.668992,0.505332,1721.056519,1530.269531,-3457.291504,1720.229248,1449.020142,-3461.438232,1734.994141,1571.018555,-3488.274902,1702.992432,1485.024658,-3413.638916,1726.009888,1616.014893,-3465.814697,1720.299805,1448.989258,-3461.400879,1734.877075,1571.106323,-3488.325195,1702.918701,1484.946167,-3413.623535,1726.125732,1616.040771,-3465.819092,2616.285889,1567.743896,-3159.781738,,,,,,,,,,,,,,,,,,,,,,,,,,,,,,,,,
1332,13.320000,0.000000,0.000000,0.000000,1.000000,0.000000,0.000000,0.000000,57.698101,20.499701,-14.700500,0.047771,-0.013570,0.015998,-15.666301,-52.738201,18.801300,-93.396698,0.129960,17.611099,-0.250051,-0.484631,-0.668487,0.505700,1719.916138,1530.381226,-3458.239746,1719.221436,1449.128174,-3462.337402,1733.800415,1571.133911,-3489.242432,1701.907715,1485.133911,-3414.566406,1724.734741,1616.129272,-3466.812744,1719.283569,1449.049194,-3462.365967,1733.731567,1571.222778,-3489.273682,1701.849365,1485.166504,-3414.516357,1724.798462,1616.087891,-3466.804932,2616.318848,1567.739258,-3159.743896,,,,,,,,,,,,,,,,,,,,,,,,,,,,,,,,,
1333,13.330000,0.000000,0.000000,0.000000,1.000000,0.000000,0.000000,0.000000,57.698101,20.499701,-14.700500,0.047771,-0.013570,0.015998,-15.666301,-52.738201,18.801300,-93.396698,0.129960,17.611099,-0.250657,-0.484041,-0.668198,0.506346,1718.760254,1530.489746,-3459.233643,1718.079102,1449.237305,-3463.347656,1732.565796,1571.253052,-3490.257568,1700.859497,1485.227905,-3415.531494,1723.536621,1616.241089,-3467.798584,1718.085083,1449.123291,-3463.391846,1732.590942,1571.378540,-3490.286621,1700.857666,1485.395752,-3415.502930,1723.505615,1616.059326,-3467.749756,2616.303223,1567.676636,-3159.728271,,,,,,,,,,,,,,,,,,,,,,,,,,,,,,,,,
1334,13.340000,0.000000,0.000000,0.000000,1.000000,0.000000,0.000000,0.000000,57.698101,20.499701,-14.700500,0.047771,-0.013570,0.015998,-15.666301,-52.738201,18.801300,-93.396698,0.129960,17.611099,-0.250856,-0.483939,-0.667753,0.506932,1717.451294,1530.600342,-3460.205566,1716.845703,1449.346436,-3464.302246,1731.180542,1571.370972,-3491.253418,1699.645996,1485.329468,-3416.473389,1722.132935,1616.354492,-3468.792969,1716.899292,1449.264526,-3464.387939,1731.163574,1571.424561,-3491.293213,1699.606812,1485.530518,-3416.408691,1722.134277,1616.183472,-3468.723389,2616.293945,1567.737427,-3159.719727,,,,,,,,,,,,,,,,,,,,,,,,,,,,,,,,,
1335,13.350000,0.000000,0.000000,0.000000,1.000000,0.000000,0.000000,0.000000,57.698101,20.499701,-14.700500,0.047771,-0.013570,0.015998,-15.666301,-52.738201,18.801300,-93.396698,0.129960,17.611099,-0.251252,-0.483765,-0.667377,0.507397,1716.042236,1530.760376,-3461.165527,1715.474487,1449.505005,-3465.237061,1729.708130,1571.529053,-3492.243896,1698.319946,1485.493286,-3417.395752,1720.666626,1616.514404,-3469.784912,1715.509521,1449.441772,-3465.332275,1729.735962,1571.507568,-3492.314453,1698.295044,1485.699097,-3417.321289,1720.624390,1616.406616,-3469.682129,2616.272461,1567.780029,-3159.727783,,,,,,,,,,,,,,,,,,,,,,,,,,,,,,,,,
1336,13.360000,0.000000,0.000000,0.000000,1.000000,0.000000,0.000000,0.000000,57.698101,20.499701,-14.700500,0.047771,-0.013570,0.015998,-15.666301,-52.738201,18.801300,-93.396698,0.129960,17.611099,-0.252492,-0.482763,-0.666948,0.508299,1714.695801,1530.934082,-3462.044678,1714.107544,1449.679077,-3466.123535,1728.247192,1571.705444,-3493.169434,1697.135254,1485.663086,-3418.214111,1719.293213,1616.688965,-3470.671387,1714.159912,1449.682373,-3466.225342,1728.252808,1571.670166,-3493.238037,1697.085083,1485.771484,-3418.104248,1719.283813,1616.618530,-3470.605957,2616.262939,1567.761108,-3159.723389,,,,,,,,,,,,,,,,,,,,,,,,,,,,,,,,,
1337,13.370000,0.000000,0.000000,0.000000,1.000000,0.000000,0.000000,0.000000,57.698101,20.499701,-14.700500,0.047771,-0.013570,0.015998,-15.666301,-52.738201,18.801300,-93.396698,0.129960,17.611099,-0.253307,-0.482300,-0.666766,0.508572,1713.357300,1531.088623,-3462.968750,1712.722778,1449.832886,-3467.026367,1726.868408,1571.845947,-3494.129639,1695.859253,1485.836792,-3419.093262,1717.978882,1616.839111,-3471.625732,1712.776611,1449.756836,-3467.076660,1726.841553,1571.932373,-3494.205322,1695.791260,1485.845581,-3418.988770,1718.016235,1616.822021,-3471.605225,2616.250488,1567.754517,-3159.709473,,,,,,,,,,,,,,,,,,,,,,,,,,,,,,,,,
1338,13.380000,0.000000,0.000000,0.000000,1.000000,0.000000,0.000000,0.000000,57.698101,20.499701,-14.700500,0.047771,-0.013570,0.015998,-15.666301,-52.738201,18.801300,-93.396698,0.129960,17.611099,-0.254210,-0.481779,-0.666410,0.509082,1712.147827,1531.239258,-3463.820801,1711.496094,1449.982544,-3467.851562,1725.587646,1571.985718,-3495.026611,1694.751221,1486.002563,-3419.889160,1716.756348,1616.986572,-3472.515137,1711.527954,1449.883423,-3467.868896,1725.575806,1572.199829,-3495.112061,1694.681030,1485.920654,-3419.767578,1716.799927,1616.970825,-3472.536621,2616.229492,1567.752930,-3159.701416,,,,,,,,,,,,,,,,,,,,,,,,,,,,,,,,,
1339,13.390000,0.000000,0.000000,0.000000,1.000000,0.000000,0.000000,0.000000,57.698101,20.499701,-14.700500,0.047771,-0.013570,0.015998,-15.666301,-52.738201,18.801300,-93.396698,0.129960,17.611099,-0.253996,-0.482495,-0.666481,0.508417,1710.999268,1531.420776,-3464.689453,1710.322632,1450.160278,-3468.639893,1724.507690,1572.130615,-3495.913818,1693.510742,1486.235107,-3420.741943,1715.655762,1617.157593,-3473.462402,1710.416260,1450.033081,-3468.654785,1724.388306,1572.340210,-3495.985107,1693.396973,1486.160034,-3420.629883,1715.782593,1617.163330,-3473.490234,2616.256592,1567.775024,-3159.701172,,,,,,,,,,,,,,,,,,,,,,,,,,,,,,,,,
1340,13.400000,0.000000,0.000000,0.000000,1.000000,0.000000,0.000000,0.000000,57.698101,20.499701,-14.700500,0.047771,-0.013570,0.015998,-15.666301,-52.738201,18.801300,-93.396698,0.129960,17.611099,-0.254257,-0.483178,-0.666172,0.508042,1709.925415,1531.643188,-3465.505859,1709.243652,1450.376099,-3469.321289,1723.454712,1572.299683,-3496.790283,1692.408569,1486.532227,-3421.492920,1714.594604,1617.364746,-3474.418945,1709.365112,1450.181152,-3469.390625,1723.333252,1572.479004,-3496.862549,1692.284180,1486.548828,-3421.353760,1714.713989,1617.361450,-3474.421143,2616.306641,1567.742676,-3159.695801,,,,,,,,,,,,,,,,,,,,,,,,,,,,,,,,,
1341,13.410000,0.000000,0.000000,0.000000,1.000000,0.000000,0.000000,0.000000,57.698101,20.499701,-14.700500,0.047771,-0.013570,0.015998,-15.666301,-52.738201,18.801300,-93.396698,0.129960,17.611099,-0.253933,-0.484103,-0.665980,0.507576,1708.810669,1531.843384,-3466.238037,1708.164429,1450.571289,-3469.946777,1722.379395,1572.463257,-3497.552979,1691.234131,1486.784546,-3422.195312,1713.464722,1617.554932,-3475.256592,1708.298706,1450.371338,-3470.008057,1722.249390,1572.575195,-3497.648193,1691.113159,1486.848267,-3422.089600,1713.583130,1617.568237,-3475.213623,2616.266113,1567.717773,-3159.698730,,,,,,,,,,,,,,,,,,,,,,,,,,,,,,,,,
1342,13.420000,0.000000,0.000000,0.000000,1.000000,0.000000,0.000000,0.000000,57.698101,20.499701,-14.700500,0.047771,-0.013570,0.015998,-15.666301,-52.738201,18.801300,-93.396698,0.129960,17.611099,-0.254607,-0.484297,-0.665537,0.507634,1707.577637,1532.079346,-3466.910400,1706.925781,1450.802368,-3470.509521,1721.116699,1572.656738,-3498.293213,1690.043091,1487.080078,-3422.790283,1712.224854,1617.778442,-3476.048828,1707.013794,1450.713135,-3470.580811,1721.043091,1572.628784,-3498.343262,1689.969482,1487.157837,-3422.714844,1712.284790,1617.816528,-3476.003418,2616.270020,1567.758301,-3159.717285,,,,,,,,,,,,,,,,,,,,,,,,,,,,,,,,,
1343,13.430000,0.000000,0.000000,0.000000,1.000000,0.000000,0.000000,0.000000,57.698101,20.499701,-14.700500,0.047771,-0.013570,0.015998,-15.666301,-52.738201,18.801300,-93.396698,0.129960,17.611099,-0.254891,-0.484332,-0.665160,0.507953,1706.256592,1532.356079,-3467.501953,1705.646240,1451.076660,-3471.056641,1719.746948,1572.924072,-3498.917725,1688.784180,1487.370850,-3423.342773,1710.849121,1618.052734,-3476.689941,1705.657715,1451.066406,-3471.089844,1719.753052,1572.853149,-3498.931396,1688.783325,1487.441284,-3423.334961,1710.832642,1618.062988,-3476.651367,2616.241455,1567.749390,-3159.750244,,,,,,,,,,,,,,,,,,,,,,,,,,,,,,,,,
1344,13.440000,0.000000,0.000000,0.000000,1.000000,0.000000,0.000000,0.000000,57.698101,20.499701,-14.700500,0.047771,-0.013570,0.015998,-15.666301,-52.738201,18.801300,-93.396698,0.129960,17.611099,-0.254927,-0.484608,-0.664695,0.508279,1704.972412,1532.609863,-3467.996826,1704.443115,1451.327393,-3471.495605,1718.411621,1573.169800,-3499.445068,1687.559448,1487.637573,-3423.801270,1709.475220,1618.304810,-3477.245361,1704.417114,1451.341675,-3471.507324,1718.480713,1573.173340,-3499.494141,1687.570312,1487.637695,-3423.770264,1709.422974,1618.286377,-3477.216797,2616.279053,1567.763550,-3159.769043,,,,,,,,,,,,,,,,,,,,,,,,,,,,,,,,,
1345,13.450000,0.000000,0.000000,0.000000,1.000000,0.000000,0.000000,0.000000,57.698101,20.499701,-14.700500,0.047771,-0.013570,0.015998,-15.666301,-52.738201,18.801300,-93.396698,0.129960,17.611099,-0.255118,-0.484651,-0.664766,0.508050,1703.550415,1532.729004,-3468.427734,1702.977661,1451.445923,-3471.902100,1717.013062,1573.272339,-3499.887207,1686.111206,1487.779419,-3424.219482,1708.099976,1618.418823,-3477.701660,1702.977905,1451.397217,-3471.856934,1716.995605,1573.361938,-3499.913574,1686.100098,1487.728394,-3424.229980,1708.126831,1618.431519,-3477.710205,2616.308350,1567.738647,-3159.774658,,,,,,,,,,,,,,,,,,,,,,,,,,,,,,,,,
1346,13.460000,0.000000,0.000000,0.000000,1.000000,0.000000,0.000000,0.000000,57.698101,20.499701,-14.700500,0.047771,-0.013570,0.015998,-15.666301,-52.738201,18.801300,-93.396698,0.129960,17.611099,-0.254580,-0.485623,-0.664836,0.507299,1702.111450,1532.880127,-3468.799316,1701.542725,1451.593506,-3472.188965,1715.653809,1573.389404,-3500.268799,1684.560791,1487.978271,-3424.586426,1706.688477,1618.559814,-3478.153076,1701.573730,1451.536743,-3472.167969,1715.598022,1573.530762,-3500.291748,1684.519165,1487.928345,-3424.560547,1706.750854,1618.534424,-3478.178223,2616.312988,1567.762329,-3159.782227,,,,,,,,,,,,,,,,,,,,,,,,,,,,,,,,,
1347,13.470000,0.000000,0.000000,0.000000,1.000000,0.000000,0.000000,0.000000,57.698101,20.499701,-14.700500,0.047771,-0.013570,0.015998,-15.666301,-52.738201,18.801300,-93.396698,0.129960,17.611099,-0.254029,-0.486613,-0.665063,0.506328,1700.831543,1533.124268,-3469.126953,1700.233032,1451.834473,-3472.434570,1714.481323,1573.594604,-3500.599854,1683.135620,1488.276489,-3424.917236,1705.476196,1618.792114,-3478.556152,1700.363159,1451.748779,-3472.505127,1714.327637,1573.699341,-3500.624023,1683.010864,1488.277710,-3424.797607,1705.619019,1618.773438,-3478.581299,2616.279541,1567.741089,-3159.813232,,,,,,,,,,,,,,,,,,,,,,,,,,,,,,,,,
1348,13.480000,0.000000,0.000000,0.000000,1.000000,0.000000,0.000000,0.000000,57.698101,20.499701,-14.700500,0.047771,-0.013570,0.015998,-15.666301,-52.738201,18.801300,-93.396698,0.129960,17.611099,-0.253043,-0.487616,-0.665309,0.505532,1699.656738,1533.409546,-3469.470947,1699.081909,1452.117920,-3472.739746,1713.401611,1573.866211,-3500.920166,1681.825439,1488.581055,-3425.296143,1704.317993,1619.073364,-3478.927979,1699.241455,1451.949463,-3472.842773,1713.250488,1573.962036,-3500.990479,1681.681030,1488.661743,-3425.151855,1704.452515,1619.059448,-3478.902100,2616.265625,1567.703247,-3159.832275,,,,,,,,,,,,,,,,,,,,,,,,,,,,,,,,,
1349,13.490000,0.000000,0.000000,0.000000,1.000000,0.000000,0.000000,0.000000,57.698101,20.499701,-14.700500,0.047771,-0.013570,0.015998,-15.666301,-52.738201,18.801300,-93.396698,0.129960,17.611099,-0.253363,-0.487521,-0.665274,0.505510,1698.471191,1533.766479,-3469.763428,1697.865967,1452.474365,-3473.012207,1712.213989,1574.210815,-3501.229492,1680.646851,1488.954956,-3425.568604,1703.157837,1619.426392,-3479.243652,1697.988037,1452.377441,-3473.135742,1712.133179,1574.202393,-3501.301270,1680.532104,1489.044800,-3425.416504,1703.229736,1619.441406,-3479.198730,2616.306396,1567.736816,-3159.827148,,,,,,,,,,,,,,,,,,,,,,,,,,,,,,,,,
1350,13.500000,0.000000,0.000000,0.000000,1.000000,0.000000,0.000000,0.000000,57.698101,20.499701,-14.700500,0.047771,-0.013570,0.015998,-15.666301,-52.738201,18.801300,-93.396698,0.129960,17.611099,-0.254099,-0.486361,-0.665056,0.506545,1697.115356,1534.129028,-3470.018066,1696.522949,1452.840332,-3473.355225,1710.743408,1574.612183,-3501.483887,1679.448730,1489.263184,-3425.814941,1701.746094,1619.800659,-3479.418213,1696.523682,1452.831543,-3473.382080,1710.781128,1574.545410,-3501.540527,1679.448730,1489.318237,-3425.793945,1701.708374,1619.819458,-3479.355957,2616.346436,1567.731689,-3159.827148,,,,,,,,,,,,,,,,,,,,,,,,,,,,,,,,,
1351,13.510000,0.000000,0.000000,0.000000,1.000000,0.000000,0.000000,0.000000,57.698101,20.499701,-14.700500,0.047771,-0.013570,0.015998,-15.666301,-52.738201,18.801300,-93.396698,0.129960,17.611099,-0.253306,-0.486294,-0.665036,0.507032,1695.668457,1534.417114,-3470.275391,1695.192261,1453.131470,-3473.703857,1709.255371,1574.954590,-3501.688965,1678.042847,1489.476929,-3426.131348,1700.183350,1620.105713,-3479.577393,1695.160156,1453.147461,-3473.665039,1709.310913,1574.994385,-3501.754150,1678.059082,1489.453369,-3426.143555,1700.145264,1620.075195,-3479.540771,2616.337402,1567.720337,-3159.817627,,,,,,,,,,,,,,,,,,,,,,,,,,,,,,,,,
1352,13.520000,0.000000,0.000000,0.000000,1.000000,0.000000,0.000000,0.000000,57.698101,20.499701,-14.700500,0.047771,-0.013570,0.015998,-15.666301,-52.738201,18.801300,-93.396698,0.129960,17.611099,-0.253584,-0.485949,-0.664949,0.507338,1694.115234,1534.559204,-3470.509766,1693.639404,1453.274414,-3473.957764,1707.666870,1575.105225,-3501.927734,1676.538696,1489.607300,-3426.358154,1698.616089,1620.250366,-3479.795166,1693.621338,1453.204224,-3473.928711,1707.692749,1575.206909,-3501.966797,1676.548950,1489.638794,-3426.375000,1698.598755,1620.189819,-3479.769043,2616.331787,1567.750488,-3159.831055,,,,,,,,,,,,,,,,,,,,,,,,,,,,,,,,,
1353,13.530000,0.000000,0.000000,0.000000,1.000000,0.000000,0.000000,0.000000,57.698101,20.499701,-14.700500,0.047771,-0.013570,0.015998,-15.666301,-52.738201,18.801300,-93.396698,0.129960,17.611099,-0.253134,-0.486357,-0.665542,0.506393,1692.532227,1534.739990,-3470.751465,1691.965332,1453.455811,-3474.201416,1706.203003,1575.269653,-3502.138672,1674.802612,1489.809082,-3426.639893,1697.157715,1620.425659,-3480.026123,1692.036011,1453.336548,-3474.248291,1706.132080,1575.405518,-3502.174072,1674.732056,1489.854492,-3426.560547,1697.225952,1620.366089,-3480.024902,2616.334473,1567.755005,-3159.829834,,,,,,,,,,,,,,,,,,,,,,,,,,,,,,,,,
1354,13.540000,0.000000,0.000000,0.000000,1.000000,0.000000,0.000000,0.000000,57.698101,20.499701,-14.700500,0.047771,-0.013570,0.015998,-15.666301,-52.738201,18.801300,-93.396698,0.129960,17.611099,-0.252212,-0.487310,-0.665599,0.505862,1691.191406,1535.045654,-3471.059570,1690.683838,1453.759155,-3474.466553,1704.923218,1575.566650,-3502.431396,1673.368652,1490.127930,-3426.971924,1695.789795,1620.729126,-3480.368408,1690.853638,1453.618896,-3474.592773,1704.771240,1575.674438,-3502.505127,1673.196411,1490.154419,-3426.767090,1695.937012,1620.730225,-3480.367920,2616.326416,1567.775513,-3159.820312,,,,,,,,,,,,,,,,,,,,,,,,,,,,,,,,,
1355,13.550000,0.000000,0.000000,0.000000,1.000000,0.000000,0.000000,0.000000,57.698101,20.499701,-14.700500,0.047771,-0.013570,0.015998,-15.666301,-52.738201,18.801300,-93.396698,0.129960,17.611099,-0.252498,-0.487247,-0.665596,0.505784,1689.943115,1535.386230,-3471.399902,1689.400879,1454.099121,-3474.786377,1703.680054,1575.893799,-3502.786865,1672.118164,1490.486694,-3427.294434,1694.573120,1621.065430,-3480.731445,1689.523315,1453.967285,-3474.927734,1703.615845,1575.864258,-3502.873047,1671.999878,1490.586914,-3427.120850,1694.632812,1621.123413,-3480.674805,2616.353027,1567.744385,-3159.806152,,,,,,,,,,,,,,,,,,,,,,,,,,,,,,,,,
1356,13.560000,0.000000,0.000000,0.000000,1.000000,0.000000,0.000000,0.000000,57.698101,20.499701,-14.700500,0.047771,-0.013570,0.015998,-15.666301,-52.738201,18.801300,-93.396698,0.129960,17.611099,-0.252891,-0.486755,-0.665255,0.506509,1688.509888,1535.724731,-3471.743408,1688.016357,1454.438354,-3475.152588,1702.159790,1576.250732,-3503.144531,1670.799316,1490.800415,-3427.617432,1693.064331,1621.409790,-3481.058838,1688.072144,1454.424316,-3475.212158,1702.140137,1576.181030,-3503.225098,1670.746948,1490.854126,-3427.544678,1693.079224,1621.438965,-3480.991699,2616.371094,1567.742310,-3159.764648,,,,,,,,,,,,,,,,,,,,,,,,,,,,,,,,,
1357,13.570000,0.000000,0.000000,0.000000,1.000000,0.000000,0.000000,0.000000,57.698101,20.499701,-14.700500,0.047771,-0.013570,0.015998,-15.666301,-52.738201,18.801300,-93.396698,0.129960,17.611099,-0.253249,-0.486103,-0.664503,0.507941,1687.053589,1536.035645,-3472.033447,1686.711792,1454.750122,-3475.481934,1700.531250,1576.604248,-3503.453857,1669.560913,1491.054321,-3427.878662,1691.410278,1621.734131,-3481.319336,1686.688721,1454.765259,-3475.473145,1700.582153,1576.635620,-3503.500488,1669.573486,1491.062866,-3427.873535,1691.370239,1621.677979,-3481.287354,2616.322998,1567.698853,-3159.758301,,,,,,,,,,,,,,,,,,,,,,,,,,,,,,,,,
1358,13.580000,0.000000,0.000000,0.000000,1.000000,0.000000,0.000000,0.000000,57.698101,20.499701,-14.700500,0.047771,-0.013570,0.015998,-15.666301,-52.738201,18.801300,-93.396698,0.129960,17.611099,-0.253755,-0.485511,-0.664339,0.508469,1685.499878,1536.229126,-3472.343262,1685.157837,1454.944946,-3475.822021,1698.915771,1576.810669,-3503.773438,1668.093262,1491.229614,-3428.172852,1689.832642,1621.931519,-3481.604492,1685.140259,1454.906982,-3475.764404,1698.923584,1576.892334,-3503.808594,1668.108276,1491.243286,-3428.223145,1689.827515,1621.875977,-3481.575684,2616.310059,1567.688232,-3159.746338,,,,,,,,,,,,,,,,,,,,,,,,,,,,,,,,,
1359,13.590000,0.000000,0.000000,0.000000,1.000000,0.000000,0.000000,0.000000,57.698101,20.499701,-14.700500,0.047771,-0.013570,0.015998,-15.666301,-52.738201,18.801300,-93.396698,0.129960,17.611099,-0.253992,-0.485985,-0.664564,0.507603,1683.900024,1536.331909,-3472.641602,1683.450439,1455.044556,-3476.032227,1697.406616,1576.860718,-3504.101074,1666.382202,1491.404541,-3428.441650,1688.360596,1622.018066,-3481.991699,1683.451782,1454.943604,-3476.009521,1697.394287,1576.966553,-3504.112549,1666.379028,1491.431152,-3428.455078,1688.374634,1621.987183,-3481.989014,2616.277832,1567.762329,-3159.748779,,,,,,,,,,,,,,,,,,,,,,,,,,,,,,,,,
1360,13.600000,0.000000,0.000000,0.000000,1.000000,0.000000,0.000000,0.000000,57.698101,20.499701,-14.700500,0.047771,-0.013570,0.015998,-15.666301,-52.738201,18.801300,-93.396698,0.129960,17.611099,-0.253442,-0.487111,-0.665010,0.506213,1682.480957,1536.562744,-3472.895264,1681.945923,1455.271973,-3476.188965,1696.144409,1577.037354,-3504.356689,1664.756836,1491.709961,-3428.701660,1687.076294,1622.232178,-3482.333252,1682.104248,1455.154297,-3476.281250,1695.983887,1577.174805,-3504.437744,1664.592651,1491.710938,-3428.524414,1687.231445,1622.213013,-3482.334717,2616.303711,1567.762939,-3159.734619,,,,,,,,,,,,,,,,,,,,,,,,,,,,,,,,,
1361,13.610000,0.000000,0.000000,0.000000,1.000000,0.000000,0.000000,0.000000,57.698101,20.499701,-14.700500,0.047771,-0.013570,0.015998,-15.666301,-52.738201,18.801300,-93.396698,0.129960,17.611099,-0.252967,-0.487966,-0.665063,0.505557,1681.170776,1536.877197,-3473.202393,1680.640503,1455.583252,-3476.421387,1694.903564,1577.321777,-3504.672363,1663.349976,1492.066284,-3429.005371,1685.789185,1622.537598,-3482.710938,1680.778442,1455.455444,-3476.529541,1694.802368,1577.408936,-3504.781494,1663.199585,1492.089355,-3428.811768,1685.894043,1622.550781,-3482.681396,2616.277588,1567.748047,-3159.708740,,,,,,,,,,,,,,,,,,,,,,,,,,,,,,,,,
1362,13.620000,0.000000,0.000000,0.000000,1.000000,0.000000,0.000000,0.000000,57.698101,20.499701,-14.700500,0.047771,-0.013570,0.015998,-15.666301,-52.738201,18.801300,-93.396698,0.129960,17.611099,-0.254148,-0.487352,-0.664800,0.505902,1679.835815,1537.237793,-3473.472412,1679.236816,1455.942749,-3476.652100,1693.514648,1577.657837,-3504.997314,1662.099609,1492.460327,-3429.207275,1684.492065,1622.890381,-3483.032471,1679.303711,1455.896729,-3476.702881,1693.479370,1577.626465,-3505.097168,1662.028809,1492.482056,-3429.118896,1684.529541,1622.945801,-3482.970947,2616.301025,1567.773804,-3159.705811,,,,,,,,,,,,,,,,,,,,,,,,,,,,,,,,,
1363,13.630000,0.000000,0.000000,0.000000,1.000000,0.000000,0.000000,0.000000,57.698101,20.499701,-14.700500,0.047771,-0.013570,0.015998,-15.666301,-52.738201,18.801300,-93.396698,0.129960,17.611099,-0.254716,-0.486696,-0.664552,0.506574,1678.389526,1537.555420,-3473.689453,1677.804321,1456.261597,-3476.900391,1691.988647,1577.991455,-3505.228516,1660.762207,1492.755981,-3429.403564,1683.002930,1623.213013,-3483.225830,1677.802979,1456.299683,-3476.883789,1692.011719,1577.955322,-3505.300537,1660.763428,1492.773560,-3429.415527,1682.980591,1623.191040,-3483.158936,2616.237061,1567.740234,-3159.706055,,,,,,,,,,,,,,,,,,,,,,,,,,,,,,,,,
1364,13.640000,0.000000,0.000000,0.000000,1.000000,0.000000,0.000000,0.000000,57.698101,20.499701,-14.700500,0.047771,-0.013570,0.015998,-15.666301,-52.738201,18.801300,-93.396698,0.129960,17.611099,-0.255038,-0.486408,-0.664800,0.506364,1676.821045,1537.711548,-3473.838379,1676.154175,1456.418823,-3477.064453,1690.447754,1578.140015,-3505.374756,1659.166626,1492.921021,-3429.553955,1681.515381,1623.366333,-3483.360107,1676.121216,1456.397705,-3477.003174,1690.468262,1578.220093,-3505.387695,1659.189331,1492.888916,-3429.599365,1681.505249,1623.341675,-3483.362305,2616.267334,1567.745483,-3159.697998,,,,,,,,,,,,,,,,,,,,,,,,,,,,,,,,,
1365,13.650000,0.000000,0.000000,0.000000,1.000000,0.000000,0.000000,0.000000,57.698101,20.499701,-14.700500,0.047771,-0.013570,0.015998,-15.666301,-52.738201,18.801300,-93.396698,0.129960,17.611099,-0.255469,-0.486476,-0.665342,0.505368,1675.147949,1537.854980,-3473.873535,1674.300049,1456.562500,-3477.059082,1688.889526,1578.236694,-3505.420410,1657.359741,1493.126953,-3429.579834,1680.042725,1623.494141,-3483.435059,1674.295532,1456.441650,-3477.005615,1688.860596,1578.362915,-3505.416016,1657.359497,1493.115234,-3429.614258,1680.073730,1623.500732,-3483.454102,2616.230713,1567.767822,-3159.710693,,,,,,,,,,,,,,,,,,,,,,,,,,,,,,,,,
1366,13.660000,0.000000,0.000000,0.000000,1.000000,0.000000,0.000000,0.000000,57.698101,20.499701,-14.700500,0.047771,-0.013570,0.015998,-15.666301,-52.738201,18.801300,-93.396698,0.129960,17.611099,-0.253890,-0.488122,-0.666029,0.503669,1673.718262,1538.142334,-3473.861084,1672.841553,1456.847778,-3476.986816,1687.664917,1578.490967,-3505.359863,1655.648682,1493.459839,-3429.635010,1678.717773,1623.770996,-3483.462158,1673.016357,1456.736572,-3477.068359,1687.467651,1578.599609,-3505.426270,1655.486206,1493.488037,-3429.495850,1678.895996,1623.746582,-3483.454102,2616.250244,1567.759399,-3159.714355,,,,,,,,,,,,,,,,,,,,,,,,,,,,,,,,,
1367,13.670000,0.000000,0.000000,0.000000,1.000000,0.000000,0.000000,0.000000,57.698101,20.499701,-14.700500,0.047771,-0.013570,0.015998,-15.666301,-52.738201,18.801300,-93.396698,0.129960,17.611099,-0.254007,-0.488247,-0.666649,0.502667,1672.396851,1538.541382,-3473.884277,1671.360596,1457.248169,-3476.996094,1686.464478,1578.855957,-3505.373291,1654.181763,1493.903809,-3429.672852,1677.580811,1624.158081,-3483.495117,1671.494263,1457.122803,-3477.109863,1686.354858,1578.944946,-3505.436523,1654.052734,1493.987793,-3429.516357,1677.682251,1624.110474,-3483.473145,2616.267090,1567.762451,-3159.714844,,,,,,,,,,,,,,,,,,,,,,,,,,,,,,,,,
1368,13.680000,0.000000,0.000000,0.000000,1.000000,0.000000,0.000000,0.000000,57.698101,20.499701,-14.700500,0.047771,-0.013570,0.015998,-15.666301,-52.738201,18.801300,-93.396698,0.129960,17.611099,-0.255501,-0.486846,-0.666912,0.502921,1671.018799,1538.971680,-3473.876465,1669.801147,1457.683228,-3477.045654,1685.060181,1579.280518,-3505.384521,1652.865601,1494.338745,-3429.634521,1676.348389,1624.584473,-3483.441406,1669.817871,1457.682373,-3477.079590,1685.063354,1579.215332,-3505.409668,1652.858887,1494.405151,-3429.619873,1676.335205,1624.583862,-3483.397461,2616.251465,1567.746460,-3159.736084,,,,,,,,,,,,,,,,,,,,,,,,,,,,,,,,,
1369,13.690000,0.000000,0.000000,0.000000,1.000000,0.000000,0.000000,0.000000,57.698101,20.499701,-14.700500,0.047771,-0.013570,0.015998,-15.666301,-52.738201,18.801300,-93.396698,0.129960,17.611099,-0.255014,-0.486365,-0.667428,0.502949,1669.334473,1539.288086,-3473.827148,1668.097412,1458.005249,-3477.130615,1683.398560,1579.645142,-3505.262939,1651.151978,1494.586914,-3429.666260,1674.689575,1624.915161,-3483.248779,1668.040894,1458.044312,-3477.083496,1683.483765,1579.608887,-3505.318359,1651.191772,1494.546387,-3429.698242,1674.622070,1624.952637,-3483.208740,2616.278809,1567.748657,-3159.753174,,,,,,,,,,,,,,,,,,,,,,,,,,,,,,,,,
1370,13.700000,0.000000,0.000000,0.000000,1.000000,0.000000,0.000000,0.000000,57.698101,20.499701,-14.700500,0.047771,-0.013570,0.015998,-15.666301,-52.738201,18.801300,-93.396698,0.129960,17.611099,-0.254768,-0.485999,-0.668051,0.502600,1667.454712,1539.547363,-3473.729492,1666.135254,1458.269775,-3477.128174,1681.580322,1579.926392,-3505.109619,1649.198486,1494.813843,-3429.631592,1672.904785,1625.179810,-3483.047852,1666.103271,1458.202759,-3477.054688,1681.613159,1580.004883,-3505.177734,1649.209717,1494.762817,-3429.663818,1672.893311,1625.219604,-3483.022461,2616.249023,1567.711304,-3159.757324,,,,,,,,,,,,,,,,,,,,,,,,,,,,,,,,,
1371,13.710000,0.000000,0.000000,0.000000,1.000000,0.000000,0.000000,0.000000,57.698101,20.499701,-14.700500,0.047771,-0.013570,0.015998,-15.666301,-52.738201,18.801300,-93.396698,0.129960,17.611099,-0.253432,-0.487187,-0.668284,0.501814,1665.803223,1539.956543,-3473.642090,1664.547241,1458.676636,-3477.011963,1680.024902,1580.331177,-3504.984375,1647.404663,1495.230103,-3429.596436,1671.236084,1625.588379,-3482.975586,1664.642212,1458.560913,-3477.062744,1679.936401,1580.462158,-3505.060791,1647.300781,1495.239502,-3429.481689,1671.327515,1625.566528,-3482.964355,2616.286621,1567.753174,-3159.787842,,,,,,,,,,,,,,,,,,,,,,,,,,,,,,,,,
1372,13.720000,0.000000,0.000000,0.000000,1.000000,0.000000,0.000000,0.000000,57.698101,20.499701,-14.700500,0.047771,-0.013570,0.015998,-15.666301,-52.738201,18.801300,-93.396698,0.129960,17.611099,-0.253939,-0.486898,-0.668780,0.501177,1664.347412,1540.447632,-3473.717041,1662.929321,1459.170532,-3477.089600,1678.646484,1580.795044,-3505.059326,1645.864014,1495.756226,-3429.671387,1669.949829,1626.068848,-3483.047607,1663.074707,1459.018311,-3477.194824,1678.510742,1580.902954,-3505.119873,1645.737793,1495.896729,-3429.547363,1670.064941,1625.973999,-3483.006836,2616.290527,1567.739380,-3159.794189,,,,,,,,,,,,,,,,,,,,,,,,,,,,,,,,,
1373,13.730000,0.000000,0.000000,0.000000,1.000000,0.000000,0.000000,0.000000,57.698101,20.499701,-14.700500,0.047771,-0.013570,0.015998,-15.666301,-52.738201,18.801300,-93.396698,0.129960,17.611099,-0.255323,-0.485327,-0.669253,0.501365,1662.838013,1540.916504,-3473.847900,1661.215942,1459.647339,-3477.318848,1677.126831,1581.269897,-3505.186768,1644.397095,1496.212891,-3429.796631,1668.611938,1626.536011,-3483.088867,1661.262207,1459.627808,-3477.346191,1677.083130,1581.283203,-3505.216309,1644.364014,1496.286133,-3429.776611,1668.642944,1626.468628,-3483.050049,2616.272949,1567.752319,-3159.825684,,,,,,,,,,,,,,,,,,,,,,,,,,,,,,,,,
1374,13.740000,0.000000,0.000000,0.000000,1.000000,0.000000,0.000000,0.000000,57.698101,20.499701,-14.700500,0.047771,-0.013570,0.015998,-15.666301,-52.738201,18.801300,-93.396698,0.129960,17.611099,-0.255737,-0.484265,-0.669607,0.501709,1661.050171,1541.303223,-3473.968018,1659.353760,1460.040894,-3477.560059,1675.317505,1581.692627,-3505.270752,1642.649902,1496.547852,-3429.952637,1666.879639,1626.932007,-3483.088623,1659.315552,1460.027100,-3477.538330,1675.385376,1581.721558,-3505.320312,1642.666260,1496.509399,-3429.942871,1666.835815,1626.956665,-3483.072266,2616.275146,1567.743652,-3159.830322,,,,,,,,,,,,,,,,,,,,,,,,,,,,,,,,,
1375,13.750000,0.000000,0.000000,0.000000,1.000000,0.000000,0.000000,0.000000,57.698101,20.499701,-14.700500,0.047771,-0.013570,0.015998,-15.666301,-52.738201,18.801300,-93.396698,0.129960,17.611099,-0.255990,-0.483683,-0.670311,0.501201,1659.068481,1541.714600,-3474.132568,1657.214844,1460.459106,-3477.801270,1673.411499,1582.105835,-3505.397949,1640.584961,1496.953125,-3430.158203,1665.062378,1627.340454,-3483.172607,1657.176025,1460.279663,-3477.750000,1673.449951,1582.220093,-3505.438477,1640.596558,1496.934082,-3430.170654,1665.049194,1627.414307,-3483.167969,2616.342041,1567.741821,-3159.821777,,,,,,,,,,,,,,,,,,,,,,,,,,,,,,,,,
1376,13.760000,0.000000,0.000000,0.000000,1.000000,0.000000,0.000000,0.000000,57.698101,20.499701,-14.700500,0.047771,-0.013570,0.015998,-15.666301,-52.738201,18.801300,-93.396698,0.129960,17.611099,-0.255196,-0.484338,-0.670404,0.500849,1657.246216,1542.156860,-3474.298096,1655.444092,1460.899658,-3477.956543,1671.633423,1582.550415,-3505.540039,1638.694092,1497.392944,-3430.354980,1663.213135,1627.784424,-3483.340088,1655.598022,1460.781250,-3478.059326,1671.492065,1582.653442,-3505.625488,1638.541748,1497.442017,-3430.188965,1663.346558,1627.751343,-3483.316406,2616.351318,1567.702515,-3159.812012,,,,,,,,,,,,,,,,,,,,,,,,,,,,,,,,,
1377,13.770000,0.000000,0.000000,0.000000,1.000000,0.000000,0.000000,0.000000,57.698101,20.499701,-14.700500,0.047771,-0.013570,0.015998,-15.666301,-52.738201,18.801300,-93.396698,0.129960,17.611099,-0.255922,-0.484022,-0.670702,0.500386,1655.570557,1542.725586,-3474.671875,1653.620972,1461.470947,-3478.308838,1670.008179,1583.085693,-3505.934082,1636.968872,1498.005859,-3430.704834,1661.684082,1628.340088,-3483.739502,1653.772583,1461.445312,-3478.477539,1669.913696,1583.127808,-3506.008057,1636.820923,1498.121338,-3430.488525,1661.771973,1628.216064,-3483.700439,2616.338135,1567.748535,-3159.821533,,,,,,,,,,,,,,,,,,,,,,,,,,,,,,,,,
1378,13.780000,0.000000,0.000000,0.000000,1.000000,0.000000,0.000000,0.000000,57.698101,20.499701,-14.700500,0.047771,-0.013570,0.015998,-15.666301,-52.738201,18.801300,-93.396698,0.129960,17.611099,-0.257877,-0.482506,-0.670619,0.500957,1654.029175,1543.355713,-3475.063721,1651.914307,1462.105835,-3478.714600,1668.392090,1583.698608,-3506.382568,1635.554443,1498.656982,-3431.021973,1660.255493,1628.961548,-3484.135986,1651.954346,1462.222778,-3478.765381,1668.385376,1583.652954,-3506.427979,1635.527588,1498.705322,-3430.976562,1660.251343,1628.842773,-3484.084961,2616.315918,1567.751465,-3159.836426,,,,,,,,,,,,,,,,,,,,,,,,,,,,,,,,,
1379,13.790000,0.000000,0.000000,0.000000,1.000000,0.000000,0.000000,0.000000,57.698101,20.499701,-14.700500,0.047771,-0.013570,0.015998,-15.666301,-52.738201,18.801300,-93.396698,0.129960,17.611099,-0.259575,-0.481047,-0.670518,0.501618,1652.270996,1543.929932,-3475.533691,1650.026245,1462.684937,-3479.215332,1666.551880,1584.268433,-3506.895752,1633.928955,1499.234985,-3431.432617,1658.577271,1629.531616,-3484.591064,1650.006470,1462.598389,-3479.177002,1666.548584,1584.257446,-3506.881592,1633.961182,1499.292603,-3431.508545,1658.568604,1629.570557,-3484.569336,2616.314453,1567.738281,-3159.828857,,,,,,,,,,,,,,,,,,,,,,,,,,,,,,,,,
1380,13.800000,0.000000,0.000000,0.000000,1.000000,0.000000,0.000000,0.000000,57.698101,20.499701,-14.700500,0.047771,-0.013570,0.015998,-15.666301,-52.738201,18.801300,-93.396698,0.129960,17.611099,-0.260584,-0.480353,-0.670726,0.501482,1650.332764,1544.431030,-3475.946289,1647.941406,1463.190308,-3479.627686,1664.626099,1584.746460,-3507.332031,1631.993530,1499.765625,-3431.813965,1656.770142,1630.022217,-3485.010742,1647.888428,1462.913574,-3479.568359,1664.675537,1584.870117,-3507.379883,1632.028809,1499.851807,-3431.869385,1656.734375,1630.056030,-3484.963379,2616.322021,1567.773438,-3159.820068,,,,,,,,,,,,,,,,,,,,,,,,,,,,,,,,,
1381,13.810000,0.000000,0.000000,0.000000,1.000000,0.000000,0.000000,0.000000,57.698101,20.499701,-14.700500,0.047771,-0.013570,0.015998,-15.666301,-52.738201,18.801300,-93.396698,0.129960,17.611099,-0.260163,-0.481275,-0.670679,0.500879,1648.347046,1544.905396,-3476.401855,1645.973022,1463.660034,-3479.992676,1662.699585,1585.185669,-3507.805908,1629.922974,1500.289673,-3432.254883,1654.792480,1630.486572,-3485.553955,1646.063843,1463.529785,-3480.056396,1662.600220,1585.249512,-3507.819580,1629.852783,1500.397095,-3432.197266,1654.872192,1630.442749,-3485.535645,2616.312256,1567.758057,-3159.802002,,,,,,,,,,,,,,,,,,,,,,,,,,,,,,,,,
1382,13.820000,0.000000,0.000000,0.000000,1.000000,0.000000,0.000000,0.000000,57.698101,20.499701,-14.700500,0.047771,-0.013570,0.015998,-15.666301,-52.738201,18.801300,-93.396698,0.129960,17.611099,-0.259311,-0.482219,-0.670638,0.500467,1646.430176,1545.464478,-3476.856689,1644.129883,1464.214966,-3480.399170,1660.827881,1585.735352,-3508.252197,1627.932983,1500.863281,-3432.725342,1652.829590,1631.044800,-3486.049805,1644.255127,1464.315796,-3480.507812,1660.751953,1585.765747,-3508.352783,1627.802124,1500.860718,-3432.543213,1652.909912,1630.918945,-3486.014893,2616.294189,1567.751099,-3159.800293,,,,,,,,,,,,,,,,,,,,,,,,,,,,,,,,,
1383,13.830000,0.000000,0.000000,0.000000,1.000000,0.000000,0.000000,0.000000,57.698101,20.499701,-14.700500,0.047771,-0.013570,0.015998,-15.666301,-52.738201,18.801300,-93.396698,0.129960,17.611099,-0.260196,-0.481625,-0.670185,0.501187,1644.785645,1546.119751,-3477.450195,1642.496704,1464.869019,-3480.973877,1659.087891,1586.389526,-3508.890625,1626.419800,1501.520630,-3433.262207,1651.138184,1631.700317,-3486.673828,1642.574951,1464.986938,-3481.006348,1659.033447,1586.386230,-3508.984375,1626.333252,1501.448730,-3433.162598,1651.198608,1631.659790,-3486.645020,2616.278564,1567.727051,-3159.781494,,,,,,,,,,,,,,,,,,,,,,,,,,,,,,,,,
1384,13.840000,0.000000,0.000000,0.000000,1.000000,0.000000,0.000000,0.000000,57.698101,20.499701,-14.700500,0.047771,-0.013570,0.015998,-15.666301,-52.738201,18.801300,-93.396698,0.129960,17.611099,-0.260683,-0.481539,-0.669658,0.501720,1643.024292,1546.725342,-3478.043945,1640.789307,1465.470947,-3481.515381,1657.249146,1586.986572,-3509.530518,1624.758423,1502.139526,-3433.801270,1649.300293,1632.304932,-3487.329102,1640.876221,1465.419067,-3481.530762,1657.129761,1587.049805,-3509.557129,1624.672974,1502.101440,-3433.743408,1649.416504,1632.333740,-3487.344971,2616.288330,1567.748291,-3159.764648,,,,,,,,,,,,,,,,,,,,,,,,,,,,,,,,,
1385,13.850000,0.000000,0.000000,0.000000,1.000000,0.000000,0.000000,0.000000,57.698101,20.499701,-14.700500,0.047771,-0.013570,0.015998,-15.666301,-52.738201,18.801300,-93.396698,0.129960,17.611099,-0.261599,-0.481287,-0.669535,0.501648,1641.217163,1547.254395,-3478.608398,1638.896851,1465.999634,-3482.016357,1655.435181,1587.478271,-3510.145752,1622.972656,1502.719238,-3434.305664,1647.563843,1632.820801,-3487.965820,1638.905029,1465.716675,-3482.008057,1655.433594,1587.606567,-3510.211426,1622.967163,1502.869751,-3434.320557,1647.563354,1632.798096,-3487.896973,2616.277588,1567.762451,-3159.744385,,,,,,,,,,,,,,,,,,,,,,,,,,,,,,,,,
1386,13.860000,0.000000,0.000000,0.000000,1.000000,0.000000,0.000000,0.000000,57.698101,20.499701,-14.700500,0.047771,-0.013570,0.015998,-15.666301,-52.738201,18.801300,-93.396698,0.129960,17.611099,-0.262796,-0.481009,-0.668942,0.502081,1639.200317,1547.601807,-3479.208252,1636.861328,1466.343384,-3482.514893,1653.340942,1587.786865,-3510.829590,1621.066040,1503.120850,-3434.805908,1645.532959,1633.156372,-3488.682617,1636.872681,1466.284424,-3482.530762,1653.345581,1587.938110,-3510.865967,1621.052979,1503.204834,-3434.780518,1645.530029,1632.976196,-3488.654785,2616.267822,1567.744629,-3159.741699,,,,,,,,,,,,,,,,,,,,,,,,,,,,,,,,,
1387,13.870000,0.000000,0.000000,0.000000,1.000000,0.000000,0.000000,0.000000,57.698101,20.499701,-14.700500,0.047771,-0.013570,0.015998,-15.666301,-52.738201,18.801300,-93.396698,0.129960,17.611099,-0.262038,-0.482024,-0.668267,0.502403,1637.233765,1547.965454,-3479.727051,1635.092041,1466.698120,-3482.949219,1651.322388,1588.149902,-3511.372314,1619.144043,1503.489380,-3435.301514,1643.376465,1633.524536,-3489.284668,1635.113037,1466.780518,-3482.978516,1651.328247,1588.175049,-3511.412354,1619.108521,1503.434326,-3435.226074,1643.384644,1633.472290,-3489.289062,2616.279541,1567.760864,-3159.716797,,,,,,,,,,,,,,,,,,,,,,,,,,,,,,,,,
1388,13.880000,0.000000,0.000000,0.000000,1.000000,0.000000,0.000000,0.000000,57.698101,20.499701,-14.700500,0.047771,-0.013570,0.015998,-15.666301,-52.738201,18.801300,-93.396698,0.129960,17.611099,-0.260493,-0.483358,-0.667897,0.502416,1635.442627,1548.436035,-3480.253906,1633.520630,1467.161621,-3483.435547,1649.528687,1588.638550,-3511.877441,1617.325684,1503.939087,-3435.860596,1641.395508,1634.005249,-3489.842041,1633.603027,1467.156982,-3483.509033,1649.500854,1588.717651,-3512.024902,1617.202026,1503.878052,-3435.661133,1641.448608,1633.989868,-3489.808105,2616.276855,1567.754883,-3159.713135,,,,,,,,,,,,,,,,,,,,,,,,,,,,,,,,,
1389,13.890000,0.000000,0.000000,0.000000,1.000000,0.000000,0.000000,0.000000,57.698101,20.499701,-14.700500,0.047771,-0.013570,0.015998,-15.666301,-52.738201,18.801300,-93.396698,0.129960,17.611099,-0.261016,-0.483579,-0.667301,0.502724,1633.826050,1548.820557,-3480.857666,1631.950806,1467.541260,-3483.936523,1647.853027,1588.992554,-3512.546143,1615.784790,1504.367310,-3436.389648,1639.715454,1634.381592,-3490.557861,1632.062744,1467.400513,-3483.999512,1647.741699,1589.123779,-3512.620117,1615.667358,1504.379639,-3436.260498,1639.826782,1634.378052,-3490.552002,2616.243896,1567.765869,-3159.707031,,,,,,,,,,,,,,,,,,,,,,,,,,,,,,,,,
1390,13.900000,0.000000,0.000000,0.000000,1.000000,0.000000,0.000000,0.000000,57.698101,20.499701,-14.700500,0.047771,-0.013570,0.015998,-15.666301,-52.738201,18.801300,-93.396698,0.129960,17.611099,-0.261519,-0.483447,-0.667210,0.502709,1632.213623,1549.070435,-3481.443359,1630.296631,1467.790649,-3484.486084,1646.233398,1589.222168,-3513.160645,1614.188110,1504.645020,-3436.941406,1638.136108,1634.624390,-3491.185303,1630.394165,1467.646240,-3484.578125,1646.157104,1589.346680,-3513.221191,1614.099121,1504.783691,-3436.830078,1638.203125,1634.507324,-3491.144043,2616.221436,1567.770020,-3159.712402,,,,,,,,,,,,,,,,,,,,,,,,,,,,,,,,,
1391,13.910000,0.000000,0.000000,0.000000,1.000000,0.000000,0.000000,0.000000,57.698101,20.499701,-14.700500,0.047771,-0.013570,0.015998,-15.666301,-52.738201,18.801300,-93.396698,0.129960,17.611099,-0.262876,-0.483061,-0.666861,0.502836,1630.388550,1549.151367,-3481.978271,1628.383301,1467.870239,-3484.925049,1644.368652,1589.253662,-3513.775635,1612.430420,1504.793701,-3437.381592,1636.371460,1634.688354,-3491.830566,1628.398193,1467.748779,-3484.986084,1644.380737,1589.346191,-3513.790527,1612.420654,1504.943604,-3437.335938,1636.354004,1634.567261,-3491.798828,2616.262451,1567.721191,-3159.703857,,,,,,,,,,,,,,,,,,,,,,,,,,,,,,,,,
1392,13.920000,0.000000,0.000000,0.000000,1.000000,0.000000,0.000000,0.000000,57.698101,20.499701,-14.700500,0.047771,-0.013570,0.015998,-15.666301,-52.738201,18.801300,-93.396698,0.129960,17.611099,-0.263006,-0.483084,-0.666391,0.503370,1628.443604,1549.157349,-3482.444336,1626.522827,1467.873047,-3485.362061,1642.351807,1589.263916,-3514.267822,1610.573730,1504.795410,-3437.816162,1634.325928,1634.697388,-3492.330811,1626.539551,1467.922974,-3485.413086,1642.365967,1589.215942,-3514.293701,1610.571777,1504.900513,-3437.794678,1634.295166,1634.589600,-3492.271973,2616.281494,1567.750366,-3159.693115,,,,,,,,,,,,,,,,,,,,,,,,,,,,,,,,,
1393,13.930000,0.000000,0.000000,0.000000,1.000000,0.000000,0.000000,0.000000,57.698101,20.499701,-14.700500,0.047771,-0.013570,0.015998,-15.666301,-52.738201,18.801300,-93.396698,0.129960,17.611099,-0.261186,-0.484941,-0.666376,0.502551,1626.730591,1549.192261,-3482.923584,1624.959106,1467.901855,-3485.762451,1640.733887,1589.287354,-3514.719727,1608.707764,1504.849121,-3438.338379,1632.521484,1634.731323,-3492.873535,1624.995972,1468.039062,-3485.821777,1640.768188,1589.291626,-3514.844238,1608.637451,1504.756348,-3438.181885,1632.518188,1634.683594,-3492.841797,2616.253662,1567.746460,-3159.720703,,,,,,,,,,,,,,,,,,,,,,,,,,,,,,,,,
1394,13.940000,0.000000,0.000000,0.000000,1.000000,0.000000,0.000000,0.000000,57.698101,20.499701,-14.700500,0.047771,-0.013570,0.015998,-15.666301,-52.738201,18.801300,-93.396698,0.129960,17.611099,-0.260837,-0.485256,-0.666288,0.502545,1625.267090,1549.263306,-3483.413086,1623.545288,1467.971313,-3486.240479,1639.270508,1589.361694,-3515.205078,1607.237183,1504.916504,-3438.834229,1631.015503,1634.804077,-3493.372314,1623.624146,1468.001831,-3486.280029,1639.222412,1589.412476,-3515.335205,1607.121704,1504.809082,-3438.676514,1631.085815,1634.821655,-3493.350098,2616.278809,1567.732910,-3159.729492,,,,,,,,,,,,,,,,,,,,,,,,,,,,,,,,,
1395,13.950000,0.000000,0.000000,0.000000,1.000000,0.000000,0.000000,0.000000,57.698101,20.499701,-14.700500,0.047771,-0.013570,0.015998,-15.666301,-52.738201,18.801300,-93.396698,0.129960,17.611099,-0.261090,-0.485389,-0.665994,0.502675,1623.700195,1549.197266,-3483.901855,1622.000732,1467.903076,-3486.675537,1637.676392,1589.279053,-3515.726807,1605.704834,1504.874268,-3439.285400,1629.418579,1634.733154,-3493.919189,1622.103516,1467.826904,-3486.695068,1637.553101,1589.382080,-3515.804932,1605.598022,1504.848145,-3439.201416,1629.539673,1634.736328,-3493.907715,2616.265869,1567.723389,-3159.742676,,,,,,,,,,,,,,,,,,,,,,,,,,,,,,,,,
1396,13.960000,0.000000,0.000000,0.000000,1.000000,0.000000,0.000000,0.000000,57.698101,20.499701,-14.700500,0.047771,-0.013570,0.015998,-15.666301,-52.738201,18.801300,-93.396698,0.129960,17.611099,-0.262514,-0.484551,-0.665876,0.502898,1622.075806,1549.021362,-3484.355469,1620.253906,1467.728760,-3487.098389,1636.012329,1589.073486,-3516.235107,1604.152954,1504.737549,-3439.671387,1627.884155,1634.546021,-3494.416992,1620.265625,1467.454712,-3487.092285,1636.003662,1589.224976,-3516.287354,1604.144287,1504.879517,-3439.681641,1627.890137,1634.504150,-3494.364990,2616.273926,1567.729248,-3159.760742,,,,,,,,,,,,,,,,,,,,,,,,,,,,,,,,,
1397,13.970000,0.000000,0.000000,0.000000,1.000000,0.000000,0.000000,0.000000,57.698101,20.499701,-14.700500,0.047771,-0.013570,0.015998,-15.666301,-52.738201,18.801300,-93.396698,0.129960,17.611099,-0.261827,-0.485196,-0.665583,0.503021,1620.263428,1548.704102,-3484.800293,1618.563965,1467.407837,-3487.513916,1634.182495,1588.764282,-3516.677490,1602.347656,1504.411377,-3440.122070,1625.959595,1634.233398,-3494.887695,1618.623413,1467.157104,-3487.583496,1634.135010,1588.848145,-3516.693848,1602.316650,1504.660522,-3440.103271,1625.983276,1634.146851,-3494.827637,2616.261475,1567.756592,-3159.781982,,,,,,,,,,,,,,,,,,,,,,,,,,,,,,,,,
1398,13.980000,0.000000,0.000000,0.000000,1.000000,0.000000,0.000000,0.000000,57.698101,20.499701,-14.700500,0.047771,-0.013570,0.015998,-15.666301,-52.738201,18.801300,-93.396698,0.129960,17.611099,-0.260617,-0.486188,-0.665769,0.502446,1618.606445,1548.446045,-3485.211182,1616.976074,1467.147949,-3487.911865,1632.599731,1588.509277,-3517.051758,1600.577759,1504.150024,-3440.581543,1624.272217,1633.977173,-3495.299072,1617.140503,1467.038086,-3488.026611,1632.450073,1588.587524,-3517.141113,1600.432861,1504.296387,-3440.440674,1624.399170,1633.866943,-3495.233643,2616.296875,1567.724731,-3159.801758,,,,,,,,,,,,,,,,,,,,,,,,,,,,,,,,,
1399,13.990000,0.000000,0.000000,0.000000,1.000000,0.000000,0.000000,0.000000,57.698101,20.499701,-14.700500,0.047771,-0.013570,0.015998,-15.666301,-52.738201,18.801300,-93.396698,0.129960,17.611099,-0.260130,-0.486483,-0.666261,0.501760,1617.157837,1548.284302,-3485.727295,1615.468994,1466.988037,-3488.449219,1631.241821,1588.343628,-3517.532959,1599.011230,1503.992676,-3441.141113,1622.909180,1633.813110,-3495.785889,1615.572632,1466.962280,-3488.572266,1631.185303,1588.465454,-3517.609619,1598.875732,1503.975464,-3440.909668,1622.984131,1633.735229,-3495.798584,2616.309326,1567.730835,-3159.802490,,,,,,,,,,,,,,,,,,,,,,,,,,,,,,,,,
1400,14.000000,0.000000,0.000000,0.000000,1.000000,0.000000,0.000000,0.000000,57.698101,20.499701,-14.700500,0.047771,-0.013570,0.015998,-15.666301,-52.738201,18.801300,-93.396698,0.129960,17.611099,-0.261624,-0.484546,-0.665995,0.503207,1615.787109,1548.070068,-3486.208496,1614.061523,1466.778687,-3489.049072,1629.707397,1588.175781,-3518.027832,1597.873169,1503.712891,-3441.593506,1621.506470,1633.613281,-3496.163818,1614.097778,1466.805176,-3489.078369,1629.698364,1588.199829,-3518.102783,1597.832886,1503.734131,-3441.535156,1621.519043,1633.539795,-3496.116455,2616.324707,1567.726074,-3159.794922,,,,,,,,,,,,,,,,,,,,,,,,,,,,,,,,,
1401,14.010000,0.000000,0.000000,0.000000,1.000000,0.000000,0.000000,0.000000,57.698101,20.499701,-14.700500,0.047771,-0.013570,0.015998,-15.666301,-52.738201,18.801300,-93.396698,0.129960,17.611099,-0.262017,-0.483490,-0.665918,0.504121,1614.009155,1547.572998,-3486.651123,1612.305664,1466.285034,-3489.602295,1627.835083,1587.728760,-3518.448486,1596.223267,1503.146240,-3442.053955,1619.672485,1633.132202,-3496.499756,1612.248169,1466.279907,-3489.608887,1627.930420,1587.733521,-3518.450928,1596.280029,1503.225708,-3442.076172,1619.577148,1633.051636,-3496.467041,2616.320312,1567.713257,-3159.807861,,,,,,,,,,,,,,,,,,,,,,,,,,,,,,,,,
1402,14.020000,0.000000,0.000000,0.000000,1.000000,0.000000,0.000000,0.000000,57.698101,20.499701,-14.700500,0.047771,-0.013570,0.015998,-15.666301,-52.738201,18.801300,-93.396698,0.129960,17.611099,-0.261278,-0.483466,-0.665978,0.504448,1612.206177,1547.106079,-3487.025391,1610.592163,1465.819336,-3490.059570,1626.010376,1587.308594,-3518.773193,1594.438110,1502.615356,-3442.485107,1617.784302,1632.681152,-3496.784180,1610.578247,1465.898438,-3490.076172,1626.060303,1587.236694,-3518.814453,1594.453857,1502.653198,-3442.482422,1617.731812,1632.633179,-3496.729004,2616.364258,1567.739380,-3159.822510,,,,,,,,,,,,,,,,,,,,,,,,,,,,,,,,,
1403,14.030000,0.000000,0.000000,0.000000,1.000000,0.000000,0.000000,0.000000,57.698101,20.499701,-14.700500,0.047771,-0.013570,0.015998,-15.666301,-52.738201,18.801300,-93.396698,0.129960,17.611099,-0.259618,-0.483820,-0.666818,0.503855,1610.683594,1546.803101,-3487.427490,1609.093140,1465.521484,-3490.605957,1624.594971,1587.061890,-3519.056885,1592.763062,1502.233765,-3443.027100,1616.283081,1632.395630,-3497.020020,1609.143311,1465.624634,-3490.650146,1624.603760,1587.077759,-3519.196777,1592.664185,1502.071533,-3442.845947,1616.311035,1632.420532,-3497.002197,2616.331299,1567.748047,-3159.823975,,,,,,,,,,,,,,,,,,,,,,,,,,,,,,,,,
1404,14.040000,0.000000,0.000000,0.000000,1.000000,0.000000,0.000000,0.000000,57.698101,20.499701,-14.700500,0.047771,-0.013570,0.015998,-15.666301,-52.738201,18.801300,-93.396698,0.129960,17.611099,-0.259757,-0.482883,-0.666629,0.504932,1609.248413,1546.469727,-3487.869141,1607.732422,1465.191284,-3491.164795,1623.047485,1586.789429,-3519.469971,1591.473511,1501.816528,-3443.494385,1614.739990,1632.082031,-3497.347168,1607.773438,1465.191528,-3491.205078,1623.026611,1586.836060,-3519.518066,1591.405151,1501.728149,-3443.374268,1614.782471,1632.116089,-3497.368408,2616.345215,1567.782227,-3159.827637,,,,,,,,,,,,,,,,,,,,,,,,,,,,,,,,,
1405,14.050000,0.000000,0.000000,0.000000,1.000000,0.000000,0.000000,0.000000,57.698101,20.499701,-14.700500,0.047771,-0.013570,0.015998,-15.666301,-52.738201,18.801300,-93.396698,0.129960,17.611099,-0.259677,-0.481955,-0.666310,0.506280,1607.706421,1546.081055,-3488.264648,1606.322021,1464.805908,-3491.696045,1621.363770,1586.478394,-3519.827881,1590.110229,1501.321655,-3443.925537,1613.029663,1631.718628,-3497.608398,1606.311768,1464.739868,-3491.695557,1621.396240,1586.555542,-3519.874512,1590.112915,1501.371216,-3443.915527,1613.005371,1631.658691,-3497.573730,2616.307617,1567.762451,-3159.832764,,,,,,,,,,,,,,,,,,,,,,,,,,,,,,,,,
1406,14.060000,0.000000,0.000000,0.000000,1.000000,0.000000,0.000000,0.000000,57.698101,20.499701,-14.700500,0.047771,-0.013570,0.015998,-15.666301,-52.738201,18.801300,-93.396698,0.129960,17.611099,-0.260721,-0.479929,-0.666466,0.507460,1605.899658,1545.559204,-3488.614014,1604.447144,1464.293335,-3492.234619,1619.441162,1586.023560,-3520.141357,1588.473877,1500.704468,-3444.304199,1611.236572,1631.215576,-3497.776123,1604.429932,1464.138062,-3492.210938,1619.431274,1586.083252,-3520.100342,1588.506592,1500.815552,-3444.377686,1611.231689,1631.196411,-3497.770020,2616.300537,1567.744873,-3159.819336,,,,,,,,,,,,,,,,,,,,,,,,,,,,,,,,,
1407,14.070000,0.000000,0.000000,0.000000,1.000000,0.000000,0.000000,0.000000,57.698101,20.499701,-14.700500,0.047771,-0.013570,0.015998,-15.666301,-52.738201,18.801300,-93.396698,0.129960,17.611099,-0.258594,-0.481151,-0.667306,0.506286,1604.230591,1545.132202,-3488.956543,1602.819946,1463.868652,-3492.643799,1617.938965,1585.622925,-3520.377686,1586.567139,1500.240845,-3444.778076,1609.596436,1630.796509,-3498.026123,1602.844238,1463.699951,-3492.627441,1617.917725,1585.846436,-3520.457764,1586.509888,1500.168213,-3444.701660,1609.646973,1630.825195,-3498.044189,2616.321289,1567.773193,-3159.794922,,,,,,,,,,,,,,,,,,,,,,,,,,,,,,,,,
1408,14.080000,0.000000,0.000000,0.000000,1.000000,0.000000,0.000000,0.000000,57.698101,20.499701,-14.700500,0.047771,-0.013570,0.015998,-15.666301,-52.738201,18.801300,-93.396698,0.129960,17.611099,-0.257712,-0.481055,-0.667682,0.506330,1602.835205,1544.775024,-3489.356445,1601.467896,1463.516113,-3493.159668,1616.562988,1585.316406,-3520.703857,1585.138672,1499.813232,-3445.262939,1608.171265,1630.454712,-3498.299316,1601.610962,1463.277466,-3493.244873,1616.432617,1585.515869,-3520.816406,1584.984985,1499.819336,-3445.081299,1608.305420,1630.478638,-3498.290527,2616.290039,1567.746216,-3159.797607,,,,,,,,,,,,,,,,,,,,,,,,,,,,,,,,,
1409,14.090000,0.000000,0.000000,0.000000,1.000000,0.000000,0.000000,0.000000,57.698101,20.499701,-14.700500,0.047771,-0.013570,0.015998,-15.666301,-52.738201,18.801300,-93.396698,0.129960,17.611099,-0.256948,-0.481194,-0.667441,0.506905,1601.429932,1544.397827,-3489.801025,1600.212158,1463.139038,-3493.657959,1615.099121,1584.984497,-3521.114990,1583.793945,1499.375000,-3445.745117,1606.614502,1630.092896,-3498.685059,1600.260010,1462.939697,-3493.731689,1615.095825,1585.146118,-3521.200439,1583.736572,1499.489380,-3445.636719,1606.627930,1630.016235,-3498.641113,2616.292969,1567.713501,-3159.773926,,,,,,,,,,,,,,,,,,,,,,,,,,,,,,,,,
1410,14.100000,0.000000,0.000000,0.000000,1.000000,0.000000,0.000000,0.000000,57.698101,20.499701,-14.700500,0.047771,-0.013570,0.015998,-15.666301,-52.738201,18.801300,-93.396698,0.129960,17.611099,-0.257881,-0.479687,-0.666822,0.508671,1599.883179,1543.982788,-3490.320312,1598.753296,1462.727905,-3494.283691,1613.348999,1584.630493,-3521.643311,1582.517334,1498.876343,-3446.242920,1604.912964,1629.696655,-3499.110596,1598.836792,1462.617432,-3494.366699,1613.278809,1584.600342,-3521.676025,1582.474365,1499.170044,-3446.232910,1604.942871,1629.573486,-3499.001953,2616.311279,1567.721069,-3159.736328,,,,,,,,,,,,,,,,,,,,,,,,,,,,,,,,,
1411,14.110000,0.000000,0.000000,0.000000,1.000000,0.000000,0.000000,0.000000,57.698101,20.499701,-14.700500,0.047771,-0.013570,0.015998,-15.666301,-52.738201,18.801300,-93.396698,0.129960,17.611099,-0.259464,-0.477856,-0.667180,0.509120,1598.229614,1543.552002,-3490.775879,1596.901733,1462.305542,-3494.848145,1611.653809,1584.213867,-3522.098633,1580.949463,1498.422119,-3446.688965,1603.413452,1629.266846,-3499.467285,1596.980591,1462.170044,-3494.891846,1611.543213,1584.213867,-3522.072021,1580.923706,1498.708252,-3446.747803,1603.472656,1629.144043,-3499.398438,2616.274414,1567.700073,-3159.732910,,,,,,,,,,,,,,,,,,,,,,,,,,,,,,,,,
1412,14.120000,0.000000,0.000000,0.000000,1.000000,0.000000,0.000000,0.000000,57.698101,20.499701,-14.700500,0.047771,-0.013570,0.015998,-15.666301,-52.738201,18.801300,-93.396698,0.129960,17.611099,-0.258958,-0.478410,-0.667901,0.507910,1596.759033,1543.215454,-3491.324951,1595.314331,1461.970459,-3495.387939,1610.334106,1583.850708,-3522.616943,1579.285645,1498.120239,-3447.278564,1602.102173,1628.920532,-3500.015869,1595.409302,1461.864136,-3495.458008,1610.251831,1583.918091,-3522.681885,1579.199463,1498.208618,-3447.186035,1602.174683,1628.871582,-3499.973389,2616.281738,1567.740356,-3159.721680,,,,,,,,,,,,,,,,,,,,,,,,,,,,,,,,,
1413,14.130000,0.000000,0.000000,0.000000,1.000000,0.000000,0.000000,0.000000,57.698101,20.499701,-14.700500,0.047771,-0.013570,0.015998,-15.666301,-52.738201,18.801300,-93.396698,0.129960,17.611099,-0.258322,-0.478970,-0.668472,0.506954,1595.403442,1542.901855,-3491.890625,1593.891479,1461.658081,-3495.953613,1609.099609,1583.522705,-3523.148682,1577.771118,1497.825684,-3447.888428,1600.851562,1628.601318,-3500.571777,1594.021851,1461.641357,-3496.060791,1609.006714,1583.516968,-3523.264893,1577.615967,1497.770996,-3447.674072,1600.955322,1628.672119,-3500.544678,2616.262451,1567.743652,-3159.722168,,,,,,,,,,,,,,,,,,,,,,,,,,,,,,,,,
1414,14.140000,0.000000,0.000000,0.000000,1.000000,0.000000,0.000000,0.000000,57.698101,20.499701,-14.700500,0.047771,-0.013570,0.015998,-15.666301,-52.738201,18.801300,-93.396698,0.129960,17.611099,-0.258700,-0.479012,-0.667780,0.507634,1594.002930,1542.608521,-3492.515381,1592.588257,1461.359863,-3496.515137,1607.601562,1583.223145,-3523.824219,1576.492554,1497.543091,-3448.453125,1599.329346,1628.308350,-3501.268799,1592.666382,1461.436035,-3496.620361,1607.577026,1583.197266,-3523.903320,1576.411621,1497.573608,-3448.307373,1599.355591,1628.234009,-3501.226074,2616.279541,1567.792847,-3159.712646,,,,,,,,,,,,,,,,,,,,,,,,,,,,,,,,,
1415,14.150000,0.000000,0.000000,0.000000,1.000000,0.000000,0.000000,0.000000,57.698101,20.499701,-14.700500,0.047771,-0.013570,0.015998,-15.666301,-52.738201,18.801300,-93.396698,0.129960,17.611099,-0.259786,-0.477806,-0.667109,0.509096,1592.543945,1542.291870,-3493.115967,1591.190186,1461.044434,-3497.159912,1605.964600,1582.939087,-3524.459229,1575.272217,1497.182129,-3449.004883,1597.748779,1628.002197,-3501.839355,1591.193359,1461.131226,-3497.229736,1606.014771,1582.848022,-3524.497559,1575.282593,1497.308594,-3448.971191,1597.682495,1627.877563,-3501.761475,2616.257324,1567.737915,-3159.702393,,,,,,,,,,,,,,,,,,,,,,,,,,,,,,,,,
1416,14.160000,0.000000,0.000000,0.000000,1.000000,0.000000,0.000000,0.000000,57.698101,20.499701,-14.700500,0.047771,-0.013570,0.015998,-15.666301,-52.738201,18.801300,-93.396698,0.129960,17.611099,-0.260412,-0.477602,-0.666637,0.509585,1591.043213,1541.954102,-3493.656250,1589.717285,1460.703735,-3497.652100,1604.391357,1582.589233,-3525.045898,1573.868408,1496.861816,-3449.489502,1596.195801,1627.661743,-3502.436768,1589.714844,1460.799561,-3497.656982,1604.411987,1582.521240,-3525.074707,1573.884033,1496.924927,-3449.514404,1596.160889,1627.568726,-3502.376465,2616.254883,1567.754395,-3159.702881,,,,,,,,,,,,,,,,,,,,,,,,,,,,,,,,,
1417,14.170000,0.000000,0.000000,0.000000,1.000000,0.000000,0.000000,0.000000,57.698101,20.499701,-14.700500,0.047771,-0.013570,0.015998,-15.666301,-52.738201,18.801300,-93.396698,0.129960,17.611099,-0.261327,-0.477191,-0.667314,0.508615,1589.604004,1541.643311,-3494.225098,1588.027100,1460.396362,-3498.200684,1603.065552,1582.229736,-3525.629639,1572.306641,1496.614746,-3450.041260,1595.016602,1627.332520,-3503.028564,1588.012085,1460.261841,-3498.187988,1603.107056,1582.298096,-3525.709717,1572.294067,1496.580078,-3450.000488,1595.003296,1627.431763,-3503.004639,2616.253418,1567.760132,-3159.711914,,,,,,,,,,,,,,,,,,,,,,,,,,,,,,,,,
1418,14.180000,0.000000,0.000000,0.000000,1.000000,0.000000,0.000000,0.000000,57.698101,20.499701,-14.700500,0.047771,-0.013570,0.015998,-15.666301,-52.738201,18.801300,-93.396698,0.129960,17.611099,-0.260500,-0.478598,-0.667698,0.507211,1588.289917,1541.378906,-3494.739746,1586.668823,1460.127686,-3498.608154,1601.909424,1581.911255,-3526.145996,1570.779175,1496.425171,-3450.563965,1593.802002,1627.051636,-3503.641113,1586.687500,1459.996704,-3498.596680,1601.914673,1582.123413,-3526.264648,1570.695068,1496.228882,-3450.416016,1593.854248,1627.165771,-3503.677246,2616.281738,1567.757202,-3159.709717,,,,,,,,,,,,,,,,,,,,,,,,,,,,,,,,,
1419,14.190000,0.000000,0.000000,0.000000,1.000000,0.000000,0.000000,0.000000,57.698101,20.499701,-14.700500,0.047771,-0.013570,0.015998,-15.666301,-52.738201,18.801300,-93.396698,0.129960,17.611099,-0.259847,-0.479829,-0.667398,0.506778,1587.136475,1541.220093,-3495.281006,1585.605225,1459.961670,-3499.031494,1600.790649,1581.718994,-3526.715332,1569.565308,1496.314941,-3451.079590,1592.584839,1626.884888,-3504.297607,1585.680908,1459.852783,-3499.048828,1600.727783,1581.865356,-3526.850342,1569.435059,1496.150391,-3450.907227,1592.687012,1627.005981,-3504.307617,2616.255615,1567.739746,-3159.722412,,,,,,,,,,,,,,,,,,,,,,,,,,,,,,,,,
1420,14.200000,0.000000,0.000000,0.000000,1.000000,0.000000,0.000000,0.000000,57.698101,20.499701,-14.700500,0.047771,-0.013570,0.015998,-15.666301,-52.738201,18.801300,-93.396698,0.129960,17.611099,-0.259724,-0.480181,-0.667167,0.506810,1585.963257,1541.033447,-3495.761963,1584.480225,1459.771973,-3499.468262,1599.605591,1581.522827,-3527.213379,1568.401611,1496.142456,-3451.542480,1591.365479,1626.696289,-3504.823486,1584.580566,1459.655273,-3499.494385,1599.500977,1581.626709,-3527.317871,1568.288696,1496.101440,-3451.433838,1591.477539,1626.750488,-3504.803223,2616.237061,1567.736694,-3159.742188,,,,,,,,,,,,,,,,,,,,,,,,,,,,,,,,,
1421,14.210000,0.000000,0.000000,0.000000,1.000000,0.000000,0.000000,0.000000,57.698101,20.499701,-14.700500,0.047771,-0.013570,0.015998,-15.666301,-52.738201,18.801300,-93.396698,0.129960,17.611099,-0.260273,-0.480446,-0.666692,0.506904,1584.732544,1540.809692,-3496.194824,1583.264404,1459.543213,-3499.792725,1598.340820,1581.260742,-3527.710693,1567.216064,1495.973389,-3451.902100,1590.108887,1626.461914,-3505.373779,1583.296509,1459.419800,-3499.813721,1598.320557,1581.355469,-3527.764160,1567.181030,1496.025146,-3451.858887,1590.132324,1626.436768,-3505.345459,2616.320801,1567.782104,-3159.748779,,,,,,,,,,,,,,,,,,,,,,,,,,,,,,,,,
1422,14.220000,0.000000,0.000000,0.000000,1.000000,0.000000,0.000000,0.000000,57.698101,20.499701,-14.700500,0.047771,-0.013570,0.015998,-15.666301,-52.738201,18.801300,-93.396698,0.129960,17.611099,-0.262007,-0.479664,-0.666661,0.506791,1583.374023,1540.518311,-3496.535156,1581.716919,1459.252319,-3500.063232,1596.975952,1580.914185,-3528.124268,1565.892822,1495.755859,-3452.153564,1588.910400,1626.151123,-3505.799072,1581.753174,1459.056763,-3500.061768,1596.918091,1580.911133,-3528.127197,1565.895508,1495.970215,-3452.234375,1588.934204,1626.141357,-3505.726074,2616.281982,1567.771240,-3159.770508,,,,,,,,,,,,,,,,,,,,,,,,,,,,,,,,,
1423,14.230000,0.000000,0.000000,0.000000,1.000000,0.000000,0.000000,0.000000,57.698101,20.499701,-14.700500,0.047771,-0.013570,0.015998,-15.666301,-52.738201,18.801300,-93.396698,0.129960,17.611099,-0.261489,-0.480694,-0.667184,0.505394,1582.011841,1540.228394,-3496.833496,1580.256104,1458.961060,-3500.279785,1595.774292,1580.571533,-3528.420410,1564.321411,1495.537720,-3452.462646,1587.695312,1625.843506,-3506.171143,1580.324219,1458.710327,-3500.327393,1595.697998,1580.616821,-3528.423828,1564.289185,1495.756226,-3452.473389,1587.741211,1625.819580,-3506.118652,2616.262207,1567.734863,-3159.784180,,,,,,,,,,,,,,,,,,,,,,,,,,,,,,,,,
1424,14.240000,0.000000,0.000000,0.000000,1.000000,0.000000,0.000000,0.000000,57.698101,20.499701,-14.700500,0.047771,-0.013570,0.015998,-15.666301,-52.738201,18.801300,-93.396698,0.129960,17.611099,-0.259914,-0.483001,-0.667689,0.503336,1580.818359,1540.076172,-3497.118408,1579.041748,1458.802734,-3500.407715,1594.813354,1580.346191,-3528.696533,1562.807861,1495.487183,-3452.773926,1586.610718,1625.668701,-3506.595703,1579.181885,1458.683594,-3500.513184,1594.692017,1580.442505,-3528.778076,1562.670166,1495.553101,-3452.612549,1586.724243,1625.625977,-3506.567627,2616.287598,1567.738403,-3159.795654,,,,,,,,,,,,,,,,,,,,,,,,,,,,,,,,,
1425,14.250000,0.000000,0.000000,0.000000,1.000000,0.000000,0.000000,0.000000,57.698101,20.499701,-14.700500,0.047771,-0.013570,0.015998,-15.666301,-52.738201,18.801300,-93.396698,0.129960,17.611099,-0.259506,-0.483612,-0.668430,0.501974,1579.740112,1539.924561,-3497.394287,1577.822266,1458.653320,-3500.656494,1593.900024,1580.156128,-3528.947998,1561.520386,1495.386841,-3453.083984,1585.718140,1625.502441,-3506.888672,1577.988159,1458.601562,-3500.740723,1593.746460,1580.298950,-3529.106689,1561.321777,1495.333984,-3452.859863,1585.877441,1625.467529,-3506.860596,2616.308594,1567.761230,-3159.813721,,,,,,,,,,,,,,,,,,,,,,,,,,,,,,,,,
1426,14.260000,0.000000,0.000000,0.000000,1.000000,0.000000,0.000000,0.000000,57.698101,20.499701,-14.700500,0.047771,-0.013570,0.015998,-15.666301,-52.738201,18.801300,-93.396698,0.129960,17.611099,-0.259749,-0.483411,-0.668771,0.501588,1578.699219,1539.794800,-3497.678467,1576.683960,1458.526367,-3500.953125,1592.907959,1580.014282,-3529.225586,1560.425049,1495.272095,-3453.375488,1584.780029,1625.366943,-3507.159424,1576.746582,1458.503662,-3501.015625,1592.896973,1580.134155,-3529.357666,1560.344727,1495.325317,-3453.246338,1584.804688,1625.218506,-3507.092285,2616.317871,1567.734863,-3159.813721,,,,,,,,,,,,,,,,,,,,,,,,,,,,,,,,,
1427,14.270000,0.000000,0.000000,0.000000,1.000000,0.000000,0.000000,0.000000,57.698101,20.499701,-14.700500,0.047771,-0.013570,0.015998,-15.666301,-52.738201,18.801300,-93.396698,0.129960,17.611099,-0.260371,-0.483100,-0.668416,0.502037,1577.569702,1539.587646,-3497.962646,1575.564331,1458.317749,-3501.208008,1591.715088,1579.799683,-3529.547607,1559.382202,1495.075439,-3453.613525,1583.617188,1625.157837,-3507.481689,1575.577881,1458.412231,-3501.254639,1591.730835,1579.818481,-3529.561523,1559.382935,1495.177490,-3453.592041,1583.582642,1624.915405,-3507.436768,2616.335693,1567.722168,-3159.808594,,,,,,,,,,,,,,,,,,,,,,,,,,,,,,,,,
1428,14.280000,0.000000,0.000000,0.000000,1.000000,0.000000,0.000000,0.000000,57.698101,20.499701,-14.700500,0.047771,-0.013570,0.015998,-15.666301,-52.738201,18.801300,-93.396698,0.129960,17.611099,-0.260859,-0.482793,-0.668397,0.502105,1576.233398,1539.284058,-3498.196289,1574.182373,1458.015137,-3501.434570,1590.366943,1579.486816,-3529.798584,1558.068604,1494.784180,-3453.825439,1582.315552,1624.850586,-3507.726807,1574.175903,1458.102173,-3501.434570,1590.380859,1579.483398,-3529.800049,1558.098633,1494.895996,-3453.876465,1582.273682,1624.636353,-3507.670410,2616.302002,1567.726074,-3159.824463,,,,,,,,,,,,,,,,,,,,,,,,,,,,,,,,,
1429,14.290000,0.000000,0.000000,0.000000,1.000000,0.000000,0.000000,0.000000,57.698101,20.499701,-14.700500,0.047771,-0.013570,0.015998,-15.666301,-52.738201,18.801300,-93.396698,0.129960,17.611099,-0.260623,-0.482744,-0.668968,0.501513,1574.851318,1538.977173,-3498.416748,1572.709595,1457.712402,-3501.701660,1589.067383,1579.180542,-3529.980713,1556.584473,1494.474121,-3454.090820,1581.043701,1624.541626,-3507.893555,1572.717773,1457.725586,-3501.692383,1589.064819,1579.237671,-3530.016113,1556.578979,1494.511963,-3454.097656,1581.042847,1624.426514,-3507.859131,2616.312500,1567.737793,-3159.841309,,,,,,,,,,,,,,,,,,,,,,,,,,,,,,,,,
1430,14.300000,0.000000,0.000000,0.000000,1.000000,0.000000,0.000000,0.000000,57.698101,20.499701,-14.700500,0.047771,-0.013570,0.015998,-15.666301,-52.738201,18.801300,-93.396698,0.129960,17.611099,-0.259381,-0.483470,-0.669755,0.500405,1573.728638,1538.781494,-3498.701416,1571.543457,1457.519775,-3502.031494,1588.094727,1578.989502,-3530.191650,1555.259644,1494.270996,-3454.466797,1580.016968,1624.346069,-3508.114990,1571.552612,1457.562500,-3502.084473,1588.149658,1579.047363,-3530.275391,1555.210693,1494.191040,-3454.321533,1580.000488,1624.322021,-3508.115479,2616.314697,1567.741943,-3159.828369,,,,,,,,,,,,,,,,,,,,,,,,,,,,,,,,,
1431,14.310000,0.000000,0.000000,0.000000,1.000000,0.000000,0.000000,0.000000,57.698101,20.499701,-14.700500,0.047771,-0.013570,0.015998,-15.666301,-52.738201,18.801300,-93.396698,0.129960,17.611099,-0.258574,-0.484350,-0.669829,0.499874,1572.724854,1538.644775,-3499.052734,1570.584473,1457.380127,-3502.341797,1587.151855,1578.841064,-3530.530029,1554.164673,1494.151489,-3454.839111,1578.998169,1624.206665,-3508.499756,1570.646729,1457.445312,-3502.414062,1587.144165,1578.883789,-3530.630615,1554.058105,1494.032837,-3454.644043,1579.036743,1624.205200,-3508.502197,2616.325684,1567.732178,-3159.819580,,,,,,,,,,,,,,,,,,,,,,,,,,,,,,,,,
1432,14.320000,0.000000,0.000000,0.000000,1.000000,0.000000,0.000000,0.000000,57.698101,20.499701,-14.700500,0.047771,-0.013570,0.015998,-15.666301,-52.738201,18.801300,-93.396698,0.129960,17.611099,-0.258761,-0.484050,-0.669663,0.500290,1571.748413,1538.535156,-3499.413818,1569.636108,1457.270508,-3502.722168,1586.127075,1578.745483,-3530.895264,1553.251465,1494.022705,-3455.192871,1577.978882,1624.102051,-3508.844482,1569.721313,1457.314575,-3502.756836,1586.053955,1578.776123,-3530.985840,1553.144775,1493.931641,-3455.071533,1578.063843,1624.112915,-3508.834473,2616.336182,1567.758545,-3159.809814,,,,,,,,,,,,,,,,,,,,,,,,,,,,,,,,,
1433,14.330000,0.000000,0.000000,0.000000,1.000000,0.000000,0.000000,0.000000,57.698101,20.499701,-14.700500,0.047771,-0.013570,0.015998,-15.666301,-52.738201,18.801300,-93.396698,0.129960,17.611099,-0.259011,-0.483450,-0.669670,0.500731,1570.681274,1538.413696,-3499.808838,1568.566895,1457.151611,-3503.178711,1585.015869,1578.649292,-3531.278076,1552.245728,1493.865723,-3455.597900,1576.896240,1623.988159,-3509.180420,1568.649414,1457.072754,-3503.228027,1584.937012,1578.710938,-3531.332520,1552.158691,1493.868164,-3455.501709,1576.976929,1624.001953,-3509.171875,2616.298828,1567.755859,-3159.799561,,,,,,,,,,,,,,,,,,,,,,,,,,,,,,,,,
1434,14.340000,0.000000,0.000000,0.000000,1.000000,0.000000,0.000000,0.000000,57.698101,20.499701,-14.700500,0.047771,-0.013570,0.015998,-15.666301,-52.738201,18.801300,-93.396698,0.129960,17.611099,-0.259604,-0.482964,-0.669305,0.501381,1569.549438,1538.259033,-3500.245361,1567.461548,1456.996338,-3503.614258,1583.801514,1578.501831,-3531.743164,1551.225098,1493.701782,-3455.997803,1575.709595,1623.836426,-3509.626465,1567.472168,1456.858032,-3503.649170,1583.804077,1578.582031,-3531.755615,1551.208252,1493.756104,-3455.953857,1575.713501,1623.832886,-3509.624756,2616.283203,1567.741821,-3159.792480,,,,,,,,,,,,,,,,,,,,,,,,,,,,,,,,,
1435,14.350000,0.000000,0.000000,0.000000,1.000000,0.000000,0.000000,0.000000,57.698101,20.499701,-14.700500,0.047771,-0.013570,0.015998,-15.666301,-52.738201,18.801300,-93.396698,0.129960,17.611099,-0.260892,-0.481871,-0.669048,0.502106,1568.340576,1538.070557,-3500.718262,1566.192871,1456.810059,-3504.104004,1582.500977,1578.314575,-3532.255859,1550.151978,1493.510742,-3456.417480,1574.516357,1623.647217,-3510.096191,1566.189331,1456.560303,-3504.095215,1582.497803,1578.380249,-3532.273682,1550.173584,1493.701904,-3456.476318,1574.503540,1623.626099,-3510.033203,2616.285889,1567.731201,-3159.777100,,,,,,,,,,,,,,,,,,,,,,,,,,,,,,,,,
1436,14.360000,0.000000,0.000000,0.000000,1.000000,0.000000,0.000000,0.000000,57.698101,20.499701,-14.700500,0.047771,-0.013570,0.015998,-15.666301,-52.738201,18.801300,-93.396698,0.129960,17.611099,-0.261268,-0.481319,-0.669225,0.502204,1567.133789,1537.863892,-3501.193848,1564.925659,1456.606812,-3504.624268,1581.288940,1578.116333,-3532.722656,1548.961060,1493.290894,-3456.899658,1573.359497,1623.441528,-3510.528320,1564.921021,1456.299438,-3504.653320,1581.282104,1578.200195,-3532.690186,1548.983765,1493.498779,-3456.934326,1573.349976,1623.429077,-3510.506348,2616.288086,1567.744873,-3159.747070,,,,,,,,,,,,,,,,,,,,,,,,,,,,,,,,,
1437,14.370000,0.000000,0.000000,0.000000,1.000000,0.000000,0.000000,0.000000,57.698101,20.499701,-14.700500,0.047771,-0.013570,0.015998,-15.666301,-52.738201,18.801300,-93.396698,0.129960,17.611099,-0.260539,-0.482066,-0.669132,0.501990,1566.010010,1537.714478,-3501.734375,1563.881592,1456.453979,-3505.131104,1580.188232,1577.964966,-3533.255615,1547.793945,1493.145874,-3457.453613,1572.176147,1623.293457,-3511.097412,1563.983154,1456.207886,-3505.199463,1580.093384,1578.067993,-3533.308838,1547.711182,1493.274170,-3457.378662,1572.256714,1623.286377,-3511.057861,2616.301514,1567.759888,-3159.738770,,,,,,,,,,,,,,,,,,,,,,,,,,,,,,,,,
1438,14.380000,0.000000,0.000000,0.000000,1.000000,0.000000,0.000000,0.000000,57.698101,20.499701,-14.700500,0.047771,-0.013570,0.015998,-15.666301,-52.738201,18.801300,-93.396698,0.129960,17.611099,-0.259655,-0.482687,-0.669310,0.501615,1565.019531,1537.634155,-3502.326904,1562.938965,1456.372559,-3505.730957,1579.249023,1577.892700,-3533.814697,1546.725342,1493.055054,-3458.088867,1571.164429,1623.216431,-3511.673096,1563.068848,1456.254761,-3505.849609,1579.167114,1577.990356,-3533.940674,1546.582520,1493.121216,-3457.890137,1571.249878,1623.172974,-3511.622803,2616.279297,1567.759521,-3159.725098,,,,,,,,,,,,,,,,,,,,,,,,,,,,,,,,,
1439,14.390000,0.000000,0.000000,0.000000,1.000000,0.000000,0.000000,0.000000,57.698101,20.499701,-14.700500,0.047771,-0.013570,0.015998,-15.666301,-52.738201,18.801300,-93.396698,0.129960,17.611099,-0.260044,-0.482452,-0.669427,0.501483,1564.092163,1537.608643,-3502.965332,1561.945435,1456.348633,-3506.365479,1578.335693,1577.854858,-3534.462646,1545.788086,1493.045410,-3458.715332,1570.299561,1623.185791,-3512.317871,1562.069214,1456.309570,-3506.489258,1578.261108,1577.993408,-3534.578125,1545.629883,1493.034180,-3458.469238,1570.390747,1623.102539,-3512.308350,2616.281738,1567.760986,-3159.714600,,,,,,,,,,,,,,,,,,,,,,,,,,,,,,,,,
1440,14.400000,0.000000,0.000000,0.000000,1.000000,0.000000,0.000000,0.000000,57.698101,20.499701,-14.700500,0.047771,-0.013570,0.015998,-15.666301,-52.738201,18.801300,-93.396698,0.129960,17.611099,-0.260627,-0.482140,-0.669439,0.501464,1563.158691,1537.611572,-3503.600342,1560.946411,1456.352783,-3506.984619,1577.399292,1577.841919,-3535.119385,1544.868042,1493.069702,-3459.323730,1569.421265,1623.182373,-3512.973633,1561.101562,1456.379761,-3507.085205,1577.275757,1577.932495,-3535.263428,1544.680786,1493.007690,-3459.087646,1569.554443,1623.124634,-3512.947510,2616.265381,1567.757568,-3159.704102,,,,,,,,,,,,,,,,,,,,,,,,,,,,,,,,,
1441,14.410000,0.000000,0.000000,0.000000,1.000000,0.000000,0.000000,0.000000,57.698101,20.499701,-14.700500,0.047771,-0.013570,0.015998,-15.666301,-52.738201,18.801300,-93.396698,0.129960,17.611099,-0.261488,-0.481438,-0.669399,0.501743,1562.260498,1537.648071,-3504.250732,1559.977295,1456.391724,-3507.645264,1576.464722,1577.873047,-3535.792725,1544.029907,1493.112183,-3459.943115,1568.569946,1623.215698,-3513.621826,1560.071899,1456.460083,-3507.733887,1576.410889,1577.960449,-3535.881592,1543.901489,1493.027588,-3459.737305,1568.645020,1623.139282,-3513.632080,2616.253906,1567.804443,-3159.705566,,,,,,,,,,,,,,,,,,,,,,,,,,,,,,,,,
1442,14.420000,0.000000,0.000000,0.000000,1.000000,0.000000,0.000000,0.000000,57.698101,20.499701,-14.700500,0.047771,-0.013570,0.015998,-15.666301,-52.738201,18.801300,-93.396698,0.129960,17.611099,-0.262032,-0.481204,-0.668607,0.502739,1561.348755,1537.661743,-3504.894531,1559.178101,1456.400513,-3508.245117,1575.419678,1577.892700,-3536.488770,1543.287842,1493.120239,-3460.523193,1567.509399,1623.234131,-3514.320801,1559.240723,1456.515381,-3508.276367,1575.382568,1577.924683,-3536.570801,1543.214111,1493.055786,-3460.426758,1567.556885,1623.153320,-3514.302002,2616.243896,1567.762573,-3159.718506,,,,,,,,,,,,,,,,,,,,,,,,,,,,,,,,,
1443,14.430000,0.000000,0.000000,0.000000,1.000000,0.000000,0.000000,0.000000,57.698101,20.499701,-14.700500,0.047771,-0.013570,0.015998,-15.666301,-52.738201,18.801300,-93.396698,0.129960,17.611099,-0.262164,-0.480929,-0.668278,0.503370,1560.466675,1537.734497,-3505.508057,1558.365112,1456.472046,-3508.876221,1574.462280,1577.985840,-3537.109375,1542.500488,1493.165649,-3461.125488,1566.538574,1623.314697,-3514.920410,1558.417603,1456.550537,-3508.885742,1574.428711,1577.960938,-3537.206543,1542.452393,1493.162842,-3461.087646,1566.568970,1623.263794,-3514.854248,2616.285400,1567.716675,-3159.708740,,,,,,,,,,,,,,,,,,,,,,,,,,,,,,,,,
1444,14.440000,0.000000,0.000000,0.000000,1.000000,0.000000,0.000000,0.000000,57.698101,20.499701,-14.700500,0.047771,-0.013570,0.015998,-15.666301,-52.738201,18.801300,-93.396698,0.129960,17.611099,-0.262107,-0.481232,-0.667670,0.503917,1559.470947,1537.823486,-3506.110840,1557.494507,1456.555664,-3509.425781,1573.389160,1578.076172,-3537.745117,1541.594849,1493.255249,-3461.691406,1565.405029,1623.406982,-3515.581543,1557.485596,1456.571655,-3509.440918,1573.426025,1578.058716,-3537.779785,1541.604736,1493.304688,-3461.683838,1565.366211,1623.357300,-3515.538086,2616.273682,1567.739624,-3159.704346,,,,,,,,,,,,,,,,,,,,,,,,,,,,,,,,,
1445,14.450000,0.000000,0.000000,0.000000,1.000000,0.000000,0.000000,0.000000,57.698101,20.499701,-14.700500,0.047771,-0.013570,0.015998,-15.666301,-52.738201,18.801300,-93.396698,0.129960,17.611099,-0.262567,-0.481031,-0.667238,0.504441,1558.442993,1537.962036,-3506.657227,1556.509033,1456.692139,-3509.941895,1572.288574,1578.212280,-3538.325928,1540.661865,1493.398315,-3462.194824,1564.312256,1623.545898,-3516.165527,1556.498657,1456.637451,-3509.929199,1572.308716,1578.178345,-3538.362793,1540.692627,1493.536621,-3462.259766,1564.272705,1623.506104,-3516.078613,2616.250000,1567.739990,-3159.723633,,,,,,,,,,,,,,,,,,,,,,,,,,,,,,,,,
1446,14.460000,0.000000,0.000000,0.000000,1.000000,0.000000,0.000000,0.000000,57.698101,20.499701,-14.700500,0.047771,-0.013570,0.015998,-15.666301,-52.738201,18.801300,-93.396698,0.129960,17.611099,-0.262539,-0.481361,-0.667006,0.504448,1557.439941,1538.148560,-3507.233643,1555.542847,1456.875610,-3510.467285,1571.275513,1578.384888,-3538.924805,1539.667725,1493.604980,-3462.747559,1563.273560,1623.728882,-3516.794678,1555.506348,1456.651367,-3510.469482,1571.296875,1578.403076,-3538.876953,1539.728394,1493.808350,-3462.834229,1563.231445,1623.728638,-3516.765869,2616.265137,1567.765625,-3159.747803,,,,,,,,,,,,,,,,,,,,,,,,,,,,,,,,,
1447,14.470000,0.000000,0.000000,0.000000,1.000000,0.000000,0.000000,0.000000,57.698101,20.499701,-14.700500,0.047771,-0.013570,0.015998,-15.666301,-52.738201,18.801300,-93.396698,0.129960,17.611099,-0.262597,-0.481908,-0.666713,0.504284,1556.432617,1538.322876,-3507.792480,1554.562134,1457.045776,-3510.932861,1570.270874,1578.526855,-3539.523682,1538.652954,1493.825439,-3463.263428,1562.244385,1623.893921,-3517.449951,1554.566406,1456.789795,-3510.930664,1570.249268,1578.598511,-3539.510742,1538.679443,1494.065063,-3463.344727,1562.239380,1623.835938,-3517.394775,2616.259277,1567.766724,-3159.763916,,,,,,,,,,,,,,,,,,,,,,,,,,,,,,,,,
1448,14.480000,0.000000,0.000000,0.000000,1.000000,0.000000,0.000000,0.000000,57.698101,20.499701,-14.700500,0.047771,-0.013570,0.015998,-15.666301,-52.738201,18.801300,-93.396698,0.129960,17.611099,-0.262084,-0.482835,-0.666431,0.504036,1555.512207,1538.509644,-3508.336670,1553.723145,1457.227173,-3511.389160,1569.367065,1578.690918,-3540.089111,1537.697998,1494.045410,-3463.788330,1561.260498,1624.075195,-3518.080322,1553.760986,1456.935303,-3511.401123,1569.307495,1578.775513,-3540.076660,1537.699951,1494.312256,-3463.858643,1561.285889,1624.009277,-3518.021729,2616.283936,1567.751343,-3159.761475,,,,,,,,,,,,,,,,,,,,,,,,,,,,,,,,,
1449,14.490000,0.000000,0.000000,0.000000,1.000000,0.000000,0.000000,0.000000,57.698101,20.499701,-14.700500,0.047771,-0.013570,0.015998,-15.666301,-52.738201,18.801300,-93.396698,0.129960,17.611099,-0.261492,-0.483991,-0.666168,0.503582,1554.636475,1538.723145,-3508.972900,1552.922241,1457.435059,-3511.912842,1568.529419,1578.870361,-3540.751709,1536.759033,1494.307861,-3464.401123,1560.335327,1624.279419,-3518.825928,1552.992310,1457.248901,-3511.984131,1568.443237,1578.918945,-3540.709229,1536.726074,1494.518677,-3464.394775,1560.386597,1624.209839,-3518.809326,2616.271729,1567.711426,-3159.785400,,,,,,,,,,,,,,,,,,,,,,,,,,,,,,,,,
1450,14.500000,0.000000,0.000000,0.000000,1.000000,0.000000,0.000000,0.000000,57.698101,20.499701,-14.700500,0.047771,-0.013570,0.015998,-15.666301,-52.738201,18.801300,-93.396698,0.129960,17.611099,-0.261818,-0.484372,-0.665700,0.503665,1553.847900,1538.965576,-3509.597412,1552.170410,1457.673096,-3512.435303,1567.710205,1579.079712,-3541.431152,1536.007935,1494.597534,-3464.963379,1559.503174,1624.512207,-3519.559082,1552.241943,1457.614014,-3512.492432,1567.626709,1579.106934,-3541.420410,1535.968018,1494.770874,-3464.954590,1559.556274,1624.375244,-3519.520508,2616.338867,1567.721558,-3159.782959,,,,,,,,,,,,,,,,,,,,,,,,,,,,,,,,,
1451,14.510000,0.000000,0.000000,0.000000,1.000000,0.000000,0.000000,0.000000,57.698101,20.499701,-14.700500,0.047771,-0.013570,0.015998,-15.666301,-52.738201,18.801300,-93.396698,0.129960,17.611099,-0.261214,-0.485664,-0.665395,0.503136,1553.140869,1539.208008,-3510.224365,1551.540405,1457.909424,-3512.929443,1567.046875,1579.280518,-3542.091553,1535.229370,1494.899902,-3465.559814,1558.746948,1624.742676,-3520.316650,1551.608643,1457.897461,-3512.967529,1566.970703,1579.306885,-3542.109619,1535.180420,1494.987793,-3465.534424,1558.804688,1624.638062,-3520.283447,2616.316650,1567.742065,-3159.802979,,,,,,,,,,,,,,,,,,,,,,,,,,,,,,,,,
1452,14.520000,0.000000,0.000000,0.000000,1.000000,0.000000,0.000000,0.000000,57.698101,20.499701,-14.700500,0.047771,-0.013570,0.015998,-15.666301,-52.738201,18.801300,-93.396698,0.129960,17.611099,-0.261093,-0.486097,-0.665366,0.502820,1552.498657,1539.456299,-3510.875732,1550.896729,1458.156006,-3513.529541,1566.434814,1579.507446,-3542.756592,1534.545288,1495.177734,-3466.198242,1558.117798,1624.984009,-3521.018311,1550.952148,1458.202759,-3513.571289,1566.408813,1579.534180,-3542.839844,1534.482056,1495.172974,-3466.110352,1558.150391,1624.915161,-3520.980225,2616.260254,1567.749756,-3159.842041,,,,,,,,,,,,,,,,,,,,,,,,,,,,,,,,,
1453,14.530000,0.000000,0.000000,0.000000,1.000000,0.000000,0.000000,0.000000,57.698101,20.499701,-14.700500,0.047771,-0.013570,0.015998,-15.666301,-52.738201,18.801300,-93.396698,0.129960,17.611099,-0.261087,-0.486571,-0.665259,0.502507,1551.909180,1539.630371,-3511.512695,1550.304688,1458.327881,-3514.095215,1565.870972,1579.652466,-3543.419189,1533.920654,1495.392822,-3466.809082,1557.540527,1625.148804,-3521.727539,1550.300537,1458.385132,-3514.123779,1565.927490,1579.694336,-3543.494385,1533.888550,1495.295532,-3466.697510,1557.520630,1625.141479,-3521.729980,2616.292725,1567.713867,-3159.833984,,,,,,,,,,,,,,,,,,,,,,,,,,,,,,,,,
1454,14.540000,0.000000,0.000000,0.000000,1.000000,0.000000,0.000000,0.000000,57.698101,20.499701,-14.700500,0.047771,-0.013570,0.015998,-15.666301,-52.738201,18.801300,-93.396698,0.129960,17.611099,-0.260545,-0.487522,-0.665172,0.501981,1551.290405,1539.820190,-3512.116699,1549.724854,1458.514282,-3514.614746,1565.304077,1579.813477,-3544.036377,1533.224243,1495.623413,-3467.403809,1556.908325,1625.329834,-3522.411621,1549.722656,1458.500977,-3514.609619,1565.339233,1579.838013,-3544.122070,1533.194946,1495.527222,-3467.335205,1556.904419,1625.412720,-3522.399658,2616.327393,1567.756592,-3159.823975,,,,,,,,,,,,,,,,,,,,,,,,,,,,,,,,,
1455,14.550000,0.000000,0.000000,0.000000,1.000000,0.000000,0.000000,0.000000,57.698101,20.499701,-14.700500,0.047771,-0.013570,0.015998,-15.666301,-52.738201,18.801300,-93.396698,0.129960,17.611099,-0.260452,-0.487860,-0.665421,0.501371,1550.714355,1540.009399,-3512.724854,1549.087036,1458.703613,-3515.189697,1564.797852,1579.977783,-3544.645020,1532.559814,1495.846436,-3468.014404,1556.412598,1625.510132,-3523.050049,1549.092773,1458.641724,-3515.192627,1564.859253,1580.061523,-3544.819092,1532.502075,1495.739990,-3467.887695,1556.404541,1625.596558,-3523.006104,2616.340088,1567.738159,-3159.826172,,,,,,,,,,,,,,,,,,,,,,,,,,,,,,,,,
1456,14.560000,0.000000,0.000000,0.000000,1.000000,0.000000,0.000000,0.000000,57.698101,20.499701,-14.700500,0.047771,-0.013570,0.015998,-15.666301,-52.738201,18.801300,-93.396698,0.129960,17.611099,-0.259749,-0.489133,-0.665174,0.500822,1550.141968,1540.145142,-3513.324463,1548.591431,1458.834351,-3515.670410,1564.274414,1580.077271,-3545.268311,1531.908691,1496.034180,-3468.594727,1555.793335,1625.635010,-3523.764648,1548.628052,1458.689087,-3515.739258,1564.307983,1580.167114,-3545.401123,1531.816406,1495.952393,-3468.391602,1555.809692,1625.763062,-3523.755371,2616.325928,1567.736572,-3159.816895,,,,,,,,,,,,,,,,,,,,,,,,,,,,,,,,,
1457,14.570000,0.000000,0.000000,0.000000,1.000000,0.000000,0.000000,0.000000,57.698101,20.499701,-14.700500,0.047771,-0.013570,0.015998,-15.666301,-52.738201,18.801300,-93.396698,0.129960,17.611099,-0.258922,-0.490184,-0.665054,0.500383,1549.675171,1540.298584,-3513.873535,1548.202881,1458.984375,-3516.148926,1563.852539,1580.213989,-3545.818359,1531.368530,1496.212280,-3469.149658,1555.276855,1625.783813,-3524.377686,1548.265747,1458.835571,-3516.210693,1563.838501,1580.328613,-3545.938965,1531.258057,1496.134644,-3468.957764,1555.330444,1625.885376,-3524.376709,2616.308594,1567.730103,-3159.815430,,,,,,,,,,,,,,,,,,,,,,,,,,,,,,,,,
1458,14.580000,0.000000,0.000000,0.000000,1.000000,0.000000,0.000000,0.000000,57.698101,20.499701,-14.700500,0.047771,-0.013570,0.015998,-15.666301,-52.738201,18.801300,-93.396698,0.129960,17.611099,-0.258558,-0.490560,-0.665166,0.500053,1549.179565,1540.393066,-3514.434082,1547.710205,1459.078491,-3516.695068,1563.396484,1580.302368,-3546.369141,1530.817383,1496.315552,-3469.724121,1554.794067,1625.876343,-3524.948242,1547.829712,1458.915649,-3516.746094,1563.305054,1580.394653,-3546.527344,1530.662231,1496.239014,-3469.538574,1554.914307,1626.016724,-3524.917236,2616.311279,1567.762329,-3159.807617,,,,,,,,,,,,,,,,,,,,,,,,,,,,,,,,,
1459,14.590000,0.000000,0.000000,0.000000,1.000000,0.000000,0.000000,0.000000,57.698101,20.499701,-14.700500,0.047771,-0.013570,0.015998,-15.666301,-52.738201,18.801300,-93.396698,0.129960,17.611099,-0.258018,-0.491148,-0.665192,0.499720,1548.713623,1540.469360,-3515.021729,1547.277588,1459.153442,-3517.253662,1562.968628,1580.371338,-3546.948730,1530.293823,1496.402466,-3470.324951,1554.314209,1625.950562,-3525.559570,1547.406860,1458.960083,-3517.352539,1562.887329,1580.522095,-3547.093750,1530.114380,1496.331665,-3470.064941,1554.428223,1626.046631,-3525.558105,2616.317383,1567.746460,-3159.803955,,,,,,,,,,,,,,,,,,,,,,,,,,,,,,,,,
1460,14.600000,0.000000,0.000000,0.000000,1.000000,0.000000,0.000000,0.000000,57.698101,20.499701,-14.700500,0.047771,-0.013570,0.015998,-15.666301,-52.738201,18.801300,-93.396698,0.129960,17.611099,-0.257898,-0.491461,-0.665258,0.499386,1548.213379,1540.495239,-3515.572754,1546.760376,1459.178711,-3517.772705,1562.504272,1580.380981,-3547.503906,1529.746216,1496.450806,-3470.873535,1553.842651,1625.970825,-3526.140625,1546.906738,1458.886597,-3517.885010,1562.404785,1580.552734,-3547.630127,1529.564575,1496.410156,-3470.618652,1553.972778,1626.096436,-3526.149170,2616.316895,1567.706543,-3159.778809,,,,,,,,,,,,,,,,,,,,,,,,,,,,,,,,,
1461,14.610000,0.000000,0.000000,0.000000,1.000000,0.000000,0.000000,0.000000,57.698101,20.499701,-14.700500,0.047771,-0.013570,0.015998,-15.666301,-52.738201,18.801300,-93.396698,0.129960,17.611099,-0.257599,-0.491674,-0.665407,0.499132,1547.781006,1540.536011,-3516.099365,1546.323242,1459.219604,-3518.303467,1562.105103,1580.421631,-3548.016113,1529.268311,1496.491699,-3471.418945,1553.427246,1626.011475,-3526.659424,1546.493774,1458.987793,-3518.362305,1561.951294,1580.584473,-3548.196289,1529.066528,1496.424438,-3471.206543,1553.601318,1626.135010,-3526.630127,2616.320557,1567.769409,-3159.762695,,,,,,,,,,,,,,,,,,,,,,,,,,,,,,,,,
1462,14.620000,0.000000,0.000000,0.000000,1.000000,0.000000,0.000000,0.000000,57.698101,20.499701,-14.700500,0.047771,-0.013570,0.015998,-15.666301,-52.738201,18.801300,-93.396698,0.129960,17.611099,-0.257412,-0.491661,-0.665569,0.499026,1547.293457,1540.558350,-3516.653320,1545.826538,1459.242798,-3518.883057,1561.636108,1580.451904,-3548.551514,1528.756226,1496.502563,-3471.994141,1552.954834,1626.036255,-3527.184570,1545.994507,1459.044922,-3518.939697,1561.488037,1580.635132,-3548.758301,1528.540405,1496.404907,-3471.756836,1553.127319,1626.141479,-3527.153564,2616.310791,1567.768677,-3159.760010,,,,,,,,,,,,,,,,,,,,,,,,,,,,,,,,,
1463,14.630000,0.000000,0.000000,0.000000,1.000000,0.000000,0.000000,0.000000,57.698101,20.499701,-14.700500,0.047771,-0.013570,0.015998,-15.666301,-52.738201,18.801300,-93.396698,0.129960,17.611099,-0.257419,-0.491526,-0.665540,0.499193,1546.803223,1540.576904,-3517.217041,1545.349731,1459.261597,-3519.465088,1561.128662,1580.480469,-3549.110840,1528.288086,1496.507568,-3472.562256,1552.446411,1626.058350,-3527.730469,1545.500610,1459.107056,-3519.565186,1561.003418,1580.667725,-3549.239990,1528.083496,1496.412842,-3472.288818,1552.597412,1626.111328,-3527.752686,2616.289307,1567.755981,-3159.739014,,,,,,,,,,,,,,,,,,,,,,,,,,,,,,,,,
1464,14.640000,0.000000,0.000000,0.000000,1.000000,0.000000,0.000000,0.000000,57.698101,20.499701,-14.700500,0.047771,-0.013570,0.015998,-15.666301,-52.738201,18.801300,-93.396698,0.129960,17.611099,-0.257038,-0.491637,-0.665673,0.499103,1546.378296,1540.572998,-3517.728516,1544.941040,1459.258179,-3520.003418,1560.721191,1580.489136,-3549.598389,1527.836426,1496.486206,-3473.102051,1552.014282,1626.058716,-3528.210449,1545.075928,1459.134033,-3520.080078,1560.598999,1580.656250,-3549.710693,1527.654663,1496.382935,-3472.871338,1552.160522,1626.112671,-3528.235596,2616.258057,1567.751343,-3159.718506,,,,,,,,,,,,,,,,,,,,,,,,,,,,,,,,,
1465,14.650000,0.000000,0.000000,0.000000,1.000000,0.000000,0.000000,0.000000,57.698101,20.499701,-14.700500,0.047771,-0.013570,0.015998,-15.666301,-52.738201,18.801300,-93.396698,0.129960,17.611099,-0.257586,-0.490977,-0.665741,0.499380,1545.960205,1540.573364,-3518.239258,1544.472290,1459.260620,-3520.555664,1560.274414,1580.498413,-3550.110840,1527.465454,1496.473022,-3473.606445,1551.628418,1626.061523,-3528.683838,1544.635010,1459.206543,-3520.612061,1560.103149,1580.600708,-3550.248779,1527.283081,1496.415649,-3473.434814,1551.800171,1626.071655,-3528.657227,2616.254883,1567.753906,-3159.728271,,,,,,,,,,,,,,,,,,,,,,,,,,,,,,,,,
1466,14.660000,0.000000,0.000000,0.000000,1.000000,0.000000,0.000000,0.000000,57.698101,20.499701,-14.700500,0.047771,-0.013570,0.015998,-15.666301,-52.738201,18.801300,-93.396698,0.129960,17.611099,-0.257627,-0.490626,-0.665846,0.499564,1545.525879,1540.561890,-3518.783691,1544.030273,1459.250854,-3521.150146,1559.826416,1580.505859,-3550.637695,1527.051392,1496.435303,-3474.168457,1551.195557,1626.056030,-3529.177979,1544.134766,1459.231323,-3521.237305,1559.757690,1580.622437,-3550.742676,1526.916748,1496.405029,-3473.974365,1551.280151,1625.991577,-3529.168945,2616.250732,1567.771606,-3159.725098,,,,,,,,,,,,,,,,,,,,,,,,,,,,,,,,,
1467,14.670000,0.000000,0.000000,0.000000,1.000000,0.000000,0.000000,0.000000,57.698101,20.499701,-14.700500,0.047771,-0.013570,0.015998,-15.666301,-52.738201,18.801300,-93.396698,0.129960,17.611099,-0.257362,-0.490628,-0.665987,0.499510,1545.090698,1540.512207,-3519.270752,1543.600220,1459.201782,-3521.667969,1559.404419,1580.468628,-3551.103027,1526.596924,1496.368042,-3474.680908,1550.761108,1626.010498,-3529.630371,1543.656494,1459.166382,-3521.740967,1559.403442,1580.634766,-3551.214355,1526.494507,1496.318604,-3474.486084,1550.797485,1625.939087,-3529.631104,2616.248291,1567.729248,-3159.715088,,,,,,,,,,,,,,,,,,,,,,,,,,,,,,,,,
1468,14.680000,0.000000,0.000000,0.000000,1.000000,0.000000,0.000000,0.000000,57.698101,20.499701,-14.700500,0.047771,-0.013570,0.015998,-15.666301,-52.738201,18.801300,-93.396698,0.129960,17.611099,-0.256753,-0.490707,-0.666203,0.499458,1544.705688,1540.479858,-3519.711182,1543.246338,1459.170654,-3522.166016,1559.038818,1580.463257,-3551.501221,1526.180664,1496.298584,-3475.171387,1550.356934,1625.987305,-3530.006348,1543.287720,1459.155151,-3522.179199,1559.025513,1580.610107,-3551.617432,1526.108887,1496.252686,-3475.070312,1550.395264,1625.912720,-3529.982910,2616.241943,1567.753662,-3159.703369,,,,,,,,,,,,,,,,,,,,,,,,,,,,,,,,,
1469,14.690000,0.000000,0.000000,0.000000,1.000000,0.000000,0.000000,0.000000,57.698101,20.499701,-14.700500,0.047771,-0.013570,0.015998,-15.666301,-52.738201,18.801300,-93.396698,0.129960,17.611099,-0.256679,-0.490123,-0.666548,0.499609,1544.276123,1540.382812,-3520.156250,1542.785400,1459.077393,-3522.713379,1558.609741,1580.401123,-3551.901855,1525.754761,1496.151978,-3475.663818,1549.954468,1625.901245,-3530.345215,1542.802002,1459.091309,-3522.719238,1558.636719,1580.548096,-3552.022705,1525.712036,1496.134155,-3475.588623,1549.954834,1625.763062,-3530.301758,2616.226074,1567.734497,-3159.723877,,,,,,,,,,,,,,,,,,,,,,,,,,,,,,,,,
1470,14.700000,0.000000,0.000000,0.000000,1.000000,0.000000,0.000000,0.000000,57.698101,20.499701,-14.700500,0.047771,-0.013570,0.015998,-15.666301,-52.738201,18.801300,-93.396698,0.129960,17.611099,-0.257298,-0.489003,-0.666782,0.500075,1543.835693,1540.340576,-3520.583496,1542.274536,1459.039795,-3523.246582,1558.128418,1580.390259,-3552.307861,1525.380737,1496.064575,-3476.108398,1549.558472,1625.867920,-3530.670654,1542.261719,1459.071289,-3523.240967,1558.190308,1580.513062,-3552.405029,1525.369873,1496.050659,-3476.062012,1549.523804,1625.726562,-3530.631104,2616.229736,1567.743530,-3159.731201,,,,,,,,,,,,,,,,,,,,,,,,,,,,,,,,,
1471,14.710000,0.000000,0.000000,0.000000,1.000000,0.000000,0.000000,0.000000,57.698101,20.499701,-14.700500,0.047771,-0.013570,0.015998,-15.666301,-52.738201,18.801300,-93.396698,0.129960,17.611099,-0.257343,-0.488454,-0.666890,0.500446,1543.371094,1540.298462,-3520.997314,1541.812378,1459.000244,-3523.738770,1557.632568,1580.380127,-3552.695557,1524.959595,1495.977661,-3476.548828,1549.079834,1625.836182,-3531.005615,1541.771606,1459.075195,-3523.724121,1557.713745,1580.481079,-3552.744629,1524.978882,1495.963379,-3476.534424,1549.017822,1625.665894,-3530.987793,2616.274902,1567.777832,-3159.727783,,,,,,,,,,,,,,,,,,,,,,,,,,,,,,,,,
1472,14.720000,0.000000,0.000000,0.000000,1.000000,0.000000,0.000000,0.000000,57.698101,20.499701,-14.700500,0.047771,-0.013570,0.015998,-15.666301,-52.738201,18.801300,-93.396698,0.129960,17.611099,-0.256292,-0.488966,-0.666935,0.500424,1542.880859,1540.261963,-3521.395996,1541.426392,1458.963013,-3524.173340,1557.155640,1580.373779,-3553.050049,1524.436401,1495.900879,-3477.001465,1548.505127,1625.810547,-3531.358643,1541.386719,1459.076050,-3524.142334,1557.216064,1580.456543,-3553.079834,1524.467163,1495.915771,-3477.027344,1548.445068,1625.576050,-3531.328369,2616.296387,1567.759033,-3159.742920,,,,,,,,,,,,,,,,,,,,,,,,,,,,,,,,,
1473,14.730000,0.000000,0.000000,0.000000,1.000000,0.000000,0.000000,0.000000,57.698101,20.499701,-14.700500,0.047771,-0.013570,0.015998,-15.666301,-52.738201,18.801300,-93.396698,0.129960,17.611099,-0.255755,-0.488622,-0.667136,0.500768,1542.396729,1540.240479,-3521.788818,1540.992065,1458.944702,-3524.677490,1556.651611,1580.404175,-3553.386230,1523.973022,1495.807495,-3477.457764,1547.970581,1625.806030,-3531.633789,1540.960205,1459.037354,-3524.661377,1556.699829,1580.456543,-3553.399170,1524.002808,1495.838989,-3477.482422,1547.917480,1625.611084,-3531.608887,2616.286377,1567.727661,-3159.741699,,,,,,,,,,,,,,,,,,,,,,,,,,,,,,,,,
1474,14.740000,0.000000,0.000000,0.000000,1.000000,0.000000,0.000000,0.000000,57.698101,20.499701,-14.700500,0.047771,-0.013570,0.015998,-15.666301,-52.738201,18.801300,-93.396698,0.129960,17.611099,-0.255290,-0.488289,-0.667142,0.501321,1541.895874,1540.234985,-3522.192627,1540.572998,1458.941162,-3525.178467,1556.101929,1580.451050,-3553.745605,1523.528320,1495.730225,-3477.910400,1547.380127,1625.817871,-3531.936523,1540.548340,1459.027588,-3525.190674,1556.168579,1580.464966,-3553.789795,1523.554199,1495.806396,-3477.913574,1547.304443,1625.621460,-3531.870605,2616.272461,1567.720459,-3159.776611,,,,,,,,,,,,,,,,,,,,,,,,,,,,,,,,,
1475,14.750000,0.000000,0.000000,0.000000,1.000000,0.000000,0.000000,0.000000,57.698101,20.499701,-14.700500,0.047771,-0.013570,0.015998,-15.666301,-52.738201,18.801300,-93.396698,0.129960,17.611099,-0.253986,-0.488771,-0.667137,0.501520,1541.368530,1540.228638,-3522.562744,1540.197266,1458.934937,-3525.612793,1555.566284,1580.494019,-3554.055908,1522.991089,1495.657227,-3478.351318,1546.719238,1625.828491,-3532.230469,1540.192139,1459.065308,-3525.630615,1555.617310,1580.473633,-3554.124756,1523.001831,1495.738037,-3478.348877,1546.654541,1625.617920,-3532.136719,2616.274902,1567.739380,-3159.795410,,,,,,,,,,,,,,,,,,,,,,,,,,,,,,,,,
1476,14.760000,0.000000,0.000000,0.000000,1.000000,0.000000,0.000000,0.000000,57.698101,20.499701,-14.700500,0.047771,-0.013570,0.015998,-15.666301,-52.738201,18.801300,-93.396698,0.129960,17.611099,-0.252964,-0.489366,-0.667098,0.501508,1540.866333,1540.235840,-3522.977295,1539.808838,1458.941162,-3526.044922,1555.072266,1580.526001,-3554.435303,1522.461792,1495.631836,-3478.810303,1546.122559,1625.844727,-3532.618652,1539.801025,1459.048828,-3526.041992,1555.104004,1580.477417,-3554.478027,1522.484741,1495.717529,-3478.848145,1546.071533,1625.692261,-3532.534424,2616.277100,1567.720947,-3159.797363,,,,,,,,,,,,,,,,,,,,,,,,,,,,,,,,,
1477,14.770000,0.000000,0.000000,0.000000,1.000000,0.000000,0.000000,0.000000,57.698101,20.499701,-14.700500,0.047771,-0.013570,0.015998,-15.666301,-52.738201,18.801300,-93.396698,0.129960,17.611099,-0.252004,-0.489809,-0.667323,0.501259,1540.388916,1540.194458,-3523.399414,1539.386963,1458.900635,-3526.506836,1554.635986,1580.507935,-3554.808838,1521.919312,1495.558716,-3479.291504,1545.613403,1625.811035,-3532.989746,1539.377197,1459.000366,-3526.537109,1554.688354,1580.432129,-3554.847412,1521.941895,1495.659180,-3479.298828,1545.544434,1625.679932,-3532.909912,2616.269287,1567.736572,-3159.807129,,,,,,,,,,,,,,,,,,,,,,,,,,,,,,,,,
1478,14.780000,0.000000,0.000000,0.000000,1.000000,0.000000,0.000000,0.000000,57.698101,20.499701,-14.700500,0.047771,-0.013570,0.015998,-15.666301,-52.738201,18.801300,-93.396698,0.129960,17.611099,-0.252175,-0.489225,-0.667512,0.501493,1539.929199,1540.177002,-3523.849854,1538.896729,1458.886353,-3527.030762,1554.160156,1580.514038,-3555.236328,1521.486206,1495.507324,-3479.765381,1545.173584,1625.800415,-3533.367432,1538.883057,1458.925903,-3527.085693,1554.231812,1580.436768,-3555.271973,1521.513550,1495.654907,-3479.752686,1545.085815,1625.689209,-3533.282959,2616.306885,1567.742676,-3159.823486,,,,,,,,,,,,,,,,,,,,,,,,,,,,,,,,,
1479,14.790000,0.000000,0.000000,0.000000,1.000000,0.000000,0.000000,0.000000,57.698101,20.499701,-14.700500,0.047771,-0.013570,0.015998,-15.666301,-52.738201,18.801300,-93.396698,0.129960,17.611099,-0.251836,-0.489086,-0.667721,0.501520,1539.470703,1540.183716,-3524.317871,1538.446533,1458.895386,-3527.559570,1553.710449,1580.545410,-3555.668701,1521.014282,1495.479614,-3480.273682,1544.711182,1625.814575,-3533.769531,1538.467041,1458.945190,-3527.589111,1553.715942,1580.451660,-3555.712891,1521.021606,1495.636597,-3480.300293,1544.676025,1625.702148,-3533.665039,2616.327881,1567.726929,-3159.821777,,,,,,,,,,,,,,,,,,,,,,,,,,,,,,,,,
1480,14.800000,0.000000,0.000000,0.000000,1.000000,0.000000,0.000000,0.000000,57.698101,20.499701,-14.700500,0.047771,-0.013570,0.015998,-15.666301,-52.738201,18.801300,-93.396698,0.129960,17.611099,-0.250714,-0.489918,-0.667964,0.500946,1538.976196,1540.218140,-3524.802246,1538.003052,1458.929199,-3528.043701,1553.290039,1580.585938,-3556.111328,1520.409668,1495.506348,-3480.812256,1544.201904,1625.851318,-3534.241211,1538.014893,1458.910034,-3528.049805,1553.284424,1580.545166,-3556.134277,1520.428955,1495.681885,-3480.873047,1544.176514,1625.747437,-3534.150879,2616.319824,1567.727173,-3159.822510,,,,,,,,,,,,,,,,,,,,,,,,,,,,,,,,,
1481,14.810000,0.000000,0.000000,0.000000,1.000000,0.000000,0.000000,0.000000,57.698101,20.499701,-14.700500,0.047771,-0.013570,0.015998,-15.666301,-52.738201,18.801300,-93.396698,0.129960,17.611099,-0.250186,-0.490406,-0.668080,0.500577,1538.526489,1540.219482,-3525.350586,1537.571045,1458.929810,-3528.577881,1552.884644,1580.583374,-3556.644531,1519.895874,1495.513306,-3481.381836,1543.754395,1625.851562,-3534.797852,1537.608154,1458.904663,-3528.635498,1552.862915,1580.523315,-3556.647705,1519.891968,1495.715576,-3481.391357,1543.742188,1625.751343,-3534.724854,2616.296387,1567.743408,-3159.823975,,,,,,,,,,,,,,,,,,,,,,,,,,,,,,,,,
1482,14.820000,0.000000,0.000000,0.000000,1.000000,0.000000,0.000000,0.000000,57.698101,20.499701,-14.700500,0.047771,-0.013570,0.015998,-15.666301,-52.738201,18.801300,-93.396698,0.129960,17.611099,-0.250376,-0.490242,-0.668330,0.500310,1538.074829,1540.255249,-3525.915039,1537.048096,1458.966919,-3529.153809,1552.467285,1580.610962,-3557.203857,1519.406616,1495.559326,-3481.952148,1543.377441,1625.884155,-3535.350586,1537.132935,1458.889160,-3529.240967,1552.390381,1580.549561,-3557.206299,1519.364136,1495.801636,-3481.936768,1543.410889,1625.804443,-3535.276611,2616.312500,1567.749634,-3159.833740,,,,,,,,,,,,,,,,,,,,,,,,,,,,,,,,,
1483,14.830000,0.000000,0.000000,0.000000,1.000000,0.000000,0.000000,0.000000,57.698101,20.499701,-14.700500,0.047771,-0.013570,0.015998,-15.666301,-52.738201,18.801300,-93.396698,0.129960,17.611099,-0.250224,-0.490255,-0.668633,0.499968,1537.619751,1540.278931,-3526.523438,1536.546265,1458.991943,-3529.783936,1552.058594,1580.634155,-3557.791504,1518.893433,1495.582764,-3482.585205,1542.980591,1625.906982,-3535.932861,1536.639282,1458.876953,-3529.816895,1551.953003,1580.606201,-3557.833740,1518.840942,1495.777100,-3482.604004,1543.045166,1625.865479,-3535.840088,2616.291992,1567.752686,-3159.827148,,,,,,,,,,,,,,,,,,,,,,,,,,,,,,,,,
1484,14.840000,0.000000,0.000000,0.000000,1.000000,0.000000,0.000000,0.000000,57.698101,20.499701,-14.700500,0.047771,-0.013570,0.015998,-15.666301,-52.738201,18.801300,-93.396698,0.129960,17.611099,-0.249735,-0.490846,-0.668519,0.499785,1537.193237,1540.322021,-3527.214111,1536.176392,1459.032837,-3530.435059,1551.648804,1580.670654,-3558.482666,1518.435547,1495.635986,-3483.279053,1542.511841,1625.948730,-3536.659180,1536.264893,1458.928467,-3530.507568,1551.562744,1580.620972,-3558.495361,1518.388550,1495.858154,-3483.270752,1542.556152,1625.898071,-3536.584961,2616.314697,1567.773682,-3159.805176,,,,,,,,,,,,,,,,,,,,,,,,,,,,,,,,,
1485,14.850000,0.000000,0.000000,0.000000,1.000000,0.000000,0.000000,0.000000,57.698101,20.499701,-14.700500,0.047771,-0.013570,0.015998,-15.666301,-52.738201,18.801300,-93.396698,0.129960,17.611099,-0.250177,-0.490312,-0.668822,0.499683,1536.731812,1540.323486,-3527.930420,1535.619507,1459.037231,-3531.192871,1551.206177,1580.671875,-3559.190674,1517.961670,1495.636108,-3484.002197,1542.139893,1625.948975,-3537.336182,1535.734497,1458.911377,-3531.309814,1551.120483,1580.649780,-3559.227783,1517.879028,1495.850220,-3483.919922,1542.194458,1625.895386,-3537.264893,2616.314941,1567.730591,-3159.792480,,,,,,,,,,,,,,,,,,,,,,,,,,,,,,,,,
1486,14.860000,0.000000,0.000000,0.000000,1.000000,0.000000,0.000000,0.000000,57.698101,20.499701,-14.700500,0.047771,-0.013570,0.015998,-15.666301,-52.738201,18.801300,-93.396698,0.129960,17.611099,-0.249737,-0.490554,-0.668962,0.499477,1536.291016,1540.341431,-3528.726562,1535.193481,1459.055420,-3532.002197,1550.794189,1580.696411,-3559.964844,1517.478638,1495.644775,-3484.825684,1541.697632,1625.968994,-3538.113281,1535.331543,1458.915771,-3532.103516,1550.668701,1580.684326,-3560.010254,1517.378784,1495.845459,-3484.754639,1541.786377,1625.926514,-3538.039307,2616.285400,1567.723022,-3159.782715,,,,,,,,,,,,,,,,,,,,,,,,,,,,,,,,,
1487,14.870000,0.000000,0.000000,0.000000,1.000000,0.000000,0.000000,0.000000,57.698101,20.499701,-14.700500,0.047771,-0.013570,0.015998,-15.666301,-52.738201,18.801300,-93.396698,0.129960,17.611099,-0.250023,-0.490503,-0.668868,0.499511,1535.820068,1540.339722,-3529.531006,1534.707275,1459.052979,-3532.782227,1550.314087,1580.683228,-3560.788574,1517.022827,1495.659058,-3485.607422,1541.236328,1625.963867,-3538.945557,1534.811646,1458.880249,-3532.895996,1550.229004,1580.684814,-3560.793213,1516.954956,1495.884888,-3485.542725,1541.288696,1625.916870,-3538.897217,2616.318604,1567.738281,-3159.758301,,,,,,,,,,,,,,,,,,,,,,,,,,,,,,,,,
1488,14.880000,0.000000,0.000000,0.000000,1.000000,0.000000,0.000000,0.000000,57.698101,20.499701,-14.700500,0.047771,-0.013570,0.015998,-15.666301,-52.738201,18.801300,-93.396698,0.129960,17.611099,-0.250264,-0.490069,-0.669274,0.499272,1535.322876,1540.288818,-3530.353516,1534.113281,1459.005493,-3533.655029,1549.854370,1580.634644,-3561.590576,1516.487061,1495.603149,-3486.451660,1540.836914,1625.912231,-3539.717041,1534.221436,1458.831787,-3533.743408,1549.765747,1580.641724,-3561.635498,1516.413940,1495.827881,-3486.401611,1540.894043,1625.860596,-3539.635742,2616.321777,1567.727539,-3159.727539,,,,,,,,,,,,,,,,,,,,,,,,,,,,,,,,,
1489,14.890000,0.000000,0.000000,0.000000,1.000000,0.000000,0.000000,0.000000,57.698101,20.499701,-14.700500,0.047771,-0.013570,0.015998,-15.666301,-52.738201,18.801300,-93.396698,0.129960,17.611099,-0.250229,-0.490244,-0.669399,0.498951,1534.835083,1540.247437,-3531.197266,1533.592285,1458.963867,-3534.479980,1549.402832,1580.579468,-3562.435303,1515.953491,1495.580444,-3487.296143,1540.391846,1625.866211,-3540.577637,1533.695068,1458.828003,-3534.565186,1549.316040,1580.583374,-3562.474365,1515.885376,1495.805298,-3487.252441,1540.445679,1625.785278,-3540.496582,2616.282715,1567.747925,-3159.731445,,,,,,,,,,,,,,,,,,,,,,,,,,,,,,,,,
1490,14.900000,0.000000,0.000000,0.000000,1.000000,0.000000,0.000000,0.000000,57.698101,20.499701,-14.700500,0.047771,-0.013570,0.015998,-15.666301,-52.738201,18.801300,-93.396698,0.129960,17.611099,-0.250819,-0.489722,-0.669784,0.498650,1534.279297,1540.199219,-3532.053467,1532.901489,1458.918945,-3535.362549,1548.886841,1580.518066,-3563.290039,1515.361206,1495.548340,-3488.151611,1539.967651,1625.812012,-3541.409668,1532.993408,1458.787842,-3535.464600,1548.803467,1580.547119,-3563.278320,1515.299805,1495.734863,-3488.088623,1540.022827,1625.733398,-3541.385010,2616.286377,1567.712524,-3159.713867,,,,,,,,,,,,,,,,,,,,,,,,,,,,,,,,,
1491,14.910000,0.000000,0.000000,0.000000,1.000000,0.000000,0.000000,0.000000,57.698101,20.499701,-14.700500,0.047771,-0.013570,0.015998,-15.666301,-52.738201,18.801300,-93.396698,0.129960,17.611099,-0.251206,-0.489562,-0.670103,0.498184,1533.709717,1540.164185,-3532.951904,1532.218018,1458.885498,-3536.253174,1548.371948,1580.459717,-3564.193115,1514.731812,1495.543823,-3489.044678,1539.517334,1625.768066,-3542.316162,1532.320679,1458.836914,-3536.310791,1548.267090,1580.492554,-3564.237549,1514.652100,1495.659180,-3488.992676,1539.599243,1625.669434,-3542.264160,2616.290283,1567.761719,-3159.706299,,,,,,,,,,,,,,,,,,,,,,,,,,,,,,,,,
1492,14.920000,0.000000,0.000000,0.000000,1.000000,0.000000,0.000000,0.000000,57.698101,20.499701,-14.700500,0.047771,-0.013570,0.015998,-15.666301,-52.738201,18.801300,-93.396698,0.129960,17.611099,-0.251335,-0.489813,-0.670232,0.497698,1533.132080,1540.157471,-3533.790283,1531.578857,1458.878052,-3537.045166,1547.844971,1580.423096,-3565.045898,1514.092041,1495.577515,-3489.868896,1539.012329,1625.751221,-3543.201172,1531.640259,1458.848267,-3537.104980,1547.780151,1580.489258,-3565.032471,1514.046021,1495.671631,-3489.820801,1539.062378,1625.617310,-3543.201660,2616.287109,1567.736694,-3159.709229,,,,,,,,,,,,,,,,,,,,,,,,,,,,,,,,,
1493,14.930000,0.000000,0.000000,0.000000,1.000000,0.000000,0.000000,0.000000,57.698101,20.499701,-14.700500,0.047771,-0.013570,0.015998,-15.666301,-52.738201,18.801300,-93.396698,0.129960,17.611099,-0.252017,-0.489332,-0.670517,0.497441,1532.534790,1540.115723,-3534.679199,1530.853271,1458.839233,-3537.941895,1547.278442,1580.362427,-3565.944580,1513.470337,1495.559937,-3490.743896,1538.537231,1625.701538,-3544.085938,1530.948730,1458.816406,-3538.008545,1547.190674,1580.439941,-3565.990723,1513.384155,1495.637207,-3490.657227,1538.615479,1625.567017,-3544.056885,2616.291260,1567.741577,-3159.698975,,,,,,,,,,,,,,,,,,,,,,,,,,,,,,,,,
1494,14.940000,0.000000,0.000000,0.000000,1.000000,0.000000,0.000000,0.000000,57.698101,20.499701,-14.700500,0.047771,-0.013570,0.015998,-15.666301,-52.738201,18.801300,-93.396698,0.129960,17.611099,-0.251701,-0.489974,-0.670519,0.496967,1531.914307,1540.099854,-3535.507568,1530.237305,1458.820801,-3538.709473,1546.705933,1580.322021,-3566.782227,1512.782349,1495.578613,-3491.566650,1537.931641,1625.678223,-3544.972412,1530.316528,1458.829834,-3538.753906,1546.605591,1580.368164,-3566.769287,1512.723999,1495.635254,-3491.530518,1538.013306,1625.562134,-3544.977539,2616.259521,1567.730103,-3159.714355,,,,,,,,,,,,,,,,,,,,,,,,,,,,,,,,,
1495,14.950000,0.000000,0.000000,0.000000,1.000000,0.000000,0.000000,0.000000,57.698101,20.499701,-14.700500,0.047771,-0.013570,0.015998,-15.666301,-52.738201,18.801300,-93.396698,0.129960,17.611099,-0.252070,-0.489983,-0.670456,0.496856,1531.266357,1540.075317,-3536.376953,1529.552002,1458.795410,-3539.537354,1546.062988,1580.275269,-3567.677490,1512.132690,1495.584351,-3492.406250,1537.317749,1625.646240,-3545.886475,1529.625977,1458.809082,-3539.583740,1545.970825,1580.341431,-3567.663574,1512.070068,1495.605591,-3492.350586,1537.400024,1625.542236,-3545.911133,2616.265137,1567.752319,-3159.712891,,,,,,,,,,,,,,,,,,,,,,,,,,,,,,,,,
1496,14.960000,0.000000,0.000000,0.000000,1.000000,0.000000,0.000000,0.000000,57.698101,20.499701,-14.700500,0.047771,-0.013570,0.015998,-15.666301,-52.738201,18.801300,-93.396698,0.129960,17.611099,-0.251657,-0.490698,-0.670517,0.496277,1530.616699,1540.104248,-3537.226318,1528.902466,1458.822144,-3540.326904,1545.474487,1580.278931,-3568.530762,1511.397949,1495.649048,-3493.256592,1536.692017,1625.667358,-3546.791504,1528.966187,1458.812744,-3540.334229,1545.392334,1580.397339,-3568.569580,1511.322388,1495.598633,-3493.193359,1536.780396,1625.612671,-3546.809570,2616.260742,1567.776978,-3159.724609,,,,,,,,,,,,,,,,,,,,,,,,,,,,,,,,,
1497,14.970000,0.000000,0.000000,0.000000,1.000000,0.000000,0.000000,0.000000,57.698101,20.499701,-14.700500,0.047771,-0.013570,0.015998,-15.666301,-52.738201,18.801300,-93.396698,0.129960,17.611099,-0.251509,-0.491413,-0.670547,0.495605,1529.975098,1540.088501,-3538.065430,1528.230957,1458.803711,-3541.077393,1544.899414,1580.221680,-3569.391357,1510.667725,1495.690796,-3494.076172,1536.101929,1625.638306,-3547.716797,1528.280884,1458.789917,-3541.084229,1544.843506,1580.346558,-3569.439941,1510.591675,1495.604248,-3493.992432,1536.175903,1625.615967,-3547.743164,2616.274902,1567.767334,-3159.738037,,,,,,,,,,,,,,,,,,,,,,,,,,,,,,,,,
1498,14.980000,0.000000,0.000000,0.000000,1.000000,0.000000,0.000000,0.000000,57.698101,20.499701,-14.700500,0.047771,-0.013570,0.015998,-15.666301,-52.738201,18.801300,-93.396698,0.129960,17.611099,-0.251133,-0.491955,-0.670563,0.495235,1529.289551,1540.100098,-3538.935791,1527.560181,1458.813477,-3541.907715,1544.253052,1580.218750,-3570.261475,1509.925781,1495.722900,-3494.950684,1535.419067,1625.645508,-3548.623291,1527.642090,1458.785034,-3541.950684,1544.198608,1580.292969,-3570.374023,1509.804199,1495.628052,-3494.794678,1535.499268,1625.688232,-3548.614258,2616.263428,1567.728882,-3159.741211,,,,,,,,,,,,,,,,,,,,,,,,,,,,,,,,,
1499,14.990000,0.000000,0.000000,0.000000,1.000000,0.000000,0.000000,0.000000,57.698101,20.499701,-14.700500,0.047771,-0.013570,0.015998,-15.666301,-52.738201,18.801300,-93.396698,0.129960,17.611099,-0.250688,-0.492915,-0.670514,0.494571,1528.625000,1540.142334,-3539.765869,1526.908447,1458.851929,-3542.641602,1543.653564,1580.223511,-3571.108154,1509.169067,1495.817627,-3495.768555,1534.768921,1625.676270,-3549.545166,1526.941040,1458.813110,-3542.691162,1543.659912,1580.245483,-3571.170410,1509.108765,1495.770996,-3495.652832,1534.786377,1625.736084,-3549.542969,2616.281982,1567.732666,-3159.746582,,,,,,,,,,,,,,,,,,,,,,,,,,,,,,,,,
1500,15.000000,0.000000,0.000000,0.000000,1.000000,0.000000,0.000000,0.000000,57.698101,20.499701,-14.700500,0.047771,-0.013570,0.015998,-15.666301,-52.738201,18.801300,-93.396698,0.129960,17.611099,-0.251024,-0.492483,-0.670393,0.494996,1527.892334,1540.163818,-3540.600586,1526.183350,1458.874268,-3543.501709,1542.872681,1580.258057,-3571.949463,1508.502319,1495.821533,-3496.592041,1534.010986,1625.702026,-3550.359131,1526.232544,1458.770630,-3543.558594,1542.884033,1580.297485,-3572.077393,1508.417725,1495.791138,-3496.444824,1534.031860,1625.793091,-3550.317383,2616.301270,1567.719116,-3159.765137,,,,,,,,,,,,,,,,,,,,,,,,,,,,,,,,,
1501,15.010000,0.000000,0.000000,0.000000,1.000000,0.000000,0.000000,0.000000,57.698101,20.499701,-14.700500,0.047771,-0.013570,0.015998,-15.666301,-52.738201,18.801300,-93.396698,0.129960,17.611099,-0.249697,-0.493807,-0.670336,0.494424,1527.215454,1540.207031,-3541.406738,1525.619385,1458.912964,-3544.248291,1542.258911,1580.294800,-3572.733398,1507.722046,1495.875488,-3497.432617,1533.261597,1625.745117,-3551.211914,1525.662720,1458.760254,-3544.320557,1542.271851,1580.387695,-3572.819824,1507.642822,1495.858887,-3497.276855,1533.281982,1625.811035,-3551.205566,2616.302246,1567.721802,-3159.770996,,,,,,,,,,,,,,,,,,,,,,,,,,,,,,,,,
1502,15.020000,0.000000,0.000000,0.000000,1.000000,0.000000,0.000000,0.000000,57.698101,20.499701,-14.700500,0.047771,-0.013570,0.015998,-15.666301,-52.738201,18.801300,-93.396698,0.129960,17.611099,-0.250042,-0.493605,-0.670155,0.494697,1526.521851,1540.234863,-3542.194580,1524.931152,1458.940430,-3545.025635,1541.529053,1580.320801,-3573.541504,1507.077759,1495.906372,-3498.195801,1532.549194,1625.772461,-3552.015625,1525.050415,1458.738281,-3545.100586,1541.435791,1580.365234,-3573.631348,1506.959473,1495.943359,-3498.069824,1532.648804,1625.878296,-3551.978760,2616.297607,1567.765503,-3159.797852,,,,,,,,,,,,,,,,,,,,,,,,,,,,,,,,,
1503,15.030000,0.000000,0.000000,0.000000,1.000000,0.000000,0.000000,0.000000,57.698101,20.499701,-14.700500,0.047771,-0.013570,0.015998,-15.666301,-52.738201,18.801300,-93.396698,0.129960,17.611099,-0.249356,-0.494100,-0.669996,0.494766,1525.778442,1540.274902,-3542.989502,1524.286865,1458.978149,-3545.813477,1540.778076,1580.375000,-3574.321533,1506.331055,1495.928223,-3499.010498,1531.717529,1625.818359,-3552.812012,1524.422852,1458.693970,-3545.892578,1540.650269,1580.471558,-3574.372559,1506.207520,1495.969971,-3498.889893,1531.848022,1625.930786,-3552.811035,2616.287354,1567.701294,-3159.810059,,,,,,,,,,,,,,,,,,,,,,,,,,,,,,,,,
1504,15.040000,0.000000,0.000000,0.000000,1.000000,0.000000,0.000000,0.000000,57.698101,20.499701,-14.700500,0.047771,-0.013570,0.015998,-15.666301,-52.738201,18.801300,-93.396698,0.129960,17.611099,-0.248703,-0.494587,-0.669773,0.494909,1525.032104,1540.296631,-3543.717529,1523.649414,1458.997681,-3546.530762,1540.014160,1580.411377,-3575.039307,1505.593994,1495.931519,-3499.753174,1530.870972,1625.846313,-3553.547119,1523.770752,1458.744629,-3546.581543,1539.894287,1580.511597,-3575.104736,1505.485107,1495.979248,-3499.662842,1530.988281,1625.926392,-3553.527100,2616.323975,1567.721558,-3159.807129,,,,,,,,,,,,,,,,,,,,,,,,,,,,,,,,,
1505,15.050000,0.000000,0.000000,0.000000,1.000000,0.000000,0.000000,0.000000,57.698101,20.499701,-14.700500,0.047771,-0.013570,0.015998,-15.666301,-52.738201,18.801300,-93.396698,0.129960,17.611099,-0.249363,-0.493549,-0.669618,0.495822,1524.262329,1540.312500,-3544.466309,1522.888306,1459.016235,-3547.359619,1539.145508,1580.462769,-3575.789795,1504.960449,1495.897827,-3500.491943,1530.055054,1625.873535,-3554.223877,1522.987305,1458.752075,-3547.408691,1539.067261,1580.588989,-3575.885742,1504.864868,1495.965332,-3500.397705,1530.135254,1625.917114,-3554.181641,2616.324219,1567.694092,-3159.805176,,,,,,,,,,,,,,,,,,,,,,,,,,,,,,,,,
1506,15.060000,0.000000,0.000000,0.000000,1.000000,0.000000,0.000000,0.000000,57.698101,20.499701,-14.700500,0.047771,-0.013570,0.015998,-15.666301,-52.738201,18.801300,-93.396698,0.129960,17.611099,-0.248465,-0.493938,-0.669578,0.495939,1523.492432,1540.303955,-3545.186523,1522.226318,1459.007202,-3548.113525,1538.369873,1580.485474,-3576.472412,1504.183472,1495.847290,-3501.257568,1529.190186,1625.876099,-3554.902344,1522.280151,1458.808105,-3548.157959,1538.333374,1580.620483,-3576.521729,1504.124878,1495.908447,-3501.182373,1529.231689,1625.867676,-3554.889893,2616.309570,1567.741455,-3159.823730,,,,,,,,,,,,,,,,,,,,,,,,,,,,,,,,,
1507,15.070000,0.000000,0.000000,0.000000,1.000000,0.000000,0.000000,0.000000,57.698101,20.499701,-14.700500,0.047771,-0.013570,0.015998,-15.666301,-52.738201,18.801300,-93.396698,0.129960,17.611099,-0.248697,-0.493090,-0.669394,0.496913,1522.737183,1540.261230,-3545.922363,1521.532593,1458.966919,-3548.944824,1537.511841,1580.492920,-3577.192627,1503.562256,1495.735596,-3502.004639,1528.341919,1625.849731,-3555.547119,1521.559326,1458.890259,-3548.971191,1537.515869,1580.589844,-3577.265137,1503.530029,1495.810547,-3501.957275,1528.343384,1625.756470,-3555.497070,2616.299561,1567.735107,-3159.818604,,,,,,,,,,,,,,,,,,,,,,,,,,,,,,,,,
1508,15.080000,0.000000,0.000000,0.000000,1.000000,0.000000,0.000000,0.000000,57.698101,20.499701,-14.700500,0.047771,-0.013570,0.015998,-15.666301,-52.738201,18.801300,-93.396698,0.129960,17.611099,-0.248047,-0.492906,-0.669484,0.497300,1521.974609,1540.209351,-3546.625977,1520.850708,1458.917480,-3549.744385,1536.720825,1580.492188,-3577.843994,1502.827881,1495.613281,-3502.767334,1527.498901,1625.814453,-3556.148438,1520.818359,1458.870361,-3549.755615,1536.797119,1580.598511,-3577.881592,1502.849731,1495.690430,-3502.752441,1527.432861,1625.675415,-3556.113770,2616.338623,1567.736694,-3159.806396,,,,,,,,,,,,,,,,,,,,,,,,,,,,,,,,,
1509,15.090000,0.000000,0.000000,0.000000,1.000000,0.000000,0.000000,0.000000,57.698101,20.499701,-14.700500,0.047771,-0.013570,0.015998,-15.666301,-52.738201,18.801300,-93.396698,0.129960,17.611099,-0.247639,-0.492683,-0.669469,0.497745,1521.214478,1540.147827,-3547.307373,1520.163452,1458.857910,-3550.499268,1535.920654,1580.472290,-3578.490234,1502.113281,1495.494751,-3503.486816,1526.660400,1625.766479,-3556.752686,1520.098267,1458.910889,-3550.471680,1536.015015,1580.550903,-3578.504150,1502.175049,1495.559570,-3503.534668,1526.561401,1625.547363,-3556.715820,2616.341553,1567.758057,-3159.802246,,,,,,,,,,,,,,,,,,,,,,,,,,,,,,,,,
1510,15.100000,0.000000,0.000000,0.000000,1.000000,0.000000,0.000000,0.000000,57.698101,20.499701,-14.700500,0.047771,-0.013570,0.015998,-15.666301,-52.738201,18.801300,-93.396698,0.129960,17.611099,-0.248376,-0.491335,-0.669456,0.498727,1520.407837,1540.033813,-3548.013672,1519.340698,1458.749023,-3551.327881,1535.013672,1580.405518,-3579.182617,1501.448364,1495.314209,-3504.199463,1525.828369,1625.666748,-3557.344727,1519.309692,1458.842896,-3551.323486,1535.067505,1580.441772,-3579.198486,1501.490967,1495.419800,-3504.240479,1525.751465,1625.394775,-3557.284424,2616.320557,1567.750244,-3159.804443,,,,,,,,,,,,,,,,,,,,,,,,,,,,,,,,,
1511,15.110000,0.000000,0.000000,0.000000,1.000000,0.000000,0.000000,0.000000,57.698101,20.499701,-14.700500,0.047771,-0.013570,0.015998,-15.666301,-52.738201,18.801300,-93.396698,0.129960,17.611099,-0.246674,-0.491950,-0.669558,0.498827,1519.618286,1539.933838,-3548.669678,1518.724121,1458.650513,-3552.069580,1534.231445,1580.366699,-3579.755615,1500.624390,1495.131348,-3504.955078,1524.893188,1625.587036,-3557.897461,1518.713989,1458.825195,-3552.068115,1534.250488,1580.364258,-3579.757568,1500.651245,1495.206543,-3504.994629,1524.849121,1625.312744,-3557.851318,2616.328857,1567.751587,-3159.787598,,,,,,,,,,,,,,,,,,,,,,,,,,,,,,,,,
1512,15.120000,0.000000,0.000000,0.000000,1.000000,0.000000,0.000000,0.000000,57.698101,20.499701,-14.700500,0.047771,-0.013570,0.015998,-15.666301,-52.738201,18.801300,-93.396698,0.129960,17.611099,-0.246493,-0.491329,-0.669643,0.499416,1518.849487,1539.820923,-3549.339844,1517.998901,1458.541870,-3552.851807,1533.411011,1580.305298,-3580.383057,1499.921265,1494.946899,-3505.670410,1524.066528,1625.489868,-3558.453857,1518.032593,1458.730591,-3552.890137,1533.387085,1580.247681,-3580.373291,1499.919067,1495.036011,-3505.681641,1524.061890,1625.261963,-3558.411865,2616.340820,1567.720947,-3159.763184,,,,,,,,,,,,,,,,,,,,,,,,,,,,,,,,,
1513,15.130000,0.000000,0.000000,0.000000,1.000000,0.000000,0.000000,0.000000,57.698101,20.499701,-14.700500,0.047771,-0.013570,0.015998,-15.666301,-52.738201,18.801300,-93.396698,0.129960,17.611099,-0.246484,-0.490659,-0.669883,0.499756,1518.108887,1539.741211,-3550.017578,1517.246460,1458.466919,-3553.635254,1532.647583,1580.264648,-3581.020508,1499.214111,1494.812012,-3506.390381,1523.327271,1625.421387,-3559.023926,1517.352539,1458.646729,-3553.670654,1532.527100,1580.191650,-3581.039307,1499.151978,1494.850708,-3506.377686,1523.415283,1625.279297,-3558.984131,2616.316895,1567.711426,-3159.750732,,,,,,,,,,,,,,,,,,,,,,,,,,,,,,,,,
1514,15.140000,0.000000,0.000000,0.000000,1.000000,0.000000,0.000000,0.000000,57.698101,20.499701,-14.700500,0.047771,-0.013570,0.015998,-15.666301,-52.738201,18.801300,-93.396698,0.129960,17.611099,-0.245952,-0.490489,-0.670403,0.499487,1517.408447,1539.631470,-3550.682861,1516.514160,1458.361694,-3554.394043,1531.998047,1580.183716,-3581.624023,1498.447510,1494.661255,-3507.126709,1522.674194,1625.319580,-3559.586182,1516.613037,1458.531982,-3554.383057,1531.816650,1580.067017,-3581.566650,1498.400513,1494.643311,-3507.173096,1522.798828,1625.286011,-3559.601318,2616.308594,1567.751831,-3159.746582,,,,,,,,,,,,,,,,,,,,,,,,,,,,,,,,,
1515,15.150000,0.000000,0.000000,0.000000,1.000000,0.000000,0.000000,0.000000,57.698101,20.499701,-14.700500,0.047771,-0.013570,0.015998,-15.666301,-52.738201,18.801300,-93.396698,0.129960,17.611099,-0.246193,-0.489814,-0.670859,0.499419,1516.692505,1539.544556,-3551.394531,1515.704956,1458.279907,-3555.192383,1531.305420,1580.113892,-3582.302246,1497.712158,1494.548462,-3507.873535,1522.047485,1625.236328,-3560.209229,1515.772217,1458.381104,-3555.210938,1531.221558,1580.064453,-3582.309814,1497.653931,1494.486816,-3507.835938,1522.122681,1625.248291,-3560.221924,2616.276367,1567.735229,-3159.734619,,,,,,,,,,,,,,,,,,,,,,,,,,,,,,,,,
1516,15.160000,0.000000,0.000000,0.000000,1.000000,0.000000,0.000000,0.000000,57.698101,20.499701,-14.700500,0.047771,-0.013570,0.015998,-15.666301,-52.738201,18.801300,-93.396698,0.129960,17.611099,-0.244994,-0.490476,-0.671269,0.498808,1515.991821,1539.473267,-3552.070312,1515.037964,1458.209961,-3555.904785,1530.688477,1580.059326,-3582.916748,1496.890137,1494.454102,-3508.626465,1521.350464,1625.170166,-3560.833496,1515.137695,1458.293701,-3555.922119,1530.585205,1580.013672,-3582.999512,1496.781982,1494.343994,-3508.541260,1521.457642,1625.238159,-3560.816162,2616.283936,1567.737549,-3159.724854,,,,,,,,,,,,,,,,,,,,,,,,,,,,,,,,,
1517,15.170000,0.000000,0.000000,0.000000,1.000000,0.000000,0.000000,0.000000,57.698101,20.499701,-14.700500,0.047771,-0.013570,0.015998,-15.666301,-52.738201,18.801300,-93.396698,0.129960,17.611099,-0.244565,-0.490395,-0.671793,0.498392,1515.320557,1539.418945,-3552.770752,1514.314331,1458.159546,-3556.675293,1530.081421,1580.020630,-3583.565674,1496.136963,1494.376465,-3509.387207,1520.749390,1625.119385,-3561.455322,1514.397217,1458.152100,-3556.739258,1530.021484,1580.048340,-3583.624756,1496.017700,1494.257690,-3509.220215,1520.836182,1625.207153,-3561.481445,2616.290771,1567.755371,-3159.706055,,,,,,,,,,,,,,,,,,,,,,,,,,,,,,,,,
1518,15.180000,0.000000,0.000000,0.000000,1.000000,0.000000,0.000000,0.000000,57.698101,20.499701,-14.700500,0.047771,-0.013570,0.015998,-15.666301,-52.738201,18.801300,-93.396698,0.129960,17.611099,-0.245281,-0.489689,-0.672130,0.498281,1514.612549,1539.348755,-3553.495605,1513.476318,1458.093018,-3557.439941,1529.392822,1579.943481,-3584.290283,1495.420288,1494.313477,-3510.108154,1520.160645,1625.045044,-3562.143799,1513.586304,1457.986450,-3557.504395,1529.318970,1580.029175,-3584.426270,1495.258789,1494.194092,-3509.899414,1520.271240,1625.175537,-3562.134766,2616.273438,1567.719971,-3159.703369,,,,,,,,,,,,,,,,,,,,,,,,,,,,,,,,,
1519,15.190000,0.000000,0.000000,0.000000,1.000000,0.000000,0.000000,0.000000,57.698101,20.499701,-14.700500,0.047771,-0.013570,0.015998,-15.666301,-52.738201,18.801300,-93.396698,0.129960,17.611099,-0.244454,-0.490196,-0.672547,0.497625,1513.923584,1539.321655,-3554.182617,1512.777588,1458.067139,-3558.148438,1528.789307,1579.920044,-3584.931396,1494.613770,1494.281006,-3510.853027,1519.513428,1625.018677,-3562.797363,1512.892334,1457.894897,-3558.166016,1528.674438,1580.075562,-3585.062988,1494.450317,1494.127686,-3510.687256,1519.668335,1625.184814,-3562.807129,2616.267822,1567.740356,-3159.699951,,,,,,,,,,,,,,,,,,,,,,,,,,,,,,,,,
1520,15.200000,0.000000,0.000000,0.000000,1.000000,0.000000,0.000000,0.000000,57.698101,20.499701,-14.700500,0.047771,-0.013570,0.015998,-15.666301,-52.738201,18.801300,-93.396698,0.129960,17.611099,-0.245050,-0.489588,-0.672641,0.497803,1513.189331,1539.286987,-3554.920166,1511.977539,1458.034912,-3558.916992,1528.037720,1579.886841,-3585.675537,1493.912964,1494.243042,-3511.579102,1518.828979,1624.983276,-3563.509033,1512.050293,1457.790039,-3558.990234,1527.999268,1580.026245,-3585.744629,1493.797974,1494.160645,-3511.396484,1518.910889,1625.149170,-3563.545166,2616.259277,1567.757935,-3159.707764,,,,,,,,,,,,,,,,,,,,,,,,,,,,,,,,,
1521,15.210000,0.000000,0.000000,0.000000,1.000000,0.000000,0.000000,0.000000,57.698101,20.499701,-14.700500,0.047771,-0.013570,0.015998,-15.666301,-52.738201,18.801300,-93.396698,0.129960,17.611099,-0.244900,-0.489493,-0.672558,0.498083,1512.472412,1539.259766,-3555.655029,1511.305176,1458.008423,-3559.678467,1527.291626,1579.878174,-3586.399902,1493.230225,1494.190674,-3512.324951,1518.062378,1624.962158,-3564.216553,1511.373901,1457.775879,-3559.702148,1527.250732,1580.046753,-3586.524902,1493.123169,1494.117310,-3512.188965,1518.141113,1625.088013,-3564.207275,2616.276123,1567.760620,-3159.721191,,,,,,,,,,,,,,,,,,,,,,,,,,,,,,,,,
1522,15.220000,0.000000,0.000000,0.000000,1.000000,0.000000,0.000000,0.000000,57.698101,20.499701,-14.700500,0.047771,-0.013570,0.015998,-15.666301,-52.738201,18.801300,-93.396698,0.129960,17.611099,-0.243778,-0.490098,-0.672771,0.497750,1511.819458,1539.252930,-3556.385254,1510.722412,1458.002075,-3560.439941,1526.687012,1579.892822,-3587.078125,1492.500366,1494.154419,-3513.119873,1517.368042,1624.962280,-3564.902832,1510.785522,1457.696045,-3560.505859,1526.661865,1580.079468,-3587.158447,1492.407837,1494.143921,-3512.973389,1517.425415,1625.058350,-3564.911377,2616.274170,1567.759766,-3159.728271,,,,,,,,,,,,,,,,,,,,,,,,,,,,,,,,,
1523,15.230000,0.000000,0.000000,0.000000,1.000000,0.000000,0.000000,0.000000,57.698101,20.499701,-14.700500,0.047771,-0.013570,0.015998,-15.666301,-52.738201,18.801300,-93.396698,0.129960,17.611099,-0.244240,-0.489700,-0.672644,0.498086,1511.100830,1539.229614,-3557.120605,1509.992310,1457.979370,-3561.183105,1525.927734,1579.872070,-3587.829590,1491.839478,1494.127686,-3513.833252,1516.643311,1624.939697,-3565.635986,1510.108154,1457.685913,-3561.302490,1525.871094,1580.018555,-3587.930908,1491.712402,1494.192627,-3513.648926,1516.714355,1624.985840,-3565.609863,2616.270752,1567.674683,-3159.721436,,,,,,,,,,,,,,,,,,,,,,,,,,,,,,,,,
1524,15.240000,0.000000,0.000000,0.000000,1.000000,0.000000,0.000000,0.000000,57.698101,20.499701,-14.700500,0.047771,-0.013570,0.015998,-15.666301,-52.738201,18.801300,-93.396698,0.129960,17.611099,-0.243326,-0.490214,-0.672787,0.497835,1510.376099,1539.230835,-3557.845215,1509.330200,1457.980713,-3561.929199,1525.239258,1579.890503,-3588.514160,1491.055908,1494.105713,-3514.608154,1515.879028,1624.946533,-3566.328857,1509.410889,1457.745239,-3561.968750,1525.183716,1580.052979,-3588.619873,1490.976196,1494.203369,-3514.531738,1515.934937,1624.911377,-3566.270508,2616.288330,1567.732544,-3159.729492,,,,,,,,,,,,,,,,,,,,,,,,,,,,,,,,,
1525,15.250000,0.000000,0.000000,0.000000,1.000000,0.000000,0.000000,0.000000,57.698101,20.499701,-14.700500,0.047771,-0.013570,0.015998,-15.666301,-52.738201,18.801300,-93.396698,0.129960,17.611099,-0.243438,-0.490197,-0.672849,0.497714,1509.638306,1539.199829,-3558.583496,1508.564575,1457.949707,-3562.660645,1524.514771,1579.851807,-3589.256348,1490.303467,1494.084961,-3515.342285,1515.170288,1624.912964,-3567.074707,1508.575562,1457.779907,-3562.744873,1524.566040,1579.982910,-3589.305420,1490.277466,1494.207153,-3515.240479,1515.136108,1624.829712,-3567.046387,2616.280762,1567.720581,-3159.753662,,,,,,,,,,,,,,,,,,,,,,,,,,,,,,,,,
1526,15.260000,0.000000,0.000000,0.000000,1.000000,0.000000,0.000000,0.000000,57.698101,20.499701,-14.700500,0.047771,-0.013570,0.015998,-15.666301,-52.738201,18.801300,-93.396698,0.129960,17.611099,-0.243603,-0.490250,-0.672906,0.497504,1508.881836,1539.169189,-3559.319824,1507.769409,1457.918579,-3563.374023,1523.779663,1579.805420,-3590.002930,1489.522705,1494.075806,-3516.067139,1514.455322,1624.877319,-3567.834717,1507.760620,1457.849609,-3563.395020,1523.861572,1579.929199,-3590.123535,1489.516846,1494.185547,-3516.021484,1514.388794,1624.712036,-3567.738770,2616.254883,1567.701660,-3159.774658,,,,,,,,,,,,,,,,,,,,,,,,,,,,,,,,,
1527,15.270000,0.000000,0.000000,0.000000,1.000000,0.000000,0.000000,0.000000,57.698101,20.499701,-14.700500,0.047771,-0.013570,0.015998,-15.666301,-52.738201,18.801300,-93.396698,0.129960,17.611099,-0.243204,-0.490592,-0.673061,0.497153,1508.102173,1539.140137,-3560.051514,1506.989746,1457.889160,-3564.100586,1523.042480,1579.772705,-3590.718750,1488.683960,1494.051636,-3516.820312,1513.692505,1624.847168,-3568.566406,1506.930298,1457.873291,-3564.118408,1523.190186,1579.879883,-3590.790283,1488.728394,1494.159546,-3516.798584,1513.557373,1624.631714,-3568.494873,2616.286133,1567.731567,-3159.781006,,,,,,,,,,,,,,,,,,,,,,,,,,,,,,,,,
1528,15.280000,0.000000,0.000000,0.000000,1.000000,0.000000,0.000000,0.000000,57.698101,20.499701,-14.700500,0.047771,-0.013570,0.015998,-15.666301,-52.738201,18.801300,-93.396698,0.129960,17.611099,-0.244147,-0.489962,-0.672788,0.497681,1507.253540,1539.068726,-3560.802734,1506.110352,1457.817627,-3564.840576,1522.125854,1579.694458,-3591.511963,1487.934204,1493.989502,-3517.517578,1512.843628,1624.773560,-3569.340576,1506.060303,1457.884155,-3564.871338,1522.258667,1579.712402,-3591.576660,1487.982422,1494.119141,-3517.505615,1512.700073,1624.529663,-3569.246582,2616.302979,1567.714844,-3159.797363,,,,,,,,,,,,,,,,,,,,,,,,,,,,,,,,,
1529,15.290000,0.000000,0.000000,0.000000,1.000000,0.000000,0.000000,0.000000,57.698101,20.499701,-14.700500,0.047771,-0.013570,0.015998,-15.666301,-52.738201,18.801300,-93.396698,0.129960,17.611099,-0.243165,-0.490710,-0.672773,0.497445,1506.315918,1538.986572,-3561.515137,1505.265381,1457.733765,-3565.542725,1521.216919,1579.622803,-3592.196777,1486.943848,1493.894287,-3518.267090,1511.837646,1624.695679,-3570.053711,1505.218750,1457.874756,-3565.493652,1521.283936,1579.647217,-3592.246338,1487.003784,1493.999268,-3518.353516,1511.740601,1624.383789,-3569.950928,2616.308350,1567.745605,-3159.803467,,,,,,,,,,,,,,,,,,,,,,,,,,,,,,,,,
1530,15.300000,0.000000,0.000000,0.000000,1.000000,0.000000,0.000000,0.000000,57.698101,20.499701,-14.700500,0.047771,-0.013570,0.015998,-15.666301,-52.738201,18.801300,-93.396698,0.129960,17.611099,-0.242761,-0.490834,-0.672576,0.497786,1505.393555,1538.936646,-3562.245605,1504.434204,1457.683594,-3566.290039,1520.256592,1579.595825,-3592.915283,1486.061157,1493.813843,-3519.011719,1510.822021,1624.653564,-3570.765137,1504.406494,1457.830566,-3566.292969,1520.293579,1579.569824,-3592.895020,1486.109131,1493.909302,-3519.062744,1510.755249,1624.419800,-3570.729736,2616.293213,1567.729370,-3159.817627,,,,,,,,,,,,,,,,,,,,,,,,,,,,,,,,,
1531,15.310000,0.000000,0.000000,0.000000,1.000000,0.000000,0.000000,0.000000,57.698101,20.499701,-14.700500,0.047771,-0.013570,0.015998,-15.666301,-52.738201,18.801300,-93.396698,0.129960,17.611099,-0.241937,-0.491562,-0.672530,0.497531,1504.472290,1538.911987,-3562.989746,1503.591553,1457.656738,-3567.009521,1519.363281,1579.573853,-3593.642334,1485.089966,1493.786743,-3519.780762,1509.844238,1624.630859,-3571.526367,1503.675171,1457.813110,-3566.977295,1519.237305,1579.500244,-3593.671387,1485.053711,1493.834106,-3519.844727,1509.928711,1624.500610,-3571.459961,2616.295410,1567.741455,-3159.826172,,,,,,,,,,,,,,,,,,,,,,,,,,,,,,,,,
1532,15.320000,0.000000,0.000000,0.000000,1.000000,0.000000,0.000000,0.000000,57.698101,20.499701,-14.700500,0.047771,-0.013570,0.015998,-15.666301,-52.738201,18.801300,-93.396698,0.129960,17.611099,-0.241220,-0.492266,-0.672808,0.496807,1503.520142,1538.813721,-3563.705566,1502.632812,1457.557495,-3567.702637,1518.496460,1579.463013,-3594.333252,1484.020142,1493.705811,-3520.531738,1508.931030,1624.528809,-3572.255371,1502.752197,1457.701172,-3567.741455,1518.335205,1579.356567,-3594.317383,1483.941895,1493.690796,-3520.506104,1509.051270,1624.508789,-3572.260010,2616.279053,1567.742432,-3159.831055,,,,,,,,,,,,,,,,,,,,,,,,,,,,,,,,,
1533,15.330000,0.000000,0.000000,0.000000,1.000000,0.000000,0.000000,0.000000,57.698101,20.499701,-14.700500,0.047771,-0.013570,0.015998,-15.666301,-52.738201,18.801300,-93.396698,0.129960,17.611099,-0.240771,-0.492879,-0.673055,0.496082,1502.493530,1538.745361,-3564.449463,1501.575073,1457.487671,-3568.408691,1517.552124,1579.372681,-3595.066162,1482.883301,1493.667847,-3521.293701,1507.963257,1624.453613,-3573.029541,1501.746826,1457.558350,-3568.477539,1517.369385,1579.281372,-3595.149414,1482.737061,1493.659058,-3521.192871,1508.116211,1624.480713,-3572.981934,2616.286133,1567.717285,-3159.823242,,,,,,,,,,,,,,,,,,,,,,,,,,,,,,,,,
1534,15.340000,0.000000,0.000000,0.000000,1.000000,0.000000,0.000000,0.000000,57.698101,20.499701,-14.700500,0.047771,-0.013570,0.015998,-15.666301,-52.738201,18.801300,-93.396698,0.129960,17.611099,-0.239843,-0.493857,-0.673390,0.495102,1501.557983,1538.704712,-3565.158691,1500.631104,1457.445190,-3569.077148,1516.729858,1579.311646,-3595.746338,1481.791504,1493.655640,-3522.044434,1507.079346,1624.406982,-3573.766113,1500.780884,1457.391724,-3569.127197,1516.556885,1579.312988,-3595.810059,1481.636719,1493.579834,-3521.923340,1507.256470,1624.536865,-3573.770020,2616.318848,1567.721069,-3159.801270,,,,,,,,,,,,,,,,,,,,,,,,,,,,,,,,,
1535,15.350000,0.000000,0.000000,0.000000,1.000000,0.000000,0.000000,0.000000,57.698101,20.499701,-14.700500,0.047771,-0.013570,0.015998,-15.666301,-52.738201,18.801300,-93.396698,0.129960,17.611099,-0.240852,-0.493372,-0.673513,0.494929,1500.613770,1538.667114,-3565.925781,1499.552124,1457.407837,-3569.818115,1515.800659,1579.240479,-3596.550537,1480.845459,1493.662598,-3522.765869,1506.256958,1624.357788,-3574.569092,1499.682983,1457.259766,-3569.907715,1515.693115,1579.290649,-3596.622803,1480.687988,1493.591797,-3522.577393,1506.392334,1624.519653,-3574.584961,2616.312012,1567.711914,-3159.795654,,,,,,,,,,,,,,,,,,,,,,,,,,,,,,,,,
1536,15.360000,0.000000,0.000000,0.000000,1.000000,0.000000,0.000000,0.000000,57.698101,20.499701,-14.700500,0.047771,-0.013570,0.015998,-15.666301,-52.738201,18.801300,-93.396698,0.129960,17.611099,-0.240409,-0.494013,-0.673414,0.494639,1499.664062,1538.625244,-3566.688477,1498.644653,1457.363037,-3570.528320,1514.877563,1579.185181,-3597.317627,1479.852661,1493.640259,-3523.527832,1505.281250,1624.312744,-3575.380127,1498.725708,1457.102905,-3570.541748,1514.796875,1579.331665,-3597.394775,1479.753052,1493.586426,-3523.432129,1505.388916,1624.463257,-3575.388672,2616.330811,1567.740234,-3159.788330,,,,,,,,,,,,,,,,,,,,,,,,,,,,,,,,,
1537,15.370000,0.000000,0.000000,0.000000,1.000000,0.000000,0.000000,0.000000,57.698101,20.499701,-14.700500,0.047771,-0.013570,0.015998,-15.666301,-52.738201,18.801300,-93.396698,0.129960,17.611099,-0.240340,-0.494190,-0.673083,0.494947,1498.770508,1538.590332,-3567.457275,1497.823120,1457.325806,-3571.268555,1513.941772,1579.153198,-3598.103516,1479.007690,1493.602783,-3524.276855,1504.309326,1624.279785,-3576.179688,1497.877075,1457.049072,-3571.341064,1513.927856,1579.297729,-3598.163330,1478.930786,1493.619263,-3524.146729,1504.349243,1624.362427,-3576.185791,2616.281006,1567.743164,-3159.791504,,,,,,,,,,,,,,,,,,,,,,,,,,,,,,,,,
1538,15.380000,0.000000,0.000000,0.000000,1.000000,0.000000,0.000000,0.000000,57.698101,20.499701,-14.700500,0.047771,-0.013570,0.015998,-15.666301,-52.738201,18.801300,-93.396698,0.129960,17.611099,-0.240062,-0.494516,-0.672935,0.494957,1497.869385,1538.560181,-3568.242920,1496.972412,1457.293945,-3572.030029,1513.035400,1579.122681,-3598.892334,1478.106689,1493.573975,-3525.061035,1503.362793,1624.250122,-3576.988281,1497.026001,1457.023926,-3572.071045,1513.020630,1579.261353,-3598.989502,1478.046387,1493.663330,-3524.985840,1503.388184,1624.265137,-3576.936279,2616.288086,1567.741089,-3159.777100,,,,,,,,,,,,,,,,,,,,,,,,,,,,,,,,,
1539,15.390000,0.000000,0.000000,0.000000,1.000000,0.000000,0.000000,0.000000,57.698101,20.499701,-14.700500,0.047771,-0.013570,0.015998,-15.666301,-52.738201,18.801300,-93.396698,0.129960,17.611099,-0.239180,-0.495340,-0.672671,0.494919,1496.996826,1538.506592,-3568.967285,1496.227295,1457.237305,-3572.714111,1512.161743,1579.075684,-3599.608643,1477.218018,1493.513550,-3525.800293,1502.380493,1624.200195,-3577.746338,1496.211182,1457.037354,-3572.728760,1512.209961,1579.233276,-3599.652588,1477.220459,1493.611694,-3525.775635,1502.348389,1624.138794,-3577.716553,2616.337646,1567.739014,-3159.746094,,,,,,,,,,,,,,,,,,,,,,,,,,,,,,,,,
1540,15.400000,0.000000,0.000000,0.000000,1.000000,0.000000,0.000000,0.000000,57.698101,20.499701,-14.700500,0.047771,-0.013570,0.015998,-15.666301,-52.738201,18.801300,-93.396698,0.129960,17.611099,-0.240139,-0.494514,-0.672406,0.495640,1496.100830,1538.450317,-3569.744873,1495.310913,1457.181885,-3573.509277,1511.179810,1579.025269,-3600.420654,1476.444214,1493.448975,-3526.530518,1501.468140,1624.145508,-3578.518799,1495.246338,1457.038574,-3573.499756,1511.297607,1579.156494,-3600.479004,1476.501587,1493.609009,-3526.558838,1501.357178,1623.997314,-3578.440186,2616.290771,1567.731445,-3159.722412,,,,,,,,,,,,,,,,,,,,,,,,,,,,,,,,,
1541,15.410000,0.000000,0.000000,0.000000,1.000000,0.000000,0.000000,0.000000,57.698101,20.499701,-14.700500,0.047771,-0.013570,0.015998,-15.666301,-52.738201,18.801300,-93.396698,0.129960,17.611099,-0.238795,-0.495521,-0.672475,0.495190,1495.192017,1538.364258,-3570.463135,1494.507202,1457.094482,-3574.216064,1510.325439,1578.951294,-3601.096436,1475.445068,1493.347778,-3527.306152,1500.490601,1624.063965,-3579.234131,1494.390381,1457.064575,-3574.176270,1510.505371,1579.084839,-3601.124268,1475.544922,1493.438232,-3527.362549,1500.325562,1623.859375,-3579.187744,2616.307373,1567.750488,-3159.733154,,,,,,,,,,,,,,,,,,,,,,,,,,,,,,,,,
1542,15.420000,0.000000,0.000000,0.000000,1.000000,0.000000,0.000000,0.000000,57.698101,20.499701,-14.700500,0.047771,-0.013570,0.015998,-15.666301,-52.738201,18.801300,-93.396698,0.129960,17.611099,-0.239197,-0.495016,-0.672427,0.495565,1494.263672,1538.241211,-3571.213867,1493.566284,1456.973022,-3574.999268,1509.356567,1578.839600,-3601.852295,1474.574707,1493.208618,-3528.047119,1499.557007,1623.944214,-3579.957275,1493.514404,1457.038574,-3575.019287,1509.485352,1578.895386,-3601.912842,1474.619141,1493.316528,-3528.036865,1499.423218,1623.679932,-3579.877930,2616.269775,1567.734131,-3159.724121,,,,,,,,,,,,,,,,,,,,,,,,,,,,,,,,,
1543,15.430000,0.000000,0.000000,0.000000,1.000000,0.000000,0.000000,0.000000,57.698101,20.499701,-14.700500,0.047771,-0.013570,0.015998,-15.666301,-52.738201,18.801300,-93.396698,0.129960,17.611099,-0.238059,-0.495748,-0.672480,0.495311,1493.339844,1538.109375,-3571.964600,1492.739990,1456.840698,-3575.757812,1508.466431,1578.726318,-3602.561279,1473.590210,1493.052246,-3528.850830,1498.562744,1623.818604,-3580.687988,1492.724976,1456.995483,-3575.737549,1508.506104,1578.754639,-3602.614990,1473.609253,1493.107544,-3528.878662,1498.509644,1623.548584,-3580.613037,2616.254639,1567.741577,-3159.719971,,,,,,,,,,,,,,,,,,,,,,,,,,,,,,,,,
1544,15.440000,0.000000,0.000000,0.000000,1.000000,0.000000,0.000000,0.000000,57.698101,20.499701,-14.700500,0.047771,-0.013570,0.015998,-15.666301,-52.738201,18.801300,-93.396698,0.129960,17.611099,-0.238302,-0.495185,-0.672751,0.495389,1492.469238,1537.967651,-3572.667969,1491.811523,1456.702637,-3576.527588,1507.597534,1578.599609,-3603.244141,1472.725220,1492.888306,-3529.575195,1497.742432,1623.680420,-3581.325439,1491.851074,1456.894531,-3576.541016,1507.550415,1578.558105,-3603.230957,1472.712891,1492.914307,-3529.588135,1497.769653,1623.507202,-3581.312256,2616.280762,1567.755859,-3159.715576,,,,,,,,,,,,,,,,,,,,,,,,,,,,,,,,,
1545,15.450000,0.000000,0.000000,0.000000,1.000000,0.000000,0.000000,0.000000,57.698101,20.499701,-14.700500,0.047771,-0.013570,0.015998,-15.666301,-52.738201,18.801300,-93.396698,0.129960,17.611099,-0.237917,-0.494990,-0.673089,0.495310,1491.572021,1537.822510,-3573.442383,1490.904053,1456.561157,-3577.378662,1506.723877,1578.480713,-3603.971680,1471.796875,1492.705688,-3530.403076,1496.863281,1623.542603,-3582.016113,1491.044434,1456.763672,-3577.381348,1506.540894,1578.422729,-3604.007568,1471.699341,1492.663696,-3530.387695,1497.014038,1623.451904,-3581.994873,2616.269531,1567.776123,-3159.720703,,,,,,,,,,,,,,,,,,,,,,,,,,,,,,,,,
1546,15.460000,0.000000,0.000000,0.000000,1.000000,0.000000,0.000000,0.000000,57.698101,20.499701,-14.700500,0.047771,-0.013570,0.015998,-15.666301,-52.738201,18.801300,-93.396698,0.129960,17.611099,-0.237146,-0.495440,-0.673443,0.494748,1490.699585,1537.657349,-3574.153809,1490.029785,1456.397095,-3578.111084,1505.923950,1578.320923,-3604.639648,1470.823486,1492.532837,-3531.168945,1496.020630,1623.378906,-3582.695557,1490.183350,1456.570312,-3578.150391,1505.722534,1578.279907,-3604.636963,1470.701416,1492.457642,-3531.105713,1496.195923,1623.329102,-3582.725586,2616.285889,1567.741821,-3159.718506,,,,,,,,,,,,,,,,,,,,,,,,,,,,,,,,,
1547,15.470000,0.000000,0.000000,0.000000,1.000000,0.000000,0.000000,0.000000,57.698101,20.499701,-14.700500,0.047771,-0.013570,0.015998,-15.666301,-52.738201,18.801300,-93.396698,0.129960,17.611099,-0.237622,-0.494795,-0.674036,0.494359,1489.826172,1537.489258,-3574.947266,1489.000732,1456.233643,-3578.969482,1505.108887,1578.148560,-3605.410156,1469.891357,1492.367920,-3531.986572,1495.303955,1623.207397,-3583.423340,1489.189209,1456.351685,-3579.066406,1504.928833,1578.094116,-3605.486816,1469.705078,1492.284302,-3531.813232,1495.474487,1623.226562,-3583.417480,2616.243164,1567.764404,-3159.716553,,,,,,,,,,,,,,,,,,,,,,,,,,,,,,,,,
1548,15.480000,0.000000,0.000000,0.000000,1.000000,0.000000,0.000000,0.000000,57.698101,20.499701,-14.700500,0.047771,-0.013570,0.015998,-15.666301,-52.738201,18.801300,-93.396698,0.129960,17.611099,-0.236737,-0.495299,-0.674596,0.493512,1489.010742,1537.365479,-3575.715820,1488.149292,1456.111694,-3579.768311,1504.401978,1578.026367,-3606.121582,1468.929688,1492.240723,-3532.826660,1494.561768,1623.083374,-3584.146729,1488.306885,1456.130127,-3579.835693,1504.259521,1578.016602,-3606.239990,1468.739746,1492.112427,-3532.640137,1494.721924,1623.193115,-3584.131592,2616.282227,1567.771362,-3159.733154,,,,,,,,,,,,,,,,,,,,,,,,,,,,,,,,,
1549,15.490000,0.000000,0.000000,0.000000,1.000000,0.000000,0.000000,0.000000,57.698101,20.499701,-14.700500,0.047771,-0.013570,0.015998,-15.666301,-52.738201,18.801300,-93.396698,0.129960,17.611099,-0.237534,-0.494284,-0.674793,0.493878,1488.206177,1537.220703,-3576.494141,1487.256226,1455.971680,-3580.622070,1503.565552,1577.895630,-3606.897461,1468.181885,1492.074585,-3533.600830,1493.820923,1622.941162,-3584.856445,1487.335938,1455.934570,-3580.704590,1503.537354,1577.917969,-3606.983154,1468.055298,1491.970215,-3533.403076,1493.883911,1623.049561,-3584.863281,2616.299072,1567.689697,-3159.721191,,,,,,,,,,,,,,,,,,,,,,,,,,,,,,,,,
1550,15.500000,0.000000,0.000000,0.000000,1.000000,0.000000,0.000000,0.000000,57.698101,20.499701,-14.700500,0.047771,-0.013570,0.015998,-15.666301,-52.738201,18.801300,-93.396698,0.129960,17.611099,-0.237634,-0.493801,-0.674976,0.494062,1487.331055,1537.045044,-3577.275635,1486.356934,1455.799683,-3581.469238,1502.679565,1577.740967,-3607.656006,1467.325317,1491.869019,-3534.405273,1492.962280,1622.770752,-3585.571533,1486.402100,1455.696533,-3581.461914,1502.653564,1577.796875,-3607.771729,1467.263062,1491.841064,-3534.353516,1493.005981,1622.846680,-3585.519043,2616.298096,1567.719482,-3159.722656,,,,,,,,,,,,,,,,,,,,,,,,,,,,,,,,,
1551,15.510000,0.000000,0.000000,0.000000,1.000000,0.000000,0.000000,0.000000,57.698101,20.499701,-14.700500,0.047771,-0.013570,0.015998,-15.666301,-52.738201,18.801300,-93.396698,0.129960,17.611099,-0.237835,-0.493377,-0.674873,0.494530,1486.479492,1536.895752,-3578.007324,1485.527344,1455.652222,-3582.239990,1501.777954,1577.611694,-3608.385986,1466.540283,1491.691772,-3535.135254,1492.072266,1622.627441,-3586.267578,1485.484863,1455.400391,-3582.235840,1501.852417,1577.715332,-3608.441406,1466.555908,1491.747437,-3535.120850,1492.022583,1622.692139,-3586.233154,2616.276855,1567.753784,-3159.760742,,,,,,,,,,,,,,,,,,,,,,,,,,,,,,,,,
1552,15.520000,0.000000,0.000000,0.000000,1.000000,0.000000,0.000000,0.000000,57.698101,20.499701,-14.700500,0.047771,-0.013570,0.015998,-15.666301,-52.738201,18.801300,-93.396698,0.129960,17.611099,-0.237847,-0.492831,-0.675079,0.494788,1485.630615,1536.718262,-3578.791016,1484.665283,1455.479248,-3583.108398,1500.912598,1577.464233,-3609.137695,1465.716309,1491.471802,-3535.952148,1491.228271,1622.458008,-3586.965088,1484.597778,1455.208130,-3583.092285,1501.019653,1577.551880,-3609.207031,1465.755127,1491.558716,-3535.960693,1491.144287,1622.523926,-3586.903809,2616.280029,1567.733887,-3159.787109,,,,,,,,,,,,,,,,,,,,,,,,,,,,,,,,,
1553,15.530000,0.000000,0.000000,0.000000,1.000000,0.000000,0.000000,0.000000,57.698101,20.499701,-14.700500,0.047771,-0.013570,0.015998,-15.666301,-52.738201,18.801300,-93.396698,0.129960,17.611099,-0.236473,-0.493744,-0.674906,0.494772,1484.797485,1536.490234,-3579.527344,1484.001221,1455.249268,-3583.843018,1500.082153,1577.264160,-3609.835205,1464.855713,1491.207397,-3536.739990,1490.250977,1622.240234,-3587.691162,1483.948486,1454.981445,-3583.850830,1500.189087,1577.368896,-3609.912354,1464.888550,1491.348511,-3536.735596,1490.163208,1622.238647,-3587.615234,2616.221191,1567.743042,-3159.795654,,,,,,,,,,,,,,,,,,,,,,,,,,,,,,,,,
1554,15.540000,0.000000,0.000000,0.000000,1.000000,0.000000,0.000000,0.000000,57.698101,20.499701,-14.700500,0.047771,-0.013570,0.015998,-15.666301,-52.738201,18.801300,-93.396698,0.129960,17.611099,-0.236454,-0.493218,-0.674963,0.495228,1484.022461,1536.257202,-3580.281250,1483.248901,1455.020264,-3584.677734,1499.265869,1577.066528,-3610.562256,1464.134766,1490.924805,-3537.520996,1489.440186,1622.016968,-3588.364014,1483.181641,1454.724609,-3584.739014,1499.401855,1577.174438,-3610.597656,1464.185181,1491.133545,-3537.490479,1489.319214,1621.973755,-3588.304932,2616.281250,1567.767090,-3159.816650,,,,,,,,,,,,,,,,,,,,,,,,,,,,,,,,,
1555,15.550000,0.000000,0.000000,0.000000,1.000000,0.000000,0.000000,0.000000,57.698101,20.499701,-14.700500,0.047771,-0.013570,0.015998,-15.666301,-52.738201,18.801300,-93.396698,0.129960,17.611099,-0.236090,-0.493381,-0.675046,0.495126,1483.203613,1536.019897,-3581.026611,1482.451050,1454.783691,-3585.437500,1498.462158,1576.837891,-3611.288330,1463.291870,1490.675903,-3538.289795,1488.609375,1621.782471,-3589.090088,1482.398804,1454.520264,-3585.469727,1498.583862,1576.949097,-3611.365234,1463.339478,1490.920166,-3538.289795,1488.490234,1621.683960,-3588.983154,2616.283447,1567.730347,-3159.825928,,,,,,,,,,,,,,,,,,,,,,,,,,,,,,,,,
1556,15.560000,0.000000,0.000000,0.000000,1.000000,0.000000,0.000000,0.000000,57.698101,20.499701,-14.700500,0.047771,-0.013570,0.015998,-15.666301,-52.738201,18.801300,-93.396698,0.129960,17.611099,-0.235856,-0.493604,-0.675048,0.495013,1482.293579,1535.734375,-3581.745361,1481.558716,1454.497559,-3586.147217,1497.564453,1576.551514,-3612.002197,1462.362305,1490.391968,-3539.016357,1487.688843,1621.496948,-3589.815918,1481.548706,1454.293091,-3586.196533,1497.613281,1576.626221,-3612.028076,1462.390503,1490.652710,-3539.021484,1487.620850,1621.372559,-3589.736328,2616.313965,1567.763306,-3159.815186,,,,,,,,,,,,,,,,,,,,,,,,,,,,,,,,,
1557,15.570000,0.000000,0.000000,0.000000,1.000000,0.000000,0.000000,0.000000,57.698101,20.499701,-14.700500,0.047771,-0.013570,0.015998,-15.666301,-52.738201,18.801300,-93.396698,0.129960,17.611099,-0.236046,-0.493261,-0.675429,0.494744,1481.379395,1535.444824,-3582.436279,1480.555176,1454.211060,-3586.880371,1496.690186,1576.261108,-3612.674072,1461.405151,1490.101807,-3539.728027,1486.866943,1621.205566,-3590.462646,1480.649170,1454.070068,-3586.946533,1496.602173,1576.258911,-3612.699463,1461.346802,1490.289917,-3539.702393,1486.921265,1621.166504,-3590.399170,2616.320068,1567.740356,-3159.825684,,,,,,,,,,,,,,,,,,,,,,,,,,,,,,,,,
1558,15.580000,0.000000,0.000000,0.000000,1.000000,0.000000,0.000000,0.000000,57.698101,20.499701,-14.700500,0.047771,-0.013570,0.015998,-15.666301,-52.738201,18.801300,-93.396698,0.129960,17.611099,-0.235075,-0.494144,-0.675689,0.493970,1480.536377,1535.159546,-3583.114746,1479.731689,1453.924316,-3587.533691,1495.936890,1575.966675,-3613.319092,1460.434326,1489.829590,-3540.452148,1486.042236,1620.918091,-3591.153076,1479.910156,1453.881470,-3587.610352,1495.717041,1575.910400,-3613.341797,1460.306885,1489.938843,-3540.399414,1486.205444,1620.905151,-3591.109863,2616.325439,1567.717896,-3159.812500,,,,,,,,,,,,,,,,,,,,,,,,,,,,,,,,,
1559,15.590000,0.000000,0.000000,0.000000,1.000000,0.000000,0.000000,0.000000,57.698101,20.499701,-14.700500,0.047771,-0.013570,0.015998,-15.666301,-52.738201,18.801300,-93.396698,0.129960,17.611099,-0.235146,-0.493962,-0.676288,0.493298,1479.649292,1534.829468,-3583.793213,1478.713135,1453.597656,-3588.249512,1495.137695,1575.624756,-3613.968750,1459.443726,1489.513672,-3541.164795,1485.302734,1620.582397,-3591.789551,1478.934692,1453.506470,-3588.392822,1494.887939,1575.582886,-3613.962402,1459.259521,1489.553589,-3541.009277,1485.516968,1620.672363,-3591.811768,2616.311768,1567.742798,-3159.809814,,,,,,,,,,,,,,,,,,,,,,,,,,,,,,,,,
1560,15.600000,0.000000,0.000000,0.000000,1.000000,0.000000,0.000000,0.000000,57.698101,20.499701,-14.700500,0.047771,-0.013570,0.015998,-15.666301,-52.738201,18.801300,-93.396698,0.129960,17.611099,-0.235381,-0.494002,-0.676745,0.492518,1478.802246,1534.504028,-3584.478271,1477.729614,1453.273071,-3588.918945,1494.382080,1575.266357,-3614.651367,1458.488525,1489.231567,-3541.854980,1484.608643,1620.245483,-3592.487793,1477.935303,1453.159668,-3588.979980,1494.134155,1575.308472,-3614.729736,1458.303589,1489.229736,-3541.741699,1484.834595,1620.318970,-3592.464844,2616.305908,1567.744507,-3159.825684,,,,,,,,,,,,,,,,,,,,,,,,,,,,,,,,,
1561,15.610000,0.000000,0.000000,0.000000,1.000000,0.000000,0.000000,0.000000,57.698101,20.499701,-14.700500,0.047771,-0.013570,0.015998,-15.666301,-52.738201,18.801300,-93.396698,0.129960,17.611099,-0.235625,-0.494044,-0.677258,0.491654,1477.943481,1534.123901,-3585.150635,1476.720459,1452.894165,-3589.576172,1493.624878,1574.850708,-3615.319092,1457.509644,1488.898438,-3542.535156,1483.919067,1619.852539,-3593.172363,1476.856567,1452.707153,-3589.648682,1493.494995,1574.932861,-3615.379150,1457.362549,1488.859619,-3542.388428,1484.066772,1619.986694,-3593.185059,2616.294922,1567.745483,-3159.821289,,,,,,,,,,,,,,,,,,,,,,,,,,,,,,,,,
1562,15.620000,0.000000,0.000000,0.000000,1.000000,0.000000,0.000000,0.000000,57.698101,20.499701,-14.700500,0.047771,-0.013570,0.015998,-15.666301,-52.738201,18.801300,-93.396698,0.129960,17.611099,-0.236130,-0.494036,-0.677595,0.490955,1477.079468,1533.754395,-3585.826416,1475.712402,1452.524902,-3590.212891,1492.838135,1574.438599,-3616.011963,1456.558472,1488.585938,-3543.192139,1483.208862,1619.468384,-3593.888428,1475.742188,1452.302490,-3590.291260,1492.870728,1574.580200,-3616.085938,1456.485229,1488.571411,-3543.035645,1483.219849,1619.544067,-3593.895264,2616.288574,1567.751587,-3159.814697,,,,,,,,,,,,,,,,,,,,,,,,,,,,,,,,,
1563,15.630000,0.000000,0.000000,0.000000,1.000000,0.000000,0.000000,0.000000,57.698101,20.499701,-14.700500,0.047771,-0.013570,0.015998,-15.666301,-52.738201,18.801300,-93.396698,0.129960,17.611099,-0.236092,-0.494287,-0.677518,0.490826,1476.328491,1533.414062,-3586.515625,1474.967773,1452.182495,-3590.866943,1492.096558,1574.085815,-3616.713135,1455.793457,1488.263184,-3543.869385,1482.456177,1619.124756,-3594.612793,1474.990356,1451.999390,-3590.871338,1492.108643,1574.230347,-3616.820801,1455.750732,1488.296631,-3543.816650,1482.466797,1619.125610,-3594.564697,2616.321777,1567.781006,-3159.796143,,,,,,,,,,,,,,,,,,,,,,,,,,,,,,,,,
1564,15.640000,0.000000,0.000000,0.000000,1.000000,0.000000,0.000000,0.000000,57.698101,20.499701,-14.700500,0.047771,-0.013570,0.015998,-15.666301,-52.738201,18.801300,-93.396698,0.129960,17.611099,-0.236971,-0.493699,-0.677130,0.491529,1475.631958,1533.088501,-3587.208252,1474.274902,1451.856079,-3591.546631,1491.312500,1573.759644,-3617.451904,1455.218262,1487.938843,-3544.502686,1481.722168,1618.799316,-3595.331787,1474.237183,1451.687378,-3591.545410,1491.375732,1573.891479,-3617.481201,1455.244141,1488.037964,-3544.506836,1481.671387,1618.733276,-3595.301025,2616.281006,1567.764160,-3159.779785,,,,,,,,,,,,,,,,,,,,,,,,,,,,,,,,,
1565,15.650000,0.000000,0.000000,0.000000,1.000000,0.000000,0.000000,0.000000,57.698101,20.499701,-14.700500,0.047771,-0.013570,0.015998,-15.666301,-52.738201,18.801300,-93.396698,0.129960,17.611099,-0.236866,-0.493753,-0.677189,0.491445,1474.844849,1532.704956,-3587.891113,1473.485596,1451.473022,-3592.233643,1490.536377,1573.376953,-3618.128174,1454.416138,1487.554077,-3545.193848,1480.941162,1618.415894,-3596.008789,1473.411621,1451.360107,-3592.215088,1490.646118,1573.482422,-3618.151367,1454.481934,1487.666748,-3545.232910,1480.839478,1618.311035,-3595.964844,2616.294434,1567.753296,-3159.759766,,,,,,,,,,,,,,,,,,,,,,,,,,,,,,,,,
1566,15.660000,0.000000,0.000000,0.000000,1.000000,0.000000,0.000000,0.000000,57.698101,20.499701,-14.700500,0.047771,-0.013570,0.015998,-15.666301,-52.738201,18.801300,-93.396698,0.129960,17.611099,-0.236397,-0.494639,-0.677157,0.490823,1474.063965,1532.354004,-3588.565674,1472.719727,1451.117310,-3592.824463,1489.816162,1572.994995,-3618.812744,1453.548706,1487.247192,-3545.863281,1480.171265,1618.056763,-3596.761719,1472.650879,1451.042847,-3592.788818,1489.932495,1573.066528,-3618.882324,1453.620361,1487.390625,-3545.927979,1480.050781,1617.915405,-3596.660645,2616.292969,1567.741455,-3159.739990,,,,,,,,,,,,,,,,,,,,,,,,,,,,,,,,,
1567,15.670000,0.000000,0.000000,0.000000,1.000000,0.000000,0.000000,0.000000,57.698101,20.499701,-14.700500,0.047771,-0.013570,0.015998,-15.666301,-52.738201,18.801300,-93.396698,0.129960,17.611099,-0.236031,-0.495183,-0.677266,0.490300,1473.238647,1531.942749,-3589.173096,1471.885132,1450.704102,-3593.392090,1489.047119,1572.564941,-3619.416016,1452.646118,1486.861938,-3546.480469,1479.375977,1617.640137,-3597.403564,1471.817993,1450.634766,-3593.386475,1489.177368,1572.669678,-3619.469971,1452.702515,1486.974609,-3546.495361,1479.256348,1617.489258,-3597.339355,2616.289307,1567.758301,-3159.723877,,,,,,,,,,,,,,,,,,,,,,,,,,,,,,,,,
1568,15.680000,0.000000,0.000000,0.000000,1.000000,0.000000,0.000000,0.000000,57.698101,20.499701,-14.700500,0.047771,-0.013570,0.015998,-15.666301,-52.738201,18.801300,-93.396698,0.129960,17.611099,-0.235881,-0.495355,-0.677508,0.489864,1472.377808,1531.564575,-3589.802979,1470.979736,1450.326538,-3594.019043,1488.238281,1572.175781,-3620.033447,1451.719238,1486.498535,-3547.126953,1478.573853,1617.257812,-3598.032227,1470.989380,1450.336670,-3594.034180,1488.271729,1572.200562,-3620.111328,1451.713867,1486.599243,-3547.114258,1478.532715,1617.112671,-3597.944824,2616.266846,1567.750610,-3159.720703,,,,,,,,,,,,,,,,,,,,,,,,,,,,,,,,,
1569,15.690000,0.000000,0.000000,0.000000,1.000000,0.000000,0.000000,0.000000,57.698101,20.499701,-14.700500,0.047771,-0.013570,0.015998,-15.666301,-52.738201,18.801300,-93.396698,0.129960,17.611099,-0.235382,-0.496027,-0.677835,0.488971,1471.522095,1531.187134,-3590.397217,1470.075439,1449.948120,-3594.574463,1487.483643,1571.771240,-3620.610840,1450.729858,1486.157959,-3547.746826,1477.799316,1616.871704,-3598.656250,1470.153442,1450.053833,-3594.603271,1487.442993,1571.785278,-3620.718994,1450.651733,1486.159424,-3547.674805,1477.842896,1616.749023,-3598.589844,2616.270752,1567.739990,-3159.713135,,,,,,,,,,,,,,,,,,,,,,,,,,,,,,,,,
1570,15.700000,0.000000,0.000000,0.000000,1.000000,0.000000,0.000000,0.000000,57.698101,20.499701,-14.700500,0.047771,-0.013570,0.015998,-15.666301,-52.738201,18.801300,-93.396698,0.129960,17.611099,-0.235712,-0.495945,-0.678345,0.488187,1470.699951,1530.813232,-3590.945312,1469.098755,1449.576782,-3595.117432,1486.754395,1571.364136,-3621.154297,1449.800171,1485.827393,-3548.302002,1477.146240,1616.484863,-3599.207520,1469.218018,1449.674072,-3595.161621,1486.630615,1571.337402,-3621.199707,1449.689209,1485.774780,-3548.217041,1477.261230,1616.468506,-3599.202393,2616.271484,1567.755371,-3159.703857,,,,,,,,,,,,,,,,,,,,,,,,,,,,,,,,,
1571,15.710000,0.000000,0.000000,0.000000,1.000000,0.000000,0.000000,0.000000,57.698101,20.499701,-14.700500,0.047771,-0.013570,0.015998,-15.666301,-52.738201,18.801300,-93.396698,0.129960,17.611099,-0.236999,-0.495055,-0.679005,0.487550,1469.859863,1530.464355,-3591.506104,1467.991211,1449.234741,-3595.699707,1485.993774,1570.972900,-3621.729492,1448.887207,1485.532715,-3548.841309,1476.567017,1616.117432,-3599.753174,1468.116089,1449.219116,-3595.720703,1485.832031,1570.992065,-3621.779297,1448.754639,1485.440430,-3548.756348,1476.733276,1616.207642,-3599.766846,2616.270996,1567.738037,-3159.715576,,,,,,,,,,,,,,,,,,,,,,,,,,,,,,,,,
1572,15.720000,0.000000,0.000000,0.000000,1.000000,0.000000,0.000000,0.000000,57.698101,20.499701,-14.700500,0.047771,-0.013570,0.015998,-15.666301,-52.738201,18.801300,-93.396698,0.129960,17.611099,-0.237839,-0.494385,-0.679537,0.487078,1469.090820,1530.172241,-3592.042969,1467.030273,1448.948730,-3596.266846,1485.285767,1570.655518,-3622.267822,1448.060425,1485.272217,-3549.373291,1475.986816,1615.812744,-3600.263672,1467.117432,1448.889038,-3596.195801,1485.121582,1570.751221,-3622.331299,1447.962036,1485.141235,-3549.376709,1476.160156,1615.915039,-3600.271973,2616.275391,1567.749756,-3159.705811,,,,,,,,,,,,,,,,,,,,,,,,,,,,,,,,,
1573,15.730000,0.000000,0.000000,0.000000,1.000000,0.000000,0.000000,0.000000,57.698101,20.499701,-14.700500,0.047771,-0.013570,0.015998,-15.666301,-52.738201,18.801300,-93.396698,0.129960,17.611099,-0.237827,-0.494163,-0.679815,0.486922,1468.370361,1529.925171,-3592.579102,1466.263306,1448.705078,-3596.844727,1484.591187,1570.414551,-3622.781982,1447.310303,1485.015503,-3549.934326,1475.316528,1615.566040,-3600.755127,1466.261230,1448.608521,-3596.768555,1484.552124,1570.576660,-3622.810059,1447.283813,1484.903076,-3549.949219,1475.380615,1615.617798,-3600.788574,2616.272949,1567.775879,-3159.720703,,,,,,,,,,,,,,,,,,,,,,,,,,,,,,,,,
1574,15.740000,0.000000,0.000000,0.000000,1.000000,0.000000,0.000000,0.000000,57.698101,20.499701,-14.700500,0.047771,-0.013570,0.015998,-15.666301,-52.738201,18.801300,-93.396698,0.129960,17.611099,-0.237953,-0.493868,-0.679994,0.486909,1467.615356,1529.714844,-3593.106445,1465.469727,1448.497681,-3597.407959,1483.843750,1570.210327,-3623.296631,1446.550171,1484.795410,-3550.474609,1474.597656,1615.356079,-3601.246582,1465.436157,1448.448364,-3597.344971,1483.846924,1570.309937,-3623.285889,1446.564575,1484.717651,-3550.510742,1474.612915,1615.383911,-3601.283447,2616.265625,1567.755981,-3159.731445,,,,,,,,,,,,,,,,,,,,,,,,,,,,,,,,,
1575,15.750000,0.000000,0.000000,0.000000,1.000000,0.000000,0.000000,0.000000,57.698101,20.499701,-14.700500,0.047771,-0.013570,0.015998,-15.666301,-52.738201,18.801300,-93.396698,0.129960,17.611099,-0.237527,-0.494037,-0.680122,0.486768,1466.867798,1529.584839,-3593.633545,1464.741211,1448.368286,-3597.956787,1483.117310,1570.090820,-3623.798828,1445.770630,1484.651245,-3551.032471,1473.842041,1615.229492,-3601.746338,1464.699341,1448.338257,-3597.857666,1483.129883,1570.200439,-3623.828369,1445.802002,1484.618042,-3551.115723,1473.839478,1615.186279,-3601.732910,2616.290527,1567.734619,-3159.740967,,,,,,,,,,,,,,,,,,,,,,,,,,,,,,,,,
1576,15.760000,0.000000,0.000000,0.000000,1.000000,0.000000,0.000000,0.000000,57.698101,20.499701,-14.700500,0.047771,-0.013570,0.015998,-15.666301,-52.738201,18.801300,-93.396698,0.129960,17.611099,-0.237334,-0.494110,-0.680058,0.486877,1466.106445,1529.467651,-3594.166504,1464.016113,1448.250488,-3598.496338,1482.344116,1569.983032,-3624.325195,1445.020508,1484.521606,-3551.572998,1473.044922,1615.115845,-3602.270996,1463.954590,1448.226807,-3598.454346,1482.422241,1570.100464,-3624.338623,1445.077271,1484.579346,-3551.625977,1472.970825,1614.958740,-3602.246338,2616.261963,1567.746460,-3159.752930,,,,,,,,,,,,,,,,,,,,,,,,,,,,,,,,,
1577,15.770000,0.000000,0.000000,0.000000,1.000000,0.000000,0.000000,0.000000,57.698101,20.499701,-14.700500,0.047771,-0.013570,0.015998,-15.666301,-52.738201,18.801300,-93.396698,0.129960,17.611099,-0.236470,-0.494724,-0.680082,0.486641,1465.411743,1529.404907,-3594.696777,1463.395264,1448.185669,-3599.024414,1481.677856,1569.930664,-3624.826172,1444.276001,1484.445312,-3552.142090,1472.297974,1615.057983,-3602.794434,1463.302856,1448.136108,-3599.044189,1481.849976,1570.050659,-3624.831543,1444.360474,1484.584961,-3552.146729,1472.129639,1614.835083,-3602.760986,2616.279297,1567.755737,-3159.769775,,,,,,,,,,,,,,,,,,,,,,,,,,,,,,,,,
1578,15.780000,0.000000,0.000000,0.000000,1.000000,0.000000,0.000000,0.000000,57.698101,20.499701,-14.700500,0.047771,-0.013570,0.015998,-15.666301,-52.738201,18.801300,-93.396698,0.129960,17.611099,-0.236222,-0.494984,-0.680015,0.486590,1464.617798,1529.329834,-3595.208496,1462.633545,1448.109009,-3599.520752,1480.887573,1569.855469,-3625.336182,1443.472534,1484.371216,-3552.657715,1471.477783,1614.983643,-3603.319336,1462.599487,1448.142334,-3599.521240,1480.972900,1569.920044,-3625.387207,1443.518066,1484.512451,-3552.683350,1471.370361,1614.709717,-3603.230713,2616.266113,1567.750366,-3159.790527,,,,,,,,,,,,,,,,,,,,,,,,,,,,,,,,,
1579,15.790000,0.000000,0.000000,0.000000,1.000000,0.000000,0.000000,0.000000,57.698101,20.499701,-14.700500,0.047771,-0.013570,0.015998,-15.666301,-52.738201,18.801300,-93.396698,0.129960,17.611099,-0.235826,-0.495181,-0.680086,0.486481,1463.741333,1529.311279,-3595.706299,1461.782471,1448.090698,-3600.031250,1480.026367,1569.845459,-3625.814209,1442.570923,1484.341309,-3553.179932,1470.585327,1614.968140,-3603.799561,1461.798096,1448.140015,-3600.078125,1480.067017,1569.898071,-3625.871094,1442.568115,1484.500610,-3553.147217,1470.520996,1614.665405,-3603.710205,2616.249023,1567.725464,-3159.816406,,,,,,,,,,,,,,,,,,,,,,,,,,,,,,,,,
1580,15.800000,0.000000,0.000000,0.000000,1.000000,0.000000,0.000000,0.000000,57.698101,20.499701,-14.700500,0.047771,-0.013570,0.015998,-15.666301,-52.738201,18.801300,-93.396698,0.129960,17.611099,-0.235519,-0.495543,-0.680239,0.486048,1462.828247,1529.322144,-3596.155518,1460.853516,1448.100952,-3600.462891,1479.162354,1569.844482,-3626.252686,1441.592041,1484.368164,-3553.644775,1469.705078,1614.975220,-3604.261230,1460.890137,1448.159058,-3600.594727,1479.214111,1569.863892,-3626.285645,1441.565430,1484.557495,-3553.524414,1469.629395,1614.684448,-3604.200195,2616.274170,1567.760010,-3159.810791,,,,,,,,,,,,,,,,,,,,,,,,,,,,,,,,,
1581,15.810000,0.000000,0.000000,0.000000,1.000000,0.000000,0.000000,0.000000,57.698101,20.499701,-14.700500,0.047771,-0.013570,0.015998,-15.666301,-52.738201,18.801300,-93.396698,0.129960,17.611099,-0.235552,-0.495781,-0.680354,0.485629,1461.895630,1529.362427,-3596.606201,1459.874756,1448.140503,-3600.879150,1478.273804,1569.861816,-3626.710693,1440.604370,1484.439941,-3554.090088,1468.829346,1615.007812,-3604.744873,1459.977661,1448.129150,-3601.003662,1478.248535,1569.839844,-3626.803955,1440.520630,1484.656494,-3553.970459,1468.831055,1614.834839,-3604.629395,2616.278564,1567.709229,-3159.812500,,,,,,,,,,,,,,,,,,,,,,,,,,,,,,,,,
1582,15.820000,0.000000,0.000000,0.000000,1.000000,0.000000,0.000000,0.000000,57.698101,20.499701,-14.700500,0.047771,-0.013570,0.015998,-15.666301,-52.738201,18.801300,-93.396698,0.129960,17.611099,-0.235977,-0.495676,-0.680557,0.485245,1460.974731,1529.447266,-3597.008545,1458.856323,1448.226807,-3601.260986,1477.394897,1569.919556,-3627.126221,1439.638672,1484.560791,-3554.476807,1468.008789,1615.082397,-3605.169922,1459.022705,1448.153564,-3601.396729,1477.275146,1569.868286,-3627.209961,1439.503296,1484.739136,-3554.343506,1468.094727,1615.038574,-3605.082031,2616.336914,1567.730347,-3159.805176,,,,,,,,,,,,,,,,,,,,,,,,,,,,,,,,,
1583,15.830000,0.000000,0.000000,0.000000,1.000000,0.000000,0.000000,0.000000,57.698101,20.499701,-14.700500,0.047771,-0.013570,0.015998,-15.666301,-52.738201,18.801300,-93.396698,0.129960,17.611099,-0.237314,-0.494467,-0.680980,0.485232,1460.009644,1529.608276,-3597.394287,1457.690552,1448.396240,-3601.702393,1476.440186,1570.065430,-3627.526855,1438.687622,1484.738770,-3554.837402,1467.220215,1615.232910,-3605.510254,1457.830566,1448.308350,-3601.841309,1476.328613,1570.024170,-3627.544922,1438.563721,1484.812012,-3554.687744,1467.316895,1615.287109,-3605.503662,2616.309570,1567.718750,-3159.814453,,,,,,,,,,,,,,,,,,,,,,,,,,,,,,,,,
1584,15.840000,0.000000,0.000000,0.000000,1.000000,0.000000,0.000000,0.000000,57.698101,20.499701,-14.700500,0.047771,-0.013570,0.015998,-15.666301,-52.738201,18.801300,-93.396698,0.129960,17.611099,-0.237435,-0.494384,-0.681281,0.484834,1459.001099,1529.788452,-3597.776367,1456.602539,1448.579224,-3602.093750,1475.480591,1570.232422,-3627.900146,1437.622070,1484.935913,-3555.230469,1466.298950,1615.406738,-3605.881348,1456.685913,1448.465576,-3602.125732,1475.394775,1570.282104,-3627.949951,1437.531860,1484.916870,-3555.153564,1466.394775,1615.487183,-3605.876465,2616.309326,1567.691162,-3159.810547,,,,,,,,,,,,,,,,,,,,,,,,,,,,,,,,,
1585,15.850000,0.000000,0.000000,0.000000,1.000000,0.000000,0.000000,0.000000,57.698101,20.499701,-14.700500,0.047771,-0.013570,0.015998,-15.666301,-52.738201,18.801300,-93.396698,0.129960,17.611099,-0.238629,-0.493459,-0.681110,0.485432,1458.097534,1530.060913,-3598.143066,1455.633423,1448.854126,-3602.470215,1474.506470,1570.500732,-3628.310547,1436.826050,1485.212646,-3555.538574,1465.424316,1615.676270,-3606.252930,1455.679565,1448.743530,-3602.423828,1474.427368,1570.593750,-3628.372803,1436.756348,1485.106812,-3555.516846,1465.529663,1615.804199,-3606.260010,2616.307373,1567.750610,-3159.814453,,,,,,,,,,,,,,,,,,,,,,,,,,,,,,,,,
1586,15.860000,0.000000,0.000000,0.000000,1.000000,0.000000,0.000000,0.000000,57.698101,20.499701,-14.700500,0.047771,-0.013570,0.015998,-15.666301,-52.738201,18.801300,-93.396698,0.129960,17.611099,-0.238711,-0.493038,-0.680706,0.486385,1457.130005,1530.283569,-3598.503174,1454.772949,1449.075684,-3602.870850,1473.431885,1570.763062,-3628.675293,1435.992188,1485.382080,-3555.888184,1464.322510,1615.913574,-3606.577881,1454.755249,1449.027954,-3602.846924,1473.434326,1570.844360,-3628.658936,1435.989746,1485.311523,-3555.882812,1464.340332,1615.951660,-3606.623291,2616.285156,1567.740479,-3159.812012,,,,,,,,,,,,,,,,,,,,,,,,,,,,,,,,,
1587,15.870000,0.000000,0.000000,0.000000,1.000000,0.000000,0.000000,0.000000,57.698101,20.499701,-14.700500,0.047771,-0.013570,0.015998,-15.666301,-52.738201,18.801300,-93.396698,0.129960,17.611099,-0.238212,-0.493519,-0.680321,0.486681,1456.075562,1530.490479,-3598.841309,1453.843262,1449.277466,-3603.177490,1472.337158,1570.982056,-3629.019287,1434.976440,1485.574707,-3556.222412,1463.145264,1616.127930,-3606.946289,1453.793823,1449.202026,-3603.123779,1472.385376,1571.094727,-3629.039551,1435.004150,1485.554688,-3556.253906,1463.119995,1616.114746,-3606.947266,2616.325928,1567.756592,-3159.799316,,,,,,,,,,,,,,,,,,,,,,,,,,,,,,,,,
1588,15.880000,0.000000,0.000000,0.000000,1.000000,0.000000,0.000000,0.000000,57.698101,20.499701,-14.700500,0.047771,-0.013570,0.015998,-15.666301,-52.738201,18.801300,-93.396698,0.129960,17.611099,-0.236911,-0.494881,-0.679753,0.486726,1455.017456,1530.725098,-3599.145996,1453.004028,1449.501831,-3603.396729,1471.259888,1571.224243,-3629.323975,1433.914307,1485.803589,-3556.534912,1461.891602,1616.371094,-3607.327881,1452.932373,1449.417847,-3603.364990,1471.396729,1571.370117,-3629.410400,1433.969238,1485.905640,-3556.562744,1461.773315,1616.205566,-3607.245850,2616.277832,1567.740723,-3159.791748,,,,,,,,,,,,,,,,,,,,,,,,,,,,,,,,,
1589,15.890000,0.000000,0.000000,0.000000,1.000000,0.000000,0.000000,0.000000,57.698101,20.499701,-14.700500,0.047771,-0.013570,0.015998,-15.666301,-52.738201,18.801300,-93.396698,0.129960,17.611099,-0.236086,-0.495813,-0.678979,0.487258,1453.896606,1530.927002,-3599.393799,1452.110107,1449.694458,-3603.567139,1470.062500,1571.440918,-3629.593018,1432.868042,1485.989624,-3556.762939,1460.545898,1616.583618,-3607.651855,1452.072388,1449.619995,-3603.622803,1470.179199,1571.545410,-3629.629883,1432.914307,1486.219482,-3556.738037,1460.409424,1616.309448,-3607.570068,2616.277100,1567.694702,-3159.781494,,,,,,,,,,,,,,,,,,,,,,,,,,,,,,,,,
1590,15.900000,0.000000,0.000000,0.000000,1.000000,0.000000,0.000000,0.000000,57.698101,20.499701,-14.700500,0.047771,-0.013570,0.015998,-15.666301,-52.738201,18.801300,-93.396698,0.129960,17.611099,-0.234696,-0.497021,-0.678496,0.487371,1452.537231,1531.092529,-3599.636230,1450.970947,1449.852661,-3603.756348,1468.681152,1571.626465,-3629.820312,1431.507935,1486.131226,-3557.030762,1458.988770,1616.760010,-3607.937256,1451.006714,1449.825439,-3603.860840,1468.717285,1571.609863,-3629.865723,1431.499268,1486.412964,-3556.971191,1458.914062,1616.533081,-3607.824219,2616.287354,1567.733032,-3159.770996,,,,,,,,,,,,,,,,,,,,,,,,,,,,,,,,,
1591,15.910000,0.000000,0.000000,0.000000,1.000000,0.000000,0.000000,0.000000,57.698101,20.499701,-14.700500,0.047771,-0.013570,0.015998,-15.666301,-52.738201,18.801300,-93.396698,0.129960,17.611099,-0.234254,-0.497487,-0.678335,0.487333,1451.204712,1531.343018,-3599.844482,1449.704590,1450.100464,-3603.935303,1467.348267,1571.877686,-3630.027588,1430.166504,1486.381836,-3557.243164,1457.599121,1617.012085,-3608.171631,1449.877930,1450.076538,-3604.009766,1467.177490,1571.812500,-3630.131592,1430.031860,1486.505981,-3557.170410,1457.725830,1616.977783,-3608.069092,2616.326660,1567.764038,-3159.752686,,,,,,,,,,,,,,,,,,,,,,,,,,,,,,,,,
1592,15.920000,0.000000,0.000000,0.000000,1.000000,0.000000,0.000000,0.000000,57.698101,20.499701,-14.700500,0.047771,-0.013570,0.015998,-15.666301,-52.738201,18.801300,-93.396698,0.129960,17.611099,-0.234471,-0.497484,-0.678401,0.487140,1449.938721,1531.621948,-3600.012207,1448.394287,1450.379272,-3604.084229,1466.102173,1572.140991,-3630.206055,1428.879395,1486.682007,-3557.398926,1456.379150,1617.285767,-3608.359619,1448.570923,1450.299805,-3604.152344,1465.912598,1572.146729,-3630.289551,1428.705444,1486.653687,-3557.266846,1456.564453,1617.387573,-3608.338623,2616.310059,1567.744263,-3159.734131,,,,,,,,,,,,,,,,,,,,,,,,,,,,,,,,,
1593,15.930000,0.000000,0.000000,0.000000,1.000000,0.000000,0.000000,0.000000,57.698101,20.499701,-14.700500,0.047771,-0.013570,0.015998,-15.666301,-52.738201,18.801300,-93.396698,0.129960,17.611099,-0.235717,-0.496546,-0.678337,0.487585,1448.729126,1531.851318,-3600.189453,1447.089844,1450.610962,-3604.273193,1464.840698,1572.360107,-3630.424561,1427.755493,1486.924072,-3557.520508,1455.230713,1617.510254,-3608.539307,1447.165527,1450.479858,-3604.295410,1464.766724,1572.471313,-3630.493164,1427.636230,1486.797119,-3557.391846,1455.345093,1617.654541,-3608.571777,2616.304199,1567.693359,-3159.715820,,,,,,,,,,,,,,,,,,,,,,,,,,,,,,,,,
1594,15.940000,0.000000,0.000000,0.000000,1.000000,0.000000,0.000000,0.000000,57.698101,20.499701,-14.700500,0.047771,-0.013570,0.015998,-15.666301,-52.738201,18.801300,-93.396698,0.129960,17.611099,-0.236759,-0.495578,-0.677841,0.488753,1447.567505,1532.020264,-3600.421631,1445.959595,1450.780518,-3604.527832,1463.542114,1572.548950,-3630.702637,1426.779907,1487.065796,-3557.690674,1453.988281,1617.685791,-3608.765381,1445.950439,1450.701172,-3604.471436,1463.537964,1572.688599,-3630.750732,1426.757690,1486.967407,-3557.683105,1454.022217,1617.728027,-3608.782227,2616.288818,1567.738403,-3159.710449,,,,,,,,,,,,,,,,,,,,,,,,,,,,,,,,,
1595,15.950000,0.000000,0.000000,0.000000,1.000000,0.000000,0.000000,0.000000,57.698101,20.499701,-14.700500,0.047771,-0.013570,0.015998,-15.666301,-52.738201,18.801300,-93.396698,0.129960,17.611099,-0.235860,-0.496330,-0.677289,0.489189,1446.476196,1532.184570,-3600.577637,1445.066528,1450.939331,-3604.646729,1462.392578,1572.736694,-3630.857910,1425.741699,1487.201294,-3557.851074,1452.703979,1617.861328,-3608.954590,1444.953003,1450.903687,-3604.542725,1462.537720,1572.933716,-3630.921387,1425.813599,1487.165039,-3557.913818,1452.608521,1617.752808,-3608.934082,2616.283203,1567.765625,-3159.722412,,,,,,,,,,,,,,,,,,,,,,,,,,,,,,,,,
1596,15.960000,0.000000,0.000000,0.000000,1.000000,0.000000,0.000000,0.000000,57.698101,20.499701,-14.700500,0.047771,-0.013570,0.015998,-15.666301,-52.738201,18.801300,-93.396698,0.129960,17.611099,-0.235324,-0.496933,-0.676721,0.489621,1445.438477,1532.346069,-3600.702637,1444.190552,1451.095459,-3604.719482,1461.294189,1572.909424,-3630.999512,1424.765625,1487.350098,-3557.959229,1451.503662,1618.029297,-3609.131592,1444.068359,1451.142944,-3604.684814,1461.483032,1573.040894,-3631.013184,1424.872437,1487.433228,-3558.013184,1451.316406,1617.732178,-3609.094727,2616.238037,1567.731323,-3159.719971,,,,,,,,,,,,,,,,,,,,,,,,,,,,,,,,,
1597,15.970000,0.000000,0.000000,0.000000,1.000000,0.000000,0.000000,0.000000,57.698101,20.499701,-14.700500,0.047771,-0.013570,0.015998,-15.666301,-52.738201,18.801300,-93.396698,0.129960,17.611099,-0.235302,-0.496880,-0.675991,0.490693,1444.247559,1532.472778,-3600.803711,1443.169556,1451.219238,-3604.808594,1459.972168,1573.066528,-3631.128418,1423.733276,1487.437744,-3558.025391,1450.115356,1618.167725,-3609.252197,1443.133179,1451.232666,-3604.852783,1460.051392,1573.071777,-3631.109375,1423.809204,1487.695557,-3558.066650,1449.985229,1617.876587,-3609.177979,2616.270996,1567.746460,-3159.723877,,,,,,,,,,,,,,,,,,,,,,,,,,,,,,,,,
1598,15.980000,0.000000,0.000000,0.000000,1.000000,0.000000,0.000000,0.000000,57.698101,20.499701,-14.700500,0.047771,-0.013570,0.015998,-15.666301,-52.738201,18.801300,-93.396698,0.129960,17.611099,-0.234816,-0.497571,-0.675782,0.490514,1443.026367,1532.583252,-3600.885254,1442.016602,1451.325928,-3604.830566,1458.762695,1573.166382,-3631.218262,1422.486206,1487.564575,-3558.102051,1448.840088,1618.276367,-3609.389893,1442.151611,1451.379028,-3604.910156,1458.615234,1572.993530,-3631.244629,1422.412109,1487.747681,-3558.090820,1448.916382,1618.211792,-3609.298340,2616.266357,1567.749756,-3159.696533,,,,,,,,,,,,,,,,,,,,,,,,,,,,,,,,,
1599,15.990000,0.000000,0.000000,0.000000,1.000000,0.000000,0.000000,0.000000,57.698101,20.499701,-14.700500,0.047771,-0.013570,0.015998,-15.666301,-52.738201,18.801300,-93.396698,0.129960,17.611099,-0.234084,-0.498249,-0.676094,0.489744,1441.789795,1532.711914,-3600.930176,1440.765747,1451.453857,-3604.857910,1457.615967,1573.282715,-3631.232666,1421.126221,1487.709961,-3558.188965,1447.651001,1618.401123,-3609.441162,1440.969482,1451.419312,-3604.949951,1457.388428,1573.165771,-3631.299805,1420.974487,1487.818359,-3558.110596,1447.818726,1618.438110,-3609.364990,2616.274170,1567.740845,-3159.713867,,,,,,,,,,,,,,,,,,,,,,,,,,,,,,,,,
1600,16.000000,0.000000,0.000000,0.000000,1.000000,0.000000,0.000000,0.000000,57.698101,20.499701,-14.700500,0.047771,-0.013570,0.015998,-15.666301,-52.738201,18.801300,-93.396698,0.129960,17.611099,-0.233876,-0.498588,-0.676296,0.489220,1440.592285,1532.850220,-3600.942627,1439.529053,1451.591553,-3604.847412,1456.477783,1573.403442,-3631.237793,1419.851929,1487.872314,-3558.213135,1446.510376,1618.533813,-3609.471680,1439.705444,1451.411255,-3604.928467,1456.309326,1573.461792,-3631.327881,1419.676392,1487.867310,-3558.062012,1446.683228,1618.652588,-3609.451904,2616.277100,1567.747070,-3159.718506,,,,,,,,,,,,,,,,,,,,,,,,,,,,,,,,,
1601,16.010000,0.000000,0.000000,0.000000,1.000000,0.000000,0.000000,0.000000,57.698101,20.499701,-14.700500,0.047771,-0.013570,0.015998,-15.666301,-52.738201,18.801300,-93.396698,0.129960,17.611099,-0.234703,-0.497663,-0.676321,0.489731,1439.422363,1532.953491,-3600.936768,1438.301270,1451.698242,-3604.895996,1455.255371,1573.518799,-3631.243164,1418.763184,1487.957642,-3558.186768,1445.369629,1618.639648,-3609.420410,1438.333740,1451.447021,-3604.924072,1455.265991,1573.663574,-3631.344238,1418.689087,1487.911011,-3558.070312,1445.403687,1618.773804,-3609.412598,2616.268311,1567.737549,-3159.742676,,,,,,,,,,,,,,,,,,,,,,,,,,,,,,,,,
1602,16.020000,0.000000,0.000000,0.000000,1.000000,0.000000,0.000000,0.000000,57.698101,20.499701,-14.700500,0.047771,-0.013570,0.015998,-15.666301,-52.738201,18.801300,-93.396698,0.129960,17.611099,-0.235508,-0.496706,-0.675570,0.491350,1438.350586,1533.099609,-3600.942871,1437.349854,1451.844727,-3604.940186,1453.994507,1573.707031,-3631.291260,1417.937500,1488.047241,-3558.134277,1444.120361,1618.799927,-3609.405518,1437.308472,1451.689941,-3604.905029,1454.068726,1573.848022,-3631.372559,1417.956909,1488.102295,-3558.145264,1444.070923,1618.758057,-3609.351807,2616.250244,1567.755859,-3159.760986,,,,,,,,,,,,,,,,,,,,,,,,,,,,,,,,,
1603,16.030000,0.000000,0.000000,0.000000,1.000000,0.000000,0.000000,0.000000,57.698101,20.499701,-14.700500,0.047771,-0.013570,0.015998,-15.666301,-52.738201,18.801300,-93.396698,0.129960,17.611099,-0.235577,-0.496475,-0.675123,0.492163,1437.354980,1533.209229,-3600.913574,1436.459473,1451.953735,-3604.924561,1452.903076,1573.843384,-3631.275146,1417.060669,1488.121094,-3558.086182,1442.996948,1618.918823,-3609.368164,1436.356323,1451.934692,-3604.891846,1453.057007,1573.904297,-3631.298584,1417.152588,1488.196777,-3558.140625,1442.853516,1618.797363,-3609.323242,2616.291260,1567.724487,-3159.764648,,,,,,,,,,,,,,,,,,,,,,,,,,,,,,,,,
1604,16.040000,0.000000,0.000000,0.000000,1.000000,0.000000,0.000000,0.000000,57.698101,20.499701,-14.700500,0.047771,-0.013570,0.015998,-15.666301,-52.738201,18.801300,-93.396698,0.129960,17.611099,-0.235347,-0.496473,-0.675135,0.492259,1436.261475,1533.230591,-3600.844482,1435.394775,1451.975952,-3604.878906,1451.802002,1573.878784,-3631.190918,1415.973145,1488.123291,-3558.034424,1441.875610,1618.944580,-3609.273193,1435.320923,1452.116943,-3604.849854,1451.890381,1573.876953,-3631.178955,1416.053223,1488.189819,-3558.105957,1441.765869,1618.722656,-3609.239990,2616.286621,1567.706177,-3159.764404,,,,,,,,,,,,,,,,,,,,,,,,,,,,,,,,,
1605,16.050000,0.000000,0.000000,0.000000,1.000000,0.000000,0.000000,0.000000,57.698101,20.499701,-14.700500,0.047771,-0.013570,0.015998,-15.666301,-52.738201,18.801300,-93.396698,0.129960,17.611099,-0.235007,-0.496909,-0.675245,0.491830,1435.205566,1533.231079,-3600.709229,1434.332642,1451.975098,-3604.716553,1450.793457,1573.866333,-3631.048584,1414.852417,1488.141479,-3557.911133,1440.843750,1618.941162,-3609.160156,1434.383423,1452.153687,-3604.662598,1450.685425,1573.844971,-3631.031006,1414.838501,1488.136230,-3557.986084,1440.922485,1618.794800,-3609.149658,2616.278320,1567.750244,-3159.800781,,,,,,,,,,,,,,,,,,,,,,,,,,,,,,,,,
1606,16.060000,0.000000,0.000000,0.000000,1.000000,0.000000,0.000000,0.000000,57.698101,20.499701,-14.700500,0.047771,-0.013570,0.015998,-15.666301,-52.738201,18.801300,-93.396698,0.129960,17.611099,-0.234011,-0.497938,-0.675565,0.490825,1434.094971,1533.274292,-3600.517822,1433.219971,1452.016357,-3604.482422,1449.797363,1573.889526,-3630.825195,1413.582764,1488.212891,-3557.766113,1439.779785,1618.978638,-3608.997070,1433.415771,1452.165405,-3604.471191,1449.485718,1573.847168,-3630.834473,1413.439087,1488.134644,-3557.757812,1440.038330,1618.952881,-3609.008789,2616.302734,1567.768066,-3159.815186,,,,,,,,,,,,,,,,,,,,,,,,,,,,,,,,,
1607,16.070000,0.000000,0.000000,0.000000,1.000000,0.000000,0.000000,0.000000,57.698101,20.499701,-14.700500,0.047771,-0.013570,0.015998,-15.666301,-52.738201,18.801300,-93.396698,0.129960,17.611099,-0.233778,-0.498561,-0.676138,0.489512,1433.041626,1533.331909,-3600.300049,1432.029053,1452.072998,-3604.213623,1448.893311,1573.898560,-3630.594727,1412.340820,1488.335938,-3557.570557,1438.902954,1619.020142,-3608.821289,1432.164673,1452.035522,-3604.254639,1448.749268,1573.951172,-3630.680176,1412.182495,1488.240845,-3557.436035,1439.060547,1619.097046,-3608.822998,2616.310059,1567.769897,-3159.818359,,,,,,,,,,,,,,,,,,,,,,,,,,,,,,,,,
1608,16.080000,0.000000,0.000000,0.000000,1.000000,0.000000,0.000000,0.000000,57.698101,20.499701,-14.700500,0.047771,-0.013570,0.015998,-15.666301,-52.738201,18.801300,-93.396698,0.129960,17.611099,-0.234971,-0.498092,-0.676136,0.489422,1432.007568,1533.455444,-3600.087158,1430.863037,1452.196045,-3603.951660,1447.861206,1573.980469,-3630.437012,1411.322998,1488.515991,-3557.290283,1437.983032,1619.129761,-3608.669434,1430.877197,1452.007690,-3604.000000,1447.895630,1574.040527,-3630.502686,1411.291748,1488.572876,-3557.216553,1437.966919,1619.184326,-3608.633789,2616.290039,1567.744385,-3159.832520,,,,,,,,,,,,,,,,,,,,,,,,,,,,,,,,,
1609,16.090000,0.000000,0.000000,0.000000,1.000000,0.000000,0.000000,0.000000,57.698101,20.499701,-14.700500,0.047771,-0.013570,0.015998,-15.666301,-52.738201,18.801300,-93.396698,0.129960,17.611099,-0.234640,-0.498473,-0.675490,0.490083,1430.976562,1533.548950,-3599.847656,1429.996826,1452.285278,-3603.669434,1446.743408,1574.090088,-3630.220703,1410.389404,1488.589844,-3557.024170,1436.776367,1619.230591,-3608.475586,1429.932983,1452.036499,-3603.737305,1446.897095,1574.196289,-3630.273926,1410.438477,1488.814209,-3556.981689,1436.636353,1619.142334,-3608.400146,2616.296631,1567.751587,-3159.825439,,,,,,,,,,,,,,,,,,,,,,,,,,,,,,,,,
1610,16.100000,0.000000,0.000000,0.000000,1.000000,0.000000,0.000000,0.000000,57.698101,20.499701,-14.700500,0.047771,-0.013570,0.015998,-15.666301,-52.738201,18.801300,-93.396698,0.129960,17.611099,-0.234287,-0.498744,-0.674855,0.490851,1430.052856,1533.677734,-3599.625732,1429.245972,1452.411011,-3603.423584,1445.723145,1574.243652,-3630.015869,1409.575684,1488.687256,-3556.782959,1435.666504,1619.369141,-3608.281006,1429.171753,1452.186768,-3603.507324,1445.907715,1574.316406,-3630.071045,1409.650635,1488.999390,-3556.750488,1435.476196,1619.219727,-3608.169189,2616.278076,1567.718018,-3159.832275,,,,,,,,,,,,,,,,,,,,,,,,,,,,,,,,,
1611,16.110000,0.000000,0.000000,0.000000,1.000000,0.000000,0.000000,0.000000,57.698101,20.499701,-14.700500,0.047771,-0.013570,0.015998,-15.666301,-52.738201,18.801300,-93.396698,0.129960,17.611099,-0.234711,-0.498524,-0.674512,0.491343,1429.033936,1533.794800,-3599.371338,1428.260132,1452.526855,-3603.149170,1444.641357,1574.361084,-3629.793457,1408.639771,1488.804565,-3556.488525,1434.594604,1619.486816,-3608.054443,1428.242554,1452.398682,-3603.184814,1444.721924,1574.413696,-3629.865234,1408.663452,1489.010498,-3556.480469,1434.504395,1619.362427,-3607.949219,2616.320801,1567.772217,-3159.824707,,,,,,,,,,,,,,,,,,,,,,,,,,,,,,,,,
1612,16.120000,0.000000,0.000000,0.000000,1.000000,0.000000,0.000000,0.000000,57.698101,20.499701,-14.700500,0.047771,-0.013570,0.015998,-15.666301,-52.738201,18.801300,-93.396698,0.129960,17.611099,-0.234880,-0.498774,-0.674591,0.490900,1428.012329,1533.915283,-3599.065430,1427.181396,1452.645508,-3602.792236,1443.664185,1574.451050,-3629.505371,1407.564453,1488.966919,-3556.164551,1433.639526,1619.597778,-3607.800049,1427.285156,1452.617065,-3602.795898,1443.528931,1574.444702,-3629.564453,1407.485596,1489.007812,-3556.156738,1433.748047,1619.590820,-3607.746338,2616.300537,1567.735840,-3159.816162,,,,,,,,,,,,,,,,,,,,,,,,,,,,,,,,,
1613,16.130000,0.000000,0.000000,0.000000,1.000000,0.000000,0.000000,0.000000,57.698101,20.499701,-14.700500,0.047771,-0.013570,0.015998,-15.666301,-52.738201,18.801300,-93.396698,0.129960,17.611099,-0.235385,-0.498791,-0.674912,0.490199,1427.005371,1534.026001,-3598.738037,1426.032227,1452.755981,-3602.422119,1442.734131,1574.518066,-3629.196289,1406.470459,1489.136475,-3555.816895,1432.784790,1619.693848,-3607.516602,1426.193359,1452.800049,-3602.445068,1442.514282,1574.498535,-3629.240723,1406.323120,1489.055542,-3555.745361,1432.986206,1619.750244,-3607.522705,2616.289551,1567.718262,-3159.806396,,,,,,,,,,,,,,,,,,,,,,,,,,,,,,,,,
1614,16.140000,0.000000,0.000000,0.000000,1.000000,0.000000,0.000000,0.000000,57.698101,20.499701,-14.700500,0.047771,-0.013570,0.015998,-15.666301,-52.738201,18.801300,-93.396698,0.129960,17.611099,-0.236072,-0.498659,-0.675271,0.489509,1425.927124,1534.142334,-3598.394775,1424.788086,1452.872803,-3602.041260,1441.732056,1574.588379,-3628.875000,1405.309570,1489.314331,-3555.448975,1431.878784,1619.794189,-3607.214111,1424.864380,1452.870728,-3602.017334,1441.619873,1574.734375,-3628.945557,1405.189819,1489.131958,-3555.361084,1432.017578,1619.827026,-3607.253906,2616.335693,1567.755371,-3159.789062,,,,,,,,,,,,,,,,,,,,,,,,,,,,,,,,,
1615,16.150000,0.000000,0.000000,0.000000,1.000000,0.000000,0.000000,0.000000,57.698101,20.499701,-14.700500,0.047771,-0.013570,0.015998,-15.666301,-52.738201,18.801300,-93.396698,0.129960,17.611099,-0.236895,-0.498449,-0.674922,0.489806,1424.944458,1534.233521,-3598.059082,1423.784668,1452.961548,-3601.644043,1440.702148,1574.654419,-3628.596680,1404.395386,1489.440552,-3555.043945,1430.895508,1619.877930,-3606.951660,1423.718018,1452.865112,-3601.592041,1440.807983,1574.901978,-3628.664795,1404.412354,1489.382690,-3555.026123,1430.851440,1619.817993,-3606.961914,2616.295166,1567.728271,-3159.775391,,,,,,,,,,,,,,,,,,,,,,,,,,,,,,,,,
1616,16.160000,0.000000,0.000000,0.000000,1.000000,0.000000,0.000000,0.000000,57.698101,20.499701,-14.700500,0.047771,-0.013570,0.015998,-15.666301,-52.738201,18.801300,-93.396698,0.129960,17.611099,-0.236342,-0.499438,-0.674644,0.489448,1424.031860,1534.377930,-3597.745117,1422.944580,1453.100586,-3601.231689,1439.816284,1574.773804,-3628.302246,1403.435547,1489.621582,-3554.714355,1429.931030,1620.015991,-3606.732178,1422.805054,1453.014648,-3601.191650,1440.086670,1575.036621,-3628.410889,1403.502319,1489.603271,-3554.686768,1429.760864,1619.893433,-3606.708252,2616.292969,1567.782837,-3159.781494,,,,,,,,,,,,,,,,,,,,,,,,,,,,,,,,,
1617,16.170000,0.000000,0.000000,0.000000,1.000000,0.000000,0.000000,0.000000,57.698101,20.499701,-14.700500,0.047771,-0.013570,0.015998,-15.666301,-52.738201,18.801300,-93.396698,0.129960,17.611099,-0.235697,-0.500451,-0.673754,0.489949,1423.041504,1534.501953,-3597.459717,1422.174561,1453.217285,-3600.834229,1438.746704,1574.897339,-3628.058105,1402.524292,1489.750488,-3554.386230,1428.720337,1620.142822,-3606.560303,1422.060913,1453.217041,-3600.822754,1438.962402,1575.015137,-3628.115967,1402.625122,1489.884644,-3554.417969,1428.509033,1619.861328,-3606.475098,2616.257812,1567.739624,-3159.771729,,,,,,,,,,,,,,,,,,,,,,,,,,,,,,,,,
1618,16.180000,0.000000,0.000000,0.000000,1.000000,0.000000,0.000000,0.000000,57.698101,20.499701,-14.700500,0.047771,-0.013570,0.015998,-15.666301,-52.738201,18.801300,-93.396698,0.129960,17.611099,-0.235416,-0.500943,-0.673185,0.490364,1422.034912,1534.635620,-3597.175049,1421.301025,1453.347046,-3600.488037,1437.679688,1575.033325,-3627.801514,1401.583008,1489.883667,-3554.071289,1427.575806,1620.278809,-3606.339600,1421.319580,1453.371704,-3600.527344,1437.684937,1574.967773,-3627.814209,1401.609863,1490.134155,-3554.119873,1427.521729,1620.079102,-3606.230225,2616.277588,1567.729980,-3159.740967,,,,,,,,,,,,,,,,,,,,,,,,,,,,,,,,,
1619,16.190000,0.000000,0.000000,0.000000,1.000000,0.000000,0.000000,0.000000,57.698101,20.499701,-14.700500,0.047771,-0.013570,0.015998,-15.666301,-52.738201,18.801300,-93.396698,0.129960,17.611099,-0.235592,-0.501286,-0.673233,0.489863,1420.913940,1534.723267,-3596.867432,1420.122314,1453.432617,-3600.113770,1436.607544,1575.084229,-3627.517334,1400.402222,1490.021729,-3553.739258,1426.523682,1620.354736,-3606.098877,1420.279663,1453.414551,-3600.204590,1436.400757,1574.892212,-3627.493408,1400.315430,1490.207642,-3553.731689,1426.639282,1620.368652,-3606.039551,2616.282715,1567.739258,-3159.725342,,,,,,,,,,,,,,,,,,,,,,,,,,,,,,,,,
1620,16.200000,0.000000,0.000000,0.000000,1.000000,0.000000,0.000000,0.000000,57.698101,20.499701,-14.700500,0.047771,-0.013570,0.015998,-15.666301,-52.738201,18.801300,-93.396698,0.129960,17.611099,-0.235686,-0.501656,-0.673537,0.489021,1419.848877,1534.873779,-3596.575195,1418.951416,1453.581909,-3599.767090,1435.634644,1575.192505,-3627.233154,1399.223877,1490.229492,-3553.441895,1425.585571,1620.491211,-3605.858398,1419.107788,1453.410645,-3599.878418,1435.501709,1575.151611,-3627.285400,1399.091553,1490.313477,-3553.320068,1425.703735,1620.612061,-3605.820557,2616.276123,1567.729980,-3159.714844,,,,,,,,,,,,,,,,,,,,,,,,,,,,,,,,,
1621,16.210000,0.000000,0.000000,0.000000,1.000000,0.000000,0.000000,0.000000,57.698101,20.499701,-14.700500,0.047771,-0.013570,0.015998,-15.666301,-52.738201,18.801300,-93.396698,0.129960,17.611099,-0.236449,-0.501372,-0.673674,0.488755,1418.735474,1535.000488,-3596.320312,1417.721802,1453.708862,-3599.482666,1434.547363,1575.286377,-3627.008057,1398.090454,1490.400024,-3553.151367,1424.582397,1620.606689,-3605.639160,1417.794922,1453.364014,-3599.555664,1434.523315,1575.400879,-3627.089844,1397.991211,1490.393921,-3553.004639,1424.643677,1620.797974,-3605.638428,2616.289307,1567.753906,-3159.706299,,,,,,,,,,,,,,,,,,,,,,,,,,,,,,,,,
1622,16.220000,0.000000,0.000000,0.000000,1.000000,0.000000,0.000000,0.000000,57.698101,20.499701,-14.700500,0.047771,-0.013570,0.015998,-15.666301,-52.738201,18.801300,-93.396698,0.129960,17.611099,-0.237376,-0.501072,-0.672895,0.489684,1417.725342,1535.176636,-3596.122803,1416.779175,1453.881470,-3599.213867,1433.411987,1575.451538,-3626.889160,1397.245117,1490.593384,-3552.857666,1423.464966,1620.780396,-3605.530273,1416.775391,1453.623657,-3599.216064,1433.456665,1575.651489,-3626.983154,1397.204712,1490.565796,-3552.773926,1423.468750,1620.852417,-3605.527588,2616.293457,1567.725586,-3159.703125,,,,,,,,,,,,,,,,,,,,,,,,,,,,,,,,,
1623,16.230000,0.000000,0.000000,0.000000,1.000000,0.000000,0.000000,0.000000,57.698101,20.499701,-14.700500,0.047771,-0.013570,0.015998,-15.666301,-52.738201,18.801300,-93.396698,0.129960,17.611099,-0.238342,-0.500443,-0.671832,0.491316,1416.855591,1535.350708,-3595.951904,1416.057251,1454.052734,-3599.007568,1432.337769,1575.644287,-3626.797119,1396.639038,1490.744263,-3552.586914,1422.388184,1620.961914,-3605.415527,1415.985962,1453.951538,-3598.962646,1432.444946,1575.789185,-3626.854736,1396.680664,1490.765503,-3552.606445,1422.314575,1620.903076,-3605.386230,2616.293457,1567.715820,-3159.687256,,,,,,,,,,,,,,,,,,,,,,,,,,,,,,,,,
1624,16.240000,0.000000,0.000000,0.000000,1.000000,0.000000,0.000000,0.000000,57.698101,20.499701,-14.700500,0.047771,-0.013570,0.015998,-15.666301,-52.738201,18.801300,-93.396698,0.129960,17.611099,-0.239331,-0.499850,-0.671239,0.492249,1415.906738,1535.486938,-3595.820068,1415.144775,1454.187500,-3598.846924,1431.269775,1575.779175,-3626.726562,1395.851074,1490.883057,-3552.377441,1421.361450,1621.098145,-3605.328613,1415.041748,1454.181519,-3598.784912,1431.400146,1575.858521,-3626.749268,1395.959473,1490.996948,-3552.486328,1421.220947,1620.899902,-3605.259521,2616.277100,1567.751099,-3159.707520,,,,,,,,,,,,,,,,,,,,,,,,,,,,,,,,,
1625,16.250000,0.000000,0.000000,0.000000,1.000000,0.000000,0.000000,0.000000,57.698101,20.499701,-14.700500,0.047771,-0.013570,0.015998,-15.666301,-52.738201,18.801300,-93.396698,0.129960,17.611099,-0.239934,-0.499867,-0.670551,0.492876,1414.901001,1535.560059,-3595.631836,1414.208862,1454.256836,-3598.575928,1430.172729,1575.835327,-3626.605713,1394.962524,1490.981445,-3552.109375,1420.259888,1621.166626,-3605.236084,1414.175903,1454.370605,-3598.534180,1430.185303,1575.822388,-3626.581787,1395.033691,1491.108643,-3552.236816,1420.206421,1620.922729,-3605.178711,2616.293457,1567.762695,-3159.718750,,,,,,,,,,,,,,,,,,,,,,,,,,,,,,,,,
1626,16.260000,0.000000,0.000000,0.000000,1.000000,0.000000,0.000000,0.000000,57.698101,20.499701,-14.700500,0.047771,-0.013570,0.015998,-15.666301,-52.738201,18.801300,-93.396698,0.129960,17.611099,-0.240309,-0.500155,-0.670223,0.492847,1413.936646,1535.614502,-3595.453125,1413.247314,1454.308105,-3598.307617,1429.195557,1575.856567,-3626.476318,1394.015381,1491.082764,-3551.874756,1419.288086,1621.210693,-3605.153076,1413.367310,1454.439209,-3598.292236,1428.981812,1575.785522,-3626.442871,1393.959351,1491.135986,-3551.942627,1419.435547,1621.090088,-3605.128174,2616.284668,1567.767090,-3159.728516,,,,,,,,,,,,,,,,,,,,,,,,,,,,,,,,,
1627,16.270000,0.000000,0.000000,0.000000,1.000000,0.000000,0.000000,0.000000,57.698101,20.499701,-14.700500,0.047771,-0.013570,0.015998,-15.666301,-52.738201,18.801300,-93.396698,0.129960,17.611099,-0.240550,-0.500410,-0.670503,0.492090,1412.869385,1535.690674,-3595.255127,1412.067749,1454.383545,-3598.056396,1428.210327,1575.890503,-3626.292725,1392.849731,1491.216064,-3551.663818,1418.349365,1621.272827,-3605.007324,1412.263184,1454.467041,-3598.091797,1427.934326,1575.847412,-3626.316895,1392.701782,1491.199219,-3551.616699,1418.575317,1621.247681,-3604.998291,2616.261963,1567.731079,-3159.751953,,,,,,,,,,,,,,,,,,,,,,,,,,,,,,,,,
1628,16.280000,0.000000,0.000000,0.000000,1.000000,0.000000,0.000000,0.000000,57.698101,20.499701,-14.700500,0.047771,-0.013570,0.015998,-15.666301,-52.738201,18.801300,-93.396698,0.129960,17.611099,-0.240845,-0.500853,-0.670926,0.490915,1411.862305,1535.776733,-3595.100830,1410.896118,1454.468628,-3597.820068,1427.330688,1575.912842,-3626.157715,1391.688599,1491.388428,-3551.492676,1417.533691,1621.337280,-3604.933105,1411.016113,1454.403687,-3597.897217,1427.245361,1575.971069,-3626.260742,1391.526733,1491.299438,-3551.293213,1417.646240,1621.423096,-3604.933594,2616.275391,1567.716919,-3159.748047,,,,,,,,,,,,,,,,,,,,,,,,,,,,,,,,,
1629,16.290000,0.000000,0.000000,0.000000,1.000000,0.000000,0.000000,0.000000,57.698101,20.499701,-14.700500,0.047771,-0.013570,0.015998,-15.666301,-52.738201,18.801300,-93.396698,0.129960,17.611099,-0.241670,-0.500635,-0.670911,0.490753,1410.917480,1535.881348,-3594.950684,1409.855957,1454.572754,-3597.619141,1426.395142,1575.981079,-3626.050049,1390.744507,1491.542725,-3551.291748,1416.674316,1621.429443,-3604.841797,1409.880005,1454.391724,-3597.696533,1426.453613,1576.072021,-3626.157471,1390.672607,1491.524536,-3551.122070,1416.662964,1621.525635,-3604.825928,2616.277588,1567.751587,-3159.771729,,,,,,,,,,,,,,,,,,,,,,,,,,,,,,,,,
1630,16.300000,0.000000,0.000000,0.000000,1.000000,0.000000,0.000000,0.000000,57.698101,20.499701,-14.700500,0.047771,-0.013570,0.015998,-15.666301,-52.738201,18.801300,-93.396698,0.129960,17.611099,-0.241666,-0.500628,-0.670260,0.491651,1409.965454,1535.982178,-3594.828857,1409.050415,1454.671143,-3597.479248,1425.331299,1576.103760,-3625.955078,1389.927124,1491.615234,-3551.136475,1415.552490,1621.538696,-3604.744385,1409.026855,1454.454956,-3597.562744,1425.458252,1576.145630,-3626.053711,1389.927612,1491.765991,-3551.042236,1415.450439,1621.550781,-3604.661377,2616.267822,1567.768677,-3159.791260,,,,,,,,,,,,,,,,,,,,,,,,,,,,,,,,,
1631,16.310000,0.000000,0.000000,0.000000,1.000000,0.000000,0.000000,0.000000,57.698101,20.499701,-14.700500,0.047771,-0.013570,0.015998,-15.666301,-52.738201,18.801300,-93.396698,0.129960,17.611099,-0.241307,-0.500545,-0.669784,0.492560,1409.120117,1536.113525,-3594.709717,1408.366333,1454.801880,-3597.394287,1424.382446,1576.279175,-3625.830078,1389.203247,1491.687866,-3551.021240,1414.528198,1621.685303,-3604.592529,1408.346802,1454.557617,-3597.475586,1424.485718,1576.329102,-3625.902832,1389.218628,1491.923218,-3550.966309,1414.426758,1621.639038,-3604.496338,2616.301758,1567.740601,-3159.797363,,,,,,,,,,,,,,,,,,,,,,,,,,,,,,,,,
1632,16.320000,0.000000,0.000000,0.000000,1.000000,0.000000,0.000000,0.000000,57.698101,20.499701,-14.700500,0.047771,-0.013570,0.015998,-15.666301,-52.738201,18.801300,-93.396698,0.129960,17.611099,-0.242599,-0.499603,-0.669217,0.493651,1408.193359,1536.188721,-3594.561279,1407.451050,1454.876831,-3597.238525,1423.319336,1576.356934,-3625.745117,1388.464600,1491.760010,-3550.791016,1413.538330,1621.761475,-3604.470459,1407.442627,1454.688965,-3597.273193,1423.357300,1576.357422,-3625.770508,1388.508545,1492.062866,-3550.845215,1413.465210,1621.674194,-3604.360596,2616.292969,1567.760498,-3159.795898,,,,,,,,,,,,,,,,,,,,,,,,,,,,,,,,,
1633,16.330000,0.000000,0.000000,0.000000,1.000000,0.000000,0.000000,0.000000,57.698101,20.499701,-14.700500,0.047771,-0.013570,0.015998,-15.666301,-52.738201,18.801300,-93.396698,0.129960,17.611099,-0.243796,-0.498638,-0.669027,0.494293,1407.240601,1536.279297,-3594.389893,1406.439331,1454.968628,-3597.083496,1422.288940,1576.445435,-3625.614014,1387.628540,1491.852539,-3550.565186,1412.605835,1621.850952,-3604.296631,1406.486938,1454.890625,-3597.083252,1422.208496,1576.402588,-3625.605469,1387.629272,1492.049805,-3550.653320,1412.638184,1621.792725,-3604.224854,2616.297607,1567.762939,-3159.819580,,,,,,,,,,,,,,,,,,,,,,,,,,,,,,,,,
1634,16.340000,0.000000,0.000000,0.000000,1.000000,0.000000,0.000000,0.000000,57.698101,20.499701,-14.700500,0.047771,-0.013570,0.015998,-15.666301,-52.738201,18.801300,-93.396698,0.129960,17.611099,-0.244210,-0.498329,-0.669283,0.494055,1406.320190,1536.395020,-3594.228027,1405.425171,1455.085693,-3596.932861,1421.398560,1576.548584,-3625.453857,1386.679443,1491.984375,-3550.399902,1411.777710,1621.962036,-3604.125488,1405.542480,1455.091553,-3596.925781,1421.196899,1576.494873,-3625.447510,1386.609375,1492.031494,-3550.438721,1411.923828,1621.958008,-3604.098633,2616.303711,1567.750977,-3159.816895,,,,,,,,,,,,,,,,,,,,,,,,,,,,,,,,,
1635,16.350000,0.000000,0.000000,0.000000,1.000000,0.000000,0.000000,0.000000,57.698101,20.499701,-14.700500,0.047771,-0.013570,0.015998,-15.666301,-52.738201,18.801300,-93.396698,0.129960,17.611099,-0.244602,-0.498204,-0.669905,0.493143,1405.380859,1536.499390,-3594.069092,1404.301392,1455.192139,-3596.770752,1420.568604,1576.616943,-3625.288086,1385.613770,1492.135742,-3550.250000,1411.039551,1622.053101,-3603.967285,1404.425659,1455.198730,-3596.761475,1420.369263,1576.675293,-3625.311035,1385.487427,1492.014404,-3550.195312,1411.235352,1622.111450,-3604.009766,2616.304688,1567.731445,-3159.817139,,,,,,,,,,,,,,,,,,,,,,,,,,,,,,,,,
1636,16.360000,0.000000,0.000000,0.000000,1.000000,0.000000,0.000000,0.000000,57.698101,20.499701,-14.700500,0.047771,-0.013570,0.015998,-15.666301,-52.738201,18.801300,-93.396698,0.129960,17.611099,-0.244958,-0.498001,-0.670255,0.492696,1404.382446,1536.541382,-3593.878906,1403.189209,1455.235718,-3596.584717,1419.624390,1576.639160,-3625.096924,1384.556030,1492.203125,-3550.061035,1410.160156,1622.087646,-3603.773193,1403.237793,1455.175049,-3596.559814,1419.557983,1576.813110,-3625.175537,1384.457764,1492.026611,-3549.963623,1410.263062,1622.150757,-3603.815674,2616.343994,1567.706177,-3159.803711,,,,,,,,,,,,,,,,,,,,,,,,,,,,,,,,,
1637,16.370000,0.000000,0.000000,0.000000,1.000000,0.000000,0.000000,0.000000,57.698101,20.499701,-14.700500,0.047771,-0.013570,0.015998,-15.666301,-52.738201,18.801300,-93.396698,0.129960,17.611099,-0.245389,-0.497622,-0.670296,0.492808,1403.422607,1536.606079,-3593.705566,1402.185303,1455.301636,-3596.424805,1418.652222,1576.701782,-3624.932373,1383.619385,1492.270020,-3549.875000,1409.233276,1622.151245,-3603.590576,1402.161743,1455.241821,-3596.432861,1418.742798,1576.915649,-3625.026123,1383.576904,1492.130005,-3549.735840,1409.217773,1622.152344,-3603.624268,2616.363281,1567.726685,-3159.774170,,,,,,,,,,,,,,,,,,,,,,,,,,,,,,,,,
1638,16.380000,0.000000,0.000000,0.000000,1.000000,0.000000,0.000000,0.000000,57.698101,20.499701,-14.700500,0.047771,-0.013570,0.015998,-15.666301,-52.738201,18.801300,-93.396698,0.129960,17.611099,-0.245585,-0.497472,-0.669907,0.493391,1402.503052,1536.688843,-3593.571777,1401.335327,1455.383057,-3596.281738,1417.659790,1576.795166,-3624.820068,1382.791382,1492.338989,-3549.713623,1408.225342,1622.238159,-3603.470947,1401.271118,1455.416138,-3596.311279,1417.822388,1576.979614,-3624.873535,1382.814209,1492.334961,-3549.633057,1408.111206,1622.020996,-3603.476074,2616.313721,1567.715942,-3159.804688,,,,,,,,,,,,,,,,,,,,,,,,,,,,,,,,,
1639,16.390000,0.000000,0.000000,0.000000,1.000000,0.000000,0.000000,0.000000,57.698101,20.499701,-14.700500,0.047771,-0.013570,0.015998,-15.666301,-52.738201,18.801300,-93.396698,0.129960,17.611099,-0.245211,-0.497750,-0.669218,0.494230,1401.497070,1536.761963,-3593.466553,1400.516479,1455.452881,-3596.153809,1416.548584,1576.894653,-3624.731934,1381.905640,1492.378906,-3549.588135,1407.017578,1622.321655,-3603.391846,1400.494873,1455.506348,-3596.211182,1416.636475,1576.960327,-3624.761230,1381.921875,1492.484253,-3549.537354,1406.925049,1622.065918,-3603.349121,2616.323730,1567.729858,-3159.793213,,,,,,,,,,,,,,,,,,,,,,,,,,,,,,,,,
1640,16.400000,0.000000,0.000000,0.000000,1.000000,0.000000,0.000000,0.000000,57.698101,20.499701,-14.700500,0.047771,-0.013570,0.015998,-15.666301,-52.738201,18.801300,-93.396698,0.129960,17.611099,-0.246088,-0.496949,-0.668606,0.495427,1400.486084,1536.840088,-3593.345215,1399.572754,1455.530640,-3596.043945,1415.391724,1576.992554,-3624.655029,1381.088257,1492.430664,-3549.407715,1405.891724,1622.406738,-3603.273926,1399.604614,1455.566162,-3596.096680,1415.389893,1576.932861,-3624.683594,1381.099609,1492.700928,-3549.441406,1405.844849,1622.164307,-3603.142822,2616.296143,1567.718262,-3159.793945,,,,,,,,,,,,,,,,,,,,,,,,,,,,,,,,,
1641,16.410000,0.000000,0.000000,0.000000,1.000000,0.000000,0.000000,0.000000,57.698101,20.499701,-14.700500,0.047771,-0.013570,0.015998,-15.666301,-52.738201,18.801300,-93.396698,0.129960,17.611099,-0.246703,-0.496381,-0.669101,0.495023,1399.377686,1536.865723,-3593.207764,1398.306030,1455.559326,-3595.942139,1414.337280,1577.003418,-3624.510986,1379.926880,1492.474243,-3549.275635,1404.940430,1622.426147,-3603.102783,1398.445557,1455.543579,-3595.992920,1414.160645,1576.840454,-3624.558594,1379.850464,1492.698730,-3549.308594,1405.037964,1622.383423,-3602.975586,2616.268555,1567.742676,-3159.785156,,,,,,,,,,,,,,,,,,,,,,,,,,,,,,,,,
1642,16.420000,0.000000,0.000000,0.000000,1.000000,0.000000,0.000000,0.000000,57.698101,20.499701,-14.700500,0.047771,-0.013570,0.015998,-15.666301,-52.738201,18.801300,-93.396698,0.129960,17.611099,-0.245869,-0.496954,-0.669914,0.493761,1398.198486,1536.910034,-3593.063477,1397.023560,1455.605957,-3595.821045,1413.317871,1577.034424,-3624.306885,1378.539917,1492.534912,-3549.207520,1403.912598,1622.465088,-3602.918945,1397.135742,1455.407715,-3595.869385,1413.227905,1577.014404,-3624.412354,1378.451538,1492.658936,-3549.155518,1403.985840,1622.547852,-3602.818604,2616.278809,1567.728638,-3159.759033,,,,,,,,,,,,,,,,,,,,,,,,,,,,,,,,,
1643,16.430000,0.000000,0.000000,0.000000,1.000000,0.000000,0.000000,0.000000,57.698101,20.499701,-14.700500,0.047771,-0.013570,0.015998,-15.666301,-52.738201,18.801300,-93.396698,0.129960,17.611099,-0.245843,-0.496819,-0.670427,0.493214,1396.939453,1536.925049,-3592.915283,1395.662354,1455.623779,-3595.710205,1412.132080,1577.044189,-3624.130127,1377.193481,1492.555542,-3549.092773,1402.769775,1622.477173,-3602.728027,1395.750732,1455.284424,-3595.769775,1412.090942,1577.141968,-3624.246094,1377.088379,1492.567627,-3548.957520,1402.841431,1622.664795,-3602.692627,2616.295898,1567.762329,-3159.738525,,,,,,,,,,,,,,,,,,,,,,,,,,,,,,,,,
1644,16.440000,0.000000,0.000000,0.000000,1.000000,0.000000,0.000000,0.000000,57.698101,20.499701,-14.700500,0.047771,-0.013570,0.015998,-15.666301,-52.738201,18.801300,-93.396698,0.129960,17.611099,-0.245120,-0.497080,-0.670110,0.493741,1395.815674,1536.987549,-3592.771973,1394.691895,1455.684937,-3595.592529,1410.950439,1577.144531,-3623.966064,1376.128662,1492.567749,-3548.973877,1401.491821,1622.553345,-3602.555420,1394.735352,1455.471802,-3595.687988,1410.989990,1577.298706,-3624.078369,1376.039307,1492.575073,-3548.780273,1401.497559,1622.591553,-3602.543701,2616.315674,1567.766846,-3159.743896,,,,,,,,,,,,,,,,,,,,,,,,,,,,,,,,,
1645,16.450000,0.000000,0.000000,0.000000,1.000000,0.000000,0.000000,0.000000,57.698101,20.499701,-14.700500,0.047771,-0.013570,0.015998,-15.666301,-52.738201,18.801300,-93.396698,0.129960,17.611099,-0.245691,-0.496223,-0.669593,0.495018,1394.755859,1537.051147,-3592.666016,1393.723511,1455.749146,-3595.539551,1409.743164,1577.248413,-3623.879150,1375.260986,1492.576660,-3548.837402,1400.295776,1622.630737,-3602.407227,1393.666260,1455.668579,-3595.565186,1409.894897,1577.416992,-3623.964355,1375.278320,1492.612183,-3548.765869,1400.194824,1622.519531,-3602.378174,2616.287842,1567.756592,-3159.727051,,,,,,,,,,,,,,,,,,,,,,,,,,,,,,,,,
1646,16.460000,0.000000,0.000000,0.000000,1.000000,0.000000,0.000000,0.000000,57.698101,20.499701,-14.700500,0.047771,-0.013570,0.015998,-15.666301,-52.738201,18.801300,-93.396698,0.129960,17.611099,-0.247421,-0.494559,-0.668880,0.496783,1393.614502,1537.067627,-3592.548096,1392.608032,1455.767090,-3595.470703,1408.390869,1577.293945,-3623.824707,1374.409546,1492.553101,-3548.632080,1399.049683,1622.656738,-3602.265137,1392.538086,1455.789062,-3595.440430,1408.493286,1577.330444,-3623.849609,1374.484741,1492.652832,-3548.700439,1398.936890,1622.487305,-3602.199463,2616.313965,1567.748779,-3159.714111,,,,,,,,,,,,,,,,,,,,,,,,,,,,,,,,,
1647,16.470000,0.000000,0.000000,0.000000,1.000000,0.000000,0.000000,0.000000,57.698101,20.499701,-14.700500,0.047771,-0.013570,0.015998,-15.666301,-52.738201,18.801300,-93.396698,0.129960,17.611099,-0.248358,-0.493718,-0.668808,0.497249,1392.467285,1537.022095,-3592.411865,1391.400635,1455.723267,-3595.360352,1407.188599,1577.250000,-3623.712158,1373.347046,1492.504517,-3548.462158,1397.932617,1622.611084,-3602.112305,1391.455078,1455.861206,-3595.322998,1407.074829,1577.171021,-3623.685059,1373.335938,1492.531494,-3548.547119,1398.002441,1622.526978,-3602.088135,2616.263672,1567.747437,-3159.716064,,,,,,,,,,,,,,,,,,,,,,,,,,,,,,,,,
1648,16.480000,0.000000,0.000000,0.000000,1.000000,0.000000,0.000000,0.000000,57.698101,20.499701,-14.700500,0.047771,-0.013570,0.015998,-15.666301,-52.738201,18.801300,-93.396698,0.129960,17.611099,-0.247891,-0.494067,-0.669394,0.496347,1391.301025,1536.996094,-3592.243896,1390.146851,1455.698853,-3595.205322,1406.136230,1577.210938,-3623.507324,1372.034912,1492.495117,-3548.341309,1396.886108,1622.579956,-3601.921875,1390.274048,1455.801514,-3595.137939,1405.889771,1577.181396,-3623.505859,1371.946411,1492.407715,-3548.399414,1397.088745,1622.595825,-3601.931152,2616.291260,1567.769409,-3159.712891,,,,,,,,,,,,,,,,,,,,,,,,,,,,,,,,,
1649,16.490000,0.000000,0.000000,0.000000,1.000000,0.000000,0.000000,0.000000,57.698101,20.499701,-14.700500,0.047771,-0.013570,0.015998,-15.666301,-52.738201,18.801300,-93.396698,0.129960,17.611099,-0.246577,-0.495502,-0.670180,0.494506,1390.078613,1536.961060,-3592.045898,1388.839844,1455.663086,-3594.952393,1405.131958,1577.133911,-3623.258789,1370.521118,1492.516968,-3548.214111,1395.821655,1622.530640,-3601.757568,1388.900879,1455.594360,-3594.917236,1405.048828,1577.350708,-3623.367676,1370.422363,1492.394653,-3548.138916,1395.927002,1622.521973,-3601.767578,2616.286621,1567.757935,-3159.719238,,,,,,,,,,,,,,,,,,,,,,,,,,,,,,,,,
1650,16.500000,0.000000,0.000000,0.000000,1.000000,0.000000,0.000000,0.000000,57.698101,20.499701,-14.700500,0.047771,-0.013570,0.015998,-15.666301,-52.738201,18.801300,-93.396698,0.129960,17.611099,-0.246704,-0.495607,-0.670185,0.494330,1388.905396,1536.930420,-3591.841797,1387.641357,1455.631836,-3594.720215,1403.974731,1577.087646,-3623.066895,1369.328979,1492.507812,-3547.997070,1394.676514,1622.494873,-3601.582520,1387.594360,1455.538208,-3594.728027,1404.116699,1577.356567,-3623.183594,1369.322876,1492.491699,-3547.904297,1394.607666,1622.374146,-3601.569580,2616.276367,1567.729858,-3159.710449,,,,,,,,,,,,,,,,,,,,,,,,,,,,,,,,,
1651,16.510000,0.000000,0.000000,0.000000,1.000000,0.000000,0.000000,0.000000,57.698101,20.499701,-14.700500,0.047771,-0.013570,0.015998,-15.666301,-52.738201,18.801300,-93.396698,0.129960,17.611099,-0.246148,-0.496233,-0.669338,0.495126,1387.815430,1536.977295,-3591.660400,1386.776611,1455.673462,-3594.479248,1402.778809,1577.152954,-3622.912842,1368.354858,1492.532959,-3547.786133,1393.351562,1622.550049,-3601.463623,1386.709839,1455.549194,-3594.535156,1402.974854,1577.312256,-3623.018066,1368.392700,1492.692627,-3547.713135,1393.189697,1622.357666,-3601.375977,2616.289307,1567.736572,-3159.708740,,,,,,,,,,,,,,,,,,,,,,,,,,,,,,,,,
1652,16.520000,0.000000,0.000000,0.000000,1.000000,0.000000,0.000000,0.000000,57.698101,20.499701,-14.700500,0.047771,-0.013570,0.015998,-15.666301,-52.738201,18.801300,-93.396698,0.129960,17.611099,-0.246252,-0.496105,-0.668606,0.496191,1386.681885,1537.000488,-3591.455566,1385.799561,1455.694458,-3594.261719,1401.512817,1577.201660,-3622.738281,1367.383423,1492.523682,-3547.542480,1392.031616,1622.582764,-3601.279053,1385.823730,1455.555664,-3594.340332,1401.542236,1577.170410,-3622.787598,1367.389038,1492.825073,-3547.531738,1391.969971,1622.483521,-3601.155029,2616.282715,1567.675903,-3159.717773,,,,,,,,,,,,,,,,,,,,,,,,,,,,,,,,,
1653,16.530000,0.000000,0.000000,0.000000,1.000000,0.000000,0.000000,0.000000,57.698101,20.499701,-14.700500,0.047771,-0.013570,0.015998,-15.666301,-52.738201,18.801300,-93.396698,0.129960,17.611099,-0.247080,-0.495459,-0.668362,0.496753,1385.512207,1537.047241,-3591.242432,1384.611206,1455.741577,-3594.052979,1400.273071,1577.248535,-3622.558350,1366.313965,1492.569824,-3547.286377,1390.850586,1622.629517,-3601.072510,1384.742798,1455.604858,-3594.137695,1400.112061,1577.120605,-3622.544189,1366.244263,1492.802734,-3547.289795,1390.941040,1622.665527,-3601.003418,2616.294922,1567.724243,-3159.728760,,,,,,,,,,,,,,,,,,,,,,,,,,,,,,,,,
1654,16.540000,0.000000,0.000000,0.000000,1.000000,0.000000,0.000000,0.000000,57.698101,20.499701,-14.700500,0.047771,-0.013570,0.015998,-15.666301,-52.738201,18.801300,-93.396698,0.129960,17.611099,-0.247159,-0.495376,-0.669125,0.495769,1384.294067,1537.068970,-3591.064209,1383.218018,1455.766235,-3593.900391,1399.179443,1577.247314,-3622.350586,1364.947021,1492.620483,-3547.144043,1389.831421,1622.642334,-3600.862061,1383.356201,1455.542480,-3593.984375,1399.040283,1577.240601,-3622.376953,1364.839111,1492.697632,-3547.057617,1389.957153,1622.779785,-3600.843750,2616.304199,1567.751587,-3159.753906,,,,,,,,,,,,,,,,,,,,,,,,,,,,,,,,,
1655,16.550000,0.000000,0.000000,0.000000,1.000000,0.000000,0.000000,0.000000,57.698101,20.499701,-14.700500,0.047771,-0.013570,0.015998,-15.666301,-52.738201,18.801300,-93.396698,0.129960,17.611099,-0.246685,-0.495794,-0.669539,0.495028,1382.902100,1537.013550,-3590.880615,1381.772705,1455.711426,-3593.715088,1397.878906,1577.179565,-3622.139160,1363.435669,1492.581177,-3546.996826,1388.521240,1622.582275,-3600.671387,1381.815186,1455.441772,-3593.781494,1397.900391,1577.325806,-3622.251953,1363.352295,1492.570190,-3546.836670,1388.542603,1622.689087,-3600.657715,2616.292969,1567.742432,-3159.764648,,,,,,,,,,,,,,,,,,,,,,,,,,,,,,,,,
1656,16.560000,0.000000,0.000000,0.000000,1.000000,0.000000,0.000000,0.000000,57.698101,20.499701,-14.700500,0.047771,-0.013570,0.015998,-15.666301,-52.738201,18.801300,-93.396698,0.129960,17.611099,-0.246000,-0.496228,-0.669502,0.494984,1381.609375,1537.002441,-3590.709473,1380.554688,1455.699585,-3593.548828,1396.593872,1577.182739,-3621.945801,1362.121338,1492.551270,-3546.854004,1387.167358,1622.576416,-3600.489258,1380.585083,1455.553711,-3593.589844,1396.645752,1577.375732,-3622.120361,1362.033691,1492.505981,-3546.684570,1387.172974,1622.587036,-3600.455322,2616.266602,1567.743530,-3159.794678,,,,,,,,,,,,,,,,,,,,,,,,,,,,,,,,,
1657,16.570000,0.000000,0.000000,0.000000,1.000000,0.000000,0.000000,0.000000,57.698101,20.499701,-14.700500,0.047771,-0.013570,0.015998,-15.666301,-52.738201,18.801300,-93.396698,0.129960,17.611099,-0.246680,-0.495200,-0.668713,0.496738,1380.522095,1537.024902,-3590.581299,1379.614258,1455.722168,-3593.480225,1395.301758,1577.258545,-3621.846436,1361.298828,1492.501709,-3546.682129,1385.873779,1622.617065,-3600.316162,1379.545410,1455.694824,-3593.464111,1395.456299,1577.388916,-3621.952637,1361.335083,1492.533813,-3546.663330,1385.758545,1622.484863,-3600.251709,2616.293945,1567.752441,-3159.797852,,,,,,,,,,,,,,,,,,,,,,,,,,,,,,,,,
1658,16.580000,0.000000,0.000000,0.000000,1.000000,0.000000,0.000000,0.000000,57.698101,20.499701,-14.700500,0.047771,-0.013570,0.015998,-15.666301,-52.738201,18.801300,-93.396698,0.129960,17.611099,-0.247622,-0.494279,-0.668104,0.498004,1379.312378,1536.950928,-3590.456543,1378.467651,1455.648438,-3593.377930,1393.938599,1577.208008,-3621.763916,1360.293457,1492.396484,-3546.500244,1384.549683,1622.551147,-3600.183838,1378.444824,1455.700562,-3593.319092,1393.937866,1577.184082,-3621.761963,1360.351562,1492.508667,-3546.636963,1384.518555,1622.412842,-3600.114502,2616.276855,1567.711914,-3159.797852,,,,,,,,,,,,,,,,,,,,,,,,,,,,,,,,,
1659,16.590000,0.000000,0.000000,0.000000,1.000000,0.000000,0.000000,0.000000,57.698101,20.499701,-14.700500,0.047771,-0.013570,0.015998,-15.666301,-52.738201,18.801300,-93.396698,0.129960,17.611099,-0.247515,-0.494163,-0.668279,0.497938,1378.133179,1536.901123,-3590.354736,1377.271606,1455.599976,-3593.308838,1392.773682,1577.167603,-3621.643311,1359.096802,1492.333008,-3546.419922,1383.390503,1622.504150,-3600.046631,1377.401733,1455.721436,-3593.286621,1392.523193,1577.071655,-3621.585938,1359.033691,1492.362915,-3546.496582,1383.562500,1622.440430,-3600.041260,2616.283691,1567.729126,-3159.809326,,,,,,,,,,,,,,,,,,,,,,,,,,,,,,,,,
1660,16.600000,0.000000,0.000000,0.000000,1.000000,0.000000,0.000000,0.000000,57.698101,20.499701,-14.700500,0.047771,-0.013570,0.015998,-15.666301,-52.738201,18.801300,-93.396698,0.129960,17.611099,-0.246495,-0.494815,-0.668896,0.496966,1376.821655,1536.819458,-3590.279297,1375.922485,1455.519653,-3593.258545,1391.588013,1577.085938,-3621.508545,1357.615479,1492.250488,-3546.419434,1382.160645,1622.421997,-3599.930420,1376.040161,1455.605469,-3593.288086,1391.445923,1577.114014,-3621.546387,1357.495972,1492.154907,-3546.327148,1382.301514,1622.401367,-3599.952393,2616.275879,1567.734131,-3159.818604,,,,,,,,,,,,,,,,,,,,,,,,,,,,,,,,,
1661,16.610000,0.000000,0.000000,0.000000,1.000000,0.000000,0.000000,0.000000,57.698101,20.499701,-14.700500,0.047771,-0.013570,0.015998,-15.666301,-52.738201,18.801300,-93.396698,0.129960,17.611099,-0.245541,-0.495900,-0.669112,0.496067,1375.429321,1536.755493,-3590.185791,1374.544922,1455.453369,-3593.108643,1390.297729,1577.000000,-3621.395020,1356.078857,1492.217407,-3546.357910,1380.795410,1622.351196,-3599.881836,1374.559326,1455.388550,-3593.181152,1390.392456,1577.169556,-3621.548340,1355.997559,1492.154297,-3546.142822,1380.770630,1622.323608,-3599.865967,2616.289795,1567.762573,-3159.829590,,,,,,,,,,,,,,,,,,,,,,,,,,,,,,,,,
1662,16.620000,0.000000,0.000000,0.000000,1.000000,0.000000,0.000000,0.000000,57.698101,20.499701,-14.700500,0.047771,-0.013570,0.015998,-15.666301,-52.738201,18.801300,-93.396698,0.129960,17.611099,-0.246263,-0.495070,-0.668687,0.497109,1374.097290,1536.738037,-3590.141357,1373.260376,1455.436768,-3593.100830,1388.843262,1577.008057,-3621.375732,1354.910767,1492.165405,-3546.276367,1379.374878,1622.342285,-3599.812012,1373.161133,1455.295898,-3593.150391,1389.103638,1577.158936,-3621.511963,1354.956177,1492.256226,-3546.182129,1379.186646,1622.250488,-3599.734619,2616.315918,1567.730713,-3159.815186,,,,,,,,,,,,,,,,,,,,,,,,,,,,,,,,,
1663,16.630000,0.000000,0.000000,0.000000,1.000000,0.000000,0.000000,0.000000,57.698101,20.499701,-14.700500,0.047771,-0.013570,0.015998,-15.666301,-52.738201,18.801300,-93.396698,0.129960,17.611099,-0.245650,-0.495170,-0.667826,0.498469,1372.891113,1536.771240,-3590.138428,1372.322388,1455.468628,-3593.121338,1387.476196,1577.099243,-3621.373535,1353.890381,1492.122314,-3546.270264,1377.875244,1622.395386,-3599.788330,1372.324829,1455.295410,-3593.162598,1387.530273,1577.109009,-3621.458252,1353.898926,1492.345825,-3546.263916,1377.808105,1622.343262,-3599.665527,2616.318359,1567.753540,-3159.810547,,,,,,,,,,,,,,,,,,,,,,,,,,,,,,,,,
1664,16.640000,0.000000,0.000000,0.000000,1.000000,0.000000,0.000000,0.000000,57.698101,20.499701,-14.700500,0.047771,-0.013570,0.015998,-15.666301,-52.738201,18.801300,-93.396698,0.129960,17.611099,-0.246636,-0.494210,-0.667351,0.499570,1371.730957,1536.798584,-3590.105225,1371.191895,1455.496826,-3593.115967,1386.183594,1577.145264,-3621.377930,1352.910278,1492.123901,-3546.185791,1376.637817,1622.428711,-3599.741455,1371.307373,1455.305664,-3593.140869,1385.993896,1577.049927,-3621.327393,1352.868286,1492.360718,-3546.274902,1376.745972,1622.481812,-3599.684570,2616.282227,1567.736938,-3159.813477,,,,,,,,,,,,,,,,,,,,,,,,,,,,,,,,,
1665,16.650000,0.000000,0.000000,0.000000,1.000000,0.000000,0.000000,0.000000,57.698101,20.499701,-14.700500,0.047771,-0.013570,0.015998,-15.666301,-52.738201,18.801300,-93.396698,0.129960,17.611099,-0.246283,-0.494487,-0.667621,0.499109,1370.544556,1536.794189,-3590.094971,1369.977173,1455.492676,-3593.108398,1385.055054,1577.135742,-3621.347412,1351.647461,1492.126099,-3546.201660,1375.498535,1622.422607,-3599.722656,1370.112183,1455.342285,-3593.140869,1384.861938,1577.093872,-3621.341553,1351.563965,1492.234497,-3546.208496,1375.641357,1622.498169,-3599.690430,2616.337891,1567.763794,-3159.796875,,,,,,,,,,,,,,,,,,,,,,,,,,,,,,,,,
1666,16.660000,0.000000,0.000000,0.000000,1.000000,0.000000,0.000000,0.000000,57.698101,20.499701,-14.700500,0.047771,-0.013570,0.015998,-15.666301,-52.738201,18.801300,-93.396698,0.129960,17.611099,-0.245395,-0.495028,-0.667897,0.498641,1369.191772,1536.694214,-3590.103027,1368.651123,1455.393066,-3593.134521,1383.765137,1577.045654,-3621.313232,1350.203613,1492.012329,-3546.262939,1374.147217,1622.325684,-3599.701660,1368.733765,1455.248657,-3593.207764,1383.722046,1577.143799,-3621.399658,1350.105103,1492.036011,-3546.124756,1374.202637,1622.342651,-3599.680176,2616.332520,1567.781006,-3159.784180,,,,,,,,,,,,,,,,,,,,,,,,,,,,,,,,,
1667,16.670000,0.000000,0.000000,0.000000,1.000000,0.000000,0.000000,0.000000,57.698101,20.499701,-14.700500,0.047771,-0.013570,0.015998,-15.666301,-52.738201,18.801300,-93.396698,0.129960,17.611099,-0.245676,-0.494762,-0.668450,0.498024,1367.780151,1536.539185,-3590.099854,1367.095093,1455.240234,-3593.157471,1382.433228,1576.874634,-3621.293457,1348.701538,1491.877319,-3546.278564,1372.890869,1622.164795,-3599.669678,1367.099609,1455.047119,-3593.196777,1382.534546,1577.108398,-3621.489502,1348.635132,1491.850708,-3546.111328,1372.864258,1622.169556,-3599.625488,2616.267090,1567.779419,-3159.788574,,,,,,,,,,,,,,,,,,,,,,,,,,,,,,,,,
1668,16.680000,0.000000,0.000000,0.000000,1.000000,0.000000,0.000000,0.000000,57.698101,20.499701,-14.700500,0.047771,-0.013570,0.015998,-15.666301,-52.738201,18.801300,-93.396698,0.129960,17.611099,-0.245048,-0.495222,-0.668331,0.498037,1366.537231,1536.423584,-3590.073242,1365.935913,1455.123657,-3593.123535,1381.188599,1576.770264,-3621.253174,1347.448975,1491.747437,-3546.270752,1371.575317,1622.053101,-3599.645508,1365.883911,1455.062622,-3593.136963,1381.369751,1576.974854,-3621.423096,1347.445190,1491.732056,-3546.164551,1371.474243,1621.953003,-3599.591553,2616.284180,1567.802979,-3159.779053,,,,,,,,,,,,,,,,,,,,,,,,,,,,,,,,,
1669,16.690000,0.000000,0.000000,0.000000,1.000000,0.000000,0.000000,0.000000,57.698101,20.499701,-14.700500,0.047771,-0.013570,0.015998,-15.666301,-52.738201,18.801300,-93.396698,0.129960,17.611099,-0.246796,-0.493621,-0.667512,0.499858,1365.392578,1536.294556,-3590.087158,1364.832153,1454.995728,-3593.172852,1379.822876,1576.666992,-3621.336914,1346.606079,1491.583496,-3546.189941,1370.309082,1621.932495,-3599.648682,1364.792236,1455.011475,-3593.144775,1379.872314,1576.659180,-3621.349365,1346.665771,1491.699463,-3546.274414,1370.238892,1621.807861,-3599.581543,2616.312012,1567.759521,-3159.758789,,,,,,,,,,,,,,,,,,,,,,,,,,,,,,,,,
1670,16.700000,0.000000,0.000000,0.000000,1.000000,0.000000,0.000000,0.000000,57.698101,20.499701,-14.700500,0.047771,-0.013570,0.015998,-15.666301,-52.738201,18.801300,-93.396698,0.129960,17.611099,-0.247947,-0.492499,-0.667550,0.500344,1364.252686,1536.189087,-3590.062256,1363.594727,1454.892700,-3593.196533,1378.629028,1576.565552,-3621.331543,1345.554932,1491.470703,-3546.134521,1369.231934,1621.827637,-3599.585693,1363.668579,1454.974976,-3593.140381,1378.438965,1576.491333,-3621.257080,1345.540039,1491.527588,-3546.272461,1369.350830,1621.757568,-3599.576660,2616.291504,1567.736328,-3159.722412,,,,,,,,,,,,,,,,,,,,,,,,,,,,,,,,,
1671,16.710000,0.000000,0.000000,0.000000,1.000000,0.000000,0.000000,0.000000,57.698101,20.499701,-14.700500,0.047771,-0.013570,0.015998,-15.666301,-52.738201,18.801300,-93.396698,0.129960,17.611099,-0.246788,-0.493421,-0.667718,0.499784,1363.134644,1536.049072,-3590.022461,1362.541992,1454.751831,-3593.144287,1377.580444,1576.429565,-3621.254639,1344.331177,1491.326050,-3546.145020,1368.084961,1621.689331,-3599.546387,1362.641846,1454.865234,-3593.112793,1377.398682,1576.376709,-3621.235596,1344.273438,1491.304565,-3546.193115,1368.222656,1621.650635,-3599.544922,2616.290527,1567.728394,-3159.720703,,,,,,,,,,,,,,,,,,,,,,,,,,,,,,,,,
1672,16.720000,0.000000,0.000000,0.000000,1.000000,0.000000,0.000000,0.000000,57.698101,20.499701,-14.700500,0.047771,-0.013570,0.015998,-15.666301,-52.738201,18.801300,-93.396698,0.129960,17.611099,-0.245283,-0.494787,-0.668342,0.498339,1361.823242,1535.804077,-3589.952637,1361.214478,1454.505737,-3593.043457,1376.444214,1576.165771,-3621.127441,1342.778198,1491.106689,-3546.153076,1366.855713,1621.438232,-3599.486816,1361.237305,1454.529297,-3593.059326,1376.467041,1576.294189,-3621.239014,1342.717529,1491.037964,-3546.045898,1366.868408,1621.360107,-3599.469482,2616.300537,1567.747559,-3159.715820,,,,,,,,,,,,,,,,,,,,,,,,,,,,,,,,,
1673,16.730000,0.000000,0.000000,0.000000,1.000000,0.000000,0.000000,0.000000,57.698101,20.499701,-14.700500,0.047771,-0.013570,0.015998,-15.666301,-52.738201,18.801300,-93.396698,0.129960,17.611099,-0.245108,-0.494981,-0.668546,0.497958,1360.411133,1535.627441,-3589.872803,1359.769043,1454.329224,-3592.958496,1375.078491,1575.980591,-3621.037109,1341.306641,1490.941650,-3546.087158,1365.490601,1621.258911,-3599.408447,1359.728149,1454.236816,-3593.029541,1375.276123,1576.168701,-3621.205811,1341.287842,1490.967407,-3545.917969,1365.375244,1621.161255,-3599.352783,2616.292725,1567.752930,-3159.709473,,,,,,,,,,,,,,,,,,,,,,,,,,,,,,,,,
1674,16.740000,0.000000,0.000000,0.000000,1.000000,0.000000,0.000000,0.000000,57.698101,20.499701,-14.700500,0.047771,-0.013570,0.015998,-15.666301,-52.738201,18.801300,-93.396698,0.129960,17.611099,-0.245754,-0.494402,-0.668108,0.498803,1359.172363,1535.515381,-3589.769043,1358.574707,1454.217041,-3592.862305,1373.735962,1575.881348,-3620.965332,1340.205688,1490.812378,-3545.941162,1364.172974,1621.151123,-3599.307617,1358.536377,1454.098511,-3592.892578,1373.861572,1575.941772,-3621.072998,1340.233154,1490.973511,-3545.913818,1364.058350,1621.050537,-3599.194580,2616.289307,1567.750732,-3159.710205,,,,,,,,,,,,,,,,,,,,,,,,,,,,,,,,,
1675,16.750000,0.000000,0.000000,0.000000,1.000000,0.000000,0.000000,0.000000,57.698101,20.499701,-14.700500,0.047771,-0.013570,0.015998,-15.666301,-52.738201,18.801300,-93.396698,0.129960,17.611099,-0.246305,-0.493920,-0.667612,0.499671,1358.064697,1535.406616,-3589.673096,1357.530884,1454.107910,-3592.767578,1372.520630,1575.786133,-3620.901611,1339.238770,1490.685791,-3545.802490,1362.968384,1621.046753,-3599.220459,1357.652832,1453.966675,-3592.803467,1372.345703,1575.661499,-3620.896240,1339.183472,1490.922607,-3545.866455,1363.066650,1621.083618,-3599.131836,2616.294434,1567.748779,-3159.702393,,,,,,,,,,,,,,,,,,,,,,,,,,,,,,,,,
1676,16.760000,0.000000,0.000000,0.000000,1.000000,0.000000,0.000000,0.000000,57.698101,20.499701,-14.700500,0.047771,-0.013570,0.015998,-15.666301,-52.738201,18.801300,-93.396698,0.129960,17.611099,-0.246582,-0.493543,-0.667763,0.499704,1356.953857,1535.306763,-3589.560303,1356.371826,1454.009644,-3592.686279,1371.410767,1575.690552,-3620.783203,1338.133545,1490.579468,-3545.694092,1361.899292,1620.947998,-3599.077393,1356.486084,1453.793823,-3592.713379,1371.232666,1575.617798,-3620.739990,1338.085571,1490.776001,-3545.757568,1362.010132,1621.031250,-3599.033447,2616.271729,1567.760498,-3159.714355,,,,,,,,,,,,,,,,,,,,,,,,,,,,,,,,,
1677,16.770000,0.000000,0.000000,0.000000,1.000000,0.000000,0.000000,0.000000,57.698101,20.499701,-14.700500,0.047771,-0.013570,0.015998,-15.666301,-52.738201,18.801300,-93.396698,0.129960,17.611099,-0.245349,-0.494366,-0.668175,0.498948,1355.643677,1535.156494,-3589.429443,1355.088745,1453.859741,-3592.570801,1370.198975,1575.548340,-3620.595947,1336.682617,1490.417969,-3545.635254,1360.604248,1620.800293,-3598.915283,1355.182495,1453.633667,-3592.617432,1370.109375,1575.591797,-3620.635986,1336.607422,1490.491455,-3545.579834,1360.685303,1620.885864,-3598.887939,2616.241943,1567.726807,-3159.726562,,,,,,,,,,,,,,,,,,,,,,,,,,,,,,,,,
1678,16.780000,0.000000,0.000000,0.000000,1.000000,0.000000,0.000000,0.000000,57.698101,20.499701,-14.700500,0.047771,-0.013570,0.015998,-15.666301,-52.738201,18.801300,-93.396698,0.129960,17.611099,-0.245388,-0.494434,-0.668678,0.498185,1354.205933,1534.921875,-3589.269043,1353.530029,1453.625977,-3592.410400,1368.854614,1575.291138,-3620.420898,1335.131958,1490.212769,-3545.493896,1359.307007,1620.557861,-3598.750488,1353.533447,1453.293579,-3592.475098,1368.930664,1575.471802,-3620.536865,1335.081177,1490.230835,-3545.348389,1359.284302,1620.652710,-3598.730713,2616.286621,1567.750854,-3159.733887,,,,,,,,,,,,,,,,,,,,,,,,,,,,,,,,,
1679,16.790000,0.000000,0.000000,0.000000,1.000000,0.000000,0.000000,0.000000,57.698101,20.499701,-14.700500,0.047771,-0.013570,0.015998,-15.666301,-52.738201,18.801300,-93.396698,0.129960,17.611099,-0.245014,-0.494650,-0.668705,0.498120,1352.930176,1534.743896,-3589.123535,1352.286255,1453.447998,-3592.271729,1367.588989,1575.120972,-3620.260742,1333.837646,1490.024414,-3545.366943,1358.007935,1620.382568,-3598.594238,1352.247314,1453.239136,-3592.329102,1367.758057,1575.363525,-3620.420166,1333.808350,1490.022339,-3545.201660,1357.930298,1620.370728,-3598.565674,2616.274902,1567.735840,-3159.743652,,,,,,,,,,,,,,,,,,,,,,,,,,,,,,,,,
1680,16.800000,0.000000,0.000000,0.000000,1.000000,0.000000,0.000000,0.000000,57.698101,20.499701,-14.700500,0.047771,-0.013570,0.015998,-15.666301,-52.738201,18.801300,-93.396698,0.129960,17.611099,-0.246915,-0.493038,-0.667959,0.499778,1351.764160,1534.623291,-3589.015869,1351.124390,1453.328247,-3592.187744,1366.219360,1575.014893,-3620.229248,1332.954346,1489.883545,-3545.157959,1356.758667,1620.266602,-3598.488770,1351.124756,1453.233398,-3592.201660,1366.233154,1575.015137,-3620.250732,1332.974365,1490.050293,-3545.194092,1356.724487,1620.204346,-3598.418213,2616.259521,1567.748291,-3159.762939,,,,,,,,,,,,,,,,,,,,,,,,,,,,,,,,,
1681,16.810000,0.000000,0.000000,0.000000,1.000000,0.000000,0.000000,0.000000,57.698101,20.499701,-14.700500,0.047771,-0.013570,0.015998,-15.666301,-52.738201,18.801300,-93.396698,0.129960,17.611099,-0.248070,-0.492249,-0.668224,0.499629,1350.609985,1534.496704,-3588.862061,1349.801636,1453.203491,-3592.039307,1365.081543,1574.862183,-3620.101807,1331.801025,1489.790649,-3544.969238,1355.755737,1620.130615,-3598.338135,1349.923096,1453.217896,-3591.986084,1364.813477,1574.752197,-3620.053955,1331.747559,1489.862305,-3545.101074,1355.931519,1620.144165,-3598.303711,2616.269043,1567.733398,-3159.776855,,,,,,,,,,,,,,,,,,,,,,,,,,,,,,,,,
1682,16.820000,0.000000,0.000000,0.000000,1.000000,0.000000,0.000000,0.000000,57.698101,20.499701,-14.700500,0.047771,-0.013570,0.015998,-15.666301,-52.738201,18.801300,-93.396698,0.129960,17.611099,-0.246404,-0.493591,-0.668628,0.498588,1349.357300,1534.356567,-3588.703857,1348.605591,1453.062134,-3591.864746,1363.957764,1574.721924,-3619.883545,1330.360962,1489.651855,-3544.890625,1354.504639,1619.990845,-3598.176270,1348.704346,1453.128662,-3591.827637,1363.804443,1574.789062,-3619.939697,1330.270874,1489.576416,-3544.881104,1354.647339,1619.934082,-3598.168945,2616.263428,1567.761719,-3159.805664,,,,,,,,,,,,,,,,,,,,,,,,,,,,,,,,,
1683,16.830000,0.000000,0.000000,0.000000,1.000000,0.000000,0.000000,0.000000,57.698101,20.499701,-14.700500,0.047771,-0.013570,0.015998,-15.666301,-52.738201,18.801300,-93.396698,0.129960,17.611099,-0.244897,-0.494830,-0.669035,0.497555,1347.949829,1534.126343,-3588.540527,1347.237671,1452.830933,-3591.683350,1362.677002,1574.488159,-3619.665283,1328.771851,1489.427124,-3544.801025,1353.112793,1619.759766,-3598.012207,1347.229736,1452.845825,-3591.673340,1362.759033,1574.724243,-3619.826172,1328.707031,1489.243530,-3544.650879,1353.109253,1619.707153,-3598.018066,2616.280518,1567.729126,-3159.808350,,,,,,,,,,,,,,,,,,,,,,,,,,,,,,,,,
1684,16.840000,0.000000,0.000000,0.000000,1.000000,0.000000,0.000000,0.000000,57.698101,20.499701,-14.700500,0.047771,-0.013570,0.015998,-15.666301,-52.738201,18.801300,-93.396698,0.129960,17.611099,-0.245393,-0.494784,-0.668855,0.497598,1346.540161,1533.942627,-3588.384277,1345.802856,1452.645386,-3591.478760,1361.252441,1574.281982,-3619.545166,1327.386475,1489.274292,-3544.602295,1351.718872,1619.568970,-3597.910889,1345.732056,1452.589478,-3591.501465,1361.461182,1574.552490,-3619.677246,1327.393555,1489.241089,-3544.479980,1351.604492,1619.425903,-3597.898438,2616.257324,1567.756592,-3159.818604,,,,,,,,,,,,,,,,,,,,,,,,,,,,,,,,,
1685,16.850000,0.000000,0.000000,0.000000,1.000000,0.000000,0.000000,0.000000,57.698101,20.499701,-14.700500,0.047771,-0.013570,0.015998,-15.666301,-52.738201,18.801300,-93.396698,0.129960,17.611099,-0.247100,-0.493663,-0.667892,0.499158,1345.265869,1533.870850,-3588.298340,1344.577393,1452.571899,-3591.357422,1359.776489,1574.209839,-3619.553955,1326.385620,1489.204224,-3544.396240,1350.323853,1619.497681,-3597.885498,1344.558838,1452.528198,-3591.377686,1359.824707,1574.263184,-3619.571777,1326.408569,1489.320312,-3544.397949,1350.269043,1619.369263,-3597.842773,2616.288818,1567.743042,-3159.823486,,,,,,,,,,,,,,,,,,,,,,,,,,,,,,,,,
1686,16.860000,0.000000,0.000000,0.000000,1.000000,0.000000,0.000000,0.000000,57.698101,20.499701,-14.700500,0.047771,-0.013570,0.015998,-15.666301,-52.738201,18.801300,-93.396698,0.129960,17.611099,-0.247481,-0.493440,-0.667114,0.500228,1344.088623,1533.830322,-3588.223389,1343.533447,1452.529297,-3591.255127,1358.462036,1574.184082,-3619.523193,1325.380737,1489.145386,-3544.265869,1348.978516,1619.462524,-3597.849121,1343.619385,1452.548096,-3591.265869,1358.308105,1574.062866,-3619.486084,1325.352173,1489.300903,-3544.348877,1349.061035,1619.408691,-3597.794678,2616.281738,1567.752197,-3159.824951,,,,,,,,,,,,,,,,,,,,,,,,,,,,,,,,,
1687,16.870000,0.000000,0.000000,0.000000,1.000000,0.000000,0.000000,0.000000,57.698101,20.499701,-14.700500,0.047771,-0.013570,0.015998,-15.666301,-52.738201,18.801300,-93.396698,0.129960,17.611099,-0.246283,-0.494546,-0.667235,0.499566,1342.832886,1533.752808,-3588.151123,1342.346924,1452.450073,-3591.145020,1357.283936,1574.101807,-3619.421387,1324.007202,1489.075684,-3544.236084,1347.693604,1619.383911,-3597.802002,1342.457031,1452.403687,-3591.148682,1357.125610,1574.013550,-3619.462891,1323.944092,1489.204956,-3544.283203,1347.796753,1619.388184,-3597.712402,2616.281494,1567.753662,-3159.831787,,,,,,,,,,,,,,,,,,,,,,,,,,,,,,,,,
1688,16.880000,0.000000,0.000000,0.000000,1.000000,0.000000,0.000000,0.000000,57.698101,20.499701,-14.700500,0.047771,-0.013570,0.015998,-15.666301,-52.738201,18.801300,-93.396698,0.129960,17.611099,-0.244166,-0.496285,-0.667437,0.498610,1341.323853,1533.572388,-3588.052490,1340.974365,1452.267700,-3591.010010,1355.890625,1573.927979,-3619.260498,1322.317871,1488.888428,-3544.222412,1346.112549,1619.206055,-3597.716797,1341.040039,1452.142822,-3591.045654,1355.874756,1574.022705,-3619.409180,1322.225098,1488.879517,-3544.100098,1346.151978,1619.244385,-3597.660889,2616.334717,1567.728027,-3159.816650,,,,,,,,,,,,,,,,,,,,,,,,,,,,,,,,,
1689,16.890000,0.000000,0.000000,0.000000,1.000000,0.000000,0.000000,0.000000,57.698101,20.499701,-14.700500,0.047771,-0.013570,0.015998,-15.666301,-52.738201,18.801300,-93.396698,0.129960,17.611099,-0.244366,-0.496154,-0.667177,0.498990,1339.773438,1533.391113,-3587.935547,1339.462036,1452.085815,-3590.885010,1354.291626,1573.750977,-3619.160645,1320.829468,1488.701782,-3544.083740,1344.510376,1619.026123,-3597.612305,1339.453003,1451.859985,-3590.969971,1354.426514,1573.949829,-3619.318604,1320.775024,1488.707520,-3543.886719,1344.453247,1619.048828,-3597.581787,2616.316406,1567.708008,-3159.796631,,,,,,,,,,,,,,,,,,,,,,,,,,,,,,,,,
1690,16.900000,0.000000,0.000000,0.000000,1.000000,0.000000,0.000000,0.000000,57.698101,20.499701,-14.700500,0.047771,-0.013570,0.015998,-15.666301,-52.738201,18.801300,-93.396698,0.129960,17.611099,-0.245255,-0.495377,-0.666287,0.500513,1338.492065,1533.288696,-3587.855713,1338.304321,1451.983154,-3590.805176,1352.821167,1573.672729,-3619.136719,1319.793823,1488.567749,-3543.930908,1343.048828,1618.931641,-3597.550049,1338.347046,1451.690552,-3590.877686,1352.826294,1573.770996,-3619.200684,1319.752441,1488.720703,-3543.856201,1343.046509,1618.937988,-3597.498291,2616.336914,1567.708984,-3159.790039,,,,,,,,,,,,,,,,,,,,,,,,,,,,,,,,,
1691,16.910000,0.000000,0.000000,0.000000,1.000000,0.000000,0.000000,0.000000,57.698101,20.499701,-14.700500,0.047771,-0.013570,0.015998,-15.666301,-52.738201,18.801300,-93.396698,0.129960,17.611099,-0.247292,-0.493818,-0.665876,0.501596,1337.314819,1533.179077,-3587.820312,1337.035034,1451.874146,-3590.781494,1351.507690,1573.554932,-3619.174072,1318.819214,1488.468140,-3543.799561,1341.897339,1618.819214,-3597.526123,1337.168701,1451.642822,-3590.806396,1351.297729,1573.512573,-3619.126465,1318.752319,1488.624146,-3543.845459,1342.042847,1618.920410,-3597.501953,2616.328857,1567.733765,-3159.784668,,,,,,,,,,,,,,,,,,,,,,,,,,,,,,,,,
1692,16.920000,0.000000,0.000000,0.000000,1.000000,0.000000,0.000000,0.000000,57.698101,20.499701,-14.700500,0.047771,-0.013570,0.015998,-15.666301,-52.738201,18.801300,-93.396698,0.129960,17.611099,-0.247080,-0.493828,-0.665558,0.502114,1336.039062,1532.983521,-3587.775879,1335.857666,1451.678711,-3590.748535,1350.170776,1573.381226,-3619.129150,1317.614502,1488.243774,-3543.754639,1340.513184,1618.630615,-3597.471191,1335.928833,1451.540649,-3590.735352,1350.064331,1573.419678,-3619.151855,1317.570557,1488.320923,-3543.781494,1340.593994,1618.646851,-3597.434570,2616.299072,1567.709351,-3159.776367,,,,,,,,,,,,,,,,,,,,,,,,,,,,,,,,,
1693,16.930000,0.000000,0.000000,0.000000,1.000000,0.000000,0.000000,0.000000,57.698101,20.499701,-14.700500,0.047771,-0.013570,0.015998,-15.666301,-52.738201,18.801300,-93.396698,0.129960,17.611099,-0.245020,-0.495378,-0.665815,0.501255,1334.663452,1532.677002,-3587.725586,1334.611450,1451.371582,-3590.685303,1348.903931,1573.089478,-3619.010742,1316.069702,1487.918579,-3543.794678,1339.068970,1618.328857,-3597.411621,1334.659790,1451.366943,-3590.699707,1348.880249,1573.188721,-3619.118164,1316.000610,1487.893555,-3543.712646,1339.109009,1618.264038,-3597.375488,2616.328613,1567.734253,-3159.759033,,,,,,,,,,,,,,,,,,,,,,,,,,,,,,,,,
1694,16.940000,0.000000,0.000000,0.000000,1.000000,0.000000,0.000000,0.000000,57.698101,20.499701,-14.700500,0.047771,-0.013570,0.015998,-15.666301,-52.738201,18.801300,-93.396698,0.129960,17.611099,-0.244409,-0.495965,-0.666276,0.500359,1333.162964,1532.305054,-3587.637939,1333.056274,1450.999146,-3590.585449,1347.512817,1572.701660,-3618.893311,1314.424683,1487.567505,-3543.747070,1337.658203,1617.951904,-3597.325684,1333.003174,1450.939209,-3590.598877,1347.700806,1572.954346,-3619.069824,1314.411743,1487.506470,-3543.611816,1337.567627,1617.860840,-3597.295166,2616.313477,1567.724365,-3159.754883,,,,,,,,,,,,,,,,,,,,,,,,,,,,,,,,,
1695,16.950000,0.000000,0.000000,0.000000,1.000000,0.000000,0.000000,0.000000,57.698101,20.499701,-14.700500,0.047771,-0.013570,0.015998,-15.666301,-52.738201,18.801300,-93.396698,0.129960,17.611099,-0.246496,-0.494172,-0.665629,0.501968,1331.859131,1531.964233,-3587.589600,1331.720703,1450.659668,-3590.572510,1346.012085,1572.372681,-3618.919434,1313.398926,1487.210083,-3543.597900,1336.304688,1617.614624,-3597.268066,1331.733643,1450.700195,-3590.575439,1346.008667,1572.415771,-3618.953857,1313.380249,1487.200195,-3543.573975,1336.314331,1617.539307,-3597.255371,2616.326416,1567.756226,-3159.737305,,,,,,,,,,,,,,,,,,,,,,,,,,,,,,,,,
1696,16.960000,0.000000,0.000000,0.000000,1.000000,0.000000,0.000000,0.000000,57.698101,20.499701,-14.700500,0.047771,-0.013570,0.015998,-15.666301,-52.738201,18.801300,-93.396698,0.129960,17.611099,-0.248614,-0.492133,-0.664890,0.503902,1330.687256,1531.693481,-3587.547607,1330.545044,1450.391357,-3590.595459,1344.607422,1572.130493,-3618.944824,1312.551392,1486.899658,-3543.461670,1335.045166,1617.352783,-3597.188232,1330.635010,1450.453125,-3590.564453,1344.386963,1572.016602,-3618.841553,1312.525879,1486.979004,-3543.588379,1335.178589,1617.313354,-3597.187256,2616.314453,1567.735962,-3159.732910,,,,,,,,,,,,,,,,,,,,,,,,,,,,,,,,,
1697,16.970000,0.000000,0.000000,0.000000,1.000000,0.000000,0.000000,0.000000,57.698101,20.499701,-14.700500,0.047771,-0.013570,0.015998,-15.666301,-52.738201,18.801300,-93.396698,0.129960,17.611099,-0.247462,-0.492600,-0.665030,0.503829,1329.401001,1531.307129,-3587.509033,1329.357056,1450.006836,-3590.609375,1343.342773,1571.779907,-3618.850586,1311.221191,1486.464478,-3543.490723,1333.682861,1616.977417,-3597.085205,1329.374634,1450.124634,-3590.585205,1343.302856,1571.807617,-3618.844238,1311.218384,1486.480469,-3543.529053,1333.712158,1616.805664,-3597.074707,2616.301758,1567.718872,-3159.712646,,,,,,,,,,,,,,,,,,,,,,,,,,,,,,,,,
1698,16.980000,0.000000,0.000000,0.000000,1.000000,0.000000,0.000000,0.000000,57.698101,20.499701,-14.700500,0.047771,-0.013570,0.015998,-15.666301,-52.738201,18.801300,-93.396698,0.129960,17.611099,-0.244450,-0.494555,-0.665322,0.502997,1328.011963,1530.843628,-3587.436279,1328.195557,1449.544556,-3590.561279,1342.068481,1571.361694,-3618.667725,1309.640747,1485.941040,-3543.558838,1332.143066,1616.527588,-3596.956787,1328.178345,1449.707153,-3590.564697,1342.184692,1571.538818,-3618.856201,1309.599976,1485.830078,-3543.430420,1332.092041,1616.299194,-3596.906250,2616.303711,1567.713379,-3159.709961,,,,,,,,,,,,,,,,,,,,,,,,,,,,,,,,,
1699,16.990000,0.000000,0.000000,0.000000,1.000000,0.000000,0.000000,0.000000,57.698101,20.499701,-14.700500,0.047771,-0.013570,0.015998,-15.666301,-52.738201,18.801300,-93.396698,0.129960,17.611099,-0.244809,-0.493752,-0.665598,0.503246,1326.489380,1530.376343,-3587.347412,1326.612183,1449.080566,-3590.562500,1340.530151,1570.919067,-3618.554199,1308.148438,1485.438110,-3543.493896,1330.666504,1616.067871,-3596.779297,1326.580933,1449.069946,-3590.576660,1340.692017,1571.116699,-3618.763672,1308.117188,1485.364380,-3543.349365,1330.591187,1615.980225,-3596.723633,2616.286377,1567.744263,-3159.711182,,,,,,,,,,,,,,,,,,,,,,,,,,,,,,,,,
1700,17.000000,0.000000,0.000000,0.000000,1.000000,0.000000,0.000000,0.000000,57.698101,20.499701,-14.700500,0.047771,-0.013570,0.015998,-15.666301,-52.738201,18.801300,-93.396698,0.129960,17.611099,-0.248192,-0.490442,-0.665192,0.505358,1325.147095,1529.936157,-3587.323975,1325.095215,1448.645874,-3590.672119,1338.942505,1570.505737,-3618.605225,1307.172119,1484.957764,-3543.360107,1329.378784,1615.635742,-3596.658203,1325.116821,1448.557373,-3590.637207,1338.880615,1570.477783,-3618.591553,1307.173096,1485.004517,-3543.428711,1329.418335,1615.704468,-3596.637695,2616.253906,1567.770142,-3159.729248,,,,,,,,,,,,,,,,,,,,,,,,,,,,,,,,,
1701,17.010000,0.000000,0.000000,0.000000,1.000000,0.000000,0.000000,0.000000,57.698101,20.499701,-14.700500,0.047771,-0.013570,0.015998,-15.666301,-52.738201,18.801300,-93.396698,0.129960,17.611099,-0.248034,-0.489874,-0.665020,0.506212,1324.077759,1529.591919,-3587.339355,1324.117676,1448.305542,-3590.782715,1337.784790,1570.214233,-3618.590820,1306.212524,1484.540894,-3543.405029,1328.195923,1615.307251,-3596.578857,1324.164673,1448.305176,-3590.756592,1337.679077,1570.088013,-3618.568359,1306.200684,1484.585449,-3543.484863,1328.259033,1615.382568,-3596.546631,2616.297363,1567.736206,-3159.705322,,,,,,,,,,,,,,,,,,,,,,,,,,,,,,,,,
1702,17.020000,0.000000,0.000000,0.000000,1.000000,0.000000,0.000000,0.000000,57.698101,20.499701,-14.700500,0.047771,-0.013570,0.015998,-15.666301,-52.738201,18.801300,-93.396698,0.129960,17.611099,-0.246221,-0.490679,-0.664613,0.506852,1322.817261,1529.108032,-3587.326416,1323.144897,1447.824585,-3590.825195,1336.459229,1569.798828,-3618.517334,1305.001831,1483.965576,-3543.465820,1326.662720,1614.843384,-3596.497803,1323.146240,1447.856812,-3590.825439,1336.492554,1569.749390,-3618.596680,1305.009888,1484.064087,-3543.488037,1326.618652,1614.757935,-3596.392822,2616.277588,1567.761353,-3159.716064,,,,,,,,,,,,,,,,,,,,,,,,,,,,,,,,,
1703,17.030000,0.000000,0.000000,0.000000,1.000000,0.000000,0.000000,0.000000,57.698101,20.499701,-14.700500,0.047771,-0.013570,0.015998,-15.666301,-52.738201,18.801300,-93.396698,0.129960,17.611099,-0.244582,-0.491055,-0.665031,0.506732,1321.399902,1528.523682,-3587.262939,1321.836182,1447.246094,-3590.883301,1335.082520,1569.277954,-3618.352539,1303.513062,1483.293457,-3543.522217,1325.167847,1614.277344,-3596.293457,1321.801270,1447.263794,-3590.908936,1335.245483,1569.390015,-3618.538086,1303.499878,1483.269043,-3543.404053,1325.070068,1614.179199,-3596.215820,2616.267578,1567.768066,-3159.745605,,,,,,,,,,,,,,,,,,,,,,,,,,,,,,,,,
1704,17.040000,0.000000,0.000000,0.000000,1.000000,0.000000,0.000000,0.000000,57.698101,20.499701,-14.700500,0.047771,-0.013570,0.015998,-15.666301,-52.738201,18.801300,-93.396698,0.129960,17.611099,-0.245932,-0.489496,-0.665699,0.506711,1320.045044,1527.966431,-3587.212158,1320.243164,1446.692993,-3590.943359,1333.747437,1568.724487,-3618.288330,1302.164062,1482.727051,-3543.478271,1324.025391,1613.721313,-3596.138428,1320.319946,1446.605347,-3591.004150,1333.723999,1568.794189,-3618.435059,1302.044800,1482.647827,-3543.292480,1324.080078,1613.812500,-3596.105713,2616.268799,1567.752197,-3159.749756,,,,,,,,,,,,,,,,,,,,,,,,,,,,,,,,,
1705,17.050000,0.000000,0.000000,0.000000,1.000000,0.000000,0.000000,0.000000,57.698101,20.499701,-14.700500,0.047771,-0.013570,0.015998,-15.666301,-52.738201,18.801300,-93.396698,0.129960,17.611099,-0.249229,-0.486212,-0.665695,0.508264,1318.862549,1527.440308,-3587.233398,1318.800415,1446.173462,-3591.110352,1332.390381,1568.216431,-3618.362305,1301.260864,1482.171631,-3543.416504,1322.998535,1613.199951,-3596.043701,1318.868042,1445.964600,-3591.091309,1332.286011,1568.232300,-3618.377930,1301.214111,1482.173950,-3543.424072,1323.098999,1613.388184,-3596.036865,2616.279053,1567.748413,-3159.755859,,,,,,,,,,,,,,,,,,,,,,,,,,,,,,,,,
1706,17.060000,0.000000,0.000000,0.000000,1.000000,0.000000,0.000000,0.000000,57.698101,20.499701,-14.700500,0.047771,-0.013570,0.015998,-15.666301,-52.738201,18.801300,-93.396698,0.129960,17.611099,-0.248729,-0.485476,-0.665844,0.509017,1317.901855,1526.941162,-3587.294434,1317.915527,1445.682251,-3591.334717,1331.367065,1567.792847,-3618.351562,1300.376587,1481.567627,-3543.555420,1321.948120,1612.722290,-3595.935303,1317.914795,1445.502075,-3591.306885,1331.352539,1567.838013,-3618.357422,1300.380371,1481.604736,-3543.586914,1321.959839,1612.803345,-3595.922607,2616.278564,1567.742065,-3159.764648,,,,,,,,,,,,,,,,,,,,,,,,,,,,,,,,,
1707,17.070000,0.000000,0.000000,0.000000,1.000000,0.000000,0.000000,0.000000,57.698101,20.499701,-14.700500,0.047771,-0.013570,0.015998,-15.666301,-52.738201,18.801300,-93.396698,0.129960,17.611099,-0.247147,-0.485844,-0.665560,0.509807,1316.910278,1526.388916,-3587.359863,1317.178955,1445.135498,-3591.500732,1330.299316,1567.319946,-3618.345215,1299.455200,1480.907715,-3543.705078,1320.707520,1612.192627,-3595.888672,1317.153931,1445.072144,-3591.506836,1330.350464,1567.327026,-3618.369629,1299.494995,1481.070557,-3543.748291,1320.640503,1612.093628,-3595.812988,2616.297363,1567.721313,-3159.766846,,,,,,,,,,,,,,,,,,,,,,,,,,,,,,,,,
1708,17.080000,0.000000,0.000000,0.000000,1.000000,0.000000,0.000000,0.000000,57.698101,20.499701,-14.700500,0.047771,-0.013570,0.015998,-15.666301,-52.738201,18.801300,-93.396698,0.129960,17.611099,-0.245902,-0.486010,-0.666262,0.509335,1315.802979,1525.744507,-3587.407471,1316.078613,1444.497314,-3591.669189,1329.275391,1566.721313,-3618.295898,1298.230713,1480.198975,-3543.866699,1319.626953,1611.560791,-3595.797607,1316.058716,1444.501831,-3591.659668,1329.365601,1566.790527,-3618.441650,1298.228882,1480.223022,-3543.834229,1319.563354,1611.461914,-3595.702393,2616.278809,1567.726562,-3159.780029,,,,,,,,,,,,,,,,,,,,,,,,,,,,,,,,,
1709,17.090000,0.000000,0.000000,0.000000,1.000000,0.000000,0.000000,0.000000,57.698101,20.499701,-14.700500,0.047771,-0.013570,0.015998,-15.666301,-52.738201,18.801300,-93.396698,0.129960,17.611099,-0.246451,-0.485269,-0.667539,0.508102,1314.677490,1525.099609,-3587.448242,1314.642456,1443.856567,-3591.796631,1328.317871,1566.057251,-3618.288818,1296.915527,1479.575684,-3543.961914,1318.833984,1610.909424,-3595.746094,1314.674683,1443.773682,-3591.815918,1328.353394,1566.197388,-3618.480469,1296.836426,1479.510010,-3543.821289,1318.843628,1610.928833,-3595.688477,2616.269531,1567.738892,-3159.810791,,,,,,,,,,,,,,,,,,,,,,,,,,,,,,,,,
1710,17.100000,0.000000,0.000000,0.000000,1.000000,0.000000,0.000000,0.000000,57.698101,20.499701,-14.700500,0.047771,-0.013570,0.015998,-15.666301,-52.738201,18.801300,-93.396698,0.129960,17.611099,-0.249465,-0.482659,-0.668158,0.508303,1313.607910,1524.459961,-3587.502930,1313.172607,1443.222900,-3591.940674,1327.232788,1565.389771,-3618.386963,1295.923706,1478.968262,-3543.951172,1318.102539,1610.259277,-3595.732666,1313.248413,1443.096680,-3591.964844,1327.158691,1565.429321,-3618.460938,1295.838257,1478.918335,-3543.865479,1318.190918,1610.397827,-3595.719971,2616.281738,1567.742432,-3159.815674,,,,,,,,,,,,,,,,,,,,,,,,,,,,,,,,,
1711,17.110000,0.000000,0.000000,0.000000,1.000000,0.000000,0.000000,0.000000,57.698101,20.499701,-14.700500,0.047771,-0.013570,0.015998,-15.666301,-52.738201,18.801300,-93.396698,0.129960,17.611099,-0.251498,-0.480636,-0.668736,0.508458,1312.789062,1523.887085,-3587.593750,1312.060547,1442.657593,-3592.132080,1326.408081,1564.810425,-3618.489014,1295.154297,1478.399170,-3544.018066,1317.533325,1609.681274,-3595.735840,1312.130981,1442.496826,-3592.110840,1326.281982,1564.824463,-3618.479736,1295.109741,1478.415527,-3544.045166,1317.642578,1609.808472,-3595.736084,2616.272217,1567.755005,-3159.829102,,,,,,,,,,,,,,,,,,,,,,,,,,,,,,,,,
1712,17.120000,0.000000,0.000000,0.000000,1.000000,0.000000,0.000000,0.000000,57.698101,20.499701,-14.700500,0.047771,-0.013570,0.015998,-15.666301,-52.738201,18.801300,-93.396698,0.129960,17.611099,-0.250869,-0.480827,-0.669479,0.507610,1312.063721,1523.359619,-3587.710938,1311.248901,1442.134277,-3592.305420,1325.799927,1564.287598,-3618.547852,1294.277954,1477.863525,-3544.205078,1316.927979,1609.153687,-3595.784668,1311.281860,1442.022705,-3592.280518,1325.732056,1564.315308,-3618.543945,1294.264404,1477.921753,-3544.252441,1316.977173,1609.174438,-3595.765869,2616.258301,1567.749634,-3159.837158,,,,,,,,,,,,,,,,,,,,,,,,,,,,,,,,,
1713,17.130000,0.000000,0.000000,0.000000,1.000000,0.000000,0.000000,0.000000,57.698101,20.499701,-14.700500,0.047771,-0.013570,0.015998,-15.666301,-52.738201,18.801300,-93.396698,0.129960,17.611099,-0.249280,-0.481977,-0.670098,0.506484,1311.237305,1522.818848,-3587.782715,1310.441528,1441.593872,-3592.389404,1325.119385,1563.749390,-3618.550781,1293.246338,1477.318726,-3544.365479,1316.142212,1608.613403,-3595.824707,1310.496338,1441.612305,-3592.390381,1325.053345,1563.744507,-3618.593018,1293.215088,1477.417358,-3544.388672,1316.185303,1608.497192,-3595.754639,2616.290039,1567.715820,-3159.818848,,,,,,,,,,,,,,,,,,,,,,,,,,,,,,,,,
1714,17.140000,0.000000,0.000000,0.000000,1.000000,0.000000,0.000000,0.000000,57.698101,20.499701,-14.700500,0.047771,-0.013570,0.015998,-15.666301,-52.738201,18.801300,-93.396698,0.129960,17.611099,-0.248606,-0.482634,-0.671312,0.504579,1310.228149,1522.248291,-3587.838379,1309.222778,1441.026001,-3592.450684,1324.348267,1563.140259,-3618.549561,1291.935547,1476.798218,-3544.495117,1315.405884,1608.028931,-3595.858398,1309.240234,1441.050537,-3592.476807,1324.389648,1563.243042,-3618.670654,1291.895752,1476.809692,-3544.409424,1315.387451,1607.887451,-3595.799561,2616.279053,1567.723267,-3159.805420,,,,,,,,,,,,,,,,,,,,,,,,,,,,,,,,,
1715,17.150000,0.000000,0.000000,0.000000,1.000000,0.000000,0.000000,0.000000,57.698101,20.499701,-14.700500,0.047771,-0.013570,0.015998,-15.666301,-52.738201,18.801300,-93.396698,0.129960,17.611099,-0.248106,-0.483280,-0.672611,0.502472,1309.155884,1521.751221,-3587.836426,1307.898193,1440.531982,-3592.440674,1323.535156,1562.590820,-3618.496826,1290.538574,1476.369385,-3544.560059,1314.651855,1607.512695,-3595.848633,1307.857300,1440.498657,-3592.486816,1323.724854,1562.799072,-3618.677002,1290.512817,1476.312866,-3544.384033,1314.556030,1607.422729,-3595.813232,2616.301270,1567.762329,-3159.818359,,,,,,,,,,,,,,,,,,,,,,,,,,,,,,,,,
1716,17.160000,0.000000,0.000000,0.000000,1.000000,0.000000,0.000000,0.000000,57.698101,20.499701,-14.700500,0.047771,-0.013570,0.015998,-15.666301,-52.738201,18.801300,-93.396698,0.129960,17.611099,-0.249708,-0.482628,-0.673060,0.501704,1308.153564,1521.389160,-3587.803467,1306.614746,1440.171509,-3592.349609,1322.613037,1562.159546,-3618.518066,1289.463867,1476.099365,-3544.461426,1313.922363,1607.126343,-3595.883789,1306.535767,1440.043335,-3592.395996,1322.833618,1562.336060,-3618.656982,1289.484985,1476.132568,-3544.346191,1313.781860,1607.062744,-3595.832275,2616.289551,1567.741089,-3159.815918,,,,,,,,,,,,,,,,,,,,,,,,,,,,,,,,,
1717,17.170000,0.000000,0.000000,0.000000,1.000000,0.000000,0.000000,0.000000,57.698101,20.499701,-14.700500,0.047771,-0.013570,0.015998,-15.666301,-52.738201,18.801300,-93.396698,0.129960,17.611099,-0.250659,-0.482322,-0.673064,0.501518,1307.359131,1521.146118,-3587.813965,1305.706421,1439.927856,-3592.306641,1321.829468,1561.878052,-3618.574951,1288.670410,1475.908691,-3544.417236,1313.230103,1606.870483,-3595.956787,1305.749023,1439.794312,-3592.345703,1321.797241,1561.904907,-3618.606689,1288.644043,1476.043823,-3544.399902,1313.247559,1606.841187,-3595.903809,2616.322510,1567.737305,-3159.794922,,,,,,,,,,,,,,,,,,,,,,,,,,,,,,,,,
1718,17.180000,0.000000,0.000000,0.000000,1.000000,0.000000,0.000000,0.000000,57.698101,20.499701,-14.700500,0.047771,-0.013570,0.015998,-15.666301,-52.738201,18.801300,-93.396698,0.129960,17.611099,-0.251114,-0.482329,-0.673141,0.501181,1306.461670,1520.965576,-3587.805176,1304.729492,1439.746216,-3592.251953,1320.963867,1561.666260,-3618.592529,1287.739868,1475.770386,-3544.378662,1312.413452,1606.679688,-3595.997559,1304.856323,1439.625732,-3592.280273,1320.752930,1561.572144,-3618.555908,1287.686523,1476.019165,-3544.463623,1312.535156,1606.659302,-3595.926514,2616.323486,1567.737061,-3159.766846,,,,,,,,,,,,,,,,,,,,,,,,,,,,,,,,,
1719,17.190000,0.000000,0.000000,0.000000,1.000000,0.000000,0.000000,0.000000,57.698101,20.499701,-14.700500,0.047771,-0.013570,0.015998,-15.666301,-52.738201,18.801300,-93.396698,0.129960,17.611099,-0.250584,-0.483360,-0.673682,0.499722,1305.539673,1520.884399,-3587.805908,1303.702515,1439.663086,-3592.172119,1320.207520,1561.530640,-3618.586670,1286.602417,1475.763306,-3544.395752,1311.646484,1606.580811,-3596.069336,1303.824463,1439.502319,-3592.167969,1319.998047,1561.499146,-3618.566162,1286.547119,1475.961670,-3544.487061,1311.781372,1606.578735,-3596.006592,2616.288818,1567.773438,-3159.778564,,,,,,,,,,,,,,,,,,,,,,,,,,,,,,,,,
1720,17.200000,0.000000,0.000000,0.000000,1.000000,0.000000,0.000000,0.000000,57.698101,20.499701,-14.700500,0.047771,-0.013570,0.015998,-15.666301,-52.738201,18.801300,-93.396698,0.129960,17.611099,-0.249024,-0.485383,-0.673912,0.498231,1304.425537,1520.815308,-3587.803711,1302.635742,1439.586182,-3592.042725,1319.256592,1561.413696,-3618.569092,1285.254395,1475.762207,-3544.425537,1310.555054,1606.499268,-3596.177002,1302.748779,1439.500366,-3592.046143,1319.089355,1561.437012,-3618.595215,1285.179688,1475.856567,-3544.442627,1310.681519,1606.466187,-3596.130371,2616.292725,1567.774536,-3159.770996,,,,,,,,,,,,,,,,,,,,,,,,,,,,,,,,,
1721,17.210000,0.000000,0.000000,0.000000,1.000000,0.000000,0.000000,0.000000,57.698101,20.499701,-14.700500,0.047771,-0.013570,0.015998,-15.666301,-52.738201,18.801300,-93.396698,0.129960,17.611099,-0.248091,-0.486683,-0.674085,0.497191,1303.152466,1520.772339,-3587.836670,1301.376221,1439.538330,-3591.987061,1318.096680,1561.334229,-3618.595703,1283.822144,1475.770630,-3544.476074,1309.314697,1606.446411,-3596.288086,1301.412964,1439.411377,-3592.038574,1318.110107,1561.468872,-3618.693848,1283.756470,1475.781494,-3544.354736,1309.329102,1606.431885,-3596.264404,2616.280762,1567.741455,-3159.743408,,,,,,,,,,,,,,,,,,,,,,,,,,,,,,,,,
1722,17.220000,0.000000,0.000000,0.000000,1.000000,0.000000,0.000000,0.000000,57.698101,20.499701,-14.700500,0.047771,-0.013570,0.015998,-15.666301,-52.738201,18.801300,-93.396698,0.129960,17.611099,-0.248358,-0.487047,-0.673930,0.496912,1301.932007,1520.805542,-3587.881836,1300.132202,1439.567749,-3591.947754,1316.894409,1561.330933,-3618.679932,1282.579712,1475.854980,-3544.478027,1308.121582,1606.468872,-3596.421387,1300.107300,1439.420898,-3592.009766,1317.022217,1561.512817,-3618.796875,1282.548584,1475.848145,-3544.324707,1308.063477,1606.453979,-3596.405518,2616.282471,1567.743286,-3159.741455,,,,,,,,,,,,,,,,,,,,,,,,,,,,,,,,,
1723,17.230000,0.000000,0.000000,0.000000,1.000000,0.000000,0.000000,0.000000,57.698101,20.499701,-14.700500,0.047771,-0.013570,0.015998,-15.666301,-52.738201,18.801300,-93.396698,0.129960,17.611099,-0.248240,-0.487476,-0.673409,0.497257,1300.867188,1520.885864,-3587.994385,1299.173828,1439.642578,-3591.995117,1315.776245,1561.406128,-3618.825195,1281.574219,1475.944580,-3544.554199,1306.944458,1606.550293,-3596.602539,1299.119995,1439.558228,-3592.040283,1315.953735,1561.577393,-3618.948242,1281.567017,1475.909546,-3544.412598,1306.849487,1606.518188,-3596.586670,2616.284424,1567.756104,-3159.736084,,,,,,,,,,,,,,,,,,,,,,,,,,,,,,,,,
1724,17.240000,0.000000,0.000000,0.000000,1.000000,0.000000,0.000000,0.000000,57.698101,20.499701,-14.700500,0.047771,-0.013570,0.015998,-15.666301,-52.738201,18.801300,-93.396698,0.129960,17.611099,-0.249120,-0.487077,-0.672465,0.498483,1299.878174,1521.013306,-3588.202881,1298.296509,1439.764893,-3592.145996,1314.624756,1561.536133,-3619.108154,1280.795166,1476.070801,-3544.671387,1305.795898,1606.681396,-3596.886230,1298.254639,1439.770020,-3592.133789,1314.725098,1561.604370,-3619.192871,1280.812256,1476.067383,-3544.648682,1305.725098,1606.613770,-3596.841553,2616.276123,1567.802368,-3159.729980,,,,,,,,,,,,,,,,,,,,,,,,,,,,,,,,,
1725,17.250000,0.000000,0.000000,0.000000,1.000000,0.000000,0.000000,0.000000,57.698101,20.499701,-14.700500,0.047771,-0.013570,0.015998,-15.666301,-52.738201,18.801300,-93.396698,0.129960,17.611099,-0.250471,-0.486387,-0.671507,0.499770,1298.881836,1521.133911,-3588.455078,1297.367065,1439.881226,-3592.333984,1313.455811,1561.649902,-3619.451172,1280.029785,1476.202881,-3544.811523,1304.674805,1606.801880,-3597.223877,1297.373047,1439.943970,-3592.285400,1313.407959,1561.624390,-3619.422119,1280.052979,1476.247803,-3544.910645,1304.694946,1606.721069,-3597.205322,2616.288330,1567.749878,-3159.721436,,,,,,,,,,,,,,,,,,,,,,,,,,,,,,,,,
1726,17.260000,0.000000,0.000000,0.000000,1.000000,0.000000,0.000000,0.000000,57.698101,20.499701,-14.700500,0.047771,-0.013570,0.015998,-15.666301,-52.738201,18.801300,-93.396698,0.129960,17.611099,-0.251366,-0.485992,-0.670882,0.500545,1298.041260,1521.348267,-3588.714355,1296.564697,1440.092285,-3592.541748,1312.508301,1561.854858,-3619.772705,1279.332275,1476.431519,-3544.994385,1303.759521,1607.014404,-3597.548584,1296.680908,1440.142456,-3592.505615,1312.263306,1561.764893,-3619.716064,1279.286255,1476.540039,-3545.120117,1303.914185,1606.937134,-3597.512939,2616.279053,1567.787231,-3159.721436,,,,,,,,,,,,,,,,,,,,,,,,,,,,,,,,,
1727,17.270000,0.000000,0.000000,0.000000,1.000000,0.000000,0.000000,0.000000,57.698101,20.499701,-14.700500,0.047771,-0.013570,0.015998,-15.666301,-52.738201,18.801300,-93.396698,0.129960,17.611099,-0.250717,-0.486859,-0.670443,0.500615,1297.194824,1521.600220,-3589.000732,1295.853882,1440.338745,-3592.756592,1311.642212,1562.101807,-3620.074707,1278.494385,1476.693115,-3545.267090,1302.788940,1607.267456,-3597.904297,1295.999512,1440.355225,-3592.755615,1311.373413,1561.973145,-3620.031982,1278.426392,1476.855469,-3545.368164,1302.953857,1607.209351,-3597.844482,2616.240479,1567.769165,-3159.737305,,,,,,,,,,,,,,,,,,,,,,,,,,,,,,,,,
1728,17.280000,0.000000,0.000000,0.000000,1.000000,0.000000,0.000000,0.000000,57.698101,20.499701,-14.700500,0.047771,-0.013570,0.015998,-15.666301,-52.738201,18.801300,-93.396698,0.129960,17.611099,-0.250039,-0.488001,-0.670003,0.500431,1296.284180,1521.840820,-3589.328613,1295.066528,1440.572388,-3592.975342,1310.736450,1562.320312,-3620.429199,1277.559692,1476.967041,-3545.571045,1301.774170,1607.503662,-3598.338623,1295.162842,1440.500610,-3592.988525,1310.582520,1562.219238,-3620.422607,1277.519043,1477.143433,-3545.640381,1301.862305,1607.505493,-3598.266113,2616.240479,1567.781372,-3159.752686,,,,,,,,,,,,,,,,,,,,,,,,,,,,,,,,,
1729,17.290000,0.000000,0.000000,0.000000,1.000000,0.000000,0.000000,0.000000,57.698101,20.499701,-14.700500,0.047771,-0.013570,0.015998,-15.666301,-52.738201,18.801300,-93.396698,0.129960,17.611099,-0.249334,-0.488877,-0.669647,0.500405,1295.301514,1522.144653,-3589.674561,1294.207520,1440.871582,-3593.255859,1309.747070,1562.619385,-3620.784424,1276.568970,1477.280273,-3545.911133,1300.682495,1607.807861,-3598.746582,1294.293701,1440.749023,-3593.296143,1309.652222,1562.555176,-3620.819092,1276.523926,1477.470215,-3545.927734,1300.735840,1607.812378,-3598.658203,2616.263916,1567.768066,-3159.743896,,,,,,,,,,,,,,,,,,,,,,,,,,,,,,,,,
1730,17.300000,0.000000,0.000000,0.000000,1.000000,0.000000,0.000000,0.000000,57.698101,20.499701,-14.700500,0.047771,-0.013570,0.015998,-15.666301,-52.738201,18.801300,-93.396698,0.129960,17.611099,-0.248620,-0.489685,-0.669129,0.500663,1294.356567,1522.496826,-3590.023682,1293.426758,1441.219116,-3593.545654,1308.761597,1562.976562,-3621.145996,1275.657349,1477.628052,-3546.250244,1299.580688,1608.163696,-3599.153076,1293.504395,1441.074707,-3593.592529,1308.707642,1563.005981,-3621.230469,1275.593018,1477.750366,-3546.199463,1299.622681,1608.152832,-3599.074463,2616.264648,1567.718506,-3159.741455,,,,,,,,,,,,,,,,,,,,,,,,,,,,,,,,,
1731,17.310000,0.000000,0.000000,0.000000,1.000000,0.000000,0.000000,0.000000,57.698101,20.499701,-14.700500,0.047771,-0.013570,0.015998,-15.666301,-52.738201,18.801300,-93.396698,0.129960,17.611099,-0.248469,-0.490139,-0.668516,0.501112,1293.457764,1522.831299,-3590.447998,1292.656616,1441.549316,-3593.901855,1307.795654,1563.307983,-3621.605225,1274.833618,1477.969482,-3546.635498,1298.545044,1608.498657,-3599.648926,1292.713257,1441.479980,-3593.969727,1307.790771,1563.340454,-3621.704590,1274.768799,1478.042725,-3546.532471,1298.556030,1608.465210,-3599.584473,2616.291260,1567.735107,-3159.731201,,,,,,,,,,,,,,,,,,,,,,,,,,,,,,,,,
1732,17.320000,0.000000,0.000000,0.000000,1.000000,0.000000,0.000000,0.000000,57.698101,20.499701,-14.700500,0.047771,-0.013570,0.015998,-15.666301,-52.738201,18.801300,-93.396698,0.129960,17.611099,-0.247782,-0.490673,-0.668316,0.501196,1292.582642,1523.142578,-3590.880371,1291.887817,1441.859009,-3594.320801,1306.909424,1563.631714,-3622.026611,1273.958862,1478.265381,-3547.083496,1297.574341,1608.814575,-3600.090576,1291.938843,1441.859863,-3594.359131,1306.912720,1563.711548,-3622.171143,1273.888062,1478.291504,-3546.980713,1297.588013,1608.709351,-3600.012207,2616.302734,1567.725708,-3159.758789,,,,,,,,,,,,,,,,,,,,,,,,,,,,,,,,,
1733,17.330000,0.000000,0.000000,0.000000,1.000000,0.000000,0.000000,0.000000,57.698101,20.499701,-14.700500,0.047771,-0.013570,0.015998,-15.666301,-52.738201,18.801300,-93.396698,0.129960,17.611099,-0.247565,-0.491046,-0.668128,0.501189,1291.814087,1523.473633,-3591.342285,1291.168091,1442.187988,-3594.744873,1306.135620,1563.956299,-3622.499268,1273.190796,1478.606201,-3547.534912,1296.761719,1609.144165,-3600.589600,1291.184082,1442.249268,-3594.788330,1306.202881,1564.071655,-3622.643066,1273.133789,1478.566040,-3547.394775,1296.736572,1609.008423,-3600.543701,2616.277832,1567.759155,-3159.776855,,,,,,,,,,,,,,,,,,,,,,,,,,,,,,,,,
1734,17.340000,0.000000,0.000000,0.000000,1.000000,0.000000,0.000000,0.000000,57.698101,20.499701,-14.700500,0.047771,-0.013570,0.015998,-15.666301,-52.738201,18.801300,-93.396698,0.129960,17.611099,-0.247118,-0.491650,-0.667729,0.501349,1291.072998,1523.757690,-3591.877686,1290.539673,1442.468994,-3595.226318,1305.366211,1564.238770,-3623.049805,1272.473389,1478.894531,-3548.056152,1295.912598,1609.428589,-3601.178467,1290.498535,1442.499390,-3595.283203,1305.554321,1564.437500,-3623.206299,1272.449951,1478.837769,-3547.875000,1295.809692,1609.270752,-3601.154541,2616.254639,1567.757690,-3159.803467,,,,,,,,,,,,,,,,,,,,,,,,,,,,,,,,,
1735,17.350000,0.000000,0.000000,0.000000,1.000000,0.000000,0.000000,0.000000,57.698101,20.499701,-14.700500,0.047771,-0.013570,0.015998,-15.666301,-52.738201,18.801300,-93.396698,0.129960,17.611099,-0.247137,-0.491656,-0.667492,0.501650,1290.346069,1524.024902,-3592.428955,1289.861938,1442.735718,-3595.768311,1304.600586,1564.511475,-3623.611572,1271.793213,1479.155029,-3548.594238,1295.128296,1609.697998,-3601.741211,1289.823486,1442.795654,-3595.795898,1304.767944,1564.721069,-3623.779297,1271.767456,1479.062866,-3548.436768,1295.044922,1609.534058,-3601.717041,2616.300293,1567.734375,-3159.803955,,,,,,,,,,,,,,,,,,,,,,,,,,,,,,,,,
1736,17.360000,0.000000,0.000000,0.000000,1.000000,0.000000,0.000000,0.000000,57.698101,20.499701,-14.700500,0.047771,-0.013570,0.015998,-15.666301,-52.738201,18.801300,-93.396698,0.129960,17.611099,-0.246757,-0.492251,-0.666876,0.502072,1289.600830,1524.350708,-3593.031250,1289.268555,1443.057983,-3596.304932,1303.792480,1564.838257,-3624.241211,1271.114258,1479.482178,-3549.167480,1294.228027,1610.024780,-3602.411377,1289.234497,1443.130981,-3596.350098,1303.956543,1565.041016,-3624.395020,1271.083252,1479.393433,-3548.990967,1294.145264,1609.846436,-3602.395996,2616.302246,1567.732178,-3159.796387,,,,,,,,,,,,,,,,,,,,,,,,,,,,,,,,,
1737,17.370000,0.000000,0.000000,0.000000,1.000000,0.000000,0.000000,0.000000,57.698101,20.499701,-14.700500,0.047771,-0.013570,0.015998,-15.666301,-52.738201,18.801300,-93.396698,0.129960,17.611099,-0.246023,-0.493245,-0.666297,0.502225,1288.905029,1524.676025,-3593.645508,1288.739990,1443.379150,-3596.831543,1303.063843,1565.158081,-3624.877441,1270.440430,1479.817871,-3549.761719,1293.375732,1610.348999,-3603.111328,1288.727539,1443.382812,-3596.918213,1303.244385,1565.251221,-3625.095215,1270.389160,1479.798462,-3549.543945,1293.275513,1610.279907,-3603.030762,2616.277100,1567.750244,-3159.826172,,,,,,,,,,,,,,,,,,,,,,,,,,,,,,,,,
1738,17.380000,0.000000,0.000000,0.000000,1.000000,0.000000,0.000000,0.000000,57.698101,20.499701,-14.700500,0.047771,-0.013570,0.015998,-15.666301,-52.738201,18.801300,-93.396698,0.129960,17.611099,-0.245203,-0.494043,-0.665872,0.502407,1288.240479,1525.039062,-3594.331543,1288.232300,1443.740356,-3597.471191,1302.370605,1565.529785,-3625.565186,1269.793701,1480.171509,-3550.449951,1292.565063,1610.714966,-3603.839355,1288.233521,1443.641235,-3597.551270,1302.516724,1565.698853,-3625.779297,1269.733887,1480.194946,-3550.249756,1292.492310,1610.644409,-3603.759766,2616.273193,1567.735596,-3159.825195,,,,,,,,,,,,,,,,,,,,,,,,,,,,,,,,,
1739,17.390000,0.000000,0.000000,0.000000,1.000000,0.000000,0.000000,0.000000,57.698101,20.499701,-14.700500,0.047771,-0.013570,0.015998,-15.666301,-52.738201,18.801300,-93.396698,0.129960,17.611099,-0.245082,-0.494539,-0.665194,0.502875,1287.572144,1525.400146,-3595.071533,1287.699097,1444.098511,-3598.131592,1301.630493,1565.883789,-3626.346924,1269.206299,1480.545044,-3551.143311,1291.752686,1611.073730,-3604.664062,1287.719604,1443.954956,-3598.234863,1301.747925,1566.059326,-3626.543213,1269.131714,1480.599854,-3550.927734,1291.698120,1611.005859,-3604.591064,2616.308594,1567.755615,-3159.817139,,,,,,,,,,,,,,,,,,,,,,,,,,,,,,,,,
1740,17.400000,0.000000,0.000000,0.000000,1.000000,0.000000,0.000000,0.000000,57.698101,20.499701,-14.700500,0.047771,-0.013570,0.015998,-15.666301,-52.738201,18.801300,-93.396698,0.129960,17.611099,-0.245161,-0.494590,-0.664786,0.503326,1287.023315,1525.817017,-3595.790771,1287.225830,1444.514526,-3598.824219,1301.021118,1566.303711,-3627.089355,1268.730957,1480.958862,-3551.834961,1291.115112,1611.491333,-3605.414307,1287.267334,1444.340698,-3598.920410,1301.111450,1566.486694,-3627.314941,1268.642578,1481.040161,-3551.630127,1291.078613,1611.419922,-3605.314209,2616.302979,1567.713379,-3159.813232,,,,,,,,,,,,,,,,,,,,,,,,,,,,,,,,,
1741,17.410000,0.000000,0.000000,0.000000,1.000000,0.000000,0.000000,0.000000,57.698101,20.499701,-14.700500,0.047771,-0.013570,0.015998,-15.666301,-52.738201,18.801300,-93.396698,0.129960,17.611099,-0.244604,-0.495275,-0.664330,0.503525,1286.421631,1526.208008,-3596.614502,1286.758301,1444.903809,-3599.590576,1300.385864,1566.695190,-3627.927490,1268.157227,1481.351196,-3552.645752,1290.385254,1611.882080,-3606.294434,1286.798096,1444.799316,-3599.689209,1300.444946,1566.889282,-3628.070068,1268.072632,1481.393311,-3552.444092,1290.370728,1611.770142,-3606.255859,2616.303223,1567.741455,-3159.809814,,,,,,,,,,,,,,,,,,,,,,,,,,,,,,,,,
1742,17.420000,0.000000,0.000000,0.000000,1.000000,0.000000,0.000000,0.000000,57.698101,20.499701,-14.700500,0.047771,-0.013570,0.015998,-15.666301,-52.738201,18.801300,-93.396698,0.129960,17.611099,-0.244848,-0.495116,-0.663983,0.504019,1285.908447,1526.574463,-3597.396973,1286.297485,1445.270142,-3600.362549,1299.808960,1567.067017,-3628.731445,1267.725098,1481.711182,-3553.401123,1289.802246,1612.249878,-3607.093018,1286.330444,1445.228638,-3600.458252,1299.878418,1567.215942,-3628.873779,1267.654175,1481.774292,-3553.219238,1289.769653,1612.088013,-3607.031494,2616.285889,1567.759399,-3159.808105,,,,,,,,,,,,,,,,,,,,,,,,,,,,,,,,,
1743,17.430000,0.000000,0.000000,0.000000,1.000000,0.000000,0.000000,0.000000,57.698101,20.499701,-14.700500,0.047771,-0.013570,0.015998,-15.666301,-52.738201,18.801300,-93.396698,0.129960,17.611099,-0.244239,-0.495603,-0.663636,0.504293,1285.402588,1526.937378,-3598.221436,1285.920654,1445.633057,-3601.166992,1299.266968,1567.443848,-3629.553711,1267.251221,1482.056519,-3554.230469,1289.171387,1612.616455,-3607.935059,1285.926514,1445.669189,-3601.274414,1299.385254,1567.594116,-3629.682861,1267.196533,1482.081299,-3554.024902,1289.102295,1612.401245,-3607.896240,2616.289551,1567.753540,-3159.806641,,,,,,,,,,,,,,,,,,,,,,,,,,,,,,,,,
1744,17.440000,0.000000,0.000000,0.000000,1.000000,0.000000,0.000000,0.000000,57.698101,20.499701,-14.700500,0.047771,-0.013570,0.015998,-15.666301,-52.738201,18.801300,-93.396698,0.129960,17.611099,-0.243810,-0.496001,-0.663306,0.504544,1284.936401,1527.266724,-3599.066406,1285.560547,1445.962158,-3601.987061,1298.766357,1567.781738,-3630.403076,1266.818115,1482.375732,-3555.072021,1288.600464,1612.947632,-3608.803467,1285.561890,1446.104736,-3602.056641,1298.879150,1567.906982,-3630.563477,1266.771240,1482.360596,-3554.911621,1288.533081,1612.675415,-3608.735840,2616.278076,1567.706543,-3159.787598,,,,,,,,,,,,,,,,,,,,,,,,,,,,,,,,,
1745,17.450000,0.000000,0.000000,0.000000,1.000000,0.000000,0.000000,0.000000,57.698101,20.499701,-14.700500,0.047771,-0.013570,0.015998,-15.666301,-52.738201,18.801300,-93.396698,0.129960,17.611099,-0.244287,-0.495412,-0.663107,0.505153,1284.538574,1527.605835,-3599.885498,1285.177490,1446.302612,-3602.839600,1298.297974,1568.136841,-3631.232422,1266.516357,1482.692871,-3555.874023,1288.162598,1613.291504,-3609.595215,1285.166016,1446.438599,-3602.870361,1298.398682,1568.261108,-3631.377197,1266.485474,1482.649780,-3555.758789,1288.106201,1613.064087,-3609.540771,2616.310303,1567.719482,-3159.759766,,,,,,,,,,,,,,,,,,,,,,,,,,,,,,,,,
1746,17.460000,0.000000,0.000000,0.000000,1.000000,0.000000,0.000000,0.000000,57.698101,20.499701,-14.700500,0.047771,-0.013570,0.015998,-15.666301,-52.738201,18.801300,-93.396698,0.129960,17.611099,-0.243851,-0.495421,-0.662712,0.505873,1284.020264,1527.899658,-3600.738525,1284.803589,1446.598877,-3603.724365,1297.697144,1568.467285,-3632.074219,1266.092407,1482.937378,-3556.738770,1287.487915,1613.595337,-3610.416260,1284.758057,1446.710693,-3603.735596,1297.835693,1568.564209,-3632.204834,1266.098389,1482.918579,-3556.668945,1287.390625,1613.395874,-3610.351562,2616.326660,1567.721436,-3159.741943,,,,,,,,,,,,,,,,,,,,,,,,,,,,,,,,,
1747,17.470000,0.000000,0.000000,0.000000,1.000000,0.000000,0.000000,0.000000,57.698101,20.499701,-14.700500,0.047771,-0.013570,0.015998,-15.666301,-52.738201,18.801300,-93.396698,0.129960,17.611099,-0.243191,-0.495584,-0.662405,0.506433,1283.564575,1528.221436,-3601.552490,1284.494263,1446.923462,-3604.572510,1297.179321,1568.826660,-3632.866455,1265.702515,1483.208618,-3557.577881,1286.882202,1613.927368,-3611.192871,1284.475098,1447.046265,-3604.621338,1297.293213,1568.834839,-3632.987793,1265.694580,1483.232056,-3557.493164,1286.793945,1613.763184,-3611.109619,2616.320068,1567.746704,-3159.742188,,,,,,,,,,,,,,,,,,,,,,,,,,,,,,,,,
1748,17.480000,0.000000,0.000000,0.000000,1.000000,0.000000,0.000000,0.000000,57.698101,20.499701,-14.700500,0.047771,-0.013570,0.015998,-15.666301,-52.738201,18.801300,-93.396698,0.129960,17.611099,-0.243395,-0.495067,-0.662225,0.507075,1283.087646,1528.647827,-3602.351318,1284.059570,1447.352295,-3605.422607,1296.631470,1569.279907,-3633.661377,1265.318237,1483.597778,-3558.377197,1286.341187,1614.361450,-3611.944336,1284.023315,1447.402344,-3605.457764,1296.752441,1569.273193,-3633.750000,1265.341064,1483.685181,-3558.341797,1286.230591,1614.217896,-3611.852051,2616.299072,1567.747681,-3159.732422,,,,,,,,,,,,,,,,,,,,,,,,,,,,,,,,,
1749,17.490000,0.000000,0.000000,0.000000,1.000000,0.000000,0.000000,0.000000,57.698101,20.499701,-14.700500,0.047771,-0.013570,0.015998,-15.666301,-52.738201,18.801300,-93.396698,0.129960,17.611099,-0.243652,-0.494423,-0.662216,0.507592,1282.603149,1529.064087,-3603.129639,1283.580811,1447.771240,-3606.270020,1296.094482,1569.724121,-3634.425781,1264.905884,1483.975098,-3559.166504,1285.831299,1614.786133,-3612.655762,1283.547241,1447.692871,-3606.276123,1296.177979,1569.746704,-3634.489502,1264.944458,1484.138550,-3559.194336,1285.740723,1614.683350,-3612.554932,2616.262695,1567.743042,-3159.728271,,,,,,,,,,,,,,,,,,,,,,,,,,,,,,,,,
1750,17.500000,0.000000,0.000000,0.000000,1.000000,0.000000,0.000000,0.000000,57.698101,20.499701,-14.700500,0.047771,-0.013570,0.015998,-15.666301,-52.738201,18.801300,-93.396698,0.129960,17.611099,-0.243794,-0.493780,-0.662236,0.508123,1282.142090,1529.459229,-3603.914307,1283.133911,1448.169678,-3607.136230,1295.581665,1570.153076,-3635.188477,1264.514648,1484.322876,-3559.971680,1285.337769,1615.191284,-3613.360352,1283.141235,1447.970703,-3607.165771,1295.623413,1570.200439,-3635.271484,1264.515869,1484.533203,-3559.969971,1285.287109,1615.132812,-3613.248291,2616.266357,1567.741211,-3159.724854,,,,,,,,,,,,,,,,,,,,,,,,,,,,,,,,,
1751,17.510000,0.000000,0.000000,0.000000,1.000000,0.000000,0.000000,0.000000,57.698101,20.499701,-14.700500,0.047771,-0.013570,0.015998,-15.666301,-52.738201,18.801300,-93.396698,0.129960,17.611099,-0.243543,-0.493749,-0.662225,0.508287,1281.662720,1529.853149,-3604.750977,1282.692505,1448.565186,-3608.002441,1295.087646,1570.564697,-3636.008545,1264.050415,1484.692627,-3560.826904,1284.820068,1615.590210,-3614.165283,1282.661377,1448.325317,-3608.018799,1295.156738,1570.666382,-3636.049316,1264.085449,1484.907471,-3560.849854,1284.746338,1615.506714,-3614.088135,2616.263672,1567.744629,-3159.721924,,,,,,,,,,,,,,,,,,,,,,,,,,,,,,,,,
1752,17.520000,0.000000,0.000000,0.000000,1.000000,0.000000,0.000000,0.000000,57.698101,20.499701,-14.700500,0.047771,-0.013570,0.015998,-15.666301,-52.738201,18.801300,-93.396698,0.129960,17.611099,-0.244190,-0.492601,-0.662391,0.508875,1281.255371,1530.301392,-3605.553711,1282.229126,1449.017456,-3608.914551,1294.625366,1571.046265,-3636.791748,1263.727295,1485.093628,-3561.644775,1284.439575,1616.048950,-3614.863281,1282.203857,1448.814209,-3608.937500,1294.699829,1571.165039,-3636.852539,1263.753296,1485.307861,-3561.649902,1284.362915,1615.917725,-3614.773926,2616.281250,1567.749634,-3159.713623,,,,,,,,,,,,,,,,,,,,,,,,,,,,,,,,,
1753,17.530000,0.000000,0.000000,0.000000,1.000000,0.000000,0.000000,0.000000,57.698101,20.499701,-14.700500,0.047771,-0.013570,0.015998,-15.666301,-52.738201,18.801300,-93.396698,0.129960,17.611099,-0.243948,-0.492495,-0.662400,0.509082,1280.835083,1530.714233,-3606.379639,1281.845337,1449.432373,-3609.781006,1294.187134,1571.480469,-3637.597412,1263.326782,1485.476685,-3562.493652,1283.980713,1616.467773,-3615.646973,1281.796509,1449.299927,-3609.813965,1294.302246,1571.595459,-3637.642578,1263.368164,1485.654419,-3562.481201,1283.871826,1616.307495,-3615.578369,2616.255371,1567.751343,-3159.713867,,,,,,,,,,,,,,,,,,,,,,,,,,,,,,,,,
1754,17.540000,0.000000,0.000000,0.000000,1.000000,0.000000,0.000000,0.000000,57.698101,20.499701,-14.700500,0.047771,-0.013570,0.015998,-15.666301,-52.738201,18.801300,-93.396698,0.129960,17.611099,-0.244379,-0.491820,-0.662587,0.509286,1280.434448,1531.137817,-3607.249023,1281.385376,1449.857666,-3610.711670,1293.771362,1571.918213,-3638.454590,1262.955811,1485.879517,-3563.372314,1283.625244,1616.895996,-3616.457275,1281.346558,1449.787476,-3610.685791,1293.824707,1572.015137,-3638.477051,1263.001099,1486.010376,-3563.432617,1283.564575,1616.735229,-3616.399902,2616.261719,1567.730103,-3159.723145,,,,,,,,,,,,,,,,,,,,,,,,,,,,,,,,,
1755,17.550000,0.000000,0.000000,0.000000,1.000000,0.000000,0.000000,0.000000,57.698101,20.499701,-14.700500,0.047771,-0.013570,0.015998,-15.666301,-52.738201,18.801300,-93.396698,0.129960,17.611099,-0.245094,-0.490879,-0.662514,0.509943,1280.113647,1531.524414,-3608.100830,1281.037842,1450.246826,-3611.628174,1293.378784,1572.325806,-3639.309814,1262.738525,1486.236328,-3564.213867,1283.299438,1617.288940,-3617.251709,1281.001831,1450.250366,-3611.602783,1293.423096,1572.337402,-3639.320068,1262.793335,1486.372192,-3564.299072,1283.235229,1617.134644,-3617.182861,2616.262695,1567.760376,-3159.736084,,,,,,,,,,,,,,,,,,,,,,,,,,,,,,,,,
1756,17.560000,0.000000,0.000000,0.000000,1.000000,0.000000,0.000000,0.000000,57.698101,20.499701,-14.700500,0.047771,-0.013570,0.015998,-15.666301,-52.738201,18.801300,-93.396698,0.129960,17.611099,-0.245335,-0.490412,-0.662622,0.510136,1279.686890,1531.934082,-3609.050293,1280.581787,1450.658203,-3612.625000,1292.935913,1572.749146,-3640.248047,1262.338379,1486.626221,-3565.173096,1282.891479,1617.702881,-3618.154541,1280.546509,1450.687744,-3612.586426,1292.983887,1572.728027,-3640.286133,1262.381226,1486.693970,-3565.243408,1282.835205,1617.625488,-3618.084473,2616.252197,1567.755005,-3159.754639,,,,,,,,,,,,,,,,,,,,,,,,,,,,,,,,,
1757,17.570000,0.000000,0.000000,0.000000,1.000000,0.000000,0.000000,0.000000,57.698101,20.499701,-14.700500,0.047771,-0.013570,0.015998,-15.666301,-52.738201,18.801300,-93.396698,0.129960,17.611099,-0.245829,-0.489640,-0.662717,0.510517,1279.276245,1532.398193,-3609.959229,1280.127808,1451.124878,-3613.600830,1292.488647,1573.232178,-3641.147705,1261.984619,1487.063232,-3566.087402,1282.503906,1618.172852,-3619.000732,1280.066650,1451.023560,-3613.538086,1292.569458,1573.269409,-3641.208984,1262.030029,1487.081421,-3566.140137,1282.436890,1618.215210,-3618.946777,2616.239746,1567.735596,-3159.770996,,,,,,,,,,,,,,,,,,,,,,,,,,,,,,,,,
1758,17.580000,0.000000,0.000000,0.000000,1.000000,0.000000,0.000000,0.000000,57.698101,20.499701,-14.700500,0.047771,-0.013570,0.015998,-15.666301,-52.738201,18.801300,-93.396698,0.129960,17.611099,-0.245364,-0.489686,-0.662468,0.511018,1278.846191,1532.925049,-3610.915283,1279.811279,1451.654419,-3614.590332,1292.003052,1573.790405,-3642.085938,1261.615601,1487.547607,-3567.063232,1281.954468,1618.707764,-3619.920654,1279.803345,1451.498535,-3614.556885,1292.009644,1573.822144,-3642.119629,1261.614258,1487.524902,-3567.070068,1281.956787,1618.852783,-3619.909912,2616.284180,1567.755737,-3159.758301,,,,,,,,,,,,,,,,,,,,,,,,,,,,,,,,,
1759,17.590000,0.000000,0.000000,0.000000,1.000000,0.000000,0.000000,0.000000,57.698101,20.499701,-14.700500,0.047771,-0.013570,0.015998,-15.666301,-52.738201,18.801300,-93.396698,0.129960,17.611099,-0.244605,-0.489838,-0.662475,0.511228,1278.396240,1533.463013,-3611.887207,1279.453369,1452.196167,-3615.617188,1291.538574,1574.364014,-3643.017578,1261.173096,1488.036865,-3568.083008,1281.419922,1619.255249,-3620.831055,1279.535278,1452.020752,-3615.596924,1291.434204,1574.404419,-3643.079590,1261.096802,1487.976440,-3568.048096,1281.533813,1619.458374,-3620.822510,2616.305420,1567.731323,-3159.766602,,,,,,,,,,,,,,,,,,,,,,,,,,,,,,,,,
1760,17.600000,0.000000,0.000000,0.000000,1.000000,0.000000,0.000000,0.000000,57.698101,20.499701,-14.700500,0.047771,-0.013570,0.015998,-15.666301,-52.738201,18.801300,-93.396698,0.129960,17.611099,-0.244445,-0.489994,-0.662228,0.511475,1277.909302,1533.948120,-3612.873291,1279.032471,1452.681396,-3616.589844,1291.018555,1574.854614,-3644.010254,1260.722778,1488.515259,-3569.061768,1280.863159,1619.741211,-3621.831299,1279.163940,1452.481445,-3616.637695,1290.880981,1574.928955,-3644.072266,1260.596069,1488.469604,-3568.943604,1281.008179,1619.906128,-3621.841309,2616.317627,1567.730835,-3159.768555,,,,,,,,,,,,,,,,,,,,,,,,,,,,,,,,,
1761,17.610000,0.000000,0.000000,0.000000,1.000000,0.000000,0.000000,0.000000,57.698101,20.499701,-14.700500,0.047771,-0.013570,0.015998,-15.666301,-52.738201,18.801300,-93.396698,0.129960,17.611099,-0.243715,-0.490329,-0.662323,0.511378,1277.455933,1534.415894,-3613.911377,1278.637695,1453.151245,-3617.654541,1290.583618,1575.341797,-3645.014893,1260.235596,1488.956421,-3570.140625,1280.366699,1620.214111,-3622.835205,1278.888306,1452.950439,-3617.717773,1290.283813,1575.406372,-3645.118408,1260.008057,1488.888550,-3569.981689,1280.655029,1620.420410,-3622.830322,2616.299805,1567.723267,-3159.789062,,,,,,,,,,,,,,,,,,,,,,,,,,,,,,,,,
1762,17.620000,0.000000,0.000000,0.000000,1.000000,0.000000,0.000000,0.000000,57.698101,20.499701,-14.700500,0.047771,-0.013570,0.015998,-15.666301,-52.738201,18.801300,-93.396698,0.129960,17.611099,-0.244060,-0.490277,-0.661975,0.511715,1276.964355,1534.918213,-3614.933838,1278.177979,1453.652344,-3618.640625,1290.042603,1575.835571,-3646.069580,1259.808105,1489.471436,-3571.124512,1279.828369,1620.713623,-3623.899902,1278.419678,1453.515869,-3618.745117,1289.747559,1575.844482,-3646.105225,1259.607544,1489.482300,-3570.981934,1280.087036,1620.828857,-3623.907471,2616.291504,1567.724365,-3159.805420,,,,,,,,,,,,,,,,,,,,,,,,,,,,,,,,,
1763,17.630000,0.000000,0.000000,0.000000,1.000000,0.000000,0.000000,0.000000,57.698101,20.499701,-14.700500,0.047771,-0.013570,0.015998,-15.666301,-52.738201,18.801300,-93.396698,0.129960,17.611099,-0.244222,-0.490162,-0.661936,0.511798,1276.424316,1535.462524,-3615.980225,1277.631104,1454.196533,-3619.686768,1289.491821,1576.378662,-3647.121826,1259.284180,1490.017456,-3572.163086,1279.290039,1621.257568,-3624.948486,1277.871826,1454.222778,-3619.777588,1289.192139,1576.347290,-3647.185547,1259.090210,1490.055786,-3572.050781,1279.537109,1621.222900,-3624.910889,2616.291748,1567.752930,-3159.815918,,,,,,,,,,,,,,,,,,,,,,,,,,,,,,,,,
1764,17.640000,0.000000,0.000000,0.000000,1.000000,0.000000,0.000000,0.000000,57.698101,20.499701,-14.700500,0.047771,-0.013570,0.015998,-15.666301,-52.738201,18.801300,-93.396698,0.129960,17.611099,-0.244464,-0.490183,-0.661676,0.511998,1275.775879,1535.931885,-3617.041504,1277.005127,1454.664795,-3620.713623,1288.811646,1576.838623,-3648.209229,1258.676758,1490.500610,-3573.194336,1278.610107,1621.723999,-3626.049072,1277.230835,1454.805298,-3620.806885,1288.538086,1576.798706,-3648.251953,1258.490845,1490.471313,-3573.065918,1278.845703,1621.655762,-3626.045898,2616.287354,1567.743286,-3159.827393,,,,,,,,,,,,,,,,,,,,,,,,,,,,,,,,,
1765,17.650000,0.000000,0.000000,0.000000,1.000000,0.000000,0.000000,0.000000,57.698101,20.499701,-14.700500,0.047771,-0.013570,0.015998,-15.666301,-52.738201,18.801300,-93.396698,0.129960,17.611099,-0.244295,-0.490066,-0.661485,0.512439,1275.059570,1536.391113,-3618.074951,1276.359375,1455.126465,-3621.776611,1288.045898,1577.320435,-3649.233643,1258.019287,1490.928955,-3574.236572,1277.813843,1622.188965,-3627.052979,1276.572876,1455.250732,-3621.836182,1287.774902,1577.205200,-3649.305176,1257.850098,1490.893799,-3574.150391,1278.035645,1622.212769,-3627.015137,2616.277832,1567.734131,-3159.823975,,,,,,,,,,,,,,,,,,,,,,,,,,,,,,,,,
1766,17.660000,0.000000,0.000000,0.000000,1.000000,0.000000,0.000000,0.000000,57.698101,20.499701,-14.700500,0.047771,-0.013570,0.015998,-15.666301,-52.738201,18.801300,-93.396698,0.129960,17.611099,-0.244319,-0.490072,-0.660725,0.513401,1274.279419,1536.824219,-3619.082764,1275.739258,1455.561157,-3622.761230,1287.140869,1577.770264,-3650.271240,1257.390259,1491.341064,-3575.207764,1276.847412,1622.624634,-3628.090576,1275.915771,1455.664307,-3622.792236,1286.905884,1577.678955,-3650.335449,1257.233276,1491.226074,-3575.119141,1277.057495,1622.725830,-3628.085693,2616.281006,1567.735718,-3159.825684,,,,,,,,,,,,,,,,,,,,,,,,,,,,,,,,,
1767,17.670000,0.000000,0.000000,0.000000,1.000000,0.000000,0.000000,0.000000,57.698101,20.499701,-14.700500,0.047771,-0.013570,0.015998,-15.666301,-52.738201,18.801300,-93.396698,0.129960,17.611099,-0.243356,-0.490870,-0.660327,0.513607,1273.378540,1537.260132,-3620.066162,1275.008179,1455.999023,-3623.713135,1286.210205,1578.220947,-3651.247314,1256.506592,1491.758545,-3576.203613,1275.788940,1623.062378,-3629.100342,1275.222412,1456.029053,-3623.696777,1285.856934,1578.175415,-3651.287109,1256.329834,1491.634521,-3576.170166,1276.098389,1623.209351,-3629.114990,2616.298096,1567.762817,-3159.819336,,,,,,,,,,,,,,,,,,,,,,,,,,,,,,,,,
1768,17.680000,0.000000,0.000000,0.000000,1.000000,0.000000,0.000000,0.000000,57.698101,20.499701,-14.700500,0.047771,-0.013570,0.015998,-15.666301,-52.738201,18.801300,-93.396698,0.129960,17.611099,-0.242824,-0.491765,-0.659666,0.513852,1272.405518,1537.739380,-3621.004150,1274.198364,1456.477295,-3624.554688,1285.190063,1578.688965,-3652.219482,1255.576294,1492.256104,-3577.106445,1274.657349,1623.535645,-3630.135742,1274.418579,1456.401123,-3624.585205,1284.888062,1578.693726,-3652.298340,1255.381104,1492.172363,-3577.003906,1274.933960,1623.699707,-3630.132080,2616.284180,1567.733276,-3159.799805,,,,,,,,,,,,,,,,,,,,,,,,,,,,,,,,,
1769,17.690000,0.000000,0.000000,0.000000,1.000000,0.000000,0.000000,0.000000,57.698101,20.499701,-14.700500,0.047771,-0.013570,0.015998,-15.666301,-52.738201,18.801300,-93.396698,0.129960,17.611099,-0.242125,-0.492927,-0.659165,0.513713,1271.396118,1538.169067,-3621.928711,1273.324707,1456.905151,-3625.363770,1284.178589,1579.095825,-3653.174561,1254.550659,1492.719238,-3578.002197,1273.530518,1623.956055,-3631.173828,1273.588379,1456.781372,-3625.439697,1283.846191,1579.083374,-3653.253662,1254.334229,1492.717163,-3577.879150,1273.818970,1624.095825,-3631.147949,2616.291016,1567.693970,-3159.777100,,,,,,,,,,,,,,,,,,,,,,,,,,,,,,,,,
1770,17.700000,0.000000,0.000000,0.000000,1.000000,0.000000,0.000000,0.000000,57.698101,20.499701,-14.700500,0.047771,-0.013570,0.015998,-15.666301,-52.738201,18.801300,-93.396698,0.129960,17.611099,-0.242273,-0.493240,-0.658245,0.514521,1270.360474,1538.570801,-3622.817871,1272.449097,1457.307251,-3626.167480,1283.025513,1579.489502,-3654.122314,1253.655640,1493.134766,-3578.823730,1272.311523,1624.351807,-3632.158203,1272.720581,1457.270264,-3626.270020,1282.696411,1579.447754,-3654.210449,1253.437622,1493.205811,-3578.700928,1272.578613,1624.356323,-3632.095947,2616.325684,1567.716919,-3159.761230,,,,,,,,,,,,,,,,,,,,,,,,,,,,,,,,,
1771,17.710000,0.000000,0.000000,0.000000,1.000000,0.000000,0.000000,0.000000,57.698101,20.499701,-14.700500,0.047771,-0.013570,0.015998,-15.666301,-52.738201,18.801300,-93.396698,0.129960,17.611099,-0.241754,-0.494030,-0.657600,0.514832,1269.268066,1538.916748,-3623.692383,1271.519409,1457.654297,-3626.959229,1281.880127,1579.829224,-3655.025879,1252.613892,1493.491455,-3579.667725,1271.058594,1624.692261,-3633.115723,1271.767700,1457.728027,-3627.070801,1281.582031,1579.825806,-3655.079590,1252.413452,1493.552612,-3579.541748,1271.311890,1624.558472,-3633.081787,2616.307617,1567.719238,-3159.759521,,,,,,,,,,,,,,,,,,,,,,,,,,,,,,,,,
1772,17.720000,0.000000,0.000000,0.000000,1.000000,0.000000,0.000000,0.000000,57.698101,20.499701,-14.700500,0.047771,-0.013570,0.015998,-15.666301,-52.738201,18.801300,-93.396698,0.129960,17.611099,-0.241111,-0.494916,-0.657133,0.514879,1268.257568,1539.271729,-3624.517090,1270.644409,1458.009888,-3627.704346,1280.850586,1580.175049,-3655.870850,1251.611084,1493.861206,-3580.474609,1269.924438,1625.041138,-3634.018799,1270.834229,1458.203125,-3627.792480,1280.677368,1580.135254,-3656.010986,1251.434082,1493.822754,-3580.317383,1270.088501,1624.935669,-3633.950439,2616.327637,1567.740112,-3159.743408,,,,,,,,,,,,,,,,,,,,,,,,,,,,,,,,,
1773,17.730000,0.000000,0.000000,0.000000,1.000000,0.000000,0.000000,0.000000,57.698101,20.499701,-14.700500,0.047771,-0.013570,0.015998,-15.666301,-52.738201,18.801300,-93.396698,0.129960,17.611099,-0.240122,-0.495704,-0.656555,0.515320,1267.194702,1539.575073,-3625.322266,1269.791870,1458.318359,-3628.475342,1279.727661,1580.498291,-3656.673828,1250.601807,1494.139038,-3581.285645,1268.657593,1625.344849,-3634.854248,1269.855713,1458.461792,-3628.504395,1279.719238,1580.471191,-3656.853760,1250.508789,1494.038818,-3581.156738,1268.690674,1625.327393,-3634.779297,2616.320068,1567.731812,-3159.728271,,,,,,,,,,,,,,,,,,,,,,,,,,,,,,,,,
1774,17.740000,0.000000,0.000000,0.000000,1.000000,0.000000,0.000000,0.000000,57.698101,20.499701,-14.700500,0.047771,-0.013570,0.015998,-15.666301,-52.738201,18.801300,-93.396698,0.129960,17.611099,-0.241664,-0.495072,-0.655602,0.516418,1266.137817,1539.730591,-3626.163574,1268.769897,1458.471680,-3629.231689,1278.514038,1580.624268,-3657.615723,1249.758057,1494.336670,-3582.003906,1267.509521,1625.489868,-3635.802490,1268.859985,1458.584351,-3629.217529,1278.509277,1580.404175,-3658.034912,1249.648315,1494.268921,-3581.915283,1267.535156,1625.635254,-3635.543945,2616.338623,1567.737305,-3159.724121,,,,,,,,,,,,,,,,,,,,,,,,,,,,,,,,,
1775,17.750000,0.000000,0.000000,0.000000,1.000000,0.000000,0.000000,0.000000,57.698101,20.499701,-14.700500,0.047771,-0.013570,0.015998,-15.666301,-52.738201,18.801300,-93.396698,0.129960,17.611099,-0.241692,-0.495384,-0.655091,0.516755,1265.230103,1539.876221,-3626.918213,1267.950073,1458.617920,-3629.924072,1277.552246,1580.758789,-3658.406006,1248.912964,1494.499023,-3582.718262,1266.505005,1625.629395,-3636.624512,1267.973511,1458.635620,-3629.920410,1277.642212,1580.523560,-3658.718262,1248.871948,1494.488525,-3582.667480,1266.439087,1625.845581,-3636.392578,2616.314941,1567.735840,-3159.727783,,,,,,,,,,,,,,,,,,,,,,,,,,,,,,,,,
1776,17.760000,0.000000,0.000000,0.000000,1.000000,0.000000,0.000000,0.000000,57.698101,20.499701,-14.700500,0.047771,-0.013570,0.015998,-15.666301,-52.738201,18.801300,-93.396698,0.129960,17.611099,-0.241618,-0.495295,-0.655142,0.516810,1264.293335,1540.028076,-3627.585449,1267.017090,1458.770752,-3630.613037,1276.612793,1580.919800,-3659.062744,1247.979370,1494.638062,-3583.397461,1265.563843,1625.783936,-3637.268555,1266.985596,1458.742065,-3630.617920,1276.806274,1580.682129,-3659.332764,1247.998779,1494.738281,-3583.388672,1265.394775,1625.927490,-3637.014160,2616.324219,1567.744751,-3159.705811,,,,,,,,,,,,,,,,,,,,,,,,,,,,,,,,,
1777,17.770000,0.000000,0.000000,0.000000,1.000000,0.000000,0.000000,0.000000,57.698101,20.499701,-14.700500,0.047771,-0.013570,0.015998,-15.666301,-52.738201,18.801300,-93.396698,0.129960,17.611099,-0.241830,-0.495439,-0.654938,0.516832,1263.363892,1540.133179,-3628.195312,1266.095215,1458.874390,-3631.175049,1275.671265,1581.007324,-3659.699951,1247.065674,1494.768188,-3583.976074,1264.623291,1625.883423,-3637.930176,1266.015015,1458.778320,-3631.203125,1275.935669,1580.836426,-3659.901367,1247.133179,1494.957031,-3583.974609,1264.382202,1625.954590,-3637.699951,2616.330322,1567.736938,-3159.698975,,,,,,,,,,,,,,,,,,,,,,,,,,,,,,,,,
1778,17.780000,0.000000,0.000000,0.000000,1.000000,0.000000,0.000000,0.000000,57.698101,20.499701,-14.700500,0.047771,-0.013570,0.015998,-15.666301,-52.738201,18.801300,-93.396698,0.129960,17.611099,-0.240498,-0.496323,-0.655152,0.516333,1262.496704,1540.236816,-3628.793701,1265.308472,1458.980957,-3631.779785,1274.871094,1581.127686,-3660.250488,1246.094116,1494.849121,-3584.636230,1263.713135,1625.989868,-3638.508301,1265.199829,1458.886963,-3631.827393,1275.170288,1581.031738,-3660.400391,1246.180786,1495.038940,-3584.614014,1263.449341,1625.984131,-3638.331299,2616.312256,1567.738525,-3159.702637,,,,,,,,,,,,,,,,,,,,,,,,,,,,,,,,,
1779,17.790000,0.000000,0.000000,0.000000,1.000000,0.000000,0.000000,0.000000,57.698101,20.499701,-14.700500,0.047771,-0.013570,0.015998,-15.666301,-52.738201,18.801300,-93.396698,0.129960,17.611099,-0.240305,-0.496321,-0.655375,0.516143,1261.712158,1540.311768,-3629.362305,1264.502319,1459.056152,-3632.373779,1274.115479,1581.209473,-3660.798828,1245.272339,1494.914185,-3585.229004,1262.958618,1626.067749,-3639.047852,1264.428101,1458.890259,-3632.426270,1274.339844,1581.120728,-3660.934814,1245.345093,1495.200684,-3585.232422,1262.738281,1626.050537,-3638.848633,2616.262207,1567.762085,-3159.729980,,,,,,,,,,,,,,,,,,,,,,,,,,,,,,,,,
1780,17.800000,0.000000,0.000000,0.000000,1.000000,0.000000,0.000000,0.000000,57.698101,20.499701,-14.700500,0.047771,-0.013570,0.015998,-15.666301,-52.738201,18.801300,-93.396698,0.129960,17.611099,-0.241305,-0.495743,-0.654881,0.516857,1260.910889,1540.351807,-3629.947998,1263.706665,1459.095215,-3632.933105,1273.217163,1581.238403,-3661.436768,1244.605103,1494.969849,-3585.748779,1262.114502,1626.103882,-3639.673096,1263.717163,1458.971436,-3632.989990,1273.301514,1581.033203,-3661.558594,1244.622070,1495.290649,-3585.781982,1262.002686,1626.140015,-3639.457764,2616.240234,1567.721069,-3159.740723,,,,,,,,,,,,,,,,,,,,,,,,,,,,,,,,,
1781,17.810000,0.000000,0.000000,0.000000,1.000000,0.000000,0.000000,0.000000,57.698101,20.499701,-14.700500,0.047771,-0.013570,0.015998,-15.666301,-52.738201,18.801300,-93.396698,0.129960,17.611099,-0.241773,-0.495338,-0.654892,0.517013,1259.974976,1540.372192,-3630.533447,1262.729248,1459.114868,-3633.532715,1272.263184,1581.257202,-3662.031494,1243.700195,1494.992065,-3586.320801,1261.207153,1626.125122,-3640.248535,1262.811279,1459.088501,-3633.564941,1272.231201,1580.943726,-3662.238770,1243.649170,1495.246582,-3586.359619,1261.193481,1626.189209,-3639.979736,2616.294678,1567.718506,-3159.723145,,,,,,,,,,,,,,,,,,,,,,,,,,,,,,,,,
1782,17.820000,0.000000,0.000000,0.000000,1.000000,0.000000,0.000000,0.000000,57.698101,20.499701,-14.700500,0.047771,-0.013570,0.015998,-15.666301,-52.738201,18.801300,-93.396698,0.129960,17.611099,-0.241292,-0.495503,-0.655010,0.516931,1259.093506,1540.359131,-3631.065430,1261.877197,1459.103760,-3634.091064,1271.397949,1581.259399,-3662.537354,1242.791992,1494.957886,-3586.884277,1260.306885,1626.115845,-3640.748779,1262.065308,1459.184570,-3634.125977,1271.201660,1580.813354,-3662.843750,1242.656616,1495.151489,-3586.898193,1260.415894,1626.204224,-3640.429443,2616.308838,1567.711670,-3159.719727,,,,,,,,,,,,,,,,,,,,,,,,,,,,,,,,,
1783,17.830000,0.000000,0.000000,0.000000,1.000000,0.000000,0.000000,0.000000,57.698101,20.499701,-14.700500,0.047771,-0.013570,0.015998,-15.666301,-52.738201,18.801300,-93.396698,0.129960,17.611099,-0.241903,-0.495702,-0.654551,0.517036,1258.169067,1540.187378,-3631.686768,1260.958374,1458.928345,-3634.609619,1270.440308,1581.048096,-3663.222900,1241.912964,1494.841675,-3587.431885,1259.364502,1625.931519,-3641.482422,1261.204712,1459.190308,-3634.700439,1270.208374,1580.698975,-3663.493652,1241.736816,1495.008179,-3587.376953,1259.523315,1625.813721,-3641.202881,2616.288330,1567.720581,-3159.750732,,,,,,,,,,,,,,,,,,,,,,,,,,,,,,,,,
1784,17.840000,0.000000,0.000000,0.000000,1.000000,0.000000,0.000000,0.000000,57.698101,20.499701,-14.700500,0.047771,-0.013570,0.015998,-15.666301,-52.738201,18.801300,-93.396698,0.129960,17.611099,-0.241961,-0.495506,-0.654857,0.516808,1257.313965,1540.053955,-3632.235352,1260.041260,1458.793945,-3635.189697,1269.619629,1580.917603,-3663.754150,1241.018799,1494.703491,-3587.999756,1258.576294,1625.801025,-3641.997314,1260.374756,1459.142822,-3635.272217,1269.263306,1580.496094,-3664.097412,1240.791138,1494.865479,-3587.951416,1258.826782,1625.656494,-3641.657715,2616.278320,1567.743774,-3159.766602,,,,,,,,,,,,,,,,,,,,,,,,,,,,,,,,,
1785,17.850000,0.000000,0.000000,0.000000,1.000000,0.000000,0.000000,0.000000,57.698101,20.499701,-14.700500,0.047771,-0.013570,0.015998,-15.666301,-52.738201,18.801300,-93.396698,0.129960,17.611099,-0.240680,-0.496296,-0.655243,0.516159,1256.466675,1539.899048,-3632.771973,1259.236572,1458.641235,-3635.746582,1268.860474,1580.778809,-3664.235352,1240.042969,1494.526123,-3588.607178,1257.726685,1625.650024,-3642.499023,1259.565552,1459.054810,-3635.854004,1268.550171,1580.365479,-3664.579102,1239.813843,1494.637695,-3588.514648,1257.952271,1625.511841,-3642.188721,2616.293701,1567.726440,-3159.770752,,,,,,,,,,,,,,,,,,,,,,,,,,,,,,,,,
1786,17.860000,0.000000,0.000000,0.000000,1.000000,0.000000,0.000000,0.000000,57.698101,20.499701,-14.700500,0.047771,-0.013570,0.015998,-15.666301,-52.738201,18.801300,-93.396698,0.129960,17.611099,-0.238970,-0.497292,-0.655564,0.515588,1255.742188,1539.776978,-3633.289062,1258.613159,1458.523804,-3636.293213,1268.216431,1580.686157,-3664.682129,1239.192139,1494.363770,-3589.212891,1256.946899,1625.534180,-3642.968262,1258.830811,1458.961060,-3636.449707,1268.097656,1580.371948,-3664.941650,1239.024780,1494.438232,-3589.062500,1257.040771,1625.363647,-3642.748779,2616.297852,1567.725586,-3159.784180,,,,,,,,,,,,,,,,,,,,,,,,,,,,,,,,,
1787,17.870000,0.000000,0.000000,0.000000,1.000000,0.000000,0.000000,0.000000,57.698101,20.499701,-14.700500,0.047771,-0.013570,0.015998,-15.666301,-52.738201,18.801300,-93.396698,0.129960,17.611099,-0.238271,-0.497557,-0.655913,0.515212,1254.944336,1539.631226,-3633.855225,1257.817993,1458.379639,-3636.897949,1267.474121,1580.557129,-3665.204590,1238.316650,1494.194702,-3589.832031,1256.168335,1625.393799,-3643.485596,1258.029663,1458.844238,-3637.083496,1267.392578,1580.249146,-3665.485840,1238.133301,1494.211426,-3589.616211,1256.243164,1625.265503,-3643.292236,2616.284668,1567.722534,-3159.798340,,,,,,,,,,,,,,,,,,,,,,,,,,,,,,,,,
1788,17.880000,0.000000,0.000000,0.000000,1.000000,0.000000,0.000000,0.000000,57.698101,20.499701,-14.700500,0.047771,-0.013570,0.015998,-15.666301,-52.738201,18.801300,-93.396698,0.129960,17.611099,-0.238128,-0.497504,-0.656197,0.514966,1254.159180,1539.488281,-3634.426514,1256.993896,1458.236450,-3637.499268,1266.725708,1580.419922,-3665.753906,1237.486206,1494.043335,-3590.429443,1255.431030,1625.253784,-3644.023682,1257.117065,1458.619019,-3637.680420,1266.750000,1580.201904,-3665.990234,1237.358765,1494.084839,-3590.216309,1255.426025,1625.082886,-3643.852295,2616.280029,1567.726685,-3159.816162,,,,,,,,,,,,,,,,,,,,,,,,,,,,,,,,,
1789,17.890000,0.000000,0.000000,0.000000,1.000000,0.000000,0.000000,0.000000,57.698101,20.499701,-14.700500,0.047771,-0.013570,0.015998,-15.666301,-52.738201,18.801300,-93.396698,0.129960,17.611099,-0.238502,-0.497283,-0.656183,0.515025,1253.444092,1539.379028,-3634.995117,1256.245117,1458.125854,-3638.063477,1266.001709,1580.303345,-3666.335693,1236.788208,1493.943970,-3590.981445,1254.741333,1625.143311,-3644.600098,1256.211060,1458.477783,-3638.235352,1266.181519,1580.210327,-3666.445557,1236.774292,1493.972168,-3590.797607,1254.597656,1624.876221,-3644.522461,2616.319824,1567.741211,-3159.812500,,,,,,,,,,,,,,,,,,,,,,,,,,,,,,,,,
1790,17.900000,0.000000,0.000000,0.000000,1.000000,0.000000,0.000000,0.000000,57.698101,20.499701,-14.700500,0.047771,-0.013570,0.015998,-15.666301,-52.738201,18.801300,-93.396698,0.129960,17.611099,-0.240082,-0.495878,-0.656362,0.515417,1252.695068,1539.275391,-3635.588379,1255.328857,1458.018799,-3638.714355,1265.211060,1580.193848,-3666.953125,1236.120728,1493.846558,-3591.537598,1254.119751,1625.042725,-3645.148682,1255.242065,1458.238281,-3638.837158,1265.445923,1580.129028,-3667.034912,1236.165039,1493.949829,-3591.429443,1253.908447,1624.759766,-3645.054932,2616.306885,1567.763794,-3159.811523,,,,,,,,,,,,,,,,,,,,,,,,,,,,,,,,,
1791,17.910000,0.000000,0.000000,0.000000,1.000000,0.000000,0.000000,0.000000,57.698101,20.499701,-14.700500,0.047771,-0.013570,0.015998,-15.666301,-52.738201,18.801300,-93.396698,0.129960,17.611099,-0.240355,-0.495459,-0.656725,0.515230,1251.937378,1539.174316,-3636.163574,1254.481079,1457.916626,-3639.334229,1264.484497,1580.095947,-3667.511475,1235.332397,1493.739868,-3592.129639,1253.451538,1624.945068,-3645.678223,1254.334473,1458.062256,-3639.423096,1264.784180,1580.096680,-3667.538086,1235.436768,1493.878052,-3592.075439,1253.169678,1624.613403,-3645.612305,2616.286621,1567.741577,-3159.822998,,,,,,,,,,,,,,,,,,,,,,,,,,,,,,,,,
1792,17.920000,0.000000,0.000000,0.000000,1.000000,0.000000,0.000000,0.000000,57.698101,20.499701,-14.700500,0.047771,-0.013570,0.015998,-15.666301,-52.738201,18.801300,-93.396698,0.129960,17.611099,-0.241082,-0.494895,-0.656886,0.515228,1251.187012,1539.098511,-3636.710449,1253.631836,1457.838379,-3639.896973,1263.735840,1580.010254,-3668.070557,1234.593384,1493.676758,-3592.659424,1252.786621,1624.868896,-3646.214844,1253.478638,1457.913208,-3639.973633,1264.036377,1580.028076,-3668.069824,1234.722900,1493.874756,-3592.640381,1252.490479,1624.533691,-3646.146240,2616.316162,1567.722534,-3159.801758,,,,,,,,,,,,,,,,,,,,,,,,,,,,,,,,,
1793,17.930000,0.000000,0.000000,0.000000,1.000000,0.000000,0.000000,0.000000,57.698101,20.499701,-14.700500,0.047771,-0.013570,0.015998,-15.666301,-52.738201,18.801300,-93.396698,0.129960,17.611099,-0.240744,-0.494883,-0.657343,0.514813,1250.456787,1539.071167,-3637.244873,1252.849121,1457.811401,-3640.479004,1263.067139,1579.993774,-3668.566406,1233.785156,1493.633789,-3593.239502,1252.125610,1624.846313,-3646.694580,1252.667236,1457.876953,-3640.564697,1263.389648,1580.046143,-3668.487549,1233.943481,1493.836060,-3593.229980,1251.804077,1624.473633,-3646.689941,2616.277832,1567.754028,-3159.813721,,,,,,,,,,,,,,,,,,,,,,,,,,,,,,,,,
1794,17.940000,0.000000,0.000000,0.000000,1.000000,0.000000,0.000000,0.000000,57.698101,20.499701,-14.700500,0.047771,-0.013570,0.015998,-15.666301,-52.738201,18.801300,-93.396698,0.129960,17.611099,-0.240139,-0.494676,-0.657987,0.514472,1249.786499,1539.061279,-3637.736084,1252.133301,1457.804565,-3641.078369,1262.460327,1580.018921,-3668.986084,1233.033081,1493.573853,-3593.813721,1251.519287,1624.848267,-3647.066162,1251.994385,1457.790283,-3641.166016,1262.697510,1580.059570,-3668.873291,1233.180786,1493.846924,-3593.832764,1251.264038,1624.527710,-3647.066406,2616.274902,1567.766113,-3159.823242,,,,,,,,,,,,,,,,,,,,,,,,,,,,,,,,,
1795,17.950000,0.000000,0.000000,0.000000,1.000000,0.000000,0.000000,0.000000,57.698101,20.499701,-14.700500,0.047771,-0.013570,0.015998,-15.666301,-52.738201,18.801300,-93.396698,0.129960,17.611099,-0.240179,-0.494391,-0.658082,0.514607,1249.086304,1539.034790,-3638.294922,1251.423584,1457.779541,-3641.678223,1261.750610,1580.006592,-3669.530273,1232.347534,1493.527466,-3594.387451,1250.823364,1624.826172,-3647.583496,1251.397339,1457.727661,-3641.749512,1261.822998,1579.990356,-3669.503418,1232.405029,1493.852051,-3594.421875,1250.713379,1624.593140,-3647.499756,2616.323242,1567.720093,-3159.788574,,,,,,,,,,,,,,,,,,,,,,,,,,,,,,,,,
1796,17.960000,0.000000,0.000000,0.000000,1.000000,0.000000,0.000000,0.000000,57.698101,20.499701,-14.700500,0.047771,-0.013570,0.015998,-15.666301,-52.738201,18.801300,-93.396698,0.129960,17.611099,-0.240615,-0.494061,-0.658114,0.514679,1248.234985,1538.975952,-3638.904785,1250.526245,1457.719604,-3642.294922,1260.890625,1579.942749,-3670.150146,1231.514648,1493.474976,-3594.983643,1250.008301,1624.766846,-3648.190430,1250.616089,1457.695801,-3642.340576,1260.808350,1579.830322,-3670.218262,1231.465088,1493.773071,-3595.029785,1250.042969,1624.631714,-3648.025391,2616.302734,1567.706543,-3159.765869,,,,,,,,,,,,,,,,,,,,,,,,,,,,,,,,,
1797,17.970000,0.000000,0.000000,0.000000,1.000000,0.000000,0.000000,0.000000,57.698101,20.499701,-14.700500,0.047771,-0.013570,0.015998,-15.666301,-52.738201,18.801300,-93.396698,0.129960,17.611099,-0.239950,-0.494970,-0.658002,0.514259,1247.256958,1538.896851,-3639.535645,1249.608887,1457.639160,-3642.853516,1259.953491,1579.846069,-3670.787354,1230.471313,1493.421021,-3595.613281,1248.994263,1624.681152,-3648.888672,1249.787720,1457.697510,-3642.946045,1259.779907,1579.651611,-3670.905029,1230.342651,1493.670288,-3595.585693,1249.104858,1624.570557,-3648.707275,2616.301270,1567.739136,-3159.753662,,,,,,,,,,,,,,,,,,,,,,,,,,,,,,,,,
1798,17.980000,0.000000,0.000000,0.000000,1.000000,0.000000,0.000000,0.000000,57.698101,20.499701,-14.700500,0.047771,-0.013570,0.015998,-15.666301,-52.738201,18.801300,-93.396698,0.129960,17.611099,-0.240228,-0.495307,-0.657604,0.514314,1246.278931,1538.803589,-3640.169189,1248.659790,1457.543213,-3643.398438,1258.952148,1579.723267,-3671.468994,1229.521362,1493.369995,-3596.192627,1247.982178,1624.578247,-3649.616455,1248.907349,1457.703857,-3643.512695,1258.723877,1579.440308,-3671.699219,1229.335449,1493.578613,-3596.114014,1248.138062,1624.469849,-3649.368164,2616.314453,1567.747925,-3159.746094,,,,,,,,,,,,,,,,,,,,,,,,,,,,,,,,,
1799,17.990000,0.000000,0.000000,0.000000,1.000000,0.000000,0.000000,0.000000,57.698101,20.499701,-14.700500,0.047771,-0.013570,0.015998,-15.666301,-52.738201,18.801300,-93.396698,0.129960,17.611099,-0.239817,-0.495729,-0.657627,0.514070,1245.313477,1538.684937,-3640.802979,1247.719971,1457.424561,-3644.010986,1258.014282,1579.600952,-3672.096680,1228.514160,1493.256836,-3596.836914,1247.005615,1624.458008,-3650.267822,1248.034790,1457.681152,-3644.147461,1257.734253,1579.273926,-3672.408936,1228.274902,1493.412964,-3596.705566,1247.211548,1624.348999,-3649.985107,2616.344238,1567.731689,-3159.729492,,,,,,,,,,,,,,,,,,,,,,,,,,,,,,,,,
1800,18.000000,0.000000,0.000000,0.000000,1.000000,0.000000,0.000000,0.000000,57.698101,20.499701,-14.700500,0.047771,-0.013570,0.015998,-15.666301,-52.738201,18.801300,-93.396698,0.129960,17.611099,-0.239535,-0.496357,-0.657372,0.513921,1244.357666,1538.581665,-3641.454102,1246.820068,1457.319946,-3644.589600,1257.064575,1579.478882,-3672.769775,1227.541870,1493.180420,-3597.466309,1246.004150,1624.347412,-3650.990967,1247.184326,1457.682495,-3644.744873,1256.739990,1579.096069,-3673.116699,1227.278931,1493.364746,-3597.334229,1246.240723,1624.160034,-3650.663574,2616.284668,1567.757446,-3159.736084,,,,,,,,,,,,,,,,,,,,,,,,,,,,,,,,,
1801,18.010000,0.000000,0.000000,0.000000,1.000000,0.000000,0.000000,0.000000,57.698101,20.499701,-14.700500,0.047771,-0.013570,0.015998,-15.666301,-52.738201,18.801300,-93.396698,0.129960,17.611099,-0.238896,-0.496883,-0.657582,0.513442,1243.439575,1538.443359,-3642.052734,1245.911255,1457.181641,-3645.178711,1256.206055,1579.339233,-3673.345459,1226.539551,1493.043945,-3598.095215,1245.101196,1624.208740,-3651.591064,1246.281738,1457.643188,-3645.352051,1255.911377,1578.991821,-3673.706299,1226.268799,1493.177002,-3597.923340,1245.331421,1623.970581,-3651.277344,2616.249756,1567.752686,-3159.743652,,,,,,,,,,,,,,,,,,,,,,,,,,,,,,,,,
1802,18.020000,0.000000,0.000000,0.000000,1.000000,0.000000,0.000000,0.000000,57.698101,20.499701,-14.700500,0.047771,-0.013570,0.015998,-15.666301,-52.738201,18.801300,-93.396698,0.129960,17.611099,-0.237767,-0.497706,-0.657946,0.512702,1242.556030,1538.314087,-3642.679932,1245.051636,1457.053101,-3645.805176,1255.416870,1579.214966,-3673.927734,1225.521362,1492.907959,-3598.781250,1244.234009,1624.080688,-3652.205566,1245.244629,1457.512207,-3646.015381,1255.358643,1579.009033,-3674.132812,1225.366333,1493.038818,-3598.590576,1244.287476,1623.736450,-3651.998535,2616.263428,1567.747559,-3159.739258,,,,,,,,,,,,,,,,,,,,,,,,,,,,,,,,,
1803,18.030000,0.000000,0.000000,0.000000,1.000000,0.000000,0.000000,0.000000,57.698101,20.499701,-14.700500,0.047771,-0.013570,0.015998,-15.666301,-52.738201,18.801300,-93.396698,0.129960,17.611099,-0.237358,-0.498197,-0.658035,0.512299,1241.691528,1538.199097,-3643.325928,1244.193237,1456.937134,-3646.420410,1254.598022,1579.089722,-3674.568359,1224.592529,1492.807129,-3599.437744,1243.382080,1623.962402,-3652.877441,1244.205933,1457.361938,-3646.611328,1254.737427,1578.938721,-3674.705322,1224.558960,1492.918457,-3599.277344,1243.251099,1623.587158,-3652.725098,2616.267334,1567.769531,-3159.735352,,,,,,,,,,,,,,,,,,,,,,,,,,,,,,,,,
1804,18.040000,0.000000,0.000000,0.000000,1.000000,0.000000,0.000000,0.000000,57.698101,20.499701,-14.700500,0.047771,-0.013570,0.015998,-15.666301,-52.738201,18.801300,-93.396698,0.129960,17.611099,-0.238151,-0.497483,-0.657856,0.512855,1240.830566,1538.058350,-3644.017334,1243.307373,1456.796509,-3647.135010,1253.670288,1578.953003,-3675.281738,1223.828003,1492.660767,-3600.097412,1242.516357,1623.823364,-3653.554443,1243.190063,1457.107910,-3647.305420,1253.950928,1578.850586,-3675.317383,1223.896729,1492.800415,-3599.980713,1242.244873,1623.440063,-3653.474121,2616.274658,1567.760132,-3159.724121,,,,,,,,,,,,,,,,,,,,,,,,,,,,,,,,,
1805,18.050000,0.000000,0.000000,0.000000,1.000000,0.000000,0.000000,0.000000,57.698101,20.499701,-14.700500,0.047771,-0.013570,0.015998,-15.666301,-52.738201,18.801300,-93.396698,0.129960,17.611099,-0.239016,-0.496376,-0.658056,0.513268,1240.024414,1537.945557,-3644.707031,1242.407959,1456.684082,-3647.909424,1252.826172,1578.856812,-3675.965332,1223.087891,1492.523438,-3600.786865,1241.775757,1623.717896,-3654.166016,1242.202271,1456.914307,-3648.015869,1253.198608,1578.813843,-3675.935303,1223.237549,1492.666870,-3600.746094,1241.418213,1623.332397,-3654.128906,2616.281738,1567.764404,-3159.718506,,,,,,,,,,,,,,,,,,,,,,,,,,,,,,,,,
1806,18.060000,0.000000,0.000000,0.000000,1.000000,0.000000,0.000000,0.000000,57.698101,20.499701,-14.700500,0.047771,-0.013570,0.015998,-15.666301,-52.738201,18.801300,-93.396698,0.129960,17.611099,-0.240145,-0.495353,-0.657991,0.513813,1239.227051,1537.841187,-3645.388184,1241.533447,1456.579224,-3648.629150,1251.965454,1578.753906,-3676.670654,1222.389526,1492.416138,-3601.433350,1241.019775,1623.615723,-3654.819580,1241.364746,1456.754272,-3648.661865,1252.251465,1578.686157,-3676.675049,1222.538574,1492.594360,-3601.481934,1240.726562,1623.289429,-3654.722168,2616.277344,1567.724121,-3159.726807,,,,,,,,,,,,,,,,,,,,,,,,,,,,,,,,,
1807,18.070000,0.000000,0.000000,0.000000,1.000000,0.000000,0.000000,0.000000,57.698101,20.499701,-14.700500,0.047771,-0.013570,0.015998,-15.666301,-52.738201,18.801300,-93.396698,0.129960,17.611099,-0.240663,-0.494569,-0.658435,0.513756,1238.444580,1537.739014,-3646.095459,1240.631348,1456.476807,-3649.413330,1251.203003,1578.662109,-3677.355957,1221.595947,1492.297852,-3602.161377,1240.347778,1623.519531,-3655.451172,1240.461670,1456.540649,-3649.420166,1251.491333,1578.638306,-3677.364258,1221.763184,1492.514526,-3602.244141,1240.051880,1623.234741,-3655.343994,2616.267822,1567.770386,-3159.735596,,,,,,,,,,,,,,,,,,,,,,,,,,,,,,,,,
1808,18.080000,0.000000,0.000000,0.000000,1.000000,0.000000,0.000000,0.000000,57.698101,20.499701,-14.700500,0.047771,-0.013570,0.015998,-15.666301,-52.738201,18.801300,-93.396698,0.129960,17.611099,-0.240470,-0.494376,-0.658772,0.513601,1237.656128,1537.621582,-3646.819092,1239.807373,1456.360840,-3650.193848,1250.444824,1578.561157,-3678.045654,1220.770630,1492.156860,-3602.923584,1239.601562,1623.407837,-3656.112793,1239.703613,1456.413696,-3650.193115,1250.653076,1578.515381,-3678.125977,1220.880371,1492.375977,-3602.996094,1239.379028,1623.159424,-3655.947998,2616.247559,1567.720947,-3159.754395,,,,,,,,,,,,,,,,,,,,,,,,,,,,,,,,,
1809,18.090000,0.000000,0.000000,0.000000,1.000000,0.000000,0.000000,0.000000,57.698101,20.499701,-14.700500,0.047771,-0.013570,0.015998,-15.666301,-52.738201,18.801300,-93.396698,0.129960,17.611099,-0.240682,-0.493931,-0.658941,0.513713,1236.875244,1537.512817,-3647.548340,1238.987427,1456.252930,-3650.972900,1249.658325,1578.465088,-3678.760742,1220.003052,1492.029663,-3603.666748,1238.852295,1623.303711,-3656.793213,1238.883911,1456.326416,-3650.979004,1249.851685,1578.411621,-3678.806885,1220.119629,1492.261963,-3603.748779,1238.634766,1623.028442,-3656.646729,2616.250732,1567.721069,-3159.756592,,,,,,,,,,,,,,,,,,,,,,,,,,,,,,,,,
1810,18.100000,0.000000,0.000000,0.000000,1.000000,0.000000,0.000000,0.000000,57.698101,20.499701,-14.700500,0.047771,-0.013570,0.015998,-15.666301,-52.738201,18.801300,-93.396698,0.129960,17.611099,-0.240319,-0.493995,-0.659003,0.513743,1236.089478,1537.375610,-3648.350342,1238.233154,1456.117798,-3651.802979,1248.874512,1578.343872,-3679.540527,1219.209961,1491.870361,-3604.494385,1238.040039,1623.170532,-3657.562744,1238.233398,1456.219604,-3651.828125,1248.921875,1578.226929,-3679.613281,1219.231201,1492.072021,-3604.541016,1237.965698,1622.974365,-3657.407471,2616.265625,1567.739624,-3159.776855,,,,,,,,,,,,,,,,,,,,,,,,,,,,,,,,,
1811,18.110000,0.000000,0.000000,0.000000,1.000000,0.000000,0.000000,0.000000,57.698101,20.499701,-14.700500,0.047771,-0.013570,0.015998,-15.666301,-52.738201,18.801300,-93.396698,0.129960,17.611099,-0.240184,-0.494445,-0.658782,0.513656,1235.271362,1537.222656,-3649.185547,1237.454712,1455.963379,-3652.579102,1248.056885,1578.174438,-3680.397461,1218.385620,1491.740967,-3605.307861,1237.188110,1623.011841,-3658.458252,1237.567871,1456.082031,-3652.596436,1247.937500,1578.009277,-3680.515381,1218.312988,1491.875122,-3605.333496,1237.263550,1622.912109,-3658.298828,2616.290283,1567.731934,-3159.785400,,,,,,,,,,,,,,,,,,,,,,,,,,,,,,,,,
1812,18.120000,0.000000,0.000000,0.000000,1.000000,0.000000,0.000000,0.000000,57.698101,20.499701,-14.700500,0.047771,-0.013570,0.015998,-15.666301,-52.738201,18.801300,-93.396698,0.129960,17.611099,-0.240403,-0.494330,-0.658985,0.513403,1234.397949,1537.101562,-3650.042725,1236.514771,1455.840576,-3653.436768,1247.214966,1578.043213,-3681.255127,1217.477661,1491.633423,-3606.164307,1236.383911,1622.889160,-3659.314941,1236.753784,1455.951904,-3653.482422,1246.934326,1577.763062,-3681.475342,1217.306396,1491.776367,-3606.145752,1236.576172,1622.879639,-3659.086426,2616.267334,1567.750244,-3159.806396,,,,,,,,,,,,,,,,,,,,,,,,,,,,,,,,,
1813,18.130000,0.000000,0.000000,0.000000,1.000000,0.000000,0.000000,0.000000,57.698101,20.499701,-14.700500,0.047771,-0.013570,0.015998,-15.666301,-52.738201,18.801300,-93.396698,0.129960,17.611099,-0.239943,-0.495205,-0.658807,0.513003,1233.474243,1536.954224,-3650.927002,1235.640381,1455.690918,-3654.231689,1246.326172,1577.869873,-3682.159180,1216.498657,1491.523071,-3607.031494,1235.431641,1622.733154,-3660.285645,1235.946533,1455.868652,-3654.291260,1245.987061,1577.555176,-3682.475586,1216.271240,1491.641724,-3606.970215,1235.677124,1622.711426,-3660.004639,2616.281250,1567.724121,-3159.802246,,,,,,,,,,,,,,,,,,,,,,,,,,,,,,,,,
1814,18.140000,0.000000,0.000000,0.000000,1.000000,0.000000,0.000000,0.000000,57.698101,20.499701,-14.700500,0.047771,-0.013570,0.015998,-15.666301,-52.738201,18.801300,-93.396698,0.129960,17.611099,-0.239906,-0.495306,-0.659028,0.512640,1232.581909,1536.818604,-3651.777100,1234.699707,1455.553711,-3655.076172,1245.478394,1577.724854,-3683.003174,1215.551025,1491.400391,-3607.889648,1234.598145,1622.595947,-3661.138672,1235.047729,1455.712524,-3655.176025,1245.118652,1577.384155,-3683.378418,1215.277954,1491.523926,-3607.766357,1234.862427,1622.611450,-3660.831787,2616.289551,1567.740356,-3159.810059,,,,,,,,,,,,,,,,,,,,,,,,,,,,,,,,,
1815,18.150000,0.000000,0.000000,0.000000,1.000000,0.000000,0.000000,0.000000,57.698101,20.499701,-14.700500,0.047771,-0.013570,0.015998,-15.666301,-52.738201,18.801300,-93.396698,0.129960,17.611099,-0.240037,-0.495475,-0.658847,0.512647,1231.652466,1536.705933,-3652.739990,1233.781982,1455.439697,-3655.996338,1244.540161,1577.597412,-3683.989014,1214.632324,1491.308594,-3608.826904,1233.655396,1622.478516,-3662.147705,1234.196777,1455.669312,-3656.124512,1244.121948,1577.170410,-3684.431152,1214.317139,1491.444336,-3608.676514,1233.957397,1622.485718,-3661.792480,2616.285156,1567.754150,-3159.820068,,,,,,,,,,,,,,,,,,,,,,,,,,,,,,,,,
1816,18.160000,0.000000,0.000000,0.000000,1.000000,0.000000,0.000000,0.000000,57.698101,20.499701,-14.700500,0.047771,-0.013570,0.015998,-15.666301,-52.738201,18.801300,-93.396698,0.129960,17.611099,-0.239893,-0.495952,-0.658771,0.512351,1230.760010,1536.630493,-3653.683838,1232.897461,1455.362061,-3656.881348,1243.674561,1577.500854,-3684.949463,1213.701416,1491.262695,-3609.755127,1232.766602,1622.396606,-3663.149658,1233.300293,1455.634277,-3657.022705,1243.302124,1577.096313,-3685.399658,1213.391357,1491.397705,-3609.585938,1233.041016,1622.352295,-3662.791016,2616.271484,1567.684326,-3159.817139,,,,,,,,,,,,,,,,,,,,,,,,,,,,,,,,,
1817,18.170000,0.000000,0.000000,0.000000,1.000000,0.000000,0.000000,0.000000,57.698101,20.499701,-14.700500,0.047771,-0.013570,0.015998,-15.666301,-52.738201,18.801300,-93.396698,0.129960,17.611099,-0.239912,-0.496056,-0.658937,0.512028,1229.831665,1536.564941,-3654.627197,1231.924683,1455.294800,-3657.811523,1242.784424,1577.423462,-3685.892334,1212.726318,1491.213257,-3610.699951,1231.891357,1622.328491,-3664.104248,1232.271240,1455.615356,-3657.972168,1242.495483,1577.057739,-3686.247803,1212.461060,1491.331665,-3610.525879,1232.104614,1622.238037,-3663.815918,2616.342773,1567.726807,-3159.793213,,,,,,,,,,,,,,,,,,,,,,,,,,,,,,,,,
1818,18.180000,0.000000,0.000000,0.000000,1.000000,0.000000,0.000000,0.000000,57.698101,20.499701,-14.700500,0.047771,-0.013570,0.015998,-15.666301,-52.738201,18.801300,-93.396698,0.129960,17.611099,-0.239334,-0.496883,-0.658629,0.511893,1228.859253,1536.502808,-3655.598145,1231.047363,1455.232422,-3658.708740,1241.816528,1577.348511,-3686.878418,1211.734131,1491.170288,-3611.658691,1230.838989,1622.260376,-3665.146484,1231.342407,1455.619507,-3658.920166,1241.605835,1577.038086,-3687.089844,1211.520874,1491.335571,-3611.488037,1230.993042,1622.043701,-3664.932373,2616.308838,1567.717773,-3159.800293,,,,,,,,,,,,,,,,,,,,,,,,,,,,,,,,,
1819,18.190000,0.000000,0.000000,0.000000,1.000000,0.000000,0.000000,0.000000,57.698101,20.499701,-14.700500,0.047771,-0.013570,0.015998,-15.666301,-52.738201,18.801300,-93.396698,0.129960,17.611099,-0.239811,-0.496450,-0.658864,0.511787,1227.967529,1536.519409,-3656.588379,1230.066650,1455.247559,-3659.722412,1240.941528,1577.359497,-3687.868896,1210.831665,1491.193359,-3612.646240,1230.030151,1622.277222,-3666.115723,1230.314087,1455.652832,-3659.915527,1240.786011,1577.134644,-3688.054443,1210.651733,1491.352295,-3612.490234,1230.155518,1621.964844,-3665.911133,2616.304443,1567.708130,-3159.799316,,,,,,,,,,,,,,,,,,,,,,,,,,,,,,,,,
1820,18.200000,0.000000,0.000000,0.000000,1.000000,0.000000,0.000000,0.000000,57.698101,20.499701,-14.700500,0.047771,-0.013570,0.015998,-15.666301,-52.738201,18.801300,-93.396698,0.129960,17.611099,-0.239123,-0.496991,-0.658798,0.511670,1227.045654,1536.514893,-3657.588623,1229.219238,1455.244385,-3660.708740,1240.032959,1577.362061,-3688.854492,1209.880859,1491.179932,-3613.667236,1229.049683,1622.273315,-3667.124268,1229.358765,1455.680664,-3660.904785,1240.009033,1577.254883,-3688.983643,1209.764648,1491.288452,-3613.490723,1229.077637,1621.853760,-3666.979492,2616.280029,1567.747437,-3159.802246,,,,,,,,,,,,,,,,,,,,,,,,,,,,,,,,,
1821,18.210000,0.000000,0.000000,0.000000,1.000000,0.000000,0.000000,0.000000,57.698101,20.499701,-14.700500,0.047771,-0.013570,0.015998,-15.666301,-52.738201,18.801300,-93.396698,0.129960,17.611099,-0.239351,-0.496604,-0.658792,0.511946,1226.129883,1536.517456,-3658.603760,1228.296875,1455.248291,-3661.758545,1239.088379,1577.376709,-3689.865479,1209.005859,1491.165649,-3614.683838,1228.128174,1622.279663,-3668.106445,1228.315796,1455.653564,-3661.933105,1239.195801,1577.282227,-3689.975830,1208.970337,1491.262573,-3614.531982,1228.022217,1621.870728,-3667.980957,2616.292725,1567.764282,-3159.806641,,,,,,,,,,,,,,,,,,,,,,,,,,,,,,,,,
1822,18.220000,0.000000,0.000000,0.000000,1.000000,0.000000,0.000000,0.000000,57.698101,20.499701,-14.700500,0.047771,-0.013570,0.015998,-15.666301,-52.738201,18.801300,-93.396698,0.129960,17.611099,-0.239861,-0.495032,-0.658794,0.513225,1225.171021,1536.412231,-3659.765869,1227.360962,1455.151001,-3663.104492,1238.001221,1577.344482,-3690.985107,1208.222168,1490.958130,-3615.883789,1227.099365,1622.195557,-3669.090332,1227.289429,1455.251831,-3663.383057,1238.273193,1577.318604,-3690.992432,1208.252686,1491.190552,-3615.622070,1226.845947,1621.875488,-3669.058350,2616.313232,1567.779907,-3159.785400,,,,,,,,,,,,,,,,,,,,,,,,,,,,,,,,,
1823,18.230000,0.000000,0.000000,0.000000,1.000000,0.000000,0.000000,0.000000,57.698101,20.499701,-14.700500,0.047771,-0.013570,0.015998,-15.666301,-52.738201,18.801300,-93.396698,0.129960,17.611099,-0.240236,-0.494378,-0.658393,0.514195,1224.255615,1536.378174,-3660.843506,1226.519287,1455.120972,-3664.231445,1236.972290,1577.340210,-3692.070312,1207.454224,1490.883179,-3616.947266,1226.076416,1622.168457,-3670.125488,1226.405029,1454.965820,-3664.513916,1237.314575,1577.373169,-3692.059082,1207.531006,1491.233032,-3616.701660,1225.767822,1621.954102,-3670.086914,2616.301025,1567.751343,-3159.760254,,,,,,,,,,,,,,,,,,,,,,,,,,,,,,,,,
1824,18.240000,0.000000,0.000000,0.000000,1.000000,0.000000,0.000000,0.000000,57.698101,20.499701,-14.700500,0.047771,-0.013570,0.015998,-15.666301,-52.738201,18.801300,-93.396698,0.129960,17.611099,-0.239792,-0.494655,-0.657970,0.514677,1223.331909,1536.371704,-3661.865723,1225.729858,1455.117920,-3665.245605,1235.987305,1577.351807,-3693.093750,1206.596802,1490.853271,-3617.968018,1225.013550,1622.164062,-3671.155518,1225.563354,1454.855835,-3665.534424,1236.370117,1577.440674,-3692.985107,1206.718140,1491.193726,-3617.750977,1224.681396,1621.999634,-3671.194092,2616.307861,1567.750366,-3159.739502,,,,,,,,,,,,,,,,,,,,,,,,,,,,,,,,,
1825,18.250000,0.000000,0.000000,0.000000,1.000000,0.000000,0.000000,0.000000,57.698101,20.499701,-14.700500,0.047771,-0.013570,0.015998,-15.666301,-52.738201,18.801300,-93.396698,0.129960,17.611099,-0.240357,-0.493858,-0.658085,0.515031,1222.422241,1536.405518,-3662.864746,1224.765503,1455.152954,-3666.309814,1235.043945,1577.401489,-3694.085449,1205.741821,1490.864136,-3618.970215,1224.137695,1622.203857,-3672.093262,1224.604126,1454.784668,-3666.608643,1235.376953,1577.466431,-3693.942139,1205.869019,1491.253418,-3618.788818,1223.839844,1622.107422,-3672.136230,2616.312744,1567.731323,-3159.733643,,,,,,,,,,,,,,,,,,,,,,,,,,,,,,,,,
1826,18.260000,0.000000,0.000000,0.000000,1.000000,0.000000,0.000000,0.000000,57.698101,20.499701,-14.700500,0.047771,-0.013570,0.015998,-15.666301,-52.738201,18.801300,-93.396698,0.129960,17.611099,-0.240823,-0.492809,-0.658519,0.515263,1221.522095,1536.439453,-3663.828125,1223.769409,1455.189331,-3667.394287,1234.135742,1577.466309,-3695.011475,1204.866455,1490.853271,-3619.970703,1223.316772,1622.248901,-3672.936035,1223.597534,1454.732544,-3667.731689,1234.489502,1577.536133,-3694.890381,1204.994873,1491.292236,-3619.766113,1223.000122,1622.164917,-3672.957764,2616.264648,1567.737549,-3159.739014,,,,,,,,,,,,,,,,,,,,,,,,,,,,,,,,,
1827,18.270000,0.000000,0.000000,0.000000,1.000000,0.000000,0.000000,0.000000,57.698101,20.499701,-14.700500,0.047771,-0.013570,0.015998,-15.666301,-52.738201,18.801300,-93.396698,0.129960,17.611099,-0.241038,-0.491972,-0.658906,0.515468,1220.684814,1536.489380,-3664.734863,1222.867432,1455.242676,-3668.414307,1233.292725,1577.549438,-3695.876953,1204.046143,1490.855957,-3620.920166,1222.532593,1622.309814,-3673.728027,1222.757080,1454.759888,-3668.703369,1233.552124,1577.592529,-3695.829834,1204.137329,1491.330688,-3620.760498,1222.282715,1622.245605,-3673.680664,2616.279297,1567.746094,-3159.724609,,,,,,,,,,,,,,,,,,,,,,,,,,,,,,,,,
1828,18.280000,0.000000,0.000000,0.000000,1.000000,0.000000,0.000000,0.000000,57.698101,20.499701,-14.700500,0.047771,-0.013570,0.015998,-15.666301,-52.738201,18.801300,-93.396698,0.129960,17.611099,-0.241204,-0.491371,-0.658891,0.515983,1219.901123,1536.528442,-3665.598877,1222.098511,1455.285400,-3669.350586,1232.457031,1577.618164,-3696.722656,1203.332642,1490.853638,-3621.800781,1221.716187,1622.357056,-3674.521240,1222.133667,1454.789917,-3669.567383,1232.539185,1577.619629,-3696.775635,1203.322632,1491.344360,-3621.693848,1221.609009,1622.337646,-3674.385254,2616.283203,1567.775269,-3159.723145,,,,,,,,,,,,,,,,,,,,,,,,,,,,,,,,,
1829,18.290000,0.000000,0.000000,0.000000,1.000000,0.000000,0.000000,0.000000,57.698101,20.499701,-14.700500,0.047771,-0.013570,0.015998,-15.666301,-52.738201,18.801300,-93.396698,0.129960,17.611099,-0.241430,-0.491048,-0.658561,0.516606,1219.047607,1536.526855,-3666.453857,1221.303223,1455.286133,-3670.222168,1231.527588,1577.631470,-3697.588379,1202.576416,1490.831665,-3622.640381,1220.782837,1622.358154,-3675.364258,1221.442261,1454.848633,-3670.321533,1231.468262,1577.602051,-3697.715088,1202.497070,1491.297607,-3622.638184,1220.797363,1622.360107,-3675.150146,2616.294434,1567.782593,-3159.719238,,,,,,,,,,,,,,,,,,,,,,,,,,,,,,,,,
1830,18.300000,0.000000,0.000000,0.000000,1.000000,0.000000,0.000000,0.000000,57.698101,20.499701,-14.700500,0.047771,-0.013570,0.015998,-15.666301,-52.738201,18.801300,-93.396698,0.129960,17.611099,-0.241387,-0.490489,-0.658724,0.516949,1218.174927,1536.546387,-3667.277100,1220.432129,1455.309937,-3671.137207,1230.628540,1577.686035,-3698.375977,1201.740356,1490.801758,-3623.501221,1219.898682,1622.387695,-3676.093750,1220.600952,1454.982056,-3671.209717,1230.513062,1577.589844,-3698.541260,1201.632446,1491.254150,-3623.523438,1219.955688,1622.396851,-3675.837158,2616.283936,1567.757080,-3159.727295,,,,,,,,,,,,,,,,,,,,,,,,,,,,,,,,,
1831,18.310000,0.000000,0.000000,0.000000,1.000000,0.000000,0.000000,0.000000,57.698101,20.499701,-14.700500,0.047771,-0.013570,0.015998,-15.666301,-52.738201,18.801300,-93.396698,0.129960,17.611099,-0.241175,-0.490504,-0.658749,0.517000,1217.207397,1536.531372,-3668.094482,1219.486450,1455.296509,-3671.974121,1229.658325,1577.682007,-3699.179688,1200.773315,1490.771606,-3624.333984,1218.911377,1622.375366,-3676.889404,1219.718994,1455.079956,-3672.052002,1229.458008,1577.473389,-3699.450195,1200.596436,1491.256348,-3624.343506,1219.030518,1622.368164,-3676.528564,2616.246582,1567.727661,-3159.730469,,,,,,,,,,,,,,,,,,,,,,,,,,,,,,,,,
1832,18.320000,0.000000,0.000000,0.000000,1.000000,0.000000,0.000000,0.000000,57.698101,20.499701,-14.700500,0.047771,-0.013570,0.015998,-15.666301,-52.738201,18.801300,-93.396698,0.129960,17.611099,-0.241214,-0.490502,-0.658375,0.517462,1216.242676,1536.473633,-3668.892090,1218.596680,1455.240356,-3672.758545,1228.632935,1577.630493,-3699.993652,1199.882446,1490.706299,-3625.112305,1217.858521,1622.317505,-3677.703857,1218.890747,1455.146484,-3672.836670,1228.318481,1577.296997,-3700.355469,1199.644653,1491.169067,-3625.112549,1218.052124,1622.291748,-3677.281738,2616.264893,1567.748047,-3159.733643,,,,,,,,,,,,,,,,,,,,,,,,,,,,,,,,,
1833,18.330000,0.000000,0.000000,0.000000,1.000000,0.000000,0.000000,0.000000,57.698101,20.499701,-14.700500,0.047771,-0.013570,0.015998,-15.666301,-52.738201,18.801300,-93.396698,0.129960,17.611099,-0.239508,-0.491875,-0.658547,0.516731,1215.314331,1536.442749,-3669.599121,1217.782837,1455.211426,-3673.436523,1227.794312,1577.607544,-3700.654297,1198.813477,1490.665649,-3625.882324,1216.866943,1622.286621,-3678.423096,1218.080688,1455.224243,-3673.525879,1227.474243,1577.269653,-3700.990234,1198.575928,1491.081177,-3625.866211,1217.068970,1622.185059,-3678.030273,2616.236328,1567.728516,-3159.751465,,,,,,,,,,,,,,,,,,,,,,,,,,,,,,,,,
1834,18.340000,0.000000,0.000000,0.000000,1.000000,0.000000,0.000000,0.000000,57.698101,20.499701,-14.700500,0.047771,-0.013570,0.015998,-15.666301,-52.738201,18.801300,-93.396698,0.129960,17.611099,-0.238019,-0.493316,-0.658361,0.516283,1214.351807,1536.347534,-3670.328857,1216.977417,1455.117798,-3674.095215,1226.877441,1577.510864,-3701.367676,1197.765137,1490.574341,-3626.640381,1215.787231,1622.187378,-3679.212158,1217.289917,1455.253906,-3674.219238,1226.571167,1577.193726,-3701.649170,1197.529175,1490.908081,-3626.577881,1215.995483,1622.016846,-3678.879883,2616.262451,1567.791260,-3159.748535,,,,,,,,,,,,,,,,,,,,,,,,,,,,,,,,,
1835,18.350000,0.000000,0.000000,0.000000,1.000000,0.000000,0.000000,0.000000,57.698101,20.499701,-14.700500,0.047771,-0.013570,0.015998,-15.666301,-52.738201,18.801300,-93.396698,0.129960,17.611099,-0.236037,-0.494822,-0.658619,0.515421,1213.484009,1536.308716,-3670.991211,1216.232056,1455.082153,-3674.736328,1226.116699,1577.485107,-3701.969238,1196.731323,1490.518555,-3627.384277,1214.856079,1622.149536,-3679.875244,1216.488525,1455.239990,-3674.920410,1225.922363,1577.235962,-3702.143066,1196.535767,1490.837402,-3627.263672,1214.988525,1621.937500,-3679.639648,2616.270752,1567.758545,-3159.771484,,,,,,,,,,,,,,,,,,,,,,,,,,,,,,,,,
1836,18.360000,0.000000,0.000000,0.000000,1.000000,0.000000,0.000000,0.000000,57.698101,20.499701,-14.700500,0.047771,-0.013570,0.015998,-15.666301,-52.738201,18.801300,-93.396698,0.129960,17.611099,-0.233246,-0.496779,-0.658849,0.514514,1212.625244,1536.286865,-3671.633301,1215.581543,1455.067017,-3675.367188,1225.372192,1577.494873,-3702.521973,1195.684082,1490.454224,-3628.143555,1213.863159,1622.131470,-3680.500000,1215.757324,1455.268311,-3675.618896,1225.318848,1577.327271,-3702.621338,1195.539307,1490.737671,-3627.944824,1213.895142,1621.849609,-3680.344238,2616.280273,1567.693726,-3159.773682,,,,,,,,,,,,,,,,,,,,,,,,,,,,,,,,,
1837,18.370000,0.000000,0.000000,0.000000,1.000000,0.000000,0.000000,0.000000,57.698101,20.499701,-14.700500,0.047771,-0.013570,0.015998,-15.666301,-52.738201,18.801300,-93.396698,0.129960,17.611099,-0.232043,-0.497634,-0.658583,0.514572,1211.761108,1536.277710,-3672.293945,1214.883789,1455.063232,-3676.010498,1224.498413,1577.506592,-3703.158936,1194.809814,1490.417603,-3628.837158,1212.852417,1622.123413,-3681.168701,1215.043579,1455.274292,-3676.241699,1224.467163,1577.395874,-3703.288574,1194.662842,1490.636841,-3628.618408,1212.879395,1621.823853,-3681.015381,2616.286865,1567.722412,-3159.773682,,,,,,,,,,,,,,,,,,,,,,,,,,,,,,,,,
1838,18.380000,0.000000,0.000000,0.000000,1.000000,0.000000,0.000000,0.000000,57.698101,20.499701,-14.700500,0.047771,-0.013570,0.015998,-15.666301,-52.738201,18.801300,-93.396698,0.129960,17.611099,-0.231203,-0.497813,-0.658853,0.514432,1210.898193,1536.288208,-3672.968750,1214.063721,1455.078491,-3676.748291,1223.664673,1577.548706,-3703.779785,1193.900269,1490.384399,-3629.576660,1211.963867,1622.141846,-3681.770752,1214.106812,1455.142944,-3676.974609,1223.742554,1577.611084,-3703.811523,1193.829224,1490.568970,-3629.324463,1211.896240,1621.809326,-3681.746094,2616.270020,1567.710083,-3159.794678,,,,,,,,,,,,,,,,,,,,,,,,,,,,,,,,,
1839,18.390000,0.000000,0.000000,0.000000,1.000000,0.000000,0.000000,0.000000,57.698101,20.499701,-14.700500,0.047771,-0.013570,0.015998,-15.666301,-52.738201,18.801300,-93.396698,0.129960,17.611099,-0.232157,-0.497262,-0.658661,0.514781,1210.004517,1536.294067,-3673.658936,1213.117065,1455.081421,-3677.422363,1222.723999,1577.538696,-3704.510254,1193.079590,1490.411865,-3630.215332,1211.097534,1622.144531,-3682.487549,1213.113159,1455.038574,-3677.656250,1222.861328,1577.663208,-3704.500488,1193.050415,1490.622192,-3629.963379,1210.977417,1621.839844,-3682.502930,2616.267822,1567.727539,-3159.804199,,,,,,,,,,,,,,,,,,,,,,,,,,,,,,,,,
1840,18.400000,0.000000,0.000000,0.000000,1.000000,0.000000,0.000000,0.000000,57.698101,20.499701,-14.700500,0.047771,-0.013570,0.015998,-15.666301,-52.738201,18.801300,-93.396698,0.129960,17.611099,-0.233224,-0.496489,-0.658953,0.514670,1209.143433,1536.351685,-3674.284424,1212.097046,1455.134033,-3678.066650,1221.879395,1577.577515,-3705.154297,1192.217773,1490.494141,-3630.814941,1210.379272,1622.201294,-3683.101807,1212.033569,1455.000244,-3678.303711,1222.083496,1577.718384,-3705.076904,1192.254395,1490.769165,-3630.610840,1210.190308,1621.912476,-3683.143066,2616.285889,1567.739990,-3159.806396,,,,,,,,,,,,,,,,,,,,,,,,,,,,,,,,,
1841,18.410000,0.000000,0.000000,0.000000,1.000000,0.000000,0.000000,0.000000,57.698101,20.499701,-14.700500,0.047771,-0.013570,0.015998,-15.666301,-52.738201,18.801300,-93.396698,0.129960,17.611099,-0.235269,-0.494658,-0.659586,0.514692,1208.251831,1536.361816,-3674.921875,1210.904175,1455.137939,-3678.793213,1220.999512,1577.572144,-3705.807373,1191.352783,1490.522339,-3631.423340,1209.750977,1622.215088,-3683.664062,1210.824829,1454.875732,-3679.048584,1221.213257,1577.686035,-3705.702393,1191.413940,1490.864014,-3631.239990,1209.552612,1622.029297,-3683.701416,2616.279541,1567.739014,-3159.814941,,,,,,,,,,,,,,,,,,,,,,,,,,,,,,,,,
1842,18.420000,0.000000,0.000000,0.000000,1.000000,0.000000,0.000000,0.000000,57.698101,20.499701,-14.700500,0.047771,-0.013570,0.015998,-15.666301,-52.738201,18.801300,-93.396698,0.129960,17.611099,-0.237391,-0.492865,-0.660285,0.514542,1207.307739,1536.328735,-3675.555420,1209.630127,1455.098389,-3679.501953,1220.085449,1577.514648,-3706.461182,1190.412964,1490.519775,-3632.023193,1209.101929,1622.182617,-3684.235596,1209.510986,1454.662720,-3679.826904,1220.369873,1577.628540,-3706.366211,1190.497559,1490.936157,-3631.802979,1208.847168,1622.062622,-3684.254883,2616.291016,1567.750000,-3159.819824,,,,,,,,,,,,,,,,,,,,,,,,,,,,,,,,,
1843,18.430000,0.000000,0.000000,0.000000,1.000000,0.000000,0.000000,0.000000,57.698101,20.499701,-14.700500,0.047771,-0.013570,0.015998,-15.666301,-52.738201,18.801300,-93.396698,0.129960,17.611099,-0.237338,-0.493082,-0.660951,0.513501,1206.517334,1536.387695,-3676.052490,1208.691528,1455.152710,-3679.989746,1219.424072,1577.546997,-3706.940186,1189.464355,1490.613892,-3632.544678,1208.489380,1622.237305,-3684.735596,1208.586670,1454.619263,-3680.288330,1219.662720,1577.626221,-3706.866699,1189.553345,1491.104248,-3632.390381,1208.256836,1622.154663,-3684.709717,2616.289795,1567.735352,-3159.819092,,,,,,,,,,,,,,,,,,,,,,,,,,,,,,,,,
1844,18.440000,0.000000,0.000000,0.000000,1.000000,0.000000,0.000000,0.000000,57.698101,20.499701,-14.700500,0.047771,-0.013570,0.015998,-15.666301,-52.738201,18.801300,-93.396698,0.129960,17.611099,-0.238108,-0.493244,-0.660759,0.513236,1205.669678,1536.430786,-3676.572510,1207.773315,1455.188965,-3680.404053,1218.589844,1577.538452,-3707.523193,1188.608032,1490.728882,-3632.992676,1207.707397,1622.267212,-3685.370117,1207.836670,1454.806885,-3680.560303,1218.635986,1577.447754,-3707.614990,1188.589966,1491.279907,-3632.958984,1207.617432,1622.256592,-3685.163086,2616.295654,1567.742310,-3159.806396,,,,,,,,,,,,,,,,,,,,,,,,,,,,,,,,,
1845,18.450000,0.000000,0.000000,0.000000,1.000000,0.000000,0.000000,0.000000,57.698101,20.499701,-14.700500,0.047771,-0.013570,0.015998,-15.666301,-52.738201,18.801300,-93.396698,0.129960,17.611099,-0.238728,-0.493666,-0.660498,0.512879,1204.557129,1536.409546,-3677.217041,1206.610352,1455.160278,-3680.916992,1217.497559,1577.458984,-3708.236328,1187.474365,1490.788696,-3633.560303,1206.646362,1622.230347,-3686.154053,1206.830200,1454.897583,-3681.053223,1217.354492,1577.184814,-3708.473145,1187.310181,1491.379639,-3633.536133,1206.706299,1622.271851,-3685.796875,2616.291748,1567.722290,-3159.803711,,,,,,,,,,,,,,,,,,,,,,,,,,,,,,,,,
1846,18.460000,0.000000,0.000000,0.000000,1.000000,0.000000,0.000000,0.000000,57.698101,20.499701,-14.700500,0.047771,-0.013570,0.015998,-15.666301,-52.738201,18.801300,-93.396698,0.129960,17.611099,-0.238035,-0.495286,-0.659771,0.512576,1203.409058,1536.434326,-3677.845947,1205.617798,1455.180664,-3681.354492,1216.354126,1577.435913,-3708.926514,1186.297974,1490.882812,-3634.128174,1205.366333,1622.238037,-3686.974609,1205.888184,1455.070557,-3681.494141,1216.114502,1577.110229,-3709.189697,1186.079834,1491.402466,-3634.081299,1205.497803,1622.204346,-3686.626465,2616.313965,1567.730835,-3159.781250,,,,,,,,,,,,,,,,,,,,,,,,,,,,,,,,,
1847,18.470000,0.000000,0.000000,0.000000,1.000000,0.000000,0.000000,0.000000,57.698101,20.499701,-14.700500,0.047771,-0.013570,0.015998,-15.666301,-52.738201,18.801300,-93.396698,0.129960,17.611099,-0.237486,-0.496104,-0.659424,0.512485,1202.183350,1536.467163,-3678.561523,1204.492188,1455.213013,-3681.992920,1215.126709,1577.455933,-3709.659912,1185.060425,1490.935303,-3634.827881,1204.053955,1622.264893,-3687.764893,1204.805542,1455.216309,-3682.150391,1214.837646,1577.161133,-3709.937256,1184.806763,1491.346802,-3634.728271,1204.241577,1622.154297,-3687.435059,2616.337646,1567.724243,-3159.757568,,,,,,,,,,,,,,,,,,,,,,,,,,,,,,,,,
1848,18.480000,0.000000,0.000000,0.000000,1.000000,0.000000,0.000000,0.000000,57.698101,20.499701,-14.700500,0.047771,-0.013570,0.015998,-15.666301,-52.738201,18.801300,-93.396698,0.129960,17.611099,-0.237518,-0.496701,-0.658656,0.512879,1200.982666,1536.561523,-3679.224854,1203.417603,1455.306274,-3682.543701,1213.856445,1577.526978,-3710.383057,1183.938843,1491.063965,-3635.424805,1202.717773,1622.349121,-3688.548340,1203.805176,1455.436890,-3682.666748,1213.467407,1577.234497,-3710.748535,1183.645264,1491.370605,-3635.332764,1202.999878,1622.173950,-3688.171387,2616.293457,1567.754639,-3159.771729,,,,,,,,,,,,,,,,,,,,,,,,,,,,,,,,,
1849,18.490000,0.000000,0.000000,0.000000,1.000000,0.000000,0.000000,0.000000,57.698101,20.499701,-14.700500,0.047771,-0.013570,0.015998,-15.666301,-52.738201,18.801300,-93.396698,0.129960,17.611099,-0.234488,-0.499459,-0.658245,0.512123,1199.954468,1536.695190,-3679.836670,1202.717896,1455.445679,-3683.031250,1212.904419,1577.668701,-3710.952393,1182.758301,1491.190186,-3636.104004,1201.437378,1622.476685,-3689.259033,1203.009888,1455.723389,-3683.129150,1212.659424,1577.475220,-3711.282959,1182.525635,1491.337158,-3635.986816,1201.640015,1622.230713,-3688.960205,2616.281982,1567.757812,-3159.772461,,,,,,,,,,,,,,,,,,,,,,,,,,,,,,,,,
1850,18.500000,0.000000,0.000000,0.000000,1.000000,0.000000,0.000000,0.000000,57.698101,20.499701,-14.700500,0.047771,-0.013570,0.015998,-15.666301,-52.738201,18.801300,-93.396698,0.129960,17.611099,-0.227291,-0.503428,-0.659896,0.509349,1198.677612,1536.557617,-3680.885498,1201.798096,1455.327148,-3684.232666,1212.004150,1577.657104,-3711.674316,1180.906860,1490.879150,-3637.565430,1200.001465,1622.367676,-3690.069824,1201.862305,1455.676392,-3683.833252,1211.775513,1577.643799,-3711.855957,1180.875122,1490.610107,-3637.875732,1200.198364,1622.332764,-3689.946289,2616.325439,1567.746704,-3159.753906,,,,,,,,,,,,,,,,,,,,,,,,,,,,,,,,,
1851,18.510000,0.000000,0.000000,0.000000,1.000000,0.000000,0.000000,0.000000,57.698101,20.499701,-14.700500,0.047771,-0.013570,0.015998,-15.666301,-52.738201,18.801300,-93.396698,0.129960,17.611099,-0.228116,-0.503532,-0.658996,0.510041,1197.579468,1536.576782,-3681.636230,1200.778076,1455.344360,-3684.862549,1210.798706,1577.641602,-3712.517334,1179.947021,1490.947876,-3638.207520,1198.794067,1622.373413,-3690.958008,1200.661499,1455.539429,-3684.552490,1210.772583,1577.710815,-3712.521729,1180.057983,1490.675781,-3638.488770,1198.824341,1622.361816,-3690.977295,2616.327881,1567.724854,-3159.727783,,,,,,,,,,,,,,,,,,,,,,,,,,,,,,,,,
1852,18.520000,0.000000,0.000000,0.000000,1.000000,0.000000,0.000000,0.000000,57.698101,20.499701,-14.700500,0.047771,-0.013570,0.015998,-15.666301,-52.738201,18.801300,-93.396698,0.129960,17.611099,-0.230260,-0.501604,-0.659274,0.510619,1196.557495,1536.640747,-3682.282227,1199.530884,1455.403442,-3685.597412,1209.719727,1577.699707,-3713.195557,1179.036255,1491.017822,-3638.802002,1197.943237,1622.442505,-3691.533447,1199.318970,1455.342163,-3685.399658,1209.850220,1577.809570,-3713.084473,1179.233154,1490.897949,-3639.027588,1197.833496,1622.496216,-3691.618408,2616.299072,1567.758667,-3159.727295,,,,,,,,,,,,,,,,,,,,,,,,,,,,,,,,,
1853,18.530000,0.000000,0.000000,0.000000,1.000000,0.000000,0.000000,0.000000,57.698101,20.499701,-14.700500,0.047771,-0.013570,0.015998,-15.666301,-52.738201,18.801300,-93.396698,0.129960,17.611099,-0.233146,-0.499565,-0.659223,0.511374,1195.533691,1536.708496,-3682.955078,1198.258545,1455.463257,-3686.292480,1208.603882,1577.731934,-3713.954102,1178.175781,1491.132446,-3639.360107,1197.096680,1622.506470,-3692.213135,1198.018188,1455.247314,-3686.154053,1208.817871,1577.846924,-3713.841064,1178.385010,1491.150269,-3639.544678,1196.908447,1622.572632,-3692.271729,2616.262451,1567.772339,-3159.745117,,,,,,,,,,,,,,,,,,,,,,,,,,,,,,,,,
1854,18.540000,0.000000,0.000000,0.000000,1.000000,0.000000,0.000000,0.000000,57.698101,20.499701,-14.700500,0.047771,-0.013570,0.015998,-15.666301,-52.738201,18.801300,-93.396698,0.129960,17.611099,-0.235294,-0.498060,-0.659351,0.511693,1194.559570,1536.841919,-3683.545654,1197.061035,1455.590210,-3686.900146,1207.590942,1577.833862,-3714.602783,1177.286987,1491.307373,-3639.873535,1196.299194,1622.636230,-3692.805664,1196.862915,1455.303467,-3686.809570,1207.772217,1577.943359,-3714.489746,1177.474731,1491.441406,-3640.047363,1196.127808,1622.660400,-3692.834717,2616.281494,1567.747314,-3159.730469,,,,,,,,,,,,,,,,,,,,,,,,,,,,,,,,,
1855,18.550000,0.000000,0.000000,0.000000,1.000000,0.000000,0.000000,0.000000,57.698101,20.499701,-14.700500,0.047771,-0.013570,0.015998,-15.666301,-52.738201,18.801300,-93.396698,0.129960,17.611099,-0.237283,-0.496833,-0.659020,0.512393,1193.733398,1537.074585,-3684.056641,1196.113647,1455.818237,-3687.389160,1206.670898,1578.036743,-3715.192383,1176.608765,1491.580566,-3640.284180,1195.540405,1622.862671,-3693.361328,1195.969727,1455.548096,-3687.307373,1206.791382,1578.176880,-3715.103027,1176.761230,1491.767822,-3640.458496,1195.417358,1622.800415,-3693.363525,2616.312012,1567.768799,-3159.713867,,,,,,,,,,,,,,,,,,,,,,,,,,,,,,,,,
1856,18.560000,0.000000,0.000000,0.000000,1.000000,0.000000,0.000000,0.000000,57.698101,20.499701,-14.700500,0.047771,-0.013570,0.015998,-15.666301,-52.738201,18.801300,-93.396698,0.129960,17.611099,-0.238121,-0.496279,-0.658729,0.512915,1192.744873,1537.221680,-3684.628418,1195.108521,1455.964722,-3687.952637,1205.614136,1578.177246,-3715.801025,1175.717285,1491.737061,-3640.808594,1194.539429,1623.008057,-3693.951660,1195.074707,1455.828247,-3687.777588,1205.545532,1578.254517,-3715.758545,1175.806885,1491.888428,-3641.108643,1194.563599,1622.930176,-3693.904541,2616.295166,1567.732300,-3159.716309,,,,,,,,,,,,,,,,,,,,,,,,,,,,,,,,,
1857,18.570000,0.000000,0.000000,0.000000,1.000000,0.000000,0.000000,0.000000,57.698101,20.499701,-14.700500,0.047771,-0.013570,0.015998,-15.666301,-52.738201,18.801300,-93.396698,0.129960,17.611099,-0.238661,-0.496262,-0.657908,0.513733,1191.714966,1537.349121,-3685.197998,1194.184082,1456.092285,-3688.448975,1204.467773,1578.292358,-3716.434814,1174.834595,1491.883179,-3641.301758,1193.373535,1623.128906,-3694.606689,1194.262573,1456.145508,-3688.143311,1204.222046,1578.220337,-3716.558594,1174.831787,1491.923096,-3641.703125,1193.541504,1623.112427,-3694.418213,2616.298096,1567.740479,-3159.735596,,,,,,,,,,,,,,,,,,,,,,,,,,,,,,,,,
1858,18.580000,0.000000,0.000000,0.000000,1.000000,0.000000,0.000000,0.000000,57.698101,20.499701,-14.700500,0.047771,-0.013570,0.015998,-15.666301,-52.738201,18.801300,-93.396698,0.129960,17.611099,-0.238669,-0.496271,-0.657238,0.514577,1190.565552,1537.377319,-3685.801514,1193.176880,1456.124146,-3689.032227,1203.208618,1578.334717,-3717.064453,1173.817749,1491.893555,-3641.873047,1192.059204,1623.157349,-3695.236328,1193.340332,1456.323730,-3688.664062,1202.826172,1578.112305,-3717.312256,1173.750488,1491.869629,-3642.286621,1192.324707,1623.195923,-3694.952148,2616.252686,1567.691406,-3159.720703,,,,,,,,,,,,,,,,,,,,,,,,,,,,,,,,,
1859,18.590000,0.000000,0.000000,0.000000,1.000000,0.000000,0.000000,0.000000,57.698101,20.499701,-14.700500,0.047771,-0.013570,0.015998,-15.666301,-52.738201,18.801300,-93.396698,0.129960,17.611099,-0.238236,-0.496004,-0.657185,0.515103,1189.452637,1537.409424,-3686.365479,1192.148315,1456.162231,-3689.677734,1202.044678,1578.411133,-3717.590576,1172.763672,1491.864502,-3642.478027,1190.853882,1623.200317,-3695.714844,1192.349487,1456.383911,-3689.322998,1201.591064,1578.097046,-3717.881836,1172.663452,1491.793579,-3642.850586,1191.161865,1623.333130,-3695.422363,2616.297852,1567.742798,-3159.736572,,,,,,,,,,,,,,,,,,,,,,,,,,,,,,,,,
1860,18.600000,0.000000,0.000000,0.000000,1.000000,0.000000,0.000000,0.000000,57.698101,20.499701,-14.700500,0.047771,-0.013570,0.015998,-15.666301,-52.738201,18.801300,-93.396698,0.129960,17.611099,-0.233735,-0.498909,-0.657224,0.514311,1188.384644,1537.452271,-3686.873535,1191.499756,1456.220459,-3690.196533,1201.083618,1578.529053,-3717.956055,1171.487671,1491.806152,-3643.171143,1189.467407,1623.253418,-3696.169922,1191.672974,1456.550293,-3689.741455,1200.684814,1578.316040,-3718.252441,1171.398804,1491.589233,-3643.571289,1189.771484,1623.366699,-3695.914551,2616.269531,1567.732178,-3159.756592,,,,,,,,,,,,,,,,,,,,,,,,,,,,,,,,,
1861,18.610000,0.000000,0.000000,0.000000,1.000000,0.000000,0.000000,0.000000,57.698101,20.499701,-14.700500,0.047771,-0.013570,0.015998,-15.666301,-52.738201,18.801300,-93.396698,0.129960,17.611099,-0.230166,-0.501048,-0.657404,0.513609,1187.265991,1537.522461,-3687.400635,1190.687134,1456.304321,-3690.756348,1200.061157,1578.665405,-3718.356445,1170.192017,1491.786743,-3643.860840,1188.123535,1623.333618,-3696.628662,1190.765137,1456.574585,-3690.297607,1199.775635,1578.640869,-3718.546631,1170.164795,1491.523926,-3644.262451,1188.355591,1623.358765,-3696.481689,2616.279541,1567.768066,-3159.773926,,,,,,,,,,,,,,,,,,,,,,,,,,,,,,,,,
1862,18.620000,0.000000,0.000000,0.000000,1.000000,0.000000,0.000000,0.000000,57.698101,20.499701,-14.700500,0.047771,-0.013570,0.015998,-15.666301,-52.738201,18.801300,-93.396698,0.129960,17.611099,-0.227841,-0.502733,-0.657303,0.513129,1186.117676,1537.617920,-3687.855225,1189.765747,1456.408447,-3691.180420,1198.968140,1578.789185,-3718.750000,1168.934448,1491.844482,-3644.398193,1186.802124,1623.429688,-3697.092041,1189.766602,1456.638306,-3690.758545,1198.745239,1578.926025,-3718.818848,1168.962158,1491.556885,-3644.776367,1186.992432,1623.345825,-3697.062500,2616.303467,1567.747070,-3159.785156,,,,,,,,,,,,,,,,,,,,,,,,,,,,,,,,,
1863,18.630000,0.000000,0.000000,0.000000,1.000000,0.000000,0.000000,0.000000,57.698101,20.499701,-14.700500,0.047771,-0.013570,0.015998,-15.666301,-52.738201,18.801300,-93.396698,0.129960,17.611099,-0.228072,-0.502080,-0.657487,0.513429,1185.034424,1537.713257,-3688.289551,1188.652100,1456.505737,-3691.695801,1197.861572,1578.909668,-3719.161133,1167.888062,1491.904541,-3644.855225,1185.735840,1623.533447,-3697.446289,1188.572266,1456.630249,-3691.327637,1197.744751,1579.130981,-3719.166260,1167.974243,1491.646973,-3645.186768,1185.838257,1623.437012,-3697.474121,2616.276123,1567.747803,-3159.783936,,,,,,,,,,,,,,,,,,,,,,,,,,,,,,,,,
1864,18.640000,0.000000,0.000000,0.000000,1.000000,0.000000,0.000000,0.000000,57.698101,20.499701,-14.700500,0.047771,-0.013570,0.015998,-15.666301,-52.738201,18.801300,-93.396698,0.129960,17.611099,-0.231644,-0.498548,-0.657604,0.515119,1184.067505,1537.812256,-3688.629395,1187.398926,1456.600586,-3692.221680,1196.714233,1579.026855,-3719.550781,1167.212646,1491.974976,-3645.111084,1184.944092,1623.646973,-3697.633789,1187.298584,1456.526978,-3691.963867,1196.686646,1579.188721,-3719.516113,1167.319824,1491.845215,-3645.371094,1184.964478,1623.666138,-3697.666260,2616.274170,1567.790161,-3159.819580,,,,,,,,,,,,,,,,,,,,,,,,,,,,,,,,,
1865,18.650000,0.000000,0.000000,0.000000,1.000000,0.000000,0.000000,0.000000,57.698101,20.499701,-14.700500,0.047771,-0.013570,0.015998,-15.666301,-52.738201,18.801300,-93.396698,0.129960,17.611099,-0.234006,-0.495374,-0.658435,0.516051,1183.232544,1537.924561,-3688.890625,1186.257568,1456.713135,-3692.748779,1195.807861,1579.188232,-3719.775635,1166.520386,1492.014648,-3645.394043,1184.344238,1623.782349,-3697.644531,1186.177124,1456.407104,-3692.540527,1195.795044,1579.286987,-3719.744141,1166.607910,1491.983765,-3645.603760,1184.343994,1623.974976,-3697.657227,2616.243896,1567.749390,-3159.831787,,,,,,,,,,,,,,,,,,,,,,,,,,,,,,,,,
1866,18.660000,0.000000,0.000000,0.000000,1.000000,0.000000,0.000000,0.000000,57.698101,20.499701,-14.700500,0.047771,-0.013570,0.015998,-15.666301,-52.738201,18.801300,-93.396698,0.129960,17.611099,-0.236073,-0.493017,-0.658538,0.517235,1182.173096,1537.890503,-3689.274658,1185.035522,1456.680420,-3693.283203,1194.624634,1579.183228,-3720.170898,1165.656128,1491.938110,-3645.748047,1183.376221,1623.760620,-3697.895752,1184.966919,1456.343262,-3693.106445,1194.622314,1579.188965,-3720.151123,1165.744263,1491.979980,-3645.963867,1183.352051,1624.022705,-3697.863525,2616.251709,1567.772095,-3159.828613,,,,,,,,,,,,,,,,,,,,,,,,,,,,,,,,,
1867,18.670000,0.000000,0.000000,0.000000,1.000000,0.000000,0.000000,0.000000,57.698101,20.499701,-14.700500,0.047771,-0.013570,0.015998,-15.666301,-52.738201,18.801300,-93.396698,0.129960,17.611099,-0.239015,-0.491139,-0.657043,0.519565,1181.262695,1537.893433,-3689.541748,1184.157104,1456.682007,-3693.499023,1193.406860,1579.166992,-3720.585693,1165.168579,1491.968750,-3645.828125,1182.318359,1623.756348,-3698.254150,1184.211792,1456.478760,-3693.321045,1193.272949,1579.001587,-3720.675781,1165.180542,1492.105591,-3646.102295,1182.391357,1624.001587,-3698.064941,2616.312500,1567.733154,-3159.803955,,,,,,,,,,,,,,,,,,,,,,,,,,,,,,,,,
1868,18.680000,0.000000,0.000000,0.000000,1.000000,0.000000,0.000000,0.000000,57.698101,20.499701,-14.700500,0.047771,-0.013570,0.015998,-15.666301,-52.738201,18.801300,-93.396698,0.129960,17.611099,-0.238787,-0.491274,-0.656224,0.520577,1180.252808,1537.816406,-3689.836182,1183.343994,1456.611328,-3693.775146,1192.265625,1579.111816,-3720.902100,1164.313354,1491.863525,-3646.095703,1181.088135,1623.679321,-3698.572021,1183.465820,1456.584961,-3693.573242,1191.999268,1578.892456,-3721.039551,1164.270508,1491.983521,-3646.406982,1181.258301,1623.800049,-3698.345947,2616.291016,1567.737183,-3159.808838,,,,,,,,,,,,,,,,,,,,,,,,,,,,,,,,,
1869,18.690000,0.000000,0.000000,0.000000,1.000000,0.000000,0.000000,0.000000,57.698101,20.499701,-14.700500,0.047771,-0.013570,0.015998,-15.666301,-52.738201,18.801300,-93.396698,0.129960,17.611099,-0.236123,-0.493086,-0.656149,0.520174,1179.204590,1537.671143,-3690.193848,1182.564575,1456.476196,-3694.125000,1191.270264,1579.007080,-3721.185547,1163.153687,1491.664062,-3646.551025,1179.829590,1623.537354,-3698.914307,1182.703003,1456.617798,-3693.855957,1190.953369,1578.870117,-3721.323242,1163.098022,1491.707153,-3646.894775,1180.053223,1623.490601,-3698.713379,2616.284912,1567.744385,-3159.809570,,,,,,,,,,,,,,,,,,,,,,,,,,,,,,,,,
1870,18.700000,0.000000,0.000000,0.000000,1.000000,0.000000,0.000000,0.000000,57.698101,20.499701,-14.700500,0.047771,-0.013570,0.015998,-15.666301,-52.738201,18.801300,-93.396698,0.129960,17.611099,-0.233408,-0.494638,-0.657037,0.518802,1178.306274,1537.544067,-3690.457031,1181.749634,1456.355591,-3694.446777,1190.558472,1578.919678,-3721.322021,1161.984253,1491.481689,-3646.973389,1178.932495,1623.419556,-3699.085938,1181.859497,1456.536743,-3694.160645,1190.289795,1578.864990,-3721.475342,1161.938721,1491.461182,-3647.281494,1179.137573,1623.321167,-3698.905762,2616.308594,1567.741211,-3159.801270,,,,,,,,,,,,,,,,,,,,,,,,,,,,,,,,,
1871,18.710000,0.000000,0.000000,0.000000,1.000000,0.000000,0.000000,0.000000,57.698101,20.499701,-14.700500,0.047771,-0.013570,0.015998,-15.666301,-52.738201,18.801300,-93.396698,0.129960,17.611099,-0.229108,-0.497740,-0.657519,0.517140,1177.465698,1537.454590,-3690.656494,1181.196655,1456.277344,-3694.614746,1189.923706,1578.870117,-3721.385254,1160.816772,1491.338745,-3647.354004,1177.925415,1623.332520,-3699.271973,1181.170166,1456.507568,-3694.348633,1189.846313,1578.916504,-3721.471436,1160.859253,1491.267456,-3647.612061,1177.993774,1623.140015,-3699.172852,2616.313721,1567.771118,-3159.801270,,,,,,,,,,,,,,,,,,,,,,,,,,,,,,,,,
1872,18.720000,0.000000,0.000000,0.000000,1.000000,0.000000,0.000000,0.000000,57.698101,20.499701,-14.700500,0.047771,-0.013570,0.015998,-15.666301,-52.738201,18.801300,-93.396698,0.129960,17.611099,-0.226226,-0.499588,-0.658142,0.515831,1176.686035,1537.391602,-3690.804932,1180.555542,1456.221558,-3694.781738,1189.311768,1578.841553,-3721.418701,1159.784180,1491.228394,-3647.650879,1177.092529,1623.274902,-3699.368164,1180.538574,1456.478516,-3694.427246,1189.191650,1578.911133,-3721.556396,1159.815552,1491.064453,-3647.956787,1177.201538,1623.131714,-3699.256348,2616.310791,1567.724854,-3159.789307,,,,,,,,,,,,,,,,,,,,,,,,,,,,,,,,,
1873,18.730000,0.000000,0.000000,0.000000,1.000000,0.000000,0.000000,0.000000,57.698101,20.499701,-14.700500,0.047771,-0.013570,0.015998,-15.666301,-52.738201,18.801300,-93.396698,0.129960,17.611099,-0.226443,-0.499053,-0.658608,0.515660,1175.992432,1537.318115,-3690.914062,1179.765625,1456.147217,-3694.963379,1188.652588,1578.780029,-3721.497559,1159.056519,1491.137085,-3647.792480,1176.495239,1623.208374,-3699.402832,1179.835327,1456.393311,-3694.566406,1188.408203,1578.797363,-3721.710938,1159.024414,1490.933960,-3648.122070,1176.698853,1623.162598,-3699.243164,2616.312012,1567.745483,-3159.775635,,,,,,,,,,,,,,,,,,,,,,,,,,,,,,,,,
1874,18.740000,0.000000,0.000000,0.000000,1.000000,0.000000,0.000000,0.000000,57.698101,20.499701,-14.700500,0.047771,-0.013570,0.015998,-15.666301,-52.738201,18.801300,-93.396698,0.129960,17.611099,-0.227508,-0.497603,-0.659481,0.515476,1175.261963,1537.171387,-3691.056885,1178.793213,1455.996582,-3695.244629,1187.969849,1578.645874,-3721.603516,1158.293823,1490.969849,-3647.969971,1175.991089,1623.073364,-3699.409668,1178.827881,1456.124756,-3694.861328,1187.764771,1578.673950,-3721.762939,1158.291626,1490.755371,-3648.310791,1176.160767,1623.121826,-3699.292480,2616.295166,1567.725830,-3159.778076,,,,,,,,,,,,,,,,,,,,,,,,,,,,,,,,,
1875,18.750000,0.000000,0.000000,0.000000,1.000000,0.000000,0.000000,0.000000,57.698101,20.499701,-14.700500,0.047771,-0.013570,0.015998,-15.666301,-52.738201,18.801300,-93.396698,0.129960,17.611099,-0.231659,-0.494158,-0.659497,0.516920,1174.622803,1537.006714,-3691.135010,1177.800293,1455.823242,-3695.433594,1187.168701,1578.461792,-3721.774658,1157.929810,1490.828979,-3647.915283,1175.592163,1622.913208,-3699.416260,1177.743408,1455.788086,-3695.187988,1187.137207,1578.503662,-3721.833496,1157.994385,1490.704834,-3648.147705,1175.618286,1623.011353,-3699.368896,2616.338379,1567.769409,-3159.754150,,,,,,,,,,,,,,,,,,,,,,,,,,,,,,,,,
1876,18.760000,0.000000,0.000000,0.000000,1.000000,0.000000,0.000000,0.000000,57.698101,20.499701,-14.700500,0.047771,-0.013570,0.015998,-15.666301,-52.738201,18.801300,-93.396698,0.129960,17.611099,-0.236563,-0.490729,-0.658707,0.518968,1173.903687,1536.738159,-3691.287109,1176.790894,1455.544067,-3695.592285,1186.189453,1578.145264,-3722.096436,1157.613647,1490.625000,-3647.845215,1175.020752,1622.638428,-3699.613770,1176.735718,1455.438110,-3695.427734,1186.196655,1578.112549,-3722.133789,1157.686646,1490.630737,-3648.045898,1174.996460,1622.769897,-3699.539795,2616.329590,1567.751221,-3159.748779,,,,,,,,,,,,,,,,,,,,,,,,,,,,,,,,,
1877,18.770000,0.000000,0.000000,0.000000,1.000000,0.000000,0.000000,0.000000,57.698101,20.499701,-14.700500,0.047771,-0.013570,0.015998,-15.666301,-52.738201,18.801300,-93.396698,0.129960,17.611099,-0.240337,-0.488135,-0.658149,0.520387,1173.133423,1536.417114,-3691.447754,1175.778931,1455.214600,-3695.748291,1185.234131,1577.782349,-3722.386475,1157.134521,1490.360352,-3647.838135,1174.385742,1622.311401,-3699.817871,1175.819580,1455.072998,-3695.631592,1185.142090,1577.643555,-3722.460938,1157.140869,1490.467529,-3648.025391,1174.432861,1622.493652,-3699.671387,2616.299805,1567.740845,-3159.734131,,,,,,,,,,,,,,,,,,,,,,,,,,,,,,,,,
1878,18.780000,0.000000,0.000000,0.000000,1.000000,0.000000,0.000000,0.000000,57.698101,20.499701,-14.700500,0.047771,-0.013570,0.015998,-15.666301,-52.738201,18.801300,-93.396698,0.129960,17.611099,-0.240188,-0.488841,-0.658014,0.519964,1172.457642,1536.120972,-3691.530762,1175.114136,1454.913940,-3695.738037,1184.595215,1577.452759,-3722.499512,1156.406128,1490.111572,-3647.890625,1173.715088,1622.005981,-3699.994629,1175.235474,1454.898682,-3695.574219,1184.368286,1577.220459,-3722.692871,1156.346558,1490.182007,-3648.105469,1173.866211,1622.171143,-3699.756348,2616.305664,1567.738281,-3159.738770,,,,,,,,,,,,,,,,,,,,,,,,,,,,,,,,,
1879,18.790000,0.000000,0.000000,0.000000,1.000000,0.000000,0.000000,0.000000,57.698101,20.499701,-14.700500,0.047771,-0.013570,0.015998,-15.666301,-52.738201,18.801300,-93.396698,0.129960,17.611099,-0.237230,-0.492166,-0.657637,0.518660,1171.756470,1535.794678,-3691.610596,1174.704712,1454.587158,-3695.607910,1184.024658,1577.094116,-3722.571289,1155.482178,1489.834351,-3648.001465,1172.814331,1621.663696,-3700.261475,1174.780518,1454.767578,-3695.425537,1183.845703,1576.954468,-3722.661377,1155.461060,1489.848267,-3648.229492,1172.936157,1621.616577,-3700.125000,2616.316650,1567.747192,-3159.718506,,,,,,,,,,,,,,,,,,,,,,,,,,,,,,,,,
1880,18.800000,0.000000,0.000000,0.000000,1.000000,0.000000,0.000000,0.000000,57.698101,20.499701,-14.700500,0.047771,-0.013570,0.015998,-15.666301,-52.738201,18.801300,-93.396698,0.129960,17.611099,-0.233019,-0.495722,-0.658338,0.516288,1171.064209,1535.444092,-3691.697021,1174.220825,1454.239746,-3695.597656,1183.618042,1576.745117,-3722.540771,1154.363403,1489.483398,-3648.249756,1172.054810,1621.308716,-3700.399902,1174.239014,1454.520264,-3695.327148,1183.468628,1576.726562,-3722.587158,1154.380737,1489.367065,-3648.520264,1172.176270,1621.195190,-3700.337158,2616.285156,1567.752319,-3159.720947,,,,,,,,,,,,,,,,,,,,,,,,,,,,,,,,,
1881,18.810000,0.000000,0.000000,0.000000,1.000000,0.000000,0.000000,0.000000,57.698101,20.499701,-14.700500,0.047771,-0.013570,0.015998,-15.666301,-52.738201,18.801300,-93.396698,0.129960,17.611099,-0.230124,-0.498333,-0.658876,0.514382,1170.471191,1535.142822,-3691.641602,1173.743896,1453.938477,-3695.448975,1183.249268,1576.431885,-3722.408936,1153.442017,1489.199585,-3648.303223,1171.449585,1621.001343,-3700.404785,1173.810791,1454.299316,-3695.047363,1182.992920,1576.435913,-3722.527832,1153.424072,1488.981567,-3648.651855,1171.663818,1620.896362,-3700.306152,2616.233154,1567.731689,-3159.732910,,,,,,,,,,,,,,,,,,,,,,,,,,,,,,,,,
1882,18.820000,0.000000,0.000000,0.000000,1.000000,0.000000,0.000000,0.000000,57.698101,20.499701,-14.700500,0.047771,-0.013570,0.015998,-15.666301,-52.738201,18.801300,-93.396698,0.129960,17.611099,-0.229408,-0.498848,-0.659750,0.513081,1169.717529,1534.802124,-3691.591553,1172.867432,1453.593750,-3695.415527,1182.661621,1576.079956,-3722.304688,1152.474609,1488.873169,-3648.322510,1170.866333,1620.661743,-3700.322998,1172.830078,1453.820801,-3695.045166,1182.529175,1576.194702,-3722.368896,1152.526489,1488.641724,-3648.655029,1170.983887,1620.555176,-3700.287598,2616.280518,1567.780396,-3159.740723,,,,,,,,,,,,,,,,,,,,,,,,,,,,,,,,,
1883,18.830000,0.000000,0.000000,0.000000,1.000000,0.000000,0.000000,0.000000,57.698101,20.499701,-14.700500,0.047771,-0.013570,0.015998,-15.666301,-52.738201,18.801300,-93.396698,0.129960,17.611099,-0.231719,-0.496405,-0.660951,0.512866,1168.993042,1534.503906,-3691.525391,1171.722656,1453.288696,-3695.521973,1181.994141,1575.777710,-3722.219971,1151.730347,1488.575806,-3648.263672,1170.524780,1620.373901,-3700.095947,1171.670898,1453.371582,-3695.110352,1181.892456,1575.887939,-3722.350342,1151.797729,1488.386230,-3648.642334,1170.608887,1620.354858,-3700.000244,2616.282959,1567.760864,-3159.728027,,,,,,,,,,,,,,,,,,,,,,,,,,,,,,,,,
1884,18.840000,0.000000,0.000000,0.000000,1.000000,0.000000,0.000000,0.000000,57.698101,20.499701,-14.700500,0.047771,-0.013570,0.015998,-15.666301,-52.738201,18.801300,-93.396698,0.129960,17.611099,-0.236723,-0.492124,-0.661684,0.513761,1168.430420,1534.327515,-3691.306641,1170.583496,1453.103149,-3695.467041,1181.345337,1575.568115,-3722.082031,1151.369141,1488.438965,-3647.923096,1170.423706,1620.200195,-3699.753906,1170.442017,1452.957031,-3695.176025,1181.425049,1575.692993,-3722.188965,1151.495117,1488.399536,-3648.195068,1170.356567,1620.236694,-3699.658691,2616.270752,1567.723999,-3159.737061,,,,,,,,,,,,,,,,,,,,,,,,,,,,,,,,,
1885,18.850000,0.000000,0.000000,0.000000,1.000000,0.000000,0.000000,0.000000,57.698101,20.499701,-14.700500,0.047771,-0.013570,0.015998,-15.666301,-52.738201,18.801300,-93.396698,0.129960,17.611099,-0.241210,-0.488502,-0.661847,0.514919,1167.660034,1534.072632,-3691.176025,1169.380615,1452.842773,-3695.429443,1180.440918,1575.279419,-3722.052246,1150.845825,1488.226074,-3647.651611,1169.972412,1619.942505,-3699.569824,1169.275635,1452.519775,-3695.293457,1180.533691,1575.317261,-3722.111328,1150.945679,1488.345581,-3647.819092,1169.869019,1620.072998,-3699.466064,2616.258057,1567.736328,-3159.745605,,,,,,,,,,,,,,,,,,,,,,,,,,,,,,,,,
1886,18.860000,0.000000,0.000000,0.000000,1.000000,0.000000,0.000000,0.000000,57.698101,20.499701,-14.700500,0.047771,-0.013570,0.015998,-15.666301,-52.738201,18.801300,-93.396698,0.129960,17.611099,-0.242927,-0.487818,-0.661011,0.515834,1166.890015,1533.819702,-3691.055664,1168.597900,1452.584717,-3695.216064,1179.536133,1574.989014,-3722.037598,1150.265137,1488.026001,-3647.403564,1169.160889,1619.679199,-3699.565918,1168.698608,1452.364746,-3695.103271,1179.379883,1574.867188,-3722.175049,1150.223511,1488.176392,-3647.569580,1169.263550,1619.871460,-3699.363770,2616.297119,1567.750732,-3159.756348,,,,,,,,,,,,,,,,,,,,,,,,,,,,,,,,,
1887,18.870000,0.000000,0.000000,0.000000,1.000000,0.000000,0.000000,0.000000,57.698101,20.499701,-14.700500,0.047771,-0.013570,0.015998,-15.666301,-52.738201,18.801300,-93.396698,0.129960,17.611099,-0.239632,-0.491646,-0.660103,0.514902,1165.953125,1533.501953,-3691.065674,1168.084717,1452.264160,-3694.965576,1178.674438,1574.638916,-3722.059814,1149.164062,1487.759399,-3647.422852,1167.889282,1619.345703,-3699.814941,1168.391113,1452.371582,-3694.665527,1178.059937,1574.319702,-3722.419189,1148.979370,1487.741455,-3647.726074,1168.319580,1619.536499,-3699.471924,2616.291504,1567.753784,-3159.757812,,,,,,,,,,,,,,,,,,,,,,,,,,,,,,,,,
1888,18.880000,0.000000,0.000000,0.000000,1.000000,0.000000,0.000000,0.000000,57.698101,20.499701,-14.700500,0.047771,-0.013570,0.015998,-15.666301,-52.738201,18.801300,-93.396698,0.129960,17.611099,-0.233883,-0.496512,-0.660740,0.512052,1164.992432,1533.200073,-3691.060059,1167.473877,1451.965576,-3694.822510,1178.052612,1574.344482,-3721.902588,1147.682617,1487.450684,-3647.627930,1166.760498,1619.039429,-3699.886719,1167.677368,1452.266846,-3694.393799,1177.605347,1574.211182,-3722.152832,1147.562500,1487.198486,-3647.985840,1167.117554,1619.138062,-3699.690430,2616.294678,1567.744873,-3159.781738,,,,,,,,,,,,,,,,,,,,,,,,,,,,,,,,,
1889,18.890000,0.000000,0.000000,0.000000,1.000000,0.000000,0.000000,0.000000,57.698101,20.499701,-14.700500,0.047771,-0.013570,0.015998,-15.666301,-52.738201,18.801300,-93.396698,0.129960,17.611099,-0.229859,-0.499646,-0.661860,0.509373,1163.928345,1532.879883,-3691.111328,1166.516602,1451.646851,-3694.831055,1177.317017,1574.029541,-3721.805908,1146.146484,1487.124023,-3647.877197,1165.733276,1618.719238,-3699.931152,1166.561035,1451.903809,-3694.399902,1177.059937,1574.080688,-3721.909424,1146.128906,1486.740234,-3648.237061,1165.961182,1618.771240,-3699.892822,2616.276611,1567.740356,-3159.784668,,,,,,,,,,,,,,,,,,,,,,,,,,,,,,,,,
1890,18.900000,0.000000,0.000000,0.000000,1.000000,0.000000,0.000000,0.000000,57.698101,20.499701,-14.700500,0.047771,-0.013570,0.015998,-15.666301,-52.738201,18.801300,-93.396698,0.129960,17.611099,-0.232120,-0.497659,-0.662353,0.509651,1162.962646,1532.588989,-3691.127930,1165.263184,1451.351440,-3694.937256,1176.331787,1573.723511,-3721.851318,1145.248779,1486.850830,-3647.847412,1165.006836,1618.430298,-3699.876221,1165.119385,1451.319702,-3694.708252,1176.372925,1573.879639,-3721.799561,1145.377075,1486.663574,-3648.060547,1164.984497,1618.468384,-3699.942139,2616.291992,1567.728638,-3159.798096,,,,,,,,,,,,,,,,,,,,,,,,,,,,,,,,,
1891,18.910000,0.000000,0.000000,0.000000,1.000000,0.000000,0.000000,0.000000,57.698101,20.499701,-14.700500,0.047771,-0.013570,0.015998,-15.666301,-52.738201,18.801300,-93.396698,0.129960,17.611099,-0.236441,-0.493908,-0.662667,0.510904,1162.070312,1532.363892,-3691.122314,1163.947388,1451.122192,-3695.072266,1175.305298,1573.480835,-3721.927246,1144.602783,1486.645386,-3647.720947,1164.425659,1618.207520,-3699.768799,1163.726929,1450.874268,-3694.927002,1175.509033,1573.619995,-3721.873047,1144.783325,1486.670898,-3647.888672,1164.253906,1618.267212,-3699.789062,2616.295654,1567.710327,-3159.792725,,,,,,,,,,,,,,,,,,,,,,,,,,,,,,,,,
1892,18.920000,0.000000,0.000000,0.000000,1.000000,0.000000,0.000000,0.000000,57.698101,20.499701,-14.700500,0.047771,-0.013570,0.015998,-15.666301,-52.738201,18.801300,-93.396698,0.129960,17.611099,-0.238790,-0.491629,-0.663118,0.511425,1161.352295,1532.230591,-3691.035400,1162.948975,1450.988647,-3695.102051,1174.540405,1573.346191,-3721.862305,1143.989502,1486.510132,-3647.594238,1163.930176,1618.077759,-3699.583496,1162.789062,1450.645142,-3694.975098,1174.703735,1573.440308,-3721.900635,1144.117432,1486.607788,-3647.735352,1163.779541,1618.186523,-3699.516357,2616.300781,1567.733398,-3159.806396,,,,,,,,,,,,,,,,,,,,,,,,,,,,,,,,,
1893,18.930000,0.000000,0.000000,0.000000,1.000000,0.000000,0.000000,0.000000,57.698101,20.499701,-14.700500,0.047771,-0.013570,0.015998,-15.666301,-52.738201,18.801300,-93.396698,0.129960,17.611099,-0.242122,-0.489711,-0.662132,0.512973,1160.598389,1532.063721,-3691.056396,1162.069580,1450.815552,-3695.046875,1173.574219,1573.130615,-3722.037842,1143.548462,1486.410400,-3647.421143,1163.201172,1617.898438,-3699.720215,1162.143066,1450.591919,-3694.895264,1173.454224,1572.998779,-3722.222900,1143.530029,1486.575073,-3647.628662,1163.269775,1618.095215,-3699.466797,2616.292725,1567.759521,-3159.815674,,,,,,,,,,,,,,,,,,,,,,,,,,,,,,,,,
1894,18.940000,0.000000,0.000000,0.000000,1.000000,0.000000,0.000000,0.000000,57.698101,20.499701,-14.700500,0.047771,-0.013570,0.015998,-15.666301,-52.738201,18.801300,-93.396698,0.129960,17.611099,-0.242224,-0.490024,-0.662022,0.512769,1159.575073,1531.779541,-3691.245850,1161.038940,1450.528442,-3695.176514,1172.565552,1572.822510,-3722.252686,1142.505859,1486.159668,-3647.582764,1162.189941,1617.607666,-3699.970703,1161.239258,1450.431274,-3694.936279,1172.194092,1572.569702,-3722.569824,1142.394043,1486.243164,-3647.855713,1162.457153,1617.868530,-3699.617920,2616.293213,1567.748291,-3159.817139,,,,,,,,,,,,,,,,,,,,,,,,,,,,,,,,,
1895,18.950000,0.000000,0.000000,0.000000,1.000000,0.000000,0.000000,0.000000,57.698101,20.499701,-14.700500,0.047771,-0.013570,0.015998,-15.666301,-52.738201,18.801300,-93.396698,0.129960,17.611099,-0.239449,-0.492912,-0.662030,0.511291,1158.469849,1531.478394,-3691.516113,1160.139771,1450.224121,-3695.297363,1171.622681,1572.497314,-3722.486572,1141.145752,1485.895142,-3647.915283,1160.970947,1617.297241,-3700.365234,1160.421387,1450.360962,-3694.886963,1171.042847,1572.204102,-3722.936279,1140.977783,1485.813843,-3648.297363,1161.394043,1617.513184,-3699.959961,2616.309570,1567.724121,-3159.804688,,,,,,,,,,,,,,,,,,,,,,,,,,,,,,,,,
1896,18.960000,0.000000,0.000000,0.000000,1.000000,0.000000,0.000000,0.000000,57.698101,20.499701,-14.700500,0.047771,-0.013570,0.015998,-15.666301,-52.738201,18.801300,-93.396698,0.129960,17.611099,-0.236018,-0.495993,-0.662746,0.508973,1157.484497,1531.234497,-3691.763184,1159.278809,1449.978516,-3695.447266,1170.913086,1572.237427,-3722.636230,1139.759399,1485.675049,-3648.299072,1159.986572,1617.047485,-3700.669922,1159.541016,1450.220337,-3694.989990,1170.367310,1572.053833,-3723.030029,1139.591064,1485.441895,-3648.671387,1160.417969,1617.225342,-3700.361816,2616.313965,1567.733521,-3159.795410,,,,,,,,,,,,,,,,,,,,,,,,,,,,,,,,,
1897,18.970000,0.000000,0.000000,0.000000,1.000000,0.000000,0.000000,0.000000,57.698101,20.499701,-14.700500,0.047771,-0.013570,0.015998,-15.666301,-52.738201,18.801300,-93.396698,0.129960,17.611099,-0.235654,-0.496432,-0.663584,0.507621,1156.434692,1530.948486,-3692.053223,1158.070068,1449.688843,-3695.731201,1170.030640,1571.922607,-3722.891357,1138.499146,1485.427002,-3648.635742,1159.138672,1616.755859,-3700.954834,1158.159668,1449.774048,-3695.337891,1169.761475,1571.915649,-3723.121582,1138.444702,1485.189209,-3648.964844,1159.370117,1616.906616,-3700.790039,2616.279053,1567.747192,-3159.803955,,,,,,,,,,,,,,,,,,,,,,,,,,,,,,,,,
1898,18.980000,0.000000,0.000000,0.000000,1.000000,0.000000,0.000000,0.000000,57.698101,20.499701,-14.700500,0.047771,-0.013570,0.015998,-15.666301,-52.738201,18.801300,-93.396698,0.129960,17.611099,-0.237811,-0.494756,-0.664110,0.507563,1155.421997,1530.682007,-3692.322021,1156.753784,1449.419067,-3696.049561,1169.031616,1571.624268,-3723.196045,1137.510132,1485.201050,-3648.852051,1158.392212,1616.483887,-3701.190186,1156.650879,1449.328369,-3695.746338,1169.031860,1571.708984,-3723.258789,1137.607666,1485.060669,-3649.131592,1158.395386,1616.594482,-3701.144043,2616.294922,1567.733276,-3159.804443,,,,,,,,,,,,,,,,,,,,,,,,,,,,,,,,,
1899,18.990000,0.000000,0.000000,0.000000,1.000000,0.000000,0.000000,0.000000,57.698101,20.499701,-14.700500,0.047771,-0.013570,0.015998,-15.666301,-52.738201,18.801300,-93.396698,0.129960,17.611099,-0.241059,-0.493112,-0.663216,0.508798,1154.613281,1530.518799,-3692.467529,1155.799438,1449.248779,-3696.089844,1168.046021,1571.397949,-3723.502441,1136.968140,1485.125000,-3648.798096,1157.639404,1616.303833,-3701.479736,1155.641968,1449.168945,-3695.883545,1168.154419,1571.485840,-3723.515137,1137.114746,1485.099365,-3649.025879,1157.544189,1616.309814,-3701.448730,2616.307617,1567.734985,-3159.778320,,,,,,,,,,,,,,,,,,,,,,,,,,,,,,,,,
1900,19.000000,0.000000,0.000000,0.000000,1.000000,0.000000,0.000000,0.000000,57.698101,20.499701,-14.700500,0.047771,-0.013570,0.015998,-15.666301,-52.738201,18.801300,-93.396698,0.129960,17.611099,-0.242713,-0.492724,-0.662317,0.509558,1153.933105,1530.444702,-3692.511230,1155.114136,1449.168823,-3696.000732,1167.244263,1571.272583,-3723.665771,1136.457642,1485.123047,-3648.698730,1156.916016,1616.214722,-3701.679688,1154.870605,1449.134399,-3695.857178,1167.484497,1571.419312,-3723.556885,1136.686890,1485.172729,-3648.917480,1156.699341,1616.056763,-3701.717285,2616.300293,1567.767944,-3159.772705,,,,,,,,,,,,,,,,,,,,,,,,,,,,,,,,,
1901,19.010000,0.000000,0.000000,0.000000,1.000000,0.000000,0.000000,0.000000,57.698101,20.499701,-14.700500,0.047771,-0.013570,0.015998,-15.666301,-52.738201,18.801300,-93.396698,0.129960,17.611099,-0.244967,-0.491870,-0.661419,0.510470,1153.169312,1530.333862,-3692.573730,1154.291016,1449.051880,-3695.938477,1166.339355,1571.104736,-3723.862549,1135.898438,1485.091675,-3648.598389,1156.148193,1616.087402,-3701.895508,1154.205444,1449.141357,-3695.715576,1166.362549,1571.098145,-3723.920166,1136.010010,1485.122681,-3648.890625,1156.104004,1615.984375,-3701.781250,2616.288330,1567.781128,-3159.781006,,,,,,,,,,,,,,,,,,,,,,,,,,,,,,,,,
1902,19.020000,0.000000,0.000000,0.000000,1.000000,0.000000,0.000000,0.000000,57.698101,20.499701,-14.700500,0.047771,-0.013570,0.015998,-15.666301,-52.738201,18.801300,-93.396698,0.129960,17.611099,-0.245902,-0.490663,-0.662210,0.510156,1152.200928,1530.118774,-3692.807617,1153.094360,1448.838379,-3696.277100,1165.427002,1570.893311,-3724.068115,1134.884521,1484.868164,-3648.859131,1155.397827,1615.875732,-3702.026123,1153.215942,1448.922241,-3695.923096,1165.124878,1570.766724,-3724.302490,1134.832153,1484.800415,-3649.228027,1155.621582,1615.982544,-3701.785645,2616.295410,1567.720581,-3159.752441,,,,,,,,,,,,,,,,,,,,,,,,,,,,,,,,,
1903,19.030000,0.000000,0.000000,0.000000,1.000000,0.000000,0.000000,0.000000,57.698101,20.499701,-14.700500,0.047771,-0.013570,0.015998,-15.666301,-52.738201,18.801300,-93.396698,0.129960,17.611099,-0.245002,-0.491848,-0.662136,0.509545,1151.295166,1529.965576,-3692.947754,1152.258301,1448.682251,-3696.331543,1164.584106,1570.717651,-3724.210693,1133.881470,1484.747192,-3649.004150,1154.456909,1615.715210,-3702.244873,1152.546875,1448.925171,-3695.816650,1163.946777,1570.488159,-3724.604736,1133.718140,1484.580933,-3649.484131,1154.923218,1615.857666,-3701.893311,2616.314697,1567.707764,-3159.724121,,,,,,,,,,,,,,,,,,,,,,,,,,,,,,,,,
1904,19.040000,0.000000,0.000000,0.000000,1.000000,0.000000,0.000000,0.000000,57.698101,20.499701,-14.700500,0.047771,-0.013570,0.015998,-15.666301,-52.738201,18.801300,-93.396698,0.129960,17.611099,-0.245329,-0.492002,-0.662197,0.509160,1150.213989,1529.732666,-3693.120361,1151.110962,1448.446533,-3696.449707,1163.540405,1570.453125,-3724.408936,1132.757568,1484.557861,-3649.149170,1153.446899,1615.473633,-3702.474121,1151.438232,1448.663086,-3695.951172,1162.847290,1570.270508,-3724.831543,1132.552246,1484.356567,-3649.578125,1153.977539,1615.639038,-3702.126465,2616.318359,1567.736328,-3159.720703,,,,,,,,,,,,,,,,,,,,,,,,,,,,,,,,,
1905,19.050000,0.000000,0.000000,0.000000,1.000000,0.000000,0.000000,0.000000,57.698101,20.499701,-14.700500,0.047771,-0.013570,0.015998,-15.666301,-52.738201,18.801300,-93.396698,0.129960,17.611099,-0.245012,-0.491974,-0.663179,0.508059,1149.069580,1529.488159,-3693.280518,1149.797607,1448.202881,-3696.671875,1162.545044,1570.204224,-3724.510742,1131.429565,1484.316772,-3649.378662,1152.505981,1615.229248,-3702.560303,1149.990967,1448.280029,-3696.205811,1162.086426,1570.222900,-3724.812988,1131.295410,1484.046875,-3649.755859,1152.892456,1615.404663,-3702.350830,2616.289062,1567.727295,-3159.722900,,,,,,,,,,,,,,,,,,,,,,,,,,,,,,,,,
1906,19.060000,0.000000,0.000000,0.000000,1.000000,0.000000,0.000000,0.000000,57.698101,20.499701,-14.700500,0.047771,-0.013570,0.015998,-15.666301,-52.738201,18.801300,-93.396698,0.129960,17.611099,-0.244476,-0.492046,-0.664173,0.506948,1148.094238,1529.395020,-3693.271729,1148.674316,1448.111450,-3696.733154,1161.721802,1570.112549,-3724.433838,1130.263794,1484.218872,-3649.451904,1151.717285,1615.137329,-3702.467529,1148.628662,1448.025269,-3696.402832,1161.639648,1570.304443,-3724.525879,1130.300415,1484.011353,-3649.714111,1151.799683,1615.209473,-3702.439453,2616.284668,1567.764648,-3159.729248,,,,,,,,,,,,,,,,,,,,,,,,,,,,,,,,,
1907,19.070000,0.000000,0.000000,0.000000,1.000000,0.000000,0.000000,0.000000,57.698101,20.499701,-14.700500,0.047771,-0.013570,0.015998,-15.666301,-52.738201,18.801300,-93.396698,0.129960,17.611099,-0.246440,-0.490615,-0.663805,0.507866,1147.210083,1529.407593,-3693.129883,1147.687744,1448.123413,-3696.593994,1160.719482,1570.110962,-3724.361816,1129.558350,1484.250244,-3649.218506,1150.874878,1615.146118,-3702.344727,1147.486816,1447.977173,-3696.412598,1160.886475,1570.299072,-3724.308105,1129.735474,1484.265503,-3649.431152,1150.738525,1615.088257,-3702.362061,2616.299561,1567.747803,-3159.726074,,,,,,,,,,,,,,,,,,,,,,,,,,,,,,,,,
1908,19.080000,0.000000,0.000000,0.000000,1.000000,0.000000,0.000000,0.000000,57.698101,20.499701,-14.700500,0.047771,-0.013570,0.015998,-15.666301,-52.738201,18.801300,-93.396698,0.129960,17.611099,-0.244808,-0.493080,-0.662707,0.507701,1146.355835,1529.488525,-3692.933838,1147.149658,1448.197510,-3696.169922,1159.848389,1570.155396,-3724.220703,1128.682983,1484.387451,-3648.973145,1149.742310,1615.214355,-3702.371094,1146.950439,1448.209473,-3695.985596,1160.019165,1570.286011,-3724.186035,1128.875244,1484.420776,-3649.217773,1149.578979,1615.037354,-3702.353516,2616.294189,1567.739380,-3159.729980,,,,,,,,,,,,,,,,,,,,,,,,,,,,,,,,,
1909,19.090000,0.000000,0.000000,0.000000,1.000000,0.000000,0.000000,0.000000,57.698101,20.499701,-14.700500,0.047771,-0.013570,0.015998,-15.666301,-52.738201,18.801300,-93.396698,0.129960,17.611099,-0.247073,-0.492275,-0.661493,0.508967,1145.415771,1529.523926,-3692.771973,1146.214722,1448.227417,-3695.865234,1158.719238,1570.137695,-3724.208252,1128.005127,1484.497559,-3648.630615,1148.724121,1615.233398,-3702.383545,1146.171875,1448.314453,-3695.702393,1158.696411,1570.066528,-3724.218750,1128.106323,1484.629883,-3648.934814,1148.702759,1615.109741,-3702.266602,2616.267090,1567.765137,-3159.743896,,,,,,,,,,,,,,,,,,,,,,,,,,,,,,,,,
1910,19.100000,0.000000,0.000000,0.000000,1.000000,0.000000,0.000000,0.000000,57.698101,20.499701,-14.700500,0.047771,-0.013570,0.015998,-15.666301,-52.738201,18.801300,-93.396698,0.129960,17.611099,-0.248095,-0.491229,-0.661800,0.509081,1144.253784,1529.496582,-3692.687988,1144.908203,1448.200928,-3695.840088,1157.550781,1570.109985,-3724.127441,1126.872192,1484.468506,-3648.536865,1147.683716,1615.207031,-3702.247314,1145.109741,1448.357910,-3695.557617,1157.101318,1569.754272,-3724.379883,1126.777588,1484.496582,-3648.891602,1147.967407,1615.327271,-3701.950195,2616.271484,1567.750488,-3159.738281,,,,,,,,,,,,,,,,,,,,,,,,,,,,,,,,,
1911,19.110000,0.000000,0.000000,0.000000,1.000000,0.000000,0.000000,0.000000,57.698101,20.499701,-14.700500,0.047771,-0.013570,0.015998,-15.666301,-52.738201,18.801300,-93.396698,0.129960,17.611099,-0.245418,-0.491712,-0.663965,0.507090,1142.927124,1529.338013,-3692.696777,1143.444946,1448.051758,-3696.106934,1156.525635,1570.026001,-3723.910156,1125.145752,1484.202515,-3648.815186,1146.592407,1615.071899,-3701.954590,1143.736694,1448.155273,-3695.659668,1155.880737,1569.713135,-3724.274902,1124.973511,1484.050781,-3649.248779,1147.089233,1615.430786,-3701.603516,2616.284668,1567.725830,-3159.743164,,,,,,,,,,,,,,,,,,,,,,,,,,,,,,,,,
1912,19.120000,0.000000,0.000000,0.000000,1.000000,0.000000,0.000000,0.000000,57.698101,20.499701,-14.700500,0.047771,-0.013570,0.015998,-15.666301,-52.738201,18.801300,-93.396698,0.129960,17.611099,-0.243726,-0.491753,-0.665962,0.505243,1141.620972,1529.229004,-3692.571045,1141.929321,1447.951294,-3696.200195,1155.491455,1569.963379,-3723.604004,1123.490845,1484.024780,-3648.903809,1145.572266,1614.977173,-3701.576416,1142.007446,1447.812256,-3695.839844,1155.238647,1569.989502,-3723.748047,1123.446167,1483.825928,-3649.208008,1145.815430,1615.293701,-3701.467041,2616.262695,1567.754517,-3159.761719,,,,,,,,,,,,,,,,,,,,,,,,,,,,,,,,,
1913,19.130000,0.000000,0.000000,0.000000,1.000000,0.000000,0.000000,0.000000,57.698101,20.499701,-14.700500,0.047771,-0.013570,0.015998,-15.666301,-52.738201,18.801300,-93.396698,0.129960,17.611099,-0.244363,-0.491227,-0.665624,0.505893,1140.434814,1529.189331,-3692.426514,1140.761597,1447.911865,-3696.059814,1154.224243,1569.929321,-3723.487793,1122.414795,1483.977295,-3648.721436,1144.338623,1614.939087,-3701.436768,1140.648682,1447.734863,-3695.875732,1154.249268,1570.109497,-3723.420166,1122.512573,1483.907593,-3648.901611,1144.324341,1614.987549,-3701.492920,2616.277344,1567.760620,-3159.780518,,,,,,,,,,,,,,,,,,,,,,,,,,,,,,,,,
1914,19.140000,0.000000,0.000000,0.000000,1.000000,0.000000,0.000000,0.000000,57.698101,20.499701,-14.700500,0.047771,-0.013570,0.015998,-15.666301,-52.738201,18.801300,-93.396698,0.129960,17.611099,-0.244837,-0.491456,-0.664179,0.507338,1139.514160,1529.319824,-3692.064697,1140.078491,1448.038208,-3695.577393,1153.101562,1570.054810,-3723.221680,1121.741821,1484.119019,-3648.246826,1143.135010,1615.067383,-3701.213135,1139.890991,1448.024780,-3695.408203,1153.240356,1570.243530,-3723.118652,1121.923462,1484.129517,-3648.474365,1143.007324,1614.883911,-3701.261963,2616.269531,1567.771729,-3159.790771,,,,,,,,,,,,,,,,,,,,,,,,,,,,,,,,,
1915,19.150000,0.000000,0.000000,0.000000,1.000000,0.000000,0.000000,0.000000,57.698101,20.499701,-14.700500,0.047771,-0.013570,0.015998,-15.666301,-52.738201,18.801300,-93.396698,0.129960,17.611099,-0.245818,-0.490763,-0.663540,0.508371,1138.507568,1529.413940,-3691.830078,1139.118408,1448.132202,-3695.328613,1151.961792,1570.152344,-3723.040283,1120.913696,1484.209229,-3647.944336,1142.036377,1615.162231,-3701.007324,1138.932373,1448.182251,-3695.188232,1152.104492,1570.281738,-3722.905518,1121.109253,1484.250977,-3648.177734,1141.888428,1614.934570,-3701.063232,2616.246582,1567.735352,-3159.811035,,,,,,,,,,,,,,,,,,,,,,,,,,,,,,,,,
1916,19.160000,0.000000,0.000000,0.000000,1.000000,0.000000,0.000000,0.000000,57.698101,20.499701,-14.700500,0.047771,-0.013570,0.015998,-15.666301,-52.738201,18.801300,-93.396698,0.129960,17.611099,-0.246717,-0.489580,-0.664010,0.508462,1137.384521,1529.427612,-3691.722412,1137.839478,1448.148926,-3695.316650,1150.842529,1570.177856,-3722.915527,1119.807251,1484.203979,-3647.849609,1141.048828,1615.180054,-3700.808105,1137.986694,1448.373901,-3694.949463,1150.476685,1570.001709,-3723.078369,1119.750488,1484.101440,-3648.244873,1141.308716,1615.234619,-3700.617920,2616.266357,1567.741333,-3159.813477,,,,,,,,,,,,,,,,,,,,,,,,,,,,,,,,,
1917,19.170000,0.000000,0.000000,0.000000,1.000000,0.000000,0.000000,0.000000,57.698101,20.499701,-14.700500,0.047771,-0.013570,0.015998,-15.666301,-52.738201,18.801300,-93.396698,0.129960,17.611099,-0.245381,-0.490129,-0.664708,0.507666,1136.164551,1529.445679,-3691.574707,1136.616699,1448.170288,-3695.242188,1149.737793,1570.222046,-3722.683594,1118.427246,1484.184814,-3647.804443,1139.876099,1615.205688,-3700.568604,1136.923584,1448.502319,-3694.767578,1149.097412,1569.887451,-3723.090088,1118.244873,1483.971680,-3648.227051,1140.346802,1615.405640,-3700.223633,2616.275391,1567.752930,-3159.816406,,,,,,,,,,,,,,,,,,,,,,,,,,,,,,,,,
1918,19.180000,0.000000,0.000000,0.000000,1.000000,0.000000,0.000000,0.000000,57.698101,20.499701,-14.700500,0.047771,-0.013570,0.015998,-15.666301,-52.738201,18.801300,-93.396698,0.129960,17.611099,-0.244900,-0.489018,-0.666067,0.507188,1134.778442,1529.336182,-3691.580078,1135.063354,1448.071777,-3695.496094,1148.457153,1570.179199,-3722.555176,1116.918335,1483.978882,-3647.960205,1138.675049,1615.115356,-3700.308838,1135.296387,1448.214478,-3695.053467,1147.951172,1569.918945,-3722.942383,1116.775757,1483.789307,-3648.353516,1139.076538,1615.424927,-3699.967773,2616.294189,1567.750488,-3159.823975,,,,,,,,,,,,,,,,,,,,,,,,,,,,,,,,,
1919,19.190000,0.000000,0.000000,0.000000,1.000000,0.000000,0.000000,0.000000,57.698101,20.499701,-14.700500,0.047771,-0.013570,0.015998,-15.666301,-52.738201,18.801300,-93.396698,0.129960,17.611099,-0.244898,-0.488333,-0.667022,0.506594,1133.689087,1529.374756,-3691.421875,1133.805176,1448.115967,-3695.464355,1147.464233,1570.237183,-3722.328369,1115.718384,1483.986938,-3647.879150,1137.768433,1615.159058,-3700.015869,1133.806519,1448.064941,-3695.169922,1147.368408,1570.272339,-3722.491455,1115.723999,1483.846802,-3648.124756,1137.859253,1615.303955,-3699.891846,2616.259277,1567.727173,-3159.818359,,,,,,,,,,,,,,,,,,,,,,,,,,,,,,,,,
1920,19.200000,0.000000,0.000000,0.000000,1.000000,0.000000,0.000000,0.000000,57.698101,20.499701,-14.700500,0.047771,-0.013570,0.015998,-15.666301,-52.738201,18.801300,-93.396698,0.129960,17.611099,-0.246836,-0.487168,-0.666080,0.508013,1132.685791,1529.485596,-3691.238525,1132.810547,1448.224365,-3695.230225,1146.271606,1570.333618,-3722.247803,1114.977295,1484.118652,-3647.566895,1136.683716,1615.265991,-3699.909424,1132.653442,1448.092529,-3695.094971,1146.402588,1570.483154,-3722.194824,1115.125000,1484.175659,-3647.749023,1136.567871,1615.192383,-3699.916260,2616.281982,1567.709595,-3159.818848,,,,,,,,,,,,,,,,,,,,,,,,,,,,,,,,,
1921,19.210000,0.000000,0.000000,0.000000,1.000000,0.000000,0.000000,0.000000,57.698101,20.499701,-14.700500,0.047771,-0.013570,0.015998,-15.666301,-52.738201,18.801300,-93.396698,0.129960,17.611099,-0.245867,-0.488391,-0.665293,0.508340,1131.768433,1529.696289,-3691.020264,1132.126465,1448.430786,-3694.909912,1145.297241,1570.543335,-3722.055908,1114.106445,1484.334839,-3647.323975,1135.543579,1615.476685,-3699.791260,1131.964111,1448.326538,-3694.756104,1145.449707,1570.770630,-3722.041016,1114.252197,1484.397949,-3647.507568,1135.411743,1615.297485,-3699.775391,2616.299561,1567.739990,-3159.812012,,,,,,,,,,,,,,,,,,,,,,,,,,,,,,,,,
1922,19.220000,0.000000,0.000000,0.000000,1.000000,0.000000,0.000000,0.000000,57.698101,20.499701,-14.700500,0.047771,-0.013570,0.015998,-15.666301,-52.738201,18.801300,-93.396698,0.129960,17.611099,-0.247743,-0.487300,-0.664882,0.509012,1130.769531,1529.895386,-3690.858154,1131.024414,1448.627563,-3694.706299,1144.202759,1570.711792,-3721.975342,1113.254761,1484.575562,-3647.059326,1134.595947,1615.667114,-3699.691406,1130.909058,1448.546875,-3694.544678,1144.251099,1570.857666,-3721.906250,1113.391479,1484.656616,-3647.306396,1134.535645,1615.527588,-3699.692383,2616.295166,1567.743042,-3159.814453,,,,,,,,,,,,,,,,,,,,,,,,,,,,,,,,,
1923,19.230000,0.000000,0.000000,0.000000,1.000000,0.000000,0.000000,0.000000,57.698101,20.499701,-14.700500,0.047771,-0.013570,0.015998,-15.666301,-52.738201,18.801300,-93.396698,0.129960,17.611099,-0.248112,-0.487517,-0.664640,0.508941,1129.515991,1529.955322,-3690.899170,1129.761597,1448.683716,-3694.671631,1142.943359,1570.741211,-3722.058838,1112.010864,1484.677979,-3647.052490,1133.348267,1615.718262,-3699.813721,1129.947388,1448.877808,-3694.320312,1142.546387,1570.590820,-3722.294678,1111.920044,1484.631348,-3647.416016,1133.635498,1615.720581,-3699.561523,2616.280762,1567.753174,-3159.815918,,,,,,,,,,,,,,,,,,,,,,,,,,,,,,,,,
1924,19.240000,0.000000,0.000000,0.000000,1.000000,0.000000,0.000000,0.000000,57.698101,20.499701,-14.700500,0.047771,-0.013570,0.015998,-15.666301,-52.738201,18.801300,-93.396698,0.129960,17.611099,-0.246800,-0.487761,-0.666215,0.507284,1128.306519,1530.091064,-3690.791748,1128.373413,1448.825806,-3694.703613,1141.968506,1570.898071,-3721.821777,1110.500244,1484.780884,-3647.100830,1132.383789,1615.859741,-3699.541016,1128.705078,1449.078369,-3694.265381,1141.279785,1570.566895,-3722.259521,1110.298828,1484.632446,-3647.498779,1132.880981,1616.059570,-3699.164062,2616.305664,1567.777222,-3159.793213,,,,,,,,,,,,,,,,,,,,,,,,,,,,,,,,,
1925,19.250000,0.000000,0.000000,0.000000,1.000000,0.000000,0.000000,0.000000,57.698101,20.499701,-14.700500,0.047771,-0.013570,0.015998,-15.666301,-52.738201,18.801300,-93.396698,0.129960,17.611099,-0.245833,-0.487849,-0.667525,0.505945,1126.961060,1530.102539,-3690.808594,1126.868530,1448.843140,-3694.840576,1140.812988,1570.926025,-3721.732178,1108.913208,1484.765747,-3647.244385,1131.249634,1615.875122,-3699.416992,1127.064331,1448.957764,-3694.469971,1140.383789,1570.713257,-3722.041016,1108.798340,1484.639038,-3647.597412,1131.578735,1616.093750,-3699.131836,2616.298340,1567.740356,-3159.778564,,,,,,,,,,,,,,,,,,,,,,,,,,,,,,,,,
1926,19.260000,0.000000,0.000000,0.000000,1.000000,0.000000,0.000000,0.000000,57.698101,20.499701,-14.700500,0.047771,-0.013570,0.015998,-15.666301,-52.738201,18.801300,-93.396698,0.129960,17.611099,-0.245081,-0.488306,-0.668147,0.505047,1125.765747,1530.160767,-3690.784668,1125.613159,1448.902832,-3694.842773,1139.735107,1570.981934,-3721.658447,1107.563110,1484.826172,-3647.282959,1130.151733,1615.932373,-3699.354492,1125.641602,1448.883057,-3694.530273,1139.595947,1570.937134,-3721.844482,1107.555664,1484.682007,-3647.563721,1130.277344,1616.141479,-3699.190674,2616.309814,1567.731689,-3159.755127,,,,,,,,,,,,,,,,,,,,,,,,,,,,,,,,,
1927,19.270000,0.000000,0.000000,0.000000,1.000000,0.000000,0.000000,0.000000,57.698101,20.499701,-14.700500,0.047771,-0.013570,0.015998,-15.666301,-52.738201,18.801300,-93.396698,0.129960,17.611099,-0.246673,-0.487166,-0.667597,0.506099,1124.784180,1530.280518,-3690.673828,1124.600708,1449.022217,-3694.722412,1138.618286,1571.096313,-3721.615479,1106.773926,1484.953125,-3647.084229,1129.143921,1616.050537,-3699.272705,1124.341919,1448.805786,-3694.620850,1138.909546,1571.318115,-3721.512939,1106.954834,1484.916504,-3647.177734,1128.932617,1616.084961,-3699.364258,2616.328125,1567.726074,-3159.746094,,,,,,,,,,,,,,,,,,,,,,,,,,,,,,,,,
1928,19.280000,0.000000,0.000000,0.000000,1.000000,0.000000,0.000000,0.000000,57.698101,20.499701,-14.700500,0.047771,-0.013570,0.015998,-15.666301,-52.738201,18.801300,-93.396698,0.129960,17.611099,-0.246853,-0.488327,-0.665619,0.507495,1123.792358,1530.426636,-3690.546631,1123.949829,1449.156494,-3694.354004,1137.409058,1571.208984,-3721.628906,1106.036377,1485.152710,-3646.797607,1127.774292,1616.188477,-3699.406250,1123.708618,1449.087280,-3694.230713,1137.687012,1571.447876,-3721.545898,1106.236938,1485.189697,-3646.952393,1127.542725,1615.989746,-3699.450439,2616.323730,1567.722046,-3159.733154,,,,,,,,,,,,,,,,,,,,,,,,,,,,,,,,,
1929,19.290000,0.000000,0.000000,0.000000,1.000000,0.000000,0.000000,0.000000,57.698101,20.499701,-14.700500,0.047771,-0.013570,0.015998,-15.666301,-52.738201,18.801300,-93.396698,0.129960,17.611099,-0.246547,-0.489605,-0.664191,0.508284,1122.712036,1530.517944,-3690.530273,1123.149048,1449.239990,-3694.142822,1136.196045,1571.271973,-3721.707031,1105.101074,1485.288452,-3646.676758,1126.401855,1616.271484,-3699.594238,1123.118408,1449.390137,-3693.918701,1136.143188,1571.317993,-3721.754639,1105.162598,1485.296387,-3646.945557,1126.431763,1616.067017,-3699.499023,2616.258301,1567.738770,-3159.734863,,,,,,,,,,,,,,,,,,,,,,,,,,,,,,,,,
1930,19.300000,0.000000,0.000000,0.000000,1.000000,0.000000,0.000000,0.000000,57.698101,20.499701,-14.700500,0.047771,-0.013570,0.015998,-15.666301,-52.738201,18.801300,-93.396698,0.129960,17.611099,-0.246676,-0.489679,-0.664415,0.507856,1121.517700,1530.556519,-3690.606689,1121.884277,1449.277466,-3694.200928,1135.051270,1571.291748,-3721.786621,1103.847778,1485.352417,-3646.750732,1125.287354,1616.304932,-3699.687988,1122.125366,1449.551758,-3693.804932,1134.560547,1571.125732,-3722.043701,1103.724487,1485.260376,-3647.126709,1125.646729,1616.298462,-3699.430664,2616.274414,1567.724731,-3159.740234,,,,,,,,,,,,,,,,,,,,,,,,,,,,,,,,,
1931,19.310000,0.000000,0.000000,0.000000,1.000000,0.000000,0.000000,0.000000,57.698101,20.499701,-14.700500,0.047771,-0.013570,0.015998,-15.666301,-52.738201,18.801300,-93.396698,0.129960,17.611099,-0.245186,-0.490240,-0.665403,0.506742,1120.068604,1530.494141,-3690.826904,1120.389282,1449.219116,-3694.516113,1133.761108,1571.255981,-3721.902344,1102.183960,1485.251343,-3647.098145,1123.939697,1616.250122,-3699.790771,1120.697876,1449.469360,-3694.032471,1133.095337,1571.007812,-3722.292236,1102.004517,1485.087158,-3647.545654,1124.427490,1616.399658,-3699.446777,2616.295410,1567.759399,-3159.730713,,,,,,,,,,,,,,,,,,,,,,,,,,,,,,,,,
1932,19.320000,0.000000,0.000000,0.000000,1.000000,0.000000,0.000000,0.000000,57.698101,20.499701,-14.700500,0.047771,-0.013570,0.015998,-15.666301,-52.738201,18.801300,-93.396698,0.129960,17.611099,-0.242522,-0.490938,-0.667218,0.504959,1118.685425,1530.484619,-3690.939453,1118.930176,1449.219482,-3694.844238,1132.642700,1571.312134,-3721.810303,1100.443481,1485.147949,-3647.456299,1122.725342,1616.259399,-3699.646484,1119.096802,1449.255127,-3694.397217,1132.235229,1571.222412,-3722.100342,1100.343994,1484.948853,-3647.862305,1123.072388,1616.520020,-3699.391357,2616.290771,1567.722046,-3159.720215,,,,,,,,,,,,,,,,,,,,,,,,,,,,,,,,,
1933,19.330000,0.000000,0.000000,0.000000,1.000000,0.000000,0.000000,0.000000,57.698101,20.499701,-14.700500,0.047771,-0.013570,0.015998,-15.666301,-52.738201,18.801300,-93.396698,0.129960,17.611099,-0.242466,-0.490445,-0.667348,0.505292,1117.321655,1530.459106,-3691.144775,1117.574219,1449.197876,-3695.131348,1131.252441,1571.319336,-3721.984131,1099.115356,1485.076172,-3647.694580,1121.344360,1616.243042,-3699.768555,1117.512329,1449.065918,-3694.807617,1131.210938,1571.371094,-3722.090820,1099.181885,1484.968384,-3647.994141,1121.382568,1616.401733,-3699.668945,2616.286377,1567.760010,-3159.721191,,,,,,,,,,,,,,,,,,,,,,,,,,,,,,,,,
1934,19.340000,0.000000,0.000000,0.000000,1.000000,0.000000,0.000000,0.000000,57.698101,20.499701,-14.700500,0.047771,-0.013570,0.015998,-15.666301,-52.738201,18.801300,-93.396698,0.129960,17.611099,-0.243973,-0.490299,-0.665485,0.507163,1116.169434,1530.506348,-3691.275635,1116.632935,1449.237427,-3695.081299,1129.833252,1571.336182,-3722.274658,1098.304810,1485.170532,-3647.635254,1119.906738,1616.281738,-3700.111084,1116.452515,1449.147217,-3694.873291,1129.950562,1571.437012,-3722.232422,1098.483765,1485.169922,-3647.900391,1119.799072,1616.263306,-3700.108154,2616.256348,1567.747070,-3159.733643,,,,,,,,,,,,,,,,,,,,,,,,,,,,,,,,,
1935,19.350000,0.000000,0.000000,0.000000,1.000000,0.000000,0.000000,0.000000,57.698101,20.499701,-14.700500,0.047771,-0.013570,0.015998,-15.666301,-52.738201,18.801300,-93.396698,0.129960,17.611099,-0.245750,-0.489317,-0.664170,0.508973,1115.220947,1530.622803,-3691.310303,1115.786255,1449.351318,-3695.045654,1128.643188,1571.445190,-3722.424561,1097.677856,1485.299316,-3647.526855,1118.776367,1616.395752,-3700.244385,1115.561523,1449.246704,-3694.942871,1128.875977,1571.619995,-3722.286621,1097.888794,1485.383911,-3647.707031,1118.569946,1616.249146,-3700.302490,2616.266846,1567.730835,-3159.735840,,,,,,,,,,,,,,,,,,,,,,,,,,,,,,,,,
1936,19.360000,0.000000,0.000000,0.000000,1.000000,0.000000,0.000000,0.000000,57.698101,20.499701,-14.700500,0.047771,-0.013570,0.015998,-15.666301,-52.738201,18.801300,-93.396698,0.129960,17.611099,-0.248867,-0.486656,-0.663509,0.510869,1114.169067,1530.639893,-3691.405762,1114.605713,1449.370117,-3695.198242,1127.357544,1571.466919,-3722.613525,1096.968994,1485.308350,-3647.494629,1117.744141,1616.414429,-3700.316650,1114.601440,1449.282715,-3695.042969,1127.305908,1571.460693,-3722.679199,1097.005127,1485.385986,-3647.703369,1117.768188,1616.432495,-3700.205322,2616.293701,1567.768555,-3159.737793,,,,,,,,,,,,,,,,,,,,,,,,,,,,,,,,,
1937,19.370000,0.000000,0.000000,0.000000,1.000000,0.000000,0.000000,0.000000,57.698101,20.499701,-14.700500,0.047771,-0.013570,0.015998,-15.666301,-52.738201,18.801300,-93.396698,0.129960,17.611099,-0.249266,-0.486351,-0.663425,0.511074,1113.073853,1530.608643,-3691.572754,1113.491455,1449.338867,-3695.367188,1126.235962,1571.433960,-3722.793701,1095.913086,1485.279419,-3647.643799,1116.654785,1616.382568,-3700.485596,1113.727051,1449.441528,-3695.002686,1125.742432,1571.211060,-3723.133301,1095.771973,1485.187622,-3647.990723,1117.025513,1616.584106,-3700.171387,2616.300293,1567.715210,-3159.742920,,,,,,,,,,,,,,,,,,,,,,,,,,,,,,,,,
1938,19.380000,0.000000,0.000000,0.000000,1.000000,0.000000,0.000000,0.000000,57.698101,20.499701,-14.700500,0.047771,-0.013570,0.015998,-15.666301,-52.738201,18.801300,-93.396698,0.129960,17.611099,-0.247903,-0.487951,-0.663169,0.510543,1111.769775,1530.428711,-3691.905273,1112.338257,1449.155151,-3695.596680,1124.983032,1571.237305,-3723.126953,1094.516846,1485.125244,-3647.985840,1115.240967,1616.197632,-3700.911621,1112.669434,1449.455566,-3695.139404,1124.303345,1570.946533,-3723.515137,1094.315186,1484.929565,-3648.391113,1115.745361,1616.371460,-3700.581299,2616.273438,1567.730103,-3159.754639,,,,,,,,,,,,,,,,,,,,,,,,,,,,,,,,,
1939,19.390000,0.000000,0.000000,0.000000,1.000000,0.000000,0.000000,0.000000,57.698101,20.499701,-14.700500,0.047771,-0.013570,0.015998,-15.666301,-52.738201,18.801300,-93.396698,0.129960,17.611099,-0.246090,-0.489476,-0.663720,0.509243,1110.511597,1530.261353,-3692.207764,1111.119629,1448.986938,-3695.873291,1123.886719,1571.064331,-3723.367676,1093.027832,1484.966064,-3648.371338,1114.011841,1616.028564,-3701.218750,1111.334229,1449.265137,-3695.435059,1123.412109,1570.896729,-3723.618164,1092.903931,1484.731934,-3648.765869,1114.381470,1616.156494,-3701.005615,2616.271973,1567.714355,-3159.773438,,,,,,,,,,,,,,,,,,,,,,,,,,,,,,,,,
1940,19.400000,0.000000,0.000000,0.000000,1.000000,0.000000,0.000000,0.000000,57.698101,20.499701,-14.700500,0.047771,-0.013570,0.015998,-15.666301,-52.738201,18.801300,-93.396698,0.129960,17.611099,-0.243583,-0.491285,-0.664970,0.507071,1109.256104,1530.091675,-3692.533691,1109.827393,1448.817871,-3696.219482,1122.910522,1570.893311,-3723.573975,1091.389526,1484.797119,-3648.851074,1112.897217,1615.858521,-3701.490234,1109.770386,1448.904297,-3695.881836,1122.814331,1570.968140,-3723.576172,1091.456787,1484.523804,-3649.177490,1112.986816,1615.929077,-3701.509277,2616.287109,1567.736938,-3159.780518,,,,,,,,,,,,,,,,,,,,,,,,,,,,,,,,,
1941,19.410000,0.000000,0.000000,0.000000,1.000000,0.000000,0.000000,0.000000,57.698101,20.499701,-14.700500,0.047771,-0.013570,0.015998,-15.666301,-52.738201,18.801300,-93.396698,0.129960,17.611099,-0.246155,-0.489586,-0.664434,0.508174,1108.093872,1529.988647,-3692.779785,1108.532104,1448.712891,-3696.441406,1121.601318,1570.761475,-3723.922119,1090.450195,1484.732910,-3648.966553,1111.791870,1615.747559,-3701.789062,1108.320557,1448.709717,-3696.237549,1121.760620,1570.891968,-3723.848877,1090.637573,1484.634644,-3649.193604,1111.665039,1615.713135,-3701.840332,2616.297607,1567.743896,-3159.788086,,,,,,,,,,,,,,,,,,,,,,,,,,,,,,,,,
1942,19.420000,0.000000,0.000000,0.000000,1.000000,0.000000,0.000000,0.000000,57.698101,20.499701,-14.700500,0.047771,-0.013570,0.015998,-15.666301,-52.738201,18.801300,-93.396698,0.129960,17.611099,-0.246036,-0.490273,-0.663396,0.508924,1107.086548,1530.055664,-3692.937988,1107.727051,1448.776123,-3696.482910,1120.479614,1570.817383,-3724.144287,1089.573364,1484.818970,-3649.052979,1110.566040,1615.810547,-3702.072266,1107.477783,1448.741699,-3696.308105,1120.700928,1570.992920,-3724.009766,1089.793823,1484.761719,-3649.269287,1110.387085,1615.731201,-3702.160400,2616.286621,1567.745972,-3159.796143,,,,,,,,,,,,,,,,,,,,,,,,,,,,,,,,,
1943,19.430000,0.000000,0.000000,0.000000,1.000000,0.000000,0.000000,0.000000,57.698101,20.499701,-14.700500,0.047771,-0.013570,0.015998,-15.666301,-52.738201,18.801300,-93.396698,0.129960,17.611099,-0.247786,-0.489029,-0.662661,0.510229,1106.062744,1530.098511,-3693.104492,1106.697021,1448.818359,-3696.635742,1119.286255,1570.855713,-3724.388916,1088.786255,1484.868408,-3649.118896,1109.481445,1615.852173,-3702.274658,1106.598999,1448.724731,-3696.467773,1119.317505,1570.947021,-3724.352783,1088.899292,1484.904907,-3649.346680,1109.441772,1615.815552,-3702.262695,2616.289551,1567.731567,-3159.810547,,,,,,,,,,,,,,,,,,,,,,,,,,,,,,,,,
1944,19.440000,0.000000,0.000000,0.000000,1.000000,0.000000,0.000000,0.000000,57.698101,20.499701,-14.700500,0.047771,-0.013570,0.015998,-15.666301,-52.738201,18.801300,-93.396698,0.129960,17.611099,-0.252390,-0.485689,-0.661381,0.512817,1104.960571,1530.102661,-3693.307373,1105.434570,1448.820679,-3696.825928,1117.844482,1570.833740,-3724.767090,1088.178589,1484.907227,-3649.094971,1108.384521,1615.848999,-3702.541260,1105.573853,1448.768066,-3696.631592,1117.562012,1570.677490,-3724.946777,1088.113647,1485.031494,-3649.368896,1108.576660,1615.930664,-3702.294189,2616.273926,1567.717163,-3159.801758,,,,,,,,,,,,,,,,,,,,,,,,,,,,,,,,,
1945,19.450000,0.000000,0.000000,0.000000,1.000000,0.000000,0.000000,0.000000,57.698101,20.499701,-14.700500,0.047771,-0.013570,0.015998,-15.666301,-52.738201,18.801300,-93.396698,0.129960,17.611099,-0.251826,-0.485877,-0.661800,0.512375,1103.824341,1530.082397,-3693.527344,1104.273804,1448.802124,-3697.086914,1116.772949,1570.824707,-3724.945312,1086.955933,1484.870605,-3649.364746,1107.294678,1615.832153,-3702.711914,1104.594482,1448.947754,-3696.699951,1116.096069,1570.537720,-3725.318604,1086.761353,1484.781860,-3649.740234,1107.781494,1616.035400,-3702.368164,2616.284668,1567.724854,-3159.804688,,,,,,,,,,,,,,,,,,,,,,,,,,,,,,,,,
1946,19.460000,0.000000,0.000000,0.000000,1.000000,0.000000,0.000000,0.000000,57.698101,20.499701,-14.700500,0.047771,-0.013570,0.015998,-15.666301,-52.738201,18.801300,-93.396698,0.129960,17.611099,-0.249045,-0.487830,-0.662676,0.510743,1102.480957,1529.958984,-3693.827637,1103.009033,1448.680176,-3697.407471,1115.645752,1570.718750,-3725.133301,1085.301025,1484.723389,-3649.809570,1105.968140,1615.713745,-3702.960205,1103.280151,1448.944458,-3696.969482,1115.083984,1570.583862,-3725.415283,1085.130859,1484.485352,-3650.181396,1106.413208,1615.830322,-3702.734131,2616.306152,1567.705811,-3159.804932,,,,,,,,,,,,,,,,,,,,,,,,,,,,,,,,,
1947,19.470000,0.000000,0.000000,0.000000,1.000000,0.000000,0.000000,0.000000,57.698101,20.499701,-14.700500,0.047771,-0.013570,0.015998,-15.666301,-52.738201,18.801300,-93.396698,0.129960,17.611099,-0.248957,-0.486916,-0.664322,0.509519,1101.117432,1529.880737,-3694.059326,1101.351440,1448.609009,-3697.825195,1114.469360,1570.663574,-3725.255371,1083.718628,1484.607788,-3650.166016,1104.930420,1615.642944,-3702.990479,1101.429443,1448.637451,-3697.568115,1114.268921,1570.675537,-3725.413818,1083.660889,1484.437134,-3650.370117,1105.109741,1615.770386,-3702.885986,2616.294189,1567.737183,-3159.796875,,,,,,,,,,,,,,,,,,,,,,,,,,,,,,,,,
1948,19.480000,0.000000,0.000000,0.000000,1.000000,0.000000,0.000000,0.000000,57.698101,20.499701,-14.700500,0.047771,-0.013570,0.015998,-15.666301,-52.738201,18.801300,-93.396698,0.129960,17.611099,-0.248009,-0.487891,-0.664831,0.508383,1099.786255,1529.860596,-3694.260742,1099.983276,1448.587158,-3697.993652,1113.276123,1570.622803,-3725.424561,1082.200928,1484.616089,-3650.412842,1103.684570,1615.616821,-3703.212158,1099.850830,1448.562134,-3697.824219,1113.376465,1570.728638,-3725.428223,1082.304565,1484.491455,-3650.557617,1103.616089,1615.650635,-3703.231201,2616.298828,1567.735229,-3159.814697,,,,,,,,,,,,,,,,,,,,,,,,,,,,,,,,,
1949,19.490000,0.000000,0.000000,0.000000,1.000000,0.000000,0.000000,0.000000,57.698101,20.499701,-14.700500,0.047771,-0.013570,0.015998,-15.666301,-52.738201,18.801300,-93.396698,0.129960,17.611099,-0.247452,-0.489063,-0.664063,0.508533,1098.682983,1529.940918,-3694.380127,1099.056396,1448.661987,-3697.976807,1112.130859,1570.679443,-3725.592773,1081.131226,1484.732544,-3650.481201,1102.413452,1615.690063,-3703.469238,1098.814331,1448.692627,-3697.831787,1112.389771,1570.803955,-3725.522949,1081.327637,1484.660278,-3650.637451,1102.205933,1615.612549,-3703.522217,2616.299316,1567.750000,-3159.799561,,,,,,,,,,,,,,,,,,,,,,,,,,,,,,,,,
1950,19.500000,0.000000,0.000000,0.000000,1.000000,0.000000,0.000000,0.000000,57.698101,20.499701,-14.700500,0.047771,-0.013570,0.015998,-15.666301,-52.738201,18.801300,-93.396698,0.129960,17.611099,-0.251501,-0.486739,-0.661960,0.511509,1097.634277,1530.047485,-3694.422119,1098.046021,1448.763306,-3697.892090,1110.676025,1570.748413,-3725.855469,1080.641846,1484.893311,-3650.248291,1101.173340,1615.785522,-3703.691895,1097.882446,1448.794189,-3697.828857,1110.865234,1570.745361,-3725.791260,1080.798828,1484.945557,-3650.377441,1100.994629,1615.706055,-3703.694092,2616.291016,1567.715454,-3159.784912,,,,,,,,,,,,,,,,,,,,,,,,,,,,,,,,,
1951,19.510000,0.000000,0.000000,0.000000,1.000000,0.000000,0.000000,0.000000,57.698101,20.499701,-14.700500,0.047771,-0.013570,0.015998,-15.666301,-52.738201,18.801300,-93.396698,0.129960,17.611099,-0.252418,-0.486231,-0.660924,0.512879,1096.594482,1530.175903,-3694.428711,1097.134033,1448.890503,-3697.852783,1109.453003,1570.880615,-3725.932373,1079.838501,1485.018433,-3650.167969,1099.952271,1615.914307,-3703.761230,1097.292725,1449.078857,-3697.547607,1109.129639,1570.670776,-3726.209717,1079.754272,1484.957031,-3650.466797,1100.183960,1615.988159,-3703.494141,2616.289307,1567.727417,-3159.777100,,,,,,,,,,,,,,,,,,,,,,,,,,,,,,,,,
1952,19.520000,0.000000,0.000000,0.000000,1.000000,0.000000,0.000000,0.000000,57.698101,20.499701,-14.700500,0.047771,-0.013570,0.015998,-15.666301,-52.738201,18.801300,-93.396698,0.129960,17.611099,-0.252137,-0.486512,-0.660575,0.513199,1095.276733,1530.164185,-3694.537109,1095.914185,1448.878662,-3697.940186,1108.091919,1570.876221,-3726.049316,1078.567139,1484.998291,-3650.267334,1098.533447,1615.904175,-3703.891602,1096.218018,1449.105835,-3697.552734,1107.490356,1570.626953,-3726.429932,1078.385010,1484.896362,-3650.618164,1098.972900,1616.012329,-3703.553223,2616.304199,1567.710571,-3159.760254,,,,,,,,,,,,,,,,,,,,,,,,,,,,,,,,,
1953,19.530000,0.000000,0.000000,0.000000,1.000000,0.000000,0.000000,0.000000,57.698101,20.499701,-14.700500,0.047771,-0.013570,0.015998,-15.666301,-52.738201,18.801300,-93.396698,0.129960,17.611099,-0.249982,-0.487294,-0.662075,0.511576,1093.888306,1530.128906,-3694.740234,1094.449463,1448.848999,-3698.287598,1106.940308,1570.882690,-3726.100830,1076.860474,1484.902710,-3650.653809,1097.302734,1615.881836,-3703.918701,1094.660034,1449.000854,-3697.866211,1106.481079,1570.797607,-3726.386719,1076.728516,1484.711670,-3651.025879,1097.667725,1616.006592,-3703.684570,2616.305176,1567.770020,-3159.751221,,,,,,,,,,,,,,,,,,,,,,,,,,,,,,,,,
1954,19.540000,0.000000,0.000000,0.000000,1.000000,0.000000,0.000000,0.000000,57.698101,20.499701,-14.700500,0.047771,-0.013570,0.015998,-15.666301,-52.738201,18.801300,-93.396698,0.129960,17.611099,-0.246948,-0.489003,-0.663272,0.509866,1092.369263,1530.074829,-3694.972168,1092.985596,1448.799072,-3698.608643,1105.659424,1570.868896,-3726.180176,1075.002686,1484.792358,-3651.076172,1095.829468,1615.839233,-3704.024170,1092.979492,1448.865112,-3698.244873,1105.514893,1571.034058,-3726.279785,1075.021240,1484.591553,-3651.394531,1095.952881,1615.798462,-3703.971436,2616.276367,1567.726807,-3159.746094,,,,,,,,,,,,,,,,,,,,,,,,,,,,,,,,,
1955,19.550000,0.000000,0.000000,0.000000,1.000000,0.000000,0.000000,0.000000,57.698101,20.499701,-14.700500,0.047771,-0.013570,0.015998,-15.666301,-52.738201,18.801300,-93.396698,0.129960,17.611099,-0.246830,-0.488338,-0.663810,0.509860,1090.929199,1530.132568,-3695.106689,1091.481934,1448.862061,-3698.867188,1104.242920,1570.963867,-3726.255615,1073.538696,1484.796509,-3651.275391,1094.453003,1615.907959,-3704.028809,1091.342651,1448.813232,-3698.544678,1104.277832,1571.123169,-3726.292236,1073.673706,1484.698120,-3651.604492,1094.426147,1615.878662,-3703.994629,2616.267090,1567.750000,-3159.733398,,,,,,,,,,,,,,,,,,,,,,,,,,,,,,,,,
1956,19.560000,0.000000,0.000000,0.000000,1.000000,0.000000,0.000000,0.000000,57.698101,20.499701,-14.700500,0.047771,-0.013570,0.015998,-15.666301,-52.738201,18.801300,-93.396698,0.129960,17.611099,-0.247653,-0.488264,-0.662709,0.510963,1089.840698,1530.371216,-3695.106689,1090.525024,1449.097046,-3698.765625,1102.996094,1571.185913,-3726.344238,1072.651611,1485.060791,-3651.169434,1093.189697,1616.141235,-3704.147461,1090.318970,1449.016479,-3698.619385,1103.197998,1571.292847,-3726.289795,1072.843628,1485.105225,-3651.374756,1093.010132,1616.072510,-3704.148193,2616.277344,1567.755737,-3159.739502,,,,,,,,,,,,,,,,,,,,,,,,,,,,,,,,,
1957,19.570000,0.000000,0.000000,0.000000,1.000000,0.000000,0.000000,0.000000,57.698101,20.499701,-14.700500,0.047771,-0.013570,0.015998,-15.666301,-52.738201,18.801300,-93.396698,0.129960,17.611099,-0.250562,-0.486230,-0.661546,0.512987,1088.756104,1530.605469,-3695.129150,1089.411499,1449.329834,-3698.760254,1101.645020,1571.407715,-3726.494141,1071.941772,1485.312744,-3651.029053,1092.026123,1616.371826,-3704.233154,1089.423218,1449.270996,-3698.564941,1101.557861,1571.292847,-3726.589111,1071.982544,1485.416016,-3651.324463,1092.065674,1616.452637,-3704.060303,2616.267822,1567.768921,-3159.737305,,,,,,,,,,,,,,,,,,,,,,,,,,,,,,,,,
1958,19.580000,0.000000,0.000000,0.000000,1.000000,0.000000,0.000000,0.000000,57.698101,20.499701,-14.700500,0.047771,-0.013570,0.015998,-15.666301,-52.738201,18.801300,-93.396698,0.129960,17.611099,-0.253937,-0.483472,-0.660432,0.515364,1087.681885,1530.792236,-3695.156738,1088.269531,1449.517456,-3698.818115,1100.266724,1571.598999,-3726.639160,1071.299561,1485.492676,-3650.901367,1090.891602,1616.560059,-3704.268311,1088.460938,1449.466675,-3698.578125,1099.893066,1571.349854,-3726.925781,1071.195068,1485.582764,-3651.193115,1091.154297,1616.755981,-3703.935303,2616.295166,1567.746704,-3159.732422,,,,,,,,,,,,,,,,,,,,,,,,,,,,,,,,,
1959,19.590000,0.000000,0.000000,0.000000,1.000000,0.000000,0.000000,0.000000,57.698101,20.499701,-14.700500,0.047771,-0.013570,0.015998,-15.666301,-52.738201,18.801300,-93.396698,0.129960,17.611099,-0.253869,-0.483414,-0.659697,0.516392,1086.460327,1530.820190,-3695.261719,1087.218140,1449.546753,-3698.920654,1098.915161,1571.652588,-3726.762451,1070.234741,1485.487305,-3650.982422,1089.473267,1616.594360,-3704.381104,1087.517700,1449.637573,-3698.592285,1098.334595,1571.353271,-3727.199463,1070.048828,1485.464722,-3651.291748,1089.894043,1616.795166,-3703.980469,2616.287598,1567.731934,-3159.713135,,,,,,,,,,,,,,,,,,,,,,,,,,,,,,,,,
1960,19.600000,0.000000,0.000000,0.000000,1.000000,0.000000,0.000000,0.000000,57.698101,20.499701,-14.700500,0.047771,-0.013570,0.015998,-15.666301,-52.738201,18.801300,-93.396698,0.129960,17.611099,-0.250229,-0.486516,-0.659764,0.515170,1085.233643,1530.778809,-3695.409180,1086.302124,1449.505249,-3698.987549,1097.839355,1571.625977,-3726.831055,1068.755005,1485.429565,-3651.240479,1088.038330,1616.554688,-3704.577881,1086.522949,1449.774170,-3698.588623,1097.400269,1571.518188,-3727.097168,1068.622437,1485.246338,-3651.574219,1088.382324,1616.592896,-3704.359131,2616.291260,1567.760986,-3159.718994,,,,,,,,,,,,,,,,,,,,,,,,,,,,,,,,,
1961,19.610000,0.000000,0.000000,0.000000,1.000000,0.000000,0.000000,0.000000,57.698101,20.499701,-14.700500,0.047771,-0.013570,0.015998,-15.666301,-52.738201,18.801300,-93.396698,0.129960,17.611099,-0.248073,-0.487643,-0.660786,0.513835,1083.999756,1530.681396,-3695.641846,1085.076904,1449.411377,-3699.299805,1096.794067,1571.559937,-3726.946045,1067.257812,1485.287964,-3651.617676,1086.870361,1616.466553,-3704.703125,1085.084351,1449.600342,-3698.954102,1096.671509,1571.632080,-3727.096924,1067.258789,1485.065430,-3651.896240,1086.980591,1616.428345,-3704.610596,2616.280273,1567.751709,-3159.739990,,,,,,,,,,,,,,,,,,,,,,,,,,,,,,,,,
1962,19.620000,0.000000,0.000000,0.000000,1.000000,0.000000,0.000000,0.000000,57.698101,20.499701,-14.700500,0.047771,-0.013570,0.015998,-15.666301,-52.738201,18.801300,-93.396698,0.129960,17.611099,-0.246904,-0.487569,-0.661783,0.513185,1082.735596,1530.622681,-3695.817139,1083.758911,1449.359253,-3699.630859,1095.642944,1571.552002,-3727.008545,1065.843872,1485.156738,-3651.925293,1085.696411,1616.423096,-3704.703857,1083.619019,1449.455200,-3699.329834,1095.685425,1571.726196,-3727.030029,1065.962402,1484.965332,-3652.193115,1085.674438,1616.340576,-3704.711182,2616.295898,1567.760376,-3159.744141,,,,,,,,,,,,,,,,,,,,,,,,,,,,,,,,,
1963,19.630000,0.000000,0.000000,0.000000,1.000000,0.000000,0.000000,0.000000,57.698101,20.499701,-14.700500,0.047771,-0.013570,0.015998,-15.666301,-52.738201,18.801300,-93.396698,0.129960,17.611099,-0.246328,-0.486852,-0.662714,0.512941,1081.626709,1530.687500,-3695.854980,1082.566040,1449.432007,-3699.857178,1094.600342,1571.675415,-3726.941650,1064.654541,1485.137451,-3652.081299,1084.685669,1616.505005,-3704.539551,1082.353271,1449.383423,-3699.539307,1094.733765,1571.901245,-3726.952148,1064.830811,1484.970093,-3652.370850,1084.598877,1616.481079,-3704.552734,2616.283447,1567.724243,-3159.751953,,,,,,,,,,,,,,,,,,,,,,,,,,,,,,,,,
1964,19.640000,0.000000,0.000000,0.000000,1.000000,0.000000,0.000000,0.000000,57.698101,20.499701,-14.700500,0.047771,-0.013570,0.015998,-15.666301,-52.738201,18.801300,-93.396698,0.129960,17.611099,-0.250301,-0.483454,-0.661920,0.515251,1080.731812,1530.843262,-3695.853516,1081.489624,1449.589600,-3699.929688,1093.419067,1571.834595,-3727.053955,1064.183350,1485.286499,-3651.925049,1083.835205,1616.662598,-3704.505127,1081.455811,1449.455322,-3699.618164,1093.365723,1571.888550,-3727.192871,1064.233887,1485.255371,-3652.230225,1083.873169,1616.754028,-3704.363037,2616.272949,1567.733032,-3159.766113,,,,,,,,,,,,,,,,,,,,,,,,,,,,,,,,,
1965,19.650000,0.000000,0.000000,0.000000,1.000000,0.000000,0.000000,0.000000,57.698101,20.499701,-14.700500,0.047771,-0.013570,0.015998,-15.666301,-52.738201,18.801300,-93.396698,0.129960,17.611099,-0.252146,-0.482112,-0.661074,0.516693,1079.720947,1530.914062,-3695.921875,1080.482300,1449.659790,-3699.984619,1092.218628,1571.902466,-3727.202393,1063.435425,1485.361694,-3651.890869,1082.747559,1616.732422,-3704.609863,1080.685425,1449.567749,-3699.653809,1091.801270,1571.756348,-3727.496338,1063.321777,1485.379028,-3652.237061,1083.064697,1616.955322,-3704.295654,2616.277344,1567.757324,-3159.774658,,,,,,,,,,,,,,,,,,,,,,,,,,,,,,,,,
1966,19.660000,0.000000,0.000000,0.000000,1.000000,0.000000,0.000000,0.000000,57.698101,20.499701,-14.700500,0.047771,-0.013570,0.015998,-15.666301,-52.738201,18.801300,-93.396698,0.129960,17.611099,-0.255131,-0.480296,-0.659756,0.518600,1078.654785,1530.962402,-3695.998535,1079.389771,1449.704224,-3699.986816,1090.887695,1571.920776,-3727.422363,1062.740845,1485.452271,-3651.788086,1081.600830,1616.772461,-3704.796387,1079.643311,1449.623047,-3699.768066,1090.416260,1571.683228,-3727.713379,1062.591309,1485.598267,-3652.071533,1081.937134,1616.927856,-3704.444824,2616.297363,1567.748413,-3159.779297,,,,,,,,,,,,,,,,,,,,,,,,,,,,,,,,,
1967,19.670000,0.000000,0.000000,0.000000,1.000000,0.000000,0.000000,0.000000,57.698101,20.499701,-14.700500,0.047771,-0.013570,0.015998,-15.666301,-52.738201,18.801300,-93.396698,0.129960,17.611099,-0.252365,-0.482165,-0.660170,0.517691,1077.533936,1530.954834,-3696.110596,1078.456665,1449.699585,-3700.120605,1089.895020,1571.948242,-3727.438721,1061.415527,1485.398193,-3652.022461,1080.368530,1616.773560,-3704.860107,1078.679932,1449.731079,-3699.811035,1089.453613,1571.779907,-3727.731934,1061.285522,1485.408447,-3652.348877,1080.694824,1616.889893,-3704.555420,2616.266846,1567.692505,-3159.783691,,,,,,,,,,,,,,,,,,,,,,,,,,,,,,,,,
1968,19.680000,0.000000,0.000000,0.000000,1.000000,0.000000,0.000000,0.000000,57.698101,20.499701,-14.700500,0.047771,-0.013570,0.015998,-15.666301,-52.738201,18.801300,-93.396698,0.129960,17.611099,-0.246173,-0.486617,-0.661327,0.515023,1076.364380,1530.894409,-3696.241211,1077.635254,1449.644165,-3700.258301,1089.079712,1571.941040,-3727.357178,1059.704834,1485.267212,-3652.427979,1079.037720,1616.725464,-3704.921143,1077.710938,1449.825562,-3699.857422,1088.820068,1571.987915,-3727.476807,1059.674561,1485.054199,-3652.801270,1079.249390,1616.708130,-3704.827148,2616.247803,1567.738159,-3159.811523,,,,,,,,,,,,,,,,,,,,,,,,,,,,,,,,,
1969,19.690000,0.000000,0.000000,0.000000,1.000000,0.000000,0.000000,0.000000,57.698101,20.499701,-14.700500,0.047771,-0.013570,0.015998,-15.666301,-52.738201,18.801300,-93.396698,0.129960,17.611099,-0.244418,-0.487576,-0.662533,0.513400,1075.088379,1530.737915,-3696.429443,1076.283325,1449.489990,-3700.514160,1088.023560,1571.797363,-3727.437744,1058.133789,1485.091064,-3652.750000,1077.912720,1616.573486,-3705.016113,1076.210327,1449.542603,-3700.223389,1087.963867,1571.964355,-3727.424805,1058.201782,1484.838623,-3653.008301,1077.973999,1616.577637,-3705.063232,2616.261719,1567.760498,-3159.822510,,,,,,,,,,,,,,,,,,,,,,,,,,,,,,,,,
1970,19.700000,0.000000,0.000000,0.000000,1.000000,0.000000,0.000000,0.000000,57.698101,20.499701,-14.700500,0.047771,-0.013570,0.015998,-15.666301,-52.738201,18.801300,-93.396698,0.129960,17.611099,-0.244087,-0.487810,-0.663279,0.512371,1073.891602,1530.602905,-3696.551025,1074.957520,1449.354004,-3700.654053,1086.959839,1571.648315,-3727.522217,1056.770386,1484.973755,-3652.918457,1076.878784,1616.435791,-3705.109863,1074.731079,1449.365479,-3700.447510,1087.161499,1571.906128,-3727.455811,1056.939575,1484.735962,-3653.070557,1076.755371,1616.408691,-3705.219482,2616.293945,1567.755859,-3159.814453,,,,,,,,,,,,,,,,,,,,,,,,,,,,,,,,,
1971,19.710000,0.000000,0.000000,0.000000,1.000000,0.000000,0.000000,0.000000,57.698101,20.499701,-14.700500,0.047771,-0.013570,0.015998,-15.666301,-52.738201,18.801300,-93.396698,0.129960,17.611099,-0.247626,-0.484490,-0.663344,0.513737,1072.851685,1530.508301,-3696.560791,1073.607910,1449.262695,-3700.794922,1085.765137,1571.557251,-3727.592041,1055.989014,1484.869873,-3652.837158,1076.044556,1616.343628,-3705.019043,1073.478638,1449.220337,-3700.595703,1085.853516,1571.611450,-3727.626953,1056.100830,1484.783081,-3653.031006,1075.971924,1616.404175,-3704.989258,2616.281006,1567.739380,-3159.804688,,,,,,,,,,,,,,,,,,,,,,,,,,,,,,,,,
1972,19.720000,0.000000,0.000000,0.000000,1.000000,0.000000,0.000000,0.000000,57.698101,20.499701,-14.700500,0.047771,-0.013570,0.015998,-15.666301,-52.738201,18.801300,-93.396698,0.129960,17.611099,-0.252305,-0.480429,-0.662455,0.516414,1072.019043,1530.507812,-3696.466064,1072.548828,1449.265381,-3700.793457,1084.600830,1571.562622,-3727.625488,1055.649292,1484.858154,-3652.566895,1075.277466,1616.345337,-3704.878174,1072.644653,1449.249878,-3700.596680,1084.406738,1571.318115,-3727.868652,1055.609863,1484.930054,-3652.814209,1075.401978,1616.521729,-3704.592041,2616.262695,1567.721680,-3159.814453,,,,,,,,,,,,,,,,,,,,,,,,,,,,,,,,,
1973,19.730000,0.000000,0.000000,0.000000,1.000000,0.000000,0.000000,0.000000,57.698101,20.499701,-14.700500,0.047771,-0.013570,0.015998,-15.666301,-52.738201,18.801300,-93.396698,0.129960,17.611099,-0.252646,-0.480296,-0.661432,0.517681,1071.000610,1530.416870,-3696.530273,1071.710449,1449.173584,-3700.817139,1083.413818,1571.484863,-3727.739990,1054.839600,1484.751953,-3652.570068,1074.038330,1616.257324,-3704.994141,1071.934082,1449.304199,-3700.532471,1082.953857,1571.114258,-3728.099854,1054.716797,1484.794189,-3652.898193,1074.335693,1616.396606,-3704.626221,2616.276855,1567.730347,-3159.821289,,,,,,,,,,,,,,,,,,,,,,,,,,,,,,,,,
1974,19.740000,0.000000,0.000000,0.000000,1.000000,0.000000,0.000000,0.000000,57.698101,20.499701,-14.700500,0.047771,-0.013570,0.015998,-15.666301,-52.738201,18.801300,-93.396698,0.129960,17.611099,-0.249616,-0.483369,-0.660471,0.517517,1069.937622,1530.285767,-3696.660645,1071.102295,1449.039185,-3700.783691,1082.349487,1571.358276,-3727.864746,1053.714355,1484.621094,-3652.723145,1072.583984,1616.124512,-3705.271240,1071.349487,1449.323975,-3700.399902,1081.865601,1571.067261,-3728.194336,1053.589600,1484.600952,-3653.117432,1072.917603,1616.138306,-3704.928467,2616.260254,1567.748413,-3159.815186,,,,,,,,,,,,,,,,,,,,,,,,,,,,,,,,,
1975,19.750000,0.000000,0.000000,0.000000,1.000000,0.000000,0.000000,0.000000,57.698101,20.499701,-14.700500,0.047771,-0.013570,0.015998,-15.666301,-52.738201,18.801300,-93.396698,0.129960,17.611099,-0.243640,-0.488042,-0.661276,0.514946,1068.906006,1530.069092,-3696.818604,1070.449829,1448.825806,-3700.880615,1081.644531,1571.175171,-3727.846436,1052.175659,1484.362061,-3653.115723,1071.353760,1615.913574,-3705.431396,1070.597778,1449.175415,-3700.438232,1081.299194,1571.116089,-3728.027588,1052.108521,1484.177979,-3653.509033,1071.624878,1615.848267,-3705.264404,2616.280518,1567.753540,-3159.807861,,,,,,,,,,,,,,,,,,,,,,,,,,,,,,,,,
1976,19.760000,0.000000,0.000000,0.000000,1.000000,0.000000,0.000000,0.000000,57.698101,20.499701,-14.700500,0.047771,-0.013570,0.015998,-15.666301,-52.738201,18.801300,-93.396698,0.129960,17.611099,-0.242758,-0.487886,-0.662320,0.514167,1067.747559,1529.759033,-3697.038574,1069.193481,1448.521118,-3701.239746,1080.610962,1570.902588,-3727.965088,1050.857544,1483.997559,-3653.454346,1070.328247,1615.615112,-3705.495117,1069.204468,1448.706665,-3700.875977,1080.440430,1570.995728,-3728.042236,1050.876099,1483.815308,-3653.798340,1070.469971,1615.522339,-3705.434570,2616.303467,1567.705078,-3159.788574,,,,,,,,,,,,,,,,,,,,,,,,,,,,,,,,,
1977,19.770000,0.000000,0.000000,0.000000,1.000000,0.000000,0.000000,0.000000,57.698101,20.499701,-14.700500,0.047771,-0.013570,0.015998,-15.666301,-52.738201,18.801300,-93.396698,0.129960,17.611099,-0.242117,-0.487944,-0.663140,0.513357,1066.629517,1529.493652,-3697.256348,1067.981812,1448.258179,-3701.534668,1079.609619,1570.651367,-3728.114990,1049.590454,1483.710693,-3653.752686,1069.336182,1615.354736,-3705.622314,1067.879761,1448.324219,-3701.237305,1079.596436,1570.889404,-3728.134277,1049.673462,1483.492432,-3653.997314,1069.363892,1615.269287,-3705.649902,2616.330322,1567.725464,-3159.756592,,,,,,,,,,,,,,,,,,,,,,,,,,,,,,,,,
1978,19.780000,0.000000,0.000000,0.000000,1.000000,0.000000,0.000000,0.000000,57.698101,20.499701,-14.700500,0.047771,-0.013570,0.015998,-15.666301,-52.738201,18.801300,-93.396698,0.129960,17.611099,-0.244058,-0.485047,-0.664472,0.513461,1065.723511,1529.249146,-3697.395020,1066.686157,1448.022583,-3701.939453,1078.735718,1570.446899,-3728.187012,1048.694702,1483.404053,-3653.953125,1068.777588,1615.123657,-3705.500732,1066.501953,1447.858398,-3701.706543,1078.848999,1570.772705,-3728.113770,1048.830933,1483.238525,-3654.136963,1068.718628,1615.134033,-3705.595215,2616.311523,1567.753296,-3159.760254,,,,,,,,,,,,,,,,,,,,,,,,,,,,,,,,,
1979,19.790000,0.000000,0.000000,0.000000,1.000000,0.000000,0.000000,0.000000,57.698101,20.499701,-14.700500,0.047771,-0.013570,0.015998,-15.666301,-52.738201,18.801300,-93.396698,0.129960,17.611099,-0.249206,-0.480351,-0.664259,0.515674,1064.860229,1528.986938,-3697.565918,1065.423218,1447.765625,-3702.269287,1077.613159,1570.187866,-3728.461914,1048.247803,1483.131592,-3653.973633,1068.156616,1614.862915,-3705.559082,1065.395020,1447.489624,-3702.027588,1077.544556,1570.290771,-3728.496338,1048.289917,1483.113281,-3654.208984,1068.212158,1615.014038,-3705.510498,2616.297363,1567.735107,-3159.767090,,,,,,,,,,,,,,,,,,,,,,,,,,,,,,,,,
1980,19.800000,0.000000,0.000000,0.000000,1.000000,0.000000,0.000000,0.000000,57.698101,20.499701,-14.700500,0.047771,-0.013570,0.015998,-15.666301,-52.738201,18.801300,-93.396698,0.129960,17.611099,-0.251368,-0.478862,-0.663492,0.516995,1064.197998,1528.766479,-3697.647705,1064.710327,1447.543457,-3702.327393,1076.774780,1569.953613,-3728.634033,1047.837402,1482.930298,-3653.940186,1067.469482,1614.639038,-3705.689209,1064.915527,1447.362915,-3702.019775,1076.370117,1569.822998,-3728.921387,1047.721313,1482.958130,-3654.250977,1067.787598,1614.932983,-3705.379150,2616.314453,1567.736084,-3159.746582,,,,,,,,,,,,,,,,,,,,,,,,,,,,,,,,,
1981,19.810000,0.000000,0.000000,0.000000,1.000000,0.000000,0.000000,0.000000,57.698101,20.499701,-14.700500,0.047771,-0.013570,0.015998,-15.666301,-52.738201,18.801300,-93.396698,0.129960,17.611099,-0.253180,-0.477845,-0.662499,0.518323,1063.413086,1528.482300,-3697.792969,1063.945190,1447.255859,-3702.409912,1075.805298,1569.651123,-3728.877686,1047.306152,1482.672607,-3653.963867,1066.595825,1614.349976,-3705.920410,1064.231812,1447.176636,-3702.134521,1075.253540,1569.381592,-3729.223145,1047.138672,1482.799561,-3654.296875,1066.990234,1614.550903,-3705.522461,2616.280518,1567.741333,-3159.740967,,,,,,,,,,,,,,,,,,,,,,,,,,,,,,,,,
1982,19.820000,0.000000,0.000000,0.000000,1.000000,0.000000,0.000000,0.000000,57.698101,20.499701,-14.700500,0.047771,-0.013570,0.015998,-15.666301,-52.738201,18.801300,-93.396698,0.129960,17.611099,-0.251461,-0.479114,-0.662895,0.517482,1062.648804,1528.211426,-3697.956787,1063.263916,1446.985596,-3702.575439,1075.152344,1569.391479,-3728.982178,1046.375366,1482.387085,-3654.204346,1065.803345,1614.082031,-3706.065186,1063.479004,1447.012939,-3702.301270,1074.720703,1569.211304,-3729.229248,1046.254883,1482.439087,-3654.525879,1066.112427,1614.169189,-3705.782227,2616.270264,1567.778198,-3159.748291,,,,,,,,,,,,,,,,,,,,,,,,,,,,,,,,,
1983,19.830000,0.000000,0.000000,0.000000,1.000000,0.000000,0.000000,0.000000,57.698101,20.499701,-14.700500,0.047771,-0.013570,0.015998,-15.666301,-52.738201,18.801300,-93.396698,0.129960,17.611099,-0.248657,-0.480797,-0.663875,0.516018,1061.819824,1527.910278,-3698.167480,1062.515991,1446.688843,-3702.852295,1074.527344,1569.124512,-3729.064209,1045.251587,1482.038086,-3654.576172,1064.984131,1613.789673,-3706.177734,1062.645386,1446.805542,-3702.566162,1074.239990,1569.100098,-3729.227295,1045.183105,1481.984009,-3654.863037,1065.205688,1613.754272,-3706.013184,2616.321289,1567.736938,-3159.740967,,,,,,,,,,,,,,,,,,,,,,,,,,,,,,,,,
1984,19.840000,0.000000,0.000000,0.000000,1.000000,0.000000,0.000000,0.000000,57.698101,20.499701,-14.700500,0.047771,-0.013570,0.015998,-15.666301,-52.738201,18.801300,-93.396698,0.129960,17.611099,-0.244960,-0.483280,-0.665100,0.513884,1060.899536,1527.566162,-3698.471191,1061.699707,1446.348267,-3703.200195,1073.890747,1568.809082,-3729.211670,1043.922363,1481.654907,-3655.078857,1064.084961,1613.452881,-3706.394531,1061.833374,1446.582642,-3702.817139,1073.567383,1568.845825,-3729.381836,1043.839355,1481.427612,-3655.396973,1064.353271,1613.418945,-3706.278320,2616.303711,1567.768921,-3159.714355,,,,,,,,,,,,,,,,,,,,,,,,,,,,,,,,,
1985,19.850000,0.000000,0.000000,0.000000,1.000000,0.000000,0.000000,0.000000,57.698101,20.499701,-14.700500,0.047771,-0.013570,0.015998,-15.666301,-52.738201,18.801300,-93.396698,0.129960,17.611099,-0.244429,-0.482802,-0.666496,0.512777,1059.937622,1527.184204,-3698.795166,1060.533936,1445.974121,-3703.683838,1073.097656,1568.453613,-3729.427490,1042.754517,1481.231689,-3655.527588,1063.364136,1613.077759,-3706.541016,1060.490234,1446.027100,-3703.418457,1073.020020,1568.651001,-3729.438477,1042.798096,1481.064331,-3655.762695,1063.436523,1612.994995,-3706.559082,2616.269043,1567.715210,-3159.733398,,,,,,,,,,,,,,,,,,,,,,,,,,,,,,,,,
1986,19.860000,0.000000,0.000000,0.000000,1.000000,0.000000,0.000000,0.000000,57.698101,20.499701,-14.700500,0.047771,-0.013570,0.015998,-15.666301,-52.738201,18.801300,-93.396698,0.129960,17.611099,-0.244723,-0.482209,-0.667346,0.512088,1059.044800,1526.870605,-3699.094971,1059.449585,1445.664062,-3704.062988,1072.304932,1568.138550,-3729.686279,1041.749634,1480.916748,-3655.873535,1062.675171,1612.763306,-3706.757080,1059.341919,1445.673218,-3703.809570,1072.309937,1568.387085,-3729.655273,1041.835815,1480.710571,-3656.088623,1062.690552,1612.711182,-3706.820801,2616.277588,1567.739746,-3159.729492,,,,,,,,,,,,,,,,,,,,,,,,,,,,,,,,,
1987,19.870000,0.000000,0.000000,0.000000,1.000000,0.000000,0.000000,0.000000,57.698101,20.499701,-14.700500,0.047771,-0.013570,0.015998,-15.666301,-52.738201,18.801300,-93.396698,0.129960,17.611099,-0.246992,-0.479791,-0.668091,0.512298,1058.291748,1526.674438,-3699.296143,1058.356689,1445.475708,-3704.405273,1071.547607,1567.944092,-3729.887207,1041.050415,1480.712524,-3656.061768,1062.212524,1612.565674,-3706.830566,1058.118530,1445.338257,-3704.230225,1071.758057,1568.262329,-3729.727539,1041.232422,1480.598267,-3656.227295,1062.074219,1612.522949,-3706.972168,2616.274658,1567.738037,-3159.755859,,,,,,,,,,,,,,,,,,,,,,,,,,,,,,,,,
1988,19.880000,0.000000,0.000000,0.000000,1.000000,0.000000,0.000000,0.000000,57.698101,20.499701,-14.700500,0.047771,-0.013570,0.015998,-15.666301,-52.738201,18.801300,-93.396698,0.129960,17.611099,-0.249449,-0.477643,-0.667854,0.513424,1057.722046,1526.621826,-3699.418701,1057.616699,1445.426636,-3704.583252,1070.842285,1567.890259,-3730.069824,1040.692993,1480.659180,-3656.101318,1061.736206,1612.511597,-3706.921143,1057.433716,1445.290771,-3704.448242,1071.005371,1568.065430,-3729.980225,1040.843750,1480.639282,-3656.255859,1061.610840,1612.492432,-3706.980469,2616.317139,1567.782104,-3159.741943,,,,,,,,,,,,,,,,,,,,,,,,,,,,,,,,,
1989,19.890000,0.000000,0.000000,0.000000,1.000000,0.000000,0.000000,0.000000,57.698101,20.499701,-14.700500,0.047771,-0.013570,0.015998,-15.666301,-52.738201,18.801300,-93.396698,0.129960,17.611099,-0.250908,-0.476495,-0.667514,0.514220,1056.994141,1526.525635,-3699.654053,1056.822876,1445.331055,-3704.826660,1070.012695,1567.790161,-3730.353760,1040.115479,1480.567627,-3656.272705,1061.025269,1612.413940,-3707.163330,1056.796875,1445.291138,-3704.660156,1069.987427,1567.793823,-3730.412842,1040.157471,1480.570312,-3656.464355,1061.036865,1612.444824,-3707.082275,2616.282227,1567.740479,-3159.757080,,,,,,,,,,,,,,,,,,,,,,,,,,,,,,,,,
1990,19.900000,0.000000,0.000000,0.000000,1.000000,0.000000,0.000000,0.000000,57.698101,20.499701,-14.700500,0.047771,-0.013570,0.015998,-15.666301,-52.738201,18.801300,-93.396698,0.129960,17.611099,-0.252311,-0.475165,-0.667476,0.514814,1056.320190,1526.481934,-3699.875244,1056.033691,1445.290771,-3705.095215,1069.269653,1567.749512,-3730.600098,1039.553711,1480.517822,-3656.457031,1060.423462,1612.369995,-3707.349121,1056.145386,1445.316162,-3704.910889,1069.045288,1567.580078,-3730.786377,1039.494507,1480.525269,-3656.662109,1060.584961,1612.498413,-3707.145508,2616.260986,1567.740967,-3159.771729,,,,,,,,,,,,,,,,,,,,,,,,,,,,,,,,,
1991,19.910000,0.000000,0.000000,0.000000,1.000000,0.000000,0.000000,0.000000,57.698101,20.499701,-14.700500,0.047771,-0.013570,0.015998,-15.666301,-52.738201,18.801300,-93.396698,0.129960,17.611099,-0.254595,-0.473387,-0.667142,0.515760,1055.545898,1526.428223,-3700.212158,1055.109985,1445.238525,-3705.444824,1068.372681,1567.682495,-3731.006104,1038.970825,1480.480591,-3656.702881,1059.730225,1612.311646,-3707.695068,1055.278809,1445.232300,-3705.276367,1068.040771,1567.375977,-3731.238770,1038.880005,1480.567261,-3656.929932,1059.950562,1612.506836,-3707.415039,2616.241943,1567.730225,-3159.786133,,,,,,,,,,,,,,,,,,,,,,,,,,,,,,,,,
1992,19.920000,0.000000,0.000000,0.000000,1.000000,0.000000,0.000000,0.000000,57.698101,20.499701,-14.700500,0.047771,-0.013570,0.015998,-15.666301,-52.738201,18.801300,-93.396698,0.129960,17.611099,-0.255035,-0.473436,-0.666418,0.516433,1054.828613,1526.442383,-3700.518066,1054.486450,1445.247803,-3705.680176,1067.556274,1567.686157,-3731.367432,1038.378296,1480.511597,-3656.943848,1058.893677,1612.324463,-3708.081299,1054.684814,1445.307373,-3705.547852,1067.174072,1567.294312,-3731.617676,1038.270142,1480.663330,-3657.163818,1059.119873,1612.433960,-3707.776367,2616.274414,1567.764893,-3159.798584,,,,,,,,,,,,,,,,,,,,,,,,,,,,,,,,,
1993,19.930000,0.000000,0.000000,0.000000,1.000000,0.000000,0.000000,0.000000,57.698101,20.499701,-14.700500,0.047771,-0.013570,0.015998,-15.666301,-52.738201,18.801300,-93.396698,0.129960,17.611099,-0.252798,-0.475287,-0.666848,0.515276,1053.889771,1526.369995,-3700.989258,1053.666748,1445.173218,-3706.125488,1066.764404,1567.617188,-3731.772949,1037.218506,1480.436157,-3657.502197,1057.909424,1612.253906,-3708.556396,1053.901123,1445.301147,-3705.900146,1066.302856,1567.271240,-3732.068115,1037.085815,1480.480469,-3657.766357,1058.210327,1612.373535,-3708.247070,2616.281738,1567.737549,-3159.800537,,,,,,,,,,,,,,,,,,,,,,,,,,,,,,,,,
1994,19.940000,0.000000,0.000000,0.000000,1.000000,0.000000,0.000000,0.000000,57.698101,20.499701,-14.700500,0.047771,-0.013570,0.015998,-15.666301,-52.738201,18.801300,-93.396698,0.129960,17.611099,-0.249721,-0.477896,-0.667138,0.513986,1053.032349,1526.407104,-3701.395020,1053.031860,1445.206665,-3706.476562,1066.066284,1567.661865,-3732.101318,1036.108765,1480.465698,-3658.013672,1056.922852,1612.294556,-3708.989014,1053.308594,1445.418945,-3706.177490,1065.542358,1567.358276,-3732.448975,1035.948608,1480.442993,-3658.305908,1057.285522,1612.375122,-3708.660889,2616.249512,1567.714111,-3159.807617,,,,,,,,,,,,,,,,,,,,,,,,,,,,,,,,,
1995,19.950000,0.000000,0.000000,0.000000,1.000000,0.000000,0.000000,0.000000,57.698101,20.499701,-14.700500,0.047771,-0.013570,0.015998,-15.666301,-52.738201,18.801300,-93.396698,0.129960,17.611099,-0.247966,-0.479546,-0.667113,0.513332,1052.107544,1526.463379,-3701.845947,1052.264771,1445.259155,-3706.866211,1065.215820,1567.716797,-3732.521973,1035.058228,1480.526367,-3658.509033,1055.891357,1612.351440,-3709.486084,1052.512939,1445.469849,-3706.556396,1064.730469,1567.490967,-3732.791016,1034.919678,1480.482300,-3658.816162,1056.236084,1612.396240,-3709.220459,2616.272705,1567.700928,-3159.813721,,,,,,,,,,,,,,,,,,,,,,,,,,,,,,,,,
1996,19.960000,0.000000,0.000000,0.000000,1.000000,0.000000,0.000000,0.000000,57.698101,20.499701,-14.700500,0.047771,-0.013570,0.015998,-15.666301,-52.738201,18.801300,-93.396698,0.129960,17.611099,-0.246025,-0.480342,-0.668241,0.512052,1051.169556,1526.590088,-3702.366455,1051.303589,1445.392822,-3707.497803,1064.461914,1567.877808,-3732.916992,1033.867554,1480.603760,-3659.182129,1055.044922,1612.486206,-3709.868164,1051.456787,1445.519653,-3707.132812,1064.111816,1567.789062,-3733.145020,1033.784180,1480.490234,-3659.533936,1055.313843,1612.560913,-3709.656494,2616.280762,1567.750244,-3159.814209,,,,,,,,,,,,,,,,,,,,,,,,,,,,,,,,,
1997,19.970000,0.000000,0.000000,0.000000,1.000000,0.000000,0.000000,0.000000,57.698101,20.499701,-14.700500,0.047771,-0.013570,0.015998,-15.666301,-52.738201,18.801300,-93.396698,0.129960,17.611099,-0.244359,-0.481056,-0.669123,0.511026,1050.268555,1526.763306,-3702.852539,1050.399048,1445.571655,-3708.072266,1063.707886,1568.080078,-3733.299561,1032.762939,1480.735474,-3659.794922,1054.204224,1612.666382,-3710.243164,1050.365845,1445.664429,-3707.764893,1063.621948,1568.148315,-3733.349121,1032.806152,1480.544067,-3660.085205,1054.279541,1612.678101,-3710.213867,2616.274658,1567.748291,-3159.833496,,,,,,,,,,,,,,,,,,,,,,,,,,,,,,,,,
1998,19.980000,0.000000,0.000000,0.000000,1.000000,0.000000,0.000000,0.000000,57.698101,20.499701,-14.700500,0.047771,-0.013570,0.015998,-15.666301,-52.738201,18.801300,-93.396698,0.129960,17.611099,-0.245009,-0.480267,-0.669332,0.511184,1049.286377,1526.933105,-3703.481201,1049.325684,1445.744873,-3708.755371,1062.714966,1568.256592,-3733.923584,1031.808350,1480.894043,-3660.424316,1053.296387,1612.837036,-3710.821289,1049.221924,1445.872070,-3708.538086,1062.725586,1568.373901,-3733.868164,1031.898193,1480.684937,-3660.624023,1053.299194,1612.790405,-3710.891846,2616.312988,1567.712646,-3159.814453,,,,,,,,,,,,,,,,,,,,,,,,,,,,,,,,,
1999,19.990000,0.000000,0.000000,0.000000,1.000000,0.000000,0.000000,0.000000,57.698101,20.499701,-14.700500,0.047771,-0.013570,0.015998,-15.666301,-52.738201,18.801300,-93.396698,0.129960,17.611099,-0.245157,-0.479990,-0.669513,0.511136,1048.184326,1527.104858,-3704.094482,1048.179077,1445.918579,-3709.398682,1061.624023,1568.432617,-3734.526367,1030.697021,1481.059204,-3661.048340,1052.236938,1613.009277,-3711.404297,1048.075195,1445.955444,-3709.190674,1061.656982,1568.642212,-3734.507324,1030.770996,1480.839111,-3661.205811,1052.236084,1612.976685,-3711.469971,2616.301514,1567.709351,-3159.790771,,,,,,,,,,,,,,,,,,,,,,,,,,,,,,,,,
2000,20.000000,0.000000,0.000000,0.000000,1.000000,0.000000,0.000000,0.000000,57.698101,20.499701,-14.700500,0.047771,-0.013570,0.015998,-15.666301,-52.738201,18.801300,-93.396698,0.129960,17.611099,-0.245577,-0.479605,-0.669258,0.511629,1047.218018,1527.467163,-3704.602539,1047.230957,1446.281372,-3709.913574,1060.596924,1568.801758,-3735.051758,1029.812744,1481.412231,-3661.533203,1051.231201,1613.373657,-3711.911133,1047.067383,1446.243896,-3709.759521,1060.743408,1569.030273,-3734.997559,1029.935669,1481.302002,-3661.662109,1051.135986,1613.307129,-3711.980957,2616.281006,1567.705444,-3159.801270,,,,,,,,,,,,,,,,,,,,,,,,,,,,,,,,,
2001,20.010000,0.000000,0.000000,0.000000,1.000000,0.000000,0.000000,0.000000,57.698101,20.499701,-14.700500,0.047771,-0.013570,0.015998,-15.666301,-52.738201,18.801300,-93.396698,0.129960,17.611099,-0.245170,-0.478984,-0.669917,0.511543,1046.197754,1527.947632,-3705.177734,1046.155396,1446.771729,-3710.637939,1059.615356,1569.328613,-3735.546875,1028.746460,1481.825806,-3662.198486,1050.273682,1613.864502,-3712.327393,1045.995850,1446.574219,-3710.429443,1059.708008,1569.507080,-3735.506104,1028.889160,1481.831665,-3662.433350,1050.199463,1613.860840,-3712.335205,2616.279785,1567.743408,-3159.806641,,,,,,,,,,,,,,,,,,,,,,,,,,,,,,,,,
2002,20.020000,0.000000,0.000000,0.000000,1.000000,0.000000,0.000000,0.000000,57.698101,20.499701,-14.700500,0.047771,-0.013570,0.015998,-15.666301,-52.738201,18.801300,-93.396698,0.129960,17.611099,-0.244563,-0.479388,-0.669637,0.511823,1045.098877,1528.478271,-3705.910645,1045.177979,1447.302124,-3711.366699,1058.481812,1569.877075,-3736.270996,1027.678833,1482.333618,-3662.943359,1049.056885,1614.400635,-3713.061523,1045.041138,1447.105103,-3711.092041,1058.514648,1570.059570,-3736.250977,1027.799072,1482.255615,-3663.214355,1049.035522,1614.454712,-3713.071289,2616.301758,1567.725586,-3159.794678,,,,,,,,,,,,,,,,,,,,,,,,,,,,,,,,,
2003,20.030000,0.000000,0.000000,0.000000,1.000000,0.000000,0.000000,0.000000,57.698101,20.499701,-14.700500,0.047771,-0.013570,0.015998,-15.666301,-52.738201,18.801300,-93.396698,0.129960,17.611099,-0.247577,-0.477333,-0.668488,0.513792,1043.975708,1528.963867,-3706.637939,1044.001465,1447.785156,-3712.055908,1057.100586,1570.347290,-3737.131592,1026.921753,1482.841064,-3663.500732,1047.879028,1614.882568,-3713.863037,1043.949951,1447.667480,-3711.774658,1057.068115,1570.415527,-3737.228271,1026.971924,1482.734985,-3663.753662,1047.912476,1615.013428,-3713.781738,2616.261230,1567.724609,-3159.781738,,,,,,,,,,,,,,,,,,,,,,,,,,,,,,,,,
2004,20.040000,0.000000,0.000000,0.000000,1.000000,0.000000,0.000000,0.000000,57.698101,20.499701,-14.700500,0.047771,-0.013570,0.015998,-15.666301,-52.738201,18.801300,-93.396698,0.129960,17.611099,-0.249200,-0.475835,-0.668182,0.514794,1042.909424,1529.376831,-3707.331543,1042.857300,1448.201050,-3712.793701,1055.913574,1570.768311,-3737.865967,1026.034058,1483.241455,-3664.137695,1046.832520,1615.296875,-3714.529297,1042.832642,1448.075806,-3712.454102,1055.819702,1570.791992,-3737.955566,1026.078979,1483.128784,-3664.477539,1046.915283,1615.487671,-3714.428711,2616.296631,1567.749390,-3159.786377,,,,,,,,,,,,,,,,,,,,,,,,,,,,,,,,,
2005,20.050000,0.000000,0.000000,0.000000,1.000000,0.000000,0.000000,0.000000,57.698101,20.499701,-14.700500,0.047771,-0.013570,0.015998,-15.666301,-52.738201,18.801300,-93.396698,0.129960,17.611099,-0.252318,-0.473673,-0.666829,0.517019,1041.841309,1529.799805,-3708.074463,1041.765259,1448.621216,-3713.495361,1054.551147,1571.180054,-3738.747559,1025.378174,1483.680664,-3664.704590,1045.670532,1615.717407,-3715.350830,1041.828247,1448.524048,-3713.236816,1054.372681,1571.073975,-3738.899658,1025.366333,1483.699707,-3665.007812,1045.801758,1615.906006,-3715.152344,2616.275146,1567.730347,-3159.770752,,,,,,,,,,,,,,,,,,,,,,,,,,,,,,,,,
2006,20.060000,0.000000,0.000000,0.000000,1.000000,0.000000,0.000000,0.000000,57.698101,20.499701,-14.700500,0.047771,-0.013570,0.015998,-15.666301,-52.738201,18.801300,-93.396698,0.129960,17.611099,-0.252435,-0.474243,-0.665284,0.518427,1040.703979,1530.369385,-3708.800781,1040.915527,1449.182373,-3714.088867,1053.211182,1571.745605,-3739.562500,1024.482422,1484.261353,-3665.328125,1044.207153,1616.288452,-3716.223389,1041.122559,1449.074829,-3713.826904,1052.813721,1571.565186,-3739.851074,1024.361450,1484.312134,-3665.610596,1044.508423,1616.526245,-3715.907715,2616.295898,1567.722168,-3159.742188,,,,,,,,,,,,,,,,,,,,,,,,,,,,,,,,,
2007,20.070000,0.000000,0.000000,0.000000,1.000000,0.000000,0.000000,0.000000,57.698101,20.499701,-14.700500,0.047771,-0.013570,0.015998,-15.666301,-52.738201,18.801300,-93.396698,0.129960,17.611099,-0.252379,-0.474339,-0.664323,0.519598,1039.518433,1530.964478,-3709.421631,1039.938110,1449.776245,-3714.678711,1051.871948,1572.361694,-3740.217285,1023.481140,1484.830566,-3665.907959,1042.782715,1616.889648,-3716.882812,1040.158447,1449.718140,-3714.379395,1051.430298,1572.154419,-3740.510742,1023.353699,1484.850708,-3666.230225,1043.115356,1617.132080,-3716.563232,2616.313721,1567.768921,-3159.739990,,,,,,,,,,,,,,,,,,,,,,,,,,,,,,,,,
2008,20.080000,0.000000,0.000000,0.000000,1.000000,0.000000,0.000000,0.000000,57.698101,20.499701,-14.700500,0.047771,-0.013570,0.015998,-15.666301,-52.738201,18.801300,-93.396698,0.129960,17.611099,-0.252730,-0.474183,-0.663614,0.520475,1038.286743,1531.556641,-3710.125244,1038.817627,1450.367065,-3715.351562,1050.522461,1572.960083,-3740.959229,1022.397278,1485.415894,-3666.564453,1041.409424,1617.483643,-3717.625488,1038.991577,1450.466431,-3715.119873,1050.176514,1572.697266,-3741.216064,1022.302979,1485.451660,-3666.835205,1041.642334,1617.580933,-3717.347412,2616.324463,1567.736694,-3159.721191,,,,,,,,,,,,,,,,,,,,,,,,,,,,,,,,,
2009,20.090000,0.000000,0.000000,0.000000,1.000000,0.000000,0.000000,0.000000,57.698101,20.499701,-14.700500,0.047771,-0.013570,0.015998,-15.666301,-52.738201,18.801300,-93.396698,0.129960,17.611099,-0.253887,-0.473595,-0.662681,0.521636,1036.959961,1532.033203,-3710.970947,1037.562500,1450.840454,-3716.140625,1049.034546,1573.427979,-3741.879883,1021.284363,1485.906372,-3667.318115,1039.958496,1617.958130,-3718.544434,1037.716675,1451.006226,-3716.036621,1048.784790,1573.118652,-3742.087891,1021.202942,1486.011841,-3667.476074,1040.112427,1617.953491,-3718.294678,2616.297119,1567.734741,-3159.710938,,,,,,,,,,,,,,,,,,,,,,,,,,,,,,,,,
2010,20.100000,0.000000,0.000000,0.000000,1.000000,0.000000,0.000000,0.000000,57.698101,20.499701,-14.700500,0.047771,-0.013570,0.015998,-15.666301,-52.738201,18.801300,-93.396698,0.129960,17.611099,-0.250009,-0.476724,-0.662920,0.520352,1035.645996,1532.508667,-3711.686279,1036.567383,1451.315796,-3716.805908,1047.884155,1573.927490,-3742.498779,1019.698364,1486.352295,-3668.163330,1038.433960,1618.439209,-3719.277100,1036.670654,1451.505371,-3716.651367,1047.693237,1573.782104,-3742.606201,1019.655334,1486.398438,-3668.360840,1038.563477,1618.354248,-3719.122803,2616.254395,1567.753662,-3159.738770,,,,,,,,,,,,,,,,,,,,,,,,,,,,,,,,,
2011,20.110000,0.000000,0.000000,0.000000,1.000000,0.000000,0.000000,0.000000,57.698101,20.499701,-14.700500,0.047771,-0.013570,0.015998,-15.666301,-52.738201,18.801300,-93.396698,0.129960,17.611099,-0.244434,-0.480872,-0.663587,0.518330,1034.429810,1532.983521,-3712.361084,1035.748657,1451.794800,-3717.459229,1046.930786,1574.449951,-3743.003906,1018.061279,1486.765625,-3669.060547,1036.978394,1618.924316,-3719.920898,1035.811523,1452.032959,-3717.215332,1046.740601,1574.421143,-3743.040527,1018.060303,1486.774292,-3669.359863,1037.121948,1618.723511,-3719.822510,2616.260254,1567.733887,-3159.739014,,,,,,,,,,,,,,,,,,,,,,,,,,,,,,,,,
2012,20.120000,0.000000,0.000000,0.000000,1.000000,0.000000,0.000000,0.000000,57.698101,20.499701,-14.700500,0.047771,-0.013570,0.015998,-15.666301,-52.738201,18.801300,-93.396698,0.129960,17.611099,-0.241956,-0.482157,-0.664166,0.517556,1032.966919,1533.305176,-3713.200684,1034.427124,1452.123657,-3718.375488,1045.583374,1574.820801,-3743.729004,1016.418213,1487.019409,-3670.041016,1035.438965,1619.257080,-3720.656738,1034.449585,1452.413330,-3718.019531,1045.421631,1574.848999,-3743.812988,1016.434814,1486.888062,-3670.383057,1035.572510,1619.099609,-3720.565186,2616.255371,1567.738892,-3159.737549,,,,,,,,,,,,,,,,,,,,,,,,,,,,,,,,,
2013,20.130000,0.000000,0.000000,0.000000,1.000000,0.000000,0.000000,0.000000,57.698101,20.499701,-14.700500,0.047771,-0.013570,0.015998,-15.666301,-52.738201,18.801300,-93.396698,0.129960,17.611099,-0.240024,-0.484029,-0.663992,0.516932,1031.537964,1533.703857,-3713.933838,1033.195923,1452.520752,-3719.023193,1044.219604,1575.217041,-3744.438721,1014.870789,1487.424194,-3670.813477,1033.865601,1619.653687,-3721.460205,1033.193359,1452.946411,-3718.614990,1044.083130,1575.253906,-3744.531982,1014.890930,1487.169434,-3671.139160,1033.990601,1619.508423,-3721.398193,2616.296387,1567.738159,-3159.742676,,,,,,,,,,,,,,,,,,,,,,,,,,,,,,,,,
2014,20.140000,0.000000,0.000000,0.000000,1.000000,0.000000,0.000000,0.000000,57.698101,20.499701,-14.700500,0.047771,-0.013570,0.015998,-15.666301,-52.738201,18.801300,-93.396698,0.129960,17.611099,-0.238166,-0.484828,-0.665274,0.515392,1030.108032,1534.145508,-3714.662354,1031.697266,1452.967529,-3719.853516,1043.003296,1575.684937,-3745.041260,1013.153320,1487.827026,-3671.695801,1032.577881,1620.102661,-3722.058594,1031.664551,1453.178589,-3719.407959,1042.868164,1575.787842,-3745.133789,1013.196106,1487.506714,-3672.084473,1032.699341,1620.085693,-3722.016357,2616.287109,1567.733276,-3159.744385,,,,,,,,,,,,,,,,,,,,,,,,,,,,,,,,,
2015,20.150000,0.000000,0.000000,0.000000,1.000000,0.000000,0.000000,0.000000,57.698101,20.499701,-14.700500,0.047771,-0.013570,0.015998,-15.666301,-52.738201,18.801300,-93.396698,0.129960,17.611099,-0.237600,-0.484687,-0.666348,0.514398,1028.688599,1534.563232,-3715.454834,1030.130615,1453.389282,-3720.751465,1041.728027,1576.118042,-3745.751465,1011.554260,1488.220581,-3672.585693,1031.341187,1620.525269,-3722.730469,1030.177612,1453.424561,-3720.291992,1041.475098,1576.195801,-3745.886475,1011.537659,1487.911133,-3672.995117,1031.565308,1620.684326,-3722.648438,2616.272949,1567.730957,-3159.755859,,,,,,,,,,,,,,,,,,,,,,,,,,,,,,,,,
2016,20.160000,0.000000,0.000000,0.000000,1.000000,0.000000,0.000000,0.000000,57.698101,20.499701,-14.700500,0.047771,-0.013570,0.015998,-15.666301,-52.738201,18.801300,-93.396698,0.129960,17.611099,-0.241041,-0.482544,-0.665765,0.515565,1027.269531,1534.858521,-3716.299072,1028.489868,1453.677856,-3721.550293,1040.151367,1576.363647,-3746.730713,1010.385498,1488.583130,-3673.258301,1030.051270,1620.809448,-3723.656982,1028.628784,1453.663330,-3721.133301,1039.797607,1576.330444,-3746.979004,1010.297791,1488.356934,-3673.619141,1030.363403,1621.092773,-3723.456543,2616.275879,1567.712524,-3159.761230,,,,,,,,,,,,,,,,,,,,,,,,,,,,,,,,,
2017,20.170000,0.000000,0.000000,0.000000,1.000000,0.000000,0.000000,0.000000,57.698101,20.499701,-14.700500,0.047771,-0.013570,0.015998,-15.666301,-52.738201,18.801300,-93.396698,0.129960,17.611099,-0.245011,-0.479699,-0.665049,0.517269,1025.918457,1535.027832,-3717.094482,1026.906982,1453.843994,-3722.342773,1038.580078,1576.499756,-3747.663818,1009.373291,1488.796753,-3673.875000,1028.813477,1620.971313,-3724.496094,1027.051514,1453.799316,-3721.995117,1038.249268,1576.393066,-3747.927246,1009.290833,1488.701416,-3674.205322,1029.085205,1621.230103,-3724.241455,2616.271973,1567.755493,-3159.784912,,,,,,,,,,,,,,,,,,,,,,,,,,,,,,,,,
2018,20.180000,0.000000,0.000000,0.000000,1.000000,0.000000,0.000000,0.000000,57.698101,20.499701,-14.700500,0.047771,-0.013570,0.015998,-15.666301,-52.738201,18.801300,-93.396698,0.129960,17.611099,-0.248837,-0.477298,-0.663707,0.519384,1024.607300,1535.135254,-3717.940918,1025.489868,1453.945557,-3723.116211,1036.981079,1576.567871,-3748.680664,1008.476868,1488.958740,-3674.506836,1027.481323,1621.069336,-3725.459229,1025.596924,1453.910889,-3722.827881,1036.717651,1576.412598,-3748.859619,1008.440979,1488.992188,-3674.861816,1027.667480,1621.224365,-3725.224854,2616.259033,1567.747925,-3159.796387,,,,,,,,,,,,,,,,,,,,,,,,,,,,,,,,,
2019,20.190000,0.000000,0.000000,0.000000,1.000000,0.000000,0.000000,0.000000,57.698101,20.499701,-14.700500,0.047771,-0.013570,0.015998,-15.666301,-52.738201,18.801300,-93.396698,0.129960,17.611099,-0.250285,-0.477425,-0.661788,0.521017,1023.293274,1535.325195,-3718.805176,1024.384888,1454.124512,-3723.766113,1035.416748,1576.709595,-3749.709229,1007.481201,1489.220337,-3675.178223,1025.890259,1621.246338,-3726.566895,1024.543579,1454.115356,-3723.535889,1035.098877,1576.489990,-3749.939697,1007.401245,1489.311646,-3675.476318,1026.108643,1621.371338,-3726.281250,2616.314941,1567.770752,-3159.796143,,,,,,,,,,,,,,,,,,,,,,,,,,,,,,,,,
2020,20.200000,0.000000,0.000000,0.000000,1.000000,0.000000,0.000000,0.000000,57.698101,20.499701,-14.700500,0.047771,-0.013570,0.015998,-15.666301,-52.738201,18.801300,-93.396698,0.129960,17.611099,-0.248515,-0.479448,-0.661115,0.520863,1022.051819,1535.635010,-3719.619385,1023.424133,1454.430664,-3724.448975,1034.174561,1577.010254,-3750.535889,1006.201477,1489.547241,-3675.988281,1024.407104,1621.552002,-3727.503662,1023.554565,1454.367310,-3724.259277,1033.935425,1576.852539,-3750.752686,1006.134521,1489.657104,-3676.233154,1024.574097,1621.661255,-3727.237793,2616.258301,1567.697998,-3159.805176,,,,,,,,,,,,,,,,,,,,,,,,,,,,,,,,,
2021,20.210000,0.000000,0.000000,0.000000,1.000000,0.000000,0.000000,0.000000,57.698101,20.499701,-14.700500,0.047771,-0.013570,0.015998,-15.666301,-52.738201,18.801300,-93.396698,0.129960,17.611099,-0.246663,-0.481744,-0.660372,0.520565,1020.836121,1535.931274,-3720.400146,1022.498718,1454.722656,-3725.062744,1032.969604,1577.285645,-3751.340332,1004.929993,1489.876953,-3676.753906,1022.946106,1621.839844,-3728.443115,1022.541260,1454.691406,-3724.892822,1032.857178,1577.230713,-3751.447510,1004.930603,1489.966675,-3676.987793,1023.016785,1621.842529,-3728.285645,2616.288818,1567.726074,-3159.804688,,,,,,,,,,,,,,,,,,,,,,,,,,,,,,,,,
2022,20.220000,0.000000,0.000000,0.000000,1.000000,0.000000,0.000000,0.000000,57.698101,20.499701,-14.700500,0.047771,-0.013570,0.015998,-15.666301,-52.738201,18.801300,-93.396698,0.129960,17.611099,-0.245004,-0.483117,-0.660465,0.519958,1019.619568,1536.181885,-3721.228027,1021.413696,1454.974243,-3725.859375,1031.827637,1577.543823,-3752.128906,1003.591431,1490.118774,-3677.636230,1021.645569,1622.091064,-3729.287842,1021.401550,1454.989014,-3725.666992,1031.773804,1577.517090,-3752.196289,1003.641479,1490.189819,-3677.905029,1021.668762,1622.042236,-3729.162109,2616.301758,1567.721313,-3159.809082,,,,,,,,,,,,,,,,,,,,,,,,,,,,,,,,,
2023,20.230000,0.000000,0.000000,0.000000,1.000000,0.000000,0.000000,0.000000,57.698101,20.499701,-14.700500,0.047771,-0.013570,0.015998,-15.666301,-52.738201,18.801300,-93.396698,0.129960,17.611099,-0.241969,-0.485075,-0.661385,0.518384,1018.327087,1536.336792,-3722.216797,1020.228149,1455.133911,-3726.889160,1030.746826,1577.730591,-3752.990479,1001.989746,1490.229736,-3678.786377,1020.343750,1622.253174,-3730.201172,1020.156372,1455.261597,-3726.693848,1030.753662,1577.755493,-3753.013184,1002.069580,1490.187744,-3679.005615,1020.328857,1622.149048,-3730.154541,2616.333008,1567.722046,-3159.795654,,,,,,,,,,,,,,,,,,,,,,,,,,,,,,,,,
2024,20.240000,0.000000,0.000000,0.000000,1.000000,0.000000,0.000000,0.000000,57.698101,20.499701,-14.700500,0.047771,-0.013570,0.015998,-15.666301,-52.738201,18.801300,-93.396698,0.129960,17.611099,-0.239543,-0.486900,-0.661961,0.517064,1017.124634,1536.480957,-3723.183105,1019.129150,1455.279907,-3727.844238,1029.712158,1577.886475,-3753.872559,1000.539429,1490.358276,-3679.863525,1019.117737,1622.399292,-3731.152344,1018.953674,1455.462036,-3727.733398,1029.883301,1577.991943,-3753.822021,1000.669983,1490.263794,-3679.961914,1018.977905,1622.210815,-3731.210205,2616.264648,1567.738403,-3159.812744,,,,,,,,,,,,,,,,,,,,,,,,,,,,,,,,,
2025,20.250000,0.000000,0.000000,0.000000,1.000000,0.000000,0.000000,0.000000,57.698101,20.499701,-14.700500,0.047771,-0.013570,0.015998,-15.666301,-52.738201,18.801300,-93.396698,0.129960,17.611099,-0.236080,-0.489879,-0.662177,0.515564,1016.057983,1536.649048,-3724.006836,1018.315552,1455.449585,-3728.577637,1028.821045,1578.060913,-3754.615479,999.192993,1490.520752,-3680.801270,1017.902283,1622.565552,-3732.032959,1018.251160,1455.771118,-3728.262451,1028.771973,1578.129639,-3754.675049,999.256287,1490.346680,-3681.072266,1017.952698,1622.379028,-3731.986816,2616.267578,1567.746826,-3159.821777,,,,,,,,,,,,,,,,,,,,,,,,,,,,,,,,,
2026,20.260000,0.000000,0.000000,0.000000,1.000000,0.000000,0.000000,0.000000,57.698101,20.499701,-14.700500,0.047771,-0.013570,0.015998,-15.666301,-52.738201,18.801300,-93.396698,0.129960,17.611099,-0.234620,-0.490672,-0.662653,0.514865,1014.871216,1536.771240,-3725.019775,1017.177124,1455.575439,-3729.629883,1027.730225,1578.206055,-3755.556885,997.866150,1490.610840,-3681.903320,1016.711365,1622.693115,-3732.988281,1017.182617,1455.807861,-3729.218750,1027.545410,1578.281128,-3755.645508,997.899963,1490.439331,-3682.305664,1016.862732,1622.569336,-3732.902588,2616.295166,1567.749512,-3159.799561,,,,,,,,,,,,,,,,,,,,,,,,,,,,,,,,,
2027,20.270000,0.000000,0.000000,0.000000,1.000000,0.000000,0.000000,0.000000,57.698101,20.499701,-14.700500,0.047771,-0.013570,0.015998,-15.666301,-52.738201,18.801300,-93.396698,0.129960,17.611099,-0.235899,-0.489469,-0.662704,0.515360,1013.650513,1536.917847,-3726.123779,1015.841858,1455.721680,-3730.787354,1026.456177,1578.354004,-3756.681396,996.735840,1490.753906,-3682.975830,1015.568237,1622.841797,-3734.050781,1015.918152,1455.832886,-3730.363525,1026.181763,1578.465820,-3756.877197,996.687866,1490.480103,-3683.320312,1015.801331,1622.880859,-3733.937744,2616.263916,1567.722168,-3159.796143,,,,,,,,,,,,,,,,,,,,,,,,,,,,,,,,,
2028,20.280000,0.000000,0.000000,0.000000,1.000000,0.000000,0.000000,0.000000,57.698101,20.499701,-14.700500,0.047771,-0.013570,0.015998,-15.666301,-52.738201,18.801300,-93.396698,0.129960,17.611099,-0.235205,-0.490055,-0.663022,0.514710,1012.505676,1537.099487,-3727.111572,1014.688843,1455.902710,-3731.765381,1025.391479,1578.531006,-3757.641846,995.480469,1490.941895,-3684.000000,1014.461731,1623.022583,-3735.039062,1014.769287,1456.006592,-3731.314453,1025.094971,1578.713745,-3757.859619,995.410156,1490.557373,-3684.340088,1014.723511,1623.087646,-3734.950684,2616.297852,1567.739624,-3159.791016,,,,,,,,,,,,,,,,,,,,,,,,,,,,,,,,,
2029,20.290000,0.000000,0.000000,0.000000,1.000000,0.000000,0.000000,0.000000,57.698101,20.499701,-14.700500,0.047771,-0.013570,0.015998,-15.666301,-52.738201,18.801300,-93.396698,0.129960,17.611099,-0.236765,-0.488707,-0.662984,0.515326,1011.336670,1537.233398,-3728.188965,1013.394714,1456.035889,-3732.886475,1024.152100,1578.661377,-3758.753662,994.427063,1491.079346,-3685.028320,1013.372803,1623.157227,-3736.087402,1013.529785,1456.158203,-3732.428467,1023.769836,1578.702026,-3758.964111,994.337646,1490.750366,-3685.409912,1013.698669,1623.308105,-3735.959717,2616.297607,1567.741089,-3159.770264,,,,,,,,,,,,,,,,,,,,,,,,,,,,,,,,,
2030,20.300000,0.000000,0.000000,0.000000,1.000000,0.000000,0.000000,0.000000,57.698101,20.499701,-14.700500,0.047771,-0.013570,0.015998,-15.666301,-52.738201,18.801300,-93.396698,0.129960,17.611099,-0.239879,-0.486288,-0.662454,0.516852,1010.078186,1537.362305,-3729.358398,1011.965393,1456.162598,-3734.089111,1022.704590,1578.775879,-3760.020996,993.455444,1491.226685,-3686.066895,1012.187256,1623.284424,-3737.256592,1012.099976,1456.278687,-3733.766113,1022.400635,1578.680786,-3760.265381,993.362793,1491.009155,-3686.325195,1012.445312,1623.483276,-3737.077881,2616.295166,1567.757446,-3159.767334,,,,,,,,,,,,,,,,,,,,,,,,,,,,,,,,,
2031,20.310000,0.000000,0.000000,0.000000,1.000000,0.000000,0.000000,0.000000,57.698101,20.499701,-14.700500,0.047771,-0.013570,0.015998,-15.666301,-52.738201,18.801300,-93.396698,0.129960,17.611099,-0.240807,-0.484834,-0.662559,0.517652,1008.769043,1537.544189,-3730.571289,1010.586853,1456.350098,-3735.426270,1021.316284,1578.994019,-3761.217285,992.266113,1491.356323,-3687.289551,1010.906799,1623.476318,-3738.352051,1010.705688,1456.412842,-3735.218018,1021.083862,1578.852417,-3761.432373,992.182800,1491.226807,-3687.454590,1011.103638,1623.692627,-3738.178223,2616.275391,1567.766113,-3159.762695,,,,,,,,,,,,,,,,,,,,,,,,,,,,,,,,,
2032,20.320000,0.000000,0.000000,0.000000,1.000000,0.000000,0.000000,0.000000,57.698101,20.499701,-14.700500,0.047771,-0.013570,0.015998,-15.666301,-52.738201,18.801300,-93.396698,0.129960,17.611099,-0.239541,-0.485310,-0.662654,0.517671,1007.500427,1537.786133,-3731.752930,1009.441284,1456.598511,-3736.667236,1020.057556,1579.277344,-3762.338867,990.966431,1491.541626,-3688.543457,1009.536377,1623.727173,-3739.461670,1009.582031,1456.633179,-3736.319824,1019.734375,1579.117798,-3762.601562,990.894531,1491.464478,-3688.891846,1009.783752,1623.928101,-3739.199463,2616.282227,1567.796265,-3159.759521,,,,,,,,,,,,,,,,,,,,,,,,,,,,,,,,,
2033,20.330000,0.000000,0.000000,0.000000,1.000000,0.000000,0.000000,0.000000,57.698101,20.499701,-14.700500,0.047771,-0.013570,0.015998,-15.666301,-52.738201,18.801300,-93.396698,0.129960,17.611099,-0.239870,-0.484798,-0.662489,0.518210,1006.251343,1538.016846,-3733.017578,1008.210449,1456.831909,-3737.970703,1018.747192,1579.525513,-3763.605225,989.799927,1491.748047,-3689.802734,1008.247620,1623.961914,-3740.692139,1008.381104,1456.782593,-3737.587646,1018.358582,1579.363525,-3763.885986,989.717102,1491.719238,-3690.209717,1008.541809,1624.203979,-3740.386719,2616.284912,1567.752930,-3159.744629,,,,,,,,,,,,,,,,,,,,,,,,,,,,,,,,,
2034,20.340000,0.000000,0.000000,0.000000,1.000000,0.000000,0.000000,0.000000,57.698101,20.499701,-14.700500,0.047771,-0.013570,0.015998,-15.666301,-52.738201,18.801300,-93.396698,0.129960,17.611099,-0.242651,-0.483409,-0.660837,0.520317,1005.029541,1538.174683,-3734.266602,1007.042542,1456.984009,-3739.102539,1017.233826,1579.647217,-3765.020020,988.975769,1491.958130,-3690.846436,1006.865967,1624.109253,-3742.096680,1007.233948,1456.992310,-3738.813965,1016.853699,1579.443604,-3765.335449,988.867920,1491.982422,-3691.150879,1007.141968,1624.268188,-3741.771973,2616.258789,1567.738647,-3159.744873,,,,,,,,,,,,,,,,,,,,,,,,,,,,,,,,,
2035,20.350000,0.000000,0.000000,0.000000,1.000000,0.000000,0.000000,0.000000,57.698101,20.499701,-14.700500,0.047771,-0.013570,0.015998,-15.666301,-52.738201,18.801300,-93.396698,0.129960,17.611099,-0.244504,-0.482045,-0.660095,0.521657,1003.901001,1538.347656,-3735.512695,1005.894409,1457.156250,-3740.343994,1015.931580,1579.815430,-3766.341309,988.091492,1492.138184,-3691.995850,1005.686523,1624.280884,-3743.369629,1006.012329,1457.195068,-3740.154541,1015.688049,1579.621338,-3766.514404,988.043335,1492.269897,-3692.281494,1005.841614,1624.295776,-3743.124512,2616.275146,1567.739380,-3159.739502,,,,,,,,,,,,,,,,,,,,,,,,,,,,,,,,,
2036,20.360000,0.000000,0.000000,0.000000,1.000000,0.000000,0.000000,0.000000,57.698101,20.499701,-14.700500,0.047771,-0.013570,0.015998,-15.666301,-52.738201,18.801300,-93.396698,0.129960,17.611099,-0.245337,-0.480101,-0.660579,0.522444,1002.587097,1538.553467,-3736.921387,1004.463440,1457.372437,-3741.966797,1014.555786,1580.085205,-3767.687744,986.879822,1492.252319,-3693.464844,1004.449158,1624.504272,-3744.565430,1004.482178,1457.345215,-3741.929443,1014.521729,1579.946899,-3767.731445,986.899048,1492.428101,-3693.596680,1004.444458,1624.505249,-3744.440674,2616.304199,1567.750732,-3159.721924,,,,,,,,,,,,,,,,,,,,,,,,,,,,,,,,,
2037,20.370000,0.000000,0.000000,0.000000,1.000000,0.000000,0.000000,0.000000,57.698101,20.499701,-14.700500,0.047771,-0.013570,0.015998,-15.666301,-52.738201,18.801300,-93.396698,0.129960,17.611099,-0.243453,-0.481610,-0.660140,0.522492,1001.349121,1538.879028,-3738.140381,1003.494019,1457.702026,-3743.143799,1013.307190,1580.434448,-3768.878906,985.618835,1492.547974,-3694.724121,1002.976196,1624.831909,-3745.814209,1003.492249,1457.661377,-3743.008545,1013.267151,1580.345825,-3768.948486,985.661743,1492.679688,-3694.953369,1002.979980,1624.843750,-3745.670654,2616.243164,1567.767578,-3159.739746,,,,,,,,,,,,,,,,,,,,,,,,,,,,,,,,,
2038,20.380000,0.000000,0.000000,0.000000,1.000000,0.000000,0.000000,0.000000,57.698101,20.499701,-14.700500,0.047771,-0.013570,0.015998,-15.666301,-52.738201,18.801300,-93.396698,0.129960,17.611099,-0.241112,-0.482831,-0.660673,0.521776,1000.142334,1539.295898,-3739.395264,1002.423401,1458.126953,-3744.468018,1012.207520,1580.898071,-3770.028564,984.244141,1492.900391,-3696.109375,1001.694214,1625.258545,-3746.975098,1002.446411,1458.025635,-3744.225586,1012.091064,1580.812500,-3770.127930,984.289062,1493.062988,-3696.490479,1001.754028,1625.304443,-3746.779053,2616.250977,1567.760620,-3159.748535,,,,,,,,,,,,,,,,,,,,,,,,,,,,,,,,,
2039,20.390000,0.000000,0.000000,0.000000,1.000000,0.000000,0.000000,0.000000,57.698101,20.499701,-14.700500,0.047771,-0.013570,0.015998,-15.666301,-52.738201,18.801300,-93.396698,0.129960,17.611099,-0.242672,-0.482402,-0.659570,0.522844,998.956116,1539.721802,-3740.706299,1001.285522,1458.546753,-3745.657471,1010.861145,1581.284790,-3771.455322,983.273804,1493.382690,-3697.281250,1000.403870,1625.673584,-3748.430420,1001.289490,1458.400391,-3745.530029,1010.837341,1581.232300,-3771.569092,983.309814,1493.586548,-3697.496826,1000.391968,1625.686035,-3748.238037,2616.275146,1567.767456,-3159.739746,,,,,,,,,,,,,,,,,,,,,,,,,,,,,,,,,
2040,20.400000,0.000000,0.000000,0.000000,1.000000,0.000000,0.000000,0.000000,57.698101,20.499701,-14.700500,0.047771,-0.013570,0.015998,-15.666301,-52.738201,18.801300,-93.396698,0.129960,17.611099,-0.243453,-0.481797,-0.659307,0.523371,997.701355,1540.045532,-3742.078125,1000.013245,1458.870117,-3747.033691,1009.538757,1581.606934,-3772.854980,982.115356,1493.708252,-3698.616455,999.137939,1625.996948,-3749.807129,999.987061,1458.757812,-3747.005371,1009.568542,1581.509521,-3772.858398,982.189270,1493.997192,-3698.786133,999.069275,1625.961914,-3749.684570,2616.276855,1567.741943,-3159.740967,,,,,,,,,,,,,,,,,,,,,,,,,,,,,,,,,
2041,20.410000,0.000000,0.000000,0.000000,1.000000,0.000000,0.000000,0.000000,57.698101,20.499701,-14.700500,0.047771,-0.013570,0.015998,-15.666301,-52.738201,18.801300,-93.396698,0.129960,17.611099,-0.242443,-0.481968,-0.660141,0.522631,996.526794,1540.372314,-3743.463135,998.787537,1459.201538,-3748.515869,1008.478027,1581.963623,-3774.155762,980.789917,1493.992188,-3700.101562,998.051636,1626.332397,-3751.078613,998.659973,1459.100586,-3748.570801,1008.680115,1581.920532,-3774.060791,980.933594,1494.249512,-3700.163330,997.846375,1626.235962,-3751.057373,2616.274170,1567.711914,-3159.754883,,,,,,,,,,,,,,,,,,,,,,,,,,,,,,,,,
2042,20.420000,0.000000,0.000000,0.000000,1.000000,0.000000,0.000000,0.000000,57.698101,20.499701,-14.700500,0.047771,-0.013570,0.015998,-15.666301,-52.738201,18.801300,-93.396698,0.129960,17.611099,-0.238847,-0.484430,-0.660931,0.521009,995.372681,1540.748535,-3744.682373,997.817688,1459.584229,-3749.752441,1007.537231,1582.375000,-3775.243164,979.313232,1494.320679,-3701.490723,996.822327,1626.714844,-3752.242920,997.600098,1459.517090,-3749.587646,1007.723694,1582.430542,-3775.129883,979.560791,1494.451172,-3701.805176,996.634155,1626.612305,-3752.243652,2616.270752,1567.730713,-3159.765869,,,,,,,,,,,,,,,,,,,,,,,,,,,,,,,,,
2043,20.430000,0.000000,0.000000,0.000000,1.000000,0.000000,0.000000,0.000000,57.698101,20.499701,-14.700500,0.047771,-0.013570,0.015998,-15.666301,-52.738201,18.801300,-93.396698,0.129960,17.611099,-0.238653,-0.484868,-0.660266,0.521532,994.171692,1541.185181,-3746.006348,996.760681,1460.021362,-3751.014160,1006.258850,1582.809570,-3776.600586,978.199707,1494.761963,-3702.777100,995.467407,1627.147949,-3753.633057,996.573792,1459.859985,-3750.909180,1006.451477,1582.893921,-3776.534424,978.390625,1494.921509,-3702.980957,995.280029,1627.072021,-3753.611816,2616.258301,1567.769287,-3159.786133,,,,,,,,,,,,,,,,,,,,,,,,,,,,,,,,,
2044,20.440000,0.000000,0.000000,0.000000,1.000000,0.000000,0.000000,0.000000,57.698101,20.499701,-14.700500,0.047771,-0.013570,0.015998,-15.666301,-52.738201,18.801300,-93.396698,0.129960,17.611099,-0.237674,-0.486679,-0.659038,0.521846,993.032959,1541.599609,-3747.275391,995.918091,1460.433594,-3752.081299,1005.044128,1583.192627,-3777.942383,977.124817,1495.224854,-3703.970947,994.044678,1627.547852,-3755.106689,995.730530,1460.274902,-3752.045166,1005.271423,1583.334961,-3777.818848,977.307434,1495.406616,-3704.101562,993.833557,1627.391113,-3755.135498,2616.264648,1567.751587,-3159.806641,,,,,,,,,,,,,,,,,,,,,,,,,,,,,,,,,
2045,20.450000,0.000000,0.000000,0.000000,1.000000,0.000000,0.000000,0.000000,57.698101,20.499701,-14.700500,0.047771,-0.013570,0.015998,-15.666301,-52.738201,18.801300,-93.396698,0.129960,17.611099,-0.236726,-0.486782,-0.659707,0.521335,991.767029,1541.951660,-3748.727539,994.630188,1460.790649,-3753.629639,1003.861450,1583.578369,-3779.315918,975.746338,1495.528687,-3705.516357,992.830078,1627.909180,-3756.448242,994.458130,1460.682251,-3753.632324,1004.078979,1583.654053,-3779.157959,975.927429,1495.736572,-3705.630615,992.617432,1627.743774,-3756.489746,2616.280762,1567.727539,-3159.803711,,,,,,,,,,,,,,,,,,,,,,,,,,,,,,,,,
2046,20.460000,0.000000,0.000000,0.000000,1.000000,0.000000,0.000000,0.000000,57.698101,20.499701,-14.700500,0.047771,-0.013570,0.015998,-15.666301,-52.738201,18.801300,-93.396698,0.129960,17.611099,-0.235316,-0.487730,-0.660065,0.520634,990.555298,1542.304565,-3750.031494,993.479187,1461.146118,-3754.941895,1002.740967,1583.944824,-3780.565186,974.399170,1495.862915,-3706.890625,991.601807,1628.264404,-3757.728027,993.276978,1461.193848,-3754.854248,1002.942688,1583.985962,-3780.419922,974.607605,1495.952393,-3707.086182,991.402954,1628.085571,-3757.774658,2616.283203,1567.726807,-3159.791992,,,,,,,,,,,,,,,,,,,,,,,,,,,,,,,,,
2047,20.470000,0.000000,0.000000,0.000000,1.000000,0.000000,0.000000,0.000000,57.698101,20.499701,-14.700500,0.047771,-0.013570,0.015998,-15.666301,-52.738201,18.801300,-93.396698,0.129960,17.611099,-0.232312,-0.489167,-0.661401,0.518936,989.390259,1542.674927,-3751.257812,992.350403,1461.525024,-3756.286377,1001.812927,1584.367798,-3781.623779,972.899353,1496.159058,-3708.324219,990.498108,1628.648071,-3758.796875,992.116638,1461.583130,-3756.006836,1001.942505,1584.453125,-3781.545654,973.149536,1496.143311,-3708.710205,990.367981,1628.524536,-3758.804199,2616.295898,1567.714722,-3159.798096,,,,,,,,,,,,,,,,,,,,,,,,,,,,,,,,,
2048,20.480000,0.000000,0.000000,0.000000,1.000000,0.000000,0.000000,0.000000,57.698101,20.499701,-14.700500,0.047771,-0.013570,0.015998,-15.666301,-52.738201,18.801300,-93.396698,0.129960,17.611099,-0.232274,-0.488318,-0.662432,0.518439,988.081604,1542.952148,-3752.661621,990.873413,1461.806274,-3757.847412,1000.595337,1584.677856,-3782.945068,971.487976,1496.387451,-3709.820557,989.369568,1628.937256,-3760.033691,990.721741,1461.777954,-3757.624268,1000.675537,1584.794678,-3782.931396,971.637268,1496.352051,-3710.076172,989.297424,1628.879761,-3760.023193,2616.284668,1567.726685,-3159.805420,,,,,,,,,,,,,,,,,,,,,,,,,,,,,,,,,
2049,20.490000,0.000000,0.000000,0.000000,1.000000,0.000000,0.000000,0.000000,57.698101,20.499701,-14.700500,0.047771,-0.013570,0.015998,-15.666301,-52.738201,18.801300,-93.396698,0.129960,17.611099,-0.233055,-0.487621,-0.662431,0.518744,986.898865,1543.172852,-3753.985107,989.624634,1462.026367,-3759.197021,999.378723,1584.897583,-3784.283691,970.361511,1496.608643,-3711.121826,988.230408,1629.158936,-3761.337891,989.605774,1462.006470,-3759.007568,999.318359,1584.953613,-3784.329834,970.399902,1496.586182,-3711.328369,988.272522,1629.142090,-3761.280273,2616.262207,1567.736694,-3159.811279,,,,,,,,,,,,,,,,,,,,,,,,,,,,,,,,,
2050,20.500000,0.000000,0.000000,0.000000,1.000000,0.000000,0.000000,0.000000,57.698101,20.499701,-14.700500,0.047771,-0.013570,0.015998,-15.666301,-52.738201,18.801300,-93.396698,0.129960,17.611099,-0.229882,-0.489261,-0.663240,0.517582,985.617065,1543.270264,-3755.427490,988.501953,1462.135132,-3760.729736,998.259216,1585.055054,-3785.575928,968.831604,1496.622925,-3712.751465,986.875305,1629.268188,-3762.653320,988.576538,1462.214355,-3760.430176,998.019470,1585.083374,-3785.686279,968.797241,1496.473145,-3713.030273,987.070251,1629.305542,-3762.565186,2616.303467,1567.717163,-3159.804443,,,,,,,,,,,,,,,,,,,,,,,,,,,,,,,,,
2051,20.510000,0.000000,0.000000,0.000000,1.000000,0.000000,0.000000,0.000000,57.698101,20.499701,-14.700500,0.047771,-0.013570,0.015998,-15.666301,-52.738201,18.801300,-93.396698,0.129960,17.611099,-0.228648,-0.489367,-0.663795,0.517316,984.396423,1543.432861,-3756.740479,987.320007,1462.307007,-3762.162354,997.093018,1585.268677,-3786.795166,967.529846,1496.713501,-3714.175293,985.642700,1629.442383,-3763.829590,987.378235,1462.416138,-3761.739014,996.832458,1585.312378,-3786.938965,967.510437,1496.448608,-3714.556152,985.861450,1629.534180,-3763.731689,2616.317383,1567.740845,-3159.789795,,,,,,,,,,,,,,,,,,,,,,,,,,,,,,,,,
2052,20.520000,0.000000,0.000000,0.000000,1.000000,0.000000,0.000000,0.000000,57.698101,20.499701,-14.700500,0.047771,-0.013570,0.015998,-15.666301,-52.738201,18.801300,-93.396698,0.129960,17.611099,-0.225987,-0.490544,-0.664681,0.516232,983.045593,1543.610229,-3758.018799,986.067139,1462.495361,-3763.548828,995.895630,1585.502808,-3787.928223,965.951782,1496.811279,-3715.632080,984.267761,1629.631592,-3764.965820,986.092407,1462.633545,-3763.015869,995.625488,1585.593384,-3788.053467,965.959106,1496.393555,-3716.107666,984.505615,1629.762207,-3764.907227,2616.282471,1567.725342,-3159.795166,,,,,,,,,,,,,,,,,,,,,,,,,,,,,,,,,
2053,20.530000,0.000000,0.000000,0.000000,1.000000,0.000000,0.000000,0.000000,57.698101,20.499701,-14.700500,0.047771,-0.013570,0.015998,-15.666301,-52.738201,18.801300,-93.396698,0.129960,17.611099,-0.227258,-0.488410,-0.664830,0.517504,981.643860,1543.769653,-3759.363770,984.582153,1462.665283,-3765.090820,994.370483,1585.720825,-3789.244141,964.733521,1496.886963,-3716.995605,982.889221,1629.805542,-3766.123779,984.739319,1462.813354,-3764.630859,993.958496,1585.664917,-3789.500000,964.632385,1496.562744,-3717.381104,983.238831,1630.030640,-3765.946045,2616.293213,1567.773682,-3159.798828,,,,,,,,,,,,,,,,,,,,,,,,,,,,,,,,,
2054,20.540000,0.000000,0.000000,0.000000,1.000000,0.000000,0.000000,0.000000,57.698101,20.499701,-14.700500,0.047771,-0.013570,0.015998,-15.666301,-52.738201,18.801300,-93.396698,0.129960,17.611099,-0.227203,-0.488417,-0.664254,0.518261,980.242249,1543.942993,-3760.802490,983.309753,1462.842773,-3766.518799,992.871765,1585.910156,-3790.701660,963.448730,1497.039673,-3718.411133,981.338745,1629.979858,-3767.578125,983.517944,1462.982666,-3766.106689,992.421814,1585.884888,-3791.058105,963.281311,1496.695068,-3718.698242,981.730042,1630.208984,-3767.363525,2616.278564,1567.741943,-3159.796387,,,,,,,,,,,,,,,,,,,,,,,,,,,,,,,,,
2055,20.550000,0.000000,0.000000,0.000000,1.000000,0.000000,0.000000,0.000000,57.698101,20.499701,-14.700500,0.047771,-0.013570,0.015998,-15.666301,-52.738201,18.801300,-93.396698,0.129960,17.611099,-0.226173,-0.489445,-0.663671,0.518489,978.869202,1544.056885,-3762.195312,982.140869,1462.959717,-3767.843506,991.456970,1586.031128,-3792.102051,962.104858,1497.145996,-3719.800781,979.774048,1630.090820,-3769.034912,982.343567,1463.137817,-3767.464355,990.994141,1585.986572,-3792.336182,961.965881,1496.873901,-3720.101807,980.157104,1630.231689,-3768.881592,2616.313965,1567.750366,-3159.768311,,,,,,,,,,,,,,,,,,,,,,,,,,,,,,,,,
2056,20.560000,0.000000,0.000000,0.000000,1.000000,0.000000,0.000000,0.000000,57.698101,20.499701,-14.700500,0.047771,-0.013570,0.015998,-15.666301,-52.738201,18.801300,-93.396698,0.129960,17.611099,-0.225065,-0.489722,-0.664204,0.518026,977.611816,1544.166382,-3763.546143,980.900879,1463.075684,-3769.274902,990.271118,1586.173828,-3793.376221,960.745544,1497.208374,-3721.244385,978.529663,1630.207764,-3770.289307,981.109985,1463.305542,-3768.811523,989.757751,1586.047607,-3793.605713,960.637207,1497.018311,-3721.684570,978.921875,1630.295410,-3770.078369,2616.289795,1567.739990,-3159.760010,,,,,,,,,,,,,,,,,,,,,,,,,,,,,,,,,
2057,20.570000,0.000000,0.000000,0.000000,1.000000,0.000000,0.000000,0.000000,57.698101,20.499701,-14.700500,0.047771,-0.013570,0.015998,-15.666301,-52.738201,18.801300,-93.396698,0.129960,17.611099,-0.226365,-0.488967,-0.663688,0.518834,976.401794,1544.228271,-3764.803955,979.670288,1463.134766,-3770.504639,988.955750,1586.221191,-3794.698730,959.684937,1497.291016,-3722.419678,977.296204,1630.266602,-3771.592041,979.956665,1463.535156,-3769.980713,988.365784,1585.976440,-3795.046631,959.543762,1497.140259,-3722.861084,977.724304,1630.292847,-3771.280762,2616.286133,1567.734985,-3159.758301,,,,,,,,,,,,,,,,,,,,,,,,,,,,,,,,,
2058,20.580000,0.000000,0.000000,0.000000,1.000000,0.000000,0.000000,0.000000,57.698101,20.499701,-14.700500,0.047771,-0.013570,0.015998,-15.666301,-52.738201,18.801300,-93.396698,0.129960,17.611099,-0.228570,-0.486070,-0.664270,0.519845,975.252686,1544.294556,-3766.106689,978.261108,1463.207520,-3772.038086,987.722351,1586.330688,-3795.976074,958.689758,1497.293213,-3723.733154,976.337463,1630.347412,-3772.679199,978.492188,1463.568237,-3771.648926,987.262817,1586.109497,-3796.222412,958.580322,1497.218140,-3724.085449,976.672485,1630.310303,-3772.429199,2616.303955,1567.747803,-3159.739258,,,,,,,,,,,,,,,,,,,,,,,,,,,,,,,,,
2059,20.590000,0.000000,0.000000,0.000000,1.000000,0.000000,0.000000,0.000000,57.698101,20.499701,-14.700500,0.047771,-0.013570,0.015998,-15.666301,-52.738201,18.801300,-93.396698,0.129960,17.611099,-0.232212,-0.482629,-0.663969,0.521817,973.951965,1544.288574,-3767.516357,976.720703,1463.203491,-3773.591064,986.200195,1586.339233,-3797.456787,957.730774,1497.263672,-3725.036865,975.156189,1630.347900,-3773.980957,976.991638,1463.451294,-3773.300537,985.716980,1586.103638,-3797.823975,957.570251,1497.240601,-3725.286133,975.511536,1630.342285,-3773.650879,2616.292969,1567.744873,-3159.740723,,,,,,,,,,,,,,,,,,,,,,,,,,,,,,,,,
2060,20.600000,0.000000,0.000000,0.000000,1.000000,0.000000,0.000000,0.000000,57.698101,20.499701,-14.700500,0.047771,-0.013570,0.015998,-15.666301,-52.738201,18.801300,-93.396698,0.129960,17.611099,-0.234596,-0.481673,-0.663016,0.522845,972.766846,1544.407593,-3768.862549,975.470520,1463.311523,-3774.817627,984.863220,1586.403687,-3798.940918,956.765747,1497.459717,-3726.214600,973.967590,1630.455566,-3775.476807,975.652710,1463.434692,-3774.559326,984.525146,1586.276855,-3799.244629,956.653503,1497.446289,-3726.447998,974.223877,1630.464111,-3775.198975,2616.333496,1567.745972,-3159.717773,,,,,,,,,,,,,,,,,,,,,,,,,,,,,,,,,
2061,20.610000,0.000000,0.000000,0.000000,1.000000,0.000000,0.000000,0.000000,57.698101,20.499701,-14.700500,0.047771,-0.013570,0.015998,-15.666301,-52.738201,18.801300,-93.396698,0.129960,17.611099,-0.233713,-0.481839,-0.663892,0.521975,971.473938,1544.501831,-3770.296631,974.100708,1463.409546,-3776.337402,983.696167,1586.518311,-3800.295654,955.308838,1497.523682,-3727.743896,972.789856,1630.555908,-3776.809570,974.129944,1463.379395,-3776.100098,983.536377,1586.502319,-3800.324707,955.340637,1497.589600,-3728.083252,972.893372,1630.543335,-3776.710449,2616.322510,1567.748047,-3159.718750,,,,,,,,,,,,,,,,,,,,,,,,,,,,,,,,,
2062,20.620000,0.000000,0.000000,0.000000,1.000000,0.000000,0.000000,0.000000,57.698101,20.499701,-14.700500,0.047771,-0.013570,0.015998,-15.666301,-52.738201,18.801300,-93.396698,0.129960,17.611099,-0.233862,-0.481457,-0.664509,0.521474,970.191040,1544.632080,-3771.633057,972.686646,1463.539917,-3777.731445,982.487061,1586.650024,-3801.600098,953.941956,1497.650146,-3729.116943,971.648499,1630.688477,-3778.084229,972.709778,1463.519043,-3777.440674,982.344116,1586.587646,-3801.711914,953.985657,1497.748169,-3729.526123,971.734619,1630.687500,-3777.896729,2616.271240,1567.748169,-3159.736572,,,,,,,,,,,,,,,,,,,,,,,,,,,,,,,,,
2063,20.630000,0.000000,0.000000,0.000000,1.000000,0.000000,0.000000,0.000000,57.698101,20.499701,-14.700500,0.047771,-0.013570,0.015998,-15.666301,-52.738201,18.801300,-93.396698,0.129960,17.611099,-0.237183,-0.478765,-0.664462,0.522511,968.965942,1544.790527,-3772.974121,971.165283,1463.694702,-3779.136230,981.141907,1586.787964,-3803.018555,952.925354,1497.833984,-3730.350586,970.631165,1630.845825,-3779.390625,971.101196,1463.629761,-3779.085938,981.228210,1586.695190,-3803.053223,953.024719,1498.061646,-3730.513428,970.518066,1630.802490,-3779.259277,2616.279053,1567.736816,-3159.739014,,,,,,,,,,,,,,,,,,,,,,,,,,,,,,,,,
2064,20.640000,0.000000,0.000000,0.000000,1.000000,0.000000,0.000000,0.000000,57.698101,20.499701,-14.700500,0.047771,-0.013570,0.015998,-15.666301,-52.738201,18.801300,-93.396698,0.129960,17.611099,-0.239853,-0.475937,-0.664963,0.523239,967.682495,1544.944458,-3774.393311,969.558228,1463.852783,-3780.715332,979.794312,1586.953735,-3804.447266,951.776489,1497.966553,-3731.742920,969.600769,1631.004761,-3780.667969,969.519409,1463.799683,-3780.756104,979.909180,1586.749878,-3804.494629,951.857056,1498.301392,-3731.825684,969.457092,1630.960083,-3780.499756,2616.293945,1567.737549,-3159.726074,,,,,,,,,,,,,,,,,,,,,,,,,,,,,,,,,
2065,20.650000,0.000000,0.000000,0.000000,1.000000,0.000000,0.000000,0.000000,57.698101,20.499701,-14.700500,0.047771,-0.013570,0.015998,-15.666301,-52.738201,18.801300,-93.396698,0.129960,17.611099,-0.238676,-0.477429,-0.664781,0.522648,966.436401,1545.173584,-3775.654297,968.435364,1464.076782,-3781.871338,978.604370,1587.161743,-3805.715088,950.435120,1498.227539,-3733.004639,968.270630,1631.228638,-3782.026367,968.322815,1464.101196,-3781.804443,978.766418,1587.084106,-3805.760986,950.568848,1498.419556,-3733.168213,968.092957,1631.095825,-3781.890869,2616.264648,1567.750488,-3159.736572,,,,,,,,,,,,,,,,,,,,,,,,,,,,,,,,,
2066,20.660000,0.000000,0.000000,0.000000,1.000000,0.000000,0.000000,0.000000,57.698101,20.499701,-14.700500,0.047771,-0.013570,0.015998,-15.666301,-52.738201,18.801300,-93.396698,0.129960,17.611099,-0.235080,-0.479983,-0.665882,0.520533,965.036621,1545.363525,-3777.031738,967.153748,1464.270630,-3783.260742,977.475464,1587.372314,-3806.952393,948.642334,1498.389038,-3734.562988,966.874939,1631.422485,-3783.350586,966.942627,1464.162354,-3783.080811,977.641113,1587.439575,-3806.850342,948.870728,1498.474609,-3734.862061,966.713257,1631.383179,-3783.359131,2616.285400,1567.730957,-3159.748535,,,,,,,,,,,,,,,,,,,,,,,,,,,,,,,,,
2067,20.670000,0.000000,0.000000,0.000000,1.000000,0.000000,0.000000,0.000000,57.698101,20.499701,-14.700500,0.047771,-0.013570,0.015998,-15.666301,-52.738201,18.801300,-93.396698,0.129960,17.611099,-0.232520,-0.481115,-0.666810,0.519450,963.656311,1545.587646,-3778.289551,965.858704,1464.505615,-3784.630371,976.251709,1587.649536,-3808.069824,947.032288,1498.538330,-3735.993164,965.482483,1631.657227,-3784.464844,965.672058,1464.320312,-3784.409912,976.333679,1587.730957,-3807.938232,947.245178,1498.599731,-3736.337402,965.390503,1631.685059,-3784.496582,2616.280273,1567.758545,-3159.751953,,,,,,,,,,,,,,,,,,,,,,,,,,,,,,,,,
2068,20.680000,0.000000,0.000000,0.000000,1.000000,0.000000,0.000000,0.000000,57.698101,20.499701,-14.700500,0.047771,-0.013570,0.015998,-15.666301,-52.738201,18.801300,-93.396698,0.129960,17.611099,-0.233374,-0.480255,-0.666273,0.520550,962.334167,1545.849854,-3779.539795,964.580383,1464.771240,-3785.908691,974.796265,1587.929321,-3809.351318,945.889282,1498.776489,-3737.200195,964.070679,1631.922363,-3785.699219,964.601746,1464.651001,-3785.648682,974.680298,1587.926392,-3809.481201,945.905579,1498.782349,-3737.480225,964.153748,1632.032593,-3785.545166,2616.264893,1567.769287,-3159.781982,,,,,,,,,,,,,,,,,,,,,,,,,,,,,,,,,
2069,20.690000,0.000000,0.000000,0.000000,1.000000,0.000000,0.000000,0.000000,57.698101,20.499701,-14.700500,0.047771,-0.013570,0.015998,-15.666301,-52.738201,18.801300,-93.396698,0.129960,17.611099,-0.232408,-0.479976,-0.666573,0.520855,960.891235,1546.107788,-3780.904541,963.215271,1465.042969,-3787.418213,973.340881,1588.252319,-3810.629150,944.452759,1498.943359,-3738.663818,962.556030,1632.192871,-3786.906738,963.212402,1464.997803,-3787.222412,973.275452,1588.221313,-3810.716797,944.478821,1498.913330,-3738.876465,962.601807,1632.297241,-3786.802246,2616.282227,1567.749390,-3159.783691,,,,,,,,,,,,,,,,,,,,,,,,,,,,,,,,,
2070,20.700000,0.000000,0.000000,0.000000,1.000000,0.000000,0.000000,0.000000,57.698101,20.499701,-14.700500,0.047771,-0.013570,0.015998,-15.666301,-52.738201,18.801300,-93.396698,0.129960,17.611099,-0.230438,-0.481537,-0.666262,0.520687,959.203430,1546.325195,-3782.343750,961.775452,1465.264282,-3788.813965,971.665344,1588.491577,-3812.032471,942.712830,1499.133057,-3740.154541,960.659973,1632.412231,-3788.374268,961.895691,1465.400146,-3788.373047,971.366028,1588.440796,-3812.361328,942.631653,1498.874390,-3740.506104,960.913025,1632.581299,-3788.136963,2616.306152,1567.762573,-3159.786865,,,,,,,,,,,,,,,,,,,,,,,,,,,,,,,,,
2071,20.710000,0.000000,0.000000,0.000000,1.000000,0.000000,0.000000,0.000000,57.698101,20.499701,-14.700500,0.047771,-0.013570,0.015998,-15.666301,-52.738201,18.801300,-93.396698,0.129960,17.611099,-0.228973,-0.483425,-0.664756,0.521508,957.473450,1546.555176,-3783.792480,960.461670,1465.494873,-3790.088867,969.799255,1588.721558,-3813.537842,941.113403,1499.368896,-3741.545654,958.519409,1632.635742,-3789.997314,960.547546,1465.695190,-3789.591309,969.507812,1588.722168,-3813.771240,941.064209,1499.021240,-3741.958008,958.769104,1632.762451,-3789.846436,2616.332520,1567.726929,-3159.786865,,,,,,,,,,,,,,,,,,,,,,,,,,,,,,,,,
2072,20.720000,0.000000,0.000000,0.000000,1.000000,0.000000,0.000000,0.000000,57.698101,20.499701,-14.700500,0.047771,-0.013570,0.015998,-15.666301,-52.738201,18.801300,-93.396698,0.129960,17.611099,-0.226356,-0.485343,-0.664184,0.521599,955.813721,1546.782104,-3785.221436,959.168579,1465.732788,-3791.474609,968.117920,1588.989380,-3814.917480,939.431946,1499.542358,-3743.042969,956.536438,1632.864258,-3791.450195,959.324219,1465.991455,-3790.891113,967.635437,1588.876099,-3815.079590,939.375793,1499.244629,-3743.642334,956.906921,1633.001953,-3791.291016,2616.319092,1567.745483,-3159.790771,,,,,,,,,,,,,,,,,,,,,,,,,,,,,,,,,
2073,20.730000,0.000000,0.000000,0.000000,1.000000,0.000000,0.000000,0.000000,57.698101,20.499701,-14.700500,0.047771,-0.013570,0.015998,-15.666301,-52.738201,18.801300,-93.396698,0.129960,17.611099,-0.226311,-0.486080,-0.662691,0.522828,954.248840,1546.962524,-3786.523926,957.886414,1465.914429,-3792.632568,966.371521,1589.159058,-3816.309570,938.079529,1499.741821,-3744.242188,954.657837,1633.035034,-3792.910645,958.153503,1466.302734,-3792.097900,965.789490,1588.942139,-3816.564941,937.958374,1499.595581,-3744.725586,955.082214,1633.045654,-3792.655029,2616.294434,1567.757568,-3159.809570,,,,,,,,,,,,,,,,,,,,,,,,,,,,,,,,,
2074,20.740000,0.000000,0.000000,0.000000,1.000000,0.000000,0.000000,0.000000,57.698101,20.499701,-14.700500,0.047771,-0.013570,0.015998,-15.666301,-52.738201,18.801300,-93.396698,0.129960,17.611099,-0.227132,-0.485014,-0.661901,0.524461,952.458618,1547.085327,-3788.015381,956.209106,1466.046631,-3794.182373,964.385559,1589.317993,-3817.828857,936.545471,1499.814819,-3745.691895,952.694214,1633.161743,-3794.357910,956.490967,1466.454102,-3793.775146,963.855347,1589.110718,-3818.055420,936.410706,1499.744263,-3746.049316,953.087891,1633.079468,-3794.120850,2616.301514,1567.757446,-3159.823730,,,,,,,,,,,,,,,,,,,,,,,,,,,,,,,,,
2075,20.750000,0.000000,0.000000,0.000000,1.000000,0.000000,0.000000,0.000000,57.698101,20.499701,-14.700500,0.047771,-0.013570,0.015998,-15.666301,-52.738201,18.801300,-93.396698,0.129960,17.611099,-0.226699,-0.484583,-0.661514,0.525535,950.870483,1547.368530,-3789.255371,954.780579,1466.344971,-3795.518555,962.677979,1589.659424,-3819.033936,935.100830,1500.017578,-3746.968506,950.922363,1633.452393,-3795.500244,954.879944,1466.658203,-3795.112549,962.380493,1589.627930,-3819.173584,935.064270,1499.858154,-3747.337402,951.160522,1633.363037,-3795.369873,2616.301514,1567.753174,-3159.821533,,,,,,,,,,,,,,,,,,,,,,,,,,,,,,,,,
2076,20.760000,0.000000,0.000000,0.000000,1.000000,0.000000,0.000000,0.000000,57.698101,20.499701,-14.700500,0.047771,-0.013570,0.015998,-15.666301,-52.738201,18.801300,-93.396698,0.129960,17.611099,-0.230184,-0.482166,-0.660118,0.527992,949.307678,1547.707764,-3790.499512,953.174072,1466.680786,-3796.745117,960.801453,1589.980591,-3820.426270,933.980469,1500.382812,-3748.021240,949.274780,1633.787231,-3796.805176,953.238037,1466.835815,-3796.401611,960.600769,1589.978149,-3820.640625,933.950012,1500.246460,-3748.315918,949.437500,1633.776855,-3796.634521,2616.297119,1567.717651,-3159.802734,,,,,,,,,,,,,,,,,,,,,,,,,,,,,,,,,
2077,20.770000,0.000000,0.000000,0.000000,1.000000,0.000000,0.000000,0.000000,57.698101,20.499701,-14.700500,0.047771,-0.013570,0.015998,-15.666301,-52.738201,18.801300,-93.396698,0.129960,17.611099,-0.230093,-0.481260,-0.661366,0.527296,947.778381,1548.069824,-3791.734863,951.439392,1467.046875,-3798.155273,959.392883,1590.377930,-3821.564941,932.312256,1500.692139,-3749.365967,947.968994,1634.162720,-3797.853516,951.428223,1466.996216,-3797.817871,959.275391,1590.405762,-3821.654053,932.362366,1500.621948,-3749.730469,948.054626,1634.238281,-3797.745850,2616.274658,1567.715088,-3159.797119,,,,,,,,,,,,,,,,,,,,,,,,,,,,,,,,,
2078,20.780000,0.000000,0.000000,0.000000,1.000000,0.000000,0.000000,0.000000,57.698101,20.499701,-14.700500,0.047771,-0.013570,0.015998,-15.666301,-52.738201,18.801300,-93.396698,0.129960,17.611099,-0.230169,-0.481000,-0.661995,0.526710,946.311035,1548.450684,-3792.863525,949.843018,1467.425659,-3799.331055,958.008789,1590.757690,-3822.662598,930.747437,1501.072754,-3750.530518,946.644958,1634.546753,-3798.930176,949.733887,1467.294556,-3799.006836,958.025146,1590.817383,-3822.740234,930.881775,1501.102539,-3750.914795,946.610474,1634.570557,-3798.810303,2616.272461,1567.729492,-3159.804199,,,,,,,,,,,,,,,,,,,,,,,,,,,,,,,,,
2079,20.790000,0.000000,0.000000,0.000000,1.000000,0.000000,0.000000,0.000000,57.698101,20.499701,-14.700500,0.047771,-0.013570,0.015998,-15.666301,-52.738201,18.801300,-93.396698,0.129960,17.611099,-0.233567,-0.479067,-0.660806,0.528467,944.660950,1548.718994,-3794.081299,948.089478,1467.683350,-3800.469238,956.121155,1590.978882,-3824.039307,929.442078,1501.407593,-3751.549072,944.991089,1634.806641,-3800.267578,947.921753,1467.509033,-3800.368408,956.289185,1591.028564,-3823.987061,929.625305,1501.610474,-3751.766846,944.816223,1634.740356,-3800.221924,2616.281006,1567.754761,-3159.794434,,,,,,,,,,,,,,,,,,,,,,,,,,,,,,,,,
2080,20.800000,0.000000,0.000000,0.000000,1.000000,0.000000,0.000000,0.000000,57.698101,20.499701,-14.700500,0.047771,-0.013570,0.015998,-15.666301,-52.738201,18.801300,-93.396698,0.129960,17.611099,-0.231697,-0.479549,-0.661641,0.527806,942.869812,1548.868774,-3795.433105,946.345337,1467.845825,-3801.955566,954.438599,1591.186279,-3825.267578,927.493286,1501.475708,-3753.048584,943.201843,1634.967529,-3801.460205,946.131897,1467.613037,-3801.929443,954.685791,1591.326904,-3825.085938,927.680847,1501.597534,-3753.156982,942.987183,1634.936523,-3801.546387,2616.268066,1567.762817,-3159.799805,,,,,,,,,,,,,,,,,,,,,,,,,,,,,,,,,
2081,20.810000,0.000000,0.000000,0.000000,1.000000,0.000000,0.000000,0.000000,57.698101,20.499701,-14.700500,0.047771,-0.013570,0.015998,-15.666301,-52.738201,18.801300,-93.396698,0.129960,17.611099,-0.230860,-0.480472,-0.661127,0.527979,941.159729,1548.991821,-3796.700439,944.808228,1467.971069,-3803.156250,952.693970,1591.310059,-3826.547363,925.806946,1501.599731,-3754.306396,941.329712,1635.086548,-3802.791992,944.689331,1467.737061,-3803.076904,952.820740,1591.434082,-3826.535889,925.905945,1501.668335,-3754.404541,941.219238,1635.110107,-3802.777832,2616.295410,1567.713867,-3159.763672,,,,,,,,,,,,,,,,,,,,,,,,,,,,,,,,,
2082,20.820000,0.000000,0.000000,0.000000,1.000000,0.000000,0.000000,0.000000,57.698101,20.499701,-14.700500,0.047771,-0.013570,0.015998,-15.666301,-52.738201,18.801300,-93.396698,0.129960,17.611099,-0.228004,-0.483478,-0.660441,0.527333,939.594482,1549.111816,-3797.880371,943.613525,1468.094238,-3804.153076,951.175842,1591.419189,-3827.724365,924.123962,1501.739258,-3755.507324,939.464600,1635.194946,-3804.136719,943.640625,1467.983765,-3803.979736,951.097473,1591.481323,-3827.861816,924.111877,1501.712402,-3755.648926,939.527832,1635.264648,-3804.025635,2616.333252,1567.704102,-3159.744873,,,,,,,,,,,,,,,,,,,,,,,,,,,,,,,,,
2083,20.830000,0.000000,0.000000,0.000000,1.000000,0.000000,0.000000,0.000000,57.698101,20.499701,-14.700500,0.047771,-0.013570,0.015998,-15.666301,-52.738201,18.801300,-93.396698,0.129960,17.611099,-0.224925,-0.486108,-0.660968,0.525575,937.956848,1549.232544,-3799.112305,942.135925,1468.217163,-3805.306885,949.744934,1591.539673,-3828.875732,922.176270,1501.861694,-3756.851807,937.770325,1635.312256,-3805.414795,942.273499,1468.305542,-3804.995361,949.436951,1591.466919,-3829.102783,922.093567,1501.732544,-3757.126953,938.016357,1635.425415,-3805.224365,2616.310791,1567.698364,-3159.730957,,,,,,,,,,,,,,,,,,,,,,,,,,,,,,,,,
2084,20.840000,0.000000,0.000000,0.000000,1.000000,0.000000,0.000000,0.000000,57.698101,20.499701,-14.700500,0.047771,-0.013570,0.015998,-15.666301,-52.738201,18.801300,-93.396698,0.129960,17.611099,-0.223131,-0.488232,-0.660977,0.524358,936.332886,1549.357300,-3800.371826,940.634949,1468.337402,-3806.423340,948.247681,1591.633667,-3830.128418,920.358704,1502.031006,-3758.134033,936.090149,1635.427368,-3806.801270,940.811218,1468.582153,-3805.930664,947.846191,1591.521240,-3830.503418,920.257568,1501.833618,-3758.539062,936.407227,1635.503174,-3806.500000,2616.279541,1567.753662,-3159.760010,,,,,,,,,,,,,,,,,,,,,,,,,,,,,,,,,
2085,20.850000,0.000000,0.000000,0.000000,1.000000,0.000000,0.000000,0.000000,57.698101,20.499701,-14.700500,0.047771,-0.013570,0.015998,-15.666301,-52.738201,18.801300,-93.396698,0.129960,17.611099,-0.221095,-0.490533,-0.661054,0.522975,934.882812,1549.483887,-3801.562988,939.313293,1468.460205,-3807.468994,946.943909,1591.730469,-3831.303223,918.687012,1502.200928,-3759.361328,934.587036,1635.544189,-3808.118896,939.578003,1468.883057,-3806.796631,946.370056,1591.555542,-3831.744385,918.542480,1501.892578,-3759.874756,935.043640,1635.650146,-3807.773193,2616.293457,1567.775879,-3159.758789,,,,,,,,,,,,,,,,,,,,,,,,,,,,,,,,,
2086,20.860000,0.000000,0.000000,0.000000,1.000000,0.000000,0.000000,0.000000,57.698101,20.499701,-14.700500,0.047771,-0.013570,0.015998,-15.666301,-52.738201,18.801300,-93.396698,0.129960,17.611099,-0.221526,-0.491248,-0.660630,0.522657,933.538696,1549.575806,-3802.699463,937.964111,1468.540405,-3808.446045,945.612244,1591.763184,-3832.518311,917.326172,1502.376709,-3760.410400,933.252014,1635.623169,-3809.423340,938.166077,1468.959717,-3807.875244,945.131775,1591.582886,-3832.791260,917.238586,1502.153564,-3760.890137,933.614929,1635.658691,-3809.181396,2616.316650,1567.731934,-3159.731201,,,,,,,,,,,,,,,,,,,,,,,,,,,,,,,,,
2087,20.870000,0.000000,0.000000,0.000000,1.000000,0.000000,0.000000,0.000000,57.698101,20.499701,-14.700500,0.047771,-0.013570,0.015998,-15.666301,-52.738201,18.801300,-93.396698,0.129960,17.611099,-0.223459,-0.490019,-0.661529,0.521850,932.326111,1549.617554,-3803.750244,936.375732,1468.564087,-3809.518311,944.508362,1591.754761,-3833.595703,916.015747,1502.485229,-3761.424072,932.404663,1635.666260,-3810.462646,936.449524,1468.760986,-3809.226807,944.258911,1591.643677,-3833.667969,916.014221,1502.475952,-3761.780762,932.579529,1635.602783,-3810.332031,2616.334717,1567.716309,-3159.708740,,,,,,,,,,,,,,,,,,,,,,,,,,,,,,,,,
2088,20.880000,0.000000,0.000000,0.000000,1.000000,0.000000,0.000000,0.000000,57.698101,20.499701,-14.700500,0.047771,-0.013570,0.015998,-15.666301,-52.738201,18.801300,-93.396698,0.129960,17.611099,-0.227054,-0.487853,-0.661733,0.522068,931.185425,1549.667847,-3804.815186,934.836060,1468.593994,-3810.562988,943.340088,1591.733765,-3834.772705,914.969849,1502.632324,-3762.345215,931.595764,1635.711548,-3811.580078,934.805054,1468.633179,-3810.391357,943.322388,1591.690430,-3834.856201,915.037903,1502.754639,-3762.604004,931.583313,1635.606323,-3811.426025,2616.326172,1567.747192,-3159.715088,,,,,,,,,,,,,,,,,,,,,,,,,,,,,,,,,
2089,20.890000,0.000000,0.000000,0.000000,1.000000,0.000000,0.000000,0.000000,57.698101,20.499701,-14.700500,0.047771,-0.013570,0.015998,-15.666301,-52.738201,18.801300,-93.396698,0.129960,17.611099,-0.229234,-0.485600,-0.663284,0.521247,929.914917,1549.636597,-3805.994629,933.068848,1468.553589,-3811.904785,942.204041,1591.686279,-3835.919922,913.582397,1502.618164,-3763.550781,930.804199,1635.688721,-3812.603516,932.962280,1468.419067,-3811.854492,942.321899,1591.717163,-3835.894287,913.703186,1502.797607,-3763.686523,930.675842,1635.622681,-3812.553711,2616.299316,1567.693970,-3159.728271,,,,,,,,,,,,,,,,,,,,,,,,,,,,,,,,,
2090,20.900000,0.000000,0.000000,0.000000,1.000000,0.000000,0.000000,0.000000,57.698101,20.499701,-14.700500,0.047771,-0.013570,0.015998,-15.666301,-52.738201,18.801300,-93.396698,0.129960,17.611099,-0.230479,-0.483971,-0.664834,0.520238,928.709229,1549.649170,-3807.133789,931.455078,1468.562988,-3813.203125,941.155334,1591.694946,-3836.999268,912.216125,1502.630493,-3764.752197,930.010315,1635.708374,-3813.580078,931.368286,1468.304321,-3813.151367,941.245300,1591.691284,-3836.996338,912.324097,1502.854248,-3764.900635,929.897400,1635.745483,-3813.496826,2616.330078,1567.747192,-3159.717529,,,,,,,,,,,,,,,,,,,,,,,,,,,,,,,,,
2091,20.910000,0.000000,0.000000,0.000000,1.000000,0.000000,0.000000,0.000000,57.698101,20.499701,-14.700500,0.047771,-0.013570,0.015998,-15.666301,-52.738201,18.801300,-93.396698,0.129960,17.611099,-0.229716,-0.485081,-0.665696,0.518436,927.449219,1549.615967,-3808.308105,930.055359,1468.520264,-3814.311279,940.109863,1591.615967,-3838.148193,910.677551,1502.659912,-3765.966309,928.954041,1635.668091,-3814.806641,929.983948,1468.275757,-3814.183594,940.162415,1591.668945,-3838.200684,910.752380,1502.750732,-3766.119873,928.892273,1635.744629,-3814.720215,2616.283447,1567.733887,-3159.740723,,,,,,,,,,,,,,,,,,,,,,,,,,,,,,,,,
2092,20.920000,0.000000,0.000000,0.000000,1.000000,0.000000,0.000000,0.000000,57.698101,20.499701,-14.700500,0.047771,-0.013570,0.015998,-15.666301,-52.738201,18.801300,-93.396698,0.129960,17.611099,-0.226637,-0.488460,-0.666301,0.515835,926.247009,1549.653076,-3809.362549,928.951294,1468.547241,-3815.182617,939.198914,1591.601685,-3839.149658,909.056335,1502.770386,-3767.107666,927.781433,1635.693237,-3816.010254,928.980286,1468.497070,-3814.871582,939.048035,1591.654297,-3839.308594,909.054932,1502.668335,-3767.389893,927.905090,1635.781128,-3815.876709,2616.287842,1567.750977,-3159.750244,,,,,,,,,,,,,,,,,,,,,,,,,,,,,,,,,
2093,20.930000,0.000000,0.000000,0.000000,1.000000,0.000000,0.000000,0.000000,57.698101,20.499701,-14.700500,0.047771,-0.013570,0.015998,-15.666301,-52.738201,18.801300,-93.396698,0.129960,17.611099,-0.220542,-0.493574,-0.667858,0.511578,924.975098,1549.713501,-3810.495361,927.864929,1468.604980,-3816.188477,938.427551,1591.647461,-3840.080566,907.061768,1502.852783,-3768.517334,926.546082,1635.748901,-3817.195068,927.879456,1468.644531,-3815.697754,938.176575,1591.754150,-3840.191162,907.087646,1502.562622,-3768.980469,926.756592,1635.848999,-3817.121826,2616.304199,1567.765991,-3159.758545,,,,,,,,,,,,,,,,,,,,,,,,,,,,,,,,,
2094,20.940000,0.000000,0.000000,0.000000,1.000000,0.000000,0.000000,0.000000,57.698101,20.499701,-14.700500,0.047771,-0.013570,0.015998,-15.666301,-52.738201,18.801300,-93.396698,0.129960,17.611099,-0.218238,-0.495563,-0.668966,0.509190,923.655029,1549.735474,-3811.592773,926.494934,1468.622192,-3817.242188,937.391724,1591.645874,-3841.080566,905.353271,1502.906738,-3769.746826,925.380188,1635.767212,-3818.301758,926.555359,1468.658081,-3816.701172,937.060303,1591.695679,-3841.248047,905.351135,1502.608154,-3770.259277,925.657227,1635.944214,-3818.170654,2616.275635,1567.748169,-3159.781982,,,,,,,,,,,,,,,,,,,,,,,,,,,,,,,,,
2095,20.950000,0.000000,0.000000,0.000000,1.000000,0.000000,0.000000,0.000000,57.698101,20.499701,-14.700500,0.047771,-0.013570,0.015998,-15.666301,-52.738201,18.801300,-93.396698,0.129960,17.611099,-0.218302,-0.496556,-0.668614,0.508657,922.403442,1549.760376,-3812.634033,925.251892,1468.636108,-3818.119629,936.177917,1591.612671,-3842.186768,904.047913,1503.014160,-3770.719238,924.136108,1635.778687,-3819.510498,925.361816,1468.757080,-3817.619629,935.803284,1591.580200,-3842.413086,904.001404,1502.738770,-3771.177734,924.443176,1635.952026,-3819.329590,2616.252930,1567.723389,-3159.787354,,,,,,,,,,,,,,,,,,,,,,,,,,,,,,,,,
2096,20.960000,0.000000,0.000000,0.000000,1.000000,0.000000,0.000000,0.000000,57.698101,20.499701,-14.700500,0.047771,-0.013570,0.015998,-15.666301,-52.738201,18.801300,-93.396698,0.129960,17.611099,-0.217165,-0.499099,-0.667642,0.507930,921.155701,1549.791016,-3813.716553,924.210632,1468.654663,-3818.903076,934.966125,1591.570068,-3843.355957,902.720703,1503.151245,-3771.718262,922.725281,1635.788330,-3820.889160,924.401978,1468.985474,-3818.301025,934.476868,1591.518799,-3843.722168,902.601074,1502.764160,-3772.179199,923.130310,1635.907349,-3820.642822,2616.289062,1567.733643,-3159.800293,,,,,,,,,,,,,,,,,,,,,,,,,,,,,,,,,
2097,20.970000,0.000000,0.000000,0.000000,1.000000,0.000000,0.000000,0.000000,57.698101,20.499701,-14.700500,0.047771,-0.013570,0.015998,-15.666301,-52.738201,18.801300,-93.396698,0.129960,17.611099,-0.222933,-0.497130,-0.665230,0.510522,919.979797,1549.892212,-3814.661865,922.910828,1468.731079,-3819.522217,933.421753,1591.527100,-3844.671143,902.075378,1503.455811,-3772.211426,921.511292,1635.855103,-3822.243164,923.028625,1468.953491,-3819.217529,933.145996,1591.414307,-3844.892334,902.023926,1503.402344,-3772.499756,921.716003,1635.807861,-3822.025635,2616.289795,1567.737305,-3159.803467,,,,,,,,,,,,,,,,,,,,,,,,,,,,,,,,,
2098,20.980000,0.000000,0.000000,0.000000,1.000000,0.000000,0.000000,0.000000,57.698101,20.499701,-14.700500,0.047771,-0.013570,0.015998,-15.666301,-52.738201,18.801300,-93.396698,0.129960,17.611099,-0.224677,-0.495051,-0.666126,0.510608,918.445374,1549.728516,-3815.886475,921.075134,1468.567261,-3820.913330,931.907471,1591.374268,-3845.871582,900.555420,1503.272827,-3773.450928,920.243286,1635.699951,-3823.310059,921.194458,1468.776367,-3820.571777,931.612061,1591.182617,-3846.123535,900.500854,1503.148682,-3773.772949,920.461853,1635.804321,-3823.079346,2616.273193,1567.732056,-3159.818115,,,,,,,,,,,,,,,,,,,,,,,,,,,,,,,,,
2099,20.990000,0.000000,0.000000,0.000000,1.000000,0.000000,0.000000,0.000000,57.698101,20.499701,-14.700500,0.047771,-0.013570,0.015998,-15.666301,-52.738201,18.801300,-93.396698,0.129960,17.611099,-0.229177,-0.492220,-0.665163,0.512597,917.050049,1549.675049,-3816.989014,919.453369,1468.503906,-3821.972656,930.259827,1591.266235,-3847.161377,899.543335,1503.293823,-3774.312500,918.943665,1635.636108,-3824.509277,919.504395,1468.607300,-3821.873291,930.166321,1591.040894,-3847.296875,899.536377,1503.382080,-3774.470215,918.984924,1635.650024,-3824.326904,2616.288330,1567.677246,-3159.811035,,,,,,,,,,,,,,,,,,,,,,,,,,,,,,,,,
2100,21.000000,0.000000,0.000000,0.000000,1.000000,0.000000,0.000000,0.000000,57.698101,20.499701,-14.700500,0.047771,-0.013570,0.015998,-15.666301,-52.738201,18.801300,-93.396698,0.129960,17.611099,-0.231730,-0.490830,-0.664588,0.513528,915.564392,1549.688232,-3818.079346,917.830627,1468.509644,-3823.003174,928.647705,1591.234741,-3848.368164,898.252930,1503.368896,-3775.256104,917.526306,1635.639893,-3825.688965,917.903381,1468.459839,-3823.029785,928.592651,1591.024658,-3848.477539,898.224365,1503.657959,-3775.324951,917.526184,1635.627930,-3825.490234,2616.314209,1567.705078,-3159.791504,,,,,,,,,,,,,,,,,,,,,,,,,,,,,,,,,
2101,21.010000,0.000000,0.000000,0.000000,1.000000,0.000000,0.000000,0.000000,57.698101,20.499701,-14.700500,0.047771,-0.013570,0.015998,-15.666301,-52.738201,18.801300,-93.396698,0.129960,17.611099,-0.230925,-0.491654,-0.664840,0.512775,914.111938,1549.866821,-3819.059570,916.384521,1468.686279,-3823.947266,927.282837,1591.400879,-3849.327637,896.677612,1503.564819,-3776.267578,916.102600,1635.815430,-3826.695801,916.240479,1468.330811,-3824.171387,927.557861,1591.375244,-3849.184570,896.886780,1504.278198,-3776.252686,915.794983,1635.628418,-3826.642578,2616.287354,1567.740601,-3159.817139,,,,,,,,,,,,,,,,,,,,,,,,,,,,,,,,,
2102,21.020000,0.000000,0.000000,0.000000,1.000000,0.000000,0.000000,0.000000,57.698101,20.499701,-14.700500,0.047771,-0.013570,0.015998,-15.666301,-52.738201,18.801300,-93.396698,0.129960,17.611099,-0.225275,-0.495322,-0.665989,0.510260,912.683167,1550.044189,-3820.010742,915.247253,1468.874634,-3824.935791,926.171387,1591.641357,-3850.051758,894.766418,1503.656250,-3777.511963,914.547729,1636.004761,-3827.543213,915.088013,1468.600464,-3824.944336,926.361267,1591.707275,-3849.936523,894.960022,1504.016846,-3777.662109,914.336548,1635.880249,-3827.518311,2616.275635,1567.744995,-3159.826172,,,,,,,,,,,,,,,,,,,,,,,,,,,,,,,,,
2103,21.030000,0.000000,0.000000,0.000000,1.000000,0.000000,0.000000,0.000000,57.698101,20.499701,-14.700500,0.047771,-0.013570,0.015998,-15.666301,-52.738201,18.801300,-93.396698,0.129960,17.611099,-0.221744,-0.497487,-0.666878,0.508537,911.265869,1550.249023,-3820.955078,913.977844,1469.086792,-3825.922852,924.971252,1591.888062,-3850.838867,893.025696,1503.803101,-3778.657715,913.088562,1636.218018,-3828.400146,913.856140,1468.997559,-3825.744873,925.006714,1591.934692,-3850.783936,893.172485,1503.831055,-3778.914795,913.038269,1636.226440,-3828.396240,2616.267578,1567.726074,-3159.814697,,,,,,,,,,,,,,,,,,,,,,,,,,,,,,,,,
2104,21.040000,0.000000,0.000000,0.000000,1.000000,0.000000,0.000000,0.000000,57.698101,20.499701,-14.700500,0.047771,-0.013570,0.015998,-15.666301,-52.738201,18.801300,-93.396698,0.129960,17.611099,-0.218633,-0.499575,-0.667778,0.506653,909.921082,1550.489624,-3821.867676,912.723572,1469.331299,-3826.847900,923.856750,1592.150146,-3851.615234,891.347717,1504.014404,-3779.748291,911.756348,1636.463135,-3829.259277,912.714905,1469.384888,-3826.431885,923.671204,1592.185303,-3851.717773,891.391235,1503.768066,-3780.148682,911.913818,1636.587646,-3829.179199,2616.306641,1567.740112,-3159.795898,,,,,,,,,,,,,,,,,,,,,,,,,,,,,,,,,
2105,21.050000,0.000000,0.000000,0.000000,1.000000,0.000000,0.000000,0.000000,57.698101,20.499701,-14.700500,0.047771,-0.013570,0.015998,-15.666301,-52.738201,18.801300,-93.396698,0.129960,17.611099,-0.218427,-0.501053,-0.666766,0.506615,908.673523,1550.841309,-3822.703125,911.630981,1469.674561,-3827.452637,922.573792,1592.443970,-3852.547852,890.127258,1504.449951,-3780.479492,910.361938,1636.797119,-3830.332520,911.594788,1469.697266,-3827.161865,922.477295,1592.469482,-3852.610107,890.206543,1504.422241,-3780.822021,910.423889,1636.774658,-3830.237549,2616.306641,1567.701172,-3159.784668,,,,,,,,,,,,,,,,,,,,,,,,,,,,,,,,,
2106,21.060000,0.000000,0.000000,0.000000,1.000000,0.000000,0.000000,0.000000,57.698101,20.499701,-14.700500,0.047771,-0.013570,0.015998,-15.666301,-52.738201,18.801300,-93.396698,0.129960,17.611099,-0.213931,-0.504624,-0.666452,0.505401,907.144104,1550.934692,-3823.845215,910.538513,1469.778198,-3828.475586,921.164673,1592.572510,-3853.584229,888.368286,1504.498657,-3781.772217,908.504944,1636.889526,-3831.548340,910.572021,1470.003784,-3828.023438,920.892273,1592.600952,-3853.694824,888.376099,1504.173706,-3782.179932,908.734436,1636.943970,-3831.479980,2616.308105,1567.728027,-3159.783936,,,,,,,,,,,,,,,,,,,,,,,,,,,,,,,,,
2107,21.070000,0.000000,0.000000,0.000000,1.000000,0.000000,0.000000,0.000000,57.698101,20.499701,-14.700500,0.047771,-0.013570,0.015998,-15.666301,-52.738201,18.801300,-93.396698,0.129960,17.611099,-0.213834,-0.505971,-0.664420,0.506768,905.580811,1551.089478,-3825.066406,909.341064,1469.935059,-3829.442383,919.389343,1592.696411,-3854.947754,887.048096,1504.702026,-3782.832275,906.544617,1637.025024,-3833.042725,909.477173,1470.216919,-3828.991211,918.994507,1592.727417,-3855.186035,886.959351,1504.370483,-3783.177979,906.878052,1637.050171,-3832.900879,2616.251709,1567.701050,-3159.786377,,,,,,,,,,,,,,,,,,,,,,,,,,,,,,,,,
2108,21.080000,0.000000,0.000000,0.000000,1.000000,0.000000,0.000000,0.000000,57.698101,20.499701,-14.700500,0.047771,-0.013570,0.015998,-15.666301,-52.738201,18.801300,-93.396698,0.129960,17.611099,-0.218394,-0.504434,-0.661856,0.509704,904.201965,1551.405273,-3826.187500,908.012329,1470.238770,-3830.290039,917.608521,1592.911133,-3856.390869,886.221985,1505.161621,-3783.558838,904.965027,1637.309937,-3834.510498,908.160950,1470.441895,-3829.972900,917.265259,1592.813110,-3856.626953,886.154114,1505.147583,-3783.879639,905.220093,1637.220581,-3834.261963,2616.301270,1567.769287,-3159.795410,,,,,,,,,,,,,,,,,,,,,,,,,,,,,,,,,
2109,21.090000,0.000000,0.000000,0.000000,1.000000,0.000000,0.000000,0.000000,57.698101,20.499701,-14.700500,0.047771,-0.013570,0.015998,-15.666301,-52.738201,18.801300,-93.396698,0.129960,17.611099,-0.216986,-0.505114,-0.661831,0.509663,902.694519,1551.592163,-3827.412842,906.652710,1470.434326,-3831.545410,916.108887,1593.135498,-3857.560791,884.682556,1505.297119,-3784.853516,903.333923,1637.501953,-3835.691650,906.846863,1470.783691,-3831.147949,915.683044,1592.989502,-3857.801025,884.589783,1505.166260,-3785.195312,903.658508,1637.464600,-3835.467773,2616.283203,1567.777100,-3159.773193,,,,,,,,,,,,,,,,,,,,,,,,,,,,,,,,,
2110,21.100000,0.000000,0.000000,0.000000,1.000000,0.000000,0.000000,0.000000,57.698101,20.499701,-14.700500,0.047771,-0.013570,0.015998,-15.666301,-52.738201,18.801300,-93.396698,0.129960,17.611099,-0.219473,-0.503305,-0.661021,0.511436,901.304565,1551.858887,-3828.644287,905.222351,1470.699829,-3832.789795,914.504333,1593.394897,-3858.897217,883.596985,1505.574219,-3785.945801,901.894409,1637.767090,-3836.943848,905.432373,1471.048096,-3832.441162,914.080688,1593.153809,-3859.175537,883.494019,1505.490967,-3786.254639,902.201416,1637.760620,-3836.678467,2616.297119,1567.761108,-3159.755859,,,,,,,,,,,,,,,,,,,,,,,,,,,,,,,,,
2111,21.110000,0.000000,0.000000,0.000000,1.000000,0.000000,0.000000,0.000000,57.698101,20.499701,-14.700500,0.047771,-0.013570,0.015998,-15.666301,-52.738201,18.801300,-93.396698,0.129960,17.611099,-0.220292,-0.502978,-0.660578,0.511977,899.894897,1552.176392,-3829.756836,903.820068,1471.015503,-3833.860840,913.021118,1593.696411,-3860.063477,882.288818,1505.914307,-3786.991943,900.449524,1638.079468,-3838.110352,904.015381,1471.328491,-3833.442139,912.571838,1593.370239,-3860.370117,882.217773,1505.923706,-3787.457520,900.750427,1638.075317,-3837.755615,2616.268555,1567.760010,-3159.755615,,,,,,,,,,,,,,,,,,,,,,,,,,,,,,,,,
2112,21.120000,0.000000,0.000000,0.000000,1.000000,0.000000,0.000000,0.000000,57.698101,20.499701,-14.700500,0.047771,-0.013570,0.015998,-15.666301,-52.738201,18.801300,-93.396698,0.129960,17.611099,-0.222171,-0.502139,-0.660027,0.512699,898.716675,1552.547119,-3830.768066,902.564209,1471.379028,-3834.803467,911.742737,1594.025513,-3861.174805,881.260925,1506.343140,-3787.878906,899.298767,1638.440918,-3839.214600,902.581726,1471.527466,-3834.560303,911.589661,1593.828735,-3861.238281,881.324768,1506.442627,-3788.274170,899.373962,1638.405762,-3839.046387,2616.271240,1567.767700,-3159.757568,,,,,,,,,,,,,,,,,,,,,,,,,,,,,,,,,
2113,21.130000,0.000000,0.000000,0.000000,1.000000,0.000000,0.000000,0.000000,57.698101,20.499701,-14.700500,0.047771,-0.013570,0.015998,-15.666301,-52.738201,18.801300,-93.396698,0.129960,17.611099,-0.226541,-0.499760,-0.658917,0.514537,897.460754,1552.892578,-3831.908203,901.113403,1471.710938,-3835.850342,910.243042,1594.296753,-3862.519043,880.371887,1506.791626,-3788.761475,898.114685,1638.771240,-3840.501953,901.162842,1471.698608,-3835.762939,910.139343,1594.111206,-3862.598877,880.390808,1507.078125,-3789.014404,898.145691,1638.711426,-3840.292480,2616.298096,1567.758179,-3159.742188,,,,,,,,,,,,,,,,,,,,,,,,,,,,,,,,,
2114,21.140000,0.000000,0.000000,0.000000,1.000000,0.000000,0.000000,0.000000,57.698101,20.499701,-14.700500,0.047771,-0.013570,0.015998,-15.666301,-52.738201,18.801300,-93.396698,0.129960,17.611099,-0.227561,-0.499329,-0.658887,0.514544,896.278809,1553.127441,-3833.045898,899.829041,1471.939575,-3836.953369,909.054260,1594.500977,-3863.700928,879.213867,1507.068359,-3789.844971,897.017944,1639.000977,-3841.684570,899.853638,1471.955322,-3836.780762,908.964478,1594.413086,-3863.822998,879.248352,1507.265747,-3790.142822,897.055176,1638.895508,-3841.463379,2616.259521,1567.738770,-3159.743408,,,,,,,,,,,,,,,,,,,,,,,,,,,,,,,,,
2115,21.150000,0.000000,0.000000,0.000000,1.000000,0.000000,0.000000,0.000000,57.698101,20.499701,-14.700500,0.047771,-0.013570,0.015998,-15.666301,-52.738201,18.801300,-93.396698,0.129960,17.611099,-0.228642,-0.498923,-0.658653,0.514758,895.324890,1553.439941,-3834.043945,898.806458,1472.246826,-3837.901123,908.064697,1594.782104,-3864.756104,878.319275,1507.424438,-3790.773193,896.109070,1639.306763,-3842.745605,898.702332,1472.253906,-3837.877441,908.211426,1594.724487,-3864.740967,878.459045,1507.677979,-3790.925537,895.932129,1639.117432,-3842.641846,2616.307861,1567.769409,-3159.741699,,,,,,,,,,,,,,,,,,,,,,,,,,,,,,,,,
2116,21.160000,0.000000,0.000000,0.000000,1.000000,0.000000,0.000000,0.000000,57.698101,20.499701,-14.700500,0.047771,-0.013570,0.015998,-15.666301,-52.738201,18.801300,-93.396698,0.129960,17.611099,-0.228762,-0.498031,-0.659550,0.514419,894.175720,1553.780884,-3835.183594,897.501953,1472.588257,-3839.187500,906.983887,1595.153809,-3865.825684,877.096985,1507.720215,-3791.989746,895.119934,1639.661499,-3843.731689,897.388489,1472.441650,-3839.217285,907.183228,1595.099243,-3865.814209,877.241638,1508.066895,-3792.090820,894.897400,1639.554321,-3843.617920,2616.314453,1567.733887,-3159.734863,,,,,,,,,,,,,,,,,,,,,,,,,,,,,,,,,
2117,21.170000,0.000000,0.000000,0.000000,1.000000,0.000000,0.000000,0.000000,57.698101,20.499701,-14.700500,0.047771,-0.013570,0.015998,-15.666301,-52.738201,18.801300,-93.396698,0.129960,17.611099,-0.228377,-0.497246,-0.660859,0.513669,893.008728,1554.235229,-3836.269531,896.151550,1473.044922,-3840.464111,905.944702,1595.651489,-3866.799072,875.778198,1508.111084,-3793.204102,894.160339,1640.133667,-3844.610840,895.987671,1472.625977,-3840.592285,906.194153,1595.627441,-3866.676025,876.017883,1508.819580,-3793.335693,893.863647,1639.992065,-3844.521729,2616.303467,1567.761108,-3159.742188,,,,,,,,,,,,,,,,,,,,,,,,,,,,,,,,,
2118,21.180000,0.000000,0.000000,0.000000,1.000000,0.000000,0.000000,0.000000,57.698101,20.499701,-14.700500,0.047771,-0.013570,0.015998,-15.666301,-52.738201,18.801300,-93.396698,0.129960,17.611099,-0.225597,-0.498985,-0.661720,0.512100,891.792786,1554.603882,-3837.406982,895.015625,1473.418457,-3841.634521,904.929688,1596.049316,-3867.811035,874.271362,1508.439453,-3794.502197,892.954407,1640.508911,-3845.679688,894.792542,1473.065552,-3841.640137,905.175598,1596.133423,-3867.608154,874.526550,1508.820190,-3794.690674,892.698364,1640.417725,-3845.705322,2616.283936,1567.762695,-3159.767334,,,,,,,,,,,,,,,,,,,,,,,,,,,,,,,,,
2119,21.190000,0.000000,0.000000,0.000000,1.000000,0.000000,0.000000,0.000000,57.698101,20.499701,-14.700500,0.047771,-0.013570,0.015998,-15.666301,-52.738201,18.801300,-93.396698,0.129960,17.611099,-0.227304,-0.497559,-0.661691,0.512771,890.644897,1554.982666,-3838.496826,893.732910,1473.794434,-3842.771729,903.707153,1596.421875,-3868.941650,873.246521,1508.825439,-3795.534424,891.893005,1640.889282,-3846.739746,893.512451,1473.495850,-3842.762695,903.973633,1596.530762,-3868.810791,873.449158,1509.035156,-3795.643799,891.647095,1640.859131,-3846.768555,2616.292236,1567.752441,-3159.773438,,,,,,,,,,,,,,,,,,,,,,,,,,,,,,,,,
2120,21.200000,0.000000,0.000000,0.000000,1.000000,0.000000,0.000000,0.000000,57.698101,20.499701,-14.700500,0.047771,-0.013570,0.015998,-15.666301,-52.738201,18.801300,-93.396698,0.129960,17.611099,-0.227041,-0.497801,-0.661789,0.512525,889.569946,1555.344116,-3839.493164,892.657410,1474.155396,-3843.760010,902.661316,1596.780640,-3869.928955,872.130981,1509.190552,-3796.543213,890.829895,1641.250122,-3847.740723,892.448730,1474.000977,-3843.630615,902.870361,1596.871460,-3869.883789,872.327881,1509.279053,-3796.736572,890.637634,1641.223267,-3847.724854,2616.286621,1567.725952,-3159.779785,,,,,,,,,,,,,,,,,,,,,,,,,,,,,,,,,
2121,21.210000,0.000000,0.000000,0.000000,1.000000,0.000000,0.000000,0.000000,57.698101,20.499701,-14.700500,0.047771,-0.013570,0.015998,-15.666301,-52.738201,18.801300,-93.396698,0.129960,17.611099,-0.225579,-0.498128,-0.662933,0.511373,888.554504,1555.683594,-3840.483887,891.570190,1474.498901,-3844.875244,901.810913,1597.156738,-3870.798096,870.896240,1509.477173,-3797.680664,889.940674,1641.601929,-3848.581543,891.330994,1474.393311,-3844.787109,902.107971,1597.291382,-3870.745117,871.080017,1509.462280,-3797.773682,889.705688,1641.593750,-3848.621826,2616.290283,1567.729614,-3159.775146,,,,,,,,,,,,,,,,,,,,,,,,,,,,,,,,,
2122,21.220000,0.000000,0.000000,0.000000,1.000000,0.000000,0.000000,0.000000,57.698101,20.499701,-14.700500,0.047771,-0.013570,0.015998,-15.666301,-52.738201,18.801300,-93.396698,0.129960,17.611099,-0.227250,-0.496106,-0.663182,0.512276,887.409180,1555.982422,-3841.549316,890.269470,1474.800171,-3846.087891,900.579651,1597.483398,-3871.863037,869.892334,1509.735107,-3798.731934,888.895020,1641.911499,-3849.514404,890.093018,1474.598633,-3846.054688,900.831909,1597.579468,-3871.865723,870.020874,1509.792480,-3798.772217,888.686890,1641.951660,-3849.501709,2616.294922,1567.748657,-3159.784180,,,,,,,,,,,,,,,,,,,,,,,,,,,,,,,,,
2123,21.230000,0.000000,0.000000,0.000000,1.000000,0.000000,0.000000,0.000000,57.698101,20.499701,-14.700500,0.047771,-0.013570,0.015998,-15.666301,-52.738201,18.801300,-93.396698,0.129960,17.611099,-0.223304,-0.497483,-0.664710,0.510693,886.258362,1556.315674,-3842.608154,889.231323,1475.150024,-3847.365479,899.661438,1597.919189,-3872.678223,868.402039,1509.924194,-3800.088135,887.738586,1642.269653,-3850.301025,889.223877,1474.868652,-3847.173584,899.603760,1597.982422,-3872.752197,868.437317,1509.984131,-3800.289062,887.771851,1642.393433,-3850.200195,2616.290039,1567.724487,-3159.805176,,,,,,,,,,,,,,,,,,,,,,,,,,,,,,,,,
2124,21.240000,0.000000,0.000000,0.000000,1.000000,0.000000,0.000000,0.000000,57.698101,20.499701,-14.700500,0.047771,-0.013570,0.015998,-15.666301,-52.738201,18.801300,-93.396698,0.129960,17.611099,-0.219765,-0.499811,-0.665090,0.509459,885.066956,1556.637817,-3843.606689,888.285645,1475.481567,-3848.365723,898.619080,1598.285889,-3873.548096,866.968201,1510.186035,-3801.255127,886.394653,1642.597900,-3851.257812,888.307800,1475.296387,-3848.053955,898.454285,1598.355103,-3873.643066,866.994446,1510.164673,-3801.570557,886.516418,1642.708862,-3851.145752,2616.316406,1567.740356,-3159.810059,,,,,,,,,,,,,,,,,,,,,,,,,,,,,,,,,
2125,21.250000,0.000000,0.000000,0.000000,1.000000,0.000000,0.000000,0.000000,57.698101,20.499701,-14.700500,0.047771,-0.013570,0.015998,-15.666301,-52.738201,18.801300,-93.396698,0.129960,17.611099,-0.218497,-0.500482,-0.665134,0.509288,883.785339,1556.897827,-3844.580322,887.121033,1475.747559,-3849.360840,897.360352,1598.574463,-3874.471680,865.638306,1510.407227,-3802.292236,885.021729,1642.862427,-3852.196777,887.099670,1475.662231,-3849.071533,897.272156,1598.674316,-3874.601562,865.671692,1510.297852,-3802.541992,885.095825,1642.939697,-3852.100830,2616.304932,1567.755249,-3159.805176,,,,,,,,,,,,,,,,,,,,,,,,,,,,,,,,,
2126,21.260000,0.000000,0.000000,0.000000,1.000000,0.000000,0.000000,0.000000,57.698101,20.499701,-14.700500,0.047771,-0.013570,0.015998,-15.666301,-52.738201,18.801300,-93.396698,0.129960,17.611099,-0.216955,-0.501741,-0.664589,0.509420,882.462402,1557.104004,-3845.528320,886.041321,1475.960693,-3850.250488,896.008118,1598.801147,-3875.404053,864.321472,1510.587036,-3803.266602,883.478577,1643.067261,-3853.192139,886.073669,1476.089233,-3849.833984,895.780396,1598.800781,-3875.565186,864.335022,1510.391113,-3803.664307,883.659790,1643.125366,-3853.054688,2616.313721,1567.736816,-3159.819580,,,,,,,,,,,,,,,,,,,,,,,,,,,,,,,,,
2127,21.270000,0.000000,0.000000,0.000000,1.000000,0.000000,0.000000,0.000000,57.698101,20.499701,-14.700500,0.047771,-0.013570,0.015998,-15.666301,-52.738201,18.801300,-93.396698,0.129960,17.611099,-0.217008,-0.501245,-0.664082,0.510545,881.115784,1557.271729,-3846.465088,884.827087,1476.137573,-3851.241699,894.531311,1599.009888,-3876.342529,863.137390,1510.698730,-3804.195557,881.967346,1643.241089,-3854.080322,884.882629,1476.348633,-3850.852539,894.268738,1598.928955,-3876.466309,863.143738,1510.529297,-3804.587891,882.165649,1643.285522,-3853.952881,2616.309082,1567.735962,-3159.810303,,,,,,,,,,,,,,,,,,,,,,,,,,,,,,,,,
2128,21.280000,0.000000,0.000000,0.000000,1.000000,0.000000,0.000000,0.000000,57.698101,20.499701,-14.700500,0.047771,-0.013570,0.015998,-15.666301,-52.738201,18.801300,-93.396698,0.129960,17.611099,-0.216178,-0.501221,-0.663524,0.511645,879.787537,1557.402954,-3847.413330,883.729004,1476.283569,-3852.255615,893.075928,1599.203003,-3877.260986,861.953308,1510.745117,-3805.176270,880.391907,1643.380371,-3854.960205,883.913635,1476.578369,-3851.869385,892.638062,1599.042725,-3877.481201,861.856628,1510.555176,-3805.516602,880.728333,1643.447876,-3854.770752,2616.301270,1567.730347,-3159.804443,,,,,,,,,,,,,,,,,,,,,,,,,,,,,,,,,
2129,21.290000,0.000000,0.000000,0.000000,1.000000,0.000000,0.000000,0.000000,57.698101,20.499701,-14.700500,0.047771,-0.013570,0.015998,-15.666301,-52.738201,18.801300,-93.396698,0.129960,17.611099,-0.216466,-0.500946,-0.662031,0.513722,878.568665,1557.534668,-3848.295898,882.808105,1476.428589,-3853.109375,891.593628,1599.369995,-3878.210205,861.058777,1510.830688,-3805.974365,878.814087,1643.509888,-3855.889893,883.030396,1476.721802,-3852.754883,891.151855,1599.259277,-3878.518311,860.918457,1510.647705,-3806.231689,879.168945,1643.532715,-3855.660156,2616.295898,1567.748047,-3159.807617,,,,,,,,,,,,,,,,,,,,,,,,,,,,,,,,,
2130,21.300000,0.000000,0.000000,0.000000,1.000000,0.000000,0.000000,0.000000,57.698101,20.499701,-14.700500,0.047771,-0.013570,0.015998,-15.666301,-52.738201,18.801300,-93.396698,0.129960,17.611099,-0.218520,-0.498375,-0.661659,0.515829,877.380615,1557.586182,-3849.172607,881.582764,1476.489014,-3854.166748,890.177124,1599.476318,-3879.108643,860.194031,1510.804565,-3806.804443,877.568542,1643.575073,-3856.610352,881.800781,1476.676025,-3853.849365,889.742737,1599.350098,-3879.438965,860.055664,1510.695801,-3807.058838,877.907532,1643.624146,-3856.341797,2616.307861,1567.741089,-3159.806152,,,,,,,,,,,,,,,,,,,,,,,,,,,,,,,,,
2131,21.310000,0.000000,0.000000,0.000000,1.000000,0.000000,0.000000,0.000000,57.698101,20.499701,-14.700500,0.047771,-0.013570,0.015998,-15.666301,-52.738201,18.801300,-93.396698,0.129960,17.611099,-0.219819,-0.496403,-0.661704,0.517119,876.267090,1557.633789,-3850.009766,880.403442,1476.544189,-3855.177246,888.934143,1599.573853,-3879.930908,859.269897,1510.780884,-3807.643311,876.460754,1643.636353,-3857.286865,880.571228,1476.705078,-3854.983887,888.629578,1599.431641,-3880.152344,859.174927,1510.833740,-3807.852051,876.685242,1643.552490,-3857.046631,2616.305908,1567.782104,-3159.794434,,,,,,,,,,,,,,,,,,,,,,,,,,,,,,,,,
2132,21.320000,0.000000,0.000000,0.000000,1.000000,0.000000,0.000000,0.000000,57.698101,20.499701,-14.700500,0.047771,-0.013570,0.015998,-15.666301,-52.738201,18.801300,-93.396698,0.129960,17.611099,-0.219914,-0.495295,-0.662017,0.517740,875.279846,1557.717529,-3850.736572,879.400269,1476.637817,-3856.069580,887.898071,1599.714844,-3880.598145,858.352844,1510.783569,-3808.432373,875.468140,1643.734253,-3857.846191,879.462402,1476.785889,-3855.896484,887.751099,1599.564941,-3880.731934,858.348145,1510.907593,-3808.687012,875.557678,1643.614868,-3857.639648,2616.303711,1567.744385,-3159.779785,,,,,,,,,,,,,,,,,,,,,,,,,,,,,,,,,
2133,21.330000,0.000000,0.000000,0.000000,1.000000,0.000000,0.000000,0.000000,57.698101,20.499701,-14.700500,0.047771,-0.013570,0.015998,-15.666301,-52.738201,18.801300,-93.396698,0.129960,17.611099,-0.221187,-0.493185,-0.662639,0.518415,874.383545,1557.807983,-3851.387207,878.323608,1476.733398,-3856.930908,886.956055,1599.852173,-3881.202148,857.545837,1510.805786,-3809.123047,874.708740,1643.840942,-3858.292480,878.337891,1476.727905,-3856.771240,886.884033,1599.756592,-3881.310547,857.579590,1510.940430,-3809.373291,874.736267,1643.819458,-3858.114502,2616.296143,1567.766113,-3159.781006,,,,,,,,,,,,,,,,,,,,,,,,,,,,,,,,,
2134,21.340000,0.000000,0.000000,0.000000,1.000000,0.000000,0.000000,0.000000,57.698101,20.499701,-14.700500,0.047771,-0.013570,0.015998,-15.666301,-52.738201,18.801300,-93.396698,0.129960,17.611099,-0.221434,-0.491598,-0.663486,0.518735,873.410889,1557.898438,-3852.102051,877.226501,1476.834473,-3857.882324,885.985291,1600.009033,-3881.822021,856.588074,1510.800537,-3809.938721,873.843567,1643.949951,-3858.765137,877.280762,1476.755737,-3857.599121,885.812378,1599.917358,-3881.996338,856.599487,1510.879517,-3810.295898,873.954895,1644.046753,-3858.531738,2616.292236,1567.746826,-3159.773438,,,,,,,,,,,,,,,,,,,,,,,,,,,,,,,,,
2135,21.350000,0.000000,0.000000,0.000000,1.000000,0.000000,0.000000,0.000000,57.698101,20.499701,-14.700500,0.047771,-0.013570,0.015998,-15.666301,-52.738201,18.801300,-93.396698,0.129960,17.611099,-0.223290,-0.488816,-0.664130,0.519742,872.385254,1557.961060,-3852.843750,875.971558,1476.905151,-3858.876953,884.880554,1600.126343,-3882.520020,855.705017,1510.783325,-3810.713135,872.983887,1644.030029,-3859.265137,875.978027,1476.701050,-3858.609131,884.795105,1600.109131,-3882.670410,855.746887,1510.877563,-3811.027588,873.028320,1644.149536,-3859.061035,2616.306885,1567.729370,-3159.754395,,,,,,,,,,,,,,,,,,,,,,,,,,,,,,,,,
2136,21.360000,0.000000,0.000000,0.000000,1.000000,0.000000,0.000000,0.000000,57.698101,20.499701,-14.700500,0.047771,-0.013570,0.015998,-15.666301,-52.738201,18.801300,-93.396698,0.129960,17.611099,-0.223298,-0.487716,-0.664584,0.520191,871.358337,1558.015625,-3853.576904,874.905823,1476.971069,-3859.785156,883.828186,1600.238281,-3883.181885,854.718994,1510.755737,-3811.521973,871.980286,1644.097534,-3859.818359,874.780029,1476.673096,-3859.634521,883.923584,1600.326904,-3883.197021,854.845642,1510.873291,-3811.719971,871.877502,1644.156372,-3859.752930,2616.336426,1567.750732,-3159.741699,,,,,,,,,,,,,,,,,,,,,,,,,,,,,,,,,
2137,21.370000,0.000000,0.000000,0.000000,1.000000,0.000000,0.000000,0.000000,57.698101,20.499701,-14.700500,0.047771,-0.013570,0.015998,-15.666301,-52.738201,18.801300,-93.396698,0.129960,17.611099,-0.221594,-0.487731,-0.665633,0.519564,870.356567,1558.037109,-3854.357910,873.904480,1477.007568,-3860.756348,882.936462,1600.330322,-3883.815186,853.564026,1510.676880,-3812.477295,871.021240,1644.134277,-3860.382568,873.644897,1476.600830,-3860.668701,883.191589,1600.537109,-3883.659668,853.774353,1510.779297,-3812.625977,870.804077,1644.192749,-3860.456299,2616.289062,1567.716553,-3159.746826,,,,,,,,,,,,,,,,,,,,,,,,,,,,,,,,,
2138,21.380000,0.000000,0.000000,0.000000,1.000000,0.000000,0.000000,0.000000,57.698101,20.499701,-14.700500,0.047771,-0.013570,0.015998,-15.666301,-52.738201,18.801300,-93.396698,0.129960,17.611099,-0.220801,-0.487976,-0.665611,0.519700,869.335266,1558.020752,-3855.094971,872.978638,1476.998291,-3861.532715,881.903625,1600.343384,-3884.515137,852.545349,1510.619751,-3813.259277,869.913513,1644.121704,-3861.072510,872.703613,1476.621216,-3861.461182,882.185303,1600.549561,-3884.326416,852.769470,1510.718750,-3813.399414,869.675171,1644.166382,-3861.170410,2616.275391,1567.750854,-3159.728760,,,,,,,,,,,,,,,,,,,,,,,,,,,,,,,,,
2139,21.390000,0.000000,0.000000,0.000000,1.000000,0.000000,0.000000,0.000000,57.698101,20.499701,-14.700500,0.047771,-0.013570,0.015998,-15.666301,-52.738201,18.801300,-93.396698,0.129960,17.611099,-0.220628,-0.487733,-0.665564,0.520063,868.239258,1557.932373,-3855.926758,871.928223,1476.916138,-3862.416016,880.770813,1600.280640,-3885.325684,851.494080,1510.495483,-3814.113770,868.763977,1644.037354,-3861.851562,871.697144,1476.580444,-3862.410156,881.037048,1600.430908,-3885.150391,851.678589,1510.598755,-3814.186523,868.534729,1644.095459,-3861.946045,2616.286133,1567.761108,-3159.743896,,,,,,,,,,,,,,,,,,,,,,,,,,,,,,,,,
2140,21.400000,0.000000,0.000000,0.000000,1.000000,0.000000,0.000000,0.000000,57.698101,20.499701,-14.700500,0.047771,-0.013570,0.015998,-15.666301,-52.738201,18.801300,-93.396698,0.129960,17.611099,-0.219191,-0.488189,-0.666085,0.519575,867.336914,1557.908203,-3856.664307,871.079346,1476.901245,-3863.237793,879.941895,1600.296265,-3885.974365,850.482056,1510.415039,-3814.959473,867.844421,1644.020264,-3862.485840,870.900635,1476.621460,-3863.246094,880.162415,1600.417725,-3885.853516,850.617126,1510.478149,-3814.990967,867.656555,1644.096802,-3862.561035,2616.310059,1567.760376,-3159.734863,,,,,,,,,,,,,,,,,,,,,,,,,,,,,,,,,
2141,21.410000,0.000000,0.000000,0.000000,1.000000,0.000000,0.000000,0.000000,57.698101,20.499701,-14.700500,0.047771,-0.013570,0.015998,-15.666301,-52.738201,18.801300,-93.396698,0.129960,17.611099,-0.219173,-0.488205,-0.665655,0.520117,866.343994,1557.832520,-3857.474121,870.178589,1476.828857,-3864.035156,878.878479,1600.230225,-3886.800293,849.574036,1510.327148,-3815.749023,866.744751,1643.943970,-3863.311768,870.105713,1476.636475,-3864.017090,878.963623,1600.246826,-3886.776123,849.647766,1510.428467,-3815.812744,866.653442,1644.006592,-3863.290771,2616.298096,1567.714233,-3159.740723,,,,,,,,,,,,,,,,,,,,,,,,,,,,,,,,,
2142,21.420000,0.000000,0.000000,0.000000,1.000000,0.000000,0.000000,0.000000,57.698101,20.499701,-14.700500,0.047771,-0.013570,0.015998,-15.666301,-52.738201,18.801300,-93.396698,0.129960,17.611099,-0.218087,-0.488572,-0.666037,0.519741,865.426453,1557.777954,-3858.226074,869.302856,1476.781250,-3864.846924,878.016418,1600.204712,-3887.486816,848.573425,1510.231689,-3816.581055,865.813049,1643.894653,-3863.989502,869.237244,1476.664062,-3864.806641,878.080688,1600.209961,-3887.464600,848.649902,1510.332764,-3816.675781,865.739197,1643.906006,-3863.961914,2616.324463,1567.738892,-3159.739014,,,,,,,,,,,,,,,,,,,,,,,,,,,,,,,,,
2143,21.430000,0.000000,0.000000,0.000000,1.000000,0.000000,0.000000,0.000000,57.698101,20.499701,-14.700500,0.047771,-0.013570,0.015998,-15.666301,-52.738201,18.801300,-93.396698,0.129960,17.611099,-0.215938,-0.490103,-0.666232,0.518946,864.581177,1557.775146,-3858.896240,868.614807,1476.784546,-3865.499023,877.262451,1600.221924,-3888.087891,847.578674,1510.201782,-3817.343018,864.868591,1643.892578,-3864.654785,868.635010,1476.825073,-3865.317383,877.140686,1600.163452,-3888.131104,847.607849,1510.255005,-3817.597656,864.944153,1643.864380,-3864.556152,2616.318115,1567.748779,-3159.737061,,,,,,,,,,,,,,,,,,,,,,,,,,,,,,,,,
2144,21.440000,0.000000,0.000000,0.000000,1.000000,0.000000,0.000000,0.000000,57.698101,20.499701,-14.700500,0.047771,-0.013570,0.015998,-15.666301,-52.738201,18.801300,-93.396698,0.129960,17.611099,-0.214302,-0.491366,-0.666259,0.518394,863.706726,1557.739502,-3859.610352,867.879028,1476.753174,-3866.180664,876.447266,1600.198120,-3888.759033,846.602173,1510.150757,-3818.116699,863.898254,1643.856079,-3865.384766,867.979004,1476.924683,-3865.849609,876.148621,1600.075439,-3888.886963,846.585632,1510.150757,-3818.508057,864.107544,1643.815918,-3865.206543,2616.273682,1567.754028,-3159.766846,,,,,,,,,,,,,,,,,,,,,,,,,,,,,,,,,
2145,21.450000,0.000000,0.000000,0.000000,1.000000,0.000000,0.000000,0.000000,57.698101,20.499701,-14.700500,0.047771,-0.013570,0.015998,-15.666301,-52.738201,18.801300,-93.396698,0.129960,17.611099,-0.212883,-0.492328,-0.666014,0.518381,862.991760,1557.770752,-3860.245850,867.347900,1476.792847,-3866.799561,875.726990,1600.253662,-3889.361572,845.868530,1510.149414,-3818.797363,863.023499,1643.887207,-3866.024902,867.546204,1477.063721,-3866.311035,875.229187,1600.108521,-3889.591797,845.790771,1510.068848,-3819.287109,863.388000,1643.857910,-3865.775146,2616.255371,1567.747437,-3159.794189,,,,,,,,,,,,,,,,,,,,,,,,,,,,,,,,,
2146,21.460000,0.000000,0.000000,0.000000,1.000000,0.000000,0.000000,0.000000,57.698101,20.499701,-14.700500,0.047771,-0.013570,0.015998,-15.666301,-52.738201,18.801300,-93.396698,0.129960,17.611099,-0.213161,-0.491781,-0.665427,0.519540,862.197815,1557.817993,-3860.910889,866.671936,1476.849731,-3867.503662,874.795288,1600.332153,-3890.040771,845.249573,1510.153809,-3819.439697,862.074402,1643.936401,-3866.659180,866.943481,1477.153320,-3866.937744,874.186951,1600.159790,-3890.440674,845.112732,1510.019775,-3819.929932,862.525574,1643.954224,-3866.304932,2616.271973,1567.750244,-3159.786865,,,,,,,,,,,,,,,,,,,,,,,,,,,,,,,,,
2147,21.470000,0.000000,0.000000,0.000000,1.000000,0.000000,0.000000,0.000000,57.698101,20.499701,-14.700500,0.047771,-0.013570,0.015998,-15.666301,-52.738201,18.801300,-93.396698,0.129960,17.611099,-0.213512,-0.491369,-0.664911,0.520445,861.478760,1557.950317,-3861.561035,866.038391,1476.987915,-3868.168213,873.965942,1600.481689,-3890.713379,844.671875,1510.262939,-3820.059082,861.238770,1644.068848,-3867.303711,866.290100,1477.253662,-3867.604736,873.400085,1600.402466,-3891.164795,844.525940,1510.078003,-3820.514160,861.679321,1644.082642,-3866.943604,2616.264160,1567.745605,-3159.795166,,,,,,,,,,,,,,,,,,,,,,,,,,,,,,,,,
2148,21.480000,0.000000,0.000000,0.000000,1.000000,0.000000,0.000000,0.000000,57.698101,20.499701,-14.700500,0.047771,-0.013570,0.015998,-15.666301,-52.738201,18.801300,-93.396698,0.129960,17.611099,-0.213606,-0.490654,-0.665533,0.520286,860.816895,1558.136597,-3862.140381,865.271790,1477.177856,-3868.862305,873.344482,1600.692871,-3891.239258,843.968628,1510.412476,-3820.697266,860.682617,1644.263428,-3867.762695,865.479126,1477.364258,-3868.352539,872.836182,1600.695190,-3891.594238,843.840576,1510.178833,-3821.114258,861.089111,1644.316284,-3867.500488,2616.272705,1567.735840,-3159.809814,,,,,,,,,,,,,,,,,,,,,,,,,,,,,,,,,
2149,21.490000,0.000000,0.000000,0.000000,1.000000,0.000000,0.000000,0.000000,57.698101,20.499701,-14.700500,0.047771,-0.013570,0.015998,-15.666301,-52.738201,18.801300,-93.396698,0.129960,17.611099,-0.213452,-0.490621,-0.665588,0.520309,860.175537,1558.341675,-3862.687256,864.640564,1477.385254,-3869.430420,872.703369,1600.907104,-3891.772461,843.325439,1510.604492,-3821.260010,860.032654,1644.469849,-3868.286621,864.851196,1477.535767,-3868.917969,872.171326,1600.877686,-3892.087158,843.205627,1510.386719,-3821.709473,860.451965,1644.569214,-3868.035400,2616.269775,1567.717163,-3159.807129,,,,,,,,,,,,,,,,,,,,,,,,,,,,,,,,,
2150,21.500000,0.000000,0.000000,0.000000,1.000000,0.000000,0.000000,0.000000,57.698101,20.499701,-14.700500,0.047771,-0.013570,0.015998,-15.666301,-52.738201,18.801300,-93.396698,0.129960,17.611099,-0.214024,-0.490381,-0.665438,0.520493,859.525818,1558.533203,-3863.215088,863.961182,1477.573242,-3869.935547,872.028320,1601.085327,-3892.330322,842.715210,1510.814941,-3821.750000,859.398499,1644.659546,-3868.843750,864.159790,1477.737915,-3869.476562,871.525696,1601.027832,-3892.591797,842.599548,1510.577637,-3822.153320,859.798340,1644.790405,-3868.640137,2616.279785,1567.739258,-3159.817383,,,,,,,,,,,,,,,,,,,,,,,,,,,,,,,,,
2151,21.510000,0.000000,0.000000,0.000000,1.000000,0.000000,0.000000,0.000000,57.698101,20.499701,-14.700500,0.047771,-0.013570,0.015998,-15.666301,-52.738201,18.801300,-93.396698,0.129960,17.611099,-0.215801,-0.489304,-0.665141,0.521152,858.904968,1558.736328,-3863.735840,863.229187,1477.769165,-3870.440674,871.326538,1601.263428,-3892.922607,842.222595,1511.052734,-3822.179199,858.841370,1644.860352,-3869.400879,863.414001,1477.909546,-3870.078125,870.880310,1601.161255,-3893.139893,842.115051,1510.875854,-3822.509521,859.191345,1644.997437,-3869.219238,2616.277588,1567.772705,-3159.822998,,,,,,,,,,,,,,,,,,,,,,,,,,,,,,,,,
2152,21.520000,0.000000,0.000000,0.000000,1.000000,0.000000,0.000000,0.000000,57.698101,20.499701,-14.700500,0.047771,-0.013570,0.015998,-15.666301,-52.738201,18.801300,-93.396698,0.129960,17.611099,-0.216077,-0.489667,-0.664943,0.520948,858.304199,1558.940430,-3864.203613,862.614929,1477.965454,-3870.822754,870.737061,1601.434448,-3893.433594,841.608154,1511.303589,-3822.599121,858.256592,1645.058350,-3869.959473,862.795837,1478.148804,-3870.483398,870.320801,1601.306396,-3893.653076,841.501465,1511.135986,-3822.900635,858.582825,1645.170776,-3869.776367,2616.270264,1567.707153,-3159.828613,,,,,,,,,,,,,,,,,,,,,,,,,,,,,,,,,
2153,21.530000,0.000000,0.000000,0.000000,1.000000,0.000000,0.000000,0.000000,57.698101,20.499701,-14.700500,0.047771,-0.013570,0.015998,-15.666301,-52.738201,18.801300,-93.396698,0.129960,17.611099,-0.217074,-0.489565,-0.664618,0.521045,857.580383,1559.087769,-3864.771973,861.835327,1478.102661,-3871.302734,869.987915,1601.540405,-3894.072754,840.927429,1511.509155,-3823.083740,857.570679,1645.198975,-3870.629150,862.006958,1478.287964,-3870.990234,869.615295,1601.383789,-3894.321777,840.828552,1511.397949,-3823.364014,857.855347,1645.279541,-3870.410889,2616.298096,1567.755127,-3159.824707,,,,,,,,,,,,,,,,,,,,,,,,,,,,,,,,,
2154,21.540000,0.000000,0.000000,0.000000,1.000000,0.000000,0.000000,0.000000,57.698101,20.499701,-14.700500,0.047771,-0.013570,0.015998,-15.666301,-52.738201,18.801300,-93.396698,0.129960,17.611099,-0.218496,-0.488795,-0.664604,0.521192,856.814941,1559.212891,-3865.314941,860.928528,1478.218750,-3871.824463,869.203430,1601.634888,-3894.668213,840.208496,1511.676636,-3823.559814,856.919189,1645.321655,-3871.207520,860.989075,1478.289307,-3871.633789,869.019836,1601.535278,-3894.739014,840.199951,1511.683716,-3823.799072,857.045288,1645.342529,-3871.096436,2616.318604,1567.711060,-3159.809326,,,,,,,,,,,,,,,,,,,,,,,,,,,,,,,,,
2155,21.550000,0.000000,0.000000,0.000000,1.000000,0.000000,0.000000,0.000000,57.698101,20.499701,-14.700500,0.047771,-0.013570,0.015998,-15.666301,-52.738201,18.801300,-93.396698,0.129960,17.611099,-0.218929,-0.489002,-0.664626,0.520787,856.127930,1559.366821,-3865.746826,860.169434,1478.363403,-3872.184570,868.555664,1601.751831,-3895.136719,839.477112,1511.882202,-3823.950195,856.309326,1645.470093,-3871.715088,860.080505,1478.356445,-3872.034180,868.568787,1601.757812,-3895.084717,839.598389,1511.935791,-3824.192627,856.274963,1645.425293,-3871.701172,2616.301758,1567.713623,-3159.790039,,,,,,,,,,,,,,,,,,,,,,,,,,,,,,,,,
2156,21.560000,0.000000,0.000000,0.000000,1.000000,0.000000,0.000000,0.000000,57.698101,20.499701,-14.700500,0.047771,-0.013570,0.015998,-15.666301,-52.738201,18.801300,-93.396698,0.129960,17.611099,-0.219532,-0.488903,-0.664742,0.520478,855.442444,1559.500732,-3866.174561,859.386108,1478.489258,-3872.572510,867.903381,1601.855835,-3895.593506,838.759399,1512.057129,-3824.344238,855.720886,1645.600708,-3872.187500,859.175171,1478.368530,-3872.481445,868.092041,1601.957642,-3895.408691,838.975647,1512.146484,-3824.538086,855.545349,1645.537964,-3872.269775,2616.294678,1567.755005,-3159.793213,,,,,,,,,,,,,,,,,,,,,,,,,,,,,,,,,
2157,21.570000,0.000000,0.000000,0.000000,1.000000,0.000000,0.000000,0.000000,57.698101,20.499701,-14.700500,0.047771,-0.013570,0.015998,-15.666301,-52.738201,18.801300,-93.396698,0.129960,17.611099,-0.221153,-0.488914,-0.663985,0.520748,854.648621,1559.631348,-3866.595703,858.539856,1478.603638,-3872.816406,867.047119,1601.912598,-3896.146973,838.059875,1512.292480,-3824.609863,854.947632,1645.717041,-3872.809814,858.357788,1478.377197,-3872.866943,867.278809,1601.936035,-3895.950928,838.276794,1512.654297,-3824.737549,854.704041,1645.591797,-3872.838379,2616.290527,1567.774048,-3159.801270,,,,,,,,,,,,,,,,,,,,,,,,,,,,,,,,,
2158,21.580000,0.000000,0.000000,0.000000,1.000000,0.000000,0.000000,0.000000,57.698101,20.499701,-14.700500,0.047771,-0.013570,0.015998,-15.666301,-52.738201,18.801300,-93.396698,0.129960,17.611099,-0.219327,-0.490312,-0.664662,0.519341,853.685181,1559.544312,-3867.131104,857.597290,1478.516357,-3873.336914,866.254761,1601.826050,-3896.609375,836.855469,1512.204590,-3825.241943,854.033203,1645.630493,-3873.335938,857.403015,1478.245972,-3873.317383,866.464111,1601.923340,-3896.442871,837.047119,1512.394775,-3825.372070,853.833618,1645.608154,-3873.388672,2616.267334,1567.732056,-3159.796143,,,,,,,,,,,,,,,,,,,,,,,,,,,,,,,,,
2159,21.590000,0.000000,0.000000,0.000000,1.000000,0.000000,0.000000,0.000000,57.698101,20.499701,-14.700500,0.047771,-0.013570,0.015998,-15.666301,-52.738201,18.801300,-93.396698,0.129960,17.611099,-0.220165,-0.490183,-0.664325,0.519538,852.818665,1559.447876,-3867.628418,856.699280,1478.413086,-3873.763916,865.352661,1601.698364,-3897.166504,836.042908,1512.152222,-3825.667969,853.179810,1645.528076,-3873.915039,856.481506,1478.106689,-3873.790771,865.624573,1601.816528,-3896.993896,836.223511,1512.292480,-3825.721436,852.940552,1645.557007,-3873.998779,2616.288574,1567.766113,-3159.780273,,,,,,,,,,,,,,,,,,,,,,,,,,,,,,,,,
2160,21.600000,0.000000,0.000000,0.000000,1.000000,0.000000,0.000000,0.000000,57.698101,20.499701,-14.700500,0.047771,-0.013570,0.015998,-15.666301,-52.738201,18.801300,-93.396698,0.129960,17.611099,-0.219324,-0.491489,-0.664066,0.518990,851.902954,1559.335205,-3868.141113,855.877441,1478.295898,-3874.155518,864.482849,1601.557495,-3897.699951,835.050049,1512.080688,-3826.165527,852.201416,1645.407104,-3874.543701,855.684631,1478.004517,-3874.148926,864.714783,1601.700073,-3897.574219,835.201050,1512.165039,-3826.217773,852.003540,1645.452759,-3874.614502,2616.270020,1567.713745,-3159.768799,,,,,,,,,,,,,,,,,,,,,,,,,,,,,,,,,
2161,21.610000,0.000000,0.000000,0.000000,1.000000,0.000000,0.000000,0.000000,57.698101,20.499701,-14.700500,0.047771,-0.013570,0.015998,-15.666301,-52.738201,18.801300,-93.396698,0.129960,17.611099,-0.219027,-0.492232,-0.664038,0.518448,851.021423,1559.216309,-3868.673828,855.000000,1478.171021,-3874.604980,863.654175,1601.409790,-3898.251221,834.094299,1512.002563,-3826.681885,851.337036,1645.281982,-3875.156982,854.906006,1477.909058,-3874.546631,863.758911,1601.520264,-3898.256348,834.168884,1512.062012,-3826.746582,851.243774,1645.346436,-3875.137939,2616.288086,1567.723877,-3159.762939,,,,,,,,,,,,,,,,,,,,,,,,,,,,,,,,,
2162,21.620000,0.000000,0.000000,0.000000,1.000000,0.000000,0.000000,0.000000,57.698101,20.499701,-14.700500,0.047771,-0.013570,0.015998,-15.666301,-52.738201,18.801300,-93.396698,0.129960,17.611099,-0.217809,-0.494253,-0.663416,0.517834,850.148254,1559.135864,-3869.162598,854.305542,1478.085083,-3874.890625,862.820129,1601.285278,-3898.786133,833.141418,1511.986450,-3827.130615,850.325806,1645.187012,-3875.842773,854.333435,1477.938843,-3874.747803,862.748291,1601.355835,-3898.906250,833.130432,1511.993286,-3827.249268,850.381165,1645.248291,-3875.739990,2616.285645,1567.778442,-3159.750977,,,,,,,,,,,,,,,,,,,,,,,,,,,,,,,,,
2163,21.630000,0.000000,0.000000,0.000000,1.000000,0.000000,0.000000,0.000000,57.698101,20.499701,-14.700500,0.047771,-0.013570,0.015998,-15.666301,-52.738201,18.801300,-93.396698,0.129960,17.611099,-0.215448,-0.496946,-0.662514,0.517400,849.361084,1559.080933,-3869.602051,853.865173,1478.034424,-3875.125244,862.046570,1601.214111,-3899.242920,832.286011,1511.958496,-3827.567627,849.246460,1645.117188,-3876.471924,853.998657,1478.033325,-3874.893066,861.782593,1601.214111,-3899.483643,832.197693,1511.903442,-3827.754883,849.458130,1645.176270,-3876.278320,2616.280273,1567.765503,-3159.767090,,,,,,,,,,,,,,,,,,,,,,,,,,,,,,,,,
2164,21.640000,0.000000,0.000000,0.000000,1.000000,0.000000,0.000000,0.000000,57.698101,20.499701,-14.700500,0.047771,-0.013570,0.015998,-15.666301,-52.738201,18.801300,-93.396698,0.129960,17.611099,-0.218083,-0.496359,-0.660536,0.519384,848.651550,1559.127686,-3869.980713,853.264404,1478.072754,-3875.287598,861.055115,1601.192383,-3899.837402,831.953369,1512.103760,-3827.685303,848.333191,1645.142090,-3877.112549,853.497375,1478.070557,-3875.152832,860.692810,1600.996948,-3900.163086,831.798889,1512.268799,-3827.852539,848.587341,1645.146118,-3876.770508,2616.310059,1567.740967,-3159.735352,,,,,,,,,,,,,,,,,,,,,,,,,,,,,,,,,
2165,21.650000,0.000000,0.000000,0.000000,1.000000,0.000000,0.000000,0.000000,57.698101,20.499701,-14.700500,0.047771,-0.013570,0.015998,-15.666301,-52.738201,18.801300,-93.396698,0.129960,17.611099,-0.217033,-0.497830,-0.659985,0.519117,847.932739,1559.108643,-3870.431152,852.715332,1478.054688,-3875.601074,860.344177,1601.151611,-3900.315186,831.199646,1512.117188,-3828.113525,847.471863,1645.111450,-3877.694580,852.947449,1478.113281,-3875.446289,859.970215,1600.957764,-3900.628662,831.048645,1512.263550,-3828.301025,847.738831,1645.070679,-3877.360352,2616.308105,1567.758179,-3159.725586,,,,,,,,,,,,,,,,,,,,,,,,,,,,,,,,,
2166,21.660000,0.000000,0.000000,0.000000,1.000000,0.000000,0.000000,0.000000,57.698101,20.499701,-14.700500,0.047771,-0.013570,0.015998,-15.666301,-52.738201,18.801300,-93.396698,0.129960,17.611099,-0.213335,-0.499972,-0.661003,0.517293,847.114380,1558.930908,-3870.996582,852.038513,1477.888916,-3876.220947,859.756531,1601.025024,-3900.711182,830.039978,1511.867920,-3828.895264,846.622437,1644.942017,-3878.158447,852.262024,1478.100342,-3875.906006,859.318787,1600.899536,-3901.006348,829.906921,1511.804077,-3829.167480,846.960693,1644.922363,-3877.894775,2616.260498,1567.746094,-3159.750244,,,,,,,,,,,,,,,,,,,,,,,,,,,,,,,,,
2167,21.670000,0.000000,0.000000,0.000000,1.000000,0.000000,0.000000,0.000000,57.698101,20.499701,-14.700500,0.047771,-0.013570,0.015998,-15.666301,-52.738201,18.801300,-93.396698,0.129960,17.611099,-0.214205,-0.499392,-0.661006,0.517490,846.562805,1558.874634,-3871.370361,851.407104,1477.828125,-3876.600830,859.183167,1600.956543,-3901.111572,829.530029,1511.828125,-3829.233643,846.130798,1644.885742,-3878.535156,851.632996,1478.082764,-3876.221680,858.716675,1600.808472,-3901.439453,829.403015,1511.734863,-3829.555908,846.486633,1644.880005,-3878.247070,2616.303711,1567.745239,-3159.738037,,,,,,,,,,,,,,,,,,,,,,,,,,,,,,,,,
2168,21.680000,0.000000,0.000000,0.000000,1.000000,0.000000,0.000000,0.000000,57.698101,20.499701,-14.700500,0.047771,-0.013570,0.015998,-15.666301,-52.738201,18.801300,-93.396698,0.129960,17.611099,-0.214472,-0.499010,-0.661128,0.517591,846.052307,1558.830322,-3871.714600,850.858032,1477.784058,-3876.980469,858.666870,1600.918701,-3901.449463,829.033081,1511.774658,-3829.583008,845.651062,1644.844482,-3878.845215,851.033508,1478.031494,-3876.638916,858.274963,1600.782104,-3901.677002,828.944763,1511.692627,-3829.899170,845.947998,1644.826050,-3878.625732,2616.319092,1567.734985,-3159.737549,,,,,,,,,,,,,,,,,,,,,,,,,,,,,,,,,
2169,21.690000,0.000000,0.000000,0.000000,1.000000,0.000000,0.000000,0.000000,57.698101,20.499701,-14.700500,0.047771,-0.013570,0.015998,-15.666301,-52.738201,18.801300,-93.396698,0.129960,17.611099,-0.216341,-0.497299,-0.661426,0.518078,845.487915,1558.755127,-3872.077637,850.085876,1477.702637,-3877.432861,858.060913,1600.839722,-3901.835449,828.556091,1511.702637,-3829.907227,845.248718,1644.776001,-3879.135254,850.248413,1477.866699,-3877.114258,857.684937,1600.672241,-3902.072021,828.474731,1511.642456,-3830.225586,845.523926,1644.832886,-3878.900635,2616.303467,1567.731934,-3159.741455,,,,,,,,,,,,,,,,,,,,,,,,,,,,,,,,,
2170,21.700000,0.000000,0.000000,0.000000,1.000000,0.000000,0.000000,0.000000,57.698101,20.499701,-14.700500,0.047771,-0.013570,0.015998,-15.666301,-52.738201,18.801300,-93.396698,0.129960,17.611099,-0.218095,-0.495633,-0.661776,0.518493,844.803284,1558.609253,-3872.523926,849.193176,1477.551392,-3877.972656,857.343994,1600.692383,-3902.297607,827.945923,1511.556763,-3830.323730,844.729980,1644.636841,-3879.502197,849.319458,1477.633911,-3877.652588,857.032166,1600.536255,-3902.535889,827.891113,1511.512085,-3830.657715,844.955566,1644.747803,-3879.258301,2616.301514,1567.759766,-3159.754395,,,,,,,,,,,,,,,,,,,,,,,,,,,,,,,,,
2171,21.710000,0.000000,0.000000,0.000000,1.000000,0.000000,0.000000,0.000000,57.698101,20.499701,-14.700500,0.047771,-0.013570,0.015998,-15.666301,-52.738201,18.801300,-93.396698,0.129960,17.611099,-0.220833,-0.493182,-0.661857,0.519566,844.076599,1558.422974,-3872.994629,848.228577,1477.359741,-3878.551514,856.505798,1600.503906,-3902.817627,827.408020,1511.371094,-3830.718506,844.163757,1644.457153,-3879.890869,848.290100,1477.297607,-3878.333496,856.338135,1600.382080,-3902.957031,827.406555,1511.440186,-3831.003174,844.270447,1644.574585,-3879.695068,2616.266846,1567.753174,-3159.778076,,,,,,,,,,,,,,,,,,,,,,,,,,,,,,,,,
2172,21.720000,0.000000,0.000000,0.000000,1.000000,0.000000,0.000000,0.000000,57.698101,20.499701,-14.700500,0.047771,-0.013570,0.015998,-15.666301,-52.738201,18.801300,-93.396698,0.129960,17.611099,-0.223370,-0.490984,-0.661869,0.520548,843.371338,1558.258789,-3873.413330,847.309082,1477.190796,-3879.054932,855.695435,1600.334229,-3903.287842,826.879456,1511.212769,-3831.061523,843.601257,1644.297607,-3880.248779,847.256226,1477.023193,-3878.937988,855.729919,1600.287598,-3903.333740,826.960938,1511.347656,-3831.252441,843.538818,1644.382568,-3880.133789,2616.281494,1567.741943,-3159.783203,,,,,,,,,,,,,,,,,,,,,,,,,,,,,,,,,
2173,21.730000,0.000000,0.000000,0.000000,1.000000,0.000000,0.000000,0.000000,57.698101,20.499701,-14.700500,0.047771,-0.013570,0.015998,-15.666301,-52.738201,18.801300,-93.396698,0.129960,17.611099,-0.223189,-0.490674,-0.662323,0.520341,842.560730,1558.061035,-3873.932617,846.442993,1476.995728,-3879.650146,854.924194,1600.156128,-3903.762939,826.021851,1510.986450,-3831.630859,842.853699,1644.106079,-3880.686035,846.231445,1476.762573,-3879.530762,855.132568,1600.224976,-3903.697998,826.229248,1511.127075,-3831.840332,842.651917,1644.121338,-3880.667236,2616.307373,1567.740356,-3159.786377,,,,,,,,,,,,,,,,,,,,,,,,,,,,,,,,,
2174,21.740000,0.000000,0.000000,0.000000,1.000000,0.000000,0.000000,0.000000,57.698101,20.499701,-14.700500,0.047771,-0.013570,0.015998,-15.666301,-52.738201,18.801300,-93.396698,0.129960,17.611099,-0.223689,-0.490268,-0.662398,0.520413,841.675903,1557.827148,-3874.453125,845.498596,1476.760010,-3880.185059,854.033447,1599.917725,-3904.291992,825.153625,1510.758179,-3832.138672,842.017700,1643.872803,-3881.196289,845.337341,1476.542847,-3879.995605,854.146118,1599.964355,-3904.287354,825.321289,1510.840454,-3832.394531,841.894531,1643.941284,-3881.139893,2616.284424,1567.726074,-3159.784180,,,,,,,,,,,,,,,,,,,,,,,,,,,,,,,,,
2175,21.750000,0.000000,0.000000,0.000000,1.000000,0.000000,0.000000,0.000000,57.698101,20.499701,-14.700500,0.047771,-0.013570,0.015998,-15.666301,-52.738201,18.801300,-93.396698,0.129960,17.611099,-0.222354,-0.491148,-0.662636,0.519852,840.772644,1557.592896,-3874.980225,844.672302,1476.529663,-3880.716064,853.199829,1599.698486,-3904.769287,824.142700,1510.503296,-3832.730957,841.075623,1643.640137,-3881.704590,844.489807,1476.334961,-3880.497314,853.324341,1599.782349,-3904.766113,824.322205,1510.545410,-3832.999268,840.951416,1643.686035,-3881.661377,2616.306396,1567.721802,-3159.790771,,,,,,,,,,,,,,,,,,,,,,,,,,,,,,,,,
2176,21.760000,0.000000,0.000000,0.000000,1.000000,0.000000,0.000000,0.000000,57.698101,20.499701,-14.700500,0.047771,-0.013570,0.015998,-15.666301,-52.738201,18.801300,-93.396698,0.129960,17.611099,-0.220685,-0.492696,-0.662473,0.519305,839.905823,1557.359619,-3875.469238,843.973572,1476.299438,-3881.129395,852.385986,1599.465820,-3905.235107,823.178284,1510.270874,-3833.257568,840.085205,1643.402466,-3882.254395,843.945923,1476.249390,-3880.782227,852.292480,1599.481323,-3905.367432,823.242004,1510.210815,-3833.622070,840.149536,1643.482300,-3882.109131,2616.310303,1567.712769,-3159.800537,,,,,,,,,,,,,,,,,,,,,,,,,,,,,,,,,
2177,21.770000,0.000000,0.000000,0.000000,1.000000,0.000000,0.000000,0.000000,57.698101,20.499701,-14.700500,0.047771,-0.013570,0.015998,-15.666301,-52.738201,18.801300,-93.396698,0.129960,17.611099,-0.218859,-0.494481,-0.662146,0.518798,838.932922,1557.074219,-3875.979980,843.209351,1476.017700,-3881.538574,851.455994,1599.178467,-3905.730713,822.116272,1509.990601,-3833.798096,838.950012,1643.110352,-3882.852051,843.283508,1476.143677,-3881.077148,851.178650,1599.121460,-3905.967529,822.105042,1509.842773,-3834.248047,839.162109,1643.185425,-3882.631104,2616.274170,1567.728516,-3159.809570,,,,,,,,,,,,,,,,,,,,,,,,,,,,,,,,,
2178,21.780000,0.000000,0.000000,0.000000,1.000000,0.000000,0.000000,0.000000,57.698101,20.499701,-14.700500,0.047771,-0.013570,0.015998,-15.666301,-52.738201,18.801300,-93.396698,0.129960,17.611099,-0.216690,-0.496120,-0.662271,0.517983,838.034241,1556.828491,-3876.431885,842.474792,1475.778320,-3881.954590,850.649048,1598.949097,-3906.120850,821.066528,1509.723267,-3834.334961,837.946350,1642.863525,-3883.317139,842.628418,1476.023804,-3881.432861,850.242798,1598.846313,-3906.448730,820.991333,1509.506226,-3834.788330,838.264893,1642.945923,-3883.045166,2616.260254,1567.757568,-3159.822021,,,,,,,,,,,,,,,,,,,,,,,,,,,,,,,,,
2179,21.790000,0.000000,0.000000,0.000000,1.000000,0.000000,0.000000,0.000000,57.698101,20.499701,-14.700500,0.047771,-0.013570,0.015998,-15.666301,-52.738201,18.801300,-93.396698,0.129960,17.611099,-0.215786,-0.497312,-0.661759,0.517873,837.135681,1556.581055,-3876.888184,841.734741,1475.532471,-3882.303467,849.743652,1598.688599,-3906.598389,820.154968,1509.495728,-3834.773926,836.909180,1642.607422,-3883.876953,841.901978,1475.867432,-3881.739990,849.296753,1598.569702,-3906.893799,820.081116,1509.254883,-3835.257568,837.255249,1642.657837,-3883.629395,2616.303955,1567.736816,-3159.814209,,,,,,,,,,,,,,,,,,,,,,,,,,,,,,,,,
2180,21.800000,0.000000,0.000000,0.000000,1.000000,0.000000,0.000000,0.000000,57.698101,20.499701,-14.700500,0.047771,-0.013570,0.015998,-15.666301,-52.738201,18.801300,-93.396698,0.129960,17.611099,-0.214749,-0.497860,-0.661965,0.517515,836.334656,1556.378540,-3877.228760,840.993774,1475.334717,-3882.665039,848.989014,1598.505249,-3906.892090,819.280945,1509.266479,-3835.173828,836.074829,1642.407593,-3884.183838,841.235535,1475.676025,-3882.070801,848.400024,1598.322876,-3907.254883,819.157654,1509.016113,-3835.689453,836.524109,1642.513794,-3883.878174,2616.332031,1567.764160,-3159.792725,,,,,,,,,,,,,,,,,,,,,,,,,,,,,,,,,
2181,21.810000,0.000000,0.000000,0.000000,1.000000,0.000000,0.000000,0.000000,57.698101,20.499701,-14.700500,0.047771,-0.013570,0.015998,-15.666301,-52.738201,18.801300,-93.396698,0.129960,17.611099,-0.214797,-0.497525,-0.662429,0.517223,835.669128,1556.236694,-3877.470703,840.242737,1475.192139,-3882.966064,848.370483,1598.371704,-3907.102051,818.562073,1509.112061,-3835.451660,835.501038,1642.271118,-3884.363037,840.467224,1475.468872,-3882.410645,847.807007,1598.204834,-3907.450928,818.443665,1508.865356,-3835.947266,835.936279,1642.410767,-3884.069092,2616.306885,1567.763672,-3159.794434,,,,,,,,,,,,,,,,,,,,,,,,,,,,,,,,,
2182,21.820000,0.000000,0.000000,0.000000,1.000000,0.000000,0.000000,0.000000,57.698101,20.499701,-14.700500,0.047771,-0.013570,0.015998,-15.666301,-52.738201,18.801300,-93.396698,0.129960,17.611099,-0.222059,-0.491945,-0.662176,0.519811,835.113586,1556.207764,-3877.562744,839.105774,1475.141846,-3883.195312,847.527283,1598.290283,-3907.390137,818.489319,1509.152100,-3835.273438,835.331848,1642.247070,-3884.391846,839.222534,1474.988525,-3883.059570,847.316467,1598.150391,-3907.521973,818.450806,1509.399658,-3835.529297,835.455994,1642.308960,-3884.157715,2616.292480,1567.724731,-3159.799316,,,,,,,,,,,,,,,,,,,,,,,,,,,,,,,,,
2183,21.830000,0.000000,0.000000,0.000000,1.000000,0.000000,0.000000,0.000000,57.698101,20.499701,-14.700500,0.047771,-0.013570,0.015998,-15.666301,-52.738201,18.801300,-93.396698,0.129960,17.611099,-0.221940,-0.490517,-0.663717,0.519245,834.185608,1555.852295,-3877.934570,837.944702,1474.794189,-3883.833252,846.717651,1597.996582,-3907.624756,817.429810,1508.706055,-3835.798340,834.650208,1641.912598,-3884.481445,837.838684,1474.508423,-3883.723389,846.783447,1598.047852,-3907.583496,817.559570,1508.881470,-3836.003174,834.562012,1641.952271,-3884.441162,2616.283203,1567.743164,-3159.789795,,,,,,,,,,,,,,,,,,,,,,,,,,,,,,,,,
2184,21.840000,0.000000,0.000000,0.000000,1.000000,0.000000,0.000000,0.000000,57.698101,20.499701,-14.700500,0.047771,-0.013570,0.015998,-15.666301,-52.738201,18.801300,-93.396698,0.129960,17.611099,-0.222715,-0.489410,-0.664366,0.519128,833.056763,1555.407349,-3878.382324,836.636536,1474.349121,-3884.388916,845.623779,1597.562622,-3908.041992,816.277588,1508.243408,-3836.275391,833.688965,1641.474609,-3884.822266,836.408325,1474.023804,-3884.387695,845.894653,1597.709229,-3907.878418,816.461182,1508.360962,-3836.344971,833.456055,1641.513428,-3884.906494,2616.265381,1567.775024,-3159.803467,,,,,,,,,,,,,,,,,,,,,,,,,,,,,,,,,
2185,21.850000,0.000000,0.000000,0.000000,1.000000,0.000000,0.000000,0.000000,57.698101,20.499701,-14.700500,0.047771,-0.013570,0.015998,-15.666301,-52.738201,18.801300,-93.396698,0.129960,17.611099,-0.222575,-0.489515,-0.664263,0.519221,831.846558,1554.965210,-3878.813721,835.460999,1473.908203,-3884.815430,844.400757,1597.124268,-3908.473877,815.080261,1507.796509,-3836.706787,832.444031,1641.032471,-3885.258545,835.282471,1473.633057,-3884.784424,844.596191,1597.196289,-3908.363037,815.243530,1507.931519,-3836.816406,832.259033,1641.082153,-3885.289062,2616.269043,1567.759766,-3159.786133,,,,,,,,,,,,,,,,,,,,,,,,,,,,,,,,,
2186,21.860000,0.000000,0.000000,0.000000,1.000000,0.000000,0.000000,0.000000,57.698101,20.499701,-14.700500,0.047771,-0.013570,0.015998,-15.666301,-52.738201,18.801300,-93.396698,0.129960,17.611099,-0.221511,-0.490835,-0.663834,0.518978,830.677002,1554.561401,-3879.233643,834.450317,1473.503662,-3885.129395,843.241333,1596.707397,-3908.907959,813.874146,1507.412842,-3837.118896,831.142029,1640.621826,-3885.778076,834.366516,1473.314697,-3885.055420,843.297119,1596.734619,-3908.858643,813.970825,1507.504517,-3837.255127,831.072144,1640.680664,-3885.769043,2616.277100,1567.757568,-3159.760742,,,,,,,,,,,,,,,,,,,,,,,,,,,,,,,,,
2187,21.870000,0.000000,0.000000,0.000000,1.000000,0.000000,0.000000,0.000000,57.698101,20.499701,-14.700500,0.047771,-0.013570,0.015998,-15.666301,-52.738201,18.801300,-93.396698,0.129960,17.611099,-0.219729,-0.492913,-0.663178,0.518604,829.553772,1554.177734,-3879.614990,833.585144,1473.121338,-3885.353760,842.134399,1596.308594,-3909.303955,812.691772,1507.053589,-3837.496826,829.803711,1640.227783,-3886.305908,833.681946,1473.103149,-3885.192871,841.945190,1596.227051,-3909.456299,812.639954,1507.064697,-3837.666016,829.944031,1640.315063,-3886.145264,2616.288330,1567.766357,-3159.763672,,,,,,,,,,,,,,,,,,,,,,,,,,,,,,,,,
2188,21.880000,0.000000,0.000000,0.000000,1.000000,0.000000,0.000000,0.000000,57.698101,20.499701,-14.700500,0.047771,-0.013570,0.015998,-15.666301,-52.738201,18.801300,-93.396698,0.129960,17.611099,-0.216403,-0.496636,-0.662038,0.517908,828.617371,1553.873779,-3879.897705,833.115662,1472.822998,-3885.363525,841.231201,1595.983154,-3909.602539,811.642944,1506.784912,-3837.784668,828.479736,1639.904297,-3886.839111,833.337769,1473.066040,-3885.036377,840.803772,1595.819824,-3909.920166,811.508362,1506.680786,-3838.051758,828.808655,1639.934204,-3886.572510,2616.321533,1567.759644,-3159.745117,,,,,,,,,,,,,,,,,,,,,,,,,,,,,,,,,
2189,21.890000,0.000000,0.000000,0.000000,1.000000,0.000000,0.000000,0.000000,57.698101,20.499701,-14.700500,0.047771,-0.013570,0.015998,-15.666301,-52.738201,18.801300,-93.396698,0.129960,17.611099,-0.217907,-0.495745,-0.661857,0.518361,827.812439,1553.573853,-3880.098389,832.203308,1472.516235,-3885.550537,840.369934,1595.658813,-3909.862061,810.931641,1506.518677,-3837.910400,827.744812,1639.601929,-3887.070312,832.505371,1472.803955,-3885.127441,839.767944,1595.426636,-3910.284424,810.752869,1506.390015,-3838.253418,828.196838,1639.674194,-3886.718506,2616.333252,1567.737549,-3159.716553,,,,,,,,,,,,,,,,,,,,,,,,,,,,,,,,,
2190,21.900000,0.000000,0.000000,0.000000,1.000000,0.000000,0.000000,0.000000,57.698101,20.499701,-14.700500,0.047771,-0.013570,0.015998,-15.666301,-52.738201,18.801300,-93.396698,0.129960,17.611099,-0.218690,-0.495612,-0.662028,0.517941,826.982788,1553.304199,-3880.291016,831.242920,1472.236328,-3885.693359,839.585815,1595.349976,-3910.090576,810.057190,1506.302979,-3838.060791,827.045227,1639.327759,-3887.319092,831.282410,1472.439697,-3885.395752,839.403687,1595.291504,-3910.208496,810.062439,1506.218018,-3838.360840,827.183655,1639.283203,-3887.191162,2616.315674,1567.735596,-3159.722168,,,,,,,,,,,,,,,,,,,,,,,,,,,,,,,,,
2191,21.910000,0.000000,0.000000,0.000000,1.000000,0.000000,0.000000,0.000000,57.698101,20.499701,-14.700500,0.047771,-0.013570,0.015998,-15.666301,-52.738201,18.801300,-93.396698,0.129960,17.611099,-0.223030,-0.491977,-0.662714,0.518678,826.079407,1553.047852,-3880.555664,829.828918,1471.964722,-3886.104736,838.622314,1595.062378,-3910.424805,809.309753,1506.085693,-3838.219971,826.556580,1639.079102,-3887.472900,829.748901,1471.905151,-3885.893066,838.633972,1595.027710,-3910.466797,809.419250,1506.114136,-3838.498291,826.521912,1639.145508,-3887.378418,2616.300293,1567.791992,-3159.744385,,,,,,,,,,,,,,,,,,,,,,,,,,,,,,,,,
2192,21.920000,0.000000,0.000000,0.000000,1.000000,0.000000,0.000000,0.000000,57.698101,20.499701,-14.700500,0.047771,-0.013570,0.015998,-15.666301,-52.738201,18.801300,-93.396698,0.129960,17.611099,-0.223113,-0.491999,-0.663290,0.517884,824.929443,1552.691650,-3880.964844,828.544495,1471.602661,-3886.518311,837.573059,1594.687500,-3910.817871,808.038696,1505.754395,-3838.649658,825.561279,1638.722656,-3887.873047,828.314087,1471.446655,-3886.288330,837.730042,1594.794067,-3910.753906,808.259583,1505.744019,-3838.934326,825.417480,1638.761719,-3887.885986,2616.276611,1567.759888,-3159.748779,,,,,,,,,,,,,,,,,,,,,,,,,,,,,,,,,
2193,21.930000,0.000000,0.000000,0.000000,1.000000,0.000000,0.000000,0.000000,57.698101,20.499701,-14.700500,0.047771,-0.013570,0.015998,-15.666301,-52.738201,18.801300,-93.396698,0.129960,17.611099,-0.224387,-0.491176,-0.663602,0.517715,823.649597,1552.290161,-3881.444336,827.076416,1471.193604,-3887.006104,836.317444,1594.258545,-3911.325439,806.751831,1505.389282,-3839.091553,824.452515,1638.319580,-3888.353760,826.888184,1470.946899,-3886.820557,836.431274,1594.345215,-3911.241699,806.939026,1505.430176,-3839.343506,824.335266,1638.406982,-3888.372070,2616.289551,1567.742676,-3159.743408,,,,,,,,,,,,,,,,,,,,,,,,,,,,,,,,,
2194,21.940000,0.000000,0.000000,0.000000,1.000000,0.000000,0.000000,0.000000,57.698101,20.499701,-14.700500,0.047771,-0.013570,0.015998,-15.666301,-52.738201,18.801300,-93.396698,0.129960,17.611099,-0.222511,-0.493772,-0.662946,0.516895,822.491394,1551.938110,-3881.890869,826.160095,1470.836914,-3887.228516,835.220337,1593.864258,-3911.805176,805.474487,1505.099609,-3839.516602,823.110718,1637.951660,-3889.012695,826.135986,1470.789307,-3886.972900,835.127502,1593.874634,-3911.840820,805.540771,1505.085571,-3839.827393,823.169312,1637.994629,-3888.937744,2616.317627,1567.754761,-3159.733398,,,,,,,,,,,,,,,,,,,,,,,,,,,,,,,,,
2195,21.950000,0.000000,0.000000,0.000000,1.000000,0.000000,0.000000,0.000000,57.698101,20.499701,-14.700500,0.047771,-0.013570,0.015998,-15.666301,-52.738201,18.801300,-93.396698,0.129960,17.611099,-0.220270,-0.496673,-0.662223,0.516002,821.265381,1551.578979,-3882.450684,825.216919,1470.475830,-3887.549072,834.061279,1593.465332,-3912.392334,804.115234,1504.800049,-3840.064453,821.668152,1637.575073,-3889.796143,825.400024,1470.711182,-3887.125732,833.621521,1593.379395,-3912.631348,804.018677,1504.628784,-3840.441406,822.009949,1637.607666,-3889.590332,2616.334717,1567.766968,-3159.743896,,,,,,,,,,,,,,,,,,,,,,,,,,,,,,,,,
2196,21.960000,0.000000,0.000000,0.000000,1.000000,0.000000,0.000000,0.000000,57.698101,20.499701,-14.700500,0.047771,-0.013570,0.015998,-15.666301,-52.738201,18.801300,-93.396698,0.129960,17.611099,-0.219528,-0.498141,-0.661444,0.515903,820.097290,1551.338745,-3882.953613,824.226868,1470.233887,-3887.881104,832.874451,1593.191528,-3912.950195,802.947754,1504.609375,-3840.512695,820.339844,1637.320679,-3890.470215,824.506226,1470.614746,-3887.396973,832.301208,1593.006592,-3913.255371,802.808838,1504.467651,-3840.916260,820.770447,1637.305054,-3890.192139,2616.271729,1567.723755,-3159.755615,,,,,,,,,,,,,,,,,,,,,,,,,,,,,,,,,
2197,21.970000,0.000000,0.000000,0.000000,1.000000,0.000000,0.000000,0.000000,57.698101,20.499701,-14.700500,0.047771,-0.013570,0.015998,-15.666301,-52.738201,18.801300,-93.396698,0.129960,17.611099,-0.219846,-0.498825,-0.661146,0.515488,819.062744,1551.213257,-3883.347656,823.174255,1470.098999,-3888.134033,831.867859,1593.011230,-3913.408691,801.877075,1504.560913,-3840.836426,819.331848,1637.182129,-3891.011475,823.342102,1470.451172,-3887.704346,831.471924,1592.912231,-3913.646484,801.799194,1504.421997,-3841.208740,819.640015,1637.106445,-3890.792236,2616.286621,1567.769043,-3159.784912,,,,,,,,,,,,,,,,,,,,,,,,,,,,,,,,,
2198,21.980000,0.000000,0.000000,0.000000,1.000000,0.000000,0.000000,0.000000,57.698101,20.499701,-14.700500,0.047771,-0.013570,0.015998,-15.666301,-52.738201,18.801300,-93.396698,0.129960,17.611099,-0.222983,-0.497247,-0.661037,0.515805,818.035522,1551.160645,-3883.733643,821.850708,1470.028076,-3888.453613,830.793152,1592.882935,-3913.919922,800.957947,1504.612305,-3841.065430,818.540344,1637.119629,-3891.495605,821.817871,1470.204224,-3888.136475,830.693115,1592.880493,-3914.002686,801.028503,1504.561401,-3841.420654,818.611267,1637.012817,-3891.379395,2616.263184,1567.755249,-3159.790039,,,,,,,,,,,,,,,,,,,,,,,,,,,,,,,,,
2199,21.990000,0.000000,0.000000,0.000000,1.000000,0.000000,0.000000,0.000000,57.698101,20.499701,-14.700500,0.047771,-0.013570,0.015998,-15.666301,-52.738201,18.801300,-93.396698,0.129960,17.611099,-0.229634,-0.491451,-0.662209,0.516936,816.857117,1551.083740,-3884.206055,819.874512,1469.932617,-3889.179199,829.521606,1592.767456,-3914.484619,800.021912,1504.580811,-3841.392090,818.010254,1637.054199,-3891.768555,819.810242,1469.770630,-3888.948486,829.517273,1592.727295,-3914.551270,800.130676,1504.692383,-3841.717529,817.979248,1637.148560,-3891.623779,2616.307861,1567.753906,-3159.780762,,,,,,,,,,,,,,,,,,,,,,,,,,,,,,,,,
2200,22.000000,0.000000,0.000000,0.000000,1.000000,0.000000,0.000000,0.000000,57.698101,20.499701,-14.700500,0.047771,-0.013570,0.015998,-15.666301,-52.738201,18.801300,-93.396698,0.129960,17.611099,-0.233394,-0.488556,-0.662784,0.517259,815.701660,1551.085327,-3884.641357,818.257568,1469.922974,-3889.690430,828.339172,1592.723511,-3914.993652,798.969238,1504.641235,-3841.723389,817.240601,1637.053833,-3892.157715,818.103210,1469.543945,-3889.599121,828.492310,1592.700928,-3914.986816,799.131104,1504.863281,-3841.918701,817.059937,1637.209351,-3892.064209,2616.297363,1567.754517,-3159.790283,,,,,,,,,,,,,,,,,,,,,,,,,,,,,,,,,
2201,22.010000,0.000000,0.000000,0.000000,1.000000,0.000000,0.000000,0.000000,57.698101,20.499701,-14.700500,0.047771,-0.013570,0.015998,-15.666301,-52.738201,18.801300,-93.396698,0.129960,17.611099,-0.228828,-0.493237,-0.663020,0.514548,814.409668,1551.094238,-3885.059814,817.260803,1469.927246,-3889.867676,827.344177,1592.692017,-3915.342285,797.222473,1504.710449,-3842.256592,815.811157,1637.047729,-3892.772461,817.078857,1469.689819,-3889.688477,827.496399,1592.809448,-3915.339355,797.391174,1504.790527,-3842.478760,815.669434,1637.067383,-3892.729736,2616.256836,1567.761719,-3159.815430,,,,,,,,,,,,,,,,,,,,,,,,,,,,,,,,,
2202,22.020000,0.000000,0.000000,0.000000,1.000000,0.000000,0.000000,0.000000,57.698101,20.499701,-14.700500,0.047771,-0.013570,0.015998,-15.666301,-52.738201,18.801300,-93.396698,0.129960,17.611099,-0.227000,-0.496878,-0.661425,0.513907,812.913574,1551.048340,-3885.567139,816.138550,1469.872070,-3889.965820,825.855347,1592.555176,-3915.971191,795.663330,1504.797607,-3842.645752,813.997009,1636.969116,-3893.686035,816.219299,1469.947266,-3889.663574,825.640625,1592.478027,-3916.187988,795.639771,1504.796997,-3842.971436,814.151489,1636.971924,-3893.453613,2616.283203,1567.782837,-3159.835938,,,,,,,,,,,,,,,,,,,,,,,,,,,,,,,,,
2203,22.030000,0.000000,0.000000,0.000000,1.000000,0.000000,0.000000,0.000000,57.698101,20.499701,-14.700500,0.047771,-0.013570,0.015998,-15.666301,-52.738201,18.801300,-93.396698,0.129960,17.611099,-0.223626,-0.501229,-0.660420,0.512452,811.326965,1550.983154,-3886.072754,814.954041,1469.805420,-3890.116943,824.386658,1592.427612,-3916.511230,793.855713,1504.824707,-3843.141113,812.111450,1636.875244,-3894.521240,815.180725,1470.139893,-3889.584229,823.883667,1592.290161,-3916.871094,793.739136,1504.638184,-3843.585205,812.495667,1636.893066,-3894.215088,2616.263184,1567.738647,-3159.820312,,,,,,,,,,,,,,,,,,,,,,,,,,,,,,,,,
2204,22.040000,0.000000,0.000000,0.000000,1.000000,0.000000,0.000000,0.000000,57.698101,20.499701,-14.700500,0.047771,-0.013570,0.015998,-15.666301,-52.738201,18.801300,-93.396698,0.129960,17.611099,-0.224043,-0.502184,-0.659137,0.512985,809.841675,1550.982178,-3886.458984,813.630615,1469.801025,-3890.283691,822.796692,1592.369385,-3917.019775,792.493103,1504.906006,-3843.388916,810.446289,1636.852173,-3895.143066,813.863037,1470.209717,-3889.668701,822.265625,1592.234009,-3917.402832,792.368286,1504.598755,-3843.861084,810.869080,1636.930176,-3894.847168,2616.265869,1567.742920,-3159.817627,,,,,,,,,,,,,,,,,,,,,,,,,,,,,,,,,
2205,22.050000,0.000000,0.000000,0.000000,1.000000,0.000000,0.000000,0.000000,57.698101,20.499701,-14.700500,0.047771,-0.013570,0.015998,-15.666301,-52.738201,18.801300,-93.396698,0.129960,17.611099,-0.227917,-0.499962,-0.658415,0.514375,808.244385,1550.957764,-3886.903320,811.811096,1469.763916,-3890.668213,821.015930,1592.280151,-3917.628662,791.182617,1504.971069,-3843.624023,808.967896,1636.816284,-3895.691895,811.919067,1469.971558,-3890.258057,820.707275,1592.178955,-3917.874023,791.132996,1504.773804,-3843.990967,809.210938,1636.909424,-3895.486328,2616.293457,1567.755371,-3159.816650,,,,,,,,,,,,,,,,,,,,,,,,,,,,,,,,,
2206,22.060000,0.000000,0.000000,0.000000,1.000000,0.000000,0.000000,0.000000,57.698101,20.499701,-14.700500,0.047771,-0.013570,0.015998,-15.666301,-52.738201,18.801300,-93.396698,0.129960,17.611099,-0.233079,-0.496106,-0.658819,0.515276,806.938293,1551.053101,-3887.168701,809.961975,1469.841064,-3891.018555,819.610291,1592.315186,-3918.016113,790.091797,1505.145264,-3843.721680,808.088989,1636.910889,-3895.918213,809.811768,1469.647217,-3890.955566,819.790344,1592.352539,-3918.007080,790.229492,1505.264282,-3843.836670,807.917358,1636.940796,-3895.875977,2616.273682,1567.747192,-3159.805908,,,,,,,,,,,,,,,,,,,,,,,,,,,,,,,,,
2207,22.070000,0.000000,0.000000,0.000000,1.000000,0.000000,0.000000,0.000000,57.698101,20.499701,-14.700500,0.047771,-0.013570,0.015998,-15.666301,-52.738201,18.801300,-93.396698,0.129960,17.611099,-0.234059,-0.495640,-0.659081,0.514947,805.525452,1551.222290,-3887.409912,808.390259,1470.003784,-3891.240479,818.234802,1592.451416,-3918.286377,788.649536,1505.359131,-3843.927246,806.827271,1637.075317,-3896.185791,808.166748,1469.652832,-3891.284668,818.525208,1592.544189,-3918.126221,788.842224,1505.576294,-3843.986572,806.564392,1637.092285,-3896.239746,2616.270264,1567.752197,-3159.809326,,,,,,,,,,,,,,,,,,,,,,,,,,,,,,,,,
2208,22.080000,0.000000,0.000000,0.000000,1.000000,0.000000,0.000000,0.000000,57.698101,20.499701,-14.700500,0.047771,-0.013570,0.015998,-15.666301,-52.738201,18.801300,-93.396698,0.129960,17.611099,-0.228911,-0.500290,-0.658811,0.513106,803.901245,1551.346558,-3887.750732,807.232300,1470.136475,-3891.381104,816.808228,1592.581055,-3918.537598,786.684448,1505.480835,-3844.404541,804.879944,1637.188110,-3896.679443,807.130920,1470.054199,-3891.254395,816.826416,1592.686523,-3918.413086,786.814148,1505.537476,-3844.620850,804.843994,1637.116699,-3896.724609,2616.315430,1567.743408,-3159.788330,,,,,,,,,,,,,,,,,,,,,,,,,,,,,,,,,
2209,22.090000,0.000000,0.000000,0.000000,1.000000,0.000000,0.000000,0.000000,57.698101,20.499701,-14.700500,0.047771,-0.013570,0.015998,-15.666301,-52.738201,18.801300,-93.396698,0.129960,17.611099,-0.226965,-0.502376,-0.657916,0.513080,801.865356,1551.285034,-3888.429932,805.519226,1470.082275,-3891.910400,814.749268,1592.517212,-3919.229492,784.634888,1505.426025,-3845.082031,802.557922,1637.114746,-3897.497314,805.670654,1470.232300,-3891.601318,814.366089,1592.399170,-3919.361084,784.569214,1505.358032,-3845.422119,802.838379,1637.148560,-3897.337646,2616.307373,1567.712524,-3159.766357,,,,,,,,,,,,,,,,,,,,,,,,,,,,,,,,,
2210,22.100000,0.000000,0.000000,0.000000,1.000000,0.000000,0.000000,0.000000,57.698101,20.499701,-14.700500,0.047771,-0.013570,0.015998,-15.666301,-52.738201,18.801300,-93.396698,0.129960,17.611099,-0.225454,-0.504004,-0.656759,0.513632,799.963257,1551.282715,-3888.962158,803.964600,1470.090820,-3892.310791,812.754639,1592.522095,-3919.790771,782.812256,1505.417236,-3845.589600,800.321472,1637.100952,-3898.157715,804.256897,1470.411011,-3891.930176,812.162048,1592.244141,-3920.120605,782.650269,1505.301270,-3845.927002,800.749329,1637.170166,-3897.859863,2616.327148,1567.739746,-3159.754883,,,,,,,,,,,,,,,,,,,,,,,,,,,,,,,,,
2211,22.110000,0.000000,0.000000,0.000000,1.000000,0.000000,0.000000,0.000000,57.698101,20.499701,-14.700500,0.047771,-0.013570,0.015998,-15.666301,-52.738201,18.801300,-93.396698,0.129960,17.611099,-0.227381,-0.503033,-0.655946,0.514772,798.325867,1551.351196,-3889.259521,802.306641,1470.155884,-3892.546387,810.963440,1592.558838,-3920.193848,781.391785,1505.530396,-3845.754883,798.641541,1637.160034,-3898.543213,802.303772,1470.318726,-3892.312988,810.843018,1592.504272,-3920.229004,781.432129,1505.454956,-3846.022705,798.726196,1637.137695,-3898.477051,2616.269531,1567.730713,-3159.776611,,,,,,,,,,,,,,,,,,,,,,,,,,,,,,,,,
2212,22.120000,0.000000,0.000000,0.000000,1.000000,0.000000,0.000000,0.000000,57.698101,20.499701,-14.700500,0.047771,-0.013570,0.015998,-15.666301,-52.738201,18.801300,-93.396698,0.129960,17.611099,-0.233753,-0.496885,-0.656965,0.516587,797.049194,1551.616577,-3889.297607,800.335022,1470.404175,-3892.915283,809.514221,1592.829224,-3920.295166,780.453430,1505.781494,-3845.677734,797.893860,1637.451538,-3898.302490,800.119019,1470.069824,-3892.841309,809.739136,1592.834351,-3920.204834,780.687256,1506.062622,-3845.906250,797.654663,1637.498291,-3898.260498,2616.274658,1567.775024,-3159.787598,,,,,,,,,,,,,,,,,,,,,,,,,,,,,,,,,
2213,22.130000,0.000000,0.000000,0.000000,1.000000,0.000000,0.000000,0.000000,57.698101,20.499701,-14.700500,0.047771,-0.013570,0.015998,-15.666301,-52.738201,18.801300,-93.396698,0.129960,17.611099,-0.234220,-0.495792,-0.658013,0.516091,795.538818,1551.606934,-3889.589111,798.601746,1470.392334,-3893.352295,808.091980,1592.840332,-3920.523438,778.852051,1505.740112,-3846.037109,796.609375,1637.454956,-3898.443359,798.417969,1470.045898,-3893.136719,808.219299,1592.909546,-3920.518066,779.020386,1505.788330,-3846.281982,796.472717,1637.634033,-3898.402832,2616.274902,1567.759399,-3159.764648,,,,,,,,,,,,,,,,,,,,,,,,,,,,,,,,,
2214,22.140000,0.000000,0.000000,0.000000,1.000000,0.000000,0.000000,0.000000,57.698101,20.499701,-14.700500,0.047771,-0.013570,0.015998,-15.666301,-52.738201,18.801300,-93.396698,0.129960,17.611099,-0.231691,-0.499639,-0.656096,0.515963,793.842834,1551.545410,-3889.831055,797.426147,1470.335327,-3893.214111,806.346130,1592.718750,-3920.865234,777.151855,1505.768921,-3846.186035,794.447144,1637.358765,-3899.058594,797.546326,1470.348877,-3892.838867,806.056641,1592.620117,-3921.156006,777.103271,1505.753662,-3846.575195,794.659607,1637.456787,-3898.760742,2616.281250,1567.746338,-3159.754395,,,,,,,,,,,,,,,,,,,,,,,,,,,,,,,,,
2215,22.150000,0.000000,0.000000,0.000000,1.000000,0.000000,0.000000,0.000000,57.698101,20.499701,-14.700500,0.047771,-0.013570,0.015998,-15.666301,-52.738201,18.801300,-93.396698,0.129960,17.611099,-0.226867,-0.504028,-0.655855,0.514141,792.013916,1551.516846,-3890.032227,796.021240,1470.318726,-3893.216064,804.712708,1592.691772,-3920.985107,774.990967,1505.742310,-3846.513428,792.330811,1637.315063,-3899.414307,796.303101,1470.623657,-3892.651367,804.103760,1592.536865,-3921.410156,774.838684,1505.570312,-3846.993896,792.790771,1637.353882,-3899.048340,2616.301270,1567.745117,-3159.739990,,,,,,,,,,,,,,,,,,,,,,,,,,,,,,,,,
2216,22.160000,0.000000,0.000000,0.000000,1.000000,0.000000,0.000000,0.000000,57.698101,20.499701,-14.700500,0.047771,-0.013570,0.015998,-15.666301,-52.738201,18.801300,-93.396698,0.129960,17.611099,-0.225385,-0.504919,-0.655981,0.513759,790.286743,1551.542114,-3890.173340,794.407410,1470.350098,-3893.368896,803.035461,1592.742798,-3921.071533,773.178162,1505.732422,-3846.725342,790.525818,1637.343506,-3899.528076,794.638428,1470.687500,-3892.863525,802.477478,1592.670898,-3921.319580,773.061340,1505.523682,-3847.169922,790.958435,1637.314331,-3899.309082,2616.268799,1567.741699,-3159.735840,,,,,,,,,,,,,,,,,,,,,,,,,,,,,,,,,
2217,22.170000,0.000000,0.000000,0.000000,1.000000,0.000000,0.000000,0.000000,57.698101,20.499701,-14.700500,0.047771,-0.013570,0.015998,-15.666301,-52.738201,18.801300,-93.396698,0.129960,17.611099,-0.230849,-0.499252,-0.657093,0.515446,788.600342,1551.567017,-3890.310059,792.104675,1470.360718,-3893.860352,801.198792,1592.793213,-3921.235352,771.788147,1505.714966,-3846.790771,789.309631,1637.399048,-3899.353516,792.035828,1470.262451,-3893.666992,801.193420,1592.902466,-3921.261230,771.874756,1505.750488,-3847.020508,789.300476,1637.349243,-3899.300049,2616.279053,1567.758911,-3159.748291,,,,,,,,,,,,,,,,,,,,,,,,,,,,,,,,,
2218,22.180000,0.000000,0.000000,0.000000,1.000000,0.000000,0.000000,0.000000,57.698101,20.499701,-14.700500,0.047771,-0.013570,0.015998,-15.666301,-52.738201,18.801300,-93.396698,0.129960,17.611099,-0.237121,-0.492684,-0.658590,0.517007,787.340149,1551.852783,-3890.108154,790.071228,1470.635620,-3894.063721,799.809753,1593.104614,-3921.051758,770.816467,1505.956543,-3846.525146,788.663086,1637.714844,-3898.791504,789.848450,1470.223755,-3894.040039,800.049072,1593.223511,-3920.915039,771.014465,1506.170776,-3846.651123,788.440857,1637.752197,-3898.825195,2616.267822,1567.744507,-3159.741699,,,,,,,,,,,,,,,,,,,,,,,,,,,,,,,,,
2219,22.190000,0.000000,0.000000,0.000000,1.000000,0.000000,0.000000,0.000000,57.698101,20.499701,-14.700500,0.047771,-0.013570,0.015998,-15.666301,-52.738201,18.801300,-93.396698,0.129960,17.611099,-0.233642,-0.495205,-0.658642,0.516115,785.563416,1551.812134,-3890.298340,788.602051,1470.604370,-3894.222900,798.142883,1593.103394,-3921.144775,768.843384,1505.863647,-3846.845703,786.665161,1637.677490,-3898.980225,788.578369,1470.556152,-3893.980225,798.086792,1593.072144,-3921.238037,768.910095,1505.921631,-3847.162598,786.687622,1637.703857,-3898.832520,2616.307617,1567.701782,-3159.739746,,,,,,,,,,,,,,,,,,,,,,,,,,,,,,,,,
2220,22.200000,0.000000,0.000000,0.000000,1.000000,0.000000,0.000000,0.000000,57.698101,20.499701,-14.700500,0.047771,-0.013570,0.015998,-15.666301,-52.738201,18.801300,-93.396698,0.129960,17.611099,-0.227558,-0.500833,-0.657823,0.514445,783.653625,1551.740845,-3890.507324,787.342346,1470.547363,-3894.159912,796.396667,1593.040649,-3921.274902,766.614197,1505.787231,-3847.183838,784.261169,1637.588501,-3899.409912,787.581848,1470.908813,-3893.631348,795.890198,1592.852661,-3921.634521,766.497437,1505.636841,-3847.636719,784.638489,1637.598511,-3899.084717,2616.312500,1567.739502,-3159.718994,,,,,,,,,,,,,,,,,,,,,,,,,,,,,,,,,
2221,22.210000,0.000000,0.000000,0.000000,1.000000,0.000000,0.000000,0.000000,57.698101,20.499701,-14.700500,0.047771,-0.013570,0.015998,-15.666301,-52.738201,18.801300,-93.396698,0.129960,17.611099,-0.226196,-0.502449,-0.657005,0.514515,781.796448,1551.786499,-3890.457031,785.742310,1470.599121,-3893.975586,794.506958,1593.078369,-3921.249023,764.765869,1505.846680,-3847.115723,782.170654,1637.622070,-3899.488525,785.999451,1471.009888,-3893.362549,793.921021,1592.940186,-3921.588135,764.638977,1505.594604,-3847.618896,782.619812,1637.647095,-3899.202148,2616.288574,1567.748413,-3159.748535,,,,,,,,,,,,,,,,,,,,,,,,,,,,,,,,,
2222,22.220000,0.000000,0.000000,0.000000,1.000000,0.000000,0.000000,0.000000,57.698101,20.499701,-14.700500,0.047771,-0.013570,0.015998,-15.666301,-52.738201,18.801300,-93.396698,0.129960,17.611099,-0.229791,-0.498420,-0.658347,0.515125,780.301331,1551.971436,-3890.223145,783.726196,1470.773682,-3894.035645,792.987061,1593.286011,-3920.994873,763.379028,1505.994141,-3846.879150,781.112976,1637.832031,-3898.983154,783.619019,1470.694214,-3893.803223,792.987244,1593.353516,-3920.963623,763.508789,1505.960449,-3847.166016,781.097656,1637.858521,-3898.976074,2616.284180,1567.740723,-3159.762207,,,,,,,,,,,,,,,,,,,,,,,,,,,,,,,,,
2223,22.230000,0.000000,0.000000,0.000000,1.000000,0.000000,0.000000,0.000000,57.698101,20.499701,-14.700500,0.047771,-0.013570,0.015998,-15.666301,-52.738201,18.801300,-93.396698,0.129960,17.611099,-0.234606,-0.492808,-0.659756,0.516548,778.713684,1552.121460,-3890.179688,781.521851,1470.919922,-3894.396484,791.290527,1593.486084,-3920.928467,762.030090,1506.066528,-3846.825439,780.012329,1638.013184,-3898.567871,781.235535,1470.513794,-3894.374512,791.622925,1593.625000,-3920.762451,762.272583,1506.272339,-3846.951416,779.717529,1638.041382,-3898.622314,2616.278076,1567.721436,-3159.773438,,,,,,,,,,,,,,,,,,,,,,,,,,,,,,,,,
2224,22.240000,0.000000,0.000000,0.000000,1.000000,0.000000,0.000000,0.000000,57.698101,20.499701,-14.700500,0.047771,-0.013570,0.015998,-15.666301,-52.738201,18.801300,-93.396698,0.129960,17.611099,-0.230854,-0.495365,-0.659965,0.515525,776.866333,1552.205688,-3890.165527,779.981750,1471.015137,-3894.375244,789.572144,1593.619629,-3920.794922,759.959839,1506.085083,-3846.968018,777.951477,1638.103394,-3898.523926,779.898682,1470.939697,-3894.175293,789.592163,1593.630005,-3920.828125,760.063110,1506.104980,-3847.218750,777.915405,1638.142212,-3898.450684,2616.279297,1567.741455,-3159.777588,,,,,,,,,,,,,,,,,,,,,,,,,,,,,,,,,
2225,22.250000,0.000000,0.000000,0.000000,1.000000,0.000000,0.000000,0.000000,57.698101,20.499701,-14.700500,0.047771,-0.013570,0.015998,-15.666301,-52.738201,18.801300,-93.396698,0.129960,17.611099,-0.226535,-0.499245,-0.659158,0.514731,774.465454,1551.976807,-3890.742920,778.097839,1470.798340,-3894.769775,787.238220,1593.409058,-3921.319824,757.392578,1505.835938,-3847.632568,775.132996,1637.864136,-3899.250000,778.390930,1471.158081,-3894.270508,786.626221,1593.104248,-3921.733398,757.238037,1505.690063,-3848.068604,775.569092,1637.955688,-3898.886475,2616.278076,1567.752441,-3159.786377,,,,,,,,,,,,,,,,,,,,,,,,,,,,,,,,,
2226,22.260000,0.000000,0.000000,0.000000,1.000000,0.000000,0.000000,0.000000,57.698101,20.499701,-14.700500,0.047771,-0.013570,0.015998,-15.666301,-52.738201,18.801300,-93.396698,0.129960,17.611099,-0.222906,-0.501549,-0.659291,0.513904,772.627747,1552.090942,-3890.746582,776.571899,1470.927368,-3894.780029,785.503357,1593.581177,-3921.200928,755.367676,1505.871216,-3847.795166,773.068054,1637.983887,-3899.209961,776.759216,1471.284546,-3894.268066,785.043152,1593.433472,-3921.446289,755.291016,1505.698608,-3848.258301,773.413818,1637.984009,-3898.973145,2616.279053,1567.740234,-3159.797119,,,,,,,,,,,,,,,,,,,,,,,,,,,,,,,,,
2227,22.270000,0.000000,0.000000,0.000000,1.000000,0.000000,0.000000,0.000000,57.698101,20.499701,-14.700500,0.047771,-0.013570,0.015998,-15.666301,-52.738201,18.801300,-93.396698,0.129960,17.611099,-0.228423,-0.495631,-0.660481,0.515692,771.133911,1552.341797,-3890.513428,774.444885,1471.170166,-3894.934326,783.856262,1593.867798,-3920.983887,754.176758,1506.065430,-3847.502686,772.057678,1638.264282,-3898.632568,774.374390,1471.060181,-3894.639160,783.776489,1593.914307,-3920.952637,754.292969,1506.023193,-3847.872070,772.101868,1638.343384,-3898.612061,2616.280762,1567.716064,-3159.801025,,,,,,,,,,,,,,,,,,,,,,,,,,,,,,,,,
2228,22.280000,0.000000,0.000000,0.000000,1.000000,0.000000,0.000000,0.000000,57.698101,20.499701,-14.700500,0.047771,-0.013570,0.015998,-15.666301,-52.738201,18.801300,-93.396698,0.129960,17.611099,-0.233038,-0.491757,-0.659878,0.518102,769.294495,1552.348145,-3890.651123,772.342285,1471.172363,-3895.182861,781.732788,1593.868408,-3921.246338,752.769653,1506.077026,-3847.467041,770.333252,1638.275146,-3898.708740,772.181152,1470.945679,-3895.005371,781.834351,1593.947144,-3921.200195,752.932739,1506.136841,-3847.705566,770.227356,1638.336426,-3898.697754,2616.325684,1567.761841,-3159.792480,,,,,,,,,,,,,,,,,,,,,,,,,,,,,,,,,
2229,22.290000,0.000000,0.000000,0.000000,1.000000,0.000000,0.000000,0.000000,57.698101,20.499701,-14.700500,0.047771,-0.013570,0.015998,-15.666301,-52.738201,18.801300,-93.396698,0.129960,17.611099,-0.229523,-0.494151,-0.659190,0.518269,767.174011,1552.136230,-3891.002197,770.698669,1470.977905,-3895.502441,779.586182,1593.721313,-3921.519775,750.617981,1505.779053,-3847.922119,767.793030,1638.066772,-3899.064209,770.732605,1470.976685,-3895.188721,779.415588,1593.689453,-3921.645264,750.631287,1505.706055,-3848.257324,767.920471,1638.165527,-3898.925049,2616.304199,1567.730103,-3159.804688,,,,,,,,,,,,,,,,,,,,,,,,,,,,,,,,,
2230,22.300000,0.000000,0.000000,0.000000,1.000000,0.000000,0.000000,0.000000,57.698101,20.499701,-14.700500,0.047771,-0.013570,0.015998,-15.666301,-52.738201,18.801300,-93.396698,0.129960,17.611099,-0.225266,-0.497739,-0.658698,0.517329,765.113342,1551.912964,-3891.453613,769.098328,1470.768311,-3895.815918,777.618286,1593.524170,-3921.897461,748.363220,1505.523560,-3848.483398,765.373474,1637.835693,-3899.617188,769.381104,1471.137329,-3895.300781,777.038940,1593.340210,-3922.272949,748.200867,1505.288696,-3848.888428,765.825439,1637.914673,-3899.316162,2616.277344,1567.716919,-3159.798584,,,,,,,,,,,,,,,,,,,,,,,,,,,,,,,,,
2231,22.310000,0.000000,0.000000,0.000000,1.000000,0.000000,0.000000,0.000000,57.698101,20.499701,-14.700500,0.047771,-0.013570,0.015998,-15.666301,-52.738201,18.801300,-93.396698,0.129960,17.611099,-0.224461,-0.497681,-0.659595,0.516590,763.421387,1551.918457,-3891.663330,767.324524,1470.776123,-3896.136230,776.038269,1593.560303,-3922.019287,746.527161,1505.485107,-3848.797363,763.795593,1637.852905,-3899.700195,767.434082,1471.011963,-3895.772217,775.765564,1593.527222,-3922.283447,746.463623,1505.325562,-3849.090332,764.018616,1637.824951,-3899.493408,2616.322266,1567.726196,-3159.790527,,,,,,,,,,,,,,,,,,,,,,,,,,,,,,,,,
2232,22.320000,0.000000,0.000000,0.000000,1.000000,0.000000,0.000000,0.000000,57.698101,20.499701,-14.700500,0.047771,-0.013570,0.015998,-15.666301,-52.738201,18.801300,-93.396698,0.129960,17.611099,-0.232147,-0.488567,-0.661775,0.519100,761.700256,1551.973999,-3891.902344,764.635132,1470.830566,-3897.046387,774.123169,1593.706055,-3922.214600,745.212708,1505.402588,-3849.027832,762.829956,1637.957397,-3899.320801,764.569336,1470.490723,-3896.923828,774.148315,1593.754517,-3922.216064,745.300354,1505.558105,-3849.215332,762.779663,1638.051514,-3899.253662,2616.291016,1567.739746,-3159.801025,,,,,,,,,,,,,,,,,,,,,,,,,,,,,,,,,
2233,22.330000,0.000000,0.000000,0.000000,1.000000,0.000000,0.000000,0.000000,57.698101,20.499701,-14.700500,0.047771,-0.013570,0.015998,-15.666301,-52.738201,18.801300,-93.396698,0.129960,17.611099,-0.233262,-0.486665,-0.661773,0.520387,759.696167,1551.880737,-3892.322998,762.584717,1470.746582,-3897.639160,771.987549,1593.668579,-3922.611816,743.398132,1505.229858,-3849.462158,760.814392,1637.878052,-3899.578613,762.378601,1470.423828,-3897.590820,772.178345,1593.797363,-3922.410889,743.616638,1505.479004,-3849.660400,760.626038,1637.823364,-3899.634521,2616.281250,1567.751343,-3159.807129,,,,,,,,,,,,,,,,,,,,,,,,,,,,,,,,,
2234,22.340000,0.000000,0.000000,0.000000,1.000000,0.000000,0.000000,0.000000,57.698101,20.499701,-14.700500,0.047771,-0.013570,0.015998,-15.666301,-52.738201,18.801300,-93.396698,0.129960,17.611099,-0.230019,-0.489625,-0.660852,0.520225,757.556396,1551.729736,-3892.834473,760.910645,1470.604126,-3898.005615,769.841980,1593.536621,-3923.099121,741.200562,1505.057373,-3850.019043,758.272339,1637.720825,-3900.213623,760.941345,1470.707153,-3897.752441,769.666626,1593.485718,-3923.127441,741.232971,1505.086548,-3850.369629,758.389404,1637.651855,-3900.114990,2616.295166,1567.744629,-3159.783936,,,,,,,,,,,,,,,,,,,,,,,,,,,,,,,,,
2235,22.350000,0.000000,0.000000,0.000000,1.000000,0.000000,0.000000,0.000000,57.698101,20.499701,-14.700500,0.047771,-0.013570,0.015998,-15.666301,-52.738201,18.801300,-93.396698,0.129960,17.611099,-0.225031,-0.493490,-0.660574,0.519105,755.609558,1551.632080,-3893.270508,759.466980,1470.522583,-3898.342529,768.016174,1593.485229,-3923.421875,739.014282,1504.899780,-3850.612793,755.940735,1637.620850,-3900.704346,759.689453,1470.914185,-3897.851318,767.519958,1593.327637,-3923.624512,738.917847,1504.744385,-3851.053467,756.313416,1637.591553,-3900.497559,2616.302734,1567.753662,-3159.782959,,,,,,,,,,,,,,,,,,,,,,,,,,,,,,,,,
2236,22.360000,0.000000,0.000000,0.000000,1.000000,0.000000,0.000000,0.000000,57.698101,20.499701,-14.700500,0.047771,-0.013570,0.015998,-15.666301,-52.738201,18.801300,-93.396698,0.129960,17.611099,-0.224068,-0.492614,-0.662414,0.518009,754.060364,1551.653931,-3893.484131,757.702332,1470.552246,-3898.829834,766.652710,1593.576660,-3923.461182,737.237305,1504.820435,-3851.027344,754.649170,1637.666870,-3900.617920,757.807800,1470.691528,-3898.393555,766.296448,1593.520752,-3923.604248,737.200928,1504.590820,-3851.463135,754.930664,1637.800171,-3900.487549,2616.274658,1567.729370,-3159.774902,,,,,,,,,,,,,,,,,,,,,,,,,,,,,,,,,
2237,22.370000,0.000000,0.000000,0.000000,1.000000,0.000000,0.000000,0.000000,57.698101,20.499701,-14.700500,0.047771,-0.013570,0.015998,-15.666301,-52.738201,18.801300,-93.396698,0.129960,17.611099,-0.230071,-0.486926,-0.662927,0.520095,752.457275,1551.594727,-3893.807861,755.507935,1470.487183,-3899.429688,764.840393,1593.522461,-3923.864990,736.008728,1504.747681,-3851.219482,753.471924,1637.621948,-3900.716797,755.394775,1470.197754,-3899.236084,764.900391,1593.617310,-3923.892578,736.101562,1504.689941,-3851.385010,753.414124,1637.838623,-3900.693848,2616.251709,1567.724121,-3159.773926,,,,,,,,,,,,,,,,,,,,,,,,,,,,,,,,,
2238,22.380000,0.000000,0.000000,0.000000,1.000000,0.000000,0.000000,0.000000,57.698101,20.499701,-14.700500,0.047771,-0.013570,0.015998,-15.666301,-52.738201,18.801300,-93.396698,0.129960,17.611099,-0.235466,-0.483234,-0.661355,0.523116,750.439575,1551.344971,-3894.293945,753.301636,1470.228760,-3899.889648,762.435547,1593.230835,-3924.565674,734.555908,1504.555664,-3851.428467,751.465210,1637.364868,-3901.291748,753.193420,1469.926880,-3899.798340,762.572083,1593.225586,-3924.644287,734.659729,1504.716675,-3851.566650,751.316650,1637.492432,-3901.155518,2616.289062,1567.747437,-3159.761230,,,,,,,,,,,,,,,,,,,,,,,,,,,,,,,,,
2239,22.390000,0.000000,0.000000,0.000000,1.000000,0.000000,0.000000,0.000000,57.698101,20.499701,-14.700500,0.047771,-0.013570,0.015998,-15.666301,-52.738201,18.801300,-93.396698,0.129960,17.611099,-0.232413,-0.485900,-0.660800,0.522713,748.366943,1551.212402,-3894.733154,751.612610,1470.103394,-3900.221924,760.395020,1593.117310,-3924.965820,732.384460,1504.400757,-3851.928955,749.075562,1637.228638,-3901.816162,751.747070,1470.176392,-3899.920166,760.118713,1593.036621,-3925.252686,732.307068,1504.368042,-3852.210205,749.286804,1637.266846,-3901.552246,2616.317139,1567.743896,-3159.741943,,,,,,,,,,,,,,,,,,,,,,,,,,,,,,,,,
2240,22.400000,0.000000,0.000000,0.000000,1.000000,0.000000,0.000000,0.000000,57.698101,20.499701,-14.700500,0.047771,-0.013570,0.015998,-15.666301,-52.738201,18.801300,-93.396698,0.129960,17.611099,-0.226214,-0.490498,-0.661124,0.520725,746.384766,1551.174683,-3895.180664,750.133972,1470.082642,-3900.599854,758.649719,1593.136475,-3925.238770,730.001770,1504.287720,-3852.610840,746.753479,1637.192139,-3902.273193,750.296326,1470.398560,-3900.184082,758.287292,1593.112793,-3925.496826,729.910400,1504.132568,-3852.949219,747.049194,1637.086182,-3902.060303,2616.310547,1567.742554,-3159.752197,,,,,,,,,,,,,,,,,,,,,,,,,,,,,,,,,
2241,22.410000,0.000000,0.000000,0.000000,1.000000,0.000000,0.000000,0.000000,57.698101,20.499701,-14.700500,0.047771,-0.013570,0.015998,-15.666301,-52.738201,18.801300,-93.396698,0.129960,17.611099,-0.223286,-0.491061,-0.663366,0.518602,744.794922,1551.258667,-3895.479004,748.422607,1470.178833,-3901.157715,757.370728,1593.301514,-3925.294434,727.996826,1504.254761,-3853.200928,745.389404,1637.299805,-3902.262939,748.629028,1470.428101,-3900.685059,756.876709,1593.307983,-3925.561035,727.865784,1503.978882,-3853.581055,745.791931,1637.330688,-3902.079590,2616.283447,1567.795776,-3159.752441,,,,,,,,,,,,,,,,,,,,,,,,,,,,,,,,,
2242,22.420000,0.000000,0.000000,0.000000,1.000000,0.000000,0.000000,0.000000,57.698101,20.499701,-14.700500,0.047771,-0.013570,0.015998,-15.666301,-52.738201,18.801300,-93.396698,0.129960,17.611099,-0.227639,-0.487051,-0.663419,0.520421,743.041687,1551.244263,-3895.820557,746.301392,1470.161377,-3901.675049,755.424133,1593.290649,-3925.711670,726.564575,1504.231323,-3853.426514,743.876587,1637.293945,-3902.469238,746.210266,1470.055298,-3901.442871,755.422485,1593.372192,-3925.715088,726.676636,1504.236450,-3853.708252,743.863098,1637.298584,-3902.430420,2616.287109,1567.774170,-3159.753906,,,,,,,,,,,,,,,,,,,,,,,,,,,,,,,,,
2243,22.430000,0.000000,0.000000,0.000000,1.000000,0.000000,0.000000,0.000000,57.698101,20.499701,-14.700500,0.047771,-0.013570,0.015998,-15.666301,-52.738201,18.801300,-93.396698,0.129960,17.611099,-0.233853,-0.482166,-0.662033,0.523966,741.001282,1551.078979,-3896.307129,743.985596,1469.991089,-3902.238281,752.951050,1593.107788,-3926.398438,725.164612,1504.088745,-3853.644531,741.903931,1637.128662,-3902.947021,743.814819,1469.729370,-3902.254639,753.171631,1593.074219,-3926.306152,725.351318,1504.386963,-3853.773682,741.675049,1637.139160,-3902.908936,2616.298340,1567.742676,-3159.739502,,,,,,,,,,,,,,,,,,,,,,,,,,,,,,,,,
2244,22.440000,0.000000,0.000000,0.000000,1.000000,0.000000,0.000000,0.000000,57.698101,20.499701,-14.700500,0.047771,-0.013570,0.015998,-15.666301,-52.738201,18.801300,-93.396698,0.129960,17.611099,-0.230246,-0.484996,-0.661938,0.523072,738.818970,1550.803833,-3897.014648,742.155212,1469.724731,-3902.880127,750.869568,1592.862915,-3927.023193,722.792358,1503.774536,-3854.466309,739.458557,1636.853149,-3903.688721,742.099182,1469.659912,-3902.704834,750.857727,1592.825562,-3927.024170,722.884155,1503.827026,-3854.727295,739.443665,1636.906250,-3903.624023,2616.301025,1567.741943,-3159.739990,,,,,,,,,,,,,,,,,,,,,,,,,,,,,,,,,
2245,22.450000,0.000000,0.000000,0.000000,1.000000,0.000000,0.000000,0.000000,57.698101,20.499701,-14.700500,0.047771,-0.013570,0.015998,-15.666301,-52.738201,18.801300,-93.396698,0.129960,17.611099,-0.224020,-0.489991,-0.661993,0.521046,736.938660,1550.626831,-3897.559570,740.818481,1469.562378,-3903.290039,749.216431,1592.724854,-3927.421387,720.519409,1503.548340,-3855.215820,737.200195,1636.672119,-3904.311035,741.017395,1469.766113,-3902.874512,748.757080,1592.605591,-3927.661133,720.410400,1503.386963,-3855.602539,737.553650,1636.751099,-3904.096436,2616.263428,1567.757202,-3159.755859,,,,,,,,,,,,,,,,,,,,,,,,,,,,,,,,,
2246,22.460000,0.000000,0.000000,0.000000,1.000000,0.000000,0.000000,0.000000,57.698101,20.499701,-14.700500,0.047771,-0.013570,0.015998,-15.666301,-52.738201,18.801300,-93.396698,0.129960,17.611099,-0.222610,-0.490540,-0.663346,0.519410,735.482300,1550.623169,-3897.721436,739.230957,1469.558960,-3903.542480,747.980652,1592.736694,-3927.469482,718.774719,1503.520508,-3855.517578,735.942749,1636.676636,-3904.356445,739.371948,1469.719482,-3903.079590,747.605042,1592.708252,-3927.743896,718.692322,1503.266235,-3855.909668,736.250366,1636.795410,-3904.152344,2616.282227,1567.752930,-3159.758057,,,,,,,,,,,,,,,,,,,,,,,,,,,,,,,,,
2247,22.470000,0.000000,0.000000,0.000000,1.000000,0.000000,0.000000,0.000000,57.698101,20.499701,-14.700500,0.047771,-0.013570,0.015998,-15.666301,-52.738201,18.801300,-93.396698,0.129960,17.611099,-0.227322,-0.486766,-0.663249,0.521042,733.872192,1550.596680,-3897.949951,737.224304,1469.522583,-3903.873291,746.188293,1592.682373,-3927.813232,717.474243,1503.529419,-3855.585449,734.601807,1636.652710,-3904.527832,737.159607,1469.408936,-3903.644775,746.174683,1592.773804,-3927.867188,717.551575,1503.517212,-3855.827881,734.603760,1636.672119,-3904.463379,2616.281982,1567.746948,-3159.764648,,,,,,,,,,,,,,,,,,,,,,,,,,,,,,,,,
2248,22.480000,0.000000,0.000000,0.000000,1.000000,0.000000,0.000000,0.000000,57.698101,20.499701,-14.700500,0.047771,-0.013570,0.015998,-15.666301,-52.738201,18.801300,-93.396698,0.129960,17.611099,-0.232518,-0.483219,-0.662306,0.523245,731.807556,1550.341553,-3898.449707,734.857361,1469.254883,-3904.364258,743.845703,1592.374878,-3928.499512,715.838684,1503.345581,-3855.842529,732.688293,1636.391235,-3905.092041,734.703674,1469.053467,-3904.314697,744.018982,1592.472290,-3928.441895,715.996277,1503.555176,-3855.985596,732.515137,1636.291260,-3905.064941,2616.284668,1567.778320,-3159.778320,,,,,,,,,,,,,,,,,,,,,,,,,,,,,,,,,
2249,22.490000,0.000000,0.000000,0.000000,1.000000,0.000000,0.000000,0.000000,57.698101,20.499701,-14.700500,0.047771,-0.013570,0.015998,-15.666301,-52.738201,18.801300,-93.396698,0.129960,17.611099,-0.230325,-0.485553,-0.661480,0.523099,729.695862,1550.075806,-3898.958740,733.089783,1468.991699,-3904.721924,741.724487,1592.105591,-3929.017090,713.691711,1503.088745,-3856.355225,730.277344,1636.117065,-3905.740479,733.147400,1469.076660,-3904.528320,741.570068,1592.035767,-3929.122314,713.685303,1503.168701,-3856.615479,730.382446,1636.028076,-3905.579590,2616.278564,1567.719238,-3159.777832,,,,,,,,,,,,,,,,,,,,,,,,,,,,,,,,,
2250,22.500000,0.000000,0.000000,0.000000,1.000000,0.000000,0.000000,0.000000,57.698101,20.499701,-14.700500,0.047771,-0.013570,0.015998,-15.666301,-52.738201,18.801300,-93.396698,0.129960,17.611099,-0.223551,-0.490609,-0.662556,0.519949,727.782471,1549.911987,-3899.389404,731.571594,1468.840942,-3905.088135,740.192383,1591.985840,-3929.230713,711.192261,1502.866333,-3857.075684,728.173584,1635.954956,-3906.163330,731.699097,1469.137207,-3904.694336,739.872375,1591.922974,-3929.416504,711.134644,1502.725708,-3857.429199,728.426880,1635.891724,-3905.992188,2616.312256,1567.723389,-3159.778809,,,,,,,,,,,,,,,,,,,,,,,,,,,,,,,,,
2251,22.510000,0.000000,0.000000,0.000000,1.000000,0.000000,0.000000,0.000000,57.698101,20.499701,-14.700500,0.047771,-0.013570,0.015998,-15.666301,-52.738201,18.801300,-93.396698,0.129960,17.611099,-0.219532,-0.492388,-0.664815,0.517089,726.413696,1550.015747,-3899.439697,730.152832,1468.955566,-3905.320801,739.209290,1592.154053,-3929.026123,709.294067,1502.877441,-3857.441406,726.998596,1636.076538,-3905.970459,730.339722,1469.261353,-3904.783691,738.721008,1592.100708,-3929.254883,709.192566,1502.552246,-3857.894043,727.393616,1636.160156,-3905.804932,2616.322021,1567.751587,-3159.781494,,,,,,,,,,,,,,,,,,,,,,,,,,,,,,,,,
2252,22.520000,0.000000,0.000000,0.000000,1.000000,0.000000,0.000000,0.000000,57.698101,20.499701,-14.700500,0.047771,-0.013570,0.015998,-15.666301,-52.738201,18.801300,-93.396698,0.129960,17.611099,-0.226135,-0.487073,-0.664238,0.520011,724.624390,1549.880493,-3899.849121,727.906921,1468.810547,-3905.868652,737.086853,1591.992065,-3929.615234,708.032776,1502.775391,-3857.602051,725.470947,1635.944336,-3906.310547,727.840698,1468.702271,-3905.664551,737.063599,1592.021240,-3929.610107,708.132568,1502.815430,-3857.878906,725.468811,1635.974609,-3906.262695,2616.264893,1567.739746,-3159.796875,,,,,,,,,,,,,,,,,,,,,,,,,,,,,,,,,
2253,22.530000,0.000000,0.000000,0.000000,1.000000,0.000000,0.000000,0.000000,57.698101,20.499701,-14.700500,0.047771,-0.013570,0.015998,-15.666301,-52.738201,18.801300,-93.396698,0.129960,17.611099,-0.230200,-0.483946,-0.663524,0.522053,722.485779,1549.564453,-3900.543457,725.546570,1468.489380,-3906.610352,734.701843,1591.656982,-3930.438232,706.268066,1502.484375,-3858.124023,723.426575,1635.627686,-3907.001221,725.377380,1468.271851,-3906.585938,734.887756,1591.703613,-3930.319824,706.447571,1502.702637,-3858.268311,723.239441,1635.586914,-3907.009033,2616.304688,1567.707886,-3159.798828,,,,,,,,,,,,,,,,,,,,,,,,,,,,,,,,,
2254,22.540000,0.000000,0.000000,0.000000,1.000000,0.000000,0.000000,0.000000,57.698101,20.499701,-14.700500,0.047771,-0.013570,0.015998,-15.666301,-52.738201,18.801300,-93.396698,0.129960,17.611099,-0.227827,-0.485141,-0.664160,0.521177,720.264771,1549.214111,-3901.249023,723.442078,1468.148926,-3907.387695,732.603149,1591.351929,-3931.029297,703.860596,1502.070557,-3858.971680,721.153320,1635.285278,-3907.606934,723.432861,1468.041748,-3907.137451,732.511536,1591.322021,-3931.088379,703.925293,1502.151489,-3859.317871,721.201538,1635.344360,-3907.477783,2616.317139,1567.715088,-3159.784912,,,,,,,,,,,,,,,,,,,,,,,,,,,,,,,,,
2255,22.550000,0.000000,0.000000,0.000000,1.000000,0.000000,0.000000,0.000000,57.698101,20.499701,-14.700500,0.047771,-0.013570,0.015998,-15.666301,-52.738201,18.801300,-93.396698,0.129960,17.611099,-0.222238,-0.490135,-0.663978,0.519144,718.596863,1549.128540,-3901.566162,722.282288,1468.069702,-3907.500488,731.148315,1591.274170,-3931.246582,701.824463,1501.979614,-3859.439941,719.132324,1635.191040,-3908.078125,722.527649,1468.309692,-3906.979980,730.589539,1591.102905,-3931.606445,701.691284,1501.808838,-3859.913574,719.551697,1635.293457,-3907.762939,2616.305420,1567.720581,-3159.798096,,,,,,,,,,,,,,,,,,,,,,,,,,,,,,,,,
2256,22.560000,0.000000,0.000000,0.000000,1.000000,0.000000,0.000000,0.000000,57.698101,20.499701,-14.700500,0.047771,-0.013570,0.015998,-15.666301,-52.738201,18.801300,-93.396698,0.129960,17.611099,-0.219938,-0.491710,-0.664798,0.517583,717.142395,1549.156006,-3901.801758,720.869568,1468.099609,-3907.744629,729.887573,1591.313965,-3931.381592,700.094666,1501.989380,-3859.805908,717.717834,1635.221069,-3908.275146,721.061462,1468.366211,-3907.232178,729.437683,1591.238892,-3931.725342,699.981018,1501.735596,-3860.216553,718.081055,1635.297485,-3908.014404,2616.277344,1567.744507,-3159.808838,,,,,,,,,,,,,,,,,,,,,,,,,,,,,,,,,
2257,22.570000,0.000000,0.000000,0.000000,1.000000,0.000000,0.000000,0.000000,57.698101,20.499701,-14.700500,0.047771,-0.013570,0.015998,-15.666301,-52.738201,18.801300,-93.396698,0.129960,17.611099,-0.224979,-0.487188,-0.664900,0.519558,715.598145,1549.136108,-3902.109131,718.886169,1468.074951,-3908.241455,728.136475,1591.290527,-3931.782471,698.900208,1501.970093,-3859.972168,716.469666,1635.209473,-3908.440186,718.851807,1468.036865,-3907.974609,728.077087,1591.321411,-3931.879639,698.961853,1501.951172,-3860.264404,716.506042,1635.228760,-3908.325439,2616.262939,1567.736328,-3159.823975,,,,,,,,,,,,,,,,,,,,,,,,,,,,,,,,,
2258,22.580000,0.000000,0.000000,0.000000,1.000000,0.000000,0.000000,0.000000,57.698101,20.499701,-14.700500,0.047771,-0.013570,0.015998,-15.666301,-52.738201,18.801300,-93.396698,0.129960,17.611099,-0.230438,-0.482771,-0.664445,0.521865,713.610168,1548.949707,-3902.600586,716.504456,1467.881836,-3908.841553,725.881775,1591.081055,-3932.417969,697.338745,1501.812134,-3860.265381,714.715637,1635.024292,-3908.877197,716.275635,1467.628906,-3908.766602,726.133789,1591.142944,-3932.330322,697.559021,1502.000732,-3860.447266,714.475708,1635.022095,-3908.864746,2616.321045,1567.719116,-3159.796631,,,,,,,,,,,,,,,,,,,,,,,,,,,,,,,,,
2259,22.590000,0.000000,0.000000,0.000000,1.000000,0.000000,0.000000,0.000000,57.698101,20.499701,-14.700500,0.047771,-0.013570,0.015998,-15.666301,-52.738201,18.801300,-93.396698,0.129960,17.611099,-0.231972,-0.482349,-0.663057,0.523340,711.570801,1548.786865,-3903.080322,714.577576,1467.713501,-3909.196533,723.633667,1590.888428,-3933.024414,695.573669,1501.693481,-3860.591553,712.498230,1634.852417,-3909.508057,714.543579,1467.700317,-3909.049316,723.605835,1590.796509,-3933.030029,695.661255,1501.838623,-3860.872803,712.485291,1634.835938,-3909.406982,2616.296387,1567.693359,-3159.782715,,,,,,,,,,,,,,,,,,,,,,,,,,,,,,,,,
2260,22.600000,0.000000,0.000000,0.000000,1.000000,0.000000,0.000000,0.000000,57.698101,20.499701,-14.700500,0.047771,-0.013570,0.015998,-15.666301,-52.738201,18.801300,-93.396698,0.129960,17.611099,-0.225871,-0.487693,-0.662871,0.521286,709.682007,1548.736328,-3903.498291,713.255554,1467.671143,-3909.415039,721.964783,1590.854126,-3933.330078,693.299072,1501.626099,-3861.175781,710.208435,1634.794067,-3910.072510,713.392822,1468.027710,-3908.967529,721.624207,1590.732300,-3933.520508,693.250916,1501.512695,-3861.595215,710.466125,1634.720703,-3909.872314,2616.316895,1567.743774,-3159.780762,,,,,,,,,,,,,,,,,,,,,,,,,,,,,,,,,
2261,22.610000,0.000000,0.000000,0.000000,1.000000,0.000000,0.000000,0.000000,57.698101,20.499701,-14.700500,0.047771,-0.013570,0.015998,-15.666301,-52.738201,18.801300,-93.396698,0.129960,17.611099,-0.221663,-0.490336,-0.664685,0.518295,708.219116,1548.828613,-3903.776855,711.819275,1467.769165,-3909.755615,720.884216,1590.978149,-3933.403320,691.300659,1501.672729,-3861.716553,708.872192,1634.894653,-3910.231934,712.074646,1468.136963,-3909.213867,720.333252,1590.902832,-3933.721191,691.151794,1501.396240,-3862.133545,709.313293,1634.915894,-3909.996338,2616.313721,1567.759155,-3159.775635,,,,,,,,,,,,,,,,,,,,,,,,,,,,,,,,,
2262,22.620000,0.000000,0.000000,0.000000,1.000000,0.000000,0.000000,0.000000,57.698101,20.499701,-14.700500,0.047771,-0.013570,0.015998,-15.666301,-52.738201,18.801300,-93.396698,0.129960,17.611099,-0.223575,-0.488186,-0.665590,0.518342,706.630493,1548.786743,-3904.197754,709.903625,1467.725342,-3910.336182,719.320984,1590.942139,-3933.804688,689.722961,1501.618652,-3862.146973,707.574219,1634.861084,-3910.502930,709.950134,1467.704834,-3910.026611,719.119507,1591.045044,-3933.939209,689.703857,1501.468140,-3862.415283,707.741577,1634.921021,-3910.411377,2616.298584,1567.735474,-3159.768555,,,,,,,,,,,,,,,,,,,,,,,,,,,,,,,,,
2263,22.630000,0.000000,0.000000,0.000000,1.000000,0.000000,0.000000,0.000000,57.698101,20.499701,-14.700500,0.047771,-0.013570,0.015998,-15.666301,-52.738201,18.801300,-93.396698,0.129960,17.611099,-0.229525,-0.483949,-0.664111,0.521601,704.823120,1548.642700,-3904.668701,707.848450,1467.572510,-3910.816650,717.110718,1590.760010,-3934.499268,688.510986,1501.526733,-3862.325439,705.822327,1634.712158,-3911.033936,707.688660,1467.369385,-3910.679688,717.243591,1590.853516,-3934.467773,688.671326,1501.641235,-3862.531494,705.691162,1634.697510,-3911.003418,2616.310059,1567.715332,-3159.760254,,,,,,,,,,,,,,,,,,,,,,,,,,,,,,,,,
2264,22.640000,0.000000,0.000000,0.000000,1.000000,0.000000,0.000000,0.000000,57.698101,20.499701,-14.700500,0.047771,-0.013570,0.015998,-15.666301,-52.738201,18.801300,-93.396698,0.129960,17.611099,-0.232606,-0.481695,-0.663197,0.523483,702.787048,1548.347656,-3905.334229,705.713257,1467.274292,-3911.488281,714.838806,1590.450928,-3935.280518,686.816772,1501.250977,-3862.839111,703.779297,1634.414917,-3911.728516,705.626831,1467.045410,-3911.347168,714.891724,1590.424561,-3935.299072,686.929138,1501.394653,-3863.069092,703.697998,1634.522949,-3911.629395,2616.328613,1567.722534,-3159.744873,,,,,,,,,,,,,,,,,,,,,,,,,,,,,,,,,
2265,22.650000,0.000000,0.000000,0.000000,1.000000,0.000000,0.000000,0.000000,57.698101,20.499701,-14.700500,0.047771,-0.013570,0.015998,-15.666301,-52.738201,18.801300,-93.396698,0.129960,17.611099,-0.230248,-0.484004,-0.662690,0.523037,700.878235,1548.113159,-3905.905518,704.105713,1467.041870,-3911.937256,712.963501,1590.217407,-3935.836914,684.818909,1501.018677,-3863.441650,701.624817,1634.174927,-3912.406006,704.140320,1467.034546,-3911.731201,712.854553,1590.104004,-3935.982178,684.824890,1501.043945,-3863.687500,701.693848,1634.270752,-3912.226807,2616.293701,1567.745483,-3159.752930,,,,,,,,,,,,,,,,,,,,,,,,,,,,,,,,,
2266,22.660000,0.000000,0.000000,0.000000,1.000000,0.000000,0.000000,0.000000,57.698101,20.499701,-14.700500,0.047771,-0.013570,0.015998,-15.666301,-52.738201,18.801300,-93.396698,0.129960,17.611099,-0.225042,-0.487588,-0.664482,0.519691,699.253174,1548.045166,-3906.313721,702.600525,1466.980591,-3912.369141,711.761169,1590.180664,-3936.026855,682.589111,1500.906738,-3864.132324,700.061890,1634.112915,-3912.726074,702.753784,1467.154907,-3911.942627,711.406738,1590.086914,-3936.341309,682.496948,1500.709961,-3864.492432,700.347290,1634.230469,-3912.475098,2616.302490,1567.713501,-3159.742188,,,,,,,,,,,,,,,,,,,,,,,,,,,,,,,,,
2267,22.670000,0.000000,0.000000,0.000000,1.000000,0.000000,0.000000,0.000000,57.698101,20.499701,-14.700500,0.047771,-0.013570,0.015998,-15.666301,-52.738201,18.801300,-93.396698,0.129960,17.611099,-0.222335,-0.489717,-0.665062,0.518109,697.812012,1548.109741,-3906.543457,701.277649,1467.047241,-3912.560059,710.508301,1590.251709,-3936.167480,680.869263,1500.963257,-3864.482666,698.592773,1634.177368,-3912.963867,701.537720,1467.420410,-3911.919678,709.921936,1590.181396,-3936.545898,680.720398,1500.648560,-3864.981689,699.060669,1634.223633,-3912.682373,2616.322266,1567.753906,-3159.732178,,,,,,,,,,,,,,,,,,,,,,,,,,,,,,,,,
2268,22.680000,0.000000,0.000000,0.000000,1.000000,0.000000,0.000000,0.000000,57.698101,20.499701,-14.700500,0.047771,-0.013570,0.015998,-15.666301,-52.738201,18.801300,-93.396698,0.129960,17.611099,-0.227400,-0.485699,-0.664632,0.520240,696.158081,1548.104370,-3906.798096,699.262695,1467.034180,-3912.908447,708.609070,1590.221191,-3936.561523,679.607483,1500.989502,-3864.545898,697.152893,1634.172852,-3913.176514,699.194641,1467.022339,-3912.617920,708.569336,1590.346191,-3936.630371,679.696655,1500.981934,-3864.864258,697.175476,1634.065552,-3913.089844,2616.305664,1567.757324,-3159.739258,,,,,,,,,,,,,,,,,,,,,,,,,,,,,,,,,
2269,22.690000,0.000000,0.000000,0.000000,1.000000,0.000000,0.000000,0.000000,57.698101,20.499701,-14.700500,0.047771,-0.013570,0.015998,-15.666301,-52.738201,18.801300,-93.396698,0.129960,17.611099,-0.234630,-0.481200,-0.662210,0.524284,694.139160,1547.920654,-3907.267334,697.031616,1466.834595,-3913.268799,706.061340,1589.961548,-3937.352783,678.353699,1500.912354,-3864.605957,695.109985,1633.974731,-3913.841797,696.984741,1466.773193,-3913.169922,706.077454,1589.891968,-3937.353760,678.459900,1501.181274,-3864.869629,695.050049,1633.883911,-3913.717041,2616.295654,1567.754150,-3159.752441,,,,,,,,,,,,,,,,,,,,,,,,,,,,,,,,,
2270,22.700000,0.000000,0.000000,0.000000,1.000000,0.000000,0.000000,0.000000,57.698101,20.499701,-14.700500,0.047771,-0.013570,0.015998,-15.666301,-52.738201,18.801300,-93.396698,0.129960,17.611099,-0.233063,-0.482676,-0.661943,0.523963,692.065308,1547.700195,-3907.818115,695.147217,1466.615967,-3913.750000,704.015564,1589.744141,-3937.888184,676.214172,1500.689697,-3865.183105,692.884216,1633.751221,-3914.450928,695.074158,1466.605347,-3913.620117,704.045959,1589.692993,-3937.874512,676.334290,1500.858765,-3865.450439,692.821167,1633.671143,-3914.364502,2616.315918,1567.727295,-3159.731201,,,,,,,,,,,,,,,,,,,,,,,,,,,,,,,,,
2271,22.710000,0.000000,0.000000,0.000000,1.000000,0.000000,0.000000,0.000000,57.698101,20.499701,-14.700500,0.047771,-0.013570,0.015998,-15.666301,-52.738201,18.801300,-93.396698,0.129960,17.611099,-0.226486,-0.487805,-0.662439,0.521464,690.313293,1547.599976,-3908.207031,693.891724,1466.528687,-3914.035889,702.558411,1589.685791,-3938.099365,673.982056,1500.535522,-3865.813477,690.820862,1633.650391,-3914.879150,694.021973,1466.707886,-3913.665527,702.231079,1589.600464,-3938.281494,673.927429,1500.455078,-3866.189941,691.068054,1633.644409,-3914.688232,2616.298340,1567.749878,-3159.743896,,,,,,,,,,,,,,,,,,,,,,,,,,,,,,,,,
2272,22.720000,0.000000,0.000000,0.000000,1.000000,0.000000,0.000000,0.000000,57.698101,20.499701,-14.700500,0.047771,-0.013570,0.015998,-15.666301,-52.738201,18.801300,-93.396698,0.129960,17.611099,-0.220994,-0.491117,-0.664424,0.518176,689.108215,1547.718628,-3908.240723,692.808777,1466.659302,-3914.160400,701.776733,1589.862915,-3937.873047,672.170715,1500.571533,-3866.178467,689.676453,1633.781128,-3914.750977,693.024048,1466.840698,-3913.641846,701.253418,1589.810669,-3938.186035,672.034668,1500.261475,-3866.613037,690.104370,1633.959106,-3914.524414,2616.275879,1567.777710,-3159.758789,,,,,,,,,,,,,,,,,,,,,,,,,,,,,,,,,
2273,22.730000,0.000000,0.000000,0.000000,1.000000,0.000000,0.000000,0.000000,57.698101,20.499701,-14.700500,0.047771,-0.013570,0.015998,-15.666301,-52.738201,18.801300,-93.396698,0.129960,17.611099,-0.223327,-0.488825,-0.664386,0.519391,687.552979,1547.635498,-3908.575195,691.079773,1466.577026,-3914.610596,700.092896,1589.792480,-3938.244385,670.819031,1500.468750,-3866.453613,688.220154,1633.704346,-3914.992676,691.060303,1466.588257,-3914.191162,699.946655,1589.861084,-3938.376953,670.861084,1500.222168,-3866.833008,688.347046,1633.834106,-3914.900146,2616.273926,1567.763916,-3159.774170,,,,,,,,,,,,,,,,,,,,,,,,,,,,,,,,,
2274,22.740000,0.000000,0.000000,0.000000,1.000000,0.000000,0.000000,0.000000,57.698101,20.499701,-14.700500,0.047771,-0.013570,0.015998,-15.666301,-52.738201,18.801300,-93.396698,0.129960,17.611099,-0.230797,-0.483743,-0.662224,0.523627,685.736938,1547.419434,-3909.117676,689.003845,1466.347778,-3915.122314,697.742615,1589.518921,-3939.087891,669.782654,1500.332397,-3866.605957,686.418640,1633.479004,-3915.654541,688.889648,1466.187622,-3915.032715,697.867126,1589.535767,-3939.113037,669.895447,1500.438354,-3866.744629,686.291809,1633.511963,-3915.582520,2616.284668,1567.717651,-3159.760742,,,,,,,,,,,,,,,,,,,,,,,,,,,,,,,,,
2275,22.750000,0.000000,0.000000,0.000000,1.000000,0.000000,0.000000,0.000000,57.698101,20.499701,-14.700500,0.047771,-0.013570,0.015998,-15.666301,-52.738201,18.801300,-93.396698,0.129960,17.611099,-0.234337,-0.480361,-0.662183,0.525218,683.750122,1547.152222,-3909.778564,686.727661,1466.080566,-3915.932617,695.581604,1589.261719,-3939.803711,668.078857,1500.047485,-3867.181396,684.612427,1633.218994,-3916.196533,686.611572,1465.847290,-3915.940918,695.777344,1589.243286,-3939.846680,668.189087,1500.271729,-3867.241699,684.417603,1633.246216,-3916.086182,2616.305176,1567.721069,-3159.749512,,,,,,,,,,,,,,,,,,,,,,,,,,,,,,,,,
2276,22.760000,0.000000,0.000000,0.000000,1.000000,0.000000,0.000000,0.000000,57.698101,20.499701,-14.700500,0.047771,-0.013570,0.015998,-15.666301,-52.738201,18.801300,-93.396698,0.129960,17.611099,-0.231725,-0.482949,-0.661571,0.524774,682.009155,1547.047241,-3910.221924,685.331238,1465.978516,-3916.235840,693.871277,1589.157227,-3940.234375,666.246643,1499.946289,-3867.654053,682.587463,1633.107300,-3916.762939,685.478760,1466.083130,-3916.015869,693.599304,1589.042480,-3940.472412,666.162720,1500.001099,-3867.890869,682.788147,1633.054565,-3916.509521,2616.317871,1567.676514,-3159.758789,,,,,,,,,,,,,,,,,,,,,,,,,,,,,,,,,
2277,22.770000,0.000000,0.000000,0.000000,1.000000,0.000000,0.000000,0.000000,57.698101,20.499701,-14.700500,0.047771,-0.013570,0.015998,-15.666301,-52.738201,18.801300,-93.396698,0.129960,17.611099,-0.225162,-0.486761,-0.664055,0.520957,680.513977,1547.088013,-3910.505859,683.979004,1466.035889,-3916.661133,692.880310,1589.277222,-3940.201660,664.030212,1499.875000,-3868.337158,681.166321,1633.164307,-3916.822998,684.108826,1466.194946,-3916.224854,692.537842,1589.267822,-3940.438232,663.961975,1499.694580,-3868.728027,681.440857,1633.196289,-3916.628418,2616.317871,1567.748657,-3159.775635,,,,,,,,,,,,,,,,,,,,,,,,,,,,,,,,,
2278,22.780000,0.000000,0.000000,0.000000,1.000000,0.000000,0.000000,0.000000,57.698101,20.499701,-14.700500,0.047771,-0.013570,0.015998,-15.666301,-52.738201,18.801300,-93.396698,0.129960,17.611099,-0.221302,-0.489188,-0.665275,0.518778,679.145386,1547.177002,-3910.747559,682.729858,1466.133423,-3916.947754,691.788574,1589.404541,-3940.271973,662.259705,1499.910278,-3868.798828,679.803345,1633.259888,-3916.971436,682.960327,1466.415161,-3916.379883,691.244141,1589.359131,-3940.603760,662.118469,1499.588135,-3869.255371,680.244629,1633.357056,-3916.734619,2616.300049,1567.744141,-3159.801270,,,,,,,,,,,,,,,,,,,,,,,,,,,,,,,,,
2279,22.790000,0.000000,0.000000,0.000000,1.000000,0.000000,0.000000,0.000000,57.698101,20.499701,-14.700500,0.047771,-0.013570,0.015998,-15.666301,-52.738201,18.801300,-93.396698,0.129960,17.611099,-0.222690,-0.488038,-0.665053,0.519550,677.619263,1547.182739,-3911.127930,681.130188,1466.138306,-3917.359619,690.173096,1589.408936,-3940.692383,660.868225,1499.917114,-3869.124023,678.305481,1633.266602,-3917.335938,681.115845,1466.210815,-3916.976807,690.002686,1589.492432,-3940.749756,660.920349,1499.751343,-3869.514404,678.438049,1633.261230,-3917.281494,2616.265869,1567.714844,-3159.809814,,,,,,,,,,,,,,,,,,,,,,,,,,,,,,,,,
2280,22.800000,0.000000,0.000000,0.000000,1.000000,0.000000,0.000000,0.000000,57.698101,20.499701,-14.700500,0.047771,-0.013570,0.015998,-15.666301,-52.738201,18.801300,-93.396698,0.129960,17.611099,-0.229509,-0.483572,-0.662565,0.523919,675.920105,1547.094238,-3911.593750,679.292480,1466.038940,-3917.759033,687.917358,1589.269043,-3941.461182,659.962646,1499.901367,-3869.200439,676.507874,1633.167725,-3917.953857,679.164307,1465.982788,-3917.659668,688.003174,1589.254395,-3941.351318,660.139526,1500.090942,-3869.458984,676.396057,1633.077759,-3917.943115,2616.301758,1567.716309,-3159.800293,,,,,,,,,,,,,,,,,,,,,,,,,,,,,,,,,
2281,22.810000,0.000000,0.000000,0.000000,1.000000,0.000000,0.000000,0.000000,57.698101,20.499701,-14.700500,0.047771,-0.013570,0.015998,-15.666301,-52.738201,18.801300,-93.396698,0.129960,17.611099,-0.233037,-0.480456,-0.661894,0.526073,674.116028,1547.016968,-3912.073975,677.320129,1465.962280,-3918.336182,685.858398,1589.199707,-3942.031494,658.536621,1499.811646,-3869.554443,674.748901,1633.094604,-3918.374023,677.223633,1465.871582,-3918.230713,685.909607,1589.103760,-3941.938477,658.697998,1500.038574,-3869.850342,674.661621,1633.091675,-3918.326904,2616.301514,1567.717529,-3159.797119,,,,,,,,,,,,,,,,,,,,,,,,,,,,,,,,,
2282,22.820000,0.000000,0.000000,0.000000,1.000000,0.000000,0.000000,0.000000,57.698101,20.499701,-14.700500,0.047771,-0.013570,0.015998,-15.666301,-52.738201,18.801300,-93.396698,0.129960,17.611099,-0.232245,-0.480742,-0.661935,0.526110,672.314758,1546.975586,-3912.568359,675.600159,1465.927002,-3918.867432,684.059082,1589.184204,-3942.488525,656.721130,1499.734497,-3870.093506,672.878601,1633.057007,-3918.823730,675.556274,1465.851440,-3918.707031,684.017700,1589.077148,-3942.433838,656.832336,1499.886719,-3870.426270,672.870483,1633.108032,-3918.759766,2616.307617,1567.775757,-3159.807129,,,,,,,,,,,,,,,,,,,,,,,,,,,,,,,,,
2283,22.830000,0.000000,0.000000,0.000000,1.000000,0.000000,0.000000,0.000000,57.698101,20.499701,-14.700500,0.047771,-0.013570,0.015998,-15.666301,-52.738201,18.801300,-93.396698,0.129960,17.611099,-0.225998,-0.485317,-0.663291,0.522913,670.971436,1547.055176,-3912.893555,674.562744,1466.017090,-3919.162109,683.111816,1589.303223,-3942.599121,654.783997,1499.760620,-3870.701660,671.427124,1633.139893,-3919.111572,674.709290,1466.103027,-3918.708740,682.706482,1589.194092,-3942.781494,654.728149,1499.626099,-3871.186523,671.733337,1633.288940,-3918.911865,2616.310059,1567.741211,-3159.815430,,,,,,,,,,,,,,,,,,,,,,,,,,,,,,,,,
2284,22.840000,0.000000,0.000000,0.000000,1.000000,0.000000,0.000000,0.000000,57.698101,20.499701,-14.700500,0.047771,-0.013570,0.015998,-15.666301,-52.738201,18.801300,-93.396698,0.129960,17.611099,-0.222324,-0.488001,-0.664230,0.520792,669.586914,1547.129028,-3913.301758,673.321472,1466.096191,-3919.551758,681.987000,1589.396118,-3942.872559,653.018066,1499.808594,-3871.287109,670.020996,1633.215698,-3919.494873,673.505981,1466.326416,-3918.984863,681.499268,1589.346191,-3943.150391,652.914124,1499.478882,-3871.779053,670.417908,1633.360107,-3919.287354,2616.301270,1567.726196,-3159.788574,,,,,,,,,,,,,,,,,,,,,,,,,,,,,,,,,
2285,22.850000,0.000000,0.000000,0.000000,1.000000,0.000000,0.000000,0.000000,57.698101,20.499701,-14.700500,0.047771,-0.013570,0.015998,-15.666301,-52.738201,18.801300,-93.396698,0.129960,17.611099,-0.220233,-0.489302,-0.664719,0.519836,668.256775,1547.248291,-3913.634766,672.092590,1466.221680,-3919.905762,680.777283,1589.540649,-3943.118652,651.506042,1499.892578,-3871.731934,668.651062,1633.338257,-3919.782715,672.239929,1466.510254,-3919.301758,680.330872,1589.582031,-3943.381836,651.419800,1499.487915,-3872.228760,669.021606,1633.404175,-3919.618896,2616.296143,1567.722534,-3159.798096,,,,,,,,,,,,,,,,,,,,,,,,,,,,,,,,,
2286,22.860000,0.000000,0.000000,0.000000,1.000000,0.000000,0.000000,0.000000,57.698101,20.499701,-14.700500,0.047771,-0.013570,0.015998,-15.666301,-52.738201,18.801300,-93.396698,0.129960,17.611099,-0.224106,-0.486999,-0.663047,0.522473,666.731506,1547.268799,-3914.104492,670.535217,1466.234863,-3920.300293,678.912292,1589.524048,-3943.783203,650.458008,1499.966431,-3871.954102,667.020630,1633.349976,-3920.379883,670.490234,1466.373535,-3919.927490,678.801941,1589.625000,-3943.862549,650.528687,1499.850464,-3872.328613,667.109253,1633.229736,-3920.300293,2616.326416,1567.716919,-3159.772461,,,,,,,,,,,,,,,,,,,,,,,,,,,,,,,,,
2287,22.870000,0.000000,0.000000,0.000000,1.000000,0.000000,0.000000,0.000000,57.698101,20.499701,-14.700500,0.047771,-0.013570,0.015998,-15.666301,-52.738201,18.801300,-93.396698,0.129960,17.611099,-0.232306,-0.481079,-0.661121,0.526797,665.028076,1547.248657,-3914.660889,668.459778,1466.200195,-3920.883545,676.670776,1589.449707,-3944.631104,649.555115,1500.019897,-3872.128418,665.426697,1633.324707,-3921.000488,668.428223,1466.208740,-3920.669678,676.646240,1589.409424,-3944.745117,649.629883,1500.166138,-3872.445312,665.417236,1633.227905,-3920.809082,2616.301758,1567.695923,-3159.772461,,,,,,,,,,,,,,,,,,,,,,,,,,,,,,,,,
2288,22.880000,0.000000,0.000000,0.000000,1.000000,0.000000,0.000000,0.000000,57.698101,20.499701,-14.700500,0.047771,-0.013570,0.015998,-15.666301,-52.738201,18.801300,-93.396698,0.129960,17.611099,-0.236874,-0.478014,-0.659465,0.529622,663.284546,1547.230225,-3915.299072,666.609619,1466.174194,-3921.480469,674.558044,1589.396240,-3945.459717,648.339600,1500.051270,-3872.523193,663.630798,1633.299561,-3921.733154,666.594788,1466.177856,-3921.348389,674.555481,1589.269409,-3945.576904,648.399963,1500.276489,-3872.782959,663.593872,1633.220581,-3921.513916,2616.296875,1567.750854,-3159.766357,,,,,,,,,,,,,,,,,,,,,,,,,,,,,,,,,
2289,22.890000,0.000000,0.000000,0.000000,1.000000,0.000000,0.000000,0.000000,57.698101,20.499701,-14.700500,0.047771,-0.013570,0.015998,-15.666301,-52.738201,18.801300,-93.396698,0.129960,17.611099,-0.236438,-0.478010,-0.659818,0.529381,661.697388,1547.246704,-3915.900879,665.006104,1466.194092,-3922.135010,673.011658,1589.430420,-3946.020996,646.698120,1500.042236,-3873.172363,662.073608,1633.320312,-3922.275146,664.992981,1466.192871,-3921.970215,673.003906,1589.341064,-3946.174561,646.745117,1500.196533,-3873.420410,662.050903,1633.267822,-3922.053955,2616.321045,1567.721558,-3159.760986,,,,,,,,,,,,,,,,,,,,,,,,,,,,,,,,,
2290,22.900000,0.000000,0.000000,0.000000,1.000000,0.000000,0.000000,0.000000,57.698101,20.499701,-14.700500,0.047771,-0.013570,0.015998,-15.666301,-52.738201,18.801300,-93.396698,0.129960,17.611099,-0.234223,-0.478690,-0.661503,0.527645,660.274658,1547.320068,-3916.385498,663.489258,1466.276123,-3922.781006,671.841309,1589.552246,-3946.341553,644.937988,1500.044922,-3873.855225,660.830078,1633.406982,-3922.563965,663.616150,1466.256592,-3922.546875,671.598511,1589.458618,-3946.584717,644.864990,1500.057983,-3874.090576,661.013550,1633.505493,-3922.321045,2616.304443,1567.728271,-3159.746094,,,,,,,,,,,,,,,,,,,,,,,,,,,,,,,,,
2291,22.910000,0.000000,0.000000,0.000000,1.000000,0.000000,0.000000,0.000000,57.698101,20.499701,-14.700500,0.047771,-0.013570,0.015998,-15.666301,-52.738201,18.801300,-93.396698,0.129960,17.611099,-0.225077,-0.485045,-0.663779,0.522942,659.272949,1547.537231,-3916.632324,662.895630,1466.511841,-3923.043457,671.434204,1589.842529,-3946.247559,643.052124,1500.161499,-3874.544434,659.709839,1633.633179,-3922.693848,663.047668,1466.621582,-3922.631104,671.067749,1589.865601,-3946.496094,642.949341,1499.907227,-3874.879150,660.017639,1633.747803,-3922.526123,2616.281982,1567.745605,-3159.744141,,,,,,,,,,,,,,,,,,,,,,,,,,,,,,,,,
2292,22.920000,0.000000,0.000000,0.000000,1.000000,0.000000,0.000000,0.000000,57.698101,20.499701,-14.700500,0.047771,-0.013570,0.015998,-15.666301,-52.738201,18.801300,-93.396698,0.129960,17.611099,-0.223512,-0.485712,-0.664300,0.522333,657.921997,1547.594849,-3917.097412,661.605591,1466.577515,-3923.574951,670.169983,1589.935059,-3946.627197,641.571838,1500.170410,-3875.114502,658.340393,1633.696899,-3923.072754,661.715698,1466.683716,-3923.154785,669.872375,1589.934692,-3946.906982,641.503418,1499.942383,-3875.458740,658.588379,1633.813477,-3922.870605,2616.277832,1567.749146,-3159.748047,,,,,,,,,,,,,,,,,,,,,,,,,,,,,,,,,
2293,22.930000,0.000000,0.000000,0.000000,1.000000,0.000000,0.000000,0.000000,57.698101,20.499701,-14.700500,0.047771,-0.013570,0.015998,-15.666301,-52.738201,18.801300,-93.396698,0.129960,17.611099,-0.225525,-0.484278,-0.663427,0.523907,656.451355,1547.638916,-3917.647949,660.128479,1466.620850,-3924.120117,668.502014,1589.973877,-3947.266113,640.376587,1500.222046,-3875.550049,656.798279,1633.739136,-3923.655029,660.193970,1466.753662,-3923.718750,668.263977,1589.963989,-3947.466797,640.345459,1499.973022,-3875.893799,656.998657,1633.853516,-3923.512207,2616.280029,1567.758423,-3159.756348,,,,,,,,,,,,,,,,,,,,,,,,,,,,,,,,,
2294,22.940000,0.000000,0.000000,0.000000,1.000000,0.000000,0.000000,0.000000,57.698101,20.499701,-14.700500,0.047771,-0.013570,0.015998,-15.666301,-52.738201,18.801300,-93.396698,0.129960,17.611099,-0.230659,-0.480562,-0.661830,0.527104,655.011108,1547.714844,-3918.139404,658.534729,1466.690552,-3924.619141,666.661255,1590.024658,-3947.953125,639.514832,1500.333008,-3875.786133,655.333618,1633.811523,-3924.199219,658.544617,1466.792969,-3924.309326,666.563049,1589.981079,-3948.169434,639.528687,1500.260010,-3876.075439,655.407166,1633.827515,-3924.002930,2616.252930,1567.752075,-3159.752686,,,,,,,,,,,,,,,,,,,,,,,,,,,,,,,,,
2295,22.950000,0.000000,0.000000,0.000000,1.000000,0.000000,0.000000,0.000000,57.698101,20.499701,-14.700500,0.047771,-0.013570,0.015998,-15.666301,-52.738201,18.801300,-93.396698,0.129960,17.611099,-0.238049,-0.474977,-0.660187,0.530926,653.404907,1547.692505,-3918.789062,656.563660,1466.657104,-3925.318604,664.575500,1589.963135,-3948.841309,638.626343,1500.363525,-3876.121582,653.854004,1633.786621,-3924.875000,656.622559,1466.699951,-3925.150635,664.454956,1589.818359,-3949.033691,638.614624,1500.525757,-3876.373047,653.921875,1633.723999,-3924.615967,2616.290771,1567.748291,-3159.753418,,,,,,,,,,,,,,,,,,,,,,,,,,,,,,,,,
2296,22.960000,0.000000,0.000000,0.000000,1.000000,0.000000,0.000000,0.000000,57.698101,20.499701,-14.700500,0.047771,-0.013570,0.015998,-15.666301,-52.738201,18.801300,-93.396698,0.129960,17.611099,-0.241426,-0.471620,-0.659738,0.532948,651.888489,1547.734253,-3919.359863,654.845703,1466.702881,-3926.032471,662.823669,1590.028076,-3949.466064,637.465210,1500.370361,-3876.609375,652.419250,1633.835938,-3925.331543,654.866516,1466.670166,-3925.962402,662.801208,1589.910034,-3949.597168,637.484802,1500.658569,-3876.798340,652.400513,1633.726929,-3925.094727,2616.307373,1567.770508,-3159.742920,,,,,,,,,,,,,,,,,,,,,,,,,,,,,,,,,
2297,22.970000,0.000000,0.000000,0.000000,1.000000,0.000000,0.000000,0.000000,57.698101,20.499701,-14.700500,0.047771,-0.013570,0.015998,-15.666301,-52.738201,18.801300,-93.396698,0.129960,17.611099,-0.240133,-0.471619,-0.660765,0.532261,650.421021,1547.808350,-3919.895264,653.334229,1466.788330,-3926.722656,661.474915,1590.154053,-3949.884521,635.839111,1500.369629,-3877.281494,651.035828,1633.921387,-3925.691650,653.332214,1466.688354,-3926.655029,661.482605,1590.125977,-3949.981689,635.867432,1500.581177,-3877.422607,651.002686,1633.856567,-3925.524414,2616.285645,1567.740967,-3159.745850,,,,,,,,,,,,,,,,,,,,,,,,,,,,,,,,,
2298,22.980000,0.000000,0.000000,0.000000,1.000000,0.000000,0.000000,0.000000,57.698101,20.499701,-14.700500,0.047771,-0.013570,0.015998,-15.666301,-52.738201,18.801300,-93.396698,0.129960,17.611099,-0.236302,-0.473663,-0.662670,0.529786,649.295715,1548.034912,-3920.252441,652.224060,1467.026611,-3927.210205,660.692932,1590.432007,-3950.039795,634.234680,1500.522461,-3877.888184,650.031006,1634.158813,-3925.870850,652.278931,1466.917358,-3927.050781,660.576294,1590.440308,-3950.157227,634.212463,1500.565918,-3878.060791,650.117188,1634.213379,-3925.737793,2616.296631,1567.733521,-3159.754639,,,,,,,,,,,,,,,,,,,,,,,,,,,,,,,,,
2299,22.990000,0.000000,0.000000,0.000000,1.000000,0.000000,0.000000,0.000000,57.698101,20.499701,-14.700500,0.047771,-0.013570,0.015998,-15.666301,-52.738201,18.801300,-93.396698,0.129960,17.611099,-0.231770,-0.476601,-0.664399,0.526980,648.138977,1548.229736,-3920.666748,651.165955,1467.230225,-3927.686035,659.904602,1590.664673,-3950.256592,632.552246,1500.663696,-3878.553955,648.933167,1634.360596,-3926.170410,651.303528,1467.178467,-3927.403320,659.625549,1590.683228,-3950.499268,632.453674,1500.518555,-3878.767090,649.174133,1634.545654,-3925.992432,2616.287842,1567.733032,-3159.758789,,,,,,,,,,,,,,,,,,,,,,,,,,,,,,,,,
2300,23.000000,0.000000,0.000000,0.000000,1.000000,0.000000,0.000000,0.000000,57.698101,20.499701,-14.700500,0.047771,-0.013570,0.015998,-15.666301,-52.738201,18.801300,-93.396698,0.129960,17.611099,-0.225829,-0.481205,-0.665161,0.524408,646.969421,1548.361816,-3921.125000,650.394775,1467.371582,-3928.067627,659.041992,1590.829834,-3950.543213,630.899780,1500.752686,-3879.242920,647.541077,1634.493408,-3926.645996,650.545715,1467.448120,-3927.640381,658.675171,1590.853638,-3950.811035,630.796204,1500.486450,-3879.587891,647.852051,1634.651123,-3926.464111,2616.297852,1567.750488,-3159.764648,,,,,,,,,,,,,,,,,,,,,,,,,,,,,,,,,
2301,23.010000,0.000000,0.000000,0.000000,1.000000,0.000000,0.000000,0.000000,57.698101,20.499701,-14.700500,0.047771,-0.013570,0.015998,-15.666301,-52.738201,18.801300,-93.396698,0.129960,17.611099,-0.224246,-0.482873,-0.664849,0.523950,645.582886,1548.350342,-3921.701660,649.198303,1467.359863,-3928.543457,657.693115,1590.811157,-3951.114990,629.434082,1500.753784,-3879.835938,646.006104,1634.476929,-3927.312256,649.308838,1467.444702,-3928.129150,657.371216,1590.820557,-3951.311279,629.375366,1500.533081,-3880.205322,646.270142,1634.594116,-3927.162598,2616.260742,1567.749634,-3159.793457,,,,,,,,,,,,,,,,,,,,,,,,,,,,,,,,,
2302,23.020000,0.000000,0.000000,0.000000,1.000000,0.000000,0.000000,0.000000,57.698101,20.499701,-14.700500,0.047771,-0.013570,0.015998,-15.666301,-52.738201,18.801300,-93.396698,0.129960,17.611099,-0.227116,-0.481065,-0.663744,0.525775,644.269287,1548.374390,-3922.252441,647.830627,1467.378174,-3929.053955,656.144409,1590.810059,-3951.797363,628.454895,1500.813477,-3880.218506,644.647095,1634.496216,-3927.939697,647.903320,1467.511963,-3928.658936,655.892090,1590.729736,-3951.976074,628.433044,1500.625854,-3880.599365,644.846252,1634.623291,-3927.780273,2616.279297,1567.720215,-3159.792236,,,,,,,,,,,,,,,,,,,,,,,,,,,,,,,,,
2303,23.030000,0.000000,0.000000,0.000000,1.000000,0.000000,0.000000,0.000000,57.698101,20.499701,-14.700500,0.047771,-0.013570,0.015998,-15.666301,-52.738201,18.801300,-93.396698,0.129960,17.611099,-0.231461,-0.477087,-0.663255,0.528115,642.928528,1548.420898,-3922.802246,646.212708,1467.425415,-3929.751953,654.536499,1590.867432,-3952.437744,627.524658,1500.842041,-3880.636475,643.440247,1634.548950,-3928.382568,646.226624,1467.445068,-3929.481934,654.414062,1590.771973,-3952.542480,627.552490,1500.791870,-3880.947510,643.524719,1634.672729,-3928.247070,2616.301758,1567.715942,-3159.787354,,,,,,,,,,,,,,,,,,,,,,,,,,,,,,,,,
2304,23.040000,0.000000,0.000000,0.000000,1.000000,0.000000,0.000000,0.000000,57.698101,20.499701,-14.700500,0.047771,-0.013570,0.015998,-15.666301,-52.738201,18.801300,-93.396698,0.129960,17.611099,-0.238049,-0.471967,-0.662073,0.531261,641.522644,1548.466431,-3923.366455,644.421204,1467.462158,-3930.384277,652.741638,1590.880859,-3953.197021,626.713440,1500.929565,-3880.941162,642.214233,1634.593506,-3928.943604,644.454346,1467.381470,-3930.263184,652.660400,1590.760254,-3953.290283,626.728455,1501.107910,-3881.165039,642.247681,1634.631836,-3928.766357,2616.288818,1567.702881,-3159.793945,,,,,,,,,,,,,,,,,,,,,,,,,,,,,,,,,
2305,23.050000,0.000000,0.000000,0.000000,1.000000,0.000000,0.000000,0.000000,57.698101,20.499701,-14.700500,0.047771,-0.013570,0.015998,-15.666301,-52.738201,18.801300,-93.396698,0.129960,17.611099,-0.240653,-0.469937,-0.661724,0.532322,640.166504,1548.565796,-3923.880127,642.883911,1467.557495,-3930.924316,651.253174,1590.964722,-3953.781982,625.566589,1501.049072,-3881.359863,640.962341,1634.692017,-3929.453857,642.909546,1467.450195,-3930.865234,651.214600,1590.909790,-3953.857178,625.580994,1501.304810,-3881.520508,640.963745,1634.628540,-3929.288330,2616.331055,1567.721802,-3159.793701,,,,,,,,,,,,,,,,,,,,,,,,,,,,,,,,,
2306,23.060000,0.000000,0.000000,0.000000,1.000000,0.000000,0.000000,0.000000,57.698101,20.499701,-14.700500,0.047771,-0.013570,0.015998,-15.666301,-52.738201,18.801300,-93.396698,0.129960,17.611099,-0.239512,-0.470243,-0.662698,0.531354,638.793884,1548.696289,-3924.384766,641.445068,1467.694092,-3931.522705,650.023132,1591.120605,-3954.197510,624.005188,1501.142090,-3881.971680,639.702148,1634.828735,-3929.847412,641.434387,1467.527344,-3931.492676,650.049866,1591.120850,-3954.260986,624.040833,1501.391479,-3882.079102,639.650818,1634.764526,-3929.709229,2616.290283,1567.721924,-3159.794922,,,,,,,,,,,,,,,,,,,,,,,,,,,,,,,,,
2307,23.070000,0.000000,0.000000,0.000000,1.000000,0.000000,0.000000,0.000000,57.698101,20.499701,-14.700500,0.047771,-0.013570,0.015998,-15.666301,-52.738201,18.801300,-93.396698,0.129960,17.611099,-0.235614,-0.473472,-0.663720,0.528947,637.674316,1548.915894,-3924.822021,640.482056,1467.913818,-3931.902100,649.201599,1591.341064,-3954.519531,622.449707,1501.361572,-3882.563477,638.563965,1635.047363,-3930.302979,640.541443,1467.862305,-3931.688721,649.052307,1591.343384,-3954.649170,622.431458,1501.406250,-3882.806641,638.672852,1635.052490,-3930.149170,2616.282471,1567.730469,-3159.815186,,,,,,,,,,,,,,,,,,,,,,,,,,,,,,,,,
2308,23.080000,0.000000,0.000000,0.000000,1.000000,0.000000,0.000000,0.000000,57.698101,20.499701,-14.700500,0.047771,-0.013570,0.015998,-15.666301,-52.738201,18.801300,-93.396698,0.129960,17.611099,-0.232131,-0.475855,-0.665489,0.526120,636.632080,1549.156860,-3925.173096,639.418030,1468.157593,-3932.293457,648.525940,1591.593506,-3954.708984,620.901062,1501.584839,-3883.120605,637.683350,1635.291870,-3930.569092,639.535889,1468.114624,-3931.983398,648.237122,1591.591431,-3954.862305,620.837036,1501.475708,-3883.416748,637.919067,1635.444336,-3930.427490,2616.296387,1567.743530,-3159.814941,,,,,,,,,,,,,,,,,,,,,,,,,,,,,,,,,
2309,23.090000,0.000000,0.000000,0.000000,1.000000,0.000000,0.000000,0.000000,57.698101,20.499701,-14.700500,0.047771,-0.013570,0.015998,-15.666301,-52.738201,18.801300,-93.396698,0.129960,17.611099,-0.225675,-0.481501,-0.666091,0.523020,635.550903,1549.355469,-3925.615723,638.786194,1468.357178,-3932.553955,647.798157,1591.793701,-3955.004639,619.265198,1501.786011,-3883.772217,636.354004,1635.485474,-3931.132080,638.926880,1468.450562,-3932.151367,647.429871,1591.799438,-3955.181152,619.181396,1501.547974,-3884.129883,636.659180,1635.615479,-3931.002686,2616.321289,1567.704590,-3159.793457,,,,,,,,,,,,,,,,,,,,,,,,,,,,,,,,,
2310,23.100000,0.000000,0.000000,0.000000,1.000000,0.000000,0.000000,0.000000,57.698101,20.499701,-14.700500,0.047771,-0.013570,0.015998,-15.666301,-52.738201,18.801300,-93.396698,0.129960,17.611099,-0.221327,-0.485413,-0.666379,0.520892,634.384644,1549.497192,-3926.130859,637.930847,1468.499146,-3932.918945,646.866333,1591.930786,-3955.427734,617.728943,1501.937500,-3884.421875,635.012329,1635.621826,-3931.754395,637.989563,1468.621460,-3932.511719,646.580750,1592.010254,-3955.501709,617.706360,1501.610718,-3884.788330,635.258789,1635.715698,-3931.729248,2616.305664,1567.753296,-3159.793701,,,,,,,,,,,,,,,,,,,,,,,,,,,,,,,,,
2311,23.110000,0.000000,0.000000,0.000000,1.000000,0.000000,0.000000,0.000000,57.698101,20.499701,-14.700500,0.047771,-0.013570,0.015998,-15.666301,-52.738201,18.801300,-93.396698,0.129960,17.611099,-0.224297,-0.483563,-0.665637,0.522288,633.130310,1549.576050,-3926.688477,636.538879,1468.569336,-3933.443848,645.435059,1591.974854,-3956.110352,616.740234,1502.064575,-3884.819580,633.807068,1635.695679,-3932.379883,636.613525,1468.583496,-3933.081055,645.181702,1591.996460,-3956.277100,616.702393,1501.843994,-3885.137451,634.024353,1635.869873,-3932.259033,2616.315918,1567.746460,-3159.791260,,,,,,,,,,,,,,,,,,,,,,,,,,,,,,,,,
2312,23.120000,0.000000,0.000000,0.000000,1.000000,0.000000,0.000000,0.000000,57.698101,20.499701,-14.700500,0.047771,-0.013570,0.015998,-15.666301,-52.738201,18.801300,-93.396698,0.129960,17.611099,-0.227216,-0.482473,-0.663965,0.524160,631.890198,1549.680420,-3927.215088,635.323181,1468.661011,-3933.803955,643.931763,1592.020508,-3956.829834,615.862549,1502.253662,-3885.110596,632.443176,1635.786865,-3933.115723,635.355347,1468.721680,-3933.510742,643.776245,1592.011230,-3956.965088,615.860718,1502.129028,-3885.387939,632.567810,1635.854614,-3932.998535,2616.280518,1567.744263,-3159.795898,,,,,,,,,,,,,,,,,,,,,,,,,,,,,,,,,
2313,23.130000,0.000000,0.000000,0.000000,1.000000,0.000000,0.000000,0.000000,57.698101,20.499701,-14.700500,0.047771,-0.013570,0.015998,-15.666301,-52.738201,18.801300,-93.396698,0.129960,17.611099,-0.232874,-0.478754,-0.662754,0.526614,630.657837,1549.779419,-3927.770752,633.784241,1468.744507,-3934.322021,642.384399,1592.057129,-3957.600098,615.111328,1502.438232,-3885.390625,631.351379,1635.877930,-3933.770752,633.772644,1468.689697,-3934.219971,642.378784,1592.016235,-3957.681885,615.140381,1502.501953,-3885.524414,631.340271,1635.912598,-3933.658447,2616.276855,1567.763428,-3159.788818,,,,,,,,,,,,,,,,,,,,,,,,,,,,,,,,,
2314,23.140000,0.000000,0.000000,0.000000,1.000000,0.000000,0.000000,0.000000,57.698101,20.499701,-14.700500,0.047771,-0.013570,0.015998,-15.666301,-52.738201,18.801300,-93.396698,0.129960,17.611099,-0.237552,-0.475501,-0.662143,0.528237,629.306213,1549.860107,-3928.423828,632.098083,1468.812866,-3934.972900,640.825073,1592.087402,-3958.405273,614.095337,1502.586914,-3885.846191,630.206177,1635.953491,-3934.470947,632.030640,1468.616333,-3934.992432,640.939758,1592.042480,-3958.421143,614.181885,1502.860718,-3885.924561,630.073059,1635.941772,-3934.364990,2616.282715,1567.728027,-3159.795166,,,,,,,,,,,,,,,,,,,,,,,,,,,,,,,,,
2315,23.150000,0.000000,0.000000,0.000000,1.000000,0.000000,0.000000,0.000000,57.698101,20.499701,-14.700500,0.047771,-0.013570,0.015998,-15.666301,-52.738201,18.801300,-93.396698,0.129960,17.611099,-0.239148,-0.475259,-0.661316,0.528771,627.936523,1549.965210,-3929.095947,630.703125,1468.905518,-3935.500244,639.359375,1592.134888,-3959.194824,612.862732,1502.773926,-3886.378906,628.820923,1636.046875,-3935.309326,630.686890,1468.778198,-3935.475342,639.399536,1592.054199,-3959.258789,612.918335,1503.089478,-3886.523926,628.744751,1635.984741,-3935.136475,2616.325439,1567.775024,-3159.769287,,,,,,,,,,,,,,,,,,,,,,,,,,,,,,,,,
2316,23.160000,0.000000,0.000000,0.000000,1.000000,0.000000,0.000000,0.000000,57.698101,20.499701,-14.700500,0.047771,-0.013570,0.015998,-15.666301,-52.738201,18.801300,-93.396698,0.129960,17.611099,-0.239660,-0.475540,-0.661016,0.528662,626.662659,1550.109497,-3929.708984,629.411987,1469.041382,-3936.012939,638.080444,1592.239380,-3959.865479,611.598328,1502.974243,-3886.927002,627.559814,1636.183105,-3936.030273,629.450989,1468.914062,-3935.975098,638.049683,1592.121948,-3959.984619,611.604309,1503.300171,-3887.082275,627.544800,1636.145020,-3935.804688,2616.302734,1567.727905,-3159.747070,,,,,,,,,,,,,,,,,,,,,,,,,,,,,,,,,
2317,23.170000,0.000000,0.000000,0.000000,1.000000,0.000000,0.000000,0.000000,57.698101,20.499701,-14.700500,0.047771,-0.013570,0.015998,-15.666301,-52.738201,18.801300,-93.396698,0.129960,17.611099,-0.236597,-0.478487,-0.661111,0.527261,625.429443,1550.238037,-3930.361816,628.424438,1469.169067,-3936.540771,637.004761,1592.357910,-3960.472168,610.111694,1503.119751,-3887.650879,626.176819,1636.305786,-3936.782715,628.433228,1469.105591,-3936.467529,636.988342,1592.277710,-3960.556885,610.139282,1503.330200,-3887.817871,626.159119,1636.261475,-3936.616943,2616.281250,1567.719849,-3159.748291,,,,,,,,,,,,,,,,,,,,,,,,,,,,,,,,,
2318,23.180000,0.000000,0.000000,0.000000,1.000000,0.000000,0.000000,0.000000,57.698101,20.499701,-14.700500,0.047771,-0.013570,0.015998,-15.666301,-52.738201,18.801300,-93.396698,0.129960,17.611099,-0.233606,-0.481154,-0.661724,0.525396,624.356567,1550.406128,-3930.906494,627.488037,1469.336060,-3937.004639,636.155090,1592.517700,-3960.941895,608.709351,1503.300537,-3888.301025,625.073792,1636.470337,-3937.378662,627.589233,1469.336304,-3936.793213,635.950867,1592.411255,-3961.133301,608.660339,1503.341553,-3888.541016,625.220459,1636.533081,-3937.164062,2616.258789,1567.722046,-3159.749756,,,,,,,,,,,,,,,,,,,,,,,,,,,,,,,,,
2319,23.190000,0.000000,0.000000,0.000000,1.000000,0.000000,0.000000,0.000000,57.698101,20.499701,-14.700500,0.047771,-0.013570,0.015998,-15.666301,-52.738201,18.801300,-93.396698,0.129960,17.611099,-0.231006,-0.483354,-0.662743,0.523237,623.393982,1550.598511,-3931.398193,626.543579,1469.525879,-3937.453125,635.458374,1592.699097,-3961.343018,607.374634,1503.508179,-3888.914551,624.199280,1636.661011,-3937.881836,626.703430,1469.496460,-3937.229248,635.177551,1592.636841,-3961.633789,607.263489,1503.457031,-3889.089355,624.427734,1636.809082,-3937.641113,2616.270020,1567.785156,-3159.758789,,,,,,,,,,,,,,,,,,,,,,,,,,,,,,,,,
2320,23.200000,0.000000,0.000000,0.000000,1.000000,0.000000,0.000000,0.000000,57.698101,20.499701,-14.700500,0.047771,-0.013570,0.015998,-15.666301,-52.738201,18.801300,-93.396698,0.129960,17.611099,-0.226293,-0.487635,-0.663297,0.520616,622.480103,1550.799683,-3931.902832,625.911621,1469.726807,-3937.798584,634.844055,1592.888184,-3961.742432,606.004272,1503.729248,-3889.572266,623.160278,1636.854858,-3938.498535,626.155457,1469.785400,-3937.449707,634.376770,1592.851440,-3962.131592,605.823059,1503.536377,-3889.815430,623.551086,1637.037842,-3938.225098,2616.299561,1567.770508,-3159.759766,,,,,,,,,,,,,,,,,,,,,,,,,,,,,,,,,
2321,23.210000,0.000000,0.000000,0.000000,1.000000,0.000000,0.000000,0.000000,57.698101,20.499701,-14.700500,0.047771,-0.013570,0.015998,-15.666301,-52.738201,18.801300,-93.396698,0.129960,17.611099,-0.223168,-0.490385,-0.663662,0.518914,621.431213,1550.918457,-3932.513184,625.048462,1469.846680,-3938.312012,633.988892,1593.003540,-3962.276611,604.659790,1503.854614,-3890.291260,622.027710,1636.969238,-3939.172852,625.137695,1469.926758,-3937.951904,633.729919,1593.111328,-3962.513916,604.583069,1503.557983,-3890.547607,622.258911,1637.061890,-3939.052734,2616.314209,1567.737671,-3159.735596,,,,,,,,,,,,,,,,,,,,,,,,,,,,,,,,,
2322,23.220000,0.000000,0.000000,0.000000,1.000000,0.000000,0.000000,0.000000,57.698101,20.499701,-14.700500,0.047771,-0.013570,0.015998,-15.666301,-52.738201,18.801300,-93.396698,0.129960,17.611099,-0.223242,-0.490646,-0.663411,0.518956,620.385803,1551.043213,-3933.106934,624.032349,1469.968994,-3938.853027,632.928955,1593.113403,-3962.897217,603.630493,1504.000854,-3890.854492,620.951416,1637.089966,-3939.822510,624.130188,1470.088623,-3938.444092,632.644165,1593.178101,-3963.167969,603.553650,1503.686646,-3891.157959,621.201477,1637.204468,-3939.668457,2616.325928,1567.717773,-3159.733398,,,,,,,,,,,,,,,,,,,,,,,,,,,,,,,,,
2323,23.230000,0.000000,0.000000,0.000000,1.000000,0.000000,0.000000,0.000000,57.698101,20.499701,-14.700500,0.047771,-0.013570,0.015998,-15.666301,-52.738201,18.801300,-93.396698,0.129960,17.611099,-0.223245,-0.491051,-0.662925,0.519193,619.072510,1551.061279,-3933.920166,622.799561,1469.985474,-3939.592285,631.572754,1593.116699,-3963.749512,602.365417,1504.040894,-3891.624512,619.552185,1637.102295,-3940.714111,622.777588,1470.090210,-3939.228516,631.458496,1593.202515,-3963.895264,602.392273,1503.785156,-3891.921387,619.656860,1637.144531,-3940.635254,2616.303467,1567.734253,-3159.739502,,,,,,,,,,,,,,,,,,,,,,,,,,,,,,,,,
2324,23.240000,0.000000,0.000000,0.000000,1.000000,0.000000,0.000000,0.000000,57.698101,20.499701,-14.700500,0.047771,-0.013570,0.015998,-15.666301,-52.738201,18.801300,-93.396698,0.129960,17.611099,-0.226403,-0.489172,-0.661765,0.521075,617.940491,1551.188477,-3934.550537,621.600098,1470.105713,-3940.166016,630.196472,1593.208496,-3964.530762,601.582642,1504.218018,-3892.063232,618.382629,1637.221924,-3941.441895,621.631592,1470.243774,-3939.824951,630.043091,1593.184326,-3964.743408,601.577576,1504.072998,-3892.360352,618.506775,1637.254395,-3941.270020,2616.320801,1567.753052,-3159.747559,,,,,,,,,,,,,,,,,,,,,,,,,,,,,,,,,
2325,23.250000,0.000000,0.000000,0.000000,1.000000,0.000000,0.000000,0.000000,57.698101,20.499701,-14.700500,0.047771,-0.013570,0.015998,-15.666301,-52.738201,18.801300,-93.396698,0.129960,17.611099,-0.230242,-0.486468,-0.660770,0.523183,616.693298,1551.272095,-3935.293945,620.200867,1470.182739,-3940.911133,628.684875,1593.264893,-3965.418701,600.724670,1504.339111,-3892.617676,617.162781,1637.302002,-3942.227783,620.162659,1470.268066,-3940.646729,628.646118,1593.230103,-3965.542480,600.795715,1504.375732,-3892.938721,617.175232,1637.226318,-3942.059570,2616.319824,1567.736206,-3159.760254,,,,,,,,,,,,,,,,,,,,,,,,,,,,,,,,,
2326,23.260000,0.000000,0.000000,0.000000,1.000000,0.000000,0.000000,0.000000,57.698101,20.499701,-14.700500,0.047771,-0.013570,0.015998,-15.666301,-52.738201,18.801300,-93.396698,0.129960,17.611099,-0.233704,-0.483762,-0.660093,0.525008,615.440430,1551.383057,-3936.063721,618.773376,1470.289307,-3941.724365,627.208130,1593.362061,-3966.295898,599.807617,1504.467896,-3893.243896,615.972534,1637.413086,-3942.990967,618.756653,1470.305176,-3941.491943,627.158875,1593.316650,-3966.423584,599.872559,1504.614136,-3893.583984,615.983582,1637.314941,-3942.782715,2616.266602,1567.711548,-3159.774902,,,,,,,,,,,,,,,,,,,,,,,,,,,,,,,,,
2327,23.270000,0.000000,0.000000,0.000000,1.000000,0.000000,0.000000,0.000000,57.698101,20.499701,-14.700500,0.047771,-0.013570,0.015998,-15.666301,-52.738201,18.801300,-93.396698,0.129960,17.611099,-0.235178,-0.483048,-0.658906,0.526497,614.115112,1551.484375,-3936.932129,617.539429,1470.389648,-3942.522705,625.679871,1593.448364,-3967.263428,598.751526,1504.591919,-3893.989746,614.489624,1637.507690,-3943.952393,617.531921,1470.406982,-3942.342041,625.627747,1593.365479,-3967.344971,598.819458,1504.819214,-3894.328369,614.494690,1637.379639,-3943.753418,2616.302246,1567.778320,-3159.790771,,,,,,,,,,,,,,,,,,,,,,,,,,,,,,,,,
2328,23.280000,0.000000,0.000000,0.000000,1.000000,0.000000,0.000000,0.000000,57.698101,20.499701,-14.700500,0.047771,-0.013570,0.015998,-15.666301,-52.738201,18.801300,-93.396698,0.129960,17.611099,-0.235054,-0.482494,-0.658956,0.526997,612.839844,1551.589966,-3937.815918,616.296936,1470.503174,-3943.502441,624.358337,1593.594116,-3968.109375,597.535767,1504.641235,-3894.913574,613.168091,1637.621582,-3944.738037,616.299072,1470.475952,-3943.335449,624.287781,1593.467651,-3968.160889,597.606995,1504.910156,-3895.276367,613.179626,1637.555420,-3944.551758,2616.277832,1567.742065,-3159.793701,,,,,,,,,,,,,,,,,,,,,,,,,,,,,,,,,
2329,23.290000,0.000000,0.000000,0.000000,1.000000,0.000000,0.000000,0.000000,57.698101,20.499701,-14.700500,0.047771,-0.013570,0.015998,-15.666301,-52.738201,18.801300,-93.396698,0.129960,17.611099,-0.233215,-0.483608,-0.659057,0.526667,611.637329,1551.663208,-3938.685059,615.259460,1470.584961,-3944.391113,623.202026,1593.699951,-3968.915527,596.245972,1504.669922,-3895.863281,611.841858,1637.697876,-3945.571045,615.205017,1470.530884,-3944.219971,623.185547,1593.630371,-3968.896973,596.373474,1504.908813,-3896.235352,611.810425,1637.634277,-3945.459717,2616.277832,1567.765503,-3159.800781,,,,,,,,,,,,,,,,,,,,,,,,,,,,,,,,,
2330,23.300000,0.000000,0.000000,0.000000,1.000000,0.000000,0.000000,0.000000,57.698101,20.499701,-14.700500,0.047771,-0.013570,0.015998,-15.666301,-52.738201,18.801300,-93.396698,0.129960,17.611099,-0.232791,-0.483627,-0.659223,0.526628,610.648621,1551.798218,-3939.477051,614.290344,1470.723999,-3945.226074,622.226196,1593.854248,-3969.675537,595.236572,1504.777954,-3896.692383,610.841309,1637.836914,-3946.314209,614.254761,1470.574341,-3945.054688,622.188477,1593.805176,-3969.661621,595.340942,1505.008667,-3897.038818,610.830200,1637.840454,-3946.208252,2616.295654,1567.772705,-3159.809814,,,,,,,,,,,,,,,,,,,,,,,,,,,,,,,,,
2331,23.310000,0.000000,0.000000,0.000000,1.000000,0.000000,0.000000,0.000000,57.698101,20.499701,-14.700500,0.047771,-0.013570,0.015998,-15.666301,-52.738201,18.801300,-93.396698,0.129960,17.611099,-0.231745,-0.484011,-0.659929,0.525853,609.555847,1551.877686,-3940.423828,613.167542,1470.806763,-3946.236816,621.243835,1593.954956,-3970.550293,593.994507,1504.827026,-3897.726562,609.817444,1637.922485,-3947.180908,613.226990,1470.578491,-3946.032227,621.103943,1593.893555,-3970.650635,594.001648,1504.989746,-3898.021240,609.900940,1638.051880,-3946.995117,2616.312744,1567.757080,-3159.811035,,,,,,,,,,,,,,,,,,,,,,,,,,,,,,,,,
2332,23.320000,0.000000,0.000000,0.000000,1.000000,0.000000,0.000000,0.000000,57.698101,20.499701,-14.700500,0.047771,-0.013570,0.015998,-15.666301,-52.738201,18.801300,-93.396698,0.129960,17.611099,-0.230532,-0.484853,-0.660267,0.525187,608.629578,1551.992920,-3941.293945,612.287109,1470.924194,-3947.109863,620.402710,1594.079346,-3971.374268,592.943420,1504.929199,-3898.656738,608.885010,1638.039062,-3948.034668,612.415588,1470.734741,-3946.889648,620.162476,1593.987793,-3971.554199,592.885193,1504.992310,-3898.902100,609.061890,1638.258789,-3947.814453,2616.264648,1567.763306,-3159.826904,,,,,,,,,,,,,,,,,,,,,,,,,,,,,,,,,
2333,23.330000,0.000000,0.000000,0.000000,1.000000,0.000000,0.000000,0.000000,57.698101,20.499701,-14.700500,0.047771,-0.013570,0.015998,-15.666301,-52.738201,18.801300,-93.396698,0.129960,17.611099,-0.229971,-0.485227,-0.660335,0.525001,607.774780,1552.114380,-3942.161865,611.472534,1471.047485,-3947.978760,619.571594,1594.207764,-3972.223389,592.050110,1505.041260,-3899.549316,608.004883,1638.161133,-3948.895996,611.561157,1470.853149,-3947.776611,619.405884,1594.113647,-3972.397705,592.014709,1505.074219,-3899.759766,608.128174,1638.427124,-3948.687744,2616.280762,1567.755371,-3159.816406,,,,,,,,,,,,,,,,,,,,,,,,,,,,,,,,,
2334,23.340000,0.000000,0.000000,0.000000,1.000000,0.000000,0.000000,0.000000,57.698101,20.499701,-14.700500,0.047771,-0.013570,0.015998,-15.666301,-52.738201,18.801300,-93.396698,0.129960,17.611099,-0.226523,-0.488001,-0.660735,0.523424,606.894104,1552.184814,-3943.018799,610.816711,1471.123779,-3948.770264,618.877197,1594.291992,-3972.987061,590.878479,1505.094116,-3900.534180,607.003784,1638.229370,-3949.783936,610.890564,1471.032471,-3948.489746,618.705750,1594.246338,-3973.221436,590.836243,1504.972168,-3900.761230,607.155334,1638.506592,-3949.581299,2616.297363,1567.746826,-3159.808594,,,,,,,,,,,,,,,,,,,,,,,,,,,,,,,,,
2335,23.350000,0.000000,0.000000,0.000000,1.000000,0.000000,0.000000,0.000000,57.698101,20.499701,-14.700500,0.047771,-0.013570,0.015998,-15.666301,-52.738201,18.801300,-93.396698,0.129960,17.611099,-0.225331,-0.489118,-0.660581,0.523090,606.090576,1552.300659,-3943.842773,610.143005,1471.242188,-3949.539062,618.105103,1594.408691,-3973.797363,590.013000,1505.210449,-3901.381348,606.101135,1638.341797,-3950.653564,610.253296,1471.241577,-3949.148682,617.843018,1594.355347,-3974.143066,589.946411,1505.049561,-3901.699219,606.321106,1638.563599,-3950.372803,2616.282959,1567.753662,-3159.820801,,,,,,,,,,,,,,,,,,,,,,,,,,,,,,,,,
2336,23.360000,0.000000,0.000000,0.000000,1.000000,0.000000,0.000000,0.000000,57.698101,20.499701,-14.700500,0.047771,-0.013570,0.015998,-15.666301,-52.738201,18.801300,-93.396698,0.129960,17.611099,-0.222525,-0.490927,-0.661194,0.521819,605.122437,1552.348145,-3944.834961,609.316040,1471.298096,-3950.548340,617.297546,1594.488281,-3974.679199,588.801575,1505.213379,-3902.515625,605.074524,1638.393066,-3951.596436,609.458557,1471.406616,-3950.026123,616.919922,1594.431152,-3975.035156,588.724365,1504.979614,-3902.966064,605.379517,1638.571167,-3951.311768,2616.269531,1567.754395,-3159.820312,,,,,,,,,,,,,,,,,,,,,,,,,,,,,,,,,
2337,23.370000,0.000000,0.000000,0.000000,1.000000,0.000000,0.000000,0.000000,57.698101,20.499701,-14.700500,0.047771,-0.013570,0.015998,-15.666301,-52.738201,18.801300,-93.396698,0.129960,17.611099,-0.221022,-0.491320,-0.662059,0.520990,604.181274,1552.351685,-3945.878174,608.367310,1471.308960,-3951.700439,616.478271,1594.533203,-3975.614014,587.691895,1505.158081,-3903.690186,604.187561,1638.406860,-3952.508301,608.445496,1471.365967,-3951.218506,616.164001,1594.572388,-3975.797119,587.670349,1504.912964,-3904.138428,604.442749,1638.534668,-3952.364990,2616.283936,1567.759888,-3159.806152,,,,,,,,,,,,,,,,,,,,,,,,,,,,,,,,,
2338,23.380000,0.000000,0.000000,0.000000,1.000000,0.000000,0.000000,0.000000,57.698101,20.499701,-14.700500,0.047771,-0.013570,0.015998,-15.666301,-52.738201,18.801300,-93.396698,0.129960,17.611099,-0.219214,-0.492133,-0.662477,0.520456,603.313171,1552.358887,-3946.914307,607.602783,1471.326172,-3952.799316,615.685547,1594.581665,-3976.559814,586.704224,1505.107422,-3904.837891,603.260010,1638.420410,-3953.459717,607.642944,1471.410889,-3952.311523,615.369324,1594.653809,-3976.615967,586.734924,1504.888062,-3905.355957,603.501709,1638.459351,-3953.396240,2616.287842,1567.784668,-3159.795166,,,,,,,,,,,,,,,,,,,,,,,,,,,,,,,,,
2339,23.390000,0.000000,0.000000,0.000000,1.000000,0.000000,0.000000,0.000000,57.698101,20.499701,-14.700500,0.047771,-0.013570,0.015998,-15.666301,-52.738201,18.801300,-93.396698,0.129960,17.611099,-0.219412,-0.491773,-0.662575,0.520589,602.470215,1552.316284,-3947.975586,606.732971,1471.284912,-3953.898438,614.832886,1594.548340,-3977.612305,585.878601,1505.051514,-3905.907471,602.436279,1638.380737,-3954.484375,606.833069,1471.371704,-3953.399170,614.448547,1594.646973,-3977.771484,585.843750,1504.804565,-3906.374268,602.741638,1638.429199,-3954.365967,2616.275879,1567.719360,-3159.778564,,,,,,,,,,,,,,,,,,,,,,,,,,,,,,,,,
2340,23.400000,0.000000,0.000000,0.000000,1.000000,0.000000,0.000000,0.000000,57.698101,20.499701,-14.700500,0.047771,-0.013570,0.015998,-15.666301,-52.738201,18.801300,-93.396698,0.129960,17.611099,-0.220821,-0.491146,-0.661753,0.521629,601.650879,1552.237671,-3949.063965,605.937195,1471.202881,-3954.923340,613.873413,1594.447388,-3978.790283,585.250916,1505.005005,-3906.884766,601.541931,1638.295532,-3955.657471,606.038147,1471.309814,-3954.591064,613.584961,1594.584717,-3978.997314,585.180420,1504.817139,-3907.132324,601.784546,1638.248901,-3955.536377,2616.301758,1567.698120,-3159.757080,,,,,,,,,,,,,,,,,,,,,,,,,,,,,,,,,
2341,23.410000,0.000000,0.000000,0.000000,1.000000,0.000000,0.000000,0.000000,57.698101,20.499701,-14.700500,0.047771,-0.013570,0.015998,-15.666301,-52.738201,18.801300,-93.396698,0.129960,17.611099,-0.219052,-0.492892,-0.661583,0.520942,600.834351,1552.177368,-3950.232422,605.292236,1471.144775,-3955.995117,613.123474,1594.380981,-3979.939941,584.317444,1504.954956,-3908.087158,600.604187,1638.228638,-3956.907471,605.402466,1471.307983,-3955.588379,612.794128,1594.504761,-3980.168213,584.244934,1504.718262,-3908.402344,600.881165,1638.185547,-3956.769531,2616.326172,1567.733398,-3159.750488,,,,,,,,,,,,,,,,,,,,,,,,,,,,,,,,,
2342,23.420000,0.000000,0.000000,0.000000,1.000000,0.000000,0.000000,0.000000,57.698101,20.499701,-14.700500,0.047771,-0.013570,0.015998,-15.666301,-52.738201,18.801300,-93.396698,0.129960,17.611099,-0.218111,-0.493978,-0.661065,0.520967,600.045959,1552.087891,-3951.422119,604.676147,1471.058960,-3957.097656,612.314880,1594.287354,-3981.144043,583.532776,1504.873291,-3909.266846,599.660095,1638.132202,-3958.180176,604.678162,1471.234375,-3956.664307,612.114685,1594.429688,-3981.285889,583.555115,1504.649658,-3909.642822,599.829590,1638.040039,-3958.089355,2616.268555,1567.720825,-3159.760742,,,,,,,,,,,,,,,,,,,,,,,,,,,,,,,,,
2343,23.430000,0.000000,0.000000,0.000000,1.000000,0.000000,0.000000,0.000000,57.698101,20.499701,-14.700500,0.047771,-0.013570,0.015998,-15.666301,-52.738201,18.801300,-93.396698,0.129960,17.611099,-0.216152,-0.494538,-0.662159,0.519861,599.327393,1551.984131,-3952.557129,603.950623,1470.964233,-3958.364502,611.754700,1594.234863,-3982.140137,582.594604,1504.696655,-3910.570312,599.009460,1638.041382,-3959.153076,603.943115,1471.104004,-3957.898682,611.532776,1594.387207,-3982.241943,582.631775,1504.414062,-3910.989746,599.193665,1638.012329,-3959.100342,2616.271973,1567.728760,-3159.762695,,,,,,,,,,,,,,,,,,,,,,,,,,,,,,,,,
2344,23.440000,0.000000,0.000000,0.000000,1.000000,0.000000,0.000000,0.000000,57.698101,20.499701,-14.700500,0.047771,-0.013570,0.015998,-15.666301,-52.738201,18.801300,-93.396698,0.129960,17.611099,-0.216060,-0.493840,-0.662710,0.519862,598.710571,1551.890015,-3953.683105,603.268250,1470.875610,-3959.619141,611.160156,1594.177124,-3983.204590,581.956238,1504.549927,-3911.764404,598.457642,1637.957520,-3960.144531,603.255127,1470.973755,-3959.185547,610.958252,1594.325928,-3983.294189,582.000854,1504.325195,-3912.166504,598.621094,1637.921631,-3960.088379,2616.323242,1567.789795,-3159.738770,,,,,,,,,,,,,,,,,,,,,,,,,,,,,,,,,
2345,23.450000,0.000000,0.000000,0.000000,1.000000,0.000000,0.000000,0.000000,57.698101,20.499701,-14.700500,0.047771,-0.013570,0.015998,-15.666301,-52.738201,18.801300,-93.396698,0.129960,17.611099,-0.216579,-0.493237,-0.662809,0.520091,598.038635,1551.768555,-3954.844238,602.540955,1470.754272,-3960.823975,610.468201,1594.062134,-3984.364990,581.319946,1504.418823,-3912.921875,597.825317,1637.839233,-3961.265869,602.546997,1470.837891,-3960.502930,610.296082,1594.198853,-3984.456055,581.331299,1504.217651,-3913.196533,597.971863,1637.812988,-3961.223389,2616.297363,1567.758301,-3159.742188,,,,,,,,,,,,,,,,,,,,,,,,,,,,,,,,,
2346,23.460000,0.000000,0.000000,0.000000,1.000000,0.000000,0.000000,0.000000,57.698101,20.499701,-14.700500,0.047771,-0.013570,0.015998,-15.666301,-52.738201,18.801300,-93.396698,0.129960,17.611099,-0.216796,-0.493256,-0.662674,0.520155,597.367676,1551.627930,-3956.091064,601.869324,1470.611572,-3962.043701,609.784973,1593.911133,-3985.631592,580.666321,1504.292847,-3914.145752,597.150146,1637.696289,-3962.543457,601.847900,1470.674072,-3961.708496,609.668030,1594.065430,-3985.772461,580.689331,1504.071411,-3914.408691,597.255737,1637.688965,-3962.477295,2616.272217,1567.718018,-3159.746826,,,,,,,,,,,,,,,,,,,,,,,,,,,,,,,,,
2347,23.470000,0.000000,0.000000,0.000000,1.000000,0.000000,0.000000,0.000000,57.698101,20.499701,-14.700500,0.047771,-0.013570,0.015998,-15.666301,-52.738201,18.801300,-93.396698,0.129960,17.611099,-0.216567,-0.493673,-0.662668,0.519861,596.815308,1551.499756,-3957.294678,601.324890,1470.480835,-3963.206543,609.261841,1593.770020,-3986.841553,580.072021,1504.183105,-3915.344971,596.602295,1637.565308,-3963.785645,601.320435,1470.573730,-3962.784912,609.091736,1593.921021,-3987.022949,580.091003,1503.952515,-3915.690674,596.747253,1637.542847,-3963.678467,2616.296631,1567.771606,-3159.739502,,,,,,,,,,,,,,,,,,,,,,,,,,,,,,,,,
2348,23.480000,0.000000,0.000000,0.000000,1.000000,0.000000,0.000000,0.000000,57.698101,20.499701,-14.700500,0.047771,-0.013570,0.015998,-15.666301,-52.738201,18.801300,-93.396698,0.129960,17.611099,-0.215867,-0.493499,-0.663672,0.519038,596.272278,1551.355347,-3958.534668,600.670715,1470.339233,-3964.566650,608.841919,1593.653687,-3987.989258,579.373535,1503.997437,-3916.693848,596.202942,1637.431274,-3964.888916,600.718445,1470.419800,-3964.100098,608.564087,1593.775879,-3988.162598,579.367676,1503.761230,-3917.109863,596.428589,1637.450439,-3964.770508,2616.261719,1567.770142,-3159.764404,,,,,,,,,,,,,,,,,,,,,,,,,,,,,,,,,
2349,23.490000,0.000000,0.000000,0.000000,1.000000,0.000000,0.000000,0.000000,57.698101,20.499701,-14.700500,0.047771,-0.013570,0.015998,-15.666301,-52.738201,18.801300,-93.396698,0.129960,17.611099,-0.215718,-0.492538,-0.664911,0.518426,595.716492,1551.200562,-3959.796143,599.925293,1470.188843,-3966.020020,608.396179,1593.539185,-3989.145264,578.691406,1503.782959,-3918.074463,595.852905,1637.291260,-3965.944824,599.917969,1470.192627,-3965.636963,608.197449,1593.692505,-3989.205566,578.730652,1503.574829,-3918.438965,596.012085,1637.318604,-3965.911621,2616.244629,1567.783081,-3159.769287,,,,,,,,,,,,,,,,,,,,,,,,,,,,,,,,,
2350,23.500000,0.000000,0.000000,0.000000,1.000000,0.000000,0.000000,0.000000,57.698101,20.499701,-14.700500,0.047771,-0.013570,0.015998,-15.666301,-52.738201,18.801300,-93.396698,0.129960,17.611099,-0.221234,-0.489054,-0.664022,0.520535,595.280212,1551.189819,-3960.965332,599.145630,1470.158569,-3967.158203,607.700745,1593.457153,-3990.527344,578.664429,1503.870361,-3918.968262,595.610046,1637.273315,-3967.207764,599.153198,1469.972900,-3967.070557,607.646729,1593.527100,-3990.540771,578.687500,1503.990967,-3919.102295,595.635071,1637.261475,-3967.151611,2616.259277,1567.763550,-3159.779785,,,,,,,,,,,,,,,,,,,,,,,,,,,,,,,,,
2351,23.510000,0.000000,0.000000,0.000000,1.000000,0.000000,0.000000,0.000000,57.698101,20.499701,-14.700500,0.047771,-0.013570,0.015998,-15.666301,-52.738201,18.801300,-93.396698,0.129960,17.611099,-0.222402,-0.489334,-0.663689,0.520199,594.728333,1551.134033,-3962.253662,598.496582,1470.085938,-3968.283447,607.164124,1593.326416,-3991.916016,578.105042,1503.919800,-3920.140869,595.147522,1637.204102,-3968.673828,598.659546,1469.908813,-3968.105469,606.912659,1593.323853,-3992.192139,578.005676,1504.049194,-3920.319580,595.332764,1637.250244,-3968.395508,2616.320801,1567.756592,-3159.763916,,,,,,,,,,,,,,,,,,,,,,,,,,,,,,,,,
2352,23.520000,0.000000,0.000000,0.000000,1.000000,0.000000,0.000000,0.000000,57.698101,20.499701,-14.700500,0.047771,-0.013570,0.015998,-15.666301,-52.738201,18.801300,-93.396698,0.129960,17.611099,-0.219765,-0.490340,-0.665438,0.518133,594.146973,1550.948975,-3963.702393,597.835693,1469.908691,-3969.883545,606.864746,1593.187256,-3993.179443,577.142639,1503.668213,-3921.817627,594.744629,1637.032104,-3969.929199,597.999695,1469.787720,-3969.432373,606.456787,1593.218018,-3993.437988,577.068665,1503.598145,-3922.243652,595.059143,1637.186279,-3969.682861,2616.291504,1567.741455,-3159.764160,,,,,,,,,,,,,,,,,,,,,,,,,,,,,,,,,
2353,23.530000,0.000000,0.000000,0.000000,1.000000,0.000000,0.000000,0.000000,57.698101,20.499701,-14.700500,0.047771,-0.013570,0.015998,-15.666301,-52.738201,18.801300,-93.396698,0.129960,17.611099,-0.220268,-0.489449,-0.666005,0.518035,593.622620,1550.800293,-3965.113281,597.173828,1469.761597,-3971.394287,606.371338,1593.052856,-3994.556641,576.594788,1503.497314,-3923.262939,594.350525,1636.889648,-3971.239746,597.299927,1469.641113,-3970.975586,605.978943,1593.064575,-3994.674316,576.554626,1503.372314,-3923.700928,594.658875,1637.115479,-3971.104248,2616.297363,1567.757202,-3159.779785,,,,,,,,,,,,,,,,,,,,,,,,,,,,,,,,,
2354,23.540000,0.000000,0.000000,0.000000,1.000000,0.000000,0.000000,0.000000,57.698101,20.499701,-14.700500,0.047771,-0.013570,0.015998,-15.666301,-52.738201,18.801300,-93.396698,0.129960,17.611099,-0.223045,-0.487870,-0.665428,0.519076,593.090881,1550.719360,-3966.496826,596.484802,1469.670166,-3972.729248,605.705078,1592.927856,-3996.060791,576.272461,1503.477661,-3924.492920,593.901184,1636.802246,-3972.703857,596.636780,1469.502808,-3972.413330,605.369263,1592.913208,-3996.269043,576.190918,1503.396729,-3924.771973,594.180542,1637.079224,-3972.506592,2616.265137,1567.728271,-3159.803955,,,,,,,,,,,,,,,,,,,,,,,,,,,,,,,,,
2355,23.550000,0.000000,0.000000,0.000000,1.000000,0.000000,0.000000,0.000000,57.698101,20.499701,-14.700500,0.047771,-0.013570,0.015998,-15.666301,-52.738201,18.801300,-93.396698,0.129960,17.611099,-0.226337,-0.487323,-0.663566,0.520545,592.546265,1550.777588,-3967.817139,595.931274,1469.706299,-3973.761719,604.928101,1592.877075,-3997.633789,576.052307,1503.690918,-3925.511475,593.273376,1636.836182,-3974.361084,596.130005,1469.513306,-3973.583740,604.626099,1592.723633,-3997.959473,575.937683,1503.904663,-3925.738770,593.484253,1636.967529,-3973.979980,2616.297119,1567.729736,-3159.791504,,,,,,,,,,,,,,,,,,,,,,,,,,,,,,,,,
2356,23.560000,0.000000,0.000000,0.000000,1.000000,0.000000,0.000000,0.000000,57.698101,20.499701,-14.700500,0.047771,-0.013570,0.015998,-15.666301,-52.738201,18.801300,-93.396698,0.129960,17.611099,-0.225437,-0.489033,-0.663248,0.519737,591.953796,1550.796875,-3969.195557,595.433899,1469.717041,-3974.965088,604.405273,1592.847656,-3999.051758,575.349548,1503.780151,-3926.855225,592.626526,1636.842896,-3975.910156,595.551697,1469.513794,-3974.814453,604.206055,1592.716309,-3999.196289,575.320435,1504.122803,-3927.163574,592.736206,1636.872681,-3975.636963,2616.248291,1567.738647,-3159.804932,,,,,,,,,,,,,,,,,,,,,,,,,,,,,,,,,
2357,23.570000,0.000000,0.000000,0.000000,1.000000,0.000000,0.000000,0.000000,57.698101,20.499701,-14.700500,0.047771,-0.013570,0.015998,-15.666301,-52.738201,18.801300,-93.396698,0.129960,17.611099,-0.222310,-0.491150,-0.663807,0.518372,591.292603,1550.649292,-3970.760986,594.949890,1469.577271,-3976.532471,603.912292,1592.731567,-4000.502197,574.429199,1503.589600,-3928.571045,591.878967,1636.698730,-3977.438477,594.917053,1469.432983,-3976.323730,603.811279,1592.726929,-4000.430176,574.530090,1503.680908,-3928.914795,591.923706,1636.754272,-3977.412598,2616.293213,1567.763062,-3159.817383,,,,,,,,,,,,,,,,,,,,,,,,,,,,,,,,,
2358,23.580000,0.000000,0.000000,0.000000,1.000000,0.000000,0.000000,0.000000,57.698101,20.499701,-14.700500,0.047771,-0.013570,0.015998,-15.666301,-52.738201,18.801300,-93.396698,0.129960,17.611099,-0.224702,-0.489907,-0.663054,0.519481,590.729736,1550.610229,-3972.199951,594.300537,1469.529785,-3977.905273,603.201294,1592.652344,-4002.060059,574.084656,1503.606934,-3929.860596,591.332397,1636.652100,-3978.973389,594.319031,1469.389038,-3977.715820,603.116272,1592.642700,-4002.167236,574.106628,1503.689941,-3930.093506,591.381104,1636.716797,-3978.824707,2616.279297,1567.721313,-3159.813232,,,,,,,,,,,,,,,,,,,,,,,,,,,,,,,,,
2359,23.590000,0.000000,0.000000,0.000000,1.000000,0.000000,0.000000,0.000000,57.698101,20.499701,-14.700500,0.047771,-0.013570,0.015998,-15.666301,-52.738201,18.801300,-93.396698,0.129960,17.611099,-0.224921,-0.491093,-0.662290,0.519239,590.161621,1550.680176,-3973.645996,593.801331,1469.587646,-3979.132812,602.624939,1592.652710,-4003.607178,573.518250,1503.776489,-3931.195801,590.701904,1636.704224,-3980.647461,593.842285,1469.416260,-3979.041016,602.581909,1592.573120,-4003.755615,573.527832,1504.070557,-3931.391357,590.696228,1636.692261,-3980.404785,2616.310303,1567.732056,-3159.801270,,,,,,,,,,,,,,,,,,,,,,,,,,,,,,,,,
2360,23.600000,0.000000,0.000000,0.000000,1.000000,0.000000,0.000000,0.000000,57.698101,20.499701,-14.700500,0.047771,-0.013570,0.015998,-15.666301,-52.738201,18.801300,-93.396698,0.129960,17.611099,-0.223664,-0.492623,-0.662518,0.518041,589.625671,1550.747803,-3975.095947,593.298096,1469.650024,-3980.482422,602.220520,1592.690430,-4005.043945,572.794617,1503.886353,-3932.673096,590.189270,1636.764526,-3982.184082,593.240112,1469.449341,-3980.378174,602.231689,1592.611328,-4005.001465,572.940552,1504.260254,-3933.002441,590.117737,1636.741699,-3982.068848,2616.280273,1567.703857,-3159.798096,,,,,,,,,,,,,,,,,,,,,,,,,,,,,,,,,
2361,23.610000,0.000000,0.000000,0.000000,1.000000,0.000000,0.000000,0.000000,57.698101,20.499701,-14.700500,0.047771,-0.013570,0.015998,-15.666301,-52.738201,18.801300,-93.396698,0.129960,17.611099,-0.223841,-0.492528,-0.662892,0.517576,588.940918,1550.730469,-3976.763916,592.515808,1469.628784,-3982.157471,601.595825,1592.660767,-4006.703857,572.040283,1503.885254,-3934.351074,589.611694,1636.747192,-3983.843262,592.469360,1469.363892,-3982.031982,601.598999,1592.604126,-4006.705811,572.171631,1504.277344,-3934.687500,589.546814,1636.740845,-3983.690186,2616.260986,1567.760376,-3159.825684,,,,,,,,,,,,,,,,,,,,,,,,,,,,,,,,,
2362,23.620000,0.000000,0.000000,0.000000,1.000000,0.000000,0.000000,0.000000,57.698101,20.499701,-14.700500,0.047771,-0.013570,0.015998,-15.666301,-52.738201,18.801300,-93.396698,0.129960,17.611099,-0.225535,-0.491543,-0.662628,0.518116,588.342163,1550.666748,-3978.407227,591.805237,1469.558594,-3983.776855,600.926636,1592.568970,-4008.416260,571.555359,1503.860107,-3935.906250,589.081482,1636.679321,-3985.529297,591.744507,1469.266113,-3983.700439,601.010620,1592.569580,-4008.499023,571.633545,1504.082031,-3936.048096,588.974060,1636.739136,-3985.377930,2616.275635,1567.727539,-3159.805176,,,,,,,,,,,,,,,,,,,,,,,,,,,,,,,,,
2363,23.630000,0.000000,0.000000,0.000000,1.000000,0.000000,0.000000,0.000000,57.698101,20.499701,-14.700500,0.047771,-0.013570,0.015998,-15.666301,-52.738201,18.801300,-93.396698,0.129960,17.611099,-0.223986,-0.493187,-0.662550,0.517325,587.702332,1550.632568,-3980.066650,591.294434,1469.523804,-3985.338623,600.367493,1592.520996,-4010.060791,570.784973,1503.847046,-3937.594482,588.362366,1636.638916,-3987.271973,591.181641,1469.346802,-3985.230957,600.449646,1592.492554,-4010.018311,570.931763,1504.011475,-3937.818604,588.254028,1636.687378,-3987.219238,2616.289062,1567.757568,-3159.788818,,,,,,,,,,,,,,,,,,,,,,,,,,,,,,,,,
2364,23.640000,0.000000,0.000000,0.000000,1.000000,0.000000,0.000000,0.000000,57.698101,20.499701,-14.700500,0.047771,-0.013570,0.015998,-15.666301,-52.738201,18.801300,-93.396698,0.129960,17.611099,-0.223472,-0.494530,-0.662409,0.516443,586.984924,1550.636719,-3981.850342,590.598938,1469.519043,-3986.967529,599.732788,1592.472778,-4011.882812,569.949341,1503.925415,-3939.343750,587.658508,1636.630127,-3989.207275,590.505493,1469.278442,-3986.817627,599.773682,1592.437866,-4011.868408,570.120300,1504.264893,-3939.697510,587.562927,1636.616943,-3989.080078,2616.281982,1567.743164,-3159.788086,,,,,,,,,,,,,,,,,,,,,,,,,,,,,,,,,
2365,23.650000,0.000000,0.000000,0.000000,1.000000,0.000000,0.000000,0.000000,57.698101,20.499701,-14.700500,0.047771,-0.013570,0.015998,-15.666301,-52.738201,18.801300,-93.396698,0.129960,17.611099,-0.223344,-0.495444,-0.662344,0.515707,586.178894,1550.558838,-3983.722656,589.771790,1469.432251,-3988.713867,598.996826,1592.345825,-4013.793457,569.048889,1503.916382,-3941.178223,586.898010,1636.541016,-3991.205078,589.723999,1469.231323,-3988.668457,599.058838,1592.256104,-4013.817383,569.165588,1504.331299,-3941.408691,586.780090,1636.491699,-3991.031494,2616.265625,1567.758911,-3159.786133,,,,,,,,,,,,,,,,,,,,,,,,,,,,,,,,,
2366,23.660000,0.000000,0.000000,0.000000,1.000000,0.000000,0.000000,0.000000,57.698101,20.499701,-14.700500,0.047771,-0.013570,0.015998,-15.666301,-52.738201,18.801300,-93.396698,0.129960,17.611099,-0.224099,-0.494726,-0.662421,0.515969,585.592712,1550.468506,-3985.343994,589.110779,1469.340942,-3990.371826,598.384949,1592.256348,-4015.424805,568.508911,1503.824219,-3942.783203,586.366028,1636.452881,-3992.796143,589.029663,1469.177979,-3990.352051,598.495667,1592.149536,-4015.406494,568.638977,1504.132812,-3942.952881,586.219543,1636.455200,-3992.685791,2616.253174,1567.728516,-3159.786133,,,,,,,,,,,,,,,,,,,,,,,,,,,,,,,,,
2367,23.670000,0.000000,0.000000,0.000000,1.000000,0.000000,0.000000,0.000000,57.698101,20.499701,-14.700500,0.047771,-0.013570,0.015998,-15.666301,-52.738201,18.801300,-93.396698,0.129960,17.611099,-0.221258,-0.498448,-0.661642,0.514611,584.701599,1550.294312,-3987.223389,588.544250,1469.163086,-3991.945557,597.607239,1592.025024,-4017.334961,567.414124,1503.734009,-3944.652832,585.240723,1636.255249,-3994.960449,588.391968,1469.123901,-3991.719238,597.669128,1592.000122,-4017.301514,567.626648,1503.850342,-3945.043213,585.147217,1636.225952,-3994.893311,2616.292969,1567.713135,-3159.757812,,,,,,,,,,,,,,,,,,,,,,,,,,,,,,,,,
2368,23.680000,0.000000,0.000000,0.000000,1.000000,0.000000,0.000000,0.000000,57.698101,20.499701,-14.700500,0.047771,-0.013570,0.015998,-15.666301,-52.738201,18.801300,-93.396698,0.129960,17.611099,-0.221510,-0.498875,-0.660907,0.515033,583.843201,1550.154419,-3989.079590,587.784546,1469.021729,-3993.692871,596.677185,1591.860107,-4019.256104,566.641357,1503.630859,-3946.434082,584.269531,1636.105469,-3996.934570,587.710815,1469.105713,-3993.506348,596.696838,1591.779053,-4019.315186,566.752808,1503.719727,-3946.718018,584.221191,1636.031982,-3996.800781,2616.328125,1567.718262,-3159.739258,,,,,,,,,,,,,,,,,,,,,,,,,,,,,,,,,
2369,23.690000,0.000000,0.000000,0.000000,1.000000,0.000000,0.000000,0.000000,57.698101,20.499701,-14.700500,0.047771,-0.013570,0.015998,-15.666301,-52.738201,18.801300,-93.396698,0.129960,17.611099,-0.221483,-0.498937,-0.660909,0.514981,582.955994,1550.029175,-3990.784668,586.896729,1468.895996,-3995.391357,595.795410,1591.732422,-4020.962646,565.746826,1503.509155,-3948.138184,583.385071,1635.979492,-3998.646240,586.833435,1468.939941,-3995.271240,595.823120,1591.690918,-4020.984619,565.841431,1503.619751,-3948.346924,583.331787,1635.878662,-3998.551270,2616.297363,1567.715942,-3159.744629,,,,,,,,,,,,,,,,,,,,,,,,,,,,,,,,,
2370,23.700000,0.000000,0.000000,0.000000,1.000000,0.000000,0.000000,0.000000,57.698101,20.499701,-14.700500,0.047771,-0.013570,0.015998,-15.666301,-52.738201,18.801300,-93.396698,0.129960,17.611099,-0.218834,-0.502003,-0.659930,0.514389,582.049683,1549.942017,-3992.404541,586.363953,1468.814819,-3996.775146,594.918579,1591.622070,-4022.601562,564.746399,1503.458374,-3949.756592,582.169739,1635.873047,-4000.484375,586.241394,1468.897583,-3996.570068,594.938416,1591.631958,-4022.558105,564.916199,1503.540405,-3950.094971,582.119019,1635.713989,-4000.439209,2616.272949,1567.741699,-3159.759766,,,,,,,,,,,,,,,,,,,,,,,,,,,,,,,,,
2371,23.710000,0.000000,0.000000,0.000000,1.000000,0.000000,0.000000,0.000000,57.698101,20.499701,-14.700500,0.047771,-0.013570,0.015998,-15.666301,-52.738201,18.801300,-93.396698,0.129960,17.611099,-0.217587,-0.503382,-0.659000,0.514764,581.003784,1549.737305,-3994.170166,585.596069,1468.619263,-3998.424561,593.803711,1591.420410,-4024.392578,563.756958,1503.252319,-3951.500977,580.858276,1635.657715,-4002.362793,585.570740,1468.793335,-3998.112305,593.702942,1591.383057,-4024.506104,563.839661,1503.325317,-3951.914062,580.919067,1635.468872,-4002.165771,2616.252441,1567.755005,-3159.766602,,,,,,,,,,,,,,,,,,,,,,,,,,,,,,,,,
2372,23.720000,0.000000,0.000000,0.000000,1.000000,0.000000,0.000000,0.000000,57.698101,20.499701,-14.700500,0.047771,-0.013570,0.015998,-15.666301,-52.738201,18.801300,-93.396698,0.129960,17.611099,-0.219146,-0.502682,-0.657444,0.516772,579.947449,1549.477783,-3995.869873,584.709290,1468.364990,-4000.038086,592.482666,1591.149292,-4026.218994,563.044983,1503.010986,-3953.043213,579.552856,1635.386230,-4004.178955,584.696716,1468.526489,-3999.864014,592.424561,1591.097534,-4026.294189,563.103149,1503.162354,-3953.322510,579.576599,1635.127441,-4003.999268,2616.269775,1567.750732,-3159.763184,,,,,,,,,,,,,,,,,,,,,,,,,,,,,,,,,
2373,23.730000,0.000000,0.000000,0.000000,1.000000,0.000000,0.000000,0.000000,57.698101,20.499701,-14.700500,0.047771,-0.013570,0.015998,-15.666301,-52.738201,18.801300,-93.396698,0.129960,17.611099,-0.218271,-0.503361,-0.656763,0.517347,578.947693,1549.199829,-3997.468262,583.927551,1468.098022,-4001.597900,591.402649,1590.891479,-4027.822510,562.125977,1502.706665,-3954.638428,578.334656,1635.103394,-4005.813965,583.828064,1468.217896,-4001.512451,591.448425,1590.916138,-4027.748047,562.256348,1502.865234,-3954.846191,578.256714,1634.774658,-4005.786377,2616.310547,1567.754272,-3159.751465,,,,,,,,,,,,,,,,,,,,,,,,,,,,,,,,,
2374,23.740000,0.000000,0.000000,0.000000,1.000000,0.000000,0.000000,0.000000,57.698101,20.499701,-14.700500,0.047771,-0.013570,0.015998,-15.666301,-52.738201,18.801300,-93.396698,0.129960,17.611099,-0.216537,-0.504494,-0.656446,0.517374,578.043274,1548.897339,-3998.897461,583.247803,1467.808960,-4003.010254,590.489197,1590.621460,-4029.210938,561.202087,1502.360352,-3956.123047,577.233948,1634.799072,-4007.245605,583.170532,1467.967773,-4002.785156,590.421265,1590.634155,-4029.148682,561.344116,1502.467285,-3956.512939,577.263672,1634.530518,-4007.196533,2616.317383,1567.704224,-3159.734131,,,,,,,,,,,,,,,,,,,,,,,,,,,,,,,,,
2375,23.750000,0.000000,0.000000,0.000000,1.000000,0.000000,0.000000,0.000000,57.698101,20.499701,-14.700500,0.047771,-0.013570,0.015998,-15.666301,-52.738201,18.801300,-93.396698,0.129960,17.611099,-0.215780,-0.504143,-0.656751,0.517646,576.987671,1548.456299,-4000.579346,582.247253,1467.378296,-4004.825195,589.421082,1590.239014,-4030.817139,560.156128,1501.837036,-3957.890869,576.126221,1634.371338,-4008.784180,582.241028,1467.541016,-4004.560059,589.282166,1590.246704,-4030.862793,560.232178,1501.989990,-3958.307373,576.225830,1634.047119,-4008.616943,2616.294678,1567.729126,-3159.742676,,,,,,,,,,,,,,,,,,,,,,,,,,,,,,,,,
2376,23.760000,0.000000,0.000000,0.000000,1.000000,0.000000,0.000000,0.000000,57.698101,20.499701,-14.700500,0.047771,-0.013570,0.015998,-15.666301,-52.738201,18.801300,-93.396698,0.129960,17.611099,-0.218223,-0.502006,-0.656262,0.519316,576.102905,1548.012451,-4002.150146,581.275452,1466.932983,-4006.474854,588.343567,1589.802002,-4032.456787,559.551941,1501.382935,-3959.363037,575.240601,1633.932251,-4010.305420,581.328430,1467.079224,-4006.345703,588.222290,1589.745850,-4032.563232,559.548096,1501.594116,-3959.597900,575.326111,1633.607910,-4010.082764,2616.294434,1567.736816,-3159.761230,,,,,,,,,,,,,,,,,,,,,,,,,,,,,,,,,
2377,23.770000,0.000000,0.000000,0.000000,1.000000,0.000000,0.000000,0.000000,57.698101,20.499701,-14.700500,0.047771,-0.013570,0.015998,-15.666301,-52.738201,18.801300,-93.396698,0.129960,17.611099,-0.216758,-0.503143,-0.656676,0.518305,575.054993,1547.525513,-4003.832275,580.263123,1466.447144,-4008.135254,587.417053,1589.317749,-4034.086182,558.330078,1500.892456,-3961.116943,574.209717,1633.445068,-4011.990967,580.323914,1466.548462,-4007.988525,587.245239,1589.212646,-4034.133057,558.356995,1501.264648,-3961.499512,574.314148,1633.099854,-4011.751709,2616.265869,1567.743652,-3159.772949,,,,,,,,,,,,,,,,,,,,,,,,,,,,,,,,,
2378,23.780000,0.000000,0.000000,0.000000,1.000000,0.000000,0.000000,0.000000,57.698101,20.499701,-14.700500,0.047771,-0.013570,0.015998,-15.666301,-52.738201,18.801300,-93.396698,0.129960,17.611099,-0.214130,-0.505468,-0.656789,0.516990,574.132446,1547.064941,-4005.411133,579.518005,1465.992798,-4009.611572,586.637512,1588.855835,-4035.607910,557.183228,1500.434814,-3962.781006,573.190918,1632.976440,-4013.643799,579.580933,1466.119507,-4009.426514,586.390625,1588.718506,-4035.573486,557.250549,1500.900879,-3963.322754,573.339355,1632.577515,-4013.426758,2616.271729,1567.731689,-3159.785400,,,,,,,,,,,,,,,,,,,,,,,,,,,,,,,,,
2379,23.790000,0.000000,0.000000,0.000000,1.000000,0.000000,0.000000,0.000000,57.698101,20.499701,-14.700500,0.047771,-0.013570,0.015998,-15.666301,-52.738201,18.801300,-93.396698,0.129960,17.611099,-0.216579,-0.502204,-0.657060,0.518804,573.207092,1546.446655,-4007.128662,578.412964,1465.377319,-4011.601074,585.535400,1588.300415,-4037.311035,556.529419,1499.726807,-3964.489746,572.350464,1632.382568,-4015.112793,578.487488,1465.549805,-4011.386475,585.320862,1588.144531,-4037.402588,556.548889,1500.027832,-3964.920410,572.486084,1632.088257,-4014.846436,2616.281982,1567.717163,-3159.782959,,,,,,,,,,,,,,,,,,,,,,,,,,,,,,,,,
2380,23.800000,0.000000,0.000000,0.000000,1.000000,0.000000,0.000000,0.000000,57.698101,20.499701,-14.700500,0.047771,-0.013570,0.015998,-15.666301,-52.738201,18.801300,-93.396698,0.129960,17.611099,-0.218440,-0.499522,-0.657348,0.520246,572.350098,1545.882324,-4008.804199,577.409668,1464.817139,-4013.513672,584.540710,1587.794189,-4038.962402,555.884705,1499.079224,-3966.174072,571.565063,1631.838989,-4016.567139,577.475952,1464.985474,-4013.330078,584.398376,1587.612549,-4039.145996,555.881470,1499.301147,-3966.481689,571.646729,1631.630981,-4016.268799,2616.290283,1567.745483,-3159.784912,,,,,,,,,,,,,,,,,,,,,,,,,,,,,,,,,
2381,23.810000,0.000000,0.000000,0.000000,1.000000,0.000000,0.000000,0.000000,57.698101,20.499701,-14.700500,0.047771,-0.013570,0.015998,-15.666301,-52.738201,18.801300,-93.396698,0.129960,17.611099,-0.218467,-0.499490,-0.657398,0.520203,571.459961,1545.339111,-4010.481445,576.507324,1464.273315,-4015.193848,583.656860,1587.250488,-4040.637451,554.987671,1498.536621,-3967.853027,570.687866,1631.296265,-4018.240479,576.523865,1464.421631,-4015.046631,583.569580,1587.147949,-4040.705322,555.023926,1498.714355,-3968.120117,570.732178,1631.083130,-4018.062988,2616.258789,1567.718628,-3159.793945,,,,,,,,,,,,,,,,,,,,,,,,,,,,,,,,,
2382,23.820000,0.000000,0.000000,0.000000,1.000000,0.000000,0.000000,0.000000,57.698101,20.499701,-14.700500,0.047771,-0.013570,0.015998,-15.666301,-52.738201,18.801300,-93.396698,0.129960,17.611099,-0.216352,-0.500905,-0.657758,0.519269,570.473206,1544.774048,-4012.214600,575.637207,1463.715454,-4016.923828,582.783691,1586.708008,-4042.292969,553.826233,1497.940430,-3969.688721,569.645508,1630.732666,-4019.953369,575.633972,1463.859497,-4016.731689,582.652100,1586.616333,-4042.262451,553.914795,1498.152466,-3970.086182,569.715088,1630.501343,-4019.834961,2616.297363,1567.722168,-3159.802246,,,,,,,,,,,,,,,,,,,,,,,,,,,,,,,,,
2383,23.830000,0.000000,0.000000,0.000000,1.000000,0.000000,0.000000,0.000000,57.698101,20.499701,-14.700500,0.047771,-0.013570,0.015998,-15.666301,-52.738201,18.801300,-93.396698,0.129960,17.611099,-0.215169,-0.500243,-0.659510,0.518176,569.475159,1544.195435,-4014.055664,574.461182,1463.141235,-4019.025391,581.966309,1586.201538,-4043.958252,552.602173,1497.257812,-3971.733887,568.870972,1630.181274,-4021.505371,574.447754,1463.207642,-4018.830322,581.858948,1586.111206,-4043.948730,552.707031,1497.503052,-3972.151611,568.912964,1630.008423,-4021.367920,2616.287598,1567.759521,-3159.806152,,,,,,,,,,,,,,,,,,,,,,,,,,,,,,,,,
2384,23.840000,0.000000,0.000000,0.000000,1.000000,0.000000,0.000000,0.000000,57.698101,20.499701,-14.700500,0.047771,-0.013570,0.015998,-15.666301,-52.738201,18.801300,-93.396698,0.129960,17.611099,-0.219347,-0.496907,-0.658922,0.520377,568.514587,1543.622070,-4015.876709,573.272888,1462.559692,-4020.936523,580.751709,1585.614868,-4045.902832,552.027344,1496.701416,-3973.384277,568.006348,1629.612305,-4023.283447,573.374451,1462.620850,-4020.821533,580.578735,1585.380493,-4046.090088,551.989929,1496.983765,-3973.639160,568.098328,1629.499023,-4022.980713,2616.267090,1567.767700,-3159.812500,,,,,,,,,,,,,,,,,,,,,,,,,,,,,,,,,
2385,23.850000,0.000000,0.000000,0.000000,1.000000,0.000000,0.000000,0.000000,57.698101,20.499701,-14.700500,0.047771,-0.013570,0.015998,-15.666301,-52.738201,18.801300,-93.396698,0.129960,17.611099,-0.217796,-0.498349,-0.659317,0.519147,567.566589,1543.147339,-4017.597656,572.361145,1462.083496,-4022.598633,579.945984,1585.129028,-4047.580811,550.876282,1496.242676,-3975.166992,567.082825,1629.134277,-4025.043945,572.478821,1462.135742,-4022.437012,579.693481,1584.888306,-4047.701904,550.862061,1496.696777,-3975.603271,567.221008,1628.923584,-4024.720215,2616.296143,1567.732788,-3159.814453,,,,,,,,,,,,,,,,,,,,,,,,,,,,,,,,,
2386,23.860000,0.000000,0.000000,0.000000,1.000000,0.000000,0.000000,0.000000,57.698101,20.499701,-14.700500,0.047771,-0.013570,0.015998,-15.666301,-52.738201,18.801300,-93.396698,0.129960,17.611099,-0.215162,-0.499722,-0.660535,0.517375,566.597412,1542.666382,-4019.436768,571.397583,1461.607666,-4024.514160,579.207947,1584.684204,-4049.272461,549.584595,1495.710205,-3977.191406,566.199341,1628.663818,-4026.768799,571.486572,1461.620972,-4024.320068,578.932434,1584.441772,-4049.284424,549.639526,1496.232300,-3977.772705,566.331665,1628.482788,-4026.515869,2616.286133,1567.727051,-3159.802246,,,,,,,,,,,,,,,,,,,,,,,,,,,,,,,,,
2387,23.870000,0.000000,0.000000,0.000000,1.000000,0.000000,0.000000,0.000000,57.698101,20.499701,-14.700500,0.047771,-0.013570,0.015998,-15.666301,-52.738201,18.801300,-93.396698,0.129960,17.611099,-0.217347,-0.497661,-0.660606,0.518356,565.505493,1542.148682,-4021.438965,570.125244,1461.086182,-4026.621826,578.015564,1584.171753,-4051.310059,548.658264,1495.183594,-3979.137451,565.222900,1628.153564,-4028.687012,570.239807,1461.043213,-4026.481201,577.773743,1583.869751,-4051.433105,548.658386,1495.728394,-3979.594971,565.327942,1628.043091,-4028.345947,2616.256104,1567.731934,-3159.810547,,,,,,,,,,,,,,,,,,,,,,,,,,,,,,,,,
2388,23.880000,0.000000,0.000000,0.000000,1.000000,0.000000,0.000000,0.000000,57.698101,20.499701,-14.700500,0.047771,-0.013570,0.015998,-15.666301,-52.738201,18.801300,-93.396698,0.129960,17.611099,-0.220564,-0.494769,-0.660674,0.519678,564.580750,1541.604004,-4023.214355,568.930237,1460.534912,-4028.527344,576.952393,1583.626221,-4053.144043,547.964355,1494.637573,-3980.822998,564.475952,1627.617554,-4030.363037,569.061462,1460.511230,-4028.415771,576.741211,1583.368164,-4053.365723,547.905701,1494.986572,-3981.093018,564.586121,1627.562134,-4030.019775,2616.286865,1567.702148,-3159.802979,,,,,,,,,,,,,,,,,,,,,,,,,,,,,,,,,
2389,23.890000,0.000000,0.000000,0.000000,1.000000,0.000000,0.000000,0.000000,57.698101,20.499701,-14.700500,0.047771,-0.013570,0.015998,-15.666301,-52.738201,18.801300,-93.396698,0.129960,17.611099,-0.219307,-0.495946,-0.660873,0.518834,563.689331,1541.148682,-4024.944336,568.094604,1460.079224,-4030.205811,576.156494,1583.163696,-4054.844482,546.932251,1494.192871,-3982.596680,563.574036,1627.159180,-4032.130127,568.160095,1460.106567,-4030.007324,575.956116,1583.000732,-4054.911621,546.954834,1494.412231,-3982.978027,563.683838,1627.101929,-4031.937500,2616.299316,1567.723877,-3159.787842,,,,,,,,,,,,,,,,,,,,,,,,,,,,,,,,,
2390,23.900000,0.000000,0.000000,0.000000,1.000000,0.000000,0.000000,0.000000,57.698101,20.499701,-14.700500,0.047771,-0.013570,0.015998,-15.666301,-52.738201,18.801300,-93.396698,0.129960,17.611099,-0.218478,-0.495950,-0.661929,0.517833,562.523987,1540.684937,-4026.956055,566.813416,1459.616333,-4032.325195,575.134460,1582.723633,-4056.762695,545.583801,1493.694214,-3984.720215,562.564148,1626.705933,-4034.016113,566.875427,1459.606079,-4032.082031,574.915588,1582.522461,-4056.842285,545.619568,1493.880005,-3985.158691,562.680847,1626.750854,-4033.813477,2616.310303,1567.732544,-3159.779785,,,,,,,,,,,,,,,,,,,,,,,,,,,,,,,,,
2391,23.910000,0.000000,0.000000,0.000000,1.000000,0.000000,0.000000,0.000000,57.698101,20.499701,-14.700500,0.047771,-0.013570,0.015998,-15.666301,-52.738201,18.801300,-93.396698,0.129960,17.611099,-0.220427,-0.494850,-0.661872,0.518133,561.411560,1540.261841,-4028.830566,565.520813,1459.182495,-4034.177246,573.983582,1582.261475,-4058.708740,544.550415,1493.324707,-3986.503418,561.591309,1626.279175,-4035.933105,565.629944,1459.167603,-4033.996094,573.773926,1582.057495,-4058.923828,544.509521,1493.491089,-3986.775879,561.716980,1626.326416,-4035.648926,2616.292236,1567.768555,-3159.784424,,,,,,,,,,,,,,,,,,,,,,,,,,,,,,,,,
2392,23.920000,0.000000,0.000000,0.000000,1.000000,0.000000,0.000000,0.000000,57.698101,20.499701,-14.700500,0.047771,-0.013570,0.015998,-15.666301,-52.738201,18.801300,-93.396698,0.129960,17.611099,-0.220161,-0.495460,-0.662110,0.517357,560.359192,1539.907715,-4030.543213,564.418213,1458.821899,-4035.830566,573.017822,1581.878784,-4060.424805,543.384644,1493.010132,-3988.217529,560.615967,1625.920288,-4037.700195,564.459045,1458.776733,-4035.662109,572.892883,1581.752197,-4060.515869,543.412964,1493.206299,-3988.521484,560.674561,1625.918213,-4037.509521,2616.276855,1567.750000,-3159.775146,,,,,,,,,,,,,,,,,,,,,,,,,,,,,,,,,
2393,23.930000,0.000000,0.000000,0.000000,1.000000,0.000000,0.000000,0.000000,57.698101,20.499701,-14.700500,0.047771,-0.013570,0.015998,-15.666301,-52.738201,18.801300,-93.396698,0.129960,17.611099,-0.217968,-0.497308,-0.663026,0.515337,559.221191,1539.591064,-4032.263672,563.266663,1458.501831,-4037.509033,572.122009,1581.549316,-4062.059326,541.911682,1492.711182,-3990.054443,559.584412,1625.602295,-4039.432129,563.253540,1458.400146,-4037.315918,571.997925,1581.474243,-4061.997314,542.015137,1492.877075,-3990.437012,559.633301,1625.635742,-4039.369141,2616.270752,1567.716675,-3159.764893,,,,,,,,,,,,,,,,,,,,,,,,,,,,,,,,,
2394,23.940000,0.000000,0.000000,0.000000,1.000000,0.000000,0.000000,0.000000,57.698101,20.499701,-14.700500,0.047771,-0.013570,0.015998,-15.666301,-52.738201,18.801300,-93.396698,0.129960,17.611099,-0.217869,-0.496657,-0.664225,0.514461,558.043396,1539.318359,-4034.031006,561.883972,1458.228394,-4039.416260,571.078064,1581.295898,-4063.741211,540.576721,1492.408569,-3991.919678,558.634888,1625.340820,-4041.046143,561.970520,1458.081543,-4039.155029,570.861694,1581.169922,-4063.906738,540.572815,1492.542114,-3992.276611,558.771912,1625.489624,-4040.797607,2616.303467,1567.719360,-3159.748535,,,,,,,,,,,,,,,,,,,,,,,,,,,,,,,,,
2395,23.950000,0.000000,0.000000,0.000000,1.000000,0.000000,0.000000,0.000000,57.698101,20.499701,-14.700500,0.047771,-0.013570,0.015998,-15.666301,-52.738201,18.801300,-93.396698,0.129960,17.611099,-0.217704,-0.497115,-0.664334,0.513948,556.880371,1539.036621,-4035.668457,560.692749,1457.942017,-4041.004150,569.970154,1580.992065,-4065.385254,539.340942,1492.157715,-3993.552979,557.517578,1625.055054,-4042.730713,560.811279,1457.839722,-4040.759033,569.735168,1580.884277,-4065.635742,539.290955,1492.253296,-3993.835693,557.680054,1625.170654,-4042.444336,2616.281006,1567.749023,-3159.759033,,,,,,,,,,,,,,,,,,,,,,,,,,,,,,,,,
2396,23.960000,0.000000,0.000000,0.000000,1.000000,0.000000,0.000000,0.000000,57.698101,20.499701,-14.700500,0.047771,-0.013570,0.015998,-15.666301,-52.738201,18.801300,-93.396698,0.129960,17.611099,-0.215130,-0.499309,-0.665125,0.511877,555.698608,1538.798218,-4037.264404,559.549744,1457.701294,-4042.538086,569.030151,1580.741699,-4066.890625,537.817200,1491.936157,-3995.274170,556.397339,1624.813843,-4044.354004,559.693481,1457.588135,-4042.196777,568.684998,1580.685913,-4067.110596,537.759155,1491.936279,-3995.632812,556.653076,1624.980469,-4044.114990,2616.279541,1567.734009,-3159.748535,,,,,,,,,,,,,,,,,,,,,,,,,,,,,,,,,
2397,23.970000,0.000000,0.000000,0.000000,1.000000,0.000000,0.000000,0.000000,57.698101,20.499701,-14.700500,0.047771,-0.013570,0.015998,-15.666301,-52.738201,18.801300,-93.396698,0.129960,17.611099,-0.213412,-0.501096,-0.665319,0.510597,554.506592,1538.646606,-4038.761230,558.433594,1457.546997,-4043.934326,567.975891,1580.568970,-4068.354980,536.422607,1491.815063,-3996.823486,555.194275,1624.655762,-4045.931396,558.496399,1457.380127,-4043.732666,567.765198,1580.556396,-4068.369873,536.443848,1491.964355,-3997.141357,555.322388,1624.691162,-4045.825928,2616.297119,1567.739136,-3159.740723,,,,,,,,,,,,,,,,,,,,,,,,,,,,,,,,,
2398,23.980000,0.000000,0.000000,0.000000,1.000000,0.000000,0.000000,0.000000,57.698101,20.499701,-14.700500,0.047771,-0.013570,0.015998,-15.666301,-52.738201,18.801300,-93.396698,0.129960,17.611099,-0.211262,-0.502418,-0.665744,0.509637,553.247742,1538.472046,-4040.326172,557.284180,1457.378784,-4045.515137,566.833008,1580.421387,-4069.828613,534.986694,1491.603394,-3998.507080,553.887024,1624.484985,-4047.453857,557.403259,1457.269287,-4045.166016,566.509277,1580.411865,-4070.016357,534.959595,1491.679688,-3998.921631,554.113708,1624.527954,-4047.219238,2616.297363,1567.740112,-3159.736572,,,,,,,,,,,,,,,,,,,,,,,,,,,,,,,,,
2399,23.990000,0.000000,0.000000,0.000000,1.000000,0.000000,0.000000,0.000000,57.698101,20.499701,-14.700500,0.047771,-0.013570,0.015998,-15.666301,-52.738201,18.801300,-93.396698,0.129960,17.611099,-0.207097,-0.504895,-0.666048,0.508499,551.881836,1538.204224,-4041.930664,556.243103,1457.129272,-4047.143066,565.598938,1580.222778,-4071.273438,533.390930,1491.240601,-4000.319580,552.294312,1624.224365,-4048.986816,556.391968,1457.191040,-4046.591309,565.150574,1580.247437,-4071.609863,533.316772,1490.997070,-4000.797363,552.655396,1624.375854,-4048.726074,2616.284180,1567.728149,-3159.750244,,,,,,,,,,,,,,,,,,,,,,,,,,,,,,,,,
2400,24.000000,0.000000,0.000000,0.000000,1.000000,0.000000,0.000000,0.000000,57.698101,20.499701,-14.700500,0.047771,-0.013570,0.015998,-15.666301,-52.738201,18.801300,-93.396698,0.129960,17.611099,-0.206976,-0.505495,-0.665095,0.509200,550.676636,1538.196167,-4043.308838,555.220520,1457.124390,-4048.412842,564.288513,1580.206177,-4072.712402,532.306274,1491.246948,-4001.627930,550.891174,1624.207642,-4050.481201,555.260498,1457.131104,-4048.138184,564.117188,1580.219238,-4072.872559,532.309387,1491.220093,-4001.907715,551.018066,1624.213745,-4050.321045,2616.269287,1567.741699,-3159.757568,,,,,,,,,,,,,,,,,,,,,,,,,,,,,,,,,
2401,24.010000,0.000000,0.000000,0.000000,1.000000,0.000000,0.000000,0.000000,57.698101,20.499701,-14.700500,0.047771,-0.013570,0.015998,-15.666301,-52.738201,18.801300,-93.396698,0.129960,17.611099,-0.203893,-0.507304,-0.665815,0.507702,549.289551,1538.169189,-4044.760742,553.965515,1457.106812,-4049.897705,563.081055,1580.219482,-4074.022705,530.650146,1491.163696,-4003.263428,549.461365,1624.186768,-4051.858887,553.963989,1457.129883,-4049.704590,562.979919,1580.276489,-4074.089111,530.676758,1491.136108,-4003.465088,549.538086,1624.134155,-4051.787842,2616.251709,1567.750854,-3159.769531,,,,,,,,,,,,,,,,,,,,,,,,,,,,,,,,,
2402,24.020000,0.000000,0.000000,0.000000,1.000000,0.000000,0.000000,0.000000,57.698101,20.499701,-14.700500,0.047771,-0.013570,0.015998,-15.666301,-52.738201,18.801300,-93.396698,0.129960,17.611099,-0.201360,-0.508868,-0.665610,0.507415,547.827942,1538.065063,-4046.255127,552.776489,1457.018311,-4051.380127,561.642761,1580.162109,-4075.438965,529.117126,1490.996216,-4004.861816,547.775391,1624.083984,-4053.339111,552.736267,1457.186157,-4051.013916,561.507141,1580.224731,-4075.542480,529.186157,1490.853882,-4005.217529,547.885559,1624.000977,-4053.243652,2616.270264,1567.747314,-3159.769531,,,,,,,,,,,,,,,,,,,,,,,,,,,,,,,,,
2403,24.030000,0.000000,0.000000,0.000000,1.000000,0.000000,0.000000,0.000000,57.698101,20.499701,-14.700500,0.047771,-0.013570,0.015998,-15.666301,-52.738201,18.801300,-93.396698,0.129960,17.611099,-0.202371,-0.507440,-0.665328,0.508812,546.389648,1538.031860,-4047.789551,551.359497,1456.993652,-4053.029541,560.055298,1580.169800,-4076.984375,527.883545,1490.905273,-4006.370117,546.260193,1624.058838,-4054.774170,551.329651,1457.214844,-4052.643799,559.883728,1580.144165,-4077.056396,527.964417,1490.771362,-4006.782471,546.386169,1624.013428,-4054.680420,2616.301758,1567.735718,-3159.766846,,,,,,,,,,,,,,,,,,,,,,,,,,,,,,,,,
2404,24.040000,0.000000,0.000000,0.000000,1.000000,0.000000,0.000000,0.000000,57.698101,20.499701,-14.700500,0.047771,-0.013570,0.015998,-15.666301,-52.738201,18.801300,-93.396698,0.129960,17.611099,-0.204701,-0.505888,-0.663936,0.511237,544.869263,1537.999390,-4049.364502,549.932556,1456.965698,-4054.583496,558.239929,1580.138062,-4078.694824,526.760681,1490.873169,-4007.769043,544.543762,1624.020874,-4056.410889,549.903931,1457.237915,-4054.287354,558.124084,1579.994141,-4078.765869,526.843994,1490.867310,-4008.132080,544.609070,1623.938721,-4056.276855,2616.274658,1567.733887,-3159.779297,,,,,,,,,,,,,,,,,,,,,,,,,,,,,,,,,
2405,24.050000,0.000000,0.000000,0.000000,1.000000,0.000000,0.000000,0.000000,57.698101,20.499701,-14.700500,0.047771,-0.013570,0.015998,-15.666301,-52.738201,18.801300,-93.396698,0.129960,17.611099,-0.207868,-0.503067,-0.663362,0.513484,543.425049,1538.007568,-4050.822754,548.373901,1456.974365,-4056.157959,556.546936,1580.160889,-4080.244629,525.679260,1490.860229,-4009.095215,543.099915,1624.035278,-4057.793213,548.410645,1457.192261,-4055.890137,556.409912,1579.969360,-4080.455811,525.700439,1490.936035,-4009.420898,543.178772,1623.941528,-4057.528076,2616.237549,1567.730591,-3159.791992,,,,,,,,,,,,,,,,,,,,,,,,,,,,,,,,,
2406,24.060000,0.000000,0.000000,0.000000,1.000000,0.000000,0.000000,0.000000,57.698101,20.499701,-14.700500,0.047771,-0.013570,0.015998,-15.666301,-52.738201,18.801300,-93.396698,0.129960,17.611099,-0.210868,-0.500613,-0.662605,0.515631,541.883240,1537.965088,-4052.408203,546.750427,1456.931519,-4057.812744,554.757996,1580.121948,-4081.933594,524.493164,1490.812012,-4010.537598,541.531250,1623.994995,-4059.349121,546.811890,1457.125610,-4057.584717,554.602539,1579.948975,-4082.130859,524.502686,1491.019043,-4010.882324,541.620972,1623.772339,-4059.042969,2616.289551,1567.761353,-3159.806152,,,,,,,,,,,,,,,,,,,,,,,,,,,,,,,,,
2407,24.070000,0.000000,0.000000,0.000000,1.000000,0.000000,0.000000,0.000000,57.698101,20.499701,-14.700500,0.047771,-0.013570,0.015998,-15.666301,-52.738201,18.801300,-93.396698,0.129960,17.611099,-0.211993,-0.499477,-0.662329,0.516625,540.224243,1537.920654,-4053.955078,545.070679,1456.889771,-4059.417236,552.987671,1580.091919,-4083.508545,522.992126,1490.747437,-4012.041992,539.846497,1623.953979,-4060.852539,545.102356,1457.045776,-4059.216064,552.832520,1579.958618,-4083.559570,523.043335,1490.964233,-4012.415527,539.932678,1623.741577,-4060.666504,2616.252686,1567.720947,-3159.807373,,,,,,,,,,,,,,,,,,,,,,,,,,,,,,,,,
2408,24.080000,0.000000,0.000000,0.000000,1.000000,0.000000,0.000000,0.000000,57.698101,20.499701,-14.700500,0.047771,-0.013570,0.015998,-15.666301,-52.738201,18.801300,-93.396698,0.129960,17.611099,-0.212380,-0.498359,-0.662774,0.516975,538.541687,1537.874146,-4055.523926,543.308533,1456.848267,-4061.130615,551.287231,1580.083862,-4085.029541,521.345764,1490.645386,-4013.657959,538.225098,1623.919189,-4062.276855,543.357239,1456.963379,-4060.865479,551.071777,1579.964111,-4085.096924,521.389465,1490.813843,-4014.100586,538.356873,1623.783081,-4062.092285,2616.276367,1567.715942,-3159.804932,,,,,,,,,,,,,,,,,,,,,,,,,,,,,,,,,
2409,24.090000,0.000000,0.000000,0.000000,1.000000,0.000000,0.000000,0.000000,57.698101,20.499701,-14.700500,0.047771,-0.013570,0.015998,-15.666301,-52.738201,18.801300,-93.396698,0.129960,17.611099,-0.212401,-0.496483,-0.664484,0.516576,536.910706,1537.899170,-4057.129395,541.420349,1456.881958,-4063.064209,549.763062,1580.186768,-4086.477295,519.602661,1490.557129,-4015.438477,536.856689,1623.970947,-4063.538086,541.604492,1456.884888,-4062.675049,549.306213,1579.974365,-4086.740967,519.538757,1490.676514,-4015.958740,537.161560,1624.055908,-4063.193848,2616.273926,1567.727417,-3159.807617,,,,,,,,,,,,,,,,,,,,,,,,,,,,,,,,,
2410,24.100000,0.000000,0.000000,0.000000,1.000000,0.000000,0.000000,0.000000,57.698101,20.499701,-14.700500,0.047771,-0.013570,0.015998,-15.666301,-52.738201,18.801300,-93.396698,0.129960,17.611099,-0.212315,-0.495819,-0.665210,0.516316,535.313843,1537.939087,-4058.639648,539.718811,1456.925659,-4064.702393,548.220764,1580.256348,-4087.920166,517.944824,1490.553589,-4017.023682,535.371033,1624.020996,-4064.911865,539.920776,1456.827026,-4064.328613,547.753174,1580.016602,-4088.192871,517.863525,1490.605957,-4017.468018,535.699890,1624.305542,-4064.571289,2616.279053,1567.711426,-3159.799805,,,,,,,,,,,,,,,,,,,,,,,,,,,,,,,,,
2411,24.110000,0.000000,0.000000,0.000000,1.000000,0.000000,0.000000,0.000000,57.698101,20.499701,-14.700500,0.047771,-0.013570,0.015998,-15.666301,-52.738201,18.801300,-93.396698,0.129960,17.611099,-0.212739,-0.495634,-0.664832,0.516805,533.644836,1537.942383,-4060.140137,538.085205,1456.929199,-4066.180176,546.487671,1580.256226,-4089.454102,516.359863,1490.562500,-4018.482666,533.646545,1624.022095,-4066.443359,538.247864,1456.713379,-4065.904541,546.190125,1580.099731,-4089.748291,516.285400,1490.630371,-4018.769775,533.862366,1624.336548,-4066.112061,2616.289551,1567.720703,-3159.812744,,,,,,,,,,,,,,,,,,,,,,,,,,,,,,,,,
2412,24.120000,0.000000,0.000000,0.000000,1.000000,0.000000,0.000000,0.000000,57.698101,20.499701,-14.700500,0.047771,-0.013570,0.015998,-15.666301,-52.738201,18.801300,-93.396698,0.129960,17.611099,-0.208445,-0.498327,-0.666029,0.514418,532.010498,1538.036987,-4061.542969,536.599854,1457.034302,-4067.614990,545.143677,1580.393555,-4090.665771,514.300232,1490.597046,-4020.133057,531.998169,1624.123047,-4067.758057,536.631470,1456.831543,-4067.259766,545.003845,1580.369507,-4090.899414,514.318054,1490.579468,-4020.469238,532.098206,1624.358887,-4067.508789,2616.288086,1567.722534,-3159.806152,,,,,,,,,,,,,,,,,,,,,,,,,,,,,,,,,
2413,24.130000,0.000000,0.000000,0.000000,1.000000,0.000000,0.000000,0.000000,57.698101,20.499701,-14.700500,0.047771,-0.013570,0.015998,-15.666301,-52.738201,18.801300,-93.396698,0.129960,17.611099,-0.204420,-0.501052,-0.666974,0.512157,530.348877,1538.143799,-4062.986816,535.098206,1457.149780,-4069.049805,543.746765,1580.530640,-4091.944580,512.247253,1490.661865,-4021.794678,530.303284,1624.233032,-4069.157959,534.972168,1456.946045,-4068.718994,543.743347,1580.607666,-4091.992920,512.378113,1490.534668,-4022.105713,530.296570,1624.436279,-4069.106689,2616.302979,1567.748901,-3159.795410,,,,,,,,,,,,,,,,,,,,,,,,,,,,,,,,,
2414,24.140000,0.000000,0.000000,0.000000,1.000000,0.000000,0.000000,0.000000,57.698101,20.499701,-14.700500,0.047771,-0.013570,0.015998,-15.666301,-52.738201,18.801300,-93.396698,0.129960,17.611099,-0.202350,-0.503900,-0.666024,0.511420,528.656494,1538.281738,-4064.421143,533.703064,1457.286255,-4070.217041,542.092224,1580.627075,-4093.422363,510.459717,1490.862183,-4023.199463,528.370850,1624.352051,-4070.845703,533.515869,1457.121582,-4070.080322,542.206238,1580.745239,-4093.284180,510.671021,1490.964600,-4023.441895,528.249878,1624.300049,-4070.890381,2616.299805,1567.739868,-3159.799561,,,,,,,,,,,,,,,,,,,,,,,,,,,,,,,,,
2415,24.150000,0.000000,0.000000,0.000000,1.000000,0.000000,0.000000,0.000000,57.698101,20.499701,-14.700500,0.047771,-0.013570,0.015998,-15.666301,-52.738201,18.801300,-93.396698,0.129960,17.611099,-0.197788,-0.506905,-0.666646,0.509421,526.891235,1538.268799,-4065.945557,532.207520,1457.288940,-4071.721191,540.550598,1580.661987,-4094.771973,508.344421,1490.783081,-4024.956787,526.462402,1624.341309,-4072.332764,532.076965,1457.301636,-4071.372070,540.487488,1580.852783,-4094.768555,508.507904,1490.747437,-4025.357666,526.500488,1624.172974,-4072.302734,2616.297119,1567.728882,-3159.791016,,,,,,,,,,,,,,,,,,,,,,,,,,,,,,,,,
2416,24.160000,0.000000,0.000000,0.000000,1.000000,0.000000,0.000000,0.000000,57.698101,20.499701,-14.700500,0.047771,-0.013570,0.015998,-15.666301,-52.738201,18.801300,-93.396698,0.129960,17.611099,-0.198928,-0.506828,-0.665003,0.511198,525.213989,1538.278931,-4067.418213,530.738586,1457.303223,-4073.052002,538.635193,1580.652466,-4096.384766,506.969269,1490.823730,-4026.258545,524.512939,1624.336670,-4073.977051,530.678345,1457.490112,-4072.707764,538.509949,1580.717896,-4096.431152,507.069122,1490.759155,-4026.639893,524.611145,1624.159058,-4073.898438,2616.278809,1567.729492,-3159.784424,,,,,,,,,,,,,,,,,,,,,,,,,,,,,,,,,
2417,24.170000,0.000000,0.000000,0.000000,1.000000,0.000000,0.000000,0.000000,57.698101,20.499701,-14.700500,0.047771,-0.013570,0.015998,-15.666301,-52.738201,18.801300,-93.396698,0.129960,17.611099,-0.201527,-0.506800,-0.662000,0.514097,523.604919,1538.396973,-4068.807129,529.434387,1457.420654,-4074.119141,536.623108,1580.695801,-4098.065430,505.877960,1491.051147,-4027.296631,522.484253,1624.420288,-4075.747559,529.427917,1457.636963,-4073.905029,536.513550,1580.574097,-4098.120605,505.953613,1491.218506,-4027.650391,522.540955,1624.187134,-4075.573486,2616.259521,1567.744873,-3159.783447,,,,,,,,,,,,,,,,,,,,,,,,,,,,,,,,,
2418,24.180000,0.000000,0.000000,0.000000,1.000000,0.000000,0.000000,0.000000,57.698101,20.499701,-14.700500,0.047771,-0.013570,0.015998,-15.666301,-52.738201,18.801300,-93.396698,0.129960,17.611099,-0.203192,-0.505669,-0.660966,0.515884,521.893738,1538.368286,-4070.203857,527.797668,1457.396851,-4075.504883,534.693542,1580.667847,-4099.557617,504.460205,1491.022461,-4028.569336,520.623474,1624.386475,-4077.183838,527.904541,1457.575928,-4075.164307,534.413452,1580.476807,-4099.825195,504.437561,1491.115479,-4028.986572,520.811707,1624.306152,-4076.858887,2616.286377,1567.747437,-3159.784424,,,,,,,,,,,,,,,,,,,,,,,,,,,,,,,,,
2419,24.190000,0.000000,0.000000,0.000000,1.000000,0.000000,0.000000,0.000000,57.698101,20.499701,-14.700500,0.047771,-0.013570,0.015998,-15.666301,-52.738201,18.801300,-93.396698,0.129960,17.611099,-0.206271,-0.503083,-0.660716,0.517508,520.274170,1538.414551,-4071.605225,525.990051,1457.436279,-4077.007812,532.899170,1580.710815,-4101.039062,503.110931,1491.072144,-4029.854736,519.096375,1624.439331,-4078.519287,526.112488,1457.518433,-4076.686279,532.586609,1580.518188,-4101.292969,503.077576,1491.182983,-4030.278564,519.301331,1624.433472,-4078.202637,2616.277832,1567.726440,-3159.763184,,,,,,,,,,,,,,,,,,,,,,,,,,,,,,,,,
2420,24.200000,0.000000,0.000000,0.000000,1.000000,0.000000,0.000000,0.000000,57.698101,20.499701,-14.700500,0.047771,-0.013570,0.015998,-15.666301,-52.738201,18.801300,-93.396698,0.129960,17.611099,-0.207107,-0.502138,-0.661808,0.516696,518.593750,1538.510254,-4072.994141,524.027100,1457.519043,-4078.494141,531.339966,1580.796631,-4102.389648,501.301941,1491.179077,-4031.283936,517.705811,1624.546387,-4079.808594,524.256531,1457.489624,-4078.130127,530.814453,1580.519531,-4102.678223,501.206635,1491.382812,-4031.814941,518.046387,1624.642212,-4079.413818,2616.256836,1567.710083,-3159.751709,,,,,,,,,,,,,,,,,,,,,,,,,,,,,,,,,
2421,24.210000,0.000000,0.000000,0.000000,1.000000,0.000000,0.000000,0.000000,57.698101,20.499701,-14.700500,0.047771,-0.013570,0.015998,-15.666301,-52.738201,18.801300,-93.396698,0.129960,17.611099,-0.207002,-0.501809,-0.662763,0.515833,516.916138,1538.488281,-4074.394287,522.180542,1457.491821,-4079.981445,529.784851,1580.780640,-4103.728027,499.477966,1491.146973,-4032.756836,516.221252,1624.533936,-4081.110840,522.330078,1457.452393,-4079.652832,529.380188,1580.565796,-4103.876953,499.446838,1491.248535,-4033.221680,516.484985,1624.682739,-4080.860596,2616.245361,1567.747192,-3159.758789,,,,,,,,,,,,,,,,,,,,,,,,,,,,,,,,,
2422,24.220000,0.000000,0.000000,0.000000,1.000000,0.000000,0.000000,0.000000,57.698101,20.499701,-14.700500,0.047771,-0.013570,0.015998,-15.666301,-52.738201,18.801300,-93.396698,0.129960,17.611099,-0.206037,-0.501285,-0.664558,0.514417,515.172363,1538.470703,-4075.886719,520.212036,1457.475586,-4081.694092,528.252014,1580.809448,-4105.059570,497.472534,1491.060913,-4034.437744,514.752869,1624.537231,-4082.354980,520.327148,1457.457275,-4081.292725,527.894348,1580.598633,-4105.263184,497.469177,1491.095947,-4034.947510,514.990173,1624.727783,-4082.074707,2616.274902,1567.724121,-3159.768555,,,,,,,,,,,,,,,,,,,,,,,,,,,,,,,,,
2423,24.230000,0.000000,0.000000,0.000000,1.000000,0.000000,0.000000,0.000000,57.698101,20.499701,-14.700500,0.047771,-0.013570,0.015998,-15.666301,-52.738201,18.801300,-93.396698,0.129960,17.611099,-0.205714,-0.500854,-0.665630,0.513580,513.499146,1538.514404,-4077.288574,518.378601,1457.518555,-4083.222412,526.703247,1580.873535,-4106.375488,495.648712,1491.073730,-4035.939697,513.265869,1624.591919,-4083.616699,518.351196,1457.464600,-4082.939209,526.604431,1580.763062,-4106.449219,495.744812,1491.112427,-4036.328369,513.310242,1624.722290,-4083.468506,2616.280273,1567.728760,-3159.747314,,,,,,,,,,,,,,,,,,,,,,,,,,,,,,,,,
2424,24.240000,0.000000,0.000000,0.000000,1.000000,0.000000,0.000000,0.000000,57.698101,20.499701,-14.700500,0.047771,-0.013570,0.015998,-15.666301,-52.738201,18.801300,-93.396698,0.129960,17.611099,-0.203653,-0.502392,-0.666409,0.511885,511.703430,1538.551270,-4078.740967,516.591431,1457.554565,-4084.656250,525.106995,1580.910034,-4107.737305,493.574158,1491.110718,-4037.513672,511.541077,1624.629883,-4085.057373,516.503113,1457.464844,-4084.390137,525.096924,1580.941284,-4107.802246,493.675049,1491.012573,-4037.779297,511.540649,1624.763550,-4084.987549,2616.309082,1567.715088,-3159.740723,,,,,,,,,,,,,,,,,,,,,,,,,,,,,,,,,
2425,24.250000,0.000000,0.000000,0.000000,1.000000,0.000000,0.000000,0.000000,57.698101,20.499701,-14.700500,0.047771,-0.013570,0.015998,-15.666301,-52.738201,18.801300,-93.396698,0.129960,17.611099,-0.200158,-0.504702,-0.667057,0.510145,510.067871,1538.671753,-4080.066650,515.128357,1457.684937,-4085.972900,523.670471,1581.063110,-4108.922363,491.636688,1491.186279,-4039.025391,509.835968,1624.752930,-4086.346680,515.048035,1457.557983,-4085.615723,523.626099,1581.212402,-4109.073242,491.719452,1491.052856,-4039.326660,509.873138,1624.830811,-4086.241211,2616.309326,1567.715210,-3159.737305,,,,,,,,,,,,,,,,,,,,,,,,,,,,,,,,,
2426,24.260000,0.000000,0.000000,0.000000,1.000000,0.000000,0.000000,0.000000,57.698101,20.499701,-14.700500,0.047771,-0.013570,0.015998,-15.666301,-52.738201,18.801300,-93.396698,0.129960,17.611099,-0.199572,-0.505404,-0.666466,0.510451,508.521851,1538.803101,-4081.348389,513.740479,1457.821289,-4087.183594,522.072083,1581.196655,-4110.225586,490.140991,1491.316284,-4040.286133,508.133759,1624.878540,-4087.698486,513.644531,1457.684814,-4086.884521,522.046997,1581.381836,-4110.308594,490.242035,1491.245483,-4040.561768,508.149811,1624.881958,-4087.637451,2616.248535,1567.730347,-3159.752197,,,,,,,,,,,,,,,,,,,,,,,,,,,,,,,,,
2427,24.270000,0.000000,0.000000,0.000000,1.000000,0.000000,0.000000,0.000000,57.698101,20.499701,-14.700500,0.047771,-0.013570,0.015998,-15.666301,-52.738201,18.801300,-93.396698,0.129960,17.611099,-0.198628,-0.507161,-0.664620,0.511483,506.949310,1538.900146,-4082.616699,512.573303,1457.928833,-4088.215820,520.327942,1581.277954,-4111.596680,488.749542,1491.439819,-4041.443359,506.146362,1624.954224,-4089.211426,512.498596,1457.984375,-4087.860107,520.219727,1581.400635,-4111.653809,488.843323,1491.248535,-4041.781494,506.233154,1624.946289,-4089.176758,2616.247559,1567.707642,-3159.768555,,,,,,,,,,,,,,,,,,,,,,,,,,,,,,,,,
2428,24.280000,0.000000,0.000000,0.000000,1.000000,0.000000,0.000000,0.000000,57.698101,20.499701,-14.700500,0.047771,-0.013570,0.015998,-15.666301,-52.738201,18.801300,-93.396698,0.129960,17.611099,-0.196534,-0.509512,-0.663211,0.511784,505.232025,1539.008179,-4083.935791,511.276489,1458.052734,-4089.323486,518.528442,1581.384766,-4112.955078,487.086700,1491.553345,-4042.731689,504.036438,1625.041992,-4090.732178,511.234589,1458.308472,-4088.892578,518.328979,1581.405518,-4113.007324,487.180878,1491.387085,-4043.184814,504.190979,1624.950562,-4090.659668,2616.306641,1567.726318,-3159.770020,,,,,,,,,,,,,,,,,,,,,,,,,,,,,,,,,
2429,24.290000,0.000000,0.000000,0.000000,1.000000,0.000000,0.000000,0.000000,57.698101,20.499701,-14.700500,0.047771,-0.013570,0.015998,-15.666301,-52.738201,18.801300,-93.396698,0.129960,17.611099,-0.199657,-0.506922,-0.662676,0.513836,503.560852,1539.186646,-4085.252197,509.480286,1458.228394,-4090.735352,516.632385,1581.565552,-4114.370117,485.746613,1491.727783,-4043.908691,502.383942,1625.224976,-4091.994873,509.484650,1458.483398,-4090.385010,516.409912,1581.409790,-4114.409180,485.836914,1491.772949,-4044.400635,502.519714,1625.119263,-4091.854492,2616.298096,1567.704468,-3159.761230,,,,,,,,,,,,,,,,,,,,,,,,,,,,,,,,,
2430,24.300000,0.000000,0.000000,0.000000,1.000000,0.000000,0.000000,0.000000,57.698101,20.499701,-14.700500,0.047771,-0.013570,0.015998,-15.666301,-52.738201,18.801300,-93.396698,0.129960,17.611099,-0.203052,-0.504238,-0.662620,0.515217,502.045319,1539.414429,-4086.422852,507.704376,1458.444092,-4092.001953,514.974976,1581.775635,-4115.630371,484.466034,1491.978760,-4044.952393,501.035919,1625.459473,-4093.107178,507.757904,1458.673340,-4091.723877,514.719727,1581.500732,-4115.679688,484.519592,1492.112915,-4045.412598,501.174744,1625.389160,-4092.929443,2616.300537,1567.718262,-3159.770996,,,,,,,,,,,,,,,,,,,,,,,,,,,,,,,,,
2431,24.310000,0.000000,0.000000,0.000000,1.000000,0.000000,0.000000,0.000000,57.698101,20.499701,-14.700500,0.047771,-0.013570,0.015998,-15.666301,-52.738201,18.801300,-93.396698,0.129960,17.611099,-0.206018,-0.502304,-0.662005,0.516717,500.243713,1539.485596,-4087.789551,505.766266,1458.505981,-4093.370361,512.997314,1581.817261,-4117.116699,482.928986,1492.090942,-4046.161133,499.282227,1625.528320,-4094.509521,505.933350,1458.718140,-4093.120117,512.591797,1581.462646,-4117.246582,482.881531,1492.265747,-4046.574951,499.525513,1625.474243,-4094.254883,2616.304688,1567.743896,-3159.779785,,,,,,,,,,,,,,,,,,,,,,,,,,,,,,,,,
2432,24.320000,0.000000,0.000000,0.000000,1.000000,0.000000,0.000000,0.000000,57.698101,20.499701,-14.700500,0.047771,-0.013570,0.015998,-15.666301,-52.738201,18.801300,-93.396698,0.129960,17.611099,-0.207085,-0.500309,-0.663458,0.516363,498.495911,1539.573730,-4089.099854,503.691193,1458.589844,-4094.925293,511.339294,1581.939453,-4118.338379,481.102753,1492.127686,-4047.562988,497.850281,1625.638428,-4095.572510,503.888428,1458.620850,-4094.664551,510.908844,1581.698853,-4118.571289,481.011322,1492.281860,-4047.934082,498.130981,1625.674927,-4095.264404,2616.278809,1567.733521,-3159.791992,,,,,,,,,,,,,,,,,,,,,,,,,,,,,,,,,
2433,24.330000,0.000000,0.000000,0.000000,1.000000,0.000000,0.000000,0.000000,57.698101,20.499701,-14.700500,0.047771,-0.013570,0.015998,-15.666301,-52.738201,18.801300,-93.396698,0.129960,17.611099,-0.205585,-0.500119,-0.665396,0.514650,496.763611,1539.663940,-4090.395508,501.753448,1458.683350,-4096.444824,509.853668,1582.080933,-4119.449707,479.056366,1492.142334,-4049.077881,496.390930,1625.749390,-4096.609375,501.917969,1458.598755,-4096.221680,509.519623,1582.008545,-4119.636719,478.978149,1492.271118,-4049.362549,496.624359,1625.777466,-4096.372070,2616.295898,1567.757690,-3159.809814,,,,,,,,,,,,,,,,,,,,,,,,,,,,,,,,,
2434,24.340000,0.000000,0.000000,0.000000,1.000000,0.000000,0.000000,0.000000,57.698101,20.499701,-14.700500,0.047771,-0.013570,0.015998,-15.666301,-52.738201,18.801300,-93.396698,0.129960,17.611099,-0.202040,-0.502769,-0.666109,0.512545,495.023621,1539.758911,-4091.638184,500.161896,1458.783691,-4097.634766,508.352295,1582.189697,-4120.563477,476.962860,1492.218872,-4050.495117,494.617340,1625.843628,-4097.858398,500.192932,1458.738770,-4097.367676,508.186584,1582.233032,-4120.683105,476.979706,1492.225952,-4050.786865,494.736023,1625.836670,-4097.722168,2616.274658,1567.743042,-3159.805176,,,,,,,,,,,,,,,,,,,,,,,,,,,,,,,,,
2435,24.350000,0.000000,0.000000,0.000000,1.000000,0.000000,0.000000,0.000000,57.698101,20.499701,-14.700500,0.047771,-0.013570,0.015998,-15.666301,-52.738201,18.801300,-93.396698,0.129960,17.611099,-0.198956,-0.504497,-0.667307,0.510490,493.398285,1539.838745,-4092.843994,498.573883,1458.870117,-4098.896973,506.977203,1582.302856,-4121.604004,474.983643,1492.251099,-4051.913818,493.058350,1625.931274,-4098.961426,498.448700,1458.673340,-4098.607422,506.993347,1582.454224,-4121.664062,475.108368,1492.192993,-4052.185059,493.038055,1625.995239,-4098.906738,2616.292725,1567.766357,-3159.811768,,,,,,,,,,,,,,,,,,,,,,,,,,,,,,,,,
2436,24.360000,0.000000,0.000000,0.000000,1.000000,0.000000,0.000000,0.000000,57.698101,20.499701,-14.700500,0.047771,-0.013570,0.015998,-15.666301,-52.738201,18.801300,-93.396698,0.129960,17.611099,-0.198430,-0.504768,-0.667526,0.510141,491.632294,1539.961304,-4094.179688,496.812347,1458.994019,-4100.246582,505.254089,1582.432129,-4122.909180,473.157227,1492.364014,-4053.287598,491.305389,1626.055420,-4100.274902,496.544281,1458.736694,-4100.145996,505.533264,1582.573730,-4122.807129,473.404297,1492.503174,-4053.467773,491.051117,1626.024780,-4100.294434,2616.292480,1567.737793,-3159.816895,,,,,,,,,,,,,,,,,,,,,,,,,,,,,,,,,
2437,24.370000,0.000000,0.000000,0.000000,1.000000,0.000000,0.000000,0.000000,57.698101,20.499701,-14.700500,0.047771,-0.013570,0.015998,-15.666301,-52.738201,18.801300,-93.396698,0.129960,17.611099,-0.193799,-0.507895,-0.667517,0.508828,489.864258,1540.007690,-4095.451904,495.446716,1459.062988,-4101.462402,503.615143,1582.536255,-4124.034180,471.151764,1492.332153,-4054.759521,489.243317,1626.099854,-4101.551270,495.224854,1459.059814,-4101.198730,503.719452,1582.683228,-4124.003906,471.361115,1492.218384,-4055.036621,489.159271,1626.058594,-4101.570801,2616.272217,1567.724976,-3159.817627,,,,,,,,,,,,,,,,,,,,,,,,,,,,,,,,,
2438,24.380000,0.000000,0.000000,0.000000,1.000000,0.000000,0.000000,0.000000,57.698101,20.499701,-14.700500,0.047771,-0.013570,0.015998,-15.666301,-52.738201,18.801300,-93.396698,0.129960,17.611099,-0.194274,-0.507853,-0.666367,0.510194,488.216705,1540.084351,-4096.645020,493.986115,1459.147461,-4102.583496,501.789703,1582.616455,-4125.306641,469.725372,1492.405762,-4055.855225,487.365540,1626.168091,-4102.833984,493.804535,1459.231934,-4102.354004,501.821411,1582.666626,-4125.208496,469.925232,1492.311768,-4056.148438,487.325989,1626.124390,-4102.884766,2616.273438,1567.724243,-3159.806152,,,,,,,,,,,,,,,,,,,,,,,,,,,,,,,,,
2439,24.390000,0.000000,0.000000,0.000000,1.000000,0.000000,0.000000,0.000000,57.698101,20.499701,-14.700500,0.047771,-0.013570,0.015998,-15.666301,-52.738201,18.801300,-93.396698,0.129960,17.611099,-0.196600,-0.506236,-0.665421,0.512141,486.698608,1540.178223,-4097.838379,492.471863,1459.241943,-4103.783691,500.043640,1582.705688,-4126.613770,468.524292,1492.506348,-4056.898682,485.754486,1626.258789,-4104.057129,492.505737,1459.396118,-4103.451172,499.814972,1582.586670,-4126.721191,468.568024,1492.504883,-4057.307129,485.905182,1626.235474,-4103.893555,2616.288086,1567.699097,-3159.800049,,,,,,,,,,,,,,,,,,,,,,,,,,,,,,,,,
2440,24.400000,0.000000,0.000000,0.000000,1.000000,0.000000,0.000000,0.000000,57.698101,20.499701,-14.700500,0.047771,-0.013570,0.015998,-15.666301,-52.738201,18.801300,-93.396698,0.129960,17.611099,-0.200203,-0.504246,-0.663819,0.514781,485.104584,1540.332153,-4099.061523,490.876556,1459.390625,-4104.933594,498.126190,1582.822266,-4128.040039,467.381073,1492.714111,-4057.862305,484.034485,1626.401855,-4105.410156,491.120117,1459.546875,-4104.676270,497.627777,1582.464844,-4128.314453,467.270294,1493.058350,-4058.312988,484.348175,1626.231079,-4104.987793,2616.303955,1567.736084,-3159.785889,,,,,,,,,,,,,,,,,,,,,,,,,,,,,,,,,
2441,24.410000,0.000000,0.000000,0.000000,1.000000,0.000000,0.000000,0.000000,57.698101,20.499701,-14.700500,0.047771,-0.013570,0.015998,-15.666301,-52.738201,18.801300,-93.396698,0.129960,17.611099,-0.204384,-0.500449,-0.663524,0.517217,483.527893,1540.374512,-4100.203125,489.050110,1459.428955,-4106.257812,496.293610,1582.877319,-4129.276367,466.196350,1492.736694,-4058.860352,482.571442,1626.455322,-4106.417480,489.351318,1459.578369,-4106.030273,495.714752,1582.447144,-4129.640625,466.027893,1493.063599,-4059.240234,482.941254,1626.332031,-4105.935059,2616.271973,1567.760864,-3159.804443,,,,,,,,,,,,,,,,,,,,,,,,,,,,,,,,,
2442,24.420000,0.000000,0.000000,0.000000,1.000000,0.000000,0.000000,0.000000,57.698101,20.499701,-14.700500,0.047771,-0.013570,0.015998,-15.666301,-52.738201,18.801300,-93.396698,0.129960,17.611099,-0.203400,-0.500662,-0.663959,0.516841,481.748047,1540.254761,-4101.513672,487.292908,1459.316040,-4107.639160,494.568878,1582.788696,-4130.517578,464.336487,1492.572754,-4060.255615,480.793793,1626.341675,-4107.643066,487.547913,1459.492554,-4107.336426,494.051300,1582.492920,-4130.817871,464.205780,1492.713013,-4060.642822,481.146088,1626.289551,-4107.279297,2616.260742,1567.748901,-3159.798340,,,,,,,,,,,,,,,,,,,,,,,,,,,,,,,,,
2443,24.430000,0.000000,0.000000,0.000000,1.000000,0.000000,0.000000,0.000000,57.698101,20.499701,-14.700500,0.047771,-0.013570,0.015998,-15.666301,-52.738201,18.801300,-93.396698,0.129960,17.611099,-0.201962,-0.501056,-0.664906,0.515805,479.993774,1540.170410,-4102.820312,485.500702,1459.236694,-4109.045898,492.954895,1582.737793,-4131.711914,462.392242,1492.440186,-4061.698975,479.127106,1626.267212,-4108.824707,485.613434,1459.265503,-4108.754883,492.669678,1582.606079,-4131.921875,462.360992,1492.527466,-4062.066162,479.319397,1626.282837,-4108.563965,2616.277100,1567.727661,-3159.784668,,,,,,,,,,,,,,,,,,,,,,,,,,,,,,,,,
2444,24.440000,0.000000,0.000000,0.000000,1.000000,0.000000,0.000000,0.000000,57.698101,20.499701,-14.700500,0.047771,-0.013570,0.015998,-15.666301,-52.738201,18.801300,-93.396698,0.129960,17.611099,-0.197041,-0.503469,-0.666409,0.513413,478.184814,1540.056396,-4104.148438,483.862488,1459.144409,-4110.501465,491.442169,1582.708374,-4132.779785,460.146332,1492.206665,-4063.356445,477.288177,1626.166260,-4109.956055,483.817352,1459.021851,-4110.237305,491.390198,1582.784912,-4132.884766,460.217285,1492.199951,-4063.628174,477.316833,1626.202759,-4109.843750,2616.292969,1567.735596,-3159.760986,,,,,,,,,,,,,,,,,,,,,,,,,,,,,,,,,
2445,24.450000,0.000000,0.000000,0.000000,1.000000,0.000000,0.000000,0.000000,57.698101,20.499701,-14.700500,0.047771,-0.013570,0.015998,-15.666301,-52.738201,18.801300,-93.396698,0.129960,17.611099,-0.194324,-0.504340,-0.667782,0.511808,476.371521,1539.922607,-4105.447754,482.054138,1459.023193,-4111.955078,489.839355,1582.636230,-4133.888184,458.039154,1491.984741,-4064.890869,475.553375,1626.046387,-4111.056152,481.820221,1458.755859,-4111.691406,489.998810,1582.892456,-4133.908203,458.220245,1491.893799,-4065.103516,475.437378,1626.113281,-4111.057617,2616.281982,1567.718262,-3159.754883,,,,,,,,,,,,,,,,,,,,,,,,,,,,,,,,,
2446,24.460000,0.000000,0.000000,0.000000,1.000000,0.000000,0.000000,0.000000,57.698101,20.499701,-14.700500,0.047771,-0.013570,0.015998,-15.666301,-52.738201,18.801300,-93.396698,0.129960,17.611099,-0.192978,-0.505187,-0.667626,0.511684,474.660767,1539.780762,-4106.658203,480.497040,1458.891357,-4113.152832,488.134369,1582.518188,-4135.060547,456.298340,1491.810303,-4066.153076,473.713196,1625.903320,-4112.265137,480.239410,1458.667847,-4112.874023,488.292999,1582.775391,-4135.041504,456.510864,1491.692139,-4066.399170,473.597137,1625.956177,-4112.294434,2616.273682,1567.714478,-3159.764648,,,,,,,,,,,,,,,,,,,,,,,,,,,,,,,,,
2447,24.470000,0.000000,0.000000,0.000000,1.000000,0.000000,0.000000,0.000000,57.698101,20.499701,-14.700500,0.047771,-0.013570,0.015998,-15.666301,-52.738201,18.801300,-93.396698,0.129960,17.611099,-0.192116,-0.506467,-0.666649,0.512018,473.024078,1539.655029,-4107.801758,479.098938,1458.771484,-4114.149902,486.427185,1582.382202,-4136.252930,454.725708,1491.701416,-4067.248291,471.844360,1625.765015,-4113.556152,478.865051,1458.704834,-4113.898926,486.531647,1582.562012,-4136.166992,454.952576,1491.593994,-4067.527344,471.758148,1625.744751,-4113.615723,2616.319580,1567.764282,-3159.749268,,,,,,,,,,,,,,,,,,,,,,,,,,,,,,,,,
2448,24.480000,0.000000,0.000000,0.000000,1.000000,0.000000,0.000000,0.000000,57.698101,20.499701,-14.700500,0.047771,-0.013570,0.015998,-15.666301,-52.738201,18.801300,-93.396698,0.129960,17.611099,-0.192705,-0.505474,-0.666896,0.512456,471.535828,1539.557983,-4108.970215,477.544495,1458.677856,-4115.423828,484.905457,1582.308838,-4137.400879,453.293610,1491.569946,-4068.431885,470.399689,1625.675171,-4114.624023,477.524628,1458.750366,-4115.077637,484.735291,1582.281494,-4137.469727,453.373413,1491.491699,-4068.831055,470.516968,1625.704346,-4114.523438,2616.281738,1567.751831,-3159.752930,,,,,,,,,,,,,,,,,,,,,,,,,,,,,,,,,
2449,24.490000,0.000000,0.000000,0.000000,1.000000,0.000000,0.000000,0.000000,57.698101,20.499701,-14.700500,0.047771,-0.013570,0.015998,-15.666301,-52.738201,18.801300,-93.396698,0.129960,17.611099,-0.196100,-0.503626,-0.665139,0.515262,470.116516,1539.447388,-4110.034668,476.174683,1458.564697,-4116.409668,483.142822,1582.168091,-4138.669434,452.345520,1491.503784,-4069.235352,468.802948,1625.553223,-4115.823242,476.260681,1458.808838,-4116.077148,482.833679,1581.965942,-4138.778320,452.360016,1491.568848,-4069.672119,469.003510,1625.464722,-4115.628906,2616.263916,1567.716553,-3159.754639,,,,,,,,,,,,,,,,,,,,,,,,,,,,,,,,,
2450,24.500000,0.000000,0.000000,0.000000,1.000000,0.000000,0.000000,0.000000,57.698101,20.499701,-14.700500,0.047771,-0.013570,0.015998,-15.666301,-52.738201,18.801300,-93.396698,0.129960,17.611099,-0.195436,-0.504183,-0.664933,0.515236,468.632599,1539.334106,-4111.179199,474.785858,1458.456299,-4117.523926,481.653534,1582.060791,-4139.807617,450.855499,1491.382568,-4070.392090,467.235443,1625.436768,-4116.993652,475.031006,1458.732910,-4117.127441,481.071411,1581.680420,-4139.986816,450.787140,1491.673950,-4071.034912,467.597076,1625.276855,-4116.647949,2616.244873,1567.745117,-3159.768066,,,,,,,,,,,,,,,,,,,,,,,,,,,,,,,,,
2451,24.510000,0.000000,0.000000,0.000000,1.000000,0.000000,0.000000,0.000000,57.698101,20.499701,-14.700500,0.047771,-0.013570,0.015998,-15.666301,-52.738201,18.801300,-93.396698,0.129960,17.611099,-0.199510,-0.501946,-0.663312,0.517941,467.379913,1539.170898,-4112.146484,473.486298,1458.283447,-4118.413086,480.070160,1581.849487,-4140.994141,450.070099,1491.288208,-4071.078369,465.893036,1625.262573,-4118.099609,473.731689,1458.540405,-4118.185059,479.556183,1581.481689,-4141.161133,449.962463,1491.570801,-4071.481201,466.221985,1625.060547,-4117.783203,2616.277344,1567.746460,-3159.760498,,,,,,,,,,,,,,,,,,,,,,,,,,,,,,,,,
2452,24.520000,0.000000,0.000000,0.000000,1.000000,0.000000,0.000000,0.000000,57.698101,20.499701,-14.700500,0.047771,-0.013570,0.015998,-15.666301,-52.738201,18.801300,-93.396698,0.129960,17.611099,-0.199262,-0.500983,-0.664705,0.517183,465.945312,1538.828247,-4113.294434,471.846863,1457.942017,-4119.770508,478.764496,1581.549683,-4142.021484,448.485138,1490.882690,-4072.363770,464.684631,1624.938965,-4119.022461,471.935364,1458.042847,-4119.584473,478.509064,1581.433716,-4142.067871,448.481384,1491.071045,-4072.691406,464.852051,1624.775513,-4118.863770,2616.274658,1567.734985,-3159.763184,,,,,,,,,,,,,,,,,,,,,,,,,,,,,,,,,
2453,24.530000,0.000000,0.000000,0.000000,1.000000,0.000000,0.000000,0.000000,57.698101,20.499701,-14.700500,0.047771,-0.013570,0.015998,-15.666301,-52.738201,18.801300,-93.396698,0.129960,17.611099,-0.196554,-0.501948,-0.666399,0.515099,464.339142,1538.423584,-4114.604004,470.173645,1457.544556,-4121.229492,477.429993,1581.194702,-4143.134277,446.510193,1490.405640,-4073.917480,463.242615,1624.549438,-4120.134766,470.184784,1457.585938,-4121.005371,477.263947,1581.211670,-4143.149902,446.561981,1490.482422,-4074.237793,463.355469,1624.423706,-4120.049805,2616.297363,1567.747925,-3159.757324,,,,,,,,,,,,,,,,,,,,,,,,,,,,,,,,,
2454,24.540000,0.000000,0.000000,0.000000,1.000000,0.000000,0.000000,0.000000,57.698101,20.499701,-14.700500,0.047771,-0.013570,0.015998,-15.666301,-52.738201,18.801300,-93.396698,0.129960,17.611099,-0.193037,-0.503953,-0.667876,0.512551,462.751343,1538.063477,-4115.966797,468.603149,1457.190674,-4122.650391,476.149139,1580.867554,-4144.304199,444.492310,1489.998413,-4075.527588,461.760651,1624.197754,-4121.385254,468.523804,1457.171509,-4122.454590,476.119385,1581.006958,-4144.301270,444.590424,1490.011597,-4075.757080,461.774994,1624.064453,-4121.362305,2616.297852,1567.760254,-3159.768066,,,,,,,,,,,,,,,,,,,,,,,,,,,,,,,,,
2455,24.550000,0.000000,0.000000,0.000000,1.000000,0.000000,0.000000,0.000000,57.698101,20.499701,-14.700500,0.047771,-0.013570,0.015998,-15.666301,-52.738201,18.801300,-93.396698,0.129960,17.611099,-0.191954,-0.504150,-0.669118,0.511144,461.375763,1537.779785,-4117.208008,467.091003,1456.905884,-4123.996582,474.958801,1580.601074,-4145.431152,442.878174,1489.688354,-4076.908691,460.574982,1623.924194,-4122.495117,466.917908,1456.765259,-4123.849121,475.075073,1580.842163,-4145.363281,443.039581,1489.727417,-4077.085449,460.476013,1623.795654,-4122.528320,2616.322754,1567.714600,-3159.767822,,,,,,,,,,,,,,,,,,,,,,,,,,,,,,,,,
2456,24.560000,0.000000,0.000000,0.000000,1.000000,0.000000,0.000000,0.000000,57.698101,20.499701,-14.700500,0.047771,-0.013570,0.015998,-15.666301,-52.738201,18.801300,-93.396698,0.129960,17.611099,-0.191323,-0.504614,-0.669485,0.510442,459.974396,1537.479126,-4118.397949,465.663940,1456.603149,-4125.184570,473.640015,1580.297119,-4146.586426,441.365448,1489.392090,-4078.145020,459.228149,1623.624512,-4123.676270,465.470703,1456.438354,-4124.979492,473.753265,1580.553955,-4146.547363,441.546356,1489.413330,-4078.372559,459.133575,1623.518555,-4123.687988,2616.307861,1567.749634,-3159.773682,,,,,,,,,,,,,,,,,,,,,,,,,,,,,,,,,
2457,24.570000,0.000000,0.000000,0.000000,1.000000,0.000000,0.000000,0.000000,57.698101,20.499701,-14.700500,0.047771,-0.013570,0.015998,-15.666301,-52.738201,18.801300,-93.396698,0.129960,17.611099,-0.192178,-0.504224,-0.668726,0.511499,458.676025,1537.187744,-4119.534668,464.441254,1456.313721,-4126.279785,472.209320,1580.001587,-4147.792969,440.240662,1489.107422,-4079.193604,457.812866,1623.328369,-4124.871582,464.274292,1456.123169,-4126.034668,472.296234,1580.229980,-4147.834473,440.401398,1489.146606,-4079.450684,457.735046,1623.247681,-4124.818359,2616.283447,1567.760010,-3159.792969,,,,,,,,,,,,,,,,,,,,,,,,,,,,,,,,,
2458,24.580000,0.000000,0.000000,0.000000,1.000000,0.000000,0.000000,0.000000,57.698101,20.499701,-14.700500,0.047771,-0.013570,0.015998,-15.666301,-52.738201,18.801300,-93.396698,0.129960,17.611099,-0.194605,-0.502921,-0.667845,0.513012,457.419220,1536.972412,-4120.626953,463.139130,1456.091309,-4127.324707,470.771027,1579.756226,-4149.017090,439.243164,1488.934814,-4080.117676,456.523468,1623.107422,-4126.048340,462.941986,1455.896362,-4127.169922,470.903717,1579.930176,-4148.928223,439.443054,1489.018799,-4080.338867,456.396637,1623.041870,-4126.071777,2616.261963,1567.748657,-3159.806885,,,,,,,,,,,,,,,,,,,,,,,,,,,,,,,,,
2459,24.590000,0.000000,0.000000,0.000000,1.000000,0.000000,0.000000,0.000000,57.698101,20.499701,-14.700500,0.047771,-0.013570,0.015998,-15.666301,-52.738201,18.801300,-93.396698,0.129960,17.611099,-0.193792,-0.504050,-0.667374,0.512826,456.233429,1536.844482,-4121.657227,462.089020,1455.963867,-4128.243652,469.585236,1579.613647,-4150.069336,438.037964,1488.829224,-4081.130615,455.221436,1622.971436,-4127.186523,461.986053,1455.937988,-4128.041016,469.558502,1579.657715,-4150.007324,438.198029,1488.912598,-4081.456299,455.212280,1622.883423,-4127.168945,2616.276123,1567.782104,-3159.812012,,,,,,,,,,,,,,,,,,,,,,,,,,,,,,,,,
2460,24.600000,0.000000,0.000000,0.000000,1.000000,0.000000,0.000000,0.000000,57.698101,20.499701,-14.700500,0.047771,-0.013570,0.015998,-15.666301,-52.738201,18.801300,-93.396698,0.129960,17.611099,-0.195888,-0.502875,-0.667053,0.513601,455.190704,1536.827026,-4122.572266,460.916504,1455.935303,-4129.138184,468.454346,1579.562866,-4151.075195,437.136627,1488.858154,-4081.927246,454.255280,1622.951782,-4128.148438,461.044495,1456.045776,-4128.859375,468.101532,1579.383789,-4151.213867,437.105652,1488.936157,-4082.302002,454.488831,1622.935791,-4127.939941,2616.264160,1567.756348,-3159.816406,,,,,,,,,,,,,,,,,,,,,,,,,,,,,,,,,
2461,24.610000,0.000000,0.000000,0.000000,1.000000,0.000000,0.000000,0.000000,57.698101,20.499701,-14.700500,0.047771,-0.013570,0.015998,-15.666301,-52.738201,18.801300,-93.396698,0.129960,17.611099,-0.199096,-0.500717,-0.666687,0.514949,454.180542,1536.856812,-4123.349609,459.700348,1455.952759,-4129.939453,467.296844,1579.560425,-4151.968750,436.361115,1488.932373,-4082.549072,453.363800,1622.981812,-4128.940918,459.974518,1456.120483,-4129.627441,466.697906,1579.195679,-4152.296875,436.220337,1489.022461,-4082.925293,453.756195,1623.030273,-4128.575684,2616.271240,1567.724121,-3159.808594,,,,,,,,,,,,,,,,,,,,,,,,,,,,,,,,,
2462,24.620000,0.000000,0.000000,0.000000,1.000000,0.000000,0.000000,0.000000,57.698101,20.499701,-14.700500,0.047771,-0.013570,0.015998,-15.666301,-52.738201,18.801300,-93.396698,0.129960,17.611099,-0.196919,-0.501932,-0.668641,0.512061,452.886353,1536.845947,-4124.296875,458.199036,1455.934204,-4130.959961,466.362640,1579.547729,-4152.750977,434.595062,1488.921143,-4083.705811,452.388550,1622.980957,-4129.770020,458.497284,1456.035156,-4130.561035,465.654114,1579.166382,-4153.119141,434.452454,1489.068237,-4084.231934,452.834808,1623.059082,-4129.341797,2616.298828,1567.716553,-3159.794434,,,,,,,,,,,,,,,,,,,,,,,,,,,,,,,,,
2463,24.630000,0.000000,0.000000,0.000000,1.000000,0.000000,0.000000,0.000000,57.698101,20.499701,-14.700500,0.047771,-0.013570,0.015998,-15.666301,-52.738201,18.801300,-93.396698,0.129960,17.611099,-0.194751,-0.504191,-0.669280,0.509831,451.638702,1536.833496,-4125.100586,456.956085,1455.911865,-4131.639160,465.358215,1579.498169,-4153.494141,433.007843,1488.961304,-4084.602295,451.232513,1622.963013,-4130.666504,457.240967,1456.052979,-4131.196777,464.646088,1579.065186,-4153.859375,432.891968,1489.207031,-4085.280029,451.664246,1622.972168,-4130.196289,2616.277344,1567.716919,-3159.810791,,,,,,,,,,,,,,,,,,,,,,,,,,,,,,,,,
2464,24.640000,0.000000,0.000000,0.000000,1.000000,0.000000,0.000000,0.000000,57.698101,20.499701,-14.700500,0.047771,-0.013570,0.015998,-15.666301,-52.738201,18.801300,-93.396698,0.129960,17.611099,-0.197993,-0.501255,-0.670349,0.510074,450.549316,1536.755615,-4125.644531,455.400238,1455.819458,-4132.364746,464.286255,1579.400024,-4154.060547,431.960876,1488.906982,-4085.098633,450.549774,1622.895996,-4131.054199,455.596832,1455.874023,-4132.051758,463.805145,1579.014893,-4154.376953,431.884918,1489.018799,-4085.511719,450.838074,1623.058472,-4130.687012,2616.278320,1567.748413,-3159.806396,,,,,,,,,,,,,,,,,,,,,,,,,,,,,,,,,
2465,24.650000,0.000000,0.000000,0.000000,1.000000,0.000000,0.000000,0.000000,57.698101,20.499701,-14.700500,0.047771,-0.013570,0.015998,-15.666301,-52.738201,18.801300,-93.396698,0.129960,17.611099,-0.197787,-0.500616,-0.671968,0.508648,449.347656,1536.652466,-4126.342773,453.917847,1455.713745,-4133.227051,463.286682,1579.307373,-4154.644531,430.517792,1488.785400,-4085.930420,449.668182,1622.803711,-4131.569336,453.989807,1455.707764,-4132.912598,463.031769,1579.078735,-4154.824707,430.537231,1488.829346,-4086.337158,449.824615,1622.988892,-4131.319824,2616.267822,1567.723511,-3159.806152,,,,,,,,,,,,,,,,,,,,,,,,,,,,,,,,,
2466,24.660000,0.000000,0.000000,0.000000,1.000000,0.000000,0.000000,0.000000,57.698101,20.499701,-14.700500,0.047771,-0.013570,0.015998,-15.666301,-52.738201,18.801300,-93.396698,0.129960,17.611099,-0.193216,-0.502877,-0.674212,0.505194,448.000488,1536.581543,-4127.115234,452.541992,1455.653564,-4134.143066,462.361694,1579.286011,-4155.129395,428.586456,1488.641968,-4087.067139,448.511719,1622.744751,-4132.121582,452.474243,1455.610718,-4133.857422,462.282349,1579.267700,-4155.154785,428.706512,1488.607910,-4087.424316,448.554138,1622.828369,-4132.049805,2616.284668,1567.725342,-3159.799805,,,,,,,,,,,,,,,,,,,,,,,,,,,,,,,,,
2467,24.670000,0.000000,0.000000,0.000000,1.000000,0.000000,0.000000,0.000000,57.698101,20.499701,-14.700500,0.047771,-0.013570,0.015998,-15.666301,-52.738201,18.801300,-93.396698,0.129960,17.611099,-0.191884,-0.503512,-0.675385,0.503499,446.708710,1536.710571,-4127.777832,451.130127,1455.781372,-4134.866699,461.278900,1579.416138,-4155.682617,427.020599,1488.767334,-4087.868164,447.405151,1622.877808,-4132.694824,450.936401,1455.573730,-4134.730469,461.382202,1579.487427,-4155.542969,427.272980,1488.978882,-4088.167236,447.272003,1622.820557,-4132.708008,2616.304688,1567.720703,-3159.780762,,,,,,,,,,,,,,,,,,,,,,,,,,,,,,,,,
2468,24.680000,0.000000,0.000000,0.000000,1.000000,0.000000,0.000000,0.000000,57.698101,20.499701,-14.700500,0.047771,-0.013570,0.015998,-15.666301,-52.738201,18.801300,-93.396698,0.129960,17.611099,-0.189766,-0.503806,-0.676465,0.502558,445.407623,1536.794067,-4128.489258,449.852264,1455.882080,-4135.757324,460.108398,1579.566528,-4156.222168,425.534149,1488.755127,-4088.787109,446.135651,1622.973145,-4133.190430,449.649170,1455.669678,-4135.609863,460.225800,1579.759521,-4156.094727,425.737732,1488.817749,-4089.001221,446.025177,1622.925781,-4133.246094,2616.324707,1567.743774,-3159.772705,,,,,,,,,,,,,,,,,,,,,,,,,,,,,,,,,
2469,24.690000,0.000000,0.000000,0.000000,1.000000,0.000000,0.000000,0.000000,57.698101,20.499701,-14.700500,0.047771,-0.013570,0.015998,-15.666301,-52.738201,18.801300,-93.396698,0.129960,17.611099,-0.189977,-0.503876,-0.674967,0.504418,444.212250,1536.888672,-4129.111328,448.948090,1455.986206,-4136.301758,458.675049,1579.686157,-4156.930664,424.628815,1488.818115,-4089.302979,444.597015,1623.064575,-4133.909668,448.709076,1455.902344,-4136.081543,458.801666,1579.955200,-4156.819336,424.850403,1488.760010,-4089.550049,444.498627,1622.947754,-4133.987305,2616.273438,1567.734009,-3159.784424,,,,,,,,,,,,,,,,,,,,,,,,,,,,,,,,,
2470,24.700000,0.000000,0.000000,0.000000,1.000000,0.000000,0.000000,0.000000,57.698101,20.499701,-14.700500,0.047771,-0.013570,0.015998,-15.666301,-52.738201,18.801300,-93.396698,0.129960,17.611099,-0.192557,-0.501679,-0.673343,0.507789,442.908264,1537.017456,-4129.790527,447.796844,1456.128296,-4137.028320,456.982239,1579.854492,-4157.747559,423.844879,1488.893433,-4089.794678,443.009033,1623.193970,-4134.590332,447.641174,1456.171997,-4136.759766,457.023376,1579.956299,-4157.777832,424.010437,1488.878052,-4090.097412,442.961029,1623.063232,-4134.534668,2616.307617,1567.741333,-3159.774902,,,,,,,,,,,,,,,,,,,,,,,,,,,,,,,,,
2471,24.710000,0.000000,0.000000,0.000000,1.000000,0.000000,0.000000,0.000000,57.698101,20.499701,-14.700500,0.047771,-0.013570,0.015998,-15.666301,-52.738201,18.801300,-93.396698,0.129960,17.611099,-0.192107,-0.501361,-0.672467,0.509430,441.600708,1537.234985,-4130.401855,446.754150,1456.367676,-4137.700195,455.480164,1580.137695,-4158.355957,422.770508,1489.020508,-4090.405029,441.397949,1623.414429,-4135.146973,446.707916,1456.536865,-4137.428223,455.411255,1580.089722,-4158.451172,422.854797,1489.029907,-4090.718750,441.436188,1623.304443,-4135.012207,2616.283203,1567.742798,-3159.765625,,,,,,,,,,,,,,,,,,,,,,,,,,,,,,,,,
2472,24.720000,0.000000,0.000000,0.000000,1.000000,0.000000,0.000000,0.000000,57.698101,20.499701,-14.700500,0.047771,-0.013570,0.015998,-15.666301,-52.738201,18.801300,-93.396698,0.129960,17.611099,-0.196758,-0.496468,-0.672382,0.512550,440.437073,1537.574463,-4130.991699,445.300354,1456.717896,-4138.600586,454.010498,1580.528687,-4159.016113,422.074677,1489.283569,-4090.869385,440.362701,1623.767700,-4135.479492,445.432709,1456.833740,-4138.375488,453.684998,1580.232666,-4159.193848,422.037140,1489.402222,-4091.195068,440.556915,1623.798584,-4135.231445,2616.299561,1567.745239,-3159.766846,,,,,,,,,,,,,,,,,,,,,,,,,,,,,,,,,
2473,24.730000,0.000000,0.000000,0.000000,1.000000,0.000000,0.000000,0.000000,57.698101,20.499701,-14.700500,0.047771,-0.013570,0.015998,-15.666301,-52.738201,18.801300,-93.396698,0.129960,17.611099,-0.195537,-0.496709,-0.672094,0.513162,439.196991,1537.915649,-4131.646484,444.265442,1457.077881,-4139.321289,452.698792,1580.927734,-4159.617676,420.905090,1489.544922,-4091.588379,438.918579,1624.112549,-4136.058594,444.497986,1457.305054,-4138.979492,452.138763,1580.501587,-4159.858887,420.820770,1489.694092,-4092.065918,439.262573,1624.114624,-4135.721680,2616.277100,1567.738403,-3159.761230,,,,,,,,,,,,,,,,,,,,,,,,,,,,,,,,,
2474,24.740000,0.000000,0.000000,0.000000,1.000000,0.000000,0.000000,0.000000,57.698101,20.499701,-14.700500,0.047771,-0.013570,0.015998,-15.666301,-52.738201,18.801300,-93.396698,0.129960,17.611099,-0.194054,-0.497009,-0.672077,0.513456,437.855927,1538.210938,-4132.340332,443.101715,1457.392944,-4140.103516,451.327454,1581.283936,-4160.231934,419.580841,1489.754883,-4092.377686,437.413635,1624.412476,-4136.648438,443.319458,1457.572998,-4139.790527,450.799286,1580.907593,-4160.434082,419.503387,1489.930908,-4092.844971,437.738403,1624.398438,-4136.340332,2616.301025,1567.738525,-3159.747559,,,,,,,,,,,,,,,,,,,,,,,,,,,,,,,,,
2475,24.750000,0.000000,0.000000,0.000000,1.000000,0.000000,0.000000,0.000000,57.698101,20.499701,-14.700500,0.047771,-0.013570,0.015998,-15.666301,-52.738201,18.801300,-93.396698,0.129960,17.611099,-0.193384,-0.497340,-0.671407,0.514265,436.414856,1538.464600,-4133.190430,441.869720,1457.659424,-4140.943359,449.780548,1581.568970,-4161.084473,418.257355,1489.966064,-4093.226074,435.751801,1624.664062,-4137.508301,442.106445,1457.829102,-4140.601562,449.264465,1581.275269,-4161.400879,418.146912,1490.092407,-4093.646973,436.097504,1624.632080,-4137.139160,2616.307129,1567.750366,-3159.744629,,,,,,,,,,,,,,,,,,,,,,,,,,,,,,,,,
2476,24.760000,0.000000,0.000000,0.000000,1.000000,0.000000,0.000000,0.000000,57.698101,20.499701,-14.700500,0.047771,-0.013570,0.015998,-15.666301,-52.738201,18.801300,-93.396698,0.129960,17.611099,-0.192813,-0.496884,-0.671738,0.514487,435.046387,1538.721558,-4134.030762,440.531006,1457.930908,-4141.913086,448.402740,1581.875610,-4161.852539,416.897583,1490.152222,-4094.148193,434.354065,1624.927734,-4138.209473,440.591217,1458.060669,-4141.676270,448.198364,1581.773560,-4161.965820,416.909332,1490.268433,-4094.474854,434.489410,1624.794434,-4138.026855,2616.302002,1567.750854,-3159.746826,,,,,,,,,,,,,,,,,,,,,,,,,,,,,,,,,
2477,24.770000,0.000000,0.000000,0.000000,1.000000,0.000000,0.000000,0.000000,57.698101,20.499701,-14.700500,0.047771,-0.013570,0.015998,-15.666301,-52.738201,18.801300,-93.396698,0.129960,17.611099,-0.189959,-0.497756,-0.673296,0.512667,433.613129,1538.957153,-4134.934082,439.083862,1458.182495,-4142.988281,447.205231,1582.171753,-4162.546875,415.137878,1490.300049,-4095.309326,433.025421,1625.174561,-4138.891602,439.122620,1458.356812,-4142.628906,446.979797,1582.121338,-4162.696289,415.166779,1490.297974,-4095.709717,433.189362,1625.067871,-4138.708496,2616.297363,1567.752930,-3159.750732,,,,,,,,,,,,,,,,,,,,,,,,,,,,,,,,,
2478,24.780000,0.000000,0.000000,0.000000,1.000000,0.000000,0.000000,0.000000,57.698101,20.499701,-14.700500,0.047771,-0.013570,0.015998,-15.666301,-52.738201,18.801300,-93.396698,0.129960,17.611099,-0.187078,-0.499145,-0.674375,0.510954,432.283051,1539.209595,-4135.783203,437.812408,1458.447144,-4143.917969,446.080139,1582.465576,-4163.229004,413.513794,1490.493286,-4096.369629,431.725739,1625.432861,-4139.615723,437.716797,1458.533691,-4143.574707,446.023102,1582.484497,-4163.299805,413.654755,1490.485107,-4096.778320,431.753754,1625.346191,-4139.503418,2616.287354,1567.743774,-3159.759766,,,,,,,,,,,,,,,,,,,,,,,,,,,,,,,,,
2479,24.790000,0.000000,0.000000,0.000000,1.000000,0.000000,0.000000,0.000000,57.698101,20.499701,-14.700500,0.047771,-0.013570,0.015998,-15.666301,-52.738201,18.801300,-93.396698,0.129960,17.611099,-0.185389,-0.500202,-0.674288,0.510651,430.947510,1539.463623,-4136.673340,436.648682,1458.711914,-4144.796387,444.767883,1582.746582,-4164.064941,412.121185,1490.710205,-4097.333496,430.252197,1625.686157,-4140.499023,436.453888,1458.695923,-4144.476562,444.830750,1582.855347,-4164.103516,412.324036,1490.664062,-4097.686035,430.188507,1625.628784,-4140.441895,2616.275879,1567.736450,-3159.765381,,,,,,,,,,,,,,,,,,,,,,,,,,,,,,,,,
2480,24.800000,0.000000,0.000000,0.000000,1.000000,0.000000,0.000000,0.000000,57.698101,20.499701,-14.700500,0.047771,-0.013570,0.015998,-15.666301,-52.738201,18.801300,-93.396698,0.129960,17.611099,-0.186073,-0.499421,-0.674095,0.511421,429.443634,1539.750610,-4137.684570,435.145081,1459.003906,-4145.857910,443.182373,1583.049438,-4165.091309,410.731018,1490.974609,-4098.317383,428.715942,1625.974609,-4141.469727,434.907898,1458.913818,-4145.611816,443.319519,1583.276001,-4165.046875,410.941437,1490.869629,-4098.563965,428.615784,1625.936890,-4141.509766,2616.303467,1567.772339,-3159.759277,,,,,,,,,,,,,,,,,,,,,,,,,,,,,,,,,
2481,24.810000,0.000000,0.000000,0.000000,1.000000,0.000000,0.000000,0.000000,57.698101,20.499701,-14.700500,0.047771,-0.013570,0.015998,-15.666301,-52.738201,18.801300,-93.396698,0.129960,17.611099,-0.185760,-0.499359,-0.674015,0.511700,428.010376,1540.090332,-4138.657715,433.772583,1459.351440,-4146.865234,441.718170,1583.411133,-4166.045898,409.332214,1491.283691,-4099.312988,427.218445,1626.315308,-4142.406250,433.480896,1459.262451,-4146.608398,441.895874,1583.613403,-4165.948730,409.601074,1491.182983,-4099.599121,427.077179,1626.290283,-4142.472168,2616.277100,1567.723389,-3159.774658,,,,,,,,,,,,,,,,,,,,,,,,,,,,,,,,,
2482,24.820000,0.000000,0.000000,0.000000,1.000000,0.000000,0.000000,0.000000,57.698101,20.499701,-14.700500,0.047771,-0.013570,0.015998,-15.666301,-52.738201,18.801300,-93.396698,0.129960,17.611099,-0.187100,-0.498058,-0.674485,0.511861,426.778137,1540.467529,-4139.480469,432.346100,1459.724365,-4147.779297,440.490784,1583.784668,-4166.872070,408.121063,1491.663818,-4100.122070,426.154510,1626.697388,-4143.148438,432.143646,1459.635010,-4147.447266,440.521851,1583.890137,-4166.843262,408.336975,1491.530396,-4100.492188,426.118042,1626.765503,-4143.154297,2616.288330,1567.730713,-3159.772705,,,,,,,,,,,,,,,,,,,,,,,,,,,,,,,,,
2483,24.830000,0.000000,0.000000,0.000000,1.000000,0.000000,0.000000,0.000000,57.698101,20.499701,-14.700500,0.047771,-0.013570,0.015998,-15.666301,-52.738201,18.801300,-93.396698,0.129960,17.611099,-0.189358,-0.496868,-0.673789,0.513102,425.458191,1540.794678,-4140.474121,430.953644,1460.042114,-4148.729980,439.025970,1584.082031,-4167.984863,407.013306,1492.033691,-4100.962891,424.839722,1627.021484,-4144.219238,430.822388,1459.991455,-4148.416992,439.002960,1584.168091,-4167.996582,407.168640,1491.942505,-4101.311523,424.846466,1627.047607,-4144.189941,2616.308105,1567.750488,-3159.795654,,,,,,,,,,,,,,,,,,,,,,,,,,,,,,,,,
2484,24.840000,0.000000,0.000000,0.000000,1.000000,0.000000,0.000000,0.000000,57.698101,20.499701,-14.700500,0.047771,-0.013570,0.015998,-15.666301,-52.738201,18.801300,-93.396698,0.129960,17.611099,-0.190314,-0.496308,-0.673449,0.513737,424.172150,1541.142578,-4141.395508,429.649475,1460.387451,-4149.639160,437.665863,1584.421509,-4168.955566,405.833130,1492.393555,-4101.820312,423.540100,1627.367920,-4145.166992,429.574829,1460.355835,-4149.377930,437.597321,1584.488037,-4168.960449,405.940704,1492.338135,-4102.122559,423.581482,1627.374756,-4145.136719,2616.298340,1567.731445,-3159.793213,,,,,,,,,,,,,,,,,,,,,,,,,,,,,,,,,
2485,24.850000,0.000000,0.000000,0.000000,1.000000,0.000000,0.000000,0.000000,57.698101,20.499701,-14.700500,0.047771,-0.013570,0.015998,-15.666301,-52.738201,18.801300,-93.396698,0.129960,17.611099,-0.191704,-0.495755,-0.672839,0.514552,422.994904,1541.523193,-4142.283203,428.454468,1460.760864,-4150.466309,436.386749,1584.776978,-4169.932129,404.800293,1492.810547,-4102.596680,422.338074,1627.744751,-4146.136230,428.502441,1460.695312,-4150.193848,436.136230,1584.764282,-4169.964355,404.830322,1492.827026,-4102.948730,422.507080,1627.803711,-4146.045898,2616.263672,1567.726074,-3159.811279,,,,,,,,,,,,,,,,,,,,,,,,,,,,,,,,,
2486,24.860000,0.000000,0.000000,0.000000,1.000000,0.000000,0.000000,0.000000,57.698101,20.499701,-14.700500,0.047771,-0.013570,0.015998,-15.666301,-52.738201,18.801300,-93.396698,0.129960,17.611099,-0.193648,-0.495060,-0.671663,0.516028,421.890198,1541.918091,-4143.143555,427.388062,1461.147583,-4151.221680,435.093262,1585.138916,-4170.934570,403.953064,1493.253418,-4103.281738,421.126312,1628.132324,-4147.136719,427.570862,1461.021851,-4150.870117,434.638855,1585.034790,-4171.139648,403.889038,1493.332397,-4103.706543,421.442413,1628.281250,-4146.869629,2616.270020,1567.743652,-3159.811768,,,,,,,,,,,,,,,,,,,,,,,,,,,,,,,,,
2487,24.870000,0.000000,0.000000,0.000000,1.000000,0.000000,0.000000,0.000000,57.698101,20.499701,-14.700500,0.047771,-0.013570,0.015998,-15.666301,-52.738201,18.801300,-93.396698,0.129960,17.611099,-0.196714,-0.493881,-0.669894,0.518292,420.695923,1542.291260,-4144.011719,426.238617,1461.508789,-4151.936523,433.609161,1585.461670,-4172.016602,403.156036,1493.700562,-4103.883301,419.779816,1628.494385,-4148.209473,426.440521,1461.387695,-4151.584961,433.166260,1585.323364,-4172.320312,403.069275,1493.826294,-4104.303711,420.089783,1628.627319,-4147.847656,2616.292480,1567.767090,-3159.814453,,,,,,,,,,,,,,,,,,,,,,,,,,,,,,,,,
2488,24.880000,0.000000,0.000000,0.000000,1.000000,0.000000,0.000000,0.000000,57.698101,20.499701,-14.700500,0.047771,-0.013570,0.015998,-15.666301,-52.738201,18.801300,-93.396698,0.129960,17.611099,-0.196422,-0.494087,-0.669785,0.518347,419.566589,1542.708252,-4144.809082,425.158295,1461.928345,-4152.726562,432.470001,1585.884155,-4172.810059,402.033417,1494.110107,-4104.687012,418.604614,1628.910645,-4149.012695,425.383881,1461.939453,-4152.358398,431.964447,1585.658569,-4173.142090,401.926086,1494.163818,-4105.098633,418.955933,1629.053833,-4148.652344,2616.279541,1567.723633,-3159.804688,,,,,,,,,,,,,,,,,,,,,,,,,,,,,,,,,
2489,24.890000,0.000000,0.000000,0.000000,1.000000,0.000000,0.000000,0.000000,57.698101,20.499701,-14.700500,0.047771,-0.013570,0.015998,-15.666301,-52.738201,18.801300,-93.396698,0.129960,17.611099,-0.196938,-0.494272,-0.669079,0.518886,418.434418,1543.087891,-4145.612793,424.097961,1462.303711,-4153.435059,431.257202,1586.241211,-4173.685059,401.003235,1494.522949,-4105.406250,417.379181,1629.283813,-4149.924316,424.279602,1462.466309,-4153.073730,430.805176,1585.869629,-4174.013672,400.934418,1494.589722,-4105.842773,417.658813,1629.376099,-4149.566406,2616.287109,1567.724487,-3159.794189,,,,,,,,,,,,,,,,,,,,,,,,,,,,,,,,,
2490,24.900000,0.000000,0.000000,0.000000,1.000000,0.000000,0.000000,0.000000,57.698101,20.499701,-14.700500,0.047771,-0.013570,0.015998,-15.666301,-52.738201,18.801300,-93.396698,0.129960,17.611099,-0.196233,-0.495464,-0.668473,0.518798,417.246277,1543.421387,-4146.415039,423.061157,1462.635254,-4154.104980,430.053650,1586.554321,-4174.526367,399.814972,1494.887329,-4106.170898,416.055267,1629.608887,-4150.857910,423.260620,1462.935669,-4153.678223,429.552338,1586.068726,-4174.894043,399.750183,1494.970703,-4106.681641,416.357910,1629.651367,-4150.448730,2616.297363,1567.718994,-3159.799805,,,,,,,,,,,,,,,,,,,,,,,,,,,,,,,,,
2491,24.910000,0.000000,0.000000,0.000000,1.000000,0.000000,0.000000,0.000000,57.698101,20.499701,-14.700500,0.047771,-0.013570,0.015998,-15.666301,-52.738201,18.801300,-93.396698,0.129960,17.611099,-0.195749,-0.496529,-0.667819,0.518805,416.121399,1543.781982,-4147.101562,422.075684,1462.993286,-4154.655762,428.902283,1586.891113,-4175.261230,398.707062,1495.283447,-4106.807129,414.800476,1629.960449,-4151.681152,422.226288,1463.277222,-4154.257812,428.521057,1586.511597,-4175.565430,398.674469,1495.405273,-4107.308594,415.036774,1629.921509,-4151.307129,2616.268066,1567.742432,-3159.807617,,,,,,,,,,,,,,,,,,,,,,,,,,,,,,,,,
2492,24.920000,0.000000,0.000000,0.000000,1.000000,0.000000,0.000000,0.000000,57.698101,20.499701,-14.700500,0.047771,-0.013570,0.015998,-15.666301,-52.738201,18.801300,-93.396698,0.129960,17.611099,-0.194588,-0.497516,-0.668003,0.518059,414.823914,1544.078003,-4147.906738,420.832031,1463.289795,-4155.423340,427.685028,1587.185303,-4176.032715,397.290161,1495.582397,-4107.661133,413.488342,1630.255005,-4152.510254,420.931091,1463.441284,-4155.116699,427.429535,1587.040405,-4176.268066,397.268463,1495.696899,-4108.038086,413.663605,1630.137573,-4152.221191,2616.284912,1567.738403,-3159.806641,,,,,,,,,,,,,,,,,,,,,,,,,,,,,,,,,
2493,24.930000,0.000000,0.000000,0.000000,1.000000,0.000000,0.000000,0.000000,57.698101,20.499701,-14.700500,0.047771,-0.013570,0.015998,-15.666301,-52.738201,18.801300,-93.396698,0.129960,17.611099,-0.193778,-0.497599,-0.668455,0.517700,413.445374,1544.316284,-4148.679688,419.457581,1463.535156,-4156.269531,426.358948,1587.451294,-4176.738770,395.837982,1495.780762,-4108.514160,412.126892,1630.498169,-4153.195801,419.422089,1463.511353,-4156.038086,426.280670,1587.496338,-4176.787109,395.936401,1495.954590,-4108.870117,412.163086,1630.321045,-4153.063477,2616.274170,1567.742310,-3159.791260,,,,,,,,,,,,,,,,,,,,,,,,,,,,,,,,,
2494,24.940000,0.000000,0.000000,0.000000,1.000000,0.000000,0.000000,0.000000,57.698101,20.499701,-14.700500,0.047771,-0.013570,0.015998,-15.666301,-52.738201,18.801300,-93.396698,0.129960,17.611099,-0.189259,-0.500283,-0.670276,0.514421,412.158447,1544.589966,-4149.404297,418.208984,1463.816895,-4157.049316,425.460999,1587.760986,-4177.225586,394.003723,1496.002319,-4109.547363,410.960052,1630.780029,-4153.796387,418.052002,1463.716309,-4156.833984,425.480560,1587.973633,-4177.122559,394.187561,1496.051880,-4109.840820,410.924713,1630.629028,-4153.834473,2616.247070,1567.723022,-3159.796143,,,,,,,,,,,,,,,,,,,,,,,,,,,,,,,,,
2495,24.950000,0.000000,0.000000,0.000000,1.000000,0.000000,0.000000,0.000000,57.698101,20.499701,-14.700500,0.047771,-0.013570,0.015998,-15.666301,-52.738201,18.801300,-93.396698,0.129960,17.611099,-0.188026,-0.501405,-0.670661,0.513277,410.706970,1544.746704,-4150.149902,416.766815,1463.969849,-4157.746582,424.135132,1587.906372,-4177.928223,392.375854,1496.175293,-4110.353516,409.549988,1630.935913,-4154.570801,416.529358,1463.845215,-4157.541992,424.271790,1588.140137,-4177.807617,392.614410,1496.210205,-4110.624512,409.426208,1630.800781,-4154.627930,2616.302734,1567.746094,-3159.786865,,,,,,,,,,,,,,,,,,,,,,,,,,,,,,,,,
2496,24.960000,0.000000,0.000000,0.000000,1.000000,0.000000,0.000000,0.000000,57.698101,20.499701,-14.700500,0.047771,-0.013570,0.015998,-15.666301,-52.738201,18.801300,-93.396698,0.129960,17.611099,-0.189199,-0.501671,-0.669554,0.514031,409.179230,1544.865112,-4150.957520,415.307037,1464.076904,-4158.376465,422.492310,1587.972534,-4178.872070,390.998779,1496.369263,-4111.000000,407.918762,1631.042114,-4155.581543,415.070953,1464.041138,-4158.156250,422.651031,1588.120728,-4178.836914,391.222198,1496.359009,-4111.257812,407.778717,1630.939697,-4155.584961,2616.282471,1567.760498,-3159.772949,,,,,,,,,,,,,,,,,,,,,,,,,,,,,,,,,
2497,24.970000,0.000000,0.000000,0.000000,1.000000,0.000000,0.000000,0.000000,57.698101,20.499701,-14.700500,0.047771,-0.013570,0.015998,-15.666301,-52.738201,18.801300,-93.396698,0.129960,17.611099,-0.190097,-0.501465,-0.669512,0.513955,407.689819,1545.032104,-4151.646973,413.723755,1464.232178,-4159.016602,421.009796,1588.105713,-4179.610840,389.513092,1496.583862,-4111.630371,406.512482,1631.207153,-4156.331055,413.524719,1464.225830,-4158.723633,421.107117,1588.191895,-4179.661621,389.703400,1496.492798,-4111.929688,406.427185,1631.202393,-4156.278809,2616.265137,1567.744263,-3159.773682,,,,,,,,,,,,,,,,,,,,,,,,,,,,,,,,,
2498,24.980000,0.000000,0.000000,0.000000,1.000000,0.000000,0.000000,0.000000,57.698101,20.499701,-14.700500,0.047771,-0.013570,0.015998,-15.666301,-52.738201,18.801300,-93.396698,0.129960,17.611099,-0.191679,-0.500201,-0.669827,0.514189,406.349670,1545.277100,-4152.229004,412.189697,1464.468384,-4159.657227,419.660187,1588.336060,-4180.219238,388.213898,1496.847778,-4112.170898,405.334778,1631.456543,-4156.868652,412.177094,1464.477539,-4159.265625,419.516205,1588.302246,-4180.413086,388.271912,1496.743286,-4112.565430,405.439148,1631.575562,-4156.675781,2616.305664,1567.771729,-3159.766846,,,,,,,,,,,,,,,,,,,,,,,,,,,,,,,,,
2499,24.990000,0.000000,0.000000,0.000000,1.000000,0.000000,0.000000,0.000000,57.698101,20.499701,-14.700500,0.047771,-0.013570,0.015998,-15.666301,-52.738201,18.801300,-93.396698,0.129960,17.611099,-0.193151,-0.498665,-0.670267,0.514556,404.935059,1545.467651,-4152.826660,410.583588,1464.655640,-4160.367676,418.227753,1588.531250,-4180.818359,386.851593,1497.029663,-4112.755371,404.077271,1631.654175,-4157.365723,410.688263,1464.593018,-4160.021973,417.935760,1588.416992,-4181.061523,386.824127,1496.999878,-4113.118652,404.290527,1631.863037,-4157.103516,2616.285889,1567.733887,-3159.755371,,,,,,,,,,,,,,,,,,,,,,,,,,,,,,,,,
2500,25.000000,0.000000,0.000000,0.000000,1.000000,0.000000,0.000000,0.000000,57.698101,20.499701,-14.700500,0.047771,-0.013570,0.015998,-15.666301,-52.738201,18.801300,-93.396698,0.129960,17.611099,-0.195102,-0.497651,-0.669046,0.516387,403.792603,1545.761963,-4153.224121,409.507355,1464.949097,-4160.705078,416.859039,1588.811157,-4181.344238,386.014740,1497.346069,-4112.989258,402.789154,1631.941772,-4157.857422,409.679657,1464.920776,-4160.366699,416.450928,1588.605713,-4181.618164,385.949768,1497.423462,-4113.395508,403.066284,1632.088501,-4157.532227,2616.295166,1567.708374,-3159.734375,,,,,,,,,,,,,,,,,,,,,,,,,,,,,,,,,
2501,25.010000,0.000000,0.000000,0.000000,1.000000,0.000000,0.000000,0.000000,57.698101,20.499701,-14.700500,0.047771,-0.013570,0.015998,-15.666301,-52.738201,18.801300,-93.396698,0.129960,17.611099,-0.197191,-0.497460,-0.666687,0.518823,402.723480,1546.052368,-4153.573730,408.677887,1465.235840,-4160.824707,415.458588,1589.054077,-4181.916992,385.372864,1497.707397,-4113.067871,401.384521,1632.212280,-4158.483398,408.915497,1465.343140,-4160.517090,414.925415,1588.734619,-4182.180176,385.265839,1497.928467,-4113.526367,401.727142,1632.175171,-4158.119141,2616.325195,1567.757812,-3159.737793,,,,,,,,,,,,,,,,,,,,,,,,,,,,,,,,,
2502,25.020000,0.000000,0.000000,0.000000,1.000000,0.000000,0.000000,0.000000,57.698101,20.499701,-14.700500,0.047771,-0.013570,0.015998,-15.666301,-52.738201,18.801300,-93.396698,0.129960,17.611099,-0.195106,-0.499441,-0.666150,0.518397,401.607849,1546.279907,-4153.940918,407.828339,1465.472168,-4161.065918,414.363647,1589.284424,-4182.270996,384.190369,1497.933228,-4113.465820,400.048889,1632.429932,-4158.959961,408.010803,1465.631714,-4160.768555,413.949585,1589.057617,-4182.463379,384.124207,1498.131348,-4113.897461,400.325104,1632.301758,-4158.666016,2616.306641,1567.720947,-3159.744385,,,,,,,,,,,,,,,,,,,,,,,,,,,,,,,,,
2503,25.030000,0.000000,0.000000,0.000000,1.000000,0.000000,0.000000,0.000000,57.698101,20.499701,-14.700500,0.047771,-0.013570,0.015998,-15.666301,-52.738201,18.801300,-93.396698,0.129960,17.611099,-0.192508,-0.501914,-0.666316,0.516764,400.306183,1546.435547,-4154.417480,406.679138,1465.628052,-4161.407227,413.228424,1589.425293,-4182.694824,382.635132,1498.111084,-4114.025879,398.681976,1632.578247,-4159.541504,406.691833,1465.757446,-4161.113770,413.065125,1589.374146,-4182.804199,382.693024,1498.229858,-4114.430176,398.791504,1632.400879,-4159.350586,2616.274658,1567.728271,-3159.744873,,,,,,,,,,,,,,,,,,,,,,,,,,,,,,,,,
2504,25.040000,0.000000,0.000000,0.000000,1.000000,0.000000,0.000000,0.000000,57.698101,20.499701,-14.700500,0.047771,-0.013570,0.015998,-15.666301,-52.738201,18.801300,-93.396698,0.129960,17.611099,-0.189715,-0.503798,-0.667478,0.514459,399.009033,1546.552002,-4154.947754,405.380829,1465.744263,-4161.936523,412.201019,1589.550659,-4183.086914,380.962311,1498.214355,-4114.738770,397.491852,1632.699219,-4160.028320,405.281708,1465.781616,-4161.645996,412.183960,1589.634521,-4183.173340,381.076935,1498.186279,-4115.044434,397.497101,1632.605469,-4159.930664,2616.302979,1567.726318,-3159.749023,,,,,,,,,,,,,,,,,,,,,,,,,,,,,,,,,
2505,25.050000,0.000000,0.000000,0.000000,1.000000,0.000000,0.000000,0.000000,57.698101,20.499701,-14.700500,0.047771,-0.013570,0.015998,-15.666301,-52.738201,18.801300,-93.396698,0.129960,17.611099,-0.187555,-0.505652,-0.667358,0.513588,397.523621,1546.557373,-4155.609375,404.083099,1465.756714,-4162.505371,410.794647,1589.560547,-4183.704102,379.339844,1498.214722,-4115.468262,395.876770,1632.697998,-4160.759277,403.874573,1465.823486,-4162.243652,410.897217,1589.693604,-4183.715332,379.531036,1498.143677,-4115.735840,395.789642,1632.569946,-4160.740723,2616.288574,1567.721069,-3159.755615,,,,,,,,,,,,,,,,,,,,,,,,,,,,,,,,,
2506,25.060000,0.000000,0.000000,0.000000,1.000000,0.000000,0.000000,0.000000,57.698101,20.499701,-14.700500,0.047771,-0.013570,0.015998,-15.666301,-52.738201,18.801300,-93.396698,0.129960,17.611099,-0.188998,-0.503973,-0.668089,0.513759,395.978333,1546.573364,-4156.286621,402.302094,1465.766724,-4163.331543,409.261932,1589.585693,-4184.361328,377.810791,1498.215454,-4116.156738,394.538361,1632.725952,-4161.296875,402.085419,1465.663208,-4163.101562,409.406799,1589.738647,-4184.363281,378.014191,1498.201538,-4116.408691,394.412842,1632.682617,-4161.275391,2616.295654,1567.747925,-3159.771729,,,,,,,,,,,,,,,,,,,,,,,,,,,,,,,,,
2507,25.070000,0.000000,0.000000,0.000000,1.000000,0.000000,0.000000,0.000000,57.698101,20.499701,-14.700500,0.047771,-0.013570,0.015998,-15.666301,-52.738201,18.801300,-93.396698,0.129960,17.611099,-0.190578,-0.501992,-0.669107,0.513790,394.613861,1546.653076,-4156.845215,400.640198,1465.840454,-4164.080078,407.934998,1589.678589,-4184.881836,376.436676,1498.273193,-4116.746094,393.443481,1632.820068,-4161.672363,400.504364,1465.649414,-4163.764160,407.948120,1589.800659,-4184.945801,376.578491,1498.203979,-4117.052734,393.420502,1632.911743,-4161.606445,2616.277832,1567.726929,-3159.770996,,,,,,,,,,,,,,,,,,,,,,,,,,,,,,,,,
2508,25.080000,0.000000,0.000000,0.000000,1.000000,0.000000,0.000000,0.000000,57.698101,20.499701,-14.700500,0.047771,-0.013570,0.015998,-15.666301,-52.738201,18.801300,-93.396698,0.129960,17.611099,-0.192847,-0.499316,-0.670154,0.514187,393.332581,1546.721313,-4157.355957,399.005798,1465.904297,-4164.822754,406.656982,1589.764526,-4185.363770,375.201355,1498.312988,-4117.270020,392.466064,1632.903931,-4161.966309,398.986389,1465.698608,-4164.469238,406.530365,1589.780762,-4185.481445,375.269501,1498.241455,-4117.625000,392.557220,1633.143311,-4161.821777,2616.286621,1567.716797,-3159.774658,,,,,,,,,,,,,,,,,,,,,,,,,,,,,,,,,
2509,25.090000,0.000000,0.000000,0.000000,1.000000,0.000000,0.000000,0.000000,57.698101,20.499701,-14.700500,0.047771,-0.013570,0.015998,-15.666301,-52.738201,18.801300,-93.396698,0.129960,17.611099,-0.193471,-0.499241,-0.669748,0.514554,392.145752,1546.851196,-4157.757812,397.829102,1466.029541,-4165.167969,405.418762,1589.875244,-4185.819824,374.084656,1498.470459,-4117.606934,391.250366,1633.029785,-4162.436523,397.947327,1466.014526,-4164.749512,405.065887,1589.744141,-4186.088379,374.054626,1498.400879,-4118.043457,391.510620,1633.243774,-4162.154297,2616.270264,1567.763062,-3159.789307,,,,,,,,,,,,,,,,,,,,,,,,,,,,,,,,,
2510,25.100000,0.000000,0.000000,0.000000,1.000000,0.000000,0.000000,0.000000,57.698101,20.499701,-14.700500,0.047771,-0.013570,0.015998,-15.666301,-52.738201,18.801300,-93.396698,0.129960,17.611099,-0.195813,-0.498341,-0.668443,0.516234,391.042175,1547.045532,-4158.129395,396.752960,1466.215454,-4165.424805,404.100403,1590.029297,-4186.353027,373.276367,1498.723267,-4117.776855,390.038910,1633.214478,-4162.961914,396.957977,1466.322998,-4165.004883,403.573242,1589.740845,-4186.697754,373.193542,1498.749146,-4118.254883,390.385315,1633.336304,-4162.596191,2616.279541,1567.737793,-3159.792969,,,,,,,,,,,,,,,,,,,,,,,,,,,,,,,,,
2511,25.110000,0.000000,0.000000,0.000000,1.000000,0.000000,0.000000,0.000000,57.698101,20.499701,-14.700500,0.047771,-0.013570,0.015998,-15.666301,-52.738201,18.801300,-93.396698,0.129960,17.611099,-0.198257,-0.498108,-0.665976,0.518709,390.058228,1547.267578,-4158.388184,395.988312,1466.430298,-4165.424805,402.776733,1590.189209,-4186.860352,372.734222,1499.036865,-4117.735352,388.733551,1633.414185,-4163.531738,396.264618,1466.741455,-4165.001465,402.187134,1589.782471,-4187.226074,372.611786,1499.165771,-4118.239746,389.123322,1633.351074,-4163.103027,2616.275879,1567.737671,-3159.802246,,,,,,,,,,,,,,,,,,,,,,,,,,,,,,,,,
2512,25.120000,0.000000,0.000000,0.000000,1.000000,0.000000,0.000000,0.000000,57.698101,20.499701,-14.700500,0.047771,-0.013570,0.015998,-15.666301,-52.738201,18.801300,-93.396698,0.129960,17.611099,-0.197725,-0.498655,-0.665901,0.518482,388.934753,1547.422363,-4158.713379,394.917328,1466.585815,-4165.713867,401.672852,1590.340942,-4187.182129,371.576019,1499.196533,-4118.069824,387.572754,1633.566528,-4163.888672,395.057983,1466.866943,-4165.327148,401.311188,1590.065552,-4187.397461,371.556671,1499.369629,-4118.603516,387.806641,1633.421265,-4163.568848,2616.259521,1567.737427,-3159.817139,,,,,,,,,,,,,,,,,,,,,,,,,,,,,,,,,
2513,25.130000,0.000000,0.000000,0.000000,1.000000,0.000000,0.000000,0.000000,57.698101,20.499701,-14.700500,0.047771,-0.013570,0.015998,-15.666301,-52.738201,18.801300,-93.396698,0.129960,17.611099,-0.195408,-0.499965,-0.666757,0.516997,387.647766,1547.524048,-4159.093750,393.671387,1466.693726,-4166.130859,400.565308,1590.468384,-4187.442383,370.033234,1499.261353,-4118.604004,386.321075,1633.673096,-4164.197754,393.659729,1466.799438,-4165.812012,400.419342,1590.388428,-4187.535156,370.132690,1499.408447,-4119.090820,386.404053,1633.537598,-4164.005371,2616.332031,1567.744019,-3159.794189,,,,,,,,,,,,,,,,,,,,,,,,,,,,,,,,,
2514,25.140000,0.000000,0.000000,0.000000,1.000000,0.000000,0.000000,0.000000,57.698101,20.499701,-14.700500,0.047771,-0.013570,0.015998,-15.666301,-52.738201,18.801300,-93.396698,0.129960,17.611099,-0.190797,-0.502439,-0.668803,0.513668,386.231903,1547.666138,-4159.470703,392.267487,1466.845703,-4166.609863,399.553589,1590.660156,-4187.555176,368.052612,1499.331665,-4119.317383,385.053802,1633.827393,-4164.399414,392.079559,1466.742188,-4166.348633,399.606689,1590.811646,-4187.499512,368.274170,1499.387329,-4119.673340,384.986206,1633.726562,-4164.391113,2616.329590,1567.736084,-3159.787354,,,,,,,,,,,,,,,,,,,,,,,,,,,,,,,,,
2515,25.150000,0.000000,0.000000,0.000000,1.000000,0.000000,0.000000,0.000000,57.698101,20.499701,-14.700500,0.047771,-0.013570,0.015998,-15.666301,-52.738201,18.801300,-93.396698,0.129960,17.611099,-0.190343,-0.502823,-0.668810,0.513451,384.514221,1547.742798,-4159.943359,390.583191,1466.923340,-4167.064941,397.857117,1590.737427,-4188.017578,366.300568,1499.407715,-4119.806641,383.315857,1633.903198,-4164.884766,390.321320,1466.801880,-4166.807617,397.994904,1590.994873,-4187.913574,366.559418,1499.404663,-4120.120605,383.196320,1633.776001,-4164.935059,2616.287109,1567.747803,-3159.812012,,,,,,,,,,,,,,,,,,,,,,,,,,,,,,,,,
2516,25.160000,0.000000,0.000000,0.000000,1.000000,0.000000,0.000000,0.000000,57.698101,20.499701,-14.700500,0.047771,-0.013570,0.015998,-15.666301,-52.738201,18.801300,-93.396698,0.129960,17.611099,-0.192747,-0.501610,-0.668254,0.514464,382.885803,1547.895874,-4160.310547,388.837433,1467.063477,-4167.384277,396.109497,1590.849121,-4188.504395,364.855103,1499.619019,-4120.021973,381.741150,1634.052246,-4165.333008,388.620087,1466.959351,-4167.147461,396.232422,1591.067017,-4188.462891,365.058563,1499.584106,-4120.277832,381.640839,1633.973267,-4165.352539,2616.263428,1567.733398,-3159.818604,,,,,,,,,,,,,,,,,,,,,,,,,,,,,,,,,
2517,25.170000,0.000000,0.000000,0.000000,1.000000,0.000000,0.000000,0.000000,57.698101,20.499701,-14.700500,0.047771,-0.013570,0.015998,-15.666301,-52.738201,18.801300,-93.396698,0.129960,17.611099,-0.196014,-0.498560,-0.668924,0.515323,381.503632,1548.101440,-4160.562500,387.074158,1467.258179,-4167.821289,394.670227,1591.050415,-4188.789062,363.606934,1499.827026,-4120.210449,380.663147,1634.270142,-4165.428711,387.121216,1467.214600,-4167.429199,394.436493,1591.036499,-4188.994629,363.615601,1499.703979,-4120.591309,380.845154,1634.443359,-4165.233398,2616.274414,1567.756592,-3159.808594,,,,,,,,,,,,,,,,,,,,,,,,,,,,,,,,,
2518,25.180000,0.000000,0.000000,0.000000,1.000000,0.000000,0.000000,0.000000,57.698101,20.499701,-14.700500,0.047771,-0.013570,0.015998,-15.666301,-52.738201,18.801300,-93.396698,0.129960,17.611099,-0.196100,-0.498474,-0.668503,0.515920,380.148315,1548.332642,-4160.718750,385.801819,1467.494629,-4167.970703,393.239929,1591.291748,-4188.964844,362.344208,1500.044922,-4120.342285,379.207245,1634.499634,-4165.598145,386.000214,1467.609741,-4167.473145,392.710266,1591.057007,-4189.338379,362.256226,1499.918091,-4120.835449,379.589935,1634.731934,-4165.248047,2616.277100,1567.751343,-3159.804932,,,,,,,,,,,,,,,,,,,,,,,,,,,,,,,,,
2519,25.190000,0.000000,0.000000,0.000000,1.000000,0.000000,0.000000,0.000000,57.698101,20.499701,-14.700500,0.047771,-0.013570,0.015998,-15.666301,-52.738201,18.801300,-93.396698,0.129960,17.611099,-0.196325,-0.499962,-0.666614,0.516836,378.981476,1548.791748,-4160.733398,384.917572,1467.947632,-4167.684570,391.909485,1591.690674,-4189.145508,361.364807,1500.593018,-4120.167969,377.733917,1634.936035,-4165.934570,385.161774,1468.083618,-4167.329590,391.310425,1591.311523,-4189.387207,361.267853,1500.804321,-4120.716797,378.106079,1634.936035,-4165.574707,2616.297852,1567.756226,-3159.791748,,,,,,,,,,,,,,,,,,,,,,,,,,,,,,,,,
2520,25.200000,0.000000,0.000000,0.000000,1.000000,0.000000,0.000000,0.000000,57.698101,20.499701,-14.700500,0.047771,-0.013570,0.015998,-15.666301,-52.738201,18.801300,-93.396698,0.129960,17.611099,-0.198260,-0.500055,-0.664432,0.518815,377.781097,1549.133545,-4160.683105,383.923187,1468.283325,-4167.381348,390.428955,1591.970215,-4189.314941,360.525146,1501.026123,-4119.855469,376.246979,1635.254761,-4166.181152,384.039490,1468.479980,-4167.167969,390.167969,1591.716309,-4189.479004,360.502502,1501.291504,-4120.225586,376.407074,1635.052979,-4165.889648,2616.305176,1567.728882,-3159.771973,,,,,,,,,,,,,,,,,,,,,,,,,,,,,,,,,
2521,25.210000,0.000000,0.000000,0.000000,1.000000,0.000000,0.000000,0.000000,57.698101,20.499701,-14.700500,0.047771,-0.013570,0.015998,-15.666301,-52.738201,18.801300,-93.396698,0.129960,17.611099,-0.195092,-0.501578,-0.665533,0.517131,376.131989,1549.232422,-4160.985352,382.359039,1468.396118,-4167.771973,388.988922,1592.122437,-4189.443359,358.572784,1501.049072,-4120.377441,374.607147,1635.362183,-4166.349609,382.290802,1468.457031,-4167.609863,388.994995,1592.161377,-4189.486816,358.680542,1501.242432,-4120.644531,374.569763,1635.054443,-4166.211914,2616.315918,1567.747070,-3159.761230,,,,,,,,,,,,,,,,,,,,,,,,,,,,,,,,,
2522,25.220000,0.000000,0.000000,0.000000,1.000000,0.000000,0.000000,0.000000,57.698101,20.499701,-14.700500,0.047771,-0.013570,0.015998,-15.666301,-52.738201,18.801300,-93.396698,0.129960,17.611099,-0.190152,-0.503775,-0.667895,0.513779,374.525970,1549.398193,-4161.142578,380.755127,1468.577393,-4168.108887,387.801392,1592.365845,-4189.289062,356.383423,1501.103149,-4120.925293,373.163849,1635.546509,-4166.245605,380.565887,1468.449951,-4167.871094,387.873932,1592.667969,-4189.229492,356.568329,1501.105225,-4121.188965,373.101654,1635.386597,-4166.274902,2616.288818,1567.736694,-3159.768555,,,,,,,,,,,,,,,,,,,,,,,,,,,,,,,,,
2523,25.230000,0.000000,0.000000,0.000000,1.000000,0.000000,0.000000,0.000000,57.698101,20.499701,-14.700500,0.047771,-0.013570,0.015998,-15.666301,-52.738201,18.801300,-93.396698,0.129960,17.611099,-0.191455,-0.502653,-0.667721,0.514621,372.621735,1549.473511,-4161.449707,378.789001,1468.652100,-4168.465332,385.808685,1592.443970,-4189.634277,354.611359,1501.174072,-4121.178711,371.277832,1635.624023,-4166.521484,378.643463,1468.535400,-4168.172852,385.806335,1592.584961,-4189.623047,354.782074,1501.142578,-4121.516602,371.263885,1635.610718,-4166.502441,2616.275635,1567.790894,-3159.774170,,,,,,,,,,,,,,,,,,,,,,,,,,,,,,,,,
2524,25.240000,0.000000,0.000000,0.000000,1.000000,0.000000,0.000000,0.000000,57.698101,20.499701,-14.700500,0.047771,-0.013570,0.015998,-15.666301,-52.738201,18.801300,-93.396698,0.129960,17.611099,-0.195622,-0.499159,-0.668362,0.515621,371.179169,1549.762817,-4161.429688,376.883850,1468.922607,-4168.617188,384.294495,1592.709229,-4189.684570,353.334625,1501.493774,-4121.048340,370.203552,1635.926025,-4166.369141,376.912628,1468.878418,-4168.198242,384.061981,1592.656982,-4189.856934,353.374878,1501.381226,-4121.494141,370.376709,1636.124756,-4166.178223,2616.272217,1567.751099,-3159.777832,,,,,,,,,,,,,,,,,,,,,,,,,,,,,,,,,
2525,25.250000,0.000000,0.000000,0.000000,1.000000,0.000000,0.000000,0.000000,57.698101,20.499701,-14.700500,0.047771,-0.013570,0.015998,-15.666301,-52.738201,18.801300,-93.396698,0.129960,17.611099,-0.195425,-0.499827,-0.667531,0.516125,369.780487,1550.154297,-4161.396973,375.646790,1469.316284,-4168.477051,382.813995,1593.089233,-4189.706543,352.026886,1501.903320,-4120.954102,368.634155,1636.308838,-4166.450684,375.817749,1469.380615,-4168.138184,382.369781,1592.798828,-4189.941895,351.975098,1502.022339,-4121.418945,368.911682,1636.392456,-4166.137695,2616.287354,1567.747070,-3159.761719,,,,,,,,,,,,,,,,,,,,,,,,,,,,,,,,,
2526,25.260000,0.000000,0.000000,0.000000,1.000000,0.000000,0.000000,0.000000,57.698101,20.499701,-14.700500,0.047771,-0.013570,0.015998,-15.666301,-52.738201,18.801300,-93.396698,0.129960,17.611099,-0.197338,-0.499498,-0.665026,0.518941,368.502014,1550.520508,-4161.260254,374.669586,1469.687866,-4168.142578,381.160736,1593.427124,-4189.781738,351.227386,1502.313354,-4120.558105,366.950317,1636.654053,-4166.557617,374.780823,1469.861206,-4167.938965,380.861084,1593.091553,-4189.867676,351.222382,1502.539307,-4120.944824,367.113342,1636.582520,-4166.338379,2616.286621,1567.703491,-3159.755615,,,,,,,,,,,,,,,,,,,,,,,,,,,,,,,,,
2527,25.270000,0.000000,0.000000,0.000000,1.000000,0.000000,0.000000,0.000000,57.698101,20.499701,-14.700500,0.047771,-0.013570,0.015998,-15.666301,-52.738201,18.801300,-93.396698,0.129960,17.611099,-0.194016,-0.502730,-0.664341,0.517949,367.151978,1550.824951,-4161.111816,373.699280,1470.004517,-4167.784668,379.881805,1593.727295,-4189.607910,349.723999,1502.627075,-4120.464844,365.302734,1636.941284,-4166.589844,373.668488,1470.249756,-4167.552734,379.791138,1593.595825,-4189.649414,349.811646,1502.734131,-4120.805664,365.348572,1636.761719,-4166.454102,2616.295898,1567.741455,-3159.745361,,,,,,,,,,,,,,,,,,,,,,,,,,,,,,,,,
2528,25.280000,0.000000,0.000000,0.000000,1.000000,0.000000,0.000000,0.000000,57.698101,20.499701,-14.700500,0.047771,-0.013570,0.015998,-15.666301,-52.738201,18.801300,-93.396698,0.129960,17.611099,-0.192469,-0.502629,-0.666364,0.516021,365.443909,1550.956665,-4161.309570,371.769043,1470.136353,-4168.196777,378.441315,1593.904419,-4189.616211,347.675018,1502.691406,-4120.890625,363.890228,1637.094482,-4166.535156,371.560883,1470.019409,-4168.066406,378.619141,1594.074951,-4189.530762,347.891357,1502.835327,-4121.109375,363.715698,1636.905273,-4166.543457,2616.277100,1567.743408,-3159.748535,,,,,,,,,,,,,,,,,,,,,,,,,,,,,,,,,
2529,25.290000,0.000000,0.000000,0.000000,1.000000,0.000000,0.000000,0.000000,57.698101,20.499701,-14.700500,0.047771,-0.013570,0.015998,-15.666301,-52.738201,18.801300,-93.396698,0.129960,17.611099,-0.190380,-0.503118,-0.667621,0.514693,363.405518,1551.003662,-4161.555176,369.703308,1470.194336,-4168.592285,376.580536,1594.005005,-4189.698242,345.393066,1502.661499,-4121.336426,361.945129,1637.154297,-4166.594238,369.518646,1470.016724,-4168.356445,376.641785,1594.222778,-4189.627930,345.592804,1502.702881,-4121.633301,361.879395,1637.072266,-4166.609863,2616.275635,1567.730103,-3159.755127,,,,,,,,,,,,,,,,,,,,,,,,,,,,,,,,,
2530,25.300000,0.000000,0.000000,0.000000,1.000000,0.000000,0.000000,0.000000,57.698101,20.499701,-14.700500,0.047771,-0.013570,0.015998,-15.666301,-52.738201,18.801300,-93.396698,0.129960,17.611099,-0.194262,-0.500107,-0.667583,0.516226,361.737030,1551.176880,-4161.641602,367.725311,1470.353394,-4168.785156,374.762177,1594.155396,-4189.889160,343.977692,1502.864746,-4121.274414,360.482941,1637.334351,-4166.617676,367.842865,1470.245850,-4168.387695,374.415588,1594.137695,-4190.119629,343.947021,1502.829224,-4121.677246,360.736938,1637.491699,-4166.378418,2616.277344,1567.743164,-3159.750488,,,,,,,,,,,,,,,,,,,,,,,,,,,,,,,,,
2531,25.310000,0.000000,0.000000,0.000000,1.000000,0.000000,0.000000,0.000000,57.698101,20.499701,-14.700500,0.047771,-0.013570,0.015998,-15.666301,-52.738201,18.801300,-93.396698,0.129960,17.611099,-0.197215,-0.498956,-0.665967,0.518302,360.143402,1551.393677,-4161.730469,366.160156,1470.559814,-4168.733398,372.901733,1594.319702,-4190.178223,342.751495,1503.157227,-4121.113281,358.760071,1637.537964,-4166.896484,366.353943,1470.627075,-4168.280762,372.399689,1594.097778,-4190.512695,342.670807,1503.095459,-4121.581543,359.116638,1637.741211,-4166.558105,2616.297119,1567.720703,-3159.759277,,,,,,,,,,,,,,,,,,,,,,,,,,,,,,,,,
2532,25.320000,0.000000,0.000000,0.000000,1.000000,0.000000,0.000000,0.000000,57.698101,20.499701,-14.700500,0.047771,-0.013570,0.015998,-15.666301,-52.738201,18.801300,-93.396698,0.129960,17.611099,-0.196201,-0.500509,-0.664351,0.519262,358.919037,1551.780762,-4161.561035,365.315338,1470.959839,-4168.373535,371.519745,1594.700806,-4190.088379,341.692413,1503.556519,-4120.859375,357.148468,1637.906006,-4166.922852,365.430634,1471.124512,-4168.002930,371.142853,1594.438599,-4190.245605,341.685883,1503.581665,-4121.336914,357.390656,1637.967285,-4166.692383,2616.322510,1567.744507,-3159.763916,,,,,,,,,,,,,,,,,,,,,,,,,,,,,,,,,
2533,25.330000,0.000000,0.000000,0.000000,1.000000,0.000000,0.000000,0.000000,57.698101,20.499701,-14.700500,0.047771,-0.013570,0.015998,-15.666301,-52.738201,18.801300,-93.396698,0.129960,17.611099,-0.193835,-0.502870,-0.663870,0.518485,357.523712,1552.088501,-4161.486328,364.184845,1471.275635,-4168.140137,370.182343,1595.001587,-4189.998047,340.178650,1503.876343,-4120.819824,355.548920,1638.200684,-4166.985840,364.100037,1471.397461,-4167.892578,370.101349,1594.884766,-4189.928223,340.347565,1503.964966,-4121.248535,355.570007,1638.141602,-4166.939941,2616.293213,1567.716675,-3159.770996,,,,,,,,,,,,,,,,,,,,,,,,,,,,,,,,,
2534,25.340000,0.000000,0.000000,0.000000,1.000000,0.000000,0.000000,0.000000,57.698101,20.499701,-14.700500,0.047771,-0.013570,0.015998,-15.666301,-52.738201,18.801300,-93.396698,0.129960,17.611099,-0.193502,-0.503592,-0.663978,0.517769,355.771149,1552.230347,-4161.651367,362.408966,1471.409424,-4168.229004,368.504669,1595.115479,-4190.172363,338.325073,1504.057739,-4120.981934,353.845795,1638.338989,-4167.223145,362.179108,1471.379028,-4168.111328,368.698517,1595.181763,-4190.036621,338.572479,1504.172119,-4121.214844,353.652710,1638.197632,-4167.261719,2616.318359,1567.749146,-3159.767334,,,,,,,,,,,,,,,,,,,,,,,,,,,,,,,,,
2535,25.350000,0.000000,0.000000,0.000000,1.000000,0.000000,0.000000,0.000000,57.698101,20.499701,-14.700500,0.047771,-0.013570,0.015998,-15.666301,-52.738201,18.801300,-93.396698,0.129960,17.611099,-0.195129,-0.501575,-0.665573,0.517068,353.712128,1552.194580,-4162.081055,359.926178,1471.357056,-4168.865723,366.576752,1595.082031,-4190.540039,336.144073,1504.015015,-4121.472656,352.201477,1638.324585,-4167.446777,359.837158,1471.230957,-4168.639160,366.564453,1595.143799,-4190.556152,336.267639,1504.058472,-4121.760254,352.187866,1638.333374,-4167.386719,2616.270020,1567.716675,-3159.779053,,,,,,,,,,,,,,,,,,,,,,,,,,,,,,,,,
2536,25.360000,0.000000,0.000000,0.000000,1.000000,0.000000,0.000000,0.000000,57.698101,20.499701,-14.700500,0.047771,-0.013570,0.015998,-15.666301,-52.738201,18.801300,-93.396698,0.129960,17.611099,-0.195338,-0.501227,-0.666013,0.516760,351.768311,1552.213257,-4162.419922,357.883423,1471.372192,-4169.251465,364.680420,1595.101318,-4190.855957,334.148254,1504.031738,-4121.835938,350.361084,1638.348145,-4167.735840,357.886902,1471.305786,-4168.916504,364.481720,1595.139404,-4190.907715,334.213501,1504.007080,-4122.234375,350.495972,1638.390381,-4167.643555,2616.308838,1567.733643,-3159.791748,,,,,,,,,,,,,,,,,,,,,,,,,,,,,,,,,
2537,25.370000,0.000000,0.000000,0.000000,1.000000,0.000000,0.000000,0.000000,57.698101,20.499701,-14.700500,0.047771,-0.013570,0.015998,-15.666301,-52.738201,18.801300,-93.396698,0.129960,17.611099,-0.198709,-0.499954,-0.664174,0.519070,350.255432,1552.351196,-4162.561523,356.399963,1471.498535,-4169.226074,362.867889,1595.175415,-4191.227539,333.048462,1504.261719,-4121.692383,348.705322,1638.469604,-4168.100098,356.642700,1471.553711,-4168.763184,362.272888,1594.983398,-4191.585449,332.935150,1504.252319,-4122.183594,349.127289,1638.600952,-4167.730957,2616.282471,1567.762085,-3159.804199,,,,,,,,,,,,,,,,,,,,,,,,,,,,,,,,,
2538,25.380000,0.000000,0.000000,0.000000,1.000000,0.000000,0.000000,0.000000,57.698101,20.499701,-14.700500,0.047771,-0.013570,0.015998,-15.666301,-52.738201,18.801300,-93.396698,0.129960,17.611099,-0.198884,-0.501421,-0.661443,0.521072,348.841187,1552.523071,-4162.698242,355.451172,1471.681519,-4169.045898,361.149353,1595.303833,-4191.560547,331.991486,1504.499634,-4121.603027,346.772675,1638.607544,-4168.583496,355.678375,1471.939575,-4168.610352,360.634583,1595.021729,-4191.915527,331.888275,1504.525269,-4122.064941,347.134674,1638.591309,-4168.204590,2616.302979,1567.749878,-3159.804443,,,,,,,,,,,,,,,,,,,,,,,,,,,,,,,,,
2539,25.390000,0.000000,0.000000,0.000000,1.000000,0.000000,0.000000,0.000000,57.698101,20.499701,-14.700500,0.047771,-0.013570,0.015998,-15.666301,-52.738201,18.801300,-93.396698,0.129960,17.611099,-0.196742,-0.503565,-0.661381,0.519894,347.542267,1552.738281,-4162.837402,354.313202,1471.899780,-4169.051758,359.965546,1595.504883,-4191.671387,330.509247,1504.736084,-4121.793457,345.380951,1638.812744,-4168.833496,354.269928,1472.045898,-4168.724609,359.847961,1595.420410,-4191.732910,330.624084,1504.793823,-4122.250977,345.446991,1638.725098,-4168.690430,2616.284424,1567.730957,-3159.800537,,,,,,,,,,,,,,,,,,,,,,,,,,,,,,,,,
2540,25.400000,0.000000,0.000000,0.000000,1.000000,0.000000,0.000000,0.000000,57.698101,20.499701,-14.700500,0.047771,-0.013570,0.015998,-15.666301,-52.738201,18.801300,-93.396698,0.129960,17.611099,-0.195741,-0.504109,-0.662120,0.518803,345.812286,1552.779419,-4163.310547,352.523651,1471.938110,-4169.554199,358.372345,1595.552124,-4192.076172,328.597321,1504.768066,-4122.353027,343.755737,1638.859863,-4169.258789,352.287781,1471.843750,-4169.342773,358.512970,1595.616943,-4191.971680,328.882507,1504.888428,-4122.718750,343.600861,1638.784302,-4169.259277,2616.286377,1567.736694,-3159.802246,,,,,,,,,,,,,,,,,,,,,,,,,,,,,,,,,
2541,25.410000,0.000000,0.000000,0.000000,1.000000,0.000000,0.000000,0.000000,57.698101,20.499701,-14.700500,0.047771,-0.013570,0.015998,-15.666301,-52.738201,18.801300,-93.396698,0.129960,17.611099,-0.196218,-0.505037,-0.661339,0.518716,343.949768,1552.799316,-4163.867188,350.708496,1471.946289,-4169.904297,356.488373,1595.505859,-4192.739746,326.757874,1504.882324,-4122.789551,341.844238,1638.863037,-4170.034180,350.450439,1471.880615,-4169.701172,356.641541,1595.596802,-4192.581543,327.062897,1504.981445,-4123.150391,341.682648,1638.754272,-4170.079590,2616.277100,1567.771240,-3159.823486,,,,,,,,,,,,,,,,,,,,,,,,,,,,,,,,,
2542,25.420000,0.000000,0.000000,0.000000,1.000000,0.000000,0.000000,0.000000,57.698101,20.499701,-14.700500,0.047771,-0.013570,0.015998,-15.666301,-52.738201,18.801300,-93.396698,0.129960,17.611099,-0.201342,-0.501128,-0.662025,0.519668,342.269745,1552.806885,-4164.411133,348.459717,1471.919556,-4170.597656,354.738007,1595.462891,-4193.389160,325.257111,1504.957275,-4123.180176,340.624084,1638.887939,-4170.477539,348.379333,1471.762573,-4170.362793,354.723297,1595.500977,-4193.415527,325.372498,1504.994141,-4123.469238,340.610474,1638.950439,-4170.405273,2616.277100,1567.764771,-3159.810791,,,,,,,,,,,,,,,,,,,,,,,,,,,,,,,,,
2543,25.430000,0.000000,0.000000,0.000000,1.000000,0.000000,0.000000,0.000000,57.698101,20.499701,-14.700500,0.047771,-0.013570,0.015998,-15.666301,-52.738201,18.801300,-93.396698,0.129960,17.611099,-0.203263,-0.500663,-0.661439,0.520114,340.439026,1552.720581,-4165.098145,346.532379,1471.816650,-4171.162598,352.838501,1595.313354,-4194.198242,323.535889,1504.960449,-4123.719238,338.849213,1638.791992,-4171.312988,346.644012,1471.795410,-4170.833496,352.546997,1595.230225,-4194.427734,323.498047,1504.953369,-4124.068848,339.060089,1638.901489,-4171.068848,2616.277588,1567.735229,-3159.793701,,,,,,,,,,,,,,,,,,,,,,,,,,,,,,,,,
2544,25.440000,0.000000,0.000000,0.000000,1.000000,0.000000,0.000000,0.000000,57.698101,20.499701,-14.700500,0.047771,-0.013570,0.015998,-15.666301,-52.738201,18.801300,-93.396698,0.129960,17.611099,-0.205350,-0.500393,-0.660382,0.520898,339.033478,1552.885132,-4165.542969,345.096283,1471.965698,-4171.426758,351.311401,1595.402588,-4194.804199,322.303955,1505.232056,-4123.970703,337.422180,1638.940552,-4171.970215,345.352600,1471.953369,-4171.150391,350.808411,1595.132324,-4195.143555,322.163788,1505.439209,-4124.348633,337.755402,1638.989746,-4171.562500,2616.284912,1567.739746,-3159.792236,,,,,,,,,,,,,,,,,,,,,,,,,,,,,,,,,
2545,25.450000,0.000000,0.000000,0.000000,1.000000,0.000000,0.000000,0.000000,57.698101,20.499701,-14.700500,0.047771,-0.013570,0.015998,-15.666301,-52.738201,18.801300,-93.396698,0.129960,17.611099,-0.202600,-0.502964,-0.659702,0.520360,337.873169,1552.960083,-4165.941406,344.282104,1472.055908,-4171.667969,350.181427,1595.482300,-4195.182617,321.052002,1505.302490,-4124.410645,335.977020,1638.999512,-4172.503418,344.531799,1472.204834,-4171.246094,349.599030,1595.291382,-4195.484863,320.928467,1505.304932,-4124.869141,336.396423,1639.025513,-4172.175293,2616.283203,1567.761841,-3159.792969,,,,,,,,,,,,,,,,,,,,,,,,,,,,,,,,,
2546,25.460000,0.000000,0.000000,0.000000,1.000000,0.000000,0.000000,0.000000,57.698101,20.499701,-14.700500,0.047771,-0.013570,0.015998,-15.666301,-52.738201,18.801300,-93.396698,0.129960,17.611099,-0.203300,-0.502957,-0.658780,0.521260,336.700531,1553.073608,-4166.178223,343.213531,1472.171509,-4171.815430,348.882782,1595.576050,-4195.501465,320.039917,1505.445312,-4124.549316,334.665741,1639.101685,-4172.846191,343.214874,1472.268677,-4171.499512,348.675568,1595.585327,-4195.512207,320.105896,1505.421021,-4124.953125,334.811584,1639.026245,-4172.777344,2616.294922,1567.723511,-3159.775391,,,,,,,,,,,,,,,,,,,,,,,,,,,,,,,,,
2547,25.470000,0.000000,0.000000,0.000000,1.000000,0.000000,0.000000,0.000000,57.698101,20.499701,-14.700500,0.047771,-0.013570,0.015998,-15.666301,-52.738201,18.801300,-93.396698,0.129960,17.611099,-0.203809,-0.502650,-0.659265,0.520744,335.200958,1553.121948,-4166.688965,341.564911,1472.208984,-4172.340332,347.452637,1595.606567,-4196.008789,318.464996,1505.517822,-4125.062988,333.321198,1639.154663,-4173.343750,341.375671,1472.149902,-4172.132324,347.526428,1595.748047,-4195.888184,318.680237,1505.550293,-4125.368164,333.239868,1639.045898,-4173.388672,2616.277832,1567.737549,-3159.774902,,,,,,,,,,,,,,,,,,,,,,,,,,,,,,,,,
2548,25.480000,0.000000,0.000000,0.000000,1.000000,0.000000,0.000000,0.000000,57.698101,20.499701,-14.700500,0.047771,-0.013570,0.015998,-15.666301,-52.738201,18.801300,-93.396698,0.129960,17.611099,-0.205442,-0.501586,-0.659651,0.520640,333.461365,1553.108398,-4167.313965,339.596741,1472.179443,-4172.987793,345.736145,1595.562500,-4196.668457,316.725922,1505.546021,-4125.640137,331.786621,1639.146118,-4173.959473,339.392517,1471.994751,-4172.855957,345.865967,1595.694458,-4196.480469,316.964600,1505.696167,-4125.912109,331.647675,1639.062378,-4174.023926,2616.297852,1567.764648,-3159.773682,,,,,,,,,,,,,,,,,,,,,,,,,,,,,,,,,
2549,25.490000,0.000000,0.000000,0.000000,1.000000,0.000000,0.000000,0.000000,57.698101,20.499701,-14.700500,0.047771,-0.013570,0.015998,-15.666301,-52.738201,18.801300,-93.396698,0.129960,17.611099,-0.206347,-0.501626,-0.659132,0.520900,331.402649,1553.036987,-4168.119629,337.528168,1472.099854,-4173.689453,343.629974,1595.449463,-4197.553711,314.734619,1505.533447,-4126.351562,329.717743,1639.065186,-4174.882812,337.397217,1471.863281,-4173.607422,343.710632,1595.486084,-4197.417969,314.940338,1505.892578,-4126.645020,329.591949,1638.957764,-4174.860352,2616.312744,1567.690308,-3159.749756,,,,,,,,,,,,,,,,,,,,,,,,,,,,,,,,,
2550,25.500000,0.000000,0.000000,0.000000,1.000000,0.000000,0.000000,0.000000,57.698101,20.499701,-14.700500,0.047771,-0.013570,0.015998,-15.666301,-52.738201,18.801300,-93.396698,0.129960,17.611099,-0.208541,-0.498913,-0.659935,0.521614,329.638855,1552.998901,-4168.724121,335.469421,1472.056274,-4174.523926,341.823059,1595.442505,-4198.131348,313.072876,1505.449097,-4126.968262,328.190033,1639.048096,-4175.272461,335.458282,1471.833740,-4174.314941,341.755737,1595.399536,-4198.178711,313.144562,1505.569702,-4127.265137,328.208496,1639.189331,-4175.143555,2616.305908,1567.730957,-3159.738281,,,,,,,,,,,,,,,,,,,,,,,,,,,,,,,,,
2551,25.510000,0.000000,0.000000,0.000000,1.000000,0.000000,0.000000,0.000000,57.698101,20.499701,-14.700500,0.047771,-0.013570,0.015998,-15.666301,-52.738201,18.801300,-93.396698,0.129960,17.611099,-0.204418,-0.502067,-0.660361,0.519677,328.174225,1553.104614,-4169.111328,334.263763,1472.175171,-4174.826660,340.573486,1595.570923,-4198.395508,311.271973,1505.524292,-4127.525391,326.587616,1639.148560,-4175.697266,334.420715,1472.262085,-4174.360352,340.121338,1595.410278,-4198.631348,311.211243,1505.334961,-4127.999512,326.935455,1639.404541,-4175.464844,2616.275391,1567.736572,-3159.756592,,,,,,,,,,,,,,,,,,,,,,,,,,,,,,,,,
2552,25.520000,0.000000,0.000000,0.000000,1.000000,0.000000,0.000000,0.000000,57.698101,20.499701,-14.700500,0.047771,-0.013570,0.015998,-15.666301,-52.738201,18.801300,-93.396698,0.129960,17.611099,-0.202374,-0.504762,-0.658741,0.519924,326.716583,1553.250610,-4169.433594,333.249664,1472.337036,-4174.880371,339.031158,1595.693848,-4198.787109,309.868927,1505.706299,-4127.784180,324.716492,1639.265259,-4176.282227,333.501465,1472.697998,-4174.293945,338.360535,1595.419922,-4199.087891,309.757629,1505.475586,-4128.339355,325.206573,1639.410522,-4175.999023,2616.307617,1567.746216,-3159.752197,,,,,,,,,,,,,,,,,,,,,,,,,,,,,,,,,
2553,25.530000,0.000000,0.000000,0.000000,1.000000,0.000000,0.000000,0.000000,57.698101,20.499701,-14.700500,0.047771,-0.013570,0.015998,-15.666301,-52.738201,18.801300,-93.396698,0.129960,17.611099,-0.206166,-0.502509,-0.657128,0.522651,325.499756,1553.472046,-4169.624023,332.017426,1472.553833,-4175.019531,337.475464,1595.877563,-4199.171387,309.126068,1505.981689,-4127.724609,323.379974,1639.475342,-4176.579590,332.070129,1472.790771,-4174.703613,337.249084,1595.706421,-4199.295898,309.144012,1505.992554,-4128.106445,323.532837,1639.417603,-4176.395020,2616.292480,1567.745728,-3159.746338,,,,,,,,,,,,,,,,,,,,,,,,,,,,,,,,,
2554,25.540000,0.000000,0.000000,0.000000,1.000000,0.000000,0.000000,0.000000,57.698101,20.499701,-14.700500,0.047771,-0.013570,0.015998,-15.666301,-52.738201,18.801300,-93.396698,0.129960,17.611099,-0.207828,-0.501231,-0.656980,0.523404,323.914917,1553.477417,-4170.049805,330.323944,1472.552979,-4175.481934,335.806915,1595.873535,-4199.644531,307.673248,1505.999756,-4128.084473,321.855499,1639.483643,-4176.987305,330.159271,1472.589844,-4175.332031,335.928162,1595.880981,-4199.612305,307.872742,1506.170410,-4128.372070,321.709808,1639.283813,-4176.917969,2616.290771,1567.741333,-3159.740967,,,,,,,,,,,,,,,,,,,,,,,,,,,,,,,,,
2555,25.550000,0.000000,0.000000,0.000000,1.000000,0.000000,0.000000,0.000000,57.698101,20.499701,-14.700500,0.047771,-0.013570,0.015998,-15.666301,-52.738201,18.801300,-93.396698,0.129960,17.611099,-0.207943,-0.500059,-0.658095,0.523079,322.037201,1553.348511,-4170.582520,328.265137,1472.423584,-4176.212891,334.005035,1595.789307,-4200.082520,305.715729,1505.805908,-4128.721680,320.162781,1639.375610,-4177.312012,328.058319,1472.247192,-4176.113770,334.210175,1595.891602,-4199.985840,305.946594,1506.043823,-4128.957031,319.950500,1639.230469,-4177.294434,2616.275879,1567.775757,-3159.756104,,,,,,,,,,,,,,,,,,,,,,,,,,,,,,,,,
2556,25.560000,0.000000,0.000000,0.000000,1.000000,0.000000,0.000000,0.000000,57.698101,20.499701,-14.700500,0.047771,-0.013570,0.015998,-15.666301,-52.738201,18.801300,-93.396698,0.129960,17.611099,-0.205454,-0.501092,-0.658915,0.522041,320.008698,1553.139282,-4171.131348,326.325378,1472.227905,-4176.857422,332.115875,1595.636597,-4200.492676,303.480652,1505.517090,-4129.442871,318.112793,1639.175903,-4177.730957,326.268311,1472.037720,-4176.595703,332.028442,1595.726929,-4200.460449,303.610229,1505.654053,-4129.840820,318.145447,1639.142456,-4177.677246,2616.301758,1567.735596,-3159.754150,,,,,,,,,,,,,,,,,,,,,,,,,,,,,,,,,
2557,25.570000,0.000000,0.000000,0.000000,1.000000,0.000000,0.000000,0.000000,57.698101,20.499701,-14.700500,0.047771,-0.013570,0.015998,-15.666301,-52.738201,18.801300,-93.396698,0.129960,17.611099,-0.205760,-0.499838,-0.659938,0.521830,318.348358,1553.083130,-4171.465332,324.483337,1472.171509,-4177.382324,330.516022,1595.620728,-4200.743652,301.762024,1505.402344,-4129.867188,316.631958,1639.138428,-4177.867676,324.714661,1472.055176,-4176.859375,329.935669,1595.558105,-4201.053223,301.662445,1505.328125,-4130.389160,317.061340,1639.391602,-4177.554688,2616.305176,1567.737427,-3159.761719,,,,,,,,,,,,,,,,,,,,,,,,,,,,,,,,,
2558,25.580000,0.000000,0.000000,0.000000,1.000000,0.000000,0.000000,0.000000,57.698101,20.499701,-14.700500,0.047771,-0.013570,0.015998,-15.666301,-52.738201,18.801300,-93.396698,0.129960,17.611099,-0.205655,-0.500233,-0.658686,0.523073,316.857330,1553.091431,-4171.658203,323.245392,1472.193115,-4177.489258,328.852844,1595.634033,-4200.999512,300.474579,1505.405518,-4129.984863,314.856445,1639.133179,-4178.157715,323.517151,1472.254883,-4177.007812,328.193970,1595.478638,-4201.316406,300.335693,1505.309326,-4130.466797,315.342651,1639.317261,-4177.845703,2616.317139,1567.728149,-3159.752441,,,,,,,,,,,,,,,,,,,,,,,,,,,,,,,,,
2559,25.590000,0.000000,0.000000,0.000000,1.000000,0.000000,0.000000,0.000000,57.698101,20.499701,-14.700500,0.047771,-0.013570,0.015998,-15.666301,-52.738201,18.801300,-93.396698,0.129960,17.611099,-0.203131,-0.503193,-0.657101,0.523214,315.663208,1553.183594,-4171.621582,322.535339,1472.306519,-4177.190430,327.586365,1595.711060,-4201.015137,299.312134,1505.522339,-4129.908203,313.218933,1639.194458,-4178.374023,322.585297,1472.515991,-4176.881836,327.384216,1595.588379,-4201.168457,299.319031,1505.508667,-4130.250488,313.364532,1639.138184,-4178.186523,2616.317383,1567.772705,-3159.757080,,,,,,,,,,,,,,,,,,,,,,,,,,,,,,,,,
2560,25.600000,0.000000,0.000000,0.000000,1.000000,0.000000,0.000000,0.000000,57.698101,20.499701,-14.700500,0.047771,-0.013570,0.015998,-15.666301,-52.738201,18.801300,-93.396698,0.129960,17.611099,-0.202988,-0.502439,-0.657433,0.523578,314.221375,1553.121704,-4171.709961,321.086212,1472.253540,-4177.416016,326.121460,1595.696533,-4201.043945,297.903473,1505.393433,-4130.060059,311.774323,1639.143555,-4178.320312,320.840698,1472.254761,-4177.317383,326.349548,1595.729614,-4200.870117,298.158539,1505.480591,-4130.276367,311.558167,1639.029297,-4178.386719,2616.281982,1567.740356,-3159.778320,,,,,,,,,,,,,,,,,,,,,,,,,,,,,,,,,
2561,25.610000,0.000000,0.000000,0.000000,1.000000,0.000000,0.000000,0.000000,57.698101,20.499701,-14.700500,0.047771,-0.013570,0.015998,-15.666301,-52.738201,18.801300,-93.396698,0.129960,17.611099,-0.201928,-0.502517,-0.658193,0.522956,312.271454,1552.800903,-4172.153320,319.108368,1471.937866,-4177.965332,324.264069,1595.414062,-4201.394043,295.828674,1505.017822,-4130.615723,309.884613,1638.833984,-4178.639160,318.855804,1471.962891,-4177.793945,324.454773,1595.429077,-4201.266113,296.083435,1505.003174,-4130.875488,309.707123,1638.809570,-4178.690430,2616.272949,1567.752686,-3159.792725,,,,,,,,,,,,,,,,,,,,,,,,,,,,,,,,,
2562,25.620000,0.000000,0.000000,0.000000,1.000000,0.000000,0.000000,0.000000,57.698101,20.499701,-14.700500,0.047771,-0.013570,0.015998,-15.666301,-52.738201,18.801300,-93.396698,0.129960,17.611099,-0.205578,-0.499034,-0.659534,0.523180,310.387726,1552.560913,-4172.489746,316.676361,1471.670410,-4178.533691,322.406067,1595.164429,-4201.733398,293.987396,1504.787842,-4130.923828,308.481049,1638.621338,-4178.767578,316.631287,1471.631714,-4178.307617,322.360504,1594.983887,-4201.780762,294.117432,1504.969116,-4131.340820,308.464081,1638.690674,-4178.599121,2616.266602,1567.716675,-3159.791260,,,,,,,,,,,,,,,,,,,,,,,,,,,,,,,,,
2563,25.630000,0.000000,0.000000,0.000000,1.000000,0.000000,0.000000,0.000000,57.698101,20.499701,-14.700500,0.047771,-0.013570,0.015998,-15.666301,-52.738201,18.801300,-93.396698,0.129960,17.611099,-0.205354,-0.498132,-0.660674,0.522690,308.631012,1552.272461,-4172.769531,314.760803,1471.384033,-4179.002441,320.742981,1594.920776,-4201.909180,292.122894,1504.434082,-4131.321289,306.897217,1638.351074,-4178.844727,314.959198,1471.438232,-4178.632812,320.286316,1594.625366,-4202.241699,292.032227,1504.442993,-4131.731445,307.208099,1638.558350,-4178.491699,2616.275391,1567.742432,-3159.794434,,,,,,,,,,,,,,,,,,,,,,,,,,,,,,,,,
2564,25.640000,0.000000,0.000000,0.000000,1.000000,0.000000,0.000000,0.000000,57.698101,20.499701,-14.700500,0.047771,-0.013570,0.015998,-15.666301,-52.738201,18.801300,-93.396698,0.129960,17.611099,-0.201804,-0.500093,-0.661197,0.521537,307.276886,1552.127319,-4172.791504,313.641174,1471.260498,-4179.067871,319.527496,1594.837280,-4201.782715,290.542358,1504.203003,-4131.534180,305.396393,1638.208862,-4178.781250,313.826202,1471.382446,-4178.641113,319.047607,1594.648438,-4202.056641,290.458954,1504.099121,-4131.970215,305.744843,1638.368530,-4178.510742,2616.332764,1567.731323,-3159.789062,,,,,,,,,,,,,,,,,,,,,,,,,,,,,,,,,
2565,25.650000,0.000000,0.000000,0.000000,1.000000,0.000000,0.000000,0.000000,57.698101,20.499701,-14.700500,0.047771,-0.013570,0.015998,-15.666301,-52.738201,18.801300,-93.396698,0.129960,17.611099,-0.200669,-0.501546,-0.659164,0.523150,306.261871,1552.085693,-4172.678711,313.112885,1471.245117,-4178.779785,318.274139,1594.806519,-4201.752930,289.789703,1504.149536,-4131.329102,303.870605,1638.141479,-4178.851562,313.078979,1471.427979,-4178.483887,318.127655,1594.796021,-4201.752441,289.885040,1504.186890,-4131.736328,303.975677,1637.952515,-4178.771973,2616.315674,1567.740967,-3159.781738,,,,,,,,,,,,,,,,,,,,,,,,,,,,,,,,,
2566,25.660000,0.000000,0.000000,0.000000,1.000000,0.000000,0.000000,0.000000,57.698101,20.499701,-14.700500,0.047771,-0.013570,0.015998,-15.666301,-52.738201,18.801300,-93.396698,0.129960,17.611099,-0.201784,-0.500339,-0.659138,0.523910,304.894012,1551.929443,-4172.719238,311.677063,1471.089478,-4178.901855,316.828888,1594.663940,-4201.806152,288.539276,1503.973755,-4131.346191,302.530670,1637.991089,-4178.823730,311.460175,1471.109009,-4178.717773,316.932922,1594.797974,-4201.632324,288.802490,1504.112427,-4131.694336,302.403839,1637.701294,-4178.882812,2616.258545,1567.756104,-3159.812744,,,,,,,,,,,,,,,,,,,,,,,,,,,,,,,,,
2567,25.670000,0.000000,0.000000,0.000000,1.000000,0.000000,0.000000,0.000000,57.698101,20.499701,-14.700500,0.047771,-0.013570,0.015998,-15.666301,-52.738201,18.801300,-93.396698,0.129960,17.611099,-0.203797,-0.498190,-0.660067,0.524008,303.014740,1551.544556,-4173.123047,309.467560,1470.690430,-4179.472656,314.974213,1594.283813,-4202.192383,286.672852,1503.579590,-4131.755371,300.944183,1637.624634,-4179.071289,309.361694,1470.628418,-4179.187012,314.939178,1594.380493,-4202.182129,286.836151,1503.680176,-4132.169434,300.944611,1637.499756,-4179.006348,2616.236572,1567.732056,-3159.815430,,,,,,,,,,,,,,,,,,,,,,,,,,,,,,,,,
2568,25.680000,0.000000,0.000000,0.000000,1.000000,0.000000,0.000000,0.000000,57.698101,20.499701,-14.700500,0.047771,-0.013570,0.015998,-15.666301,-52.738201,18.801300,-93.396698,0.129960,17.611099,-0.205701,-0.496339,-0.660609,0.524338,301.195374,1551.219360,-4173.425293,307.393860,1470.354736,-4179.894531,313.141296,1593.957886,-4202.501465,284.908691,1503.253418,-4132.036621,299.337646,1637.311401,-4179.268555,307.613647,1470.276489,-4179.543945,312.684784,1593.854980,-4202.830566,284.793610,1503.322998,-4132.413086,299.670715,1637.419922,-4178.917480,2616.260010,1567.731079,-3159.802734,,,,,,,,,,,,,,,,,,,,,,,,,,,,,,,,,
2569,25.690000,0.000000,0.000000,0.000000,1.000000,0.000000,0.000000,0.000000,57.698101,20.499701,-14.700500,0.047771,-0.013570,0.015998,-15.666301,-52.738201,18.801300,-93.396698,0.129960,17.611099,-0.204977,-0.495876,-0.662047,0.523245,299.675415,1551.008179,-4173.553223,305.691956,1470.144287,-4180.198730,311.787262,1593.785767,-4202.502930,283.183655,1502.984985,-4132.312988,298.038666,1637.118042,-4179.197266,306.045898,1470.014160,-4179.780762,311.087311,1593.675659,-4202.960449,282.976776,1502.982788,-4132.688965,298.561859,1637.364502,-4178.775879,2616.266846,1567.705078,-3159.794922,,,,,,,,,,,,,,,,,,,,,,,,,,,,,,,,,
2570,25.700000,0.000000,0.000000,0.000000,1.000000,0.000000,0.000000,0.000000,57.698101,20.499701,-14.700500,0.047771,-0.013570,0.015998,-15.666301,-52.738201,18.801300,-93.396698,0.129960,17.611099,-0.204459,-0.497193,-0.660196,0.524534,298.507019,1550.988037,-4173.449219,304.903564,1470.136841,-4179.892090,310.418671,1593.749268,-4202.505859,282.239716,1502.991577,-4132.088867,296.465973,1637.074829,-4179.309570,305.092377,1470.145386,-4179.505371,309.962372,1593.731934,-4202.767578,282.145813,1502.982422,-4132.485840,296.805328,1637.092407,-4179.046875,2616.309570,1567.711548,-3159.769287,,,,,,,,,,,,,,,,,,,,,,,,,,,,,,,,,
2571,25.710000,0.000000,0.000000,0.000000,1.000000,0.000000,0.000000,0.000000,57.698101,20.499701,-14.700500,0.047771,-0.013570,0.015998,-15.666301,-52.738201,18.801300,-93.396698,0.129960,17.611099,-0.200604,-0.499827,-0.660891,0.522641,297.501282,1551.036255,-4173.301758,304.098297,1470.199097,-4179.718262,309.631470,1593.831665,-4202.217773,280.901276,1502.992065,-4132.129395,295.374023,1637.122437,-4179.141602,304.067627,1470.265503,-4179.311035,309.467499,1593.941895,-4202.324707,280.972534,1502.889038,-4132.542480,295.499969,1637.045044,-4179.036133,2616.290039,1567.707153,-3159.782471,,,,,,,,,,,,,,,,,,,,,,,,,,,,,,,,,
2572,25.720000,0.000000,0.000000,0.000000,1.000000,0.000000,0.000000,0.000000,57.698101,20.499701,-14.700500,0.047771,-0.013570,0.015998,-15.666301,-52.738201,18.801300,-93.396698,0.129960,17.611099,-0.201740,-0.499807,-0.660337,0.522924,295.933472,1550.858276,-4173.474609,302.502289,1470.009644,-4179.775879,308.013031,1593.604980,-4202.483887,279.407959,1502.883179,-4132.191895,293.810577,1636.935303,-4179.448242,302.312775,1470.102539,-4179.409668,308.043213,1593.662842,-4202.504395,279.628601,1502.863647,-4132.646484,293.763550,1636.811768,-4179.375000,2616.260498,1567.744751,-3159.786621,,,,,,,,,,,,,,,,,,,,,,,,,,,,,,,,,
2573,25.730000,0.000000,0.000000,0.000000,1.000000,0.000000,0.000000,0.000000,57.698101,20.499701,-14.700500,0.047771,-0.013570,0.015998,-15.666301,-52.738201,18.801300,-93.396698,0.129960,17.611099,-0.203388,-0.499071,-0.660400,0.522909,294.111450,1550.663818,-4173.770020,300.497833,1469.797729,-4180.033203,306.193390,1593.365967,-4202.843750,277.608643,1502.751099,-4132.405762,292.145874,1636.740845,-4179.797363,300.342712,1469.780151,-4179.806152,306.273865,1593.322144,-4202.853516,277.838348,1502.978516,-4132.834473,292.023682,1636.626587,-4179.664551,2616.272461,1567.731812,-3159.777100,,,,,,,,,,,,,,,,,,,,,,,,,,,,,,,,,
2574,25.740000,0.000000,0.000000,0.000000,1.000000,0.000000,0.000000,0.000000,57.698101,20.499701,-14.700500,0.047771,-0.013570,0.015998,-15.666301,-52.738201,18.801300,-93.396698,0.129960,17.611099,-0.207667,-0.494426,-0.662315,0.523217,292.477722,1550.469971,-4173.929688,298.171967,1469.580933,-4180.552734,304.599304,1593.185669,-4202.966797,276.018280,1502.532104,-4132.577637,291.121246,1636.581543,-4179.621582,298.213287,1469.416382,-4180.365234,304.457733,1593.060913,-4203.021484,276.050171,1502.651367,-4132.868164,291.195953,1636.760620,-4179.473633,2616.263428,1567.728882,-3159.773193,,,,,,,,,,,,,,,,,,,,,,,,,,,,,,,,,
2575,25.750000,0.000000,0.000000,0.000000,1.000000,0.000000,0.000000,0.000000,57.698101,20.499701,-14.700500,0.047771,-0.013570,0.015998,-15.666301,-52.738201,18.801300,-93.396698,0.129960,17.611099,-0.206566,-0.495428,-0.662855,0.522020,290.923889,1550.342285,-4174.058594,296.591888,1469.448608,-4180.647949,303.186584,1593.046021,-4203.053711,274.271820,1502.420898,-4132.763672,289.645233,1636.453979,-4179.767578,296.715942,1469.433228,-4180.274902,302.828400,1592.896729,-4203.228516,274.232513,1502.302856,-4133.171875,289.924194,1636.743774,-4179.564941,2616.277832,1567.722534,-3159.760010,,,,,,,,,,,,,,,,,,,,,,,,,,,,,,,,,
2576,25.760000,0.000000,0.000000,0.000000,1.000000,0.000000,0.000000,0.000000,57.698101,20.499701,-14.700500,0.047771,-0.013570,0.015998,-15.666301,-52.738201,18.801300,-93.396698,0.129960,17.611099,-0.202352,-0.500269,-0.661741,0.520465,289.677216,1550.399902,-4174.007812,295.847015,1469.513306,-4180.223633,302.054657,1593.059570,-4203.019531,272.793854,1502.545532,-4132.729980,288.013184,1636.481689,-4180.058594,296.043243,1469.775757,-4179.694824,301.540070,1592.875000,-4203.351074,272.695679,1502.304932,-4133.207031,288.408356,1636.642944,-4179.778809,2616.304932,1567.753540,-3159.748291,,,,,,,,,,,,,,,,,,,,,,,,,,,,,,,,,
2577,25.770000,0.000000,0.000000,0.000000,1.000000,0.000000,0.000000,0.000000,57.698101,20.499701,-14.700500,0.047771,-0.013570,0.015998,-15.666301,-52.738201,18.801300,-93.396698,0.129960,17.611099,-0.204608,-0.499961,-0.659550,0.522655,288.630554,1550.587891,-4173.826172,294.987701,1469.698975,-4179.819824,300.702820,1593.187134,-4203.053711,272.145325,1502.821167,-4132.286621,286.686249,1636.644531,-4180.145020,295.035278,1469.873169,-4179.536621,300.526123,1593.010010,-4203.234375,272.157837,1502.868408,-4132.630371,286.799988,1636.606445,-4179.916016,2616.287842,1567.740601,-3159.749023,,,,,,,,,,,,,,,,,,,,,,,,,,,,,,,,,
2578,25.780000,0.000000,0.000000,0.000000,1.000000,0.000000,0.000000,0.000000,57.698101,20.499701,-14.700500,0.047771,-0.013570,0.015998,-15.666301,-52.738201,18.801300,-93.396698,0.129960,17.611099,-0.205485,-0.499649,-0.659752,0.522355,287.214447,1550.629028,-4173.823730,293.434692,1469.727417,-4179.789551,299.323212,1593.196289,-4203.083008,270.697998,1502.906738,-4132.245605,285.401855,1636.685913,-4180.177246,293.280914,1469.665527,-4179.664551,299.432007,1593.240112,-4203.010742,270.905304,1503.159302,-4132.539062,285.258392,1636.479004,-4180.127930,2616.280518,1567.746826,-3159.759521,,,,,,,,,,,,,,,,,,,,,,,,,,,,,,,,,
2579,25.790000,0.000000,0.000000,0.000000,1.000000,0.000000,0.000000,0.000000,57.698101,20.499701,-14.700500,0.047771,-0.013570,0.015998,-15.666301,-52.738201,18.801300,-93.396698,0.129960,17.611099,-0.202400,-0.501787,-0.661072,0.519834,285.365295,1550.553711,-4174.091309,291.581177,1469.651611,-4180.054199,297.779053,1593.131836,-4203.207031,268.424805,1502.815308,-4132.702148,283.676025,1636.616211,-4180.402344,291.419952,1469.599121,-4179.828125,297.809631,1593.259033,-4203.109375,268.641602,1502.945312,-4133.079102,283.615936,1636.427246,-4180.400879,2616.264160,1567.728271,-3159.754150,,,,,,,,,,,,,,,,,,,,,,,,,,,,,,,,,
2580,25.800000,0.000000,0.000000,0.000000,1.000000,0.000000,0.000000,0.000000,57.698101,20.499701,-14.700500,0.047771,-0.013570,0.015998,-15.666301,-52.738201,18.801300,-93.396698,0.129960,17.611099,-0.203666,-0.500902,-0.661427,0.519742,283.424194,1550.453735,-4174.449219,289.454437,1469.539795,-4180.440430,295.859528,1593.010620,-4203.586426,266.480164,1502.744141,-4133.028809,281.902557,1636.520874,-4180.741211,289.536713,1469.469116,-4180.038086,295.540863,1593.010864,-4203.719727,266.492126,1502.756470,-4133.506348,282.124725,1636.574829,-4180.558105,2616.263916,1567.695190,-3159.738037,,,,,,,,,,,,,,,,,,,,,,,,,,,,,,,,,
2581,25.810000,0.000000,0.000000,0.000000,1.000000,0.000000,0.000000,0.000000,57.698101,20.499701,-14.700500,0.047771,-0.013570,0.015998,-15.666301,-52.738201,18.801300,-93.396698,0.129960,17.611099,-0.207611,-0.497760,-0.661642,0.520924,281.808594,1550.503662,-4174.594238,287.465942,1469.571411,-4180.702637,294.129913,1593.034302,-4203.818359,265.076416,1502.828369,-4133.048340,280.562012,1636.580811,-4180.808105,287.692902,1469.471436,-4180.359375,293.629791,1592.910156,-4204.078125,264.961182,1502.824585,-4133.406738,280.932922,1636.812378,-4180.527832,2616.294434,1567.741699,-3159.745605,,,,,,,,,,,,,,,,,,,,,,,,,,,,,,,,,
2582,25.820000,0.000000,0.000000,0.000000,1.000000,0.000000,0.000000,0.000000,57.698101,20.499701,-14.700500,0.047771,-0.013570,0.015998,-15.666301,-52.738201,18.801300,-93.396698,0.129960,17.611099,-0.203949,-0.501908,-0.659917,0.520579,280.391632,1550.659424,-4174.585449,286.644165,1469.746094,-4180.354980,292.684906,1593.169189,-4203.851074,263.613678,1503.018677,-4133.018066,278.623688,1636.703979,-4181.116699,286.853973,1469.909912,-4179.944336,292.169495,1593.008667,-4204.106934,263.509918,1502.917847,-4133.427734,279.004089,1636.795654,-4180.866699,2616.276855,1567.713135,-3159.763916,,,,,,,,,,,,,,,,,,,,,,,,,,,,,,,,,
2583,25.830000,0.000000,0.000000,0.000000,1.000000,0.000000,0.000000,0.000000,57.698101,20.499701,-14.700500,0.047771,-0.013570,0.015998,-15.666301,-52.738201,18.801300,-93.396698,0.129960,17.611099,-0.203122,-0.504139,-0.658224,0.520889,279.293549,1550.940063,-4174.360840,285.876190,1470.031372,-4179.819336,291.491364,1593.390625,-4203.752441,262.601379,1503.385864,-4132.660156,277.205139,1636.952515,-4181.211426,285.832947,1470.322021,-4179.454590,291.334595,1593.307617,-4203.771484,262.698578,1503.299927,-4133.082520,277.313660,1636.874878,-4181.136230,2616.281738,1567.720703,-3159.760742,,,,,,,,,,,,,,,,,,,,,,,,,,,,,,,,,
2584,25.840000,0.000000,0.000000,0.000000,1.000000,0.000000,0.000000,0.000000,57.698101,20.499701,-14.700500,0.047771,-0.013570,0.015998,-15.666301,-52.738201,18.801300,-93.396698,0.129960,17.611099,-0.204225,-0.503765,-0.657873,0.521265,277.715424,1551.006958,-4174.475098,284.252472,1470.090820,-4179.879883,289.860870,1593.427246,-4203.932129,261.102661,1503.495361,-4132.694336,275.645569,1637.014404,-4181.394531,283.987701,1470.194824,-4179.726074,290.077057,1593.401855,-4203.802246,261.381653,1503.562744,-4132.979492,275.434143,1636.880981,-4181.418945,2616.299805,1567.773804,-3159.768311,,,,,,,,,,,,,,,,,,,,,,,,,,,,,,,,,
2585,25.850000,0.000000,0.000000,0.000000,1.000000,0.000000,0.000000,0.000000,57.698101,20.499701,-14.700500,0.047771,-0.013570,0.015998,-15.666301,-52.738201,18.801300,-93.396698,0.129960,17.611099,-0.206437,-0.501562,-0.658948,0.521159,275.789520,1550.888062,-4174.766602,281.945892,1469.953125,-4180.332520,287.983795,1593.303101,-4204.211426,259.163116,1503.381226,-4132.985352,274.065216,1636.914917,-4181.536621,281.724915,1469.820190,-4180.267578,288.255249,1593.254272,-4204.127930,259.398193,1503.570435,-4133.176758,273.796722,1636.918091,-4181.504395,2616.277832,1567.767090,-3159.792480,,,,,,,,,,,,,,,,,,,,,,,,,,,,,,,,,
2586,25.860000,0.000000,0.000000,0.000000,1.000000,0.000000,0.000000,0.000000,57.698101,20.499701,-14.700500,0.047771,-0.013570,0.015998,-15.666301,-52.738201,18.801300,-93.396698,0.129960,17.611099,-0.204934,-0.501775,-0.660836,0.519153,273.933716,1550.804932,-4175.067383,279.874176,1469.865112,-4180.793945,286.402679,1593.251831,-4204.350586,256.955688,1503.250854,-4133.482422,272.502258,1636.852417,-4181.643066,279.907196,1469.741333,-4180.517578,286.252991,1593.136108,-4204.479492,256.999451,1503.350830,-4133.857910,272.584961,1637.000977,-4181.433105,2616.298584,1567.730713,-3159.775146,,,,,,,,,,,,,,,,,,,,,,,,,,,,,,,,,
2587,25.870000,0.000000,0.000000,0.000000,1.000000,0.000000,0.000000,0.000000,57.698101,20.499701,-14.700500,0.047771,-0.013570,0.015998,-15.666301,-52.738201,18.801300,-93.396698,0.129960,17.611099,-0.202381,-0.504023,-0.660969,0.517806,272.203949,1550.802002,-4175.293945,278.311401,1469.867310,-4180.917969,284.814606,1593.246948,-4204.519043,255.004791,1503.251831,-4133.795410,270.684937,1636.842285,-4181.943848,278.452820,1469.911133,-4180.479492,284.382416,1593.156738,-4204.710938,254.973923,1503.245361,-4134.313477,270.990326,1636.892456,-4181.703125,2616.328125,1567.781372,-3159.774902,,,,,,,,,,,,,,,,,,,,,,,,,,,,,,,,,
2588,25.880000,0.000000,0.000000,0.000000,1.000000,0.000000,0.000000,0.000000,57.698101,20.499701,-14.700500,0.047771,-0.013570,0.015998,-15.666301,-52.738201,18.801300,-93.396698,0.129960,17.611099,-0.202402,-0.504388,-0.659879,0.518832,270.867035,1550.937988,-4175.357422,277.179718,1470.012939,-4180.892090,283.333893,1593.380981,-4204.646973,253.838837,1503.392456,-4133.782715,269.115662,1636.965942,-4182.107422,277.433014,1470.141113,-4180.351562,282.667511,1593.232300,-4204.962891,253.729462,1503.356689,-4134.371582,269.594147,1637.012573,-4181.763184,2616.289062,1567.749756,-3159.791260,,,,,,,,,,,,,,,,,,,,,,,,,,,,,,,,,
2589,25.890000,0.000000,0.000000,0.000000,1.000000,0.000000,0.000000,0.000000,57.698101,20.499701,-14.700500,0.047771,-0.013570,0.015998,-15.666301,-52.738201,18.801300,-93.396698,0.129960,17.611099,-0.202221,-0.505098,-0.658502,0.519959,269.719574,1551.171143,-4175.250977,276.302185,1470.258667,-4180.653809,282.021667,1593.606689,-4204.620605,252.882217,1503.638306,-4133.584473,267.672119,1637.181274,-4182.144531,276.386383,1470.395386,-4180.325684,281.719757,1593.585815,-4204.745605,252.873779,1503.664307,-4133.980469,267.898285,1637.044800,-4181.967285,2616.317383,1567.777710,-3159.795898,,,,,,,,,,,,,,,,,,,,,,,,,,,,,,,,,
2590,25.900000,0.000000,0.000000,0.000000,1.000000,0.000000,0.000000,0.000000,57.698101,20.499701,-14.700500,0.047771,-0.013570,0.015998,-15.666301,-52.738201,18.801300,-93.396698,0.129960,17.611099,-0.202200,-0.504666,-0.658945,0.519826,268.398041,1551.320557,-4175.317383,274.916229,1470.408325,-4180.800293,280.730499,1593.775269,-4204.646484,251.527664,1503.760010,-4133.695801,266.417755,1637.338989,-4182.125977,274.783661,1470.357422,-4180.634766,280.773956,1593.906372,-4204.578125,251.680191,1503.815674,-4133.933594,266.363007,1637.207520,-4182.137695,2616.279785,1567.736450,-3159.813232,,,,,,,,,,,,,,,,,,,,,,,,,,,,,,,,,
2591,25.910000,0.000000,0.000000,0.000000,1.000000,0.000000,0.000000,0.000000,57.698101,20.499701,-14.700500,0.047771,-0.013570,0.015998,-15.666301,-52.738201,18.801300,-93.396698,0.129960,17.611099,-0.202843,-0.504406,-0.658531,0.520352,266.645630,1551.298218,-4175.575684,273.183960,1470.385498,-4181.027832,278.908997,1593.741943,-4204.950195,249.868576,1503.753540,-4133.898438,264.620972,1637.312256,-4182.426270,272.982758,1470.382080,-4180.806641,278.988922,1593.858765,-4204.844238,250.086395,1503.733887,-4134.199707,264.538757,1637.219238,-4182.471680,2616.280029,1567.748413,-3159.807617,,,,,,,,,,,,,,,,,,,,,,,,,,,,,,,,,
2592,25.920000,0.000000,0.000000,0.000000,1.000000,0.000000,0.000000,0.000000,57.698101,20.499701,-14.700500,0.047771,-0.013570,0.015998,-15.666301,-52.738201,18.801300,-93.396698,0.129960,17.611099,-0.203919,-0.503362,-0.658615,0.520836,264.745972,1551.198730,-4176.026855,271.190460,1470.282715,-4181.541504,276.963135,1593.646240,-4205.414551,248.046600,1503.647827,-4134.325684,262.783630,1637.218384,-4182.825684,270.978638,1470.228394,-4181.344727,277.087189,1593.715454,-4205.318359,248.281097,1503.684937,-4134.625000,262.656128,1637.168335,-4182.846191,2616.326660,1567.729858,-3159.793457,,,,,,,,,,,,,,,,,,,,,,,,,,,,,,,,,
2593,25.930000,0.000000,0.000000,0.000000,1.000000,0.000000,0.000000,0.000000,57.698101,20.499701,-14.700500,0.047771,-0.013570,0.015998,-15.666301,-52.738201,18.801300,-93.396698,0.129960,17.611099,-0.208010,-0.499092,-0.660007,0.521565,263.218353,1551.201538,-4176.237793,269.092102,1470.263794,-4182.061523,275.411285,1593.661621,-4205.617188,246.634064,1503.628540,-4134.515137,261.735870,1637.252563,-4182.755371,269.217834,1470.134644,-4181.790527,275.131256,1593.531738,-4205.818359,246.589279,1503.665161,-4134.822266,261.933899,1637.480835,-4182.512207,2616.282715,1567.713013,-3159.784912,,,,,,,,,,,,,,,,,,,,,,,,,,,,,,,,,
2594,25.940000,0.000000,0.000000,0.000000,1.000000,0.000000,0.000000,0.000000,57.698101,20.499701,-14.700500,0.047771,-0.013570,0.015998,-15.666301,-52.738201,18.801300,-93.396698,0.129960,17.611099,-0.204896,-0.500643,-0.661059,0.519975,261.729126,1551.211792,-4176.452148,267.693512,1470.286743,-4182.359375,274.125458,1593.725342,-4205.669434,244.848785,1503.563232,-4134.935547,260.248627,1637.272217,-4182.844727,267.900635,1470.238525,-4181.984375,273.669434,1593.504761,-4205.985840,244.748169,1503.533936,-4135.327637,260.587036,1637.574951,-4182.506836,2616.288086,1567.717896,-3159.794189,,,,,,,,,,,,,,,,,,,,,,,,,,,,,,,,,
2595,25.950000,0.000000,0.000000,0.000000,1.000000,0.000000,0.000000,0.000000,57.698101,20.499701,-14.700500,0.047771,-0.013570,0.015998,-15.666301,-52.738201,18.801300,-93.396698,0.129960,17.611099,-0.201951,-0.503174,-0.660342,0.519596,260.495483,1551.361938,-4176.475098,266.840851,1470.456177,-4182.247559,272.904968,1593.894165,-4205.659180,243.542480,1503.689819,-4135.015137,258.693542,1637.407959,-4182.978027,267.056793,1470.558105,-4181.862793,272.390167,1593.636353,-4205.966797,243.441513,1503.687744,-4135.441406,259.046448,1637.540649,-4182.651855,2616.299561,1567.706177,-3159.783203,,,,,,,,,,,,,,,,,,,,,,,,,,,,,,,,,
2596,25.960000,0.000000,0.000000,0.000000,1.000000,0.000000,0.000000,0.000000,57.698101,20.499701,-14.700500,0.047771,-0.013570,0.015998,-15.666301,-52.738201,18.801300,-93.396698,0.129960,17.611099,-0.200011,-0.505495,-0.658629,0.520268,259.415253,1551.527954,-4176.491211,266.230621,1470.644653,-4182.037598,271.693695,1594.055664,-4205.737793,242.577545,1503.865845,-4134.972656,257.159027,1637.546021,-4183.217285,266.104919,1470.801270,-4181.775391,271.670929,1594.028931,-4205.698730,242.765106,1503.950806,-4135.395508,257.146851,1637.364868,-4183.156250,2616.280518,1567.760986,-3159.789551,,,,,,,,,,,,,,,,,,,,,,,,,,,,,,,,,
2597,25.970000,0.000000,0.000000,0.000000,1.000000,0.000000,0.000000,0.000000,57.698101,20.499701,-14.700500,0.047771,-0.013570,0.015998,-15.666301,-52.738201,18.801300,-93.396698,0.129960,17.611099,-0.202269,-0.502745,-0.658967,0.521630,257.959869,1551.460449,-4176.793457,264.578217,1470.576294,-4182.562500,270.113892,1594.027588,-4206.034180,241.323563,1503.741089,-4135.259766,255.823669,1637.497192,-4183.317871,264.347290,1470.575562,-4182.396484,270.259247,1594.104614,-4205.876465,241.609924,1503.911499,-4135.609863,255.656357,1637.270630,-4183.349609,2616.282471,1567.713623,-3159.776123,,,,,,,,,,,,,,,,,,,,,,,,,,,,,,,,,
2598,25.980000,0.000000,0.000000,0.000000,1.000000,0.000000,0.000000,0.000000,57.698101,20.499701,-14.700500,0.047771,-0.013570,0.015998,-15.666301,-52.738201,18.801300,-93.396698,0.129960,17.611099,-0.204445,-0.500084,-0.659638,0.522491,256.269073,1551.279785,-4177.221191,262.621796,1470.390381,-4183.213379,268.361328,1593.878784,-4206.441406,239.756653,1503.513428,-4135.691406,254.336411,1637.336670,-4183.538574,262.508301,1470.411499,-4182.948730,268.345520,1593.914185,-4206.429688,239.938507,1503.660400,-4136.126465,254.314987,1637.158203,-4183.450684,2616.274170,1567.716187,-3159.787354,,,,,,,,,,,,,,,,,,,,,,,,,,,,,,,,,
2599,25.990000,0.000000,0.000000,0.000000,1.000000,0.000000,0.000000,0.000000,57.698101,20.499701,-14.700500,0.047771,-0.013570,0.015998,-15.666301,-52.738201,18.801300,-93.396698,0.129960,17.611099,-0.204386,-0.498616,-0.661006,0.522188,254.445618,1551.040894,-4177.720215,260.602936,1470.156494,-4183.978027,266.621613,1593.705566,-4206.809082,237.844498,1503.179443,-4136.335938,252.713318,1637.122314,-4183.757324,260.635742,1470.073975,-4183.674316,266.408112,1593.713135,-4206.857910,237.892853,1503.250366,-4136.749512,252.851181,1637.130005,-4183.637207,2616.290771,1567.727417,-3159.758301,,,,,,,,,,,,,,,,,,,,,,,,,,,,,,,,,
2600,26.000000,0.000000,0.000000,0.000000,1.000000,0.000000,0.000000,0.000000,57.698101,20.499701,-14.700500,0.047771,-0.013570,0.015998,-15.666301,-52.738201,18.801300,-93.396698,0.129960,17.611099,-0.204792,-0.496569,-0.662568,0.521999,252.895889,1550.884399,-4178.043457,258.788818,1470.005371,-4184.617188,265.151581,1593.620117,-4206.994629,236.221512,1502.919312,-4136.809082,251.421570,1636.992798,-4183.753418,259.000580,1469.786743,-4184.278809,264.656494,1593.588501,-4207.111816,236.139709,1502.969604,-4137.198242,251.775269,1637.187012,-4183.569824,2616.291504,1567.742065,-3159.764893,,,,,,,,,,,,,,,,,,,,,,,,,,,,,,,,,
2601,26.010000,0.000000,0.000000,0.000000,1.000000,0.000000,0.000000,0.000000,57.698101,20.499701,-14.700500,0.047771,-0.013570,0.015998,-15.666301,-52.738201,18.801300,-93.396698,0.129960,17.611099,-0.205958,-0.495311,-0.661973,0.523488,251.446182,1550.772095,-4178.347656,257.383301,1469.901733,-4184.986328,263.529907,1593.532593,-4207.334473,235.004898,1502.772461,-4137.059570,249.866577,1636.881836,-4184.010742,257.555206,1469.750244,-4184.701660,263.133362,1593.476807,-4207.467773,234.935715,1502.825073,-4137.395996,250.148773,1637.034180,-4183.823730,2616.281982,1567.761719,-3159.766602,,,,,,,,,,,,,,,,,,,,,,,,,,,,,,,,,
2602,26.020000,0.000000,0.000000,0.000000,1.000000,0.000000,0.000000,0.000000,57.698101,20.499701,-14.700500,0.047771,-0.013570,0.015998,-15.666301,-52.738201,18.801300,-93.396698,0.129960,17.611099,-0.202742,-0.497648,-0.661351,0.523315,250.377441,1550.810913,-4178.445312,256.727844,1469.965820,-4185.009277,262.457214,1593.614746,-4207.369629,233.882751,1502.753174,-4137.246582,248.441895,1636.910278,-4184.155273,256.768982,1470.018188,-4184.675781,262.234283,1593.580688,-4207.474609,233.906113,1502.713013,-4137.629395,248.601410,1636.931030,-4184.019043,2616.250000,1567.726440,-3159.770264,,,,,,,,,,,,,,,,,,,,,,,,,,,,,,,,,
2603,26.030000,0.000000,0.000000,0.000000,1.000000,0.000000,0.000000,0.000000,57.698101,20.499701,-14.700500,0.047771,-0.013570,0.015998,-15.666301,-52.738201,18.801300,-93.396698,0.129960,17.611099,-0.198915,-0.499986,-0.661572,0.522274,249.293915,1550.880615,-4178.535156,255.955490,1470.060669,-4185.100586,261.488007,1593.743164,-4207.324219,232.595673,1502.741455,-4137.513672,247.136383,1636.977661,-4184.201172,255.867661,1470.194580,-4184.779297,261.434753,1593.729004,-4207.374512,232.717865,1502.689331,-4137.887695,247.166382,1636.923950,-4184.113770,2616.253906,1567.745361,-3159.756836,,,,,,,,,,,,,,,,,,,,,,,,,,,,,,,,,
2604,26.040000,0.000000,0.000000,0.000000,1.000000,0.000000,0.000000,0.000000,57.698101,20.499701,-14.700500,0.047771,-0.013570,0.015998,-15.666301,-52.738201,18.801300,-93.396698,0.129960,17.611099,-0.197942,-0.500500,-0.661439,0.522319,247.704880,1550.791382,-4179.008301,254.488998,1469.982178,-4185.580078,259.889618,1593.677002,-4207.767090,231.002151,1502.620117,-4138.026855,245.438644,1636.886475,-4184.660156,254.376831,1470.028442,-4185.334961,259.865784,1593.595581,-4207.715332,231.221542,1502.842407,-4138.531738,245.407104,1636.768555,-4184.571777,2616.267578,1567.763428,-3159.761963,,,,,,,,,,,,,,,,,,,,,,,,,,,,,,,,,
2605,26.050000,0.000000,0.000000,0.000000,1.000000,0.000000,0.000000,0.000000,57.698101,20.499701,-14.700500,0.047771,-0.013570,0.015998,-15.666301,-52.738201,18.801300,-93.396698,0.129960,17.611099,-0.201048,-0.497758,-0.660782,0.524580,246.068787,1550.612183,-4179.410156,252.748245,1469.803711,-4186.095703,258.002136,1593.509399,-4208.256836,229.731003,1502.423950,-4138.300781,243.793671,1636.711914,-4184.986328,252.621109,1469.844727,-4185.947754,258.042053,1593.425049,-4208.153809,229.928101,1502.597900,-4138.639648,243.717377,1636.619385,-4184.959961,2616.292969,1567.717651,-3159.755615,,,,,,,,,,,,,,,,,,,,,,,,,,,,,,,,,
2606,26.060000,0.000000,0.000000,0.000000,1.000000,0.000000,0.000000,0.000000,57.698101,20.499701,-14.700500,0.047771,-0.013570,0.015998,-15.666301,-52.738201,18.801300,-93.396698,0.129960,17.611099,-0.204356,-0.493258,-0.662777,0.525035,244.444031,1550.384644,-4179.974609,250.530182,1469.566040,-4187.091797,256.408661,1593.336792,-4208.726562,228.147232,1502.113281,-4138.946777,242.689957,1636.522705,-4185.133301,250.575150,1469.482788,-4186.858398,256.224030,1593.197754,-4208.788574,228.180405,1502.194214,-4139.292969,242.798828,1636.669678,-4184.983887,2616.287109,1567.714478,-3159.729736,,,,,,,,,,,,,,,,,,,,,,,,,,,,,,,,,
2607,26.070000,0.000000,0.000000,0.000000,1.000000,0.000000,0.000000,0.000000,57.698101,20.499701,-14.700500,0.047771,-0.013570,0.015998,-15.666301,-52.738201,18.801300,-93.396698,0.129960,17.611099,-0.206172,-0.490979,-0.663248,0.525866,242.827408,1550.167603,-4180.533691,248.703415,1469.350098,-4187.838379,254.726974,1593.149658,-4209.268066,226.651062,1501.851807,-4139.510742,241.228073,1636.318848,-4185.518066,248.828995,1469.274170,-4187.585938,254.416443,1592.958130,-4209.396973,226.617096,1501.925903,-4139.856934,241.434418,1636.511108,-4185.309570,2616.282471,1567.743286,-3159.753662,,,,,,,,,,,,,,,,,,,,,,,,,,,,,,,,,
2608,26.080000,0.000000,0.000000,0.000000,1.000000,0.000000,0.000000,0.000000,57.698101,20.499701,-14.700500,0.047771,-0.013570,0.015998,-15.666301,-52.738201,18.801300,-93.396698,0.129960,17.611099,-0.206106,-0.490626,-0.663251,0.526217,241.234039,1550.006714,-4181.106445,247.136139,1469.196533,-4188.470215,253.099228,1593.013062,-4209.818848,225.101791,1501.656738,-4140.106445,239.598862,1636.160889,-4186.030762,247.295654,1469.118652,-4188.213379,252.755966,1592.875610,-4210.004883,225.032394,1501.742920,-4140.429199,239.838562,1636.287842,-4185.788086,2616.283203,1567.764038,-3159.769531,,,,,,,,,,,,,,,,,,,,,,,,,,,,,,,,,
2609,26.090000,0.000000,0.000000,0.000000,1.000000,0.000000,0.000000,0.000000,57.698101,20.499701,-14.700500,0.047771,-0.013570,0.015998,-15.666301,-52.738201,18.801300,-93.396698,0.129960,17.611099,-0.200918,-0.494068,-0.664146,0.523870,239.838242,1549.891602,-4181.616699,246.035690,1469.102173,-4188.965820,251.974854,1592.950439,-4210.135742,223.286240,1501.468506,-4140.871094,238.056091,1636.045410,-4186.494141,246.012054,1469.028809,-4188.679199,251.864914,1593.015259,-4210.196289,223.351425,1501.444092,-4141.192383,238.129608,1636.065308,-4186.411621,2616.262939,1567.737427,-3159.773682,,,,,,,,,,,,,,,,,,,,,,,,,,,,,,,,,
2610,26.100000,0.000000,0.000000,0.000000,1.000000,0.000000,0.000000,0.000000,57.698101,20.499701,-14.700500,0.047771,-0.013570,0.015998,-15.666301,-52.738201,18.801300,-93.396698,0.129960,17.611099,-0.198527,-0.496500,-0.663068,0.523847,238.808777,1549.878906,-4181.921875,245.403381,1469.104858,-4189.091797,250.905807,1592.940186,-4210.454590,222.255219,1501.455933,-4141.176758,236.670609,1636.015137,-4186.964844,245.279709,1469.142212,-4188.810547,250.900894,1593.061279,-4210.471680,222.394592,1501.437378,-4141.495117,236.664841,1635.873901,-4186.920898,2616.302734,1567.743286,-3159.769043,,,,,,,,,,,,,,,,,,,,,,,,,,,,,,,,,
2611,26.110000,0.000000,0.000000,0.000000,1.000000,0.000000,0.000000,0.000000,57.698101,20.499701,-14.700500,0.047771,-0.013570,0.015998,-15.666301,-52.738201,18.801300,-93.396698,0.129960,17.611099,-0.200788,-0.495913,-0.660840,0.526350,237.784988,1549.851807,-4182.259277,244.586624,1469.079102,-4189.248535,249.545395,1592.870483,-4210.995605,221.670486,1501.491577,-4141.264160,235.337311,1635.966187,-4187.527832,244.399750,1469.174316,-4189.035645,249.630783,1592.996216,-4210.940430,221.872009,1501.589478,-4141.573242,235.234909,1635.623047,-4187.511719,2616.294678,1567.715942,-3159.774902,,,,,,,,,,,,,,,,,,,,,,,,,,,,,,,,,
2612,26.120000,0.000000,0.000000,0.000000,1.000000,0.000000,0.000000,0.000000,57.698101,20.499701,-14.700500,0.047771,-0.013570,0.015998,-15.666301,-52.738201,18.801300,-93.396698,0.129960,17.611099,-0.203181,-0.494239,-0.659938,0.528135,236.360672,1549.655762,-4182.828613,243.134201,1468.881470,-4189.826660,247.906601,1592.663696,-4211.667969,220.548706,1501.311279,-4141.697266,233.853119,1635.766968,-4188.121094,243.043106,1468.990479,-4189.586914,247.876068,1592.699463,-4211.660645,220.688339,1501.448364,-4142.070312,233.856171,1635.487915,-4188.035156,2616.297852,1567.719604,-3159.768066,,,,,,,,,,,,,,,,,,,,,,,,,,,,,,,,,
2613,26.130000,0.000000,0.000000,0.000000,1.000000,0.000000,0.000000,0.000000,57.698101,20.499701,-14.700500,0.047771,-0.013570,0.015998,-15.666301,-52.738201,18.801300,-93.396698,0.129960,17.611099,-0.204123,-0.492693,-0.660586,0.528406,234.637497,1549.315674,-4183.583496,241.238297,1468.541504,-4190.745605,246.181534,1592.353516,-4212.378906,218.852753,1500.927246,-4142.493652,232.277328,1635.440796,-4188.714355,241.286758,1468.574585,-4190.444824,245.950012,1592.343994,-4212.453613,218.877747,1501.004272,-4142.902832,232.439560,1635.350952,-4188.570312,2616.291016,1567.731201,-3159.779053,,,,,,,,,,,,,,,,,,,,,,,,,,,,,,,,,
2614,26.140000,0.000000,0.000000,0.000000,1.000000,0.000000,0.000000,0.000000,57.698101,20.499701,-14.700500,0.047771,-0.013570,0.015998,-15.666301,-52.738201,18.801300,-93.396698,0.129960,17.611099,-0.203247,-0.492747,-0.662148,0.526737,233.062195,1549.140381,-4184.251465,239.448380,1468.359253,-4191.529785,244.834503,1592.192749,-4212.932617,216.990341,1500.728882,-4143.300293,230.975464,1635.280762,-4189.242676,239.755280,1468.244751,-4191.149902,244.169205,1592.010620,-4213.200684,216.836014,1500.980103,-4143.848633,231.431351,1635.329712,-4188.857422,2616.299805,1567.748535,-3159.792236,,,,,,,,,,,,,,,,,,,,,,,,,,,,,,,,,
2615,26.150000,0.000000,0.000000,0.000000,1.000000,0.000000,0.000000,0.000000,57.698101,20.499701,-14.700500,0.047771,-0.013570,0.015998,-15.666301,-52.738201,18.801300,-93.396698,0.129960,17.611099,-0.203247,-0.492634,-0.662410,0.526512,231.282913,1548.726074,-4185.065430,237.620407,1467.943359,-4192.367676,243.088013,1591.780273,-4213.730469,215.172379,1500.311646,-4144.132812,229.250793,1634.869385,-4190.030273,237.860535,1467.805542,-4192.059082,242.593185,1591.711304,-4213.961426,215.050171,1500.429565,-4144.500488,229.603256,1634.955078,-4189.748047,2616.271973,1567.728271,-3159.801270,,,,,,,,,,,,,,,,,,,,,,,,,,,,,,,,,
2616,26.160000,0.000000,0.000000,0.000000,1.000000,0.000000,0.000000,0.000000,57.698101,20.499701,-14.700500,0.047771,-0.013570,0.015998,-15.666301,-52.738201,18.801300,-93.396698,0.129960,17.611099,-0.203261,-0.491533,-0.663520,0.526138,229.851791,1548.424805,-4185.682617,236.014969,1467.646484,-4193.180176,241.738205,1591.522095,-4214.249023,213.652924,1499.947144,-4144.860352,228.001007,1634.583862,-4190.440918,236.174927,1467.480591,-4192.859375,241.384384,1591.515503,-4214.454102,213.579758,1499.923340,-4145.170410,228.269791,1634.779785,-4190.230957,2616.264160,1567.726685,-3159.812256,,,,,,,,,,,,,,,,,,,,,,,,,,,,,,,,,
2617,26.170000,0.000000,0.000000,0.000000,1.000000,0.000000,0.000000,0.000000,57.698101,20.499701,-14.700500,0.047771,-0.013570,0.015998,-15.666301,-52.738201,18.801300,-93.396698,0.129960,17.611099,-0.202582,-0.492565,-0.663108,0.525955,228.776581,1548.304565,-4186.131348,235.057892,1467.525757,-4193.524902,240.665054,1591.384521,-4214.723145,212.557999,1499.852539,-4145.286133,226.825272,1634.455688,-4190.991699,234.975693,1467.409668,-4193.291504,240.656113,1591.474487,-4214.755859,212.649353,1499.769165,-4145.514648,226.825134,1634.538452,-4190.959961,2616.298584,1567.763794,-3159.809326,,,,,,,,,,,,,,,,,,,,,,,,,,,,,,,,,
2618,26.180000,0.000000,0.000000,0.000000,1.000000,0.000000,0.000000,0.000000,57.698101,20.499701,-14.700500,0.047771,-0.013570,0.015998,-15.666301,-52.738201,18.801300,-93.396698,0.129960,17.611099,-0.199157,-0.495785,-0.662502,0.525001,227.655640,1548.186279,-4186.520996,234.327057,1467.421631,-4193.725098,239.616013,1591.267456,-4215.081055,211.281357,1499.735596,-4145.736328,225.398026,1634.320679,-4191.541504,234.151581,1467.459229,-4193.485840,239.704712,1591.359375,-4215.087891,211.448212,1499.674805,-4145.993164,225.319565,1634.249878,-4191.521484,2616.268799,1567.772583,-3159.811035,,,,,,,,,,,,,,,,,,,,,,,,,,,,,,,,,
2619,26.190000,0.000000,0.000000,0.000000,1.000000,0.000000,0.000000,0.000000,57.698101,20.499701,-14.700500,0.047771,-0.013570,0.015998,-15.666301,-52.738201,18.801300,-93.396698,0.129960,17.611099,-0.198307,-0.497703,-0.660590,0.525916,226.338379,1547.960938,-4187.054688,233.410004,1467.206909,-4193.991699,238.133011,1591.008423,-4215.733887,210.137726,1499.561646,-4146.139648,223.672668,1634.067139,-4192.352539,233.275131,1467.443115,-4193.697266,238.157181,1590.989990,-4215.805176,210.277924,1499.565186,-4146.471191,223.637848,1633.876587,-4192.232910,2616.280762,1567.721558,-3159.802246,,,,,,,,,,,,,,,,,,,,,,,,,,,,,,,,,
2620,26.200000,0.000000,0.000000,0.000000,1.000000,0.000000,0.000000,0.000000,57.698101,20.499701,-14.700500,0.047771,-0.013570,0.015998,-15.666301,-52.738201,18.801300,-93.396698,0.129960,17.611099,-0.200626,-0.496112,-0.660428,0.526742,224.864700,1547.659058,-4187.702637,231.761810,1466.892090,-4194.665527,236.570007,1590.681885,-4216.455566,208.813324,1499.293823,-4146.688965,222.313614,1633.768677,-4193.000977,231.692596,1467.041626,-4194.388672,236.539902,1590.621094,-4216.552734,208.920853,1499.374756,-4147.050293,222.315903,1633.624023,-4192.832520,2616.285645,1567.724365,-3159.793701,,,,,,,,,,,,,,,,,,,,,,,,,,,,,,,,,
2621,26.210000,0.000000,0.000000,0.000000,1.000000,0.000000,0.000000,0.000000,57.698101,20.499701,-14.700500,0.047771,-0.013570,0.015998,-15.666301,-52.738201,18.801300,-93.396698,0.129960,17.611099,-0.204149,-0.492819,-0.661619,0.526984,223.278595,1547.302368,-4188.447754,229.655258,1466.510742,-4195.617676,235.004639,1590.312988,-4217.210938,207.272507,1498.950562,-4147.400391,221.181915,1633.435425,-4193.562500,229.800598,1466.579102,-4195.232910,234.644821,1590.091187,-4217.540039,207.218185,1498.996826,-4147.843262,221.426498,1633.528198,-4193.205078,2616.274170,1567.712158,-3159.801758,,,,,,,,,,,,,,,,,,,,,,,,,,,,,,,,,
2622,26.220000,0.000000,0.000000,0.000000,1.000000,0.000000,0.000000,0.000000,57.698101,20.499701,-14.700500,0.047771,-0.013570,0.015998,-15.666301,-52.738201,18.801300,-93.396698,0.129960,17.611099,-0.203807,-0.492462,-0.663326,0.525302,221.611893,1546.878174,-4189.242188,227.696426,1466.076050,-4196.544434,233.572632,1589.895874,-4217.897949,205.320724,1498.513428,-4148.322754,219.857666,1633.027832,-4194.204102,227.869476,1466.117676,-4196.145508,233.175446,1589.642822,-4218.267090,205.245056,1498.516602,-4148.746582,220.134491,1633.221436,-4193.824219,2616.279297,1567.725342,-3159.779053,,,,,,,,,,,,,,,,,,,,,,,,,,,,,,,,,
2623,26.230000,0.000000,0.000000,0.000000,1.000000,0.000000,0.000000,0.000000,57.698101,20.499701,-14.700500,0.047771,-0.013570,0.015998,-15.666301,-52.738201,18.801300,-93.396698,0.129960,17.611099,-0.204049,-0.491760,-0.664338,0.524586,220.011902,1546.449585,-4190.015625,225.891891,1465.642334,-4197.429688,232.083450,1589.476196,-4218.611328,203.595673,1498.069824,-4149.163574,218.476517,1632.610107,-4194.858398,226.049698,1465.698730,-4196.950684,231.686081,1589.248413,-4219.010254,203.531967,1497.994873,-4149.639160,218.764709,1632.849609,-4194.468750,2616.290283,1567.745605,-3159.779785,,,,,,,,,,,,,,,,,,,,,,,,,,,,,,,,,
2624,26.240000,0.000000,0.000000,0.000000,1.000000,0.000000,0.000000,0.000000,57.698101,20.499701,-14.700500,0.047771,-0.013570,0.015998,-15.666301,-52.738201,18.801300,-93.396698,0.129960,17.611099,-0.202672,-0.492683,-0.665070,0.523325,218.495804,1546.083984,-4190.749023,224.350311,1465.275635,-4198.171387,230.721909,1589.114014,-4219.273438,201.868088,1497.698486,-4149.989746,217.042816,1632.247559,-4195.562012,224.436050,1465.313232,-4197.704102,230.429291,1588.999268,-4219.562012,201.856064,1497.584351,-4150.459473,217.262405,1632.433960,-4195.277344,2616.267822,1567.762573,-3159.783691,,,,,,,,,,,,,,,,,,,,,,,,,,,,,,,,,
2625,26.250000,0.000000,0.000000,0.000000,1.000000,0.000000,0.000000,0.000000,57.698101,20.499701,-14.700500,0.047771,-0.013570,0.015998,-15.666301,-52.738201,18.801300,-93.396698,0.129960,17.611099,-0.198000,-0.497103,-0.665030,0.520979,217.262375,1545.850952,-4191.350586,223.480835,1465.048340,-4198.533691,229.719986,1588.865723,-4219.797852,200.260483,1497.490479,-4150.715820,215.588104,1631.999756,-4196.354492,223.407089,1465.174316,-4198.046875,229.606522,1588.901489,-4219.952637,200.366226,1497.307495,-4151.190918,215.675400,1632.007080,-4196.214844,2616.269531,1567.780640,-3159.781738,,,,,,,,,,,,,,,,,,,,,,,,,,,,,,,,,
2626,26.260000,0.000000,0.000000,0.000000,1.000000,0.000000,0.000000,0.000000,57.698101,20.499701,-14.700500,0.047771,-0.013570,0.015998,-15.666301,-52.738201,18.801300,-93.396698,0.129960,17.611099,-0.197955,-0.498607,-0.662671,0.522563,216.202042,1545.688721,-4191.881348,222.834915,1464.893677,-4198.773438,228.410645,1588.662842,-4220.497070,199.487671,1497.390015,-4151.054199,214.074814,1631.808594,-4197.199707,222.619080,1465.099487,-4198.402832,228.461990,1588.714844,-4220.522461,199.715393,1497.362793,-4151.491211,214.010498,1631.596680,-4197.124512,2616.236816,1567.775513,-3159.788330,,,,,,,,,,,,,,,,,,,,,,,,,,,,,,,,,
2627,26.270000,0.000000,0.000000,0.000000,1.000000,0.000000,0.000000,0.000000,57.698101,20.499701,-14.700500,0.047771,-0.013570,0.015998,-15.666301,-52.738201,18.801300,-93.396698,0.129960,17.611099,-0.201349,-0.496230,-0.662337,0.523950,214.691315,1545.334351,-4192.623535,221.092545,1464.524048,-4199.556641,226.748215,1588.277344,-4221.350586,198.221207,1497.078491,-4151.646973,212.703186,1631.457642,-4197.940430,220.930817,1464.582642,-4199.292969,226.786728,1588.295044,-4221.328125,198.436584,1497.187988,-4152.061035,212.633621,1631.295654,-4197.873047,2616.254883,1567.751709,-3159.769043,,,,,,,,,,,,,,,,,,,,,,,,,,,,,,,,,
2628,26.280000,0.000000,0.000000,0.000000,1.000000,0.000000,0.000000,0.000000,57.698101,20.499701,-14.700500,0.047771,-0.013570,0.015998,-15.666301,-52.738201,18.801300,-93.396698,0.129960,17.611099,-0.204165,-0.493754,-0.663247,0.524049,212.980759,1544.911743,-4193.490234,218.966721,1464.081787,-4200.563477,225.061707,1587.835693,-4222.235352,196.536377,1496.679688,-4152.475098,211.358170,1631.050049,-4198.686035,218.931763,1464.051758,-4200.237305,224.957428,1587.851440,-4222.320801,196.640488,1496.792114,-4152.928711,211.414413,1630.969971,-4198.524902,2616.277100,1567.776245,-3159.766602,,,,,,,,,,,,,,,,,,,,,,,,,,,,,,,,,
2629,26.290000,0.000000,0.000000,0.000000,1.000000,0.000000,0.000000,0.000000,57.698101,20.499701,-14.700500,0.047771,-0.013570,0.015998,-15.666301,-52.738201,18.801300,-93.396698,0.129960,17.611099,-0.205483,-0.492645,-0.664008,0.523614,211.121689,1544.468506,-4194.476562,216.839325,1463.625000,-4201.616211,223.274536,1587.373657,-4223.219727,194.615417,1496.260742,-4153.457520,209.757401,1630.614990,-4199.612305,216.888260,1463.561401,-4201.303223,223.044922,1587.386353,-4223.303223,194.643829,1496.330322,-4153.867676,209.912186,1630.601318,-4199.466797,2616.266602,1567.735352,-3159.750000,,,,,,,,,,,,,,,,,,,,,,,,,,,,,,,,,
2630,26.300000,0.000000,0.000000,0.000000,1.000000,0.000000,0.000000,0.000000,57.698101,20.499701,-14.700500,0.047771,-0.013570,0.015998,-15.666301,-52.738201,18.801300,-93.396698,0.129960,17.611099,-0.204294,-0.493580,-0.664947,0.522004,209.193924,1544.038330,-4195.552734,214.817368,1463.187866,-4202.688477,221.543945,1586.931885,-4224.229004,192.426636,1495.845703,-4154.622559,207.987701,1630.188110,-4200.671387,214.983948,1463.095215,-4202.292969,221.111603,1586.920654,-4224.420410,192.362732,1495.834351,-4155.046875,208.305084,1630.300049,-4200.452637,2616.312744,1567.740479,-3159.748047,,,,,,,,,,,,,,,,,,,,,,,,,,,,,,,,,
2631,26.310000,0.000000,0.000000,0.000000,1.000000,0.000000,0.000000,0.000000,57.698101,20.499701,-14.700500,0.047771,-0.013570,0.015998,-15.666301,-52.738201,18.801300,-93.396698,0.129960,17.611099,-0.202836,-0.494888,-0.665396,0.520761,207.638809,1543.779175,-4196.325684,213.283661,1462.925781,-4203.412109,220.130325,1586.662720,-4224.955566,190.671509,1495.600586,-4155.461426,206.469681,1629.927612,-4201.474121,213.500107,1462.794678,-4202.978027,219.596375,1586.642090,-4225.175293,190.576828,1495.560547,-4155.907715,206.866959,1630.118164,-4201.234863,2616.309814,1567.776245,-3159.741211,,,,,,,,,,,,,,,,,,,,,,,,,,,,,,,,,
2632,26.320000,0.000000,0.000000,0.000000,1.000000,0.000000,0.000000,0.000000,57.698101,20.499701,-14.700500,0.047771,-0.013570,0.015998,-15.666301,-52.738201,18.801300,-93.396698,0.129960,17.611099,-0.203463,-0.495980,-0.663573,0.521803,206.376709,1543.674683,-4196.946289,212.262787,1462.815063,-4203.758789,218.692856,1586.496704,-4225.743652,189.619171,1495.586670,-4155.889160,204.931961,1629.800659,-4202.393066,212.378906,1462.823486,-4203.345215,218.321548,1586.469727,-4225.919434,189.591827,1495.531494,-4156.336426,205.203735,1629.870117,-4202.196777,2616.283447,1567.727051,-3159.753418,,,,,,,,,,,,,,,,,,,,,,,,,,,,,,,,,
2633,26.330000,0.000000,0.000000,0.000000,1.000000,0.000000,0.000000,0.000000,57.698101,20.499701,-14.700500,0.047771,-0.013570,0.015998,-15.666301,-52.738201,18.801300,-93.396698,0.129960,17.611099,-0.200470,-0.499440,-0.662675,0.520800,205.122620,1543.652832,-4197.592773,211.385483,1462.798950,-4204.131836,217.504837,1586.444336,-4226.407715,188.219345,1495.611450,-4156.541016,203.380722,1629.757202,-4203.291016,211.303467,1462.916138,-4203.816895,217.425049,1586.481934,-4226.417969,188.335907,1495.529541,-4156.902344,203.435913,1629.688477,-4203.250488,2616.297363,1567.745850,-3159.754150,,,,,,,,,,,,,,,,,,,,,,,,,,,,,,,,,
2634,26.340000,0.000000,0.000000,0.000000,1.000000,0.000000,0.000000,0.000000,57.698101,20.499701,-14.700500,0.047771,-0.013570,0.015998,-15.666301,-52.738201,18.801300,-93.396698,0.129960,17.611099,-0.201145,-0.499997,-0.661608,0.521361,203.505463,1543.542358,-4198.458984,209.873489,1462.682617,-4204.822266,215.790039,1586.285400,-4227.387207,186.723145,1495.571045,-4157.275879,201.635071,1629.630981,-4204.351562,209.747925,1462.842285,-4204.542969,215.778091,1586.276978,-4227.383301,186.884842,1495.580078,-4157.647461,201.624283,1629.494751,-4204.292480,2616.249512,1567.723999,-3159.765137,,,,,,,,,,,,,,,,,,,,,,,,,,,,,,,,,
2635,26.350000,0.000000,0.000000,0.000000,1.000000,0.000000,0.000000,0.000000,57.698101,20.499701,-14.700500,0.047771,-0.013570,0.015998,-15.666301,-52.738201,18.801300,-93.396698,0.129960,17.611099,-0.204476,-0.498475,-0.660043,0.523503,201.519882,1543.315308,-4199.559570,207.874985,1462.445190,-4205.803223,213.527603,1586.001709,-4228.687012,185.124786,1495.424683,-4158.126953,199.552032,1629.389893,-4205.621582,207.670441,1462.561646,-4205.666504,213.684708,1585.953857,-4228.594727,185.368652,1495.608032,-4158.429199,199.370117,1629.160156,-4205.587402,2616.261963,1567.712036,-3159.767578,,,,,,,,,,,,,,,,,,,,,,,,,,,,,,,,,
2636,26.360000,0.000000,0.000000,0.000000,1.000000,0.000000,0.000000,0.000000,57.698101,20.499701,-14.700500,0.047771,-0.013570,0.015998,-15.666301,-52.738201,18.801300,-93.396698,0.129960,17.611099,-0.206422,-0.496688,-0.660598,0.523738,199.672928,1543.220703,-4200.510254,205.761963,1462.338501,-4206.859375,211.676727,1585.900146,-4229.648926,183.321198,1495.338135,-4159.050781,197.931702,1629.306519,-4206.479980,205.706299,1462.428711,-4206.614746,211.623749,1585.815308,-4229.687988,183.447189,1495.496216,-4159.465332,197.938751,1629.183472,-4206.333496,2616.282227,1567.746826,-3159.770752,,,,,,,,,,,,,,,,,,,,,,,,,,,,,,,,,
2637,26.370000,0.000000,0.000000,0.000000,1.000000,0.000000,0.000000,0.000000,57.698101,20.499701,-14.700500,0.047771,-0.013570,0.015998,-15.666301,-52.738201,18.801300,-93.396698,0.129960,17.611099,-0.208327,-0.493986,-0.662191,0.523528,197.862091,1543.144165,-4201.471191,203.521408,1462.252563,-4208.096191,209.947006,1585.853271,-4230.533203,181.458633,1495.215332,-4160.085938,196.521240,1629.255493,-4207.169922,203.684662,1462.277954,-4207.659180,209.546524,1585.669189,-4230.883789,181.396255,1495.246826,-4160.572754,196.803192,1629.375000,-4206.790039,2616.269531,1567.733887,-3159.772461,,,,,,,,,,,,,,,,,,,,,,,,,,,,,,,,,
2638,26.380000,0.000000,0.000000,0.000000,1.000000,0.000000,0.000000,0.000000,57.698101,20.499701,-14.700500,0.047771,-0.013570,0.015998,-15.666301,-52.738201,18.801300,-93.396698,0.129960,17.611099,-0.209092,-0.492842,-0.662826,0.523497,196.049118,1543.031372,-4202.408203,201.538788,1462.137939,-4209.150879,208.161179,1585.755615,-4231.436523,179.632019,1495.079346,-4161.055664,194.864410,1629.152710,-4207.990234,201.654388,1462.127686,-4208.785156,207.850388,1585.590576,-4231.674805,179.603241,1495.091675,-4161.478027,195.081039,1629.312744,-4207.709961,2616.273438,1567.706177,-3159.779541,,,,,,,,,,,,,,,,,,,,,,,,,,,,,,,,,
2639,26.390000,0.000000,0.000000,0.000000,1.000000,0.000000,0.000000,0.000000,57.698101,20.499701,-14.700500,0.047771,-0.013570,0.015998,-15.666301,-52.738201,18.801300,-93.396698,0.129960,17.611099,-0.206815,-0.494249,-0.663100,0.522728,194.312393,1542.966797,-4203.267090,199.961807,1462.085083,-4210.017578,206.514679,1585.723145,-4232.209961,177.747025,1494.970459,-4162.024902,193.025986,1629.088867,-4208.815430,200.091385,1462.060791,-4209.637207,206.166153,1585.622314,-4232.426758,177.702835,1494.918091,-4162.431152,193.284317,1629.263672,-4208.579102,2616.290527,1567.744873,-3159.780029,,,,,,,,,,,,,,,,,,,,,,,,,,,,,,,,,
2640,26.400000,0.000000,0.000000,0.000000,1.000000,0.000000,0.000000,0.000000,57.698101,20.499701,-14.700500,0.047771,-0.013570,0.015998,-15.666301,-52.738201,18.801300,-93.396698,0.129960,17.611099,-0.201457,-0.498406,-0.662818,0.521227,192.855087,1543.020996,-4203.987793,199.020340,1462.165283,-4210.597168,205.200043,1585.819214,-4232.808105,176.017639,1494.969116,-4162.920410,191.182251,1629.130615,-4209.625000,198.984711,1462.107544,-4210.319824,205.081863,1585.913208,-4232.819336,176.088760,1494.880127,-4163.218262,191.265808,1629.163696,-4209.600586,2616.271484,1567.735107,-3159.790771,,,,,,,,,,,,,,,,,,,,,,,,,,,,,,,,,
2641,26.410000,0.000000,0.000000,0.000000,1.000000,0.000000,0.000000,0.000000,57.698101,20.499701,-14.700500,0.047771,-0.013570,0.015998,-15.666301,-52.738201,18.801300,-93.396698,0.129960,17.611099,-0.201305,-0.498956,-0.661806,0.522046,191.559311,1543.140625,-4204.561035,197.924881,1462.292480,-4211.071777,203.783691,1585.933716,-4233.440918,174.861160,1495.098022,-4163.426758,189.667435,1629.238770,-4210.305176,197.759140,1462.218262,-4210.866211,203.822174,1586.115479,-4233.312012,175.043274,1495.076294,-4163.696289,189.623474,1629.155884,-4210.375488,2616.300293,1567.745972,-3159.787109,,,,,,,,,,,,,,,,,,,,,,,,,,,,,,,,,
2642,26.420000,0.000000,0.000000,0.000000,1.000000,0.000000,0.000000,0.000000,57.698101,20.499701,-14.700500,0.047771,-0.013570,0.015998,-15.666301,-52.738201,18.801300,-93.396698,0.129960,17.611099,-0.202537,-0.498629,-0.660491,0.523545,190.037567,1543.194702,-4205.343262,196.538589,1462.349121,-4211.753906,202.060959,1585.966675,-4234.337891,173.599869,1495.183228,-4164.067871,187.950745,1629.279663,-4211.213379,196.375900,1462.372559,-4211.544434,202.112701,1586.094238,-4234.265625,173.777130,1495.199829,-4164.347656,187.891373,1629.112671,-4211.233398,2616.299561,1567.765503,-3159.788086,,,,,,,,,,,,,,,,,,,,,,,,,,,,,,,,,
2643,26.430000,0.000000,0.000000,0.000000,1.000000,0.000000,0.000000,0.000000,57.698101,20.499701,-14.700500,0.047771,-0.013570,0.015998,-15.666301,-52.738201,18.801300,-93.396698,0.129960,17.611099,-0.207076,-0.495042,-0.659643,0.526236,188.286560,1543.199951,-4206.228516,194.580841,1462.346069,-4212.739258,200.004196,1585.960449,-4235.365234,172.303879,1495.203857,-4164.756836,186.257217,1629.289429,-4212.052734,194.501343,1462.413330,-4212.557617,200.008102,1585.928711,-4235.377930,172.422577,1495.315186,-4165.046875,186.225845,1629.163086,-4211.959961,2616.268799,1567.771118,-3159.815674,,,,,,,,,,,,,,,,,,,,,,,,,,,,,,,,,
2644,26.440000,0.000000,0.000000,0.000000,1.000000,0.000000,0.000000,0.000000,57.698101,20.499701,-14.700500,0.047771,-0.013570,0.015998,-15.666301,-52.738201,18.801300,-93.396698,0.129960,17.611099,-0.208985,-0.492847,-0.660073,0.527002,186.447800,1543.266235,-4207.191406,192.525238,1462.409302,-4213.867188,198.103683,1586.047974,-4236.321289,170.581879,1495.238281,-4165.711914,184.580292,1629.369507,-4212.864746,192.627197,1462.541260,-4213.556152,197.846130,1585.871460,-4236.562988,170.553650,1495.333252,-4166.099609,184.755676,1629.317749,-4212.568848,2616.234131,1567.750244,-3159.807617,,,,,,,,,,,,,,,,,,,,,,,,,,,,,,,,,
2645,26.450000,0.000000,0.000000,0.000000,1.000000,0.000000,0.000000,0.000000,57.698101,20.499701,-14.700500,0.047771,-0.013570,0.015998,-15.666301,-52.738201,18.801300,-93.396698,0.129960,17.611099,-0.210191,-0.490686,-0.661260,0.527051,184.641571,1543.365601,-4208.148438,190.430634,1462.508057,-4215.068848,196.338287,1586.189697,-4237.199707,168.759857,1495.274902,-4166.747559,183.037415,1629.489868,-4213.577148,190.634598,1462.613403,-4214.698730,195.878922,1585.943237,-4237.544922,168.658920,1495.351318,-4167.184570,183.351059,1629.530151,-4213.203125,2616.266357,1567.731689,-3159.805176,,,,,,,,,,,,,,,,,,,,,,,,,,,,,,,,,
2646,26.460000,0.000000,0.000000,0.000000,1.000000,0.000000,0.000000,0.000000,57.698101,20.499701,-14.700500,0.047771,-0.013570,0.015998,-15.666301,-52.738201,18.801300,-93.396698,0.129960,17.611099,-0.207563,-0.491645,-0.662565,0.525557,182.752548,1543.372559,-4209.183105,188.557144,1462.527832,-4216.240234,194.653381,1586.254761,-4238.065918,166.584625,1495.198730,-4167.990234,181.214966,1629.509033,-4214.436523,188.719131,1462.683960,-4215.805664,194.241165,1586.094360,-4238.354492,166.515762,1495.141968,-4168.436523,181.515289,1629.565674,-4214.145020,2616.290039,1567.732788,-3159.802979,,,,,,,,,,,,,,,,,,,,,,,,,,,,,,,,,
2647,26.470000,0.000000,0.000000,0.000000,1.000000,0.000000,0.000000,0.000000,57.698101,20.499701,-14.700500,0.047771,-0.013570,0.015998,-15.666301,-52.738201,18.801300,-93.396698,0.129960,17.611099,-0.207605,-0.490877,-0.663074,0.525617,181.148148,1543.453125,-4210.040527,186.881821,1462.614502,-4217.222656,193.063416,1586.368896,-4238.867188,164.970184,1495.230835,-4168.908691,179.677048,1629.598511,-4215.163574,186.953995,1462.651978,-4216.848633,192.789124,1586.274536,-4239.011230,164.973755,1495.168701,-4169.332031,179.874344,1629.712402,-4214.986816,2616.285645,1567.746948,-3159.793945,,,,,,,,,,,,,,,,,,,,,,,,,,,,,,,,,
2648,26.480000,0.000000,0.000000,0.000000,1.000000,0.000000,0.000000,0.000000,57.698101,20.499701,-14.700500,0.047771,-0.013570,0.015998,-15.666301,-52.738201,18.801300,-93.396698,0.129960,17.611099,-0.205950,-0.491864,-0.663236,0.525141,179.520081,1543.545288,-4210.968750,185.380493,1462.716553,-4218.161133,191.490952,1586.487061,-4239.733887,163.246765,1495.286865,-4169.916504,177.962067,1629.690796,-4216.063965,185.369385,1462.660400,-4217.878906,191.365219,1586.502686,-4239.782715,163.298676,1495.191528,-4170.221680,178.055115,1629.809937,-4215.998535,2616.281494,1567.717896,-3159.791260,,,,,,,,,,,,,,,,,,,,,,,,,,,,,,,,,
2649,26.490000,0.000000,0.000000,0.000000,1.000000,0.000000,0.000000,0.000000,57.698101,20.499701,-14.700500,0.047771,-0.013570,0.015998,-15.666301,-52.738201,18.801300,-93.396698,0.129960,17.611099,-0.200672,-0.495564,-0.664019,0.522710,178.113083,1543.727173,-4211.775879,184.286758,1462.917480,-4218.918945,190.359268,1586.712891,-4240.358398,161.411972,1495.408203,-4170.967773,176.394287,1629.870361,-4216.858398,184.204941,1462.841675,-4218.595215,190.302383,1586.839722,-4240.418457,161.504913,1495.230347,-4171.263672,176.440277,1629.956787,-4216.824707,2616.241943,1567.725830,-3159.784668,,,,,,,,,,,,,,,,,,,,,,,,,,,,,,,,,
2650,26.500000,0.000000,0.000000,0.000000,1.000000,0.000000,0.000000,0.000000,57.698101,20.499701,-14.700500,0.047771,-0.013570,0.015998,-15.666301,-52.738201,18.801300,-93.396698,0.129960,17.611099,-0.199620,-0.496730,-0.663591,0.522549,176.756760,1543.902100,-4212.612793,183.089737,1463.096680,-4219.663574,189.002426,1586.882202,-4241.203613,160.033615,1495.592285,-4171.802734,174.901169,1630.037354,-4217.780762,182.927063,1463.032349,-4219.405762,189.045380,1587.036865,-4241.171875,160.203445,1495.537354,-4172.093262,174.859024,1629.992188,-4217.789062,2616.253662,1567.717041,-3159.780762,,,,,,,,,,,,,,,,,,,,,,,,,,,,,,,,,
2651,26.510000,0.000000,0.000000,0.000000,1.000000,0.000000,0.000000,0.000000,57.698101,20.499701,-14.700500,0.047771,-0.013570,0.015998,-15.666301,-52.738201,18.801300,-93.396698,0.129960,17.611099,-0.200229,-0.496425,-0.663191,0.523115,175.581665,1544.109497,-4213.307617,181.937424,1463.304077,-4220.337891,187.755371,1587.083618,-4241.938965,158.955444,1495.808716,-4172.447266,173.678329,1630.241821,-4218.507324,181.797455,1463.299072,-4220.084961,187.774445,1587.206421,-4241.919922,159.120895,1495.853516,-4172.775391,173.643097,1630.079834,-4218.474609,2616.279541,1567.735107,-3159.766846,,,,,,,,,,,,,,,,,,,,,,,,,,,,,,,,,
2652,26.520000,0.000000,0.000000,0.000000,1.000000,0.000000,0.000000,0.000000,57.698101,20.499701,-14.700500,0.047771,-0.013570,0.015998,-15.666301,-52.738201,18.801300,-93.396698,0.129960,17.611099,-0.200494,-0.495624,-0.662993,0.524022,174.154510,1544.447632,-4214.087891,180.561630,1463.654175,-4221.208496,186.230621,1587.459106,-4242.704590,157.656830,1496.094360,-4173.237305,172.168854,1630.583374,-4219.201172,180.425156,1463.487183,-4220.890137,186.080841,1588.268311,-4242.491699,157.794052,1496.051758,-4173.543457,172.290527,1630.106323,-4219.382324,2616.280518,1567.732788,-3159.763184,,,,,,,,,,,,,,,,,,,,,,,,,,,,,,,,,
2653,26.530000,0.000000,0.000000,0.000000,1.000000,0.000000,0.000000,0.000000,57.698101,20.499701,-14.700500,0.047771,-0.013570,0.015998,-15.666301,-52.738201,18.801300,-93.396698,0.129960,17.611099,-0.205190,-0.493186,-0.661930,0.525846,172.558548,1544.449341,-4215.122559,178.718124,1463.628418,-4222.150391,184.408386,1587.377808,-4243.957520,156.411072,1496.212769,-4173.995605,170.696533,1630.578613,-4220.387695,178.661392,1463.583008,-4221.919922,184.306015,1587.720581,-4243.926758,156.488571,1496.273071,-4174.254395,170.780426,1630.203247,-4220.386230,2616.289795,1567.762695,-3159.759766,,,,,,,,,,,,,,,,,,,,,,,,,,,,,,,,,
2654,26.540000,0.000000,0.000000,0.000000,1.000000,0.000000,0.000000,0.000000,57.698101,20.499701,-14.700500,0.047771,-0.013570,0.015998,-15.666301,-52.738201,18.801300,-93.396698,0.129960,17.611099,-0.206626,-0.492314,-0.662544,0.525327,171.171326,1544.448242,-4216.091797,177.065262,1463.608887,-4223.134277,183.095245,1587.340820,-4244.948730,154.958527,1496.260376,-4174.933105,169.566162,1630.583130,-4221.350098,177.053360,1463.654419,-4222.929199,183.003036,1587.351807,-4244.992188,155.017609,1496.367310,-4175.229980,169.624146,1630.428467,-4221.238281,2616.263916,1567.749268,-3159.758789,,,,,,,,,,,,,,,,,,,,,,,,,,,,,,,,,
2655,26.550000,0.000000,0.000000,0.000000,1.000000,0.000000,0.000000,0.000000,57.698101,20.499701,-14.700500,0.047771,-0.013570,0.015998,-15.666301,-52.738201,18.801300,-93.396698,0.129960,17.611099,-0.207774,-0.491423,-0.663674,0.524281,169.741882,1544.459717,-4217.077148,175.299942,1463.601685,-4224.178711,181.812668,1587.322388,-4245.918457,153.372498,1496.311157,-4175.934082,168.482330,1630.603882,-4222.277832,175.426636,1463.627930,-4223.850586,181.488312,1587.162231,-4246.132324,153.332870,1496.362915,-4176.334473,168.704895,1630.681519,-4222.014160,2616.243164,1567.766846,-3159.768555,,,,,,,,,,,,,,,,,,,,,,,,,,,,,,,,,
2656,26.560000,0.000000,0.000000,0.000000,1.000000,0.000000,0.000000,0.000000,57.698101,20.499701,-14.700500,0.047771,-0.013570,0.015998,-15.666301,-52.738201,18.801300,-93.396698,0.129960,17.611099,-0.209352,-0.490025,-0.664529,0.523879,168.281937,1544.511719,-4218.050293,173.531769,1463.640747,-4225.237793,180.424393,1587.356445,-4246.887695,151.856659,1496.385620,-4176.903809,167.314880,1630.664307,-4223.172852,173.689758,1463.562134,-4224.888672,180.069962,1587.183472,-4247.179688,151.794769,1496.462280,-4177.313965,167.562622,1630.838379,-4222.830078,2616.274170,1567.786621,-3159.767578,,,,,,,,,,,,,,,,,,,,,,,,,,,,,,,,,
2657,26.570000,0.000000,0.000000,0.000000,1.000000,0.000000,0.000000,0.000000,57.698101,20.499701,-14.700500,0.047771,-0.013570,0.015998,-15.666301,-52.738201,18.801300,-93.396698,0.129960,17.611099,-0.209043,-0.490050,-0.665666,0.522533,166.910599,1544.593018,-4218.982422,171.960953,1463.714233,-4226.226074,179.231583,1587.429321,-4247.756348,150.265228,1496.476440,-4177.912598,166.184570,1630.752075,-4224.033691,172.095932,1463.591919,-4225.880371,178.907425,1587.241455,-4247.996094,150.226822,1496.525879,-4178.323730,166.410980,1631.019287,-4223.728027,2616.272217,1567.750732,-3159.750488,,,,,,,,,,,,,,,,,,,,,,,,,,,,,,,,,
2658,26.580000,0.000000,0.000000,0.000000,1.000000,0.000000,0.000000,0.000000,57.698101,20.499701,-14.700500,0.047771,-0.013570,0.015998,-15.666301,-52.738201,18.801300,-93.396698,0.129960,17.611099,-0.207804,-0.492777,-0.665642,0.520489,165.546158,1544.871338,-4219.833496,170.615005,1463.968018,-4226.784180,178.068726,1587.610840,-4248.664551,148.617630,1496.892578,-4178.718750,164.883209,1631.014038,-4225.166504,170.846313,1463.792358,-4226.575195,177.647171,1587.311523,-4248.895996,148.514923,1497.270508,-4179.120605,165.144852,1631.132202,-4224.771973,2616.276123,1567.714722,-3159.749268,,,,,,,,,,,,,,,,,,,,,,,,,,,,,,,,,
2659,26.590000,0.000000,0.000000,0.000000,1.000000,0.000000,0.000000,0.000000,57.698101,20.499701,-14.700500,0.047771,-0.013570,0.015998,-15.666301,-52.738201,18.801300,-93.396698,0.129960,17.611099,-0.206586,-0.493993,-0.665448,0.520069,164.194641,1544.926514,-4220.794922,169.394730,1464.025269,-4227.671387,176.752426,1587.662354,-4249.615723,147.198410,1496.954346,-4179.699707,163.432922,1631.064453,-4226.191406,169.647827,1463.977295,-4227.290527,176.192276,1587.358643,-4249.939941,147.082962,1497.043213,-4180.159668,163.812729,1631.306152,-4225.802734,2616.302002,1567.746704,-3159.749268,,,,,,,,,,,,,,,,,,,,,,,,,,,,,,,,,
2660,26.600000,0.000000,0.000000,0.000000,1.000000,0.000000,0.000000,0.000000,57.698101,20.499701,-14.700500,0.047771,-0.013570,0.015998,-15.666301,-52.738201,18.801300,-93.396698,0.129960,17.611099,-0.206198,-0.495169,-0.664333,0.520531,163.026001,1545.082886,-4221.641113,168.445602,1464.181641,-4228.345215,175.494614,1587.791992,-4250.540527,146.122665,1497.151123,-4180.460938,162.041046,1631.207153,-4227.217285,168.703033,1464.181763,-4227.917969,174.918961,1587.543579,-4250.909668,145.994431,1497.145874,-4180.909668,162.451874,1631.446899,-4226.832031,2616.288818,1567.745361,-3159.766846,,,,,,,,,,,,,,,,,,,,,,,,,,,,,,,,,
2661,26.610000,0.000000,0.000000,0.000000,1.000000,0.000000,0.000000,0.000000,57.698101,20.499701,-14.700500,0.047771,-0.013570,0.015998,-15.666301,-52.738201,18.801300,-93.396698,0.129960,17.611099,-0.205366,-0.496115,-0.664234,0.520085,161.888855,1545.309448,-4222.429688,167.383652,1464.407593,-4229.065918,174.398544,1588.008179,-4251.326660,144.917618,1497.393188,-4181.259766,160.855499,1631.429199,-4228.066406,167.561325,1464.429688,-4228.611328,173.955933,1587.923340,-4251.657715,144.835175,1497.327026,-4181.705566,161.186737,1631.555420,-4227.750000,2616.280762,1567.756836,-3159.771484,,,,,,,,,,,,,,,,,,,,,,,,,,,,,,,,,
2662,26.620000,0.000000,0.000000,0.000000,1.000000,0.000000,0.000000,0.000000,57.698101,20.499701,-14.700500,0.047771,-0.013570,0.015998,-15.666301,-52.738201,18.801300,-93.396698,0.129960,17.611099,-0.206381,-0.496262,-0.663018,0.521093,160.979904,1545.578369,-4223.104492,166.591141,1464.672363,-4229.590332,173.340759,1588.238525,-4252.122559,144.199249,1497.718384,-4181.791016,159.788345,1631.684570,-4228.914062,166.688828,1464.723511,-4229.203613,173.025345,1588.275269,-4252.326172,144.169189,1497.668213,-4182.180664,160.027557,1631.648193,-4228.714355,2616.278076,1567.788940,-3159.785400,,,,,,,,,,,,,,,,,,,,,,,,,,,,,,,,,
2663,26.630000,0.000000,0.000000,0.000000,1.000000,0.000000,0.000000,0.000000,57.698101,20.499701,-14.700500,0.047771,-0.013570,0.015998,-15.666301,-52.738201,18.801300,-93.396698,0.129960,17.611099,-0.204059,-0.498682,-0.662615,0.520209,159.858154,1545.804932,-4223.918457,165.716095,1464.903564,-4230.242676,172.293396,1588.451660,-4252.924316,142.938843,1497.966187,-4182.636719,158.484207,1631.898804,-4229.869629,165.694656,1464.974487,-4229.971191,172.157974,1588.601196,-4252.969727,142.981247,1497.873535,-4182.897949,158.597092,1631.772827,-4229.833984,2616.268799,1567.757690,-3159.791260,,,,,,,,,,,,,,,,,,,,,,,,,,,,,,,,,
2664,26.640000,0.000000,0.000000,0.000000,1.000000,0.000000,0.000000,0.000000,57.698101,20.499701,-14.700500,0.047771,-0.013570,0.015998,-15.666301,-52.738201,18.801300,-93.396698,0.129960,17.611099,-0.201877,-0.501261,-0.662136,0.519191,158.763565,1546.087036,-4224.730469,164.853760,1465.187134,-4230.851074,171.282852,1588.704224,-4253.743652,141.694061,1498.291992,-4183.460449,157.223450,1632.164917,-4230.866699,164.774887,1465.320679,-4230.517090,171.200592,1588.851685,-4253.811035,141.783279,1498.173828,-4183.778809,157.296616,1632.003540,-4230.811523,2616.249756,1567.712402,-3159.786621,,,,,,,,,,,,,,,,,,,,,,,,,,,,,,,,,
2665,26.650000,0.000000,0.000000,0.000000,1.000000,0.000000,0.000000,0.000000,57.698101,20.499701,-14.700500,0.047771,-0.013570,0.015998,-15.666301,-52.738201,18.801300,-93.396698,0.129960,17.611099,-0.204045,-0.500343,-0.661351,0.520229,157.556351,1546.304565,-4225.564453,163.586426,1465.394043,-4231.603027,169.940094,1588.876465,-4254.701660,140.684189,1498.573608,-4184.139160,156.014618,1632.374390,-4231.813965,163.524002,1465.481812,-4231.316895,169.872925,1588.944702,-4254.766113,140.769409,1498.521973,-4184.444336,156.064041,1632.272461,-4231.735352,2616.274902,1567.708130,-3159.774902,,,,,,,,,,,,,,,,,,,,,,,,,,,,,,,,,
2666,26.660000,0.000000,0.000000,0.000000,1.000000,0.000000,0.000000,0.000000,57.698101,20.499701,-14.700500,0.047771,-0.013570,0.015998,-15.666301,-52.738201,18.801300,-93.396698,0.129960,17.611099,-0.207020,-0.499294,-0.659681,0.522178,156.245926,1546.497559,-4226.439941,162.304047,1465.577148,-4232.315430,168.367035,1589.005127,-4255.781250,139.735367,1498.858765,-4184.763672,154.577194,1632.549561,-4232.899414,162.243103,1465.669922,-4232.058105,168.323837,1588.976074,-4255.846680,139.845322,1498.955444,-4185.129883,154.587418,1632.410889,-4232.754395,2616.279053,1567.772583,-3159.797607,,,,,,,,,,,,,,,,,,,,,,,,,,,,,,,,,
2667,26.670000,0.000000,0.000000,0.000000,1.000000,0.000000,0.000000,0.000000,57.698101,20.499701,-14.700500,0.047771,-0.013570,0.015998,-15.666301,-52.738201,18.801300,-93.396698,0.129960,17.611099,-0.207532,-0.499241,-0.659204,0.522626,154.780243,1546.625000,-4227.386719,160.875229,1465.703491,-4233.209473,166.837296,1589.117065,-4256.776367,138.353561,1499.008545,-4185.651367,153.054794,1632.671143,-4233.908691,160.768600,1465.798584,-4232.998047,166.852631,1589.032593,-4256.771973,138.531601,1499.203979,-4186.057617,152.995895,1632.514160,-4233.786621,2616.279053,1567.772705,-3159.802734,,,,,,,,,,,,,,,,,,,,,,,,,,,,,,,,,
2668,26.680000,0.000000,0.000000,0.000000,1.000000,0.000000,0.000000,0.000000,57.698101,20.499701,-14.700500,0.047771,-0.013570,0.015998,-15.666301,-52.738201,18.801300,-93.396698,0.129960,17.611099,-0.210009,-0.498017,-0.658469,0.523731,153.356796,1546.756958,-4228.290527,159.356110,1465.823608,-4234.048340,165.270676,1589.203125,-4257.804688,137.143005,1499.205200,-4186.398926,151.657303,1632.796143,-4234.910156,159.233337,1465.926514,-4233.882324,165.339752,1589.051636,-4257.790039,137.332275,1499.424927,-4186.763184,151.549469,1632.670898,-4234.786621,2616.315918,1567.735962,-3159.787109,,,,,,,,,,,,,,,,,,,,,,,,,,,,,,,,,
2669,26.690000,0.000000,0.000000,0.000000,1.000000,0.000000,0.000000,0.000000,57.698101,20.499701,-14.700500,0.047771,-0.013570,0.015998,-15.666301,-52.738201,18.801300,-93.396698,0.129960,17.611099,-0.213126,-0.495134,-0.658843,0.524734,151.927017,1546.861450,-4229.167480,157.605789,1465.916016,-4235.079102,163.749374,1589.306519,-4258.719727,135.886200,1499.308716,-4187.209961,150.466690,1632.914673,-4235.660156,157.569778,1465.900757,-4234.911621,163.723251,1589.126953,-4258.757812,135.997559,1499.533813,-4187.566895,150.436493,1632.921265,-4235.496094,2616.293457,1567.731445,-3159.791260,,,,,,,,,,,,,,,,,,,,,,,,,,,,,,,,,
2670,26.700000,0.000000,0.000000,0.000000,1.000000,0.000000,0.000000,0.000000,57.698101,20.499701,-14.700500,0.047771,-0.013570,0.015998,-15.666301,-52.738201,18.801300,-93.396698,0.129960,17.611099,-0.212645,-0.495450,-0.658432,0.525147,150.551620,1546.970581,-4230.001465,156.361084,1466.033569,-4235.899414,162.317810,1589.430176,-4259.555176,134.570328,1499.398438,-4188.043457,148.957169,1633.020508,-4236.506836,156.371368,1466.013062,-4235.660645,162.202774,1589.324951,-4259.644043,134.638718,1499.608154,-4188.458496,149.008560,1632.974365,-4236.305664,2616.303223,1567.732666,-3159.801270,,,,,,,,,,,,,,,,,,,,,,,,,,,,,,,,,
2671,26.710000,0.000000,0.000000,0.000000,1.000000,0.000000,0.000000,0.000000,57.698101,20.499701,-14.700500,0.047771,-0.013570,0.015998,-15.666301,-52.738201,18.801300,-93.396698,0.129960,17.611099,-0.210858,-0.496312,-0.658623,0.524813,149.045670,1546.993530,-4230.918945,154.997894,1466.069946,-4236.858887,160.856689,1589.494019,-4260.395996,132.981720,1499.364380,-4189.057129,147.346313,1633.046021,-4237.362793,155.165619,1466.013428,-4236.527344,160.467239,1589.401489,-4260.604980,132.914429,1499.496948,-4189.498047,147.617096,1633.068359,-4237.083008,2616.285156,1567.774292,-3159.792480,,,,,,,,,,,,,,,,,,,,,,,,,,,,,,,,,
2672,26.720000,0.000000,0.000000,0.000000,1.000000,0.000000,0.000000,0.000000,57.698101,20.499701,-14.700500,0.047771,-0.013570,0.015998,-15.666301,-52.738201,18.801300,-93.396698,0.129960,17.611099,-0.209609,-0.496303,-0.659412,0.524331,147.623337,1547.052124,-4231.829102,153.572067,1466.138550,-4237.908691,159.515884,1589.605957,-4261.196777,131.446396,1499.347046,-4190.097656,145.958893,1633.117188,-4238.113281,153.817444,1465.981812,-4237.470215,158.982666,1589.559814,-4261.504395,131.331696,1499.411133,-4190.564941,146.344818,1633.252075,-4237.774414,2616.279541,1567.728149,-3159.800293,,,,,,,,,,,,,,,,,,,,,,,,,,,,,,,,,
2673,26.730000,0.000000,0.000000,0.000000,1.000000,0.000000,0.000000,0.000000,57.698101,20.499701,-14.700500,0.047771,-0.013570,0.015998,-15.666301,-52.738201,18.801300,-93.396698,0.129960,17.611099,-0.209589,-0.495879,-0.659577,0.524532,146.343811,1547.164673,-4232.585938,152.283737,1466.255859,-4238.735840,158.223145,1589.742065,-4261.924805,130.186523,1499.426147,-4190.885254,144.681717,1633.234985,-4238.798340,152.537399,1466.083130,-4238.287598,157.665146,1589.669800,-4262.237305,130.067719,1499.440308,-4191.339844,145.085464,1633.462036,-4238.467773,2616.290771,1567.747192,-3159.798340,,,,,,,,,,,,,,,,,,,,,,,,,,,,,,,,,
2674,26.740000,0.000000,0.000000,0.000000,1.000000,0.000000,0.000000,0.000000,57.698101,20.499701,-14.700500,0.047771,-0.013570,0.015998,-15.666301,-52.738201,18.801300,-93.396698,0.129960,17.611099,-0.208777,-0.496963,-0.659194,0.524312,145.057587,1547.389404,-4233.300293,151.122314,1466.482422,-4239.351562,156.945038,1589.952271,-4262.656738,128.871277,1499.672363,-4191.585938,143.291656,1633.450806,-4239.606445,151.315262,1466.290039,-4239.123535,156.597977,1589.802734,-4262.863770,128.787888,1499.957031,-4191.949707,143.515778,1633.522949,-4239.287109,2616.307129,1567.727783,-3159.781738,,,,,,,,,,,,,,,,,,,,,,,,,,,,,,,,,
2675,26.750000,0.000000,0.000000,0.000000,1.000000,0.000000,0.000000,0.000000,57.698101,20.499701,-14.700500,0.047771,-0.013570,0.015998,-15.666301,-52.738201,18.801300,-93.396698,0.129960,17.611099,-0.206441,-0.497185,-0.660273,0.523668,143.898682,1547.430542,-4234.125000,150.025620,1466.544434,-4240.389160,155.896515,1590.085205,-4263.302734,127.549873,1499.583374,-4192.624023,142.122620,1633.509399,-4240.184082,150.004715,1466.458130,-4240.086914,155.780258,1590.036255,-4263.353027,127.633987,1499.578979,-4193.007812,142.190506,1633.642090,-4240.074219,2616.254150,1567.735596,-3159.775391,,,,,,,,,,,,,,,,,,,,,,,,,,,,,,,,,
2676,26.760000,0.000000,0.000000,0.000000,1.000000,0.000000,0.000000,0.000000,57.698101,20.499701,-14.700500,0.047771,-0.013570,0.015998,-15.666301,-52.738201,18.801300,-93.396698,0.129960,17.611099,-0.204571,-0.498250,-0.660179,0.523509,142.874969,1547.615234,-4234.837402,149.202042,1466.745239,-4241.110352,154.887405,1590.307617,-4263.954102,126.477333,1499.716064,-4193.415527,140.933014,1633.692505,-4240.870117,149.084641,1466.711426,-4240.855469,154.886993,1590.288696,-4263.934082,126.632217,1499.675537,-4193.749512,140.908325,1633.774170,-4240.839355,2616.264404,1567.734253,-3159.781006,,,,,,,,,,,,,,,,,,,,,,,,,,,,,,,,,
2677,26.770000,0.000000,0.000000,0.000000,1.000000,0.000000,0.000000,0.000000,57.698101,20.499701,-14.700500,0.047771,-0.013570,0.015998,-15.666301,-52.738201,18.801300,-93.396698,0.129960,17.611099,-0.201223,-0.500798,-0.659855,0.522783,141.810837,1547.808960,-4235.545410,148.489777,1466.960449,-4241.729492,153.886032,1590.532837,-4264.590332,125.275658,1499.867554,-4194.227539,139.591797,1633.875488,-4241.634766,148.305115,1466.998657,-4241.436035,153.940521,1590.583374,-4264.579590,125.474365,1499.795288,-4194.575195,139.532181,1633.850098,-4241.612793,2616.273682,1567.729736,-3159.772705,,,,,,,,,,,,,,,,,,,,,,,,,,,,,,,,,
2678,26.780000,0.000000,0.000000,0.000000,1.000000,0.000000,0.000000,0.000000,57.698101,20.499701,-14.700500,0.047771,-0.013570,0.015998,-15.666301,-52.738201,18.801300,-93.396698,0.129960,17.611099,-0.200393,-0.500833,-0.659645,0.523333,140.736267,1548.008179,-4236.293945,147.563141,1467.176880,-4242.541992,152.749252,1590.777710,-4265.296387,124.266563,1500.002808,-4195.023926,138.366013,1634.075684,-4242.312988,147.422104,1467.212524,-4242.235840,152.757706,1590.834106,-4265.320312,124.430244,1499.953735,-4195.380859,138.344482,1634.027588,-4242.259277,2616.291260,1567.738281,-3159.755615,,,,,,,,,,,,,,,,,,,,,,,,,,,,,,,,,
2679,26.790000,0.000000,0.000000,0.000000,1.000000,0.000000,0.000000,0.000000,57.698101,20.499701,-14.700500,0.047771,-0.013570,0.015998,-15.666301,-52.738201,18.801300,-93.396698,0.129960,17.611099,-0.200290,-0.500613,-0.658684,0.524791,139.648178,1548.195801,-4237.182617,146.700882,1467.385010,-4243.445801,151.478912,1591.000977,-4266.207520,123.399971,1500.141479,-4195.881836,137.012863,1634.255981,-4243.194824,146.578339,1467.440186,-4243.159668,151.477539,1591.093872,-4266.244141,123.533524,1500.083008,-4196.189941,137.006927,1634.164429,-4243.145508,2616.270020,1567.801880,-3159.771729,,,,,,,,,,,,,,,,,,,,,,,,,,,,,,,,,
2680,26.800000,0.000000,0.000000,0.000000,1.000000,0.000000,0.000000,0.000000,57.698101,20.499701,-14.700500,0.047771,-0.013570,0.015998,-15.666301,-52.738201,18.801300,-93.396698,0.129960,17.611099,-0.200143,-0.500460,-0.658107,0.525717,138.727737,1548.393311,-4238.007812,145.927734,1467.597046,-4244.291504,150.444000,1591.225220,-4267.040039,122.617882,1500.301880,-4196.696289,135.921265,1634.449097,-4244.004883,145.836700,1467.598511,-4243.978027,150.381271,1591.372192,-4267.072754,122.728310,1500.205688,-4197.016602,135.965210,1634.388550,-4243.972168,2616.246582,1567.786987,-3159.786865,,,,,,,,,,,,,,,,,,,,,,,,,,,,,,,,,
2681,26.810000,0.000000,0.000000,0.000000,1.000000,0.000000,0.000000,0.000000,57.698101,20.499701,-14.700500,0.047771,-0.013570,0.015998,-15.666301,-52.738201,18.801300,-93.396698,0.129960,17.611099,-0.201346,-0.498993,-0.657585,0.527302,137.780716,1548.579224,-4238.960449,145.017685,1467.794067,-4245.341797,149.317902,1591.443604,-4268.016113,121.914818,1500.442139,-4197.606934,134.872345,1634.637329,-4244.875977,145.033997,1467.747925,-4245.005371,149.122849,1591.550903,-4268.118164,121.947220,1500.381714,-4197.953613,135.014404,1634.630127,-4244.772461,2616.252686,1567.736694,-3159.756592,,,,,,,,,,,,,,,,,,,,,,,,,,,,,,,,,
2682,26.820000,0.000000,0.000000,0.000000,1.000000,0.000000,0.000000,0.000000,57.698101,20.499701,-14.700500,0.047771,-0.013570,0.015998,-15.666301,-52.738201,18.801300,-93.396698,0.129960,17.611099,-0.202936,-0.497233,-0.657108,0.528948,136.838120,1548.753296,-4239.946777,144.067978,1467.976074,-4246.436523,148.191238,1591.645874,-4269.033203,121.229439,1500.576294,-4198.542480,133.863754,1634.815063,-4245.774414,144.136154,1467.908081,-4246.074707,147.943268,1591.714111,-4269.220703,121.222061,1500.547119,-4198.906250,134.045746,1634.839478,-4245.591309,2616.276855,1567.748535,-3159.745605,,,,,,,,,,,,,,,,,,,,,,,,,,,,,,,,,
2683,26.830000,0.000000,0.000000,0.000000,1.000000,0.000000,0.000000,0.000000,57.698101,20.499701,-14.700500,0.047771,-0.013570,0.015998,-15.666301,-52.738201,18.801300,-93.396698,0.129960,17.611099,-0.202595,-0.496894,-0.656622,0.530000,135.851532,1548.893921,-4241.067871,143.243378,1468.137085,-4247.626953,147.081024,1591.832031,-4270.135254,120.391800,1500.653320,-4199.681641,132.689835,1634.953613,-4246.827148,143.302032,1468.126465,-4247.254395,146.818588,1591.837280,-4270.259766,120.412033,1500.682861,-4200.138672,132.874420,1634.932617,-4246.653320,2616.286621,1567.739258,-3159.742920,,,,,,,,,,,,,,,,,,,,,,,,,,,,,,,,,
2684,26.840000,0.000000,0.000000,0.000000,1.000000,0.000000,0.000000,0.000000,57.698101,20.499701,-14.700500,0.047771,-0.013570,0.015998,-15.666301,-52.738201,18.801300,-93.396698,0.129960,17.611099,-0.202556,-0.496816,-0.655697,0.531231,134.926239,1549.035278,-4242.208496,142.517654,1468.296021,-4248.757324,145.996521,1591.994385,-4271.306152,119.659630,1500.766113,-4200.783691,131.531082,1635.084839,-4247.986328,142.524063,1468.355713,-4248.402832,145.793900,1591.980591,-4271.358398,119.728996,1500.795898,-4201.258301,131.669281,1635.021851,-4247.864258,2616.294434,1567.699341,-3159.741943,,,,,,,,,,,,,,,,,,,,,,,,,,,,,,,,,
2685,26.850000,0.000000,0.000000,0.000000,1.000000,0.000000,0.000000,0.000000,57.698101,20.499701,-14.700500,0.047771,-0.013570,0.015998,-15.666301,-52.738201,18.801300,-93.396698,0.129960,17.611099,-0.203488,-0.496471,-0.654437,0.532749,134.015060,1549.186768,-4243.333984,141.765823,1468.457275,-4249.815430,144.882950,1592.136353,-4272.521484,119.007347,1500.932007,-4201.797852,130.404022,1635.221436,-4249.200195,141.784882,1468.619263,-4249.440430,144.681625,1592.076538,-4272.644531,119.046211,1500.884277,-4202.220703,130.551514,1635.179688,-4249.043945,2616.282227,1567.716309,-3159.749512,,,,,,,,,,,,,,,,,,,,,,,,,,,,,,,,,
2686,26.860000,0.000000,0.000000,0.000000,1.000000,0.000000,0.000000,0.000000,57.698101,20.499701,-14.700500,0.047771,-0.013570,0.015998,-15.666301,-52.738201,18.801300,-93.396698,0.129960,17.611099,-0.206115,-0.494725,-0.653325,0.534725,133.138504,1549.332397,-4244.515137,140.875671,1468.601074,-4250.990723,143.761459,1592.263184,-4273.820312,118.473518,1501.104736,-4202.825684,129.443298,1635.360840,-4250.422852,140.961456,1468.766357,-4250.614746,143.486710,1592.181396,-4274.035156,118.448822,1501.045654,-4203.206543,129.651993,1635.341797,-4250.204590,2616.281006,1567.738281,-3159.761475,,,,,,,,,,,,,,,,,,,,,,,,,,,,,,,,,
2687,26.870000,0.000000,0.000000,0.000000,1.000000,0.000000,0.000000,0.000000,57.698101,20.499701,-14.700500,0.047771,-0.013570,0.015998,-15.666301,-52.738201,18.801300,-93.396698,0.129960,17.611099,-0.205661,-0.494000,-0.654107,0.534613,132.217728,1549.423828,-4245.778320,139.889282,1468.700317,-4252.426758,142.883804,1592.408936,-4274.988770,117.502075,1501.118530,-4204.196777,128.595673,1635.467773,-4251.501953,139.952347,1468.788208,-4252.038086,142.632309,1592.372803,-4275.169922,117.502510,1501.075684,-4204.617188,128.782867,1635.460327,-4251.302734,2616.304199,1567.755615,-3159.782471,,,,,,,,,,,,,,,,,,,,,,,,,,,,,,,,,
2688,26.880000,0.000000,0.000000,0.000000,1.000000,0.000000,0.000000,0.000000,57.698101,20.499701,-14.700500,0.047771,-0.013570,0.015998,-15.666301,-52.738201,18.801300,-93.396698,0.129960,17.611099,-0.205908,-0.492434,-0.655026,0.534837,131.345932,1549.453003,-4247.092773,138.877762,1468.736328,-4253.979492,142.026123,1592.502441,-4276.202637,116.630508,1501.055298,-4205.618652,127.849220,1635.518188,-4252.569824,139.006821,1468.776855,-4253.551270,141.657700,1592.471802,-4276.434082,116.584053,1501.000244,-4206.064453,128.124146,1635.561279,-4252.333984,2616.315186,1567.754272,-3159.762695,,,,,,,,,,,,,,,,,,,,,,,,,,,,,,,,,
2689,26.890000,0.000000,0.000000,0.000000,1.000000,0.000000,0.000000,0.000000,57.698101,20.499701,-14.700500,0.047771,-0.013570,0.015998,-15.666301,-52.738201,18.801300,-93.396698,0.129960,17.611099,-0.206675,-0.491294,-0.655172,0.535412,130.487686,1549.449097,-4248.458984,137.949951,1468.734985,-4255.451172,141.115402,1592.522461,-4277.552734,115.855156,1501.016846,-4206.996094,127.030136,1635.522217,-4253.835449,138.044495,1468.747192,-4255.038086,140.804123,1592.478638,-4277.733398,115.843170,1500.999878,-4207.464844,127.254738,1635.569092,-4253.621094,2616.289795,1567.774292,-3159.775635,,,,,,,,,,,,,,,,,,,,,,,,,,,,,,,,,
2690,26.900000,0.000000,0.000000,0.000000,1.000000,0.000000,0.000000,0.000000,57.698101,20.499701,-14.700500,0.047771,-0.013570,0.015998,-15.666301,-52.738201,18.801300,-93.396698,0.129960,17.611099,-0.206137,-0.492114,-0.654726,0.535411,129.646606,1549.459473,-4249.713867,137.227005,1468.748901,-4256.620605,140.257248,1592.519897,-4278.833008,115.020988,1501.046387,-4208.225586,126.081032,1635.522705,-4255.176758,137.286469,1468.796875,-4256.193359,140.000977,1592.466309,-4279.014648,115.036156,1501.017456,-4208.709961,126.264915,1635.557007,-4254.962402,2616.281006,1567.710693,-3159.784424,,,,,,,,,,,,,,,,,,,,,,,,,,,,,,,,,
2691,26.910000,0.000000,0.000000,0.000000,1.000000,0.000000,0.000000,0.000000,57.698101,20.499701,-14.700500,0.047771,-0.013570,0.015998,-15.666301,-52.738201,18.801300,-93.396698,0.129960,17.611099,-0.206354,-0.491435,-0.655183,0.535393,128.850525,1549.423096,-4250.995605,136.344070,1468.712646,-4257.996582,139.481079,1592.504883,-4280.076172,114.209595,1500.979248,-4209.548828,125.367241,1635.495850,-4256.360352,136.336960,1468.719727,-4257.645996,139.344299,1592.446167,-4280.182617,114.276718,1500.964600,-4209.973633,125.454781,1635.561157,-4256.207520,2616.293213,1567.735596,-3159.789307,,,,,,,,,,,,,,,,,,,,,,,,,,,,,,,,,
2692,26.920000,0.000000,0.000000,0.000000,1.000000,0.000000,0.000000,0.000000,57.698101,20.499701,-14.700500,0.047771,-0.013570,0.015998,-15.666301,-52.738201,18.801300,-93.396698,0.129960,17.611099,-0.204557,-0.492652,-0.655540,0.534525,127.974403,1549.353760,-4252.406738,135.560974,1468.651123,-4259.398438,138.707993,1592.452881,-4281.422852,113.176910,1500.885498,-4211.044434,124.451637,1635.425659,-4257.760254,135.465073,1468.622192,-4259.113281,138.677536,1592.445557,-4281.414062,113.313240,1500.826294,-4211.400391,124.455528,1635.504517,-4257.724121,2616.260742,1567.736816,-3159.797852,,,,,,,,,,,,,,,,,,,,,,,,,,,,,,,,,
2693,26.930000,0.000000,0.000000,0.000000,1.000000,0.000000,0.000000,0.000000,57.698101,20.499701,-14.700500,0.047771,-0.013570,0.015998,-15.666301,-52.738201,18.801300,-93.396698,0.129960,17.611099,-0.204478,-0.492724,-0.655309,0.534772,127.050621,1549.263550,-4253.947266,134.690826,1468.565186,-4260.929688,137.750473,1592.365967,-4282.971191,112.292442,1500.790894,-4212.575684,123.468666,1635.332397,-4259.312012,134.680756,1468.541382,-4260.579102,137.617569,1592.337646,-4283.076172,112.353630,1500.704224,-4212.958984,123.560570,1635.458374,-4259.185059,2616.276855,1567.737061,-3159.799561,,,,,,,,,,,,,,,,,,,,,,,,,,,,,,,,,
2694,26.940000,0.000000,0.000000,0.000000,1.000000,0.000000,0.000000,0.000000,57.698101,20.499701,-14.700500,0.047771,-0.013570,0.015998,-15.666301,-52.738201,18.801300,-93.396698,0.129960,17.611099,-0.204842,-0.492137,-0.655373,0.535096,126.180428,1549.189575,-4255.409180,133.791275,1468.493408,-4262.448242,136.850159,1592.306030,-4284.423828,111.468315,1500.696777,-4214.044922,122.611862,1635.262207,-4260.719727,133.783035,1468.397095,-4262.075684,136.713669,1592.285889,-4284.532715,111.539932,1500.672485,-4214.474609,122.698441,1635.388794,-4260.567383,2616.276123,1567.758179,-3159.812500,,,,,,,,,,,,,,,,,,,,,,,,,,,,,,,,,
2695,26.950000,0.000000,0.000000,0.000000,1.000000,0.000000,0.000000,0.000000,57.698101,20.499701,-14.700500,0.047771,-0.013570,0.015998,-15.666301,-52.738201,18.801300,-93.396698,0.129960,17.611099,-0.204013,-0.492676,-0.655728,0.534481,125.427872,1549.142456,-4256.767090,133.043640,1468.447266,-4263.810547,136.174057,1592.265503,-4285.743652,110.608742,1500.640381,-4215.452148,121.884979,1635.217163,-4262.062012,132.961517,1468.317383,-4263.477051,136.141052,1592.321167,-4285.816406,110.721474,1500.581787,-4215.803223,121.893295,1635.316650,-4261.969727,2616.290527,1567.764648,-3159.801514,,,,,,,,,,,,,,,,,,,,,,,,,,,,,,,,,
2696,26.960000,0.000000,0.000000,0.000000,1.000000,0.000000,0.000000,0.000000,57.698101,20.499701,-14.700500,0.047771,-0.013570,0.015998,-15.666301,-52.738201,18.801300,-93.396698,0.129960,17.611099,-0.202665,-0.494289,-0.655230,0.534115,124.626701,1549.119141,-4258.157227,132.432480,1468.430420,-4265.065918,135.390762,1592.225952,-4287.151367,109.755623,1500.640991,-4216.833008,120.927872,1635.179443,-4263.578613,132.388779,1468.345459,-4264.731445,135.310715,1592.277344,-4287.250000,109.834427,1500.562012,-4217.174316,120.978935,1635.267090,-4263.474121,2616.292236,1567.740112,-3159.795654,,,,,,,,,,,,,,,,,,,,,,,,,,,,,,,,,
2697,26.970000,0.000000,0.000000,0.000000,1.000000,0.000000,0.000000,0.000000,57.698101,20.499701,-14.700500,0.047771,-0.013570,0.015998,-15.666301,-52.738201,18.801300,-93.396698,0.129960,17.611099,-0.202337,-0.495053,-0.654785,0.534077,123.757851,1549.122314,-4259.701172,131.656616,1468.434326,-4266.512207,134.508286,1592.208374,-4288.730957,108.892487,1500.674194,-4218.339355,119.973946,1635.172607,-4265.221680,131.595459,1468.297119,-4266.190918,134.444138,1592.277710,-4288.787598,108.990639,1500.617920,-4218.679688,120.007645,1635.263550,-4265.146484,2616.291504,1567.727905,-3159.789062,,,,,,,,,,,,,,,,,,,,,,,,,,,,,,,,,
2698,26.980000,0.000000,0.000000,0.000000,1.000000,0.000000,0.000000,0.000000,57.698101,20.499701,-14.700500,0.047771,-0.013570,0.015998,-15.666301,-52.738201,18.801300,-93.396698,0.129960,17.611099,-0.202075,-0.494335,-0.655613,0.533826,122.925415,1549.117188,-4261.267090,130.724991,1468.432739,-4268.233887,133.734070,1592.246094,-4290.211914,107.993172,1500.607544,-4220.001953,119.249352,1635.182617,-4266.621582,130.699661,1468.247437,-4267.890137,133.626785,1592.270996,-4290.281738,108.079941,1500.620117,-4220.399902,119.308968,1635.303345,-4266.500977,2616.302490,1567.767456,-3159.782959,,,,,,,,,,,,,,,,,,,,,,,,,,,,,,,,,
2699,26.990000,0.000000,0.000000,0.000000,1.000000,0.000000,0.000000,0.000000,57.698101,20.499701,-14.700500,0.047771,-0.013570,0.015998,-15.666301,-52.738201,18.801300,-93.396698,0.129960,17.611099,-0.200317,-0.496341,-0.655200,0.533134,122.273323,1549.144287,-4262.662109,130.274979,1468.466431,-4269.473145,133.135925,1592.254028,-4291.614746,107.237190,1500.662842,-4221.401367,118.445114,1635.194092,-4268.158691,130.139374,1468.323853,-4269.166016,133.121445,1592.375977,-4291.570801,107.410110,1500.638184,-4221.775391,118.433647,1635.209595,-4268.155273,2616.260742,1567.738647,-3159.799072,,,,,,,,,,,,,,,,,,,,,,,,,,,,,,,,,
2700,27.000000,0.000000,0.000000,0.000000,1.000000,0.000000,0.000000,0.000000,57.698101,20.499701,-14.700500,0.047771,-0.013570,0.015998,-15.666301,-52.738201,18.801300,-93.396698,0.129960,17.611099,-0.201334,-0.497075,-0.653742,0.533856,121.509819,1549.119629,-4264.257324,129.643234,1468.434570,-4270.824219,132.241745,1592.155518,-4293.368164,106.636749,1500.744141,-4222.813477,117.517471,1635.144409,-4270.022949,129.496338,1468.325195,-4270.551758,132.265900,1592.355713,-4293.345703,106.790932,1500.674438,-4223.098633,117.491066,1635.111450,-4270.033203,2616.265869,1567.736572,-3159.793945,,,,,,,,,,,,,,,,,,,,,,,,,,,,,,,,,
2701,27.010000,0.000000,0.000000,0.000000,1.000000,0.000000,0.000000,0.000000,57.698101,20.499701,-14.700500,0.047771,-0.013570,0.015998,-15.666301,-52.738201,18.801300,-93.396698,0.129960,17.611099,-0.201660,-0.496235,-0.653880,0.534345,120.671761,1549.247803,-4265.878906,128.779846,1468.568604,-4272.547852,131.359970,1592.313354,-4294.961426,105.863121,1500.829834,-4224.461426,116.684029,1635.279419,-4271.543945,128.681503,1468.264771,-4272.155273,131.181396,1593.166016,-4294.937500,105.962753,1500.701904,-4224.759766,116.793312,1635.083862,-4271.613770,2616.269043,1567.739746,-3159.789795,,,,,,,,,,,,,,,,,,,,,,,,,,,,,,,,,
2702,27.020000,0.000000,0.000000,0.000000,1.000000,0.000000,0.000000,0.000000,57.698101,20.499701,-14.700500,0.047771,-0.013570,0.015998,-15.666301,-52.738201,18.801300,-93.396698,0.129960,17.611099,-0.201982,-0.496448,-0.654433,0.533347,119.956322,1549.504272,-4267.314453,127.899292,1468.804810,-4273.936523,130.765884,1592.533203,-4296.406738,105.002357,1501.137695,-4225.889160,116.157669,1635.541504,-4273.024414,127.806770,1468.793823,-4273.695801,130.710968,1592.770142,-4296.365234,105.130989,1501.286987,-4226.234375,116.191521,1635.127686,-4272.985352,2616.321777,1567.718994,-3159.762939,,,,,,,,,,,,,,,,,,,,,,,,,,,,,,,,,
2703,27.030000,0.000000,0.000000,0.000000,1.000000,0.000000,0.000000,0.000000,57.698101,20.499701,-14.700500,0.047771,-0.013570,0.015998,-15.666301,-52.738201,18.801300,-93.396698,0.129960,17.611099,-0.200951,-0.497695,-0.653724,0.533445,119.338531,1549.179321,-4269.043945,127.491150,1468.491455,-4275.551270,130.111206,1592.199463,-4298.163086,104.406013,1500.826294,-4227.595215,115.345688,1635.200317,-4274.865723,127.323273,1468.304199,-4275.274902,130.132355,1592.423950,-4298.064453,104.603722,1500.854004,-4227.948242,115.307297,1635.132080,-4274.896484,2616.294189,1567.706787,-3159.756836,,,,,,,,,,,,,,,,,,,,,,,,,,,,,,,,,
2704,27.040000,0.000000,0.000000,0.000000,1.000000,0.000000,0.000000,0.000000,57.698101,20.499701,-14.700500,0.047771,-0.013570,0.015998,-15.666301,-52.738201,18.801300,-93.396698,0.129960,17.611099,-0.200293,-0.499787,-0.652131,0.533686,118.677399,1548.971558,-4270.738281,127.127411,1468.290405,-4276.942871,129.363693,1591.926514,-4299.984863,103.822647,1500.712524,-4229.152344,114.395752,1634.956909,-4276.872070,126.906219,1468.169312,-4276.693359,129.479599,1592.191284,-4299.898438,104.037064,1500.680420,-4229.432617,114.297760,1634.851318,-4276.923828,2616.288818,1567.731934,-3159.760986,,,,,,,,,,,,,,,,,,,,,,,,,,,,,,,,,
2705,27.050000,0.000000,0.000000,0.000000,1.000000,0.000000,0.000000,0.000000,57.698101,20.499701,-14.700500,0.047771,-0.013570,0.015998,-15.666301,-52.738201,18.801300,-93.396698,0.129960,17.611099,-0.202952,-0.497423,-0.652362,0.534607,118.016602,1548.956543,-4272.359863,126.210007,1468.258667,-4278.689453,128.617142,1591.908081,-4301.643066,103.317764,1500.701416,-4230.714355,113.921371,1634.958130,-4278.392578,125.987068,1468.032593,-4278.506348,128.767899,1592.146851,-4301.500000,103.545845,1500.798706,-4230.981445,113.780190,1634.853760,-4278.449707,2616.288086,1567.699097,-3159.750488,,,,,,,,,,,,,,,,,,,,,,,,,,,,,,,,,
2706,27.060000,0.000000,0.000000,0.000000,1.000000,0.000000,0.000000,0.000000,57.698101,20.499701,-14.700500,0.047771,-0.013570,0.015998,-15.666301,-52.738201,18.801300,-93.396698,0.129960,17.611099,-0.203874,-0.496515,-0.651590,0.536040,117.336586,1548.992554,-4274.135254,125.618965,1468.306274,-4280.498047,127.761902,1591.959229,-4303.458496,102.868858,1500.716309,-4232.432617,113.096527,1634.988281,-4280.150391,125.436409,1468.126953,-4280.300293,127.848190,1592.132080,-4303.326172,103.101334,1500.915283,-4232.793945,112.990547,1634.823364,-4280.165039,2616.304688,1567.731201,-3159.734863,,,,,,,,,,,,,,,,,,,,,,,,,,,,,,,,,
2707,27.070000,0.000000,0.000000,0.000000,1.000000,0.000000,0.000000,0.000000,57.698101,20.499701,-14.700500,0.047771,-0.013570,0.015998,-15.666301,-52.738201,18.801300,-93.396698,0.129960,17.611099,-0.204696,-0.496918,-0.650337,0.536874,116.654236,1549.000977,-4275.789551,125.067520,1468.315186,-4281.982910,126.945122,1591.918213,-4305.232910,102.354866,1500.795776,-4233.947754,112.249352,1634.974976,-4281.995117,124.979530,1468.207886,-4281.672852,126.879303,1592.110962,-4305.232910,102.491104,1500.898071,-4234.358887,112.279953,1634.795044,-4281.931152,2616.270996,1567.715698,-3159.750732,,,,,,,,,,,,,,,,,,,,,,,,,,,,,,,,,
2708,27.080000,0.000000,0.000000,0.000000,1.000000,0.000000,0.000000,0.000000,57.698101,20.499701,-14.700500,0.047771,-0.013570,0.015998,-15.666301,-52.738201,18.801300,-93.396698,0.129960,17.611099,-0.210092,-0.493388,-0.649002,0.539654,116.014671,1548.995605,-4277.523926,124.198647,1468.286499,-4283.721680,125.963776,1591.854004,-4307.169922,102.223335,1500.873535,-4235.416504,111.672867,1634.968628,-4283.787109,124.241730,1468.171631,-4283.423828,125.788895,1591.945190,-4307.313965,102.238777,1501.007324,-4235.788086,111.792366,1634.866577,-4283.593262,2616.312500,1567.721069,-3159.743408,,,,,,,,,,,,,,,,,,,,,,,,,,,,,,,,,
2709,27.090000,0.000000,0.000000,0.000000,1.000000,0.000000,0.000000,0.000000,57.698101,20.499701,-14.700500,0.047771,-0.013570,0.015998,-15.666301,-52.738201,18.801300,-93.396698,0.129960,17.611099,-0.209687,-0.493725,-0.648272,0.540380,115.341667,1548.973389,-4279.369629,123.708160,1468.280518,-4285.535156,125.189484,1591.841919,-4309.034668,101.665230,1500.837524,-4237.240723,110.803734,1634.933838,-4285.668457,123.775665,1468.284424,-4285.239746,124.949493,1591.810669,-4309.118164,101.671944,1500.958008,-4237.671387,110.971519,1634.858032,-4285.499512,2616.286621,1567.745117,-3159.751709,,,,,,,,,,,,,,,,,,,,,,,,,,,,,,,,,
2710,27.100000,0.000000,0.000000,0.000000,1.000000,0.000000,0.000000,0.000000,57.698101,20.499701,-14.700500,0.047771,-0.013570,0.015998,-15.666301,-52.738201,18.801300,-93.396698,0.129960,17.611099,-0.211021,-0.492685,-0.647710,0.541482,114.700676,1548.938965,-4281.064453,123.064117,1468.247437,-4287.250000,124.412384,1591.804688,-4310.778809,101.213921,1500.807129,-4238.869629,110.112190,1634.896851,-4287.360352,123.264008,1468.294434,-4286.814453,123.938866,1591.618530,-4311.070801,101.121277,1500.898438,-4239.421875,110.446815,1634.940186,-4287.001465,2616.255859,1567.751221,-3159.767822,,,,,,,,,,,,,,,,,,,,,,,,,,,,,,,,,
2711,27.110000,0.000000,0.000000,0.000000,1.000000,0.000000,0.000000,0.000000,57.698101,20.499701,-14.700500,0.047771,-0.013570,0.015998,-15.666301,-52.738201,18.801300,-93.396698,0.129960,17.611099,-0.210553,-0.493806,-0.646910,0.541600,114.064949,1548.927368,-4282.759766,122.594376,1468.242065,-4288.797852,123.733582,1591.762085,-4312.532227,100.614471,1500.840454,-4240.502441,109.317261,1634.865479,-4289.206055,122.822998,1468.371826,-4288.350098,123.196167,1591.546997,-4312.841309,100.498848,1500.837280,-4241.001953,109.703140,1634.938599,-4288.868652,2616.297363,1567.765381,-3159.767090,,,,,,,,,,,,,,,,,,,,,,,,,,,,,,,,,
2712,27.120000,0.000000,0.000000,0.000000,1.000000,0.000000,0.000000,0.000000,57.698101,20.499701,-14.700500,0.047771,-0.013570,0.015998,-15.666301,-52.738201,18.801300,-93.396698,0.129960,17.611099,-0.210102,-0.493889,-0.647040,0.541543,113.298813,1548.883179,-4284.625977,121.854439,1468.203003,-4290.696777,122.979370,1591.734741,-4314.370605,99.828018,1500.772095,-4242.401855,108.533310,1634.823120,-4291.034668,122.103790,1468.357544,-4290.263184,122.403709,1591.446289,-4314.690918,99.697830,1500.820557,-4242.922363,108.937363,1634.882324,-4290.664062,2616.288086,1567.727661,-3159.764648,,,,,,,,,,,,,,,,,,,,,,,,,,,,,,,,,
2713,27.130000,0.000000,0.000000,0.000000,1.000000,0.000000,0.000000,0.000000,57.698101,20.499701,-14.700500,0.047771,-0.013570,0.015998,-15.666301,-52.738201,18.801300,-93.396698,0.129960,17.611099,-0.208097,-0.495105,-0.647686,0.540434,112.648750,1548.816162,-4286.424805,121.265251,1468.143799,-4292.511719,122.470810,1591.694092,-4316.084961,98.972542,1500.667847,-4244.309570,107.886307,1634.759277,-4292.792480,121.496338,1468.351318,-4291.977539,121.900856,1591.445435,-4316.425293,98.865433,1500.638794,-4244.895508,108.299240,1634.818237,-4292.419434,2616.330078,1567.722534,-3159.748047,,,,,,,,,,,,,,,,,,,,,,,,,,,,,,,,,
2714,27.140000,0.000000,0.000000,0.000000,1.000000,0.000000,0.000000,0.000000,57.698101,20.499701,-14.700500,0.047771,-0.013570,0.015998,-15.666301,-52.738201,18.801300,-93.396698,0.129960,17.611099,-0.208235,-0.494749,-0.647414,0.541032,112.077324,1548.644043,-4288.186523,120.749313,1467.980103,-4294.308105,121.828156,1591.538452,-4317.846191,98.492279,1500.472656,-4246.068359,107.239471,1634.585205,-4294.522949,120.977806,1468.344971,-4293.674316,121.234413,1591.372925,-4318.192383,98.367302,1500.061035,-4246.586914,107.719971,1634.807373,-4294.272461,2616.341309,1567.712891,-3159.742920,,,,,,,,,,,,,,,,,,,,,,,,,,,,,,,,,
2715,27.150000,0.000000,0.000000,0.000000,1.000000,0.000000,0.000000,0.000000,57.698101,20.499701,-14.700500,0.047771,-0.013570,0.015998,-15.666301,-52.738201,18.801300,-93.396698,0.129960,17.611099,-0.209198,-0.494104,-0.648108,0.540420,111.558022,1548.771606,-4289.847656,120.000580,1468.085449,-4295.996582,121.396202,1591.645630,-4319.508789,97.884132,1500.628418,-4247.726074,106.951073,1634.727417,-4296.159668,120.318825,1468.298340,-4295.378418,120.625244,1591.363403,-4320.006836,97.712021,1500.488647,-4248.317383,107.496994,1634.910645,-4295.717773,2616.284424,1567.720703,-3159.766357,,,,,,,,,,,,,,,,,,,,,,,,,,,,,,,,,
2716,27.160000,0.000000,0.000000,0.000000,1.000000,0.000000,0.000000,0.000000,57.698101,20.499701,-14.700500,0.047771,-0.013570,0.015998,-15.666301,-52.738201,18.801300,-93.396698,0.129960,17.611099,-0.208898,-0.492664,-0.650535,0.538932,110.845924,1548.740234,-4291.722656,118.904587,1468.039062,-4298.181152,120.931641,1591.682983,-4321.199707,96.882416,1500.497559,-4249.810059,106.664970,1634.741699,-4297.699219,119.179932,1468.128418,-4297.590820,120.256264,1591.431641,-4321.578613,96.754486,1500.440796,-4250.447754,107.146362,1634.943237,-4297.296875,2616.322266,1567.752930,-3159.783203,,,,,,,,,,,,,,,,,,,,,,,,,,,,,,,,,
2717,27.170000,0.000000,0.000000,0.000000,1.000000,0.000000,0.000000,0.000000,57.698101,20.499701,-14.700500,0.047771,-0.013570,0.015998,-15.666301,-52.738201,18.801300,-93.396698,0.129960,17.611099,-0.210535,-0.492439,-0.650012,0.539132,110.187843,1548.710327,-4293.475586,118.157524,1467.989746,-4299.802246,120.229080,1591.588013,-4323.062500,96.298843,1500.559814,-4251.433105,106.065849,1634.703857,-4299.604492,118.271645,1468.097290,-4299.322266,119.846046,1591.447632,-4323.233887,96.280785,1500.433838,-4251.965332,106.343201,1634.852783,-4299.402832,2616.294922,1567.725586,-3159.786377,,,,,,,,,,,,,,,,,,,,,,,,,,,,,,,,,
2718,27.180000,0.000000,0.000000,0.000000,1.000000,0.000000,0.000000,0.000000,57.698101,20.499701,-14.700500,0.047771,-0.013570,0.015998,-15.666301,-52.738201,18.801300,-93.396698,0.129960,17.611099,-0.211513,-0.490868,-0.651111,0.538856,109.515961,1548.682983,-4295.226562,117.215546,1467.950073,-4301.728516,119.627182,1591.586426,-4324.752441,95.568016,1500.494507,-4253.246582,105.652985,1634.700928,-4301.178223,117.216209,1467.928345,-4301.361816,119.484047,1591.516846,-4324.867188,95.625633,1500.412964,-4253.660645,105.749977,1634.864624,-4301.029297,2616.295654,1567.735107,-3159.795166,,,,,,,,,,,,,,,,,,,,,,,,,,,,,,,,,
2719,27.190000,0.000000,0.000000,0.000000,1.000000,0.000000,0.000000,0.000000,57.698101,20.499701,-14.700500,0.047771,-0.013570,0.015998,-15.666301,-52.738201,18.801300,-93.396698,0.129960,17.611099,-0.212250,-0.489398,-0.652314,0.538448,108.836891,1548.771484,-4296.954590,116.269440,1468.028809,-4303.640625,119.036102,1591.705566,-4326.405762,94.804527,1500.538208,-4255.054688,105.237404,1634.813843,-4302.717773,116.087357,1468.362183,-4303.231934,119.048584,1591.574707,-4326.417480,94.991394,1500.386719,-4255.500000,105.214111,1634.820312,-4302.661621,2616.305664,1567.746094,-3159.787598,,,,,,,,,,,,,,,,,,,,,,,,,,,,,,,,,
2720,27.200000,0.000000,0.000000,0.000000,1.000000,0.000000,0.000000,0.000000,57.698101,20.499701,-14.700500,0.047771,-0.013570,0.015998,-15.666301,-52.738201,18.801300,-93.396698,0.129960,17.611099,-0.210794,-0.490971,-0.652103,0.537843,108.235565,1548.714600,-4298.747070,115.819000,1467.977051,-4305.326172,118.489624,1591.636475,-4328.196289,94.105515,1500.499512,-4256.858887,104.528038,1634.745850,-4304.606445,115.540955,1468.029785,-4305.047852,118.647575,1591.675781,-4328.064941,94.387146,1500.388794,-4257.222656,104.382721,1634.753296,-4304.674805,2616.291016,1567.767212,-3159.785889,,,,,,,,,,,,,,,,,,,,,,,,,,,,,,,,,
2721,27.210000,0.000000,0.000000,0.000000,1.000000,0.000000,0.000000,0.000000,57.698101,20.499701,-14.700500,0.047771,-0.013570,0.015998,-15.666301,-52.738201,18.801300,-93.396698,0.129960,17.611099,-0.211527,-0.491314,-0.651236,0.538292,107.764954,1548.739746,-4300.242188,115.415436,1467.997070,-4306.678223,117.937485,1591.615356,-4329.787109,93.738747,1500.590820,-4258.243164,103.968063,1634.756226,-4306.259277,115.078987,1467.885742,-4306.499023,118.253456,1591.766724,-4329.573242,94.059250,1500.611450,-4258.521973,103.695427,1634.700684,-4306.371582,2616.265625,1567.761108,-3159.814697,,,,,,,,,,,,,,,,,,,,,,,,,,,,,,,,,
2722,27.220000,0.000000,0.000000,0.000000,1.000000,0.000000,0.000000,0.000000,57.698101,20.499701,-14.700500,0.047771,-0.013570,0.015998,-15.666301,-52.738201,18.801300,-93.396698,0.129960,17.611099,-0.213373,-0.489007,-0.652124,0.538589,107.189827,1548.777832,-4301.788574,114.537674,1468.023071,-4308.423828,117.364571,1591.678589,-4331.296387,93.203529,1500.591309,-4259.819336,103.653458,1634.818481,-4307.615234,114.285728,1467.750244,-4308.257812,117.608070,1591.781616,-4331.225098,93.447334,1500.729004,-4260.079102,103.419899,1634.835083,-4307.600098,2616.245850,1567.713867,-3159.805176,,,,,,,,,,,,,,,,,,,,,,,,,,,,,,,,,
2723,27.230000,0.000000,0.000000,0.000000,1.000000,0.000000,0.000000,0.000000,57.698101,20.499701,-14.700500,0.047771,-0.013570,0.015998,-15.666301,-52.738201,18.801300,-93.396698,0.129960,17.611099,-0.212276,-0.489312,-0.652456,0.538343,106.458321,1548.796265,-4303.434082,113.862747,1468.052124,-4310.134277,116.673691,1591.732056,-4332.876465,92.407478,1500.560425,-4261.542969,102.889267,1634.840820,-4309.181152,113.548653,1467.797241,-4309.980957,116.973663,1591.833984,-4332.674805,92.733299,1500.745239,-4261.860840,102.605370,1634.814453,-4309.236328,2616.292725,1567.725220,-3159.801025,,,,,,,,,,,,,,,,,,,,,,,,,,,,,,,,,
2724,27.240000,0.000000,0.000000,0.000000,1.000000,0.000000,0.000000,0.000000,57.698101,20.499701,-14.700500,0.047771,-0.013570,0.015998,-15.666301,-52.738201,18.801300,-93.396698,0.129960,17.611099,-0.212094,-0.489550,-0.652628,0.537991,105.753754,1548.808594,-4304.927246,113.134819,1468.061035,-4311.613281,116.011650,1591.737793,-4334.364746,91.647102,1500.581909,-4263.044922,102.221367,1634.854004,-4310.686523,112.786789,1467.841431,-4311.442383,116.335464,1591.883057,-4334.104980,92.001640,1500.707886,-4263.373047,101.927429,1634.809937,-4310.795410,2616.294678,1567.721558,-3159.778076,,,,,,,,,,,,,,,,,,,,,,,,,,,,,,,,,
2725,27.250000,0.000000,0.000000,0.000000,1.000000,0.000000,0.000000,0.000000,57.698101,20.499701,-14.700500,0.047771,-0.013570,0.015998,-15.666301,-52.738201,18.801300,-93.396698,0.129960,17.611099,-0.214366,-0.488538,-0.651730,0.539097,105.065399,1548.794800,-4306.302246,112.390099,1468.035278,-4312.904785,115.170921,1591.676147,-4335.861816,91.178612,1500.635864,-4264.268066,101.521866,1634.832031,-4312.173828,112.117920,1467.835815,-4312.718262,115.405243,1591.817261,-4335.716309,91.454285,1500.740234,-4264.568359,101.304253,1634.786011,-4312.216309,2616.265137,1567.713745,-3159.790527,,,,,,,,,,,,,,,,,,,,,,,,,,,,,,,,,
2726,27.260000,0.000000,0.000000,0.000000,1.000000,0.000000,0.000000,0.000000,57.698101,20.499701,-14.700500,0.047771,-0.013570,0.015998,-15.666301,-52.738201,18.801300,-93.396698,0.129960,17.611099,-0.213260,-0.489310,-0.651545,0.539059,104.294533,1548.730225,-4307.717285,111.760086,1467.982300,-4314.302246,114.399040,1591.627075,-4337.254395,90.389160,1500.550049,-4265.714355,100.629745,1634.761841,-4313.597656,111.446869,1467.804932,-4314.113281,114.702866,1591.817505,-4337.108398,90.689766,1500.651611,-4266.006836,100.363129,1634.656250,-4313.645996,2616.296143,1567.731201,-3159.777100,,,,,,,,,,,,,,,,,,,,,,,,,,,,,,,,,
2727,27.270000,0.000000,0.000000,0.000000,1.000000,0.000000,0.000000,0.000000,57.698101,20.499701,-14.700500,0.047771,-0.013570,0.015998,-15.666301,-52.738201,18.801300,-93.396698,0.129960,17.611099,-0.212193,-0.488995,-0.652690,0.538381,103.444283,1548.660156,-4309.158203,110.826859,1467.919067,-4315.920410,113.665604,1591.615356,-4338.570801,89.388283,1500.396606,-4267.301270,99.896309,1634.709961,-4314.840820,110.498268,1467.682861,-4315.784668,113.983116,1591.807861,-4338.275879,89.727585,1500.569580,-4267.604004,99.612610,1634.602539,-4314.966797,2616.266846,1567.760498,-3159.773193,,,,,,,,,,,,,,,,,,,,,,,,,,,,,,,,,
2728,27.280000,0.000000,0.000000,0.000000,1.000000,0.000000,0.000000,0.000000,57.698101,20.499701,-14.700500,0.047771,-0.013570,0.015998,-15.666301,-52.738201,18.801300,-93.396698,0.129960,17.611099,-0.211447,-0.489269,-0.652844,0.538238,102.683342,1548.630249,-4310.422852,110.115845,1467.896484,-4317.217285,112.926788,1591.606201,-4339.796875,88.589493,1500.337280,-4268.612305,99.101173,1634.681396,-4316.064941,109.807564,1467.688477,-4316.991211,113.176262,1591.786743,-4339.620117,88.916786,1500.469727,-4268.987305,98.870110,1634.587524,-4316.116699,2616.265137,1567.751343,-3159.782227,,,,,,,,,,,,,,,,,,,,,,,,,,,,,,,,,
2729,27.290000,0.000000,0.000000,0.000000,1.000000,0.000000,0.000000,0.000000,57.698101,20.499701,-14.700500,0.047771,-0.013570,0.015998,-15.666301,-52.738201,18.801300,-93.396698,0.129960,17.611099,-0.210427,-0.489967,-0.652909,0.537924,101.813049,1548.536499,-4311.626953,109.327591,1467.809692,-4318.412598,112.092529,1591.524292,-4340.971680,87.657425,1500.227173,-4269.855957,98.174561,1634.585205,-4317.267578,109.021278,1467.603760,-4318.183594,112.309204,1591.752686,-4340.714844,87.984428,1500.303711,-4270.230469,97.978935,1634.500000,-4317.385742,2616.305908,1567.743896,-3159.762939,,,,,,,,,,,,,,,,,,,,,,,,,,,,,,,,,
2730,27.300000,0.000000,0.000000,0.000000,1.000000,0.000000,0.000000,0.000000,57.698101,20.499701,-14.700500,0.047771,-0.013570,0.015998,-15.666301,-52.738201,18.801300,-93.396698,0.129960,17.611099,-0.212105,-0.488788,-0.652335,0.539033,100.913719,1548.402466,-4312.908691,108.389648,1467.672607,-4319.701172,111.055801,1591.378662,-4342.317383,86.954636,1500.109375,-4271.052734,97.254707,1634.449463,-4318.562988,108.139061,1467.426880,-4319.506348,111.222862,1591.579712,-4342.104004,87.212822,1500.174072,-4271.354980,97.097176,1634.423218,-4318.664062,2616.297119,1567.745483,-3159.763428,,,,,,,,,,,,,,,,,,,,,,,,,,,,,,,,,
2731,27.310000,0.000000,0.000000,0.000000,1.000000,0.000000,0.000000,0.000000,57.698101,20.499701,-14.700500,0.047771,-0.013570,0.015998,-15.666301,-52.738201,18.801300,-93.396698,0.129960,17.611099,-0.211781,-0.489005,-0.652245,0.539073,100.074593,1548.299072,-4314.080078,107.599663,1467.573364,-4320.868164,110.209633,1591.280884,-4343.483398,86.118309,1499.998169,-4272.232422,96.370659,1634.343994,-4319.736816,107.354225,1467.316284,-4320.667480,110.385857,1591.455322,-4343.326660,86.368385,1500.083618,-4272.532715,96.202843,1634.328003,-4319.794434,2616.276367,1567.733765,-3159.749512,,,,,,,,,,,,,,,,,,,,,,,,,,,,,,,,,
2732,27.320000,0.000000,0.000000,0.000000,1.000000,0.000000,0.000000,0.000000,57.698101,20.499701,-14.700500,0.047771,-0.013570,0.015998,-15.666301,-52.738201,18.801300,-93.396698,0.129960,17.611099,-0.209626,-0.489786,-0.652978,0.538318,99.047592,1548.109985,-4315.370117,106.658318,1467.400879,-4322.259277,109.292122,1591.148560,-4344.652344,84.926918,1499.728760,-4273.670898,95.312935,1634.161987,-4320.897461,106.453583,1467.140503,-4321.986328,109.376305,1591.282471,-4344.539062,85.166794,1499.821167,-4274.067871,95.211670,1634.170532,-4320.912598,2616.286865,1567.738037,-3159.755371,,,,,,,,,,,,,,,,,,,,,,,,,,,,,,,,,
2733,27.330000,0.000000,0.000000,0.000000,1.000000,0.000000,0.000000,0.000000,57.698101,20.499701,-14.700500,0.047771,-0.013570,0.015998,-15.666301,-52.738201,18.801300,-93.396698,0.129960,17.611099,-0.209448,-0.488617,-0.654026,0.538177,98.011765,1547.910522,-4316.666016,105.487846,1467.208008,-4323.775879,108.313347,1591.010864,-4345.836914,83.830879,1499.440674,-4275.090332,94.414909,1633.983032,-4321.960938,105.384666,1466.889160,-4323.448242,108.289543,1591.112915,-4345.826660,83.982277,1499.520752,-4275.496582,94.398491,1634.057983,-4321.902832,2616.261475,1567.729614,-3159.764648,,,,,,,,,,,,,,,,,,,,,,,,,,,,,,,,,
2734,27.340000,0.000000,0.000000,0.000000,1.000000,0.000000,0.000000,0.000000,57.698101,20.499701,-14.700500,0.047771,-0.013570,0.015998,-15.666301,-52.738201,18.801300,-93.396698,0.129960,17.611099,-0.209816,-0.487549,-0.654460,0.538474,97.053482,1547.711670,-4317.845215,104.445709,1467.013550,-4325.092773,107.342537,1590.848022,-4346.967773,82.901939,1499.189697,-4276.319824,93.523666,1633.795410,-4323.000488,104.386269,1466.701294,-4324.762695,107.271652,1590.943726,-4346.970703,83.020683,1499.273193,-4276.728027,93.545982,1633.873047,-4322.928711,2616.287598,1567.752930,-3159.759766,,,,,,,,,,,,,,,,,,,,,,,,,,,,,,,,,
2735,27.350000,0.000000,0.000000,0.000000,1.000000,0.000000,0.000000,0.000000,57.698101,20.499701,-14.700500,0.047771,-0.013570,0.015998,-15.666301,-52.738201,18.801300,-93.396698,0.129960,17.611099,-0.208195,-0.489403,-0.653972,0.538015,96.010948,1547.494629,-4319.108398,103.618607,1466.804077,-4326.214355,106.328606,1590.615112,-4348.243652,81.789001,1498.996460,-4277.579590,92.307480,1633.562988,-4324.395508,103.478813,1466.606934,-4325.912109,106.312912,1590.773804,-4348.147949,81.980576,1499.056641,-4278.003906,92.290207,1633.530029,-4324.405762,2616.276855,1567.733765,-3159.753906,,,,,,,,,,,,,,,,,,,,,,,,,,,,,,,,,
2736,27.360000,0.000000,0.000000,0.000000,1.000000,0.000000,0.000000,0.000000,57.698101,20.499701,-14.700500,0.047771,-0.013570,0.015998,-15.666301,-52.738201,18.801300,-93.396698,0.129960,17.611099,-0.207883,-0.489531,-0.653971,0.538021,94.976288,1547.286743,-4320.284668,102.617546,1466.600220,-4327.400879,105.293732,1590.416016,-4349.407227,80.749870,1498.776367,-4278.771973,91.243919,1633.354614,-4325.559570,102.507637,1466.427368,-4327.079590,105.247520,1590.541748,-4349.354004,80.912682,1498.808716,-4279.195312,91.251381,1633.348389,-4325.544434,2616.260986,1567.759033,-3159.766113,,,,,,,,,,,,,,,,,,,,,,,,,,,,,,,,,
2737,27.370000,0.000000,0.000000,0.000000,1.000000,0.000000,0.000000,0.000000,57.698101,20.499701,-14.700500,0.047771,-0.013570,0.015998,-15.666301,-52.738201,18.801300,-93.396698,0.129960,17.611099,-0.208230,-0.489009,-0.653972,0.538360,93.855705,1547.057495,-4321.580078,101.478012,1466.373291,-4328.742188,104.138931,1590.198730,-4350.697266,79.679565,1498.530029,-4280.069824,90.126236,1633.128296,-4326.811035,101.472733,1466.234131,-4328.401367,103.982262,1590.266113,-4350.729980,79.748726,1498.525391,-4280.475586,90.226326,1633.182983,-4326.732422,2616.300781,1567.765747,-3159.764648,,,,,,,,,,,,,,,,,,,,,,,,,,,,,,,,,
2738,27.380000,0.000000,0.000000,0.000000,1.000000,0.000000,0.000000,0.000000,57.698101,20.499701,-14.700500,0.047771,-0.013570,0.015998,-15.666301,-52.738201,18.801300,-93.396698,0.129960,17.611099,-0.209130,-0.488219,-0.653513,0.539284,92.787964,1546.859863,-4322.765137,100.427734,1466.179321,-4329.951172,102.958916,1590.006104,-4351.914551,78.765480,1498.325317,-4281.211426,88.999641,1632.928711,-4327.984375,100.410072,1466.091309,-4329.625488,102.817406,1590.056641,-4351.931152,78.843658,1498.317505,-4281.614746,89.089005,1632.960205,-4327.917480,2616.309570,1567.704956,-3159.750732,,,,,,,,,,,,,,,,,,,,,,,,,,,,,,,,,
2739,27.390000,0.000000,0.000000,0.000000,1.000000,0.000000,0.000000,0.000000,57.698101,20.499701,-14.700500,0.047771,-0.013570,0.015998,-15.666301,-52.738201,18.801300,-93.396698,0.129960,17.611099,-0.208477,-0.486467,-0.654427,0.540011,91.680168,1546.828857,-4324.008789,99.299385,1466.178345,-4331.543457,101.817085,1590.095581,-4352.990723,77.707916,1498.122437,-4282.639648,87.896187,1632.919312,-4328.862305,99.329582,1465.851074,-4331.089844,101.439430,1590.744019,-4352.987305,77.734093,1498.012817,-4283.020508,88.131126,1632.804565,-4328.891113,2616.332520,1567.739258,-3159.740479,,,,,,,,,,,,,,,,,,,,,,,,,,,,,,,,,
2740,27.400000,0.000000,0.000000,0.000000,1.000000,0.000000,0.000000,0.000000,57.698101,20.499701,-14.700500,0.047771,-0.013570,0.015998,-15.666301,-52.738201,18.801300,-93.396698,0.129960,17.611099,-0.209713,-0.484376,-0.655493,0.540120,90.645828,1546.572632,-4325.259277,97.989288,1465.918091,-4333.020508,100.813843,1589.880127,-4354.169434,76.669502,1497.806519,-4283.961426,87.110596,1632.686279,-4329.885254,98.105537,1465.642090,-4332.540039,100.430061,1590.182861,-4354.316406,76.640305,1497.728149,-4284.381348,87.379211,1632.723022,-4329.769531,2616.316895,1567.728760,-3159.756836,,,,,,,,,,,,,,,,,,,,,,,,,,,,,,,,,
2741,27.410000,0.000000,0.000000,0.000000,1.000000,0.000000,0.000000,0.000000,57.698101,20.499701,-14.700500,0.047771,-0.013570,0.015998,-15.666301,-52.738201,18.801300,-93.396698,0.129960,17.611099,-0.209873,-0.484061,-0.655710,0.540077,89.755424,1546.351196,-4326.345215,97.049110,1465.695679,-4334.144531,99.936371,1589.665161,-4355.240723,75.768173,1497.575439,-4285.062988,86.267952,1632.468872,-4330.933105,97.197090,1465.576538,-4333.624512,99.544571,1589.654663,-4355.503418,75.723358,1497.511108,-4285.585449,86.556015,1632.649902,-4330.660645,2616.351074,1567.760864,-3159.758789,,,,,,,,,,,,,,,,,,,,,,,,,,,,,,,,,
2742,27.420000,0.000000,0.000000,0.000000,1.000000,0.000000,0.000000,0.000000,57.698101,20.499701,-14.700500,0.047771,-0.013570,0.015998,-15.666301,-52.738201,18.801300,-93.396698,0.129960,17.611099,-0.210053,-0.484942,-0.654599,0.540564,88.721542,1546.148804,-4327.575195,96.177444,1465.491089,-4335.196777,98.808044,1589.419067,-4356.569336,74.842590,1497.436401,-4286.181641,85.058006,1632.248657,-4332.353027,96.382767,1465.523560,-4334.657227,98.301315,1589.198853,-4356.905762,74.759499,1497.382568,-4286.764648,85.422562,1632.480835,-4331.987305,2616.312500,1567.692139,-3159.758057,,,,,,,,,,,,,,,,,,,,,,,,,,,,,,,,,
2743,27.430000,0.000000,0.000000,0.000000,1.000000,0.000000,0.000000,0.000000,57.698101,20.499701,-14.700500,0.047771,-0.013570,0.015998,-15.666301,-52.738201,18.801300,-93.396698,0.129960,17.611099,-0.209323,-0.487067,-0.652995,0.540876,87.690331,1546.018433,-4328.709961,95.465233,1465.363770,-4336.039062,97.681084,1589.227051,-4357.829102,73.899208,1497.395996,-4287.181152,83.715714,1632.087280,-4333.791016,95.659210,1465.483765,-4335.548340,97.188812,1589.020874,-4358.125000,73.815788,1497.350098,-4287.717773,84.065796,1632.206787,-4333.473145,2616.297607,1567.698120,-3159.779053,,,,,,,,,,,,,,,,,,,,,,,,,,,,,,,,,
2744,27.440000,0.000000,0.000000,0.000000,1.000000,0.000000,0.000000,0.000000,57.698101,20.499701,-14.700500,0.047771,-0.013570,0.015998,-15.666301,-52.738201,18.801300,-93.396698,0.129960,17.611099,-0.206801,-0.489813,-0.652071,0.540481,86.554672,1545.892578,-4329.925781,94.704674,1465.256592,-4337.049805,96.551140,1589.086060,-4359.065430,72.702271,1497.293457,-4288.390137,82.260506,1631.934570,-4335.198242,94.875687,1465.446411,-4336.538574,96.089523,1588.924927,-4359.313965,72.639549,1497.257690,-4288.953613,82.598595,1631.945679,-4334.912598,2616.308105,1567.761841,-3159.794922,,,,,,,,,,,,,,,,,,,,,,,,,,,,,,,,,
2745,27.450000,0.000000,0.000000,0.000000,1.000000,0.000000,0.000000,0.000000,57.698101,20.499701,-14.700500,0.047771,-0.013570,0.015998,-15.666301,-52.738201,18.801300,-93.396698,0.129960,17.611099,-0.206318,-0.490053,-0.651981,0.540557,85.497231,1545.772461,-4331.128418,93.714844,1465.143799,-4338.258301,95.483131,1588.978027,-4360.253906,71.649940,1497.156372,-4289.610840,81.140938,1631.811890,-4336.391113,93.910675,1465.380615,-4337.818359,95.001785,1588.747314,-4360.487305,71.564796,1497.157349,-4290.106445,81.489410,1631.803955,-4336.108398,2616.238770,1567.712280,-3159.812012,,,,,,,,,,,,,,,,,,,,,,,,,,,,,,,,,
2746,27.460000,0.000000,0.000000,0.000000,1.000000,0.000000,0.000000,0.000000,57.698101,20.499701,-14.700500,0.047771,-0.013570,0.015998,-15.666301,-52.738201,18.801300,-93.396698,0.129960,17.611099,-0.205919,-0.490139,-0.651853,0.540785,84.412888,1545.699707,-4332.349121,92.702393,1465.080322,-4339.499512,94.371353,1588.922241,-4361.458496,70.593506,1497.059692,-4290.850586,79.984207,1631.736816,-4337.588379,92.907364,1465.339966,-4339.114746,93.914719,1588.700684,-4361.690430,70.493507,1497.090576,-4291.274414,80.322006,1631.671875,-4337.309082,2616.268066,1567.734741,-3159.795410,,,,,,,,,,,,,,,,,,,,,,,,,,,,,,,,,
2747,27.470000,0.000000,0.000000,0.000000,1.000000,0.000000,0.000000,0.000000,57.698101,20.499701,-14.700500,0.047771,-0.013570,0.015998,-15.666301,-52.738201,18.801300,-93.396698,0.129960,17.611099,-0.205458,-0.490157,-0.652195,0.540532,83.179695,1545.588135,-4333.631836,91.457092,1464.971802,-4340.830566,93.177856,1588.828979,-4362.700684,69.306839,1496.922119,-4292.181641,78.776909,1631.629883,-4338.814941,91.655205,1465.177856,-4340.416504,92.708008,1588.561401,-4362.960938,69.217178,1497.005005,-4292.698242,79.109940,1631.601318,-4338.483887,2616.284668,1567.772705,-3159.810791,,,,,,,,,,,,,,,,,,,,,,,,,,,,,,,,,
2748,27.480000,0.000000,0.000000,0.000000,1.000000,0.000000,0.000000,0.000000,57.698101,20.499701,-14.700500,0.047771,-0.013570,0.015998,-15.666301,-52.738201,18.801300,-93.396698,0.129960,17.611099,-0.204702,-0.490780,-0.652056,0.540422,82.052933,1545.521851,-4334.772949,90.423431,1464.912476,-4341.943359,92.057442,1588.767456,-4363.832520,68.157990,1496.849365,-4293.337891,77.572769,1631.558350,-4339.978516,90.610237,1465.078125,-4341.500977,91.559486,1588.489380,-4364.023438,68.093544,1496.995483,-4293.990234,77.911087,1631.531128,-4339.668457,2616.268799,1567.745483,-3159.814209,,,,,,,,,,,,,,,,,,,,,,,,,,,,,,,,,
2749,27.490000,0.000000,0.000000,0.000000,1.000000,0.000000,0.000000,0.000000,57.698101,20.499701,-14.700500,0.047771,-0.013570,0.015998,-15.666301,-52.738201,18.801300,-93.396698,0.129960,17.611099,-0.205424,-0.491131,-0.650675,0.541492,80.870346,1545.435547,-4336.019531,89.412674,1464.830566,-4343.034180,90.711090,1588.641357,-4365.193359,67.178711,1496.820435,-4294.449219,76.178818,1631.449951,-4341.400391,89.560394,1464.966797,-4342.640137,90.317711,1588.412231,-4365.390625,67.132858,1496.995972,-4295.044922,76.448975,1631.385864,-4341.090820,2616.277588,1567.726685,-3159.798828,,,,,,,,,,,,,,,,,,,,,,,,,,,,,,,,,
2750,27.500000,0.000000,0.000000,0.000000,1.000000,0.000000,0.000000,0.000000,57.698101,20.499701,-14.700500,0.047771,-0.013570,0.015998,-15.666301,-52.738201,18.801300,-93.396698,0.129960,17.611099,-0.206262,-0.490299,-0.650491,0.542148,79.713684,1545.335815,-4337.210449,88.227890,1464.731689,-4344.270020,89.480133,1588.548340,-4366.399902,66.129372,1496.711304,-4295.616211,75.017258,1631.352173,-4342.556641,88.277618,1464.803223,-4344.003418,89.307297,1588.381104,-4366.543457,66.146500,1496.894775,-4296.038086,75.124908,1631.287476,-4342.311035,2616.289795,1567.726929,-3159.789062,,,,,,,,,,,,,,,,,,,,,,,,,,,,,,,,,
2751,27.510000,0.000000,0.000000,0.000000,1.000000,0.000000,0.000000,0.000000,57.698101,20.499701,-14.700500,0.047771,-0.013570,0.015998,-15.666301,-52.738201,18.801300,-93.396698,0.129960,17.611099,-0.203851,-0.491246,-0.652170,0.540182,78.537895,1545.212524,-4338.453125,86.969673,1464.610474,-4345.633789,88.571892,1588.473511,-4367.479492,64.593224,1496.518311,-4297.060059,74.016708,1631.248047,-4343.639160,86.919373,1464.617432,-4345.385742,88.500504,1588.401245,-4367.465820,64.712151,1496.635864,-4297.477051,74.041306,1631.224243,-4343.554199,2616.292725,1567.721069,-3159.781006,,,,,,,,,,,,,,,,,,,,,,,,,,,,,,,,,
2752,27.520000,0.000000,0.000000,0.000000,1.000000,0.000000,0.000000,0.000000,57.698101,20.499701,-14.700500,0.047771,-0.013570,0.015998,-15.666301,-52.738201,18.801300,-93.396698,0.129960,17.611099,-0.202784,-0.492010,-0.652589,0.539381,77.457405,1545.086914,-4339.658691,85.900826,1464.485352,-4346.832031,87.589485,1588.353516,-4368.642090,63.374653,1496.384644,-4298.321777,72.964561,1631.124268,-4344.838379,85.695290,1464.458374,-4346.625488,87.710228,1588.391357,-4368.538574,63.613274,1496.468994,-4298.665527,72.835953,1631.042603,-4344.846680,2616.287598,1567.736084,-3159.777588,,,,,,,,,,,,,,,,,,,,,,,,,,,,,,,,,
2753,27.530000,0.000000,0.000000,0.000000,1.000000,0.000000,0.000000,0.000000,57.698101,20.499701,-14.700500,0.047771,-0.013570,0.015998,-15.666301,-52.738201,18.801300,-93.396698,0.129960,17.611099,-0.202049,-0.491638,-0.653809,0.538518,76.322243,1544.892578,-4341.020020,84.628677,1464.290894,-4348.349121,86.590370,1588.201660,-4369.892090,62.069748,1496.128906,-4299.813965,72.000076,1630.948975,-4346.024902,84.401558,1464.191406,-4348.160645,86.730194,1588.285767,-4369.712402,62.336468,1496.231445,-4300.156738,71.855370,1630.875366,-4346.084473,2616.261719,1567.759155,-3159.776611,,,,,,,,,,,,,,,,,,,,,,,,,,,,,,,,,
2754,27.540000,0.000000,0.000000,0.000000,1.000000,0.000000,0.000000,0.000000,57.698101,20.499701,-14.700500,0.047771,-0.013570,0.015998,-15.666301,-52.738201,18.801300,-93.396698,0.129960,17.611099,-0.203131,-0.488968,-0.655127,0.538941,75.200356,1544.864624,-4342.365234,83.232986,1464.266724,-4350.034180,85.478630,1588.252075,-4371.115723,60.972725,1495.987915,-4301.284668,71.116982,1630.952148,-4347.026367,82.989807,1463.876343,-4349.768066,85.570190,1588.994263,-4370.835938,61.187973,1495.997559,-4301.554199,71.048180,1630.716431,-4347.208984,2616.270996,1567.740723,-3159.764648,,,,,,,,,,,,,,,,,,,,,,,,,,,,,,,,,
2755,27.550000,0.000000,0.000000,0.000000,1.000000,0.000000,0.000000,0.000000,57.698101,20.499701,-14.700500,0.047771,-0.013570,0.015998,-15.666301,-52.738201,18.801300,-93.396698,0.129960,17.611099,-0.201048,-0.489553,-0.657143,0.536732,74.113953,1544.593140,-4343.696289,81.970573,1463.992798,-4351.520020,84.695145,1588.024658,-4372.269531,59.490013,1495.651978,-4302.831543,70.299965,1630.703247,-4348.162598,81.798653,1463.678101,-4351.100098,84.634575,1588.471802,-4372.167969,59.686588,1495.621826,-4303.275391,70.322052,1630.606689,-4348.209473,2616.260742,1567.695190,-3159.755859,,,,,,,,,,,,,,,,,,,,,,,,,,,,,,,,,
2756,27.560000,0.000000,0.000000,0.000000,1.000000,0.000000,0.000000,0.000000,57.698101,20.499701,-14.700500,0.047771,-0.013570,0.015998,-15.666301,-52.738201,18.801300,-93.396698,0.129960,17.611099,-0.203068,-0.488313,-0.656864,0.537442,73.152214,1544.303955,-4344.923340,80.871071,1463.689819,-4352.742676,83.650291,1587.707153,-4373.570312,58.663544,1495.402466,-4303.963867,69.423874,1630.416382,-4349.416992,80.735107,1463.485352,-4352.403320,83.645958,1587.882080,-4373.569824,58.840885,1495.477417,-4304.391113,69.401047,1630.356934,-4349.361816,2616.281494,1567.725342,-3159.747803,,,,,,,,,,,,,,,,,,,,,,,,,,,,,,,,,
2757,27.570000,0.000000,0.000000,0.000000,1.000000,0.000000,0.000000,0.000000,57.698101,20.499701,-14.700500,0.047771,-0.013570,0.015998,-15.666301,-52.738201,18.801300,-93.396698,0.129960,17.611099,-0.203981,-0.488333,-0.656947,0.536975,71.916557,1543.966309,-4346.399902,79.502213,1463.331421,-4354.134277,82.463669,1587.320923,-4375.102539,57.378624,1495.133545,-4305.375488,68.321655,1630.079468,-4350.986816,79.285660,1463.154907,-4353.910156,82.573143,1587.399414,-4374.952148,57.636036,1495.226807,-4305.748047,68.197868,1630.080078,-4351.024414,2616.292725,1567.741821,-3159.748047,,,,,,,,,,,,,,,,,,,,,,,,,,,,,,,,,
2758,27.580000,0.000000,0.000000,0.000000,1.000000,0.000000,0.000000,0.000000,57.698101,20.499701,-14.700500,0.047771,-0.013570,0.015998,-15.666301,-52.738201,18.801300,-93.396698,0.129960,17.611099,-0.203910,-0.488786,-0.657211,0.536268,70.799232,1543.725708,-4347.830566,78.318176,1463.079468,-4355.510254,81.427467,1587.054443,-4376.542480,56.157921,1494.929565,-4306.799805,67.293266,1629.839722,-4352.469727,78.144684,1462.947510,-4355.228516,81.460739,1587.134399,-4376.446289,56.377174,1494.963013,-4307.207520,67.237312,1629.843872,-4352.482422,2616.270020,1567.730957,-3159.740479,,,,,,,,,,,,,,,,,,,,,,,,,,,,,,,,,
2759,27.590000,0.000000,0.000000,0.000000,1.000000,0.000000,0.000000,0.000000,57.698101,20.499701,-14.700500,0.047771,-0.013570,0.015998,-15.666301,-52.738201,18.801300,-93.396698,0.129960,17.611099,-0.203072,-0.489258,-0.657851,0.535369,69.601768,1543.487305,-4349.223633,77.072845,1462.838623,-4356.925781,80.345871,1586.822266,-4377.882812,54.806095,1494.681763,-4308.259277,66.182159,1629.606812,-4353.826172,76.945831,1462.718994,-4356.637207,80.317932,1586.947021,-4377.805664,54.978725,1494.692749,-4308.648438,66.179596,1629.579956,-4353.835938,2616.244141,1567.746460,-3159.762939,,,,,,,,,,,,,,,,,,,,,,,,,,,,,,,,,
2760,27.600000,0.000000,0.000000,0.000000,1.000000,0.000000,0.000000,0.000000,57.698101,20.499701,-14.700500,0.047771,-0.013570,0.015998,-15.666301,-52.738201,18.801300,-93.396698,0.129960,17.611099,-0.203812,-0.487092,-0.658715,0.536002,68.397591,1543.471558,-4350.583008,75.703949,1462.835205,-4358.566895,79.113411,1586.878784,-4379.143066,53.664711,1494.561646,-4309.720703,65.108192,1629.610840,-4354.901367,75.598885,1462.486084,-4358.181152,78.935410,1587.639038,-4379.009277,53.784096,1494.494019,-4310.065430,65.215202,1629.414307,-4355.003906,2616.226562,1567.720703,-3159.776611,,,,,,,,,,,,,,,,,,,,,,,,,,,,,,,,,
2761,27.610000,0.000000,0.000000,0.000000,1.000000,0.000000,0.000000,0.000000,57.698101,20.499701,-14.700500,0.047771,-0.013570,0.015998,-15.666301,-52.738201,18.801300,-93.396698,0.129960,17.611099,-0.202504,-0.487415,-0.660370,0.534163,67.162643,1543.182007,-4351.992188,74.280365,1462.540283,-4360.091309,78.128876,1586.611450,-4380.423340,52.108223,1494.238770,-4311.287109,64.132988,1629.337891,-4356.166504,74.251564,1462.290161,-4359.608887,77.885147,1586.999878,-4380.458984,52.191463,1494.162720,-4311.760254,64.289879,1629.272095,-4356.130859,2616.314941,1567.729126,-3159.751221,,,,,,,,,,,,,,,,,,,,,,,,,,,,,,,,,
2762,27.620000,0.000000,0.000000,0.000000,1.000000,0.000000,0.000000,0.000000,57.698101,20.499701,-14.700500,0.047771,-0.013570,0.015998,-15.666301,-52.738201,18.801300,-93.396698,0.129960,17.611099,-0.203764,-0.487180,-0.660214,0.534092,66.047821,1542.895508,-4353.221191,73.049355,1462.235229,-4361.236328,77.013977,1586.276611,-4381.726074,51.010052,1494.020630,-4312.428711,63.117802,1629.050049,-4357.494629,73.066299,1462.145386,-4360.730957,76.770897,1586.333740,-4381.852539,51.080051,1493.998657,-4313.017090,63.284985,1629.087036,-4357.325684,2616.322266,1567.740845,-3159.738525,,,,,,,,,,,,,,,,,,,,,,,,,,,,,,,,,
2763,27.630000,0.000000,0.000000,0.000000,1.000000,0.000000,0.000000,0.000000,57.698101,20.499701,-14.700500,0.047771,-0.013570,0.015998,-15.666301,-52.738201,18.801300,-93.396698,0.129960,17.611099,-0.205049,-0.487155,-0.659709,0.534246,64.927818,1542.622192,-4354.438477,71.870789,1461.944214,-4362.324707,75.857208,1585.947021,-4383.042969,49.949532,1493.827393,-4313.527344,62.033653,1628.770630,-4358.857910,71.869980,1461.907593,-4361.846680,75.659286,1585.858765,-4383.164551,50.045963,1493.837769,-4314.143066,62.158558,1628.883301,-4358.656738,2616.287842,1567.750977,-3159.759766,,,,,,,,,,,,,,,,,,,,,,,,,,,,,,,,,
2764,27.640000,0.000000,0.000000,0.000000,1.000000,0.000000,0.000000,0.000000,57.698101,20.499701,-14.700500,0.047771,-0.013570,0.015998,-15.666301,-52.738201,18.801300,-93.396698,0.129960,17.611099,-0.205411,-0.487726,-0.659285,0.534110,63.700661,1542.457275,-4355.783691,70.657043,1461.767700,-4363.539062,74.625816,1585.737671,-4384.456543,48.726360,1493.725952,-4314.795410,60.793346,1628.597900,-4360.341797,70.582901,1461.698853,-4363.198730,74.548721,1585.712891,-4384.458008,48.871769,1493.761475,-4315.273926,60.823696,1628.652954,-4360.260742,2616.281250,1567.750366,-3159.773193,,,,,,,,,,,,,,,,,,,,,,,,,,,,,,,,,
2765,27.650000,0.000000,0.000000,0.000000,1.000000,0.000000,0.000000,0.000000,57.698101,20.499701,-14.700500,0.047771,-0.013570,0.015998,-15.666301,-52.738201,18.801300,-93.396698,0.129960,17.611099,-0.206549,-0.487422,-0.658537,0.534870,62.663681,1542.396729,-4356.919434,69.643585,1461.701782,-4364.595703,73.481834,1585.648071,-4385.676758,47.834869,1493.707520,-4315.828613,59.694347,1628.530151,-4361.575684,69.629021,1461.692261,-4364.271973,73.310722,1585.636841,-4385.659668,47.925858,1493.731689,-4316.285156,59.799976,1628.530151,-4361.513184,2616.285156,1567.705811,-3159.764648,,,,,,,,,,,,,,,,,,,,,,,,,,,,,,,,,
2766,27.660000,0.000000,0.000000,0.000000,1.000000,0.000000,0.000000,0.000000,57.698101,20.499701,-14.700500,0.047771,-0.013570,0.015998,-15.666301,-52.738201,18.801300,-93.396698,0.129960,17.611099,-0.207442,-0.486857,-0.658429,0.535173,61.534718,1542.319580,-4358.110352,68.450752,1461.618896,-4365.786133,72.317322,1585.558838,-4386.899414,46.764431,1493.646973,-4316.979004,58.606281,1628.453735,-4362.776855,68.611107,1461.651489,-4365.369629,71.884102,1585.485474,-4387.089355,46.705330,1493.664307,-4317.471680,58.919254,1628.476074,-4362.539551,2616.305664,1567.720093,-3159.749512,,,,,,,,,,,,,,,,,,,,,,,,,,,,,,,,,
2767,27.670000,0.000000,0.000000,0.000000,1.000000,0.000000,0.000000,0.000000,57.698101,20.499701,-14.700500,0.047771,-0.013570,0.015998,-15.666301,-52.738201,18.801300,-93.396698,0.129960,17.611099,-0.206771,-0.487997,-0.657650,0.535352,60.413799,1542.280151,-4359.248535,67.519173,1461.583740,-4366.794434,71.147842,1585.500854,-4388.083984,45.684147,1493.635620,-4318.069336,57.303951,1628.400757,-4364.046387,67.752113,1461.675781,-4366.361328,70.601349,1585.350098,-4388.361328,45.568172,1493.699219,-4318.585938,57.698975,1628.389160,-4363.718750,2616.313477,1567.726318,-3159.771973,,,,,,,,,,,,,,,,,,,,,,,,,,,,,,,,,
2768,27.680000,0.000000,0.000000,0.000000,1.000000,0.000000,0.000000,0.000000,57.698101,20.499701,-14.700500,0.047771,-0.013570,0.015998,-15.666301,-52.738201,18.801300,-93.396698,0.129960,17.611099,-0.203510,-0.491184,-0.657400,0.533992,59.110744,1542.155273,-4360.468262,66.523087,1461.469238,-4367.828125,69.973221,1585.364746,-4389.271973,44.158760,1493.528442,-4319.348145,55.787811,1628.258911,-4365.424805,66.734009,1461.671143,-4367.312988,69.422783,1585.156128,-4389.517090,44.077927,1493.526978,-4319.943848,56.180347,1628.265869,-4365.123047,2616.309326,1567.752563,-3159.787598,,,,,,,,,,,,,,,,,,,,,,,,,,,,,,,,,
2769,27.690000,0.000000,0.000000,0.000000,1.000000,0.000000,0.000000,0.000000,57.698101,20.499701,-14.700500,0.047771,-0.013570,0.015998,-15.666301,-52.738201,18.801300,-93.396698,0.129960,17.611099,-0.204233,-0.490533,-0.657397,0.534318,57.868443,1542.089233,-4361.574707,65.222412,1461.400757,-4368.966309,68.697739,1585.298950,-4390.390625,42.970928,1493.461670,-4320.436035,54.582603,1628.195801,-4366.505859,65.386650,1461.552612,-4368.546387,68.228210,1584.994629,-4390.577148,42.927483,1493.524902,-4321.002441,54.889130,1628.266602,-4366.227051,2616.280273,1567.708252,-3159.781738,,,,,,,,,,,,,,,,,,,,,,,,,,,,,,,,,
2770,27.700000,0.000000,0.000000,0.000000,1.000000,0.000000,0.000000,0.000000,57.698101,20.499701,-14.700500,0.047771,-0.013570,0.015998,-15.666301,-52.738201,18.801300,-93.396698,0.129960,17.611099,-0.205636,-0.489982,-0.656751,0.535079,56.657497,1542.045288,-4362.620605,63.993359,1461.349365,-4369.948730,67.383545,1585.224243,-4391.521484,41.906193,1493.461670,-4321.377930,53.346806,1628.145996,-4367.635254,64.117599,1461.494385,-4369.566406,67.006424,1584.934082,-4391.685059,41.891693,1493.577515,-4321.938965,53.586693,1628.171753,-4367.364746,2616.313965,1567.757935,-3159.785400,,,,,,,,,,,,,,,,,,,,,,,,,,,,,,,,,
2771,27.710000,0.000000,0.000000,0.000000,1.000000,0.000000,0.000000,0.000000,57.698101,20.499701,-14.700500,0.047771,-0.013570,0.015998,-15.666301,-52.738201,18.801300,-93.396698,0.129960,17.611099,-0.207551,-0.488217,-0.656777,0.535921,55.289616,1541.966553,-4363.715820,62.463959,1461.264404,-4371.133301,65.930618,1585.147827,-4392.644043,40.679550,1493.378906,-4322.426758,52.084240,1628.075439,-4368.658203,62.640800,1461.397461,-4370.728516,65.478844,1584.786987,-4392.944336,40.614922,1493.540405,-4323.010254,52.368240,1628.116943,-4368.270020,2616.309814,1567.737549,-3159.782227,,,,,,,,,,,,,,,,,,,,,,,,,,,,,,,,,
2772,27.720000,0.000000,0.000000,0.000000,1.000000,0.000000,0.000000,0.000000,57.698101,20.499701,-14.700500,0.047771,-0.013570,0.015998,-15.666301,-52.738201,18.801300,-93.396698,0.129960,17.611099,-0.207038,-0.488291,-0.657337,0.535365,53.905190,1541.859009,-4364.813965,61.026447,1461.156860,-4372.282715,64.624870,1585.053955,-4393.692871,39.193253,1493.251343,-4323.584473,50.776100,1627.974243,-4369.694824,61.085823,1461.216309,-4372.010742,64.387314,1584.844360,-4393.745117,39.228580,1493.430298,-4324.066406,50.913239,1627.968506,-4369.515137,2616.304932,1567.720581,-3159.782959,,,,,,,,,,,,,,,,,,,,,,,,,,,,,,,,,
2773,27.730000,0.000000,0.000000,0.000000,1.000000,0.000000,0.000000,0.000000,57.698101,20.499701,-14.700500,0.047771,-0.013570,0.015998,-15.666301,-52.738201,18.801300,-93.396698,0.129960,17.611099,-0.205257,-0.489337,-0.658269,0.533948,52.694107,1541.799561,-4365.781250,59.798931,1461.098755,-4373.281738,63.594341,1585.011597,-4394.566895,37.733368,1493.166870,-4324.671387,49.649715,1627.921143,-4370.604980,59.689354,1461.022949,-4373.066406,63.601658,1584.995605,-4394.512207,37.914001,1493.339233,-4325.074707,49.603836,1627.875977,-4370.550781,2616.283447,1567.715698,-3159.788330,,,,,,,,,,,,,,,,,,,,,,,,,,,,,,,,,
2774,27.740000,0.000000,0.000000,0.000000,1.000000,0.000000,0.000000,0.000000,57.698101,20.499701,-14.700500,0.047771,-0.013570,0.015998,-15.666301,-52.738201,18.801300,-93.396698,0.129960,17.611099,-0.201939,-0.492062,-0.658917,0.531906,51.443531,1541.721436,-4366.793945,58.699123,1461.026001,-4374.206055,62.575386,1584.937378,-4395.485352,36.139084,1493.084106,-4325.816406,48.360447,1627.838745,-4371.668457,58.465099,1460.913452,-4374.003418,62.705143,1585.082642,-4395.289551,36.411686,1493.174072,-4326.166992,48.227547,1627.731812,-4371.745117,2616.295410,1567.780762,-3159.796875,,,,,,,,,,,,,,,,,,,,,,,,,,,,,,,,,
2775,27.750000,0.000000,0.000000,0.000000,1.000000,0.000000,0.000000,0.000000,57.698101,20.499701,-14.700500,0.047771,-0.013570,0.015998,-15.666301,-52.738201,18.801300,-93.396698,0.129960,17.611099,-0.200380,-0.492050,-0.660822,0.530141,50.157589,1541.617310,-4367.797852,57.219444,1460.922852,-4375.406250,61.541630,1584.882446,-4396.314941,34.529819,1492.907593,-4327.028809,47.339363,1627.756348,-4372.441406,56.868290,1460.667114,-4375.213379,61.812057,1585.142944,-4396.002441,34.873230,1492.958618,-4327.340820,47.104103,1627.707642,-4372.609863,2616.265625,1567.718506,-3159.802490,,,,,,,,,,,,,,,,,,,,,,,,,,,,,,,,,
2776,27.760000,0.000000,0.000000,0.000000,1.000000,0.000000,0.000000,0.000000,57.698101,20.499701,-14.700500,0.047771,-0.013570,0.015998,-15.666301,-52.738201,18.801300,-93.396698,0.129960,17.611099,-0.200309,-0.491283,-0.662068,0.529323,48.852474,1541.503784,-4368.786133,55.705826,1460.806396,-4376.551270,60.367432,1584.795410,-4397.210938,33.072224,1492.754639,-4328.123047,46.264328,1627.659058,-4373.260254,55.489868,1460.586792,-4376.323730,60.459827,1584.983887,-4397.049316,33.301132,1492.767578,-4328.431152,46.170376,1627.659424,-4373.335938,2616.281494,1567.729980,-3159.792480,,,,,,,,,,,,,,,,,,,,,,,,,,,,,,,,,
2777,27.770000,0.000000,0.000000,0.000000,1.000000,0.000000,0.000000,0.000000,57.698101,20.499701,-14.700500,0.047771,-0.013570,0.015998,-15.666301,-52.738201,18.801300,-93.396698,0.129960,17.611099,-0.201029,-0.489864,-0.663347,0.528764,47.544731,1541.384766,-4369.820801,54.115265,1460.681519,-4377.768066,59.166027,1584.698364,-4398.167969,31.656790,1492.601807,-4329.240234,45.240772,1627.557739,-4374.105469,53.989235,1460.481567,-4377.506348,59.156036,1584.828125,-4398.105469,31.807661,1492.568970,-4329.549316,45.228374,1627.620972,-4374.122559,2616.302734,1567.746948,-3159.779785,,,,,,,,,,,,,,,,,,,,,,,,,,,,,,,,,
2778,27.780000,0.000000,0.000000,0.000000,1.000000,0.000000,0.000000,0.000000,57.698101,20.499701,-14.700500,0.047771,-0.013570,0.015998,-15.666301,-52.738201,18.801300,-93.396698,0.129960,17.611099,-0.200543,-0.489850,-0.663707,0.528510,46.234325,1541.264282,-4370.875488,52.793049,1460.565674,-4378.879395,57.895313,1584.597290,-4399.177246,30.292805,1492.453369,-4330.349609,43.956028,1627.441162,-4375.095215,52.656357,1460.433228,-4378.573730,57.881714,1584.746094,-4399.141113,30.462282,1492.441284,-4330.723145,43.947727,1627.418457,-4375.086426,2616.261230,1567.712402,-3159.774414,,,,,,,,,,,,,,,,,,,,,,,,,,,,,,,,,
2779,27.790000,0.000000,0.000000,0.000000,1.000000,0.000000,0.000000,0.000000,57.698101,20.499701,-14.700500,0.047771,-0.013570,0.015998,-15.666301,-52.738201,18.801300,-93.396698,0.129960,17.611099,-0.202561,-0.488307,-0.663605,0.529295,45.015121,1541.198486,-4371.854492,51.415932,1460.491577,-4379.901855,56.593807,1584.518188,-4400.209961,29.210642,1492.405273,-4331.253418,42.840038,1627.379028,-4376.051270,51.272823,1460.311768,-4379.638672,56.600750,1584.661987,-4400.135742,29.392363,1492.459106,-4331.614258,42.809795,1627.350220,-4376.054688,2616.270264,1567.711426,-3159.772949,,,,,,,,,,,,,,,,,,,,,,,,,,,,,,,,,
2780,27.800000,0.000000,0.000000,0.000000,1.000000,0.000000,0.000000,0.000000,57.698101,20.499701,-14.700500,0.047771,-0.013570,0.015998,-15.666301,-52.738201,18.801300,-93.396698,0.129960,17.611099,-0.203186,-0.488497,-0.662620,0.530114,43.854126,1541.153564,-4372.783203,50.369293,1460.444580,-4380.718262,55.311733,1584.447876,-4401.227051,28.201838,1492.398071,-4332.078613,41.533566,1627.323975,-4377.109375,50.351074,1460.381714,-4380.325195,55.142086,1584.478516,-4401.284668,28.300678,1492.445068,-4332.597656,41.640293,1627.310425,-4376.983398,2616.301514,1567.747803,-3159.760742,,,,,,,,,,,,,,,,,,,,,,,,,,,,,,,,,
2781,27.810000,0.000000,0.000000,0.000000,1.000000,0.000000,0.000000,0.000000,57.698101,20.499701,-14.700500,0.047771,-0.013570,0.015998,-15.666301,-52.738201,18.801300,-93.396698,0.129960,17.611099,-0.201981,-0.489792,-0.662232,0.529865,42.719883,1541.104248,-4373.737793,49.403225,1460.399780,-4381.578613,54.187126,1584.392822,-4402.186523,27.030245,1492.358032,-4333.036133,40.258846,1627.266357,-4378.150391,49.431183,1460.432495,-4381.181152,53.947338,1584.359497,-4402.267090,27.089294,1492.387573,-4333.557617,40.420940,1627.246094,-4378.000977,2616.244873,1567.727417,-3159.770020,,,,,,,,,,,,,,,,,,,,,,,,,,,,,,,,,
2782,27.820000,0.000000,0.000000,0.000000,1.000000,0.000000,0.000000,0.000000,57.698101,20.499701,-14.700500,0.047771,-0.013570,0.015998,-15.666301,-52.738201,18.801300,-93.396698,0.129960,17.611099,-0.201761,-0.490377,-0.661808,0.529937,41.781078,1541.142212,-4374.553223,48.549927,1460.437256,-4382.313965,53.224285,1584.415771,-4403.034180,26.112720,1492.418335,-4333.816895,39.237297,1627.297729,-4379.047363,48.714222,1460.562378,-4381.884277,52.748127,1584.230713,-4403.193848,26.068443,1492.457764,-4334.368164,39.565044,1627.314575,-4378.807617,2616.296631,1567.771606,-3159.761230,,,,,,,,,,,,,,,,,,,,,,,,,,,,,,,,,
2783,27.830000,0.000000,0.000000,0.000000,1.000000,0.000000,0.000000,0.000000,57.698101,20.499701,-14.700500,0.047771,-0.013570,0.015998,-15.666301,-52.738201,18.801300,-93.396698,0.129960,17.611099,-0.201269,-0.491594,-0.661418,0.529484,40.650764,1541.108643,-4375.530762,47.500370,1460.396240,-4383.143066,52.123398,1584.343994,-4404.057617,24.929937,1492.439697,-4334.748535,38.049255,1627.254639,-4380.173340,47.723869,1460.599976,-4382.659180,51.550240,1584.114624,-4404.310547,24.838972,1492.433594,-4335.296875,38.454655,1627.277832,-4379.871582,2616.285645,1567.748901,-3159.760742,,,,,,,,,,,,,,,,,,,,,,,,,,,,,,,,,
2784,27.840000,0.000000,0.000000,0.000000,1.000000,0.000000,0.000000,0.000000,57.698101,20.499701,-14.700500,0.047771,-0.013570,0.015998,-15.666301,-52.738201,18.801300,-93.396698,0.129960,17.611099,-0.201594,-0.492005,-0.661077,0.529403,39.548779,1541.086792,-4376.451660,46.406063,1460.365601,-4383.962402,51.015553,1584.287476,-4405.033203,23.835014,1492.467651,-4335.607422,36.938393,1627.226562,-4381.202148,46.619778,1460.585815,-4383.472656,50.455238,1584.008301,-4405.286133,23.757936,1492.506958,-4336.199707,37.323643,1627.236084,-4380.876953,2616.284912,1567.748779,-3159.742676,,,,,,,,,,,,,,,,,,,,,,,,,,,,,,,,,
2785,27.850000,0.000000,0.000000,0.000000,1.000000,0.000000,0.000000,0.000000,57.698101,20.499701,-14.700500,0.047771,-0.013570,0.015998,-15.666301,-52.738201,18.801300,-93.396698,0.129960,17.611099,-0.203367,-0.491837,-0.660103,0.530097,38.463566,1541.037720,-4377.318848,45.305134,1460.300171,-4384.666504,49.821430,1584.173096,-4406.042480,22.903599,1492.511841,-4336.305176,35.824020,1627.165771,-4382.261230,45.418598,1460.534180,-4384.255859,49.465256,1583.876221,-4406.225586,22.902807,1492.634521,-4336.882324,36.050858,1627.119873,-4381.973145,2616.294189,1567.753296,-3159.747559,,,,,,,,,,,,,,,,,,,,,,,,,,,,,,,,,
2786,27.860000,0.000000,0.000000,0.000000,1.000000,0.000000,0.000000,0.000000,57.698101,20.499701,-14.700500,0.047771,-0.013570,0.015998,-15.666301,-52.738201,18.801300,-93.396698,0.129960,17.611099,-0.202728,-0.492984,-0.660601,0.528654,37.318508,1540.939087,-4378.258789,44.078876,1460.185669,-4385.506348,48.839825,1584.032471,-4406.980469,21.542654,1492.472534,-4337.257324,34.812588,1627.066040,-4383.290527,44.148781,1460.389160,-4385.156250,48.556335,1583.750244,-4407.088379,21.578760,1492.607544,-4337.796387,34.980522,1627.029297,-4383.064941,2616.289307,1567.722290,-3159.754150,,,,,,,,,,,,,,,,,,,,,,,,,,,,,,,,,
2787,27.870000,0.000000,0.000000,0.000000,1.000000,0.000000,0.000000,0.000000,57.698101,20.499701,-14.700500,0.047771,-0.013570,0.015998,-15.666301,-52.738201,18.801300,-93.396698,0.129960,17.611099,-0.203916,-0.492693,-0.660904,0.528089,36.102310,1540.798462,-4379.238281,42.663689,1460.023560,-4386.428711,47.690651,1583.841431,-4408.008301,20.261522,1492.402100,-4338.179199,33.793285,1626.926880,-4384.336426,42.671318,1460.107300,-4386.169434,47.524704,1583.602417,-4408.036133,20.352604,1492.576416,-4338.659180,33.867428,1626.931763,-4384.176270,2616.291992,1567.758911,-3159.756836,,,,,,,,,,,,,,,,,,,,,,,,,,,,,,,,,
2788,27.880000,0.000000,0.000000,0.000000,1.000000,0.000000,0.000000,0.000000,57.698101,20.499701,-14.700500,0.047771,-0.013570,0.015998,-15.666301,-52.738201,18.801300,-93.396698,0.129960,17.611099,-0.204206,-0.493176,-0.661081,0.527304,34.965477,1540.681885,-4380.140137,41.427826,1459.890625,-4387.236816,46.638260,1583.678223,-4408.945801,19.021284,1492.351074,-4339.043945,32.774448,1626.807739,-4385.334473,41.466118,1459.928467,-4386.914062,46.419823,1583.473145,-4409.039062,19.082808,1492.480713,-4339.554688,32.895309,1626.860596,-4385.131348,2616.264648,1567.750244,-3159.773438,,,,,,,,,,,,,,,,,,,,,,,,,,,,,,,,,
2789,27.890000,0.000000,0.000000,0.000000,1.000000,0.000000,0.000000,0.000000,57.698101,20.499701,-14.700500,0.047771,-0.013570,0.015998,-15.666301,-52.738201,18.801300,-93.396698,0.129960,17.611099,-0.202250,-0.494365,-0.662501,0.525158,33.825718,1540.529053,-4380.995117,40.179489,1459.732666,-4388.131836,45.768948,1583.531860,-4409.679688,17.520596,1492.187622,-4340.053711,31.833746,1626.664185,-4386.116211,40.205463,1459.628906,-4387.796387,45.548531,1583.463257,-4409.707520,17.594376,1492.265625,-4340.541016,31.967136,1626.760376,-4385.990234,2616.285645,1567.747803,-3159.764893,,,,,,,,,,,,,,,,,,,,,,,,,,,,,,,,,
2790,27.900000,0.000000,0.000000,0.000000,1.000000,0.000000,0.000000,0.000000,57.698101,20.499701,-14.700500,0.047771,-0.013570,0.015998,-15.666301,-52.738201,18.801300,-93.396698,0.129960,17.611099,-0.200262,-0.496492,-0.663076,0.523184,32.752342,1540.376465,-4381.822266,39.124058,1459.570801,-4388.835938,44.914730,1583.347046,-4410.463379,16.139601,1492.080811,-4340.950195,30.830898,1626.507446,-4387.039062,39.019348,1459.357544,-4388.561035,44.867344,1583.438965,-4410.399902,16.301378,1492.147095,-4341.332031,30.834843,1626.535278,-4387.023926,2616.328857,1567.759888,-3159.763428,,,,,,,,,,,,,,,,,,,,,,,,,,,,,,,,,
2791,27.910000,0.000000,0.000000,0.000000,1.000000,0.000000,0.000000,0.000000,57.698101,20.499701,-14.700500,0.047771,-0.013570,0.015998,-15.666301,-52.738201,18.801300,-93.396698,0.129960,17.611099,-0.196093,-0.499461,-0.664673,0.519901,31.658051,1540.226807,-4382.696777,38.061428,1459.421631,-4389.686523,44.208130,1583.208740,-4411.152832,14.500983,1491.914551,-4342.069824,29.861563,1626.362671,-4387.876953,37.898071,1459.214478,-4389.370117,44.215981,1583.357178,-4411.119629,14.698273,1491.928955,-4342.458008,29.830980,1626.371948,-4387.858887,2616.322754,1567.722290,-3159.752441,,,,,,,,,,,,,,,,,,,,,,,,,,,,,,,,,
2792,27.920000,0.000000,0.000000,0.000000,1.000000,0.000000,0.000000,0.000000,57.698101,20.499701,-14.700500,0.047771,-0.013570,0.015998,-15.666301,-52.738201,18.801300,-93.396698,0.129960,17.611099,-0.193617,-0.500745,-0.665858,0.518073,30.591022,1540.215698,-4383.510254,36.987522,1459.415527,-4390.563477,43.366974,1583.226807,-4411.821289,13.120360,1491.861328,-4343.067871,28.889145,1626.359619,-4388.587891,36.776611,1459.080811,-4390.111328,43.291859,1583.923828,-4411.715820,13.316958,1491.704590,-4343.459961,28.939091,1626.246460,-4388.680176,2616.303467,1567.780273,-3159.772705,,,,,,,,,,,,,,,,,,,,,,,,,,,,,,,,,
2793,27.930000,0.000000,0.000000,0.000000,1.000000,0.000000,0.000000,0.000000,57.698101,20.499701,-14.700500,0.047771,-0.013570,0.015998,-15.666301,-52.738201,18.801300,-93.396698,0.129960,17.611099,-0.195693,-0.499697,-0.665776,0.518411,29.458838,1539.929565,-4384.463867,35.668037,1459.112061,-4391.486816,42.198910,1582.895630,-4412.859375,12.064932,1491.637695,-4343.913574,27.903391,1626.072876,-4389.595703,35.490223,1458.787109,-4391.039062,42.188007,1583.207764,-4412.918457,12.241467,1491.569458,-4344.317383,27.900661,1626.089966,-4389.547852,2616.273682,1567.741943,-3159.794678,,,,,,,,,,,,,,,,,,,,,,,,,,,,,,,,,
2794,27.940000,0.000000,0.000000,0.000000,1.000000,0.000000,0.000000,0.000000,57.698101,20.499701,-14.700500,0.047771,-0.013570,0.015998,-15.666301,-52.738201,18.801300,-93.396698,0.129960,17.611099,-0.195519,-0.501160,-0.664999,0.518061,28.461674,1539.636841,-4385.372070,34.771069,1458.807617,-4392.166992,41.206196,1582.540649,-4413.859863,11.047242,1491.434937,-4344.723633,26.822096,1625.764526,-4390.737305,34.504066,1458.665894,-4391.780273,41.304943,1582.655640,-4413.850098,11.325026,1491.355103,-4345.164062,26.720055,1625.819702,-4390.711914,2616.313721,1567.691162,-3159.778320,,,,,,,,,,,,,,,,,,,,,,,,,,,,,,,,,
2795,27.950000,0.000000,0.000000,0.000000,1.000000,0.000000,0.000000,0.000000,57.698101,20.499701,-14.700500,0.047771,-0.013570,0.015998,-15.666301,-52.738201,18.801300,-93.396698,0.129960,17.611099,-0.197491,-0.501073,-0.663686,0.519080,27.532038,1539.395752,-4386.191406,33.869888,1458.552002,-4392.783203,40.124958,1582.227173,-4414.854980,10.324687,1491.297729,-4345.332520,25.808535,1625.506592,-4391.794922,33.805622,1458.600464,-4392.364258,40.022911,1582.151855,-4414.982910,10.448179,1491.227051,-4345.814941,25.866568,1625.599609,-4391.626953,2616.315674,1567.738159,-3159.764893,,,,,,,,,,,,,,,,,,,,,,,,,,,,,,,,,
2796,27.960000,0.000000,0.000000,0.000000,1.000000,0.000000,0.000000,0.000000,57.698101,20.499701,-14.700500,0.047771,-0.013570,0.015998,-15.666301,-52.738201,18.801300,-93.396698,0.129960,17.611099,-0.197745,-0.501484,-0.663306,0.519072,26.693851,1539.225830,-4386.943848,33.055050,1458.376099,-4393.439453,39.272736,1582.026611,-4415.659668,9.502698,1491.171509,-4346.026367,24.944830,1625.329346,-4392.649902,33.172318,1458.521484,-4392.916992,38.867260,1581.864136,-4415.942383,9.489082,1491.090088,-4346.587891,25.230774,1625.422363,-4392.351562,2616.321533,1567.713867,-3159.777588,,,,,,,,,,,,,,,,,,,,,,,,,,,,,,,,,
2797,27.970000,0.000000,0.000000,0.000000,1.000000,0.000000,0.000000,0.000000,57.698101,20.499701,-14.700500,0.047771,-0.013570,0.015998,-15.666301,-52.738201,18.801300,-93.396698,0.129960,17.611099,-0.199556,-0.500313,-0.662044,0.521116,25.790455,1538.861938,-4387.789551,32.252647,1458.018311,-4394.261719,38.117283,1581.661987,-4416.615723,8.935874,1490.810059,-4346.729980,23.855942,1624.957886,-4393.551758,32.267277,1458.312134,-4393.650879,37.795883,1581.631714,-4416.752930,8.992106,1490.477539,-4347.319336,24.107725,1625.019287,-4393.434082,2616.274414,1567.711426,-3159.776611,,,,,,,,,,,,,,,,,,,,,,,,,,,,,,,,,
2798,27.980000,0.000000,0.000000,0.000000,1.000000,0.000000,0.000000,0.000000,57.698101,20.499701,-14.700500,0.047771,-0.013570,0.015998,-15.666301,-52.738201,18.801300,-93.396698,0.129960,17.611099,-0.196500,-0.503358,-0.662772,0.518412,24.638950,1538.614258,-4388.750488,31.161011,1457.762451,-4395.059082,37.262768,1581.378906,-4417.500000,7.362236,1490.612549,-4347.807617,22.769701,1624.703247,-4394.635254,31.186733,1457.952515,-4394.570312,36.919350,1581.382324,-4417.535645,7.430598,1490.475464,-4348.373535,23.020008,1624.652344,-4394.551758,2616.304443,1567.732544,-3159.795410,,,,,,,,,,,,,,,,,,,,,,,,,,,,,,,,,
2799,27.990000,0.000000,0.000000,0.000000,1.000000,0.000000,0.000000,0.000000,57.698101,20.499701,-14.700500,0.047771,-0.013570,0.015998,-15.666301,-52.738201,18.801300,-93.396698,0.129960,17.611099,-0.198801,-0.501989,-0.662722,0.518926,23.653084,1538.409546,-4389.518555,29.972023,1457.541626,-4395.825684,36.223419,1581.135376,-4418.349121,6.479872,1490.461548,-4348.469238,21.936930,1624.499878,-4395.430664,30.011833,1457.653076,-4395.466309,35.915749,1581.075439,-4418.356934,6.547442,1490.521851,-4349.002441,22.139875,1624.405396,-4395.316895,2616.290527,1567.734863,-3159.791016,,,,,,,,,,,,,,,,,,,,,,,,,,,,,,,,,
2800,28.000000,0.000000,0.000000,0.000000,1.000000,0.000000,0.000000,0.000000,57.698101,20.499701,-14.700500,0.047771,-0.013570,0.015998,-15.666301,-52.738201,18.801300,-93.396698,0.129960,17.611099,-0.199938,-0.501287,-0.663035,0.518769,22.726471,1538.188232,-4390.295410,28.875051,1457.308105,-4396.615234,35.323940,1580.889526,-4419.150391,5.539810,1490.273682,-4349.212891,21.167011,1624.281738,-4396.204102,28.868984,1457.369629,-4396.266113,35.111012,1580.861328,-4419.166504,5.648483,1490.372314,-4349.756836,21.300482,1624.177490,-4396.083984,2616.302979,1567.743164,-3159.788086,,,,,,,,,,,,,,,,,,,,,,,,,,,,,,,,,
2801,28.010000,0.000000,0.000000,0.000000,1.000000,0.000000,0.000000,0.000000,57.698101,20.499701,-14.700500,0.047771,-0.013570,0.015998,-15.666301,-52.738201,18.801300,-93.396698,0.129960,17.611099,-0.201321,-0.499994,-0.663260,0.519194,21.699373,1537.910889,-4391.165527,27.698383,1457.025513,-4397.561035,34.262619,1580.611938,-4420.035645,4.581712,1489.995728,-4350.055176,20.254690,1624.010742,-4397.010742,27.759785,1457.082642,-4397.238770,33.979244,1580.514648,-4420.103027,4.627326,1490.148682,-4350.575684,20.434629,1623.925659,-4396.830566,2616.297363,1567.736938,-3159.778564,,,,,,,,,,,,,,,,,,,,,,,,,,,,,,,,,
2802,28.020000,0.000000,0.000000,0.000000,1.000000,0.000000,0.000000,0.000000,57.698101,20.499701,-14.700500,0.047771,-0.013570,0.015998,-15.666301,-52.738201,18.801300,-93.396698,0.129960,17.611099,-0.201230,-0.499727,-0.664286,0.518173,20.732460,1537.658203,-4392.039551,26.542622,1456.765137,-4398.513672,33.436604,1580.359253,-4420.848145,3.445560,1489.741089,-4351.002441,19.504978,1623.767578,-4397.794922,26.590248,1456.789185,-4398.215820,33.172321,1580.297485,-4420.873535,3.504106,1489.901123,-4351.501465,19.670496,1623.675781,-4397.652344,2616.293945,1567.709229,-3159.776367,,,,,,,,,,,,,,,,,,,,,,,,,,,,,,,,,
2803,28.030000,0.000000,0.000000,0.000000,1.000000,0.000000,0.000000,0.000000,57.698101,20.499701,-14.700500,0.047771,-0.013570,0.015998,-15.666301,-52.738201,18.801300,-93.396698,0.129960,17.611099,-0.201636,-0.499785,-0.664410,0.517801,19.750191,1537.431274,-4392.941895,25.478638,1456.529175,-4399.373535,32.495602,1580.104370,-4421.773926,2.417484,1489.553101,-4351.877930,18.608959,1623.538696,-4398.742188,25.619476,1456.607178,-4398.989746,32.072815,1579.968750,-4421.927246,2.396327,1489.683960,-4352.434570,18.892725,1623.477051,-4398.487793,2616.304688,1567.723755,-3159.778076,,,,,,,,,,,,,,,,,,,,,,,,,,,,,,,,,
2804,28.040000,0.000000,0.000000,0.000000,1.000000,0.000000,0.000000,0.000000,57.698101,20.499701,-14.700500,0.047771,-0.013570,0.015998,-15.666301,-52.738201,18.801300,-93.396698,0.129960,17.611099,-0.202880,-0.498762,-0.665246,0.517227,18.704481,1537.191895,-4393.876465,24.155519,1456.275757,-4400.373047,31.538103,1579.842285,-4422.702637,1.288507,1489.343140,-4352.813477,17.835711,1623.306519,-4399.616699,24.261993,1456.277466,-4400.074707,31.216347,1579.737549,-4422.820312,1.284825,1489.507324,-4353.272461,18.044327,1623.262817,-4399.398438,2616.307617,1567.778076,-3159.768555,,,,,,,,,,,,,,,,,,,,,,,,,,,,,,,,,
2805,28.050000,0.000000,0.000000,0.000000,1.000000,0.000000,0.000000,0.000000,57.698101,20.499701,-14.700500,0.047771,-0.013570,0.015998,-15.666301,-52.738201,18.801300,-93.396698,0.129960,17.611099,-0.203050,-0.498724,-0.665891,0.516367,17.685707,1537.019409,-4394.791016,22.980753,1456.093506,-4401.296387,30.629065,1579.649048,-4423.598633,0.139192,1489.198486,-4353.750977,16.993746,1623.136597,-4400.517578,23.154894,1456.083984,-4400.965820,30.202383,1579.474609,-4423.813477,0.082201,1489.391113,-4354.240234,17.272465,1623.135498,-4400.204590,2616.292480,1567.718018,-3159.772217,,,,,,,,,,,,,,,,,,,,,,,,,,,,,,,,,
2806,28.060000,0.000000,0.000000,0.000000,1.000000,0.000000,0.000000,0.000000,57.698101,20.499701,-14.700500,0.047771,-0.013570,0.015998,-15.666301,-52.738201,18.801300,-93.396698,0.129960,17.611099,-0.204872,-0.497579,-0.666406,0.516088,16.703527,1536.860474,-4395.740723,21.720476,1455.918579,-4402.265625,29.692595,1579.450073,-4424.586914,-0.867009,1489.093750,-4354.647949,16.267963,1622.979736,-4401.460938,21.894436,1455.837891,-4401.931152,29.291906,1579.311279,-4424.839355,-0.932550,1489.234863,-4355.084473,16.542418,1623.060913,-4401.136230,2616.272461,1567.732300,-3159.764160,,,,,,,,,,,,,,,,,,,,,,,,,,,,,,,,,
2807,28.070000,0.000000,0.000000,0.000000,1.000000,0.000000,0.000000,0.000000,57.698101,20.499701,-14.700500,0.047771,-0.013570,0.015998,-15.666301,-52.738201,18.801300,-93.396698,0.129960,17.611099,-0.204711,-0.497775,-0.667185,0.514954,15.798714,1536.785278,-4396.554688,20.659920,1455.834473,-4403.087891,28.929855,1579.353882,-4425.367188,-1.947455,1489.046387,-4355.504883,15.552454,1622.906494,-4402.257324,20.837557,1455.728149,-4402.708984,28.487385,1579.218506,-4425.590332,-2.002585,1489.164795,-4355.996582,15.856704,1623.032959,-4401.950684,2616.266846,1567.734375,-3159.762939,,,,,,,,,,,,,,,,,,,,,,,,,,,,,,,,,
2808,28.080000,0.000000,0.000000,0.000000,1.000000,0.000000,0.000000,0.000000,57.698101,20.499701,-14.700500,0.047771,-0.013570,0.015998,-15.666301,-52.738201,18.801300,-93.396698,0.129960,17.611099,-0.202589,-0.499954,-0.667484,0.513291,14.909049,1536.722168,-4397.333008,19.853191,1455.766602,-4403.743164,28.217201,1579.265381,-4426.102539,-3.095431,1489.020142,-4356.353516,14.661150,1622.836914,-4403.132812,19.966709,1455.717407,-4403.387207,27.862198,1579.182373,-4426.237793,-3.103970,1489.079468,-4356.813965,14.902495,1622.910156,-4402.926270,2616.287354,1567.735718,-3159.752686,,,,,,,,,,,,,,,,,,,,,,,,,,,,,,,,,
2809,28.090000,0.000000,0.000000,0.000000,1.000000,0.000000,0.000000,0.000000,57.698101,20.499701,-14.700500,0.047771,-0.013570,0.015998,-15.666301,-52.738201,18.801300,-93.396698,0.129960,17.611099,-0.200327,-0.501963,-0.668348,0.511091,13.946999,1536.635986,-4398.160645,18.879215,1455.674316,-4404.501953,27.506258,1579.158081,-4426.843750,-4.405513,1488.963379,-4357.301270,13.807960,1622.748657,-4403.995117,18.973038,1455.594360,-4404.129395,27.175772,1579.098877,-4426.975098,-4.398541,1488.991455,-4357.759766,14.035404,1622.856445,-4403.801270,2616.297363,1567.761353,-3159.760010,,,,,,,,,,,,,,,,,,,,,,,,,,,,,,,,,
2810,28.100000,0.000000,0.000000,0.000000,1.000000,0.000000,0.000000,0.000000,57.698101,20.499701,-14.700500,0.047771,-0.013570,0.015998,-15.666301,-52.738201,18.801300,-93.396698,0.129960,17.611099,-0.195008,-0.507025,-0.668518,0.507918,13.050894,1536.594604,-4399.000000,18.318644,1455.632935,-4405.065430,26.929419,1579.087646,-4427.573730,-5.794400,1488.966064,-4358.313965,12.749823,1622.692261,-4405.047363,18.392729,1455.643188,-4404.597656,26.562122,1579.062256,-4427.705566,-5.765552,1488.887939,-4358.850098,13.012177,1622.775146,-4404.876465,2616.310547,1567.750610,-3159.750000,,,,,,,,,,,,,,,,,,,,,,,,,,,,,,,,,
2811,28.110000,0.000000,0.000000,0.000000,1.000000,0.000000,0.000000,0.000000,57.698101,20.499701,-14.700500,0.047771,-0.013570,0.015998,-15.666301,-52.738201,18.801300,-93.396698,0.129960,17.611099,-0.191657,-0.510347,-0.668561,0.505806,12.130814,1536.573730,-4399.855957,17.605988,1455.610962,-4405.720215,26.217634,1579.040405,-4428.366699,-7.034490,1488.984497,-4359.273926,11.734036,1622.659546,-4406.062988,17.590050,1455.584961,-4405.308594,25.985485,1579.082031,-4428.418457,-6.936563,1488.915161,-4359.760742,11.892591,1622.696899,-4405.968750,2616.261719,1567.699585,-3159.757812,,,,,,,,,,,,,,,,,,,,,,,,,,,,,,,,,
2812,28.120000,0.000000,0.000000,0.000000,1.000000,0.000000,0.000000,0.000000,57.698101,20.499701,-14.700500,0.047771,-0.013570,0.015998,-15.666301,-52.738201,18.801300,-93.396698,0.129960,17.611099,-0.190213,-0.511399,-0.668872,0.504876,11.167757,1536.577271,-4400.703613,16.692709,1455.616211,-4406.546387,25.356695,1579.048828,-4429.155762,-8.147042,1488.980957,-4360.199707,10.768570,1622.662964,-4406.911133,16.664692,1455.555542,-4406.084961,25.132154,1579.056519,-4429.237305,-8.025639,1488.924683,-4360.750488,10.916996,1622.750732,-4406.777344,2616.274170,1567.773926,-3159.764404,,,,,,,,,,,,,,,,,,,,,,,,,,,,,,,,,
2813,28.130000,0.000000,0.000000,0.000000,1.000000,0.000000,0.000000,0.000000,57.698101,20.499701,-14.700500,0.047771,-0.013570,0.015998,-15.666301,-52.738201,18.801300,-93.396698,0.129960,17.611099,-0.192275,-0.510073,-0.668580,0.505823,10.301579,1536.594604,-4401.546875,15.711017,1455.626465,-4407.398926,24.387707,1579.044312,-4430.083496,-8.853345,1489.028809,-4360.932129,9.960846,1622.679199,-4407.773926,15.641989,1455.568726,-4407.005859,24.215580,1579.025879,-4430.070312,-8.689231,1488.985107,-4361.456055,10.061198,1622.778198,-4407.710449,2616.263184,1567.730469,-3159.765869,,,,,,,,,,,,,,,,,,,,,,,,,,,,,,,,,
2814,28.140000,0.000000,0.000000,0.000000,1.000000,0.000000,0.000000,0.000000,57.698101,20.499701,-14.700500,0.047771,-0.013570,0.015998,-15.666301,-52.738201,18.801300,-93.396698,0.129960,17.611099,-0.194031,-0.509283,-0.667836,0.506929,9.302414,1536.566895,-4402.446777,14.696359,1455.593384,-4408.237305,23.252331,1578.988281,-4431.091797,-9.660435,1489.041382,-4361.694824,8.921317,1622.644775,-4408.762695,14.582984,1455.571899,-4407.859863,23.161991,1578.968628,-4431.089844,-9.465712,1489.014648,-4362.202148,8.959753,1622.700928,-4408.692383,2616.301025,1567.745972,-3159.753418,,,,,,,,,,,,,,,,,,,,,,,,,,,,,,,,,
2815,28.150000,0.000000,0.000000,0.000000,1.000000,0.000000,0.000000,0.000000,57.698101,20.499701,-14.700500,0.047771,-0.013570,0.015998,-15.666301,-52.738201,18.801300,-93.396698,0.129960,17.611099,-0.195693,-0.508143,-0.667301,0.508139,8.338984,1536.537476,-4403.380371,13.706948,1455.562744,-4409.177734,22.149767,1578.952393,-4432.102051,-10.426261,1489.021240,-4362.526367,7.925380,1622.613892,-4409.714844,13.646315,1455.589844,-4408.831055,22.030636,1578.886963,-4432.147461,-10.287791,1489.016357,-4362.988770,7.986974,1622.659790,-4409.601074,2616.282227,1567.731689,-3159.763916,,,,,,,,,,,,,,,,,,,,,,,,,,,,,,,,,
2816,28.160000,0.000000,0.000000,0.000000,1.000000,0.000000,0.000000,0.000000,57.698101,20.499701,-14.700500,0.047771,-0.013570,0.015998,-15.666301,-52.738201,18.801300,-93.396698,0.129960,17.611099,-0.197957,-0.505767,-0.666538,0.510627,7.436403,1536.392334,-4404.286133,12.826008,1455.428467,-4410.214355,20.972799,1578.849854,-4433.075195,-10.949615,1488.816284,-4363.329590,6.896318,1622.474976,-4410.524414,12.639580,1455.521362,-4409.794922,20.966915,1578.848755,-4433.104492,-10.739506,1488.571045,-4363.777832,6.891957,1622.584351,-4410.485352,2616.294922,1567.723633,-3159.754150,,,,,,,,,,,,,,,,,,,,,,,,,,,,,,,,,
2817,28.170000,0.000000,0.000000,0.000000,1.000000,0.000000,0.000000,0.000000,57.698101,20.499701,-14.700500,0.047771,-0.013570,0.015998,-15.666301,-52.738201,18.801300,-93.396698,0.129960,17.611099,-0.196090,-0.508370,-0.666162,0.509252,6.280080,1536.387573,-4405.283203,11.825830,1455.417236,-4410.975098,19.938089,1578.793457,-4434.091309,-12.297715,1488.886108,-4364.326172,5.654030,1622.453613,-4411.739258,11.739691,1455.453003,-4410.638672,19.884197,1578.778931,-4434.177734,-12.157956,1488.892822,-4364.745605,5.672361,1622.433350,-4411.603027,2616.284668,1567.720703,-3159.762207,,,,,,,,,,,,,,,,,,,,,,,,,,,,,,,,,
2818,28.180000,0.000000,0.000000,0.000000,1.000000,0.000000,0.000000,0.000000,57.698101,20.499701,-14.700500,0.047771,-0.013570,0.015998,-15.666301,-52.738201,18.801300,-93.396698,0.129960,17.611099,-0.195688,-0.508074,-0.665768,0.510216,5.091092,1536.786499,-4406.263184,10.791933,1455.831909,-4412.023438,18.639223,1579.241821,-4435.050293,-13.355790,1489.216553,-4365.326660,4.288910,1622.856201,-4412.651855,10.646008,1455.381470,-4411.630859,18.608521,1579.476807,-4435.079590,-13.221406,1489.045044,-4365.628418,4.310922,1623.134766,-4412.652344,2616.297363,1567.734253,-3159.765625,,,,,,,,,,,,,,,,,,,,,,,,,,,,,,,,,
2819,28.190000,0.000000,0.000000,0.000000,1.000000,0.000000,0.000000,0.000000,57.698101,20.499701,-14.700500,0.047771,-0.013570,0.015998,-15.666301,-52.738201,18.801300,-93.396698,0.129960,17.611099,-0.197912,-0.507645,-0.665166,0.510570,4.036904,1536.476318,-4407.283691,9.606232,1455.501831,-4412.891113,17.526743,1578.850830,-4436.217285,-14.309938,1489.020142,-4366.170898,3.324502,1622.532959,-4413.855957,9.455968,1455.344482,-4412.687500,17.565340,1578.863403,-4436.150391,-14.119323,1489.066040,-4366.474121,3.255788,1622.616211,-4413.848633,2616.282959,1567.759766,-3159.782227,,,,,,,,,,,,,,,,,,,,,,,,,,,,,,,,,
2820,28.200000,0.000000,0.000000,0.000000,1.000000,0.000000,0.000000,0.000000,57.698101,20.499701,-14.700500,0.047771,-0.013570,0.015998,-15.666301,-52.738201,18.801300,-93.396698,0.129960,17.611099,-0.199141,-0.506952,-0.665648,0.510153,3.096792,1536.225830,-4408.191895,8.448411,1455.237183,-4413.807617,16.645393,1578.565186,-4437.148438,-15.300788,1488.817139,-4367.046387,2.594068,1622.283936,-4414.764160,8.312847,1455.246826,-4413.637695,16.686361,1578.495728,-4437.075684,-15.088688,1488.970337,-4367.397949,2.512381,1622.225952,-4414.719727,2616.286133,1567.737183,-3159.795166,,,,,,,,,,,,,,,,,,,,,,,,,,,,,,,,,
2821,28.210000,0.000000,0.000000,0.000000,1.000000,0.000000,0.000000,0.000000,57.698101,20.499701,-14.700500,0.047771,-0.013570,0.015998,-15.666301,-52.738201,18.801300,-93.396698,0.129960,17.611099,-0.200389,-0.505960,-0.665799,0.510451,2.207242,1536.089600,-4409.027832,7.427685,1455.095215,-4414.685059,15.731368,1578.419067,-4438.011230,-16.137499,1488.693848,-4367.844727,1.807329,1622.150391,-4415.571777,7.349074,1455.164185,-4414.513672,15.706690,1578.346313,-4437.973145,-15.976398,1488.892700,-4368.204590,1.778443,1621.997681,-4415.484863,2616.318848,1567.729492,-3159.780762,,,,,,,,,,,,,,,,,,,,,,,,,,,,,,,,,
2822,28.220000,0.000000,0.000000,0.000000,1.000000,0.000000,0.000000,0.000000,57.698101,20.499701,-14.700500,0.047771,-0.013570,0.015998,-15.666301,-52.738201,18.801300,-93.396698,0.129960,17.611099,-0.201138,-0.505379,-0.665733,0.510819,1.209455,1535.990967,-4409.859863,6.383414,1454.994751,-4415.534668,14.694321,1578.317261,-4438.865723,-17.073954,1488.599365,-4368.643555,0.833950,1622.052490,-4416.394043,6.351083,1455.055420,-4415.361816,14.607121,1578.260376,-4438.836426,-16.955509,1488.814209,-4369.003418,0.860968,1621.869385,-4416.294922,2616.297607,1567.727173,-3159.784912,,,,,,,,,,,,,,,,,,,,,,,,,,,,,,,,,
2823,28.230000,0.000000,0.000000,0.000000,1.000000,0.000000,0.000000,0.000000,57.698101,20.499701,-14.700500,0.047771,-0.013570,0.015998,-15.666301,-52.738201,18.801300,-93.396698,0.129960,17.611099,-0.199337,-0.505849,-0.666669,0.509838,0.168056,1535.904297,-4410.714844,5.345968,1454.916992,-4416.510254,13.786455,1578.278198,-4439.588379,-18.301945,1488.444824,-4369.660156,-0.158339,1621.977295,-4417.099121,5.306592,1454.954590,-4416.291504,13.680218,1578.236328,-4439.561523,-18.163963,1488.650757,-4370.086914,-0.117419,1621.819946,-4416.998535,2616.259521,1567.731445,-3159.804932,,,,,,,,,,,,,,,,,,,,,,,,,,,,,,,,,
2824,28.240000,0.000000,0.000000,0.000000,1.000000,0.000000,0.000000,0.000000,57.698101,20.499701,-14.700500,0.047771,-0.013570,0.015998,-15.666301,-52.738201,18.801300,-93.396698,0.129960,17.611099,-0.197695,-0.506999,-0.666943,0.508976,-1.026219,1535.758179,-4411.657715,4.232639,1454.774902,-4417.437012,12.688251,1578.143677,-4440.469238,-19.641632,1488.282837,-4370.687988,-1.384215,1621.831543,-4418.037598,4.216704,1454.838989,-4417.099609,12.474289,1578.091187,-4440.460938,-19.499056,1488.428955,-4371.273926,-1.262951,1621.716919,-4417.917969,2616.292969,1567.734131,-3159.793457,,,,,,,,,,,,,,,,,,,,,,,,,,,,,,,,,
2825,28.250000,0.000000,0.000000,0.000000,1.000000,0.000000,0.000000,0.000000,57.698101,20.499701,-14.700500,0.047771,-0.013570,0.015998,-15.666301,-52.738201,18.801300,-93.396698,0.129960,17.611099,-0.197967,-0.506325,-0.667058,0.509390,-2.062107,1535.662231,-4412.473145,3.179846,1454.683594,-4418.333008,11.615915,1578.072144,-4441.265625,-20.624331,1488.151733,-4371.519531,-2.419943,1621.741333,-4418.774414,3.224694,1454.718994,-4417.978027,11.330953,1577.965210,-4441.335938,-20.544575,1488.300537,-4372.096680,-2.249606,1621.694336,-4418.586426,2616.274658,1567.728760,-3159.790771,,,,,,,,,,,,,,,,,,,,,,,,,,,,,,,,,
2826,28.260000,0.000000,0.000000,0.000000,1.000000,0.000000,0.000000,0.000000,57.698101,20.499701,-14.700500,0.047771,-0.013570,0.015998,-15.666301,-52.738201,18.801300,-93.396698,0.129960,17.611099,-0.199810,-0.504268,-0.667337,0.510345,-3.232047,1535.512451,-4413.411133,1.840852,1454.534180,-4419.422363,10.361857,1577.943481,-4442.212402,-21.652903,1487.970825,-4372.430176,-3.478065,1621.601562,-4419.579590,1.908648,1454.489868,-4419.120605,10.076847,1577.784424,-4442.288574,-21.591721,1488.202759,-4372.972656,-3.321008,1621.610718,-4419.365723,2616.272217,1567.730713,-3159.794189,,,,,,,,,,,,,,,,,,,,,,,,,,,,,,,,,
2827,28.270000,0.000000,0.000000,0.000000,1.000000,0.000000,0.000000,0.000000,57.698101,20.499701,-14.700500,0.047771,-0.013570,0.015998,-15.666301,-52.738201,18.801300,-93.396698,0.129960,17.611099,-0.199468,-0.504067,-0.667702,0.510198,-4.255109,1535.438354,-4414.197754,0.796493,1454.464233,-4420.281250,9.367388,1577.891846,-4442.952637,-22.712755,1487.864380,-4373.270996,-4.471638,1621.533203,-4420.286621,0.917614,1454.442261,-4419.929199,8.982015,1577.692627,-4443.095703,-22.700169,1488.056885,-4373.841309,-4.239100,1621.579956,-4420.018066,2616.291992,1567.739746,-3159.795166,,,,,,,,,,,,,,,,,,,,,,,,,,,,,,,,,
2828,28.280000,0.000000,0.000000,0.000000,1.000000,0.000000,0.000000,0.000000,57.698101,20.499701,-14.700500,0.047771,-0.013570,0.015998,-15.666301,-52.738201,18.801300,-93.396698,0.129960,17.611099,-0.198491,-0.503776,-0.668609,0.509679,-5.201804,1535.380493,-4414.880371,-0.199223,1454.415405,-4421.124023,8.506847,1577.883789,-4443.520020,-23.772476,1487.734741,-4374.088379,-5.342445,1621.488037,-4420.788574,-0.090513,1454.358032,-4420.784668,8.147635,1577.720825,-4443.639648,-23.755667,1487.883789,-4374.606445,-5.120016,1621.571045,-4420.556641,2616.249268,1567.739990,-3159.800049,,,,,,,,,,,,,,,,,,,,,,,,,,,,,,,,,
2829,28.290000,0.000000,0.000000,0.000000,1.000000,0.000000,0.000000,0.000000,57.698101,20.499701,-14.700500,0.047771,-0.013570,0.015998,-15.666301,-52.738201,18.801300,-93.396698,0.129960,17.611099,-0.196253,-0.504741,-0.669480,0.508447,-6.174832,1535.295654,-4415.558105,-1.129068,1454.339722,-4421.885254,7.688448,1577.839722,-4444.062988,-24.967123,1487.592041,-4374.935547,-6.291687,1621.411255,-4421.349121,-1.085249,1454.268311,-4421.600586,7.453747,1577.789429,-4444.119141,-24.921337,1487.662231,-4375.332520,-6.143546,1621.465820,-4421.216309,2616.269531,1567.733154,-3159.803711,,,,,,,,,,,,,,,,,,,,,,,,,,,,,,,,,
2830,28.300000,0.000000,0.000000,0.000000,1.000000,0.000000,0.000000,0.000000,57.698101,20.499701,-14.700500,0.047771,-0.013570,0.015998,-15.666301,-52.738201,18.801300,-93.396698,0.129960,17.611099,-0.191245,-0.507869,-0.670237,0.506238,-7.048156,1535.243896,-4416.133789,-1.716878,1454.306396,-4422.461426,7.058870,1577.846558,-4444.430664,-26.220993,1487.459229,-4375.785156,-7.313698,1621.363647,-4421.857910,-1.779753,1454.249390,-4422.182129,6.939065,1577.910034,-4444.403809,-26.090857,1487.481812,-4376.167969,-7.247836,1621.333252,-4421.821289,2616.280762,1567.761719,-3159.787842,,,,,,,,,,,,,,,,,,,,,,,,,,,,,,,,,
2831,28.310000,0.000000,0.000000,0.000000,1.000000,0.000000,0.000000,0.000000,57.698101,20.499701,-14.700500,0.047771,-0.013570,0.015998,-15.666301,-52.738201,18.801300,-93.396698,0.129960,17.611099,-0.185892,-0.511531,-0.670834,0.503748,-7.784525,1535.229126,-4416.615723,-2.133014,1454.308472,-4422.881836,6.583681,1577.877686,-4444.711914,-27.367441,1487.381714,-4376.539551,-8.221427,1621.348755,-4422.330566,-2.303099,1454.224121,-4422.617676,6.573905,1578.048340,-4444.617188,-27.169481,1487.321655,-4376.863281,-8.229045,1621.312012,-4422.374512,2616.292725,1567.756836,-3159.766602,,,,,,,,,,,,,,,,,,,,,,,,,,,,,,,,,
2832,28.320000,0.000000,0.000000,0.000000,1.000000,0.000000,0.000000,0.000000,57.698101,20.499701,-14.700500,0.047771,-0.013570,0.015998,-15.666301,-52.738201,18.801300,-93.396698,0.129960,17.611099,-0.186400,-0.510694,-0.670616,0.504698,-8.531078,1535.188721,-4417.064941,-2.842158,1454.276611,-4423.405762,5.736373,1577.867554,-4445.166016,-27.978878,1487.298706,-4376.974121,-9.039752,1621.312256,-4422.714844,-2.907918,1454.148071,-4423.115234,5.639534,1577.907715,-4445.183105,-27.849636,1487.327026,-4377.347168,-8.992035,1621.356934,-4422.642090,2616.288086,1567.693848,-3159.754395,,,,,,,,,,,,,,,,,,,,,,,,,,,,,,,,,
2833,28.330000,0.000000,0.000000,0.000000,1.000000,0.000000,0.000000,0.000000,57.698101,20.499701,-14.700500,0.047771,-0.013570,0.015998,-15.666301,-52.738201,18.801300,-93.396698,0.129960,17.611099,-0.187009,-0.510315,-0.669692,0.506082,-9.457138,1535.050293,-4417.626953,-3.622950,1454.146362,-4423.940918,4.640619,1577.742798,-4445.792480,-28.689190,1487.142578,-4377.452637,-10.157128,1621.169556,-4423.320801,-3.840518,1453.996338,-4423.805176,4.771283,1577.855957,-4445.628906,-28.423763,1487.304565,-4377.734375,-10.305018,1621.063110,-4423.367188,2616.298584,1567.727539,-3159.748291,,,,,,,,,,,,,,,,,,,,,,,,,,,,,,,,,
2834,28.340000,0.000000,0.000000,0.000000,1.000000,0.000000,0.000000,0.000000,57.698101,20.499701,-14.700500,0.047771,-0.013570,0.015998,-15.666301,-52.738201,18.801300,-93.396698,0.129960,17.611099,-0.187225,-0.509632,-0.669217,0.507317,-10.296715,1534.978760,-4418.109375,-4.343741,1454.088867,-4424.492676,3.662116,1577.713623,-4446.280273,-29.352129,1487.012207,-4377.921387,-11.153193,1621.100586,-4423.743164,-4.558013,1453.953491,-4424.336426,3.774325,1577.817383,-4446.123535,-29.073694,1487.198975,-4378.247070,-11.291760,1620.971802,-4423.775879,2616.291016,1567.748169,-3159.746826,,,,,,,,,,,,,,,,,,,,,,,,,,,,,,,,,
2835,28.350000,0.000000,0.000000,0.000000,1.000000,0.000000,0.000000,0.000000,57.698101,20.499701,-14.700500,0.047771,-0.013570,0.015998,-15.666301,-52.738201,18.801300,-93.396698,0.129960,17.611099,-0.188467,-0.507878,-0.669233,0.508594,-11.223149,1534.888184,-4418.630371,-5.319354,1454.007324,-4425.169922,2.612005,1577.664429,-4446.799805,-30.099102,1486.862305,-4378.428223,-12.086232,1621.019043,-4424.124023,-5.470228,1453.891113,-4424.983887,2.634744,1577.723022,-4446.691895,-29.873796,1487.021606,-4378.780762,-12.148676,1620.941162,-4424.123047,2616.296387,1567.765991,-3159.764404,,,,,,,,,,,,,,,,,,,,,,,,,,,,,,,,,
2836,28.360000,0.000000,0.000000,0.000000,1.000000,0.000000,0.000000,0.000000,57.698101,20.499701,-14.700500,0.047771,-0.013570,0.015998,-15.666301,-52.738201,18.801300,-93.396698,0.129960,17.611099,-0.186657,-0.508876,-0.668949,0.508637,-12.098371,1534.823486,-4419.131348,-5.965983,1453.959595,-4425.669434,1.719670,1577.641724,-4447.245117,-30.983271,1486.739990,-4379.002441,-13.163982,1620.953247,-4424.607910,-6.042976,1453.984253,-4425.372559,1.609629,1577.645996,-4447.226074,-30.818554,1486.815674,-4379.457520,-13.111045,1620.869995,-4424.540039,2616.261719,1567.708618,-3159.762695,,,,,,,,,,,,,,,,,,,,,,,,,,,,,,,,,
2837,28.370000,0.000000,0.000000,0.000000,1.000000,0.000000,0.000000,0.000000,57.698101,20.499701,-14.700500,0.047771,-0.013570,0.015998,-15.666301,-52.738201,18.801300,-93.396698,0.129960,17.611099,-0.187356,-0.507878,-0.668827,0.509538,-13.017049,1534.728882,-4419.656738,-6.884014,1453.871826,-4426.280273,0.708604,1577.573853,-4447.774902,-31.773262,1486.607178,-4379.513184,-14.119623,1620.862793,-4425.058594,-6.898250,1453.904541,-4425.968750,0.528915,1577.510986,-4447.815918,-31.661413,1486.706055,-4379.985840,-14.018476,1620.817261,-4424.925293,2616.291992,1567.763306,-3159.751221,,,,,,,,,,,,,,,,,,,,,,,,,,,,,,,,,
2838,28.380000,0.000000,0.000000,0.000000,1.000000,0.000000,0.000000,0.000000,57.698101,20.499701,-14.700500,0.047771,-0.013570,0.015998,-15.666301,-52.738201,18.801300,-93.396698,0.129960,17.611099,-0.189693,-0.505375,-0.669140,0.510749,-13.917583,1534.636230,-4420.150879,-7.992556,1453.778809,-4426.956055,-0.296799,1577.502686,-4448.287109,-32.497814,1486.482300,-4379.964355,-14.883252,1620.781494,-4425.395508,-7.897884,1453.798584,-4426.635742,-0.622561,1577.324707,-4448.434082,-32.480877,1486.614258,-4380.437988,-14.684134,1620.813232,-4425.156250,2616.274414,1567.734131,-3159.760254,,,,,,,,,,,,,,,,,,,,,,,,,,,,,,,,,
2839,28.390000,0.000000,0.000000,0.000000,1.000000,0.000000,0.000000,0.000000,57.698101,20.499701,-14.700500,0.047771,-0.013570,0.015998,-15.666301,-52.738201,18.801300,-93.396698,0.129960,17.611099,-0.189147,-0.504932,-0.669972,0.510298,-14.872743,1534.479370,-4420.681152,-9.027110,1453.628174,-4427.626953,-1.176568,1577.382324,-4448.724609,-33.546665,1486.272217,-4380.602051,-15.740725,1620.635010,-4425.770020,-9.055561,1453.601318,-4427.430664,-1.288085,1577.262695,-4448.697754,-33.412483,1486.485229,-4381.007324,-15.710155,1620.612061,-4425.668945,2616.282227,1567.728516,-3159.744629,,,,,,,,,,,,,,,,,,,,,,,,,,,,,,,,,
2840,28.400000,0.000000,0.000000,0.000000,1.000000,0.000000,0.000000,0.000000,57.698101,20.499701,-14.700500,0.047771,-0.013570,0.015998,-15.666301,-52.738201,18.801300,-93.396698,0.129960,17.611099,-0.188547,-0.504640,-0.670624,0.509953,-15.875031,1534.322388,-4421.256348,-10.072783,1453.478271,-4428.320312,-2.120834,1577.259521,-4449.219727,-34.623592,1486.065796,-4381.271973,-16.682993,1620.486206,-4426.214355,-10.032936,1453.540771,-4428.062500,-2.363722,1577.068115,-4449.254883,-34.551922,1486.222046,-4381.721191,-16.554260,1620.476318,-4426.059570,2616.300537,1567.735107,-3159.752441,,,,,,,,,,,,,,,,,,,,,,,,,,,,,,,,,
2841,28.410000,0.000000,0.000000,0.000000,1.000000,0.000000,0.000000,0.000000,57.698101,20.499701,-14.700500,0.047771,-0.013570,0.015998,-15.666301,-52.738201,18.801300,-93.396698,0.129960,17.611099,-0.186691,-0.505068,-0.672168,0.508177,-16.931057,1534.163940,-4421.821777,-11.246472,1453.324463,-4429.033203,-2.946518,1577.135986,-4449.616211,-35.983818,1485.855713,-4382.043945,-17.547506,1620.339966,-4426.592773,-11.180372,1453.394165,-4428.689941,-3.248293,1576.991333,-4449.730957,-35.948483,1485.892822,-4382.498047,-17.354113,1620.379150,-4426.407715,2616.283691,1567.755615,-3159.764160,,,,,,,,,,,,,,,,,,,,,,,,,,,,,,,,,
2842,28.420000,0.000000,0.000000,0.000000,1.000000,0.000000,0.000000,0.000000,57.698101,20.499701,-14.700500,0.047771,-0.013570,0.015998,-15.666301,-52.738201,18.801300,-93.396698,0.129960,17.611099,-0.184766,-0.506257,-0.672472,0.507294,-17.917574,1534.029663,-4422.340820,-12.126114,1453.197754,-4429.552246,-3.838133,1577.023560,-4450.053711,-37.117954,1485.690796,-4382.671387,-18.588188,1620.206543,-4427.086426,-12.081603,1453.343994,-4429.207031,-4.118973,1576.921875,-4450.132324,-37.072224,1485.684204,-4383.099609,-18.400362,1620.177612,-4426.948730,2616.257324,1567.759033,-3159.783691,,,,,,,,,,,,,,,,,,,,,,,,,,,,,,,,,
2843,28.430000,0.000000,0.000000,0.000000,1.000000,0.000000,0.000000,0.000000,57.698101,20.499701,-14.700500,0.047771,-0.013570,0.015998,-15.666301,-52.738201,18.801300,-93.396698,0.129960,17.611099,-0.185258,-0.505489,-0.672989,0.507195,-18.808325,1533.963257,-4422.768555,-13.141560,1453.130493,-4430.068848,-4.698863,1576.965088,-4450.453613,-38.032665,1485.611694,-4383.126465,-19.360302,1620.145874,-4427.425293,-13.043045,1453.236328,-4429.667480,-5.080637,1576.830688,-4450.609375,-38.017262,1485.646851,-4383.632812,-19.105888,1620.141235,-4427.203125,2616.295166,1567.781372,-3159.775635,,,,,,,,,,,,,,,,,,,,,,,,,,,,,,,,,
2844,28.440000,0.000000,0.000000,0.000000,1.000000,0.000000,0.000000,0.000000,57.698101,20.499701,-14.700500,0.047771,-0.013570,0.015998,-15.666301,-52.738201,18.801300,-93.396698,0.129960,17.611099,-0.184532,-0.505365,-0.673731,0.506598,-19.726210,1533.886841,-4423.180664,-14.116965,1453.059692,-4430.586914,-5.531564,1576.916016,-4450.779785,-39.061058,1485.495361,-4383.640625,-20.195347,1620.076538,-4427.714844,-14.107310,1453.066650,-4430.281738,-5.743261,1576.884644,-4450.830078,-38.984100,1485.547607,-4384.057617,-20.062426,1620.056763,-4427.594727,2616.288330,1567.747437,-3159.764893,,,,,,,,,,,,,,,,,,,,,,,,,,,,,,,,,
2845,28.450000,0.000000,0.000000,0.000000,1.000000,0.000000,0.000000,0.000000,57.698101,20.499701,-14.700500,0.047771,-0.013570,0.015998,-15.666301,-52.738201,18.801300,-93.396698,0.129960,17.611099,-0.182249,-0.507228,-0.673986,0.505221,-20.608820,1533.877075,-4423.594727,-14.880788,1453.051636,-4430.928711,-6.274320,1576.906616,-4451.121094,-40.155712,1485.486206,-4384.159180,-21.124554,1620.064331,-4428.170898,-15.056767,1453.019409,-4430.691406,-6.260659,1577.014038,-4451.020020,-39.925552,1485.544312,-4384.518555,-21.167032,1619.941040,-4428.189941,2616.292725,1567.729858,-3159.770264,,,,,,,,,,,,,,,,,,,,,,,,,,,,,,,,,
2846,28.460000,0.000000,0.000000,0.000000,1.000000,0.000000,0.000000,0.000000,57.698101,20.499701,-14.700500,0.047771,-0.013570,0.015998,-15.666301,-52.738201,18.801300,-93.396698,0.129960,17.611099,-0.181098,-0.507554,-0.674942,0.504029,-21.399878,1533.905273,-4423.911621,-15.750408,1453.081787,-4431.327148,-6.915562,1576.950684,-4451.333984,-41.144390,1485.490112,-4384.604004,-21.789242,1620.098877,-4428.380371,-16.077673,1452.962891,-4431.130859,-6.683670,1577.166626,-4451.149414,-40.824028,1485.506470,-4384.884766,-21.990654,1619.992676,-4428.480469,2616.316650,1567.721558,-3159.768066,,,,,,,,,,,,,,,,,,,,,,,,,,,,,,,,,
2847,28.470000,0.000000,0.000000,0.000000,1.000000,0.000000,0.000000,0.000000,57.698101,20.499701,-14.700500,0.047771,-0.013570,0.015998,-15.666301,-52.738201,18.801300,-93.396698,0.129960,17.611099,-0.181370,-0.506921,-0.675722,0.503524,-22.286753,1533.937744,-4424.264648,-16.798376,1453.112183,-4431.777344,-7.723229,1576.987061,-4451.638672,-42.118580,1485.514771,-4385.010254,-22.506910,1620.137085,-4428.630859,-17.186787,1452.907837,-4431.596191,-7.406889,1577.236694,-4451.409668,-41.759274,1485.543945,-4385.277832,-22.773718,1620.066895,-4428.759766,2616.278564,1567.724487,-3159.775146,,,,,,,,,,,,,,,,,,,,,,,,,,,,,,,,,
2848,28.480000,0.000000,0.000000,0.000000,1.000000,0.000000,0.000000,0.000000,57.698101,20.499701,-14.700500,0.047771,-0.013570,0.015998,-15.666301,-52.738201,18.801300,-93.396698,0.129960,17.611099,-0.182028,-0.507532,-0.674550,0.504241,-23.046650,1534.061157,-4424.530762,-17.431122,1453.227173,-4431.856445,-8.595578,1577.069092,-4452.030273,-42.739925,1485.699585,-4385.131836,-23.420057,1620.249268,-4429.105469,-17.702698,1453.128174,-4431.676758,-8.426135,1577.180298,-4451.871582,-42.432232,1485.789917,-4385.443848,-23.593178,1620.156738,-4429.161133,2616.290527,1567.775513,-3159.800049,,,,,,,,,,,,,,,,,,,,,,,,,,,,,,,,,
2849,28.490000,0.000000,0.000000,0.000000,1.000000,0.000000,0.000000,0.000000,57.698101,20.499701,-14.700500,0.047771,-0.013570,0.015998,-15.666301,-52.738201,18.801300,-93.396698,0.129960,17.611099,-0.181872,-0.509178,-0.672681,0.505135,-23.844093,1534.220947,-4424.738281,-17.915495,1453.382935,-4431.768555,-9.550661,1577.183838,-4452.389648,-43.362545,1485.927490,-4385.168945,-24.547771,1620.389648,-4429.625977,-18.112627,1453.441162,-4431.624023,-9.460634,1577.176514,-4452.238770,-43.099308,1486.059570,-4385.479004,-24.670525,1620.229126,-4429.660156,2616.313721,1567.746826,-3159.788086,,,,,,,,,,,,,,,,,,,,,,,,,,,,,,,,,
2850,28.500000,0.000000,0.000000,0.000000,1.000000,0.000000,0.000000,0.000000,57.698101,20.499701,-14.700500,0.047771,-0.013570,0.015998,-15.666301,-52.738201,18.801300,-93.396698,0.129960,17.611099,-0.181256,-0.510284,-0.671745,0.505486,-24.754135,1534.356445,-4425.086426,-18.618992,1453.521484,-4431.972656,-10.531245,1577.307495,-4452.792480,-44.203884,1486.082153,-4385.459961,-25.662506,1620.514893,-4430.121094,-18.798710,1453.586670,-4431.882812,-10.419718,1577.241699,-4452.629395,-43.950901,1486.292236,-4385.733887,-25.813505,1620.333130,-4430.141113,2616.323242,1567.698486,-3159.769287,,,,,,,,,,,,,,,,,,,,,,,,,,,,,,,,,
2851,28.510000,0.000000,0.000000,0.000000,1.000000,0.000000,0.000000,0.000000,57.698101,20.499701,-14.700500,0.047771,-0.013570,0.015998,-15.666301,-52.738201,18.801300,-93.396698,0.129960,17.611099,-0.183168,-0.509813,-0.670406,0.507046,-25.902866,1534.362671,-4425.536133,-19.695324,1453.521606,-4432.283691,-11.879319,1577.273926,-4453.404785,-45.085064,1486.146362,-4385.708984,-26.951847,1620.509033,-4430.746582,-19.743101,1453.621460,-4432.163086,-11.931253,1577.116577,-4453.350098,-44.944286,1486.400024,-4386.027344,-26.969036,1620.354126,-4430.658203,2616.291748,1567.728394,-3159.786133,,,,,,,,,,,,,,,,,,,,,,,,,,,,,,,,,
2852,28.520000,0.000000,0.000000,0.000000,1.000000,0.000000,0.000000,0.000000,57.698101,20.499701,-14.700500,0.047771,-0.013570,0.015998,-15.666301,-52.738201,18.801300,-93.396698,0.129960,17.611099,-0.181876,-0.510797,-0.670597,0.506268,-27.021154,1534.419067,-4425.988770,-20.753727,1453.580200,-4432.706055,-12.916535,1577.333862,-4453.811035,-46.325008,1486.198120,-4386.225586,-28.089441,1620.564453,-4431.211426,-20.702311,1453.705200,-4432.432617,-13.187609,1577.138428,-4453.861328,-46.256794,1486.379517,-4386.697266,-27.939171,1620.480957,-4431.037109,2616.263184,1567.733643,-3159.811768,,,,,,,,,,,,,,,,,,,,,,,,,,,,,,,,,
2853,28.530000,0.000000,0.000000,0.000000,1.000000,0.000000,0.000000,0.000000,57.698101,20.499701,-14.700500,0.047771,-0.013570,0.015998,-15.666301,-52.738201,18.801300,-93.396698,0.129960,17.611099,-0.182889,-0.509550,-0.671602,0.505827,-28.132908,1534.521118,-4426.367676,-22.128222,1453.673340,-4433.218262,-13.945498,1577.434082,-4454.150879,-47.514442,1486.300049,-4386.643066,-28.943554,1620.677246,-4431.458496,-22.111032,1453.675049,-4432.980469,-14.161892,1577.318604,-4454.147461,-47.417999,1486.474609,-4387.078613,-28.832470,1620.645752,-4431.341797,2616.270996,1567.730591,-3159.804932,,,,,,,,,,,,,,,,,,,,,,,,,,,,,,,,,
2854,28.540000,0.000000,0.000000,0.000000,1.000000,0.000000,0.000000,0.000000,57.698101,20.499701,-14.700500,0.047771,-0.013570,0.015998,-15.666301,-52.738201,18.801300,-93.396698,0.129960,17.611099,-0.179972,-0.512267,-0.671568,0.504172,-29.339437,1534.634277,-4426.747070,-23.134510,1453.788330,-4433.438477,-14.996832,1577.535400,-4454.468262,-48.966190,1486.431641,-4387.120117,-30.260307,1620.781860,-4431.959961,-23.124475,1453.849976,-4433.176758,-15.249168,1577.484741,-4454.425781,-48.865734,1486.548950,-4387.562012,-30.109947,1620.676514,-4431.888184,2616.281738,1567.681396,-3159.780273,,,,,,,,,,,,,,,,,,,,,,,,,,,,,,,,,
2855,28.550000,0.000000,0.000000,0.000000,1.000000,0.000000,0.000000,0.000000,57.698101,20.499701,-14.700500,0.047771,-0.013570,0.015998,-15.666301,-52.738201,18.801300,-93.396698,0.129960,17.611099,-0.179038,-0.512445,-0.672663,0.502861,-30.470886,1534.752930,-4427.140137,-24.393625,1453.904907,-4433.921875,-15.961438,1577.664917,-4454.758301,-50.311977,1486.533203,-4387.641602,-31.216587,1620.909058,-4432.239746,-24.302774,1453.922485,-4433.562988,-16.347982,1577.577393,-4454.854492,-50.283264,1486.596191,-4388.129883,-30.964300,1620.919189,-4432.061523,2616.316650,1567.773804,-3159.770264,,,,,,,,,,,,,,,,,,,,,,,,,,,,,,,,,
2856,28.560000,0.000000,0.000000,0.000000,1.000000,0.000000,0.000000,0.000000,57.698101,20.499701,-14.700500,0.047771,-0.013570,0.015998,-15.666301,-52.738201,18.801300,-93.396698,0.129960,17.611099,-0.176798,-0.514075,-0.673221,0.501241,-31.595922,1534.898438,-4427.478027,-25.463469,1454.051514,-4434.223633,-16.912848,1577.813843,-4454.998535,-51.687168,1486.673706,-4388.111816,-32.320290,1621.054810,-4432.577637,-25.470078,1454.077026,-4433.896484,-17.146784,1577.762817,-4455.018066,-51.575817,1486.721802,-4388.580078,-32.180248,1621.042114,-4432.473145,2616.302490,1567.739258,-3159.791260,,,,,,,,,,,,,,,,,,,,,,,,,,,,,,,,,
2857,28.570000,0.000000,0.000000,0.000000,1.000000,0.000000,0.000000,0.000000,57.698101,20.499701,-14.700500,0.047771,-0.013570,0.015998,-15.666301,-52.738201,18.801300,-93.396698,0.129960,17.611099,-0.178198,-0.513143,-0.672943,0.502073,-32.499146,1535.128052,-4427.643555,-26.422035,1454.277832,-4434.401367,-17.904144,1578.034180,-4455.225586,-52.459553,1486.916260,-4388.194824,-33.210938,1621.283936,-4432.752930,-26.432316,1454.307129,-4434.126465,-18.102608,1577.930176,-4455.231445,-52.345787,1487.000977,-4388.625488,-33.105911,1621.287476,-4432.649414,2616.299561,1567.758789,-3159.776123,,,,,,,,,,,,,,,,,,,,,,,,,,,,,,,,,
2858,28.580000,0.000000,0.000000,0.000000,1.000000,0.000000,0.000000,0.000000,57.698101,20.499701,-14.700500,0.047771,-0.013570,0.015998,-15.666301,-52.738201,18.801300,-93.396698,0.129960,17.611099,-0.176810,-0.514217,-0.673251,0.501051,-33.631252,1535.311401,-4427.972168,-27.516626,1454.461304,-4434.696777,-18.928360,1578.216553,-4455.498047,-53.747578,1487.101074,-4388.601074,-34.332539,1621.466675,-4433.093262,-27.584114,1454.447632,-4434.423828,-19.041052,1578.163940,-4455.489258,-53.580826,1487.202026,-4389.039551,-34.289356,1621.454102,-4433.008789,2616.271240,1567.731323,-3159.767822,,,,,,,,,,,,,,,,,,,,,,,,,,,,,,,,,
2859,28.590000,0.000000,0.000000,0.000000,1.000000,0.000000,0.000000,0.000000,57.698101,20.499701,-14.700500,0.047771,-0.013570,0.015998,-15.666301,-52.738201,18.801300,-93.396698,0.129960,17.611099,-0.175349,-0.514727,-0.674141,0.499843,-34.593170,1535.519897,-4428.242676,-28.518688,1454.673340,-4435.044922,-19.743647,1578.447632,-4455.654785,-54.908291,1487.276733,-4389.014160,-35.202141,1621.682007,-4433.257324,-28.843637,1454.503784,-4434.889648,-19.508236,1578.561768,-4455.441406,-54.549614,1487.387939,-4389.314453,-35.434170,1621.633911,-4433.344238,2616.285889,1567.718384,-3159.750000,,,,,,,,,,,,,,,,,,,,,,,,,,,,,,,,,
2860,28.600000,0.000000,0.000000,0.000000,1.000000,0.000000,0.000000,0.000000,57.698101,20.499701,-14.700500,0.047771,-0.013570,0.015998,-15.666301,-52.738201,18.801300,-93.396698,0.129960,17.611099,-0.175054,-0.514421,-0.674854,0.499298,-35.434174,1535.740479,-4428.456543,-29.454657,1454.894897,-4435.354004,-20.506191,1578.683838,-4455.800781,-55.845081,1487.473877,-4389.306641,-35.930866,1621.909668,-4433.363281,-29.824846,1454.653809,-4435.217773,-20.198994,1578.845093,-4455.568359,-55.482731,1487.570190,-4389.558594,-36.212433,1621.889282,-4433.474121,2616.272217,1567.733154,-3159.751465,,,,,,,,,,,,,,,,,,,,,,,,,,,,,,,,,
2861,28.610000,0.000000,0.000000,0.000000,1.000000,0.000000,0.000000,0.000000,57.698101,20.499701,-14.700500,0.047771,-0.013570,0.015998,-15.666301,-52.738201,18.801300,-93.396698,0.129960,17.611099,-0.176424,-0.514084,-0.674039,0.500264,-36.210842,1535.988037,-4428.569824,-30.207357,1455.136475,-4435.374023,-21.403172,1578.901367,-4456.026855,-56.457329,1487.765015,-4389.281250,-36.775597,1622.149902,-4433.596680,-30.474310,1454.976196,-4435.215820,-21.234934,1578.975220,-4455.866211,-56.147419,1487.882935,-4389.579590,-36.956329,1622.124023,-4433.644531,2616.254883,1567.753540,-3159.775146,,,,,,,,,,,,,,,,,,,,,,,,,,,,,,,,,
2862,28.620000,0.000000,0.000000,0.000000,1.000000,0.000000,0.000000,0.000000,57.698101,20.499701,-14.700500,0.047771,-0.013570,0.015998,-15.666301,-52.738201,18.801300,-93.396698,0.129960,17.611099,-0.176356,-0.515381,-0.672145,0.501499,-37.001732,1536.248047,-4428.715332,-30.671499,1455.400269,-4435.265137,-22.384476,1579.133789,-4456.317383,-57.029648,1488.068359,-4389.261719,-37.921402,1622.390381,-4434.016602,-30.897888,1455.397095,-4435.082520,-22.280890,1579.153442,-4456.188477,-56.713146,1488.248047,-4389.643066,-38.065144,1622.229736,-4434.020996,2616.258789,1567.734863,-3159.767090,,,,,,,,,,,,,,,,,,,,,,,,,,,,,,,,,
2863,28.630000,0.000000,0.000000,0.000000,1.000000,0.000000,0.000000,0.000000,57.698101,20.499701,-14.700500,0.047771,-0.013570,0.015998,-15.666301,-52.738201,18.801300,-93.396698,0.129960,17.611099,-0.174088,-0.517684,-0.671028,0.501417,-37.925030,1536.509399,-4428.896973,-31.225889,1455.675781,-4435.251953,-23.346792,1579.400391,-4456.511230,-57.951702,1488.325195,-4389.448242,-39.175831,1622.636353,-4434.376465,-31.410179,1455.777100,-4435.014648,-23.326088,1579.382324,-4456.436523,-57.661251,1488.503784,-4389.905762,-39.250729,1622.421875,-4434.329590,2616.269043,1567.747803,-3159.760254,,,,,,,,,,,,,,,,,,,,,,,,,,,,,,,,,
2864,28.640000,0.000000,0.000000,0.000000,1.000000,0.000000,0.000000,0.000000,57.698101,20.499701,-14.700500,0.047771,-0.013570,0.015998,-15.666301,-52.738201,18.801300,-93.396698,0.129960,17.611099,-0.176572,-0.516519,-0.669080,0.504344,-39.092522,1536.928711,-4429.159668,-32.210392,1456.102661,-4435.414551,-24.866428,1579.808105,-4456.974609,-58.654293,1488.763184,-4389.455566,-40.639065,1623.040894,-4434.793457,-32.300755,1455.999023,-4435.105469,-24.901457,1579.499146,-4457.069824,-58.456169,1488.862427,-4389.937988,-40.693752,1623.378540,-4434.563965,2616.307617,1567.753662,-3159.759277,,,,,,,,,,,,,,,,,,,,,,,,,,,,,,,,,
2865,28.650000,0.000000,0.000000,0.000000,1.000000,0.000000,0.000000,0.000000,57.698101,20.499701,-14.700500,0.047771,-0.013570,0.015998,-15.666301,-52.738201,18.801300,-93.396698,0.129960,17.611099,-0.176982,-0.516138,-0.669327,0.504261,-40.229141,1537.069214,-4429.513672,-33.425976,1456.238892,-4435.800293,-25.984772,1579.944580,-4457.325684,-59.805016,1488.908936,-4389.810059,-41.700893,1623.184570,-4435.118164,-33.350197,1456.262817,-4435.429199,-26.290314,1579.785034,-4457.533691,-59.762249,1489.064453,-4390.346191,-41.517143,1623.181519,-4434.822266,2616.295166,1567.749023,-3159.751953,,,,,,,,,,,,,,,,,,,,,,,,,,,,,,,,,
2866,28.660000,0.000000,0.000000,0.000000,1.000000,0.000000,0.000000,0.000000,57.698101,20.499701,-14.700500,0.047771,-0.013570,0.015998,-15.666301,-52.738201,18.801300,-93.396698,0.129960,17.611099,-0.176348,-0.516793,-0.669048,0.504183,-41.300529,1537.274170,-4429.825684,-34.402168,1456.447632,-4436.057129,-27.060247,1580.149292,-4457.640137,-60.884426,1489.114990,-4390.125000,-42.855362,1623.384888,-4435.480469,-34.266048,1456.567017,-4435.682129,-27.496454,1580.049072,-4457.826172,-60.893456,1489.299927,-4390.667969,-42.556675,1623.195190,-4435.190918,2616.301514,1567.718506,-3159.758057,,,,,,,,,,,,,,,,,,,,,,,,,,,,,,,,,
2867,28.670000,0.000000,0.000000,0.000000,1.000000,0.000000,0.000000,0.000000,57.698101,20.499701,-14.700500,0.047771,-0.013570,0.015998,-15.666301,-52.738201,18.801300,-93.396698,0.129960,17.611099,-0.174709,-0.517748,-0.669277,0.503470,-42.394657,1537.476440,-4430.185059,-35.403107,1456.657959,-4436.417480,-28.080326,1580.373657,-4457.927246,-62.095306,1489.286377,-4390.579102,-43.999981,1623.587891,-4435.814941,-35.220882,1456.812378,-4435.970703,-28.603270,1580.207275,-4458.201172,-62.140594,1489.389771,-4391.143555,-43.641777,1623.497681,-4435.473633,2616.298340,1567.715210,-3159.745117,,,,,,,,,,,,,,,,,,,,,,,,,,,,,,,,,
2868,28.680000,0.000000,0.000000,0.000000,1.000000,0.000000,0.000000,0.000000,57.698101,20.499701,-14.700500,0.047771,-0.013570,0.015998,-15.666301,-52.738201,18.801300,-93.396698,0.129960,17.611099,-0.172130,-0.518969,-0.670034,0.502093,-43.596962,1537.646973,-4430.673340,-36.525799,1456.840088,-4436.963379,-29.127403,1580.586304,-4458.269531,-63.525692,1489.397339,-4391.254883,-45.209049,1623.764648,-4436.204590,-36.399204,1456.950684,-4436.525879,-29.581463,1580.365234,-4458.497070,-63.513523,1489.479004,-4391.833984,-44.918842,1623.790283,-4435.898926,2616.300781,1567.738403,-3159.753662,,,,,,,,,,,,,,,,,,,,,,,,,,,,,,,,,
2869,28.690000,0.000000,0.000000,0.000000,1.000000,0.000000,0.000000,0.000000,57.698101,20.499701,-14.700500,0.047771,-0.013570,0.015998,-15.666301,-52.738201,18.801300,-93.396698,0.129960,17.611099,-0.171875,-0.518946,-0.670149,0.502051,-44.673428,1537.916748,-4430.959961,-37.592842,1457.112793,-4437.279297,-30.196444,1580.868164,-4458.533691,-64.613876,1489.649902,-4391.569336,-46.290646,1624.036377,-4436.458496,-37.449318,1457.260376,-4436.752441,-30.713715,1580.530884,-4458.904785,-64.616219,1489.641724,-4392.178223,-45.971096,1624.198242,-4436.064941,2616.288818,1567.758179,-3159.770752,,,,,,,,,,,,,,,,,,,,,,,,,,,,,,,,,
2870,28.700000,0.000000,0.000000,0.000000,1.000000,0.000000,0.000000,0.000000,57.698101,20.499701,-14.700500,0.047771,-0.013570,0.015998,-15.666301,-52.738201,18.801300,-93.396698,0.129960,17.611099,-0.173293,-0.517773,-0.669648,0.503441,-45.809425,1538.163086,-4431.317383,-38.718971,1457.363281,-4437.678223,-31.483040,1581.124390,-4458.954102,-65.541176,1489.882202,-4391.837891,-47.494617,1624.282471,-4436.798340,-38.609867,1457.514893,-4437.168457,-31.943142,1580.760254,-4459.280273,-65.511841,1489.880981,-4392.453613,-47.222748,1624.457153,-4436.432617,2616.293457,1567.733398,-3159.780273,,,,,,,,,,,,,,,,,,,,,,,,,,,,,,,,,
2871,28.710000,0.000000,0.000000,0.000000,1.000000,0.000000,0.000000,0.000000,57.698101,20.499701,-14.700500,0.047771,-0.013570,0.015998,-15.666301,-52.738201,18.801300,-93.396698,0.129960,17.611099,-0.173393,-0.517646,-0.669663,0.503517,-46.707428,1538.472168,-4431.515625,-39.623993,1457.672729,-4437.888184,-32.387711,1581.435669,-4459.152344,-66.428856,1490.188232,-4392.035645,-48.389248,1624.592285,-4436.986816,-39.567322,1457.798828,-4437.480469,-32.691467,1581.209473,-4459.375488,-66.388535,1490.149780,-4392.506836,-48.196156,1624.720215,-4436.730469,2616.280029,1567.735352,-3159.781738,,,,,,,,,,,,,,,,,,,,,,,,,,,,,,,,,
2872,28.720000,0.000000,0.000000,0.000000,1.000000,0.000000,0.000000,0.000000,57.698101,20.499701,-14.700500,0.047771,-0.013570,0.015998,-15.666301,-52.738201,18.801300,-93.396698,0.129960,17.611099,-0.173068,-0.517249,-0.670579,0.502817,-47.649525,1538.766846,-4431.753418,-40.693352,1457.965698,-4438.244629,-33.228687,1581.749756,-4459.307617,-67.493675,1490.453979,-4392.370117,-49.182491,1624.898193,-4437.091797,-40.742168,1457.995117,-4437.845703,-33.357002,1581.712524,-4459.481445,-67.384674,1490.409790,-4392.810059,-49.103195,1624.947144,-4436.895020,2616.301270,1567.740112,-3159.770996,,,,,,,,,,,,,,,,,,,,,,,,,,,,,,,,,
2873,28.730000,0.000000,0.000000,0.000000,1.000000,0.000000,0.000000,0.000000,57.698101,20.499701,-14.700500,0.047771,-0.013570,0.015998,-15.666301,-52.738201,18.801300,-93.396698,0.129960,17.611099,-0.171027,-0.518449,-0.671157,0.501507,-48.639938,1539.032227,-4432.014160,-41.632824,1458.236206,-4438.514160,-34.075974,1582.033936,-4459.462891,-68.691147,1490.692627,-4392.768555,-50.159897,1625.166260,-4437.310059,-41.873184,1458.172974,-4438.242676,-33.972424,1582.250488,-4459.440430,-68.454491,1490.667114,-4393.069824,-50.251488,1625.038818,-4437.308594,2616.268555,1567.725342,-3159.792480,,,,,,,,,,,,,,,,,,,,,,,,,,,,,,,,,
2874,28.740000,0.000000,0.000000,0.000000,1.000000,0.000000,0.000000,0.000000,57.698101,20.499701,-14.700500,0.047771,-0.013570,0.015998,-15.666301,-52.738201,18.801300,-93.396698,0.129960,17.611099,-0.173111,-0.517172,-0.670419,0.503095,-49.679642,1539.261841,-4432.335938,-42.689178,1458.463867,-4438.829590,-35.291878,1582.251099,-4459.896973,-69.482597,1490.940186,-4392.942383,-51.255005,1625.392334,-4437.673828,-42.912350,1458.336060,-4438.653809,-35.145924,1582.476807,-4459.832520,-69.250572,1491.058350,-4393.190430,-51.400734,1625.181763,-4437.675781,2616.298340,1567.758179,-3159.790527,,,,,,,,,,,,,,,,,,,,,,,,,,,,,,,,,
2875,28.750000,0.000000,0.000000,0.000000,1.000000,0.000000,0.000000,0.000000,57.698101,20.499701,-14.700500,0.047771,-0.013570,0.015998,-15.666301,-52.738201,18.801300,-93.396698,0.129960,17.611099,-0.173289,-0.517733,-0.669156,0.504137,-50.624039,1539.489380,-4432.641602,-43.424854,1458.698364,-4438.992188,-36.384205,1582.465210,-4460.300293,-70.250702,1491.188965,-4393.134277,-52.436485,1625.605225,-4438.139648,-43.611320,1458.601440,-4438.788574,-36.287430,1582.634277,-4460.290527,-70.036530,1491.332031,-4393.424805,-52.550877,1625.393066,-4438.084473,2616.297852,1567.723511,-3159.788330,,,,,,,,,,,,,,,,,,,,,,,,,,,,,,,,,
2876,28.760000,0.000000,0.000000,0.000000,1.000000,0.000000,0.000000,0.000000,57.698101,20.499701,-14.700500,0.047771,-0.013570,0.015998,-15.666301,-52.738201,18.801300,-93.396698,0.129960,17.611099,-0.174079,-0.518607,-0.666330,0.506702,-51.569019,1539.670044,-4432.943848,-43.927570,1458.896973,-4438.999023,-37.682812,1582.615723,-4460.828125,-70.766151,1491.416382,-4393.168945,-53.899632,1625.751099,-4438.778320,-44.015762,1458.928345,-4438.711426,-37.747757,1582.635254,-4460.877441,-70.594749,1491.581299,-4393.615723,-53.882339,1625.563843,-4438.631348,2616.310547,1567.742798,-3159.779541,,,,,,,,,,,,,,,,,,,,,,,,,,,,,,,,,
2877,28.770000,0.000000,0.000000,0.000000,1.000000,0.000000,0.000000,0.000000,57.698101,20.499701,-14.700500,0.047771,-0.013570,0.015998,-15.666301,-52.738201,18.801300,-93.396698,0.129960,17.611099,-0.171715,-0.520116,-0.665542,0.506997,-52.307991,1539.805786,-4433.129883,-44.305214,1459.063354,-4439.126465,-38.486687,1582.800049,-4460.971680,-71.466766,1491.485352,-4393.417969,-54.973389,1625.874634,-4439.002930,-44.164192,1458.766968,-4438.774902,-38.833351,1582.778320,-4461.153809,-71.469063,1491.715820,-4393.882324,-54.761059,1625.960449,-4438.730957,2616.290527,1567.756592,-3159.792969,,,,,,,,,,,,,,,,,,,,,,,,,,,,,,,,,
2878,28.780000,0.000000,0.000000,0.000000,1.000000,0.000000,0.000000,0.000000,57.698101,20.499701,-14.700500,0.047771,-0.013570,0.015998,-15.666301,-52.738201,18.801300,-93.396698,0.129960,17.611099,-0.174992,-0.517968,-0.665344,0.508335,-53.496685,1539.989990,-4433.525879,-45.716869,1459.229248,-4439.568848,-39.805573,1582.948608,-4461.486816,-72.441643,1491.719116,-4393.651367,-56.022751,1626.063232,-4439.396973,-45.655518,1459.155151,-4439.159668,-40.119408,1582.792114,-4461.654297,-72.370926,1491.833130,-4394.223145,-55.834942,1626.189453,-4439.129883,2616.271729,1567.743286,-3159.797363,,,,,,,,,,,,,,,,,,,,,,,,,,,,,,,,,
2879,28.790000,0.000000,0.000000,0.000000,1.000000,0.000000,0.000000,0.000000,57.698101,20.499701,-14.700500,0.047771,-0.013570,0.015998,-15.666301,-52.738201,18.801300,-93.396698,0.129960,17.611099,-0.174281,-0.518461,-0.664759,0.508841,-54.506256,1540.214600,-4433.749512,-46.546341,1459.468872,-4439.757812,-40.888577,1583.192993,-4461.716309,-73.374779,1491.917114,-4393.871094,-57.215446,1626.280029,-4439.653320,-46.479214,1459.603027,-4439.340332,-41.246582,1582.908813,-4461.886719,-73.309486,1491.990845,-4394.459473,-57.006882,1626.350586,-4439.388672,2616.265625,1567.789307,-3159.802002,,,,,,,,,,,,,,,,,,,,,,,,,,,,,,,,,
2880,28.800000,0.000000,0.000000,0.000000,1.000000,0.000000,0.000000,0.000000,57.698101,20.499701,-14.700500,0.047771,-0.013570,0.015998,-15.666301,-52.738201,18.801300,-93.396698,0.129960,17.611099,-0.174616,-0.518375,-0.664727,0.508856,-55.515408,1540.394775,-4433.962891,-47.585007,1459.644897,-4439.954590,-41.899467,1583.361450,-4461.947754,-74.377235,1492.113525,-4394.061523,-58.200016,1626.459595,-4439.886719,-47.454460,1459.826294,-4439.560059,-42.327644,1583.058105,-4462.178223,-74.383476,1492.176147,-4394.569824,-57.929630,1626.501099,-4439.584961,2616.260010,1567.753296,-3159.795654,,,,,,,,,,,,,,,,,,,,,,,,,,,,,,,,,
2881,28.810000,0.000000,0.000000,0.000000,1.000000,0.000000,0.000000,0.000000,57.698101,20.499701,-14.700500,0.047771,-0.013570,0.015998,-15.666301,-52.738201,18.801300,-93.396698,0.129960,17.611099,-0.175902,-0.517476,-0.664186,0.510034,-56.560925,1540.486572,-4434.281250,-48.616840,1459.738892,-4440.284180,-43.078178,1583.452393,-4462.332520,-75.238945,1492.206909,-4394.291504,-59.309830,1626.548584,-4440.216797,-48.409752,1459.886841,-4439.937988,-43.614449,1583.111694,-4462.590332,-75.312317,1492.318359,-4394.752930,-58.968266,1626.591553,-4439.884766,2616.275146,1567.740967,-3159.796387,,,,,,,,,,,,,,,,,,,,,,,,,,,,,,,,,
2882,28.820000,0.000000,0.000000,0.000000,1.000000,0.000000,0.000000,0.000000,57.698101,20.499701,-14.700500,0.047771,-0.013570,0.015998,-15.666301,-52.738201,18.801300,-93.396698,0.129960,17.611099,-0.175189,-0.517148,-0.664818,0.509787,-57.835239,1540.455933,-4434.661133,-49.912792,1459.715820,-4440.794434,-44.306911,1583.465332,-4462.623047,-76.573723,1492.113770,-4394.774902,-60.547638,1626.528931,-4440.450684,-49.773827,1459.759888,-4440.464355,-44.729050,1583.263306,-4462.787109,-76.593094,1492.206909,-4395.228027,-60.276402,1626.585327,-4440.206055,2616.291260,1567.745361,-3159.776855,,,,,,,,,,,,,,,,,,,,,,,,,,,,,,,,,
2883,28.830000,0.000000,0.000000,0.000000,1.000000,0.000000,0.000000,0.000000,57.698101,20.499701,-14.700500,0.047771,-0.013570,0.015998,-15.666301,-52.738201,18.801300,-93.396698,0.129960,17.611099,-0.173497,-0.517545,-0.666052,0.508351,-58.860672,1540.523193,-4434.881836,-51.013210,1459.785278,-4441.138184,-45.149784,1583.570068,-4462.697266,-77.842979,1492.126709,-4395.177246,-61.436810,1626.610840,-4440.514160,-50.958794,1459.811157,-4440.776367,-45.458160,1583.525635,-4462.812988,-77.804367,1492.119629,-4395.615234,-61.225460,1626.635498,-4440.352539,2616.299072,1567.735229,-3159.765869,,,,,,,,,,,,,,,,,,,,,,,,,,,,,,,,,
2884,28.840000,0.000000,0.000000,0.000000,1.000000,0.000000,0.000000,0.000000,57.698101,20.499701,-14.700500,0.047771,-0.013570,0.015998,-15.666301,-52.738201,18.801300,-93.396698,0.129960,17.611099,-0.171404,-0.518232,-0.667477,0.506488,-59.682411,1540.690796,-4434.881348,-51.920715,1459.953857,-4441.256836,-45.742004,1583.773315,-4462.526855,-78.972534,1492.242554,-4395.389160,-62.094494,1626.793579,-4440.352539,-52.003147,1459.964600,-4440.924316,-45.869766,1583.867310,-4462.550781,-78.835068,1492.203369,-4395.781250,-62.011112,1626.724854,-4440.294922,2616.279541,1567.738647,-3159.762939,,,,,,,,,,,,,,,,,,,,,,,,,,,,,,,,,
2885,28.850000,0.000000,0.000000,0.000000,1.000000,0.000000,0.000000,0.000000,57.698101,20.499701,-14.700500,0.047771,-0.013570,0.015998,-15.666301,-52.738201,18.801300,-93.396698,0.129960,17.611099,-0.169847,-0.518135,-0.669155,0.504896,-60.698097,1540.821533,-4434.943848,-53.090405,1460.086060,-4441.520996,-46.544994,1583.952393,-4462.405273,-80.262749,1492.302856,-4395.673828,-62.894344,1626.945068,-4440.175293,-53.338116,1459.985474,-4441.265137,-46.465763,1584.123901,-4462.296875,-79.990562,1492.283447,-4396.006348,-62.977142,1626.886719,-4440.221680,2616.268311,1567.730591,-3159.766846,,,,,,,,,,,,,,,,,,,,,,,,,,,,,,,,,
2886,28.860000,0.000000,0.000000,0.000000,1.000000,0.000000,0.000000,0.000000,57.698101,20.499701,-14.700500,0.047771,-0.013570,0.015998,-15.666301,-52.738201,18.801300,-93.396698,0.129960,17.611099,-0.170386,-0.518010,-0.668656,0.505504,-61.914890,1540.901123,-4435.073242,-54.260128,1460.166748,-4441.607910,-47.838024,1584.023193,-4462.587891,-81.379967,1492.395508,-4395.737793,-64.181534,1627.019531,-4440.359863,-54.509834,1460.070801,-4441.366211,-47.737114,1584.138550,-4462.494141,-81.085281,1492.458862,-4396.099121,-64.297623,1626.939819,-4440.374512,2616.267578,1567.724121,-3159.755615,,,,,,,,,,,,,,,,,,,,,,,,,,,,,,,,,
2887,28.870000,0.000000,0.000000,0.000000,1.000000,0.000000,0.000000,0.000000,57.698101,20.499701,-14.700500,0.047771,-0.013570,0.015998,-15.666301,-52.738201,18.801300,-93.396698,0.129960,17.611099,-0.172737,-0.516631,-0.667529,0.507602,-62.980667,1541.032227,-4435.053223,-55.288284,1460.299194,-4441.562500,-49.144348,1584.141602,-4462.709473,-82.115562,1492.545410,-4395.533203,-65.374565,1627.142822,-4440.408203,-55.521744,1460.236694,-4441.375000,-49.034920,1584.209839,-4462.580078,-81.812141,1492.698486,-4395.891113,-65.512306,1627.009277,-4440.425781,2616.256836,1567.725220,-3159.760498,,,,,,,,,,,,,,,,,,,,,,,,,,,,,,,,,
2888,28.880000,0.000000,0.000000,0.000000,1.000000,0.000000,0.000000,0.000000,57.698101,20.499701,-14.700500,0.047771,-0.013570,0.015998,-15.666301,-52.738201,18.801300,-93.396698,0.129960,17.611099,-0.175926,-0.515504,-0.665327,0.510535,-63.833141,1541.190674,-4434.917969,-56.000610,1460.457642,-4441.256348,-50.358555,1584.250488,-4462.828125,-82.483696,1492.776001,-4395.078613,-66.489784,1627.278564,-4440.507812,-56.105362,1460.460938,-4440.991211,-50.412819,1584.208740,-4462.813477,-82.265060,1492.983521,-4395.575195,-66.496216,1627.168823,-4440.401855,2616.279541,1567.775635,-3159.770508,,,,,,,,,,,,,,,,,,,,,,,,,,,,,,,,,
2889,28.890000,0.000000,0.000000,0.000000,1.000000,0.000000,0.000000,0.000000,57.698101,20.499701,-14.700500,0.047771,-0.013570,0.015998,-15.666301,-52.738201,18.801300,-93.396698,0.129960,17.611099,-0.177462,-0.515193,-0.662977,0.513366,-64.841805,1541.263794,-4434.866699,-56.686344,1460.550415,-4441.046387,-51.730869,1584.310913,-4462.969727,-83.031807,1492.869873,-4394.790039,-67.918312,1627.324341,-4440.661621,-56.692501,1460.522461,-4440.861816,-51.860874,1584.186646,-4462.963379,-82.909027,1493.202637,-4395.224609,-67.877586,1627.217041,-4440.511230,2616.276611,1567.761108,-3159.763184,,,,,,,,,,,,,,,,,,,,,,,,,,,,,,,,,
2890,28.900000,0.000000,0.000000,0.000000,1.000000,0.000000,0.000000,0.000000,57.698101,20.499701,-14.700500,0.047771,-0.013570,0.015998,-15.666301,-52.738201,18.801300,-93.396698,0.129960,17.611099,-0.177494,-0.514818,-0.662788,0.513975,-65.936737,1541.316040,-4434.755371,-57.720879,1460.612549,-4440.982910,-52.893227,1584.387695,-4462.852051,-84.041405,1492.887451,-4394.682129,-69.091530,1627.376709,-4440.504395,-57.658779,1460.535400,-4440.750000,-53.124825,1584.199219,-4462.921875,-83.981735,1493.174805,-4395.140137,-68.980530,1627.398193,-4440.293457,2616.286133,1567.726562,-3159.763672,,,,,,,,,,,,,,,,,,,,,,,,,,,,,,,,,
2891,28.910000,0.000000,0.000000,0.000000,1.000000,0.000000,0.000000,0.000000,57.698101,20.499701,-14.700500,0.047771,-0.013570,0.015998,-15.666301,-52.738201,18.801300,-93.396698,0.129960,17.611099,-0.172361,-0.518284,-0.663757,0.510980,-67.066269,1541.333740,-4434.662109,-58.639923,1460.646973,-4440.824707,-53.703377,1584.443237,-4462.549805,-85.646706,1492.852173,-4394.871094,-70.275154,1627.393066,-4440.401367,-58.593105,1460.679810,-4440.421387,-53.989025,1584.246704,-4462.719727,-85.574310,1492.930786,-4395.423340,-70.106293,1627.484375,-4440.146484,2616.280273,1567.737061,-3159.754150,,,,,,,,,,,,,,,,,,,,,,,,,,,,,,,,,
2892,28.920000,0.000000,0.000000,0.000000,1.000000,0.000000,0.000000,0.000000,57.698101,20.499701,-14.700500,0.047771,-0.013570,0.015998,-15.666301,-52.738201,18.801300,-93.396698,0.129960,17.611099,-0.168870,-0.520905,-0.663843,0.509366,-68.327087,1541.317017,-4434.539062,-59.660679,1460.647461,-4440.593750,-54.812122,1584.446533,-4462.321777,-87.154388,1492.807617,-4394.898438,-71.681259,1627.366577,-4440.340820,-59.664482,1460.745361,-4440.178223,-55.039577,1584.326172,-4462.471191,-87.054909,1492.813965,-4395.416992,-71.538788,1627.391968,-4440.133789,2616.313477,1567.747437,-3159.755371,,,,,,,,,,,,,,,,,,,,,,,,,,,,,,,,,
2893,28.930000,0.000000,0.000000,0.000000,1.000000,0.000000,0.000000,0.000000,57.698101,20.499701,-14.700500,0.047771,-0.013570,0.015998,-15.666301,-52.738201,18.801300,-93.396698,0.129960,17.611099,-0.168668,-0.519759,-0.665176,0.508864,-69.463753,1541.347412,-4434.332520,-60.974483,1460.677124,-4440.624023,-55.851734,1584.528809,-4461.986816,-88.400841,1492.762939,-4394.836426,-72.628052,1627.420898,-4439.881348,-61.122185,1460.569214,-4440.424316,-55.782631,1584.584717,-4462.011230,-88.235237,1492.794189,-4395.081055,-72.710670,1627.431885,-4439.823242,2616.304443,1567.714111,-3159.751709,,,,,,,,,,,,,,,,,,,,,,,,,,,,,,,,,
2894,28.940000,0.000000,0.000000,0.000000,1.000000,0.000000,0.000000,0.000000,57.698101,20.499701,-14.700500,0.047771,-0.013570,0.015998,-15.666301,-52.738201,18.801300,-93.396698,0.129960,17.611099,-0.171875,-0.516165,-0.665682,0.510783,-70.702301,1541.286499,-4434.219238,-62.478233,1460.612671,-4440.810059,-57.251556,1584.508423,-4461.889648,-89.376076,1492.642822,-4394.670898,-73.703430,1627.382324,-4439.506348,-62.717056,1460.354980,-4440.599121,-57.097275,1584.612549,-4461.854004,-89.116096,1492.773560,-4394.972656,-73.873199,1627.385376,-4439.467773,2616.316895,1567.732544,-3159.755859,,,,,,,,,,,,,,,,,,,,,,,,,,,,,,,,,
2895,28.950000,0.000000,0.000000,0.000000,1.000000,0.000000,0.000000,0.000000,57.698101,20.499701,-14.700500,0.047771,-0.013570,0.015998,-15.666301,-52.738201,18.801300,-93.396698,0.129960,17.611099,-0.174714,-0.513986,-0.665030,0.512863,-71.945534,1541.266724,-4433.976074,-63.796638,1460.591064,-4440.639160,-58.716511,1584.486450,-4461.756836,-90.299248,1492.625977,-4394.274902,-74.969833,1627.363403,-4439.234375,-63.944809,1460.421631,-4440.334961,-58.725357,1584.527222,-4461.752441,-90.074074,1492.736572,-4394.717773,-75.006805,1627.375000,-4439.158691,2616.329590,1567.750732,-3159.760010,,,,,,,,,,,,,,,,,,,,,,,,,,,,,,,,,
2896,28.960000,0.000000,0.000000,0.000000,1.000000,0.000000,0.000000,0.000000,57.698101,20.499701,-14.700500,0.047771,-0.013570,0.015998,-15.666301,-52.738201,18.801300,-93.396698,0.129960,17.611099,-0.176694,-0.513111,-0.664086,0.514283,-73.050423,1541.317139,-4433.585449,-64.895187,1460.636841,-4440.183594,-59.991814,1584.506348,-4461.494141,-91.167404,1492.720337,-4393.722168,-76.147377,1627.405151,-4438.942871,-64.979103,1460.563721,-4439.854980,-60.113125,1584.505737,-4461.471680,-90.980873,1492.806396,-4394.222168,-76.095558,1627.403687,-4438.872559,2616.295898,1567.731689,-3159.773926,,,,,,,,,,,,,,,,,,,,,,,,,,,,,,,,,
2897,28.970000,0.000000,0.000000,0.000000,1.000000,0.000000,0.000000,0.000000,57.698101,20.499701,-14.700500,0.047771,-0.013570,0.015998,-15.666301,-52.738201,18.801300,-93.396698,0.129960,17.611099,-0.174671,-0.516017,-0.661694,0.515149,-74.120239,1541.336914,-4433.237793,-65.398254,1460.688110,-4439.484863,-61.241238,1584.503418,-4461.264160,-92.068481,1492.775757,-4393.254395,-77.773079,1627.380615,-4438.946289,-65.318443,1460.902466,-4439.083496,-61.620541,1584.372803,-4461.374023,-92.036919,1492.828979,-4393.780762,-77.509773,1627.262695,-4438.750977,2616.286377,1567.752319,-3159.785400,,,,,,,,,,,,,,,,,,,,,,,,,,,,,,,,,
2898,28.980000,0.000000,0.000000,0.000000,1.000000,0.000000,0.000000,0.000000,57.698101,20.499701,-14.700500,0.047771,-0.013570,0.015998,-15.666301,-52.738201,18.801300,-93.396698,0.129960,17.611099,-0.173967,-0.516512,-0.661227,0.515490,-75.467674,1541.210938,-4432.972168,-66.592216,1460.576294,-4439.187988,-62.641785,1584.392700,-4460.999512,-93.364014,1492.628662,-4392.991211,-79.272804,1627.245972,-4438.709473,-66.365585,1460.829468,-4438.869141,-63.178627,1584.195435,-4461.176758,-93.463448,1492.743286,-4393.390625,-78.883453,1627.070068,-4438.450195,2616.278076,1567.752441,-3159.799072,,,,,,,,,,,,,,,,,,,,,,,,,,,,,,,,,
2899,28.990000,0.000000,0.000000,0.000000,1.000000,0.000000,0.000000,0.000000,57.698101,20.499701,-14.700500,0.047771,-0.013570,0.015998,-15.666301,-52.738201,18.801300,-93.396698,0.129960,17.611099,-0.169209,-0.517634,-0.665145,0.510887,-76.548157,1541.179199,-4432.424316,-67.974648,1460.540039,-4438.995117,-63.136517,1584.460938,-4460.020020,-95.217880,1492.452148,-4392.977051,-79.863701,1627.263794,-4437.705078,-67.953270,1460.617554,-4438.608887,-63.405804,1584.463379,-4460.141602,-95.154930,1492.455444,-4393.443359,-79.670952,1627.187378,-4437.540039,2616.289062,1567.721924,-3159.791260,,,,,,,,,,,,,,,,,,,,,,,,,,,,,,,,,
2900,29.000000,0.000000,0.000000,0.000000,1.000000,0.000000,0.000000,0.000000,57.698101,20.499701,-14.700500,0.047771,-0.013570,0.015998,-15.666301,-52.738201,18.801300,-93.396698,0.129960,17.611099,-0.170191,-0.516570,-0.666013,0.510507,-77.938705,1540.965210,-4432.164062,-69.599869,1460.310547,-4438.844727,-64.454300,1584.242310,-4459.731445,-96.676033,1492.243286,-4392.742676,-81.024734,1627.064941,-4437.337891,-69.772408,1460.298706,-4438.567871,-64.434052,1584.383667,-4459.733887,-96.482147,1492.250366,-4393.070312,-81.058029,1626.926880,-4437.300781,2616.294922,1567.711060,-3159.785156,,,,,,,,,,,,,,,,,,,,,,,,,,,,,,,,,
2901,29.010000,0.000000,0.000000,0.000000,1.000000,0.000000,0.000000,0.000000,57.698101,20.499701,-14.700500,0.047771,-0.013570,0.015998,-15.666301,-52.738201,18.801300,-93.396698,0.129960,17.611099,-0.172664,-0.515805,-0.664977,0.511799,-79.360695,1540.794678,-4431.671875,-71.062836,1460.125732,-4438.228027,-66.034119,1584.012329,-4459.409180,-97.871933,1492.157959,-4392.039062,-82.473984,1626.883301,-4437.011719,-71.156837,1460.249878,-4437.817871,-66.150848,1584.040527,-4459.507324,-97.720543,1492.128052,-4392.517090,-82.395729,1626.773315,-4436.874512,2616.282471,1567.755615,-3159.791992,,,,,,,,,,,,,,,,,,,,,,,,,,,,,,,,,
2902,29.020000,0.000000,0.000000,0.000000,1.000000,0.000000,0.000000,0.000000,57.698101,20.499701,-14.700500,0.047771,-0.013570,0.015998,-15.666301,-52.738201,18.801300,-93.396698,0.129960,17.611099,-0.180649,-0.510935,-0.662529,0.517075,-80.459595,1540.731323,-4430.962891,-72.337074,1460.043213,-4437.505371,-67.727417,1583.876587,-4459.089355,-98.116798,1492.197510,-4390.817871,-83.657181,1626.808105,-4436.439941,-72.363625,1460.018677,-4437.352051,-67.804283,1583.795532,-4459.077637,-98.004623,1492.448975,-4391.155762,-83.643768,1626.709961,-4436.328125,2616.283936,1567.735596,-3159.788330,,,,,,,,,,,,,,,,,,,,,,,,,,,,,,,,,
2903,29.030000,0.000000,0.000000,0.000000,1.000000,0.000000,0.000000,0.000000,57.698101,20.499701,-14.700500,0.047771,-0.013570,0.015998,-15.666301,-52.738201,18.801300,-93.396698,0.129960,17.611099,-0.177004,-0.514136,-0.661591,0.516364,-81.508499,1540.676880,-4430.290527,-72.935196,1460.018921,-4436.625488,-68.748360,1583.837402,-4458.380859,-99.269585,1492.123779,-4390.214355,-85.080971,1626.727661,-4435.941895,-72.817352,1460.130249,-4436.280273,-69.177238,1583.647827,-4458.453125,-99.250496,1492.322021,-4390.795410,-84.809517,1626.634033,-4435.731934,2616.291260,1567.750854,-3159.785400,,,,,,,,,,,,,,,,,,,,,,,,,,,,,,,,,
2904,29.040000,0.000000,0.000000,0.000000,1.000000,0.000000,0.000000,0.000000,57.698101,20.499701,-14.700500,0.047771,-0.013570,0.015998,-15.666301,-52.738201,18.801300,-93.396698,0.129960,17.611099,-0.172392,-0.516659,-0.663656,0.512743,-82.811668,1540.445435,-4429.808594,-74.258301,1459.790894,-4436.213379,-69.627983,1583.652588,-4457.630371,-101.160484,1491.825195,-4390.080078,-86.199997,1626.513306,-4435.311035,-74.156403,1459.901855,-4435.836914,-69.988472,1583.461304,-4457.821289,-101.152176,1491.895874,-4390.571777,-85.963135,1626.524780,-4435.049805,2616.280029,1567.741943,-3159.799316,,,,,,,,,,,,,,,,,,,,,,,,,,,,,,,,,
2905,29.050000,0.000000,0.000000,0.000000,1.000000,0.000000,0.000000,0.000000,57.698101,20.499701,-14.700500,0.047771,-0.013570,0.015998,-15.666301,-52.738201,18.801300,-93.396698,0.129960,17.611099,-0.168315,-0.518939,-0.665514,0.509375,-84.434944,1540.148682,-4429.331055,-75.916367,1459.494751,-4435.788574,-70.862907,1583.390503,-4456.911133,-103.320496,1491.478394,-4389.916504,-87.640106,1626.231689,-4434.707031,-75.991852,1459.504272,-4435.514648,-70.959236,1583.395630,-4456.917480,-103.173767,1491.529541,-4390.302734,-87.592415,1626.178101,-4434.634277,2616.297363,1567.782593,-3159.793701,,,,,,,,,,,,,,,,,,,,,,,,,,,,,,,,,
2906,29.060000,0.000000,0.000000,0.000000,1.000000,0.000000,0.000000,0.000000,57.698101,20.499701,-14.700500,0.047771,-0.013570,0.015998,-15.666301,-52.738201,18.801300,-93.396698,0.129960,17.611099,-0.170021,-0.517923,-0.665756,0.509527,-85.597290,1540.034424,-4428.421875,-77.274467,1459.361694,-4434.901855,-72.025436,1583.244507,-4456.051270,-104.454292,1491.407959,-4388.939453,-88.635086,1626.123535,-4433.794922,-77.337563,1459.322388,-4434.561523,-72.140457,1583.228271,-4456.125488,-104.315025,1491.433716,-4389.374512,-88.576103,1626.152832,-4433.665039,2616.255371,1567.717896,-3159.791260,,,,,,,,,,,,,,,,,,,,,,,,,,,,,,,,,
2907,29.070000,0.000000,0.000000,0.000000,1.000000,0.000000,0.000000,0.000000,57.698101,20.499701,-14.700500,0.047771,-0.013570,0.015998,-15.666301,-52.738201,18.801300,-93.396698,0.129960,17.611099,-0.175877,-0.514669,-0.663545,0.513703,-86.914917,1539.781006,-4427.764648,-78.644890,1459.097412,-4434.176270,-73.820633,1582.929932,-4455.718262,-105.098175,1491.242188,-4387.860352,-90.096062,1625.854492,-4433.302734,-78.605179,1459.119141,-4433.887695,-74.042007,1582.701538,-4455.852539,-105.033234,1491.392212,-4388.314453,-89.983551,1625.918091,-4433.068848,2616.274658,1567.758911,-3159.780273,,,,,,,,,,,,,,,,,,,,,,,,,,,,,,,,,
2908,29.080000,0.000000,0.000000,0.000000,1.000000,0.000000,0.000000,0.000000,57.698101,20.499701,-14.700500,0.047771,-0.013570,0.015998,-15.666301,-52.738201,18.801300,-93.396698,0.129960,17.611099,-0.176611,-0.514479,-0.662954,0.514405,-88.227448,1539.627686,-4427.066406,-79.912903,1458.944580,-4433.425781,-75.222939,1582.761963,-4455.084961,-106.291962,1491.110352,-4387.082031,-91.482101,1625.694092,-4432.671875,-79.857300,1458.984985,-4433.204102,-75.459991,1582.455811,-4455.156738,-106.230095,1491.359985,-4387.533691,-91.376297,1625.722534,-4432.459961,2616.244873,1567.759888,-3159.787842,,,,,,,,,,,,,,,,,,,,,,,,,,,,,,,,,
2909,29.090000,0.000000,0.000000,0.000000,1.000000,0.000000,0.000000,0.000000,57.698101,20.499701,-14.700500,0.047771,-0.013570,0.015998,-15.666301,-52.738201,18.801300,-93.396698,0.129960,17.611099,-0.172012,-0.518257,-0.663296,0.511723,-89.790672,1539.432617,-4426.281738,-81.221313,1458.762329,-4432.462891,-76.519653,1582.570801,-4454.168945,-108.263611,1490.910767,-4386.490234,-93.158203,1625.486938,-4432.005371,-81.190109,1458.912231,-4432.038574,-76.807556,1582.387085,-4454.321289,-108.189934,1490.910034,-4387.021973,-92.974968,1625.528442,-4431.789062,2616.280762,1567.767822,-3159.782959,,,,,,,,,,,,,,,,,,,,,,,,,,,,,,,,,
2910,29.100000,0.000000,0.000000,0.000000,1.000000,0.000000,0.000000,0.000000,57.698101,20.499701,-14.700500,0.047771,-0.013570,0.015998,-15.666301,-52.738201,18.801300,-93.396698,0.129960,17.611099,-0.170637,-0.518306,-0.665600,0.509135,-91.094170,1539.294312,-4425.377441,-82.842201,1458.605225,-4431.742188,-77.486755,1582.453003,-4453.069824,-109.990524,1490.741089,-4385.823730,-94.057281,1625.378418,-4430.873535,-83.070770,1458.455322,-4431.534668,-77.358650,1582.574219,-4453.008789,-109.758125,1490.735718,-4386.078125,-94.182533,1625.394531,-4430.890625,2616.317871,1567.742065,-3159.748291,,,,,,,,,,,,,,,,,,,,,,,,,,,,,,,,,
2911,29.110000,0.000000,0.000000,0.000000,1.000000,0.000000,0.000000,0.000000,57.698101,20.499701,-14.700500,0.047771,-0.013570,0.015998,-15.666301,-52.738201,18.801300,-93.396698,0.129960,17.611099,-0.176867,-0.513858,-0.665013,0.512275,-92.680855,1538.967896,-4424.745117,-84.791771,1458.253174,-4431.244141,-79.387993,1582.084717,-4452.654785,-111.086128,1490.472656,-4384.890137,-95.457611,1625.061279,-4430.190918,-84.984230,1458.021118,-4431.086426,-79.276672,1582.078857,-4452.569824,-110.830780,1490.679199,-4385.208008,-95.610535,1625.101562,-4430.160156,2616.303223,1567.733887,-3159.742676,,,,,,,,,,,,,,,,,,,,,,,,,,,,,,,,,
2912,29.120000,0.000000,0.000000,0.000000,1.000000,0.000000,0.000000,0.000000,57.698101,20.499701,-14.700500,0.047771,-0.013570,0.015998,-15.666301,-52.738201,18.801300,-93.396698,0.129960,17.611099,-0.175428,-0.516874,-0.663065,0.512261,-93.960213,1538.951660,-4423.747559,-85.678696,1458.244873,-4429.845215,-80.741119,1582.001221,-4451.795410,-112.319183,1490.554688,-4383.751953,-97.101944,1625.005981,-4429.597168,-85.735977,1458.393188,-4429.494141,-80.913643,1581.870850,-4451.804199,-112.160004,1490.603394,-4384.270020,-97.011307,1624.969849,-4429.489258,2616.283936,1567.745239,-3159.763184,,,,,,,,,,,,,,,,,,,,,,,,,,,,,,,,,
2913,29.130000,0.000000,0.000000,0.000000,1.000000,0.000000,0.000000,0.000000,57.698101,20.499701,-14.700500,0.047771,-0.013570,0.015998,-15.666301,-52.738201,18.801300,-93.396698,0.129960,17.611099,-0.176066,-0.517179,-0.662044,0.513055,-95.667923,1538.767944,-4422.997559,-87.271927,1458.062988,-4428.961426,-82.563560,1581.786377,-4451.146973,-113.883408,1490.416138,-4382.881836,-98.952888,1624.806396,-4429.000000,-87.010506,1458.355835,-4428.543945,-83.161430,1581.433716,-4451.523438,-114.005196,1490.420288,-4383.302734,-98.538292,1624.832886,-4428.615723,2616.258057,1567.727417,-3159.763916,,,,,,,,,,,,,,,,,,,,,,,,,,,,,,,,,
2914,29.140000,0.000000,0.000000,0.000000,1.000000,0.000000,0.000000,0.000000,57.698101,20.499701,-14.700500,0.047771,-0.013570,0.015998,-15.666301,-52.738201,18.801300,-93.396698,0.129960,17.611099,-0.172119,-0.518200,-0.665908,0.508342,-97.050919,1538.615356,-4422.078613,-89.043648,1457.893921,-4428.346191,-83.348679,1581.697266,-4449.843750,-116.044235,1490.170044,-4382.438965,-99.767212,1624.700439,-4427.685059,-89.097313,1457.878418,-4427.961914,-83.488655,1581.745850,-4449.959473,-115.935265,1490.104004,-4382.854980,-99.672424,1624.719482,-4427.555176,2616.262451,1567.736206,-3159.756592,,,,,,,,,,,,,,,,,,,,,,,,,,,,,,,,,
2915,29.150000,0.000000,0.000000,0.000000,1.000000,0.000000,0.000000,0.000000,57.698101,20.499701,-14.700500,0.047771,-0.013570,0.015998,-15.666301,-52.738201,18.801300,-93.396698,0.129960,17.611099,-0.172230,-0.518703,-0.666183,0.507429,-98.802536,1538.403564,-4421.269531,-90.902481,1457.665649,-4427.459961,-84.999413,1581.443237,-4449.050293,-117.921097,1490.017700,-4381.617676,-101.387245,1624.487793,-4426.949707,-91.182388,1457.598755,-4427.247559,-84.851944,1581.638916,-4448.906738,-117.629539,1490.041504,-4381.915527,-101.527580,1624.341797,-4427.019043,2616.322510,1567.775024,-3159.758545,,,,,,,,,,,,,,,,,,,,,,,,,,,,,,,,,
2916,29.160000,0.000000,0.000000,0.000000,1.000000,0.000000,0.000000,0.000000,57.698101,20.499701,-14.700500,0.047771,-0.013570,0.015998,-15.666301,-52.738201,18.801300,-93.396698,0.129960,17.611099,-0.180388,-0.514877,-0.662226,0.513632,-100.319855,1538.466309,-4420.430176,-92.355057,1457.716919,-4426.383789,-87.256531,1581.395020,-4448.735352,-118.415993,1490.240112,-4380.109863,-103.251938,1624.513550,-4426.491211,-92.496780,1457.578125,-4426.274414,-87.176605,1581.159424,-4448.578613,-118.192200,1490.364868,-4380.398926,-103.394485,1624.775635,-4426.490723,2616.288574,1567.736450,-3159.748047,,,,,,,,,,,,,,,,,,,,,,,,,,,,,,,,,
2917,29.170000,0.000000,0.000000,0.000000,1.000000,0.000000,0.000000,0.000000,57.698101,20.499701,-14.700500,0.047771,-0.013570,0.015998,-15.666301,-52.738201,18.801300,-93.396698,0.129960,17.611099,-0.176256,-0.517380,-0.662522,0.512168,-101.674171,1538.357178,-4419.290527,-93.416557,1457.635620,-4425.223145,-88.463478,1581.344116,-4447.438477,-120.017975,1490.049316,-4379.180664,-104.798752,1624.399780,-4425.320312,-93.153229,1457.972900,-4424.578613,-89.161583,1581.064575,-4447.824707,-120.104439,1490.025269,-4379.837402,-104.306923,1624.377686,-4424.903809,2616.302979,1567.757935,-3159.758545,,,,,,,,,,,,,,,,,,,,,,,,,,,,,,,,,
2918,29.180000,0.000000,0.000000,0.000000,1.000000,0.000000,0.000000,0.000000,57.698101,20.499701,-14.700500,0.047771,-0.013570,0.015998,-15.666301,-52.738201,18.801300,-93.396698,0.129960,17.611099,-0.172564,-0.520166,-0.664624,0.507863,-103.318146,1538.132324,-4418.400879,-95.230713,1457.390259,-4424.288086,-89.613228,1581.099121,-4446.342285,-122.326775,1489.851562,-4378.568359,-106.101974,1624.188477,-4424.404297,-95.239868,1457.475342,-4423.964844,-89.836220,1581.164673,-4446.391602,-122.246559,1489.870728,-4378.971191,-105.936012,1624.023804,-4424.301270,2616.269531,1567.740234,-3159.775879,,,,,,,,,,,,,,,,,,,,,,,,,,,,,,,,,
2919,29.190000,0.000000,0.000000,0.000000,1.000000,0.000000,0.000000,0.000000,57.698101,20.499701,-14.700500,0.047771,-0.013570,0.015998,-15.666301,-52.738201,18.801300,-93.396698,0.129960,17.611099,-0.173162,-0.518233,-0.666598,0.507046,-105.042458,1538.040649,-4417.546387,-97.316109,1457.286621,-4423.744629,-91.183411,1581.051147,-4445.344238,-124.213966,1489.695190,-4377.870605,-107.456444,1624.129883,-4423.225586,-97.500816,1457.114014,-4423.553223,-91.093811,1581.179932,-4445.301270,-123.996712,1489.818115,-4378.154297,-107.563301,1624.051758,-4423.199707,2616.283936,1567.750366,-3159.777344,,,,,,,,,,,,,,,,,,,,,,,,,,,,,,,,,
2920,29.200000,0.000000,0.000000,0.000000,1.000000,0.000000,0.000000,0.000000,57.698101,20.499701,-14.700500,0.047771,-0.013570,0.015998,-15.666301,-52.738201,18.801300,-93.396698,0.129960,17.611099,-0.177848,-0.515513,-0.664947,0.510355,-106.482819,1538.002197,-4416.609863,-98.813744,1457.239868,-4422.771973,-92.999321,1580.969482,-4444.658203,-125.122246,1489.718628,-4376.606445,-108.996078,1624.081177,-4422.401855,-98.801704,1457.168945,-4422.492188,-93.155876,1580.865845,-4444.780762,-125.038147,1489.891235,-4377.039062,-108.921745,1624.107788,-4422.187012,2616.230225,1567.727295,-3159.784180,,,,,,,,,,,,,,,,,,,,,,,,,,,,,,,,,
2921,29.210000,0.000000,0.000000,0.000000,1.000000,0.000000,0.000000,0.000000,57.698101,20.499701,-14.700500,0.047771,-0.013570,0.015998,-15.666301,-52.738201,18.801300,-93.396698,0.129960,17.611099,-0.175918,-0.518701,-0.663082,0.510220,-108.057243,1537.992188,-4415.560059,-99.965027,1457.242676,-4421.337891,-94.633041,1580.905396,-4443.719727,-126.674995,1489.788330,-4375.451172,-110.956017,1624.032593,-4421.731934,-99.865387,1457.461548,-4420.860352,-95.055450,1580.685669,-4443.904785,-126.636284,1489.867310,-4376.088379,-110.681847,1623.975098,-4421.452148,2616.294678,1567.742554,-3159.781982,,,,,,,,,,,,,,,,,,,,,,,,,,,,,,,,,
2922,29.220000,0.000000,0.000000,0.000000,1.000000,0.000000,0.000000,0.000000,57.698101,20.499701,-14.700500,0.047771,-0.013570,0.015998,-15.666301,-52.738201,18.801300,-93.396698,0.129960,17.611099,-0.174976,-0.518559,-0.664109,0.509352,-109.951256,1537.843018,-4414.769043,-101.947891,1457.094482,-4420.682129,-96.405937,1580.792725,-4442.814941,-128.725113,1489.586304,-4374.796387,-112.726196,1623.898682,-4420.783203,-101.932678,1457.151245,-4420.406738,-96.570511,1580.662598,-4442.946777,-128.668365,1489.641602,-4375.157715,-112.630455,1623.922485,-4420.594727,2616.338623,1567.708374,-3159.767090,,,,,,,,,,,,,,,,,,,,,,,,,,,,,,,,,
2923,29.230000,0.000000,0.000000,0.000000,1.000000,0.000000,0.000000,0.000000,57.698101,20.499701,-14.700500,0.047771,-0.013570,0.015998,-15.666301,-52.738201,18.801300,-93.396698,0.129960,17.611099,-0.173145,-0.518458,-0.667077,0.506192,-111.555054,1537.835327,-4413.906250,-103.944138,1457.069092,-4420.087891,-97.594063,1580.822388,-4441.689453,-130.852112,1489.522461,-4374.251953,-113.830002,1623.927856,-4419.595215,-104.252899,1456.900635,-4419.882812,-97.403465,1580.965088,-4441.528809,-130.540451,1489.519165,-4374.537598,-114.009529,1623.942383,-4419.676758,2616.323730,1567.763184,-3159.755859,,,,,,,,,,,,,,,,,,,,,,,,,,,,,,,,,
2924,29.240000,0.000000,0.000000,0.000000,1.000000,0.000000,0.000000,0.000000,57.698101,20.499701,-14.700500,0.047771,-0.013570,0.015998,-15.666301,-52.738201,18.801300,-93.396698,0.129960,17.611099,-0.178372,-0.515704,-0.665134,0.509735,-113.352722,1537.787354,-4412.974121,-105.802490,1457.008545,-4419.068848,-99.799660,1580.711426,-4441.055176,-132.072052,1489.564331,-4372.935547,-115.736801,1623.865112,-4418.837402,-105.995567,1457.018066,-4418.872070,-99.698372,1580.615356,-4441.006348,-131.788193,1489.755615,-4373.338867,-115.879265,1623.809204,-4418.761230,2616.292236,1567.717651,-3159.786621,,,,,,,,,,,,,,,,,,,,,,,,,,,,,,,,,
2925,29.250000,0.000000,0.000000,0.000000,1.000000,0.000000,0.000000,0.000000,57.698101,20.499701,-14.700500,0.047771,-0.013570,0.015998,-15.666301,-52.738201,18.801300,-93.396698,0.129960,17.611099,-0.177315,-0.517938,-0.662906,0.510740,-114.769272,1537.886841,-4411.950684,-106.764175,1457.128174,-4417.720703,-101.399811,1580.777100,-4440.171387,-133.298096,1489.715210,-4371.761719,-117.615105,1623.927124,-4418.148438,-106.549973,1457.410034,-4417.384766,-101.879112,1580.439453,-4440.422852,-133.379639,1489.850342,-4372.193359,-117.298981,1623.839600,-4417.817871,2616.274170,1567.729126,-3159.798340,,,,,,,,,,,,,,,,,,,,,,,,,,,,,,,,,
2926,29.260000,0.000000,0.000000,0.000000,1.000000,0.000000,0.000000,0.000000,57.698101,20.499701,-14.700500,0.047771,-0.013570,0.015998,-15.666301,-52.738201,18.801300,-93.396698,0.129960,17.611099,-0.174072,-0.519427,-0.664188,0.508674,-116.618263,1537.820435,-4411.074707,-108.577271,1457.071777,-4416.933594,-103.005249,1580.762939,-4439.098145,-135.491959,1489.574341,-4371.136230,-119.398651,1623.873169,-4417.129883,-108.430069,1457.237427,-4416.455078,-103.553841,1580.649536,-4439.261719,-135.501068,1489.574219,-4371.720215,-119.015671,1623.822021,-4416.898926,2616.277832,1567.726074,-3159.791504,,,,,,,,,,,,,,,,,,,,,,,,,,,,,,,,,
2927,29.270000,0.000000,0.000000,0.000000,1.000000,0.000000,0.000000,0.000000,57.698101,20.499701,-14.700500,0.047771,-0.013570,0.015998,-15.666301,-52.738201,18.801300,-93.396698,0.129960,17.611099,-0.171659,-0.519598,-0.667686,0.504725,-118.468239,1537.735107,-4410.379883,-110.878838,1456.964600,-4416.533691,-104.344749,1580.716187,-4438.090332,-137.988937,1489.430420,-4370.825195,-120.660545,1623.829590,-4416.070312,-111.151901,1456.794678,-4416.352051,-104.173492,1581.040283,-4437.930176,-137.745209,1489.378662,-4371.022949,-120.790863,1623.745972,-4416.187988,2616.286621,1567.754272,-3159.786621,,,,,,,,,,,,,,,,,,,,,,,,,,,,,,,,,
2928,29.280000,0.000000,0.000000,0.000000,1.000000,0.000000,0.000000,0.000000,57.698101,20.499701,-14.700500,0.047771,-0.013570,0.015998,-15.666301,-52.738201,18.801300,-93.396698,0.129960,17.611099,-0.178161,-0.514973,-0.665962,0.509467,-119.980492,1537.797729,-4409.359863,-112.530144,1457.021729,-4415.610840,-106.370941,1580.759521,-4437.355957,-138.764191,1489.520142,-4369.416992,-122.256798,1623.889526,-4415.055664,-112.585770,1456.951294,-4415.405273,-106.392624,1580.710449,-4437.435547,-138.641190,1489.703735,-4369.748535,-122.284286,1623.854248,-4414.888672,2616.289062,1567.710938,-3159.793945,,,,,,,,,,,,,,,,,,,,,,,,,,,,,,,,,
2929,29.290000,0.000000,0.000000,0.000000,1.000000,0.000000,0.000000,0.000000,57.698101,20.499701,-14.700500,0.047771,-0.013570,0.015998,-15.666301,-52.738201,18.801300,-93.396698,0.129960,17.611099,-0.180002,-0.515036,-0.663659,0.511755,-121.622177,1537.822021,-4408.498047,-113.921570,1457.051147,-4414.506836,-108.320229,1580.732300,-4436.719238,-140.012970,1489.619995,-4368.281738,-124.234016,1623.884766,-4414.482422,-113.832695,1457.127808,-4414.192871,-108.629074,1580.515747,-4436.879883,-139.981827,1489.854614,-4368.804688,-124.053810,1623.815796,-4414.198242,2616.300781,1567.723755,-3159.783691,,,,,,,,,,,,,,,,,,,,,,,,,,,,,,,,,
2930,29.300000,0.000000,0.000000,0.000000,1.000000,0.000000,0.000000,0.000000,57.698101,20.499701,-14.700500,0.047771,-0.013570,0.015998,-15.666301,-52.738201,18.801300,-93.396698,0.129960,17.611099,-0.171773,-0.520958,-0.664974,0.506860,-123.319023,1537.795288,-4407.669922,-115.261703,1457.047119,-4413.514160,-109.504295,1580.747437,-4435.579590,-142.476501,1489.535034,-4367.884277,-126.033691,1623.851685,-4413.701660,-115.222176,1457.118774,-4413.136719,-109.818680,1580.701538,-4435.659668,-142.412369,1489.545166,-4368.371094,-125.820938,1623.822510,-4413.556152,2616.304688,1567.717896,-3159.779297,,,,,,,,,,,,,,,,,,,,,,,,,,,,,,,,,
2931,29.310000,0.000000,0.000000,0.000000,1.000000,0.000000,0.000000,0.000000,57.698101,20.499701,-14.700500,0.047771,-0.013570,0.015998,-15.666301,-52.738201,18.801300,-93.396698,0.129960,17.611099,-0.173847,-0.518141,-0.665926,0.507789,-125.096024,1537.752319,-4406.895020,-117.307007,1456.999146,-4413.027832,-111.332878,1580.747437,-4434.764160,-144.142776,1489.429199,-4367.132324,-127.601501,1623.833496,-4412.656250,-117.542145,1456.847290,-4412.865234,-111.120186,1580.830444,-4434.756348,-143.917313,1489.492554,-4367.342285,-127.803627,1623.832031,-4412.618652,2616.269287,1567.709839,-3159.778076,,,,,,,,,,,,,,,,,,,,,,,,,,,,,,,,,
2932,29.320000,0.000000,0.000000,0.000000,1.000000,0.000000,0.000000,0.000000,57.698101,20.499701,-14.700500,0.047771,-0.013570,0.015998,-15.666301,-52.738201,18.801300,-93.396698,0.129960,17.611099,-0.178003,-0.514435,-0.666535,0.509315,-126.815872,1537.720215,-4406.197754,-119.431137,1456.947144,-4412.562500,-113.170670,1580.710571,-4434.132324,-145.639832,1489.401611,-4366.323242,-129.021942,1623.822021,-4411.771973,-119.624023,1456.749146,-4412.401367,-113.049278,1580.718262,-4434.073242,-145.404953,1489.546021,-4366.605957,-129.173676,1623.866455,-4411.738281,2616.248779,1567.734619,-3159.789062,,,,,,,,,,,,,,,,,,,,,,,,,,,,,,,,,
2933,29.330000,0.000000,0.000000,0.000000,1.000000,0.000000,0.000000,0.000000,57.698101,20.499701,-14.700500,0.047771,-0.013570,0.015998,-15.666301,-52.738201,18.801300,-93.396698,0.129960,17.611099,-0.175121,-0.517648,-0.664489,0.509733,-128.258057,1537.815552,-4405.243652,-120.291275,1457.073853,-4411.296387,-114.736465,1580.805176,-4433.239746,-146.993515,1489.501953,-4365.322266,-131.011032,1623.881714,-4411.117188,-120.186752,1457.295166,-4410.790527,-115.159157,1580.565430,-4433.488281,-146.968018,1489.527466,-4365.935059,-130.733368,1623.881836,-4410.803711,2616.242676,1567.702515,-3159.781250,,,,,,,,,,,,,,,,,,,,,,,,,,,,,,,,,
2934,29.340000,0.000000,0.000000,0.000000,1.000000,0.000000,0.000000,0.000000,57.698101,20.499701,-14.700500,0.047771,-0.013570,0.015998,-15.666301,-52.738201,18.801300,-93.396698,0.129960,17.611099,-0.176490,-0.516577,-0.663984,0.511004,-130.303192,1537.621704,-4404.684082,-122.329872,1456.882935,-4410.767578,-116.922737,1580.615356,-4432.741211,-148.842773,1489.302490,-4364.677734,-133.117477,1623.686279,-4410.549805,-122.060539,1457.051880,-4410.346191,-117.570625,1580.257690,-4433.150879,-148.967041,1489.395020,-4365.174316,-132.690552,1623.732422,-4410.107910,2616.283936,1567.734741,-3159.775146,,,,,,,,,,,,,,,,,,,,,,,,,,,,,,,,,
2935,29.350000,0.000000,0.000000,0.000000,1.000000,0.000000,0.000000,0.000000,57.698101,20.499701,-14.700500,0.047771,-0.013570,0.015998,-15.666301,-52.738201,18.801300,-93.396698,0.129960,17.611099,-0.173210,-0.516814,-0.667864,0.506813,-131.857895,1537.523193,-4403.901855,-124.309151,1456.772217,-4410.354980,-117.929817,1580.589355,-4431.579102,-151.100082,1489.096924,-4364.359375,-134.092651,1623.634399,-4409.313965,-124.499641,1456.638550,-4410.197266,-117.835098,1580.709717,-4431.476562,-150.896271,1489.118042,-4364.580566,-134.190170,1623.620483,-4409.357910,2616.280029,1567.733154,-3159.766113,,,,,,,,,,,,,,,,,,,,,,,,,,,,,,,,,
2936,29.360000,0.000000,0.000000,0.000000,1.000000,0.000000,0.000000,0.000000,57.698101,20.499701,-14.700500,0.047771,-0.013570,0.015998,-15.666301,-52.738201,18.801300,-93.396698,0.129960,17.611099,-0.173704,-0.515897,-0.668400,0.506872,-133.843033,1537.354736,-4403.292969,-126.408264,1456.602539,-4409.861816,-119.899796,1580.438721,-4430.935059,-153.089920,1488.901978,-4363.785156,-135.974258,1623.475830,-4408.590332,-126.673103,1456.605469,-4409.540039,-119.785042,1580.513794,-4430.945801,-152.810135,1488.869263,-4364.170898,-136.091888,1623.422974,-4408.541016,2616.286133,1567.709961,-3159.766846,,,,,,,,,,,,,,,,,,,,,,,,,,,,,,,,,
2937,29.370000,0.000000,0.000000,0.000000,1.000000,0.000000,0.000000,0.000000,57.698101,20.499701,-14.700500,0.047771,-0.013570,0.015998,-15.666301,-52.738201,18.801300,-93.396698,0.129960,17.611099,-0.183500,-0.508797,-0.665432,0.514445,-135.331970,1537.414062,-4402.399414,-128.045654,1456.660156,-4409.112305,-122.224464,1580.481445,-4430.472656,-153.392136,1488.985718,-4362.306152,-137.665741,1623.529297,-4407.706543,-127.991692,1456.696899,-4408.854004,-122.419830,1580.246582,-4430.670898,-153.349884,1489.227295,-4362.741699,-137.572937,1623.500977,-4407.402344,2616.280273,1567.713257,-3159.753418,,,,,,,,,,,,,,,,,,,,,,,,,,,,,,,,,
2938,29.380000,0.000000,0.000000,0.000000,1.000000,0.000000,0.000000,0.000000,57.698101,20.499701,-14.700500,0.047771,-0.013570,0.015998,-15.666301,-52.738201,18.801300,-93.396698,0.129960,17.611099,-0.179418,-0.511291,-0.665704,0.513059,-137.079697,1537.434814,-4401.723145,-129.491913,1456.707275,-4408.417969,-123.832909,1580.559082,-4429.643066,-155.377365,1488.926880,-4361.833984,-139.616730,1623.546387,-4406.997559,-129.297516,1456.917358,-4408.031738,-124.343208,1580.352783,-4429.858398,-155.450272,1488.922119,-4362.258789,-139.256180,1623.541260,-4406.744629,2616.293457,1567.758423,-3159.764404,,,,,,,,,,,,,,,,,,,,,,,,,,,,,,,,,
2939,29.390000,0.000000,0.000000,0.000000,1.000000,0.000000,0.000000,0.000000,57.698101,20.499701,-14.700500,0.047771,-0.013570,0.015998,-15.666301,-52.738201,18.801300,-93.396698,0.129960,17.611099,-0.172216,-0.515276,-0.668083,0.508426,-139.113815,1537.267944,-4401.211914,-131.381210,1456.560913,-4407.989258,-125.340729,1580.473877,-4428.748047,-158.166321,1488.643433,-4361.820801,-141.567078,1623.393799,-4406.288574,-131.386169,1456.648438,-4407.584961,-125.576286,1580.488892,-4428.857910,-158.096863,1488.520996,-4362.248535,-141.391754,1623.406372,-4406.170410,2616.234619,1567.729980,-3159.772217,,,,,,,,,,,,,,,,,,,,,,,,,,,,,,,,,
2940,29.400000,0.000000,0.000000,0.000000,1.000000,0.000000,0.000000,0.000000,57.698101,20.499701,-14.700500,0.047771,-0.013570,0.015998,-15.666301,-52.738201,18.801300,-93.396698,0.129960,17.611099,-0.175002,-0.511744,-0.669057,0.509760,-140.750687,1537.281494,-4400.380371,-133.342072,1456.572876,-4407.491211,-127.065048,1580.534424,-4427.886719,-159.634521,1488.587646,-4360.993652,-142.961227,1623.431396,-4405.148926,-133.373749,1456.366211,-4407.130371,-127.165916,1580.553711,-4428.059570,-159.545593,1488.611816,-4361.371582,-142.909897,1623.571533,-4404.943848,2616.268799,1567.769653,-3159.781006,,,,,,,,,,,,,,,,,,,,,,,,,,,,,,,,,
2941,29.410000,0.000000,0.000000,0.000000,1.000000,0.000000,0.000000,0.000000,57.698101,20.499701,-14.700500,0.047771,-0.013570,0.015998,-15.666301,-52.738201,18.801300,-93.396698,0.129960,17.611099,-0.183259,-0.506912,-0.666409,0.515127,-142.453995,1537.280273,-4399.622070,-135.225113,1456.550049,-4406.672363,-129.377777,1580.452515,-4427.548340,-160.462311,1488.701538,-4359.687500,-144.750900,1623.417358,-4404.580078,-135.147125,1456.508545,-4406.389648,-129.582901,1580.260132,-4427.824219,-160.460693,1488.837158,-4360.054688,-144.634201,1623.515991,-4404.246094,2616.258545,1567.733276,-3159.777832,,,,,,,,,,,,,,,,,,,,,,,,,,,,,,,,,
2942,29.420000,0.000000,0.000000,0.000000,1.000000,0.000000,0.000000,0.000000,57.698101,20.499701,-14.700500,0.047771,-0.013570,0.015998,-15.666301,-52.738201,18.801300,-93.396698,0.129960,17.611099,-0.178791,-0.509821,-0.665539,0.514951,-144.095444,1537.352783,-4398.866699,-136.299683,1456.667969,-4405.833008,-131.044037,1580.600586,-4426.687012,-162.150650,1488.670044,-4359.080078,-146.887512,1623.472778,-4403.866211,-136.163788,1456.809448,-4405.536621,-131.429993,1580.382690,-4426.818359,-162.173737,1488.816895,-4359.518555,-146.638123,1623.406616,-4403.637207,2616.290039,1567.753784,-3159.760010,,,,,,,,,,,,,,,,,,,,,,,,,,,,,,,,,
2943,29.430000,0.000000,0.000000,0.000000,1.000000,0.000000,0.000000,0.000000,57.698101,20.499701,-14.700500,0.047771,-0.013570,0.015998,-15.666301,-52.738201,18.801300,-93.396698,0.129960,17.611099,-0.173719,-0.511262,-0.669389,0.510246,-146.099106,1537.297119,-4398.300781,-138.566910,1456.617065,-4405.604492,-132.453354,1580.637573,-4425.688965,-164.945099,1488.478882,-4359.050293,-148.431168,1623.455322,-4402.859375,-138.509079,1456.613525,-4405.187500,-132.724609,1580.601074,-4425.927246,-164.924545,1488.448975,-4359.490723,-148.237381,1623.521973,-4402.609863,2616.286377,1567.771729,-3159.762695,,,,,,,,,,,,,,,,,,,,,,,,,,,,,,,,,
2944,29.440000,0.000000,0.000000,0.000000,1.000000,0.000000,0.000000,0.000000,57.698101,20.499701,-14.700500,0.047771,-0.013570,0.015998,-15.666301,-52.738201,18.801300,-93.396698,0.129960,17.611099,-0.176828,-0.508216,-0.671077,0.510004,-147.720520,1537.159180,-4397.595703,-140.743210,1456.452515,-4405.151855,-133.978699,1580.483276,-4424.961426,-166.620575,1488.359619,-4358.348145,-149.539673,1623.341675,-4401.921387,-140.801483,1456.476929,-4404.848145,-134.136673,1580.749023,-4424.983398,-166.522644,1488.410400,-4358.690430,-149.408173,1622.971680,-4401.861328,2616.274658,1567.768433,-3159.775391,,,,,,,,,,,,,,,,,,,,,,,,,,,,,,,,,
2945,29.450000,0.000000,0.000000,0.000000,1.000000,0.000000,0.000000,0.000000,57.698101,20.499701,-14.700500,0.047771,-0.013570,0.015998,-15.666301,-52.738201,18.801300,-93.396698,0.129960,17.611099,-0.184178,-0.503317,-0.668753,0.515286,-149.824600,1537.138062,-4397.012207,-142.986115,1456.422485,-4404.599121,-136.673553,1580.426514,-4424.722656,-167.881165,1488.389648,-4357.307129,-151.757660,1623.313965,-4401.419922,-143.043686,1456.311646,-4404.548340,-136.628464,1580.354736,-4424.701660,-167.757385,1488.707031,-4357.513672,-151.852539,1623.234497,-4401.319336,2616.268555,1567.712524,-3159.770752,,,,,,,,,,,,,,,,,,,,,,,,,,,,,,,,,
2946,29.460000,0.000000,0.000000,0.000000,1.000000,0.000000,0.000000,0.000000,57.698101,20.499701,-14.700500,0.047771,-0.013570,0.015998,-15.666301,-52.738201,18.801300,-93.396698,0.129960,17.611099,-0.181345,-0.506881,-0.666006,0.516354,-151.380997,1537.304810,-4396.248047,-143.822845,1456.618530,-4403.455566,-138.445435,1580.586060,-4424.070801,-169.240570,1488.572754,-4356.433594,-154.015259,1623.441895,-4401.031250,-143.643234,1456.832031,-4403.046875,-138.922867,1580.263306,-4424.326660,-169.284286,1488.734985,-4356.999512,-153.709396,1623.387085,-4400.682617,2616.305176,1567.717529,-3159.753906,,,,,,,,,,,,,,,,,,,,,,,,,,,,,,,,,
2947,29.470000,0.000000,0.000000,0.000000,1.000000,0.000000,0.000000,0.000000,57.698101,20.499701,-14.700500,0.047771,-0.013570,0.015998,-15.666301,-52.738201,18.801300,-93.396698,0.129960,17.611099,-0.174535,-0.511100,-0.667361,0.512780,-153.075729,1537.348022,-4395.530762,-145.207794,1456.690063,-4402.723145,-139.753128,1580.700439,-4423.058594,-171.519424,1488.515625,-4356.107422,-155.822662,1623.486206,-4400.233398,-145.219315,1456.911987,-4402.308594,-139.963150,1580.642334,-4423.187500,-171.439957,1488.475220,-4356.570312,-155.669418,1623.389893,-4400.066406,2616.296387,1567.749512,-3159.768311,,,,,,,,,,,,,,,,,,,,,,,,,,,,,,,,,
2948,29.480000,0.000000,0.000000,0.000000,1.000000,0.000000,0.000000,0.000000,57.698101,20.499701,-14.700500,0.047771,-0.013570,0.015998,-15.666301,-52.738201,18.801300,-93.396698,0.129960,17.611099,-0.174139,-0.510046,-0.669577,0.511073,-155.189331,1537.293945,-4395.078125,-147.671158,1456.626831,-4402.536621,-141.616974,1580.681030,-4422.428711,-173.930954,1488.408569,-4355.861328,-157.538361,1623.459473,-4399.485840,-147.872757,1456.540039,-4402.377930,-141.504745,1580.806152,-4422.326172,-173.729279,1488.382935,-4356.065918,-157.641342,1623.441650,-4399.543945,2616.279541,1567.743042,-3159.785645,,,,,,,,,,,,,,,,,,,,,,,,,,,,,,,,,
2949,29.490000,0.000000,0.000000,0.000000,1.000000,0.000000,0.000000,0.000000,57.698101,20.499701,-14.700500,0.047771,-0.013570,0.015998,-15.666301,-52.738201,18.801300,-93.396698,0.129960,17.611099,-0.177900,-0.507367,-0.668647,0.513655,-157.077499,1537.400635,-4394.619141,-149.668747,1456.728516,-4402.132812,-143.783920,1580.774536,-4422.126953,-175.414642,1488.533936,-4355.188477,-159.442810,1623.565674,-4399.027832,-149.834000,1456.525024,-4401.941895,-143.702515,1580.614258,-4422.063965,-175.202957,1488.470215,-4355.472168,-159.592941,1624.081909,-4399.012695,2616.297607,1567.734985,-3159.788818,,,,,,,,,,,,,,,,,,,,,,,,,,,,,,,,,
2950,29.500000,0.000000,0.000000,0.000000,1.000000,0.000000,0.000000,0.000000,57.698101,20.499701,-14.700500,0.047771,-0.013570,0.015998,-15.666301,-52.738201,18.801300,-93.396698,0.129960,17.611099,-0.181169,-0.503966,-0.668113,0.516547,-158.865814,1537.372314,-4394.024414,-151.549820,1456.712158,-4401.754395,-145.870102,1580.791138,-4421.604004,-176.774399,1488.441406,-4354.476562,-161.269012,1623.544922,-4398.262695,-151.492386,1456.639038,-4401.491211,-146.047668,1580.544556,-4421.817383,-176.744827,1488.576294,-4354.848633,-161.182724,1623.734863,-4397.964355,2616.260010,1567.747070,-3159.784912,,,,,,,,,,,,,,,,,,,,,,,,,,,,,,,,,
2951,29.510000,0.000000,0.000000,0.000000,1.000000,0.000000,0.000000,0.000000,57.698101,20.499701,-14.700500,0.047771,-0.013570,0.015998,-15.666301,-52.738201,18.801300,-93.396698,0.129960,17.611099,-0.178332,-0.507747,-0.666630,0.515747,-160.711716,1537.343506,-4393.442871,-152.957138,1456.689209,-4400.797852,-147.699707,1580.715454,-4421.088867,-178.706085,1488.483032,-4353.847168,-163.484070,1623.486694,-4398.038574,-152.800507,1456.999390,-4400.353516,-148.103836,1580.547974,-4421.389648,-178.760681,1488.501099,-4354.290039,-163.183029,1623.347778,-4397.716797,2616.274414,1567.744263,-3159.797119,,,,,,,,,,,,,,,,,,,,,,,,,,,,,,,,,
2952,29.520000,0.000000,0.000000,0.000000,1.000000,0.000000,0.000000,0.000000,57.698101,20.499701,-14.700500,0.047771,-0.013570,0.015998,-15.666301,-52.738201,18.801300,-93.396698,0.129960,17.611099,-0.172800,-0.509767,-0.670156,0.511046,-162.578339,1537.233032,-4393.013672,-154.995316,1456.588257,-4400.645996,-148.986420,1580.692261,-4420.239258,-181.356598,1488.244629,-4353.942871,-164.975143,1623.406982,-4397.225098,-155.202698,1456.589722,-4400.388184,-148.925720,1580.951294,-4420.190918,-181.165833,1488.146851,-4354.198242,-165.017365,1623.253174,-4397.270996,2616.287109,1567.736450,-3159.793945,,,,,,,,,,,,,,,,,,,,,,,,,,,,,,,,,
2953,29.530000,0.000000,0.000000,0.000000,1.000000,0.000000,0.000000,0.000000,57.698101,20.499701,-14.700500,0.047771,-0.013570,0.015998,-15.666301,-52.738201,18.801300,-93.396698,0.129960,17.611099,-0.179774,-0.504215,-0.670034,0.514298,-164.703461,1537.041260,-4392.718750,-157.629547,1456.373291,-4400.591797,-151.416275,1580.475464,-4420.135254,-182.983582,1488.085693,-4353.372070,-166.784546,1623.230957,-4396.776367,-157.803162,1456.212769,-4400.419434,-151.304733,1580.502197,-4420.119629,-182.772964,1488.233521,-4353.652344,-166.921143,1623.223145,-4396.711914,2616.309814,1567.747314,-3159.783447,,,,,,,,,,,,,,,,,,,,,,,,,,,,,,,,,
2954,29.540000,0.000000,0.000000,0.000000,1.000000,0.000000,0.000000,0.000000,57.698101,20.499701,-14.700500,0.047771,-0.013570,0.015998,-15.666301,-52.738201,18.801300,-93.396698,0.129960,17.611099,-0.185599,-0.501117,-0.667737,0.518229,-166.592209,1537.039795,-4392.336914,-159.589996,1456.354858,-4400.099609,-153.768082,1580.406494,-4420.077637,-184.216721,1488.181274,-4352.572266,-168.794159,1623.216675,-4396.596680,-159.523132,1456.380615,-4399.802734,-154.021637,1580.153809,-4420.245605,-184.170410,1488.418091,-4353.080078,-168.663086,1623.227661,-4396.312012,2616.297363,1567.724609,-3159.779297,,,,,,,,,,,,,,,,,,,,,,,,,,,,,,,,,
2955,29.550000,0.000000,0.000000,0.000000,1.000000,0.000000,0.000000,0.000000,57.698101,20.499701,-14.700500,0.047771,-0.013570,0.015998,-15.666301,-52.738201,18.801300,-93.396698,0.129960,17.611099,-0.178407,-0.506591,-0.667084,0.516271,-168.274429,1537.104004,-4391.849609,-160.553040,1456.463501,-4399.387207,-155.297073,1580.530762,-4419.424805,-186.215698,1488.164673,-4352.326660,-171.032013,1623.257446,-4396.258301,-160.351562,1456.750610,-4398.889160,-155.838531,1580.287354,-4419.663574,-186.268875,1488.224609,-4352.903809,-170.657730,1623.173584,-4395.951172,2616.298340,1567.757690,-3159.800049,,,,,,,,,,,,,,,,,,,,,,,,,,,,,,,,,
2956,29.560000,0.000000,0.000000,0.000000,1.000000,0.000000,0.000000,0.000000,57.698101,20.499701,-14.700500,0.047771,-0.013570,0.015998,-15.666301,-52.738201,18.801300,-93.396698,0.129960,17.611099,-0.176671,-0.507044,-0.668445,0.514661,-170.182312,1537.034180,-4391.564941,-162.555283,1456.396240,-4399.226074,-156.999298,1580.494385,-4418.989746,-188.396713,1488.045654,-4352.228516,-172.778076,1623.200562,-4395.814941,-162.617844,1456.483887,-4399.004395,-157.032440,1580.504150,-4419.066895,-188.310303,1488.073364,-4352.485352,-172.762939,1623.082520,-4395.705566,2616.271484,1567.761719,-3159.806152,,,,,,,,,,,,,,,,,,,,,,,,,,,,,,,,,
2957,29.570000,0.000000,0.000000,0.000000,1.000000,0.000000,0.000000,0.000000,57.698101,20.499701,-14.700500,0.047771,-0.013570,0.015998,-15.666301,-52.738201,18.801300,-93.396698,0.129960,17.611099,-0.175055,-0.507068,-0.670641,0.512327,-172.351837,1536.842529,-4391.502930,-164.984528,1456.200195,-4399.368652,-158.860916,1580.335938,-4418.724609,-190.958160,1487.803955,-4352.413086,-174.603851,1623.030518,-4395.504395,-165.070908,1456.177734,-4399.100586,-158.908768,1580.436890,-4418.777832,-190.855637,1487.711548,-4352.681152,-174.570801,1623.028931,-4395.458008,2616.287354,1567.735352,-3159.800293,,,,,,,,,,,,,,,,,,,,,,,,,,,,,,,,,
2958,29.580000,0.000000,0.000000,0.000000,1.000000,0.000000,0.000000,0.000000,57.698101,20.499701,-14.700500,0.047771,-0.013570,0.015998,-15.666301,-52.738201,18.801300,-93.396698,0.129960,17.611099,-0.179946,-0.504508,-0.668368,0.516116,-174.172073,1536.668945,-4391.338867,-166.787430,1456.017944,-4399.100586,-161.126999,1580.112915,-4418.854980,-192.159332,1487.702148,-4351.871094,-176.614624,1622.842651,-4395.528320,-166.796204,1455.996338,-4398.778809,-161.270691,1580.039185,-4418.988281,-192.077484,1487.758057,-4352.281250,-176.533920,1622.887939,-4395.338379,2616.290039,1567.719849,-3159.778809,,,,,,,,,,,,,,,,,,,,,,,,,,,,,,,,,
2959,29.590000,0.000000,0.000000,0.000000,1.000000,0.000000,0.000000,0.000000,57.698101,20.499701,-14.700500,0.047771,-0.013570,0.015998,-15.666301,-52.738201,18.801300,-93.396698,0.129960,17.611099,-0.183564,-0.503030,-0.666774,0.518342,-175.738159,1536.634888,-4390.953613,-168.388824,1455.967529,-4398.575684,-162.965790,1580.013794,-4418.699707,-193.340286,1487.762085,-4351.196777,-178.257797,1622.796631,-4395.341309,-168.320847,1455.952393,-4398.345215,-163.212173,1579.836182,-4418.773438,-193.307266,1487.956177,-4351.599609,-178.121964,1622.812256,-4395.155273,2616.314697,1567.728271,-3159.765381,,,,,,,,,,,,,,,,,,,,,,,,,,,,,,,,,
2960,29.600000,0.000000,0.000000,0.000000,1.000000,0.000000,0.000000,0.000000,57.698101,20.499701,-14.700500,0.047771,-0.013570,0.015998,-15.666301,-52.738201,18.801300,-93.396698,0.129960,17.611099,-0.179339,-0.507935,-0.665323,0.516900,-177.529892,1536.507080,-4390.682617,-169.639954,1455.851929,-4397.881348,-164.678665,1579.842773,-4418.459961,-195.319565,1487.699585,-4350.929199,-180.481445,1622.634399,-4395.459961,-169.615082,1456.075439,-4397.562500,-164.915833,1579.753174,-4418.520508,-195.265182,1487.755737,-4351.347656,-180.312164,1622.472168,-4395.321289,2616.286865,1567.712280,-3159.772217,,,,,,,,,,,,,,,,,,,,,,,,,,,,,,,,,
2961,29.610000,0.000000,0.000000,0.000000,1.000000,0.000000,0.000000,0.000000,57.698101,20.499701,-14.700500,0.047771,-0.013570,0.015998,-15.666301,-52.738201,18.801300,-93.396698,0.129960,17.611099,-0.175533,-0.508978,-0.668987,0.512432,-179.383728,1536.260132,-4390.686035,-171.848831,1455.596802,-4398.168457,-165.963226,1579.652466,-4418.103027,-197.915970,1487.367920,-4351.378418,-181.806976,1622.423706,-4395.093262,-172.098526,1455.537598,-4398.020996,-165.785522,1579.879517,-4417.951172,-197.688690,1487.340576,-4351.562012,-181.952209,1622.295166,-4395.200684,2616.294434,1567.729004,-3159.758789,,,,,,,,,,,,,,,,,,,,,,,,,,,,,,,,,
2962,29.620000,0.000000,0.000000,0.000000,1.000000,0.000000,0.000000,0.000000,57.698101,20.499701,-14.700500,0.047771,-0.013570,0.015998,-15.666301,-52.738201,18.801300,-93.396698,0.129960,17.611099,-0.179400,-0.505642,-0.669251,0.514049,-181.156097,1536.037354,-4390.590332,-173.957336,1455.360352,-4398.255371,-167.874741,1579.423462,-4418.084961,-199.446030,1487.151611,-4351.161133,-183.346405,1622.214111,-4394.858887,-174.029053,1455.322388,-4397.966797,-167.925125,1579.430298,-4418.174316,-199.322708,1487.207031,-4351.525879,-183.332794,1622.194824,-4394.721191,2616.278076,1567.767334,-3159.768311,,,,,,,,,,,,,,,,,,,,,,,,,,,,,,,,,
2963,29.630000,0.000000,0.000000,0.000000,1.000000,0.000000,0.000000,0.000000,57.698101,20.499701,-14.700500,0.047771,-0.013570,0.015998,-15.666301,-52.738201,18.801300,-93.396698,0.129960,17.611099,-0.185890,-0.501449,-0.668966,0.516215,-183.069351,1535.747070,-4390.693359,-176.381653,1455.031860,-4398.418457,-169.998856,1579.053223,-4418.414062,-200.992050,1486.972168,-4350.959473,-184.904953,1621.931030,-4394.980469,-176.372589,1454.850464,-4398.113770,-170.129227,1578.972290,-4418.565918,-200.910202,1487.154175,-4351.393066,-184.849564,1622.028442,-4394.733887,2616.241699,1567.766602,-3159.791992,,,,,,,,,,,,,,,,,,,,,,,,,,,,,,,,,
2964,29.640000,0.000000,0.000000,0.000000,1.000000,0.000000,0.000000,0.000000,57.698101,20.499701,-14.700500,0.047771,-0.013570,0.015998,-15.666301,-52.738201,18.801300,-93.396698,0.129960,17.611099,-0.183215,-0.506658,-0.665257,0.516878,-184.535614,1535.642822,-4390.459961,-177.043442,1454.937134,-4397.516113,-171.676376,1578.856079,-4418.423828,-202.279282,1487.007690,-4350.475098,-187.143417,1621.770630,-4395.424316,-176.742661,1455.166626,-4397.019043,-172.312408,1578.529053,-4418.920410,-202.431000,1487.182861,-4351.066406,-186.704636,1621.673828,-4394.884277,2616.247803,1567.733398,-3159.770020,,,,,,,,,,,,,,,,,,,,,,,,,,,,,,,,,
2965,29.650000,0.000000,0.000000,0.000000,1.000000,0.000000,0.000000,0.000000,57.698101,20.499701,-14.700500,0.047771,-0.013570,0.015998,-15.666301,-52.738201,18.801300,-93.396698,0.129960,17.611099,-0.179313,-0.509574,-0.666527,0.513734,-186.327118,1535.312012,-4390.498047,-178.789810,1454.604736,-4397.488770,-173.116898,1578.527222,-4418.294922,-204.566544,1486.673950,-4350.740723,-188.835327,1621.442505,-4395.468262,-178.596329,1454.734497,-4397.056152,-173.664230,1578.441772,-4418.525879,-204.635742,1486.752563,-4351.278320,-188.440231,1621.320435,-4395.177246,2616.271973,1567.740356,-3159.754639,,,,,,,,,,,,,,,,,,,,,,,,,,,,,,,,,
2966,29.660000,0.000000,0.000000,0.000000,1.000000,0.000000,0.000000,0.000000,57.698101,20.499701,-14.700500,0.047771,-0.013570,0.015998,-15.666301,-52.738201,18.801300,-93.396698,0.129960,17.611099,-0.177657,-0.510056,-0.669195,0.510352,-187.955673,1535.049438,-4390.424805,-180.803146,1454.320801,-4397.570312,-174.315750,1578.263306,-4418.015137,-206.738861,1486.409424,-4350.923828,-189.965042,1621.204590,-4395.189941,-181.019791,1454.218262,-4397.343750,-174.222870,1578.491943,-4417.936523,-206.516861,1486.427246,-4351.203125,-190.052750,1621.066772,-4395.221191,2616.315674,1567.748779,-3159.749756,,,,,,,,,,,,,,,,,,,,,,,,,,,,,,,,,
2967,29.670000,0.000000,0.000000,0.000000,1.000000,0.000000,0.000000,0.000000,57.698101,20.499701,-14.700500,0.047771,-0.013570,0.015998,-15.666301,-52.738201,18.801300,-93.396698,0.129960,17.611099,-0.178780,-0.510104,-0.669113,0.510019,-189.910110,1534.697266,-4390.501465,-182.886093,1453.947998,-4397.541016,-176.237396,1577.851807,-4418.168457,-208.720520,1486.141235,-4350.910645,-191.796539,1620.848511,-4395.385742,-183.131912,1453.876465,-4397.426270,-176.001587,1578.001465,-4418.081055,-208.498322,1486.186523,-4351.070801,-192.002167,1620.728882,-4395.425293,2616.291748,1567.737549,-3159.749023,,,,,,,,,,,,,,,,,,,,,,,,,,,,,,,,,
2968,29.680000,0.000000,0.000000,0.000000,1.000000,0.000000,0.000000,0.000000,57.698101,20.499701,-14.700500,0.047771,-0.013570,0.015998,-15.666301,-52.738201,18.801300,-93.396698,0.129960,17.611099,-0.184595,-0.507789,-0.666732,0.513365,-191.510132,1534.459473,-4390.425293,-184.573975,1453.682983,-4397.236816,-178.245041,1577.502563,-4418.461426,-209.739639,1486.062500,-4350.370605,-193.481949,1620.589844,-4395.632324,-184.499130,1453.810181,-4396.867676,-178.530457,1577.270874,-4418.699219,-209.715103,1486.159790,-4350.856445,-193.308487,1620.594849,-4395.326660,2616.289551,1567.744995,-3159.759521,,,,,,,,,,,,,,,,,,,,,,,,,,,,,,,,,
2969,29.690000,0.000000,0.000000,0.000000,1.000000,0.000000,0.000000,0.000000,57.698101,20.499701,-14.700500,0.047771,-0.013570,0.015998,-15.666301,-52.738201,18.801300,-93.396698,0.129960,17.611099,-0.186762,-0.507755,-0.664108,0.516009,-193.073578,1534.238159,-4390.375000,-185.857681,1453.464111,-4396.920898,-180.166168,1577.224731,-4418.664062,-210.844742,1485.924561,-4350.014648,-195.425797,1620.338989,-4395.901367,-185.699738,1453.615112,-4396.557129,-180.596512,1576.911621,-4418.908691,-210.877319,1486.111938,-4350.558594,-195.157990,1620.307251,-4395.552734,2616.286133,1567.746948,-3159.764893,,,,,,,,,,,,,,,,,,,,,,,,,,,,,,,,,
2970,29.700000,0.000000,0.000000,0.000000,1.000000,0.000000,0.000000,0.000000,57.698101,20.499701,-14.700500,0.047771,-0.013570,0.015998,-15.666301,-52.738201,18.801300,-93.396698,0.129960,17.611099,-0.181699,-0.510600,-0.666262,0.512218,-194.731522,1534.015747,-4390.392578,-187.506607,1453.248901,-4397.014648,-181.375809,1577.051025,-4418.397949,-213.128845,1485.632202,-4350.398438,-196.914932,1620.131226,-4395.760254,-187.425400,1453.338379,-4396.641113,-181.707840,1576.925049,-4418.539062,-213.111984,1485.628052,-4350.853027,-196.688385,1620.171509,-4395.566406,2616.298828,1567.724487,-3159.755859,,,,,,,,,,,,,,,,,,,,,,,,,,,,,,,,,
2971,29.710000,0.000000,0.000000,0.000000,1.000000,0.000000,0.000000,0.000000,57.698101,20.499701,-14.700500,0.047771,-0.013570,0.015998,-15.666301,-52.738201,18.801300,-93.396698,0.129960,17.611099,-0.177922,-0.513511,-0.667596,0.508888,-196.691833,1533.735840,-4390.522461,-189.460312,1452.963501,-4397.069336,-182.965576,1576.763062,-4418.360840,-215.606766,1485.363281,-4350.757324,-198.734756,1619.854004,-4395.902832,-189.543365,1452.974365,-4396.876953,-182.999542,1576.814209,-4418.350586,-215.499954,1485.326294,-4350.984375,-198.719086,1619.825562,-4395.887695,2616.304932,1567.688110,-3159.755859,,,,,,,,,,,,,,,,,,,,,,,,,,,,,,,,,
2972,29.720000,0.000000,0.000000,0.000000,1.000000,0.000000,0.000000,0.000000,57.698101,20.499701,-14.700500,0.047771,-0.013570,0.015998,-15.666301,-52.738201,18.801300,-93.396698,0.129960,17.611099,-0.180690,-0.511318,-0.668183,0.509350,-198.391144,1533.546265,-4390.578125,-191.491745,1452.754150,-4397.240234,-184.682388,1576.548462,-4418.463867,-217.233887,1485.206665,-4350.738281,-200.156662,1619.675903,-4395.871094,-191.656464,1452.633911,-4397.082520,-184.557480,1576.592285,-4418.472656,-217.065781,1485.248413,-4350.938965,-200.284973,1619.703125,-4395.823730,2616.313232,1567.724976,-3159.745850,,,,,,,,,,,,,,,,,,,,,,,,,,,,,,,,,
2973,29.730000,0.000000,0.000000,0.000000,1.000000,0.000000,0.000000,0.000000,57.698101,20.499701,-14.700500,0.047771,-0.013570,0.015998,-15.666301,-52.738201,18.801300,-93.396698,0.129960,17.611099,-0.185438,-0.508301,-0.667304,0.511810,-200.067368,1533.381470,-4390.696289,-193.392059,1452.572021,-4397.375000,-186.625748,1576.337036,-4418.782715,-218.505508,1485.107300,-4350.588379,-201.746292,1619.509766,-4396.038086,-193.480240,1452.415771,-4397.191895,-186.611221,1576.272583,-4418.796875,-218.359268,1485.233643,-4350.882812,-201.806961,1619.614380,-4395.936523,2616.309326,1567.726685,-3159.777832,,,,,,,,,,,,,,,,,,,,,,,,,,,,,,,,,
2974,29.740000,0.000000,0.000000,0.000000,1.000000,0.000000,0.000000,0.000000,57.698101,20.499701,-14.700500,0.047771,-0.013570,0.015998,-15.666301,-52.738201,18.801300,-93.396698,0.129960,17.611099,-0.183840,-0.510595,-0.665494,0.512457,-201.742340,1533.259399,-4390.771484,-194.626892,1452.465942,-4397.184570,-188.435043,1576.199219,-4418.945801,-220.056412,1485.011353,-4350.575684,-203.851074,1619.361328,-4396.379883,-194.453186,1452.559448,-4396.822266,-188.871368,1575.915771,-4419.260254,-220.115860,1485.114136,-4351.031250,-203.573318,1619.423340,-4396.018555,2616.318604,1567.731323,-3159.772705,,,,,,,,,,,,,,,,,,,,,,,,,,,,,,,,,
2975,29.750000,0.000000,0.000000,0.000000,1.000000,0.000000,0.000000,0.000000,57.698101,20.499701,-14.700500,0.047771,-0.013570,0.015998,-15.666301,-52.738201,18.801300,-93.396698,0.129960,17.611099,-0.182023,-0.512829,-0.664901,0.511644,-203.560745,1533.122803,-4390.886719,-196.233810,1452.332520,-4397.098633,-190.198029,1576.035156,-4419.077148,-221.982498,1484.915405,-4350.691406,-205.828720,1619.208496,-4396.680176,-196.013763,1452.520142,-4396.572754,-190.794708,1575.777710,-4419.442871,-222.055573,1484.968262,-4351.306152,-205.419968,1619.212158,-4396.266113,2616.300537,1567.711182,-3159.780518,,,,,,,,,,,,,,,,,,,,,,,,,,,,,,,,,
2976,29.760000,0.000000,0.000000,0.000000,1.000000,0.000000,0.000000,0.000000,57.698101,20.499701,-14.700500,0.047771,-0.013570,0.015998,-15.666301,-52.738201,18.801300,-93.396698,0.129960,17.611099,-0.178469,-0.514227,-0.666952,0.508818,-205.342239,1533.000854,-4390.893555,-198.091187,1452.216064,-4397.264160,-191.631363,1575.970215,-4418.828125,-224.238525,1484.710938,-4351.019043,-207.407959,1619.106445,-4396.462402,-198.107483,1452.240601,-4396.843262,-191.808304,1575.955566,-4419.015625,-224.150375,1484.704224,-4351.499023,-207.290848,1619.104614,-4396.245605,2616.314941,1567.743774,-3159.776855,,,,,,,,,,,,,,,,,,,,,,,,,,,,,,,,,
2977,29.770000,0.000000,0.000000,0.000000,1.000000,0.000000,0.000000,0.000000,57.698101,20.499701,-14.700500,0.047771,-0.013570,0.015998,-15.666301,-52.738201,18.801300,-93.396698,0.129960,17.611099,-0.178593,-0.513268,-0.668923,0.507151,-206.960800,1532.851318,-4391.055664,-200.081161,1452.050049,-4397.625977,-193.012360,1575.827881,-4418.861328,-226.134933,1484.547974,-4351.330078,-208.614838,1618.979736,-4396.404785,-200.316422,1451.922607,-4397.348633,-192.915070,1576.047241,-4418.824219,-225.902725,1484.503662,-4351.633789,-208.698502,1618.922363,-4396.416504,2616.277344,1567.751465,-3159.795654,,,,,,,,,,,,,,,,,,,,,,,,,,,,,,,,,
2978,29.780000,0.000000,0.000000,0.000000,1.000000,0.000000,0.000000,0.000000,57.698101,20.499701,-14.700500,0.047771,-0.013570,0.015998,-15.666301,-52.738201,18.801300,-93.396698,0.129960,17.611099,-0.181041,-0.511196,-0.668894,0.508414,-209.040405,1532.551392,-4391.394531,-202.328903,1451.744385,-4398.067871,-195.212143,1575.526367,-4419.262695,-228.022736,1484.249146,-4351.575684,-210.597916,1618.686035,-4396.671875,-202.544342,1451.595337,-4397.877441,-195.104462,1575.684692,-4419.159668,-227.776917,1484.351685,-4351.870117,-210.715179,1618.581299,-4396.693359,2616.281494,1567.736816,-3159.807617,,,,,,,,,,,,,,,,,,,,,,,,,,,,,,,,,
2979,29.790000,0.000000,0.000000,0.000000,1.000000,0.000000,0.000000,0.000000,57.698101,20.499701,-14.700500,0.047771,-0.013570,0.015998,-15.666301,-52.738201,18.801300,-93.396698,0.129960,17.611099,-0.187108,-0.507952,-0.665898,0.513377,-210.499985,1532.558716,-4391.328125,-203.718063,1451.746826,-4397.870117,-197.263916,1575.478027,-4419.567383,-228.666931,1484.337402,-4351.033691,-212.351135,1618.672607,-4396.841797,-203.820694,1451.662476,-4397.820312,-197.217880,1575.492676,-4419.424805,-228.489075,1484.642700,-4351.266113,-212.446609,1618.480591,-4396.842773,2616.309814,1567.726196,-3159.797119,,,,,,,,,,,,,,,,,,,,,,,,,,,,,,,,,
2980,29.800000,0.000000,0.000000,0.000000,1.000000,0.000000,0.000000,0.000000,57.698101,20.499701,-14.700500,0.047771,-0.013570,0.015998,-15.666301,-52.738201,18.801300,-93.396698,0.129960,17.611099,-0.189184,-0.507370,-0.663515,0.516268,-211.943802,1532.644043,-4391.272461,-204.887512,1451.842285,-4397.645996,-199.081909,1575.538696,-4419.721191,-229.628647,1484.460571,-4350.718750,-214.177216,1618.734741,-4397.003418,-204.739075,1451.935059,-4397.470703,-199.429947,1575.316284,-4419.813965,-229.673630,1484.744141,-4351.074219,-213.961090,1618.584106,-4396.772461,2616.302246,1567.720581,-3159.786621,,,,,,,,,,,,,,,,,,,,,,,,,,,,,,,,,
2981,29.810000,0.000000,0.000000,0.000000,1.000000,0.000000,0.000000,0.000000,57.698101,20.499701,-14.700500,0.047771,-0.013570,0.015998,-15.666301,-52.738201,18.801300,-93.396698,0.129960,17.611099,-0.187689,-0.507922,-0.664407,0.515123,-213.765915,1532.541870,-4391.522461,-206.741486,1451.743286,-4397.971191,-200.758224,1575.463745,-4419.863770,-231.649384,1484.319214,-4351.103027,-215.914703,1618.641479,-4397.151855,-206.573547,1451.886475,-4397.658691,-201.166519,1575.223877,-4420.085938,-231.708420,1484.449829,-4351.527344,-215.643417,1618.598267,-4396.854004,2616.273438,1567.717529,-3159.789551,,,,,,,,,,,,,,,,,,,,,,,,,,,,,,,,,
2982,29.820000,0.000000,0.000000,0.000000,1.000000,0.000000,0.000000,0.000000,57.698101,20.499701,-14.700500,0.047771,-0.013570,0.015998,-15.666301,-52.738201,18.801300,-93.396698,0.129960,17.611099,-0.179614,-0.512874,-0.667018,0.509692,-215.653030,1532.391846,-4391.763184,-208.471619,1451.609497,-4398.243652,-202.023621,1575.381958,-4419.706055,-234.425705,1484.071899,-4351.866699,-217.691284,1618.504028,-4397.236816,-208.524612,1451.766113,-4397.812500,-202.166916,1575.351074,-4419.851562,-234.321762,1483.964966,-4352.320312,-217.588791,1618.492798,-4397.077637,2616.297119,1567.756348,-3159.790283,,,,,,,,,,,,,,,,,,,,,,,,,,,,,,,,,
2983,29.830000,0.000000,0.000000,0.000000,1.000000,0.000000,0.000000,0.000000,57.698101,20.499701,-14.700500,0.047771,-0.013570,0.015998,-15.666301,-52.738201,18.801300,-93.396698,0.129960,17.611099,-0.178838,-0.512759,-0.667849,0.508992,-217.542633,1532.289185,-4392.060059,-210.431519,1451.509644,-4398.651367,-203.815079,1575.308472,-4419.910156,-236.442062,1483.927002,-4352.274902,-219.481979,1618.411865,-4397.404785,-210.608643,1451.429321,-4398.304199,-203.794434,1575.388672,-4419.957520,-236.236328,1483.879272,-4352.666504,-219.519882,1618.431152,-4397.331055,2616.280762,1567.770386,-3159.799805,,,,,,,,,,,,,,,,,,,,,,,,,,,,,,,,,
2984,29.840000,0.000000,0.000000,0.000000,1.000000,0.000000,0.000000,0.000000,57.698101,20.499701,-14.700500,0.047771,-0.013570,0.015998,-15.666301,-52.738201,18.801300,-93.396698,0.129960,17.611099,-0.183830,-0.509005,-0.667066,0.511999,-219.056717,1532.391602,-4391.999512,-212.170807,1451.601807,-4398.704590,-205.645340,1575.394165,-4420.028809,-237.482910,1484.052002,-4351.965332,-220.927887,1618.518433,-4397.300293,-212.356689,1451.431519,-4398.416016,-205.616913,1575.390015,-4419.980957,-237.236542,1484.091553,-4352.378906,-220.998856,1618.631470,-4397.266113,2616.302246,1567.736328,-3159.787354,,,,,,,,,,,,,,,,,,,,,,,,,,,,,,,,,
2985,29.850000,0.000000,0.000000,0.000000,1.000000,0.000000,0.000000,0.000000,57.698101,20.499701,-14.700500,0.047771,-0.013570,0.015998,-15.666301,-52.738201,18.801300,-93.396698,0.129960,17.611099,-0.184881,-0.508547,-0.665851,0.513655,-220.820969,1532.430786,-4392.088867,-213.782852,1451.649170,-4398.732910,-207.617264,1575.432129,-4420.217773,-238.979553,1484.094360,-4351.928711,-222.904297,1618.547485,-4397.475098,-213.773514,1451.643188,-4398.375488,-207.827667,1575.290405,-4420.321289,-238.890106,1484.135742,-4352.415527,-222.782272,1618.656982,-4397.291504,2616.308594,1567.710205,-3159.766846,,,,,,,,,,,,,,,,,,,,,,,,,,,,,,,,,
2986,29.860000,0.000000,0.000000,0.000000,1.000000,0.000000,0.000000,0.000000,57.698101,20.499701,-14.700500,0.047771,-0.013570,0.015998,-15.666301,-52.738201,18.801300,-93.396698,0.129960,17.611099,-0.184852,-0.509852,-0.663338,0.515620,-222.422638,1532.453613,-4392.248047,-214.933395,1451.690552,-4398.618164,-209.508102,1575.429810,-4420.549316,-240.242996,1484.157104,-4351.889160,-225.006165,1618.537476,-4397.936035,-214.798386,1451.900391,-4398.303711,-209.892609,1575.158447,-4420.699707,-240.266006,1484.261719,-4352.322754,-224.760010,1618.490479,-4397.695312,2616.286377,1567.692749,-3159.769043,,,,,,,,,,,,,,,,,,,,,,,,,,,,,,,,,
2987,29.870000,0.000000,0.000000,0.000000,1.000000,0.000000,0.000000,0.000000,57.698101,20.499701,-14.700500,0.047771,-0.013570,0.015998,-15.666301,-52.738201,18.801300,-93.396698,0.129960,17.611099,-0.184889,-0.508552,-0.664678,0.515164,-224.324570,1532.306885,-4392.517090,-217.040497,1451.544067,-4399.123047,-211.314423,1575.332031,-4420.700195,-242.248718,1483.938843,-4352.289551,-226.694748,1618.412964,-4397.955566,-216.962875,1451.521118,-4398.879395,-211.546616,1575.223022,-4420.837891,-242.247055,1484.045410,-4352.625000,-226.547333,1618.443359,-4397.753418,2616.302490,1567.708740,-3159.761963,,,,,,,,,,,,,,,,,,,,,,,,,,,,,,,,,
2988,29.880000,0.000000,0.000000,0.000000,1.000000,0.000000,0.000000,0.000000,57.698101,20.499701,-14.700500,0.047771,-0.013570,0.015998,-15.666301,-52.738201,18.801300,-93.396698,0.129960,17.611099,-0.180969,-0.509621,-0.667921,0.511291,-225.761093,1532.298584,-4392.425293,-218.731537,1451.536499,-4399.311035,-212.253250,1575.394897,-4420.263184,-244.342392,1483.826050,-4352.624023,-227.717270,1618.437012,-4397.501953,-218.883133,1451.428955,-4399.095215,-212.229095,1575.628540,-4420.208496,-244.182587,1483.820679,-4352.870117,-227.745392,1618.324585,-4397.525391,2616.272705,1567.750732,-3159.778320,,,,,,,,,,,,,,,,,,,,,,,,,,,,,,,,,
2989,29.890000,0.000000,0.000000,0.000000,1.000000,0.000000,0.000000,0.000000,57.698101,20.499701,-14.700500,0.047771,-0.013570,0.015998,-15.666301,-52.738201,18.801300,-93.396698,0.129960,17.611099,-0.185580,-0.505150,-0.669796,0.511622,-227.538742,1532.148804,-4392.606934,-221.211884,1451.357910,-4399.828125,-213.984436,1575.231201,-4420.443359,-246.083954,1483.690186,-4352.772461,-228.874802,1618.316406,-4397.383301,-221.212769,1451.188354,-4399.546387,-214.142151,1575.431885,-4420.543945,-246.042847,1483.709229,-4353.053223,-228.766647,1618.264893,-4397.283691,2616.279785,1567.746826,-3159.778320,,,,,,,,,,,,,,,,,,,,,,,,,,,,,,,,,
2990,29.900000,0.000000,0.000000,0.000000,1.000000,0.000000,0.000000,0.000000,57.698101,20.499701,-14.700500,0.047771,-0.013570,0.015998,-15.666301,-52.738201,18.801300,-93.396698,0.129960,17.611099,-0.185189,-0.506739,-0.667628,0.513024,-229.746658,1531.888550,-4392.995117,-223.009888,1451.106812,-4399.942383,-216.413132,1574.944458,-4420.979492,-248.042953,1483.471924,-4352.995117,-231.520752,1618.031494,-4398.063965,-223.003250,1451.176270,-4399.577637,-216.563141,1574.996338,-4421.230957,-248.003510,1483.530762,-4353.376953,-231.411163,1617.853394,-4397.794434,2616.272705,1567.713745,-3159.756104,,,,,,,,,,,,,,,,,,,,,,,,,,,,,,,,,
2991,29.910000,0.000000,0.000000,0.000000,1.000000,0.000000,0.000000,0.000000,57.698101,20.499701,-14.700500,0.047771,-0.013570,0.015998,-15.666301,-52.738201,18.801300,-93.396698,0.129960,17.611099,-0.189705,-0.504484,-0.664579,0.517535,-231.148193,1531.865234,-4393.038086,-224.205765,1451.088135,-4399.835449,-218.370911,1574.884277,-4421.336426,-248.698868,1483.503784,-4352.638672,-233.317383,1617.984985,-4398.341797,-224.003891,1451.210815,-4399.448730,-218.837341,1574.698730,-4421.687500,-248.786133,1483.707153,-4353.144043,-232.993912,1617.836548,-4397.916504,2616.284912,1567.739136,-3159.767334,,,,,,,,,,,,,,,,,,,,,,,,,,,,,,,,,
2992,29.920000,0.000000,0.000000,0.000000,1.000000,0.000000,0.000000,0.000000,57.698101,20.499701,-14.700500,0.047771,-0.013570,0.015998,-15.666301,-52.738201,18.801300,-93.396698,0.129960,17.611099,-0.188175,-0.504982,-0.664840,0.517273,-232.678238,1531.788818,-4393.152832,-225.625992,1451.026855,-4400.017090,-219.866592,1574.852783,-4421.367188,-250.292511,1483.364014,-4352.856934,-234.927933,1617.911865,-4398.368652,-225.477905,1451.138550,-4399.631836,-220.309280,1574.732300,-4421.541504,-250.321533,1483.518311,-4353.414062,-234.621780,1617.781372,-4398.097168,2616.271484,1567.743408,-3159.762939,,,,,,,,,,,,,,,,,,,,,,,,,,,,,,,,,
2993,29.930000,0.000000,0.000000,0.000000,1.000000,0.000000,0.000000,0.000000,57.698101,20.499701,-14.700500,0.047771,-0.013570,0.015998,-15.666301,-52.738201,18.801300,-93.396698,0.129960,17.611099,-0.184659,-0.506669,-0.666299,0.515008,-234.324051,1531.686646,-4393.300293,-227.234863,1450.936279,-4400.261719,-221.237717,1574.802979,-4421.308105,-252.326370,1483.186890,-4353.266602,-236.497330,1617.820801,-4398.363281,-227.233948,1451.010254,-4399.942383,-221.414047,1574.746460,-4421.401855,-252.248169,1483.263672,-4353.704102,-236.385345,1617.745605,-4398.197754,2616.261475,1567.744263,-3159.768799,,,,,,,,,,,,,,,,,,,,,,,,,,,,,,,,,
2994,29.940000,0.000000,0.000000,0.000000,1.000000,0.000000,0.000000,0.000000,57.698101,20.499701,-14.700500,0.047771,-0.013570,0.015998,-15.666301,-52.738201,18.801300,-93.396698,0.129960,17.611099,-0.180502,-0.509493,-0.667620,0.511976,-236.375031,1531.462524,-4393.711426,-229.214050,1450.716309,-4400.647461,-222.947266,1574.597534,-4421.528320,-254.863586,1482.935913,-4353.933105,-238.475296,1617.600708,-4398.736816,-229.291275,1450.740112,-4400.350098,-222.987946,1574.633545,-4421.641113,-254.762527,1482.893066,-4354.243652,-238.453369,1617.580322,-4398.617188,2616.261230,1567.729980,-3159.761963,,,,,,,,,,,,,,,,,,,,,,,,,,,,,,,,,
2995,29.950000,0.000000,0.000000,0.000000,1.000000,0.000000,0.000000,0.000000,57.698101,20.499701,-14.700500,0.047771,-0.013570,0.015998,-15.666301,-52.738201,18.801300,-93.396698,0.129960,17.611099,-0.182839,-0.507203,-0.668297,0.512538,-237.953857,1531.415039,-4393.909668,-231.088013,1450.657593,-4401.011719,-224.551392,1574.551025,-4421.736816,-256.364777,1482.884521,-4354.099609,-239.811340,1617.567017,-4398.789062,-231.189270,1450.573853,-4400.802734,-224.508759,1574.612427,-4421.825195,-256.260040,1482.865234,-4354.309570,-239.857498,1617.598145,-4398.699707,2616.290771,1567.767822,-3159.763672,,,,,,,,,,,,,,,,,,,,,,,,,,,,,,,,,
2996,29.960000,0.000000,0.000000,0.000000,1.000000,0.000000,0.000000,0.000000,57.698101,20.499701,-14.700500,0.047771,-0.013570,0.015998,-15.666301,-52.738201,18.801300,-93.396698,0.129960,17.611099,-0.190484,-0.501628,-0.667045,0.516853,-239.554047,1531.317749,-4394.132812,-233.058655,1450.541382,-4401.367676,-226.614090,1574.415405,-4422.236816,-257.267334,1482.839844,-4353.944336,-241.276199,1617.474365,-4398.981445,-233.086349,1450.365601,-4401.230469,-226.624680,1574.390869,-4422.298828,-257.200928,1482.957397,-4354.140625,-241.300568,1617.556519,-4398.861816,2616.273193,1567.772583,-3159.775879,,,,,,,,,,,,,,,,,,,,,,,,,,,,,,,,,
2997,29.970000,0.000000,0.000000,0.000000,1.000000,0.000000,0.000000,0.000000,57.698101,20.499701,-14.700500,0.047771,-0.013570,0.015998,-15.666301,-52.738201,18.801300,-93.396698,0.129960,17.611099,-0.195285,-0.498457,-0.664613,0.521243,-241.022018,1531.147095,-4394.408203,-234.445633,1450.375366,-4401.620117,-228.606979,1574.232178,-4422.767578,-258.015747,1482.689087,-4353.886719,-243.019806,1617.291992,-4399.358887,-234.571487,1450.326172,-4401.503906,-228.514587,1574.178223,-4422.735840,-257.866669,1482.754517,-4354.084961,-243.127594,1617.334961,-4399.324219,2616.291504,1567.765747,-3159.785645,,,,,,,,,,,,,,,,,,,,,,,,,,,,,,,,,
2998,29.980000,0.000000,0.000000,0.000000,1.000000,0.000000,0.000000,0.000000,57.698101,20.499701,-14.700500,0.047771,-0.013570,0.015998,-15.666301,-52.738201,18.801300,-93.396698,0.129960,17.611099,-0.189800,-0.503558,-0.663553,0.519714,-242.565094,1531.162842,-4394.667969,-235.364258,1450.416870,-4401.565918,-230.042908,1574.252441,-4422.973145,-259.797394,1482.703003,-4354.249512,-245.055923,1617.279297,-4399.883301,-235.088303,1450.627686,-4401.207031,-230.603745,1573.950317,-4423.333496,-259.944214,1482.794067,-4354.652832,-244.662750,1617.251343,-4399.491699,2616.305664,1567.746582,-3159.774658,,,,,,,,,,,,,,,,,,,,,,,,,,,,,,,,,
2999,29.990000,0.000000,0.000000,0.000000,1.000000,0.000000,0.000000,0.000000,57.698101,20.499701,-14.700500,0.047771,-0.013570,0.015998,-15.666301,-52.738201,18.801300,-93.396698,0.129960,17.611099,-0.188296,-0.504796,-0.663866,0.518659,-244.053864,1531.125854,-4394.957031,-236.801453,1450.380737,-4401.809570,-231.416611,1574.214111,-4423.213379,-261.453857,1482.668335,-4354.607422,-246.543640,1617.240967,-4400.197266,-236.603241,1450.473267,-4401.482422,-231.851852,1574.019165,-4423.512695,-261.548126,1482.803589,-4355.016113,-246.241074,1617.196167,-4399.846191,2616.293457,1567.734253,-3159.781738,,,,,,,,,,,,,,,,,,,,,,,,,,,,,,,,,
3000,30.000000,0.000000,0.000000,0.000000,1.000000,0.000000,0.000000,0.000000,57.698101,20.499701,-14.700500,0.047771,-0.013570,0.015998,-15.666301,-52.738201,18.801300,-93.396698,0.129960,17.611099,-0.183748,-0.506805,-0.666873,0.514458,-245.515305,1530.982178,-4395.296875,-238.439529,1450.237305,-4402.335449,-232.354492,1574.125610,-4423.228027,-263.619507,1482.443237,-4355.356934,-247.647751,1617.122803,-4400.267090,-238.458908,1450.226196,-4402.003906,-232.470154,1574.230103,-4423.411133,-263.569031,1482.431030,-4355.682617,-247.562073,1617.041016,-4400.092773,2616.311768,1567.771973,-3159.772949,,,,,,,,,,,,,,,,,,,,,,,,,,,,,,,,,
3001,30.010000,0.000000,0.000000,0.000000,1.000000,0.000000,0.000000,0.000000,57.698101,20.499701,-14.700500,0.047771,-0.013570,0.015998,-15.666301,-52.738201,18.801300,-93.396698,0.129960,17.611099,-0.185697,-0.505247,-0.667577,0.514376,-246.938004,1530.813110,-4395.646973,-240.162735,1450.050171,-4402.773438,-233.739136,1573.933105,-4423.596191,-265.052155,1482.305298,-4355.673828,-248.798096,1616.964111,-4400.543945,-240.317932,1450.008545,-4402.481934,-233.703888,1574.109863,-4423.651367,-264.891693,1482.294922,-4355.981934,-248.835526,1616.837524,-4400.479492,2616.296875,1567.749634,-3159.778076,,,,,,,,,,,,,,,,,,,,,,,,,,,,,,,,,
3002,30.020000,0.000000,0.000000,0.000000,1.000000,0.000000,0.000000,0.000000,57.698101,20.499701,-14.700500,0.047771,-0.013570,0.015998,-15.666301,-52.738201,18.801300,-93.396698,0.129960,17.611099,-0.186678,-0.504619,-0.668109,0.513946,-248.316360,1530.564453,-4396.029297,-241.739975,1449.787231,-4403.181641,-235.053421,1573.659180,-4423.987305,-266.491272,1482.090820,-4356.042480,-249.980881,1616.720703,-4400.906738,-241.774124,1449.922974,-4402.803223,-235.227493,1573.862549,-4424.108887,-266.415314,1482.136841,-4356.446777,-249.823944,1616.292358,-4400.740723,2616.268066,1567.706665,-3159.779297,,,,,,,,,,,,,,,,,,,,,,,,,,,,,,,,,
3003,30.030000,0.000000,0.000000,0.000000,1.000000,0.000000,0.000000,0.000000,57.698101,20.499701,-14.700500,0.047771,-0.013570,0.015998,-15.666301,-52.738201,18.801300,-93.396698,0.129960,17.611099,-0.185781,-0.505515,-0.667531,0.514143,-249.930283,1530.416626,-4396.494629,-243.172424,1449.647949,-4403.572266,-236.709991,1573.517212,-4424.464355,-268.071747,1481.936279,-4356.500488,-251.767044,1616.565186,-4401.442383,-243.342346,1449.730347,-4403.228027,-236.706131,1573.656372,-4424.499512,-267.882843,1481.925659,-4356.892090,-251.783340,1616.352051,-4401.374023,2616.266846,1567.729980,-3159.784180,,,,,,,,,,,,,,,,,,,,,,,,,,,,,,,,,
3004,30.040000,0.000000,0.000000,0.000000,1.000000,0.000000,0.000000,0.000000,57.698101,20.499701,-14.700500,0.047771,-0.013570,0.015998,-15.666301,-52.738201,18.801300,-93.396698,0.129960,17.611099,-0.188256,-0.503543,-0.667043,0.515807,-251.257294,1530.305664,-4396.863281,-244.591888,1449.535034,-4404.005859,-238.216583,1573.405518,-4424.917480,-269.135284,1481.826050,-4356.750000,-253.085495,1616.456299,-4401.779785,-244.477020,1449.600220,-4403.620605,-238.584793,1573.333130,-4425.125488,-269.156525,1481.849609,-4357.197266,-252.824509,1616.439453,-4401.535645,2616.312500,1567.740234,-3159.778809,,,,,,,,,,,,,,,,,,,,,,,,,,,,,,,,,
3005,30.050000,0.000000,0.000000,0.000000,1.000000,0.000000,0.000000,0.000000,57.698101,20.499701,-14.700500,0.047771,-0.013570,0.015998,-15.666301,-52.738201,18.801300,-93.396698,0.129960,17.611099,-0.191123,-0.502030,-0.665477,0.518245,-252.228622,1530.265137,-4397.037598,-245.509079,1449.492554,-4404.107422,-239.486008,1573.338135,-4425.269531,-269.699036,1481.824829,-4356.697754,-254.220428,1616.405151,-4402.075195,-245.363144,1449.539673,-4403.750488,-239.904343,1573.229492,-4425.450684,-269.735382,1481.949585,-4357.185059,-253.934677,1616.347168,-4401.814941,2616.292480,1567.726318,-3159.787109,,,,,,,,,,,,,,,,,,,,,,,,,,,,,,,,,
3006,30.060000,0.000000,0.000000,0.000000,1.000000,0.000000,0.000000,0.000000,57.698101,20.499701,-14.700500,0.047771,-0.013570,0.015998,-15.666301,-52.738201,18.801300,-93.396698,0.129960,17.611099,-0.193462,-0.501032,-0.664426,0.519690,-253.328918,1530.215454,-4397.305176,-246.628738,1449.433594,-4404.286133,-240.768311,1573.246826,-4425.682129,-270.543060,1481.834961,-4356.783691,-255.375656,1616.346802,-4402.468262,-246.485199,1449.525391,-4403.933594,-241.192978,1573.102539,-4425.823242,-270.571350,1481.969360,-4357.291992,-255.089645,1616.272949,-4402.229492,2616.313965,1567.726440,-3159.780762,,,,,,,,,,,,,,,,,,,,,,,,,,,,,,,,,
3007,30.070000,0.000000,0.000000,0.000000,1.000000,0.000000,0.000000,0.000000,57.698101,20.499701,-14.700500,0.047771,-0.013570,0.015998,-15.666301,-52.738201,18.801300,-93.396698,0.129960,17.611099,-0.192284,-0.501853,-0.665168,0.518385,-254.315979,1530.203979,-4397.472168,-247.669174,1449.417969,-4404.456543,-241.598221,1573.233154,-4425.782227,-271.741364,1481.825806,-4357.038574,-256.255219,1616.339111,-4402.611816,-247.604874,1449.522461,-4404.106934,-241.871231,1573.092041,-4425.919922,-271.707581,1481.932739,-4357.530273,-256.079315,1616.286011,-4402.387695,2616.300049,1567.755737,-3159.798828,,,,,,,,,,,,,,,,,,,,,,,,,,,,,,,,,
3008,30.080000,0.000000,0.000000,0.000000,1.000000,0.000000,0.000000,0.000000,57.698101,20.499701,-14.700500,0.047771,-0.013570,0.015998,-15.666301,-52.738201,18.801300,-93.396698,0.129960,17.611099,-0.191452,-0.502178,-0.665811,0.517551,-255.553894,1530.091187,-4397.852051,-248.955307,1449.305054,-4404.880371,-242.729507,1573.131348,-4426.097168,-273.120972,1481.696899,-4357.499023,-257.409943,1616.231812,-4402.930664,-248.966705,1449.357056,-4404.592773,-242.859482,1573.040039,-4426.189453,-273.031738,1481.813599,-4357.924805,-257.341339,1616.179199,-4402.755859,2616.278564,1567.740112,-3159.791748,,,,,,,,,,,,,,,,,,,,,,,,,,,,,,,,,
3009,30.090000,0.000000,0.000000,0.000000,1.000000,0.000000,0.000000,0.000000,57.698101,20.499701,-14.700500,0.047771,-0.013570,0.015998,-15.666301,-52.738201,18.801300,-93.396698,0.129960,17.611099,-0.189800,-0.503698,-0.666050,0.516373,-256.882355,1529.975464,-4398.246582,-250.214096,1449.188477,-4405.199707,-243.933853,1573.006104,-4426.449707,-274.632294,1481.594849,-4357.957520,-258.749298,1616.112549,-4403.380371,-250.220062,1449.349243,-4404.832520,-244.099365,1572.933472,-4426.593262,-274.558899,1481.627441,-4358.404785,-258.638733,1616.014038,-4403.181641,2616.291748,1567.726074,-3159.788330,,,,,,,,,,,,,,,,,,,,,,,,,,,,,,,,,
3010,30.100000,0.000000,0.000000,0.000000,1.000000,0.000000,0.000000,0.000000,57.698101,20.499701,-14.700500,0.047771,-0.013570,0.015998,-15.666301,-52.738201,18.801300,-93.396698,0.129960,17.611099,-0.188516,-0.504098,-0.667467,0.514621,-258.194458,1529.905518,-4398.598633,-251.685165,1449.114014,-4405.647949,-245.020142,1572.949463,-4426.676758,-276.236237,1481.504395,-4358.463867,-259.836334,1616.054810,-4403.605957,-251.815491,1449.126587,-4405.385254,-244.988892,1572.998413,-4426.737305,-276.092346,1481.484375,-4358.757324,-259.876678,1616.010376,-4403.524414,2616.258301,1567.718872,-3159.778320,,,,,,,,,,,,,,,,,,,,,,,,,,,,,,,,,
3011,30.110000,0.000000,0.000000,0.000000,1.000000,0.000000,0.000000,0.000000,57.698101,20.499701,-14.700500,0.047771,-0.013570,0.015998,-15.666301,-52.738201,18.801300,-93.396698,0.129960,17.611099,-0.189205,-0.504003,-0.666965,0.515112,-259.382477,1529.872070,-4398.969238,-252.849548,1449.077026,-4405.956543,-246.275009,1572.896240,-4427.108398,-277.334534,1481.499268,-4358.759766,-261.070923,1616.015869,-4404.051270,-252.934372,1449.079590,-4405.706543,-246.281570,1572.921509,-4427.194336,-277.230164,1481.479736,-4359.033203,-261.079315,1616.005005,-4403.949219,2616.275146,1567.766113,-3159.783936,,,,,,,,,,,,,,,,,,,,,,,,,,,,,,,,,
3012,30.120000,0.000000,0.000000,0.000000,1.000000,0.000000,0.000000,0.000000,57.698101,20.499701,-14.700500,0.047771,-0.013570,0.015998,-15.666301,-52.738201,18.801300,-93.396698,0.129960,17.611099,-0.193778,-0.500391,-0.666926,0.516981,-260.563538,1529.833008,-4399.305176,-254.391495,1449.021484,-4406.429688,-247.638397,1572.834229,-4427.563477,-278.209869,1481.490234,-4358.924805,-262.014404,1615.986084,-4404.302734,-254.490021,1448.805420,-4406.309082,-247.564529,1572.875366,-4427.585449,-278.104309,1481.559082,-4359.079590,-262.102814,1616.072998,-4404.243652,2616.305664,1567.727905,-3159.786133,,,,,,,,,,,,,,,,,,,,,,,,,,,,,,,,,
3013,30.130000,0.000000,0.000000,0.000000,1.000000,0.000000,0.000000,0.000000,57.698101,20.499701,-14.700500,0.047771,-0.013570,0.015998,-15.666301,-52.738201,18.801300,-93.396698,0.129960,17.611099,-0.196868,-0.497908,-0.666853,0.518303,-261.711334,1529.845459,-4399.580566,-255.776047,1449.024536,-4406.798340,-248.918488,1572.833862,-4427.918457,-279.139618,1481.519043,-4359.085938,-263.011292,1616.004517,-4404.518555,-255.765976,1448.774780,-4406.604492,-248.977173,1572.859009,-4428.053223,-279.113373,1481.589478,-4359.287598,-262.985382,1616.140381,-4404.355469,2616.302002,1567.737427,-3159.754150,,,,,,,,,,,,,,,,,,,,,,,,,,,,,,,,,
3014,30.140000,0.000000,0.000000,0.000000,1.000000,0.000000,0.000000,0.000000,57.698101,20.499701,-14.700500,0.047771,-0.013570,0.015998,-15.666301,-52.738201,18.801300,-93.396698,0.129960,17.611099,-0.197999,-0.497362,-0.666047,0.519431,-262.805298,1529.847290,-4399.857422,-256.814484,1449.026611,-4407.031738,-250.155212,1572.825684,-4428.274414,-280.042725,1481.536133,-4359.263184,-264.208923,1616.000854,-4404.859863,-256.820770,1448.807861,-4406.855957,-250.218658,1572.850708,-4428.326660,-279.991547,1481.633423,-4359.489258,-264.183807,1616.081421,-4404.756348,2616.271484,1567.738525,-3159.765869,,,,,,,,,,,,,,,,,,,,,,,,,,,,,,,,,
3015,30.150000,0.000000,0.000000,0.000000,1.000000,0.000000,0.000000,0.000000,57.698101,20.499701,-14.700500,0.047771,-0.013570,0.015998,-15.666301,-52.738201,18.801300,-93.396698,0.129960,17.611099,-0.196260,-0.500174,-0.663966,0.520054,-263.813660,1529.875732,-4400.007812,-257.324738,1449.065063,-4406.854004,-251.306152,1572.820435,-4428.538574,-280.923615,1481.617310,-4359.297363,-265.700165,1616.000366,-4405.340820,-257.126526,1449.134766,-4406.527344,-251.741058,1572.621948,-4428.846191,-281.022552,1481.673950,-4359.663574,-265.398071,1616.054688,-4405.013672,2616.259277,1567.714355,-3159.762207,,,,,,,,,,,,,,,,,,,,,,,,,,,,,,,,,
3016,30.160000,0.000000,0.000000,0.000000,1.000000,0.000000,0.000000,0.000000,57.698101,20.499701,-14.700500,0.047771,-0.013570,0.015998,-15.666301,-52.738201,18.801300,-93.396698,0.129960,17.611099,-0.195913,-0.501208,-0.662563,0.520979,-264.806396,1529.925415,-4400.140625,-258.039032,1449.123779,-4406.820801,-252.444901,1572.854248,-4428.759277,-281.752838,1481.692139,-4359.332031,-266.988892,1616.031860,-4405.650391,-257.743927,1449.291748,-4406.446289,-253.063919,1572.527588,-4429.192871,-281.917389,1481.782104,-4359.749023,-266.565033,1616.052124,-4405.206543,2616.272705,1567.766357,-3159.769287,,,,,,,,,,,,,,,,,,,,,,,,,,,,,,,,,
3017,30.170000,0.000000,0.000000,0.000000,1.000000,0.000000,0.000000,0.000000,57.698101,20.499701,-14.700500,0.047771,-0.013570,0.015998,-15.666301,-52.738201,18.801300,-93.396698,0.129960,17.611099,-0.194811,-0.502450,-0.662133,0.520742,-265.876953,1529.894043,-4400.359375,-258.951599,1449.097290,-4406.937500,-253.508652,1572.814941,-4428.986328,-282.855438,1481.673096,-4359.548828,-268.192169,1615.990845,-4405.963379,-258.749420,1449.254517,-4406.580566,-253.944870,1572.598999,-4429.319336,-282.954254,1481.778809,-4359.968750,-267.883972,1615.930298,-4405.590332,2616.278076,1567.730713,-3159.751465,,,,,,,,,,,,,,,,,,,,,,,,,,,,,,,,,
3018,30.180000,0.000000,0.000000,0.000000,1.000000,0.000000,0.000000,0.000000,57.698101,20.499701,-14.700500,0.047771,-0.013570,0.015998,-15.666301,-52.738201,18.801300,-93.396698,0.129960,17.611099,-0.192082,-0.504304,-0.663154,0.518660,-266.857605,1529.879761,-4400.504883,-259.908020,1449.084595,-4407.076172,-254.244598,1572.813354,-4429.006348,-284.180389,1481.640625,-4359.861816,-269.097443,1615.980835,-4406.076172,-259.782166,1449.248901,-4406.707520,-254.589081,1572.748657,-4429.249023,-284.224915,1481.679443,-4360.265625,-268.836731,1615.845825,-4405.802734,2616.299805,1567.721680,-3159.746582,,,,,,,,,,,,,,,,,,,,,,,,,,,,,,,,,
3019,30.190000,0.000000,0.000000,0.000000,1.000000,0.000000,0.000000,0.000000,57.698101,20.499701,-14.700500,0.047771,-0.013570,0.015998,-15.666301,-52.738201,18.801300,-93.396698,0.129960,17.611099,-0.189457,-0.505577,-0.665011,0.516003,-267.741577,1529.890747,-4400.609863,-260.924744,1449.092163,-4407.277344,-254.796387,1572.848389,-4428.925293,-285.508209,1481.615723,-4360.201660,-269.737122,1616.007080,-4406.035645,-260.940887,1449.228516,-4406.883789,-254.964355,1572.944580,-4429.093262,-285.456329,1481.554077,-4360.584961,-269.598969,1615.842041,-4405.870117,2616.293701,1567.667236,-3159.744385,,,,,,,,,,,,,,,,,,,,,,,,,,,,,,,,,
3020,30.200000,0.000000,0.000000,0.000000,1.000000,0.000000,0.000000,0.000000,57.698101,20.499701,-14.700500,0.047771,-0.013570,0.015998,-15.666301,-52.738201,18.801300,-93.396698,0.129960,17.611099,-0.190441,-0.503783,-0.666279,0.515759,-268.894653,1529.792358,-4400.868652,-262.361572,1448.988892,-4407.759277,-255.876068,1572.779419,-4429.105957,-286.722839,1481.472778,-4360.541016,-270.618164,1615.928467,-4406.069336,-262.459686,1449.061279,-4407.415527,-255.885422,1572.891357,-4429.290039,-286.622711,1481.430786,-4360.859375,-270.612122,1615.789185,-4405.902344,2616.314941,1567.701782,-3159.735596,,,,,,,,,,,,,,,,,,,,,,,,,,,,,,,,,
3021,30.210000,0.000000,0.000000,0.000000,1.000000,0.000000,0.000000,0.000000,57.698101,20.499701,-14.700500,0.047771,-0.013570,0.015998,-15.666301,-52.738201,18.801300,-93.396698,0.129960,17.611099,-0.190796,-0.503078,-0.666257,0.516344,-270.097198,1529.648926,-4401.244629,-263.562378,1448.852051,-4408.209473,-257.136993,1572.660156,-4429.472168,-287.844299,1481.295044,-4360.921875,-271.845184,1615.788696,-4406.375488,-263.764618,1448.919312,-4407.916992,-257.064880,1572.804443,-4429.478516,-287.648590,1481.236938,-4361.234375,-271.911346,1615.634521,-4406.352051,2616.276367,1567.713135,-3159.778320,,,,,,,,,,,,,,,,,,,,,,,,,,,,,,,,,
3022,30.220000,0.000000,0.000000,0.000000,1.000000,0.000000,0.000000,0.000000,57.698101,20.499701,-14.700500,0.047771,-0.013570,0.015998,-15.666301,-52.738201,18.801300,-93.396698,0.129960,17.611099,-0.189347,-0.503502,-0.666331,0.516369,-271.201019,1529.561401,-4401.482910,-264.522125,1448.782104,-4408.514160,-258.241821,1572.621704,-4429.635742,-288.967346,1481.138550,-4361.251953,-273.072876,1615.703491,-4406.530273,-264.673706,1448.826782,-4408.179199,-258.247437,1572.753296,-4429.671387,-288.802887,1481.070312,-4361.607422,-273.075745,1615.591675,-4406.482422,2616.298096,1567.731689,-3159.771484,,,,,,,,,,,,,,,,,,,,,,,,,,,,,,,,,
3023,30.230000,0.000000,0.000000,0.000000,1.000000,0.000000,0.000000,0.000000,57.698101,20.499701,-14.700500,0.047771,-0.013570,0.015998,-15.666301,-52.738201,18.801300,-93.396698,0.129960,17.611099,-0.189948,-0.502482,-0.666418,0.517029,-272.384857,1529.450806,-4401.878906,-265.739960,1448.677612,-4409.013184,-259.486877,1572.538696,-4430.017578,-290.061035,1480.988281,-4361.655762,-274.251648,1615.598633,-4406.829102,-265.730011,1448.650879,-4408.640625,-259.712921,1572.604004,-4430.106934,-290.002167,1480.955933,-4362.080566,-274.093048,1615.587158,-4406.710449,2616.334473,1567.750122,-3159.758545,,,,,,,,,,,,,,,,,,,,,,,,,,,,,,,,,
3024,30.240000,0.000000,0.000000,0.000000,1.000000,0.000000,0.000000,0.000000,57.698101,20.499701,-14.700500,0.047771,-0.013570,0.015998,-15.666301,-52.738201,18.801300,-93.396698,0.129960,17.611099,-0.189672,-0.502150,-0.666472,0.517383,-273.288544,1529.446289,-4402.123535,-266.600128,1448.683472,-4409.333984,-260.423737,1572.567383,-4430.226562,-290.924744,1480.936768,-4361.939453,-275.205658,1615.597656,-4406.993652,-266.503754,1448.703369,-4408.895508,-260.817688,1572.581787,-4430.370605,-290.923767,1480.892822,-4362.434570,-274.921875,1615.605469,-4406.818848,2616.284424,1567.706177,-3159.767822,,,,,,,,,,,,,,,,,,,,,,,,,,,,,,,,,
3025,30.250000,0.000000,0.000000,0.000000,1.000000,0.000000,0.000000,0.000000,57.698101,20.499701,-14.700500,0.047771,-0.013570,0.015998,-15.666301,-52.738201,18.801300,-93.396698,0.129960,17.611099,-0.191752,-0.500622,-0.665479,0.519371,-274.270935,1529.427368,-4402.395996,-267.549500,1448.668823,-4409.623047,-261.639069,1572.551270,-4430.600098,-291.587372,1480.914673,-4362.076660,-276.307861,1615.574951,-4407.284180,-267.449097,1448.730713,-4409.191895,-261.997559,1572.488770,-4430.812012,-291.591278,1480.935791,-4362.583496,-276.054779,1615.557251,-4407.030762,2616.270020,1567.750000,-3159.783447,,,,,,,,,,,,,,,,,,,,,,,,,,,,,,,,,
3026,30.260000,0.000000,0.000000,0.000000,1.000000,0.000000,0.000000,0.000000,57.698101,20.499701,-14.700500,0.047771,-0.013570,0.015998,-15.666301,-52.738201,18.801300,-93.396698,0.129960,17.611099,-0.193554,-0.498816,-0.665249,0.520734,-275.033234,1529.485229,-4402.599121,-268.389343,1448.729736,-4409.930664,-262.543854,1572.626709,-4430.839844,-292.140137,1480.947021,-4362.221680,-277.059692,1615.637695,-4407.404785,-268.309662,1448.823608,-4409.505371,-262.865906,1572.492432,-4431.030273,-292.118500,1480.993408,-4362.759277,-276.843597,1615.637939,-4407.149902,2616.316650,1567.732788,-3159.791260,,,,,,,,,,,,,,,,,,,,,,,,,,,,,,,,,
3027,30.270000,0.000000,0.000000,0.000000,1.000000,0.000000,0.000000,0.000000,57.698101,20.499701,-14.700500,0.047771,-0.013570,0.015998,-15.666301,-52.738201,18.801300,-93.396698,0.129960,17.611099,-0.193752,-0.498560,-0.664775,0.521510,-275.904236,1529.530640,-4402.859375,-269.171967,1448.783203,-4410.197754,-263.509918,1572.686401,-4431.120117,-292.891388,1480.973022,-4362.454590,-278.043762,1615.680298,-4407.664551,-269.036194,1448.967407,-4409.672852,-263.929535,1572.482178,-4431.451660,-292.915985,1480.972656,-4363.038574,-277.751404,1615.699585,-4407.301270,2616.326172,1567.721069,-3159.769531,,,,,,,,,,,,,,,,,,,,,,,,,,,,,,,,,
3028,30.280000,0.000000,0.000000,0.000000,1.000000,0.000000,0.000000,0.000000,57.698101,20.499701,-14.700500,0.047771,-0.013570,0.015998,-15.666301,-52.738201,18.801300,-93.396698,0.129960,17.611099,-0.193833,-0.498318,-0.664334,0.522273,-276.800476,1529.605835,-4403.145996,-269.972809,1448.867798,-4410.500488,-264.498779,1572.780396,-4431.418457,-293.672302,1481.022461,-4362.723145,-279.058167,1615.753174,-4407.940918,-269.772705,1449.097778,-4409.938965,-265.033539,1572.570679,-4431.795898,-293.747498,1480.974609,-4363.292480,-278.673126,1615.777832,-4407.558594,2616.313232,1567.735107,-3159.785156,,,,,,,,,,,,,,,,,,,,,,,,,,,,,,,,,
3029,30.290000,0.000000,0.000000,0.000000,1.000000,0.000000,0.000000,0.000000,57.698101,20.499701,-14.700500,0.047771,-0.013570,0.015998,-15.666301,-52.738201,18.801300,-93.396698,0.129960,17.611099,-0.192103,-0.499431,-0.664270,0.521930,-277.851654,1529.643433,-4403.516602,-270.853424,1448.918579,-4410.855957,-265.519592,1572.843262,-4431.737305,-294.790100,1481.024780,-4363.165039,-280.243530,1615.787231,-4408.309082,-270.695435,1449.143066,-4410.298828,-265.981659,1572.698486,-4432.077148,-294.835754,1481.000000,-4363.751953,-279.906616,1615.740601,-4407.953125,2616.332031,1567.709106,-3159.774414,,,,,,,,,,,,,,,,,,,,,,,,,,,,,,,,,
3030,30.300000,0.000000,0.000000,0.000000,1.000000,0.000000,0.000000,0.000000,57.698101,20.499701,-14.700500,0.047771,-0.013570,0.015998,-15.666301,-52.738201,18.801300,-93.396698,0.129960,17.611099,-0.190970,-0.499814,-0.664784,0.521324,-278.734833,1529.736084,-4403.775391,-271.721893,1449.017822,-4411.172363,-266.323669,1572.962036,-4431.920898,-295.785614,1481.080078,-4363.515137,-281.108246,1615.884521,-4408.492188,-271.799255,1449.144653,-4410.742188,-266.429871,1572.969482,-4432.038086,-295.646393,1481.095581,-4364.041016,-281.040344,1615.755859,-4408.318848,2616.305176,1567.743896,-3159.782471,,,,,,,,,,,,,,,,,,,,,,,,,,,,,,,,,
3031,30.310000,0.000000,0.000000,0.000000,1.000000,0.000000,0.000000,0.000000,57.698101,20.499701,-14.700500,0.047771,-0.013570,0.015998,-15.666301,-52.738201,18.801300,-93.396698,0.129960,17.611099,-0.186981,-0.502446,-0.665829,0.518901,-279.791016,1529.818115,-4404.175293,-272.642700,1449.110352,-4411.558594,-267.104340,1573.074463,-4432.150879,-297.244965,1481.119019,-4364.141113,-282.172211,1615.968628,-4408.850586,-272.912140,1449.139038,-4411.223145,-267.011871,1573.210205,-4432.081055,-296.947998,1481.123291,-4364.582031,-282.272980,1615.804688,-4408.854492,2616.311279,1567.726196,-3159.791748,,,,,,,,,,,,,,,,,,,,,,,,,,,,,,,,,
3032,30.320000,0.000000,0.000000,0.000000,1.000000,0.000000,0.000000,0.000000,57.698101,20.499701,-14.700500,0.047771,-0.013570,0.015998,-15.666301,-52.738201,18.801300,-93.396698,0.129960,17.611099,-0.188710,-0.500851,-0.666446,0.519024,-280.766327,1529.872437,-4404.552734,-273.873505,1449.152344,-4412.043457,-268.065826,1573.121094,-4432.534180,-298.202942,1481.182495,-4364.500000,-282.923157,1616.034058,-4409.133789,-274.047363,1449.105469,-4411.747070,-268.037018,1573.229126,-4432.520020,-297.997223,1481.193481,-4364.875977,-282.967987,1615.957764,-4409.101074,2616.307617,1567.724487,-3159.779297,,,,,,,,,,,,,,,,,,,,,,,,,,,,,,,,,
3033,30.330000,0.000000,0.000000,0.000000,1.000000,0.000000,0.000000,0.000000,57.698101,20.499701,-14.700500,0.047771,-0.013570,0.015998,-15.666301,-52.738201,18.801300,-93.396698,0.129960,17.611099,-0.188234,-0.500719,-0.667121,0.518458,-281.955536,1529.855713,-4405.041504,-275.135742,1449.137207,-4412.614258,-269.173706,1573.122803,-4432.957031,-299.494965,1481.138550,-4365.066895,-284.017822,1616.024658,-4409.527832,-275.249634,1449.101807,-4412.357422,-269.247772,1573.231079,-4432.851074,-299.307983,1481.226562,-4365.476074,-283.990845,1615.880615,-4409.538574,2616.275635,1567.752319,-3159.790527,,,,,,,,,,,,,,,,,,,,,,,,,,,,,,,,,
3034,30.340000,0.000000,0.000000,0.000000,1.000000,0.000000,0.000000,0.000000,57.698101,20.499701,-14.700500,0.047771,-0.013570,0.015998,-15.666301,-52.738201,18.801300,-93.396698,0.129960,17.611099,-0.188807,-0.500369,-0.666903,0.518867,-283.106476,1529.878052,-4405.503906,-276.293610,1449.158447,-4413.072266,-270.372742,1573.140747,-4433.448242,-300.577911,1481.167358,-4365.491211,-285.181732,1616.045776,-4410.002930,-276.430267,1449.122559,-4412.858398,-270.393616,1573.249512,-4433.323242,-300.389130,1481.223145,-4365.826172,-285.192780,1615.927979,-4410.041992,2616.307617,1567.765869,-3159.799072,,,,,,,,,,,,,,,,,,,,,,,,,,,,,,,,,
3035,30.350000,0.000000,0.000000,0.000000,1.000000,0.000000,0.000000,0.000000,57.698101,20.499701,-14.700500,0.047771,-0.013570,0.015998,-15.666301,-52.738201,18.801300,-93.396698,0.129960,17.611099,-0.189853,-0.499738,-0.666790,0.519238,-284.221802,1529.911865,-4405.992188,-277.481842,1449.186035,-4413.560059,-271.527863,1573.159912,-4433.977051,-301.627380,1481.221558,-4365.926270,-286.250214,1616.080200,-4410.504883,-277.656342,1449.167358,-4413.319824,-271.520630,1573.286499,-4433.841797,-301.405914,1481.254761,-4366.287598,-286.282318,1615.947510,-4410.556152,2616.286865,1567.737549,-3159.784424,,,,,,,,,,,,,,,,,,,,,,,,,,,,,,,,,
3036,30.360000,0.000000,0.000000,0.000000,1.000000,0.000000,0.000000,0.000000,57.698101,20.499701,-14.700500,0.047771,-0.013570,0.015998,-15.666301,-52.738201,18.801300,-93.396698,0.129960,17.611099,-0.190237,-0.499630,-0.666750,0.519253,-285.190796,1529.963745,-4406.394043,-278.485138,1449.233398,-4413.942871,-272.499512,1573.199097,-4434.399902,-302.587738,1481.291260,-4366.302734,-287.190857,1616.131470,-4410.930176,-278.558258,1449.280518,-4413.600586,-272.645660,1573.263428,-4434.363770,-302.449158,1481.252441,-4366.744141,-287.096375,1616.060669,-4410.908203,2616.302490,1567.743774,-3159.785400,,,,,,,,,,,,,,,,,,,,,,,,,,,,,,,,,
3037,30.370000,0.000000,0.000000,0.000000,1.000000,0.000000,0.000000,0.000000,57.698101,20.499701,-14.700500,0.047771,-0.013570,0.015998,-15.666301,-52.738201,18.801300,-93.396698,0.129960,17.611099,-0.191554,-0.499389,-0.666025,0.519931,-286.193237,1530.010010,-4406.849121,-279.489563,1449.270020,-4414.295410,-273.595825,1573.206055,-4434.958008,-303.459198,1481.393921,-4366.632324,-288.228485,1616.170166,-4411.509277,-279.513397,1449.325806,-4413.930176,-273.779144,1573.238037,-4435.007812,-303.367554,1481.374146,-4367.080566,-288.101959,1616.106567,-4411.412598,2616.258789,1567.699707,-3159.775635,,,,,,,,,,,,,,,,,,,,,,,,,,,,,,,,,
3038,30.380000,0.000000,0.000000,0.000000,1.000000,0.000000,0.000000,0.000000,57.698101,20.499701,-14.700500,0.047771,-0.013570,0.015998,-15.666301,-52.738201,18.801300,-93.396698,0.129960,17.611099,-0.191496,-0.500207,-0.665494,0.519846,-287.093353,1530.059692,-4407.274414,-280.318359,1449.313354,-4414.586426,-274.508057,1573.221191,-4435.441406,-304.352539,1481.493774,-4366.994141,-289.194489,1616.210693,-4412.074219,-280.204803,1449.375000,-4414.140137,-274.899323,1573.201416,-4435.649902,-304.371552,1481.470581,-4367.487793,-288.909302,1616.192627,-4411.841309,2616.288086,1567.742676,-3159.770508,,,,,,,,,,,,,,,,,,,,,,,,,,,,,,,,,
3039,30.390000,0.000000,0.000000,0.000000,1.000000,0.000000,0.000000,0.000000,57.698101,20.499701,-14.700500,0.047771,-0.013570,0.015998,-15.666301,-52.738201,18.801300,-93.396698,0.129960,17.611099,-0.189212,-0.502559,-0.665065,0.518962,-287.924286,1530.147705,-4407.646484,-280.906189,1449.407227,-4414.793457,-275.270203,1573.297241,-4435.801270,-305.314148,1481.600464,-4367.400879,-290.206696,1616.285889,-4412.590820,-280.753754,1449.481567,-4414.313477,-275.733948,1573.273682,-4436.062012,-305.364136,1481.551147,-4367.902344,-289.863770,1616.284302,-4412.325684,2616.309082,1567.739624,-3159.754150,,,,,,,,,,,,,,,,,,,,,,,,,,,,,,,,,
3040,30.400000,0.000000,0.000000,0.000000,1.000000,0.000000,0.000000,0.000000,57.698101,20.499701,-14.700500,0.047771,-0.013570,0.015998,-15.666301,-52.738201,18.801300,-93.396698,0.129960,17.611099,-0.191374,-0.501504,-0.664276,0.520199,-288.628632,1530.288086,-4407.870117,-281.658600,1449.538574,-4414.961426,-276.125366,1573.403320,-4436.145020,-305.801483,1481.789917,-4367.472168,-290.929169,1616.420776,-4412.902344,-281.496521,1449.602661,-4414.512207,-276.600708,1573.304321,-4436.386230,-305.851807,1481.780273,-4367.976074,-290.590057,1616.460693,-4412.629395,2616.313965,1567.765625,-3159.763184,,,,,,,,,,,,,,,,,,,,,,,,,,,,,,,,,
3041,30.410000,0.000000,0.000000,0.000000,1.000000,0.000000,0.000000,0.000000,57.698101,20.499701,-14.700500,0.047771,-0.013570,0.015998,-15.666301,-52.738201,18.801300,-93.396698,0.129960,17.611099,-0.194472,-0.499661,-0.663856,0.521359,-289.303253,1530.447754,-4408.088379,-282.533417,1449.680298,-4415.169434,-276.929474,1573.518921,-4436.486816,-306.267181,1482.011230,-4367.528320,-291.483032,1616.580566,-4413.168945,-282.365143,1449.734619,-4414.748535,-277.359619,1573.344604,-4436.815430,-306.330627,1482.054932,-4368.004883,-291.184174,1616.647217,-4412.811523,2616.278320,1567.767090,-3159.769531,,,,,,,,,,,,,,,,,,,,,,,,,,,,,,,,,
3042,30.420000,0.000000,0.000000,0.000000,1.000000,0.000000,0.000000,0.000000,57.698101,20.499701,-14.700500,0.047771,-0.013570,0.015998,-15.666301,-52.738201,18.801300,-93.396698,0.129960,17.611099,-0.193224,-0.501019,-0.663769,0.520629,-290.031860,1530.569458,-4408.364746,-283.163086,1449.802002,-4415.349609,-277.589691,1573.626953,-4436.754395,-307.105133,1482.153198,-4367.826660,-292.269562,1616.695923,-4413.528809,-283.091156,1449.901733,-4414.963867,-277.860626,1573.473755,-4436.970703,-307.089691,1482.203003,-4368.302246,-292.089630,1616.704590,-4413.258789,2616.244629,1567.699585,-3159.768066,,,,,,,,,,,,,,,,,,,,,,,,,,,,,,,,,
3043,30.430000,0.000000,0.000000,0.000000,1.000000,0.000000,0.000000,0.000000,57.698101,20.499701,-14.700500,0.047771,-0.013570,0.015998,-15.666301,-52.738201,18.801300,-93.396698,0.129960,17.611099,-0.192696,-0.501546,-0.663682,0.520429,-290.675934,1530.696167,-4408.634766,-283.752228,1449.930420,-4415.583984,-278.217590,1573.751709,-4437.020020,-307.779633,1482.282959,-4368.105469,-292.954376,1616.819702,-4413.828613,-283.589020,1450.026733,-4415.136719,-278.639954,1573.549805,-4437.388184,-307.838379,1482.325317,-4368.608887,-292.663879,1616.871338,-4413.440430,2616.305176,1567.755859,-3159.756348,,,,,,,,,,,,,,,,,,,,,,,,,,,,,,,,,
3044,30.440000,0.000000,0.000000,0.000000,1.000000,0.000000,0.000000,0.000000,57.698101,20.499701,-14.700500,0.047771,-0.013570,0.015998,-15.666301,-52.738201,18.801300,-93.396698,0.129960,17.611099,-0.191519,-0.502935,-0.663208,0.520127,-291.425446,1530.795166,-4408.956543,-284.334137,1450.033813,-4415.786133,-278.956177,1573.838989,-4437.354980,-308.568329,1482.400146,-4368.422363,-293.843201,1616.908203,-4414.262207,-284.137146,1450.157104,-4415.302246,-279.471924,1573.696533,-4437.687988,-308.648285,1482.397827,-4368.942383,-293.471008,1616.923218,-4413.912109,2616.297119,1567.728882,-3159.753906,,,,,,,,,,,,,,,,,,,,,,,,,,,,,,,,,
3045,30.450000,0.000000,0.000000,0.000000,1.000000,0.000000,0.000000,0.000000,57.698101,20.499701,-14.700500,0.047771,-0.013570,0.015998,-15.666301,-52.738201,18.801300,-93.396698,0.129960,17.611099,-0.192798,-0.501959,-0.663213,0.520591,-292.203949,1530.911743,-4409.280762,-285.219177,1450.143921,-4416.145020,-279.779694,1573.946655,-4437.712402,-309.268890,1482.528809,-4368.699707,-294.548157,1617.028076,-4414.566406,-285.063141,1450.200073,-4415.766602,-280.180756,1573.787354,-4437.991211,-309.323059,1482.617798,-4369.164551,-294.272522,1617.037109,-4414.238770,2616.297607,1567.721313,-3159.746826,,,,,,,,,,,,,,,,,,,,,,,,,,,,,,,,,
3046,30.460000,0.000000,0.000000,0.000000,1.000000,0.000000,0.000000,0.000000,57.698101,20.499701,-14.700500,0.047771,-0.013570,0.015998,-15.666301,-52.738201,18.801300,-93.396698,0.129960,17.611099,-0.191822,-0.502975,-0.663085,0.520134,-293.050690,1530.948975,-4409.634766,-285.974518,1450.183105,-4416.428223,-280.586548,1573.977051,-4438.059082,-310.184235,1482.576416,-4369.069336,-295.457489,1617.059692,-4414.981445,-285.965515,1450.223755,-4416.151855,-280.715759,1573.911621,-4438.202637,-310.131744,1482.683716,-4369.439941,-295.380768,1616.992798,-4414.774414,2616.284424,1567.721069,-3159.752930,,,,,,,,,,,,,,,,,,,,,,,,,,,,,,,,,
3047,30.470000,0.000000,0.000000,0.000000,1.000000,0.000000,0.000000,0.000000,57.698101,20.499701,-14.700500,0.047771,-0.013570,0.015998,-15.666301,-52.738201,18.801300,-93.396698,0.129960,17.611099,-0.189110,-0.505236,-0.663364,0.518577,-293.770691,1531.058472,-4409.892090,-286.542999,1450.298096,-4416.591309,-281.143555,1574.087891,-4438.242676,-311.153076,1482.684448,-4369.435059,-296.243256,1617.163574,-4415.300293,-286.675598,1450.279297,-4416.390137,-281.108368,1574.115967,-4438.221191,-310.974701,1482.796997,-4369.754883,-296.306641,1617.057373,-4415.244629,2616.296143,1567.746338,-3159.765869,,,,,,,,,,,,,,,,,,,,,,,,,,,,,,,,,
3048,30.480000,0.000000,0.000000,0.000000,1.000000,0.000000,0.000000,0.000000,57.698101,20.499701,-14.700500,0.047771,-0.013570,0.015998,-15.666301,-52.738201,18.801300,-93.396698,0.129960,17.611099,-0.187980,-0.505785,-0.664032,0.517597,-294.506439,1531.124390,-4410.206055,-287.308380,1450.364502,-4416.941406,-281.757874,1574.166748,-4438.481934,-312.053711,1482.731445,-4369.842773,-296.905853,1617.235107,-4415.557617,-287.604156,1450.243652,-4416.812012,-281.498688,1574.300537,-4438.281738,-311.748566,1482.834839,-4370.090820,-297.145264,1617.130127,-4415.645020,2616.297363,1567.743774,-3159.770020,,,,,,,,,,,,,,,,,,,,,,,,,,,,,,,,,
3049,30.490000,0.000000,0.000000,0.000000,1.000000,0.000000,0.000000,0.000000,57.698101,20.499701,-14.700500,0.047771,-0.013570,0.015998,-15.666301,-52.738201,18.801300,-93.396698,0.129960,17.611099,-0.186870,-0.506078,-0.665064,0.516386,-295.308350,1531.140137,-4410.588379,-288.203857,1450.379028,-4417.408691,-282.401978,1574.202148,-4438.762695,-313.062103,1482.718262,-4370.350586,-297.565552,1617.261230,-4415.831543,-288.516998,1450.238892,-4417.257324,-282.154877,1574.395630,-4438.525391,-312.756561,1482.739258,-4370.591309,-297.781097,1617.195068,-4415.967773,2616.299805,1567.723511,-3159.765869,,,,,,,,,,,,,,,,,,,,,,,,,,,,,,,,,
3050,30.500000,0.000000,0.000000,0.000000,1.000000,0.000000,0.000000,0.000000,57.698101,20.499701,-14.700500,0.047771,-0.013570,0.015998,-15.666301,-52.738201,18.801300,-93.396698,0.129960,17.611099,-0.186560,-0.506187,-0.665675,0.515603,-296.103241,1531.110596,-4410.936523,-289.094788,1450.343628,-4417.786133,-283.096558,1574.169678,-4439.069336,-313.983032,1482.692139,-4370.750000,-298.238708,1617.237305,-4416.140137,-289.315063,1450.221558,-4417.596680,-283.000336,1574.357300,-4438.899414,-313.745483,1482.704346,-4371.021973,-298.334229,1617.164185,-4416.229004,2616.315186,1567.721558,-3159.765625,,,,,,,,,,,,,,,,,,,,,,,,,,,,,,,,,
3051,30.510000,0.000000,0.000000,0.000000,1.000000,0.000000,0.000000,0.000000,57.698101,20.499701,-14.700500,0.047771,-0.013570,0.015998,-15.666301,-52.738201,18.801300,-93.396698,0.129960,17.611099,-0.185996,-0.506760,-0.665614,0.515322,-296.877075,1531.064819,-4411.313477,-289.819366,1450.298828,-4418.123535,-283.845673,1574.120239,-4439.440430,-314.798340,1482.651855,-4371.139160,-299.045013,1617.188721,-4416.550781,-289.995056,1450.268921,-4417.869141,-283.845825,1574.273682,-4439.326172,-314.585052,1482.643188,-4371.485840,-299.065704,1617.077271,-4416.597656,2616.291748,1567.734009,-3159.764893,,,,,,,,,,,,,,,,,,,,,,,,,,,,,,,,,
3052,30.520000,0.000000,0.000000,0.000000,1.000000,0.000000,0.000000,0.000000,57.698101,20.499701,-14.700500,0.047771,-0.013570,0.015998,-15.666301,-52.738201,18.801300,-93.396698,0.129960,17.611099,-0.186116,-0.506393,-0.665895,0.515278,-297.720093,1530.991089,-4411.724609,-290.713989,1450.225098,-4418.588867,-284.673584,1574.056396,-4439.829590,-315.655060,1482.563477,-4371.573730,-299.837921,1617.119507,-4416.906250,-290.938324,1450.185181,-4418.395996,-284.596375,1574.248657,-4439.625488,-315.409546,1482.556641,-4371.858398,-299.918335,1616.982788,-4417.025391,2616.262695,1567.764526,-3159.799316,,,,,,,,,,,,,,,,,,,,,,,,,,,,,,,,,
3053,30.530000,0.000000,0.000000,0.000000,1.000000,0.000000,0.000000,0.000000,57.698101,20.499701,-14.700500,0.047771,-0.013570,0.015998,-15.666301,-52.738201,18.801300,-93.396698,0.129960,17.611099,-0.186715,-0.505838,-0.665974,0.515503,-298.546906,1530.898071,-4412.135254,-291.599731,1450.130005,-4419.033691,-285.518768,1573.963623,-4440.248047,-316.447784,1482.469849,-4371.970215,-300.621460,1617.029297,-4417.289062,-291.834015,1450.069458,-4418.829590,-285.437775,1574.116577,-4440.033203,-316.169281,1482.509033,-4372.307617,-300.714905,1616.909302,-4417.392090,2616.276123,1567.767334,-3159.801025,,,,,,,,,,,,,,,,,,,,,,,,,,,,,,,,,
3054,30.540000,0.000000,0.000000,0.000000,1.000000,0.000000,0.000000,0.000000,57.698101,20.499701,-14.700500,0.047771,-0.013570,0.015998,-15.666301,-52.738201,18.801300,-93.396698,0.129960,17.611099,-0.186696,-0.506331,-0.665205,0.516020,-299.295380,1530.777588,-4412.526855,-292.213898,1450.012939,-4419.328613,-286.347565,1573.830688,-4440.696289,-317.103546,1482.368286,-4372.297852,-301.516571,1616.898804,-4417.785645,-292.508514,1450.013428,-4419.136719,-286.197205,1573.999878,-4440.423340,-316.787292,1482.362549,-4372.611328,-301.661652,1616.742920,-4417.946777,2616.298828,1567.734497,-3159.786133,,,,,,,,,,,,,,,,,,,,,,,,,,,,,,,,,
3055,30.550000,0.000000,0.000000,0.000000,1.000000,0.000000,0.000000,0.000000,57.698101,20.499701,-14.700500,0.047771,-0.013570,0.015998,-15.666301,-52.738201,18.801300,-93.396698,0.129960,17.611099,-0.187298,-0.505525,-0.665452,0.516273,-299.975128,1530.681763,-4412.918457,-292.972900,1449.916626,-4419.796875,-287.042297,1573.746582,-4441.076660,-317.751068,1482.255127,-4372.695801,-302.134338,1616.808838,-4418.104492,-293.184052,1449.890137,-4419.579590,-286.983612,1573.869507,-4440.916992,-317.501862,1482.272217,-4373.028320,-302.207062,1616.701660,-4418.175781,2616.321777,1567.735352,-3159.777588,,,,,,,,,,,,,,,,,,,,,,,,,,,,,,,,,
3056,30.560000,0.000000,0.000000,0.000000,1.000000,0.000000,0.000000,0.000000,57.698101,20.499701,-14.700500,0.047771,-0.013570,0.015998,-15.666301,-52.738201,18.801300,-93.396698,0.129960,17.611099,-0.189053,-0.503985,-0.665542,0.517023,-300.687714,1530.510132,-4413.318359,-293.834442,1449.739380,-4420.277832,-287.823608,1573.573486,-4441.509766,-318.346527,1482.084595,-4373.042480,-302.746307,1616.643555,-4418.441895,-294.006348,1449.698120,-4420.027832,-287.826111,1573.699707,-4441.381348,-318.125793,1482.099243,-4373.408203,-302.770203,1616.548828,-4418.487793,2616.303223,1567.723022,-3159.782227,,,,,,,,,,,,,,,,,,,,,,,,,,,,,,,,,
3057,30.570000,0.000000,0.000000,0.000000,1.000000,0.000000,0.000000,0.000000,57.698101,20.499701,-14.700500,0.047771,-0.013570,0.015998,-15.666301,-52.738201,18.801300,-93.396698,0.129960,17.611099,-0.189975,-0.503129,-0.665379,0.517728,-301.454742,1530.330688,-4413.801758,-294.633453,1449.560791,-4420.804688,-288.665710,1573.400269,-4442.018066,-319.004425,1481.895996,-4373.489258,-303.515503,1616.465820,-4418.894531,-294.704437,1449.563477,-4420.492676,-288.794830,1573.452759,-4441.983887,-318.866302,1481.888062,-4373.906738,-303.439331,1616.419434,-4418.865234,2616.318115,1567.739136,-3159.786621,,,,,,,,,,,,,,,,,,,,,,,,,,,,,,,,,
3058,30.580000,0.000000,0.000000,0.000000,1.000000,0.000000,0.000000,0.000000,57.698101,20.499701,-14.700500,0.047771,-0.013570,0.015998,-15.666301,-52.738201,18.801300,-93.396698,0.129960,17.611099,-0.190261,-0.502208,-0.666141,0.517537,-302.031891,1530.208618,-4414.118164,-295.352386,1449.438843,-4421.257812,-289.194427,1573.302368,-4442.275391,-319.628754,1481.738159,-4373.870117,-303.952118,1616.355225,-4419.069824,-295.376648,1449.386597,-4420.924805,-289.413391,1573.359741,-4442.229980,-319.520538,1481.720215,-4374.314453,-303.813934,1616.360962,-4419.043457,2616.319092,1567.759888,-3159.786865,,,,,,,,,,,,,,,,,,,,,,,,,,,,,,,,,
3059,30.590000,0.000000,0.000000,0.000000,1.000000,0.000000,0.000000,0.000000,57.698101,20.499701,-14.700500,0.047771,-0.013570,0.015998,-15.666301,-52.738201,18.801300,-93.396698,0.129960,17.611099,-0.191096,-0.502032,-0.665187,0.518626,-302.729553,1530.043091,-4414.581543,-295.945801,1449.275391,-4421.645020,-290.035797,1573.123291,-4442.824707,-320.141144,1481.593140,-4374.228027,-304.795563,1616.180786,-4419.628418,-295.889801,1449.295044,-4421.250000,-290.352905,1573.104614,-4442.913086,-320.099030,1481.608276,-4374.731445,-304.578796,1616.168213,-4419.477539,2616.297119,1567.746948,-3159.791016,,,,,,,,,,,,,,,,,,,,,,,,,,,,,,,,,
3060,30.600000,0.000000,0.000000,0.000000,1.000000,0.000000,0.000000,0.000000,57.698101,20.499701,-14.700500,0.047771,-0.013570,0.015998,-15.666301,-52.738201,18.801300,-93.396698,0.129960,17.611099,-0.192181,-0.501212,-0.664467,0.519939,-303.365173,1529.862305,-4415.021973,-296.520782,1449.100098,-4422.090820,-290.828278,1572.949097,-4443.325195,-320.566895,1481.403809,-4374.588379,-305.544830,1615.996338,-4420.083008,-296.416046,1449.094238,-4421.763184,-291.207703,1572.891357,-4443.383301,-320.564484,1481.478027,-4375.046875,-305.290771,1615.990601,-4419.937012,2616.279297,1567.727173,-3159.792725,,,,,,,,,,,,,,,,,,,,,,,,,,,,,,,,,
3061,30.610000,0.000000,0.000000,0.000000,1.000000,0.000000,0.000000,0.000000,57.698101,20.499701,-14.700500,0.047771,-0.013570,0.015998,-15.666301,-52.738201,18.801300,-93.396698,0.129960,17.611099,-0.191755,-0.501787,-0.663679,0.520548,-303.812775,1529.743286,-4415.325195,-296.782837,1448.990845,-4422.321777,-291.366852,1572.833618,-4443.663086,-320.914398,1481.281250,-4374.853516,-306.187103,1615.867676,-4420.461914,-296.647797,1449.041870,-4421.908691,-291.799377,1572.740723,-4443.829102,-320.933777,1481.353882,-4375.394043,-305.888794,1615.841919,-4420.221191,2616.308350,1567.744507,-3159.773682,,,,,,,,,,,,,,,,,,,,,,,,,,,,,,,,,
3062,30.620000,0.000000,0.000000,0.000000,1.000000,0.000000,0.000000,0.000000,57.698101,20.499701,-14.700500,0.047771,-0.013570,0.015998,-15.666301,-52.738201,18.801300,-93.396698,0.129960,17.611099,-0.191691,-0.502155,-0.662776,0.521366,-304.443054,1529.550171,-4415.802734,-297.237701,1448.806519,-4422.722656,-292.113190,1572.639404,-4444.192871,-321.408112,1481.091309,-4375.270508,-307.013336,1615.663940,-4421.025879,-297.074097,1448.915039,-4422.345215,-292.600983,1572.497437,-4444.318359,-321.447845,1481.197632,-4375.800293,-306.680084,1615.594482,-4420.802246,2616.314209,1567.728882,-3159.777344,,,,,,,,,,,,,,,,,,,,,,,,,,,,,,,,,
3063,30.630000,0.000000,0.000000,0.000000,1.000000,0.000000,0.000000,0.000000,57.698101,20.499701,-14.700500,0.047771,-0.013570,0.015998,-15.666301,-52.738201,18.801300,-93.396698,0.129960,17.611099,-0.192096,-0.501682,-0.662352,0.522211,-305.053223,1529.368286,-4416.270508,-297.783417,1448.632324,-4423.213379,-292.823303,1572.472412,-4444.681641,-321.888306,1480.888550,-4375.708496,-307.718018,1615.479980,-4421.479004,-297.641907,1448.718384,-4422.871094,-293.248596,1572.345459,-4444.801270,-321.914886,1481.051880,-4376.229004,-307.428955,1615.371826,-4421.250000,2616.302734,1567.759521,-3159.777588,,,,,,,,,,,,,,,,,,,,,,,,,,,,,,,,,
3064,30.640000,0.000000,0.000000,0.000000,1.000000,0.000000,0.000000,0.000000,57.698101,20.499701,-14.700500,0.047771,-0.013570,0.015998,-15.666301,-52.738201,18.801300,-93.396698,0.129960,17.611099,-0.193252,-0.500318,-0.662458,0.522958,-305.625671,1529.194458,-4416.696777,-298.446472,1448.459595,-4423.746094,-293.465088,1572.317017,-4445.109375,-322.351227,1480.688110,-4376.121094,-308.239990,1615.313354,-4421.809570,-298.273315,1448.550781,-4423.411133,-293.932312,1572.188843,-4445.253418,-322.409027,1480.861206,-4376.614746,-307.915710,1615.183838,-4421.559082,2616.293945,1567.734619,-3159.766846,,,,,,,,,,,,,,,,,,,,,,,,,,,,,,,,,
3065,30.650000,0.000000,0.000000,0.000000,1.000000,0.000000,0.000000,0.000000,57.698101,20.499701,-14.700500,0.047771,-0.013570,0.015998,-15.666301,-52.738201,18.801300,-93.396698,0.129960,17.611099,-0.192631,-0.500296,-0.662861,0.522698,-306.273529,1529.004150,-4417.200684,-299.098053,1448.275269,-4424.320801,-294.071869,1572.152588,-4445.556152,-323.055695,1480.460449,-4376.693359,-308.868530,1615.128418,-4422.231934,-298.970490,1448.354004,-4423.985840,-294.449341,1572.068604,-4445.701172,-323.080750,1480.627197,-4377.182617,-308.603271,1614.981567,-4421.989746,2616.292725,1567.724854,-3159.757568,,,,,,,,,,,,,,,,,,,,,,,,,,,,,,,,,
3066,30.660000,0.000000,0.000000,0.000000,1.000000,0.000000,0.000000,0.000000,57.698101,20.499701,-14.700500,0.047771,-0.013570,0.015998,-15.666301,-52.738201,18.801300,-93.396698,0.129960,17.611099,-0.190669,-0.501427,-0.663197,0.521907,-306.890411,1528.833252,-4417.684570,-299.600677,1448.115723,-4424.817383,-294.598724,1572.010498,-4445.957031,-323.814331,1480.249146,-4377.284668,-309.547943,1614.957764,-4422.678711,-299.563019,1448.198364,-4424.545898,-294.815521,1571.979370,-4446.020996,-323.773560,1480.388672,-4377.691406,-309.396271,1614.784790,-4422.522461,2616.304932,1567.721069,-3159.751953,,,,,,,,,,,,,,,,,,,,,,,,,,,,,,,,,
3067,30.670000,0.000000,0.000000,0.000000,1.000000,0.000000,0.000000,0.000000,57.698101,20.499701,-14.700500,0.047771,-0.013570,0.015998,-15.666301,-52.738201,18.801300,-93.396698,0.129960,17.611099,-0.187853,-0.502859,-0.664343,0.520089,-307.631653,1528.636963,-4418.242676,-300.307617,1447.928345,-4425.441895,-295.118378,1571.853394,-4446.357910,-324.869141,1479.996704,-4378.042969,-310.231506,1614.769531,-4423.126953,-300.393250,1447.983154,-4425.224121,-295.174194,1571.922241,-4446.317383,-324.734741,1480.085815,-4378.369629,-310.205627,1614.559937,-4423.094727,2616.301025,1567.756104,-3159.754395,,,,,,,,,,,,,,,,,,,,,,,,,,,,,,,,,
3068,30.680000,0.000000,0.000000,0.000000,1.000000,0.000000,0.000000,0.000000,57.698101,20.499701,-14.700500,0.047771,-0.013570,0.015998,-15.666301,-52.738201,18.801300,-93.396698,0.129960,17.611099,-0.186458,-0.503606,-0.664575,0.519571,-308.443390,1528.401367,-4418.825684,-301.035004,1447.701904,-4426.041016,-295.871887,1571.641357,-4446.878906,-325.774139,1479.728149,-4378.706543,-311.092651,1614.534424,-4423.675781,-301.181854,1447.789307,-4425.836426,-295.853058,1571.758301,-4446.816406,-325.600342,1479.812988,-4379.003418,-311.130707,1614.225952,-4423.672363,2616.332764,1567.748047,-3159.749023,,,,,,,,,,,,,,,,,,,,,,,,,,,,,,,,,
3069,30.690000,0.000000,0.000000,0.000000,1.000000,0.000000,0.000000,0.000000,57.698101,20.499701,-14.700500,0.047771,-0.013570,0.015998,-15.666301,-52.738201,18.801300,-93.396698,0.129960,17.611099,-0.185814,-0.503916,-0.664813,0.519197,-309.386444,1528.145630,-4419.422363,-301.964630,1447.448975,-4426.653809,-296.769714,1571.395874,-4447.438965,-326.782104,1479.457764,-4379.349121,-312.029388,1614.280396,-4424.246094,-302.102081,1447.530640,-4426.438477,-296.753845,1571.520508,-4447.411621,-326.630280,1479.496826,-4379.621582,-312.056213,1614.022827,-4424.228516,2616.300537,1567.742065,-3159.757812,,,,,,,,,,,,,,,,,,,,,,,,,,,,,,,,,
3070,30.700000,0.000000,0.000000,0.000000,1.000000,0.000000,0.000000,0.000000,57.698101,20.499701,-14.700500,0.047771,-0.013570,0.015998,-15.666301,-52.738201,18.801300,-93.396698,0.129960,17.611099,-0.185631,-0.504254,-0.664111,0.519832,-310.396393,1527.864380,-4420.134277,-302.824890,1447.176514,-4427.309570,-297.869690,1571.117798,-4448.186523,-327.688110,1479.173096,-4380.020020,-313.203003,1613.990479,-4425.020020,-302.963654,1447.281250,-4427.146973,-297.833191,1571.256226,-4448.127441,-327.550537,1479.194702,-4380.222656,-313.241638,1613.703125,-4425.045898,2616.280029,1567.740479,-3159.756836,,,,,,,,,,,,,,,,,,,,,,,,,,,,,,,,,
3071,30.710000,0.000000,0.000000,0.000000,1.000000,0.000000,0.000000,0.000000,57.698101,20.499701,-14.700500,0.047771,-0.013570,0.015998,-15.666301,-52.738201,18.801300,-93.396698,0.129960,17.611099,-0.185117,-0.504314,-0.664340,0.519665,-311.442108,1527.587280,-4420.768555,-303.856812,1446.904541,-4427.986816,-298.890961,1570.859253,-4448.781250,-328.769867,1478.869507,-4380.702637,-314.250885,1613.716064,-4425.604004,-304.029572,1446.946533,-4427.852539,-298.817474,1571.020020,-4448.635742,-328.585693,1478.933960,-4380.916992,-314.332275,1613.433838,-4425.685059,2616.268555,1567.728882,-3159.766846,,,,,,,,,,,,,,,,,,,,,,,,,,,,,,,,,
3072,30.720000,0.000000,0.000000,0.000000,1.000000,0.000000,0.000000,0.000000,57.698101,20.499701,-14.700500,0.047771,-0.013570,0.015998,-15.666301,-52.738201,18.801300,-93.396698,0.129960,17.611099,-0.187902,-0.501314,-0.664960,0.520775,-312.585510,1527.249512,-4421.470703,-305.306091,1446.559326,-4428.917969,-300.116547,1570.542358,-4449.487793,-329.754913,1478.499756,-4381.375000,-315.164551,1613.396606,-4426.101562,-305.418243,1446.462769,-4428.783203,-300.064789,1570.668701,-4449.455566,-329.625183,1478.601807,-4381.571289,-315.227844,1613.268799,-4426.082520,2616.303955,1567.738037,-3159.764404,,,,,,,,,,,,,,,,,,,,,,,,,,,,,,,,,
3073,30.730000,0.000000,0.000000,0.000000,1.000000,0.000000,0.000000,0.000000,57.698101,20.499701,-14.700500,0.047771,-0.013570,0.015998,-15.666301,-52.738201,18.801300,-93.396698,0.129960,17.611099,-0.186350,-0.502401,-0.665166,0.520021,-313.712158,1526.951538,-4422.180176,-306.342407,1446.267578,-4429.605469,-301.162781,1570.256470,-4450.143066,-331.006500,1478.185181,-4382.158691,-316.337006,1613.097290,-4426.813477,-306.333893,1446.205322,-4429.428711,-301.317230,1570.363525,-4450.129395,-330.967804,1478.240845,-4382.392090,-316.231781,1613.002563,-4426.782227,2616.291504,1567.740723,-3159.772461,,,,,,,,,,,,,,,,,,,,,,,,,,,,,,,,,
3074,30.740000,0.000000,0.000000,0.000000,1.000000,0.000000,0.000000,0.000000,57.698101,20.499701,-14.700500,0.047771,-0.013570,0.015998,-15.666301,-52.738201,18.801300,-93.396698,0.129960,17.611099,-0.184112,-0.504086,-0.665310,0.519001,-314.780914,1526.667603,-4422.791504,-307.257660,1445.992676,-4430.161133,-302.128662,1569.985474,-4450.687500,-332.240601,1477.883423,-4382.863281,-317.496826,1612.808960,-4427.453613,-307.185211,1445.929199,-4429.909668,-302.403381,1570.088745,-4450.754883,-332.245758,1477.937622,-4383.163574,-317.299957,1612.721069,-4427.350586,2616.295166,1567.699463,-3159.760498,,,,,,,,,,,,,,,,,,,,,,,,,,,,,,,,,
3075,30.750000,0.000000,0.000000,0.000000,1.000000,0.000000,0.000000,0.000000,57.698101,20.499701,-14.700500,0.047771,-0.013570,0.015998,-15.666301,-52.738201,18.801300,-93.396698,0.129960,17.611099,-0.184637,-0.503251,-0.665204,0.519762,-315.899780,1526.363159,-4423.470215,-308.371063,1445.696045,-4430.917480,-303.326050,1569.705200,-4451.364258,-333.250916,1477.544434,-4383.536621,-318.651215,1612.507080,-4428.061523,-308.265106,1445.623413,-4430.690918,-303.625946,1569.736450,-4451.447754,-333.280548,1477.629028,-4383.824219,-318.441040,1612.467896,-4427.929688,2616.287598,1567.732910,-3159.766113,,,,,,,,,,,,,,,,,,,,,,,,,,,,,,,,,
3076,30.760000,0.000000,0.000000,0.000000,1.000000,0.000000,0.000000,0.000000,57.698101,20.499701,-14.700500,0.047771,-0.013570,0.015998,-15.666301,-52.738201,18.801300,-93.396698,0.129960,17.611099,-0.184747,-0.503026,-0.665240,0.519894,-316.739319,1526.190674,-4423.948730,-309.218811,1445.525024,-4431.421875,-304.177124,1569.539551,-4451.836914,-334.073151,1477.362183,-4384.020508,-319.488220,1612.336060,-4428.516113,-309.100159,1445.455566,-4431.170410,-304.507294,1569.524414,-4451.931152,-334.104553,1477.445312,-4384.344727,-319.260071,1612.339844,-4428.365234,2616.300049,1567.773804,-3159.783203,,,,,,,,,,,,,,,,,,,,,,,,,,,,,,,,,
3077,30.770000,0.000000,0.000000,0.000000,1.000000,0.000000,0.000000,0.000000,57.698101,20.499701,-14.700500,0.047771,-0.013570,0.015998,-15.666301,-52.738201,18.801300,-93.396698,0.129960,17.611099,-0.185586,-0.502521,-0.664694,0.520781,-317.595276,1526.009155,-4424.468750,-310.037445,1445.345825,-4431.928223,-305.140503,1569.355347,-4452.409180,-334.784821,1477.185181,-4384.471680,-320.418457,1612.150635,-4429.064453,-309.995209,1445.250610,-4431.759766,-305.316162,1569.315918,-4452.414551,-334.749878,1477.346069,-4384.761719,-320.319092,1612.140503,-4428.968262,2616.299072,1567.733765,-3159.783203,,,,,,,,,,,,,,,,,,,,,,,,,,,,,,,,,
3078,30.780000,0.000000,0.000000,0.000000,1.000000,0.000000,0.000000,0.000000,57.698101,20.499701,-14.700500,0.047771,-0.013570,0.015998,-15.666301,-52.738201,18.801300,-93.396698,0.129960,17.611099,-0.186031,-0.502167,-0.664138,0.521672,-318.460754,1525.809448,-4425.012207,-310.822723,1445.153320,-4432.469238,-306.114990,1569.164062,-4452.988281,-335.509918,1476.973999,-4384.969727,-321.395477,1611.946411,-4429.621094,-310.888306,1445.049438,-4432.395020,-306.118652,1569.166992,-4452.881348,-335.386444,1477.176636,-4385.182617,-321.432678,1611.873169,-4429.618164,2616.308594,1567.735840,-3159.784668,,,,,,,,,,,,,,,,,,,,,,,,,,,,,,,,,
3079,30.790000,0.000000,0.000000,0.000000,1.000000,0.000000,0.000000,0.000000,57.698101,20.499701,-14.700500,0.047771,-0.013570,0.015998,-15.666301,-52.738201,18.801300,-93.396698,0.129960,17.611099,-0.187028,-0.501332,-0.663967,0.522336,-319.425781,1525.610962,-4425.630371,-311.829834,1444.953979,-4433.121582,-307.151062,1568.966553,-4453.636719,-336.369995,1476.773926,-4385.545410,-322.352386,1611.749390,-4430.218750,-311.879517,1444.876221,-4433.057617,-307.151031,1568.942505,-4453.567383,-336.268188,1476.978149,-4385.736816,-322.390533,1611.675903,-4430.187988,2616.283203,1567.723877,-3159.781738,,,,,,,,,,,,,,,,,,,,,,,,,,,,,,,,,
3080,30.800000,0.000000,0.000000,0.000000,1.000000,0.000000,0.000000,0.000000,57.698101,20.499701,-14.700500,0.047771,-0.013570,0.015998,-15.666301,-52.738201,18.801300,-93.396698,0.129960,17.611099,-0.185978,-0.502381,-0.663225,0.522647,-320.526855,1525.383057,-4426.365723,-312.704346,1444.739746,-4433.767578,-308.313049,1568.745117,-4454.388672,-337.418671,1476.538696,-4386.267578,-323.671478,1611.509277,-4431.039551,-312.906403,1444.653809,-4433.772461,-308.101410,1568.816040,-4454.131348,-337.185333,1476.788086,-4386.416992,-323.891541,1611.287720,-4431.144531,2616.285400,1567.740845,-3159.796143,,,,,,,,,,,,,,,,,,,,,,,,,,,,,,,,,
3081,30.810000,0.000000,0.000000,0.000000,1.000000,0.000000,0.000000,0.000000,57.698101,20.499701,-14.700500,0.047771,-0.013570,0.015998,-15.666301,-52.738201,18.801300,-93.396698,0.129960,17.611099,-0.184731,-0.503595,-0.662938,0.522283,-321.391693,1525.276733,-4426.986816,-313.423065,1444.640015,-4434.304688,-309.154755,1568.636841,-4455.002441,-338.336700,1476.435791,-4386.906738,-324.652374,1611.394653,-4431.732910,-313.595459,1444.568604,-4434.298340,-308.994415,1568.712646,-4454.766602,-338.131775,1476.659058,-4387.054688,-324.826416,1611.177856,-4431.832520,2616.307861,1567.688354,-3159.783447,,,,,,,,,,,,,,,,,,,,,,,,,,,,,,,,,
3082,30.820000,0.000000,0.000000,0.000000,1.000000,0.000000,0.000000,0.000000,57.698101,20.499701,-14.700500,0.047771,-0.013570,0.015998,-15.666301,-52.738201,18.801300,-93.396698,0.129960,17.611099,-0.182417,-0.505658,-0.662721,0.521379,-322.357697,1525.167358,-4427.689941,-314.174103,1444.541382,-4434.888672,-310.043213,1568.529175,-4455.668945,-339.441528,1476.325195,-4387.670410,-325.771973,1611.274048,-4432.531738,-314.333069,1444.526978,-4434.823730,-309.912201,1568.569458,-4455.543945,-339.254913,1476.495239,-4387.853027,-325.917725,1611.085449,-4432.557617,2616.357178,1567.704712,-3159.756592,,,,,,,,,,,,,,,,,,,,,,,,,,,,,,,,,
3083,30.830000,0.000000,0.000000,0.000000,1.000000,0.000000,0.000000,0.000000,57.698101,20.499701,-14.700500,0.047771,-0.013570,0.015998,-15.666301,-52.738201,18.801300,-93.396698,0.129960,17.611099,-0.180973,-0.506665,-0.663205,0.520287,-323.374847,1525.076050,-4428.466797,-315.170807,1444.450928,-4435.652344,-310.936340,1568.443481,-4456.381836,-340.634460,1476.225464,-4388.533203,-326.757843,1611.184326,-4433.300293,-315.337921,1444.429810,-4435.574707,-310.791412,1568.496826,-4456.285645,-340.456543,1476.337402,-4388.695801,-326.904968,1611.045166,-4433.322266,2616.315918,1567.723145,-3159.774658,,,,,,,,,,,,,,,,,,,,,,,,,,,,,,,,,
3084,30.840000,0.000000,0.000000,0.000000,1.000000,0.000000,0.000000,0.000000,57.698101,20.499701,-14.700500,0.047771,-0.013570,0.015998,-15.666301,-52.738201,18.801300,-93.396698,0.129960,17.611099,-0.177703,-0.508863,-0.663960,0.518302,-324.521393,1524.982544,-4429.347168,-316.197815,1444.367065,-4436.501465,-311.864746,1568.373657,-4457.126953,-342.102264,1476.098755,-4389.594727,-327.920898,1611.091187,-4434.164551,-316.275848,1444.325195,-4436.305664,-311.897217,1568.478882,-4457.130859,-341.997955,1476.127563,-4389.834473,-327.909027,1611.000000,-4434.129395,2616.308105,1567.749023,-3159.798584,,,,,,,,,,,,,,,,,,,,,,,,,,,,,,,,,
3085,30.850000,0.000000,0.000000,0.000000,1.000000,0.000000,0.000000,0.000000,57.698101,20.499701,-14.700500,0.047771,-0.013570,0.015998,-15.666301,-52.738201,18.801300,-93.396698,0.129960,17.611099,-0.178478,-0.508027,-0.664080,0.518702,-325.639282,1524.901489,-4430.232422,-317.386627,1444.284424,-4437.451660,-313.015961,1568.299927,-4458.016602,-343.163452,1476.006958,-4390.468262,-328.991180,1611.015137,-4434.993164,-317.433136,1444.245972,-4437.214844,-313.065186,1568.397461,-4458.127930,-343.098114,1476.006714,-4390.706543,-328.959839,1610.954712,-4434.883789,2616.281006,1567.741577,-3159.802246,,,,,,,,,,,,,,,,,,,,,,,,,,,,,,,,,
3086,30.860000,0.000000,0.000000,0.000000,1.000000,0.000000,0.000000,0.000000,57.698101,20.499701,-14.700500,0.047771,-0.013570,0.015998,-15.666301,-52.738201,18.801300,-93.396698,0.129960,17.611099,-0.177821,-0.508563,-0.664548,0.517803,-326.783020,1524.880371,-4431.044434,-318.578522,1444.257446,-4438.253418,-314.054413,1568.271851,-4458.791016,-344.447083,1475.995361,-4391.330566,-330.052216,1610.997314,-4435.802734,-318.558594,1444.230713,-4437.941895,-314.234131,1568.316406,-4458.940430,-344.416138,1475.979004,-4391.656250,-329.923340,1610.993164,-4435.647461,2616.289795,1567.743530,-3159.783203,,,,,,,,,,,,,,,,,,,,,,,,,,,,,,,,,
3087,30.870000,0.000000,0.000000,0.000000,1.000000,0.000000,0.000000,0.000000,57.698101,20.499701,-14.700500,0.047771,-0.013570,0.015998,-15.666301,-52.738201,18.801300,-93.396698,0.129960,17.611099,-0.176660,-0.509169,-0.665252,0.516699,-327.983459,1524.833130,-4432.007324,-319.817810,1444.208740,-4439.245117,-315.121918,1568.234253,-4459.677246,-345.827179,1475.933594,-4392.391113,-331.167053,1610.955933,-4436.715332,-319.707733,1444.237549,-4438.866699,-315.476715,1568.193604,-4459.894043,-345.855286,1475.880615,-4392.780762,-330.905579,1611.018066,-4436.497070,2616.280273,1567.750122,-3159.789062,,,,,,,,,,,,,,,,,,,,,,,,,,,,,,,,,
3088,30.880000,0.000000,0.000000,0.000000,1.000000,0.000000,0.000000,0.000000,57.698101,20.499701,-14.700500,0.047771,-0.013570,0.015998,-15.666301,-52.738201,18.801300,-93.396698,0.129960,17.611099,-0.176954,-0.508959,-0.665441,0.516562,-328.988342,1524.852539,-4432.782227,-320.886108,1444.222900,-4440.033203,-316.105316,1568.247314,-4460.452148,-346.852905,1475.961792,-4393.165039,-332.109161,1610.978271,-4437.478516,-320.871368,1444.258545,-4439.628906,-316.323334,1568.226929,-4460.632812,-346.800018,1475.915771,-4393.601562,-331.955292,1611.006348,-4437.283203,2616.268799,1567.751099,-3159.791260,,,,,,,,,,,,,,,,,,,,,,,,,,,,,,,,,
3089,30.890000,0.000000,0.000000,0.000000,1.000000,0.000000,0.000000,0.000000,57.698101,20.499701,-14.700500,0.047771,-0.013570,0.015998,-15.666301,-52.738201,18.801300,-93.396698,0.129960,17.611099,-0.178499,-0.507861,-0.665047,0.517618,-330.065521,1524.994629,-4433.561523,-322.007294,1444.362671,-4440.834473,-317.298065,1568.382935,-4461.294434,-347.762634,1476.112793,-4393.857910,-333.194153,1611.120117,-4438.257812,-322.013000,1444.283691,-4440.476562,-317.441650,1568.172363,-4461.472656,-347.684509,1475.991577,-4394.264648,-333.102539,1611.588989,-4438.018066,2616.286621,1567.766846,-3159.786377,,,,,,,,,,,,,,,,,,,,,,,,,,,,,,,,,
3090,30.900000,0.000000,0.000000,0.000000,1.000000,0.000000,0.000000,0.000000,57.698101,20.499701,-14.700500,0.047771,-0.013570,0.015998,-15.666301,-52.738201,18.801300,-93.396698,0.129960,17.611099,-0.179117,-0.507725,-0.665543,0.516899,-331.180267,1524.872314,-4434.478027,-323.295593,1444.221680,-4441.734375,-318.321228,1568.227295,-4462.221191,-348.980133,1476.037109,-4394.763184,-334.124268,1611.003296,-4439.192383,-323.341431,1444.189697,-4441.424316,-318.438904,1568.154419,-4462.267578,-348.862823,1476.022949,-4395.162598,-334.061554,1611.117554,-4439.085938,2616.272949,1567.746338,-3159.793701,,,,,,,,,,,,,,,,,,,,,,,,,,,,,,,,,
3091,30.910000,0.000000,0.000000,0.000000,1.000000,0.000000,0.000000,0.000000,57.698101,20.499701,-14.700500,0.047771,-0.013570,0.015998,-15.666301,-52.738201,18.801300,-93.396698,0.129960,17.611099,-0.180480,-0.507124,-0.664861,0.517892,-332.403625,1524.898682,-4435.434082,-324.511139,1444.244629,-4442.643066,-319.665619,1568.232910,-4463.265625,-350.035919,1476.093506,-4395.607422,-335.401947,1611.023926,-4440.218750,-324.476990,1444.168335,-4442.272949,-319.901154,1567.997437,-4463.413574,-349.973602,1476.003906,-4396.068359,-335.240570,1611.464844,-4439.992188,2616.277832,1567.789185,-3159.773193,,,,,,,,,,,,,,,,,,,,,,,,,,,,,,,,,
3092,30.920000,0.000000,0.000000,0.000000,1.000000,0.000000,0.000000,0.000000,57.698101,20.499701,-14.700500,0.047771,-0.013570,0.015998,-15.666301,-52.738201,18.801300,-93.396698,0.129960,17.611099,-0.182620,-0.505558,-0.665215,0.518218,-333.695557,1524.741333,-4436.518066,-326.052185,1444.068970,-4443.791504,-320.971985,1568.051025,-4464.394531,-351.271912,1475.969604,-4396.626465,-336.486267,1610.875854,-4441.260254,-325.948761,1444.105225,-4443.466309,-321.295227,1567.970215,-4464.570801,-351.294769,1475.960693,-4396.989258,-336.255707,1610.925903,-4441.059082,2616.290771,1567.755615,-3159.780029,,,,,,,,,,,,,,,,,,,,,,,,,,,,,,,,,
3093,30.930000,0.000000,0.000000,0.000000,1.000000,0.000000,0.000000,0.000000,57.698101,20.499701,-14.700500,0.047771,-0.013570,0.015998,-15.666301,-52.738201,18.801300,-93.396698,0.129960,17.611099,-0.181426,-0.506674,-0.665210,0.517554,-334.941528,1524.707520,-4437.514648,-327.213928,1444.037354,-4444.721680,-322.154755,1568.012939,-4465.368652,-352.618103,1475.942505,-4397.658691,-337.779449,1610.837646,-4442.309570,-327.099457,1444.096313,-4444.437500,-322.519196,1568.016602,-4465.466797,-352.648895,1475.995972,-4398.010742,-337.509155,1610.721680,-4442.159668,2616.306885,1567.775757,-3159.767822,,,,,,,,,,,,,,,,,,,,,,,,,,,,,,,,,
3094,30.940000,0.000000,0.000000,0.000000,1.000000,0.000000,0.000000,0.000000,57.698101,20.499701,-14.700500,0.047771,-0.013570,0.015998,-15.666301,-52.738201,18.801300,-93.396698,0.129960,17.611099,-0.182128,-0.506559,-0.664446,0.518401,-336.059143,1524.789429,-4438.377930,-328.253326,1444.120850,-4445.518066,-323.383850,1568.080688,-4466.304688,-353.591583,1476.045410,-4398.432617,-339.007965,1610.911255,-4443.255371,-328.119263,1444.125610,-4445.277832,-323.749146,1568.046265,-4466.401855,-353.632141,1476.213745,-4398.788086,-338.751160,1610.778076,-4443.071777,2616.256836,1567.736694,-3159.770996,,,,,,,,,,,,,,,,,,,,,,,,,,,,,,,,,
3095,30.950000,0.000000,0.000000,0.000000,1.000000,0.000000,0.000000,0.000000,57.698101,20.499701,-14.700500,0.047771,-0.013570,0.015998,-15.666301,-52.738201,18.801300,-93.396698,0.129960,17.611099,-0.182866,-0.506234,-0.663901,0.519156,-337.218414,1524.843994,-4439.292480,-329.372070,1444.176514,-4446.400879,-324.637299,1568.127075,-4467.274902,-354.625336,1476.112183,-4399.277832,-340.238953,1610.960693,-4444.215820,-329.166870,1444.126343,-4446.181152,-325.093048,1568.032349,-4467.409180,-354.720215,1476.315918,-4399.610840,-339.929077,1610.901611,-4443.990234,2616.304688,1567.758423,-3159.765625,,,,,,,,,,,,,,,,,,,,,,,,,,,,,,,,,
3096,30.960000,0.000000,0.000000,0.000000,1.000000,0.000000,0.000000,0.000000,57.698101,20.499701,-14.700500,0.047771,-0.013570,0.015998,-15.666301,-52.738201,18.801300,-93.396698,0.129960,17.611099,-0.181390,-0.507580,-0.663598,0.518748,-338.248535,1524.941650,-4440.064941,-330.234467,1444.283081,-4447.087402,-325.641144,1568.226929,-4468.031738,-355.716156,1476.207520,-4400.079102,-341.402374,1611.049438,-4445.060547,-330.248993,1444.175171,-4446.993652,-325.744568,1568.239624,-4467.916504,-355.631012,1476.391479,-4400.312012,-341.363190,1610.986328,-4445.062988,2616.295898,1567.750977,-3159.764160,,,,,,,,,,,,,,,,,,,,,,,,,,,,,,,,,
3097,30.970000,0.000000,0.000000,0.000000,1.000000,0.000000,0.000000,0.000000,57.698101,20.499701,-14.700500,0.047771,-0.013570,0.015998,-15.666301,-52.738201,18.801300,-93.396698,0.129960,17.611099,-0.182162,-0.507180,-0.662837,0.519839,-339.592072,1524.961304,-4441.062012,-331.492188,1444.308838,-4448.055176,-327.120422,1568.244873,-4469.092285,-356.882904,1476.230225,-4400.995605,-342.872864,1611.061523,-4446.104492,-331.541290,1444.182129,-4447.998535,-327.105743,1568.253418,-4469.045410,-356.788940,1476.440796,-4401.161621,-342.922577,1610.992065,-4446.063477,2616.321777,1567.752686,-3159.755615,,,,,,,,,,,,,,,,,,,,,,,,,,,,,,,,,
3098,30.980000,0.000000,0.000000,0.000000,1.000000,0.000000,0.000000,0.000000,57.698101,20.499701,-14.700500,0.047771,-0.013570,0.015998,-15.666301,-52.738201,18.801300,-93.396698,0.129960,17.611099,-0.180121,-0.508836,-0.662369,0.519529,-341.102814,1525.002563,-4442.122070,-332.749634,1444.368164,-4449.024414,-328.622040,1568.301880,-4470.123535,-358.442749,1476.250366,-4402.103027,-344.596893,1611.090210,-4447.236816,-332.940247,1444.258301,-4448.923340,-328.481567,1568.393555,-4469.981445,-358.218567,1476.416992,-4402.330078,-344.749390,1610.958130,-4447.273926,2616.281250,1567.731934,-3159.759033,,,,,,,,,,,,,,,,,,,,,,,,,,,,,,,,,
3099,30.990000,0.000000,0.000000,0.000000,1.000000,0.000000,0.000000,0.000000,57.698101,20.499701,-14.700500,0.047771,-0.013570,0.015998,-15.666301,-52.738201,18.801300,-93.396698,0.129960,17.611099,-0.177048,-0.510675,-0.662626,0.518451,-342.307709,1525.118652,-4443.046875,-333.736115,1444.506348,-4449.939453,-329.717316,1568.461914,-4470.931641,-359.831909,1476.304932,-4403.184082,-345.945618,1611.202026,-4448.133301,-333.834137,1444.507324,-4449.676758,-329.744171,1568.517334,-4470.975586,-359.697968,1476.341553,-4403.508789,-345.942810,1611.112183,-4448.047363,2616.288330,1567.740723,-3159.766602,,,,,,,,,,,,,,,,,,,,,,,,,,,,,,,,,
3100,31.000000,0.000000,0.000000,0.000000,1.000000,0.000000,0.000000,0.000000,57.698101,20.499701,-14.700500,0.047771,-0.013570,0.015998,-15.666301,-52.738201,18.801300,-93.396698,0.129960,17.611099,-0.173708,-0.512352,-0.663164,0.517238,-343.491882,1525.208496,-4443.934570,-334.719482,1444.621460,-4450.870605,-330.770142,1568.612793,-4471.664062,-361.228149,1476.308105,-4404.271484,-347.249878,1611.291870,-4448.931641,-334.871521,1444.697021,-4450.629883,-330.740448,1568.675171,-4471.675293,-361.060425,1476.323486,-4404.565918,-347.290924,1611.142334,-4448.879883,2616.296387,1567.731934,-3159.759521,,,,,,,,,,,,,,,,,,,,,,,,,,,,,,,,,
3101,31.010000,0.000000,0.000000,0.000000,1.000000,0.000000,0.000000,0.000000,57.698101,20.499701,-14.700500,0.047771,-0.013570,0.015998,-15.666301,-52.738201,18.801300,-93.396698,0.129960,17.611099,-0.173698,-0.512030,-0.663547,0.517068,-344.856140,1525.157227,-4444.937500,-336.142090,1444.569214,-4451.936035,-332.103363,1568.573730,-4472.633789,-362.627228,1476.239136,-4405.312012,-348.552002,1611.247192,-4449.868164,-336.283081,1444.667725,-4451.673828,-332.087952,1568.606323,-4472.671875,-362.461578,1476.279419,-4405.641113,-348.584930,1611.085815,-4449.778809,2616.259521,1567.684937,-3159.784180,,,,,,,,,,,,,,,,,,,,,,,,,,,,,,,,,
3102,31.020000,0.000000,0.000000,0.000000,1.000000,0.000000,0.000000,0.000000,57.698101,20.499701,-14.700500,0.047771,-0.013570,0.015998,-15.666301,-52.738201,18.801300,-93.396698,0.129960,17.611099,-0.173475,-0.511575,-0.663956,0.517070,-346.318268,1525.197510,-4445.939453,-337.632721,1444.615234,-4453.039062,-333.551239,1568.644165,-4473.582031,-364.105133,1476.235962,-4406.375000,-349.984100,1611.294922,-4450.762207,-337.699493,1444.631470,-4452.681641,-333.622803,1568.461670,-4473.733398,-363.979340,1476.132568,-4406.785645,-349.959351,1611.569824,-4450.568848,2616.303955,1567.726440,-3159.774414,,,,,,,,,,,,,,,,,,,,,,,,,,,,,,,,,
3103,31.030000,0.000000,0.000000,0.000000,1.000000,0.000000,0.000000,0.000000,57.698101,20.499701,-14.700500,0.047771,-0.013570,0.015998,-15.666301,-52.738201,18.801300,-93.396698,0.129960,17.611099,-0.172526,-0.511546,-0.664529,0.516679,-347.597046,1525.160767,-4446.868652,-338.910492,1444.587769,-4454.070801,-334.772980,1568.646240,-4474.423340,-365.463531,1476.143799,-4407.408203,-351.241241,1611.265625,-4451.570801,-338.906708,1444.652954,-4453.645996,-334.950409,1568.409668,-4474.692383,-365.399780,1476.007446,-4407.853516,-351.125122,1611.576416,-4451.285645,2616.297607,1567.696777,-3159.785400,,,,,,,,,,,,,,,,,,,,,,,,,,,,,,,,,
3104,31.040000,0.000000,0.000000,0.000000,1.000000,0.000000,0.000000,0.000000,57.698101,20.499701,-14.700500,0.047771,-0.013570,0.015998,-15.666301,-52.738201,18.801300,-93.396698,0.129960,17.611099,-0.175224,-0.508752,-0.664795,0.518185,-348.907654,1525.090698,-4447.831055,-340.439911,1444.513062,-4455.239746,-336.215149,1568.597900,-4475.412598,-366.559235,1476.041382,-4408.314941,-352.416412,1611.210571,-4452.357910,-340.381531,1444.533325,-4454.817871,-336.438416,1568.286011,-4475.797852,-366.541168,1475.962402,-4408.749023,-352.273804,1611.589600,-4451.957520,2616.280762,1567.735474,-3159.781494,,,,,,,,,,,,,,,,,,,,,,,,,,,,,,,,,
3105,31.050000,0.000000,0.000000,0.000000,1.000000,0.000000,0.000000,0.000000,57.698101,20.499701,-14.700500,0.047771,-0.013570,0.015998,-15.666301,-52.738201,18.801300,-93.396698,0.129960,17.611099,-0.177981,-0.507903,-0.664089,0.518983,-350.357727,1524.827393,-4449.075195,-342.036835,1444.222778,-4456.356445,-337.763275,1568.258057,-4476.821289,-367.851532,1475.886963,-4409.354004,-353.779419,1610.941895,-4453.768555,-342.064240,1444.274048,-4456.076660,-337.866882,1568.194336,-4476.928223,-367.774323,1475.892334,-4409.688965,-353.718689,1610.954102,-4453.625488,2616.297852,1567.716064,-3159.791748,,,,,,,,,,,,,,,,,,,,,,,,,,,,,,,,,
3106,31.060000,0.000000,0.000000,0.000000,1.000000,0.000000,0.000000,0.000000,57.698101,20.499701,-14.700500,0.047771,-0.013570,0.015998,-15.666301,-52.738201,18.801300,-93.396698,0.129960,17.611099,-0.178721,-0.506939,-0.664648,0.518956,-351.744720,1524.687744,-4450.155762,-343.574677,1444.077026,-4457.537598,-339.124634,1568.126587,-4477.877441,-369.252502,1475.734863,-4410.456055,-355.027130,1610.812988,-4454.751465,-343.528809,1444.154419,-4457.283691,-339.325806,1568.117798,-4478.005371,-369.242920,1475.799805,-4410.760254,-354.877625,1610.682129,-4454.582520,2616.297363,1567.734131,-3159.789795,,,,,,,,,,,,,,,,,,,,,,,,,,,,,,,,,
3107,31.070000,0.000000,0.000000,0.000000,1.000000,0.000000,0.000000,0.000000,57.698101,20.499701,-14.700500,0.047771,-0.013570,0.015998,-15.666301,-52.738201,18.801300,-93.396698,0.129960,17.611099,-0.181051,-0.505228,-0.664771,0.519658,-353.092316,1524.628174,-4451.188477,-345.138062,1444.001587,-4458.633789,-340.531860,1568.046143,-4478.970703,-370.485992,1475.703857,-4411.403809,-356.213440,1610.761353,-4455.746582,-345.031525,1444.032104,-4458.398926,-340.799744,1568.016846,-4479.146484,-370.526337,1475.817627,-4411.692383,-356.017914,1610.644897,-4455.527344,2616.313232,1567.774414,-3159.795166,,,,,,,,,,,,,,,,,,,,,,,,,,,,,,,,,
3108,31.080000,0.000000,0.000000,0.000000,1.000000,0.000000,0.000000,0.000000,57.698101,20.499701,-14.700500,0.047771,-0.013570,0.015998,-15.666301,-52.738201,18.801300,-93.396698,0.129960,17.611099,-0.179019,-0.506099,-0.665929,0.518030,-354.570557,1524.554077,-4452.255371,-346.654449,1443.931152,-4459.779297,-341.809601,1568.001953,-4479.898438,-372.238220,1475.586426,-4412.645020,-357.580139,1610.697266,-4456.698242,-346.443573,1443.945068,-4459.463867,-342.296844,1567.937622,-4480.139648,-372.345612,1475.651001,-4412.998047,-357.225372,1610.677612,-4456.433105,2616.310791,1567.734253,-3159.791992,,,,,,,,,,,,,,,,,,,,,,,,,,,,,,,,,
3109,31.090000,0.000000,0.000000,0.000000,1.000000,0.000000,0.000000,0.000000,57.698101,20.499701,-14.700500,0.047771,-0.013570,0.015998,-15.666301,-52.738201,18.801300,-93.396698,0.129960,17.611099,-0.178334,-0.506630,-0.666073,0.517561,-355.846375,1524.512451,-4453.160156,-347.906433,1443.890137,-4460.666504,-343.035217,1567.961060,-4480.779297,-373.587433,1475.543457,-4413.584473,-358.856537,1610.655151,-4457.611328,-347.723480,1443.843628,-4460.418945,-343.472229,1567.942627,-4480.917969,-373.673126,1475.624756,-4413.883789,-358.544128,1610.637451,-4457.430176,2616.302002,1567.726929,-3159.790283,,,,,,,,,,,,,,,,,,,,,,,,,,,,,,,,,
3110,31.100000,0.000000,0.000000,0.000000,1.000000,0.000000,0.000000,0.000000,57.698101,20.499701,-14.700500,0.047771,-0.013570,0.015998,-15.666301,-52.738201,18.801300,-93.396698,0.129960,17.611099,-0.180198,-0.506105,-0.665265,0.518469,-357.006561,1524.498657,-4454.072754,-349.100586,1443.863281,-4461.474121,-344.311279,1567.899170,-4481.820801,-374.581146,1475.598633,-4414.337402,-360.033234,1610.633789,-4458.659668,-348.963501,1443.726929,-4461.293457,-344.632019,1567.876953,-4481.881836,-374.624329,1475.760986,-4414.609863,-359.822784,1610.635132,-4458.520508,2616.330322,1567.715332,-3159.775879,,,,,,,,,,,,,,,,,,,,,,,,,,,,,,,,,
3111,31.110000,0.000000,0.000000,0.000000,1.000000,0.000000,0.000000,0.000000,57.698101,20.499701,-14.700500,0.047771,-0.013570,0.015998,-15.666301,-52.738201,18.801300,-93.396698,0.129960,17.611099,-0.179718,-0.507114,-0.664500,0.518630,-358.210022,1524.470581,-4455.136719,-350.145264,1443.838623,-4462.401855,-345.560730,1567.851318,-4482.936523,-375.743378,1475.599976,-4415.347168,-361.390839,1610.592651,-4459.861816,-350.128479,1443.686768,-4462.237305,-345.678528,1567.820435,-4482.952148,-375.684235,1475.782959,-4415.631348,-361.338654,1610.607666,-4459.756836,2616.298340,1567.750977,-3159.780762,,,,,,,,,,,,,,,,,,,,,,,,,,,,,,,,,
3112,31.120000,0.000000,0.000000,0.000000,1.000000,0.000000,0.000000,0.000000,57.698101,20.499701,-14.700500,0.047771,-0.013570,0.015998,-15.666301,-52.738201,18.801300,-93.396698,0.129960,17.611099,-0.180531,-0.506928,-0.664083,0.519062,-359.564209,1524.407471,-4456.265625,-351.503571,1443.770142,-4463.476074,-346.971680,1567.765747,-4484.125977,-377.017853,1475.569336,-4416.400879,-362.763824,1610.525024,-4461.058594,-351.579590,1443.636841,-4463.345215,-346.959747,1567.770752,-4484.104492,-376.882355,1475.789062,-4416.666504,-362.818085,1610.462036,-4460.985352,2616.297119,1567.739990,-3159.787109,,,,,,,,,,,,,,,,,,,,,,,,,,,,,,,,,
3113,31.130000,0.000000,0.000000,0.000000,1.000000,0.000000,0.000000,0.000000,57.698101,20.499701,-14.700500,0.047771,-0.013570,0.015998,-15.666301,-52.738201,18.801300,-93.396698,0.129960,17.611099,-0.178854,-0.508474,-0.664011,0.518223,-361.085907,1524.278809,-4457.500488,-352.893646,1443.646484,-4464.617676,-348.416626,1567.633179,-4485.332031,-378.665497,1475.446655,-4417.683594,-364.367981,1610.389038,-4462.368652,-353.048431,1443.571411,-4464.449219,-348.342987,1567.660645,-4485.282715,-378.462006,1475.590454,-4417.979492,-364.468628,1610.311523,-4462.331055,2616.297607,1567.763794,-3159.776123,,,,,,,,,,,,,,,,,,,,,,,,,,,,,,,,,
3114,31.140000,0.000000,0.000000,0.000000,1.000000,0.000000,0.000000,0.000000,57.698101,20.499701,-14.700500,0.047771,-0.013570,0.015998,-15.666301,-52.738201,18.801300,-93.396698,0.129960,17.611099,-0.177899,-0.509567,-0.663863,0.517668,-362.251434,1524.254639,-4458.504395,-353.975861,1443.622925,-4465.531738,-349.534790,1567.596313,-4486.333984,-379.908997,1475.441162,-4418.699219,-365.586151,1610.358398,-4463.451172,-354.138855,1443.627563,-4465.304688,-349.481049,1567.574097,-4486.318359,-379.698212,1475.515869,-4419.045410,-365.666840,1610.318481,-4463.392578,2616.275635,1567.750122,-3159.787842,,,,,,,,,,,,,,,,,,,,,,,,,,,,,,,,,
3115,31.150000,0.000000,0.000000,0.000000,1.000000,0.000000,0.000000,0.000000,57.698101,20.499701,-14.700500,0.047771,-0.013570,0.015998,-15.666301,-52.738201,18.801300,-93.396698,0.129960,17.611099,-0.175771,-0.512317,-0.663065,0.516703,-363.434265,1524.162354,-4459.543457,-354.897644,1443.535278,-4466.307617,-350.656738,1567.465820,-4487.404297,-381.214233,1475.404907,-4419.724121,-366.968445,1610.243530,-4464.736328,-355.039612,1443.712280,-4466.019531,-350.650299,1567.427124,-4487.452148,-381.050537,1475.386719,-4420.067871,-366.991364,1610.152100,-4464.645508,2616.270264,1567.757080,-3159.790771,,,,,,,,,,,,,,,,,,,,,,,,,,,,,,,,,
3116,31.160000,0.000000,0.000000,0.000000,1.000000,0.000000,0.000000,0.000000,57.698101,20.499701,-14.700500,0.047771,-0.013570,0.015998,-15.666301,-52.738201,18.801300,-93.396698,0.129960,17.611099,-0.173915,-0.514630,-0.662871,0.515279,-364.730499,1524.016846,-4460.698242,-356.069550,1443.386353,-4467.259766,-351.823517,1567.281982,-4488.559082,-382.708954,1475.314575,-4420.900879,-368.320099,1610.084595,-4466.073242,-356.264252,1443.542725,-4466.997559,-351.810028,1567.282593,-4488.481445,-382.472656,1475.317871,-4421.278320,-368.357117,1609.948975,-4466.076660,2616.304199,1567.747803,-3159.774658,,,,,,,,,,,,,,,,,,,,,,,,,,,,,,,,,
3117,31.170000,0.000000,0.000000,0.000000,1.000000,0.000000,0.000000,0.000000,57.698101,20.499701,-14.700500,0.047771,-0.013570,0.015998,-15.666301,-52.738201,18.801300,-93.396698,0.129960,17.611099,-0.174211,-0.515417,-0.662244,0.515198,-366.164185,1523.783813,-4461.976074,-357.460297,1443.144653,-4468.372070,-353.271301,1566.999023,-4489.920898,-384.129181,1475.152954,-4422.085449,-369.796082,1609.838745,-4467.525879,-357.705811,1443.300537,-4468.165039,-353.191803,1567.030518,-4489.766602,-383.860413,1475.145142,-4422.403809,-369.886444,1609.673340,-4467.598633,2616.292480,1567.765991,-3159.779297,,,,,,,,,,,,,,,,,,,,,,,,,,,,,,,,,
3118,31.180000,0.000000,0.000000,0.000000,1.000000,0.000000,0.000000,0.000000,57.698101,20.499701,-14.700500,0.047771,-0.013570,0.015998,-15.666301,-52.738201,18.801300,-93.396698,0.129960,17.611099,-0.175579,-0.514935,-0.662117,0.515379,-367.617371,1523.558716,-4463.268066,-359.027191,1442.903809,-4469.618652,-354.743317,1566.734985,-4491.282227,-385.539673,1474.983154,-4423.291016,-371.159363,1609.613281,-4468.881348,-359.098114,1443.128052,-4469.276367,-354.857697,1566.709595,-4491.354492,-385.428558,1474.939453,-4423.674805,-371.074707,1609.486328,-4468.769531,2616.279053,1567.738892,-3159.771240,,,,,,,,,,,,,,,,,,,,,,,,,,,,,,,,,
3119,31.190000,0.000000,0.000000,0.000000,1.000000,0.000000,0.000000,0.000000,57.698101,20.499701,-14.700500,0.047771,-0.013570,0.015998,-15.666301,-52.738201,18.801300,-93.396698,0.129960,17.611099,-0.176921,-0.514615,-0.662281,0.515028,-369.153320,1523.332153,-4464.664551,-360.745392,1442.653320,-4470.955566,-356.234863,1566.455200,-4492.739746,-387.111328,1474.831177,-4424.612305,-372.521820,1609.388916,-4470.350098,-360.756073,1442.799438,-4470.635742,-356.398651,1566.453369,-4492.860352,-387.055878,1474.799438,-4424.956543,-372.397034,1609.286499,-4470.207520,2616.277832,1567.725098,-3159.770264,,,,,,,,,,,,,,,,,,,,,,,,,,,,,,,,,
3120,31.200000,0.000000,0.000000,0.000000,1.000000,0.000000,0.000000,0.000000,57.698101,20.499701,-14.700500,0.047771,-0.013570,0.015998,-15.666301,-52.738201,18.801300,-93.396698,0.129960,17.611099,-0.180897,-0.512080,-0.661715,0.516898,-370.581299,1523.095581,-4465.970703,-362.392059,1442.396606,-4472.291504,-357.861298,1566.175415,-4494.202148,-388.231140,1474.655518,-4425.708984,-373.840820,1609.155029,-4471.679688,-362.379272,1442.461792,-4472.001465,-357.992889,1566.139404,-4494.409668,-388.199615,1474.700317,-4426.027832,-373.751404,1609.084595,-4471.449707,2616.277344,1567.740845,-3159.764648,,,,,,,,,,,,,,,,,,,,,,,,,,,,,,,,,
3121,31.210000,0.000000,0.000000,0.000000,1.000000,0.000000,0.000000,0.000000,57.698101,20.499701,-14.700500,0.047771,-0.013570,0.015998,-15.666301,-52.738201,18.801300,-93.396698,0.129960,17.611099,-0.180899,-0.512242,-0.662122,0.516216,-372.099976,1522.850220,-4467.256836,-364.006714,1442.140747,-4473.565918,-359.296814,1565.912720,-4495.477539,-389.851898,1474.434448,-4427.011230,-375.244537,1608.913574,-4472.973145,-363.990265,1442.159668,-4473.266113,-359.450195,1565.874756,-4495.647949,-389.810608,1474.483521,-4427.363770,-375.144226,1608.888672,-4472.767090,2616.262939,1567.763184,-3159.772217,,,,,,,,,,,,,,,,,,,,,,,,,,,,,,,,,
3122,31.220000,0.000000,0.000000,0.000000,1.000000,0.000000,0.000000,0.000000,57.698101,20.499701,-14.700500,0.047771,-0.013570,0.015998,-15.666301,-52.738201,18.801300,-93.396698,0.129960,17.611099,-0.181378,-0.511447,-0.661997,0.516996,-373.683746,1522.759399,-4468.439453,-365.574158,1442.057495,-4474.824219,-360.962006,1565.846924,-4496.658691,-391.324585,1474.308105,-4428.187500,-376.874390,1608.825439,-4474.087402,-365.597290,1441.897583,-4474.553711,-360.997131,1565.586548,-4496.854980,-391.239777,1474.300171,-4428.512695,-376.904388,1609.333618,-4473.803711,2616.289062,1567.733032,-3159.767090,,,,,,,,,,,,,,,,,,,,,,,,,,,,,,,,,
3123,31.230000,0.000000,0.000000,0.000000,1.000000,0.000000,0.000000,0.000000,57.698101,20.499701,-14.700500,0.047771,-0.013570,0.015998,-15.666301,-52.738201,18.801300,-93.396698,0.129960,17.611099,-0.182874,-0.510401,-0.661877,0.517655,-375.220428,1522.552979,-4469.665039,-367.208588,1441.843384,-4476.076660,-362.566162,1565.627441,-4497.934570,-392.753082,1474.119629,-4429.343750,-378.353912,1608.621582,-4475.305176,-367.066223,1441.731934,-4475.747559,-362.864685,1565.287720,-4498.299316,-392.805023,1474.078857,-4429.683594,-378.132660,1609.199341,-4474.876953,2616.291504,1567.755981,-3159.765869,,,,,,,,,,,,,,,,,,,,,,,,,,,,,,,,,
3124,31.240000,0.000000,0.000000,0.000000,1.000000,0.000000,0.000000,0.000000,57.698101,20.499701,-14.700500,0.047771,-0.013570,0.015998,-15.666301,-52.738201,18.801300,-93.396698,0.129960,17.611099,-0.183203,-0.510717,-0.661132,0.518178,-376.800446,1522.211426,-4470.890625,-368.694183,1441.503418,-4477.202637,-364.225555,1565.264160,-4499.228516,-394.236084,1473.809937,-4430.489258,-380.046082,1608.268677,-4476.641602,-368.502991,1441.505127,-4476.854004,-364.659027,1565.068848,-4499.544922,-394.318878,1473.912476,-4430.906250,-379.750854,1608.348267,-4476.283203,2616.279785,1567.763184,-3159.772705,,,,,,,,,,,,,,,,,,,,,,,,,,,,,,,,,
3125,31.250000,0.000000,0.000000,0.000000,1.000000,0.000000,0.000000,0.000000,57.698101,20.499701,-14.700500,0.047771,-0.013570,0.015998,-15.666301,-52.738201,18.801300,-93.396698,0.129960,17.611099,-0.184855,-0.509718,-0.660339,0.519585,-378.118408,1522.054565,-4471.888184,-369.992401,1441.347290,-4478.184570,-365.711090,1565.095703,-4500.317383,-395.323334,1473.669922,-4431.367676,-381.446869,1608.105713,-4477.682129,-369.717896,1441.343872,-4477.757812,-366.333069,1564.924927,-4500.705566,-395.462402,1473.845581,-4431.905762,-381.015045,1608.095825,-4477.236328,2616.291016,1567.701660,-3159.767090,,,,,,,,,,,,,,,,,,,,,,,,,,,,,,,,,
3126,31.260000,0.000000,0.000000,0.000000,1.000000,0.000000,0.000000,0.000000,57.698101,20.499701,-14.700500,0.047771,-0.013570,0.015998,-15.666301,-52.738201,18.801300,-93.396698,0.129960,17.611099,-0.183396,-0.510639,-0.659696,0.520015,-379.385406,1521.915771,-4472.835938,-370.998444,1441.232544,-4479.098633,-367.047241,1564.989136,-4501.246582,-396.531494,1473.486572,-4432.343750,-382.964539,1607.955200,-4478.654297,-370.737244,1441.187256,-4478.700195,-367.627533,1564.882446,-4501.593750,-396.660858,1473.698242,-4432.855957,-382.558838,1607.896484,-4478.238770,2616.277100,1567.724731,-3159.776611,,,,,,,,,,,,,,,,,,,,,,,,,,,,,,,,,
3127,31.270000,0.000000,0.000000,0.000000,1.000000,0.000000,0.000000,0.000000,57.698101,20.499701,-14.700500,0.047771,-0.013570,0.015998,-15.666301,-52.738201,18.801300,-93.396698,0.129960,17.611099,-0.183496,-0.509561,-0.660273,0.520304,-380.510559,1521.806641,-4473.620605,-372.189941,1441.130127,-4480.056641,-368.179443,1564.928345,-4501.960938,-397.637299,1473.308105,-4433.203125,-384.035675,1607.860107,-4479.260742,-371.982819,1441.035767,-4479.651367,-368.641052,1564.815918,-4502.325684,-397.723114,1473.525513,-4433.725098,-383.722565,1607.858154,-4478.829102,2616.279785,1567.722534,-3159.789062,,,,,,,,,,,,,,,,,,,,,,,,,,,,,,,,,
3128,31.280000,0.000000,0.000000,0.000000,1.000000,0.000000,0.000000,0.000000,57.698101,20.499701,-14.700500,0.047771,-0.013570,0.015998,-15.666301,-52.738201,18.801300,-93.396698,0.129960,17.611099,-0.183769,-0.508652,-0.660489,0.520823,-381.782074,1521.672729,-4474.448730,-373.484985,1441.003662,-4481.006836,-369.494171,1564.830078,-4502.753418,-398.845215,1473.123291,-4434.065918,-385.304047,1607.734253,-4479.969238,-373.477539,1440.909180,-4480.702637,-369.640564,1564.762695,-4502.871094,-398.755554,1473.335938,-4434.544922,-385.233215,1607.720093,-4479.747070,2616.312988,1567.759521,-3159.776123,,,,,,,,,,,,,,,,,,,,,,,,,,,,,,,,,
3129,31.290000,0.000000,0.000000,0.000000,1.000000,0.000000,0.000000,0.000000,57.698101,20.499701,-14.700500,0.047771,-0.013570,0.015998,-15.666301,-52.738201,18.801300,-93.396698,0.129960,17.611099,-0.182499,-0.508727,-0.660562,0.521103,-383.038544,1521.531006,-4475.152344,-374.601440,1440.884766,-4481.811035,-370.777954,1564.747803,-4503.378418,-400.083740,1472.897461,-4434.863770,-386.691162,1607.594238,-4480.557617,-374.685425,1440.851685,-4481.537109,-370.817688,1564.725708,-4503.419922,-399.911835,1473.106323,-4435.330078,-386.701141,1607.488525,-4480.406250,2616.311035,1567.715576,-3159.780762,,,,,,,,,,,,,,,,,,,,,,,,,,,,,,,,,
3130,31.300000,0.000000,0.000000,0.000000,1.000000,0.000000,0.000000,0.000000,57.698101,20.499701,-14.700500,0.047771,-0.013570,0.015998,-15.666301,-52.738201,18.801300,-93.396698,0.129960,17.611099,-0.180763,-0.509915,-0.660032,0.521219,-384.310303,1521.377075,-4475.830566,-375.617554,1440.753906,-4482.440430,-372.084503,1564.622192,-4504.027832,-401.343750,1472.704468,-4435.583496,-388.195526,1607.428101,-4481.270020,-375.785919,1440.788330,-4482.216309,-372.029602,1564.616821,-4503.997559,-401.106873,1472.883911,-4435.986816,-388.287659,1607.257324,-4481.192383,2616.314209,1567.752197,-3159.783203,,,,,,,,,,,,,,,,,,,,,,,,,,,,,,,,,
3131,31.310000,0.000000,0.000000,0.000000,1.000000,0.000000,0.000000,0.000000,57.698101,20.499701,-14.700500,0.047771,-0.013570,0.015998,-15.666301,-52.738201,18.801300,-93.396698,0.129960,17.611099,-0.178559,-0.510260,-0.661283,0.520054,-385.561523,1521.188110,-4476.429199,-376.873688,1440.579102,-4483.213867,-373.177429,1564.503174,-4504.449219,-402.814880,1472.415283,-4436.397461,-389.380188,1607.255249,-4481.655273,-376.976654,1440.619629,-4482.950195,-373.204315,1564.499390,-4504.475586,-402.656738,1472.501587,-4436.777832,-389.385773,1607.153198,-4481.555664,2616.310059,1567.765381,-3159.805176,,,,,,,,,,,,,,,,,,,,,,,,,,,,,,,,,
3132,31.320000,0.000000,0.000000,0.000000,1.000000,0.000000,0.000000,0.000000,57.698101,20.499701,-14.700500,0.047771,-0.013570,0.015998,-15.666301,-52.738201,18.801300,-93.396698,0.129960,17.611099,-0.178341,-0.509858,-0.661629,0.520083,-386.918060,1520.948242,-4477.054688,-378.250061,1440.344727,-4483.930176,-374.524445,1564.291870,-4505.026855,-404.181824,1472.134766,-4437.077637,-390.716003,1607.022217,-4482.184082,-378.212463,1440.427856,-4483.585449,-374.755219,1564.161621,-4505.179688,-404.135162,1472.196045,-4437.524902,-390.567657,1607.017456,-4481.967285,2616.295654,1567.743286,-3159.791260,,,,,,,,,,,,,,,,,,,,,,,,,,,,,,,,,
3133,31.330000,0.000000,0.000000,0.000000,1.000000,0.000000,0.000000,0.000000,57.698101,20.499701,-14.700500,0.047771,-0.013570,0.015998,-15.666301,-52.738201,18.801300,-93.396698,0.129960,17.611099,-0.176419,-0.510316,-0.662853,0.518729,-388.204712,1520.857178,-4477.561523,-379.579163,1440.260376,-4484.568848,-375.635254,1564.249146,-4505.379883,-405.707520,1471.973877,-4437.773926,-391.897095,1606.945557,-4482.522949,-379.610565,1440.256470,-4484.229980,-375.782135,1564.072632,-4505.455566,-405.602661,1471.812866,-4438.179688,-391.800415,1607.302612,-4482.399902,2616.276367,1567.730835,-3159.782959,,,,,,,,,,,,,,,,,,,,,,,,,,,,,,,,,
3134,31.340000,0.000000,0.000000,0.000000,1.000000,0.000000,0.000000,0.000000,57.698101,20.499701,-14.700500,0.047771,-0.013570,0.015998,-15.666301,-52.738201,18.801300,-93.396698,0.129960,17.611099,-0.177288,-0.509005,-0.663189,0.519291,-389.434326,1520.649292,-4478.032227,-380.906525,1440.054199,-4485.176270,-376.906006,1564.067627,-4505.828125,-406.865723,1471.727905,-4438.260254,-393.059204,1606.747925,-4482.864258,-380.905273,1440.081421,-4484.832520,-377.107208,1563.832275,-4505.921387,-406.785950,1471.567993,-4438.675781,-392.920898,1607.133057,-4482.717285,2616.299072,1567.718262,-3159.788330,,,,,,,,,,,,,,,,,,,,,,,,,,,,,,,,,
3135,31.350000,0.000000,0.000000,0.000000,1.000000,0.000000,0.000000,0.000000,57.698101,20.499701,-14.700500,0.047771,-0.013570,0.015998,-15.666301,-52.738201,18.801300,-93.396698,0.129960,17.611099,-0.180243,-0.505449,-0.663625,0.521188,-390.368744,1520.457153,-4478.244141,-382.087067,1439.863525,-4485.689941,-378.005615,1563.924927,-4506.036621,-407.534454,1471.463867,-4438.445312,-393.847839,1606.576416,-4482.805176,-381.967468,1439.893677,-4485.262695,-378.356293,1563.686157,-4506.370605,-407.556793,1471.436768,-4438.902832,-393.609802,1606.803223,-4482.453613,2616.304688,1567.730347,-3159.770020,,,,,,,,,,,,,,,,,,,,,,,,,,,,,,,,,
3136,31.360000,0.000000,0.000000,0.000000,1.000000,0.000000,0.000000,0.000000,57.698101,20.499701,-14.700500,0.047771,-0.013570,0.015998,-15.666301,-52.738201,18.801300,-93.396698,0.129960,17.611099,-0.181238,-0.504374,-0.663352,0.522230,-391.408051,1520.279541,-4478.570312,-383.131256,1439.691895,-4486.085449,-379.156708,1563.764160,-4506.385742,-408.417328,1471.262085,-4438.733887,-394.927032,1606.400146,-4483.076660,-383.101959,1439.724609,-4485.724609,-379.381866,1563.626343,-4506.525391,-408.358276,1471.296143,-4439.198242,-394.786865,1606.474121,-4482.873047,2616.328125,1567.727783,-3159.782227,,,,,,,,,,,,,,,,,,,,,,,,,,,,,,,,,
3137,31.370000,0.000000,0.000000,0.000000,1.000000,0.000000,0.000000,0.000000,57.698101,20.499701,-14.700500,0.047771,-0.013570,0.015998,-15.666301,-52.738201,18.801300,-93.396698,0.129960,17.611099,-0.183746,-0.501417,-0.662493,0.525281,-392.458435,1520.030396,-4478.869629,-384.148102,1439.465698,-4486.589844,-380.538544,1563.574219,-4506.736328,-409.010742,1470.928955,-4438.943848,-396.136475,1606.152954,-4483.207031,-384.169464,1439.595459,-4486.144531,-380.713837,1563.452026,-4506.916016,-408.929718,1470.784790,-4439.415039,-396.015137,1606.282349,-4483.019043,2616.315430,1567.746094,-3159.778320,,,,,,,,,,,,,,,,,,,,,,,,,,,,,,,,,
3138,31.380000,0.000000,0.000000,0.000000,1.000000,0.000000,0.000000,0.000000,57.698101,20.499701,-14.700500,0.047771,-0.013570,0.015998,-15.666301,-52.738201,18.801300,-93.396698,0.129960,17.611099,-0.183941,-0.500052,-0.663492,0.525254,-393.265167,1519.959229,-4478.990234,-385.108582,1439.400146,-4486.930176,-381.303741,1563.554077,-4506.759277,-409.853271,1470.783691,-4439.170898,-396.795135,1606.099121,-4483.100098,-385.389435,1439.394043,-4486.658203,-381.114563,1563.575439,-4506.737793,-409.575958,1470.727539,-4439.500977,-396.973389,1606.129883,-4483.078613,2616.316895,1567.762085,-3159.783447,,,,,,,,,,,,,,,,,,,,,,,,,,,,,,,,,
3139,31.390000,0.000000,0.000000,0.000000,1.000000,0.000000,0.000000,0.000000,57.698101,20.499701,-14.700500,0.047771,-0.013570,0.015998,-15.666301,-52.738201,18.801300,-93.396698,0.129960,17.611099,-0.178017,-0.502687,-0.666531,0.520914,-394.216614,1519.933838,-4479.176758,-386.096466,1439.391479,-4487.322266,-381.721649,1563.618408,-4506.567383,-411.542908,1470.628296,-4439.835449,-397.505585,1606.097290,-4482.981934,-386.436920,1439.258545,-4487.098145,-381.424408,1563.733765,-4506.486816,-411.214111,1470.674072,-4440.140625,-397.774109,1606.066284,-4482.990234,2616.272461,1567.697266,-3159.781982,,,,,,,,,,,,,,,,,,,,,,,,,,,,,,,,,
3140,31.400000,0.000000,0.000000,0.000000,1.000000,0.000000,0.000000,0.000000,57.698101,20.499701,-14.700500,0.047771,-0.013570,0.015998,-15.666301,-52.738201,18.801300,-93.396698,0.129960,17.611099,-0.175320,-0.504319,-0.666104,0.520799,-395.126190,1519.814453,-4479.371094,-386.674622,1439.303223,-4487.485840,-382.644012,1563.548340,-4506.688477,-412.482239,1470.440430,-4440.129395,-398.703979,1605.966309,-4483.180664,-386.985138,1439.325195,-4487.232422,-382.424652,1563.623291,-4506.639648,-412.166687,1470.495361,-4440.478516,-398.915771,1605.822754,-4483.160645,2616.294678,1567.752075,-3159.787598,,,,,,,,,,,,,,,,,,,,,,,,,,,,,,,,,
3141,31.410000,0.000000,0.000000,0.000000,1.000000,0.000000,0.000000,0.000000,57.698101,20.499701,-14.700500,0.047771,-0.013570,0.015998,-15.666301,-52.738201,18.801300,-93.396698,0.129960,17.611099,-0.173417,-0.504806,-0.665936,0.521179,-395.945343,1519.709839,-4479.525391,-387.249359,1439.232910,-4487.722656,-383.513641,1563.513672,-4506.753906,-413.266235,1470.236694,-4440.393066,-399.752228,1605.856323,-4483.232422,-387.397278,1439.378662,-4487.361328,-383.538696,1563.516846,-4506.805176,-413.077576,1470.237915,-4440.835449,-399.749817,1605.730591,-4483.129883,2616.273926,1567.761963,-3159.781738,,,,,,,,,,,,,,,,,,,,,,,,,,,,,,,,,
3142,31.420000,0.000000,0.000000,0.000000,1.000000,0.000000,0.000000,0.000000,57.698101,20.499701,-14.700500,0.047771,-0.013570,0.015998,-15.666301,-52.738201,18.801300,-93.396698,0.129960,17.611099,-0.171624,-0.504972,-0.666555,0.520819,-396.817108,1519.566162,-4479.786621,-388.035461,1439.113525,-4488.128906,-384.332672,1563.437622,-4506.881836,-414.223846,1469.996338,-4440.814453,-400.676575,1605.717529,-4483.320801,-388.021698,1439.316040,-4487.656738,-384.611816,1563.361328,-4507.027344,-414.155548,1469.935669,-4441.336914,-400.475159,1605.670166,-4483.141113,2616.288818,1567.703125,-3159.778809,,,,,,,,,,,,,,,,,,,,,,,,,,,,,,,,,
3143,31.430000,0.000000,0.000000,0.000000,1.000000,0.000000,0.000000,0.000000,57.698101,20.499701,-14.700500,0.047771,-0.013570,0.015998,-15.666301,-52.738201,18.801300,-93.396698,0.129960,17.611099,-0.169164,-0.505581,-0.666970,0.520503,-397.789307,1519.541016,-4480.062988,-388.822876,1439.122070,-4488.532715,-385.267426,1563.491089,-4507.012695,-415.274841,1469.858887,-4441.270020,-401.792145,1605.692261,-4483.436523,-388.752136,1439.204712,-4488.020020,-385.604645,1563.211182,-4507.304688,-415.253479,1469.601929,-4441.785645,-401.522522,1606.180542,-4483.125977,2616.291260,1567.741089,-3159.754395,,,,,,,,,,,,,,,,,,,,,,,,,,,,,,,,,
3144,31.440000,0.000000,0.000000,0.000000,1.000000,0.000000,0.000000,0.000000,57.698101,20.499701,-14.700500,0.047771,-0.013570,0.015998,-15.666301,-52.738201,18.801300,-93.396698,0.129960,17.611099,-0.168805,-0.504673,-0.667678,0.520593,-398.750275,1519.341675,-4480.373535,-389.831696,1438.937622,-4489.033203,-386.212219,1563.347412,-4507.225098,-416.251465,1469.579102,-4441.690430,-402.705811,1605.502808,-4483.544922,-389.739746,1438.994629,-4488.484375,-386.591980,1563.057983,-4507.565430,-416.240295,1469.343018,-4442.250977,-402.399719,1606.015625,-4483.172363,2616.277832,1567.751465,-3159.774902,,,,,,,,,,,,,,,,,,,,,,,,,,,,,,,,,
3145,31.450000,0.000000,0.000000,0.000000,1.000000,0.000000,0.000000,0.000000,57.698101,20.499701,-14.700500,0.047771,-0.013570,0.015998,-15.666301,-52.738201,18.801300,-93.396698,0.129960,17.611099,-0.170042,-0.502820,-0.667915,0.521678,-399.689301,1519.150024,-4480.780273,-390.864929,1438.755737,-4489.625000,-387.245026,1563.195435,-4507.609863,-417.046143,1469.329834,-4442.106445,-403.601135,1605.319336,-4483.779297,-390.727753,1438.785645,-4489.048828,-387.692017,1562.874146,-4508.036133,-417.067383,1469.141235,-4442.697754,-403.246552,1605.847412,-4483.313965,2616.302734,1567.737915,-3159.755859,,,,,,,,,,,,,,,,,,,,,,,,,,,,,,,,,
3146,31.460000,0.000000,0.000000,0.000000,1.000000,0.000000,0.000000,0.000000,57.698101,20.499701,-14.700500,0.047771,-0.013570,0.015998,-15.666301,-52.738201,18.801300,-93.396698,0.129960,17.611099,-0.171315,-0.501352,-0.667953,0.522624,-400.602875,1518.960327,-4481.163086,-391.860352,1438.570068,-4490.124023,-388.246033,1563.025635,-4508.000977,-417.826111,1469.111328,-4442.466797,-404.479095,1605.134766,-4484.060059,-391.687073,1438.617798,-4489.514160,-388.762268,1562.686035,-4508.480957,-417.874695,1468.923218,-4443.079102,-404.072937,1605.653076,-4483.554688,2616.283691,1567.718506,-3159.756348,,,,,,,,,,,,,,,,,,,,,,,,,,,,,,,,,
3147,31.470000,0.000000,0.000000,0.000000,1.000000,0.000000,0.000000,0.000000,57.698101,20.499701,-14.700500,0.047771,-0.013570,0.015998,-15.666301,-52.738201,18.801300,-93.396698,0.129960,17.611099,-0.173011,-0.499564,-0.668133,0.523546,-401.538177,1518.718872,-4481.620605,-392.942810,1438.327515,-4490.714355,-389.259583,1562.798218,-4508.471191,-418.631195,1468.848633,-4442.894043,-405.319183,1604.901367,-4484.403320,-392.741394,1438.360107,-4490.107422,-389.815155,1562.487793,-4508.970215,-418.706085,1468.666382,-4443.491211,-404.874542,1605.402466,-4483.887207,2616.276855,1567.719971,-3159.752197,,,,,,,,,,,,,,,,,,,,,,,,,,,,,,,,,
3148,31.480000,0.000000,0.000000,0.000000,1.000000,0.000000,0.000000,0.000000,57.698101,20.499701,-14.700500,0.047771,-0.013570,0.015998,-15.666301,-52.738201,18.801300,-93.396698,0.129960,17.611099,-0.173689,-0.498881,-0.668613,0.523360,-402.451233,1518.487183,-4482.125000,-394.001312,1438.087402,-4491.279297,-390.133392,1562.562744,-4508.963379,-419.578094,1468.621460,-4443.407227,-406.092316,1604.677490,-4484.849121,-393.772888,1438.121582,-4490.631836,-390.773438,1562.300537,-4509.432129,-419.667908,1468.411743,-4444.051758,-405.567474,1605.154053,-4484.362305,2616.292969,1567.780396,-3159.762207,,,,,,,,,,,,,,,,,,,,,,,,,,,,,,,,,
3149,31.490000,0.000000,0.000000,0.000000,1.000000,0.000000,0.000000,0.000000,57.698101,20.499701,-14.700500,0.047771,-0.013570,0.015998,-15.666301,-52.738201,18.801300,-93.396698,0.129960,17.611099,-0.176514,-0.496619,-0.668641,0.524529,-403.280914,1518.272949,-4482.550781,-395.064697,1437.860474,-4491.806152,-391.067963,1562.336670,-4509.457031,-420.227997,1468.423096,-4443.733887,-406.763062,1604.472046,-4485.205566,-394.899811,1437.803223,-4491.311035,-391.533356,1562.130249,-4509.794434,-420.279633,1468.288452,-4444.251465,-406.391724,1604.907959,-4484.832520,2616.287109,1567.748047,-3159.774658,,,,,,,,,,,,,,,,,,,,,,,,,,,,,,,,,
3150,31.500000,0.000000,0.000000,0.000000,1.000000,0.000000,0.000000,0.000000,57.698101,20.499701,-14.700500,0.047771,-0.013570,0.015998,-15.666301,-52.738201,18.801300,-93.396698,0.129960,17.611099,-0.176293,-0.496707,-0.668917,0.524169,-403.965881,1518.073730,-4482.927734,-395.783722,1437.659302,-4492.197754,-391.707367,1562.137939,-4509.812500,-420.971558,1468.222534,-4444.138184,-407.401001,1604.275269,-4485.563477,-395.701630,1437.574707,-4491.767090,-392.022797,1561.991577,-4510.025879,-420.956238,1468.129150,-4444.622070,-407.166901,1604.610840,-4485.302246,2616.322266,1567.756714,-3159.749512,,,,,,,,,,,,,,,,,,,,,,,,,,,,,,,,,
3151,31.510000,0.000000,0.000000,0.000000,1.000000,0.000000,0.000000,0.000000,57.698101,20.499701,-14.700500,0.047771,-0.013570,0.015998,-15.666301,-52.738201,18.801300,-93.396698,0.129960,17.611099,-0.174597,-0.499119,-0.668305,0.523226,-404.788696,1517.765381,-4483.471680,-396.402039,1437.344971,-4492.503418,-392.466034,1561.788940,-4510.393555,-421.913147,1467.974243,-4444.657227,-408.373688,1603.953613,-4486.333008,-396.560028,1437.327637,-4492.189941,-392.499481,1561.828491,-4510.331055,-421.695648,1467.940186,-4445.083984,,,,2616.302490,1567.746582,-3159.767822,,,,,,,,,,,,,,,,,,,,,,,,,,,,,,,,,
3152,31.520000,0.000000,0.000000,0.000000,1.000000,0.000000,0.000000,0.000000,57.698101,20.499701,-14.700500,0.047771,-0.013570,0.015998,-15.666301,-52.738201,18.801300,-93.396698,0.129960,17.611099,-0.175105,-0.497864,-0.669801,0.522337,-405.390381,1517.546387,-4483.860352,-397.306458,1437.116821,-4493.084473,-392.920563,1561.586670,-4510.687012,-422.676422,1467.728638,-4445.151855,-408.658203,1603.753662,-4486.519043,-397.440338,1436.988037,-4492.810547,-392.960999,1561.670288,-4510.612793,-422.483185,1467.761597,-4445.535645,,,,2616.309082,1567.744507,-3159.765381,,,,,,,,,,,,,,,,,,,,,,,,,,,,,,,,,
3153,31.530000,0.000000,0.000000,0.000000,1.000000,0.000000,0.000000,0.000000,57.698101,20.499701,-14.700500,0.047771,-0.013570,0.015998,-15.666301,-52.738201,18.801300,-93.396698,0.129960,17.611099,-0.173428,-0.499059,-0.670016,0.521480,-406.104645,1517.318604,-4484.261230,-397.922455,1436.895508,-4493.454590,-393.547760,1561.369629,-4511.029297,-423.526123,1467.485840,-4445.632324,-409.422333,1603.523682,-4486.928223,-398.071381,1436.750977,-4493.152344,-393.583832,1561.487305,-4510.967285,-423.327881,1467.489990,-4446.020508,,,,2616.306152,1567.740967,-3159.772949,,,,,,,,,,,,,,,,,,,,,,,,,,,,,,,,,
3154,31.540000,0.000000,0.000000,0.000000,1.000000,0.000000,0.000000,0.000000,57.698101,20.499701,-14.700500,0.047771,-0.013570,0.015998,-15.666301,-52.738201,18.801300,-93.396698,0.129960,17.611099,-0.170668,-0.500196,-0.669587,0.521852,-406.840607,1517.176758,-4484.503418,-398.288910,1436.797607,-4493.744629,-394.347656,1561.307251,-4511.170410,-424.226013,1467.231934,-4446.003418,-410.499847,1603.370483,-4487.094238,-398.532928,1436.556519,-4493.397949,-394.175842,1561.317139,-4511.298340,-423.977356,1467.274658,-4446.387695,-410.696411,1603.531738,-4486.912109,2616.286621,1567.743652,-3159.770264,,,,,,,,,,,,,,,,,,,,,,,,,,,,,,,,,
3155,31.550000,0.000000,0.000000,0.000000,1.000000,0.000000,0.000000,0.000000,57.698101,20.499701,-14.700500,0.047771,-0.013570,0.015998,-15.666301,-52.738201,18.801300,-93.396698,0.129960,17.611099,-0.169273,-0.503071,-0.668071,0.521485,-407.749146,1516.769775,-4485.159668,-398.875977,1436.384277,-4494.035645,-395.283051,1560.835571,-4511.946289,-425.143494,1466.920410,-4446.540527,-411.694183,1602.938965,-4488.117188,-399.179993,1436.284180,-4493.767578,-395.100952,1561.043457,-4511.859863,-424.820648,1467.036987,-4446.917969,-411.874664,1602.724243,-4488.123047,2616.271484,1567.737915,-3159.792725,,,,,,,,,,,,,,,,,,,,,,,,,,,,,,,,,
3156,31.560000,0.000000,0.000000,0.000000,1.000000,0.000000,0.000000,0.000000,57.698101,20.499701,-14.700500,0.047771,-0.013570,0.015998,-15.666301,-52.738201,18.801300,-93.396698,0.129960,17.611099,-0.168613,-0.504680,-0.667270,0.521170,-408.742523,1516.448242,-4485.870117,-399.716003,1436.056519,-4494.531738,-396.277985,1560.470703,-4512.728027,-426.156769,1466.662354,-4447.177734,-412.819458,1602.603638,-4489.041992,-400.048615,1435.880615,-4494.333496,-396.067352,1560.674438,-4512.484375,-425.820160,1466.662964,-4447.473145,-413.010651,1602.573364,-4489.181152,2616.289795,1567.772461,-3159.797607,,,,,,,,,,,,,,,,,,,,,,,,,,,,,,,,,
3157,31.570000,0.000000,0.000000,0.000000,1.000000,0.000000,0.000000,0.000000,57.698101,20.499701,-14.700500,0.047771,-0.013570,0.015998,-15.666301,-52.738201,18.801300,-93.396698,0.129960,17.611099,-0.169697,-0.502596,-0.668720,0.520974,-409.498291,1516.064087,-4486.211426,-400.784607,1435.667358,-4495.144043,-396.955170,1560.123535,-4512.971680,-426.977081,1466.222778,-4447.620117,-413.276428,1602.242798,-4489.108887,-400.806793,1435.553345,-4494.763672,-397.143829,1560.212646,-4513.060547,-426.873016,1466.285034,-4448.091309,-413.158051,1602.205078,-4488.971191,2616.267090,1567.749390,-3159.794434,,,,,,,,,,,,,,,,,,,,,,,,,,,,,,,,,
3158,31.580000,0.000000,0.000000,0.000000,1.000000,0.000000,0.000000,0.000000,57.698101,20.499701,-14.700500,0.047771,-0.013570,0.015998,-15.666301,-52.738201,18.801300,-93.396698,0.129960,17.611099,-0.169349,-0.503206,-0.668751,0.520458,-410.393158,1515.668945,-4486.732910,-401.678162,1435.265625,-4495.603516,-397.799133,1559.710449,-4513.499023,-427.943024,1465.853394,-4448.140137,-414.152344,1601.846558,-4489.688477,-401.615265,1435.281738,-4495.157715,-398.142273,1559.787231,-4513.682617,-427.915161,1465.901123,-4448.650391,-413.901123,1601.713013,-4489.470703,2616.303711,1567.764282,-3159.795654,,,,,,,,,,,,,,,,,,,,,,,,,,,,,,,,,
3159,31.590000,0.000000,0.000000,0.000000,1.000000,0.000000,0.000000,0.000000,57.698101,20.499701,-14.700500,0.047771,-0.013570,0.015998,-15.666301,-52.738201,18.801300,-93.396698,0.129960,17.611099,-0.169291,-0.504130,-0.667847,0.520744,-411.314484,1515.295898,-4487.219238,-402.459320,1434.889893,-4495.926270,-398.783142,1559.305298,-4514.067871,-428.797211,1465.527588,-4448.535645,-415.218353,1601.460938,-4490.347656,-402.327271,1435.015625,-4495.449219,-399.233551,1559.333740,-4514.345703,-428.834442,1465.547485,-4449.034668,-414.870605,1601.288696,-4490.057129,2616.272949,1567.776245,-3159.804688,,,,,,,,,,,,,,,,,,,,,,,,,,,,,,,,,
3160,31.600000,0.000000,0.000000,0.000000,1.000000,0.000000,0.000000,0.000000,57.698101,20.499701,-14.700500,0.047771,-0.013570,0.015998,-15.666301,-52.738201,18.801300,-93.396698,0.129960,17.611099,-0.168437,-0.504883,-0.667825,0.520320,-412.391479,1515.026367,-4487.828613,-403.469971,1434.623047,-4496.491699,-399.822357,1559.035400,-4514.660156,-429.936432,1465.258911,-4449.171875,-416.337250,1601.188354,-4490.990723,-403.290436,1434.682617,-4496.000488,-400.347870,1558.852173,-4514.975586,-430.003479,1465.094238,-4449.662109,-415.938568,1601.476074,-4490.686035,2616.280029,1567.731201,-3159.800049,,,,,,,,,,,,,,,,,,,,,,,,,,,,,,,,,
3161,31.610000,0.000000,0.000000,0.000000,1.000000,0.000000,0.000000,0.000000,57.698101,20.499701,-14.700500,0.047771,-0.013570,0.015998,-15.666301,-52.738201,18.801300,-93.396698,0.129960,17.611099,-0.168781,-0.504854,-0.667829,0.520231,-413.402771,1514.644409,-4488.351562,-404.523193,1434.233765,-4496.990723,-400.823273,1558.638184,-4515.203125,-430.956116,1464.898682,-4449.670410,-417.308563,1600.807129,-4491.541504,-404.338104,1434.339966,-4496.466309,-401.407898,1558.436035,-4515.496094,-431.021271,1464.692993,-4450.201660,-416.873657,1601.098145,-4491.262207,2616.321533,1567.751343,-3159.780762,,,,,,,,,,,,,,,,,,,,,,,,,,,,,,,,,
3162,31.620000,0.000000,0.000000,0.000000,1.000000,0.000000,0.000000,0.000000,57.698101,20.499701,-14.700500,0.047771,-0.013570,0.015998,-15.666301,-52.738201,18.801300,-93.396698,0.129960,17.611099,-0.170682,-0.503618,-0.668440,0.520024,-414.405334,1514.203369,-4488.889648,-405.816864,1433.766235,-4497.576172,-401.774506,1558.162109,-4515.774902,-431.988373,1464.506226,-4450.159668,-418.041779,1600.379028,-4492.047852,-405.683289,1433.783569,-4497.130859,-402.271912,1558.061646,-4515.919434,-432.014984,1464.298462,-4450.636719,-417.660706,1600.665283,-4491.892578,2616.297852,1567.741577,-3159.789062,,,,,,,,,,,,,,,,,,,,,,,,,,,,,,,,,
3163,31.630000,0.000000,0.000000,0.000000,1.000000,0.000000,0.000000,0.000000,57.698101,20.499701,-14.700500,0.047771,-0.013570,0.015998,-15.666301,-52.738201,18.801300,-93.396698,0.129960,17.611099,-0.170613,-0.503604,-0.668618,0.519831,-415.407715,1513.777222,-4489.366211,-406.846588,1433.338745,-4498.066406,-402.751343,1557.736694,-4516.237793,-433.022339,1464.078857,-4450.652344,-419.010681,1599.954956,-4492.507812,-406.702820,1433.337891,-4497.679688,-403.204681,1557.592407,-4516.409668,-433.065277,1463.927856,-4451.064941,-418.664246,1600.256104,-4492.318848,2616.307861,1567.738037,-3159.783203,,,,,,,,,,,,,,,,,,,,,,,,,,,,,,,,,
3164,31.640000,0.000000,0.000000,0.000000,1.000000,0.000000,0.000000,0.000000,57.698101,20.499701,-14.700500,0.047771,-0.013570,0.015998,-15.666301,-52.738201,18.801300,-93.396698,0.129960,17.611099,-0.170506,-0.503611,-0.669304,0.518976,-416.238892,1513.404297,-4489.709473,-407.807465,1432.955322,-4498.439453,-403.472290,1557.354980,-4516.543457,-433.988586,1463.717407,-4451.041992,-419.687378,1599.589722,-4492.812500,-407.837097,1432.871216,-4498.140625,-403.635681,1557.272583,-4516.543945,-433.879211,1463.629395,-4451.428711,-419.581970,1599.839966,-4492.752441,2616.293701,1567.733521,-3159.783203,,,,,,,,,,,,,,,,,,,,,,,,,,,,,,,,,
3165,31.650000,0.000000,0.000000,0.000000,1.000000,0.000000,0.000000,0.000000,57.698101,20.499701,-14.700500,0.047771,-0.013570,0.015998,-15.666301,-52.738201,18.801300,-93.396698,0.129960,17.611099,-0.171320,-0.503096,-0.669714,0.518678,-416.998444,1513.028076,-4489.996094,-408.723816,1432.565186,-4498.748535,-404.183624,1556.959595,-4516.837891,-434.792755,1463.367432,-4451.315430,-420.293732,1599.220093,-4493.081543,-408.886963,1432.381714,-4498.563477,-404.152313,1556.916016,-4516.700684,-434.573273,1463.374390,-4451.620605,-420.372101,1599.431763,-4493.125977,2616.289307,1567.715942,-3159.782471,,,,,,,,,,,,,,,,,,,,,,,,,,,,,,,,,
3166,31.660000,0.000000,0.000000,0.000000,1.000000,0.000000,0.000000,0.000000,57.698101,20.499701,-14.700500,0.047771,-0.013570,0.015998,-15.666301,-52.738201,18.801300,-93.396698,0.129960,17.611099,-0.173529,-0.501022,-0.670711,0.518664,-417.631165,1512.628540,-4490.211426,-409.719330,1432.146606,-4499.121582,-404.768890,1556.548828,-4517.049805,-435.439423,1462.981567,-4451.520020,-420.597168,1598.837524,-4493.154297,-409.797028,1431.965942,-4498.960449,-404.821442,1556.595947,-4516.951660,-435.294617,1463.118530,-4451.808594,,,,2616.302002,1567.742188,-3159.774170,,,,,,,,,,,,,,,,,,,,,,,,,,,,,,,,,
3167,31.670000,0.000000,0.000000,0.000000,1.000000,0.000000,0.000000,0.000000,57.698101,20.499701,-14.700500,0.047771,-0.013570,0.015998,-15.666301,-52.738201,18.801300,-93.396698,0.129960,17.611099,-0.170761,-0.501137,-0.671591,0.518332,-418.731476,1512.266846,-4490.310547,-410.662048,1431.828003,-4499.465332,-405.813751,1556.299072,-4516.937500,-436.639709,1462.459595,-4451.872559,-421.810516,1598.481201,-4492.966797,-410.757111,1431.541016,-4499.181152,-405.693481,1556.190308,-4517.240234,-436.503204,1462.659912,-4452.217773,-421.981567,1598.686890,-4492.581055,2616.295898,1567.719849,-3159.784424,,,,,,,,,,,,,,,,,,,,,,,,,,,,,,,,,
3168,31.680000,0.000000,0.000000,0.000000,1.000000,0.000000,0.000000,0.000000,57.698101,20.499701,-14.700500,0.047771,-0.013570,0.015998,-15.666301,-52.738201,18.801300,-93.396698,0.129960,17.611099,-0.169906,-0.500834,-0.673034,0.517032,-419.755707,1511.879517,-4490.548828,-411.862183,1431.442017,-4499.867188,-406.658478,1555.940308,-4517.040527,-437.888824,1462.029053,-4452.271973,-422.613373,1598.107056,-4493.014648,-411.840179,1431.119263,-4499.457520,-406.735199,1555.805176,-4517.471191,-437.841949,1462.121826,-4452.669434,-422.606537,1598.476685,-4492.531738,2616.290527,1567.750244,-3159.773193,,,,,,,,,,,,,,,,,,,,,,,,,,,,,,,,,
3169,31.690000,0.000000,0.000000,0.000000,1.000000,0.000000,0.000000,0.000000,57.698101,20.499701,-14.700500,0.047771,-0.013570,0.015998,-15.666301,-52.738201,18.801300,-93.396698,0.129960,17.611099,-0.169766,-0.500583,-0.673724,0.516423,-420.904846,1511.454102,-4490.780273,-413.123047,1431.014038,-4500.170898,-407.721985,1555.520996,-4517.219727,-439.141266,1461.593506,-4452.565918,-423.633148,1597.688232,-4493.165039,-412.897461,1430.745728,-4499.704102,-408.134247,1555.269287,-4517.855469,-439.242096,1461.642334,-4452.997070,-423.340668,1598.199585,-4492.506836,2616.287842,1567.715942,-3159.767578,,,,,,,,,,,,,,,,,,,,,,,,,,,,,,,,,
3170,31.700000,0.000000,0.000000,0.000000,1.000000,0.000000,0.000000,0.000000,57.698101,20.499701,-14.700500,0.047771,-0.013570,0.015998,-15.666301,-52.738201,18.801300,-93.396698,0.129960,17.611099,-0.169035,-0.501145,-0.673823,0.515987,-422.049957,1511.017090,-4490.973145,-414.230316,1430.578369,-4500.343262,-408.823578,1555.085815,-4517.387207,-440.352570,1461.154053,-4452.793457,-424.793518,1597.250366,-4493.367676,-413.835693,1430.482178,-4499.775391,-409.587891,1554.693359,-4518.297852,-440.578796,1461.167480,-4453.286133,-424.235382,1597.725220,-4492.533203,2616.272949,1567.745972,-3159.767334,,,,,,,,,,,,,,,,,,,,,,,,,,,,,,,,,
3171,31.710000,0.000000,0.000000,0.000000,1.000000,0.000000,0.000000,0.000000,57.698101,20.499701,-14.700500,0.047771,-0.013570,0.015998,-15.666301,-52.738201,18.801300,-93.396698,0.129960,17.611099,-0.168558,-0.503850,-0.672314,0.515477,-423.643433,1510.332764,-4491.695312,-415.610291,1429.867676,-4500.648926,-410.425598,1554.303223,-4518.277832,-441.964844,1460.613647,-4453.337891,-426.573120,1596.547119,-4494.517090,-415.406219,1429.857422,-4500.326660,-410.906891,1554.209351,-4518.525879,-442.059845,1460.672607,-4453.694824,-426.230438,1596.585083,-4494.245605,2616.292969,1567.690430,-3159.762207,,,,,,,,,,,,,,,,,,,,,,,,,,,,,,,,,
3172,31.720000,0.000000,0.000000,0.000000,1.000000,0.000000,0.000000,0.000000,57.698101,20.499701,-14.700500,0.047771,-0.013570,0.015998,-15.666301,-52.738201,18.801300,-93.396698,0.129960,17.611099,-0.169927,-0.502149,-0.673063,0.515710,-424.660034,1509.952515,-4491.705566,-416.853241,1429.483765,-4500.824707,-411.431152,1553.936523,-4518.259766,-442.964233,1460.211914,-4453.367188,-427.391571,1596.178345,-4494.369629,-416.570465,1429.399170,-4500.492188,-412.019623,1553.794067,-4518.609863,-443.113464,1460.318115,-4453.730957,-426.972076,1596.288452,-4493.993652,2616.284668,1567.745361,-3159.755859,,,,,,,,,,,,,,,,,,,,,,,,,,,,,,,,,
3173,31.730000,0.000000,0.000000,0.000000,1.000000,0.000000,0.000000,0.000000,57.698101,20.499701,-14.700500,0.047771,-0.013570,0.015998,-15.666301,-52.738201,18.801300,-93.396698,0.129960,17.611099,-0.171958,-0.500387,-0.673050,0.516765,-425.611511,1509.562012,-4491.707520,-417.953186,1429.089600,-4500.920410,-412.478851,1553.546509,-4518.308105,-443.760132,1459.819580,-4453.297852,-428.253845,1595.792603,-4494.302734,-417.885040,1428.903809,-4500.753906,-412.646576,1553.488525,-4518.392090,-443.743835,1460.036865,-4453.572754,-428.166016,1595.833008,-4494.130859,2616.249512,1567.770020,-3159.790039,,,,,,,,,,,,,,,,,,,,,,,,,,,,,,,,,
3174,31.740000,0.000000,0.000000,0.000000,1.000000,0.000000,0.000000,0.000000,57.698101,20.499701,-14.700500,0.047771,-0.013570,0.015998,-15.666301,-52.738201,18.801300,-93.396698,0.129960,17.611099,-0.168297,-0.503330,-0.672741,0.515514,-426.609985,1509.221191,-4491.637695,-418.601929,1428.766357,-4500.705566,-413.380890,1553.225098,-4518.158691,-444.943481,1459.453491,-4453.349121,-429.513763,1595.440308,-4494.337402,-418.719208,1428.750244,-4500.456055,-413.374023,1553.173828,-4518.194336,-444.740997,1459.655762,-4453.773926,-429.569153,1595.355347,-4494.200195,2616.285156,1567.740601,-3159.769775,,,,,,,,,,,,,,,,,,,,,,,,,,,,,,,,,
3175,31.750000,0.000000,0.000000,0.000000,1.000000,0.000000,0.000000,0.000000,57.698101,20.499701,-14.700500,0.047771,-0.013570,0.015998,-15.666301,-52.738201,18.801300,-93.396698,0.129960,17.611099,-0.165135,-0.504938,-0.673188,0.514379,-427.702087,1508.991699,-4491.590332,-419.488922,1428.561401,-4500.693848,-414.358917,1553.049438,-4517.964355,-446.224274,1459.147461,-4453.492676,-430.736359,1595.208740,-4494.211426,-419.809540,1428.388306,-4500.490234,-414.130493,1553.009033,-4517.819824,-445.864563,1459.223755,-4453.846191,-430.985413,1595.340332,-4494.235352,2616.307617,1567.735840,-3159.751953,,,,,,,,,,,,,,,,,,,,,,,,,,,,,,,,,
3176,31.760000,0.000000,0.000000,0.000000,1.000000,0.000000,0.000000,0.000000,57.698101,20.499701,-14.700500,0.047771,-0.013570,0.015998,-15.666301,-52.738201,18.801300,-93.396698,0.129960,17.611099,-0.163929,-0.505065,-0.674372,0.513088,-429.020355,1508.488892,-4491.800781,-420.911957,1428.061768,-4501.023926,-415.511658,1552.572266,-4518.047363,-447.758270,1458.606323,-4453.858887,-431.899597,1594.715576,-4494.272949,-421.095398,1427.967285,-4500.705078,-415.515045,1552.618774,-4518.015625,-447.535004,1458.512573,-4454.242676,-431.921936,1594.815674,-4494.265625,2616.292236,1567.741821,-3159.768311,,,,,,,,,,,,,,,,,,,,,,,,,,,,,,,,,
3177,31.770000,0.000000,0.000000,0.000000,1.000000,0.000000,0.000000,0.000000,57.698101,20.499701,-14.700500,0.047771,-0.013570,0.015998,-15.666301,-52.738201,18.801300,-93.396698,0.129960,17.611099,-0.164135,-0.504770,-0.674322,0.513379,-430.271851,1508.084595,-4491.869141,-422.160522,1427.660645,-4501.117676,-416.792694,1552.175903,-4518.117188,-448.969025,1458.190674,-4453.921875,-433.165314,1594.311523,-4494.318848,-422.143188,1427.671631,-4500.758301,-417.053192,1552.108154,-4518.198242,-448.909576,1458.051636,-4454.330078,-432.973785,1594.494629,-4494.211914,2616.255127,1567.745239,-3159.794434,,,,,,,,,,,,,,,,,,,,,,,,,,,,,,,,,
3178,31.780000,0.000000,0.000000,0.000000,1.000000,0.000000,0.000000,0.000000,57.698101,20.499701,-14.700500,0.047771,-0.013570,0.015998,-15.666301,-52.738201,18.801300,-93.396698,0.129960,17.611099,-0.163688,-0.504911,-0.675353,0.512025,-431.574402,1507.668701,-4492.009766,-423.632324,1427.233643,-4501.308594,-417.925720,1551.750244,-4518.186523,-450.483582,1457.786865,-4454.151855,-434.256073,1593.904419,-4494.392090,-423.523499,1427.224609,-4500.939453,-418.314575,1551.631958,-4518.351074,-450.505188,1457.622437,-4454.537109,-433.951111,1594.203613,-4494.215820,2616.269043,1567.749023,-3159.786133,,,,,,,,,,,,,,,,,,,,,,,,,,,,,,,,,
3179,31.790000,0.000000,0.000000,0.000000,1.000000,0.000000,0.000000,0.000000,57.698101,20.499701,-14.700500,0.047771,-0.013570,0.015998,-15.666301,-52.738201,18.801300,-93.396698,0.129960,17.611099,-0.166714,-0.501564,-0.676714,0.512541,-432.903961,1507.124756,-4492.125000,-425.423645,1426.680298,-4501.720703,-419.240051,1551.217651,-4518.275391,-451.767761,1457.222290,-4454.271973,-435.184479,1593.379028,-4494.232422,-425.301300,1426.652222,-4501.422852,-419.580048,1551.095459,-4518.476074,-451.794830,1457.302368,-4454.634766,-434.955994,1593.446533,-4493.984863,2616.293457,1567.756592,-3159.782715,,,,,,,,,,,,,,,,,,,,,,,,,,,,,,,,,
3180,31.800000,0.000000,0.000000,0.000000,1.000000,0.000000,0.000000,0.000000,57.698101,20.499701,-14.700500,0.047771,-0.013570,0.015998,-15.666301,-52.738201,18.801300,-93.396698,0.129960,17.611099,-0.168848,-0.499828,-0.676799,0.513425,-433.767334,1506.849976,-4491.924316,-426.469757,1426.398926,-4501.604492,-420.177124,1550.935181,-4518.125488,-452.502014,1456.957275,-4453.994141,-435.920441,1593.109009,-4493.972656,-426.472565,1426.325073,-4501.458984,-420.248138,1550.831543,-4518.183594,-452.422516,1457.195557,-4454.276855,-435.913269,1593.084351,-4493.817383,2616.301270,1567.742188,-3159.775635,,,,,,,,,,,,,,,,,,,,,,,,,,,,,,,,,
3181,31.810000,0.000000,0.000000,0.000000,1.000000,0.000000,0.000000,0.000000,57.698101,20.499701,-14.700500,0.047771,-0.013570,0.015998,-15.666301,-52.738201,18.801300,-93.396698,0.129960,17.611099,-0.171169,-0.497952,-0.676587,0.514757,-434.869354,1506.555908,-4491.821777,-427.709747,1426.101929,-4501.580078,-421.407806,1550.638794,-4518.093262,-453.404816,1456.665527,-4453.790527,-436.955109,1592.817627,-4493.822754,-427.785583,1425.971802,-4501.493164,-421.344238,1550.565063,-4518.112305,-453.266144,1456.954346,-4454.017090,-437.066650,1592.778320,-4493.694824,2616.279297,1567.755737,-3159.797607,,,,,,,,,,,,,,,,,,,,,,,,,,,,,,,,,
3182,31.820000,0.000000,0.000000,0.000000,1.000000,0.000000,0.000000,0.000000,57.698101,20.499701,-14.700500,0.047771,-0.013570,0.015998,-15.666301,-52.738201,18.801300,-93.396698,0.129960,17.611099,-0.170241,-0.498585,-0.676354,0.514759,-435.981567,1506.370361,-4491.697754,-428.692841,1425.925049,-4501.432617,-422.533081,1550.468384,-4517.950684,-454.517426,1456.459351,-4453.693848,-438.183014,1592.628784,-4493.713867,-428.854401,1425.874390,-4501.303711,-422.392426,1550.401855,-4517.942383,-454.283386,1456.763306,-4453.995605,-438.368408,1592.494019,-4493.598633,2616.278809,1567.736572,-3159.802490,,,,,,,,,,,,,,,,,,,,,,,,,,,,,,,,,
3183,31.830000,0.000000,0.000000,0.000000,1.000000,0.000000,0.000000,0.000000,57.698101,20.499701,-14.700500,0.047771,-0.013570,0.015998,-15.666301,-52.738201,18.801300,-93.396698,0.129960,17.611099,-0.164541,-0.502827,-0.676606,0.512148,-436.992004,1506.182739,-4491.544922,-429.292297,1425.757568,-4501.128418,-423.304352,1550.312744,-4517.619629,-455.920624,1456.228516,-4453.791992,-439.450928,1592.432495,-4493.639160,-429.375336,1425.968750,-4500.771973,-423.385101,1550.225220,-4517.724609,-455.773041,1456.318237,-4454.244629,-439.413727,1592.266602,-4493.462402,2616.322754,1567.722656,-3159.778564,,,,,,,,,,,,,,,,,,,,,,,,,,,,,,,,,
3184,31.840000,0.000000,0.000000,0.000000,1.000000,0.000000,0.000000,0.000000,57.698101,20.499701,-14.700500,0.047771,-0.013570,0.015998,-15.666301,-52.738201,18.801300,-93.396698,0.129960,17.611099,-0.159223,-0.506454,-0.677267,0.509374,-438.294495,1506.051880,-4491.475586,-430.292236,1425.645996,-4500.972656,-424.338501,1550.218628,-4517.345215,-457.641144,1456.046387,-4454.003906,-440.906189,1592.296875,-4493.580566,-430.278381,1425.827881,-4500.466309,-424.580963,1549.966064,-4517.670410,-457.588440,1455.826050,-4454.500000,-440.731354,1592.576050,-4493.280273,2616.291992,1567.714355,-3159.781494,,,,,,,,,,,,,,,,,,,,,,,,,,,,,,,,,
3185,31.850000,0.000000,0.000000,0.000000,1.000000,0.000000,0.000000,0.000000,57.698101,20.499701,-14.700500,0.047771,-0.013570,0.015998,-15.666301,-52.738201,18.801300,-93.396698,0.129960,17.611099,-0.163094,-0.503898,-0.677652,0.510172,-439.638885,1505.756958,-4491.566895,-432.043304,1425.321045,-4501.144043,-425.725525,1549.871582,-4517.548340,-458.867279,1455.823242,-4453.938965,-441.919495,1592.012207,-4493.636719,-431.933136,1425.380371,-4500.763672,-426.054749,1549.591797,-4517.872070,-458.902222,1455.652710,-4454.297363,-441.655884,1592.438721,-4493.311523,2616.293213,1567.734009,-3159.787354,,,,,,,,,,,,,,,,,,,,,,,,,,,,,,,,,
3186,31.860000,0.000000,0.000000,0.000000,1.000000,0.000000,0.000000,0.000000,57.698101,20.499701,-14.700500,0.047771,-0.013570,0.015998,-15.666301,-52.738201,18.801300,-93.396698,0.129960,17.611099,-0.166819,-0.501329,-0.676883,0.512513,-440.692230,1505.638794,-4491.411133,-433.246521,1425.194946,-4501.039062,-427.018768,1549.736084,-4517.548828,-459.564392,1455.729736,-4453.570801,-442.939301,1591.894897,-4493.485840,-433.215912,1425.151855,-4500.840820,-427.126007,1549.423950,-4517.754395,-459.540649,1455.705322,-4453.807617,-442.891052,1592.310791,-4493.226074,2616.308350,1567.722656,-3159.782715,,,,,,,,,,,,,,,,,,,,,,,,,,,,,,,,,
3187,31.870000,0.000000,0.000000,0.000000,1.000000,0.000000,0.000000,0.000000,57.698101,20.499701,-14.700500,0.047771,-0.013570,0.015998,-15.666301,-52.738201,18.801300,-93.396698,0.129960,17.611099,-0.168545,-0.500120,-0.676599,0.513504,-441.958099,1505.542603,-4491.270996,-434.597626,1425.094238,-4500.926270,-428.384674,1549.630737,-4517.476074,-460.678528,1455.646240,-4453.338867,-444.171692,1591.799438,-4493.342773,-434.611542,1424.987183,-4500.722656,-428.438812,1549.286133,-4517.625488,-460.592865,1455.696045,-4453.637695,-444.194214,1592.244019,-4493.086914,2616.312744,1567.701782,-3159.778564,,,,,,,,,,,,,,,,,,,,,,,,,,,,,,,,,
3188,31.880000,0.000000,0.000000,0.000000,1.000000,0.000000,0.000000,0.000000,57.698101,20.499701,-14.700500,0.047771,-0.013570,0.015998,-15.666301,-52.738201,18.801300,-93.396698,0.129960,17.611099,-0.169278,-0.499649,-0.677227,0.512893,-443.078278,1505.375122,-4491.033203,-435.914429,1424.912598,-4500.717773,-429.417633,1549.439087,-4517.233398,-461.891968,1455.511597,-4453.103516,-445.089203,1591.637695,-4493.077148,-436.020264,1424.842285,-4500.579102,-429.402130,1549.310303,-4517.158691,-461.705872,1455.669556,-4453.404297,-445.155457,1591.698730,-4493.034668,2616.311035,1567.708374,-3159.770508,,,,,,,,,,,,,,,,,,,,,,,,,,,,,,,,,
3189,31.890000,0.000000,0.000000,0.000000,1.000000,0.000000,0.000000,0.000000,57.698101,20.499701,-14.700500,0.047771,-0.013570,0.015998,-15.666301,-52.738201,18.801300,-93.396698,0.129960,17.611099,-0.167169,-0.500760,-0.678801,0.510415,-443.941925,1505.329102,-4490.740723,-436.910095,1424.862427,-4500.487793,-429.988708,1549.395142,-4516.783203,-463.144592,1455.460083,-4453.013672,-445.724335,1591.599121,-4492.678223,-437.236847,1424.799805,-4500.341797,-429.714508,1549.512939,-4516.596680,-462.789520,1455.632080,-4453.303711,-445.996521,1591.386719,-4492.745605,2616.282227,1567.737305,-3159.784912,,,,,,,,,,,,,,,,,,,,,,,,,,,,,,,,,
3190,31.900000,0.000000,0.000000,0.000000,1.000000,0.000000,0.000000,0.000000,57.698101,20.499701,-14.700500,0.047771,-0.013570,0.015998,-15.666301,-52.738201,18.801300,-93.396698,0.129960,17.611099,-0.162224,-0.504839,-0.678993,0.507730,-444.887421,1505.348145,-4490.510254,-437.524902,1424.887695,-4500.063477,-430.689270,1549.417847,-4516.413574,-464.479523,1455.475952,-4452.988770,-446.856079,1591.611084,-4492.576172,-437.834961,1424.915039,-4499.930664,-430.452393,1549.613403,-4516.188477,-464.157257,1455.625122,-4453.239258,-447.104950,1591.210449,-4492.705078,2616.287842,1567.739136,-3159.792236,,,,,,,,,,,,,,,,,,,,,,,,,,,,,,,,,
3191,31.910000,0.000000,0.000000,0.000000,1.000000,0.000000,0.000000,0.000000,57.698101,20.499701,-14.700500,0.047771,-0.013570,0.015998,-15.666301,-52.738201,18.801300,-93.396698,0.129960,17.611099,-0.159647,-0.506715,-0.679148,0.506469,-445.978119,1505.387695,-4490.338379,-438.443512,1424.935425,-4499.826660,-431.665131,1549.471802,-4516.153809,-465.755280,1455.495972,-4452.939453,-448.048584,1591.647461,-4492.433594,-438.386536,1425.080078,-4499.430664,-431.951111,1549.466431,-4516.375977,-465.737823,1455.528442,-4453.359375,-447.833527,1591.483521,-4492.192871,2616.302734,1567.737061,-3159.786133,,,,,,,,,,,,,,,,,,,,,,,,,,,,,,,,,
3192,31.920000,0.000000,0.000000,0.000000,1.000000,0.000000,0.000000,0.000000,57.698101,20.499701,-14.700500,0.047771,-0.013570,0.015998,-15.666301,-52.738201,18.801300,-93.396698,0.129960,17.611099,-0.159796,-0.506190,-0.678670,0.507586,-447.090424,1505.650391,-4490.000977,-439.439758,1425.215088,-4499.539551,-432.903717,1549.769775,-4515.826172,-466.708160,1455.709351,-4452.584473,-449.310120,1591.907593,-4492.054688,-439.362366,1425.194946,-4499.129883,-433.170715,1549.483398,-4516.206543,-466.698151,1455.668823,-4453.015137,-449.135956,1592.262451,-4491.649414,2616.280762,1567.737671,-3159.785889,,,,,,,,,,,,,,,,,,,,,,,,,,,,,,,,,
3193,31.930000,0.000000,0.000000,0.000000,1.000000,0.000000,0.000000,0.000000,57.698101,20.499701,-14.700500,0.047771,-0.013570,0.015998,-15.666301,-52.738201,18.801300,-93.396698,0.129960,17.611099,-0.160744,-0.505955,-0.678347,0.507952,-448.410614,1505.603760,-4490.040039,-440.795837,1425.158691,-4499.524414,-434.266357,1549.698120,-4515.930664,-467.963898,1455.698853,-4452.541504,-450.616394,1591.859741,-4492.162598,-440.715759,1425.252319,-4499.175781,-434.565735,1549.526123,-4516.159668,-467.966583,1455.640991,-4452.907227,-450.408875,1591.987549,-4491.929199,2616.274414,1567.765625,-3159.789551,,,,,,,,,,,,,,,,,,,,,,,,,,,,,,,,,
3194,31.940000,0.000000,0.000000,0.000000,1.000000,0.000000,0.000000,0.000000,57.698101,20.499701,-14.700500,0.047771,-0.013570,0.015998,-15.666301,-52.738201,18.801300,-93.396698,0.129960,17.611099,-0.161345,-0.505156,-0.678943,0.507762,-449.730682,1505.559937,-4489.985840,-442.266846,1425.111572,-4499.562012,-435.542419,1549.656006,-4515.849609,-469.323700,1455.650757,-4452.513672,-451.789948,1591.821533,-4492.018066,-442.122162,1425.188232,-4499.199219,-435.995697,1549.569946,-4516.035156,-469.362885,1455.655640,-4452.916016,-451.467560,1591.821655,-4491.805664,2616.265625,1567.760010,-3159.796387,,,,,,,,,,,,,,,,,,,,,,,,,,,,,,,,,
3195,31.950000,0.000000,0.000000,0.000000,1.000000,0.000000,0.000000,0.000000,57.698101,20.499701,-14.700500,0.047771,-0.013570,0.015998,-15.666301,-52.738201,18.801300,-93.396698,0.129960,17.611099,-0.163999,-0.503192,-0.679034,0.508739,-450.695923,1505.656738,-4489.746094,-443.462402,1425.196777,-4499.400391,-436.585785,1549.733276,-4515.686035,-470.146637,1455.773804,-4452.164551,-452.589050,1591.923218,-4491.732422,-443.269348,1425.185547,-4499.044922,-437.113861,1549.631226,-4515.904297,-470.214813,1455.858887,-4452.592773,-452.225525,1591.944702,-4491.466309,2616.281982,1567.756470,-3159.785645,,,,,,,,,,,,,,,,,,,,,,,,,,,,,,,,,
3196,31.960000,0.000000,0.000000,0.000000,1.000000,0.000000,0.000000,0.000000,57.698101,20.499701,-14.700500,0.047771,-0.013570,0.015998,-15.666301,-52.738201,18.801300,-93.396698,0.129960,17.611099,-0.167839,-0.500535,-0.678594,0.510691,-451.637939,1505.823730,-4489.472168,-444.633423,1425.351196,-4499.190430,-437.716400,1549.874634,-4515.557129,-470.792572,1455.976318,-4451.692383,-453.409515,1592.093140,-4491.449219,-444.504974,1425.196411,-4498.948730,-438.005402,1549.740601,-4515.760254,-470.814545,1456.201172,-4452.045898,-453.236389,1592.168945,-4491.160156,2616.304199,1567.761353,-3159.770508,,,,,,,,,,,,,,,,,,,,,,,,,,,,,,,,,
3197,31.970000,0.000000,0.000000,0.000000,1.000000,0.000000,0.000000,0.000000,57.698101,20.499701,-14.700500,0.047771,-0.013570,0.015998,-15.666301,-52.738201,18.801300,-93.396698,0.129960,17.611099,-0.169379,-0.499078,-0.679059,0.510991,-452.513611,1506.061035,-4489.125000,-445.714294,1425.583496,-4498.946289,-438.596771,1550.108032,-4515.218750,-471.632050,1456.217163,-4451.322266,-454.111359,1592.335815,-4491.012207,-445.821625,1425.377930,-4498.900391,-438.446899,1550.005493,-4515.247070,-471.465729,1456.563354,-4451.512207,-454.309875,1592.343384,-4490.859863,2616.287109,1567.777344,-3159.775146,,,,,,,,,,,,,,,,,,,,,,,,,,,,,,,,,
3198,31.980000,0.000000,0.000000,0.000000,1.000000,0.000000,0.000000,0.000000,57.698101,20.499701,-14.700500,0.047771,-0.013570,0.015998,-15.666301,-52.738201,18.801300,-93.396698,0.129960,17.611099,-0.164979,-0.502258,-0.679621,0.508561,-453.574677,1506.353516,-4488.794434,-446.531311,1425.885986,-4498.526855,-439.420013,1550.420776,-4514.725586,-473.060028,1456.481934,-4451.216309,-455.287415,1592.625488,-4490.708496,-446.815063,1425.823608,-4498.425293,-439.125397,1550.412842,-4514.607422,-472.739532,1456.690674,-4451.461914,-455.584839,1592.506592,-4490.706543,2616.260742,1567.767090,-3159.777588,,,,,,,,,,,,,,,,,,,,,,,,,,,,,,,,,
3199,31.990000,0.000000,0.000000,0.000000,1.000000,0.000000,0.000000,0.000000,57.698101,20.499701,-14.700500,0.047771,-0.013570,0.015998,-15.666301,-52.738201,18.801300,-93.396698,0.129960,17.611099,-0.160694,-0.505820,-0.679387,0.506712,-454.355103,1506.723633,-4488.444824,-446.945648,1426.266602,-4497.989746,-440.051086,1550.802002,-4514.274902,-474.101654,1456.839233,-4451.020020,-456.322083,1592.987061,-4490.494141,-447.126068,1426.446655,-4497.676270,-440.027832,1550.742920,-4514.306641,-473.869476,1456.906616,-4451.441406,-456.378784,1592.844482,-4490.391602,2616.289551,1567.735596,-3159.774902,,,,,,,,,,,,,,,,,,,,,,,,,,,,,,,,,
3200,32.000000,0.000000,0.000000,0.000000,1.000000,0.000000,0.000000,0.000000,57.698101,20.499701,-14.700500,0.047771,-0.013570,0.015998,-15.666301,-52.738201,18.801300,-93.396698,0.129960,17.611099,-0.156449,-0.508765,-0.679677,0.504700,-455.485992,1507.182373,-4488.281250,-447.795135,1426.741455,-4497.739746,-440.999390,1551.291260,-4513.957031,-475.528137,1457.255737,-4451.070801,-457.621429,1593.441162,-4490.357422,-447.788818,1426.876587,-4497.334961,-441.180420,1550.973755,-4514.255859,-475.476379,1457.069824,-4451.471191,-457.497162,1593.815186,-4490.060547,2616.287354,1567.710938,-3159.756104,,,,,,,,,,,,,,,,,,,,,,,,,,,,,,,,,
3201,32.010000,0.000000,0.000000,0.000000,1.000000,0.000000,0.000000,0.000000,57.698101,20.499701,-14.700500,0.047771,-0.013570,0.015998,-15.666301,-52.738201,18.801300,-93.396698,0.129960,17.611099,-0.158510,-0.507560,-0.679585,0.505392,-456.636169,1507.457642,-4488.118652,-449.106049,1427.002808,-4497.587891,-442.208221,1551.537476,-4513.877441,-476.573120,1457.571777,-4450.796875,-458.657349,1593.718628,-4490.212402,-448.996399,1427.105835,-4497.196777,-442.500732,1551.213013,-4514.323242,-476.611176,1457.473999,-4451.156250,-458.450562,1594.030884,-4489.801270,2616.281982,1567.728271,-3159.769775,,,,,,,,,,,,,,,,,,,,,,,,,,,,,,,,,
3202,32.020000,0.000000,0.000000,0.000000,1.000000,0.000000,0.000000,0.000000,57.698101,20.499701,-14.700500,0.047771,-0.013570,0.015998,-15.666301,-52.738201,18.801300,-93.396698,0.129960,17.611099,-0.160909,-0.505927,-0.679213,0.506770,-457.754913,1507.816406,-4487.837402,-450.342499,1427.354980,-4497.342773,-443.461792,1551.882446,-4513.694824,-477.486694,1457.949951,-4450.381348,-459.728729,1594.078613,-4489.931152,-450.280212,1427.330566,-4497.074219,-443.610718,1551.583618,-4514.049316,-477.494812,1457.914551,-4450.647949,-459.639587,1594.457642,-4489.563965,2616.285400,1567.734375,-3159.771240,,,,,,,,,,,,,,,,,,,,,,,,,,,,,,,,,
3203,32.030000,0.000000,0.000000,0.000000,1.000000,0.000000,0.000000,0.000000,57.698101,20.499701,-14.700500,0.047771,-0.013570,0.015998,-15.666301,-52.738201,18.801300,-93.396698,0.129960,17.611099,-0.160652,-0.506757,-0.678717,0.506687,-459.086304,1507.974731,-4487.790039,-451.589508,1427.506958,-4497.174805,-444.804810,1552.017700,-4513.692871,-478.814056,1458.142578,-4450.286621,-461.136902,1594.232056,-4490.006348,-451.469116,1427.692871,-4496.743164,-445.196808,1551.856689,-4513.991211,-478.849487,1458.032593,-4450.692871,-460.850128,1594.313965,-4489.736816,2616.266846,1567.718750,-3159.770508,,,,,,,,,,,,,,,,,,,,,,,,,,,,,,,,,
3204,32.040000,0.000000,0.000000,0.000000,1.000000,0.000000,0.000000,0.000000,57.698101,20.499701,-14.700500,0.047771,-0.013570,0.015998,-15.666301,-52.738201,18.801300,-93.396698,0.129960,17.611099,-0.163423,-0.504931,-0.678317,0.508157,-460.198700,1508.209595,-4487.561035,-452.849945,1427.731812,-4496.978516,-446.061066,1552.231689,-4513.578613,-479.704376,1458.406738,-4449.902344,-462.179504,1594.468384,-4489.785645,-452.776886,1427.826050,-4496.672852,-446.347504,1552.174683,-4513.734863,-479.696075,1458.481201,-4450.271484,-461.978882,1594.360840,-4489.586426,2616.307861,1567.705811,-3159.760986,,,,,,,,,,,,,,,,,,,,,,,,,,,,,,,,,
3205,32.050000,0.000000,0.000000,0.000000,1.000000,0.000000,0.000000,0.000000,57.698101,20.499701,-14.700500,0.047771,-0.013570,0.015998,-15.666301,-52.738201,18.801300,-93.396698,0.129960,17.611099,-0.166547,-0.503058,-0.677569,0.509996,-461.037628,1508.614746,-4487.028320,-453.807770,1428.125977,-4496.441895,-447.092529,1552.609131,-4513.195801,-480.257568,1458.851562,-4449.170410,-462.992767,1594.872803,-4489.304199,-453.553467,1428.068970,-4496.114258,-447.650879,1552.393677,-4513.530273,-480.373566,1459.044922,-4449.588379,-462.623627,1594.934937,-4488.910645,2616.294922,1567.715942,-3159.757080,,,,,,,,,,,,,,,,,,,,,,,,,,,,,,,,,
3206,32.060000,0.000000,0.000000,0.000000,1.000000,0.000000,0.000000,0.000000,57.698101,20.499701,-14.700500,0.047771,-0.013570,0.015998,-15.666301,-52.738201,18.801300,-93.396698,0.129960,17.611099,-0.165721,-0.503995,-0.676898,0.510230,-461.978333,1509.020630,-4486.636230,-454.560638,1428.537964,-4495.955566,-448.085358,1553.017944,-4512.826660,-481.152649,1459.255127,-4448.758789,-464.114807,1595.271973,-4489.003418,-454.600922,1428.402100,-4495.814453,-448.093018,1552.901978,-4512.881348,-481.022491,1459.572144,-4449.071289,-464.174896,1595.265747,-4488.826660,2616.297607,1567.731201,-3159.775635,,,,,,,,,,,,,,,,,,,,,,,,,,,,,,,,,
3207,32.070000,0.000000,0.000000,0.000000,1.000000,0.000000,0.000000,0.000000,57.698101,20.499701,-14.700500,0.047771,-0.013570,0.015998,-15.666301,-52.738201,18.801300,-93.396698,0.129960,17.611099,-0.160290,-0.507968,-0.676814,0.508132,-463.069824,1509.533936,-4486.218262,-455.202515,1429.076294,-4495.385254,-449.002197,1553.571533,-4512.247070,-482.552704,1459.713623,-4448.571289,-465.522003,1595.774414,-4488.670410,-455.472534,1428.908203,-4495.223145,-448.781982,1553.454224,-4512.145508,-482.220032,1459.869995,-4448.902832,-465.780365,1595.917847,-4488.637207,2616.282227,1567.772217,-3159.779785,,,,,,,,,,,,,,,,,,,,,,,,,,,,,,,,,
3208,32.080000,0.000000,0.000000,0.000000,1.000000,0.000000,0.000000,0.000000,57.698101,20.499701,-14.700500,0.047771,-0.013570,0.015998,-15.666301,-52.738201,18.801300,-93.396698,0.129960,17.611099,-0.159772,-0.508675,-0.676711,0.507725,-464.238159,1509.915527,-4486.002930,-456.329773,1429.454224,-4495.102051,-450.137207,1553.940186,-4512.035645,-483.773560,1460.114258,-4448.357422,-466.712311,1596.153442,-4488.516602,-456.600525,1429.354980,-4494.934082,-449.936554,1553.814209,-4511.916504,-483.460175,1460.156372,-4448.660156,-466.939941,1596.339478,-4488.525879,2616.282715,1567.771973,-3159.810303,,,,,,,,,,,,,,,,,,,,,,,,,,,,,,,,,
3209,32.090000,0.000000,0.000000,0.000000,1.000000,0.000000,0.000000,0.000000,57.698101,20.499701,-14.700500,0.047771,-0.013570,0.015998,-15.666301,-52.738201,18.801300,-93.396698,0.129960,17.611099,-0.155198,-0.512494,-0.675975,0.506282,-465.395081,1510.329590,-4485.646973,-457.009796,1429.890869,-4494.514648,-451.205841,1554.375122,-4511.596191,-485.122711,1460.501953,-4448.137207,-468.242126,1596.550659,-4488.340332,-457.086273,1429.995361,-4494.331543,-451.183228,1554.160278,-4511.695312,-485.029907,1460.390503,-4448.333984,-468.279999,1596.773193,-4488.230469,2616.263672,1567.742676,-3159.805176,,,,,,,,,,,,,,,,,,,,,,,,,,,,,,,,,
3210,32.100000,0.000000,0.000000,0.000000,1.000000,0.000000,0.000000,0.000000,57.698101,20.499701,-14.700500,0.047771,-0.013570,0.015998,-15.666301,-52.738201,18.801300,-93.396698,0.129960,17.611099,-0.154612,-0.512591,-0.676334,0.505883,-466.552490,1510.622559,-4485.171387,-458.176483,1430.187744,-4494.083984,-452.314667,1554.682495,-4511.069336,-486.346558,1460.773682,-4447.724121,-469.372345,1596.846313,-4487.807617,-458.130066,1430.443481,-4493.803711,-452.512726,1554.543335,-4511.245117,-486.347839,1460.712524,-4447.976074,-469.223511,1596.812256,-4487.641602,2616.318848,1567.714966,-3159.781982,,,,,,,,,,,,,,,,,,,,,,,,,,,,,,,,,
3211,32.110000,0.000000,0.000000,0.000000,1.000000,0.000000,0.000000,0.000000,57.698101,20.499701,-14.700500,0.047771,-0.013570,0.015998,-15.666301,-52.738201,18.801300,-93.396698,0.129960,17.611099,-0.156431,-0.511653,-0.675577,0.507283,-467.693787,1510.921875,-4484.701172,-459.322235,1430.483154,-4493.582031,-453.610107,1554.965210,-4510.711426,-487.272064,1461.097412,-4447.108887,-470.570801,1597.141724,-4487.401855,-459.253265,1430.787354,-4493.227539,-453.924622,1554.874390,-4510.852051,-487.265381,1461.085083,-4447.465332,-470.328674,1596.966919,-4487.233887,2616.311523,1567.700684,-3159.783447,,,,,,,,,,,,,,,,,,,,,,,,,,,,,,,,,
3212,32.120000,0.000000,0.000000,0.000000,1.000000,0.000000,0.000000,0.000000,57.698101,20.499701,-14.700500,0.047771,-0.013570,0.015998,-15.666301,-52.738201,18.801300,-93.396698,0.129960,17.611099,-0.158779,-0.509969,-0.674702,0.509410,-469.108185,1511.139526,-4484.325684,-460.735016,1430.704834,-4493.241211,-455.252258,1555.185791,-4510.453125,-488.368866,1461.311523,-4446.574219,-472.076752,1597.356079,-4487.034180,-460.668030,1430.874512,-4492.941895,-455.509033,1555.066406,-4510.630371,-488.359406,1461.394897,-4446.928223,-471.898224,1597.228760,-4486.812012,2616.326416,1567.736206,-3159.770996,,,,,,,,,,,,,,,,,,,,,,,,,,,,,,,,,
3213,32.130000,0.000000,0.000000,0.000000,1.000000,0.000000,0.000000,0.000000,57.698101,20.499701,-14.700500,0.047771,-0.013570,0.015998,-15.666301,-52.738201,18.801300,-93.396698,0.129960,17.611099,-0.161770,-0.507659,-0.674492,0.511051,-470.283081,1511.438232,-4483.723145,-462.091797,1430.995728,-4492.736328,-456.580292,1555.475708,-4509.945801,-489.303772,1461.621948,-4445.834473,-473.156616,1597.659790,-4486.375488,-461.998596,1431.032227,-4492.434570,-456.942902,1555.346191,-4510.041992,-489.280212,1461.778931,-4446.291016,-472.927826,1597.607544,-4486.184570,2616.324951,1567.726929,-3159.780518,,,,,,,,,,,,,,,,,,,,,,,,,,,,,,,,,
3214,32.140000,0.000000,0.000000,0.000000,1.000000,0.000000,0.000000,0.000000,57.698101,20.499701,-14.700500,0.047771,-0.013570,0.015998,-15.666301,-52.738201,18.801300,-93.396698,0.129960,17.611099,-0.160625,-0.508158,-0.675185,0.510000,-471.111633,1511.766968,-4483.093750,-462.954712,1431.325562,-4492.148926,-457.285828,1555.815796,-4509.232422,-490.298950,1461.933472,-4445.312012,-473.907104,1597.993042,-4485.681152,-463.036255,1431.185913,-4491.954590,-457.372131,1555.858154,-4509.140625,-490.123505,1462.111450,-4445.670410,-473.887726,1597.939453,-4485.666016,2616.318115,1567.776978,-3159.788818,,,,,,,,,,,,,,,,,,,,,,,,,,,,,,,,,
3215,32.150000,0.000000,0.000000,0.000000,1.000000,0.000000,0.000000,0.000000,57.698101,20.499701,-14.700500,0.047771,-0.013570,0.015998,-15.666301,-52.738201,18.801300,-93.396698,0.129960,17.611099,-0.155065,-0.512417,-0.673668,0.509466,-472.247223,1511.961426,-4482.464355,-463.352997,1431.571045,-4491.273438,-458.456482,1556.072021,-4508.517578,-491.492310,1462.044922,-4444.821777,-475.687134,1598.158203,-4485.243652,-463.655090,1431.457397,-4491.142090,-458.176880,1556.220337,-4508.395020,-491.176361,1462.230469,-4445.067871,-475.960541,1597.949219,-4485.267090,2616.283203,1567.770020,-3159.798340,,,,,,,,,,,,,,,,,,,,,,,,,,,,,,,,,
3216,32.160000,0.000000,0.000000,0.000000,1.000000,0.000000,0.000000,0.000000,57.698101,20.499701,-14.700500,0.047771,-0.013570,0.015998,-15.666301,-52.738201,18.801300,-93.396698,0.129960,17.611099,-0.156101,-0.511464,-0.673424,0.510428,-473.558228,1512.076294,-4481.911133,-464.679199,1431.689819,-4490.773438,-459.865173,1556.196533,-4507.999512,-492.664795,1462.145630,-4444.217285,-477.023804,1598.273193,-4484.654297,-464.749817,1431.672241,-4490.610840,-459.868347,1556.198364,-4508.041016,-492.549408,1462.291504,-4444.465332,-477.053040,1598.158936,-4484.548340,2616.290527,1567.722534,-3159.797852,,,,,,,,,,,,,,,,,,,,,,,,,,,,,,,,,
3217,32.170000,0.000000,0.000000,0.000000,1.000000,0.000000,0.000000,0.000000,57.698101,20.499701,-14.700500,0.047771,-0.013570,0.015998,-15.666301,-52.738201,18.801300,-93.396698,0.129960,17.611099,-0.151177,-0.514181,-0.674491,0.507765,-474.769348,1512.308472,-4481.153320,-465.682587,1431.947388,-4490.034668,-460.806091,1556.487793,-4506.997559,-494.283234,1462.293457,-4443.781250,-478.305573,1598.505493,-4483.800293,-465.517700,1432.085815,-4489.652344,-461.233521,1556.376831,-4507.314453,-494.356049,1462.275146,-4444.145508,-477.987305,1598.492920,-4483.501953,2616.270020,1567.719849,-3159.784912,,,,,,,,,,,,,,,,,,,,,,,,,,,,,,,,,
3218,32.180000,0.000000,0.000000,0.000000,1.000000,0.000000,0.000000,0.000000,57.698101,20.499701,-14.700500,0.047771,-0.013570,0.015998,-15.666301,-52.738201,18.801300,-93.396698,0.129960,17.611099,-0.150674,-0.513663,-0.674657,0.508217,-476.133148,1512.472290,-4480.442383,-466.984283,1432.132080,-4489.447754,-462.212097,1556.701904,-4506.223145,-495.597107,1462.384888,-4443.141113,-479.739197,1598.670410,-4482.958008,-466.815460,1432.238892,-4488.909668,-462.711853,1556.266724,-4506.794922,-495.642578,1462.308350,-4443.667969,-479.417206,1599.033813,-4482.436035,2616.277588,1567.736328,-3159.794189,,,,,,,,,,,,,,,,,,,,,,,,,,,,,,,,,
3219,32.190000,0.000000,0.000000,0.000000,1.000000,0.000000,0.000000,0.000000,57.698101,20.499701,-14.700500,0.047771,-0.013570,0.015998,-15.666301,-52.738201,18.801300,-93.396698,0.129960,17.611099,-0.156014,-0.509441,-0.673476,0.512405,-477.290863,1512.618652,-4479.623047,-468.281433,1432.282227,-4488.799805,-463.792114,1556.857788,-4505.611328,-496.145203,1462.517700,-4442.027832,-480.944824,1598.817261,-4482.051758,-468.230011,1432.230835,-4488.425781,-463.976135,1556.367798,-4506.051270,-496.102020,1462.543091,-4442.456543,-480.875000,1599.336060,-4481.552734,2616.313965,1567.773804,-3159.781250,,,,,,,,,,,,,,,,,,,,,,,,,,,,,,,,,
3220,32.200000,0.000000,0.000000,0.000000,1.000000,0.000000,0.000000,0.000000,57.698101,20.499701,-14.700500,0.047771,-0.013570,0.015998,-15.666301,-52.738201,18.801300,-93.396698,0.129960,17.611099,-0.158125,-0.508833,-0.672017,0.514275,-478.280884,1512.606323,-4478.745605,-469.190125,1432.264404,-4487.794922,-465.008118,1556.809204,-4504.911133,-496.831635,1462.558716,-4440.928711,-482.093750,1598.792969,-4481.346680,-469.508636,1432.261963,-4487.681641,-464.720581,1556.819824,-4504.735352,-496.539612,1462.467285,-4441.094727,-482.345703,1598.872314,-4481.468262,2616.300537,1567.747070,-3159.767334,,,,,,,,,,,,,,,,,,,,,,,,,,,,,,,,,
3221,32.210000,0.000000,0.000000,0.000000,1.000000,0.000000,0.000000,0.000000,57.698101,20.499701,-14.700500,0.047771,-0.013570,0.015998,-15.666301,-52.738201,18.801300,-93.396698,0.129960,17.611099,-0.155257,-0.510049,-0.674295,0.510951,-479.546143,1512.688354,-4477.884277,-470.653320,1432.338623,-4487.058594,-465.878357,1556.911377,-4503.812012,-498.619415,1462.609619,-4440.370117,-483.033539,1598.894409,-4480.296387,-471.059906,1432.187744,-4486.954590,-465.458099,1557.125122,-4503.568359,-498.252106,1462.691650,-4440.562500,-483.390167,1598.762085,-4480.433105,2616.303711,1567.737427,-3159.760254,,,,,,,,,,,,,,,,,,,,,,,,,,,,,,,,,
3222,32.220000,0.000000,0.000000,0.000000,1.000000,0.000000,0.000000,0.000000,57.698101,20.499701,-14.700500,0.047771,-0.013570,0.015998,-15.666301,-52.738201,18.801300,-93.396698,0.129960,17.611099,-0.151042,-0.512789,-0.674111,0.509715,-480.988007,1512.828613,-4477.063965,-471.711700,1432.512573,-4486.153809,-467.232208,1557.102905,-4502.857422,-500.239777,1462.677979,-4439.737793,-484.768433,1599.021362,-4479.507812,-471.818420,1432.389160,-4485.848633,-467.192993,1556.930420,-4503.045410,-500.085663,1462.639526,-4440.087402,-484.858612,1599.391724,-4479.256836,2616.279297,1567.702026,-3159.765381,,,,,,,,,,,,,,,,,,,,,,,,,,,,,,,,,
3223,32.230000,0.000000,0.000000,0.000000,1.000000,0.000000,0.000000,0.000000,57.698101,20.499701,-14.700500,0.047771,-0.013570,0.015998,-15.666301,-52.738201,18.801300,-93.396698,0.129960,17.611099,-0.148182,-0.515697,-0.672215,0.510123,-482.161072,1512.761353,-4476.178711,-472.327179,1432.480103,-4484.985352,-468.533478,1557.048950,-4502.017090,-501.314819,1462.595337,-4438.822754,-486.468903,1598.921265,-4478.889648,-472.196167,1432.687500,-4484.608398,-468.918701,1556.824341,-4502.317383,-501.364960,1462.487305,-4439.170410,-486.188934,1599.037476,-4478.622559,2616.260254,1567.738403,-3159.776367,,,,,,,,,,,,,,,,,,,,,,,,,,,,,,,,,
3224,32.240000,0.000000,0.000000,0.000000,1.000000,0.000000,0.000000,0.000000,57.698101,20.499701,-14.700500,0.047771,-0.013570,0.015998,-15.666301,-52.738201,18.801300,-93.396698,0.129960,17.611099,-0.149661,-0.514468,-0.672218,0.510927,-483.475067,1512.541870,-4475.279297,-473.742249,1432.256104,-4484.157227,-469.916809,1556.828369,-4501.155762,-502.517273,1462.376953,-4437.864746,-487.723938,1598.706421,-4477.939453,-473.487244,1432.570557,-4483.690430,-470.550201,1556.643799,-4501.476074,-502.628937,1462.396240,-4438.310059,-487.252472,1598.561279,-4477.610840,2616.282959,1567.754395,-3159.779541,,,,,,,,,,,,,,,,,,,,,,,,,,,,,,,,,
3225,32.250000,0.000000,0.000000,0.000000,1.000000,0.000000,0.000000,0.000000,57.698101,20.499701,-14.700500,0.047771,-0.013570,0.015998,-15.666301,-52.738201,18.801300,-93.396698,0.129960,17.611099,-0.153187,-0.511888,-0.672370,0.512272,-484.712585,1512.396851,-4474.282227,-475.278320,1432.088501,-4483.277344,-471.258667,1556.657227,-4500.257324,-503.565918,1462.267944,-4436.723633,-488.747589,1598.573853,-4476.870117,-475.433289,1432.135498,-4483.129883,-471.217651,1556.715332,-4500.176270,-503.348877,1462.505981,-4437.022949,-488.830200,1598.227783,-4476.851562,2616.277588,1567.750732,-3159.781982,,,,,,,,,,,,,,,,,,,,,,,,,,,,,,,,,
3226,32.260000,0.000000,0.000000,0.000000,1.000000,0.000000,0.000000,0.000000,57.698101,20.499701,-14.700500,0.047771,-0.013570,0.015998,-15.666301,-52.738201,18.801300,-93.396698,0.129960,17.611099,-0.151678,-0.512517,-0.673716,0.510320,-485.715363,1512.408569,-4473.194824,-476.417145,1432.092407,-4482.261230,-472.029449,1556.676514,-4499.035156,-504.872742,1462.267578,-4435.806641,-489.542175,1598.598267,-4475.674805,-476.792297,1431.992798,-4482.192383,-471.629242,1556.911987,-4498.807129,-504.520233,1462.486816,-4435.989746,-489.922119,1598.230469,-4475.788086,2616.305420,1567.744141,-3159.761475,,,,,,,,,,,,,,,,,,,,,,,,,,,,,,,,,
3227,32.270000,0.000000,0.000000,0.000000,1.000000,0.000000,0.000000,0.000000,57.698101,20.499701,-14.700500,0.047771,-0.013570,0.015998,-15.666301,-52.738201,18.801300,-93.396698,0.129960,17.611099,-0.149327,-0.513646,-0.673991,0.509515,-486.923981,1512.245117,-4472.133789,-477.466888,1431.950195,-4481.224609,-473.164642,1556.555664,-4497.862305,-506.206940,1462.043091,-4434.892578,-490.857574,1598.431641,-4474.555176,-477.491394,1431.982544,-4480.949707,-473.280334,1556.604370,-4497.998047,-506.130829,1462.166748,-4435.227539,-490.779602,1598.230835,-4474.369141,2616.285889,1567.731323,-3159.759521,,,,,,,,,,,,,,,,,,,,,,,,,,,,,,,,,
3228,32.280000,0.000000,0.000000,0.000000,1.000000,0.000000,0.000000,0.000000,57.698101,20.499701,-14.700500,0.047771,-0.013570,0.015998,-15.666301,-52.738201,18.801300,-93.396698,0.129960,17.611099,-0.150590,-0.511807,-0.674670,0.510096,-488.185669,1512.116089,-4470.964355,-478.906128,1431.823730,-4480.258301,-474.450562,1556.455566,-4496.655762,-507.409027,1461.870972,-4433.750488,-491.977081,1598.314209,-4473.192871,-478.785156,1431.815186,-4480.001465,-474.825378,1556.427002,-4496.770996,-507.434082,1461.994873,-4434.090820,-491.717224,1598.230469,-4473.017090,2616.326416,1567.748169,-3159.765625,,,,,,,,,,,,,,,,,,,,,,,,,,,,,,,,,
3229,32.290000,0.000000,0.000000,0.000000,1.000000,0.000000,0.000000,0.000000,57.698101,20.499701,-14.700500,0.047771,-0.013570,0.015998,-15.666301,-52.738201,18.801300,-93.396698,0.129960,17.611099,-0.147712,-0.514810,-0.674194,0.508542,-489.523132,1511.998657,-4469.909180,-479.986847,1431.708496,-4478.957520,-475.671753,1556.315918,-4495.576660,-508.946167,1461.787476,-4432.753418,-493.487946,1598.183105,-4472.348633,-479.814850,1431.837891,-4478.606445,-476.128998,1556.246460,-4495.842285,-509.019836,1461.850708,-4433.126953,-493.146667,1598.052612,-4472.068359,2616.308105,1567.728516,-3159.761475,,,,,,,,,,,,,,,,,,,,,,,,,,,,,,,,,
3230,32.300000,0.000000,0.000000,0.000000,1.000000,0.000000,0.000000,0.000000,57.698101,20.499701,-14.700500,0.047771,-0.013570,0.015998,-15.666301,-52.738201,18.801300,-93.396698,0.129960,17.611099,-0.152034,-0.510631,-0.675013,0.510391,-490.695618,1511.869629,-4468.767578,-481.590546,1431.566162,-4478.136719,-476.967499,1556.198975,-4494.480469,-509.883942,1461.638306,-4431.517090,-494.340637,1598.075684,-4470.936035,-481.829803,1431.408203,-4478.049805,-476.749054,1556.188965,-4494.364258,-509.586395,1461.909790,-4431.769043,-494.585815,1598.005249,-4470.922363,2616.310547,1567.711792,-3159.774658,,,,,,,,,,,,,,,,,,,,,,,,,,,,,,,,,
3231,32.310000,0.000000,0.000000,0.000000,1.000000,0.000000,0.000000,0.000000,57.698101,20.499701,-14.700500,0.047771,-0.013570,0.015998,-15.666301,-52.738201,18.801300,-93.396698,0.129960,17.611099,-0.149692,-0.511959,-0.676000,0.508444,-491.885986,1511.812744,-4467.446289,-482.784637,1431.510986,-4476.834961,-477.945984,1556.156250,-4493.020020,-511.369537,1461.559937,-4430.378418,-495.443939,1598.023804,-4469.551758,-483.110840,1431.360840,-4476.850098,-477.582916,1556.223267,-4492.679688,-511.017792,1461.811157,-4430.530762,-495.791260,1597.871460,-4469.711426,2616.295166,1567.769043,-3159.774902,,,,,,,,,,,,,,,,,,,,,,,,,,,,,,,,,
3232,32.320000,0.000000,0.000000,0.000000,1.000000,0.000000,0.000000,0.000000,57.698101,20.499701,-14.700500,0.047771,-0.013570,0.015998,-15.666301,-52.738201,18.801300,-93.396698,0.129960,17.611099,-0.145874,-0.515091,-0.676529,0.505679,-493.252991,1511.720093,-4466.303223,-484.000122,1431.417725,-4475.536621,-479.049194,1556.055420,-4491.746094,-513.126892,1461.479614,-4429.426758,-496.835846,1597.927734,-4468.503906,-483.939758,1431.552490,-4475.294922,-479.263641,1555.955688,-4491.902344,-513.138306,1461.434692,-4429.661621,-496.675720,1597.939697,-4468.352539,2616.298584,1567.756104,-3159.790527,,,,,,,,,,,,,,,,,,,,,,,,,,,,,,,,,
3233,32.330000,0.000000,0.000000,0.000000,1.000000,0.000000,0.000000,0.000000,57.698101,20.499701,-14.700500,0.047771,-0.013570,0.015998,-15.666301,-52.738201,18.801300,-93.396698,0.129960,17.611099,-0.147683,-0.513514,-0.675825,0.507694,-494.777435,1511.557007,-4465.183594,-485.493713,1431.266479,-4474.489258,-480.784241,1555.912354,-4490.708496,-514.361755,1461.288452,-4428.190918,-498.470184,1597.760864,-4467.347168,-485.414886,1431.422729,-4474.143066,-481.051880,1555.679932,-4491.017090,-514.364807,1461.307373,-4428.552734,-498.296234,1597.803955,-4467.039062,2616.304932,1567.734741,-3159.785889,,,,,,,,,,,,,,,,,,,,,,,,,,,,,,,,,
3234,32.340000,0.000000,0.000000,0.000000,1.000000,0.000000,0.000000,0.000000,57.698101,20.499701,-14.700500,0.047771,-0.013570,0.015998,-15.666301,-52.738201,18.801300,-93.396698,0.129960,17.611099,-0.150089,-0.510531,-0.676856,0.508622,-496.155151,1511.454346,-4463.812988,-487.189453,1431.162720,-4473.416016,-482.199127,1555.840210,-4489.304688,-515.641357,1461.139038,-4426.831055,-499.590759,1597.675415,-4465.699707,-487.246826,1431.248169,-4473.108398,-482.333527,1555.746094,-4489.360840,-515.531555,1460.989502,-4427.176270,-499.497742,1597.822388,-4465.624023,2616.299072,1567.735962,-3159.783447,,,,,,,,,,,,,,,,,,,,,,,,,,,,,,,,,
3235,32.350000,0.000000,0.000000,0.000000,1.000000,0.000000,0.000000,0.000000,57.698101,20.499701,-14.700500,0.047771,-0.013570,0.015998,-15.666301,-52.738201,18.801300,-93.396698,0.129960,17.611099,-0.150795,-0.510302,-0.677748,0.507454,-497.357330,1511.535889,-4462.470215,-488.652313,1431.216797,-4472.083008,-483.248962,1555.879761,-4487.951172,-517.018433,1461.279297,-4425.501465,-500.509735,1597.768066,-4464.344727,-489.011169,1431.200439,-4471.923340,-482.898438,1555.924561,-4487.865723,-516.686157,1461.320068,-4425.729492,-500.821960,1597.701172,-4464.364258,2616.294678,1567.733643,-3159.790527,,,,,,,,,,,,,,,,,,,,,,,,,,,,,,,,,
3236,32.360000,0.000000,0.000000,0.000000,1.000000,0.000000,0.000000,0.000000,57.698101,20.499701,-14.700500,0.047771,-0.013570,0.015998,-15.666301,-52.738201,18.801300,-93.396698,0.129960,17.611099,-0.146690,-0.512046,-0.679371,0.504724,-499.179413,1511.364014,-4461.378906,-490.422546,1431.064819,-4471.110840,-484.774078,1555.765625,-4486.591797,-519.262756,1461.022827,-4424.753906,-502.258484,1597.602783,-4463.059570,-490.446472,1431.164062,-4470.860840,-484.853180,1555.690674,-4486.753418,-519.213867,1460.963257,-4424.995605,-502.204193,1597.640259,-4462.907715,2616.266113,1567.739868,-3159.811035,,,,,,,,,,,,,,,,,,,,,,,,,,,,,,,,,
3237,32.370000,0.000000,0.000000,0.000000,1.000000,0.000000,0.000000,0.000000,57.698101,20.499701,-14.700500,0.047771,-0.013570,0.015998,-15.666301,-52.738201,18.801300,-93.396698,0.129960,17.611099,-0.145065,-0.514394,-0.677230,0.505682,-500.612549,1511.539795,-4459.848633,-491.360229,1431.259888,-4469.275391,-486.390442,1555.937134,-4485.172852,-520.511963,1461.209595,-4423.107910,-504.187714,1597.752930,-4461.837402,-491.252258,1431.502075,-4468.922852,-486.673767,1555.523926,-4485.590820,-520.559387,1461.054077,-4423.412598,-503.989044,1598.048706,-4461.488770,2616.301514,1567.734375,-3159.798828,,,,,,,,,,,,,,,,,,,,,,,,,,,,,,,,,
3238,32.380000,0.000000,0.000000,0.000000,1.000000,0.000000,0.000000,0.000000,57.698101,20.499701,-14.700500,0.047771,-0.013570,0.015998,-15.666301,-52.738201,18.801300,-93.396698,0.129960,17.611099,-0.151180,-0.509707,-0.677846,0.507807,-502.472626,1511.158081,-4458.907227,-493.797119,1430.843384,-4468.582520,-488.392853,1555.515015,-4484.381348,-522.089539,1460.882324,-4421.940918,-505.611115,1597.392090,-4460.723633,-493.750549,1430.935669,-4468.258789,-488.683502,1555.307861,-4484.508789,-522.010193,1461.085571,-4422.452637,-505.448212,1597.328735,-4460.493164,2616.304932,1567.723999,-3159.786133,,,,,,,,,,,,,,,,,,,,,,,,,,,,,,,,,
3239,32.390000,0.000000,0.000000,0.000000,1.000000,0.000000,0.000000,0.000000,57.698101,20.499701,-14.700500,0.047771,-0.013570,0.015998,-15.666301,-52.738201,18.801300,-93.396698,0.129960,17.611099,-0.148187,-0.511317,-0.679590,0.504731,-503.829590,1511.355103,-4457.539551,-495.256317,1431.036133,-4467.271484,-489.405792,1555.720947,-4482.804688,-523.911987,1461.064087,-4420.845215,-506.744385,1597.599243,-4459.237305,-495.736603,1430.756714,-4467.395020,-488.710297,1555.799316,-4482.359863,-523.520142,1461.196167,-4420.858398,-507.337799,1597.667847,-4459.504883,2616.344482,1567.723389,-3159.780518,,,,,,,,,,,,,,,,,,,,,,,,,,,,,,,,,
3240,32.400000,0.000000,0.000000,0.000000,1.000000,0.000000,0.000000,0.000000,57.698101,20.499701,-14.700500,0.047771,-0.013570,0.015998,-15.666301,-52.738201,18.801300,-93.396698,0.129960,17.611099,-0.145757,-0.514061,-0.678491,0.504129,-505.565521,1511.106567,-4456.411621,-496.642944,1430.794189,-4465.880859,-491.140137,1555.459106,-4481.699707,-525.700928,1460.838135,-4419.715332,-508.778229,1597.335083,-4458.351074,-496.778198,1430.828857,-4465.754883,-491.064819,1555.325684,-4481.666992,-525.541870,1460.811035,-4419.901855,-508.870361,1597.460083,-4458.333984,2616.335938,1567.741455,-3159.783936,,,,,,,,,,,,,,,,,,,,,,,,,,,,,,,,,
3241,32.410000,0.000000,0.000000,0.000000,1.000000,0.000000,0.000000,0.000000,57.698101,20.499701,-14.700500,0.047771,-0.013570,0.015998,-15.666301,-52.738201,18.801300,-93.396698,0.129960,17.611099,-0.142768,-0.515281,-0.679423,0.502482,-507.444397,1510.925415,-4455.425293,-498.432465,1430.632812,-4464.976562,-492.847534,1555.327881,-4480.526367,-527.832275,1460.584595,-4418.968262,-510.665405,1597.156616,-4457.229492,-498.365143,1430.740112,-4464.779785,-493.274475,1555.285156,-4480.392578,-527.812561,1460.518921,-4419.233398,-510.365906,1597.150146,-4457.288086,2616.287354,1567.774170,-3159.795166,,,,,,,,,,,,,,,,,,,,,,,,,,,,,,,,,
3242,32.420000,0.000000,0.000000,0.000000,1.000000,0.000000,0.000000,0.000000,57.698101,20.499701,-14.700500,0.047771,-0.013570,0.015998,-15.666301,-52.738201,18.801300,-93.396698,0.129960,17.611099,-0.148615,-0.511236,-0.678547,0.506088,-508.869293,1510.906738,-4454.159668,-500.123383,1430.599243,-4463.833008,-494.613281,1555.282593,-4479.502441,-528.742432,1460.603394,-4417.368652,-511.998108,1597.141846,-4455.935059,-500.388916,1430.524902,-4463.884277,-494.321686,1555.205566,-4479.160156,-528.432861,1460.844238,-4417.490723,-512.291504,1597.063232,-4456.088379,2616.274902,1567.785278,-3159.809570,,,,,,,,,,,,,,,,,,,,,,,,,,,,,,,,,
3243,32.430000,0.000000,0.000000,0.000000,1.000000,0.000000,0.000000,0.000000,57.698101,20.499701,-14.700500,0.047771,-0.013570,0.015998,-15.666301,-52.738201,18.801300,-93.396698,0.129960,17.611099,-0.152890,-0.505956,-0.680718,0.507205,-510.258209,1510.806152,-4452.735840,-502.159760,1430.496582,-4462.939941,-496.002808,1555.224121,-4478.005371,-530.036621,1460.435913,-4415.985352,-512.833740,1597.068604,-4454.013184,-502.291748,1430.370483,-4462.816895,-495.911530,1555.248779,-4478.011230,-529.842102,1460.731445,-4416.243652,-512.973450,1596.910767,-4453.907227,2616.281250,1567.741211,-3159.791504,,,,,,,,,,,,,,,,,,,,,,,,,,,,,,,,,
3244,32.440000,0.000000,0.000000,0.000000,1.000000,0.000000,0.000000,0.000000,57.698101,20.499701,-14.700500,0.047771,-0.013570,0.015998,-15.666301,-52.738201,18.801300,-93.396698,0.129960,17.611099,-0.143062,-0.512530,-0.682601,0.500902,-511.914429,1510.691528,-4451.697266,-503.424896,1430.404175,-4461.757812,-497.047607,1555.155762,-4476.529297,-532.603455,1460.255249,-4415.542969,-514.581909,1596.951294,-4452.959473,-503.306732,1430.669067,-4461.351562,-497.419708,1555.108398,-4476.787598,-532.646851,1460.191406,-4415.895996,-514.283630,1596.817993,-4452.728516,2616.320557,1567.722778,-3159.767822,,,,,,,,,,,,,,,,,,,,,,,,,,,,,,,,,
3245,32.450000,0.000000,0.000000,0.000000,1.000000,0.000000,0.000000,0.000000,57.698101,20.499701,-14.700500,0.047771,-0.013570,0.015998,-15.666301,-52.738201,18.801300,-93.396698,0.129960,17.611099,-0.149028,-0.508127,-0.681401,0.505262,-513.585693,1510.577637,-4450.777344,-505.289856,1430.288940,-4460.987793,-499.142517,1555.040039,-4475.861328,-533.654785,1460.143921,-4414.271973,-516.255615,1596.838013,-4451.988770,-505.255219,1430.509766,-4460.764648,-499.323120,1554.833130,-4475.978027,-533.612793,1460.291504,-4414.574219,-516.153015,1596.690308,-4451.805176,2616.293701,1567.740723,-3159.767090,,,,,,,,,,,,,,,,,,,,,,,,,,,,,,,,,
3246,32.460000,0.000000,0.000000,0.000000,1.000000,0.000000,0.000000,0.000000,57.698101,20.499701,-14.700500,0.047771,-0.013570,0.015998,-15.666301,-52.738201,18.801300,-93.396698,0.129960,17.611099,-0.157028,-0.502307,-0.680452,0.509917,-515.214294,1510.454956,-4449.873047,-507.348907,1430.148315,-4460.280762,-501.207397,1554.887695,-4475.254883,-534.612244,1460.062012,-4412.951172,-517.688843,1596.722290,-4451.004883,-507.411316,1430.271973,-4460.086914,-501.248291,1554.788574,-4475.300293,-534.509155,1460.116089,-4413.206055,-517.682373,1596.661255,-4450.912598,2616.318359,1567.750122,-3159.765869,,,,,,,,,,,,,,,,,,,,,,,,,,,,,,,,,
3247,32.470000,0.000000,0.000000,0.000000,1.000000,0.000000,0.000000,0.000000,57.698101,20.499701,-14.700500,0.047771,-0.013570,0.015998,-15.666301,-52.738201,18.801300,-93.396698,0.129960,17.611099,-0.153977,-0.503874,-0.683526,0.505167,-516.562439,1510.619263,-4448.675781,-509.062225,1430.293213,-4459.201660,-501.997040,1555.030640,-4473.779297,-536.687012,1460.251099,-4412.110352,-518.503662,1596.902588,-4449.610840,-509.356842,1430.215942,-4458.961914,-501.735199,1555.139526,-4473.831543,-536.424133,1460.252563,-4412.369629,-518.729553,1596.866211,-4449.541992,2616.281982,1567.730835,-3159.765381,,,,,,,,,,,,,,,,,,,,,,,,,,,,,,,,,
3248,32.480000,0.000000,0.000000,0.000000,1.000000,0.000000,0.000000,0.000000,57.698101,20.499701,-14.700500,0.047771,-0.013570,0.015998,-15.666301,-52.738201,18.801300,-93.396698,0.129960,17.611099,-0.149281,-0.507411,-0.683981,0.502414,-518.431152,1510.462036,-4447.968750,-510.667389,1430.143066,-4458.358398,-503.613831,1554.884888,-4472.904297,-538.945557,1460.078857,-4411.641602,-520.497864,1596.741699,-4448.971191,-510.775970,1430.178101,-4458.096191,-503.668671,1554.903198,-4472.910645,-538.799866,1460.022095,-4411.948730,-520.469177,1596.739380,-4448.937500,2616.306152,1567.713989,-3159.766357,,,,,,,,,,,,,,,,,,,,,,,,,,,,,,,,,
3249,32.490000,0.000000,0.000000,0.000000,1.000000,0.000000,0.000000,0.000000,57.698101,20.499701,-14.700500,0.047771,-0.013570,0.015998,-15.666301,-52.738201,18.801300,-93.396698,0.129960,17.611099,-0.151410,-0.508159,-0.681141,0.504873,-519.929199,1510.548096,-4446.971680,-511.877777,1430.208862,-4456.978516,-505.440002,1554.900391,-4472.223633,-540.027161,1460.271973,-4410.265625,-522.371887,1596.811523,-4448.419922,-511.814423,1430.458374,-4456.702637,-505.659119,1554.719360,-4472.409180,-540.028442,1460.281128,-4410.536133,-522.221008,1596.747559,-4448.225586,2616.268799,1567.703369,-3159.765625,,,,,,,,,,,,,,,,,,,,,,,,,,,,,,,,,
3250,32.500000,0.000000,0.000000,0.000000,1.000000,0.000000,0.000000,0.000000,57.698101,20.499701,-14.700500,0.047771,-0.013570,0.015998,-15.666301,-52.738201,18.801300,-93.396698,0.129960,17.611099,-0.156518,-0.504256,-0.682152,0.505862,-521.768494,1510.488159,-4446.254883,-514.320312,1430.117188,-4456.470703,-507.304779,1554.790527,-4471.608398,-541.743652,1460.278442,-4409.391113,-523.705505,1596.766846,-4447.549316,-514.093933,1430.237427,-4456.069336,-507.895599,1554.475708,-4471.999023,-541.837402,1460.314453,-4409.818848,-523.320251,1596.880005,-4447.164062,2616.271729,1567.754639,-3159.770996,,,,,,,,,,,,,,,,,,,,,,,,,,,,,,,,,
3251,32.510000,0.000000,0.000000,0.000000,1.000000,0.000000,0.000000,0.000000,57.698101,20.499701,-14.700500,0.047771,-0.013570,0.015998,-15.666301,-52.738201,18.801300,-93.396698,0.129960,17.611099,-0.159396,-0.502295,-0.681595,0.507662,-523.116760,1510.560791,-4445.261230,-515.789307,1430.183594,-4455.516113,-508.831787,1554.849976,-4470.738770,-542.824951,1460.369507,-4408.228516,-525.021118,1596.840088,-4446.560547,-515.940125,1430.046387,-4455.414062,-508.709259,1554.809448,-4470.710938,-542.583374,1460.752441,-4408.519531,-525.205139,1596.705566,-4446.452637,2616.297363,1567.744019,-3159.758789,,,,,,,,,,,,,,,,,,,,,,,,,,,,,,,,,
3252,32.520000,0.000000,0.000000,0.000000,1.000000,0.000000,0.000000,0.000000,57.698101,20.499701,-14.700500,0.047771,-0.013570,0.015998,-15.666301,-52.738201,18.801300,-93.396698,0.129960,17.611099,-0.152867,-0.508072,-0.681916,0.503472,-524.590210,1510.781128,-4444.245605,-516.880310,1430.399048,-4454.175781,-509.925415,1555.047241,-4469.547363,-544.883789,1460.626099,-4407.481445,-526.671265,1597.052612,-4445.778320,-517.125610,1430.368652,-4454.078613,-509.652557,1555.066406,-4469.497070,-544.662842,1460.650879,-4407.620117,-526.912048,1597.039429,-4445.784668,2616.269775,1567.719116,-3159.755859,,,,,,,,,,,,,,,,,,,,,,,,,,,,,,,,,
3253,32.530000,0.000000,0.000000,0.000000,1.000000,0.000000,0.000000,0.000000,57.698101,20.499701,-14.700500,0.047771,-0.013570,0.015998,-15.666301,-52.738201,18.801300,-93.396698,0.129960,17.611099,-0.150572,-0.511113,-0.681639,0.501457,-526.317200,1510.709595,-4443.512207,-518.463806,1430.306885,-4453.159180,-511.481171,1554.918213,-4468.814941,-546.870789,1460.638916,-4406.777832,-528.453186,1596.974854,-4445.298340,-518.329712,1430.574341,-4452.803223,-511.808868,1554.817261,-4469.122070,-546.935608,1460.591675,-4407.065918,-528.194763,1596.872314,-4445.032227,2616.265869,1567.740845,-3159.776855,,,,,,,,,,,,,,,,,,,,,,,,,,,,,,,,,
3254,32.540000,0.000000,0.000000,0.000000,1.000000,0.000000,0.000000,0.000000,57.698101,20.499701,-14.700500,0.047771,-0.013570,0.015998,-15.666301,-52.738201,18.801300,-93.396698,0.129960,17.611099,-0.154656,-0.508408,-0.681918,0.502584,-528.025757,1510.780884,-4442.710449,-520.563110,1430.351685,-4452.445801,-513.261902,1554.939697,-4468.141602,-548.421875,1460.778564,-4405.794922,-529.856201,1597.053955,-4444.458984,-520.590637,1430.427246,-4452.154297,-513.465820,1554.804199,-4468.150391,-548.312500,1460.714722,-4406.174316,-529.730957,1597.169434,-4444.390137,2616.324463,1567.732544,-3159.769775,,,,,,,,,,,,,,,,,,,,,,,,,,,,,,,,,
3255,32.550000,0.000000,0.000000,0.000000,1.000000,0.000000,0.000000,0.000000,57.698101,20.499701,-14.700500,0.047771,-0.013570,0.015998,-15.666301,-52.738201,18.801300,-93.396698,0.129960,17.611099,-0.158625,-0.506193,-0.681115,0.504667,-529.596191,1510.840698,-4441.849121,-522.317200,1430.392334,-4451.567383,-515.040527,1554.954590,-4467.477539,-549.675232,1460.902344,-4404.674316,-531.352051,1597.113647,-4443.677734,-522.465088,1430.421509,-4451.354492,-514.977478,1554.727783,-4467.499023,-549.469116,1460.939331,-4404.998535,-531.455444,1597.275269,-4443.571289,2616.287598,1567.689331,-3159.772949,,,,,,,,,,,,,,,,,,,,,,,,,,,,,,,,,
3256,32.560000,0.000000,0.000000,0.000000,1.000000,0.000000,0.000000,0.000000,57.698101,20.499701,-14.700500,0.047771,-0.013570,0.015998,-15.666301,-52.738201,18.801300,-93.396698,0.129960,17.611099,-0.159705,-0.505791,-0.681800,0.503804,-531.218079,1510.983154,-4440.965332,-524.195007,1430.511597,-4450.678711,-516.546387,1555.048828,-4466.609863,-551.421936,1461.111450,-4403.768555,-532.708984,1597.260864,-4442.803223,-524.520874,1430.281494,-4450.581543,-516.194031,1555.006226,-4466.501953,-551.127747,1461.137939,-4403.940918,-533.054260,1597.505615,-4442.829102,2616.327148,1567.779419,-3159.777832,,,,,,,,,,,,,,,,,,,,,,,,,,,,,,,,,
3257,32.570000,0.000000,0.000000,0.000000,1.000000,0.000000,0.000000,0.000000,57.698101,20.499701,-14.700500,0.047771,-0.013570,0.015998,-15.666301,-52.738201,18.801300,-93.396698,0.129960,17.611099,-0.151498,-0.513680,-0.680691,0.499840,-532.516968,1511.054932,-4439.865234,-524.753113,1430.585571,-4449.017578,-517.549866,1555.092529,-4465.386719,-553.240540,1461.230347,-4402.891602,-534.524414,1597.311035,-4442.164062,-524.785889,1430.851440,-4448.650391,-517.723877,1555.210938,-4465.526855,-553.197937,1461.085083,-4403.189453,-534.354065,1597.088379,-4442.062500,2616.278809,1567.751587,-3159.792969,,,,,,,,,,,,,,,,,,,,,,,,,,,,,,,,,
3258,32.580000,0.000000,0.000000,0.000000,1.000000,0.000000,0.000000,0.000000,57.698101,20.499701,-14.700500,0.047771,-0.013570,0.015998,-15.666301,-52.738201,18.801300,-93.396698,0.129960,17.611099,-0.153855,-0.511023,-0.682204,0.499782,-534.252441,1511.036377,-4439.069336,-526.925964,1430.556763,-4448.487305,-519.209534,1555.073242,-4464.548340,-555.018555,1461.208374,-4402.124512,-535.855896,1597.307373,-4441.116699,-526.833130,1430.650146,-4448.109375,-519.596252,1555.116089,-4464.737305,-555.034729,1461.148438,-4402.497559,-535.559265,1597.234131,-4440.936523,2616.303711,1567.747314,-3159.788330,,,,,,,,,,,,,,,,,,,,,,,,,,,,,,,,,
3259,32.590000,0.000000,0.000000,0.000000,1.000000,0.000000,0.000000,0.000000,57.698101,20.499701,-14.700500,0.047771,-0.013570,0.015998,-15.666301,-52.738201,18.801300,-93.396698,0.129960,17.611099,-0.159657,-0.508142,-0.681153,0.502326,-536.233154,1511.117920,-4438.285645,-529.220093,1430.601562,-4447.628418,-521.440918,1555.065186,-4464.064453,-556.603760,1461.417480,-4400.951172,-537.667786,1597.387817,-4440.499023,-529.183838,1430.660278,-4447.376953,-521.671753,1555.017700,-4464.146484,-556.561096,1461.499390,-4401.284180,-537.516785,1597.301392,-4440.360352,2616.306885,1567.737915,-3159.788330,,,,,,,,,,,,,,,,,,,,,,,,,,,,,,,,,
3260,32.600000,0.000000,0.000000,0.000000,1.000000,0.000000,0.000000,0.000000,57.698101,20.499701,-14.700500,0.047771,-0.013570,0.015998,-15.666301,-52.738201,18.801300,-93.396698,0.129960,17.611099,-0.164711,-0.505899,-0.679179,0.505622,-537.617798,1511.344482,-4437.242676,-530.676331,1430.804810,-4446.437012,-523.193115,1555.223633,-4463.343750,-557.465210,1461.743164,-4399.496582,-539.136658,1597.606445,-4439.692871,-530.611023,1430.806763,-4446.234863,-523.420044,1555.081909,-4463.442871,-557.422607,1462.040405,-4399.874512,-539.018005,1597.484741,-4439.475586,2616.306396,1567.699463,-3159.781494,,,,,,,,,,,,,,,,,,,,,,,,,,,,,,,,,
3261,32.610000,0.000000,0.000000,0.000000,1.000000,0.000000,0.000000,0.000000,57.698101,20.499701,-14.700500,0.047771,-0.013570,0.015998,-15.666301,-52.738201,18.801300,-93.396698,0.129960,17.611099,-0.154639,-0.512166,-0.682061,0.498564,-539.343140,1511.452515,-4436.504883,-532.163208,1430.932007,-4445.683105,-524.181152,1555.386597,-4462.090332,-560.254211,1461.771606,-4399.444336,-540.773987,1597.720215,-4438.801270,-532.453613,1430.903076,-4445.555664,-523.868103,1555.565552,-4462.042480,-560.004944,1461.852051,-4399.606934,-541.049438,1597.486450,-4438.808594,2616.300781,1567.731934,-3159.774902,,,,,,,,,,,,,,,,,,,,,,,,,,,,,,,,,
3262,32.620000,0.000000,0.000000,0.000000,1.000000,0.000000,0.000000,0.000000,57.698101,20.499701,-14.700500,0.047771,-0.013570,0.015998,-15.666301,-52.738201,18.801300,-93.396698,0.129960,17.611099,-0.153629,-0.513592,-0.681932,0.497584,-541.057617,1511.675415,-4435.393066,-533.822021,1431.144287,-4444.433594,-525.810974,1555.578247,-4460.981934,-562.094910,1462.039673,-4398.342773,-542.502502,1597.939453,-4437.813477,-533.786316,1431.419678,-4444.130859,-525.998474,1555.531982,-4461.172852,-562.087708,1462.028320,-4398.611328,-542.350098,1597.743408,-4437.622070,2616.346680,1567.720337,-3159.776367,,,,,,,,,,,,,,,,,,,,,,,,,,,,,,,,,
3263,32.630000,0.000000,0.000000,0.000000,1.000000,0.000000,0.000000,0.000000,57.698101,20.499701,-14.700500,0.047771,-0.013570,0.015998,-15.666301,-52.738201,18.801300,-93.396698,0.129960,17.611099,-0.162812,-0.506754,-0.680676,0.503361,-542.813721,1511.803467,-4434.542480,-536.006653,1431.261719,-4443.817383,-528.122498,1555.687744,-4460.485840,-563.013611,1462.192261,-4396.997070,-544.112183,1598.072510,-4436.870117,-535.897400,1431.317261,-4443.519531,-528.418030,1555.320312,-4460.846680,-563.032349,1462.252930,-4397.340820,-543.947632,1598.274292,-4436.500488,2616.320801,1567.703857,-3159.766357,,,,,,,,,,,,,,,,,,,,,,,,,,,,,,,,,
3264,32.640000,0.000000,0.000000,0.000000,1.000000,0.000000,0.000000,0.000000,57.698101,20.499701,-14.700500,0.047771,-0.013570,0.015998,-15.666301,-52.738201,18.801300,-93.396698,0.129960,17.611099,-0.160333,-0.509332,-0.680473,0.501828,-544.802124,1511.812622,-4433.936035,-537.808167,1431.265137,-4443.020996,-529.982117,1555.673950,-4459.844727,-565.208862,1462.236084,-4396.456543,-546.209473,1598.075562,-4436.421875,-538.072266,1431.369385,-4442.886719,-529.814026,1555.625854,-4459.666016,-564.888428,1462.362793,-4396.749512,-546.398376,1597.913818,-4436.480469,2616.311279,1567.721436,-3159.782471,,,,,,,,,,,,,,,,,,,,,,,,,,,,,,,,,
3265,32.650000,0.000000,0.000000,0.000000,1.000000,0.000000,0.000000,0.000000,57.698101,20.499701,-14.700500,0.047771,-0.013570,0.015998,-15.666301,-52.738201,18.801300,-93.396698,0.129960,17.611099,-0.157766,-0.511806,-0.679690,0.501185,-546.541260,1512.103027,-4433.280273,-539.222656,1431.563232,-4442.175293,-531.701477,1555.967163,-4459.173340,-567.022522,1462.525879,-4395.842773,-548.218567,1598.356201,-4435.930664,-539.777283,1431.456421,-4442.216797,-531.049866,1556.093872,-4458.523438,-566.537659,1462.540161,-4395.949219,-548.753601,1598.339722,-4436.354004,2616.285156,1567.737915,-3159.794922,,,,,,,,,,,,,,,,,,,,,,,,,,,,,,,,,
3266,32.660000,0.000000,0.000000,0.000000,1.000000,0.000000,0.000000,0.000000,57.698101,20.499701,-14.700500,0.047771,-0.013570,0.015998,-15.666301,-52.738201,18.801300,-93.396698,0.129960,17.611099,-0.150931,-0.518572,-0.677826,0.498853,-548.215881,1512.261963,-4432.618652,-540.112549,1431.739502,-4440.973633,-533.257141,1556.113647,-4458.463867,-568.977112,1462.709961,-4395.301758,-550.516785,1598.485229,-4435.734863,-540.418823,1431.925171,-4440.923828,-533.061890,1556.183350,-4458.097168,-568.714417,1462.482910,-4395.385254,-550.664185,1598.460693,-4436.057129,2616.294434,1567.703735,-3159.794189,,,,,,,,,,,,,,,,,,,,,,,,,,,,,,,,,
3267,32.670000,0.000000,0.000000,0.000000,1.000000,0.000000,0.000000,0.000000,57.698101,20.499701,-14.700500,0.047771,-0.013570,0.015998,-15.666301,-52.738201,18.801300,-93.396698,0.129960,17.611099,-0.152517,-0.518164,-0.676796,0.500192,-550.174744,1512.368164,-4432.006836,-542.020325,1431.840454,-4440.259766,-535.373474,1556.191895,-4457.989746,-570.723572,1462.857300,-4394.518555,-552.581848,1598.583496,-4435.259277,-542.314331,1431.985718,-4440.197266,-535.203003,1556.244263,-4457.639160,-570.457336,1462.630005,-4394.621582,-552.715332,1598.610718,-4435.559570,2616.304199,1567.754028,-3159.784912,,,,,,,,,,,,,,,,,,,,,,,,,,,,,,,,,
3268,32.680000,0.000000,0.000000,0.000000,1.000000,0.000000,0.000000,0.000000,57.698101,20.499701,-14.700500,0.047771,-0.013570,0.015998,-15.666301,-52.738201,18.801300,-93.396698,0.129960,17.611099,-0.162298,-0.507687,-0.679367,0.504355,-551.857849,1512.434570,-4431.115723,-544.767395,1431.901001,-4440.247559,-537.314636,1556.324341,-4457.132812,-571.892090,1462.819092,-4393.486816,-553.457336,1598.694336,-4433.594727,-544.635254,1431.864136,-4439.952148,-537.682190,1556.210327,-4457.361328,-571.926270,1462.903320,-4393.839844,-553.210449,1598.756348,-4433.326172,2616.273682,1567.738647,-3159.801758,,,,,,,,,,,,,,,,,,,,,,,,,,,,,,,,,
3269,32.690000,0.000000,0.000000,0.000000,1.000000,0.000000,0.000000,0.000000,57.698101,20.499701,-14.700500,0.047771,-0.013570,0.015998,-15.666301,-52.738201,18.801300,-93.396698,0.129960,17.611099,-0.166337,-0.503661,-0.680911,0.504992,-552.874023,1512.611816,-4430.033203,-546.364929,1432.066162,-4439.486328,-538.315491,1556.495361,-4456.052246,-572.845886,1462.999023,-4392.367676,-553.970032,1598.887207,-4432.225586,-546.086121,1431.963501,-4439.136230,-539.003601,1556.471191,-4456.297852,-572.965576,1463.269165,-4392.844238,-553.503662,1598.745850,-4431.890625,2616.279053,1567.731323,-3159.786621,,,,,,,,,,,,,,,,,,,,,,,,,,,,,,,,,
3270,32.700000,0.000000,0.000000,0.000000,1.000000,0.000000,0.000000,0.000000,57.698101,20.499701,-14.700500,0.047771,-0.013570,0.015998,-15.666301,-52.738201,18.801300,-93.396698,0.129960,17.611099,-0.158859,-0.511124,-0.678616,0.502986,-554.834839,1512.867798,-4429.353516,-547.378479,1432.338013,-4438.224121,-540.204102,1556.745972,-4455.341309,-575.044250,1463.272339,-4391.792480,-556.712646,1599.115234,-4432.057129,-547.672546,1432.435059,-4438.122559,-539.900391,1556.843018,-4455.237793,-574.783936,1463.351685,-4391.950684,-556.995605,1598.823486,-4432.103027,2616.310303,1567.750977,-3159.773682,,,,,,,,,,,,,,,,,,,,,,,,,,,,,,,,,
3271,32.710000,0.000000,0.000000,0.000000,1.000000,0.000000,0.000000,0.000000,57.698101,20.499701,-14.700500,0.047771,-0.013570,0.015998,-15.666301,-52.738201,18.801300,-93.396698,0.129960,17.611099,-0.154110,-0.514729,-0.678804,0.500529,-556.788025,1512.942871,-4428.967773,-549.021118,1432.425781,-4437.685547,-541.938293,1556.839355,-4454.800293,-577.348145,1463.323364,-4391.629883,-558.844604,1599.183594,-4431.756348,-548.936707,1432.808350,-4437.342285,-542.163086,1556.678955,-4455.074219,-577.382080,1463.248657,-4391.885254,-558.666199,1599.091431,-4431.520508,2616.297363,1567.742310,-3159.778076,,,,,,,,,,,,,,,,,,,,,,,,,,,,,,,,,
3272,32.720000,0.000000,0.000000,0.000000,1.000000,0.000000,0.000000,0.000000,57.698101,20.499701,-14.700500,0.047771,-0.013570,0.015998,-15.666301,-52.738201,18.801300,-93.396698,0.129960,17.611099,-0.160485,-0.509315,-0.678368,0.504639,-558.411255,1513.158936,-4428.288086,-550.986084,1432.640625,-4437.289062,-543.942383,1557.069214,-4454.312012,-578.390137,1463.517334,-4390.664551,-560.326416,1599.408691,-4430.885742,-550.924988,1432.871582,-4436.953613,-544.206970,1556.795044,-4454.529297,-578.361633,1463.566772,-4391.053711,-560.167419,1599.397583,-4430.629395,2616.267822,1567.756592,-3159.787109,,,,,,,,,,,,,,,,,,,,,,,,,,,,,,,,,
3273,32.730000,0.000000,0.000000,0.000000,1.000000,0.000000,0.000000,0.000000,57.698101,20.499701,-14.700500,0.047771,-0.013570,0.015998,-15.666301,-52.738201,18.801300,-93.396698,0.129960,17.611099,-0.163397,-0.506735,-0.677844,0.506999,-560.304749,1513.302979,-4427.677246,-552.967407,1432.791382,-4436.809082,-546.071106,1557.232910,-4453.797363,-579.942749,1463.632935,-4389.911621,-562.237854,1599.554932,-4430.189453,-553.093872,1432.876465,-4436.667969,-545.987122,1557.088013,-4453.814941,-579.747986,1463.872192,-4390.204590,-562.366760,1599.414551,-4430.061523,2616.264893,1567.752319,-3159.790527,,,,,,,,,,,,,,,,,,,,,,,,,,,,,,,,,
3274,32.740000,0.000000,0.000000,0.000000,1.000000,0.000000,0.000000,0.000000,57.698101,20.499701,-14.700500,0.047771,-0.013570,0.015998,-15.666301,-52.738201,18.801300,-93.396698,0.129960,17.611099,-0.163302,-0.506586,-0.677902,0.507101,-562.015442,1513.672974,-4427.123047,-554.668823,1433.165894,-4436.287598,-547.790100,1557.614746,-4453.228027,-581.643066,1463.985718,-4389.375000,-563.959717,1599.925659,-4429.601562,-555.016296,1432.919189,-4436.205078,-547.401733,1557.546021,-4453.071777,-581.319336,1464.047485,-4389.559570,-564.342468,1600.177856,-4429.647949,2616.326172,1567.750000,-3159.765869,,,,,,,,,,,,,,,,,,,,,,,,,,,,,,,,,
3275,32.750000,0.000000,0.000000,0.000000,1.000000,0.000000,0.000000,0.000000,57.698101,20.499701,-14.700500,0.047771,-0.013570,0.015998,-15.666301,-52.738201,18.801300,-93.396698,0.129960,17.611099,-0.157476,-0.511152,-0.677624,0.504728,-563.493530,1513.953003,-4426.418457,-555.653687,1433.467651,-4435.362305,-549.077881,1557.923950,-4452.369141,-583.458252,1464.227783,-4388.897949,-565.784424,1600.192749,-4429.043945,-555.921265,1433.240479,-4435.239258,-548.883667,1558.020996,-4452.210449,-583.223389,1464.107056,-4389.046875,-565.969849,1600.435791,-4429.174805,2616.288330,1567.718872,-3159.754395,,,,,,,,,,,,,,,,,,,,,,,,,,,,,,,,,
3276,32.760000,0.000000,0.000000,0.000000,1.000000,0.000000,0.000000,0.000000,57.698101,20.499701,-14.700500,0.047771,-0.013570,0.015998,-15.666301,-52.738201,18.801300,-93.396698,0.129960,17.611099,-0.159093,-0.509565,-0.677371,0.506164,-565.129517,1513.979248,-4425.666992,-557.333801,1433.500610,-4434.709473,-550.854675,1557.969360,-4451.663086,-584.891174,1464.226318,-4388.075195,-567.438416,1600.220703,-4428.218750,-557.338196,1433.458008,-4434.462891,-550.965149,1557.970581,-4451.806641,-584.851440,1464.188843,-4388.322266,-567.361694,1600.295532,-4428.076172,2616.265137,1567.747681,-3159.780273,,,,,,,,,,,,,,,,,,,,,,,,,,,,,,,,,
3277,32.770000,0.000000,0.000000,0.000000,1.000000,0.000000,0.000000,0.000000,57.698101,20.499701,-14.700500,0.047771,-0.013570,0.015998,-15.666301,-52.738201,18.801300,-93.396698,0.129960,17.611099,-0.158513,-0.508755,-0.678050,0.506251,-567.028076,1513.897461,-4425.236816,-559.250549,1433.438965,-4434.472656,-552.740540,1557.946533,-4451.125977,-586.804993,1464.058960,-4387.766602,-569.316467,1600.145386,-4427.581543,-558.976990,1433.534668,-4434.076172,-553.367004,1557.816406,-4451.520996,-586.954102,1464.048340,-4388.133789,-568.854614,1600.177368,-4427.220703,2616.279785,1567.714966,-3159.771240,,,,,,,,,,,,,,,,,,,,,,,,,,,,,,,,,
3278,32.780000,0.000000,0.000000,0.000000,1.000000,0.000000,0.000000,0.000000,57.698101,20.499701,-14.700500,0.047771,-0.013570,0.015998,-15.666301,-52.738201,18.801300,-93.396698,0.129960,17.611099,-0.165418,-0.503759,-0.677577,0.509660,-568.549988,1514.132202,-4424.484375,-561.222900,1433.651001,-4433.887207,-554.577087,1558.141724,-4450.611816,-587.822632,1464.347900,-4386.681152,-570.577393,1600.388672,-4426.756836,-561.120117,1433.573120,-4433.703125,-554.839233,1558.030518,-4450.728027,-587.833862,1464.546021,-4386.975098,-570.421326,1600.389771,-4426.559082,2616.294189,1567.742554,-3159.767334,,,,,,,,,,,,,,,,,,,,,,,,,,,,,,,,,
3279,32.790000,0.000000,0.000000,0.000000,1.000000,0.000000,0.000000,0.000000,57.698101,20.499701,-14.700500,0.047771,-0.013570,0.015998,-15.666301,-52.738201,18.801300,-93.396698,0.129960,17.611099,-0.166301,-0.504550,-0.675570,0.511251,-570.068054,1514.379028,-4423.759277,-562.477905,1433.892212,-4432.902832,-556.322144,1558.347046,-4450.076172,-589.062073,1464.657837,-4385.732910,-572.410156,1600.619141,-4426.325684,-562.660461,1433.886719,-4432.902832,-556.041748,1558.233765,-4450.019043,-588.841675,1464.968140,-4385.866699,-572.706909,1600.442871,-4426.256348,2616.283936,1567.746094,-3159.774414,,,,,,,,,,,,,,,,,,,,,,,,,,,,,,,,,
3280,32.800000,0.000000,0.000000,0.000000,1.000000,0.000000,0.000000,0.000000,57.698101,20.499701,-14.700500,0.047771,-0.013570,0.015998,-15.666301,-52.738201,18.801300,-93.396698,0.129960,17.611099,-0.160723,-0.507155,-0.677294,0.508168,-571.751343,1514.568237,-4423.114746,-563.987732,1434.112427,-4432.384766,-557.667175,1558.619995,-4449.110352,-591.242310,1464.726440,-4385.500000,-574.108276,1600.814209,-4425.463867,-564.217041,1434.161133,-4432.278320,-557.439331,1558.599121,-4449.054199,-591.019348,1464.790283,-4385.672852,-574.322021,1600.725342,-4425.459473,2616.288574,1567.776367,-3159.783691,,,,,,,,,,,,,,,,,,,,,,,,,,,,,,,,,
3281,32.810000,0.000000,0.000000,0.000000,1.000000,0.000000,0.000000,0.000000,57.698101,20.499701,-14.700500,0.047771,-0.013570,0.015998,-15.666301,-52.738201,18.801300,-93.396698,0.129960,17.611099,-0.155024,-0.510713,-0.677615,0.505942,-573.325623,1514.764893,-4422.417480,-565.147278,1434.343140,-4431.625488,-559.044861,1558.882568,-4448.193359,-593.151062,1464.830933,-4385.101074,-575.959473,1601.003296,-4424.750488,-565.000549,1434.715454,-4431.168457,-559.435913,1558.674927,-4448.503906,-593.202209,1464.743286,-4385.474609,-575.667786,1600.969360,-4424.472168,2616.301270,1567.706299,-3159.779053,,,,,,,,,,,,,,,,,,,,,,,,,,,,,,,,,
3282,32.820000,0.000000,0.000000,0.000000,1.000000,0.000000,0.000000,0.000000,57.698101,20.499701,-14.700500,0.047771,-0.013570,0.015998,-15.666301,-52.738201,18.801300,-93.396698,0.129960,17.611099,-0.162520,-0.504852,-0.676250,0.511270,-575.223022,1514.962158,-4421.728516,-567.319458,1434.539062,-4431.162598,-561.472778,1559.083618,-4447.784668,-594.268311,1465.022095,-4384.016113,-577.831604,1601.204224,-4423.950684,-567.128906,1434.520142,-4430.817871,-561.857971,1558.625122,-4448.354980,-594.349792,1465.101685,-4384.371094,-577.605896,1601.543091,-4423.406250,2616.298828,1567.715332,-3159.763184,,,,,,,,,,,,,,,,,,,,,,,,,,,,,,,,,
3283,32.830000,0.000000,0.000000,0.000000,1.000000,0.000000,0.000000,0.000000,57.698101,20.499701,-14.700500,0.047771,-0.013570,0.015998,-15.666301,-52.738201,18.801300,-93.396698,0.129960,17.611099,-0.165307,-0.501850,-0.676453,0.513061,-577.037170,1515.111450,-4420.997559,-569.342224,1434.695068,-4430.659180,-563.441101,1559.263428,-4447.083496,-595.837219,1465.125732,-4383.222656,-579.528076,1601.361816,-4423.025391,-569.229980,1434.515747,-4430.309570,-563.697571,1558.971558,-4447.472168,-595.846375,1465.220093,-4383.625000,-579.379700,1601.761230,-4422.561523,2616.299072,1567.741699,-3159.772217,,,,,,,,,,,,,,,,,,,,,,,,,,,,,,,,,
3284,32.840000,0.000000,0.000000,0.000000,1.000000,0.000000,0.000000,0.000000,57.698101,20.499701,-14.700500,0.047771,-0.013570,0.015998,-15.666301,-52.738201,18.801300,-93.396698,0.129960,17.611099,-0.161386,-0.505198,-0.676846,0.510499,-578.292908,1515.307129,-4420.049805,-570.394043,1434.890869,-4429.544922,-564.450928,1559.450317,-4446.020508,-597.465576,1465.335205,-4382.443848,-580.861267,1601.552612,-4422.189453,-570.835815,1434.640259,-4429.539062,-563.901550,1559.742310,-4445.665527,-597.086121,1465.502563,-4382.561523,-581.320557,1601.361328,-4422.393555,2616.289307,1567.737061,-3159.780029,,,,,,,,,,,,,,,,,,,,,,,,,,,,,,,,,
3285,32.850000,0.000000,0.000000,0.000000,1.000000,0.000000,0.000000,0.000000,57.698101,20.499701,-14.700500,0.047771,-0.013570,0.015998,-15.666301,-52.738201,18.801300,-93.396698,0.129960,17.611099,-0.157589,-0.507024,-0.676885,0.509823,-580.046875,1515.293335,-4419.322266,-571.795715,1434.916748,-4428.854004,-566.158875,1559.516357,-4445.132812,-599.334717,1465.208740,-4381.926270,-582.898438,1601.531982,-4421.376953,-571.886536,1434.813477,-4428.689453,-566.139954,1559.565552,-4445.160156,-599.205566,1465.338867,-4382.164062,-582.945923,1601.463135,-4421.294434,2616.315674,1567.743164,-3159.783203,,,,,,,,,,,,,,,,,,,,,,,,,,,,,,,,,
3286,32.860000,0.000000,0.000000,0.000000,1.000000,0.000000,0.000000,0.000000,57.698101,20.499701,-14.700500,0.047771,-0.013570,0.015998,-15.666301,-52.738201,18.801300,-93.396698,0.129960,17.611099,-0.157520,-0.506888,-0.675988,0.511168,-582.117126,1515.267822,-4418.856445,-573.660034,1434.912109,-4428.383789,-568.395020,1559.522949,-4444.700195,-601.203186,1465.138916,-4381.416504,-585.210388,1601.497803,-4420.926270,-573.409180,1435.004028,-4428.063965,-568.966675,1559.426270,-4444.982910,-601.338501,1465.188721,-4381.743652,-584.790039,1601.437744,-4420.642578,2616.342285,1567.714600,-3159.769043,,,,,,,,,,,,,,,,,,,,,,,,,,,,,,,,,
3287,32.870000,0.000000,0.000000,0.000000,1.000000,0.000000,0.000000,0.000000,57.698101,20.499701,-14.700500,0.047771,-0.013570,0.015998,-15.666301,-52.738201,18.801300,-93.396698,0.129960,17.611099,-0.155170,-0.508309,-0.676116,0.510305,-583.687378,1515.518799,-4417.895996,-575.054382,1435.179199,-4427.402344,-569.890015,1559.803711,-4443.648438,-602.903931,1465.347900,-4380.578613,-586.901306,1601.744507,-4419.953613,-574.905945,1435.381470,-4427.040039,-570.261169,1559.733398,-4443.962402,-602.978394,1465.325073,-4380.894531,-586.610168,1601.638550,-4419.671387,2616.328613,1567.745361,-3159.770752,,,,,,,,,,,,,,,,,,,,,,,,,,,,,,,,,
3288,32.880000,0.000000,0.000000,0.000000,1.000000,0.000000,0.000000,0.000000,57.698101,20.499701,-14.700500,0.047771,-0.013570,0.015998,-15.666301,-52.738201,18.801300,-93.396698,0.129960,17.611099,-0.159825,-0.503798,-0.675611,0.513998,-585.164917,1515.818848,-4416.887207,-576.724854,1435.493164,-4426.679688,-571.722229,1560.146484,-4442.753906,-603.858582,1465.585449,-4379.388672,-588.354004,1602.050415,-4418.727051,-576.822266,1435.544800,-4426.514648,-571.664429,1560.092651,-4442.836914,-603.732666,1465.717651,-4379.624023,-588.434875,1601.934570,-4418.586914,2616.319824,1567.771851,-3159.791016,,,,,,,,,,,,,,,,,,,,,,,,,,,,,,,,,
3289,32.890000,0.000000,0.000000,0.000000,1.000000,0.000000,0.000000,0.000000,57.698101,20.499701,-14.700500,0.047771,-0.013570,0.015998,-15.666301,-52.738201,18.801300,-93.396698,0.129960,17.611099,-0.159538,-0.501978,-0.677187,0.513793,-586.932373,1515.977783,-4416.224609,-578.675903,1435.676514,-4426.366699,-573.412415,1560.386108,-4441.911133,-605.707336,1465.625488,-4378.926758,-589.933899,1602.223145,-4417.692871,-578.981445,1435.575684,-4426.227539,-573.123352,1560.391724,-4441.805176,-605.374939,1465.777710,-4379.198242,-590.218872,1602.179810,-4417.693359,2616.288330,1567.765259,-3159.795898,,,,,,,,,,,,,,,,,,,,,,,,,,,,,,,,,
3290,32.900000,0.000000,0.000000,0.000000,1.000000,0.000000,0.000000,0.000000,57.698101,20.499701,-14.700500,0.047771,-0.013570,0.015998,-15.666301,-52.738201,18.801300,-93.396698,0.129960,17.611099,-0.156705,-0.503700,-0.677231,0.512921,-588.783997,1516.136108,-4415.555176,-580.287781,1435.856323,-4425.670410,-575.193787,1560.582642,-4441.138672,-607.691589,1465.730225,-4378.396973,-591.962891,1602.375244,-4417.013672,-580.427490,1435.931885,-4425.512207,-575.110168,1560.530518,-4441.156250,-607.541870,1465.758423,-4378.602051,-592.053101,1602.333496,-4416.957031,2616.299316,1567.728027,-3159.787109,,,,,,,,,,,,,,,,,,,,,,,,,,,,,,,,,
3291,32.910000,0.000000,0.000000,0.000000,1.000000,0.000000,0.000000,0.000000,57.698101,20.499701,-14.700500,0.047771,-0.013570,0.015998,-15.666301,-52.738201,18.801300,-93.396698,0.129960,17.611099,-0.152982,-0.505551,-0.675515,0.514485,-590.196594,1516.429565,-4414.559570,-580.992798,1436.223267,-4424.638184,-576.848389,1560.988525,-4440.074219,-608.869019,1465.866577,-4377.495605,-594.076355,1602.639893,-4416.028320,-580.783569,1436.580200,-4424.279297,-577.303101,1560.812134,-4440.340820,-608.974976,1465.807617,-4377.779297,-593.722351,1602.550293,-4415.793457,2616.316162,1567.747681,-3159.784668,,,,,,,,,,,,,,,,,,,,,,,,,,,,,,,,,
3292,32.920000,0.000000,0.000000,0.000000,1.000000,0.000000,0.000000,0.000000,57.698101,20.499701,-14.700500,0.047771,-0.013570,0.015998,-15.666301,-52.738201,18.801300,-93.396698,0.129960,17.611099,-0.157363,-0.501390,-0.674746,0.518230,-591.822144,1516.693848,-4413.866699,-582.751587,1436.504028,-4424.194336,-578.844299,1561.292603,-4439.503418,-609.958557,1466.073120,-4376.616211,-595.734253,1602.905762,-4415.152344,-582.573242,1436.647949,-4423.878906,-579.256775,1561.013672,-4439.853516,-610.042297,1466.122925,-4376.944336,-595.456238,1602.954834,-4414.810059,2616.318115,1567.754761,-3159.786621,,,,,,,,,,,,,,,,,,,,,,,,,,,,,,,,,
3293,32.930000,0.000000,0.000000,0.000000,1.000000,0.000000,0.000000,0.000000,57.698101,20.499701,-14.700500,0.047771,-0.013570,0.015998,-15.666301,-52.738201,18.801300,-93.396698,0.129960,17.611099,-0.154887,-0.501382,-0.677270,0.515686,-593.152527,1517.088379,-4413.020508,-584.298157,1436.911743,-4423.634277,-579.845215,1561.750122,-4438.376953,-611.717346,1466.373413,-4376.110840,-596.749573,1603.318481,-4413.960449,-584.632324,1436.684326,-4423.538086,-579.493713,1561.872314,-4438.236816,-611.430908,1466.421997,-4376.266602,-597.059692,1603.365356,-4414.026367,2616.315430,1567.752319,-3159.785645,,,,,,,,,,,,,,,,,,,,,,,,,,,,,,,,,
3294,32.940000,0.000000,0.000000,0.000000,1.000000,0.000000,0.000000,0.000000,57.698101,20.499701,-14.700500,0.047771,-0.013570,0.015998,-15.666301,-52.738201,18.801300,-93.396698,0.129960,17.611099,-0.159336,-0.496517,-0.677580,0.518622,-594.639893,1517.186646,-4412.405273,-586.120850,1437.024658,-4423.397461,-581.581787,1561.899658,-4437.800781,-612.808655,1466.395142,-4375.404297,-598.048401,1603.427246,-4413.018555,-586.259460,1436.868530,-4423.318848,-581.481689,1562.006226,-4437.728027,-612.611511,1466.747803,-4375.630371,-598.193481,1603.152466,-4412.979980,2616.283936,1567.753174,-3159.784912,,,,,,,,,,,,,,,,,,,,,,,,,,,,,,,,,
3295,32.950000,0.000000,0.000000,0.000000,1.000000,0.000000,0.000000,0.000000,57.698101,20.499701,-14.700500,0.047771,-0.013570,0.015998,-15.666301,-52.738201,18.801300,-93.396698,0.129960,17.611099,-0.157476,-0.495735,-0.678928,0.518175,-596.310364,1517.286255,-4411.883301,-587.795166,1437.167480,-4423.188965,-583.168762,1562.099976,-4437.057617,-614.595032,1466.347778,-4375.142090,-599.682678,1603.530151,-4412.144531,-587.722839,1437.061401,-4422.979980,-583.353699,1562.121704,-4437.222168,-614.596375,1466.590210,-4375.437500,-599.564697,1603.390137,-4411.914062,2616.279297,1567.752686,-3159.780273,,,,,,,,,,,,,,,,,,,,,,,,,,,,,,,,,
3296,32.960000,0.000000,0.000000,0.000000,1.000000,0.000000,0.000000,0.000000,57.698101,20.499701,-14.700500,0.047771,-0.013570,0.015998,-15.666301,-52.738201,18.801300,-93.396698,0.129960,17.611099,-0.153602,-0.497541,-0.679338,0.517069,-597.859070,1517.551392,-4411.271484,-589.050171,1437.472534,-4422.634766,-584.619202,1562.438354,-4436.263184,-616.323181,1466.508057,-4374.766113,-601.443909,1603.786987,-4411.422363,-588.946594,1437.691650,-4422.249512,-584.962219,1562.259277,-4436.479004,-616.335815,1466.526001,-4375.166992,-601.202148,1603.738892,-4411.185547,2616.294922,1567.742920,-3159.781250,,,,,,,,,,,,,,,,,,,,,,,,,,,,,,,,,
3297,32.970000,0.000000,0.000000,0.000000,1.000000,0.000000,0.000000,0.000000,57.698101,20.499701,-14.700500,0.047771,-0.013570,0.015998,-15.666301,-52.738201,18.801300,-93.396698,0.129960,17.611099,-0.150564,-0.499708,-0.678763,0.516626,-599.379395,1517.883789,-4410.783691,-590.200745,1437.832275,-4422.046387,-586.139343,1562.806763,-4435.710449,-617.897339,1466.790894,-4374.375488,-603.280396,1604.105469,-4411.002930,-589.881592,1438.324463,-4421.551758,-586.739685,1562.462280,-4436.181152,-618.057556,1466.696655,-4374.709961,-602.841064,1604.099609,-4410.631836,2616.307129,1567.761230,-3159.771973,,,,,,,,,,,,,,,,,,,,,,,,,,,,,,,,,
3298,32.980000,0.000000,0.000000,0.000000,1.000000,0.000000,0.000000,0.000000,57.698101,20.499701,-14.700500,0.047771,-0.013570,0.015998,-15.666301,-52.738201,18.801300,-93.396698,0.129960,17.611099,-0.152598,-0.496118,-0.680279,0.517495,-600.572937,1518.248047,-4410.166992,-591.753418,1438.217285,-4421.855957,-587.346680,1563.237793,-4434.980469,-619.019653,1467.054565,-4373.864258,-604.172119,1604.482910,-4409.968262,-591.702148,1438.517090,-4421.515625,-587.555725,1563.092285,-4435.208008,-619.025146,1467.009033,-4374.150879,-604.010986,1604.405518,-4409.762695,2616.300049,1567.753540,-3159.771484,,,,,,,,,,,,,,,,,,,,,,,,,,,,,,,,,
3299,32.990000,0.000000,0.000000,0.000000,1.000000,0.000000,0.000000,0.000000,57.698101,20.499701,-14.700500,0.047771,-0.013570,0.015998,-15.666301,-52.738201,18.801300,-93.396698,0.129960,17.611099,-0.150649,-0.495249,-0.682190,0.516381,-601.896912,1518.551147,-4409.702148,-593.182617,1438.560669,-4421.741211,-588.503479,1563.633911,-4434.255371,-620.561584,1467.219482,-4373.707031,-605.340149,1604.790405,-4409.105957,-593.528687,1438.653809,-4421.495605,-588.285461,1563.791382,-4434.140625,-620.253296,1467.160156,-4373.984863,-605.524475,1604.604126,-4409.189941,2616.274414,1567.761353,-3159.780029,,,,,,,,,,,,,,,,,,,,,,,,,,,,,,,,,
3300,33.000000,0.000000,0.000000,0.000000,1.000000,0.000000,0.000000,0.000000,57.698101,20.499701,-14.700500,0.047771,-0.013570,0.015998,-15.666301,-52.738201,18.801300,-93.396698,0.129960,17.611099,-0.153090,-0.491649,-0.683468,0.517413,-603.654236,1518.850098,-4409.485352,-595.307007,1438.879028,-4421.906738,-590.295166,1563.984497,-4433.962402,-622.217896,1467.439453,-4373.550293,-606.796936,1605.097656,-4408.520996,-595.681152,1438.598755,-4421.696289,-589.985229,1563.988647,-4433.878906,-621.878967,1467.373657,-4373.824707,-607.126892,1605.429810,-4408.535645,2616.290527,1567.754150,-3159.775391,,,,,,,,,,,,,,,,,,,,,,,,,,,,,,,,,
3301,33.010000,0.000000,0.000000,0.000000,1.000000,0.000000,0.000000,0.000000,57.698101,20.499701,-14.700500,0.047771,-0.013570,0.015998,-15.666301,-52.738201,18.801300,-93.396698,0.129960,17.611099,-0.159655,-0.486882,-0.682588,0.521085,-605.297668,1518.964355,-4409.325684,-597.331360,1438.977051,-4421.890625,-592.286621,1564.072266,-4434.038086,-623.321167,1467.590698,-4373.064453,-608.251709,1605.218018,-4408.309082,-597.315613,1438.739868,-4421.654297,-592.361633,1563.876465,-4434.257324,-623.262695,1467.713257,-4373.374512,-608.250427,1605.555908,-4407.987305,2616.284180,1567.735596,-3159.766846,,,,,,,,,,,,,,,,,,,,,,,,,,,,,,,,,
3302,33.020000,0.000000,0.000000,0.000000,1.000000,0.000000,0.000000,0.000000,57.698101,20.499701,-14.700500,0.047771,-0.013570,0.015998,-15.666301,-52.738201,18.801300,-93.396698,0.129960,17.611099,-0.156217,-0.488918,-0.683314,0.519267,-606.739563,1519.129028,-4409.152832,-598.601868,1439.159424,-4421.722168,-593.545471,1564.269653,-4433.707520,-625.042969,1467.707886,-4373.099609,-609.768066,1605.379517,-4408.082520,-598.252869,1439.008545,-4421.376953,-594.223633,1564.052856,-4434.141113,-625.229736,1467.840454,-4373.471680,-609.292358,1605.598389,-4407.623047,2616.282471,1567.714478,-3159.767578,,,,,,,,,,,,,,,,,,,,,,,,,,,,,,,,,
3303,33.030000,0.000000,0.000000,0.000000,1.000000,0.000000,0.000000,0.000000,57.698101,20.499701,-14.700500,0.047771,-0.013570,0.015998,-15.666301,-52.738201,18.801300,-93.396698,0.129960,17.611099,-0.153520,-0.492604,-0.681791,0.518588,-608.430420,1519.102295,-4409.308594,-599.842041,1439.121094,-4421.498047,-595.247437,1564.204834,-4433.939453,-626.783386,1467.741699,-4373.194336,-611.849060,1605.341919,-4408.602051,-599.860352,1439.184082,-4421.338867,-595.346252,1564.260376,-4433.946777,-626.714783,1467.948364,-4373.442871,-611.777222,1604.990112,-4408.522949,2616.286133,1567.764038,-3159.769531,,,,,,,,,,,,,,,,,,,,,,,,,,,,,,,,,
3304,33.040000,0.000000,0.000000,0.000000,1.000000,0.000000,0.000000,0.000000,57.698101,20.499701,-14.700500,0.047771,-0.013570,0.015998,-15.666301,-52.738201,18.801300,-93.396698,0.129960,17.611099,-0.151209,-0.494482,-0.681551,0.517796,-609.857849,1519.392212,-4409.099121,-601.037231,1439.420776,-4421.186523,-596.623169,1564.505615,-4433.682617,-628.316406,1468.017700,-4373.058594,-613.454712,1605.625122,-4408.468750,-600.963623,1439.729004,-4420.823242,-596.867493,1564.421753,-4433.929199,-628.334778,1468.049561,-4373.375000,-613.253906,1605.393188,-4408.224609,2616.281738,1567.723022,-3159.774902,,,,,,,,,,,,,,,,,,,,,,,,,,,,,,,,,
3305,33.050000,0.000000,0.000000,0.000000,1.000000,0.000000,0.000000,0.000000,57.698101,20.499701,-14.700500,0.047771,-0.013570,0.015998,-15.666301,-52.738201,18.801300,-93.396698,0.129960,17.611099,-0.153553,-0.492845,-0.681335,0.518949,-611.376221,1519.631470,-4409.024414,-602.710815,1439.650391,-4421.160156,-598.245728,1564.729980,-4433.690430,-629.666992,1468.277954,-4372.868652,-614.881409,1605.868042,-4408.377441,-602.739929,1439.909912,-4420.883301,-598.312012,1564.659180,-4433.872070,-629.625061,1468.293945,-4373.111328,-614.828430,1605.687988,-4408.196777,2616.292969,1567.725098,-3159.759033,,,,,,,,,,,,,,,,,,,,,,,,,,,,,,,,,
3306,33.060000,0.000000,0.000000,0.000000,1.000000,0.000000,0.000000,0.000000,57.698101,20.499701,-14.700500,0.047771,-0.013570,0.015998,-15.666301,-52.738201,18.801300,-93.396698,0.129960,17.611099,-0.158176,-0.488531,-0.681373,0.521583,-612.969238,1519.819580,-4409.033203,-604.654358,1439.842285,-4421.437012,-600.063660,1564.935303,-4433.787109,-630.895752,1468.438354,-4372.734375,-616.263123,1606.062622,-4408.174805,-604.785461,1439.905273,-4421.265137,-599.966553,1564.886230,-4433.856934,-630.745117,1468.569580,-4372.969727,-616.376709,1605.932251,-4408.051758,2616.285156,1567.752808,-3159.773193,,,,,,,,,,,,,,,,,,,,,,,,,,,,,,,,,
3307,33.070000,0.000000,0.000000,0.000000,1.000000,0.000000,0.000000,0.000000,57.698101,20.499701,-14.700500,0.047771,-0.013570,0.015998,-15.666301,-52.738201,18.801300,-93.396698,0.129960,17.611099,-0.160470,-0.486627,-0.680808,0.523396,-614.722961,1519.924927,-4409.153320,-606.478638,1439.952148,-4421.633301,-602.002319,1565.048828,-4433.987305,-632.381531,1468.531738,-4372.740723,-618.029419,1606.166992,-4408.252930,-606.670776,1439.940674,-4421.485840,-601.861511,1565.005127,-4433.936035,-632.143494,1468.707275,-4373.018066,-618.191040,1606.074829,-4408.212891,2616.295166,1567.733398,-3159.784424,,,,,,,,,,,,,,,,,,,,,,,,,,,,,,,,,
3308,33.080000,0.000000,0.000000,0.000000,1.000000,0.000000,0.000000,0.000000,57.698101,20.499701,-14.700500,0.047771,-0.013570,0.015998,-15.666301,-52.738201,18.801300,-93.396698,0.129960,17.611099,-0.160024,-0.487123,-0.680792,0.523092,-616.732971,1519.905762,-4409.493652,-608.455261,1439.930664,-4421.935547,-603.986023,1565.024292,-4434.323730,-634.433044,1468.520874,-4373.089355,-620.057617,1606.147583,-4408.625000,-608.641174,1439.893433,-4421.680664,-603.946472,1564.973633,-4434.264160,-634.194031,1468.536255,-4373.464844,-620.127686,1606.217896,-4408.608398,2616.285889,1567.739258,-3159.787354,,,,,,,,,,,,,,,,,,,,,,,,,,,,,,,,,
3309,33.090000,0.000000,0.000000,0.000000,1.000000,0.000000,0.000000,0.000000,57.698101,20.499701,-14.700500,0.047771,-0.013570,0.015998,-15.666301,-52.738201,18.801300,-93.396698,0.129960,17.611099,-0.158452,-0.488618,-0.680815,0.522146,-618.617493,1519.879395,-4409.856934,-610.226440,1439.901855,-4422.207031,-605.787109,1564.990112,-4434.658203,-636.450256,1468.506470,-4373.500488,-622.006226,1606.119263,-4409.062012,-610.186951,1439.853149,-4421.918457,-606.056763,1564.854004,-4434.685547,-636.399414,1468.451050,-4373.880859,-621.821289,1606.359253,-4408.964844,2616.283936,1567.753784,-3159.789795,,,,,,,,,,,,,,,,,,,,,,,,,,,,,,,,,
3310,33.100000,0.000000,0.000000,0.000000,1.000000,0.000000,0.000000,0.000000,57.698101,20.499701,-14.700500,0.047771,-0.013570,0.015998,-15.666301,-52.738201,18.801300,-93.396698,0.129960,17.611099,-0.155645,-0.491971,-0.679038,0.522156,-620.069397,1519.902222,-4409.921387,-611.142273,1439.932861,-4421.943359,-607.327332,1565.001953,-4434.788086,-637.856262,1468.550781,-4373.511719,-623.951721,1606.123657,-4409.440918,-610.951294,1440.048096,-4421.544922,-607.828674,1564.786255,-4435.096680,-637.943298,1468.474365,-4373.904297,-623.592773,1606.285156,-4409.151855,2616.295898,1567.755371,-3159.787109,,,,,,,,,,,,,,,,,,,,,,,,,,,,,,,,,
3311,33.110000,0.000000,0.000000,0.000000,1.000000,0.000000,0.000000,0.000000,57.698101,20.499701,-14.700500,0.047771,-0.013570,0.015998,-15.666301,-52.738201,18.801300,-93.396698,0.129960,17.611099,-0.155336,-0.492369,-0.679558,0.521195,-621.268433,1520.032104,-4409.909668,-612.431519,1440.049927,-4421.914062,-608.414062,1565.113403,-4434.751953,-639.198975,1468.706299,-4373.534668,-625.029297,1606.259033,-4409.437500,-612.611084,1439.971313,-4421.833496,-608.259949,1565.114380,-4434.653320,-639.021790,1468.698120,-4373.668457,-625.179321,1606.342285,-4409.485840,2616.313477,1567.701416,-3159.776367,,,,,,,,,,,,,,,,,,,,,,,,,,,,,,,,,
3312,33.120000,0.000000,0.000000,0.000000,1.000000,0.000000,0.000000,0.000000,57.698101,20.499701,-14.700500,0.047771,-0.013570,0.015998,-15.666301,-52.738201,18.801300,-93.396698,0.129960,17.611099,-0.157155,-0.491062,-0.679903,0.521433,-622.753479,1519.988281,-4410.077637,-614.143005,1439.990112,-4422.140137,-609.896912,1565.048340,-4434.957520,-640.654419,1468.691650,-4373.646973,-626.319763,1606.223267,-4409.565430,-614.373169,1439.877930,-4422.085449,-609.668701,1565.062988,-4434.803711,-640.431824,1468.739990,-4373.779297,-626.534546,1606.271118,-4409.639160,2616.322266,1567.717163,-3159.760742,,,,,,,,,,,,,,,,,,,,,,,,,,,,,,,,,
3313,33.130000,0.000000,0.000000,0.000000,1.000000,0.000000,0.000000,0.000000,57.698101,20.499701,-14.700500,0.047771,-0.013570,0.015998,-15.666301,-52.738201,18.801300,-93.396698,0.129960,17.611099,-0.159962,-0.488397,-0.680441,0.522380,-624.411865,1519.819580,-4410.330566,-616.120239,1439.815796,-4422.577148,-611.609131,1564.880737,-4435.236328,-642.191711,1468.518677,-4373.847168,-627.726501,1606.063477,-4409.662109,-616.235779,1439.512329,-4422.527344,-611.508606,1564.940063,-4435.189941,-642.052551,1468.716919,-4373.989258,-627.851990,1606.089355,-4409.627441,2616.326172,1567.752563,-3159.781738,,,,,,,,,,,,,,,,,,,,,,,,,,,,,,,,,
3314,33.140000,0.000000,0.000000,0.000000,1.000000,0.000000,0.000000,0.000000,57.698101,20.499701,-14.700500,0.047771,-0.013570,0.015998,-15.666301,-52.738201,18.801300,-93.396698,0.129960,17.611099,-0.163158,-0.487082,-0.679266,0.524146,-625.981506,1519.541626,-4410.648926,-617.778137,1439.512451,-4422.789062,-613.378418,1564.550537,-4435.750000,-643.470398,1468.317261,-4373.917480,-629.299194,1605.786499,-4410.138184,-617.813843,1439.403564,-4422.717773,-613.389160,1564.596680,-4435.728516,-643.371277,1468.681030,-4374.129395,-629.336304,1605.520020,-4410.050781,2616.297852,1567.713379,-3159.791016,,,,,,,,,,,,,,,,,,,,,,,,,,,,,,,,,
3315,33.150000,0.000000,0.000000,0.000000,1.000000,0.000000,0.000000,0.000000,57.698101,20.499701,-14.700500,0.047771,-0.013570,0.015998,-15.666301,-52.738201,18.801300,-93.396698,0.129960,17.611099,-0.162265,-0.488323,-0.679531,0.522924,-627.499207,1519.377197,-4410.841309,-619.303101,1439.332031,-4422.879883,-614.771179,1564.355347,-4435.934570,-645.161255,1468.197144,-4374.131348,-630.761475,1605.624634,-4410.419922,-619.268066,1439.401123,-4422.663086,-614.916626,1564.261963,-4436.071289,-645.125549,1468.459351,-4374.466797,-630.674988,1605.409912,-4410.192383,2616.299805,1567.706421,-3159.783447,,,,,,,,,,,,,,,,,,,,,,,,,,,,,,,,,
3316,33.160000,0.000000,0.000000,0.000000,1.000000,0.000000,0.000000,0.000000,57.698101,20.499701,-14.700500,0.047771,-0.013570,0.015998,-15.666301,-52.738201,18.801300,-93.396698,0.129960,17.611099,-0.161657,-0.488792,-0.679854,0.522252,-629.024658,1519.230835,-4411.160156,-620.844055,1439.182495,-4423.188477,-616.221802,1564.204956,-4436.222656,-646.788818,1468.056152,-4374.491699,-632.244141,1605.479980,-4410.736816,-620.729187,1439.369385,-4422.897461,-616.500549,1564.029663,-4436.458496,-646.828186,1468.151001,-4374.806641,-632.047668,1605.374390,-4410.479492,2616.318848,1567.747314,-3159.782471,,,,,,,,,,,,,,,,,,,,,,,,,,,,,,,,,
3317,33.170000,0.000000,0.000000,0.000000,1.000000,0.000000,0.000000,0.000000,57.698101,20.499701,-14.700500,0.047771,-0.013570,0.015998,-15.666301,-52.738201,18.801300,-93.396698,0.129960,17.611099,-0.156612,-0.492811,-0.679748,0.520148,-630.410706,1519.086914,-4411.346680,-621.795227,1439.056274,-4423.187500,-617.437500,1564.081421,-4436.285156,-648.475037,1467.885742,-4374.862793,-633.935242,1605.324585,-4411.052246,-621.625671,1439.495117,-4422.719238,-617.810547,1563.890991,-4436.624023,-648.549072,1467.849854,-4375.211914,-633.642822,1605.180542,-4410.753906,2616.307373,1567.723022,-3159.783203,,,,,,,,,,,,,,,,,,,,,,,,,,,,,,,,,
3318,33.180000,0.000000,0.000000,0.000000,1.000000,0.000000,0.000000,0.000000,57.698101,20.499701,-14.700500,0.047771,-0.013570,0.015998,-15.666301,-52.738201,18.801300,-93.396698,0.129960,17.611099,-0.155638,-0.493542,-0.680569,0.518670,-631.770508,1519.008423,-4411.465820,-623.244080,1438.967651,-4423.303223,-618.627258,1563.990112,-4436.337402,-650.058960,1467.824341,-4375.069336,-635.151733,1605.251831,-4411.152832,-623.055603,1439.290894,-4422.885742,-619.024719,1563.840210,-4436.724121,-650.161987,1467.758911,-4375.375977,-634.837158,1605.169434,-4410.836426,2616.303467,1567.716675,-3159.782471,,,,,,,,,,,,,,,,,,,,,,,,,,,,,,,,,
3319,33.190000,0.000000,0.000000,0.000000,1.000000,0.000000,0.000000,0.000000,57.698101,20.499701,-14.700500,0.047771,-0.013570,0.015998,-15.666301,-52.738201,18.801300,-93.396698,0.129960,17.611099,-0.159306,-0.490691,-0.681147,0.519502,-633.025024,1518.904175,-4411.552734,-624.919250,1438.841064,-4423.533691,-619.917053,1563.856201,-4436.496582,-651.203735,1467.759644,-4375.046387,-636.060242,1605.160034,-4411.134277,-625.058533,1438.941162,-4423.321289,-619.819397,1563.922607,-4436.613281,-651.080322,1467.808105,-4375.253418,-636.152161,1604.939819,-4411.011719,2616.316162,1567.732300,-3159.788330,,,,,,,,,,,,,,,,,,,,,,,,,,,,,,,,,
3320,33.200000,0.000000,0.000000,0.000000,1.000000,0.000000,0.000000,0.000000,57.698101,20.499701,-14.700500,0.047771,-0.013570,0.015998,-15.666301,-52.738201,18.801300,-93.396698,0.129960,17.611099,-0.162413,-0.488101,-0.681197,0.520913,-634.363953,1518.749512,-4411.765137,-626.518433,1438.680054,-4423.876465,-621.373047,1563.695435,-4436.781250,-652.341980,1467.611938,-4375.149414,-637.222473,1605.010742,-4411.253418,-626.642761,1438.712769,-4423.620117,-621.336548,1563.720581,-4436.870605,-652.197510,1467.676758,-4375.448730,-637.274597,1604.896606,-4411.129883,2616.284912,1567.760010,-3159.784668,,,,,,,,,,,,,,,,,,,,,,,,,,,,,,,,,
3321,33.210000,0.000000,0.000000,0.000000,1.000000,0.000000,0.000000,0.000000,57.698101,20.499701,-14.700500,0.047771,-0.013570,0.015998,-15.666301,-52.738201,18.801300,-93.396698,0.129960,17.611099,-0.166548,-0.485141,-0.681171,0.522404,-635.864136,1518.589722,-4411.943359,-628.377869,1438.500000,-4424.147461,-622.996521,1563.502197,-4437.083008,-653.618713,1467.497925,-4375.154785,-638.463562,1604.859009,-4411.387695,-628.553650,1438.489868,-4423.957520,-622.911438,1563.467896,-4437.039551,-653.398560,1467.604126,-4375.463379,-638.571411,1604.817139,-4411.353027,2616.266602,1567.746338,-3159.799072,,,,,,,,,,,,,,,,,,,,,,,,,,,,,,,,,
3322,33.220000,0.000000,0.000000,0.000000,1.000000,0.000000,0.000000,0.000000,57.698101,20.499701,-14.700500,0.047771,-0.013570,0.015998,-15.666301,-52.738201,18.801300,-93.396698,0.129960,17.611099,-0.168488,-0.483860,-0.681309,0.522790,-637.337708,1518.582153,-4412.066895,-630.058533,1438.478027,-4424.301270,-624.491943,1563.469238,-4437.263184,-655.032043,1467.525269,-4375.201172,-639.768372,1604.856079,-4411.502441,-630.273438,1438.304810,-4424.165527,-624.272827,1563.321533,-4437.240723,-654.799133,1467.590820,-4375.437500,-640.018188,1605.128540,-4411.424316,2616.275146,1567.769287,-3159.792480,,,,,,,,,,,,,,,,,,,,,,,,,,,,,,,,,
3323,33.230000,0.000000,0.000000,0.000000,1.000000,0.000000,0.000000,0.000000,57.698101,20.499701,-14.700500,0.047771,-0.013570,0.015998,-15.666301,-52.738201,18.801300,-93.396698,0.129960,17.611099,-0.165140,-0.487170,-0.680856,0.521373,-638.846069,1518.366333,-4412.188965,-631.222656,1438.260376,-4424.200195,-625.897705,1563.242432,-4437.352051,-656.732910,1467.328735,-4375.389648,-641.531250,1604.633911,-4411.814453,-631.264343,1438.310303,-4423.995117,-625.958008,1563.133545,-4437.399902,-656.647888,1467.343994,-4375.654785,-641.508240,1604.681885,-4411.723145,2616.280273,1567.773682,-3159.787354,,,,,,,,,,,,,,,,,,,,,,,,,,,,,,,,,
3324,33.240000,0.000000,0.000000,0.000000,1.000000,0.000000,0.000000,0.000000,57.698101,20.499701,-14.700500,0.047771,-0.013570,0.015998,-15.666301,-52.738201,18.801300,-93.396698,0.129960,17.611099,-0.162429,-0.490087,-0.680066,0.520520,-640.191345,1518.300659,-4412.266113,-632.219299,1438.194092,-4424.044434,-627.205811,1563.163818,-4437.433105,-658.180054,1467.285278,-4375.485352,-643.160217,1604.559570,-4412.101074,-631.862427,1438.467163,-4423.660645,-627.862244,1562.895386,-4437.944824,-658.395081,1467.250610,-4375.772949,-642.675049,1604.570312,-4411.688965,2616.274658,1567.740845,-3159.774414,,,,,,,,,,,,,,,,,,,,,,,,,,,,,,,,,
3325,33.250000,0.000000,0.000000,0.000000,1.000000,0.000000,0.000000,0.000000,57.698101,20.499701,-14.700500,0.047771,-0.013570,0.015998,-15.666301,-52.738201,18.801300,-93.396698,0.129960,17.611099,-0.161555,-0.491733,-0.678798,0.520894,-641.489197,1518.261475,-4412.344727,-633.234497,1438.152466,-4423.909668,-628.594543,1563.104492,-4437.594238,-659.392029,1467.278564,-4375.477539,-644.735962,1604.510498,-4412.398438,-632.932373,1438.542847,-4423.478027,-629.151123,1562.846436,-4438.032715,-659.552979,1467.294800,-4375.814453,-644.316284,1604.374756,-4412.010742,2616.293213,1567.740479,-3159.778564,,,,,,,,,,,,,,,,,,,,,,,,,,,,,,,,,
3326,33.260000,0.000000,0.000000,0.000000,1.000000,0.000000,0.000000,0.000000,57.698101,20.499701,-14.700500,0.047771,-0.013570,0.015998,-15.666301,-52.738201,18.801300,-93.396698,0.129960,17.611099,-0.160410,-0.490924,-0.681098,0.519006,-642.537292,1518.395020,-4412.176270,-634.571716,1438.298950,-4424.029785,-629.375610,1563.283936,-4437.205078,-660.770630,1467.341309,-4375.569824,-645.431213,1604.656250,-4411.899414,-634.598877,1438.351562,-4423.785645,-629.412292,1563.225220,-4437.407715,-660.716553,1467.396729,-4375.829102,-645.419861,1604.610718,-4411.686523,2616.297852,1567.728271,-3159.769287,,,,,,,,,,,,,,,,,,,,,,,,,,,,,,,,,
3327,33.270000,0.000000,0.000000,0.000000,1.000000,0.000000,0.000000,0.000000,57.698101,20.499701,-14.700500,0.047771,-0.013570,0.015998,-15.666301,-52.738201,18.801300,-93.396698,0.129960,17.611099,-0.162377,-0.487946,-0.682641,0.519176,-643.940063,1518.413574,-4412.173828,-636.380920,1438.327515,-4424.356934,-630.723328,1563.335938,-4437.113770,-662.191833,1467.306396,-4375.650879,-646.464417,1604.684692,-4411.572754,-636.458069,1438.128174,-4424.213379,-630.673889,1563.422607,-4437.190430,-662.100952,1467.413574,-4375.824707,-646.528259,1604.677979,-4411.466309,2616.282959,1567.748535,-3159.781738,,,,,,,,,,,,,,,,,,,,,,,,,,,,,,,,,
3328,33.280000,0.000000,0.000000,0.000000,1.000000,0.000000,0.000000,0.000000,57.698101,20.499701,-14.700500,0.047771,-0.013570,0.015998,-15.666301,-52.738201,18.801300,-93.396698,0.129960,17.611099,-0.164201,-0.485675,-0.682771,0.520558,-645.395935,1518.395630,-4412.214355,-637.973694,1438.325806,-4424.586426,-632.298218,1563.352295,-4437.155273,-663.461914,1467.237183,-4375.670898,-647.850037,1604.667603,-4411.444824,-638.093933,1438.079956,-4424.460449,-632.234558,1563.477417,-4437.128906,-663.302979,1467.479492,-4375.900879,-647.942871,1604.553101,-4411.389160,2616.294678,1567.746582,-3159.766113,,,,,,,,,,,,,,,,,,,,,,,,,,,,,,,,,
3329,33.290000,0.000000,0.000000,0.000000,1.000000,0.000000,0.000000,0.000000,57.698101,20.499701,-14.700500,0.047771,-0.013570,0.015998,-15.666301,-52.738201,18.801300,-93.396698,0.129960,17.611099,-0.163043,-0.485903,-0.682891,0.520553,-646.903625,1518.434326,-4412.343262,-639.372681,1438.384888,-4424.782227,-633.807556,1563.430054,-4437.214844,-664.983032,1467.219849,-4375.885254,-649.451355,1604.702637,-4411.491211,-639.327515,1438.191772,-4424.532715,-633.963928,1563.394531,-4437.367676,-664.939697,1467.462280,-4376.250000,-649.371826,1604.709473,-4411.253418,2616.287109,1567.755615,-3159.770020,,,,,,,,,,,,,,,,,,,,,,,,,,,,,,,,,
3330,33.300000,0.000000,0.000000,0.000000,1.000000,0.000000,0.000000,0.000000,57.698101,20.499701,-14.700500,0.047771,-0.013570,0.015998,-15.666301,-52.738201,18.801300,-93.396698,0.129960,17.611099,-0.164291,-0.484143,-0.683627,0.520834,-648.457031,1518.414429,-4412.500488,-641.144592,1438.372803,-4425.118652,-635.351990,1563.429199,-4437.332031,-666.517517,1467.169434,-4376.075684,-650.814148,1604.686279,-4411.474609,-641.084839,1438.272339,-4424.850098,-635.554443,1563.204468,-4437.523926,-666.481445,1467.322021,-4376.461426,-650.709167,1604.867676,-4411.191406,2616.284424,1567.761841,-3159.769531,,,,,,,,,,,,,,,,,,,,,,,,,,,,,,,,,
3331,33.310000,0.000000,0.000000,0.000000,1.000000,0.000000,0.000000,0.000000,57.698101,20.499701,-14.700500,0.047771,-0.013570,0.015998,-15.666301,-52.738201,18.801300,-93.396698,0.129960,17.611099,-0.162061,-0.484259,-0.684411,0.520395,-649.941162,1518.489136,-4412.612793,-642.517212,1438.488770,-4425.425293,-636.776001,1563.583008,-4437.269043,-668.101440,1467.129150,-4376.400391,-652.370117,1604.755981,-4411.356445,-642.426270,1438.541992,-4425.106445,-637.029480,1563.264038,-4437.601562,-668.114075,1467.151245,-4376.752441,-652.217896,1604.972168,-4411.015137,2616.295410,1567.766113,-3159.768799,,,,,,,,,,,,,,,,,,,,,,,,,,,,,,,,,
3332,33.320000,0.000000,0.000000,0.000000,1.000000,0.000000,0.000000,0.000000,57.698101,20.499701,-14.700500,0.047771,-0.013570,0.015998,-15.666301,-52.738201,18.801300,-93.396698,0.129960,17.611099,-0.156814,-0.486542,-0.684978,0.519126,-651.382568,1518.591553,-4412.666504,-643.537903,1438.649536,-4425.592285,-638.106079,1563.792358,-4437.065430,-669.758606,1467.078491,-4376.781738,-654.127747,1604.845947,-4411.224609,-643.299255,1438.832275,-4425.204102,-638.666443,1563.404297,-4437.509277,-669.882629,1467.033691,-4377.150391,-653.755798,1605.040649,-4410.841309,2616.289551,1567.737427,-3159.771973,,,,,,,,,,,,,,,,,,,,,,,,,,,,,,,,,
3333,33.330000,0.000000,0.000000,0.000000,1.000000,0.000000,0.000000,0.000000,57.698101,20.499701,-14.700500,0.047771,-0.013570,0.015998,-15.666301,-52.738201,18.801300,-93.396698,0.129960,17.611099,-0.153336,-0.489641,-0.685224,0.516922,-652.775635,1518.563110,-4412.978027,-644.713501,1438.615845,-4425.736328,-639.299500,1563.751953,-4437.290039,-671.461548,1467.068970,-4377.227051,-655.628174,1604.816040,-4411.659180,-644.684265,1438.965576,-4425.360352,-639.535400,1563.722900,-4437.410645,-671.452637,1466.949463,-4377.531738,-655.423462,1604.666382,-4411.562012,2616.320557,1567.773682,-3159.765869,,,,,,,,,,,,,,,,,,,,,,,,,,,,,,,,,
3334,33.340000,0.000000,0.000000,0.000000,1.000000,0.000000,0.000000,0.000000,57.698101,20.499701,-14.700500,0.047771,-0.013570,0.015998,-15.666301,-52.738201,18.801300,-93.396698,0.129960,17.611099,-0.157213,-0.485792,-0.685616,0.518865,-653.984497,1518.631836,-4413.072754,-646.282532,1438.692139,-4426.097656,-640.654907,1563.838867,-4437.431152,-672.414001,1467.107788,-4377.230957,-656.586609,1604.888916,-4411.529297,-646.495300,1438.884888,-4425.881348,-640.542908,1563.940674,-4437.412598,-672.239197,1467.069092,-4377.434570,-656.684204,1604.632202,-4411.551758,2616.288330,1567.694458,-3159.773438,,,,,,,,,,,,,,,,,,,,,,,,,,,,,,,,,
3335,33.350000,0.000000,0.000000,0.000000,1.000000,0.000000,0.000000,0.000000,57.698101,20.499701,-14.700500,0.047771,-0.013570,0.015998,-15.666301,-52.738201,18.801300,-93.396698,0.129960,17.611099,-0.162289,-0.481463,-0.685023,0.522110,-655.436035,1518.604126,-4413.303711,-648.026428,1438.669678,-4426.529785,-642.412354,1563.822144,-4437.807617,-673.397095,1467.062378,-4377.250488,-657.908447,1604.862549,-4411.627441,-648.266418,1438.842041,-4426.330566,-642.244080,1563.847534,-4437.784668,-673.182373,1467.094482,-4377.478027,-658.072144,1604.642212,-4411.621094,2616.299805,1567.695679,-3159.776123,,,,,,,,,,,,,,,,,,,,,,,,,,,,,,,,,
3336,33.360000,0.000000,0.000000,0.000000,1.000000,0.000000,0.000000,0.000000,57.698101,20.499701,-14.700500,0.047771,-0.013570,0.015998,-15.666301,-52.738201,18.801300,-93.396698,0.129960,17.611099,-0.166970,-0.477059,-0.685241,0.524386,-657.073669,1518.557861,-4413.587891,-650.082947,1438.629517,-4427.075684,-644.234558,1563.787964,-4438.166504,-674.717346,1466.994751,-4377.409180,-659.259888,1604.819824,-4411.700195,-650.259399,1438.646973,-4426.938965,-644.054199,1563.742310,-4438.201172,-674.540649,1467.078735,-4377.598145,-659.436401,1604.770264,-4411.622070,2616.286865,1567.750366,-3159.790283,,,,,,,,,,,,,,,,,,,,,,,,,,,,,,,,,
3337,33.370000,0.000000,0.000000,0.000000,1.000000,0.000000,0.000000,0.000000,57.698101,20.499701,-14.700500,0.047771,-0.013570,0.015998,-15.666301,-52.738201,18.801300,-93.396698,0.129960,17.611099,-0.168699,-0.475644,-0.684433,0.526170,-658.527039,1518.580566,-4413.783203,-651.521362,1438.659668,-4427.308105,-645.884216,1563.824341,-4438.438477,-675.899353,1466.998535,-4377.499512,-660.803223,1604.839966,-4411.886230,-651.584473,1438.640015,-4427.172852,-645.849854,1563.691650,-4438.505371,-675.794800,1467.131592,-4377.721191,-660.869141,1604.871460,-4411.753906,2616.296631,1567.718018,-3159.789062,,,,,,,,,,,,,,,,,,,,,,,,,,,,,,,,,
3338,33.380000,0.000000,0.000000,0.000000,1.000000,0.000000,0.000000,0.000000,57.698101,20.499701,-14.700500,0.047771,-0.013570,0.015998,-15.666301,-52.738201,18.801300,-93.396698,0.129960,17.611099,-0.167428,-0.476489,-0.684611,0.525580,-659.857910,1518.598755,-4413.929199,-652.768555,1438.683472,-4427.442871,-647.157654,1563.852539,-4438.536133,-677.322327,1467.002808,-4377.709961,-662.183228,1604.856689,-4412.026855,-652.605591,1438.640381,-4427.232910,-647.507446,1563.726685,-4438.709473,-677.394836,1467.151855,-4377.991211,-661.946777,1604.872803,-4411.801270,2616.322510,1567.753662,-3159.782227,,,,,,,,,,,,,,,,,,,,,,,,,,,,,,,,,
3339,33.390000,0.000000,0.000000,0.000000,1.000000,0.000000,0.000000,0.000000,57.698101,20.499701,-14.700500,0.047771,-0.013570,0.015998,-15.666301,-52.738201,18.801300,-93.396698,0.129960,17.611099,-0.165824,-0.477055,-0.685529,0.524377,-661.139160,1518.549316,-4414.174805,-654.063538,1438.646484,-4427.769531,-648.294250,1563.825562,-4438.665527,-678.803040,1466.918945,-4378.102051,-663.395813,1604.806519,-4412.163086,-653.752136,1438.614136,-4427.518555,-648.896545,1563.773804,-4438.964355,-678.990906,1467.114502,-4378.385742,-662.955200,1604.677002,-4411.840332,2616.291260,1567.723389,-3159.785400,,,,,,,,,,,,,,,,,,,,,,,,,,,,,,,,,
3340,33.400000,0.000000,0.000000,0.000000,1.000000,0.000000,0.000000,0.000000,57.698101,20.499701,-14.700500,0.047771,-0.013570,0.015998,-15.666301,-52.738201,18.801300,-93.396698,0.129960,17.611099,-0.160919,-0.481127,-0.685227,0.522576,-662.552490,1518.554932,-4414.455566,-654.996948,1438.662476,-4427.851562,-649.574890,1563.848999,-4438.842773,-680.470215,1466.903198,-4378.538086,-665.167908,1604.805176,-4412.588379,-654.944763,1438.676025,-4427.612305,-649.741638,1563.838623,-4439.017578,-680.470581,1467.016235,-4378.812988,-665.050598,1604.693848,-4412.387695,2616.289551,1567.723633,-3159.787842,,,,,,,,,,,,,,,,,,,,,,,,,,,,,,,,,
3341,33.410000,0.000000,0.000000,0.000000,1.000000,0.000000,0.000000,0.000000,57.698101,20.499701,-14.700500,0.047771,-0.013570,0.015998,-15.666301,-52.738201,18.801300,-93.396698,0.129960,17.611099,-0.159497,-0.482412,-0.685239,0.521811,-663.796021,1518.549683,-4414.761719,-656.128967,1438.656006,-4428.086426,-650.752808,1563.840576,-4439.119141,-681.821289,1466.903320,-4378.890625,-666.481079,1604.799072,-4412.949707,-656.162109,1438.734619,-4427.922852,-650.774475,1563.849731,-4439.214844,-681.769043,1467.003052,-4379.076172,-666.474976,1604.607788,-4412.826660,2616.309814,1567.776611,-3159.801270,,,,,,,,,,,,,,,,,,,,,,,,,,,,,,,,,
3342,33.420000,0.000000,0.000000,0.000000,1.000000,0.000000,0.000000,0.000000,57.698101,20.499701,-14.700500,0.047771,-0.013570,0.015998,-15.666301,-52.738201,18.801300,-93.396698,0.129960,17.611099,-0.160669,-0.481907,-0.684770,0.522533,-665.028198,1518.585205,-4415.069824,-657.385742,1438.682861,-4428.357422,-652.066223,1563.860352,-4439.500977,-682.936707,1466.962402,-4379.106934,-667.724243,1604.835449,-4413.314941,-657.445007,1438.756592,-4428.228516,-652.061218,1563.800415,-4439.527344,-682.858826,1467.005737,-4379.272461,-667.745178,1604.787842,-4413.257812,2616.293945,1567.735352,-3159.790283,,,,,,,,,,,,,,,,,,,,,,,,,,,,,,,,,
3343,33.430000,0.000000,0.000000,0.000000,1.000000,0.000000,0.000000,0.000000,57.698101,20.499701,-14.700500,0.047771,-0.013570,0.015998,-15.666301,-52.738201,18.801300,-93.396698,0.129960,17.611099,-0.160552,-0.482294,-0.684786,0.522191,-666.187622,1518.565063,-4415.394531,-658.553162,1438.654175,-4428.634766,-653.192383,1563.824585,-4439.835938,-684.141418,1466.964844,-4379.421387,-668.863708,1604.816772,-4413.685059,-658.612549,1438.830811,-4428.387207,-653.242737,1563.789795,-4439.908203,-684.065552,1466.944214,-4379.668945,-668.828247,1604.717651,-4413.602539,2616.340332,1567.728516,-3159.778320,,,,,,,,,,,,,,,,,,,,,,,,,,,,,,,,,
3344,33.440000,0.000000,0.000000,0.000000,1.000000,0.000000,0.000000,0.000000,57.698101,20.499701,-14.700500,0.047771,-0.013570,0.015998,-15.666301,-52.738201,18.801300,-93.396698,0.129960,17.611099,-0.162800,-0.480456,-0.685219,0.522622,-667.382629,1518.499756,-4415.812988,-660.027771,1438.578857,-4429.150879,-654.397827,1563.743042,-4440.290527,-685.281677,1466.920410,-4379.782715,-669.823486,1604.756958,-4414.027344,-660.080566,1438.675537,-4428.934082,-654.442444,1563.677490,-4440.353516,-685.199768,1466.928223,-4380.032227,-669.803894,1604.729614,-4413.939453,2616.290283,1567.729736,-3159.780762,,,,,,,,,,,,,,,,,,,,,,,,,,,,,,,,,
3345,33.450000,0.000000,0.000000,0.000000,1.000000,0.000000,0.000000,0.000000,57.698101,20.499701,-14.700500,0.047771,-0.013570,0.015998,-15.666301,-52.738201,18.801300,-93.396698,0.129960,17.611099,-0.166144,-0.477637,-0.684956,0.524494,-668.465759,1518.436646,-4416.144043,-661.340088,1438.516113,-4429.607910,-655.653381,1563.681030,-4440.709961,-686.091553,1466.854248,-4379.983887,-670.777954,1604.695557,-4414.273438,-661.406738,1438.564331,-4429.420410,-655.670776,1563.512085,-4440.746582,-685.955078,1467.030762,-4380.308105,-670.809998,1604.668701,-4414.150391,2616.281006,1567.765137,-3159.794189,,,,,,,,,,,,,,,,,,,,,,,,,,,,,,,,,
3346,33.460000,0.000000,0.000000,0.000000,1.000000,0.000000,0.000000,0.000000,57.698101,20.499701,-14.700500,0.047771,-0.013570,0.015998,-15.666301,-52.738201,18.801300,-93.396698,0.129960,17.611099,-0.169051,-0.475000,-0.684840,0.526109,-669.529846,1518.368652,-4416.507324,-662.622314,1438.452271,-4430.108887,-656.862732,1563.620605,-4441.134766,-686.921997,1466.773315,-4380.252441,-671.712402,1604.628540,-4414.532715,-662.635376,1438.421265,-4429.970215,-656.895996,1563.384644,-4441.236328,-686.832947,1467.034790,-4380.540039,-671.744446,1604.658691,-4414.330566,2616.269775,1567.721680,-3159.781738,,,,,,,,,,,,,,,,,,,,,,,,,,,,,,,,,
3347,33.470000,0.000000,0.000000,0.000000,1.000000,0.000000,0.000000,0.000000,57.698101,20.499701,-14.700500,0.047771,-0.013570,0.015998,-15.666301,-52.738201,18.801300,-93.396698,0.129960,17.611099,-0.169494,-0.473710,-0.685602,0.526138,-670.488220,1518.284302,-4416.860352,-663.733887,1438.384766,-4430.636719,-657.790405,1563.565674,-4441.417969,-687.901245,1466.643555,-4380.680664,-672.527466,1604.543579,-4414.706543,-663.817383,1438.328369,-4430.458008,-657.731506,1563.341187,-4441.529785,-687.736023,1466.927002,-4381.032227,-672.641113,1604.583618,-4414.480957,2616.296631,1567.724487,-3159.767090,,,,,,,,,,,,,,,,,,,,,,,,,,,,,,,,,
3348,33.480000,0.000000,0.000000,0.000000,1.000000,0.000000,0.000000,0.000000,57.698101,20.499701,-14.700500,0.047771,-0.013570,0.015998,-15.666301,-52.738201,18.801300,-93.396698,0.129960,17.611099,-0.172684,-0.470188,-0.686352,0.527281,-671.620605,1518.175781,-4417.322266,-665.264771,1438.289429,-4431.362305,-658.985901,1563.476685,-4441.875977,-688.888733,1466.501465,-4381.120117,-673.343140,1604.435547,-4414.929688,-665.332520,1438.195679,-4431.191406,-658.902283,1563.215088,-4442.074219,-688.749817,1466.794312,-4381.440918,-673.483093,1604.530762,-4414.618164,2616.295410,1567.733276,-3159.772949,,,,,,,,,,,,,,,,,,,,,,,,,,,,,,,,,
3349,33.490000,0.000000,0.000000,0.000000,1.000000,0.000000,0.000000,0.000000,57.698101,20.499701,-14.700500,0.047771,-0.013570,0.015998,-15.666301,-52.738201,18.801300,-93.396698,0.129960,17.611099,-0.172920,-0.469438,-0.686799,0.527289,-672.645264,1518.095215,-4417.817383,-666.378296,1438.219849,-4431.959473,-659.991638,1563.413818,-4442.329590,-689.927063,1466.393799,-4381.661621,-674.284180,1604.353638,-4415.319824,-666.334717,1438.139893,-4431.621094,-660.130127,1563.044556,-4442.748535,-689.888794,1466.537598,-4382.083496,-674.239136,1604.649536,-4414.834961,2616.299072,1567.777466,-3159.783691,,,,,,,,,,,,,,,,,,,,,,,,,,,,,,,,,
3350,33.500000,0.000000,0.000000,0.000000,1.000000,0.000000,0.000000,0.000000,57.698101,20.499701,-14.700500,0.047771,-0.013570,0.015998,-15.666301,-52.738201,18.801300,-93.396698,0.129960,17.611099,-0.173990,-0.468136,-0.687376,0.527342,-673.645081,1517.955200,-4418.363281,-667.575439,1438.084839,-4432.619141,-660.967224,1563.278442,-4442.853516,-690.932434,1466.244019,-4382.223145,-675.105408,1604.213623,-4415.756348,-667.440674,1437.944092,-4432.292480,-661.213745,1562.876099,-4443.431152,-690.981689,1466.341675,-4382.576172,-674.962402,1604.668579,-4415.134277,2616.307861,1567.757690,-3159.778809,,,,,,,,,,,,,,,,,,,,,,,,,,,,,,,,,
3351,33.510000,0.000000,0.000000,0.000000,1.000000,0.000000,0.000000,0.000000,57.698101,20.499701,-14.700500,0.047771,-0.013570,0.015998,-15.666301,-52.738201,18.801300,-93.396698,0.129960,17.611099,-0.174492,-0.467829,-0.687008,0.527929,-674.519531,1517.804321,-4418.851074,-668.424561,1437.934204,-4433.097168,-661.911072,1563.129272,-4443.374023,-691.713806,1466.091431,-4382.668945,-676.028809,1604.062378,-4416.262695,-668.157593,1437.853271,-4432.664551,-662.426514,1562.659790,-4444.149414,-691.856262,1466.138184,-4383.074707,-675.676636,1604.545776,-4415.523438,2616.286377,1567.780273,-3159.770752,,,,,,,,,,,,,,,,,,,,,,,,,,,,,,,,,
3352,33.520000,0.000000,0.000000,0.000000,1.000000,0.000000,0.000000,0.000000,57.698101,20.499701,-14.700500,0.047771,-0.013570,0.015998,-15.666301,-52.738201,18.801300,-93.396698,0.129960,17.611099,-0.171341,-0.469957,-0.687455,0.526488,-675.443237,1517.676270,-4419.419922,-669.134277,1437.818359,-4433.642090,-662.693298,1563.024780,-4443.825684,-692.865112,1465.930420,-4383.394043,-677.080322,1603.931641,-4416.816895,-668.758423,1437.822998,-4433.093262,-663.385132,1562.496704,-4444.753906,-693.074219,1465.916870,-4383.842285,-676.570251,1604.455933,-4415.957520,2616.280762,1567.764282,-3159.777588,,,,,,,,,,,,,,,,,,,,,,,,,,,,,,,,,
3353,33.530000,0.000000,0.000000,0.000000,1.000000,0.000000,0.000000,0.000000,57.698101,20.499701,-14.700500,0.047771,-0.013570,0.015998,-15.666301,-52.738201,18.801300,-93.396698,0.129960,17.611099,-0.166260,-0.473955,-0.688297,0.523423,-676.282104,1517.521606,-4420.037598,-669.686340,1437.664795,-4434.134277,-663.230103,1562.873779,-4444.276855,-694.165833,1465.771973,-4384.245117,-678.046204,1603.776245,-4417.494141,-669.230530,1437.811646,-4433.439941,-664.139221,1562.381104,-4445.284668,-694.431274,1465.656250,-4384.787598,-677.346558,1604.233765,-4416.613770,2616.297852,1567.743164,-3159.770264,,,,,,,,,,,,,,,,,,,,,,,,,,,,,,,,,
3354,33.540000,0.000000,0.000000,0.000000,1.000000,0.000000,0.000000,0.000000,57.698101,20.499701,-14.700500,0.047771,-0.013570,0.015998,-15.666301,-52.738201,18.801300,-93.396698,0.129960,17.611099,-0.167593,-0.475913,-0.686145,0.524046,-677.223633,1517.216187,-4421.026855,-670.443359,1437.293945,-4434.657715,-664.311401,1562.456421,-4445.548340,-694.939026,1465.634888,-4384.908691,-679.200745,1603.479736,-4418.992188,-670.116028,1437.613525,-4434.179199,-664.967407,1562.153931,-4446.062988,-695.114136,1465.603271,-4385.281250,-678.738464,1603.478027,-4418.573730,2616.275391,1567.758789,-3159.764648,,,,,,,,,,,,,,,,,,,,,,,,,,,,,,,,,
3355,33.550000,0.000000,0.000000,0.000000,1.000000,0.000000,0.000000,0.000000,57.698101,20.499701,-14.700500,0.047771,-0.013570,0.015998,-15.666301,-52.738201,18.801300,-93.396698,0.129960,17.611099,-0.166142,-0.477148,-0.686447,0.522990,-677.851318,1517.072021,-4421.596680,-671.008972,1437.146606,-4435.178223,-664.832886,1562.306641,-4446.072266,-695.723633,1465.498901,-4385.544434,-679.839905,1603.335938,-4419.591309,-670.737732,1437.576904,-4434.648438,-665.356445,1562.091309,-4446.464355,-695.850891,1465.427612,-4385.917480,-679.443420,1603.254272,-4419.267090,2616.267090,1567.747437,-3159.773682,,,,,,,,,,,,,,,,,,,,,,,,,,,,,,,,,
3356,33.560000,0.000000,0.000000,0.000000,1.000000,0.000000,0.000000,0.000000,57.698101,20.499701,-14.700500,0.047771,-0.013570,0.015998,-15.666301,-52.738201,18.801300,-93.396698,0.129960,17.611099,-0.167872,-0.476276,-0.686606,0.523022,-678.518433,1516.895020,-4422.297363,-671.885254,1436.949707,-4435.865234,-665.486694,1562.091797,-4446.835938,-696.379272,1465.375244,-4386.163086,-680.322510,1603.163818,-4420.324707,-671.583618,1437.388916,-4435.293945,-666.056091,1561.925781,-4447.304688,-696.532959,1465.282959,-4386.542480,-679.879028,1603.045776,-4419.956055,2616.272705,1567.736084,-3159.774414,,,,,,,,,,,,,,,,,,,,,,,,,,,,,,,,,
3357,33.570000,0.000000,0.000000,0.000000,1.000000,0.000000,0.000000,0.000000,57.698101,20.499701,-14.700500,0.047771,-0.013570,0.015998,-15.666301,-52.738201,18.801300,-93.396698,0.129960,17.611099,-0.168328,-0.476660,-0.686407,0.522787,-679.111328,1516.717041,-4423.007324,-672.512634,1436.751709,-4436.473633,-666.062317,1561.876953,-4447.604492,-696.991272,1465.250732,-4386.806641,-680.879028,1602.989136,-4421.145020,-672.346558,1437.120361,-4436.037109,-666.427307,1561.793701,-4447.923828,-697.075378,1465.194946,-4387.123535,-680.581726,1602.803223,-4420.882812,2616.248779,1567.719604,-3159.777832,,,,,,,,,,,,,,,,,,,,,,,,,,,,,,,,,
3358,33.580000,0.000000,0.000000,0.000000,1.000000,0.000000,0.000000,0.000000,57.698101,20.499701,-14.700500,0.047771,-0.013570,0.015998,-15.666301,-52.738201,18.801300,-93.396698,0.129960,17.611099,-0.168825,-0.476841,-0.686596,0.522213,-679.761230,1516.527832,-4423.789062,-673.272827,1436.542847,-4437.192383,-666.646179,1561.650391,-4448.419434,-697.717468,1465.114868,-4387.550293,-681.408508,1602.803711,-4421.993652,-673.155945,1436.886230,-4436.787109,-666.941589,1561.625244,-4448.692871,-697.784668,1464.985596,-4387.830566,-681.155151,1602.659424,-4421.795410,2616.312500,1567.733032,-3159.759277,,,,,,,,,,,,,,,,,,,,,,,,,,,,,,,,,
3359,33.590000,0.000000,0.000000,0.000000,1.000000,0.000000,0.000000,0.000000,57.698101,20.499701,-14.700500,0.047771,-0.013570,0.015998,-15.666301,-52.738201,18.801300,-93.396698,0.129960,17.611099,-0.170597,-0.476339,-0.686360,0.522406,-680.322266,1516.373413,-4424.533203,-673.984680,1436.362183,-4437.851562,-667.226013,1561.445557,-4449.266113,-698.230713,1465.032471,-4388.168945,-681.847778,1602.653564,-4422.846680,-673.965271,1436.743896,-4437.469727,-667.413696,1561.400513,-4449.395996,-698.217590,1464.925415,-4388.467285,-681.686096,1602.490234,-4422.740723,2616.307617,1567.742188,-3159.768799,,,,,,,,,,,,,,,,,,,,,,,,,,,,,,,,,
3360,33.600000,0.000000,0.000000,0.000000,1.000000,0.000000,0.000000,0.000000,57.698101,20.499701,-14.700500,0.047771,-0.013570,0.015998,-15.666301,-52.738201,18.801300,-93.396698,0.129960,17.611099,-0.171944,-0.476111,-0.686060,0.522566,-680.830444,1516.230225,-4425.266602,-674.590332,1436.196045,-4438.493652,-667.754761,1561.258667,-4450.089355,-698.696167,1464.952515,-4388.792480,-682.280457,1602.513794,-4423.691406,-674.609375,1436.566406,-4438.166016,-667.894958,1561.231934,-4450.145020,-698.655457,1464.862427,-4389.063965,-682.154907,1602.321899,-4423.643066,2616.300537,1567.743896,-3159.785645,,,,,,,,,,,,,,,,,,,,,,,,,,,,,,,,,
3361,33.610000,0.000000,0.000000,0.000000,1.000000,0.000000,0.000000,0.000000,57.698101,20.499701,-14.700500,0.047771,-0.013570,0.015998,-15.666301,-52.738201,18.801300,-93.396698,0.129960,17.611099,-0.171019,-0.477075,-0.686447,0.521482,-681.477356,1516.242676,-4426.047852,-675.246155,1436.199585,-4439.224121,-668.285706,1561.253296,-4450.841309,-699.503418,1464.990112,-4389.617188,-682.874207,1602.527710,-4424.508301,-675.301575,1436.339844,-4438.901855,-668.396362,1561.079224,-4450.893555,-699.411255,1464.733521,-4389.965820,-682.786255,1602.813843,-4424.442383,2616.240967,1567.721069,-3159.785645,,,,,,,,,,,,,,,,,,,,,,,,,,,,,,,,,
3362,33.620000,0.000000,0.000000,0.000000,1.000000,0.000000,0.000000,0.000000,57.698101,20.499701,-14.700500,0.047771,-0.013570,0.015998,-15.666301,-52.738201,18.801300,-93.396698,0.129960,17.611099,-0.172946,-0.476225,-0.686673,0.521325,-681.986023,1516.130005,-4426.823242,-676.004822,1436.062256,-4439.965332,-668.760498,1561.089600,-4451.690918,-700.023682,1464.948853,-4390.297363,-683.155273,1602.419556,-4425.338379,-676.050781,1436.156616,-4439.635254,-668.881287,1560.939697,-4451.758789,-699.936462,1464.730347,-4390.660156,-683.061340,1602.689697,-4425.250977,2616.311523,1567.747437,-3159.791748,,,,,,,,,,,,,,,,,,,,,,,,,,,,,,,,,
3363,33.630000,0.000000,0.000000,0.000000,1.000000,0.000000,0.000000,0.000000,57.698101,20.499701,-14.700500,0.047771,-0.013570,0.015998,-15.666301,-52.738201,18.801300,-93.396698,0.129960,17.611099,-0.176909,-0.473437,-0.686737,0.522449,-682.576904,1516.042847,-4427.653320,-676.980774,1435.958008,-4440.861816,-669.438965,1560.963135,-4452.638672,-700.437378,1464.914917,-4390.966309,-683.450562,1602.335449,-4426.145996,-676.932678,1436.534912,-4440.335449,-669.642090,1560.771118,-4452.901367,-700.438477,1464.771118,-4391.306152,-683.293823,1602.250977,-4425.941895,2616.290039,1567.752441,-3159.785156,,,,,,,,,,,,,,,,,,,,,,,,,,,,,,,,,
3364,33.640000,0.000000,0.000000,0.000000,1.000000,0.000000,0.000000,0.000000,57.698101,20.499701,-14.700500,0.047771,-0.013570,0.015998,-15.666301,-52.738201,18.801300,-93.396698,0.129960,17.611099,-0.176228,-0.475128,-0.686389,0.521600,-683.226257,1515.930664,-4428.581055,-677.550476,1435.818970,-4441.591309,-670.023438,1560.800659,-4453.623047,-701.188416,1464.877075,-4391.840332,-684.142639,1602.226074,-4427.270508,-677.563171,1436.399658,-4441.129395,-670.169556,1560.714355,-4453.762695,-701.147766,1464.815796,-4392.171875,-684.015259,1601.946289,-4427.134766,2616.304688,1567.771484,-3159.788818,,,,,,,,,,,,,,,,,,,,,,,,,,,,,,,,,
3365,33.650000,0.000000,0.000000,0.000000,1.000000,0.000000,0.000000,0.000000,57.698101,20.499701,-14.700500,0.047771,-0.013570,0.015998,-15.666301,-52.738201,18.801300,-93.396698,0.129960,17.611099,-0.179169,-0.473061,-0.686404,0.522457,-683.713257,1515.967651,-4429.257812,-678.318054,1435.844116,-4442.313477,-670.580139,1560.808838,-4454.387695,-701.538330,1464.953125,-4392.396484,-684.416565,1602.264771,-4427.933594,-678.255798,1436.348145,-4441.860840,-670.779297,1560.633057,-4454.644043,-701.543213,1464.910156,-4392.722656,-684.265930,1602.091064,-4427.704590,2616.292969,1567.759766,-3159.795410,,,,,,,,,,,,,,,,,,,,,,,,,,,,,,,,,
3366,33.660000,0.000000,0.000000,0.000000,1.000000,0.000000,0.000000,0.000000,57.698101,20.499701,-14.700500,0.047771,-0.013570,0.015998,-15.666301,-52.738201,18.801300,-93.396698,0.129960,17.611099,-0.178263,-0.475440,-0.685394,0.521934,-684.113770,1515.920898,-4429.913574,-678.504578,1435.763794,-4442.670410,-670.975098,1560.701782,-4455.147949,-701.976990,1464.997803,-4392.944336,-684.998352,1602.220459,-4428.891602,-678.485413,1435.925781,-4442.333984,-671.144409,1560.610596,-4455.298828,-701.938477,1465.020020,-4393.308105,-684.883118,1602.145142,-4428.715332,2616.301270,1567.754883,-3159.806396,,,,,,,,,,,,,,,,,,,,,,,,,,,,,,,,,
3367,33.670000,0.000000,0.000000,0.000000,1.000000,0.000000,0.000000,0.000000,57.698101,20.499701,-14.700500,0.047771,-0.013570,0.015998,-15.666301,-52.738201,18.801300,-93.396698,0.129960,17.611099,-0.177912,-0.476233,-0.685221,0.521556,-684.694824,1515.847412,-4430.798340,-679.042908,1435.679077,-4443.464355,-671.528076,1560.606079,-4456.057129,-702.603333,1464.957031,-4393.806152,-685.604980,1602.147827,-4429.865723,-678.915222,1435.752441,-4443.120605,-671.861328,1560.492554,-4456.303711,-702.642578,1465.050781,-4394.201172,-685.372986,1602.094116,-4429.590332,2616.304199,1567.759399,-3159.797607,,,,,,,,,,,,,,,,,,,,,,,,,,,,,,,,,
3368,33.680000,0.000000,0.000000,0.000000,1.000000,0.000000,0.000000,0.000000,57.698101,20.499701,-14.700500,0.047771,-0.013570,0.015998,-15.666301,-52.738201,18.801300,-93.396698,0.129960,17.611099,-0.179500,-0.475127,-0.685378,0.521815,-685.278381,1515.854492,-4431.647461,-679.808472,1435.677734,-4444.340820,-672.123962,1560.593140,-4456.947754,-703.143677,1464.990967,-4394.597168,-686.037292,1602.156128,-4430.703125,-679.595337,1435.731445,-4443.976562,-672.574768,1560.451050,-4457.365234,-703.261780,1465.029785,-4394.944824,-685.712036,1602.190308,-4430.318359,2616.321289,1567.725220,-3159.787598,,,,,,,,,,,,,,,,,,,,,,,,,,,,,,,,,
3369,33.690000,0.000000,0.000000,0.000000,1.000000,0.000000,0.000000,0.000000,57.698101,20.499701,-14.700500,0.047771,-0.013570,0.015998,-15.666301,-52.738201,18.801300,-93.396698,0.129960,17.611099,-0.180103,-0.474585,-0.685039,0.522545,-685.744934,1515.999756,-4432.409180,-680.256165,1435.827026,-4445.119141,-672.672607,1560.747559,-4457.736328,-703.498657,1465.123901,-4395.322754,-686.552368,1602.300903,-4431.458496,-680.036743,1435.970459,-4444.819336,-673.095703,1560.553589,-4458.100586,-703.621704,1465.202637,-4395.613281,-686.249084,1602.248047,-4431.110840,2616.299316,1567.743408,-3159.782227,,,,,,,,,,,,,,,,,,,,,,,,,,,,,,,,,
3370,33.700000,0.000000,0.000000,0.000000,1.000000,0.000000,0.000000,0.000000,57.698101,20.499701,-14.700500,0.047771,-0.013570,0.015998,-15.666301,-52.738201,18.801300,-93.396698,0.129960,17.611099,-0.179973,-0.474949,-0.685223,0.522018,-686.245117,1516.188599,-4433.139160,-680.794983,1436.007446,-4445.812500,-673.114807,1560.918213,-4458.468262,-704.074158,1465.338501,-4396.053223,-686.996704,1602.490723,-4432.222168,-680.583252,1436.144409,-4445.516113,-673.543945,1560.758179,-4458.753418,-704.185364,1465.428711,-4396.361816,-686.688660,1602.408691,-4431.929688,2616.311523,1567.752319,-3159.790283,,,,,,,,,,,,,,,,,,,,,,,,,,,,,,,,,
3371,33.710000,0.000000,0.000000,0.000000,1.000000,0.000000,0.000000,0.000000,57.698101,20.499701,-14.700500,0.047771,-0.013570,0.015998,-15.666301,-52.738201,18.801300,-93.396698,0.129960,17.611099,-0.180416,-0.473843,-0.686004,0.521845,-686.894531,1516.427490,-4434.031250,-681.611145,1436.258423,-4446.850586,-673.713867,1561.176270,-4459.299805,-704.769897,1465.546509,-4397.009766,-687.483337,1602.729126,-4432.963379,-681.454529,1436.207642,-4446.616699,-674.061401,1560.974365,-4459.508301,-704.837830,1465.599854,-4397.290527,-687.242493,1602.921387,-4432.711426,2616.303467,1567.755127,-3159.785156,,,,,,,,,,,,,,,,,,,,,,,,,,,,,,,,,
3372,33.720000,0.000000,0.000000,0.000000,1.000000,0.000000,0.000000,0.000000,57.698101,20.499701,-14.700500,0.047771,-0.013570,0.015998,-15.666301,-52.738201,18.801300,-93.396698,0.129960,17.611099,-0.180068,-0.472649,-0.687924,0.520518,-687.341736,1516.604492,-4434.762695,-682.357788,1436.458618,-4447.843750,-673.955566,1561.385254,-4459.866699,-705.460632,1465.670776,-4397.932617,-687.593140,1602.903687,-4433.407227,-682.209229,1436.394287,-4447.581055,-674.299927,1561.260742,-4460.070801,-705.515869,1465.795288,-4398.266602,-687.358093,1602.967163,-4433.148926,2616.312988,1567.728027,-3159.776367,,,,,,,,,,,,,,,,,,,,,,,,,,,,,,,,,
3373,33.730000,0.000000,0.000000,0.000000,1.000000,0.000000,0.000000,0.000000,57.698101,20.499701,-14.700500,0.047771,-0.013570,0.015998,-15.666301,-52.738201,18.801300,-93.396698,0.129960,17.611099,-0.180904,-0.472314,-0.687419,0.521199,-687.821167,1516.893921,-4435.533691,-682.823242,1436.742188,-4448.575195,-674.518127,1561.665894,-4460.697266,-705.826172,1465.973877,-4398.628906,-688.117126,1603.193726,-4434.232910,-682.679199,1436.818848,-4448.250488,-674.879639,1561.544312,-4460.919434,-705.877747,1466.062134,-4399.003418,-687.865479,1603.147095,-4433.979004,2616.297607,1567.733765,-3159.776123,,,,,,,,,,,,,,,,,,,,,,,,,,,,,,,,,
3374,33.740000,0.000000,0.000000,0.000000,1.000000,0.000000,0.000000,0.000000,57.698101,20.499701,-14.700500,0.047771,-0.013570,0.015998,-15.666301,-52.738201,18.801300,-93.396698,0.129960,17.611099,-0.179822,-0.472285,-0.688962,0.519559,-688.455200,1517.187134,-4436.391113,-683.639221,1437.048218,-4449.578125,-674.934998,1561.971924,-4461.416016,-706.736877,1466.244141,-4399.654785,-688.509949,1603.484619,-4434.916016,-683.545349,1437.104736,-4449.219727,-675.218018,1561.887207,-4461.651855,-706.757141,1466.256592,-4400.035156,-688.307800,1603.499634,-4434.670898,2616.275635,1567.753052,-3159.765381,,,,,,,,,,,,,,,,,,,,,,,,,,,,,,,,,
3375,33.750000,0.000000,0.000000,0.000000,1.000000,0.000000,0.000000,0.000000,57.698101,20.499701,-14.700500,0.047771,-0.013570,0.015998,-15.666301,-52.738201,18.801300,-93.396698,0.129960,17.611099,-0.180990,-0.472163,-0.688222,0.520246,-688.869263,1517.492065,-4437.207520,-684.042419,1437.336182,-4450.287109,-675.440979,1562.246948,-4462.334961,-707.024292,1466.593750,-4400.346680,-688.969360,1603.791748,-4435.861328,-683.776550,1437.642822,-4449.808594,-676.017761,1562.190430,-4462.652344,-707.159851,1466.562622,-4400.742676,-688.521667,1603.589355,-4435.582031,2616.290039,1567.720581,-3159.766602,,,,,,,,,,,,,,,,,,,,,,,,,,,,,,,,,
3376,33.760000,0.000000,0.000000,0.000000,1.000000,0.000000,0.000000,0.000000,57.698101,20.499701,-14.700500,0.047771,-0.013570,0.015998,-15.666301,-52.738201,18.801300,-93.396698,0.129960,17.611099,-0.181103,-0.471323,-0.687691,0.521668,-689.697937,1517.958984,-4438.042480,-684.736572,1437.827271,-4451.219238,-676.428101,1562.768311,-4463.157227,-707.651550,1466.984009,-4401.188965,-689.975647,1604.256714,-4436.604980,-684.529236,1438.046631,-4450.685059,-676.921082,1562.432617,-4463.728027,-707.762878,1466.842529,-4401.658203,-689.619629,1604.489502,-4436.130859,2616.287354,1567.740723,-3159.774170,,,,,,,,,,,,,,,,,,,,,,,,,,,,,,,,,
3377,33.770000,0.000000,0.000000,0.000000,1.000000,0.000000,0.000000,0.000000,57.698101,20.499701,-14.700500,0.047771,-0.013570,0.015998,-15.666301,-52.738201,18.801300,-93.396698,0.129960,17.611099,-0.182001,-0.470002,-0.687183,0.523215,-690.451599,1518.311890,-4438.917969,-685.439758,1438.199341,-4452.192871,-677.348389,1563.162964,-4464.045410,-708.180359,1467.277588,-4402.037598,-690.837952,1604.607666,-4437.395996,-685.172241,1438.401367,-4451.689453,-677.915161,1562.731201,-4464.751465,-708.339905,1467.161987,-4402.457031,-690.429565,1604.914062,-4436.814453,2616.281982,1567.723267,-3159.774902,,,,,,,,,,,,,,,,,,,,,,,,,,,,,,,,,
3378,33.780000,0.000000,0.000000,0.000000,1.000000,0.000000,0.000000,0.000000,57.698101,20.499701,-14.700500,0.047771,-0.013570,0.015998,-15.666301,-52.738201,18.801300,-93.396698,0.129960,17.611099,-0.181160,-0.472738,-0.685424,0.523349,-691.363831,1518.474731,-4440.169922,-686.003967,1438.323364,-4453.068359,-678.349426,1563.262451,-4465.456055,-709.018494,1467.538818,-4403.118164,-692.083435,1604.774414,-4439.036621,-685.738098,1438.767578,-4452.539062,-678.871887,1563.050293,-4465.763184,-709.131165,1467.476685,-4403.517090,-691.696045,1604.677368,-4438.762695,2616.296631,1567.728638,-3159.762207,,,,,,,,,,,,,,,,,,,,,,,,,,,,,,,,,
3379,33.790000,0.000000,0.000000,0.000000,1.000000,0.000000,0.000000,0.000000,57.698101,20.499701,-14.700500,0.047771,-0.013570,0.015998,-15.666301,-52.738201,18.801300,-93.396698,0.129960,17.611099,-0.180131,-0.474371,-0.684346,0.523637,-692.461060,1518.791016,-4441.442871,-686.822266,1438.630005,-4454.161621,-679.522766,1563.566162,-4466.790039,-710.049622,1467.877686,-4404.328613,-693.449707,1605.090210,-4440.491211,-686.683044,1438.960449,-4453.835938,-679.972412,1563.337158,-4466.775879,-710.095947,1467.683350,-4404.665039,-693.120667,1605.186768,-4440.476562,2616.274170,1567.752808,-3159.770020,,,,,,,,,,,,,,,,,,,,,,,,,,,,,,,,,
3380,33.800000,0.000000,0.000000,0.000000,1.000000,0.000000,0.000000,0.000000,57.698101,20.499701,-14.700500,0.047771,-0.013570,0.015998,-15.666301,-52.738201,18.801300,-93.396698,0.129960,17.611099,-0.178202,-0.475877,-0.684246,0.523061,-693.513794,1519.067139,-4442.674316,-687.679749,1438.911499,-4455.337891,-680.531311,1563.855591,-4467.975586,-711.191711,1468.136841,-4405.625977,-694.652527,1605.364868,-4441.756836,-687.688416,1439.147827,-4455.066406,-680.818054,1563.808228,-4467.770996,-711.128418,1467.885742,-4405.946777,-694.429260,1605.418823,-4441.912109,2616.275879,1567.751587,-3159.777832,,,,,,,,,,,,,,,,,,,,,,,,,,,,,,,,,
3381,33.810000,0.000000,0.000000,0.000000,1.000000,0.000000,0.000000,0.000000,57.698101,20.499701,-14.700500,0.047771,-0.013570,0.015998,-15.666301,-52.738201,18.801300,-93.396698,0.129960,17.611099,-0.181213,-0.470529,-0.686289,0.524186,-694.173035,1519.407715,-4443.341797,-688.899475,1439.306641,-4456.583496,-681.203552,1564.290894,-4468.481445,-711.752930,1468.331177,-4406.448242,-694.836304,1605.702515,-4441.853027,-688.697327,1439.334229,-4456.120117,-681.734558,1564.174561,-4468.791504,-711.849243,1468.241943,-4406.913086,-694.434937,1605.878418,-4441.550293,2616.278076,1567.766602,-3159.773926,,,,,,,,,,,,,,,,,,,,,,,,,,,,,,,,,
3382,33.820000,0.000000,0.000000,0.000000,1.000000,0.000000,0.000000,0.000000,57.698101,20.499701,-14.700500,0.047771,-0.013570,0.015998,-15.666301,-52.738201,18.801300,-93.396698,0.129960,17.611099,-0.182582,-0.469687,-0.686314,0.524434,-695.134827,1519.676880,-4444.428711,-690.003174,1439.567017,-4457.672852,-682.183105,1564.539185,-4469.614746,-712.669739,1468.629028,-4407.474609,-695.683350,1605.972778,-4442.953125,-689.777771,1439.584961,-4457.290527,-682.722473,1564.406372,-4469.893066,-712.782715,1468.620361,-4407.872070,-695.291138,1606.087769,-4442.667480,2616.292480,1567.716675,-3159.765625,,,,,,,,,,,,,,,,,,,,,,,,,,,,,,,,,
3383,33.830000,0.000000,0.000000,0.000000,1.000000,0.000000,0.000000,0.000000,57.698101,20.499701,-14.700500,0.047771,-0.013570,0.015998,-15.666301,-52.738201,18.801300,-93.396698,0.129960,17.611099,-0.184506,-0.469099,-0.685268,0.525653,-696.182800,1519.888916,-4445.648438,-691.054260,1439.759766,-4458.776855,-683.385437,1564.716675,-4470.974121,-713.502258,1468.892700,-4408.521484,-696.789185,1606.186768,-4444.320312,-690.824707,1439.836182,-4458.384766,-683.908142,1564.594849,-4471.301758,-713.621765,1468.923096,-4408.917480,-696.409302,1606.190063,-4443.999023,2616.297363,1567.709473,-3159.761475,,,,,,,,,,,,,,,,,,,,,,,,,,,,,,,,,
3384,33.840000,0.000000,0.000000,0.000000,1.000000,0.000000,0.000000,0.000000,57.698101,20.499701,-14.700500,0.047771,-0.013570,0.015998,-15.666301,-52.738201,18.801300,-93.396698,0.129960,17.611099,-0.184492,-0.469676,-0.685191,0.525244,-697.265747,1520.116943,-4446.888184,-692.144775,1439.973389,-4459.931152,-684.432129,1564.916138,-4472.246094,-714.634644,1469.162231,-4409.727051,-697.851562,1606.416260,-4445.647461,-691.952881,1440.113647,-4459.607422,-684.845581,1564.793701,-4472.514648,-714.738281,1469.150146,-4410.028809,-697.543152,1606.405029,-4445.397949,2616.292725,1567.745239,-3159.775879,,,,,,,,,,,,,,,,,,,,,,,,,,,,,,,,,
3385,33.850000,0.000000,0.000000,0.000000,1.000000,0.000000,0.000000,0.000000,57.698101,20.499701,-14.700500,0.047771,-0.013570,0.015998,-15.666301,-52.738201,18.801300,-93.396698,0.129960,17.611099,-0.183884,-0.470785,-0.684733,0.525061,-698.236755,1520.432129,-4448.025391,-692.992676,1440.276978,-4460.947754,-685.406677,1565.211914,-4473.419434,-715.618286,1469.507690,-4410.829102,-698.929504,1606.732300,-4446.904785,-692.855042,1440.432129,-4460.599609,-685.786987,1564.963379,-4473.634766,-715.675842,1469.393921,-4411.189453,-698.657837,1606.920532,-4446.693848,2616.275879,1567.773438,-3159.796631,,,,,,,,,,,,,,,,,,,,,,,,,,,,,,,,,
3386,33.860000,0.000000,0.000000,0.000000,1.000000,0.000000,0.000000,0.000000,57.698101,20.499701,-14.700500,0.047771,-0.013570,0.015998,-15.666301,-52.738201,18.801300,-93.396698,0.129960,17.611099,-0.183358,-0.470650,-0.686087,0.523596,-699.322388,1520.565796,-4449.346191,-694.285522,1440.414307,-4462.374023,-686.296509,1565.344360,-4474.642578,-716.947021,1469.638794,-4412.267578,-699.760620,1606.865723,-4448.099609,-694.161133,1440.634521,-4461.999512,-686.682739,1565.109253,-4474.795410,-716.991211,1469.469604,-4412.655273,-699.477600,1607.035767,-4447.946289,2616.247559,1567.729492,-3159.798340,,,,,,,,,,,,,,,,,,,,,,,,,,,,,,,,,
3387,33.870000,0.000000,0.000000,0.000000,1.000000,0.000000,0.000000,0.000000,57.698101,20.499701,-14.700500,0.047771,-0.013570,0.015998,-15.666301,-52.738201,18.801300,-93.396698,0.129960,17.611099,-0.183750,-0.469643,-0.686596,0.523696,-700.334534,1520.749146,-4450.475098,-695.408264,1440.611450,-4463.629883,-687.295654,1565.550415,-4475.724609,-717.961487,1469.786987,-4413.446289,-700.672791,1607.047729,-4449.099609,-695.386780,1440.772339,-4463.302734,-687.489563,1565.260742,-4475.872559,-717.921753,1469.674561,-4413.820312,-700.549316,1607.268921,-4448.927246,2616.293457,1567.755737,-3159.787354,,,,,,,,,,,,,,,,,,,,,,,,,,,,,,,,,
3388,33.880000,0.000000,0.000000,0.000000,1.000000,0.000000,0.000000,0.000000,57.698101,20.499701,-14.700500,0.047771,-0.013570,0.015998,-15.666301,-52.738201,18.801300,-93.396698,0.129960,17.611099,-0.185149,-0.467783,-0.687203,0.524072,-701.647461,1520.825928,-4451.827148,-696.943726,1440.701904,-4465.145020,-688.614746,1565.645142,-4477.047852,-719.234192,1469.834595,-4414.819336,-701.797302,1607.122437,-4450.295410,-696.785522,1440.777222,-4464.706055,-688.983582,1565.322510,-4477.528809,-719.310303,1469.731812,-4415.222168,-701.516174,1607.480225,-4449.834473,2616.256348,1567.744141,-3159.788086,,,,,,,,,,,,,,,,,,,,,,,,,,,,,,,,,
3389,33.890000,0.000000,0.000000,0.000000,1.000000,0.000000,0.000000,0.000000,57.698101,20.499701,-14.700500,0.047771,-0.013570,0.015998,-15.666301,-52.738201,18.801300,-93.396698,0.129960,17.611099,-0.186477,-0.467864,-0.686514,0.524431,-703.079102,1520.902466,-4453.385254,-698.406128,1440.751953,-4466.552734,-690.105408,1565.670776,-4478.727051,-720.579346,1469.985840,-4416.233887,-703.225647,1607.201782,-4452.027344,-698.261169,1441.319214,-4466.055176,-690.409180,1565.401123,-4479.018066,-720.632568,1469.847168,-4416.561035,-703.004578,1607.171753,-4451.801270,2616.296875,1567.732422,-3159.786377,,,,,,,,,,,,,,,,,,,,,,,,,,,,,,,,,
3390,33.900000,0.000000,0.000000,0.000000,1.000000,0.000000,0.000000,0.000000,57.698101,20.499701,-14.700500,0.047771,-0.013570,0.015998,-15.666301,-52.738201,18.801300,-93.396698,0.129960,17.611099,-0.186432,-0.469677,-0.684468,0.525501,-704.592957,1520.896606,-4454.802734,-699.569885,1440.715454,-4467.651855,-691.808105,1565.619995,-4480.318359,-721.880005,1470.051880,-4417.453125,-705.113831,1607.199219,-4453.786133,-699.520020,1441.300659,-4467.320312,-691.983215,1565.499512,-4480.403809,-721.883484,1469.993408,-4417.685059,-704.963379,1606.939453,-4453.705566,2616.308838,1567.729370,-3159.777100,,,,,,,,,,,,,,,,,,,,,,,,,,,,,,,,,
3391,33.910000,0.000000,0.000000,0.000000,1.000000,0.000000,0.000000,0.000000,57.698101,20.499701,-14.700500,0.047771,-0.013570,0.015998,-15.666301,-52.738201,18.801300,-93.396698,0.129960,17.611099,-0.185350,-0.472212,-0.683510,0.524857,-705.996826,1520.965820,-4455.979492,-700.750549,1440.751343,-4468.527344,-693.192932,1565.627075,-4481.594727,-723.342163,1470.214844,-4418.529785,-706.701721,1607.270142,-4455.265625,-700.598083,1441.030762,-4468.064453,-693.573486,1565.571655,-4481.875488,-723.408752,1470.170898,-4418.930176,-706.403809,1607.114746,-4455.011230,2616.317871,1567.708862,-3159.784424,,,,,,,,,,,,,,,,,,,,,,,,,,,,,,,,,
3392,33.920000,0.000000,0.000000,0.000000,1.000000,0.000000,0.000000,0.000000,57.698101,20.499701,-14.700500,0.047771,-0.013570,0.015998,-15.666301,-52.738201,18.801300,-93.396698,0.129960,17.611099,-0.185748,-0.472603,-0.682447,0.525747,-707.361206,1521.058228,-4457.209961,-701.963623,1440.834473,-4469.634766,-694.686157,1565.704468,-4482.915527,-724.548767,1470.332031,-4419.654297,-708.246399,1607.361938,-4456.635254,-701.961304,1440.936279,-4469.320801,-694.789368,1565.776978,-4483.138184,-724.532959,1470.319092,-4419.927734,-708.160645,1607.204346,-4456.441895,2616.307617,1567.750122,-3159.783936,,,,,,,,,,,,,,,,,,,,,,,,,,,,,,,,,
3393,33.930000,0.000000,0.000000,0.000000,1.000000,0.000000,0.000000,0.000000,57.698101,20.499701,-14.700500,0.047771,-0.013570,0.015998,-15.666301,-52.738201,18.801300,-93.396698,0.129960,17.611099,-0.186088,-0.472021,-0.682225,0.526438,-708.777649,1521.262939,-4458.351562,-703.351196,1441.048706,-4470.825195,-696.177856,1565.929810,-4484.058105,-725.864624,1470.507446,-4420.789551,-709.717041,1607.565796,-4457.733398,-703.579285,1440.921875,-4470.617676,-695.951355,1566.021606,-4484.123535,-725.684265,1470.418945,-4420.979980,-709.903442,1607.677246,-4457.677246,2616.301758,1567.744263,-3159.784424,,,,,,,,,,,,,,,,,,,,,,,,,,,,,,,,,
3394,33.940000,0.000000,0.000000,0.000000,1.000000,0.000000,0.000000,0.000000,57.698101,20.499701,-14.700500,0.047771,-0.013570,0.015998,-15.666301,-52.738201,18.801300,-93.396698,0.129960,17.611099,-0.185854,-0.471706,-0.682344,0.526647,-710.010742,1521.433960,-4459.387207,-704.565308,1441.232056,-4471.931152,-697.427002,1566.126343,-4485.057129,-727.078125,1470.641602,-4421.866211,-710.972778,1607.735962,-4458.694336,-704.914673,1441.096313,-4471.774414,-697.049011,1566.256470,-4484.963379,-726.806335,1470.525879,-4422.031738,-711.275269,1607.855469,-4458.768555,2616.306152,1567.741699,-3159.787842,,,,,,,,,,,,,,,,,,,,,,,,,,,,,,,,,
3395,33.950000,0.000000,0.000000,0.000000,1.000000,0.000000,0.000000,0.000000,57.698101,20.499701,-14.700500,0.047771,-0.013570,0.015998,-15.666301,-52.738201,18.801300,-93.396698,0.129960,17.611099,-0.187539,-0.469699,-0.682285,0.527920,-711.328796,1521.546631,-4460.480469,-705.997375,1441.359253,-4473.165527,-698.865784,1566.267822,-4486.159180,-728.211853,1470.711426,-4422.934570,-712.240356,1607.848022,-4459.663574,-706.289917,1441.077515,-4472.989258,-698.583740,1566.355347,-4486.134766,-727.980408,1470.665039,-4423.130371,-712.498474,1608.064697,-4459.650391,2616.305176,1567.766846,-3159.786865,,,,,,,,,,,,,,,,,,,,,,,,,,,,,,,,,
3396,33.960000,0.000000,0.000000,0.000000,1.000000,0.000000,0.000000,0.000000,57.698101,20.499701,-14.700500,0.047771,-0.013570,0.015998,-15.666301,-52.738201,18.801300,-93.396698,0.129960,17.611099,-0.186040,-0.469448,-0.683204,0.527485,-712.669006,1521.644531,-4461.501953,-707.325195,1441.489502,-4474.383789,-700.129883,1566.429810,-4487.031250,-729.659729,1470.715454,-4424.132324,-713.561279,1607.943848,-4460.459961,-707.535400,1441.099731,-4474.183105,-699.944336,1566.418945,-4487.097168,-729.475281,1470.738037,-4424.369629,-713.781067,1608.313354,-4460.315918,2616.266846,1567.731323,-3159.790527,,,,,,,,,,,,,,,,,,,,,,,,,,,,,,,,,
3397,33.970000,0.000000,0.000000,0.000000,1.000000,0.000000,0.000000,0.000000,57.698101,20.499701,-14.700500,0.047771,-0.013570,0.015998,-15.666301,-52.738201,18.801300,-93.396698,0.129960,17.611099,-0.187651,-0.467994,-0.682298,0.529376,-713.907410,1521.692749,-4462.449219,-708.520081,1441.547363,-4475.373535,-701.584351,1566.500122,-4488.045410,-730.603638,1470.733276,-4424.987793,-714.921692,1607.990479,-4461.389648,-708.513672,1441.229126,-4475.016113,-701.647827,1566.348877,-4488.412598,-730.558777,1470.781982,-4425.355469,-714.909546,1608.453125,-4460.931641,2616.320557,1567.759155,-3159.779785,,,,,,,,,,,,,,,,,,,,,,,,,,,,,,,,,
3398,33.980000,0.000000,0.000000,0.000000,1.000000,0.000000,0.000000,0.000000,57.698101,20.499701,-14.700500,0.047771,-0.013570,0.015998,-15.666301,-52.738201,18.801300,-93.396698,0.129960,17.611099,-0.187221,-0.467538,-0.682525,0.529637,-715.190613,1521.743530,-4463.371582,-709.776062,1441.618042,-4476.408203,-702.884521,1566.590698,-4488.905762,-731.867004,1470.726196,-4425.980469,-716.234863,1608.039429,-4462.192383,-709.663757,1441.334595,-4475.974121,-703.119019,1566.354614,-4489.442383,-731.896057,1470.763672,-4426.415527,-716.070190,1608.595337,-4461.564453,2616.312988,1567.728149,-3159.772705,,,,,,,,,,,,,,,,,,,,,,,,,,,,,,,,,
3399,33.990000,0.000000,0.000000,0.000000,1.000000,0.000000,0.000000,0.000000,57.698101,20.499701,-14.700500,0.047771,-0.013570,0.015998,-15.666301,-52.738201,18.801300,-93.396698,0.129960,17.611099,-0.188706,-0.467875,-0.680804,0.531026,-716.640503,1521.646484,-4464.631836,-711.075806,1441.494263,-4477.437988,-704.537170,1566.443604,-4490.350586,-733.056213,1470.705688,-4427.021484,-717.893066,1607.942749,-4463.717773,-711.035400,1441.445190,-4477.171875,-704.677368,1566.355225,-4490.555176,-733.046265,1470.750854,-4427.322266,-717.802612,1608.036011,-4463.485352,2616.332275,1567.735229,-3159.764893,,,,,,,,,,,,,,,,,,,,,,,,,,,,,,,,,
3400,34.000000,0.000000,0.000000,0.000000,1.000000,0.000000,0.000000,0.000000,57.698101,20.499701,-14.700500,0.047771,-0.013570,0.015998,-15.666301,-52.738201,18.801300,-93.396698,0.129960,17.611099,-0.189158,-0.467446,-0.680630,0.531466,-718.033997,1521.677734,-4465.680664,-712.473145,1441.527954,-4478.503906,-705.979309,1566.479980,-4491.413086,-734.381348,1470.729736,-4428.050293,-719.302185,1607.973633,-4464.755371,-712.488831,1441.917480,-4478.194824,-706.061951,1566.302490,-4491.549316,-734.333008,1470.768311,-4428.340820,-719.252502,1607.796021,-4464.593262,2616.319580,1567.758789,-3159.762451,,,,,,,,,,,,,,,,,,,,,,,,,,,,,,,,,
3401,34.010000,0.000000,0.000000,0.000000,1.000000,0.000000,0.000000,0.000000,57.698101,20.499701,-14.700500,0.047771,-0.013570,0.015998,-15.666301,-52.738201,18.801300,-93.396698,0.129960,17.611099,-0.189573,-0.466788,-0.680785,0.531698,-719.177979,1521.704224,-4466.590332,-713.674316,1441.560547,-4479.476562,-707.138123,1566.518311,-4492.309082,-735.496521,1470.738159,-4428.971680,-720.402954,1608.000000,-4465.604492,-713.743042,1442.042358,-4479.134766,-707.191101,1566.314087,-4492.384766,-735.395813,1470.822998,-4429.324219,-720.386536,1607.760254,-4465.468262,2616.275146,1567.726440,-3159.773682,,,,,,,,,,,,,,,,,,,,,,,,,,,,,,,,,
3402,34.020000,0.000000,0.000000,0.000000,1.000000,0.000000,0.000000,0.000000,57.698101,20.499701,-14.700500,0.047771,-0.013570,0.015998,-15.666301,-52.738201,18.801300,-93.396698,0.129960,17.611099,-0.191354,-0.465425,-0.680556,0.532548,-720.440918,1521.640259,-4467.677734,-715.061157,1441.493286,-4480.595215,-708.488647,1566.446777,-4493.450195,-736.620056,1470.684326,-4429.985352,-721.593933,1607.937012,-4466.679688,-715.094421,1441.558960,-4480.397949,-708.529785,1566.282349,-4493.520020,-736.511780,1470.952515,-4430.347656,-721.609131,1607.815063,-4466.501465,2616.289551,1567.735962,-3159.768066,,,,,,,,,,,,,,,,,,,,,,,,,,,,,,,,,
3403,34.030000,0.000000,0.000000,0.000000,1.000000,0.000000,0.000000,0.000000,57.698101,20.499701,-14.700500,0.047771,-0.013570,0.015998,-15.666301,-52.738201,18.801300,-93.396698,0.129960,17.611099,-0.192073,-0.463566,-0.681300,0.532959,-721.478027,1521.634521,-4468.623535,-716.267334,1441.513062,-4481.766602,-709.532043,1566.489136,-4494.315430,-737.624451,1470.606201,-4431.015625,-722.488464,1607.930054,-4467.396973,-716.253174,1441.369019,-4481.676270,-709.594482,1566.379150,-4494.346680,-737.562744,1470.953491,-4431.271484,-722.489685,1607.897339,-4467.242188,2616.273682,1567.736328,-3159.771240,,,,,,,,,,,,,,,,,,,,,,,,,,,,,,,,,
3404,34.040000,0.000000,0.000000,0.000000,1.000000,0.000000,0.000000,0.000000,57.698101,20.499701,-14.700500,0.047771,-0.013570,0.015998,-15.666301,-52.738201,18.801300,-93.396698,0.129960,17.611099,-0.194419,-0.460611,-0.681236,0.534750,-722.539307,1521.718750,-4469.617188,-717.499268,1441.621704,-4482.974121,-710.763672,1566.619141,-4495.308105,-738.424500,1470.622192,-4431.990723,-723.469910,1608.012207,-4468.196777,-717.419128,1441.440674,-4482.903809,-710.857361,1566.488037,-4495.480957,-738.442261,1470.976318,-4432.174805,-723.441040,1608.009888,-4467.922363,2616.297363,1567.748901,-3159.772217,,,,,,,,,,,,,,,,,,,,,,,,,,,,,,,,,
3405,34.050000,0.000000,0.000000,0.000000,1.000000,0.000000,0.000000,0.000000,57.698101,20.499701,-14.700500,0.047771,-0.013570,0.015998,-15.666301,-52.738201,18.801300,-93.396698,0.129960,17.611099,-0.193876,-0.460720,-0.680977,0.535182,-723.742065,1521.774048,-4470.712402,-718.584534,1441.688965,-4484.096191,-712.020447,1566.700195,-4496.382324,-739.568787,1470.641602,-4433.109375,-724.794556,1608.065552,-4469.260742,-718.555420,1441.577271,-4484.044434,-712.060303,1566.589233,-4496.464844,-739.542480,1470.973633,-4433.282715,-724.806580,1608.005859,-4469.076172,2616.282227,1567.776123,-3159.773926,,,,,,,,,,,,,,,,,,,,,,,,,,,,,,,,,
3406,34.060000,0.000000,0.000000,0.000000,1.000000,0.000000,0.000000,0.000000,57.698101,20.499701,-14.700500,0.047771,-0.013570,0.015998,-15.666301,-52.738201,18.801300,-93.396698,0.129960,17.611099,-0.191399,-0.461288,-0.681730,0.534626,-724.961792,1521.856567,-4471.888672,-719.664551,1441.808228,-4485.436035,-713.160034,1566.854004,-4497.396484,-740.919922,1470.620850,-4434.482422,-726.102905,1608.143433,-4470.239258,-719.687439,1441.586792,-4485.350586,-713.169556,1566.663330,-4497.410156,-740.838440,1470.802368,-4434.698730,-726.150208,1608.395996,-4470.097168,2616.274658,1567.734741,-3159.775879,,,,,,,,,,,,,,,,,,,,,,,,,,,,,,,,,
3407,34.070000,0.000000,0.000000,0.000000,1.000000,0.000000,0.000000,0.000000,57.698101,20.499701,-14.700500,0.047771,-0.013570,0.015998,-15.666301,-52.738201,18.801300,-93.396698,0.129960,17.611099,-0.190817,-0.461564,-0.681238,0.535221,-725.991638,1521.908325,-4472.923828,-720.531189,1441.870850,-4486.471191,-714.270020,1566.929565,-4498.426270,-741.861450,1470.640259,-4435.524414,-727.304077,1608.192627,-4471.272949,-720.459106,1441.675659,-4486.256836,-714.447937,1566.784546,-4498.562988,-741.851257,1470.822632,-4435.854004,-727.202637,1608.365112,-4471.032715,2616.281494,1567.729004,-3159.773682,,,,,,,,,,,,,,,,,,,,,,,,,,,,,,,,,
3408,34.080000,0.000000,0.000000,0.000000,1.000000,0.000000,0.000000,0.000000,57.698101,20.499701,-14.700500,0.047771,-0.013570,0.015998,-15.666301,-52.738201,18.801300,-93.396698,0.129960,17.611099,-0.188568,-0.462773,-0.681178,0.535051,-726.972351,1521.976196,-4473.953613,-721.261292,1441.960693,-4487.526855,-715.243042,1567.041626,-4499.375000,-742.888306,1470.646606,-4436.658203,-728.496765,1608.256226,-4472.254395,-721.098877,1441.818726,-4487.194336,-715.622131,1566.836060,-4499.604492,-742.943481,1470.719238,-4437.074707,-728.229492,1608.537842,-4471.941895,2616.250244,1567.761841,-3159.779541,,,,,,,,,,,,,,,,,,,,,,,,,,,,,,,,,
3409,34.090000,0.000000,0.000000,0.000000,1.000000,0.000000,0.000000,0.000000,57.698101,20.499701,-14.700500,0.047771,-0.013570,0.015998,-15.666301,-52.738201,18.801300,-93.396698,0.129960,17.611099,-0.187298,-0.463194,-0.681133,0.535190,-728.113831,1521.976807,-4475.096191,-722.249207,1441.981201,-4488.721191,-716.403748,1567.080811,-4500.458008,-744.024902,1470.592529,-4437.874512,-729.777527,1608.252930,-4473.331055,-721.974182,1441.878784,-4488.256348,-716.983276,1566.712769,-4501.018555,-744.164246,1470.629883,-4438.362305,-729.358337,1608.688965,-4472.737305,2616.249023,1567.728882,-3159.794922,,,,,,,,,,,,,,,,,,,,,,,,,,,,,,,,,
3410,34.100000,0.000000,0.000000,0.000000,1.000000,0.000000,0.000000,0.000000,57.698101,20.499701,-14.700500,0.047771,-0.013570,0.015998,-15.666301,-52.738201,18.801300,-93.396698,0.129960,17.611099,-0.187864,-0.462247,-0.681149,0.535790,-729.071899,1522.062744,-4476.222656,-723.245605,1442.079346,-4489.935547,-717.417480,1567.189331,-4501.569824,-744.900085,1470.645386,-4439.011230,-730.724487,1608.337280,-4474.374023,-722.958862,1441.923096,-4489.535645,-717.967285,1566.776367,-4502.204590,-745.054321,1470.731934,-4439.427246,-730.330688,1608.826904,-4473.700684,2616.279541,1567.727295,-3159.777100,,,,,,,,,,,,,,,,,,,,,,,,,,,,,,,,,
3411,34.110000,0.000000,0.000000,0.000000,1.000000,0.000000,0.000000,0.000000,57.698101,20.499701,-14.700500,0.047771,-0.013570,0.015998,-15.666301,-52.738201,18.801300,-93.396698,0.129960,17.611099,-0.187670,-0.462541,-0.681194,0.535546,-730.112610,1522.022583,-4477.444336,-724.282349,1442.035278,-4491.132812,-718.433289,1567.141846,-4502.792969,-745.976074,1470.615723,-4440.233398,-731.758911,1608.297729,-4475.617676,-723.916809,1441.850952,-4490.692383,-719.120239,1566.697266,-4503.548340,-746.192688,1470.650757,-4440.663574,-731.191956,1608.987671,-4474.771973,2616.267578,1567.745605,-3159.771973,,,,,,,,,,,,,,,,,,,,,,,,,,,,,,,,,
3412,34.120000,0.000000,0.000000,0.000000,1.000000,0.000000,0.000000,0.000000,57.698101,20.499701,-14.700500,0.047771,-0.013570,0.015998,-15.666301,-52.738201,18.801300,-93.396698,0.129960,17.611099,-0.187092,-0.462814,-0.681670,0.534908,-730.953247,1522.037598,-4478.594238,-725.157043,1442.052124,-4492.308105,-719.193604,1567.159668,-4503.900879,-746.923706,1470.625854,-4441.436035,-732.538940,1608.313110,-4476.732422,-724.818359,1441.886841,-4491.847168,-719.833740,1566.679565,-4504.725098,-747.112915,1470.717529,-4441.885742,-732.080505,1608.868774,-4475.898438,2616.288330,1567.770264,-3159.789062,,,,,,,,,,,,,,,,,,,,,,,,,,,,,,,,,
3413,34.130000,0.000000,0.000000,0.000000,1.000000,0.000000,0.000000,0.000000,57.698101,20.499701,-14.700500,0.047771,-0.013570,0.015998,-15.666301,-52.738201,18.801300,-93.396698,0.129960,17.611099,-0.186120,-0.463669,-0.681576,0.534626,-731.823059,1521.953735,-4479.904297,-725.918152,1441.969360,-4493.578125,-720.043274,1567.078735,-4505.196289,-747.836914,1470.538696,-4442.768555,-733.494080,1608.228271,-4478.073730,-725.491455,1441.654053,-4493.092773,-720.825317,1566.590820,-4506.064453,-748.073303,1470.716919,-4443.275879,-732.916138,1608.888062,-4477.117676,2616.293701,1567.770020,-3159.789062,,,,,,,,,,,,,,,,,,,,,,,,,,,,,,,,,
3414,34.140000,0.000000,0.000000,0.000000,1.000000,0.000000,0.000000,0.000000,57.698101,20.499701,-14.700500,0.047771,-0.013570,0.015998,-15.666301,-52.738201,18.801300,-93.396698,0.129960,17.611099,-0.185225,-0.464380,-0.681438,0.534495,-732.665833,1521.933960,-4481.115723,-726.647827,1441.953247,-4494.762207,-720.882202,1567.066650,-4506.392090,-748.701111,1470.508911,-4444.003418,-734.432312,1608.207031,-4479.304688,-726.194946,1441.620483,-4494.321289,-721.688965,1566.598389,-4507.218262,-748.955872,1470.701416,-4444.467773,-733.834717,1608.843506,-4478.391602,2616.284180,1567.732788,-3159.787354,,,,,,,,,,,,,,,,,,,,,,,,,,,,,,,,,
3415,34.150000,0.000000,0.000000,0.000000,1.000000,0.000000,0.000000,0.000000,57.698101,20.499701,-14.700500,0.047771,-0.013570,0.015998,-15.666301,-52.738201,18.801300,-93.396698,0.129960,17.611099,-0.184437,-0.464375,-0.682845,0.532974,-733.708191,1521.908813,-4482.433105,-727.876770,1441.933105,-4496.189453,-721.720337,1567.047852,-4507.602051,-750.001160,1470.470825,-4445.451172,-735.234741,1608.183472,-4480.490234,-727.558350,1441.762939,-4495.645508,-722.365540,1566.654541,-4508.377441,-750.169617,1470.535278,-4445.994141,-734.759949,1608.702026,-4479.687012,2616.306152,1567.731445,-3159.780518,,,,,,,,,,,,,,,,,,,,,,,,,,,,,,,,,
3416,34.160000,0.000000,0.000000,0.000000,1.000000,0.000000,0.000000,0.000000,57.698101,20.499701,-14.700500,0.047771,-0.013570,0.015998,-15.666301,-52.738201,18.801300,-93.396698,0.129960,17.611099,-0.186588,-0.462788,-0.682677,0.533820,-734.621948,1521.973877,-4483.759277,-728.965820,1441.991455,-4497.549316,-722.715759,1567.098755,-4508.992188,-750.776306,1470.555054,-4446.689941,-736.030029,1608.250366,-4481.805176,-728.612976,1442.034790,-4497.085449,-723.386353,1566.546509,-4509.817383,-750.976624,1470.559326,-4447.085938,-735.561035,1608.701416,-4481.067383,2616.329590,1567.738281,-3159.775146,,,,,,,,,,,,,,,,,,,,,,,,,,,,,,,,,
3417,34.170000,0.000000,0.000000,0.000000,1.000000,0.000000,0.000000,0.000000,57.698101,20.499701,-14.700500,0.047771,-0.013570,0.015998,-15.666301,-52.738201,18.801300,-93.396698,0.129960,17.611099,-0.183210,-0.469465,-0.680160,0.532372,-735.516968,1521.683960,-4485.213379,-729.191467,1441.627075,-4498.260254,-723.588074,1566.671753,-4510.679199,-751.798096,1470.474121,-4447.910645,-737.490295,1607.963135,-4484.002930,-729.001465,1441.773682,-4497.806152,-724.041565,1566.540894,-4510.989746,-751.882629,1470.505249,-4448.374512,-737.158997,1607.916870,-4483.689453,2616.287842,1567.714600,-3159.783447,,,,,,,,,,,,,,,,,,,,,,,,,,,,,,,,,
3418,34.180000,0.000000,0.000000,0.000000,1.000000,0.000000,0.000000,0.000000,57.698101,20.499701,-14.700500,0.047771,-0.013570,0.015998,-15.666301,-52.738201,18.801300,-93.396698,0.129960,17.611099,-0.184127,-0.469259,-0.680059,0.532366,-736.307434,1521.607788,-4486.534668,-730.068420,1441.535278,-4499.526855,-724.379211,1566.565430,-4512.054199,-752.575378,1470.441162,-4449.167480,-738.206848,1607.889404,-4485.389648,-729.839417,1441.659912,-4499.174805,-724.866089,1566.365479,-4512.381348,-752.695923,1470.547241,-4449.552734,-737.860291,1607.839355,-4485.046387,2616.285400,1567.745239,-3159.787598,,,,,,,,,,,,,,,,,,,,,,,,,,,,,,,,,
3419,34.190000,0.000000,0.000000,0.000000,1.000000,0.000000,0.000000,0.000000,57.698101,20.499701,-14.700500,0.047771,-0.013570,0.015998,-15.666301,-52.738201,18.801300,-93.396698,0.129960,17.611099,-0.184427,-0.468207,-0.681085,0.531876,-737.080322,1521.537842,-4487.862793,-731.044800,1441.475098,-4501.011230,-725.060425,1566.514648,-4513.304688,-753.446899,1470.340088,-4450.581055,-738.769348,1607.821411,-4486.553223,-730.860291,1441.497437,-4500.729980,-725.454224,1566.357666,-4513.563965,-753.535767,1470.530762,-4450.945801,-738.498352,1607.759888,-4486.241211,2616.279541,1567.717407,-3159.798096,,,,,,,,,,,,,,,,,,,,,,,,,,,,,,,,,
3420,34.200000,0.000000,0.000000,0.000000,1.000000,0.000000,0.000000,0.000000,57.698101,20.499701,-14.700500,0.047771,-0.013570,0.015998,-15.666301,-52.738201,18.801300,-93.396698,0.129960,17.611099,-0.184336,-0.467136,-0.682055,0.531607,-737.874146,1521.584839,-4489.242676,-731.980652,1441.543335,-4502.582520,-725.787720,1566.601196,-4514.583496,-754.313049,1470.327271,-4452.075684,-739.415222,1607.867920,-4487.728516,-731.820312,1441.373169,-4502.311523,-726.141052,1566.348999,-4514.804688,-754.364685,1470.448242,-4452.441895,-739.178284,1608.178711,-4487.405762,2616.311523,1567.757935,-3159.784912,,,,,,,,,,,,,,,,,,,,,,,,,,,,,,,,,
3421,34.210000,0.000000,0.000000,0.000000,1.000000,0.000000,0.000000,0.000000,57.698101,20.499701,-14.700500,0.047771,-0.013570,0.015998,-15.666301,-52.738201,18.801300,-93.396698,0.129960,17.611099,-0.182675,-0.467404,-0.683621,0.529930,-738.545837,1521.614624,-4490.521973,-732.773621,1441.589844,-4504.014648,-726.237122,1566.659668,-4515.704102,-755.276794,1470.311890,-4453.547852,-739.895874,1607.897461,-4488.820801,-732.662598,1441.405396,-4503.691406,-726.532532,1566.455322,-4515.904785,-755.281006,1470.430786,-4453.983398,-739.703186,1608.180664,-4488.513184,2616.335938,1567.712036,-3159.768066,,,,,,,,,,,,,,,,,,,,,,,,,,,,,,,,,
3422,34.220000,0.000000,0.000000,0.000000,1.000000,0.000000,0.000000,0.000000,57.698101,20.499701,-14.700500,0.047771,-0.013570,0.015998,-15.666301,-52.738201,18.801300,-93.396698,0.129960,17.611099,-0.184679,-0.466543,-0.683404,0.530274,-739.185181,1521.537842,-4491.846191,-733.586548,1441.490723,-4505.279297,-726.911743,1566.538696,-4517.124512,-755.842346,1470.297974,-4454.751953,-740.400085,1607.824341,-4490.228027,-733.441956,1441.424194,-4504.988770,-727.280029,1566.413818,-4517.281738,-755.882751,1470.486328,-4455.172852,-740.157166,1607.838257,-4489.985352,2616.314697,1567.728882,-3159.776123,,,,,,,,,,,,,,,,,,,,,,,,,,,,,,,,,
3423,34.230000,0.000000,0.000000,0.000000,1.000000,0.000000,0.000000,0.000000,57.698101,20.499701,-14.700500,0.047771,-0.013570,0.015998,-15.666301,-52.738201,18.801300,-93.396698,0.129960,17.611099,-0.185714,-0.466419,-0.683109,0.530401,-739.889709,1521.485962,-4493.329590,-734.356934,1441.420410,-4506.680664,-727.637512,1566.451050,-4518.681641,-756.507874,1470.297729,-4456.146484,-741.056519,1607.774902,-4491.809570,-734.350342,1441.341309,-4506.551270,-727.735840,1566.359741,-4518.674805,-756.435486,1470.570190,-4456.437500,-741.024597,1607.719727,-4491.704102,2616.269287,1567.729126,-3159.792480,,,,,,,,,,,,,,,,,,,,,,,,,,,,,,,,,
3424,34.240000,0.000000,0.000000,0.000000,1.000000,0.000000,0.000000,0.000000,57.698101,20.499701,-14.700500,0.047771,-0.013570,0.015998,-15.666301,-52.738201,18.801300,-93.396698,0.129960,17.611099,-0.186320,-0.465434,-0.683842,0.530109,-740.550964,1521.546265,-4494.859375,-735.204712,1441.486450,-4508.319824,-728.237610,1566.517822,-4520.170410,-757.227661,1470.345459,-4457.719727,-741.533813,1607.835449,-4493.227051,-735.094910,1441.405273,-4508.244141,-728.362427,1566.388916,-4520.422363,-757.290527,1470.630127,-4457.854980,-741.469299,1607.771973,-4492.922852,2616.258057,1567.752808,-3159.785645,,,,,,,,,,,,,,,,,,,,,,,,,,,,,,,,,
3425,34.250000,0.000000,0.000000,0.000000,1.000000,0.000000,0.000000,0.000000,57.698101,20.499701,-14.700500,0.047771,-0.013570,0.015998,-15.666301,-52.738201,18.801300,-93.396698,0.129960,17.611099,-0.183395,-0.466381,-0.685425,0.528250,-741.098755,1521.717407,-4496.245117,-735.744934,1441.686523,-4509.873535,-728.549316,1566.739990,-4521.348633,-758.105225,1470.440308,-4459.360840,-741.995605,1608.003174,-4494.396484,-735.713440,1441.505859,-4509.670410,-728.669983,1566.502563,-4521.489258,-758.050537,1470.639526,-4459.705566,-741.956116,1608.247803,-4494.130371,2616.240234,1567.719360,-3159.782959,,,,,,,,,,,,,,,,,,,,,,,,,,,,,,,,,
3426,34.260000,0.000000,0.000000,0.000000,1.000000,0.000000,0.000000,0.000000,57.698101,20.499701,-14.700500,0.047771,-0.013570,0.015998,-15.666301,-52.738201,18.801300,-93.396698,0.129960,17.611099,-0.183073,-0.466497,-0.686282,0.527146,-741.556885,1521.814453,-4497.640137,-736.343262,1441.780396,-4511.304199,-728.866089,1566.825317,-4522.693848,-758.740112,1470.551636,-4460.818359,-742.278076,1608.100830,-4495.743652,-736.269836,1441.619263,-4510.989746,-729.057007,1566.589966,-4523.013672,-758.730896,1470.676636,-4461.211914,-742.170349,1608.387085,-4495.339355,2616.258789,1567.690308,-3159.782715,,,,,,,,,,,,,,,,,,,,,,,,,,,,,,,,,
3427,34.270000,0.000000,0.000000,0.000000,1.000000,0.000000,0.000000,0.000000,57.698101,20.499701,-14.700500,0.047771,-0.013570,0.015998,-15.666301,-52.738201,18.801300,-93.396698,0.129960,17.611099,-0.183347,-0.467957,-0.685762,0.526433,-742.240356,1521.778809,-4499.258301,-737.016602,1441.702881,-4512.670898,-729.501648,1566.711426,-4524.427734,-759.491821,1470.630615,-4462.309570,-742.951477,1608.070557,-4497.625488,-737.066833,1441.667480,-4512.476074,-729.507812,1566.664185,-4524.523438,-759.392212,1470.811401,-4462.602051,-742.982605,1607.998047,-4497.460449,2616.328857,1567.729736,-3159.757568,,,,,,,,,,,,,,,,,,,,,,,,,,,,,,,,,
3428,34.280000,0.000000,0.000000,0.000000,1.000000,0.000000,0.000000,0.000000,57.698101,20.499701,-14.700500,0.047771,-0.013570,0.015998,-15.666301,-52.738201,18.801300,-93.396698,0.129960,17.611099,-0.180926,-0.471784,-0.685078,0.524743,-742.898865,1521.826538,-4500.842285,-737.394409,1441.709229,-4513.890625,-730.034424,1566.685791,-4526.078125,-760.365479,1470.788818,-4463.841309,-743.801331,1608.122314,-4499.558105,-737.483154,1441.847900,-4513.732910,-730.013245,1566.671753,-4526.076660,-760.248657,1470.926636,-4464.068359,-743.850281,1607.860718,-4499.501465,2616.308838,1567.725342,-3159.758789,,,,,,,,,,,,,,,,,,,,,,,,,,,,,,,,,
3429,34.290000,0.000000,0.000000,0.000000,1.000000,0.000000,0.000000,0.000000,57.698101,20.499701,-14.700500,0.047771,-0.013570,0.015998,-15.666301,-52.738201,18.801300,-93.396698,0.129960,17.611099,-0.179491,-0.473281,-0.685672,0.523108,-743.667664,1521.853638,-4502.504395,-738.171814,1441.723633,-4515.477539,-730.626282,1566.685913,-4527.697754,-761.379333,1470.854370,-4465.566895,-744.493286,1608.151245,-4501.274414,-738.398865,1441.705200,-4515.356934,-730.420715,1566.691528,-4527.590332,-761.157043,1470.882812,-4465.760742,-744.682190,1608.137207,-4501.315430,2616.280029,1567.726440,-3159.765869,,,,,,,,,,,,,,,,,,,,,,,,,,,,,,,,,
3430,34.300000,0.000000,0.000000,0.000000,1.000000,0.000000,0.000000,0.000000,57.698101,20.499701,-14.700500,0.047771,-0.013570,0.015998,-15.666301,-52.738201,18.801300,-93.396698,0.129960,17.611099,-0.176519,-0.475709,-0.686211,0.521207,-744.315369,1521.902100,-4504.046875,-738.667114,1441.769897,-4516.940918,-731.080444,1566.731201,-4529.144531,-762.318298,1470.908081,-4467.243652,-745.195679,1608.199585,-4502.858398,-738.870422,1441.880005,-4516.713379,-730.997375,1566.728027,-4529.060547,-762.110779,1470.835083,-4467.526367,-745.276855,1608.170410,-4502.899902,2616.291504,1567.730835,-3159.767090,,,,,,,,,,,,,,,,,,,,,,,,,,,,,,,,,
3431,34.310000,0.000000,0.000000,0.000000,1.000000,0.000000,0.000000,0.000000,57.698101,20.499701,-14.700500,0.047771,-0.013570,0.015998,-15.666301,-52.738201,18.801300,-93.396698,0.129960,17.611099,-0.178097,-0.475220,-0.685918,0.521501,-745.102661,1521.953125,-4505.628418,-739.571045,1441.800537,-4518.447754,-731.901428,1566.740479,-4530.818359,-763.042053,1471.018799,-4468.711914,-745.896179,1608.252808,-4504.536621,-739.560608,1441.837036,-4518.150391,-732.021667,1566.598145,-4531.032715,-762.988220,1471.132568,-4469.084961,-745.837036,1608.253296,-4504.277344,2616.297119,1567.728149,-3159.761963,,,,,,,,,,,,,,,,,,,,,,,,,,,,,,,,,
3432,34.320000,0.000000,0.000000,0.000000,1.000000,0.000000,0.000000,0.000000,57.698101,20.499701,-14.700500,0.047771,-0.013570,0.015998,-15.666301,-52.738201,18.801300,-93.396698,0.129960,17.611099,-0.178826,-0.475855,-0.685859,0.520750,-745.647766,1521.994507,-4507.003418,-740.226685,1441.809326,-4519.663574,-732.373413,1566.713623,-4532.275879,-763.673279,1471.158203,-4469.993652,-746.317871,1608.297119,-4506.080078,-740.140320,1441.891357,-4519.298828,-732.598328,1566.547241,-4532.659180,-763.690308,1471.253052,-4470.380859,-746.173462,1608.278198,-4505.697754,2616.261963,1567.727661,-3159.765869,,,,,,,,,,,,,,,,,,,,,,,,,,,,,,,,,
3433,34.330000,0.000000,0.000000,0.000000,1.000000,0.000000,0.000000,0.000000,57.698101,20.499701,-14.700500,0.047771,-0.013570,0.015998,-15.666301,-52.738201,18.801300,-93.396698,0.129960,17.611099,-0.180479,-0.474455,-0.685990,0.521285,-746.193787,1521.898804,-4508.448730,-740.944214,1441.712158,-4521.172363,-732.959290,1566.611328,-4533.753418,-764.139282,1471.069946,-4471.389648,-746.732422,1608.201782,-4507.478027,-740.816833,1441.808838,-4520.734375,-733.270081,1566.416504,-4534.223633,-764.202820,1470.971802,-4471.771973,-746.498047,1608.393799,-4507.069824,2616.270264,1567.741455,-3159.770020,,,,,,,,,,,,,,,,,,,,,,,,,,,,,,,,,
3434,34.340000,0.000000,0.000000,0.000000,1.000000,0.000000,0.000000,0.000000,57.698101,20.499701,-14.700500,0.047771,-0.013570,0.015998,-15.666301,-52.738201,18.801300,-93.396698,0.129960,17.611099,-0.181246,-0.473853,-0.686496,0.520900,-746.779114,1521.787842,-4509.897461,-741.704407,1441.595703,-4522.656250,-733.483826,1566.483276,-4535.200684,-764.784363,1470.981323,-4472.836426,-747.144104,1608.091431,-4508.895020,-741.552368,1441.624512,-4522.117676,-733.859985,1566.268677,-4535.775879,-764.858398,1470.853027,-4473.309082,-746.845032,1608.423462,-4508.363770,2616.301758,1567.754639,-3159.767822,,,,,,,,,,,,,,,,,,,,,,,,,,,,,,,,,
3435,34.350000,0.000000,0.000000,0.000000,1.000000,0.000000,0.000000,0.000000,57.698101,20.499701,-14.700500,0.047771,-0.013570,0.015998,-15.666301,-52.738201,18.801300,-93.396698,0.129960,17.611099,-0.181286,-0.471365,-0.689217,0.519548,-747.444885,1521.619141,-4511.309570,-742.826538,1441.470459,-4524.508301,-733.907227,1566.376465,-4536.374023,-765.722473,1470.713135,-4474.519531,-747.323364,1607.916626,-4509.835938,-742.521606,1441.408569,-4523.821777,-734.541321,1566.012085,-4537.393066,-765.898743,1470.612793,-4475.080566,-746.769592,1608.548828,-4508.803711,2616.281494,1567.782104,-3159.783203,,,,,,,,,,,,,,,,,,,,,,,,,,,,,,,,,
3436,34.360000,0.000000,0.000000,0.000000,1.000000,0.000000,0.000000,0.000000,57.698101,20.499701,-14.700500,0.047771,-0.013570,0.015998,-15.666301,-52.738201,18.801300,-93.396698,0.129960,17.611099,-0.182253,-0.469581,-0.690234,0.519475,-748.064392,1521.500244,-4512.656738,-743.700256,1441.371216,-4526.059570,-734.474060,1566.280518,-4537.651367,-766.379150,1470.556152,-4475.938477,-747.704224,1607.793335,-4510.977539,-743.219482,1441.256836,-4525.240723,-735.419373,1565.762207,-4539.118164,-766.656555,1470.525391,-4476.566406,-746.883301,1608.579346,-4509.481934,2616.272217,1567.750244,-3159.783203,,,,,,,,,,,,,,,,,,,,,,,,,,,,,,,,,
3437,34.370000,0.000000,0.000000,0.000000,1.000000,0.000000,0.000000,0.000000,57.698101,20.499701,-14.700500,0.047771,-0.013570,0.015998,-15.666301,-52.738201,18.801300,-93.396698,0.129960,17.611099,-0.183807,-0.468545,-0.690629,0.519339,-748.694031,1521.266602,-4514.130371,-744.564514,1441.129028,-4527.557129,-735.068359,1566.017090,-4539.159180,-767.024475,1470.362061,-4477.365234,-748.118713,1607.558228,-4512.440918,-743.984375,1441.023193,-4526.685059,-736.167053,1565.478638,-4540.773438,-767.365173,1470.305054,-4477.990723,-747.001770,1608.522095,-4510.589355,2616.299805,1567.742920,-3159.776855,,,,,,,,,,,,,,,,,,,,,,,,,,,,,,,,,
3438,34.380000,0.000000,0.000000,0.000000,1.000000,0.000000,0.000000,0.000000,57.698101,20.499701,-14.700500,0.047771,-0.013570,0.015998,-15.666301,-52.738201,18.801300,-93.396698,0.129960,17.611099,-0.184564,-0.468307,-0.690907,0.518915,-749.261658,1521.058350,-4515.430176,-745.276855,1440.909302,-4528.831055,-735.581177,1565.777222,-4540.485352,-767.648010,1470.197510,-4478.631836,-748.540833,1607.349487,-4513.771484,-744.675842,1440.744019,-4528.015137,-736.696777,1565.203979,-4542.196777,-768.004761,1470.200806,-4479.218262,-747.488770,1608.282104,-4511.920898,2616.302734,1567.727295,-3159.769043,,,,,,,,,,,,,,,,,,,,,,,,,,,,,,,,,
3439,34.390000,0.000000,0.000000,0.000000,1.000000,0.000000,0.000000,0.000000,57.698101,20.499701,-14.700500,0.047771,-0.013570,0.015998,-15.666301,-52.738201,18.801300,-93.396698,0.129960,17.611099,-0.182287,-0.470344,-0.691676,0.516849,-749.971252,1520.764526,-4516.863281,-745.947998,1440.605713,-4530.194824,-736.069397,1565.460449,-4541.837891,-768.671387,1469.936035,-4480.178711,-749.196411,1607.055908,-4515.241699,-745.313171,1440.513184,-4529.215332,-737.302673,1564.830322,-4543.520508,-769.022095,1469.908447,-4480.906250,-748.100342,1607.944214,-4513.483398,2616.301270,1567.741089,-3159.768311,,,,,,,,,,,,,,,,,,,,,,,,,,,,,,,,,
3440,34.400000,0.000000,0.000000,0.000000,1.000000,0.000000,0.000000,0.000000,57.698101,20.499701,-14.700500,0.047771,-0.013570,0.015998,-15.666301,-52.738201,18.801300,-93.396698,0.129960,17.611099,-0.182712,-0.470812,-0.691540,0.516453,-750.883179,1520.406494,-4518.583496,-746.908081,1440.227173,-4531.805176,-736.947327,1565.059692,-4543.615234,-769.623718,1469.639893,-4481.833984,-750.053650,1606.699585,-4517.079102,-746.286987,1440.087036,-4530.884277,-738.172607,1564.490479,-4545.271973,-769.981934,1469.613037,-4482.528320,-748.874817,1607.657349,-4515.225586,2616.266846,1567.754517,-3159.786377,,,,,,,,,,,,,,,,,,,,,,,,,,,,,,,,,
3441,34.410000,0.000000,0.000000,0.000000,1.000000,0.000000,0.000000,0.000000,57.698101,20.499701,-14.700500,0.047771,-0.013570,0.015998,-15.666301,-52.738201,18.801300,-93.396698,0.129960,17.611099,-0.184058,-0.470861,-0.691313,0.516235,-751.722595,1520.017456,-4520.208008,-747.875183,1439.810059,-4533.295410,-737.770325,1564.608276,-4545.341309,-770.467773,1469.339966,-4483.337891,-750.777100,1606.311890,-4518.855957,-747.286011,1439.763062,-4532.364258,-738.886414,1564.012573,-4546.914551,-770.792786,1469.278809,-4484.003906,-749.741882,1607.181763,-4517.178223,2616.267090,1567.756470,-3159.803711,,,,,,,,,,,,,,,,,,,,,,,,,,,,,,,,,
3442,34.420000,0.000000,0.000000,0.000000,1.000000,0.000000,0.000000,0.000000,57.698101,20.499701,-14.700500,0.047771,-0.013570,0.015998,-15.666301,-52.738201,18.801300,-93.396698,0.129960,17.611099,-0.184697,-0.471950,-0.690525,0.516068,-752.603455,1519.626831,-4521.778809,-748.724182,1439.382324,-4534.627930,-738.665527,1564.148193,-4547.042969,-771.333252,1469.052002,-4484.760254,-751.690979,1605.925171,-4520.682617,-748.221436,1439.328125,-4533.784180,-739.635498,1563.633911,-4548.462891,-771.622681,1468.971924,-4485.380859,-750.785645,1606.740967,-4519.177246,2616.299805,1567.738037,-3159.786133,,,,,,,,,,,,,,,,,,,,,,,,,,,,,,,,,
3443,34.430000,0.000000,0.000000,0.000000,1.000000,0.000000,0.000000,0.000000,57.698101,20.499701,-14.700500,0.047771,-0.013570,0.015998,-15.666301,-52.738201,18.801300,-93.396698,0.129960,17.611099,-0.185674,-0.473338,-0.689569,0.515723,-753.460144,1519.246094,-4523.260742,-749.572021,1438.951782,-4535.792480,-739.525269,1563.668579,-4548.700195,-772.187073,1468.816162,-4486.043945,-752.556458,1605.548218,-4522.506348,-749.119263,1438.938599,-4535.024414,-740.398132,1563.205078,-4549.933594,-772.450317,1468.718750,-4486.612305,-751.779968,1606.233032,-4521.272949,2616.294922,1567.743896,-3159.789062,,,,,,,,,,,,,,,,,,,,,,,,,,,,,,,,,
3444,34.440000,0.000000,0.000000,0.000000,1.000000,0.000000,0.000000,0.000000,57.698101,20.499701,-14.700500,0.047771,-0.013570,0.015998,-15.666301,-52.738201,18.801300,-93.396698,0.129960,17.611099,-0.185610,-0.475089,-0.688774,0.515199,-754.299316,1518.920044,-4524.611816,-750.320312,1438.588013,-4536.870605,-740.346924,1563.269775,-4550.168457,-773.063538,1468.597778,-4487.268555,-753.466736,1605.224976,-4524.140137,-749.970520,1438.597168,-4536.254883,-741.031616,1562.877686,-4551.097168,-773.268494,1468.509766,-4487.751465,-752.904236,1605.740234,-4523.266602,2616.285156,1567.748169,-3159.793457,,,,,,,,,,,,,,,,,,,,,,,,,,,,,,,,,
3445,34.450000,0.000000,0.000000,0.000000,1.000000,0.000000,0.000000,0.000000,57.698101,20.499701,-14.700500,0.047771,-0.013570,0.015998,-15.666301,-52.738201,18.801300,-93.396698,0.129960,17.611099,-0.182647,-0.479066,-0.688262,0.513255,-755.190002,1518.512329,-4526.020996,-750.919983,1438.145264,-4537.947266,-741.080933,1562.799194,-4551.600586,-774.213989,1468.285278,-4488.680176,-754.545288,1604.820068,-4525.855469,-750.590210,1438.265259,-4537.257324,-741.761841,1562.479980,-4552.409668,-774.404846,1468.091919,-4489.208496,-753.981934,1605.251953,-4525.137695,2616.298584,1567.713623,-3159.782471,,,,,,,,,,,,,,,,,,,,,,,,,,,,,,,,,
3446,34.460000,0.000000,0.000000,0.000000,1.000000,0.000000,0.000000,0.000000,57.698101,20.499701,-14.700500,0.047771,-0.013570,0.015998,-15.666301,-52.738201,18.801300,-93.396698,0.129960,17.611099,-0.182084,-0.480826,-0.688167,0.511935,-756.143555,1518.097900,-4527.505859,-751.871582,1437.699951,-4539.221191,-741.913208,1562.315186,-4553.138672,-775.336731,1467.971436,-4490.117188,-755.452881,1604.405273,-4527.546387,-751.658203,1437.748169,-4538.616211,-742.426819,1562.061646,-4553.750977,-775.450989,1467.777954,-4490.636719,-755.007874,1604.857544,-4526.954590,2616.307617,1567.741455,-3159.780518,,,,,,,,,,,,,,,,,,,,,,,,,,,,,,,,,
3447,34.470000,0.000000,0.000000,0.000000,1.000000,0.000000,0.000000,0.000000,57.698101,20.499701,-14.700500,0.047771,-0.013570,0.015998,-15.666301,-52.738201,18.801300,-93.396698,0.129960,17.611099,-0.181827,-0.482410,-0.687679,0.511192,-757.039795,1517.779907,-4528.808105,-752.714539,1437.352417,-4540.298828,-742.758240,1561.933228,-4554.522461,-776.311951,1467.747192,-4491.334473,-756.374573,1604.087158,-4529.076660,-752.541931,1437.460571,-4539.741699,-743.203674,1561.709351,-4555.009277,-776.400879,1467.518677,-4491.810059,-756.005920,1604.451782,-4528.643066,2616.270508,1567.736328,-3159.791992,,,,,,,,,,,,,,,,,,,,,,,,,,,,,,,,,
3448,34.480000,0.000000,0.000000,0.000000,1.000000,0.000000,0.000000,0.000000,57.698101,20.499701,-14.700500,0.047771,-0.013570,0.015998,-15.666301,-52.738201,18.801300,-93.396698,0.129960,17.611099,-0.181437,-0.483434,-0.687696,0.510340,-757.997314,1517.474243,-4530.157227,-753.679993,1437.029907,-4541.533203,-743.634216,1561.587769,-4555.894531,-777.382019,1467.498901,-4492.665039,-757.293213,1603.780762,-4530.536133,-753.548950,1437.092163,-4541.062988,-743.999817,1561.412476,-4556.277832,-777.448792,1467.273804,-4493.079102,-756.977722,1604.143799,-4530.185059,2616.304199,1567.752930,-3159.780273,,,,,,,,,,,,,,,,,,,,,,,,,,,,,,,,,
3449,34.490000,0.000000,0.000000,0.000000,1.000000,0.000000,0.000000,0.000000,57.698101,20.499701,-14.700500,0.047771,-0.013570,0.015998,-15.666301,-52.738201,18.801300,-93.396698,0.129960,17.611099,-0.182593,-0.483401,-0.687790,0.509832,-758.938660,1517.181274,-4531.387695,-754.788513,1436.714844,-4542.669434,-744.519043,1561.235596,-4557.195312,-778.378113,1467.289307,-4493.812988,-758.069031,1603.485718,-4531.873535,-754.733582,1436.740356,-4542.274902,-744.744934,1561.077515,-4557.490234,-778.382812,1467.136963,-4494.190918,-757.885071,1603.783081,-4531.583984,2616.279053,1567.697021,-3159.786621,,,,,,,,,,,,,,,,,,,,,,,,,,,,,,,,,
3450,34.500000,0.000000,0.000000,0.000000,1.000000,0.000000,0.000000,0.000000,57.698101,20.499701,-14.700500,0.047771,-0.013570,0.015998,-15.666301,-52.738201,18.801300,-93.396698,0.129960,17.611099,-0.184249,-0.482730,-0.687716,0.509971,-759.851013,1516.896973,-4532.549805,-755.863159,1436.415283,-4543.780762,-745.442627,1560.908081,-4558.437012,-779.251770,1467.065186,-4494.875000,-758.846680,1603.199463,-4533.106934,-755.814697,1436.411133,-4543.480469,-745.647156,1560.708618,-4558.638184,-779.238403,1467.008667,-4495.211914,-758.702271,1603.466553,-4532.870605,2616.305908,1567.708008,-3159.768799,,,,,,,,,,,,,,,,,,,,,,,,,,,,,,,,,
3451,34.510000,0.000000,0.000000,0.000000,1.000000,0.000000,0.000000,0.000000,57.698101,20.499701,-14.700500,0.047771,-0.013570,0.015998,-15.666301,-52.738201,18.801300,-93.396698,0.129960,17.611099,-0.184029,-0.483328,-0.688223,0.508798,-760.766235,1516.711060,-4533.653320,-756.889954,1436.216675,-4544.832031,-746.225342,1560.683594,-4559.531738,-780.335571,1466.932861,-4495.995117,-759.614075,1603.011475,-4534.253906,-756.866333,1436.182739,-4544.535156,-746.403870,1560.484375,-4559.690430,-780.292053,1466.900635,-4496.354980,-759.496704,1603.286621,-4534.038086,2616.282471,1567.740723,-3159.771484,,,,,,,,,,,,,,,,,,,,,,,,,,,,,,,,,
3452,34.520000,0.000000,0.000000,0.000000,1.000000,0.000000,0.000000,0.000000,57.698101,20.499701,-14.700500,0.047771,-0.013570,0.015998,-15.666301,-52.738201,18.801300,-93.396698,0.129960,17.611099,-0.186104,-0.482107,-0.688317,0.509076,-761.677734,1516.673096,-4534.625000,-758.024475,1436.167847,-4545.801270,-747.153870,1560.607910,-4560.577148,-781.191589,1466.946289,-4496.870605,-760.341187,1602.970581,-4535.251953,-758.075073,1436.392944,-4545.439941,-747.229736,1560.349731,-4560.769531,-781.100769,1466.830688,-4497.244629,-760.306641,1603.116699,-4535.055664,2616.294678,1567.742554,-3159.766846,,,,,,,,,,,,,,,,,,,,,,,,,,,,,,,,,
3453,34.530000,0.000000,0.000000,0.000000,1.000000,0.000000,0.000000,0.000000,57.698101,20.499701,-14.700500,0.047771,-0.013570,0.015998,-15.666301,-52.738201,18.801300,-93.396698,0.129960,17.611099,-0.187566,-0.481953,-0.688418,0.508547,-762.563782,1516.550659,-4535.600586,-759.113464,1436.021973,-4546.671875,-747.981201,1560.416382,-4561.636230,-782.130432,1466.920654,-4497.746094,-761.030090,1602.843994,-4536.348145,-759.100952,1436.239746,-4546.270020,-748.128845,1560.106445,-4561.966309,-782.093018,1466.810669,-4498.136230,-760.941467,1603.031128,-4536.043945,2616.309570,1567.731201,-3159.756348,,,,,,,,,,,,,,,,,,,,,,,,,,,,,,,,,
3454,34.540000,0.000000,0.000000,0.000000,1.000000,0.000000,0.000000,0.000000,57.698101,20.499701,-14.700500,0.047771,-0.013570,0.015998,-15.666301,-52.738201,18.801300,-93.396698,0.129960,17.611099,-0.187803,-0.482406,-0.688771,0.507552,-763.506042,1516.322876,-4536.619629,-760.186340,1435.778320,-4547.614258,-748.813171,1560.138916,-4562.676758,-783.207825,1466.761963,-4498.744629,-761.817017,1602.612549,-4537.443359,-760.077271,1435.641479,-4547.228516,-749.074219,1559.867310,-4563.158203,-783.234131,1466.819580,-4499.151367,-761.644470,1602.979004,-4536.923340,2616.284424,1567.717163,-3159.755371,,,,,,,,,,,,,,,,,,,,,,,,,,,,,,,,,
3455,34.550000,0.000000,0.000000,0.000000,1.000000,0.000000,0.000000,0.000000,57.698101,20.499701,-14.700500,0.047771,-0.013570,0.015998,-15.666301,-52.738201,18.801300,-93.396698,0.129960,17.611099,-0.188448,-0.482146,-0.689387,0.506724,-764.588562,1516.287354,-4537.560547,-761.470337,1435.734497,-4548.554199,-749.789978,1560.066406,-4563.620117,-784.408813,1466.776001,-4499.682129,-762.685181,1602.572510,-4538.385254,-761.309570,1435.828857,-4548.085938,-750.141174,1559.641724,-4564.355469,-784.476807,1466.812622,-4500.118164,-762.469177,1602.806763,-4537.735840,2616.306396,1567.729248,-3159.754395,,,,,,,,,,,,,,,,,,,,,,,,,,,,,,,,,
3456,34.560000,0.000000,0.000000,0.000000,1.000000,0.000000,0.000000,0.000000,57.698101,20.499701,-14.700500,0.047771,-0.013570,0.015998,-15.666301,-52.738201,18.801300,-93.396698,0.129960,17.611099,-0.186891,-0.483544,-0.690071,0.505034,-765.635437,1516.196045,-4538.529785,-762.537537,1435.636475,-4549.480469,-750.651489,1559.951782,-4564.522949,-785.711121,1466.716919,-4500.744141,-763.641724,1602.479004,-4539.372559,-762.310425,1435.583618,-4548.950195,-751.145752,1559.488892,-4565.344727,-785.813599,1466.759155,-4501.235840,-763.318115,1602.916016,-4538.611816,2616.286621,1567.727661,-3159.768066,,,,,,,,,,,,,,,,,,,,,,,,,,,,,,,,,
3457,34.570000,0.000000,0.000000,0.000000,1.000000,0.000000,0.000000,0.000000,57.698101,20.499701,-14.700500,0.047771,-0.013570,0.015998,-15.666301,-52.738201,18.801300,-93.396698,0.129960,17.611099,-0.186397,-0.484234,-0.690253,0.504306,-766.742615,1516.188354,-4539.399414,-763.657776,1435.621460,-4550.299316,-751.682800,1559.923096,-4565.383789,-786.922058,1466.739136,-4501.629883,-764.707886,1602.470093,-4540.285156,-763.370911,1435.537109,-4549.778320,-752.273499,1559.346924,-4566.336914,-787.054688,1466.854248,-4502.111816,-764.351318,1602.924561,-4539.434082,2616.295898,1567.747925,-3159.752930,,,,,,,,,,,,,,,,,,,,,,,,,,,,,,,,,
3458,34.580000,0.000000,0.000000,0.000000,1.000000,0.000000,0.000000,0.000000,57.698101,20.499701,-14.700500,0.047771,-0.013570,0.015998,-15.666301,-52.738201,18.801300,-93.396698,0.129960,17.611099,-0.183862,-0.487678,-0.689638,0.502757,-768.049011,1516.099487,-4540.251465,-764.696594,1435.503540,-4550.852539,-752.872009,1559.780151,-4566.258301,-788.430115,1466.732544,-4502.482422,-766.197449,1602.381958,-4541.411621,-764.224915,1435.238770,-4550.211914,-753.794739,1559.246704,-4567.463867,-788.688171,1466.890991,-4503.063477,-765.543884,1603.007690,-4540.253906,2616.291992,1567.760986,-3159.771729,,,,,,,,,,,,,,,,,,,,,,,,,,,,,,,,,
3459,34.590000,0.000000,0.000000,0.000000,1.000000,0.000000,0.000000,0.000000,57.698101,20.499701,-14.700500,0.047771,-0.013570,0.015998,-15.666301,-52.738201,18.801300,-93.396698,0.129960,17.611099,-0.182350,-0.489017,-0.690412,0.500941,-769.345520,1516.148193,-4541.092773,-766.041016,1435.545288,-4551.656738,-753.968567,1559.802490,-4567.026855,-789.998535,1466.817261,-4503.424805,-767.374023,1602.427979,-4542.263672,-765.696167,1435.141479,-4551.038574,-754.649963,1559.390869,-4568.010254,-790.158081,1467.001343,-4504.022949,-766.887817,1603.096191,-4541.221680,2616.263916,1567.707397,-3159.761230,,,,,,,,,,,,,,,,,,,,,,,,,,,,,,,,,
3460,34.600000,0.000000,0.000000,0.000000,1.000000,0.000000,0.000000,0.000000,57.698101,20.499701,-14.700500,0.047771,-0.013570,0.015998,-15.666301,-52.738201,18.801300,-93.396698,0.129960,17.611099,-0.183375,-0.493552,-0.685896,0.502321,-771.007202,1516.093018,-4542.407715,-767.130249,1435.402222,-4552.067871,-755.935242,1559.562012,-4568.827148,-791.316833,1467.042114,-4504.190918,-769.646484,1602.365967,-4544.544434,-767.300842,1435.307007,-4551.871094,-755.816772,1559.530273,-4568.866699,-791.102112,1467.188232,-4504.498535,-769.793884,1602.364258,-4544.424805,2616.259766,1567.779053,-3159.782471,,,,,,,,,,,,,,,,,,,,,,,,,,,,,,,,,
3461,34.610000,0.000000,0.000000,0.000000,1.000000,0.000000,0.000000,0.000000,57.698101,20.499701,-14.700500,0.047771,-0.013570,0.015998,-15.666301,-52.738201,18.801300,-93.396698,0.129960,17.611099,-0.178950,-0.498267,-0.684647,0.500965,-772.448181,1516.232300,-4543.204102,-768.017212,1435.528809,-4552.512695,-757.306213,1559.684937,-4569.610352,-792.934814,1467.212646,-4505.041992,-771.534485,1602.502930,-4545.651367,-768.252991,1435.711548,-4552.201172,-757.206909,1559.668579,-4569.626465,-792.668823,1467.244873,-4505.442383,-771.659302,1602.335815,-4545.572754,2616.288818,1567.806152,-3159.794678,,,,,,,,,,,,,,,,,,,,,,,,,,,,,,,,,
3462,34.620000,0.000000,0.000000,0.000000,1.000000,0.000000,0.000000,0.000000,57.698101,20.499701,-14.700500,0.047771,-0.013570,0.015998,-15.666301,-52.738201,18.801300,-93.396698,0.129960,17.611099,-0.179570,-0.497810,-0.684488,0.501415,-774.027405,1516.380615,-4543.988770,-769.613831,1435.677124,-4553.306152,-758.933044,1559.833496,-4570.422363,-794.445190,1467.360840,-4505.789551,-773.117615,1602.651367,-4546.437012,-769.735413,1435.868164,-4552.996094,-758.979675,1559.802002,-4570.424316,-794.270569,1467.358887,-4506.182129,-773.106201,1602.528320,-4546.376953,2616.257324,1567.746338,-3159.793213,,,,,,,,,,,,,,,,,,,,,,,,,,,,,,,,,
3463,34.630000,0.000000,0.000000,0.000000,1.000000,0.000000,0.000000,0.000000,57.698101,20.499701,-14.700500,0.047771,-0.013570,0.015998,-15.666301,-52.738201,18.801300,-93.396698,0.129960,17.611099,-0.181436,-0.496458,-0.683904,0.502878,-775.608215,1516.546753,-4544.728027,-771.226868,1435.843628,-4554.063477,-760.672241,1560.001221,-4571.248047,-795.800598,1467.524902,-4506.412109,-774.733276,1602.817383,-4547.187988,-771.231812,1436.117920,-4553.614258,-760.847290,1559.909546,-4571.473633,-795.736023,1467.484497,-4506.853027,-774.613708,1602.710693,-4546.952148,2616.281738,1567.742798,-3159.785645,,,,,,,,,,,,,,,,,,,,,,,,,,,,,,,,,
3464,34.640000,0.000000,0.000000,0.000000,1.000000,0.000000,0.000000,0.000000,57.698101,20.499701,-14.700500,0.047771,-0.013570,0.015998,-15.666301,-52.738201,18.801300,-93.396698,0.129960,17.611099,-0.178387,-0.498413,-0.684780,0.500839,-777.240234,1516.867065,-4545.413574,-772.774292,1436.169189,-4554.753906,-762.082886,1560.336304,-4571.783691,-797.753418,1467.823853,-4507.295410,-776.350464,1603.139038,-4547.820801,-772.748596,1436.304443,-4554.240234,-762.349792,1560.133301,-4572.073730,-797.707520,1467.618286,-4507.818848,-776.152832,1603.399780,-4547.539062,2616.309814,1567.748169,-3159.773438,,,,,,,,,,,,,,,,,,,,,,,,,,,,,,,,,
3465,34.650000,0.000000,0.000000,0.000000,1.000000,0.000000,0.000000,0.000000,57.698101,20.499701,-14.700500,0.047771,-0.013570,0.015998,-15.666301,-52.738201,18.801300,-93.396698,0.129960,17.611099,-0.180597,-0.496710,-0.684959,0.501492,-778.800476,1517.030151,-4546.135254,-774.553589,1436.328003,-4555.541504,-763.692505,1560.481689,-4572.562988,-799.213379,1468.009766,-4507.935059,-777.742554,1603.301392,-4548.501953,-774.438843,1436.337646,-4555.067383,-764.069763,1560.252808,-4572.933105,-799.233154,1467.924072,-4508.424805,-777.466492,1603.608398,-4548.120117,2616.277832,1567.700439,-3159.779297,,,,,,,,,,,,,,,,,,,,,,,,,,,,,,,,,
3466,34.660000,0.000000,0.000000,0.000000,1.000000,0.000000,0.000000,0.000000,57.698101,20.499701,-14.700500,0.047771,-0.013570,0.015998,-15.666301,-52.738201,18.801300,-93.396698,0.129960,17.611099,-0.181151,-0.496236,-0.685063,0.501620,-780.148132,1517.255249,-4546.742676,-775.966187,1436.552734,-4556.173828,-765.046875,1560.703491,-4573.179199,-800.542358,1468.238770,-4508.526855,-779.037231,1603.526367,-4549.089355,-775.812683,1436.553467,-4555.689453,-765.505493,1560.510376,-4573.534180,-800.580139,1468.208130,-4509.040527,-778.713867,1603.742065,-4548.717285,2616.305664,1567.726807,-3159.779541,,,,,,,,,,,,,,,,,,,,,,,,,,,,,,,,,
3467,34.670000,0.000000,0.000000,0.000000,1.000000,0.000000,0.000000,0.000000,57.698101,20.499701,-14.700500,0.047771,-0.013570,0.015998,-15.666301,-52.738201,18.801300,-93.396698,0.129960,17.611099,-0.180320,-0.496614,-0.686193,0.499999,-781.538879,1517.622681,-4547.369629,-777.516541,1436.918335,-4556.854980,-766.240356,1561.057007,-4573.715820,-802.185303,1468.622803,-4509.268066,-780.213440,1603.892944,-4549.638672,-777.424194,1437.332764,-4556.250000,-766.615723,1560.694946,-4574.106934,-802.176025,1468.449585,-4509.812012,-779.971558,1604.024048,-4549.298340,2616.246582,1567.747314,-3159.796387,,,,,,,,,,,,,,,,,,,,,,,,,,,,,,,,,
3468,34.680000,0.000000,0.000000,0.000000,1.000000,0.000000,0.000000,0.000000,57.698101,20.499701,-14.700500,0.047771,-0.013570,0.015998,-15.666301,-52.738201,18.801300,-93.396698,0.129960,17.611099,-0.180171,-0.495845,-0.686176,0.500838,-782.715942,1517.885376,-4547.924316,-778.623108,1437.199463,-4557.535645,-767.499573,1561.374634,-4574.227539,-803.257874,1468.807373,-4509.867188,-781.483215,1604.160034,-4550.067383,-778.511230,1436.912964,-4557.078613,-767.887939,1561.446411,-4574.412109,-803.267273,1468.774048,-4510.312988,-781.188904,1604.379028,-4549.854492,2616.251221,1567.743530,-3159.810059,,,,,,,,,,,,,,,,,,,,,,,,,,,,,,,,,
3469,34.690000,0.000000,0.000000,0.000000,1.000000,0.000000,0.000000,0.000000,57.698101,20.499701,-14.700500,0.047771,-0.013570,0.015998,-15.666301,-52.738201,18.801300,-93.396698,0.129960,17.611099,-0.179040,-0.497985,-0.685340,0.500264,-784.026978,1518.130615,-4548.511719,-779.739868,1437.426025,-4557.876953,-768.790588,1561.574829,-4574.877930,-804.624695,1469.120850,-4510.396484,-782.952820,1604.401245,-4550.894531,-779.675415,1436.952881,-4557.888672,-769.074219,1561.879883,-4574.553711,-804.578796,1469.479858,-4510.558594,-782.814819,1604.230225,-4551.007324,2616.266113,1567.748535,-3159.802734,,,,,,,,,,,,,,,,,,,,,,,,,,,,,,,,,
3470,34.700000,0.000000,0.000000,0.000000,1.000000,0.000000,0.000000,0.000000,57.698101,20.499701,-14.700500,0.047771,-0.013570,0.015998,-15.666301,-52.738201,18.801300,-93.396698,0.129960,17.611099,-0.181119,-0.496648,-0.684227,0.502364,-785.589478,1518.120728,-4549.606934,-781.248474,1437.416626,-4558.952148,-770.592224,1561.570801,-4576.100098,-805.861389,1469.104614,-4511.325684,-784.655823,1604.391357,-4552.048828,-781.061584,1437.320801,-4558.625977,-771.064758,1561.538330,-4576.313965,-805.930847,1469.232544,-4511.724609,-784.330505,1604.393311,-4551.782715,2616.300537,1567.707275,-3159.787354,,,,,,,,,,,,,,,,,,,,,,,,,,,,,,,,,
3471,34.710000,0.000000,0.000000,0.000000,1.000000,0.000000,0.000000,0.000000,57.698101,20.499701,-14.700500,0.047771,-0.013570,0.015998,-15.666301,-52.738201,18.801300,-93.396698,0.129960,17.611099,-0.182425,-0.496086,-0.683469,0.503477,-786.792053,1518.352051,-4550.256348,-782.422424,1437.643066,-4559.545898,-771.927979,1561.790039,-4576.844238,-806.882446,1469.354248,-4511.855957,-785.935425,1604.621094,-4552.778809,-782.421326,1437.639404,-4559.300781,-772.068848,1561.733765,-4576.924805,-806.815430,1469.425293,-4512.186035,-785.855408,1604.618286,-4552.642090,2616.296143,1567.738525,-3159.784912,,,,,,,,,,,,,,,,,,,,,,,,,,,,,,,,,
3472,34.720000,0.000000,0.000000,0.000000,1.000000,0.000000,0.000000,0.000000,57.698101,20.499701,-14.700500,0.047771,-0.013570,0.015998,-15.666301,-52.738201,18.801300,-93.396698,0.129960,17.611099,-0.179688,-0.498217,-0.683714,0.502023,-787.947021,1518.799316,-4550.838867,-783.407227,1438.091797,-4560.060059,-772.940613,1562.244263,-4577.335449,-808.260193,1469.793091,-4512.566895,-787.179993,1605.068237,-4553.393555,-783.648926,1437.997192,-4559.839355,-772.800415,1562.193604,-4577.275879,-808.013489,1469.668701,-4512.850098,-787.332764,1605.334595,-4553.409668,2616.268311,1567.720093,-3159.794678,,,,,,,,,,,,,,,,,,,,,,,,,,,,,,,,,
3473,34.730000,0.000000,0.000000,0.000000,1.000000,0.000000,0.000000,0.000000,57.698101,20.499701,-14.700500,0.047771,-0.013570,0.015998,-15.666301,-52.738201,18.801300,-93.396698,0.129960,17.611099,-0.181151,-0.497039,-0.684093,0.502149,-789.085449,1519.066406,-4551.554199,-784.743591,1438.354858,-4560.834961,-774.072449,1562.495117,-4578.073730,-809.379517,1470.081055,-4513.245605,-788.146240,1605.334961,-4554.062988,-785.012512,1438.228394,-4560.667480,-773.874634,1562.561035,-4577.969238,-809.139954,1469.989502,-4513.449219,-788.321716,1605.470093,-4554.129883,2616.284180,1567.745239,-3159.780518,,,,,,,,,,,,,,,,,,,,,,,,,,,,,,,,,
3474,34.740000,0.000000,0.000000,0.000000,1.000000,0.000000,0.000000,0.000000,57.698101,20.499701,-14.700500,0.047771,-0.013570,0.015998,-15.666301,-52.738201,18.801300,-93.396698,0.129960,17.611099,-0.177588,-0.499466,-0.684603,0.500315,-790.183594,1519.370361,-4552.090820,-785.642395,1438.665894,-4561.337891,-774.984985,1562.822754,-4578.464844,-810.765137,1470.352539,-4513.977051,-789.341980,1605.640381,-4554.582520,-785.845886,1438.682983,-4561.142090,-774.842468,1562.844604,-4578.467773,-810.579224,1470.261108,-4514.187500,-789.465332,1605.684204,-4554.567871,2616.281982,1567.758179,-3159.790527,,,,,,,,,,,,,,,,,,,,,,,,,,,,,,,,,
3475,34.750000,0.000000,0.000000,0.000000,1.000000,0.000000,0.000000,0.000000,57.698101,20.499701,-14.700500,0.047771,-0.013570,0.015998,-15.666301,-52.738201,18.801300,-93.396698,0.129960,17.611099,-0.177758,-0.498682,-0.684869,0.500672,-791.363220,1519.617432,-4552.751465,-786.852173,1438.924072,-4562.109375,-776.188477,1563.100586,-4579.088867,-811.907166,1470.554810,-4514.675781,-790.505249,1605.890503,-4555.132324,-786.905640,1438.937744,-4561.892090,-776.159485,1563.031738,-4579.304199,-811.827637,1470.639771,-4514.920898,-790.558167,1605.863159,-4554.895508,2616.293213,1567.753174,-3159.785400,,,,,,,,,,,,,,,,,,,,,,,,,,,,,,,,,
3476,34.760000,0.000000,0.000000,0.000000,1.000000,0.000000,0.000000,0.000000,57.698101,20.499701,-14.700500,0.047771,-0.013570,0.015998,-15.666301,-52.738201,18.801300,-93.396698,0.129960,17.611099,-0.176384,-0.498693,-0.686079,0.499490,-792.601013,1520.000244,-4553.366699,-788.174377,1439.320557,-4562.881836,-777.270935,1563.517578,-4579.557129,-813.349487,1470.886230,-4515.468262,-791.609314,1606.276855,-4555.559082,-788.211731,1439.683350,-4562.499023,-777.307800,1563.279663,-4579.887207,-813.284607,1470.875854,-4515.793945,-791.607178,1606.202637,-4555.246094,2616.301758,1567.730469,-3159.770264,,,,,,,,,,,,,,,,,,,,,,,,,,,,,,,,,
3477,34.770000,0.000000,0.000000,0.000000,1.000000,0.000000,0.000000,0.000000,57.698101,20.499701,-14.700500,0.047771,-0.013570,0.015998,-15.666301,-52.738201,18.801300,-93.396698,0.129960,17.611099,-0.177350,-0.497258,-0.686358,0.500195,-793.771912,1520.127686,-4554.025879,-789.440552,1439.459229,-4563.679199,-778.495911,1563.673096,-4580.200684,-814.431274,1470.971680,-4516.132812,-792.720032,1606.406738,-4556.089355,-789.350403,1439.336182,-4563.445801,-778.602417,1563.433594,-4580.698730,-814.458923,1471.183716,-4516.403320,-792.689148,1606.553955,-4555.549805,2616.302490,1567.727783,-3159.756592,,,,,,,,,,,,,,,,,,,,,,,,,,,,,,,,,
3478,34.780000,0.000000,0.000000,0.000000,1.000000,0.000000,0.000000,0.000000,57.698101,20.499701,-14.700500,0.047771,-0.013570,0.015998,-15.666301,-52.738201,18.801300,-93.396698,0.129960,17.611099,-0.178248,-0.495417,-0.687118,0.500659,-795.061523,1520.259766,-4554.776855,-790.896729,1439.609131,-4564.649414,-779.798157,1563.846313,-4580.890625,-815.679382,1471.041748,-4516.941406,-793.871948,1606.541992,-4556.624512,-790.719116,1439.272705,-4564.425781,-779.958130,1563.569092,-4581.565918,-815.767578,1471.395142,-4517.204102,-793.815369,1606.815552,-4555.862305,2616.286133,1567.714111,-3159.764404,,,,,,,,,,,,,,,,,,,,,,,,,,,,,,,,,
3479,34.790000,0.000000,0.000000,0.000000,1.000000,0.000000,0.000000,0.000000,57.698101,20.499701,-14.700500,0.047771,-0.013570,0.015998,-15.666301,-52.738201,18.801300,-93.396698,0.129960,17.611099,-0.178898,-0.494196,-0.687162,0.501571,-796.223633,1520.498657,-4555.475586,-792.078186,1439.862549,-4565.473633,-781.044373,1564.123657,-4581.574707,-816.721375,1471.225220,-4517.647949,-795.050659,1606.783569,-4557.206543,-791.857971,1439.497070,-4565.169922,-781.306091,1563.718262,-4582.402832,-816.830200,1471.508179,-4517.962891,-794.918274,1607.275146,-4556.332031,2616.310547,1567.723389,-3159.752197,,,,,,,,,,,,,,,,,,,,,,,,,,,,,,,,,
3480,34.800000,0.000000,0.000000,0.000000,1.000000,0.000000,0.000000,0.000000,57.698101,20.499701,-14.700500,0.047771,-0.013570,0.015998,-15.666301,-52.738201,18.801300,-93.396698,0.129960,17.611099,-0.175706,-0.495655,-0.688115,0.499951,-797.572021,1520.777832,-4556.339355,-793.308472,1440.159302,-4566.430176,-782.211670,1564.450928,-4582.250977,-818.339294,1471.435425,-4518.749023,-796.428711,1607.065796,-4557.926758,-792.995605,1439.916382,-4565.892090,-782.802795,1563.975830,-4583.233887,-818.502747,1471.542725,-4519.251465,-796.003174,1607.718140,-4556.928223,2616.287354,1567.713989,-3159.755127,,,,,,,,,,,,,,,,,,,,,,,,,,,,,,,,,
3481,34.810000,0.000000,0.000000,0.000000,1.000000,0.000000,0.000000,0.000000,57.698101,20.499701,-14.700500,0.047771,-0.013570,0.015998,-15.666301,-52.738201,18.801300,-93.396698,0.129960,17.611099,-0.176002,-0.494848,-0.688498,0.500119,-798.764099,1521.030396,-4557.122559,-794.572021,1440.421631,-4567.319824,-783.404175,1564.724854,-4582.998535,-819.520508,1471.656128,-4519.568359,-797.559814,1607.319458,-4558.603516,-794.269653,1440.240356,-4566.721680,-784.021240,1564.338501,-4583.975098,-819.682739,1471.692505,-4520.103516,-797.097961,1607.888794,-4557.654297,2616.301514,1567.741455,-3159.760010,,,,,,,,,,,,,,,,,,,,,,,,,,,,,,,,,
3482,34.820000,0.000000,0.000000,0.000000,1.000000,0.000000,0.000000,0.000000,57.698101,20.499701,-14.700500,0.047771,-0.013570,0.015998,-15.666301,-52.738201,18.801300,-93.396698,0.129960,17.611099,-0.175407,-0.493999,-0.689404,0.499920,-800.132446,1521.189331,-4558.027344,-796.007019,1440.603516,-4568.431152,-784.721069,1564.936890,-4583.782715,-820.951050,1471.736328,-4520.611328,-798.850769,1607.480835,-4559.283691,-795.762085,1440.470337,-4567.851562,-785.230347,1564.542236,-4584.716309,-821.082336,1471.704346,-4521.106934,-798.440002,1608.128174,-4558.339844,2616.314209,1567.745972,-3159.753906,,,,,,,,,,,,,,,,,,,,,,,,,,,,,,,,,
3483,34.830000,0.000000,0.000000,0.000000,1.000000,0.000000,0.000000,0.000000,57.698101,20.499701,-14.700500,0.047771,-0.013570,0.015998,-15.666301,-52.738201,18.801300,-93.396698,0.129960,17.611099,-0.174659,-0.494400,-0.689415,0.499770,-801.648010,1521.309814,-4559.039551,-797.452637,1440.728394,-4569.449219,-786.224854,1565.071533,-4584.764160,-822.493103,1471.837280,-4521.664062,-800.421570,1607.602417,-4560.280762,-797.117188,1440.631714,-4568.796387,-786.904602,1564.647461,-4585.816895,-822.689331,1471.745972,-4522.185059,-799.777832,1608.405273,-4559.127441,2616.302002,1567.771973,-3159.767090,,,,,,,,,,,,,,,,,,,,,,,,,,,,,,,,,
3484,34.840000,0.000000,0.000000,0.000000,1.000000,0.000000,0.000000,0.000000,57.698101,20.499701,-14.700500,0.047771,-0.013570,0.015998,-15.666301,-52.738201,18.801300,-93.396698,0.129960,17.611099,-0.175898,-0.493299,-0.688850,0.501201,-803.078796,1521.411621,-4559.996094,-798.854858,1440.836426,-4570.442871,-787.809998,1565.193237,-4585.778809,-823.712524,1471.911499,-4522.540039,-801.937683,1607.705566,-4561.223633,-798.510925,1440.695190,-4569.683594,-788.583557,1564.773315,-4586.862793,-823.898132,1471.833374,-4523.198242,-801.232544,1608.526245,-4560.021484,2616.290771,1567.763794,-3159.776611,,,,,,,,,,,,,,,,,,,,,,,,,,,,,,,,,
3485,34.850000,0.000000,0.000000,0.000000,1.000000,0.000000,0.000000,0.000000,57.698101,20.499701,-14.700500,0.047771,-0.013570,0.015998,-15.666301,-52.738201,18.801300,-93.396698,0.129960,17.611099,-0.176771,-0.492469,-0.687949,0.502944,-804.445984,1521.532104,-4560.939941,-800.091248,1440.965942,-4571.402832,-789.376587,1565.346069,-4586.784180,-824.820496,1471.988159,-4523.399902,-803.495605,1607.828125,-4562.171875,-799.720154,1440.823486,-4570.611328,-790.237305,1564.855347,-4587.890137,-825.013977,1471.951050,-4524.142578,-802.788208,1608.608032,-4561.003906,2616.302979,1567.755493,-3159.772461,,,,,,,,,,,,,,,,,,,,,,,,,,,,,,,,,
3486,34.860000,0.000000,0.000000,0.000000,1.000000,0.000000,0.000000,0.000000,57.698101,20.499701,-14.700500,0.047771,-0.013570,0.015998,-15.666301,-52.738201,18.801300,-93.396698,0.129960,17.611099,-0.178442,-0.491283,-0.687522,0.504097,-805.721130,1521.555664,-4561.926270,-801.420471,1440.988647,-4572.405273,-790.773254,1565.367432,-4587.845215,-825.918457,1472.015137,-4524.286133,-804.772400,1607.851685,-4563.168457,-801.019043,1440.896484,-4571.685547,-791.688965,1564.836670,-4588.869629,-826.121216,1472.019531,-4524.949219,-804.117615,1608.463745,-4562.197754,2616.268799,1567.741333,-3159.775391,,,,,,,,,,,,,,,,,,,,,,,,,,,,,,,,,
3487,34.870000,0.000000,0.000000,0.000000,1.000000,0.000000,0.000000,0.000000,57.698101,20.499701,-14.700500,0.047771,-0.013570,0.015998,-15.666301,-52.738201,18.801300,-93.396698,0.129960,17.611099,-0.180985,-0.489295,-0.687844,0.504684,-807.044067,1521.575195,-4562.910645,-803.025574,1441.004150,-4573.470215,-792.131592,1565.364380,-4588.888184,-827.151733,1472.063477,-4525.184570,-805.867493,1607.869141,-4564.098633,-802.810486,1440.800171,-4572.969727,-792.598511,1564.961792,-4589.610840,-827.228943,1472.212524,-4525.714844,-805.566040,1608.327271,-4563.331543,2616.270996,1567.745117,-3159.776123,,,,,,,,,,,,,,,,,,,,,,,,,,,,,,,,,
3488,34.880000,0.000000,0.000000,0.000000,1.000000,0.000000,0.000000,0.000000,57.698101,20.499701,-14.700500,0.047771,-0.013570,0.015998,-15.666301,-52.738201,18.801300,-93.396698,0.129960,17.611099,-0.181099,-0.488122,-0.688980,0.504229,-808.443481,1521.664062,-4563.830566,-804.616211,1441.109985,-4574.589355,-793.442444,1565.482056,-4589.708496,-828.647217,1472.106567,-4526.215820,-807.068176,1607.957764,-4564.808594,-804.480164,1440.720947,-4574.202148,-793.767334,1565.501587,-4590.004395,-828.671143,1472.269775,-4526.636719,-806.844543,1608.140015,-4564.450684,2616.287598,1567.725952,-3159.770264,,,,,,,,,,,,,,,,,,,,,,,,,,,,,,,,,
3489,34.890000,0.000000,0.000000,0.000000,1.000000,0.000000,0.000000,0.000000,57.698101,20.499701,-14.700500,0.047771,-0.013570,0.015998,-15.666301,-52.738201,18.801300,-93.396698,0.129960,17.611099,-0.178856,-0.489970,-0.689241,0.502879,-809.893738,1521.735962,-4564.557129,-805.939026,1441.179199,-4575.249023,-794.760376,1565.551636,-4590.361816,-830.300232,1472.182983,-4527.046387,-808.575439,1608.030029,-4565.571289,-805.981262,1440.683350,-4575.193359,-794.869385,1565.609009,-4590.149902,-830.134094,1472.626587,-4527.342285,,,,2616.306641,1567.704956,-3159.769531,,,,,,,,,,,,,,,,,,,,,,,,,,,,,,,,,
3490,34.900000,0.000000,0.000000,0.000000,1.000000,0.000000,0.000000,0.000000,57.698101,20.499701,-14.700500,0.047771,-0.013570,0.015998,-15.666301,-52.738201,18.801300,-93.396698,0.129960,17.611099,-0.181258,-0.493612,-0.684158,0.505392,-811.597717,1521.544189,-4566.017090,-807.076660,1440.901489,-4575.797363,-796.895813,1565.171753,-4592.383789,-831.483704,1472.275513,-4527.857910,-810.934692,1607.828369,-4568.028809,-807.015991,1440.661987,-4575.920410,-796.992371,1565.024658,-4592.201172,-831.441223,1472.715820,-4527.929688,,,,2616.283936,1567.749756,-3159.784668,,,,,,,,,,,,,,,,,,,,,,,,,,,,,,,,,
3491,34.910000,0.000000,0.000000,0.000000,1.000000,0.000000,0.000000,0.000000,57.698101,20.499701,-14.700500,0.047771,-0.013570,0.015998,-15.666301,-52.738201,18.801300,-93.396698,0.129960,17.611099,-0.180278,-0.494336,-0.683258,0.506251,-813.134521,1521.343262,-4566.720703,-808.337341,1440.710327,-4576.449707,-798.553711,1565.004028,-4593.099121,-832.891418,1472.030884,-4528.550781,-812.755859,1607.627930,-4568.781738,-808.360535,1440.527588,-4576.747559,-798.319702,1564.919189,-4593.056641,-832.821777,1472.812622,-4528.339844,-813.050842,1607.304321,-4568.677246,2616.279053,1567.722900,-3159.788086,,,,,,,,,,,,,,,,,,,,,,,,,,,,,,,,,
3492,34.920000,0.000000,0.000000,0.000000,1.000000,0.000000,0.000000,0.000000,57.698101,20.499701,-14.700500,0.047771,-0.013570,0.015998,-15.666301,-52.738201,18.801300,-93.396698,0.129960,17.611099,-0.179564,-0.495306,-0.682087,0.507136,-814.429321,1521.339722,-4567.400391,-809.347595,1440.709961,-4577.010742,-799.981689,1565.012573,-4593.832520,-834.041321,1472.014526,-4529.172363,-814.346924,1607.622314,-4569.585938,-809.401367,1440.198120,-4577.443359,-799.676392,1564.850952,-4593.729492,-833.926697,1472.882080,-4528.915039,-814.684814,1607.607544,-4569.508789,2616.280273,1567.753296,-3159.774902,,,,,,,,,,,,,,,,,,,,,,,,,,,,,,,,,
3493,34.930000,0.000000,0.000000,0.000000,1.000000,0.000000,0.000000,0.000000,57.698101,20.499701,-14.700500,0.047771,-0.013570,0.015998,-15.666301,-52.738201,18.801300,-93.396698,0.129960,17.611099,-0.177834,-0.494364,-0.684674,0.505174,-816.237732,1521.168701,-4568.522461,-811.430481,1440.567505,-4578.506348,-801.506104,1564.913086,-4594.677734,-836.206238,1471.734619,-4530.621094,-815.808289,1607.459839,-4570.283691,-811.581909,1440.275635,-4578.491699,-801.341675,1564.788086,-4594.598145,-836.003906,1472.015625,-4530.793457,-816.019836,1607.608887,-4570.221191,2616.297363,1567.757935,-3159.786621,,,,,,,,,,,,,,,,,,,,,,,,,,,,,,,,,
3494,34.940000,0.000000,0.000000,0.000000,1.000000,0.000000,0.000000,0.000000,57.698101,20.499701,-14.700500,0.047771,-0.013570,0.015998,-15.666301,-52.738201,18.801300,-93.396698,0.129960,17.611099,-0.177495,-0.495320,-0.684380,0.504755,-817.798218,1520.969849,-4569.376953,-812.941528,1440.356567,-4579.238770,-803.038330,1564.683228,-4595.568848,-837.813049,1471.581177,-4531.440918,-817.399841,1607.258545,-4571.259277,-813.033203,1440.401245,-4579.089355,-803.025024,1564.697754,-4595.558594,-837.686951,1471.671753,-4531.662598,-817.440063,1607.116089,-4571.214355,2616.270752,1567.732666,-3159.788574,,,,,,,,,,,,,,,,,,,,,,,,,,,,,,,,,
3495,34.950000,0.000000,0.000000,0.000000,1.000000,0.000000,0.000000,0.000000,57.698101,20.499701,-14.700500,0.047771,-0.013570,0.015998,-15.666301,-52.738201,18.801300,-93.396698,0.129960,17.611099,-0.177130,-0.494788,-0.685505,0.503878,-819.422058,1520.862793,-4570.129395,-814.727600,1440.258179,-4580.138672,-804.535522,1564.593750,-4596.219727,-839.590393,1471.445679,-4532.312012,-818.834839,1607.153931,-4571.847168,-814.722778,1440.328247,-4579.933594,-804.670044,1564.598633,-4596.270020,-839.546021,1471.490967,-4532.563965,-818.742920,1607.038940,-4571.758789,2616.259277,1567.764526,-3159.795654,,,,,,,,,,,,,,,,,,,,,,,,,,,,,,,,,
3496,34.960000,0.000000,0.000000,0.000000,1.000000,0.000000,0.000000,0.000000,57.698101,20.499701,-14.700500,0.047771,-0.013570,0.015998,-15.666301,-52.738201,18.801300,-93.396698,0.129960,17.611099,-0.176855,-0.494614,-0.685621,0.503987,-821.161133,1520.881958,-4570.816406,-816.445679,1440.285156,-4580.879395,-806.281738,1564.634033,-4596.875488,-841.322571,1471.434692,-4533.034668,-820.594788,1607.174438,-4572.476562,-816.336121,1440.250854,-4580.484863,-806.614746,1564.410156,-4597.197266,-841.349304,1471.347168,-4533.447266,-820.338257,1607.543335,-4572.126953,2616.277100,1567.736328,-3159.797119,,,,,,,,,,,,,,,,,,,,,,,,,,,,,,,,,
3497,34.970000,0.000000,0.000000,0.000000,1.000000,0.000000,0.000000,0.000000,57.698101,20.499701,-14.700500,0.047771,-0.013570,0.015998,-15.666301,-52.738201,18.801300,-93.396698,0.129960,17.611099,-0.178554,-0.492410,-0.686065,0.504941,-822.999756,1520.702026,-4571.627930,-818.467468,1440.119019,-4581.883301,-808.189453,1564.484741,-4597.674805,-843.038635,1471.208008,-4533.842285,-822.303711,1606.996704,-4573.111328,-818.161133,1440.056152,-4581.422363,-808.856750,1564.163696,-4598.256836,-843.211060,1471.147827,-4534.271484,-821.766357,1607.484619,-4572.522949,2616.290283,1567.721069,-3159.793213,,,,,,,,,,,,,,,,,,,,,,,,,,,,,,,,,
3498,34.980000,0.000000,0.000000,0.000000,1.000000,0.000000,0.000000,0.000000,57.698101,20.499701,-14.700500,0.047771,-0.013570,0.015998,-15.666301,-52.738201,18.801300,-93.396698,0.129960,17.611099,-0.180233,-0.490353,-0.686428,0.505852,-824.478882,1520.700806,-4572.137207,-820.120972,1440.129761,-4582.561523,-809.736755,1564.508423,-4598.181152,-844.397583,1471.168457,-4534.338379,-823.660217,1606.996948,-4573.468262,-819.963562,1439.976196,-4582.147461,-810.099060,1564.197876,-4598.695312,-844.449890,1471.225586,-4534.776367,-823.411377,1607.425415,-4572.908203,2616.309570,1567.739502,-3159.783203,,,,,,,,,,,,,,,,,,,,,,,,,,,,,,,,,
3499,34.990000,0.000000,0.000000,0.000000,1.000000,0.000000,0.000000,0.000000,57.698101,20.499701,-14.700500,0.047771,-0.013570,0.015998,-15.666301,-52.738201,18.801300,-93.396698,0.129960,17.611099,-0.180491,-0.489179,-0.687683,0.505193,-826.020020,1520.623901,-4572.594238,-821.896545,1440.065552,-4583.208984,-811.164429,1564.450317,-4598.541504,-846.063293,1471.060181,-4534.902344,-824.955811,1606.920166,-4573.723145,-821.955261,1439.785278,-4582.822266,-811.132874,1564.336914,-4598.986328,-845.972107,1471.164062,-4535.282715,-825.028931,1607.213623,-4573.236816,2616.294434,1567.754150,-3159.780762,,,,,,,,,,,,,,,,,,,,,,,,,,,,,,,,,
3500,35.000000,0.000000,0.000000,0.000000,1.000000,0.000000,0.000000,0.000000,57.698101,20.499701,-14.700500,0.047771,-0.013570,0.015998,-15.666301,-52.738201,18.801300,-93.396698,0.129960,17.611099,-0.184527,-0.485163,-0.686910,0.508646,-827.815125,1520.612183,-4573.140137,-823.823242,1440.075073,-4583.964844,-813.310242,1564.490845,-4599.197266,-847.350769,1470.972656,-4535.281738,-826.776306,1606.910645,-4574.116211,-823.802490,1440.167969,-4583.508301,-813.352417,1564.070557,-4600.023926,-847.323669,1471.054810,-4535.709473,-826.795227,1607.087402,-4573.375488,2616.291748,1567.787354,-3159.794189,,,,,,,,,,,,,,,,,,,,,,,,,,,,,,,,,
3501,35.010000,0.000000,0.000000,0.000000,1.000000,0.000000,0.000000,0.000000,57.698101,20.499701,-14.700500,0.047771,-0.013570,0.015998,-15.666301,-52.738201,18.801300,-93.396698,0.129960,17.611099,-0.179132,-0.488243,-0.688416,0.505582,-829.825073,1520.571533,-4573.856934,-825.629578,1440.054321,-4584.751465,-814.983154,1564.500610,-4599.638184,-849.859680,1470.859741,-4536.355957,-828.827942,1606.872070,-4574.681641,-825.324463,1440.117432,-4584.210449,-815.476868,1563.948364,-4600.875488,-850.038452,1470.953369,-4536.777344,-828.504333,1607.170044,-4573.635254,2616.277100,1567.748413,-3159.788086,,,,,,,,,,,,,,,,,,,,,,,,,,,,,,,,,
3502,35.020000,0.000000,0.000000,0.000000,1.000000,0.000000,0.000000,0.000000,57.698101,20.499701,-14.700500,0.047771,-0.013570,0.015998,-15.666301,-52.738201,18.801300,-93.396698,0.129960,17.611099,-0.173925,-0.493105,-0.687739,0.503599,-831.504150,1520.561401,-4574.168945,-826.775513,1440.035400,-4584.776855,-816.517578,1564.489624,-4599.867676,-851.816895,1470.858032,-4536.807129,-830.906799,1606.863159,-4575.224609,-826.242737,1439.840210,-4583.887695,-817.601440,1564.347046,-4601.125977,-852.116821,1470.859619,-4537.493164,-830.102722,1607.206299,-4574.159668,2616.297363,1567.797363,-3159.790283,,,,,,,,,,,,,,,,,,,,,,,,,,,,,,,,,
3503,35.030000,0.000000,0.000000,0.000000,1.000000,0.000000,0.000000,0.000000,57.698101,20.499701,-14.700500,0.047771,-0.013570,0.015998,-15.666301,-52.738201,18.801300,-93.396698,0.129960,17.611099,-0.171988,-0.493757,-0.689238,0.501573,-833.363403,1520.312988,-4574.646484,-828.746277,1439.796387,-4585.374512,-818.132324,1564.255371,-4600.176758,-854.001099,1470.585693,-4537.494629,-832.574036,1606.614990,-4575.540039,-828.354858,1439.332520,-4584.647949,-818.953979,1564.007202,-4601.075684,-854.159912,1470.752319,-4538.158691,-832.023315,1607.129761,-4574.657227,2616.274414,1567.765137,-3159.789062,,,,,,,,,,,,,,,,,,,,,,,,,,,,,,,,,
3504,35.040000,0.000000,0.000000,0.000000,1.000000,0.000000,0.000000,0.000000,57.698101,20.499701,-14.700500,0.047771,-0.013570,0.015998,-15.666301,-52.738201,18.801300,-93.396698,0.129960,17.611099,-0.175745,-0.492883,-0.687872,0.503003,-835.445129,1520.216309,-4575.443848,-830.966248,1439.660278,-4585.932129,-820.388367,1564.060791,-4601.244629,-855.819824,1470.630371,-4537.959473,-834.606140,1606.514038,-4576.639160,-830.436829,1439.120605,-4585.249023,-821.330261,1563.495728,-4602.678711,-856.086548,1471.021851,-4538.623047,-833.983521,1607.202026,-4575.181641,2616.269775,1567.698730,-3159.782227,,,,,,,,,,,,,,,,,,,,,,,,,,,,,,,,,
3505,35.050000,0.000000,0.000000,0.000000,1.000000,0.000000,0.000000,0.000000,57.698101,20.499701,-14.700500,0.047771,-0.013570,0.015998,-15.666301,-52.738201,18.801300,-93.396698,0.129960,17.611099,-0.177544,-0.492266,-0.686011,0.505511,-837.437378,1520.036865,-4575.967773,-832.754883,1439.476074,-4586.330566,-822.687866,1563.881348,-4601.944824,-857.412964,1470.455688,-4538.262695,-836.893982,1606.334473,-4577.332520,-832.249084,1439.072021,-4585.537109,-823.683044,1563.307495,-4603.418457,-857.680359,1470.640869,-4538.980957,-836.165283,1607.182739,-4575.848145,2616.317139,1567.710571,-3159.762451,,,,,,,,,,,,,,,,,,,,,,,,,,,,,,,,,
3506,35.060000,0.000000,0.000000,0.000000,1.000000,0.000000,0.000000,0.000000,57.698101,20.499701,-14.700500,0.047771,-0.013570,0.015998,-15.666301,-52.738201,18.801300,-93.396698,0.129960,17.611099,-0.173417,-0.495251,-0.684966,0.505445,-839.319641,1520.039307,-4576.274902,-834.060425,1439.498779,-4586.517578,-824.619995,1563.948120,-4602.171387,-859.308350,1470.373169,-4538.688965,-839.289917,1606.337280,-4577.721680,-833.719055,1439.187866,-4585.798828,-825.240845,1563.412598,-4603.613281,-859.480530,1470.535400,-4539.310547,-838.878357,1607.032471,-4576.353027,2616.310547,1567.715088,-3159.756348,,,,,,,,,,,,,,,,,,,,,,,,,,,,,,,,,
3507,35.070000,0.000000,0.000000,0.000000,1.000000,0.000000,0.000000,0.000000,57.698101,20.499701,-14.700500,0.047771,-0.013570,0.015998,-15.666301,-52.738201,18.801300,-93.396698,0.129960,17.611099,-0.174826,-0.495206,-0.683132,0.507482,-841.344971,1519.985107,-4576.781250,-835.872314,1439.436768,-4586.849121,-826.907593,1563.876831,-4602.854004,-860.998657,1470.348022,-4538.980957,-841.601379,1606.278931,-4578.440430,-835.497253,1439.201050,-4586.125488,-827.651184,1563.323486,-4604.174316,-861.184082,1470.499756,-4539.631348,-841.106445,1606.893799,-4577.196289,2616.280273,1567.733154,-3159.764893,,,,,,,,,,,,,,,,,,,,,,,,,,,,,,,,,
3508,35.080000,0.000000,0.000000,0.000000,1.000000,0.000000,0.000000,0.000000,57.698101,20.499701,-14.700500,0.047771,-0.013570,0.015998,-15.666301,-52.738201,18.801300,-93.396698,0.129960,17.611099,-0.174831,-0.495414,-0.682663,0.507907,-843.339539,1519.898071,-4577.252441,-837.780090,1439.349854,-4587.273438,-828.961487,1563.790161,-4603.357422,-862.922974,1470.261841,-4539.414551,-843.693726,1606.190552,-4578.964355,-837.529297,1439.202759,-4586.694824,-829.465332,1563.375488,-4604.303711,-863.042786,1470.330200,-4539.942383,-843.351990,1606.683228,-4578.062988,2616.261719,1567.746582,-3159.786133,,,,,,,,,,,,,,,,,,,,,,,,,,,,,,,,,
3509,35.090000,0.000000,0.000000,0.000000,1.000000,0.000000,0.000000,0.000000,57.698101,20.499701,-14.700500,0.047771,-0.013570,0.015998,-15.666301,-52.738201,18.801300,-93.396698,0.129960,17.611099,-0.172028,-0.498417,-0.681268,0.507799,-845.444946,1519.800415,-4577.813477,-839.410583,1439.255371,-4587.582031,-831.120972,1563.695923,-4603.942383,-865.021179,1470.165527,-4539.970215,-846.227051,1606.085083,-4579.759766,-839.021362,1439.242065,-4586.953125,-831.887634,1563.197510,-4604.936035,-865.238464,1470.111816,-4540.481445,-845.638184,1606.672974,-4578.833008,2616.279297,1567.768799,-3159.786865,,,,,,,,,,,,,,,,,,,,,,,,,,,,,,,,,
3510,35.100000,0.000000,0.000000,0.000000,1.000000,0.000000,0.000000,0.000000,57.698101,20.499701,-14.700500,0.047771,-0.013570,0.015998,-15.666301,-52.738201,18.801300,-93.396698,0.129960,17.611099,-0.173159,-0.498480,-0.679947,0.509123,-847.420532,1519.697632,-4578.287598,-841.253540,1439.144775,-4587.907227,-833.271179,1563.567261,-4604.554688,-866.772278,1470.102539,-4540.276855,-848.385132,1605.976318,-4580.411621,-840.857849,1439.633301,-4587.129395,-834.171692,1562.945312,-4605.537598,-866.981628,1469.913086,-4540.871094,-847.773560,1606.235474,-4579.661133,2616.263184,1567.785278,-3159.787598,,,,,,,,,,,,,,,,,,,,,,,,,,,,,,,,,
3511,35.110000,0.000000,0.000000,0.000000,1.000000,0.000000,0.000000,0.000000,57.698101,20.499701,-14.700500,0.047771,-0.013570,0.015998,-15.666301,-52.738201,18.801300,-93.396698,0.129960,17.611099,-0.171387,-0.500308,-0.679439,0.508607,-848.975647,1519.452881,-4578.674805,-842.586182,1438.900879,-4588.155273,-834.802429,1563.317993,-4604.936523,-868.392700,1469.866699,-4540.685547,-850.121460,1605.726196,-4580.921875,-842.448547,1439.332031,-4587.420898,-835.265137,1563.046997,-4605.435547,-868.427551,1469.617798,-4541.281738,-849.778748,1605.851196,-4580.511719,2616.267578,1567.765625,-3159.782471,,,,,,,,,,,,,,,,,,,,,,,,,,,,,,,,,
3512,35.120000,0.000000,0.000000,0.000000,1.000000,0.000000,0.000000,0.000000,57.698101,20.499701,-14.700500,0.047771,-0.013570,0.015998,-15.666301,-52.738201,18.801300,-93.396698,0.129960,17.611099,-0.169633,-0.498288,-0.680462,0.509809,-850.590454,1519.307129,-4578.617676,-844.072754,1438.823730,-4588.581543,-836.503662,1563.351562,-4604.624512,-869.905457,1469.463257,-4540.915039,-851.880066,1605.590332,-4580.349121,-844.010681,1439.112549,-4587.751953,-836.785461,1563.022217,-4605.553223,-869.889038,1469.408813,-4541.616699,-851.693115,1605.672363,-4579.536133,2616.280273,1567.749512,-3159.769531,,,,,,,,,,,,,,,,,,,,,,,,,,,,,,,,,
3513,35.130000,0.000000,0.000000,0.000000,1.000000,0.000000,0.000000,0.000000,57.698101,20.499701,-14.700500,0.047771,-0.013570,0.015998,-15.666301,-52.738201,18.801300,-93.396698,0.129960,17.611099,-0.173428,-0.493358,-0.680682,0.513024,-852.100464,1519.152710,-4578.860352,-845.823242,1438.703125,-4589.243652,-838.302673,1563.286865,-4604.869629,-870.978027,1469.177246,-4541.110352,-853.298218,1605.443970,-4580.216797,-845.695251,1439.117554,-4588.083984,-838.775269,1562.865112,-4606.107422,-870.996704,1468.997437,-4542.014160,-852.969604,1605.630249,-4579.207031,2616.258301,1567.767822,-3159.784180,,,,,,,,,,,,,,,,,,,,,,,,,,,,,,,,,
3514,35.140000,0.000000,0.000000,0.000000,1.000000,0.000000,0.000000,0.000000,57.698101,20.499701,-14.700500,0.047771,-0.013570,0.015998,-15.666301,-52.738201,18.801300,-93.396698,0.129960,17.611099,-0.177127,-0.489510,-0.680399,0.515813,-853.420349,1519.020020,-4579.157715,-847.339478,1438.587402,-4589.785645,-839.891235,1563.197510,-4605.234863,-871.895203,1468.980713,-4541.293457,-854.555664,1605.314941,-4580.316895,-847.122131,1438.877686,-4588.682617,-840.582886,1562.597046,-4606.633789,-871.959717,1468.883911,-4542.270020,-854.126160,1605.627319,-4579.202637,2616.269043,1567.737793,-3159.781494,,,,,,,,,,,,,,,,,,,,,,,,,,,,,,,,,
3515,35.150000,0.000000,0.000000,0.000000,1.000000,0.000000,0.000000,0.000000,57.698101,20.499701,-14.700500,0.047771,-0.013570,0.015998,-15.666301,-52.738201,18.801300,-93.396698,0.129960,17.611099,-0.169756,-0.493114,-0.683347,0.510938,-854.958862,1518.709839,-4579.777832,-848.763306,1438.311279,-4590.595703,-840.871521,1562.970703,-4605.414551,-874.228333,1468.547729,-4542.475586,-855.972473,1605.009888,-4580.624512,-848.320129,1438.626343,-4589.487305,-841.998779,1562.300049,-4607.001465,-874.456116,1468.419312,-4543.389648,-855.237122,1605.383545,-4579.405273,2616.264893,1567.740723,-3159.779785,,,,,,,,,,,,,,,,,,,,,,,,,,,,,,,,,
3516,35.160000,0.000000,0.000000,0.000000,1.000000,0.000000,0.000000,0.000000,57.698101,20.499701,-14.700500,0.047771,-0.013570,0.015998,-15.666301,-52.738201,18.801300,-93.396698,0.129960,17.611099,-0.169795,-0.492288,-0.683738,0.511200,-856.257874,1518.450195,-4580.388672,-850.102417,1438.066406,-4591.338867,-842.180725,1562.746094,-4605.970215,-875.507324,1468.236694,-4543.145508,-857.241089,1604.751831,-4581.099609,-849.571167,1438.221924,-4590.336914,-843.364563,1562.010620,-4607.551270,-875.774170,1468.190552,-4543.915527,-856.474121,1605.261963,-4579.851562,2616.303223,1567.718140,-3159.767822,,,,,,,,,,,,,,,,,,,,,,,,,,,,,,,,,
3517,35.170000,0.000000,0.000000,0.000000,1.000000,0.000000,0.000000,0.000000,57.698101,20.499701,-14.700500,0.047771,-0.013570,0.015998,-15.666301,-52.738201,18.801300,-93.396698,0.129960,17.611099,-0.169514,-0.492014,-0.684292,0.510815,-857.576233,1518.222778,-4581.034668,-851.486450,1437.845337,-4592.067383,-843.441650,1562.533325,-4606.559082,-876.896301,1467.986816,-4543.858398,-858.480652,1604.526001,-4581.653809,-850.944702,1437.995117,-4591.204590,-844.590393,1561.821289,-4607.958984,-877.184875,1467.931396,-4544.525391,-857.704102,1605.051880,-4580.515625,2616.298340,1567.729492,-3159.770508,,,,,,,,,,,,,,,,,,,,,,,,,,,,,,,,,
3518,35.180000,0.000000,0.000000,0.000000,1.000000,0.000000,0.000000,0.000000,57.698101,20.499701,-14.700500,0.047771,-0.013570,0.015998,-15.666301,-52.738201,18.801300,-93.396698,0.129960,17.611099,-0.168666,-0.491398,-0.684809,0.510996,-858.873413,1518.100830,-4581.627930,-852.750000,1437.750854,-4592.840332,-844.740723,1562.474365,-4607.043945,-878.195679,1467.773560,-4544.576660,-859.807373,1604.404907,-4582.050293,-852.371643,1437.808838,-4592.062012,-845.559448,1562.205933,-4608.088379,-878.413879,1467.651367,-4545.183594,-859.177124,1604.748657,-4581.167480,2616.282471,1567.740479,-3159.781006,,,,,,,,,,,,,,,,,,,,,,,,,,,,,,,,,
3519,35.190000,0.000000,0.000000,0.000000,1.000000,0.000000,0.000000,0.000000,57.698101,20.499701,-14.700500,0.047771,-0.013570,0.015998,-15.666301,-52.738201,18.801300,-93.396698,0.129960,17.611099,-0.171069,-0.490362,-0.684289,0.511888,-860.003845,1517.809692,-4582.311035,-854.017883,1437.440063,-4593.456055,-845.966248,1562.137939,-4607.858887,-879.173828,1467.547119,-4545.093750,-860.857483,1604.114014,-4582.836426,-853.691223,1437.547363,-4592.915039,-846.557190,1561.622559,-4608.891602,-879.365601,1467.529419,-4545.504883,-860.440979,1604.484497,-4581.971680,2616.298340,1567.736450,-3159.785400,,,,,,,,,,,,,,,,,,,,,,,,,,,,,,,,,
3520,35.200000,0.000000,0.000000,0.000000,1.000000,0.000000,0.000000,0.000000,57.698101,20.499701,-14.700500,0.047771,-0.013570,0.015998,-15.666301,-52.738201,18.801300,-93.396698,0.129960,17.611099,-0.171505,-0.490604,-0.684151,0.511694,-861.240723,1517.373291,-4583.018066,-855.294739,1436.989868,-4594.085938,-847.187683,1561.669922,-4608.612305,-880.426514,1467.156250,-4545.747070,-862.054138,1603.677490,-4583.628418,-854.984375,1436.798950,-4593.724121,-847.658936,1561.205322,-4609.547363,-880.607178,1467.396362,-4546.104492,-861.759583,1604.046387,-4582.723633,2616.269043,1567.739380,-3159.796143,,,,,,,,,,,,,,,,,,,,,,,,,,,,,,,,,
3521,35.210000,0.000000,0.000000,0.000000,1.000000,0.000000,0.000000,0.000000,57.698101,20.499701,-14.700500,0.047771,-0.013570,0.015998,-15.666301,-52.738201,18.801300,-93.396698,0.129960,17.611099,-0.171525,-0.491340,-0.683881,0.511342,-862.318726,1517.113037,-4583.615234,-856.359802,1436.714233,-4594.563477,-848.241821,1561.373779,-4609.257812,-881.539673,1466.948120,-4546.292480,-863.133789,1603.416382,-4584.347656,-856.176453,1436.418091,-4594.237305,-848.479187,1561.041626,-4609.973145,-881.621887,1467.176636,-4546.632324,-863.012268,1603.821655,-4583.590820,2616.277832,1567.760010,-3159.788086,,,,,,,,,,,,,,,,,,,,,,,,,,,,,,,,,
3522,35.220000,0.000000,0.000000,0.000000,1.000000,0.000000,0.000000,0.000000,57.698101,20.499701,-14.700500,0.047771,-0.013570,0.015998,-15.666301,-52.738201,18.801300,-93.396698,0.129960,17.611099,-0.173479,-0.490937,-0.683341,0.511792,-863.299011,1516.942993,-4584.152832,-857.452026,1436.519043,-4594.976562,-849.278137,1561.144409,-4609.928223,-882.425720,1466.863281,-4546.666992,-864.040283,1603.245361,-4585.039551,-857.407043,1436.090820,-4594.775391,-849.263245,1560.886353,-4610.359863,-882.394897,1467.174561,-4546.940918,-864.142334,1603.639282,-4584.480469,2616.297607,1567.712402,-3159.788574,,,,,,,,,,,,,,,,,,,,,,,,,,,,,,,,,
3523,35.230000,0.000000,0.000000,0.000000,1.000000,0.000000,0.000000,0.000000,57.698101,20.499701,-14.700500,0.047771,-0.013570,0.015998,-15.666301,-52.738201,18.801300,-93.396698,0.129960,17.611099,-0.172954,-0.492738,-0.683091,0.510571,-864.137939,1516.776489,-4584.605469,-858.273621,1436.323120,-4595.199219,-850.010193,1560.906982,-4610.443359,-883.416138,1466.799438,-4547.061035,-864.851929,1603.076416,-4585.719238,-858.336731,1435.906982,-4595.093750,-849.831482,1560.728149,-4610.719727,-883.315308,1467.110962,-4547.249023,-865.091064,1603.370117,-4585.322754,2616.304932,1567.719849,-3159.767334,,,,,,,,,,,,,,,,,,,,,,,,,,,,,,,,,
3524,35.240000,0.000000,0.000000,0.000000,1.000000,0.000000,0.000000,0.000000,57.698101,20.499701,-14.700500,0.047771,-0.013570,0.015998,-15.666301,-52.738201,18.801300,-93.396698,0.129960,17.611099,-0.172010,-0.494720,-0.682812,0.509346,-864.992004,1516.491089,-4585.131836,-859.062988,1436.013428,-4595.502441,-850.759949,1560.561768,-4611.014648,-884.424988,1466.601196,-4547.550781,-865.720276,1602.787964,-4586.458984,-859.084045,1435.700317,-4595.400391,-850.634338,1560.386475,-4611.308105,-884.364502,1466.881714,-4547.719238,-865.898682,1603.012573,-4586.071289,2616.312500,1567.726318,-3159.766846,,,,,,,,,,,,,,,,,,,,,,,,,,,,,,,,,
3525,35.250000,0.000000,0.000000,0.000000,1.000000,0.000000,0.000000,0.000000,57.698101,20.499701,-14.700500,0.047771,-0.013570,0.015998,-15.666301,-52.738201,18.801300,-93.396698,0.129960,17.611099,-0.170328,-0.496699,-0.682935,0.507817,-865.884888,1516.300903,-4585.573730,-859.884888,1435.809814,-4595.796875,-851.506714,1560.337402,-4611.434082,-885.531799,1466.460938,-4548.037598,-866.616272,1602.595825,-4587.025879,-859.890991,1435.557251,-4595.706543,-851.453003,1560.191284,-4611.623535,-885.475647,1466.720337,-4548.209961,-866.725159,1602.754395,-4586.742188,2616.287598,1567.708618,-3159.770752,,,,,,,,,,,,,,,,,,,,,,,,,,,,,,,,,
3526,35.260000,0.000000,0.000000,0.000000,1.000000,0.000000,0.000000,0.000000,57.698101,20.499701,-14.700500,0.047771,-0.013570,0.015998,-15.666301,-52.738201,18.801300,-93.396698,0.129960,17.611099,-0.170404,-0.497765,-0.682700,0.507063,-866.741638,1516.059082,-4586.007324,-860.765320,1435.544312,-4596.058105,-852.298706,1560.035889,-4611.932617,-886.475464,1466.305054,-4548.402832,-867.427185,1602.351196,-4587.635254,-860.713501,1435.435547,-4595.955566,-852.357178,1559.839722,-4612.131836,-886.465942,1466.545776,-4548.593262,-867.435120,1602.430420,-4587.359863,2616.302490,1567.745361,-3159.781006,,,,,,,,,,,,,,,,,,,,,,,,,,,,,,,,,
3527,35.270000,0.000000,0.000000,0.000000,1.000000,0.000000,0.000000,0.000000,57.698101,20.499701,-14.700500,0.047771,-0.013570,0.015998,-15.666301,-52.738201,18.801300,-93.396698,0.129960,17.611099,-0.170322,-0.498136,-0.683116,0.506166,-867.593018,1515.900269,-4586.470215,-861.717346,1435.373901,-4596.486328,-853.047241,1559.848022,-4612.387695,-887.455688,1466.186523,-4548.879883,-868.151794,1602.192749,-4588.125488,-861.708374,1435.245483,-4596.394043,-853.054932,1559.669189,-4612.525879,-887.403931,1466.422852,-4549.072266,-868.203674,1602.287354,-4587.897949,2616.294189,1567.771362,-3159.781250,,,,,,,,,,,,,,,,,,,,,,,,,,,,,,,,,
3528,35.280000,0.000000,0.000000,0.000000,1.000000,0.000000,0.000000,0.000000,57.698101,20.499701,-14.700500,0.047771,-0.013570,0.015998,-15.666301,-52.738201,18.801300,-93.396698,0.129960,17.611099,-0.170016,-0.498465,-0.683252,0.505761,-868.404358,1515.978394,-4586.876465,-862.538696,1435.448975,-4596.874023,-853.815552,1559.918579,-4612.782715,-888.325684,1466.275513,-4549.303711,-868.937561,1602.270752,-4588.545410,-862.471436,1434.730103,-4596.767578,-853.935425,1560.094604,-4612.809570,-888.275024,1466.787842,-4549.562500,-868.907776,1602.218506,-4588.399902,2616.286621,1567.721680,-3159.776367,,,,,,,,,,,,,,,,,,,,,,,,,,,,,,,,,
3529,35.290000,0.000000,0.000000,0.000000,1.000000,0.000000,0.000000,0.000000,57.698101,20.499701,-14.700500,0.047771,-0.013570,0.015998,-15.666301,-52.738201,18.801300,-93.396698,0.129960,17.611099,-0.171697,-0.498389,-0.683476,0.504964,-869.135986,1515.704102,-4587.264648,-863.528320,1435.141113,-4597.138184,-854.453674,1559.557495,-4613.265137,-889.150574,1466.123291,-4549.579590,-869.411438,1601.994873,-4589.074707,-863.495361,1434.929810,-4597.081543,-854.519104,1559.433105,-4613.302734,-889.071777,1466.622925,-4549.840820,-869.438232,1601.934326,-4588.882812,2616.287842,1567.733398,-3159.777100,,,,,,,,,,,,,,,,,,,,,,,,,,,,,,,,,
3530,35.300000,0.000000,0.000000,0.000000,1.000000,0.000000,0.000000,0.000000,57.698101,20.499701,-14.700500,0.047771,-0.013570,0.015998,-15.666301,-52.738201,18.801300,-93.396698,0.129960,17.611099,-0.175841,-0.495673,-0.683724,0.505875,-870.012573,1515.534668,-4587.751953,-864.824219,1434.950439,-4597.683105,-855.392578,1559.330566,-4613.883789,-889.880127,1466.031616,-4549.887695,-869.953491,1601.825928,-4589.553223,-864.765930,1434.793457,-4597.712402,-855.413269,1558.982666,-4613.971191,-889.848938,1466.477783,-4550.021973,-870.025269,1601.930054,-4589.319336,2616.301758,1567.762817,-3159.771240,,,,,,,,,,,,,,,,,,,,,,,,,,,,,,,,,
3531,35.310000,0.000000,0.000000,0.000000,1.000000,0.000000,0.000000,0.000000,57.698101,20.499701,-14.700500,0.047771,-0.013570,0.015998,-15.666301,-52.738201,18.801300,-93.396698,0.129960,17.611099,-0.176438,-0.495747,-0.683742,0.505571,-870.733521,1515.447144,-4588.000977,-865.629944,1434.849976,-4597.870117,-856.081055,1559.207642,-4614.173828,-890.634033,1465.994141,-4550.088379,-870.588989,1601.736938,-4589.871094,-865.537903,1434.734741,-4597.955566,-856.096741,1558.868042,-4614.282227,-890.662781,1466.377930,-4550.112793,-870.646057,1601.823975,-4589.657715,2616.279785,1567.731445,-3159.763672,,,,,,,,,,,,,,,,,,,,,,,,,,,,,,,,,
3532,35.320000,0.000000,0.000000,0.000000,1.000000,0.000000,0.000000,0.000000,57.698101,20.499701,-14.700500,0.047771,-0.013570,0.015998,-15.666301,-52.738201,18.801300,-93.396698,0.129960,17.611099,-0.177137,-0.495589,-0.683262,0.506129,-871.382385,1515.402588,-4588.251953,-866.256775,1434.800415,-4598.068848,-856.800049,1559.150269,-4614.485840,-891.188477,1465.968872,-4550.265137,-871.284485,1601.691040,-4590.188477,-866.146179,1434.639038,-4598.125000,-856.844055,1558.846069,-4614.642090,-891.235596,1466.325684,-4550.307617,-871.315918,1601.820068,-4589.933594,2616.322021,1567.751953,-3159.762695,,,,,,,,,,,,,,,,,,,,,,,,,,,,,,,,,
3533,35.330000,0.000000,0.000000,0.000000,1.000000,0.000000,0.000000,0.000000,57.698101,20.499701,-14.700500,0.047771,-0.013570,0.015998,-15.666301,-52.738201,18.801300,-93.396698,0.129960,17.611099,-0.179491,-0.494366,-0.682947,0.506921,-872.202515,1515.355713,-4588.488770,-867.239441,1434.739380,-4598.272461,-857.701050,1559.064087,-4614.832520,-891.872437,1465.977173,-4550.359375,-871.997253,1601.642334,-4590.490234,-867.069092,1434.574219,-4598.359863,-857.766113,1558.739624,-4615.097656,-891.991943,1466.296631,-4550.325195,-871.998352,1601.810181,-4590.173828,2616.318359,1567.761353,-3159.765381,,,,,,,,,,,,,,,,,,,,,,,,,,,,,,,,,
3534,35.340000,0.000000,0.000000,0.000000,1.000000,0.000000,0.000000,0.000000,57.698101,20.499701,-14.700500,0.047771,-0.013570,0.015998,-15.666301,-52.738201,18.801300,-93.396698,0.129960,17.611099,-0.183226,-0.492004,-0.682768,0.508122,-873.062195,1515.253052,-4588.775879,-868.403809,1434.620728,-4598.577148,-858.673096,1558.914062,-4615.259766,-892.531799,1465.939575,-4550.460449,-872.640198,1601.538330,-4590.807129,-868.178650,1434.422241,-4598.742188,-858.711731,1558.561035,-4615.633301,-892.722961,1466.210571,-4550.298340,-872.642639,1601.801758,-4590.443848,2616.263916,1567.711914,-3159.757080,,,,,,,,,,,,,,,,,,,,,,,,,,,,,,,,,
3535,35.350000,0.000000,0.000000,0.000000,1.000000,0.000000,0.000000,0.000000,57.698101,20.499701,-14.700500,0.047771,-0.013570,0.015998,-15.666301,-52.738201,18.801300,-93.396698,0.129960,17.611099,-0.184736,-0.491772,-0.681968,0.508874,-873.795471,1515.267090,-4588.950684,-869.147888,1434.619141,-4598.627441,-859.506470,1558.886108,-4615.557617,-893.123962,1466.014771,-4550.485352,-873.403564,1601.548950,-4591.132324,-868.825806,1434.485229,-4598.785156,-859.696228,1558.438965,-4616.004395,-893.382446,1466.341187,-4550.343262,-873.302917,1601.754761,-4590.711914,2616.272461,1567.742065,-3159.766602,,,,,,,,,,,,,,,,,,,,,,,,,,,,,,,,,
3536,35.360000,0.000000,0.000000,0.000000,1.000000,0.000000,0.000000,0.000000,57.698101,20.499701,-14.700500,0.047771,-0.013570,0.015998,-15.666301,-52.738201,18.801300,-93.396698,0.129960,17.611099,-0.185830,-0.491895,-0.680964,0.509701,-874.513245,1515.318848,-4589.124023,-869.799866,1434.657227,-4598.654785,-860.341187,1558.901489,-4615.853027,-893.688232,1466.120605,-4550.512695,-874.223755,1601.596436,-4591.476074,-869.394226,1434.552734,-4598.813965,-860.628357,1558.409302,-4616.403809,-894.015625,1466.465576,-4550.355469,-874.050110,1601.783203,-4590.984375,2616.274170,1567.753418,-3159.774902,,,,,,,,,,,,,,,,,,,,,,,,,,,,,,,,,
3537,35.370000,0.000000,0.000000,0.000000,1.000000,0.000000,0.000000,0.000000,57.698101,20.499701,-14.700500,0.047771,-0.013570,0.015998,-15.666301,-52.738201,18.801300,-93.396698,0.129960,17.611099,-0.175507,-0.498092,-0.683801,0.503506,-875.502869,1515.140015,-4589.780762,-870.434998,1434.508545,-4599.384277,-860.651306,1558.807007,-4615.997559,-895.676025,1465.821167,-4551.837891,-875.249268,1601.423706,-4591.903320,-870.165588,1434.543945,-4598.816406,-861.291748,1558.470825,-4616.577148,-895.810486,1465.705566,-4552.374512,-874.760010,1601.849365,-4591.346191,2616.260010,1567.739990,-3159.771973,,,,,,,,,,,,,,,,,,,,,,,,,,,,,,,,,
3538,35.380000,0.000000,0.000000,0.000000,1.000000,0.000000,0.000000,0.000000,57.698101,20.499701,-14.700500,0.047771,-0.013570,0.015998,-15.666301,-52.738201,18.801300,-93.396698,0.129960,17.611099,-0.176919,-0.498512,-0.682217,0.504743,-875.996216,1515.244629,-4589.812500,-870.796204,1434.593750,-4599.179199,-861.319824,1558.858887,-4616.215332,-895.944031,1466.004517,-4551.648438,-875.924927,1601.521484,-4592.206055,-870.649048,1434.712280,-4598.679688,-861.749939,1558.495850,-4616.679199,-895.993591,1465.858276,-4552.132324,-875.612732,1601.905151,-4591.766602,2616.300293,1567.715454,-3159.757812,,,,,,,,,,,,,,,,,,,,,,,,,,,,,,,,,
3539,35.390000,0.000000,0.000000,0.000000,1.000000,0.000000,0.000000,0.000000,57.698101,20.499701,-14.700500,0.047771,-0.013570,0.015998,-15.666301,-52.738201,18.801300,-93.396698,0.129960,17.611099,-0.177148,-0.499260,-0.682268,0.503854,-876.652100,1515.268311,-4589.903320,-871.538513,1434.597046,-4599.141602,-861.886658,1558.824585,-4616.352051,-896.711731,1466.110596,-4551.691895,-876.471619,1601.541382,-4592.427734,-871.576416,1434.608032,-4598.741211,-862.016846,1558.639771,-4616.551758,-896.604309,1466.049316,-4552.151855,-876.400024,1601.777710,-4592.181152,2616.323730,1567.727905,-3159.747314,,,,,,,,,,,,,,,,,,,,,,,,,,,,,,,,,
3540,35.400000,0.000000,0.000000,0.000000,1.000000,0.000000,0.000000,0.000000,57.698101,20.499701,-14.700500,0.047771,-0.013570,0.015998,-15.666301,-52.738201,18.801300,-93.396698,0.129960,17.611099,-0.176079,-0.500783,-0.682397,0.502541,-877.313599,1515.387085,-4589.873535,-872.185608,1434.701904,-4598.981445,-862.419373,1558.903198,-4616.315918,-897.554932,1466.286743,-4551.684082,-877.094604,1601.656616,-4592.512207,-872.457397,1434.649536,-4598.720215,-862.252197,1558.841064,-4616.291504,-897.268433,1466.229614,-4552.026855,-877.273132,1601.818481,-4592.475586,2616.303955,1567.692749,-3159.753662,,,,,,,,,,,,,,,,,,,,,,,,,,,,,,,,,
3541,35.410000,0.000000,0.000000,0.000000,1.000000,0.000000,0.000000,0.000000,57.698101,20.499701,-14.700500,0.047771,-0.013570,0.015998,-15.666301,-52.738201,18.801300,-93.396698,0.129960,17.611099,-0.175386,-0.501574,-0.681874,0.502705,-877.997253,1515.415527,-4589.785645,-872.717590,1434.731689,-4598.817871,-863.141174,1558.934814,-4616.244141,-898.207214,1466.312866,-4551.583008,-877.923279,1601.683105,-4592.497559,-873.185181,1434.858765,-4598.464355,-862.821106,1558.941528,-4616.164551,-897.775146,1466.140259,-4551.994629,-878.199463,1601.712036,-4592.530762,2616.308594,1567.727173,-3159.758545,,,,,,,,,,,,,,,,,,,,,,,,,,,,,,,,,
3542,35.420000,0.000000,0.000000,0.000000,1.000000,0.000000,0.000000,0.000000,57.698101,20.499701,-14.700500,0.047771,-0.013570,0.015998,-15.666301,-52.738201,18.801300,-93.396698,0.129960,17.611099,-0.174881,-0.502106,-0.681541,0.502801,-878.741882,1515.589478,-4589.609863,-873.359619,1434.907104,-4598.595215,-863.909485,1559.112183,-4616.076660,-898.933472,1466.483276,-4551.401855,-878.765015,1601.855591,-4592.366699,-873.867493,1435.014038,-4598.326172,-863.483276,1559.199951,-4615.905273,-898.477661,1466.385986,-4551.742188,-879.123779,1601.762695,-4592.468262,2616.294434,1567.756470,-3159.779541,,,,,,,,,,,,,,,,,,,,,,,,,,,,,,,,,
3543,35.430000,0.000000,0.000000,0.000000,1.000000,0.000000,0.000000,0.000000,57.698101,20.499701,-14.700500,0.047771,-0.013570,0.015998,-15.666301,-52.738201,18.801300,-93.396698,0.129960,17.611099,-0.171514,-0.504469,-0.682132,0.500789,-879.756470,1515.846558,-4589.520020,-874.221497,1435.169434,-4598.459473,-864.719360,1559.383911,-4615.846680,-900.255554,1466.720459,-4551.501953,-879.829468,1602.112915,-4592.272461,-874.554932,1435.492554,-4598.196289,-864.500671,1559.387329,-4615.816895,-899.975769,1466.664307,-4551.779785,-880.035583,1601.882202,-4592.270020,2616.294434,1567.716431,-3159.784912,,,,,,,,,,,,,,,,,,,,,,,,,,,,,,,,,
3544,35.440000,0.000000,0.000000,0.000000,1.000000,0.000000,0.000000,0.000000,57.698101,20.499701,-14.700500,0.047771,-0.013570,0.015998,-15.666301,-52.738201,18.801300,-93.396698,0.129960,17.611099,-0.172260,-0.504088,-0.681401,0.501911,-880.624695,1516.026611,-4589.326172,-875.003418,1435.351929,-4598.234375,-865.720886,1559.569214,-4615.720215,-900.950317,1466.894409,-4551.222656,-880.824341,1602.291138,-4592.128418,-875.168152,1435.578125,-4598.053223,-865.624084,1559.480835,-4615.738770,-900.776855,1466.950684,-4551.458496,-880.939758,1602.127075,-4592.052734,2616.323730,1567.716553,-3159.771484,,,,,,,,,,,,,,,,,,,,,,,,,,,,,,,,,
3545,35.450000,0.000000,0.000000,0.000000,1.000000,0.000000,0.000000,0.000000,57.698101,20.499701,-14.700500,0.047771,-0.013570,0.015998,-15.666301,-52.738201,18.801300,-93.396698,0.129960,17.611099,-0.172529,-0.503823,-0.681144,0.502434,-881.567139,1516.162354,-4589.144531,-875.907837,1435.491333,-4598.060547,-866.722778,1559.714355,-4615.556641,-901.815186,1467.017456,-4551.016113,-881.822754,1602.426758,-4591.945312,-875.970215,1435.718262,-4597.803711,-866.784851,1559.613525,-4615.625488,-901.707886,1467.052246,-4551.324219,-881.799133,1602.301514,-4591.825684,2616.273682,1567.738159,-3159.784668,,,,,,,,,,,,,,,,,,,,,,,,,,,,,,,,,
3546,35.460000,0.000000,0.000000,0.000000,1.000000,0.000000,0.000000,0.000000,57.698101,20.499701,-14.700500,0.047771,-0.013570,0.015998,-15.666301,-52.738201,18.801300,-93.396698,0.129960,17.611099,-0.174077,-0.502642,-0.680487,0.503970,-882.461853,1516.319946,-4588.898438,-876.784302,1435.652710,-4597.836914,-867.785889,1559.881470,-4615.388672,-902.477661,1467.162109,-4550.664551,-882.799561,1602.583862,-4591.704590,-876.775818,1435.944092,-4597.618652,-867.911316,1559.650024,-4615.483398,-902.434265,1467.170166,-4550.909180,-882.733215,1602.540527,-4591.574219,2616.281250,1567.768311,-3159.791260,,,,,,,,,,,,,,,,,,,,,,,,,,,,,,,,,
3547,35.470000,0.000000,0.000000,0.000000,1.000000,0.000000,0.000000,0.000000,57.698101,20.499701,-14.700500,0.047771,-0.013570,0.015998,-15.666301,-52.738201,18.801300,-93.396698,0.129960,17.611099,-0.174148,-0.501925,-0.680614,0.504488,-883.423462,1516.444824,-4588.784180,-877.736938,1435.789795,-4597.827637,-868.792969,1560.042114,-4615.240723,-903.377197,1467.235596,-4550.583984,-883.786804,1602.711914,-4591.484863,-877.627014,1435.612183,-4597.714355,-869.012512,1559.998047,-4615.306152,-903.422546,1467.266113,-4550.718262,-883.624084,1602.905518,-4591.384277,2616.291748,1567.726807,-3159.795166,,,,,,,,,,,,,,,,,,,,,,,,,,,,,,,,,
3548,35.480000,0.000000,0.000000,0.000000,1.000000,0.000000,0.000000,0.000000,57.698101,20.499701,-14.700500,0.047771,-0.013570,0.015998,-15.666301,-52.738201,18.801300,-93.396698,0.129960,17.611099,-0.173305,-0.501726,-0.680443,0.505206,-884.521423,1516.639160,-4588.469727,-878.678101,1436.006226,-4597.608398,-869.970581,1560.296265,-4614.871094,-904.386658,1467.345703,-4550.331543,-885.050537,1602.908569,-4591.066895,-878.559998,1435.752197,-4597.416504,-870.261230,1560.356934,-4614.935547,-904.424744,1467.379639,-4550.540527,-884.838318,1603.056763,-4590.968750,2616.309326,1567.747925,-3159.779785,,,,,,,,,,,,,,,,,,,,,,,,,,,,,,,,,
3549,35.490000,0.000000,0.000000,0.000000,1.000000,0.000000,0.000000,0.000000,57.698101,20.499701,-14.700500,0.047771,-0.013570,0.015998,-15.666301,-52.738201,18.801300,-93.396698,0.129960,17.611099,-0.174251,-0.500412,-0.680923,0.505538,-885.623352,1516.821899,-4588.220215,-879.921570,1436.193726,-4597.490723,-871.083069,1560.495850,-4614.599609,-905.453369,1467.502441,-4550.097656,-886.035461,1603.095703,-4590.692871,-879.835022,1435.858765,-4597.364746,-871.315063,1560.674805,-4614.586914,-905.471130,1467.599121,-4550.251465,-885.882629,1603.127808,-4590.661133,2616.308838,1567.751465,-3159.788086,,,,,,,,,,,,,,,,,,,,,,,,,,,,,,,,,
3550,35.500000,0.000000,0.000000,0.000000,1.000000,0.000000,0.000000,0.000000,57.698101,20.499701,-14.700500,0.047771,-0.013570,0.015998,-15.666301,-52.738201,18.801300,-93.396698,0.129960,17.611099,-0.171292,-0.502253,-0.680937,0.504704,-886.620911,1516.975586,-4587.757324,-880.659119,1436.363770,-4597.005371,-872.010620,1560.690918,-4614.029297,-906.586060,1467.599487,-4549.778320,-887.228088,1603.248657,-4590.215332,-880.728943,1436.046021,-4596.932129,-871.932861,1560.690186,-4614.081543,-906.486450,1467.810913,-4549.924316,-887.343323,1603.338623,-4590.086914,2616.288086,1567.780396,-3159.803467,,,,,,,,,,,,,,,,,,,,,,,,,,,,,,,,,
3551,35.510000,0.000000,0.000000,0.000000,1.000000,0.000000,0.000000,0.000000,57.698101,20.499701,-14.700500,0.047771,-0.013570,0.015998,-15.666301,-52.738201,18.801300,-93.396698,0.129960,17.611099,-0.169153,-0.502892,-0.680978,0.504733,-887.548096,1517.108398,-4587.308105,-881.362671,1436.523438,-4596.642578,-872.948486,1560.893311,-4613.470215,-907.530518,1467.634277,-4549.466309,-888.350769,1603.383057,-4589.652832,-881.608337,1436.310669,-4596.544434,-872.661804,1560.802979,-4613.448730,-907.226196,1467.960693,-4549.735352,-888.674011,1603.397095,-4589.530762,2616.266602,1567.760010,-3159.800781,,,,,,,,,,,,,,,,,,,,,,,,,,,,,,,,,
3552,35.520000,0.000000,0.000000,0.000000,1.000000,0.000000,0.000000,0.000000,57.698101,20.499701,-14.700500,0.047771,-0.013570,0.015998,-15.666301,-52.738201,18.801300,-93.396698,0.129960,17.611099,-0.172085,-0.500423,-0.679888,0.507657,-888.540405,1517.114258,-4586.996094,-882.342163,1436.540039,-4596.415039,-874.254517,1560.925781,-4613.286621,-908.087036,1467.603149,-4548.975586,-889.477905,1603.388428,-4589.306641,-882.511047,1436.523804,-4596.120605,-874.204651,1560.842041,-4613.339844,-907.856384,1467.675049,-4549.392578,-889.566101,1603.434082,-4589.176270,2616.316650,1567.770020,-3159.782471,,,,,,,,,,,,,,,,,,,,,,,,,,,,,,,,,
3553,35.530000,0.000000,0.000000,0.000000,1.000000,0.000000,0.000000,0.000000,57.698101,20.499701,-14.700500,0.047771,-0.013570,0.015998,-15.666301,-52.738201,18.801300,-93.396698,0.129960,17.611099,-0.175279,-0.497241,-0.678878,0.511032,-889.736328,1517.376587,-4586.671387,-883.538879,1436.822266,-4596.260254,-875.806152,1561.239136,-4613.067383,-908.786926,1467.792847,-4548.493652,-890.813477,1603.652100,-4588.864258,-883.648682,1436.828491,-4595.985352,-875.774597,1561.005249,-4613.197266,-908.637085,1467.727905,-4548.829590,-890.881470,1603.959595,-4588.678223,2616.327148,1567.771606,-3159.762451,,,,,,,,,,,,,,,,,,,,,,,,,,,,,,,,,
3554,35.540000,0.000000,0.000000,0.000000,1.000000,0.000000,0.000000,0.000000,57.698101,20.499701,-14.700500,0.047771,-0.013570,0.015998,-15.666301,-52.738201,18.801300,-93.396698,0.129960,17.611099,-0.176227,-0.495169,-0.678908,0.512675,-890.845398,1517.714722,-4586.406250,-884.654053,1437.187500,-4596.223145,-877.071167,1561.649292,-4612.763672,-909.677734,1468.027588,-4548.254883,-891.978821,1603.994873,-4588.382324,-884.715698,1437.569824,-4595.982910,-877.119812,1561.300293,-4612.835449,-909.606018,1467.779419,-4548.475098,-891.947937,1604.214478,-4588.320801,2616.278564,1567.746948,-3159.775391,,,,,,,,,,,,,,,,,,,,,,,,,,,,,,,,,
3555,35.550000,0.000000,0.000000,0.000000,1.000000,0.000000,0.000000,0.000000,57.698101,20.499701,-14.700500,0.047771,-0.013570,0.015998,-15.666301,-52.738201,18.801300,-93.396698,0.129960,17.611099,-0.175404,-0.496716,-0.676779,0.514273,-891.778687,1517.843750,-4585.897461,-885.123657,1437.325928,-4595.486816,-878.245667,1561.782227,-4612.373535,-910.341370,1468.156860,-4547.614258,-893.404175,1604.110107,-4588.115723,-884.926514,1437.663940,-4595.096191,-878.683777,1561.541260,-4612.698242,-910.452148,1467.974976,-4547.917480,-893.064392,1604.210205,-4587.860352,2616.273926,1567.711670,-3159.781982,,,,,,,,,,,,,,,,,,,,,,,,,,,,,,,,,
3556,35.560000,0.000000,0.000000,0.000000,1.000000,0.000000,0.000000,0.000000,57.698101,20.499701,-14.700500,0.047771,-0.013570,0.015998,-15.666301,-52.738201,18.801300,-93.396698,0.129960,17.611099,-0.170604,-0.499574,-0.677718,0.511877,-892.674744,1517.948120,-4585.526855,-885.777466,1437.452148,-4595.126953,-878.890076,1561.938599,-4611.786133,-911.622986,1468.187744,-4547.529297,-894.408508,1604.214478,-4587.665527,-885.663147,1437.675415,-4594.845703,-879.205322,1561.833496,-4611.925781,-911.672607,1468.091309,-4547.784668,-894.164246,1604.205078,-4587.537109,2616.301025,1567.736450,-3159.764160,,,,,,,,,,,,,,,,,,,,,,,,,,,,,,,,,
3557,35.570000,0.000000,0.000000,0.000000,1.000000,0.000000,0.000000,0.000000,57.698101,20.499701,-14.700500,0.047771,-0.013570,0.015998,-15.666301,-52.738201,18.801300,-93.396698,0.129960,17.611099,-0.165637,-0.503279,-0.678394,0.508976,-893.659729,1518.093384,-4585.111816,-886.503174,1437.606201,-4594.595215,-879.588196,1562.099609,-4611.191406,-913.045471,1468.311646,-4547.363281,-895.502197,1604.356201,-4587.296387,-886.649963,1437.834839,-4594.334961,-879.589111,1562.062134,-4611.188477,-912.901978,1468.138184,-4547.619141,,,,2616.320801,1567.737427,-3159.764893,,,,,,,,,,,,,,,,,,,,,,,,,,,,,,,,,
3558,35.580000,0.000000,0.000000,0.000000,1.000000,0.000000,0.000000,0.000000,57.698101,20.499701,-14.700500,0.047771,-0.013570,0.015998,-15.666301,-52.738201,18.801300,-93.396698,0.129960,17.611099,-0.169884,-0.499069,-0.676062,0.514791,-894.992798,1518.492065,-4584.586426,-887.626282,1438.047607,-4594.269043,-881.560059,1562.586792,-4610.853027,-913.517822,1468.586670,-4546.570312,-897.266968,1604.747559,-4586.653809,-887.789185,1438.424683,-4593.825684,-881.556030,1562.401367,-4611.019531,-913.354187,1468.490967,-4546.981445,-897.287476,1604.726807,-4586.480469,2616.290771,1567.685181,-3159.748779,,,,,,,,,,,,,,,,,,,,,,,,,,,,,,,,,
3559,35.590000,0.000000,0.000000,0.000000,1.000000,0.000000,0.000000,0.000000,57.698101,20.499701,-14.700500,0.047771,-0.013570,0.015998,-15.666301,-52.738201,18.801300,-93.396698,0.129960,17.611099,-0.169958,-0.498888,-0.675757,0.515342,-895.853455,1518.790161,-4584.035156,-888.421753,1438.352905,-4593.729492,-882.486145,1562.898682,-4610.312012,-914.296631,1468.865723,-4546.004395,-898.209351,1605.043579,-4586.095703,-888.801208,1438.619263,-4593.417480,-882.256531,1562.789429,-4610.245605,-913.954529,1468.752686,-4546.366699,-898.414001,1605.033691,-4586.105957,2616.286133,1567.749146,-3159.761963,,,,,,,,,,,,,,,,,,,,,,,,,,,,,,,,,
3560,35.600000,0.000000,0.000000,0.000000,1.000000,0.000000,0.000000,0.000000,57.698101,20.499701,-14.700500,0.047771,-0.013570,0.015998,-15.666301,-52.738201,18.801300,-93.396698,0.129960,17.611099,-0.170744,-0.497739,-0.675264,0.516837,-896.712463,1519.093750,-4583.512207,-889.209961,1438.674072,-4593.296387,-883.507568,1563.240112,-4609.807617,-914.939514,1469.115601,-4545.447266,-899.192993,1605.345459,-4585.498047,-889.546204,1438.574707,-4593.078125,-883.345947,1563.591064,-4609.467773,-914.613647,1469.005859,-4545.734375,-899.320923,1605.227295,-4585.740234,2616.254150,1567.730469,-3159.782471,,,,,,,,,,,,,,,,,,,,,,,,,,,,,,,,,
3561,35.610000,0.000000,0.000000,0.000000,1.000000,0.000000,0.000000,0.000000,57.698101,20.499701,-14.700500,0.047771,-0.013570,0.015998,-15.666301,-52.738201,18.801300,-93.396698,0.129960,17.611099,-0.170710,-0.497299,-0.674992,0.517626,-897.547119,1519.173584,-4582.978027,-889.958191,1438.769409,-4592.822754,-884.430481,1563.352661,-4609.262695,-915.663452,1469.149292,-4544.921387,-900.136414,1605.423462,-4584.906250,-890.216797,1438.590210,-4592.757812,-884.288452,1563.651855,-4608.808594,-915.406311,1469.145020,-4545.083984,-900.264648,1605.345459,-4585.208008,2616.253906,1567.764160,-3159.784180,,,,,,,,,,,,,,,,,,,,,,,,,,,,,,,,,
3562,35.620000,0.000000,0.000000,0.000000,1.000000,0.000000,0.000000,0.000000,57.698101,20.499701,-14.700500,0.047771,-0.013570,0.015998,-15.666301,-52.738201,18.801300,-93.396698,0.129960,17.611099,-0.174496,-0.495714,-0.673828,0.519398,-898.439148,1519.132202,-4582.691895,-890.994629,1438.699829,-4592.415527,-885.526367,1563.240479,-4609.194824,-916.250732,1469.209717,-4544.358398,-900.985046,1605.379150,-4584.797852,-891.023376,1438.737549,-4592.319824,-885.523499,1563.084351,-4609.248047,-916.193359,1469.265869,-4544.506348,-901.013672,1605.437378,-4584.700684,2616.269287,1567.736816,-3159.779785,,,,,,,,,,,,,,,,,,,,,,,,,,,,,,,,,
3563,35.630000,0.000000,0.000000,0.000000,1.000000,0.000000,0.000000,0.000000,57.698101,20.499701,-14.700500,0.047771,-0.013570,0.015998,-15.666301,-52.738201,18.801300,-93.396698,0.129960,17.611099,-0.174158,-0.496719,-0.673204,0.519360,-899.144775,1519.147827,-4582.102539,-891.584167,1438.709351,-4591.685059,-886.253601,1563.229370,-4608.660645,-916.942810,1469.265259,-4543.710938,-901.798584,1605.387817,-4584.353027,-891.551331,1438.594116,-4591.634766,-886.362549,1563.046997,-4608.605469,-916.902588,1469.437378,-4543.886230,-901.766235,1605.517090,-4584.293457,2616.329102,1567.766846,-3159.757812,,,,,,,,,,,,,,,,,,,,,,,,,,,,,,,,,
3564,35.640000,0.000000,0.000000,0.000000,1.000000,0.000000,0.000000,0.000000,57.698101,20.499701,-14.700500,0.047771,-0.013570,0.015998,-15.666301,-52.738201,18.801300,-93.396698,0.129960,17.611099,-0.175255,-0.496586,-0.672427,0.520125,-899.952576,1519.222778,-4581.577637,-892.360962,1438.775513,-4591.062500,-887.162598,1563.274170,-4608.234863,-917.614014,1469.383911,-4543.065918,-902.672852,1605.457397,-4583.947754,-892.330322,1438.659302,-4590.957031,-887.318970,1563.006592,-4608.173340,-917.547852,1469.560791,-4543.338867,-902.620850,1605.664551,-4583.862305,2616.279297,1567.754272,-3159.770508,,,,,,,,,,,,,,,,,,,,,,,,,,,,,,,,,
3565,35.650000,0.000000,0.000000,0.000000,1.000000,0.000000,0.000000,0.000000,57.698101,20.499701,-14.700500,0.047771,-0.013570,0.015998,-15.666301,-52.738201,18.801300,-93.396698,0.129960,17.611099,-0.171590,-0.499210,-0.673378,0.517598,-900.832581,1519.265259,-4581.083496,-893.127686,1438.822632,-4590.515137,-887.771057,1563.328125,-4607.589355,-918.888794,1469.410278,-4542.775879,-903.542847,1605.500366,-4583.452148,-893.145508,1438.809692,-4590.287598,-888.034912,1563.133057,-4607.395508,-918.756714,1469.398682,-4543.186523,-903.401001,1605.702148,-4583.494629,2616.273926,1567.766357,-3159.788818,,,,,,,,,,,,,,,,,,,,,,,,,,,,,,,,,
3566,35.660000,0.000000,0.000000,0.000000,1.000000,0.000000,0.000000,0.000000,57.698101,20.499701,-14.700500,0.047771,-0.013570,0.015998,-15.666301,-52.738201,18.801300,-93.396698,0.129960,17.611099,-0.167068,-0.503061,-0.673554,0.515114,-901.469666,1519.312866,-4580.404785,-893.461243,1438.877319,-4589.642578,-888.176208,1563.374878,-4606.796875,-919.892944,1469.460938,-4542.268555,-904.348328,1605.538574,-4582.911133,-893.598389,1439.030518,-4589.406250,-888.273804,1563.329224,-4606.605957,-919.703430,1469.345947,-4542.602539,-904.296570,1605.544312,-4583.013672,2616.260742,1567.728394,-3159.791504,,,,,,,,,,,,,,,,,,,,,,,,,,,,,,,,,
3567,35.670000,0.000000,0.000000,0.000000,1.000000,0.000000,0.000000,0.000000,57.698101,20.499701,-14.700500,0.047771,-0.013570,0.015998,-15.666301,-52.738201,18.801300,-93.396698,0.129960,17.611099,-0.167049,-0.503064,-0.673937,0.514616,-902.038940,1519.344604,-4579.641602,-894.108582,1438.902832,-4588.893066,-888.682068,1563.398804,-4606.014648,-920.539368,1469.503052,-4541.529785,-904.825745,1605.573853,-4582.129395,-894.553223,1439.013184,-4588.841797,-888.270691,1563.565918,-4605.511230,-920.152954,1469.427368,-4541.673828,-905.162476,1605.380127,-4582.503906,2616.271484,1567.724854,-3159.778564,,,,,,,,,,,,,,,,,,,,,,,,,,,,,,,,,
3568,35.680000,0.000000,0.000000,0.000000,1.000000,0.000000,0.000000,0.000000,57.698101,20.499701,-14.700500,0.047771,-0.013570,0.015998,-15.666301,-52.738201,18.801300,-93.396698,0.129960,17.611099,-0.169184,-0.501062,-0.674530,0.515095,-902.924255,1519.381226,-4579.172852,-895.266235,1438.929688,-4588.566406,-889.582642,1563.431641,-4605.560547,-921.364197,1469.543091,-4541.026855,-905.484009,1605.621094,-4581.538574,-895.683899,1438.904419,-4588.651855,-889.058044,1563.548096,-4605.030273,-921.029724,1469.459229,-4541.020508,-905.899353,1605.635742,-4581.943848,2616.275146,1567.724609,-3159.771240,,,,,,,,,,,,,,,,,,,,,,,,,,,,,,,,,
3569,35.690000,0.000000,0.000000,0.000000,1.000000,0.000000,0.000000,0.000000,57.698101,20.499701,-14.700500,0.047771,-0.013570,0.015998,-15.666301,-52.738201,18.801300,-93.396698,0.129960,17.611099,-0.171130,-0.499793,-0.674684,0.515483,-903.822449,1519.507935,-4578.609375,-896.366699,1439.040894,-4588.034180,-890.504883,1563.531006,-4605.053711,-922.199707,1469.707153,-4540.384766,-906.218445,1605.752563,-4580.964844,-896.769165,1438.944702,-4588.019531,-890.110901,1563.548828,-4604.521484,-921.802368,1469.741821,-4540.562988,-906.570618,1605.800415,-4581.285645,2616.297119,1567.748169,-3159.781250,,,,,,,,,,,,,,,,,,,,,,,,,,,,,,,,,
3570,35.700000,0.000000,0.000000,0.000000,1.000000,0.000000,0.000000,0.000000,57.698101,20.499701,-14.700500,0.047771,-0.013570,0.015998,-15.666301,-52.738201,18.801300,-93.396698,0.129960,17.611099,-0.172773,-0.498194,-0.675019,0.516044,-904.680420,1519.512695,-4577.999512,-897.408813,1439.041992,-4587.535645,-891.398560,1563.538452,-4604.458008,-922.981567,1469.706665,-4539.745117,-906.932922,1605.763794,-4580.259766,-897.806824,1438.917603,-4587.422363,-891.123352,1563.602905,-4603.911621,-922.539551,1469.750977,-4540.065918,-907.196899,1605.787109,-4580.562500,2616.252197,1567.756226,-3159.802734,,,,,,,,,,,,,,,,,,,,,,,,,,,,,,,,,
3571,35.710000,0.000000,0.000000,0.000000,1.000000,0.000000,0.000000,0.000000,57.698101,20.499701,-14.700500,0.047771,-0.013570,0.015998,-15.666301,-52.738201,18.801300,-93.396698,0.129960,17.611099,-0.173103,-0.498068,-0.674869,0.516252,-905.536133,1519.543335,-4577.257324,-898.267334,1439.070679,-4586.779785,-892.279175,1563.563354,-4603.737305,-923.802124,1469.745605,-4538.974609,-907.795959,1605.793701,-4579.537109,-898.542297,1439.179565,-4586.541016,-892.291931,1563.563843,-4603.287598,-923.449341,1469.638062,-4539.405762,-907.827087,1605.783203,-4579.794434,2616.268799,1567.781982,-3159.804932,,,,,,,,,,,,,,,,,,,,,,,,,,,,,,,,,
3572,35.720000,0.000000,0.000000,0.000000,1.000000,0.000000,0.000000,0.000000,57.698101,20.499701,-14.700500,0.047771,-0.013570,0.015998,-15.666301,-52.738201,18.801300,-93.396698,0.129960,17.611099,-0.172726,-0.499085,-0.674197,0.516274,-906.091125,1519.547363,-4576.371094,-898.693176,1439.069824,-4585.751465,-892.863525,1563.542969,-4602.906250,-924.334839,1469.786133,-4538.031250,-908.473206,1605.790649,-4578.795410,-898.905823,1439.399902,-4585.503418,-892.965820,1563.532593,-4602.532227,-924.098877,1469.473389,-4538.350586,-908.395813,1605.785278,-4579.089355,2616.269043,1567.757080,-3159.804443,,,,,,,,,,,,,,,,,,,,,,,,,,,,,,,,,
3573,35.730000,0.000000,0.000000,0.000000,1.000000,0.000000,0.000000,0.000000,57.698101,20.499701,-14.700500,0.047771,-0.013570,0.015998,-15.666301,-52.738201,18.801300,-93.396698,0.129960,17.611099,-0.174381,-0.498600,-0.673514,0.517077,-906.658875,1519.600586,-4575.507812,-899.298645,1439.109375,-4584.798340,-893.530090,1563.557007,-4602.156738,-924.759399,1469.896118,-4537.026367,-909.047546,1605.840332,-4578.049316,-899.450989,1439.497559,-4584.649414,-893.662537,1563.546631,-4601.749512,-924.604126,1469.593628,-4537.212891,-908.929077,1605.787231,-4578.404297,2616.286377,1567.767212,-3159.786865,,,,,,,,,,,,,,,,,,,,,,,,,,,,,,,,,
3574,35.740000,0.000000,0.000000,0.000000,1.000000,0.000000,0.000000,0.000000,57.698101,20.499701,-14.700500,0.047771,-0.013570,0.015998,-15.666301,-52.738201,18.801300,-93.396698,0.129960,17.611099,-0.172666,-0.496811,-0.676313,0.515719,-907.681213,1519.434692,-4574.576660,-900.587158,1438.979126,-4584.370605,-894.318420,1563.515137,-4600.902832,-926.069702,1469.547485,-4536.470215,-909.749817,1605.697144,-4576.563965,-900.698364,1439.389282,-4584.171387,-894.311951,1563.362793,-4600.909668,-925.983948,1469.370728,-4536.628906,,,,2616.319580,1567.730835,-3159.776611,,,,,,,,,,,,,,,,,,,,,,,,,,,,,,,,,
3575,35.750000,0.000000,0.000000,0.000000,1.000000,0.000000,0.000000,0.000000,57.698101,20.499701,-14.700500,0.047771,-0.013570,0.015998,-15.666301,-52.738201,18.801300,-93.396698,0.129960,17.611099,-0.175979,-0.491484,-0.676436,0.519528,-908.767334,1519.497314,-4573.583496,-901.819702,1439.093506,-4583.893555,-895.760620,1563.713745,-4599.859863,-926.638489,1469.412964,-4535.489746,-910.850708,1605.769165,-4575.090820,-901.946838,1439.193970,-4583.737305,-895.657166,1563.602051,-4599.919434,-926.508728,1469.421265,-4535.680176,-910.954102,1605.777954,-4575.001953,2616.303223,1567.750610,-3159.779053,,,,,,,,,,,,,,,,,,,,,,,,,,,,,,,,,
3576,35.760000,0.000000,0.000000,0.000000,1.000000,0.000000,0.000000,0.000000,57.698101,20.499701,-14.700500,0.047771,-0.013570,0.015998,-15.666301,-52.738201,18.801300,-93.396698,0.129960,17.611099,-0.177906,-0.490959,-0.676119,0.519781,-909.634399,1519.603394,-4572.734863,-902.835938,1439.174438,-4582.947754,-896.658081,1563.761719,-4599.123535,-927.441833,1469.601929,-4534.501953,-911.601990,1605.875732,-4574.366211,-902.963318,1439.247192,-4582.852539,-896.562378,1563.723022,-4599.085449,-927.246948,1469.952637,-4534.768555,-911.757446,1605.503540,-4574.272461,2616.323730,1567.743286,-3159.784180,,,,,,,,,,,,,,,,,,,,,,,,,,,,,,,,,
3577,35.770000,0.000000,0.000000,0.000000,1.000000,0.000000,0.000000,0.000000,57.698101,20.499701,-14.700500,0.047771,-0.013570,0.015998,-15.666301,-52.738201,18.801300,-93.396698,0.129960,17.611099,-0.179429,-0.489082,-0.675315,0.522066,-910.376221,1519.495117,-4571.944824,-903.503235,1439.088257,-4582.280762,-897.650391,1563.702026,-4598.374512,-927.845215,1469.425171,-4533.645508,-912.506165,1605.765381,-4573.477539,-903.867920,1439.156250,-4581.942871,-897.489929,1563.736816,-4598.193359,-927.470703,1469.180786,-4534.073242,-912.653137,1605.862915,-4573.604492,2616.284424,1567.742920,-3159.776855,,,,,,,,,,,,,,,,,,,,,,,,,,,,,,,,,
3578,35.780000,0.000000,0.000000,0.000000,1.000000,0.000000,0.000000,0.000000,57.698101,20.499701,-14.700500,0.047771,-0.013570,0.015998,-15.666301,-52.738201,18.801300,-93.396698,0.129960,17.611099,-0.177761,-0.491070,-0.676059,0.519803,-911.500793,1519.460083,-4571.354004,-904.677551,1439.032471,-4581.560547,-898.529419,1563.620728,-4597.741211,-929.304810,1469.455688,-4533.123535,-913.491516,1605.731689,-4572.989746,-904.703918,1439.219116,-4581.190918,-898.719910,1563.540283,-4597.775879,-929.229187,1469.231079,-4533.513672,-913.343689,1605.838989,-4572.947266,2616.251953,1567.744995,-3159.798340,,,,,,,,,,,,,,,,,,,,,,,,,,,,,,,,,
3579,35.790000,0.000000,0.000000,0.000000,1.000000,0.000000,0.000000,0.000000,57.698101,20.499701,-14.700500,0.047771,-0.013570,0.015998,-15.666301,-52.738201,18.801300,-93.396698,0.129960,17.611099,-0.179107,-0.490260,-0.675326,0.521058,-912.411072,1519.463867,-4570.561523,-905.561951,1439.036133,-4580.750000,-899.586975,1563.620117,-4597.027832,-930.013611,1469.466675,-4532.228516,-914.481934,1605.732910,-4572.238770,-905.488586,1439.218140,-4580.608398,-899.853760,1563.393433,-4596.971680,-930.025574,1469.383301,-4532.414551,-914.299316,1605.844238,-4572.241211,2616.294434,1567.759644,-3159.795654,,,,,,,,,,,,,,,,,,,,,,,,,,,,,,,,,
3580,35.800000,0.000000,0.000000,0.000000,1.000000,0.000000,0.000000,0.000000,57.698101,20.499701,-14.700500,0.047771,-0.013570,0.015998,-15.666301,-52.738201,18.801300,-93.396698,0.129960,17.611099,-0.176869,-0.491841,-0.676690,0.518557,-913.547485,1519.337646,-4569.826172,-906.784851,1438.902466,-4580.014160,-900.432495,1563.484253,-4596.165527,-931.543030,1469.352295,-4531.660645,-915.429810,1605.611816,-4571.463379,-906.808228,1439.123047,-4579.716797,-900.698975,1563.433105,-4596.019531,-931.467041,1469.033325,-4531.997070,-915.212097,1605.739014,-4571.587402,2616.270020,1567.762939,-3159.785156,,,,,,,,,,,,,,,,,,,,,,,,,,,,,,,,,
3581,35.810000,0.000000,0.000000,0.000000,1.000000,0.000000,0.000000,0.000000,57.698101,20.499701,-14.700500,0.047771,-0.013570,0.015998,-15.666301,-52.738201,18.801300,-93.396698,0.129960,17.611099,-0.174773,-0.492436,-0.677497,0.517647,-914.334717,1519.308228,-4568.961426,-907.508179,1438.893311,-4579.266602,-901.106873,1563.505859,-4595.159180,-932.496521,1469.249023,-4530.972168,-916.227356,1605.584839,-4570.448730,-907.914734,1439.080811,-4579.063477,-900.825134,1563.638672,-4594.862305,-932.146545,1469.003052,-4531.206543,-916.444153,1605.512329,-4570.702637,2616.297363,1567.753174,-3159.771729,,,,,,,,,,,,,,,,,,,,,,,,,,,,,,,,,
3582,35.820000,0.000000,0.000000,0.000000,1.000000,0.000000,0.000000,0.000000,57.698101,20.499701,-14.700500,0.047771,-0.013570,0.015998,-15.666301,-52.738201,18.801300,-93.396698,0.129960,17.611099,-0.174237,-0.492902,-0.678505,0.516062,-915.259033,1519.270630,-4568.144043,-908.601379,1438.842651,-4578.457031,-901.838989,1563.444458,-4594.283691,-933.664551,1469.243408,-4530.229492,-916.931335,1605.552246,-4569.605469,-909.143616,1438.990601,-4578.254395,-901.397400,1563.662476,-4593.830078,-933.196777,1469.042480,-4530.501465,-917.275513,1605.402954,-4569.955078,2616.302979,1567.719116,-3159.759766,,,,,,,,,,,,,,,,,,,,,,,,,,,,,,,,,
3583,35.830000,0.000000,0.000000,0.000000,1.000000,0.000000,0.000000,0.000000,57.698101,20.499701,-14.700500,0.047771,-0.013570,0.015998,-15.666301,-52.738201,18.801300,-93.396698,0.129960,17.611099,-0.179992,-0.489336,-0.677331,0.519014,-916.014343,1519.264404,-4567.333496,-909.645935,1438.812744,-4577.644531,-902.908325,1563.383423,-4593.724121,-933.940735,1469.314941,-4529.088867,-917.562378,1605.546997,-4568.877930,-910.076843,1438.934204,-4577.603516,-902.479370,1563.477539,-4593.239746,-933.572754,1469.218262,-4529.218750,-917.910706,1605.435669,-4569.235840,2616.264404,1567.715942,-3159.766357,,,,,,,,,,,,,,,,,,,,,,,,,,,,,,,,,
3584,35.840000,0.000000,0.000000,0.000000,1.000000,0.000000,0.000000,0.000000,57.698101,20.499701,-14.700500,0.047771,-0.013570,0.015998,-15.666301,-52.738201,18.801300,-93.396698,0.129960,17.611099,-0.182953,-0.487463,-0.677080,0.520068,-916.939758,1519.248535,-4566.487305,-910.795959,1438.780762,-4576.809570,-903.937805,1563.332153,-4592.987793,-934.688965,1469.348022,-4528.096191,-918.336243,1605.533081,-4568.055664,-911.098145,1438.934692,-4576.862793,-903.619751,1563.330933,-4592.518555,-934.440063,1469.276733,-4528.125488,-918.592529,1605.452759,-4568.401855,2616.311035,1567.762817,-3159.779785,,,,,,,,,,,,,,,,,,,,,,,,,,,,,,,,,
3585,35.850000,0.000000,0.000000,0.000000,1.000000,0.000000,0.000000,0.000000,57.698101,20.499701,-14.700500,0.047771,-0.013570,0.015998,-15.666301,-52.738201,18.801300,-93.396698,0.129960,17.611099,-0.182892,-0.486965,-0.678070,0.519266,-917.770203,1519.334839,-4565.584473,-911.799194,1438.868164,-4576.016113,-904.650818,1563.426636,-4592.013672,-935.658386,1469.420166,-4527.276367,-918.972473,1605.624390,-4567.032227,-912.191223,1439.129883,-4576.090820,-904.279907,1563.290894,-4591.233887,-935.325195,1469.351440,-4527.359375,-919.272217,1605.551147,-4567.533691,2616.311768,1567.698608,-3159.754395,,,,,,,,,,,,,,,,,,,,,,,,,,,,,,,,,
3586,35.860000,0.000000,0.000000,0.000000,1.000000,0.000000,0.000000,0.000000,57.698101,20.499701,-14.700500,0.047771,-0.013570,0.015998,-15.666301,-52.738201,18.801300,-93.396698,0.129960,17.611099,-0.183393,-0.485045,-0.678395,0.520461,-918.718384,1519.472778,-4564.592773,-912.779114,1439.036743,-4575.274902,-905.701355,1563.640869,-4590.945312,-936.459534,1469.447998,-4526.359863,-919.933655,1605.766235,-4565.791016,-913.104980,1439.227539,-4575.368652,-905.421692,1563.712891,-4590.093262,-936.172913,1469.388184,-4526.405273,-920.164734,1605.554077,-4566.395508,2616.304932,1567.745728,-3159.751221,,,,,,,,,,,,,,,,,,,,,,,,,,,,,,,,,
3587,35.870000,0.000000,0.000000,0.000000,1.000000,0.000000,0.000000,0.000000,57.698101,20.499701,-14.700500,0.047771,-0.013570,0.015998,-15.666301,-52.738201,18.801300,-93.396698,0.129960,17.611099,-0.185231,-0.484504,-0.678885,0.519674,-919.638489,1519.366089,-4563.814941,-914.008118,1438.898926,-4574.429688,-906.520081,1563.461304,-4590.239258,-937.476685,1469.442627,-4525.495117,-920.549194,1605.661987,-4565.096680,-914.205750,1439.298828,-4574.494141,-906.388245,1563.267700,-4589.812988,-937.323792,1469.312500,-4525.506836,-920.656372,1605.613159,-4565.414551,2616.245361,1567.737549,-3159.775146,,,,,,,,,,,,,,,,,,,,,,,,,,,,,,,,,
3588,35.880000,0.000000,0.000000,0.000000,1.000000,0.000000,0.000000,0.000000,57.698101,20.499701,-14.700500,0.047771,-0.013570,0.015998,-15.666301,-52.738201,18.801300,-93.396698,0.129960,17.611099,-0.181945,-0.486370,-0.680897,0.516448,-920.487305,1519.359497,-4562.763184,-914.956421,1438.895142,-4573.452148,-906.983948,1563.463257,-4588.978516,-938.847351,1469.420288,-4524.710938,-921.161499,1605.659424,-4563.911621,-915.254700,1439.155273,-4573.625000,-906.551880,1563.375000,-4588.565430,-938.637085,1469.422607,-4524.625000,-921.511108,1605.467163,-4564.226074,2616.239502,1567.756104,-3159.794434,,,,,,,,,,,,,,,,,,,,,,,,,,,,,,,,,
3589,35.890000,0.000000,0.000000,0.000000,1.000000,0.000000,0.000000,0.000000,57.698101,20.499701,-14.700500,0.047771,-0.013570,0.015998,-15.666301,-52.738201,18.801300,-93.396698,0.129960,17.611099,-0.178438,-0.489508,-0.680843,0.514776,-921.241760,1519.407715,-4561.427734,-915.421082,1438.942749,-4571.956055,-907.589417,1563.508911,-4587.569824,-939.851013,1469.475342,-4523.487793,-922.105591,1605.704346,-4562.696777,-915.795288,1438.967407,-4571.935059,-907.164978,1563.607788,-4587.189453,-939.529663,1469.462158,-4523.593262,-922.457642,1605.599365,-4562.961914,2616.280029,1567.774292,-3159.780029,,,,,,,,,,,,,,,,,,,,,,,,,,,,,,,,,
3590,35.900000,0.000000,0.000000,0.000000,1.000000,0.000000,0.000000,0.000000,57.698101,20.499701,-14.700500,0.047771,-0.013570,0.015998,-15.666301,-52.738201,18.801300,-93.396698,0.129960,17.611099,-0.178281,-0.488611,-0.681635,0.514635,-922.208740,1519.587158,-4560.390137,-916.485657,1439.137817,-4571.089844,-908.512085,1563.727173,-4586.442871,-940.865723,1469.596924,-4522.550293,-922.971497,1605.887207,-4561.476562,-916.957336,1438.801514,-4570.924316,-908.193848,1564.140381,-4585.876465,-940.457458,1469.528198,-4522.823730,-923.223145,1605.901978,-4561.843262,2616.277344,1567.744751,-3159.789795,,,,,,,,,,,,,,,,,,,,,,,,,,,,,,,,,
3591,35.910000,0.000000,0.000000,0.000000,1.000000,0.000000,0.000000,0.000000,57.698101,20.499701,-14.700500,0.047771,-0.013570,0.015998,-15.666301,-52.738201,18.801300,-93.396698,0.129960,17.611099,-0.178323,-0.488210,-0.682052,0.514449,-923.143066,1519.697266,-4559.315918,-917.491150,1439.252075,-4570.083984,-909.411926,1563.847412,-4585.333496,-941.838074,1469.691162,-4521.515137,-923.831360,1605.998779,-4560.329590,-917.817810,1438.927979,-4569.912598,-909.349060,1564.221436,-4584.673340,-941.493835,1469.656006,-4521.844727,-923.911865,1606.027100,-4560.712891,2616.275879,1567.731812,-3159.766357,,,,,,,,,,,,,,,,,,,,,,,,,,,,,,,,,
3592,35.920000,0.000000,0.000000,0.000000,1.000000,0.000000,0.000000,0.000000,57.698101,20.499701,-14.700500,0.047771,-0.013570,0.015998,-15.666301,-52.738201,18.801300,-93.396698,0.129960,17.611099,-0.180658,-0.488178,-0.680846,0.515261,-924.072021,1519.684570,-4558.383301,-918.462952,1439.205078,-4568.916016,-910.459290,1563.750610,-4584.604980,-942.595825,1469.800415,-4520.338379,-924.770203,1605.982300,-4559.674316,-918.419067,1439.182251,-4568.751465,-910.611389,1563.614258,-4584.688965,-942.582886,1469.848267,-4520.561523,-924.678772,1606.091919,-4559.540527,2616.262207,1567.748169,-3159.779297,,,,,,,,,,,,,,,,,,,,,,,,,,,,,,,,,
3593,35.930000,0.000000,0.000000,0.000000,1.000000,0.000000,0.000000,0.000000,57.698101,20.499701,-14.700500,0.047771,-0.013570,0.015998,-15.666301,-52.738201,18.801300,-93.396698,0.129960,17.611099,-0.179133,-0.488471,-0.681705,0.514379,-925.131592,1519.840088,-4557.400879,-919.524353,1439.375732,-4568.049316,-911.404358,1563.943848,-4583.499512,-943.814636,1469.901001,-4519.505859,-925.783081,1606.140137,-4558.547852,-919.515015,1439.390869,-4567.919434,-911.489319,1563.753784,-4583.559570,-943.781311,1469.907104,-4519.687988,-925.743042,1606.305054,-4558.441406,2616.266113,1567.759277,-3159.787842,,,,,,,,,,,,,,,,,,,,,,,,,,,,,,,,,
3594,35.940000,0.000000,0.000000,0.000000,1.000000,0.000000,0.000000,0.000000,57.698101,20.499701,-14.700500,0.047771,-0.013570,0.015998,-15.666301,-52.738201,18.801300,-93.396698,0.129960,17.611099,-0.178629,-0.488116,-0.681376,0.515327,-926.455017,1519.985962,-4556.395996,-920.694885,1439.543823,-4567.130371,-912.834656,1564.143555,-4582.459473,-945.011047,1469.970947,-4518.539062,-927.279602,1606.285645,-4557.454590,-920.638000,1439.513916,-4566.939941,-912.959351,1563.845215,-4582.715820,-944.990784,1470.193115,-4518.844238,-927.243408,1606.385986,-4557.121094,2616.292969,1567.731445,-3159.789551,,,,,,,,,,,,,,,,,,,,,,,,,,,,,,,,,
3595,35.950000,0.000000,0.000000,0.000000,1.000000,0.000000,0.000000,0.000000,57.698101,20.499701,-14.700500,0.047771,-0.013570,0.015998,-15.666301,-52.738201,18.801300,-93.396698,0.129960,17.611099,-0.179065,-0.486680,-0.681973,0.515744,-927.726685,1520.104980,-4555.527344,-922.070435,1439.681519,-4566.455078,-914.121826,1564.307495,-4581.522461,-946.246216,1470.023682,-4517.740234,-928.468323,1606.407593,-4556.391113,-922.138428,1439.441895,-4566.329590,-913.965698,1564.130493,-4581.783691,-946.128357,1470.368652,-4517.976562,-928.686646,1606.520142,-4556.000000,2616.259766,1567.710693,-3159.778564,,,,,,,,,,,,,,,,,,,,,,,,,,,,,,,,,
3596,35.960000,0.000000,0.000000,0.000000,1.000000,0.000000,0.000000,0.000000,57.698101,20.499701,-14.700500,0.047771,-0.013570,0.015998,-15.666301,-52.738201,18.801300,-93.396698,0.129960,17.611099,-0.178960,-0.486614,-0.680994,0.517135,-928.849182,1520.134033,-4554.694336,-922.970520,1439.725098,-4565.610840,-915.418762,1564.370239,-4580.722656,-947.157532,1470.007446,-4516.864258,-929.849976,1606.433838,-4555.578613,-922.888428,1439.734741,-4565.274414,-915.640686,1564.115479,-4581.078125,-947.160767,1470.093018,-4517.251953,-929.719543,1606.580688,-4555.194336,2616.297852,1567.766113,-3159.784668,,,,,,,,,,,,,,,,,,,,,,,,,,,,,,,,,
3597,35.970000,0.000000,0.000000,0.000000,1.000000,0.000000,0.000000,0.000000,57.698101,20.499701,-14.700500,0.047771,-0.013570,0.015998,-15.666301,-52.738201,18.801300,-93.396698,0.129960,17.611099,-0.178547,-0.487037,-0.680614,0.517379,-930.051636,1520.327148,-4553.757812,-924.063416,1439.920898,-4564.635742,-916.661377,1564.569092,-4579.797363,-948.319641,1470.193359,-4515.917969,-931.162170,1606.625244,-4554.679688,-923.967834,1440.166260,-4564.252930,-916.948853,1564.345581,-4580.071777,-948.347046,1470.098633,-4516.270508,-930.958740,1606.699341,-4554.432617,2616.279297,1567.742310,-3159.791260,,,,,,,,,,,,,,,,,,,,,,,,,,,,,,,,,
3598,35.980000,0.000000,0.000000,0.000000,1.000000,0.000000,0.000000,0.000000,57.698101,20.499701,-14.700500,0.047771,-0.013570,0.015998,-15.666301,-52.738201,18.801300,-93.396698,0.129960,17.611099,-0.182989,-0.481907,-0.680768,0.520419,-931.611511,1520.265259,-4553.301758,-925.956299,1439.886475,-4564.554199,-918.496460,1564.572754,-4579.370117,-949.448669,1470.033691,-4515.386230,-932.544800,1606.568359,-4553.896973,-925.832214,1439.820801,-4564.390625,-918.760193,1564.250366,-4579.566895,-949.495300,1470.089722,-4515.608398,-932.376587,1606.898682,-4553.635254,2616.307617,1567.752075,-3159.782471,,,,,,,,,,,,,,,,,,,,,,,,,,,,,,,,,
3599,35.990000,0.000000,0.000000,0.000000,1.000000,0.000000,0.000000,0.000000,57.698101,20.499701,-14.700500,0.047771,-0.013570,0.015998,-15.666301,-52.738201,18.801300,-93.396698,0.129960,17.611099,-0.175591,-0.487190,-0.681699,0.516818,-932.962769,1520.344116,-4552.634277,-926.834045,1439.985107,-4563.779297,-919.486389,1564.696289,-4578.440430,-951.370972,1470.051392,-4515.074219,-934.159790,1606.643921,-4553.242676,-926.676514,1440.084839,-4563.239258,-919.994507,1564.403442,-4578.765137,-951.413330,1469.871704,-4515.653809,-933.787842,1607.001587,-4552.909180,2616.274170,1567.729614,-3159.789551,,,,,,,,,,,,,,,,,,,,,,,,,,,,,,,,,
3600,36.000000,0.000000,0.000000,0.000000,1.000000,0.000000,0.000000,0.000000,57.698101,20.499701,-14.700500,0.047771,-0.013570,0.015998,-15.666301,-52.738201,18.801300,-93.396698,0.129960,17.611099,-0.172523,-0.489477,-0.682075,0.515191,-934.095276,1520.520630,-4551.785156,-927.779297,1440.167480,-4562.866211,-920.458679,1564.885132,-4577.485840,-952.753540,1470.211670,-4514.370605,-935.389587,1606.818848,-4552.416992,-927.916382,1440.687744,-4562.200684,-920.499268,1564.736938,-4577.822266,-952.645813,1469.931885,-4514.828613,-935.349487,1606.841919,-4552.167480,2616.313477,1567.729614,-3159.774170,,,,,,,,,,,,,,,,,,,,,,,,,,,,,,,,,
3601,36.010000,0.000000,0.000000,0.000000,1.000000,0.000000,0.000000,0.000000,57.698101,20.499701,-14.700500,0.047771,-0.013570,0.015998,-15.666301,-52.738201,18.801300,-93.396698,0.129960,17.611099,-0.172151,-0.490459,-0.681403,0.515271,-935.382812,1520.618530,-4551.085938,-928.932678,1440.257446,-4562.032227,-921.781921,1564.962646,-4576.840820,-954.010803,1470.340820,-4513.614258,-936.806152,1606.913574,-4551.855957,-929.035461,1440.691772,-4561.290527,-921.908997,1564.852783,-4577.185547,-953.900574,1470.041748,-4514.187988,-936.702026,1606.954468,-4551.585938,2616.336426,1567.704346,-3159.760010,,,,,,,,,,,,,,,,,,,,,,,,,,,,,,,,,
3602,36.020000,0.000000,0.000000,0.000000,1.000000,0.000000,0.000000,0.000000,57.698101,20.499701,-14.700500,0.047771,-0.013570,0.015998,-15.666301,-52.738201,18.801300,-93.396698,0.129960,17.611099,-0.177498,-0.487640,-0.679537,0.518586,-936.564270,1520.692017,-4550.358398,-930.249573,1440.306519,-4561.205078,-923.338135,1564.978027,-4576.406738,-954.650391,1470.499023,-4512.509277,-938.019104,1606.984619,-4551.312012,-930.387207,1440.773071,-4560.438965,-923.483276,1564.868408,-4576.611816,-954.481873,1470.270264,-4513.173340,-937.915771,1606.958374,-4551.116699,2616.344727,1567.725708,-3159.755859,,,,,,,,,,,,,,,,,,,,,,,,,,,,,,,,,
3603,36.030000,0.000000,0.000000,0.000000,1.000000,0.000000,0.000000,0.000000,57.698101,20.499701,-14.700500,0.047771,-0.013570,0.015998,-15.666301,-52.738201,18.801300,-93.396698,0.129960,17.611099,-0.183224,-0.480653,-0.681527,0.520503,-938.092834,1520.527100,-4550.279785,-932.563171,1440.166016,-4561.718750,-924.954529,1564.874756,-4576.267578,-955.944275,1470.235596,-4512.450195,-938.909363,1606.832520,-4550.681641,-932.705444,1440.051514,-4561.603027,-924.905151,1564.804932,-4576.108887,-955.759644,1470.269165,-4512.686523,-938.989136,1606.980713,-4550.736328,2616.306885,1567.712280,-3159.769043,,,,,,,,,,,,,,,,,,,,,,,,,,,,,,,,,
3604,36.040000,0.000000,0.000000,0.000000,1.000000,0.000000,0.000000,0.000000,57.698101,20.499701,-14.700500,0.047771,-0.013570,0.015998,-15.666301,-52.738201,18.801300,-93.396698,0.129960,17.611099,-0.179480,-0.484542,-0.680896,0.519025,-939.158142,1520.675781,-4549.748535,-933.216980,1440.306763,-4560.923340,-925.913818,1565.005371,-4575.713379,-957.216125,1470.414917,-4511.976074,-940.285767,1606.976318,-4550.380859,-933.149963,1440.244873,-4560.638184,-926.150879,1565.018311,-4575.841797,-957.231628,1470.325928,-4512.260742,-940.098999,1607.109131,-4550.253418,2616.282471,1567.731323,-3159.781250,,,,,,,,,,,,,,,,,,,,,,,,,,,,,,,,,
3605,36.050000,0.000000,0.000000,0.000000,1.000000,0.000000,0.000000,0.000000,57.698101,20.499701,-14.700500,0.047771,-0.013570,0.015998,-15.666301,-52.738201,18.801300,-93.396698,0.129960,17.611099,-0.176939,-0.487296,-0.680736,0.517526,-940.268555,1520.753784,-4549.250000,-934.115234,1440.374268,-4560.232910,-926.893860,1565.057495,-4575.192383,-958.538574,1470.532349,-4511.527344,-941.526733,1607.051025,-4550.047363,-933.958679,1440.286743,-4559.800781,-927.357178,1565.190430,-4575.409180,-958.619690,1470.343750,-4511.904297,-941.155396,1607.197876,-4549.883301,2616.286865,1567.724121,-3159.771729,,,,,,,,,,,,,,,,,,,,,,,,,,,,,,,,,
3606,36.060000,0.000000,0.000000,0.000000,1.000000,0.000000,0.000000,0.000000,57.698101,20.499701,-14.700500,0.047771,-0.013570,0.015998,-15.666301,-52.738201,18.801300,-93.396698,0.129960,17.611099,-0.173168,-0.489407,-0.680809,0.516714,-941.667786,1520.702148,-4548.604492,-935.164673,1440.352051,-4559.601074,-928.226318,1565.070435,-4574.401367,-960.081055,1470.390625,-4511.072266,-943.199280,1606.995605,-4549.342773,-935.029663,1440.380493,-4559.112305,-928.554382,1564.894897,-4574.950684,-960.136230,1470.375122,-4511.519043,-942.965576,1607.151001,-4548.842773,2616.297363,1567.706299,-3159.757568,,,,,,,,,,,,,,,,,,,,,,,,,,,,,,,,,
3607,36.070000,0.000000,0.000000,0.000000,1.000000,0.000000,0.000000,0.000000,57.698101,20.499701,-14.700500,0.047771,-0.013570,0.015998,-15.666301,-52.738201,18.801300,-93.396698,0.129960,17.611099,-0.179108,-0.485394,-0.680282,0.519162,-942.860107,1520.743286,-4548.130859,-936.787537,1440.368530,-4559.193848,-929.654907,1565.058350,-4574.140625,-960.882446,1470.505249,-4510.311523,-944.115723,1607.041016,-4548.878418,-936.759583,1440.210938,-4558.940918,-929.672058,1564.882935,-4574.597168,-960.865356,1470.684692,-4510.593750,-944.150330,1607.200806,-4548.383789,2616.287109,1567.760498,-3159.765869,,,,,,,,,,,,,,,,,,,,,,,,,,,,,,,,,
3608,36.080000,0.000000,0.000000,0.000000,1.000000,0.000000,0.000000,0.000000,57.698101,20.499701,-14.700500,0.047771,-0.013570,0.015998,-15.666301,-52.738201,18.801300,-93.396698,0.129960,17.611099,-0.183608,-0.482560,-0.679648,0.521060,-944.044189,1520.832520,-4547.727539,-938.267090,1440.436890,-4558.795410,-931.034607,1565.099976,-4573.916504,-961.751648,1470.661377,-4509.671387,-945.123352,1607.132324,-4548.526855,-938.191772,1440.145874,-4558.695801,-931.053406,1564.885986,-4574.250977,-961.768738,1470.945435,-4509.836914,-945.169189,1607.368286,-4548.100098,2616.325439,1567.753174,-3159.763428,,,,,,,,,,,,,,,,,,,,,,,,,,,,,,,,,
3609,36.090000,0.000000,0.000000,0.000000,1.000000,0.000000,0.000000,0.000000,57.698101,20.499701,-14.700500,0.047771,-0.013570,0.015998,-15.666301,-52.738201,18.801300,-93.396698,0.129960,17.611099,-0.180622,-0.485601,-0.680012,0.518798,-945.162415,1520.894531,-4547.332031,-939.236938,1440.485474,-4558.223145,-931.927185,1565.129761,-4573.461914,-963.205444,1470.770752,-4509.370605,-946.280151,1607.192383,-4548.270996,-939.039368,1440.238525,-4558.049316,-932.215332,1564.903198,-4573.770996,-963.297363,1471.027710,-4509.625977,-946.102600,1607.414185,-4547.871094,2616.287842,1567.722412,-3159.764160,,,,,,,,,,,,,,,,,,,,,,,,,,,,,,,,,
3610,36.100000,0.000000,0.000000,0.000000,1.000000,0.000000,0.000000,0.000000,57.698101,20.499701,-14.700500,0.047771,-0.013570,0.015998,-15.666301,-52.738201,18.801300,-93.396698,0.129960,17.611099,-0.179976,-0.487661,-0.679526,0.517726,-946.473450,1521.028442,-4547.019531,-940.472473,1440.589722,-4557.647461,-933.155090,1565.190918,-4573.230469,-964.643005,1471.010742,-4508.979492,-947.623108,1607.322632,-4548.221191,-940.182190,1440.369873,-4557.440430,-933.615356,1564.745972,-4573.702637,-964.793030,1471.484619,-4509.356445,-947.338318,1607.532104,-4547.559570,2616.259766,1567.703857,-3159.769775,,,,,,,,,,,,,,,,,,,,,,,,,,,,,,,,,
3611,36.110000,0.000000,0.000000,0.000000,1.000000,0.000000,0.000000,0.000000,57.698101,20.499701,-14.700500,0.047771,-0.013570,0.015998,-15.666301,-52.738201,18.801300,-93.396698,0.129960,17.611099,-0.180765,-0.487758,-0.678824,0.518280,-947.820923,1521.134888,-4546.687500,-941.778564,1440.685547,-4557.210449,-934.581909,1565.269531,-4572.985352,-965.885925,1471.158325,-4508.543457,-949.037292,1607.426270,-4548.010742,-941.499023,1440.538940,-4556.908203,-935.115173,1564.759766,-4573.522949,-966.016785,1471.537109,-4509.006348,-948.716919,1607.675171,-4547.337891,2616.291748,1567.725464,-3159.764404,,,,,,,,,,,,,,,,,,,,,,,,,,,,,,,,,
3612,36.120000,0.000000,0.000000,0.000000,1.000000,0.000000,0.000000,0.000000,57.698101,20.499701,-14.700500,0.047771,-0.013570,0.015998,-15.666301,-52.738201,18.801300,-93.396698,0.129960,17.611099,-0.178326,-0.489917,-0.678357,0.517700,-949.130920,1521.094971,-4546.461426,-942.796631,1440.651978,-4556.861816,-935.861633,1565.239380,-4572.727051,-967.279907,1471.107300,-4508.372070,-950.585510,1607.381104,-4547.884766,-942.479797,1440.843872,-4556.242676,-936.605896,1564.744019,-4573.515625,-967.452209,1470.995972,-4508.924805,-950.074524,1607.738525,-4547.224609,2616.275879,1567.729736,-3159.766113,,,,,,,,,,,,,,,,,,,,,,,,,,,,,,,,,
3613,36.130000,0.000000,0.000000,0.000000,1.000000,0.000000,0.000000,0.000000,57.698101,20.499701,-14.700500,0.047771,-0.013570,0.015998,-15.666301,-52.738201,18.801300,-93.396698,0.129960,17.611099,-0.175611,-0.492312,-0.679046,0.515447,-950.306274,1521.219849,-4546.045410,-943.903442,1440.769409,-4556.345215,-936.799866,1565.346069,-4572.220703,-968.795654,1471.258545,-4508.085449,-951.726318,1607.505615,-4547.530273,-943.862122,1441.395874,-4555.630371,-936.998169,1565.060303,-4572.767090,-968.810059,1470.965942,-4508.509766,-951.559753,1607.598511,-4547.131348,2616.283203,1567.721191,-3159.758057,,,,,,,,,,,,,,,,,,,,,,,,,,,,,,,,,
3614,36.140000,0.000000,0.000000,0.000000,1.000000,0.000000,0.000000,0.000000,57.698101,20.499701,-14.700500,0.047771,-0.013570,0.015998,-15.666301,-52.738201,18.801300,-93.396698,0.129960,17.611099,-0.172031,-0.495322,-0.679224,0.513533,-951.419250,1521.352905,-4545.535156,-944.770203,1440.905151,-4555.698242,-937.733154,1565.480225,-4571.615234,-970.194336,1471.391968,-4507.714844,-952.979309,1607.634521,-4547.111816,-945.024841,1441.441162,-4555.203125,-937.617188,1565.427002,-4571.841797,-970.033142,1471.162231,-4508.038574,-953.054443,1607.515625,-4546.955566,2616.265137,1567.736084,-3159.768799,,,,,,,,,,,,,,,,,,,,,,,,,,,,,,,,,
3615,36.150000,0.000000,0.000000,0.000000,1.000000,0.000000,0.000000,0.000000,57.698101,20.499701,-14.700500,0.047771,-0.013570,0.015998,-15.666301,-52.738201,18.801300,-93.396698,0.129960,17.611099,-0.176245,-0.493215,-0.677171,0.516832,-952.510864,1521.540039,-4545.105957,-945.845703,1441.079590,-4555.157715,-939.210266,1565.628296,-4571.450195,-970.750854,1471.637573,-4506.947754,-954.236511,1607.815063,-4546.867188,-946.160217,1441.445679,-4554.770508,-939.035339,1565.605835,-4571.536133,-970.513062,1471.427002,-4507.265625,-954.371521,1607.741089,-4546.807617,2616.252686,1567.724731,-3159.784424,,,,,,,,,,,,,,,,,,,,,,,,,,,,,,,,,
3616,36.160000,0.000000,0.000000,0.000000,1.000000,0.000000,0.000000,0.000000,57.698101,20.499701,-14.700500,0.047771,-0.013570,0.015998,-15.666301,-52.738201,18.801300,-93.396698,0.129960,17.611099,-0.178365,-0.492613,-0.676653,0.517357,-953.834595,1521.657715,-4544.902832,-947.296448,1441.173340,-4554.845215,-940.598328,1565.686890,-4571.377930,-971.966858,1471.839600,-4506.583496,-955.476868,1607.931396,-4546.803711,-947.470764,1441.616211,-4554.256836,-940.674072,1565.625488,-4571.474121,-971.787109,1471.607666,-4507.108398,-955.419800,1607.875122,-4546.708496,2616.277344,1567.748047,-3159.779541,,,,,,,,,,,,,,,,,,,,,,,,,,,,,,,,,
3617,36.170000,0.000000,0.000000,0.000000,1.000000,0.000000,0.000000,0.000000,57.698101,20.499701,-14.700500,0.047771,-0.013570,0.015998,-15.666301,-52.738201,18.801300,-93.396698,0.129960,17.611099,-0.180269,-0.490180,-0.676839,0.518763,-955.031921,1521.715698,-4544.591309,-948.641418,1441.244751,-4554.737305,-941.919861,1565.784424,-4571.062500,-972.969971,1471.839233,-4506.256836,-956.596558,1607.994507,-4546.309082,-948.711670,1441.844727,-4553.937012,-942.144531,1565.676392,-4571.273438,-972.855896,1471.621948,-4506.894043,-956.424072,1607.889282,-4546.108887,2616.307617,1567.741943,-3159.770508,,,,,,,,,,,,,,,,,,,,,,,,,,,,,,,,,
3618,36.180000,0.000000,0.000000,0.000000,1.000000,0.000000,0.000000,0.000000,57.698101,20.499701,-14.700500,0.047771,-0.013570,0.015998,-15.666301,-52.738201,18.801300,-93.396698,0.129960,17.611099,-0.176854,-0.491842,-0.678069,0.516756,-956.366821,1521.873291,-4544.515625,-949.890747,1441.420044,-4554.747559,-943.021790,1565.988159,-4570.792480,-974.641785,1471.929810,-4506.428223,-957.913147,1608.155151,-4546.093262,-949.667114,1441.351318,-4554.265625,-943.552307,1565.817871,-4571.222168,-974.748230,1471.870483,-4506.904297,-957.508484,1608.464111,-4545.664551,2616.336426,1567.710938,-3159.761719,,,,,,,,,,,,,,,,,,,,,,,,,,,,,,,,,
3619,36.190000,0.000000,0.000000,0.000000,1.000000,0.000000,0.000000,0.000000,57.698101,20.499701,-14.700500,0.047771,-0.013570,0.015998,-15.666301,-52.738201,18.801300,-93.396698,0.129960,17.611099,-0.176889,-0.491249,-0.678217,0.517113,-957.656311,1522.092407,-4544.204102,-951.183228,1441.650635,-4554.526367,-944.340210,1566.235840,-4570.448242,-975.890503,1472.107788,-4506.151367,-959.211487,1608.375732,-4545.690918,-950.967346,1441.481323,-4554.052734,-944.840515,1566.015259,-4570.893066,-975.974670,1472.135010,-4506.649902,-958.848450,1608.753784,-4545.202637,2616.293457,1567.739502,-3159.774414,,,,,,,,,,,,,,,,,,,,,,,,,,,,,,,,,
3620,36.200000,0.000000,0.000000,0.000000,1.000000,0.000000,0.000000,0.000000,57.698101,20.499701,-14.700500,0.047771,-0.013570,0.015998,-15.666301,-52.738201,18.801300,-93.396698,0.129960,17.611099,-0.173605,-0.491049,-0.679560,0.516654,-959.192261,1522.471436,-4543.989258,-952.572754,1442.087646,-4554.665039,-945.791809,1566.756104,-4569.950684,-977.565125,1472.282959,-4506.272949,-960.839600,1608.759155,-4545.067871,-952.347473,1441.763184,-4554.030273,-946.310303,1566.895386,-4570.375977,-977.649170,1472.239258,-4506.776367,-960.450012,1608.950928,-4544.683105,2616.288086,1567.736694,-3159.779785,,,,,,,,,,,,,,,,,,,,,,,,,,,,,,,,,
3621,36.210000,0.000000,0.000000,0.000000,1.000000,0.000000,0.000000,0.000000,57.698101,20.499701,-14.700500,0.047771,-0.013570,0.015998,-15.666301,-52.738201,18.801300,-93.396698,0.129960,17.611099,-0.174811,-0.490430,-0.678614,0.518075,-960.345886,1522.725830,-4543.715820,-953.647583,1442.343262,-4554.351562,-947.116333,1567.008789,-4569.768066,-978.491699,1472.541626,-4505.884277,-962.127930,1609.010010,-4544.860352,-953.535278,1442.084229,-4553.903809,-947.300415,1566.966187,-4570.419922,-978.540161,1472.596680,-4506.233398,-962.006348,1609.255493,-4544.269043,2616.302734,1567.753540,-3159.778320,,,,,,,,,,,,,,,,,,,,,,,,,,,,,,,,,
3622,36.220000,0.000000,0.000000,0.000000,1.000000,0.000000,0.000000,0.000000,57.698101,20.499701,-14.700500,0.047771,-0.013570,0.015998,-15.666301,-52.738201,18.801300,-93.396698,0.129960,17.611099,-0.174893,-0.490641,-0.679003,0.517338,-961.553650,1523.005249,-4543.520020,-954.958496,1442.610596,-4554.128418,-948.236450,1567.263062,-4569.569824,-979.806763,1472.856079,-4505.693359,-963.212891,1609.291504,-4544.687500,-954.889709,1442.666504,-4553.720215,-948.407837,1567.064453,-4570.098633,-979.831177,1472.809326,-4506.042969,-963.093872,1609.475098,-4544.224121,2616.327148,1567.741943,-3159.766846,,,,,,,,,,,,,,,,,,,,,,,,,,,,,,,,,
3623,36.230000,0.000000,0.000000,0.000000,1.000000,0.000000,0.000000,0.000000,57.698101,20.499701,-14.700500,0.047771,-0.013570,0.015998,-15.666301,-52.738201,18.801300,-93.396698,0.129960,17.611099,-0.176994,-0.489005,-0.678212,0.519208,-962.940186,1523.221313,-4543.493652,-956.357605,1442.830688,-4554.140625,-949.828857,1567.486816,-4569.635254,-980.904846,1473.061890,-4505.542969,-964.669678,1609.506348,-4544.656250,-956.170105,1442.622559,-4553.891113,-950.081238,1567.120850,-4570.211914,-980.994263,1473.358032,-4505.864746,-964.538574,1609.783569,-4543.993164,2616.261475,1567.712891,-3159.773926,,,,,,,,,,,,,,,,,,,,,,,,,,,,,,,,,
3624,36.240000,0.000000,0.000000,0.000000,1.000000,0.000000,0.000000,0.000000,57.698101,20.499701,-14.700500,0.047771,-0.013570,0.015998,-15.666301,-52.738201,18.801300,-93.396698,0.129960,17.611099,-0.181806,-0.485364,-0.677107,0.522393,-964.151550,1523.418457,-4543.396973,-957.759033,1443.024292,-4554.132324,-951.379150,1567.676636,-4569.717773,-981.616699,1473.268799,-4505.200684,-965.851440,1609.704346,-4544.536621,-957.629028,1442.845581,-4553.952637,-951.536865,1567.310303,-4570.168457,-981.677429,1473.385986,-4505.401855,-965.773865,1610.154785,-4544.033203,2616.260498,1567.761719,-3159.798096,,,,,,,,,,,,,,,,,,,,,,,,,,,,,,,,,
3625,36.250000,0.000000,0.000000,0.000000,1.000000,0.000000,0.000000,0.000000,57.698101,20.499701,-14.700500,0.047771,-0.013570,0.015998,-15.666301,-52.738201,18.801300,-93.396698,0.129960,17.611099,-0.184777,-0.482667,-0.676823,0.524214,-965.608215,1523.535156,-4543.490723,-959.398438,1443.144043,-4554.356445,-953.016663,1567.804077,-4569.880859,-982.795471,1473.368774,-4505.190430,-967.222473,1609.823975,-4544.535645,-959.209229,1442.997681,-4554.080566,-953.325256,1567.548096,-4570.377930,-982.903870,1473.403076,-4505.443359,-966.994995,1610.220459,-4544.034180,2616.250732,1567.759399,-3159.818848,,,,,,,,,,,,,,,,,,,,,,,,,,,,,,,,,
3626,36.260000,0.000000,0.000000,0.000000,1.000000,0.000000,0.000000,0.000000,57.698101,20.499701,-14.700500,0.047771,-0.013570,0.015998,-15.666301,-52.738201,18.801300,-93.396698,0.129960,17.611099,-0.183763,-0.485781,-0.675266,0.523702,-966.926514,1523.617310,-4543.711426,-960.421387,1443.194092,-4554.158203,-954.350098,1567.796631,-4570.258301,-984.134766,1473.584106,-4505.246582,-968.799866,1609.894653,-4545.181641,-960.358032,1443.235596,-4553.923828,-954.538757,1567.759888,-4570.407715,-984.158630,1473.525269,-4505.471680,-968.654175,1609.947266,-4545.043457,2616.281738,1567.779053,-3159.812500,,,,,,,,,,,,,,,,,,,,,,,,,,,,,,,,,
3627,36.270000,0.000000,0.000000,0.000000,1.000000,0.000000,0.000000,0.000000,57.698101,20.499701,-14.700500,0.047771,-0.013570,0.015998,-15.666301,-52.738201,18.801300,-93.396698,0.129960,17.611099,-0.177655,-0.491616,-0.675801,0.519659,-968.194458,1523.870239,-4543.947754,-961.333679,1443.435669,-4554.074219,-955.219360,1568.010986,-4570.366211,-986.009033,1473.894897,-4505.684570,-970.215881,1610.139648,-4545.665527,-961.494629,1443.944946,-4553.862793,-955.293152,1568.092163,-4570.135254,-985.880554,1473.743652,-4505.881348,-970.130066,1609.750854,-4545.901855,2616.291260,1567.760742,-3159.794678,,,,,,,,,,,,,,,,,,,,,,,,,,,,,,,,,
3628,36.280000,0.000000,0.000000,0.000000,1.000000,0.000000,0.000000,0.000000,57.698101,20.499701,-14.700500,0.047771,-0.013570,0.015998,-15.666301,-52.738201,18.801300,-93.396698,0.129960,17.611099,-0.177131,-0.492322,-0.674229,0.521209,-969.581970,1524.182495,-4543.953613,-962.366028,1443.765259,-4553.971191,-956.822266,1568.343872,-4570.442383,-987.147339,1474.181396,-4505.608398,-971.992310,1610.439453,-4545.791016,-962.491760,1444.039062,-4553.730957,-956.825073,1568.258911,-4570.433105,-987.026550,1474.026978,-4505.843750,,,,2616.310059,1567.734985,-3159.769043,,,,,,,,,,,,,,,,,,,,,,,,,,,,,,,,,
3629,36.290000,0.000000,0.000000,0.000000,1.000000,0.000000,0.000000,0.000000,57.698101,20.499701,-14.700500,0.047771,-0.013570,0.015998,-15.666301,-52.738201,18.801300,-93.396698,0.129960,17.611099,-0.173473,-0.496284,-0.673342,0.519827,-970.976624,1524.319946,-4543.901367,-963.333984,1443.904541,-4553.611816,-958.128784,1568.456787,-4570.388672,-988.726074,1474.357910,-4505.590332,-973.717834,1610.560669,-4546.014648,-963.289856,1443.942017,-4553.207031,-958.355896,1568.458008,-4570.639648,-988.716858,1474.286377,-4505.977539,-973.546509,1610.590820,-4545.785645,2616.333740,1567.762207,-3159.772461,,,,,,,,,,,,,,,,,,,,,,,,,,,,,,,,,
3630,36.300000,0.000000,0.000000,0.000000,1.000000,0.000000,0.000000,0.000000,57.698101,20.499701,-14.700500,0.047771,-0.013570,0.015998,-15.666301,-52.738201,18.801300,-93.396698,0.129960,17.611099,-0.172457,-0.497012,-0.673469,0.519304,-972.164185,1524.577759,-4543.944336,-964.461304,1444.165771,-4553.636230,-959.263916,1568.720703,-4570.395996,-989.995422,1474.607300,-4505.682617,-974.936279,1610.817261,-4546.062988,-964.600891,1444.005127,-4553.280762,-959.235168,1568.753906,-4570.527832,-989.836792,1474.562256,-4506.046387,-974.986328,1610.958862,-4545.908691,2616.334961,1567.723511,-3159.782471,,,,,,,,,,,,,,,,,,,,,,,,,,,,,,,,,
3631,36.310000,0.000000,0.000000,0.000000,1.000000,0.000000,0.000000,0.000000,57.698101,20.499701,-14.700500,0.047771,-0.013570,0.015998,-15.666301,-52.738201,18.801300,-93.396698,0.129960,17.611099,-0.172086,-0.497330,-0.673626,0.518920,-973.369690,1524.943726,-4543.909180,-965.670837,1444.530029,-4553.589355,-960.427002,1569.083496,-4570.345215,-991.259460,1474.977905,-4505.668457,-976.121643,1611.183838,-4546.033203,-965.845703,1444.254883,-4553.231445,-960.496521,1569.539062,-4570.254883,-991.078857,1474.872070,-4506.015137,-976.080994,1611.126221,-4546.096191,2616.297363,1567.700684,-3159.768799,,,,,,,,,,,,,,,,,,,,,,,,,,,,,,,,,
3632,36.320000,0.000000,0.000000,0.000000,1.000000,0.000000,0.000000,0.000000,57.698101,20.499701,-14.700500,0.047771,-0.013570,0.015998,-15.666301,-52.738201,18.801300,-93.396698,0.129960,17.611099,-0.177216,-0.493763,-0.674018,0.520089,-974.777405,1524.977905,-4544.232910,-967.606995,1444.528442,-4554.021973,-961.915527,1569.058472,-4570.807129,-992.478577,1475.093262,-4505.798828,-977.108582,1611.231812,-4546.303711,-967.670776,1444.330933,-4553.755371,-961.955994,1569.130737,-4570.888672,-992.378418,1475.137451,-4506.098145,-977.100220,1611.287964,-4546.188477,2616.311768,1567.736816,-3159.773682,,,,,,,,,,,,,,,,,,,,,,,,,,,,,,,,,
3633,36.330000,0.000000,0.000000,0.000000,1.000000,0.000000,0.000000,0.000000,57.698101,20.499701,-14.700500,0.047771,-0.013570,0.015998,-15.666301,-52.738201,18.801300,-93.396698,0.129960,17.611099,-0.180995,-0.491764,-0.672284,0.522918,-975.912048,1525.189209,-4544.188477,-968.750244,1444.729248,-4553.896484,-963.384399,1569.232544,-4570.982910,-993.146362,1475.359131,-4505.472656,-978.367249,1611.436035,-4546.401855,-968.750061,1444.624023,-4553.694336,-963.422607,1569.003906,-4571.185059,-993.086670,1475.494263,-4505.763184,-978.389160,1611.646973,-4546.119141,2616.271484,1567.762695,-3159.786377,,,,,,,,,,,,,,,,,,,,,,,,,,,,,,,,,
3634,36.340000,0.000000,0.000000,0.000000,1.000000,0.000000,0.000000,0.000000,57.698101,20.499701,-14.700500,0.047771,-0.013570,0.015998,-15.666301,-52.738201,18.801300,-93.396698,0.129960,17.611099,-0.183170,-0.490146,-0.671945,0.524114,-977.235229,1525.379028,-4544.331543,-970.192322,1444.913574,-4554.081543,-964.832764,1569.413086,-4571.199707,-994.278259,1475.562134,-4505.514160,-979.637817,1611.627808,-4546.530273,-970.092346,1444.831421,-4553.861328,-965.014893,1569.058350,-4571.531250,-994.307312,1475.636353,-4505.779297,-979.540710,1611.990479,-4546.147461,2616.302002,1567.764038,-3159.778076,,,,,,,,,,,,,,,,,,,,,,,,,,,,,,,,,
3635,36.350000,0.000000,0.000000,0.000000,1.000000,0.000000,0.000000,0.000000,57.698101,20.499701,-14.700500,0.047771,-0.013570,0.015998,-15.666301,-52.738201,18.801300,-93.396698,0.129960,17.611099,-0.184529,-0.488335,-0.672167,0.525042,-978.523438,1525.548584,-4544.395996,-971.604126,1445.091675,-4554.303711,-966.200073,1569.612549,-4571.251465,-995.438538,1475.687378,-4505.579590,-980.851135,1611.802979,-4546.448730,-971.505981,1445.025513,-4554.106934,-966.405212,1569.313721,-4571.475098,-995.467041,1475.724976,-4505.826172,-980.724487,1612.139404,-4546.168945,2616.275146,1567.741333,-3159.781982,,,,,,,,,,,,,,,,,,,,,,,,,,,,,,,,,
3636,36.360000,0.000000,0.000000,0.000000,1.000000,0.000000,0.000000,0.000000,57.698101,20.499701,-14.700500,0.047771,-0.013570,0.015998,-15.666301,-52.738201,18.801300,-93.396698,0.129960,17.611099,-0.187295,-0.486241,-0.671973,0.526253,-979.635071,1525.648193,-4544.419922,-972.919128,1445.181885,-4554.390137,-967.432251,1569.696533,-4571.355957,-996.353210,1475.808105,-4505.491211,-981.835693,1611.906616,-4546.441895,-972.827698,1445.169067,-4554.258789,-967.613770,1569.481201,-4571.502441,-996.391968,1475.834106,-4505.655273,-981.716797,1612.102417,-4546.261719,2616.265381,1567.724609,-3159.771484,,,,,,,,,,,,,,,,,,,,,,,,,,,,,,,,,
3637,36.370000,0.000000,0.000000,0.000000,1.000000,0.000000,0.000000,0.000000,57.698101,20.499701,-14.700500,0.047771,-0.013570,0.015998,-15.666301,-52.738201,18.801300,-93.396698,0.129960,17.611099,-0.185580,-0.487017,-0.673349,0.524381,-980.647156,1525.829590,-4544.507324,-974.038086,1445.363892,-4554.554199,-968.209290,1569.890747,-4571.314941,-997.677307,1475.968994,-4505.740723,-982.664001,1612.094971,-4546.420410,-973.976624,1445.763672,-4554.534668,-968.278992,1569.616943,-4571.386230,-997.717163,1475.929321,-4505.752441,-982.612610,1612.053101,-4546.363770,2616.311035,1567.728149,-3159.751709,,,,,,,,,,,,,,,,,,,,,,,,,,,,,,,,,
3638,36.380000,0.000000,0.000000,0.000000,1.000000,0.000000,0.000000,0.000000,57.698101,20.499701,-14.700500,0.047771,-0.013570,0.015998,-15.666301,-52.738201,18.801300,-93.396698,0.129960,17.611099,-0.181211,-0.490017,-0.673594,0.522798,-982.081177,1525.928833,-4544.721191,-975.125427,1445.485352,-4554.710938,-969.489563,1570.032471,-4571.386230,-999.375000,1476.009644,-4506.146973,-984.334717,1612.188232,-4546.640625,-975.184509,1445.989990,-4554.609375,-969.470215,1569.811157,-4571.416992,-999.347229,1475.826904,-4506.196777,,,,2616.260986,1567.709717,-3159.770508,,,,,,,,,,,,,,,,,,,,,,,,,,,,,,,,,
3639,36.390000,0.000000,0.000000,0.000000,1.000000,0.000000,0.000000,0.000000,57.698101,20.499701,-14.700500,0.047771,-0.013570,0.015998,-15.666301,-52.738201,18.801300,-93.396698,0.129960,17.611099,-0.179321,-0.491295,-0.673255,0.522686,-983.543701,1525.907837,-4544.840820,-976.346863,1445.480957,-4554.793457,-970.960083,1570.040039,-4571.462402,-1000.860901,1475.949585,-4506.327637,-986.006897,1612.161133,-4546.779785,-976.331299,1445.884277,-4554.581055,-970.999146,1569.827637,-4571.714844,-1000.885254,1475.785889,-4506.435547,-985.960205,1612.188354,-4546.616211,2616.298584,1567.749756,-3159.754883,,,,,,,,,,,,,,,,,,,,,,,,,,,,,,,,,
3640,36.400000,0.000000,0.000000,0.000000,1.000000,0.000000,0.000000,0.000000,57.698101,20.499701,-14.700500,0.047771,-0.013570,0.015998,-15.666301,-52.738201,18.801300,-93.396698,0.129960,17.611099,-0.179630,-0.491555,-0.672963,0.522712,-984.803955,1526.010742,-4544.844727,-977.599365,1445.575317,-4554.723145,-972.233459,1570.119263,-4571.511719,-1002.104187,1476.086914,-4506.279297,-987.278992,1612.261719,-4546.864746,-977.734192,1445.969238,-4554.430664,-972.139465,1569.977173,-4571.726562,-1002.013428,1476.014404,-4506.490723,-987.351257,1612.152222,-4546.681641,2616.273682,1567.755127,-3159.780273,,,,,,,,,,,,,,,,,,,,,,,,,,,,,,,,,
3641,36.410000,0.000000,0.000000,0.000000,1.000000,0.000000,0.000000,0.000000,57.698101,20.499701,-14.700500,0.047771,-0.013570,0.015998,-15.666301,-52.738201,18.801300,-93.396698,0.129960,17.611099,-0.181545,-0.491131,-0.672035,0.523641,-985.968445,1526.010864,-4544.821777,-978.790894,1445.557129,-4554.568848,-973.520203,1570.067871,-4571.630859,-1003.094421,1476.161621,-4506.082520,-988.468384,1612.257202,-4547.004395,-978.916016,1445.568115,-4554.279297,-973.445801,1570.020386,-4571.807617,-1002.954468,1476.188477,-4506.403320,-988.554016,1612.270996,-4546.804688,2616.243652,1567.770996,-3159.795898,,,,,,,,,,,,,,,,,,,,,,,,,,,,,,,,,
3642,36.420000,0.000000,0.000000,0.000000,1.000000,0.000000,0.000000,0.000000,57.698101,20.499701,-14.700500,0.047771,-0.013570,0.015998,-15.666301,-52.738201,18.801300,-93.396698,0.129960,17.611099,-0.181408,-0.492293,-0.671235,0.523624,-987.185608,1525.923340,-4544.892090,-979.886719,1445.458130,-4554.453613,-974.767456,1569.938110,-4571.784668,-1004.286987,1476.136353,-4506.062500,-989.801331,1612.161133,-4547.268555,-979.802429,1445.384888,-4554.041016,-975.025452,1569.838745,-4572.105469,-1004.281982,1476.247437,-4506.550293,-989.632690,1612.228760,-4546.903320,2616.267578,1567.751953,-3159.784424,,,,,,,,,,,,,,,,,,,,,,,,,,,,,,,,,
3643,36.430000,0.000000,0.000000,0.000000,1.000000,0.000000,0.000000,0.000000,57.698101,20.499701,-14.700500,0.047771,-0.013570,0.015998,-15.666301,-52.738201,18.801300,-93.396698,0.129960,17.611099,-0.180278,-0.492940,-0.671385,0.523213,-988.428589,1525.928711,-4544.992676,-981.052917,1445.471191,-4554.559082,-975.967285,1569.959839,-4571.837891,-1005.601074,1476.118530,-4506.223633,-991.093140,1612.165527,-4547.348633,-980.938660,1445.338989,-4554.167480,-976.251831,1569.823975,-4572.173828,-1005.621765,1476.193481,-4506.657227,-990.903320,1612.360352,-4546.971191,2616.300049,1567.753174,-3159.774902,,,,,,,,,,,,,,,,,,,,,,,,,,,,,,,,,
3644,36.440000,0.000000,0.000000,0.000000,1.000000,0.000000,0.000000,0.000000,57.698101,20.499701,-14.700500,0.047771,-0.013570,0.015998,-15.666301,-52.738201,18.801300,-93.396698,0.129960,17.611099,-0.179730,-0.493638,-0.670964,0.523283,-989.602234,1525.916382,-4544.941406,-982.107910,1445.461548,-4554.438477,-977.165894,1569.943726,-4571.804688,-1006.756897,1476.112549,-4506.156250,-992.378174,1612.147827,-4547.365723,-981.958801,1445.272705,-4554.107422,-977.495483,1569.795898,-4572.067383,-1006.798157,1476.214111,-4506.546387,-992.157715,1612.385254,-4547.039062,2616.287598,1567.746704,-3159.766846,,,,,,,,,,,,,,,,,,,,,,,,,,,,,,,,,
3645,36.450000,0.000000,0.000000,0.000000,1.000000,0.000000,0.000000,0.000000,57.698101,20.499701,-14.700500,0.047771,-0.013570,0.015998,-15.666301,-52.738201,18.801300,-93.396698,0.129960,17.611099,-0.177202,-0.495160,-0.670552,0.523236,-990.980835,1525.740356,-4545.103516,-983.165771,1445.313354,-4554.577637,-978.563843,1569.815063,-4571.897949,-1008.154724,1475.871094,-4506.411133,-994.039246,1611.962280,-4547.526855,-982.791443,1444.969238,-4554.125488,-979.294495,1569.576538,-4572.328125,-1008.321411,1476.021729,-4506.907227,-993.535828,1612.383301,-4547.020508,2616.286377,1567.723389,-3159.775391,,,,,,,,,,,,,,,,,,,,,,,,,,,,,,,,,
3646,36.460000,0.000000,0.000000,0.000000,1.000000,0.000000,0.000000,0.000000,57.698101,20.499701,-14.700500,0.047771,-0.013570,0.015998,-15.666301,-52.738201,18.801300,-93.396698,0.129960,17.611099,-0.181814,-0.490515,-0.671004,0.525444,-992.542236,1525.647583,-4545.200195,-985.152832,1445.217651,-4554.985840,-980.311523,1569.746948,-4572.040039,-1009.395630,1475.739746,-4506.417480,-995.309204,1611.886475,-4547.358398,-984.978027,1445.031494,-4554.714844,-980.669495,1569.483887,-4572.295410,-1009.456055,1475.861694,-4506.767090,-995.074707,1612.223755,-4547.012207,2616.279297,1567.760864,-3159.789551,,,,,,,,,,,,,,,,,,,,,,,,,,,,,,,,,
3647,36.470000,0.000000,0.000000,0.000000,1.000000,0.000000,0.000000,0.000000,57.698101,20.499701,-14.700500,0.047771,-0.013570,0.015998,-15.666301,-52.738201,18.801300,-93.396698,0.129960,17.611099,-0.177852,-0.490431,-0.673942,0.523114,-993.796753,1525.685059,-4545.198730,-986.510925,1445.300903,-4555.429199,-981.233154,1569.923340,-4571.653320,-1011.098877,1475.574097,-4506.877930,-996.344177,1611.942017,-4546.835449,-986.781738,1445.420776,-4555.406738,-980.864990,1569.804199,-4571.531250,-1010.884888,1475.547852,-4506.940430,-996.644226,1611.961060,-4546.905273,2616.279785,1567.773193,-3159.788330,,,,,,,,,,,,,,,,,,,,,,,,,,,,,,,,,
3648,36.480000,0.000000,0.000000,0.000000,1.000000,0.000000,0.000000,0.000000,57.698101,20.499701,-14.700500,0.047771,-0.013570,0.015998,-15.666301,-52.738201,18.801300,-93.396698,0.129960,17.611099,-0.176305,-0.490633,-0.674509,0.522717,-994.976440,1525.368042,-4545.101562,-987.624023,1445.005371,-4555.451660,-982.356995,1569.658691,-4571.441406,-1012.366028,1475.181763,-4506.918945,-997.558899,1611.626709,-4546.593750,-987.921387,1444.838867,-4555.428711,-981.989014,1569.781372,-4571.257812,-1012.129333,1475.183228,-4506.986816,-997.864502,1611.674683,-4546.719238,2616.271484,1567.740356,-3159.783447,,,,,,,,,,,,,,,,,,,,,,,,,,,,,,,,,
3649,36.490000,0.000000,0.000000,0.000000,1.000000,0.000000,0.000000,0.000000,57.698101,20.499701,-14.700500,0.047771,-0.013570,0.015998,-15.666301,-52.738201,18.801300,-93.396698,0.129960,17.611099,-0.180776,-0.486702,-0.673903,0.525638,-996.362366,1525.126343,-4545.174316,-989.244263,1444.766113,-4555.705566,-984.038879,1569.430054,-4571.631836,-1013.306152,1474.919922,-4506.817871,-998.860352,1611.389526,-4546.540527,-989.362671,1444.595459,-4555.638184,-983.897644,1569.306519,-4571.631348,-1013.168457,1475.027466,-4506.967773,-999.029846,1611.586914,-4546.458008,2616.295166,1567.733398,-3159.786621,,,,,,,,,,,,,,,,,,,,,,,,,,,,,,,,,
3650,36.500000,0.000000,0.000000,0.000000,1.000000,0.000000,0.000000,0.000000,57.698101,20.499701,-14.700500,0.047771,-0.013570,0.015998,-15.666301,-52.738201,18.801300,-93.396698,0.129960,17.611099,-0.180425,-0.486377,-0.674021,0.525908,-997.608337,1524.926147,-4545.238281,-990.453979,1444.580078,-4555.852539,-985.307678,1569.262451,-4571.652344,-1014.525391,1474.672852,-4506.931641,-1000.146362,1611.189575,-4546.517090,-990.384277,1444.483276,-4555.727539,-985.418457,1568.971924,-4571.846680,-1014.539978,1474.738647,-4507.105957,-1000.097900,1611.528320,-4546.258301,2616.308594,1567.720215,-3159.771240,,,,,,,,,,,,,,,,,,,,,,,,,,,,,,,,,
3651,36.510000,0.000000,0.000000,0.000000,1.000000,0.000000,0.000000,0.000000,57.698101,20.499701,-14.700500,0.047771,-0.013570,0.015998,-15.666301,-52.738201,18.801300,-93.396698,0.129960,17.611099,-0.184919,-0.481534,-0.673291,0.529726,-998.845093,1524.877563,-4545.179688,-991.870056,1444.556641,-4556.099609,-986.935547,1569.276855,-4571.666992,-1015.191895,1474.532837,-4506.745605,-1001.382935,1611.144287,-4546.207031,-991.748901,1444.242188,-4555.915527,-987.166077,1569.355713,-4571.786133,-1015.235291,1474.636108,-4506.950684,-1001.224487,1611.251587,-4546.051758,2616.276367,1567.756104,-3159.781494,,,,,,,,,,,,,,,,,,,,,,,,,,,,,,,,,
3652,36.520000,0.000000,0.000000,0.000000,1.000000,0.000000,0.000000,0.000000,57.698101,20.499701,-14.700500,0.047771,-0.013570,0.015998,-15.666301,-52.738201,18.801300,-93.396698,0.129960,17.611099,-0.187018,-0.479745,-0.673960,0.529762,-1000.147827,1524.324219,-4545.478516,-993.490784,1443.989624,-4556.496094,-988.209351,1568.705933,-4571.981934,-1016.489502,1474.001587,-4507.013184,-1002.401733,1610.599731,-4546.421875,-993.223022,1443.822510,-4556.240234,-988.666138,1568.456909,-4572.397949,-1016.639465,1474.188110,-4507.317871,-1002.085571,1610.818848,-4545.955566,2616.274658,1567.748779,-3159.786865,,,,,,,,,,,,,,,,,,,,,,,,,,,,,,,,,
3653,36.530000,0.000000,0.000000,0.000000,1.000000,0.000000,0.000000,0.000000,57.698101,20.499701,-14.700500,0.047771,-0.013570,0.015998,-15.666301,-52.738201,18.801300,-93.396698,0.129960,17.611099,-0.186745,-0.478685,-0.674299,0.530384,-1001.255859,1523.928345,-4545.456055,-994.584717,1443.621460,-4556.665039,-989.365173,1568.374390,-4571.873047,-1017.533081,1473.512939,-4507.085449,-1003.540527,1610.205200,-4546.200195,-994.429626,1443.584229,-4556.452637,-989.604553,1567.997314,-4572.348633,-1017.611145,1473.823975,-4507.401855,-1003.418823,1610.272217,-4545.674805,2616.269531,1567.748413,-3159.786865,,,,,,,,,,,,,,,,,,,,,,,,,,,,,,,,,
3654,36.540000,0.000000,0.000000,0.000000,1.000000,0.000000,0.000000,0.000000,57.698101,20.499701,-14.700500,0.047771,-0.013570,0.015998,-15.666301,-52.738201,18.801300,-93.396698,0.129960,17.611099,-0.184832,-0.479442,-0.674334,0.530327,-1002.308472,1523.688110,-4545.333008,-995.437988,1443.406128,-4556.600098,-990.415710,1568.184692,-4571.664062,-1018.617004,1473.200928,-4507.069824,-1004.763245,1609.960815,-4545.997559,-995.359497,1443.370972,-4556.467285,-990.448669,1567.760620,-4572.160156,-1018.637878,1473.689331,-4507.356445,-1004.813904,1609.915771,-4545.418945,2616.299072,1567.763062,-3159.786865,,,,,,,,,,,,,,,,,,,,,,,,,,,,,,,,,
3655,36.550000,0.000000,0.000000,0.000000,1.000000,0.000000,0.000000,0.000000,57.698101,20.499701,-14.700500,0.047771,-0.013570,0.015998,-15.666301,-52.738201,18.801300,-93.396698,0.129960,17.611099,-0.184720,-0.479437,-0.673534,0.531385,-1003.323792,1523.369019,-4545.289062,-996.275269,1443.100952,-4556.544434,-991.567688,1567.887329,-4571.645020,-1019.467590,1472.852661,-4506.994629,-1005.984802,1609.635498,-4545.972168,-996.113098,1443.164429,-4556.418457,-991.726440,1567.368408,-4572.296875,-1019.583801,1473.172241,-4507.174316,-1005.922791,1609.637817,-4545.373047,2616.306396,1567.741211,-3159.781250,,,,,,,,,,,,,,,,,,,,,,,,,,,,,,,,,
3656,36.560000,0.000000,0.000000,0.000000,1.000000,0.000000,0.000000,0.000000,57.698101,20.499701,-14.700500,0.047771,-0.013570,0.015998,-15.666301,-52.738201,18.801300,-93.396698,0.129960,17.611099,-0.178407,-0.481668,-0.677095,0.526981,-1004.632935,1522.851562,-4545.746094,-997.624878,1442.626099,-4557.326172,-992.321228,1567.479126,-4571.659180,-1021.544434,1472.173462,-4508.000488,-1007.041321,1609.127808,-4545.996582,-997.522278,1442.746460,-4556.833008,-992.591248,1567.174561,-4572.230469,-1021.573914,1472.162842,-4508.473145,-1006.864563,1609.298340,-4545.478516,2616.287598,1567.747559,-3159.773193,,,,,,,,,,,,,,,,,,,,,,,,,,,,,,,,,
3657,36.570000,0.000000,0.000000,0.000000,1.000000,0.000000,0.000000,0.000000,57.698101,20.499701,-14.700500,0.047771,-0.013570,0.015998,-15.666301,-52.738201,18.801300,-93.396698,0.129960,17.611099,-0.180096,-0.480133,-0.677305,0.527538,-1005.806335,1522.360840,-4545.958496,-998.980652,1442.132202,-4557.625977,-993.534607,1566.986450,-4571.894043,-1022.636047,1471.683838,-4508.174805,-1008.074036,1608.640991,-4546.138672,-998.847717,1442.226196,-4557.083984,-993.883484,1566.661865,-4572.503418,-1022.682190,1471.635742,-4508.681152,-1007.838013,1608.897705,-4545.587891,2616.301758,1567.747803,-3159.777344,,,,,,,,,,,,,,,,,,,,,,,,,,,,,,,,,
3658,36.580000,0.000000,0.000000,0.000000,1.000000,0.000000,0.000000,0.000000,57.698101,20.499701,-14.700500,0.047771,-0.013570,0.015998,-15.666301,-52.738201,18.801300,-93.396698,0.129960,17.611099,-0.182533,-0.478519,-0.677423,0.528014,-1006.912598,1521.854248,-4546.184082,-1000.342834,1441.608398,-4557.879395,-994.674500,1566.447876,-4572.190918,-1023.658997,1471.221436,-4508.304688,-1008.974060,1608.139648,-4546.361328,-1000.165344,1441.637817,-4557.393555,-995.110779,1566.130859,-4572.674805,-1023.736694,1471.125854,-4508.778809,-1008.649231,1608.530396,-4545.884277,2616.292969,1567.732300,-3159.781982,,,,,,,,,,,,,,,,,,,,,,,,,,,,,,,,,
3659,36.590000,0.000000,0.000000,0.000000,1.000000,0.000000,0.000000,0.000000,57.698101,20.499701,-14.700500,0.047771,-0.013570,0.015998,-15.666301,-52.738201,18.801300,-93.396698,0.129960,17.611099,-0.184489,-0.477315,-0.677272,0.528618,-1007.822998,1521.303223,-4546.354492,-1001.413696,1441.044434,-4558.050293,-995.643982,1565.871094,-4572.432617,-1024.464233,1470.706177,-4508.380371,-1009.770142,1607.591187,-4546.553711,-1001.255005,1440.965332,-4557.614258,-996.069519,1565.616455,-4572.736816,-1024.510742,1470.675903,-4508.880371,-1009.457214,1607.971680,-4546.184082,2616.283936,1567.735474,-3159.779541,,,,,,,,,,,,,,,,,,,,,,,,,,,,,,,,,
3660,36.600000,0.000000,0.000000,0.000000,1.000000,0.000000,0.000000,0.000000,57.698101,20.499701,-14.700500,0.047771,-0.013570,0.015998,-15.666301,-52.738201,18.801300,-93.396698,0.129960,17.611099,-0.187331,-0.475247,-0.676729,0.530175,-1008.645874,1520.969482,-4546.449707,-1002.390747,1440.703979,-4558.182617,-996.633301,1565.523926,-4572.627930,-1025.033447,1470.391235,-4508.340820,-1010.526184,1607.259033,-4546.646484,-1002.286926,1440.474365,-4557.801270,-996.956238,1565.560913,-4572.755371,-1025.041016,1470.410278,-4508.761230,-1010.295166,1607.413086,-4546.468750,2616.306396,1567.732544,-3159.765869,,,,,,,,,,,,,,,,,,,,,,,,,,,,,,,,,
3661,36.610000,0.000000,0.000000,0.000000,1.000000,0.000000,0.000000,0.000000,57.698101,20.499701,-14.700500,0.047771,-0.013570,0.015998,-15.666301,-52.738201,18.801300,-93.396698,0.129960,17.611099,-0.188451,-0.474571,-0.677599,0.529271,-1009.553101,1520.396118,-4546.598145,-1003.588196,1440.111938,-4558.354980,-997.413696,1564.914429,-4572.779297,-1026.075806,1469.866577,-4508.482910,-1011.134766,1606.691650,-4546.774414,-1003.580200,1439.888672,-4558.072754,-997.640076,1564.942871,-4572.691406,-1025.993652,1469.913818,-4508.890137,-1010.995178,1606.818359,-4546.757324,2616.305420,1567.768433,-3159.771484,,,,,,,,,,,,,,,,,,,,,,,,,,,,,,,,,
3662,36.620000,0.000000,0.000000,0.000000,1.000000,0.000000,0.000000,0.000000,57.698101,20.499701,-14.700500,0.047771,-0.013570,0.015998,-15.666301,-52.738201,18.801300,-93.396698,0.129960,17.611099,-0.188034,-0.474797,-0.678151,0.528509,-1010.270813,1519.873657,-4546.747070,-1004.376648,1439.587158,-4558.523438,-998.035522,1564.387817,-4572.890625,-1026.916992,1469.348877,-4508.679688,-1011.754150,1606.170898,-4546.894531,-1004.410278,1439.388672,-4558.323730,-998.210022,1564.448242,-4572.697754,-1026.807617,1469.400757,-4509.012695,-1011.660339,1606.247070,-4546.959961,2616.291260,1567.759399,-3159.757568,,,,,,,,,,,,,,,,,,,,,,,,,,,,,,,,,
3663,36.630000,0.000000,0.000000,0.000000,1.000000,0.000000,0.000000,0.000000,57.698101,20.499701,-14.700500,0.047771,-0.013570,0.015998,-15.666301,-52.738201,18.801300,-93.396698,0.129960,17.611099,-0.188580,-0.474263,-0.678550,0.528282,-1010.970215,1519.494019,-4546.844238,-1005.203613,1439.204346,-4558.661621,-998.694885,1564.002075,-4572.979492,-1027.653931,1468.976562,-4508.783203,-1012.328613,1605.793457,-4546.951660,-1005.347107,1439.320923,-4558.507812,-998.700134,1563.879517,-4572.721680,-1027.452271,1469.009888,-4509.093262,-1012.361755,1605.768921,-4547.060059,2616.287109,1567.750977,-3159.767822,,,,,,,,,,,,,,,,,,,,,,,,,,,,,,,,,
3664,36.640000,0.000000,0.000000,0.000000,1.000000,0.000000,0.000000,0.000000,57.698101,20.499701,-14.700500,0.047771,-0.013570,0.015998,-15.666301,-52.738201,18.801300,-93.396698,0.129960,17.611099,-0.185412,-0.476778,-0.678962,0.526608,-1011.558777,1518.912598,-4546.882812,-1005.589600,1438.626587,-4558.624023,-999.112000,1563.427979,-4572.924316,-1028.510132,1468.385864,-4508.952637,-1013.023621,1605.210205,-4547.028809,-1005.710388,1438.481812,-4558.476074,-999.074951,1563.378906,-4572.838867,-1028.323975,1468.562378,-4509.262207,-1013.099670,1605.247070,-4547.000977,2616.277832,1567.722168,-3159.776367,,,,,,,,,,,,,,,,,,,,,,,,,,,,,,,,,
3665,36.650000,0.000000,0.000000,0.000000,1.000000,0.000000,0.000000,0.000000,57.698101,20.499701,-14.700500,0.047771,-0.013570,0.015998,-15.666301,-52.738201,18.801300,-93.396698,0.129960,17.611099,-0.184256,-0.476536,-0.680860,0.524779,-1012.314941,1518.409546,-4547.138184,-1006.579651,1438.134888,-4559.072754,-999.615967,1562.950684,-4573.013184,-1029.583862,1467.840820,-4509.408203,-1013.480164,1604.711792,-4547.058594,-1006.770142,1437.679077,-4558.921875,-999.501709,1563.138428,-4572.921875,-1029.399780,1467.960205,-4509.632324,-1013.598328,1604.788940,-4547.064941,2616.304199,1567.725220,-3159.764160,,,,,,,,,,,,,,,,,,,,,,,,,,,,,,,,,
3666,36.660000,0.000000,0.000000,0.000000,1.000000,0.000000,0.000000,0.000000,57.698101,20.499701,-14.700500,0.047771,-0.013570,0.015998,-15.666301,-52.738201,18.801300,-93.396698,0.129960,17.611099,-0.187988,-0.474347,-0.681317,0.524846,-1013.193237,1517.703613,-4547.650391,-1007.926453,1437.397217,-4559.586426,-1000.471497,1562.172119,-4573.638672,-1030.427368,1467.234985,-4509.770508,-1013.947937,1604.010498,-4547.604980,-1007.902039,1437.106567,-4559.276855,-1000.484497,1562.145264,-4574.151367,-1030.429321,1467.295166,-4510.014160,-1013.958313,1604.275635,-4547.120605,2616.289551,1567.733154,-3159.759277,,,,,,,,,,,,,,,,,,,,,,,,,,,,,,,,,
3667,36.670000,0.000000,0.000000,0.000000,1.000000,0.000000,0.000000,0.000000,57.698101,20.499701,-14.700500,0.047771,-0.013570,0.015998,-15.666301,-52.738201,18.801300,-93.396698,0.129960,17.611099,-0.190540,-0.472795,-0.681873,0.524603,-1013.917542,1517.185059,-4547.924805,-1009.021423,1436.857178,-4559.875000,-1001.143005,1561.600342,-4573.979004,-1031.172363,1466.788940,-4509.958496,-1014.333740,1603.494263,-4547.887695,-1008.968933,1436.512207,-4559.548340,-1001.186279,1561.587646,-4574.557129,-1031.196899,1466.843140,-4510.197754,-1014.315247,1603.810425,-4547.352051,2616.298340,1567.732910,-3159.762695,,,,,,,,,,,,,,,,,,,,,,,,,,,,,,,,,
3668,36.680000,0.000000,0.000000,0.000000,1.000000,0.000000,0.000000,0.000000,57.698101,20.499701,-14.700500,0.047771,-0.013570,0.015998,-15.666301,-52.738201,18.801300,-93.396698,0.129960,17.611099,-0.190161,-0.478361,-0.678634,0.523895,-1014.965759,1516.450806,-4548.730957,-1009.607910,1436.026978,-4559.804688,-1002.256897,1560.652222,-4575.177246,-1032.194702,1466.371826,-4510.334961,-1015.803589,1602.752441,-4549.605957,-1009.704346,1435.948975,-4559.681641,-1002.205750,1560.824463,-4575.156738,-1032.103516,1466.399170,-4510.473145,-1015.848145,1602.635132,-4549.611328,2616.309326,1567.729614,-3159.770264,,,,,,,,,,,,,,,,,,,,,,,,,,,,,,,,,
3669,36.690000,0.000000,0.000000,0.000000,1.000000,0.000000,0.000000,0.000000,57.698101,20.499701,-14.700500,0.047771,-0.013570,0.015998,-15.666301,-52.738201,18.801300,-93.396698,0.129960,17.611099,-0.187565,-0.484907,-0.675676,0.522635,-1015.767334,1515.965698,-4549.317871,-1009.786133,1435.476929,-4559.570312,-1003.060791,1559.996094,-4576.049316,-1033.081909,1466.141968,-4510.629883,-1017.140503,1602.248047,-4551.021973,-1010.129944,1435.461670,-4559.548340,-1002.732727,1560.254517,-4575.463867,-1032.784668,1465.927734,-4510.704590,-1017.386108,1602.266846,-4551.503418,2616.309326,1567.720459,-3159.764893,,,,,,,,,,,,,,,,,,,,,,,,,,,,,,,,,
3670,36.700000,0.000000,0.000000,0.000000,1.000000,0.000000,0.000000,0.000000,57.698101,20.499701,-14.700500,0.047771,-0.013570,0.015998,-15.666301,-52.738201,18.801300,-93.396698,0.129960,17.611099,-0.191668,-0.485036,-0.673060,0.524399,-1016.555908,1515.464966,-4549.851562,-1010.560303,1434.919800,-4559.642090,-1004.119751,1559.339722,-4576.963379,-1033.496094,1465.867554,-4510.709473,-1018.047546,1601.733154,-4552.090820,-1011.071777,1434.920776,-4559.851562,-1003.448853,1559.700195,-4575.818359,-1033.098145,1465.737183,-4510.630859,-1018.560425,1601.576294,-4552.984863,2616.284180,1567.767090,-3159.774170,,,,,,,,,,,,,,,,,,,,,,,,,,,,,,,,,
3671,36.710000,0.000000,0.000000,0.000000,1.000000,0.000000,0.000000,0.000000,57.698101,20.499701,-14.700500,0.047771,-0.013570,0.015998,-15.666301,-52.738201,18.801300,-93.396698,0.129960,17.611099,-0.193938,-0.485533,-0.671643,0.524920,-1017.266541,1515.135376,-4550.242188,-1011.291138,1434.550537,-4559.714355,-1004.935608,1558.897217,-4577.583984,-1034.057251,1465.700928,-4510.831055,-1018.782043,1601.393066,-4552.840820,-1012.023193,1434.940674,-4559.986816,-1003.958374,1559.228394,-4576.108887,-1033.547607,1465.471924,-4510.714355,-1019.494385,1600.946899,-4554.002930,2616.290039,1567.748169,-3159.784424,,,,,,,,,,,,,,,,,,,,,,,,,,,,,,,,,
3672,36.720000,0.000000,0.000000,0.000000,1.000000,0.000000,0.000000,0.000000,57.698101,20.499701,-14.700500,0.047771,-0.013570,0.015998,-15.666301,-52.738201,18.801300,-93.396698,0.129960,17.611099,-0.194703,-0.486810,-0.670479,0.524943,-1017.901184,1514.732422,-4550.606934,-1011.846313,1434.119629,-4559.785645,-1005.618713,1558.406860,-4578.109375,-1034.635864,1465.424927,-4511.012695,-1019.503967,1600.978516,-4553.518555,-1012.520081,1434.590454,-4560.088867,-1004.786011,1558.677734,-4576.713867,-1034.194580,1465.186646,-4510.867188,-1020.109314,1600.525757,-4554.645020,2616.267334,1567.695923,-3159.775146,,,,,,,,,,,,,,,,,,,,,,,,,,,,,,,,,
3673,36.730000,0.000000,0.000000,0.000000,1.000000,0.000000,0.000000,0.000000,57.698101,20.499701,-14.700500,0.047771,-0.013570,0.015998,-15.666301,-52.738201,18.801300,-93.396698,0.129960,17.611099,-0.193549,-0.488619,-0.670462,0.523709,-1018.479919,1514.374268,-4550.751953,-1012.367371,1433.747070,-4559.765137,-1006.078125,1558.004028,-4578.272461,-1035.389038,1465.131104,-4511.151855,-1020.085327,1600.614990,-4553.819336,-1013.081787,1434.348267,-4559.988770,-1005.339172,1558.285889,-4576.951172,-1034.945068,1464.844604,-4511.072754,-1020.622131,1600.108521,-4554.913574,2616.282715,1567.717896,-3159.786133,,,,,,,,,,,,,,,,,,,,,,,,,,,,,,,,,
3674,36.740000,0.000000,0.000000,0.000000,1.000000,0.000000,0.000000,0.000000,57.698101,20.499701,-14.700500,0.047771,-0.013570,0.015998,-15.666301,-52.738201,18.801300,-93.396698,0.129960,17.611099,-0.194036,-0.489285,-0.670359,0.523038,-1019.109985,1514.113770,-4550.831055,-1013.072998,1433.464722,-4559.697754,-1006.645935,1557.682373,-4578.419922,-1036.094849,1464.957886,-4511.155273,-1020.626160,1600.350464,-4554.050781,-1013.694519,1434.065674,-4559.720215,-1006.161560,1557.923828,-4577.333008,-1035.669922,1464.631958,-4511.229004,-1020.979736,1599.919922,-4554.950195,2616.265137,1567.744263,-3159.793213,,,,,,,,,,,,,,,,,,,,,,,,,,,,,,,,,
3675,36.750000,0.000000,0.000000,0.000000,1.000000,0.000000,0.000000,0.000000,57.698101,20.499701,-14.700500,0.047771,-0.013570,0.015998,-15.666301,-52.738201,18.801300,-93.396698,0.129960,17.611099,-0.191439,-0.491413,-0.671346,0.520730,-1019.829163,1513.808472,-4550.977051,-1013.779663,1433.154175,-4559.788086,-1007.101990,1557.365601,-4578.463379,-1037.182251,1464.668213,-4511.441406,-1021.252747,1600.046143,-4554.215332,-1014.240723,1433.946899,-4559.499023,-1007.071838,1557.464600,-4577.745605,-1036.849365,1464.291382,-4511.749023,-1021.265869,1599.718750,-4554.791992,2616.269531,1567.755493,-3159.806641,,,,,,,,,,,,,,,,,,,,,,,,,,,,,,,,,
3676,36.760000,0.000000,0.000000,0.000000,1.000000,0.000000,0.000000,0.000000,57.698101,20.499701,-14.700500,0.047771,-0.013570,0.015998,-15.666301,-52.738201,18.801300,-93.396698,0.129960,17.611099,-0.192582,-0.490474,-0.671431,0.521083,-1020.393616,1513.633423,-4550.966309,-1014.457581,1432.975098,-4559.817871,-1007.696533,1557.184448,-4578.476074,-1037.688721,1464.500610,-4511.395508,-1021.731750,1599.873413,-4554.175781,-1014.826294,1433.822388,-4559.334961,-1007.801025,1557.214478,-4578.006348,-1037.401123,1464.191040,-4511.845215,-1021.653625,1599.562622,-4554.525879,2616.273438,1567.778687,-3159.800049,,,,,,,,,,,,,,,,,,,,,,,,,,,,,,,,,
3677,36.770000,0.000000,0.000000,0.000000,1.000000,0.000000,0.000000,0.000000,57.698101,20.499701,-14.700500,0.047771,-0.013570,0.015998,-15.666301,-52.738201,18.801300,-93.396698,0.129960,17.611099,-0.194551,-0.488363,-0.671285,0.522521,-1021.073486,1513.492920,-4551.042480,-1015.247131,1432.841431,-4560.027832,-1008.521057,1557.068604,-4578.580078,-1038.151245,1464.324219,-4511.422363,-1022.374390,1599.737671,-4554.140625,-1015.298340,1433.677490,-4559.346191,-1008.887268,1556.918823,-4578.401367,-1038.032715,1464.043701,-4511.977051,-1022.115723,1599.618164,-4554.230469,2616.303955,1567.753540,-3159.792236,,,,,,,,,,,,,,,,,,,,,,,,,,,,,,,,,
3678,36.780000,0.000000,0.000000,0.000000,1.000000,0.000000,0.000000,0.000000,57.698101,20.499701,-14.700500,0.047771,-0.013570,0.015998,-15.666301,-52.738201,18.801300,-93.396698,0.129960,17.611099,-0.197594,-0.486549,-0.671377,0.522953,-1021.804932,1513.478516,-4551.025879,-1016.293396,1432.804443,-4560.007812,-1009.289124,1557.000732,-4578.664062,-1038.786987,1464.383545,-4511.273438,-1022.850281,1599.725464,-4554.158203,-1016.152527,1433.520264,-4559.294922,-1009.800049,1556.678467,-4578.656738,-1038.743408,1464.351196,-4511.955078,-1022.527832,1599.588379,-4554.036621,2616.286865,1567.750732,-3159.791260,,,,,,,,,,,,,,,,,,,,,,,,,,,,,,,,,
3679,36.790000,0.000000,0.000000,0.000000,1.000000,0.000000,0.000000,0.000000,57.698101,20.499701,-14.700500,0.047771,-0.013570,0.015998,-15.666301,-52.738201,18.801300,-93.396698,0.129960,17.611099,-0.200118,-0.484690,-0.671427,0.523654,-1022.561890,1513.387085,-4550.992188,-1017.289978,1432.702271,-4560.020508,-1010.111938,1556.885620,-4578.697266,-1039.418335,1464.323853,-4511.146973,-1023.427490,1599.636841,-4554.103027,-1017.057800,1433.397705,-4559.363281,-1010.590820,1556.566772,-4578.960449,-1039.485474,1464.182007,-4511.610840,-1023.087280,1599.594360,-4553.851074,2616.313477,1567.764282,-3159.789551,,,,,,,,,,,,,,,,,,,,,,,,,,,,,,,,,
3680,36.800000,0.000000,0.000000,0.000000,1.000000,0.000000,0.000000,0.000000,57.698101,20.499701,-14.700500,0.047771,-0.013570,0.015998,-15.666301,-52.738201,18.801300,-93.396698,0.129960,17.611099,-0.192354,-0.487939,-0.674455,0.519640,-1023.277039,1513.172241,-4551.141113,-1017.809998,1432.535767,-4560.479004,-1010.318420,1556.814209,-4578.383789,-1040.869385,1463.902954,-4511.872559,-1024.110596,1599.436523,-4553.828613,-1017.823792,1433.016846,-4559.568359,-1010.627625,1556.709229,-4578.643555,-1040.793701,1463.410278,-4512.628418,-1023.854004,1599.583252,-4553.623047,2616.288330,1567.770020,-3159.793945,,,,,,,,,,,,,,,,,,,,,,,,,,,,,,,,,
3681,36.810000,0.000000,0.000000,0.000000,1.000000,0.000000,0.000000,0.000000,57.698101,20.499701,-14.700500,0.047771,-0.013570,0.015998,-15.666301,-52.738201,18.801300,-93.396698,0.129960,17.611099,-0.191589,-0.487151,-0.675689,0.519059,-1024.151245,1513.014404,-4551.237305,-1018.803223,1432.395996,-4560.797363,-1011.087646,1556.712402,-4578.339355,-1041.872681,1463.662354,-4512.130859,-1024.841431,1599.287231,-4553.680664,-1018.840698,1432.935547,-4559.805176,-1011.358398,1556.622314,-4578.700684,-1041.800903,1463.125244,-4512.878906,-1024.607666,1599.427002,-4553.415527,2616.268555,1567.771729,-3159.797607,,,,,,,,,,,,,,,,,,,,,,,,,,,,,,,,,
3682,36.820000,0.000000,0.000000,0.000000,1.000000,0.000000,0.000000,0.000000,57.698101,20.499701,-14.700500,0.047771,-0.013570,0.015998,-15.666301,-52.738201,18.801300,-93.396698,0.129960,17.611099,-0.191662,-0.485510,-0.676188,0.519918,-1025.096069,1512.779175,-4551.350586,-1019.776367,1432.188965,-4561.162109,-1012.096313,1556.556396,-4578.355957,-1042.724731,1463.312622,-4512.347168,-1025.787109,1599.058838,-4553.537598,-1019.789551,1432.660645,-4560.173340,-1012.344849,1556.410889,-4578.924316,-1042.671997,1462.944824,-4513.087891,-1025.586914,1599.164551,-4553.090332,2616.268799,1567.742920,-3159.800537,,,,,,,,,,,,,,,,,,,,,,,,,,,,,,,,,
3683,36.830000,0.000000,0.000000,0.000000,1.000000,0.000000,0.000000,0.000000,57.698101,20.499701,-14.700500,0.047771,-0.013570,0.015998,-15.666301,-52.738201,18.801300,-93.396698,0.129960,17.611099,-0.191835,-0.484330,-0.676968,0.519940,-1026.022339,1512.638184,-4551.485840,-1020.827148,1432.062256,-4561.479492,-1012.992981,1556.455933,-4578.410645,-1043.674194,1463.111450,-4512.569336,-1026.594849,1598.923340,-4553.483398,-1020.793701,1432.482422,-4560.619629,-1013.266235,1556.252197,-4578.985352,-1043.654663,1462.805054,-4513.236816,-1026.381592,1599.058472,-4553.021484,2616.281006,1567.737549,-3159.781738,,,,,,,,,,,,,,,,,,,,,,,,,,,,,,,,,
3684,36.840000,0.000000,0.000000,0.000000,1.000000,0.000000,0.000000,0.000000,57.698101,20.499701,-14.700500,0.047771,-0.013570,0.015998,-15.666301,-52.738201,18.801300,-93.396698,0.129960,17.611099,-0.195716,-0.480815,-0.676841,0.521918,-1026.907227,1512.480957,-4551.596191,-1022.006897,1431.907227,-4561.754395,-1014.070374,1556.305664,-4578.602539,-1044.249146,1462.941406,-4512.557129,-1027.302490,1598.769897,-4553.471680,-1021.964050,1432.291992,-4560.996094,-1014.346130,1556.063599,-4579.095703,-1044.226318,1462.707275,-4513.191895,-1027.101562,1598.892700,-4553.055664,2616.287109,1567.759766,-3159.777832,,,,,,,,,,,,,,,,,,,,,,,,,,,,,,,,,
3685,36.850000,0.000000,0.000000,0.000000,1.000000,0.000000,0.000000,0.000000,57.698101,20.499701,-14.700500,0.047771,-0.013570,0.015998,-15.666301,-52.738201,18.801300,-93.396698,0.129960,17.611099,-0.198344,-0.477921,-0.676771,0.523672,-1027.876831,1512.372803,-4551.815918,-1023.159119,1431.811523,-4562.158691,-1015.211121,1556.230591,-4578.848633,-1044.954834,1462.784180,-4512.723145,-1028.182495,1598.665405,-4553.533691,-1023.065063,1432.168945,-4561.450195,-1015.560059,1555.912476,-4579.361816,-1044.969604,1462.534790,-4513.355469,-1027.927612,1598.876465,-4553.096680,2616.322021,1567.740479,-3159.767334,,,,,,,,,,,,,,,,,,,,,,,,,,,,,,,,,
3686,36.860000,0.000000,0.000000,0.000000,1.000000,0.000000,0.000000,0.000000,57.698101,20.499701,-14.700500,0.047771,-0.013570,0.015998,-15.666301,-52.738201,18.801300,-93.396698,0.129960,17.611099,-0.201095,-0.474946,-0.676531,0.525635,-1028.708984,1512.264771,-4551.901855,-1024.155762,1431.716919,-4562.421875,-1016.241882,1556.156982,-4578.971191,-1045.486938,1462.624878,-4512.743652,-1028.951294,1598.560303,-4553.470703,-1024.137451,1431.946899,-4561.937012,-1016.423950,1555.799438,-4579.337402,-1045.441040,1462.535889,-4513.245605,-1028.846802,1598.753662,-4553.119141,2616.310547,1567.734009,-3159.765381,,,,,,,,,,,,,,,,,,,,,,,,,,,,,,,,,
3687,36.870000,0.000000,0.000000,0.000000,1.000000,0.000000,0.000000,0.000000,57.698101,20.499701,-14.700500,0.047771,-0.013570,0.015998,-15.666301,-52.738201,18.801300,-93.396698,0.129960,17.611099,-0.201693,-0.473570,-0.676838,0.526252,-1029.576782,1512.098022,-4552.133789,-1025.101440,1431.566406,-4562.808594,-1017.156494,1556.030762,-4579.158691,-1046.278687,1462.399170,-4513.018066,-1029.770630,1598.396362,-4553.548828,-1025.020020,1431.726196,-4562.457520,-1017.405273,1555.644409,-4579.468750,-1046.295044,1462.300049,-4513.388672,-1029.607300,1598.691284,-4553.241699,2616.292725,1567.741211,-3159.769775,,,,,,,,,,,,,,,,,,,,,,,,,,,,,,,,,
3688,36.880000,0.000000,0.000000,0.000000,1.000000,0.000000,0.000000,0.000000,57.698101,20.499701,-14.700500,0.047771,-0.013570,0.015998,-15.666301,-52.738201,18.801300,-93.396698,0.129960,17.611099,-0.202488,-0.471914,-0.677077,0.527127,-1030.468628,1511.877686,-4552.375488,-1026.070679,1431.365112,-4563.225586,-1018.122803,1555.857788,-4579.357422,-1047.055786,1462.109253,-4513.299316,-1030.625122,1598.178711,-4553.618652,-1025.902344,1431.622925,-4562.955566,-1018.463257,1555.415039,-4579.707031,-1047.149658,1462.020752,-4513.542969,-1030.395508,1598.400391,-4553.318848,2616.279297,1567.740356,-3159.768799,,,,,,,,,,,,,,,,,,,,,,,,,,,,,,,,,
3689,36.890000,0.000000,0.000000,0.000000,1.000000,0.000000,0.000000,0.000000,57.698101,20.499701,-14.700500,0.047771,-0.013570,0.015998,-15.666301,-52.738201,18.801300,-93.396698,0.129960,17.611099,-0.202422,-0.471083,-0.677449,0.527417,-1031.211792,1511.679077,-4552.497559,-1026.845947,1431.183472,-4563.485840,-1018.878479,1555.700684,-4579.417480,-1047.777100,1461.850342,-4513.489258,-1031.345581,1597.982178,-4553.597168,-1026.748901,1431.324951,-4563.388672,-1019.024963,1555.322998,-4579.643555,-1047.829834,1461.856812,-4513.594727,-1031.258545,1598.159180,-4553.379395,2616.249756,1567.742188,-3159.782471,,,,,,,,,,,,,,,,,,,,,,,,,,,,,,,,,
3690,36.900000,0.000000,0.000000,0.000000,1.000000,0.000000,0.000000,0.000000,57.698101,20.499701,-14.700500,0.047771,-0.013570,0.015998,-15.666301,-52.738201,18.801300,-93.396698,0.129960,17.611099,-0.199371,-0.475011,-0.676251,0.526593,-1031.751831,1511.497803,-4552.468262,-1026.921997,1430.984863,-4563.130371,-1019.390564,1555.480347,-4579.439453,-1048.421997,1461.731567,-4513.424805,-1032.273071,1597.794922,-4553.878906,-1026.736084,1431.114258,-4562.813477,-1019.807434,1555.022705,-4579.835938,-1048.511963,1461.734497,-4513.766113,-1032.011841,1598.049927,-4553.499512,2616.263916,1567.729492,-3159.779785,,,,,,,,,,,,,,,,,,,,,,,,,,,,,,,,,
3691,36.910000,0.000000,0.000000,0.000000,1.000000,0.000000,0.000000,0.000000,57.698101,20.499701,-14.700500,0.047771,-0.013570,0.015998,-15.666301,-52.738201,18.801300,-93.396698,0.129960,17.611099,-0.197051,-0.476553,-0.676929,0.525200,-1032.322388,1511.254150,-4552.598633,-1027.406982,1430.747070,-4563.265137,-1019.799683,1555.251343,-4579.471191,-1049.229248,1461.466797,-4513.683594,-1032.853760,1597.551880,-4553.973633,-1027.281372,1430.766968,-4563.042969,-1020.081421,1554.983765,-4579.673828,-1049.279297,1461.500854,-4513.955078,-1032.668213,1597.746948,-4553.732422,2616.284668,1567.729126,-3159.757812,,,,,,,,,,,,,,,,,,,,,,,,,,,,,,,,,
3692,36.920000,0.000000,0.000000,0.000000,1.000000,0.000000,0.000000,0.000000,57.698101,20.499701,-14.700500,0.047771,-0.013570,0.015998,-15.666301,-52.738201,18.801300,-93.396698,0.129960,17.611099,-0.195553,-0.476936,-0.677755,0.524347,-1033.108032,1511.038086,-4552.787109,-1028.190063,1430.544800,-4563.557617,-1020.470032,1555.070068,-4579.548828,-1050.175659,1461.199707,-4514.008301,-1033.596313,1597.337891,-4554.034180,-1028.114502,1430.525391,-4563.306641,-1020.686279,1554.955811,-4579.695801,-1050.193970,1461.169556,-4514.288086,-1033.437622,1597.501953,-4553.860840,2616.291016,1567.753906,-3159.765869,,,,,,,,,,,,,,,,,,,,,,,,,,,,,,,,,
3693,36.930000,0.000000,0.000000,0.000000,1.000000,0.000000,0.000000,0.000000,57.698101,20.499701,-14.700500,0.047771,-0.013570,0.015998,-15.666301,-52.738201,18.801300,-93.396698,0.129960,17.611099,-0.195133,-0.476839,-0.677849,0.524470,-1033.916870,1510.906128,-4552.998535,-1028.959839,1430.422729,-4563.824219,-1021.287659,1554.962646,-4579.723633,-1050.977783,1461.032837,-4514.261719,-1034.441895,1597.206421,-4554.184570,-1028.853516,1430.420410,-4563.553223,-1021.535156,1554.821167,-4579.964844,-1051.015991,1461.090820,-4514.569824,-1034.271851,1597.288086,-4553.917480,2616.288574,1567.752075,-3159.770752,,,,,,,,,,,,,,,,,,,,,,,,,,,,,,,,,
3694,36.940000,0.000000,0.000000,0.000000,1.000000,0.000000,0.000000,0.000000,57.698101,20.499701,-14.700500,0.047771,-0.013570,0.015998,-15.666301,-52.738201,18.801300,-93.396698,0.129960,17.611099,-0.195596,-0.476162,-0.677575,0.525265,-1034.627930,1510.762939,-4553.125977,-1029.641846,1430.288086,-4564.000977,-1022.086609,1554.840576,-4579.857910,-1051.570801,1460.859741,-4514.375488,-1035.212524,1597.063599,-4554.269043,-1029.599365,1430.357788,-4563.711426,-1022.216797,1554.699585,-4580.147461,-1051.565063,1460.932129,-4514.691895,-1035.134155,1597.059204,-4553.966309,2616.299805,1567.762329,-3159.772217,,,,,,,,,,,,,,,,,,,,,,,,,,,,,,,,,
3695,36.950000,0.000000,0.000000,0.000000,1.000000,0.000000,0.000000,0.000000,57.698101,20.499701,-14.700500,0.047771,-0.013570,0.015998,-15.666301,-52.738201,18.801300,-93.396698,0.129960,17.611099,-0.195095,-0.476004,-0.678264,0.524706,-1035.365479,1510.639526,-4553.397461,-1030.450928,1430.172241,-4564.361328,-1022.742004,1554.735229,-4580.061035,-1052.412354,1460.708984,-4514.728516,-1035.856567,1596.942017,-4554.439941,-1030.402100,1430.168945,-4564.124512,-1022.861023,1554.651611,-4580.318359,-1052.416504,1460.817993,-4514.997070,-1035.784912,1596.920044,-4554.160645,2616.315186,1567.726074,-3159.772949,,,,,,,,,,,,,,,,,,,,,,,,,,,,,,,,,
3696,36.960000,0.000000,0.000000,0.000000,1.000000,0.000000,0.000000,0.000000,57.698101,20.499701,-14.700500,0.047771,-0.013570,0.015998,-15.666301,-52.738201,18.801300,-93.396698,0.129960,17.611099,-0.193990,-0.476472,-0.678579,0.524283,-1036.062378,1510.548462,-4553.607910,-1031.093750,1430.090088,-4564.612305,-1023.386475,1554.665771,-4580.210449,-1053.190063,1460.586792,-4515.014648,-1036.579224,1596.851440,-4554.594727,-1031.054810,1430.105469,-4564.347656,-1023.481995,1554.599609,-4580.530273,-1053.196289,1460.648315,-4515.271973,-1036.518799,1596.836914,-4554.286621,2616.315674,1567.729736,-3159.760986,,,,,,,,,,,,,,,,,,,,,,,,,,,,,,,,,
3697,36.970000,0.000000,0.000000,0.000000,1.000000,0.000000,0.000000,0.000000,57.698101,20.499701,-14.700500,0.047771,-0.013570,0.015998,-15.666301,-52.738201,18.801300,-93.396698,0.129960,17.611099,-0.191944,-0.478464,-0.678882,0.522829,-1036.536011,1510.535156,-4553.655762,-1031.462769,1430.069702,-4564.561035,-1023.709900,1554.635864,-4580.213379,-1053.887695,1460.598145,-4515.130371,-1037.083740,1596.837036,-4554.717773,-1031.497070,1430.196289,-4564.279785,-1023.743286,1554.639771,-4580.413086,-1053.834717,1460.646240,-4515.408203,-1037.067261,1596.661987,-4554.506836,2616.294922,1567.768921,-3159.787109,,,,,,,,,,,,,,,,,,,,,,,,,,,,,,,,,
3698,36.980000,0.000000,0.000000,0.000000,1.000000,0.000000,0.000000,0.000000,57.698101,20.499701,-14.700500,0.047771,-0.013570,0.015998,-15.666301,-52.738201,18.801300,-93.396698,0.129960,17.611099,-0.193837,-0.477801,-0.678611,0.523087,-1037.367920,1510.386719,-4554.103516,-1032.449219,1429.900635,-4564.927246,-1024.574829,1554.436035,-4580.762207,-1054.651733,1460.522339,-4515.453613,-1037.796143,1596.687866,-4555.270020,-1032.649414,1429.936646,-4564.799316,-1024.391113,1554.556030,-4580.697266,-1054.458740,1460.625366,-4515.641113,-1037.979736,1596.414062,-4555.284668,2616.287109,1567.755127,-3159.788818,,,,,,,,,,,,,,,,,,,,,,,,,,,,,,,,,
3699,36.990000,0.000000,0.000000,0.000000,1.000000,0.000000,0.000000,0.000000,57.698101,20.499701,-14.700500,0.047771,-0.013570,0.015998,-15.666301,-52.738201,18.801300,-93.396698,0.129960,17.611099,-0.194695,-0.477960,-0.678116,0.523267,-1037.951782,1510.430176,-4554.250488,-1033.047485,1429.927856,-4564.958984,-1025.195190,1554.439209,-4580.993652,-1055.182739,1460.624512,-4515.501953,-1038.381958,1596.729492,-4555.548340,-1033.299561,1429.999634,-4564.921875,-1024.884521,1554.561768,-4580.841797,-1054.946533,1460.808594,-4515.622070,-1038.702148,1596.291504,-4555.625488,2616.287598,1567.768677,-3159.790771,,,,,,,,,,,,,,,,,,,,,,,,,,,,,,,,,
3700,37.000000,0.000000,0.000000,0.000000,1.000000,0.000000,0.000000,0.000000,57.698101,20.499701,-14.700500,0.047771,-0.013570,0.015998,-15.666301,-52.738201,18.801300,-93.396698,0.129960,17.611099,-0.194967,-0.477758,-0.677966,0.523543,-1038.627563,1510.592651,-4554.458008,-1033.717163,1430.090820,-4565.166992,-1025.903687,1554.602905,-4581.214844,-1055.813721,1460.785400,-4515.691895,-1039.075562,1596.891846,-4555.758789,-1034.023071,1430.017334,-4565.134277,-1025.531616,1554.731201,-4580.973633,-1055.527100,1460.944580,-4515.832520,-1039.409180,1596.680786,-4555.881348,2616.279053,1567.776245,-3159.801025,,,,,,,,,,,,,,,,,,,,,,,,,,,,,,,,,
3701,37.010000,0.000000,0.000000,0.000000,1.000000,0.000000,0.000000,0.000000,57.698101,20.499701,-14.700500,0.047771,-0.013570,0.015998,-15.666301,-52.738201,18.801300,-93.396698,0.129960,17.611099,-0.195474,-0.477979,-0.677702,0.523494,-1039.193115,1510.809937,-4554.577637,-1034.303467,1430.295288,-4565.200195,-1026.474731,1554.788208,-4581.389648,-1056.368774,1461.048584,-4515.747559,-1039.625610,1597.107666,-4555.973633,-1034.536987,1430.153198,-4565.227051,-1026.163330,1554.949341,-4581.181641,-1056.145386,1461.274902,-4515.823242,-1039.913940,1596.866577,-4556.070801,2616.285156,1567.706299,-3159.781250,,,,,,,,,,,,,,,,,,,,,,,,,,,,,,,,,
3702,37.020000,0.000000,0.000000,0.000000,1.000000,0.000000,0.000000,0.000000,57.698101,20.499701,-14.700500,0.047771,-0.013570,0.015998,-15.666301,-52.738201,18.801300,-93.396698,0.129960,17.611099,-0.193879,-0.478823,-0.678104,0.522795,-1039.848877,1511.058228,-4554.729980,-1034.879028,1430.552856,-4565.384766,-1027.048218,1555.059692,-4581.464355,-1057.150635,1461.263916,-4515.998535,-1040.317871,1597.356689,-4556.072754,-1035.008301,1430.422607,-4565.377441,-1026.900146,1555.233887,-4581.346191,-1057.006836,1461.504883,-4516.092285,-1040.476685,1597.070923,-4556.106934,2616.290039,1567.747192,-3159.774902,,,,,,,,,,,,,,,,,,,,,,,,,,,,,,,,,
3703,37.030000,0.000000,0.000000,0.000000,1.000000,0.000000,0.000000,0.000000,57.698101,20.499701,-14.700500,0.047771,-0.013570,0.015998,-15.666301,-52.738201,18.801300,-93.396698,0.129960,17.611099,-0.192967,-0.479042,-0.678252,0.522740,-1040.569458,1511.451904,-4554.804688,-1035.523926,1430.958496,-4565.514648,-1027.758667,1555.483521,-4581.484863,-1057.895630,1461.614868,-4516.139160,-1041.099487,1597.750977,-4556.081055,-1035.606445,1430.835693,-4565.448242,-1027.712402,1555.554810,-4581.419434,-1057.779907,1461.809814,-4516.302246,-1041.170532,1597.621948,-4556.066895,2616.285645,1567.716187,-3159.787354,,,,,,,,,,,,,,,,,,,,,,,,,,,,,,,,,
3704,37.040000,0.000000,0.000000,0.000000,1.000000,0.000000,0.000000,0.000000,57.698101,20.499701,-14.700500,0.047771,-0.013570,0.015998,-15.666301,-52.738201,18.801300,-93.396698,0.129960,17.611099,-0.193494,-0.478109,-0.678966,0.522472,-1041.408569,1511.965210,-4554.900879,-1036.534546,1431.475830,-4565.720215,-1028.541626,1556.005981,-4581.538086,-1058.788574,1462.112305,-4516.279297,-1041.769531,1598.266724,-4556.064453,-1036.526611,1431.162354,-4565.750000,-1028.573853,1556.130005,-4581.457031,-1058.729980,1462.580444,-4516.402344,-1041.791626,1598.035400,-4556.020020,2616.320557,1567.722778,-3159.770264,,,,,,,,,,,,,,,,,,,,,,,,,,,,,,,,,
3705,37.050000,0.000000,0.000000,0.000000,1.000000,0.000000,0.000000,0.000000,57.698101,20.499701,-14.700500,0.047771,-0.013570,0.015998,-15.666301,-52.738201,18.801300,-93.396698,0.129960,17.611099,-0.192013,-0.477617,-0.680435,0.521557,-1042.288452,1512.425659,-4555.069824,-1037.507202,1431.964600,-4566.138184,-1029.275146,1556.533081,-4581.525391,-1059.859009,1462.474121,-4516.663086,-1042.512451,1598.731079,-4555.953125,-1037.534058,1431.980469,-4565.982910,-1029.379883,1556.529541,-4581.443848,-1059.786499,1462.489258,-4516.896973,-1042.451172,1598.706909,-4555.970703,2616.301025,1567.758789,-3159.772461,,,,,,,,,,,,,,,,,,,,,,,,,,,,,,,,,
3706,37.060000,0.000000,0.000000,0.000000,1.000000,0.000000,0.000000,0.000000,57.698101,20.499701,-14.700500,0.047771,-0.013570,0.015998,-15.666301,-52.738201,18.801300,-93.396698,0.129960,17.611099,-0.193704,-0.476134,-0.679926,0.522950,-1043.458862,1512.704346,-4555.515137,-1038.717773,1432.247925,-4566.633301,-1030.598511,1556.822876,-4582.026855,-1060.810791,1462.737061,-4517.029785,-1043.708374,1599.010010,-4556.370605,-1038.447144,1432.450806,-4566.179688,-1031.129272,1556.318970,-4582.834961,-1060.968994,1462.734375,-4517.411621,-1043.354126,1599.225952,-4555.705078,2616.276123,1567.731812,-3159.790039,,,,,,,,,,,,,,,,,,,,,,,,,,,,,,,,,
3707,37.070000,0.000000,0.000000,0.000000,1.000000,0.000000,0.000000,0.000000,57.698101,20.499701,-14.700500,0.047771,-0.013570,0.015998,-15.666301,-52.738201,18.801300,-93.396698,0.129960,17.611099,-0.194460,-0.474693,-0.679854,0.524071,-1044.490479,1513.280029,-4555.746582,-1039.764038,1432.842285,-4567.005371,-1031.740601,1557.443359,-4582.237305,-1061.686646,1463.248169,-4517.274902,-1044.770630,1599.586670,-4556.468750,-1039.494385,1433.014526,-4566.447754,-1032.322510,1556.846069,-4583.115234,-1061.832275,1463.195068,-4517.760254,-1044.380005,1599.986816,-4555.720703,2616.303955,1567.714722,-3159.784912,,,,,,,,,,,,,,,,,,,,,,,,,,,,,,,,,
3708,37.080000,0.000000,0.000000,0.000000,1.000000,0.000000,0.000000,0.000000,57.698101,20.499701,-14.700500,0.047771,-0.013570,0.015998,-15.666301,-52.738201,18.801300,-93.396698,0.129960,17.611099,-0.195906,-0.472405,-0.679805,0.525661,-1045.635864,1513.649536,-4556.154297,-1040.980347,1433.236084,-4567.615234,-1033.039795,1557.869629,-4582.623535,-1062.607910,1463.535034,-4517.690430,-1045.915405,1599.957764,-4556.687988,-1040.616211,1433.086304,-4567.176270,-1033.713867,1557.392334,-4583.500977,-1062.821289,1463.622314,-4518.090820,-1045.431641,1600.485229,-4555.847656,2616.291748,1567.741943,-3159.773438,,,,,,,,,,,,,,,,,,,,,,,,,,,,,,,,,
3709,37.090000,0.000000,0.000000,0.000000,1.000000,0.000000,0.000000,0.000000,57.698101,20.499701,-14.700500,0.047771,-0.013570,0.015998,-15.666301,-52.738201,18.801300,-93.396698,0.129960,17.611099,-0.192783,-0.475095,-0.680161,0.523928,-1046.504028,1514.272827,-4556.374023,-1041.645020,1433.857300,-4567.735352,-1033.730347,1558.490112,-4582.762695,-1063.752075,1464.164062,-4518.025879,-1046.888428,1600.580078,-4556.972656,-1041.267334,1433.711304,-4567.332031,-1034.388184,1558.155029,-4583.563965,-1063.986450,1464.245483,-4518.376465,-1046.403320,1600.970337,-4556.229492,2616.295410,1567.758789,-3159.784668,,,,,,,,,,,,,,,,,,,,,,,,,,,,,,,,,
3710,37.100000,0.000000,0.000000,0.000000,1.000000,0.000000,0.000000,0.000000,57.698101,20.499701,-14.700500,0.047771,-0.013570,0.015998,-15.666301,-52.738201,18.801300,-93.396698,0.129960,17.611099,-0.191078,-0.476421,-0.680456,0.522965,-1047.409912,1514.932373,-4556.514648,-1042.456055,1434.518066,-4567.843750,-1034.534058,1559.153442,-4582.847656,-1064.813843,1464.818970,-4518.242676,-1047.835693,1601.239380,-4557.124512,-1042.119629,1434.339844,-4567.440918,-1035.158569,1559.233643,-4583.358887,-1065.023071,1464.824707,-4518.554688,-1047.355713,1601.341309,-4556.699219,2616.286133,1567.742798,-3159.779053,,,,,,,,,,,,,,,,,,,,,,,,,,,,,,,,,
3711,37.110000,0.000000,0.000000,0.000000,1.000000,0.000000,0.000000,0.000000,57.698101,20.499701,-14.700500,0.047771,-0.013570,0.015998,-15.666301,-52.738201,18.801300,-93.396698,0.129960,17.611099,-0.186455,-0.479097,-0.679977,0.522811,-1048.816772,1515.659912,-4556.766113,-1043.300537,1435.283325,-4568.102539,-1035.956421,1559.972412,-4582.952637,-1066.279419,1465.420898,-4518.686523,-1049.730957,1601.963501,-4557.322754,-1043.344971,1434.891846,-4568.009277,-1035.971313,1560.242676,-4582.918457,-1066.229004,1465.504272,-4518.794434,,,,2616.267578,1567.751587,-3159.775635,,,,,,,,,,,,,,,,,,,,,,,,,,,,,,,,,
3712,37.120000,0.000000,0.000000,0.000000,1.000000,0.000000,0.000000,0.000000,57.698101,20.499701,-14.700500,0.047771,-0.013570,0.015998,-15.666301,-52.738201,18.801300,-93.396698,0.129960,17.611099,-0.189468,-0.478199,-0.677712,0.525485,-1050.292603,1516.390625,-4557.288086,-1044.647461,1435.994751,-4568.422363,-1037.777710,1560.656738,-4583.719238,-1067.292603,1466.222290,-4518.907227,-1051.452759,1602.689087,-4558.104004,-1044.396729,1435.701904,-4568.308105,-1038.038086,1560.439087,-4584.244629,-1067.456055,1466.531738,-4519.050781,-1051.286987,1602.885986,-4557.534180,2616.286865,1567.761597,-3159.773926,,,,,,,,,,,,,,,,,,,,,,,,,,,,,,,,,
3713,37.130000,0.000000,0.000000,0.000000,1.000000,0.000000,0.000000,0.000000,57.698101,20.499701,-14.700500,0.047771,-0.013570,0.015998,-15.666301,-52.738201,18.801300,-93.396698,0.129960,17.611099,-0.186711,-0.478736,-0.677811,0.525854,-1051.461182,1517.182495,-4557.429688,-1045.511230,1436.832153,-4568.733887,-1038.984619,1561.552368,-4583.704590,-1068.451294,1466.866943,-4519.237305,-1052.897949,1603.478394,-4558.043457,-1045.588013,1436.883423,-4568.586426,-1038.753296,1561.286743,-4584.116699,-1068.386108,1466.944214,-4519.374512,-1053.103516,1603.571777,-4557.663086,2616.288818,1567.754517,-3159.772705,,,,,,,,,,,,,,,,,,,,,,,,,,,,,,,,,
3714,37.140000,0.000000,0.000000,0.000000,1.000000,0.000000,0.000000,0.000000,57.698101,20.499701,-14.700500,0.047771,-0.013570,0.015998,-15.666301,-52.738201,18.801300,-93.396698,0.129960,17.611099,-0.183762,-0.480151,-0.678215,0.525082,-1052.646729,1517.863037,-4557.868652,-1046.473389,1437.538696,-4569.236816,-1040.086548,1562.290161,-4584.006348,-1069.785156,1467.466553,-4519.849121,-1054.242065,1604.156982,-4558.380859,-1046.484253,1437.878418,-4568.933594,-1040.066772,1562.041016,-4584.436035,-1069.776978,1467.438110,-4520.050293,-1054.259521,1604.106689,-4558.032227,2616.272217,1567.754028,-3159.771240,,,,,,,,,,,,,,,,,,,,,,,,,,,,,,,,,
3715,37.150000,0.000000,0.000000,0.000000,1.000000,0.000000,0.000000,0.000000,57.698101,20.499701,-14.700500,0.047771,-0.013570,0.015998,-15.666301,-52.738201,18.801300,-93.396698,0.129960,17.611099,-0.183216,-0.480219,-0.677857,0.525673,-1053.967651,1518.456299,-4558.252441,-1047.654175,1438.146851,-4569.648438,-1041.481201,1562.914429,-4584.373047,-1071.023071,1468.016846,-4520.253418,-1055.712036,1604.747559,-4558.734863,-1047.575928,1438.173340,-4569.366211,-1041.577515,1562.720947,-4584.938477,-1071.069336,1468.084106,-4520.492188,-1055.655273,1604.820923,-4558.236328,2616.273926,1567.735107,-3159.775391,,,,,,,,,,,,,,,,,,,,,,,,,,,,,,,,,
3716,37.160000,0.000000,0.000000,0.000000,1.000000,0.000000,0.000000,0.000000,57.698101,20.499701,-14.700500,0.047771,-0.013570,0.015998,-15.666301,-52.738201,18.801300,-93.396698,0.129960,17.611099,-0.182110,-0.480594,-0.677307,0.526422,-1055.250122,1519.147461,-4558.506836,-1048.701538,1438.860596,-4569.929199,-1042.862671,1563.650757,-4584.597656,-1072.201660,1468.645386,-4520.544434,-1057.234985,1605.433716,-4558.956543,-1048.547729,1438.770264,-4569.617188,-1043.109985,1563.555176,-4585.132324,-1072.289917,1468.806030,-4520.846680,-1057.066406,1605.446411,-4558.443359,2616.286865,1567.770142,-3159.771973,,,,,,,,,,,,,,,,,,,,,,,,,,,,,,,,,
3717,37.170000,0.000000,0.000000,0.000000,1.000000,0.000000,0.000000,0.000000,57.698101,20.499701,-14.700500,0.047771,-0.013570,0.015998,-15.666301,-52.738201,18.801300,-93.396698,0.129960,17.611099,-0.181619,-0.480649,-0.677640,0.526113,-1056.496216,1519.762817,-4558.769043,-1049.956787,1439.481567,-4570.236328,-1044.066528,1564.279541,-4584.816895,-1073.505005,1469.240845,-4520.858887,-1058.456665,1606.049927,-4559.165039,-1049.819580,1439.497192,-4569.973145,-1044.294556,1564.209839,-4585.249512,-1073.598389,1469.250977,-4521.064453,-1058.280884,1606.087646,-4558.802734,2616.286377,1567.726807,-3159.759033,,,,,,,,,,,,,,,,,,,,,,,,,,,,,,,,,
3718,37.180000,0.000000,0.000000,0.000000,1.000000,0.000000,0.000000,0.000000,57.698101,20.499701,-14.700500,0.047771,-0.013570,0.015998,-15.666301,-52.738201,18.801300,-93.396698,0.129960,17.611099,-0.183147,-0.479513,-0.676697,0.527831,-1057.765259,1520.397461,-4559.177246,-1051.170410,1440.121582,-4570.650391,-1045.536865,1564.922729,-4585.305176,-1074.501709,1469.864380,-4521.160645,-1059.852051,1606.681396,-4559.592773,-1050.944946,1440.097290,-4570.440430,-1045.863403,1564.613647,-4585.889160,-1074.651489,1470.025391,-4521.367676,-1059.634155,1606.804443,-4559.047363,2616.305664,1567.771606,-3159.770996,,,,,,,,,,,,,,,,,,,,,,,,,,,,,,,,,
3719,37.190000,0.000000,0.000000,0.000000,1.000000,0.000000,0.000000,0.000000,57.698101,20.499701,-14.700500,0.047771,-0.013570,0.015998,-15.666301,-52.738201,18.801300,-93.396698,0.129960,17.611099,-0.184973,-0.478353,-0.676043,0.529083,-1059.021240,1521.115356,-4559.450684,-1052.468628,1440.834717,-4570.915039,-1046.936646,1565.629395,-4585.664551,-1075.551514,1470.598877,-4521.321777,-1061.128296,1607.398682,-4559.900879,-1052.242798,1440.795532,-4570.756836,-1047.271240,1565.252441,-4586.158203,-1075.696533,1470.830933,-4521.526855,-1060.922852,1607.525391,-4559.399414,2616.281494,1567.737305,-3159.772217,,,,,,,,,,,,,,,,,,,,,,,,,,,,,,,,,
3720,37.200000,0.000000,0.000000,0.000000,1.000000,0.000000,0.000000,0.000000,57.698101,20.499701,-14.700500,0.047771,-0.013570,0.015998,-15.666301,-52.738201,18.801300,-93.396698,0.129960,17.611099,-0.182227,-0.478760,-0.676478,0.529113,-1060.412109,1521.617798,-4559.787109,-1053.620850,1441.385132,-4571.446777,-1048.320801,1566.233032,-4585.825684,-1076.985718,1470.956421,-4521.870117,-1062.721069,1607.896851,-4560.006836,-1053.482300,1441.559814,-4571.059570,-1048.572144,1565.926025,-4586.440430,-1077.069580,1470.916504,-4522.176758,-1062.539795,1608.039429,-4559.496582,2616.274414,1567.756226,-3159.778320,,,,,,,,,,,,,,,,,,,,,,,,,,,,,,,,,
3721,37.210000,0.000000,0.000000,0.000000,1.000000,0.000000,0.000000,0.000000,57.698101,20.499701,-14.700500,0.047771,-0.013570,0.015998,-15.666301,-52.738201,18.801300,-93.396698,0.129960,17.611099,-0.180380,-0.479303,-0.676622,0.529069,-1061.712769,1522.086792,-4560.200195,-1054.743652,1441.881836,-4571.945801,-1049.617432,1566.758057,-4586.140137,-1078.317261,1471.345581,-4522.403809,-1064.172607,1608.361694,-4560.311523,-1054.550415,1442.080688,-4571.447754,-1050.034668,1566.446167,-4586.760254,-1078.428345,1471.237793,-4522.816406,-1063.865479,1608.562500,-4559.798340,2616.287354,1567.768066,-3159.787842,,,,,,,,,,,,,,,,,,,,,,,,,,,,,,,,,
3722,37.220000,0.000000,0.000000,0.000000,1.000000,0.000000,0.000000,0.000000,57.698101,20.499701,-14.700500,0.047771,-0.013570,0.015998,-15.666301,-52.738201,18.801300,-93.396698,0.129960,17.611099,-0.180864,-0.477403,-0.677365,0.529671,-1063.203735,1522.335571,-4560.879395,-1056.359741,1442.158447,-4572.884766,-1051.135254,1567.070679,-4586.721191,-1079.752930,1471.500000,-4523.184570,-1065.566895,1608.613281,-4560.725586,-1056.025391,1442.017090,-4572.592773,-1051.678833,1566.778320,-4587.354980,-1079.960693,1471.615112,-4523.454102,-1065.176270,1608.914307,-4560.123047,2616.277100,1567.791626,-3159.792236,,,,,,,,,,,,,,,,,,,,,,,,,,,,,,,,,
3723,37.230000,0.000000,0.000000,0.000000,1.000000,0.000000,0.000000,0.000000,57.698101,20.499701,-14.700500,0.047771,-0.013570,0.015998,-15.666301,-52.738201,18.801300,-93.396698,0.129960,17.611099,-0.181094,-0.476881,-0.676945,0.530598,-1064.328369,1522.620972,-4561.228027,-1057.403687,1442.457397,-4573.278320,-1052.366943,1567.381836,-4587.075195,-1080.740112,1471.749023,-4523.522461,-1066.802612,1608.895386,-4561.035156,-1057.180786,1442.290649,-4573.033691,-1052.695557,1567.052734,-4587.625000,-1080.865234,1472.009644,-4523.824219,-1066.596191,1609.118164,-4560.424316,2616.262695,1567.772461,-3159.805176,,,,,,,,,,,,,,,,,,,,,,,,,,,,,,,,,
3724,37.240000,0.000000,0.000000,0.000000,1.000000,0.000000,0.000000,0.000000,57.698101,20.499701,-14.700500,0.047771,-0.013570,0.015998,-15.666301,-52.738201,18.801300,-93.396698,0.129960,17.611099,-0.177501,-0.478011,-0.678623,0.528648,-1065.593628,1522.905151,-4561.727051,-1058.612183,1442.776245,-4573.972656,-1053.386597,1567.740845,-4587.329102,-1082.355591,1471.923706,-4524.324707,-1068.020142,1609.179932,-4561.281250,-1058.466675,1442.608521,-4573.664551,-1053.622681,1567.675293,-4587.791504,-1082.430420,1472.069458,-4524.627930,-1067.857544,1609.265625,-4560.812988,2616.243652,1567.755371,-3159.804199,,,,,,,,,,,,,,,,,,,,,,,,,,,,,,,,,
3725,37.250000,0.000000,0.000000,0.000000,1.000000,0.000000,0.000000,0.000000,57.698101,20.499701,-14.700500,0.047771,-0.013570,0.015998,-15.666301,-52.738201,18.801300,-93.396698,0.129960,17.611099,-0.178565,-0.479896,-0.676145,0.529757,-1067.110229,1522.876343,-4562.689941,-1059.842773,1442.706299,-4574.492188,-1055.108032,1567.612061,-4588.562012,-1083.627686,1472.044678,-4524.976074,-1069.862305,1609.142700,-4562.728516,-1059.895142,1442.767822,-4574.382324,-1055.135254,1567.523560,-4588.501465,-1083.542847,1472.075562,-4525.157227,,,,2616.266846,1567.747437,-3159.800049,,,,,,,,,,,,,,,,,,,,,,,,,,,,,,,,,
3726,37.260000,0.000000,0.000000,0.000000,1.000000,0.000000,0.000000,0.000000,57.698101,20.499701,-14.700500,0.047771,-0.013570,0.015998,-15.666301,-52.738201,18.801300,-93.396698,0.129960,17.611099,-0.175324,-0.481612,-0.675216,0.530466,-1068.617920,1522.958496,-4563.346680,-1060.835083,1442.836792,-4575.147949,-1056.735474,1567.774170,-4589.135742,-1085.042480,1472.015625,-4525.743652,-1071.858765,1609.207886,-4563.360352,-1061.132690,1443.106689,-4575.048828,-1056.362793,1567.638428,-4589.144043,-1084.829590,1472.055298,-4525.860840,-1072.171143,1609.040527,-4563.320312,2616.289307,1567.733887,-3159.789551,,,,,,,,,,,,,,,,,,,,,,,,,,,,,,,,,
3727,37.270000,0.000000,0.000000,0.000000,1.000000,0.000000,0.000000,0.000000,57.698101,20.499701,-14.700500,0.047771,-0.013570,0.015998,-15.666301,-52.738201,18.801300,-93.396698,0.129960,17.611099,-0.173577,-0.483201,-0.674303,0.530757,-1069.967896,1522.972778,-4564.126465,-1061.856079,1442.867188,-4575.814941,-1058.158081,1567.803589,-4589.922363,-1086.338379,1472.011108,-4526.524902,-1073.519165,1609.209717,-4564.243652,-1062.061157,1443.141479,-4575.647461,-1057.913940,1567.663940,-4590.056152,-1086.200684,1471.978882,-4526.657715,-1073.712402,1609.130493,-4564.127441,2616.308105,1567.742920,-3159.781982,,,,,,,,,,,,,,,,,,,,,,,,,,,,,,,,,
3728,37.280000,0.000000,0.000000,0.000000,1.000000,0.000000,0.000000,0.000000,57.698101,20.499701,-14.700500,0.047771,-0.013570,0.015998,-15.666301,-52.738201,18.801300,-93.396698,0.129960,17.611099,-0.170251,-0.486033,-0.674424,0.529093,-1071.004150,1522.931274,-4564.812012,-1062.639893,1442.831787,-4576.365234,-1059.040649,1567.764404,-4590.533203,-1087.624878,1471.967407,-4527.323242,-1074.711182,1609.161499,-4565.027344,-1062.827393,1442.938354,-4576.191895,-1058.876587,1567.784180,-4590.573730,-1087.468262,1471.952148,-4527.498047,-1074.851318,1609.056396,-4564.980469,2616.298828,1567.754028,-3159.793701,,,,,,,,,,,,,,,,,,,,,,,,,,,,,,,,,
3729,37.290000,0.000000,0.000000,0.000000,1.000000,0.000000,0.000000,0.000000,57.698101,20.499701,-14.700500,0.047771,-0.013570,0.015998,-15.666301,-52.738201,18.801300,-93.396698,0.129960,17.611099,-0.168488,-0.487923,-0.674405,0.527940,-1071.945557,1522.904053,-4565.378906,-1063.452515,1442.798950,-4576.797363,-1059.877686,1567.718872,-4591.083008,-1088.730347,1471.967651,-4527.925293,-1075.721802,1609.130859,-4565.708496,-1063.686890,1442.934082,-4576.598145,-1059.692871,1567.770508,-4591.089844,-1088.539917,1471.896118,-4528.116699,-1075.871582,1609.024414,-4565.704102,2616.286865,1567.738403,-3159.787842,,,,,,,,,,,,,,,,,,,,,,,,,,,,,,,,,
3730,37.300000,0.000000,0.000000,0.000000,1.000000,0.000000,0.000000,0.000000,57.698101,20.499701,-14.700500,0.047771,-0.013570,0.015998,-15.666301,-52.738201,18.801300,-93.396698,0.129960,17.611099,-0.166214,-0.489968,-0.674836,0.526213,-1073.100586,1522.799194,-4566.078125,-1064.517212,1442.689453,-4577.395020,-1060.857056,1567.602295,-4591.719727,-1090.142822,1471.880249,-4528.717773,-1076.885132,1609.025513,-4566.479492,-1064.546265,1442.997925,-4576.913574,-1061.026245,1567.576050,-4591.925293,-1090.095947,1471.651001,-4529.108398,-1076.738770,1609.003174,-4566.329590,2616.316650,1567.746460,-3159.781250,,,,,,,,,,,,,,,,,,,,,,,,,,,,,,,,,
3731,37.310000,0.000000,0.000000,0.000000,1.000000,0.000000,0.000000,0.000000,57.698101,20.499701,-14.700500,0.047771,-0.013570,0.015998,-15.666301,-52.738201,18.801300,-93.396698,0.129960,17.611099,-0.164761,-0.491677,-0.675099,0.524738,-1074.102417,1522.704346,-4566.700195,-1065.481689,1442.580688,-4577.890625,-1061.710938,1567.478149,-4592.321777,-1091.356445,1471.827637,-4529.379395,-1077.860718,1608.931152,-4567.208496,-1065.389038,1442.814331,-4577.261230,-1062.142822,1567.455078,-4592.617188,-1091.357056,1471.697510,-4529.975098,-1077.528076,1608.866821,-4566.938477,2616.282471,1567.721802,-3159.792480,,,,,,,,,,,,,,,,,,,,,,,,,,,,,,,,,
3732,37.320000,0.000000,0.000000,0.000000,1.000000,0.000000,0.000000,0.000000,57.698101,20.499701,-14.700500,0.047771,-0.013570,0.015998,-15.666301,-52.738201,18.801300,-93.396698,0.129960,17.611099,-0.162894,-0.493189,-0.675552,0.523317,-1074.970215,1522.626465,-4567.237793,-1066.291260,1442.501221,-4578.371094,-1062.431396,1567.396851,-4592.793945,-1092.438110,1471.754761,-4530.009766,-1078.720459,1608.853516,-4567.776855,-1066.195435,1442.814819,-4577.743652,-1062.855347,1567.371582,-4593.101562,-1092.450928,1471.603149,-4530.561035,-1078.383423,1608.749023,-4567.511230,2616.281982,1567.746948,-3159.781982,,,,,,,,,,,,,,,,,,,,,,,,,,,,,,,,,
3733,37.330000,0.000000,0.000000,0.000000,1.000000,0.000000,0.000000,0.000000,57.698101,20.499701,-14.700500,0.047771,-0.013570,0.015998,-15.666301,-52.738201,18.801300,-93.396698,0.129960,17.611099,-0.163462,-0.492932,-0.675420,0.523551,-1075.719482,1522.559204,-4567.824707,-1067.070068,1442.428833,-4578.945312,-1063.205566,1567.319336,-4593.410645,-1093.148071,1471.702026,-4530.558594,-1079.454102,1608.786743,-4568.384766,-1066.996338,1442.809570,-4578.259277,-1063.611450,1567.286621,-4593.727051,-1093.145264,1471.510986,-4531.134277,-1079.128662,1608.680420,-4568.119629,2616.277100,1567.732544,-3159.793701,,,,,,,,,,,,,,,,,,,,,,,,,,,,,,,,,
3734,37.340000,0.000000,0.000000,0.000000,1.000000,0.000000,0.000000,0.000000,57.698101,20.499701,-14.700500,0.047771,-0.013570,0.015998,-15.666301,-52.738201,18.801300,-93.396698,0.129960,17.611099,-0.165148,-0.492109,-0.674948,0.524405,-1076.390137,1522.527710,-4568.415039,-1067.809448,1442.385620,-4579.503906,-1063.969604,1567.262939,-4594.089844,-1093.678833,1471.706787,-4531.034668,-1080.102783,1608.755859,-4569.031738,-1067.748657,1442.732056,-4578.847168,-1064.327759,1567.187866,-4594.422852,-1093.660522,1471.601807,-4531.621094,-1079.823730,1608.634399,-4568.726074,2616.269531,1567.739990,-3159.786377,,,,,,,,,,,,,,,,,,,,,,,,,,,,,,,,,
3735,37.350000,0.000000,0.000000,0.000000,1.000000,0.000000,0.000000,0.000000,57.698101,20.499701,-14.700500,0.047771,-0.013570,0.015998,-15.666301,-52.738201,18.801300,-93.396698,0.129960,17.611099,-0.167334,-0.490791,-0.674403,0.525647,-1077.012451,1522.483643,-4568.983887,-1068.522461,1442.331543,-4580.070312,-1064.724365,1567.198120,-4594.758301,-1094.103516,1471.692383,-4531.472168,-1080.699463,1608.712524,-4569.634766,-1068.450928,1442.747192,-4579.504395,-1065.025635,1567.117188,-4595.101562,-1094.117920,1471.598389,-4531.911133,-1080.450806,1608.537231,-4569.336914,2616.289062,1567.727417,-3159.769531,,,,,,,,,,,,,,,,,,,,,,,,,,,,,,,,,
3736,37.360000,0.000000,0.000000,0.000000,1.000000,0.000000,0.000000,0.000000,57.698101,20.499701,-14.700500,0.047771,-0.013570,0.015998,-15.666301,-52.738201,18.801300,-93.396698,0.129960,17.611099,-0.171543,-0.488437,-0.673148,0.528085,-1077.652222,1522.457520,-4569.626465,-1069.308594,1442.284302,-4580.671387,-1065.633911,1567.125122,-4595.608398,-1094.346436,1471.734253,-4531.844727,-1081.320068,1608.686401,-4570.380371,-1069.133423,1442.737549,-4580.168457,-1065.969849,1566.970215,-4596.147949,-1094.446655,1471.683105,-4532.162598,-1081.036865,1608.488892,-4569.940918,2616.288818,1567.721924,-3159.758301,,,,,,,,,,,,,,,,,,,,,,,,,,,,,,,,,
3737,37.370000,0.000000,0.000000,0.000000,1.000000,0.000000,0.000000,0.000000,57.698101,20.499701,-14.700500,0.047771,-0.013570,0.015998,-15.666301,-52.738201,18.801300,-93.396698,0.129960,17.611099,-0.173902,-0.486881,-0.672430,0.529663,-1078.125610,1522.478516,-4570.156250,-1069.851440,1442.299561,-4581.211426,-1066.281372,1567.132080,-4596.242188,-1094.567261,1471.775635,-4532.236816,-1081.802490,1608.706665,-4570.933594,-1069.727783,1442.790283,-4580.917480,-1066.417114,1567.006348,-4596.789062,-1094.677490,1471.690308,-4532.342773,-1081.652832,1608.477539,-4570.556641,2616.299561,1567.731567,-3159.762695,,,,,,,,,,,,,,,,,,,,,,,,,,,,,,,,,
3738,37.380000,0.000000,0.000000,0.000000,1.000000,0.000000,0.000000,0.000000,57.698101,20.499701,-14.700500,0.047771,-0.013570,0.015998,-15.666301,-52.738201,18.801300,-93.396698,0.129960,17.611099,-0.178846,-0.484490,-0.671006,0.532009,-1078.653564,1522.487061,-4570.784668,-1070.589722,1442.271606,-4581.729980,-1067.079102,1567.061279,-4597.125977,-1094.689575,1471.898926,-4532.540039,-1082.255981,1608.716675,-4571.742676,-1070.332153,1442.797363,-4581.575684,-1067.291382,1566.833618,-4597.906250,-1094.923706,1471.805420,-4532.495605,-1082.040771,1608.508057,-4571.276855,2616.309814,1567.769897,-3159.766846,,,,,,,,,,,,,,,,,,,,,,,,,,,,,,,,,
3739,37.390000,0.000000,0.000000,0.000000,1.000000,0.000000,0.000000,0.000000,57.698101,20.499701,-14.700500,0.047771,-0.013570,0.015998,-15.666301,-52.738201,18.801300,-93.396698,0.129960,17.611099,-0.162859,-0.491507,-0.677184,0.522799,-1079.693848,1522.171143,-4572.487305,-1071.256226,1442.063110,-4583.926758,-1067.041138,1567.000244,-4597.883789,-1097.285522,1471.211304,-4535.438477,-1083.192383,1608.410156,-4572.700195,-1070.868286,1442.821899,-4582.242676,-1067.901123,1566.753784,-4598.869141,-1097.412720,1470.856934,-4536.428711,-1082.537231,1608.485107,-4571.931641,2616.263916,1567.744019,-3159.771729,,,,,,,,,,,,,,,,,,,,,,,,,,,,,,,,,
3740,37.400000,0.000000,0.000000,0.000000,1.000000,0.000000,0.000000,0.000000,57.698101,20.499701,-14.700500,0.047771,-0.013570,0.015998,-15.666301,-52.738201,18.801300,-93.396698,0.129960,17.611099,-0.162021,-0.491880,-0.678226,0.521357,-1080.408936,1522.023193,-4573.594727,-1072.101807,1441.908203,-4585.080566,-1067.578979,1566.848999,-4598.907227,-1098.228760,1471.066406,-4536.651367,-1083.726074,1608.269409,-4573.739258,-1071.583374,1442.679810,-4583.311523,-1068.616333,1566.558228,-4600.037598,-1098.412720,1470.707764,-4537.627930,-1082.939087,1608.393799,-4572.865723,2616.284668,1567.750244,-3159.771484,,,,,,,,,,,,,,,,,,,,,,,,,,,,,,,,,
3741,37.410000,0.000000,0.000000,0.000000,1.000000,0.000000,0.000000,0.000000,57.698101,20.499701,-14.700500,0.047771,-0.013570,0.015998,-15.666301,-52.738201,18.801300,-93.396698,0.129960,17.611099,-0.161888,-0.491166,-0.679001,0.521062,-1081.086670,1521.914795,-4574.816895,-1072.884766,1441.809570,-4586.444824,-1068.198608,1566.768677,-4600.050293,-1098.972534,1470.915894,-4537.963379,-1084.290771,1608.165527,-4574.808105,-1072.349976,1442.548340,-4584.647949,-1069.268555,1566.432617,-4601.267578,-1099.159302,1470.595825,-4538.968750,-1083.499390,1608.304199,-4573.865234,2616.292236,1567.726685,-3159.775879,,,,,,,,,,,,,,,,,,,,,,,,,,,,,,,,,
3742,37.420000,0.000000,0.000000,0.000000,1.000000,0.000000,0.000000,0.000000,57.698101,20.499701,-14.700500,0.047771,-0.013570,0.015998,-15.666301,-52.738201,18.801300,-93.396698,0.129960,17.611099,-0.161141,-0.491156,-0.679980,0.520026,-1081.890137,1521.746582,-4576.011230,-1073.796753,1441.644043,-4587.734375,-1068.867065,1566.614136,-4601.150879,-1099.948486,1470.726074,-4539.271973,-1084.948242,1608.002563,-4575.887207,-1073.382080,1442.302124,-4586.030762,-1069.864746,1566.271484,-4602.384277,-1100.097534,1470.352173,-4540.359863,-1084.196777,1608.206665,-4574.915527,2616.320312,1567.719604,-3159.758545,,,,,,,,,,,,,,,,,,,,,,,,,,,,,,,,,
3743,37.430000,0.000000,0.000000,0.000000,1.000000,0.000000,0.000000,0.000000,57.698101,20.499701,-14.700500,0.047771,-0.013570,0.015998,-15.666301,-52.738201,18.801300,-93.396698,0.129960,17.611099,-0.162278,-0.489756,-0.680739,0.520000,-1082.546631,1521.599365,-4577.218262,-1074.677246,1441.494995,-4589.080078,-1069.484863,1566.472412,-4602.328125,-1100.626831,1470.568359,-4540.503906,-1085.397583,1607.862061,-4576.960449,-1074.337280,1442.084229,-4587.615723,-1070.356079,1566.171631,-4603.348145,-1100.740845,1470.257690,-4541.481445,-1084.757324,1608.001709,-4576.158203,2616.293701,1567.697144,-3159.762939,,,,,,,,,,,,,,,,,,,,,,,,,,,,,,,,,
3744,37.440000,0.000000,0.000000,0.000000,1.000000,0.000000,0.000000,0.000000,57.698101,20.499701,-14.700500,0.047771,-0.013570,0.015998,-15.666301,-52.738201,18.801300,-93.396698,0.129960,17.611099,-0.166640,-0.484254,-0.682852,0.521001,-1083.512695,1521.212280,-4578.793457,-1076.340210,1441.120850,-4591.173828,-1070.441284,1566.129150,-4603.819336,-1101.506226,1470.109253,-4542.137207,-1085.763062,1607.489868,-4578.043945,-1076.164673,1441.023315,-4590.495117,-1070.918945,1565.952393,-4604.510254,-1101.570923,1470.007935,-4542.760742,-1085.394897,1607.893677,-4577.376953,2616.294189,1567.721069,-3159.763184,,,,,,,,,,,,,,,,,,,,,,,,,,,,,,,,,
3745,37.450000,0.000000,0.000000,0.000000,1.000000,0.000000,0.000000,0.000000,57.698101,20.499701,-14.700500,0.047771,-0.013570,0.015998,-15.666301,-52.738201,18.801300,-93.396698,0.129960,17.611099,-0.166488,-0.484955,-0.683261,0.519861,-1084.186035,1521.072632,-4579.948730,-1077.115234,1440.960205,-4592.250977,-1070.988159,1565.948975,-4604.981445,-1102.341431,1470.027466,-4543.291504,-1086.299805,1607.354248,-4579.271484,-1076.823975,1440.772095,-4591.773438,-1071.558105,1565.710571,-4605.634277,-1102.485229,1470.206421,-4543.793945,-1085.903564,1607.595337,-4578.591797,2616.262939,1567.763306,-3159.786865,,,,,,,,,,,,,,,,,,,,,,,,,,,,,,,,,
3746,37.460000,0.000000,0.000000,0.000000,1.000000,0.000000,0.000000,0.000000,57.698101,20.499701,-14.700500,0.047771,-0.013570,0.015998,-15.666301,-52.738201,18.801300,-93.396698,0.129960,17.611099,-0.169391,-0.482271,-0.683448,0.521171,-1084.780762,1520.766968,-4581.120117,-1077.977783,1440.655518,-4593.578125,-1071.687622,1565.647339,-4606.200684,-1102.751587,1469.713501,-4544.383301,-1086.706299,1607.052002,-4580.316895,-1077.790039,1440.452759,-4593.268066,-1071.974487,1565.504395,-4606.767578,-1102.860352,1469.755981,-4544.640137,-1086.495728,1607.374634,-4579.779785,2616.274170,1567.748413,-3159.792725,,,,,,,,,,,,,,,,,,,,,,,,,,,,,,,,,
3747,37.470000,0.000000,0.000000,0.000000,1.000000,0.000000,0.000000,0.000000,57.698101,20.499701,-14.700500,0.047771,-0.013570,0.015998,-15.666301,-52.738201,18.801300,-93.396698,0.129960,17.611099,-0.170305,-0.481354,-0.683958,0.521053,-1085.658936,1520.456543,-4582.481934,-1079.030884,1440.341797,-4595.013672,-1072.529297,1565.331055,-4607.553711,-1103.655518,1469.409180,-4545.749512,-1087.420166,1606.744385,-4581.610840,-1078.740479,1440.118774,-4594.712402,-1072.939819,1565.090210,-4608.298828,-1103.843262,1469.445190,-4545.973145,-1087.093506,1607.228027,-4580.897949,2616.251709,1567.729736,-3159.792236,,,,,,,,,,,,,,,,,,,,,,,,,,,,,,,,,
3748,37.480000,0.000000,0.000000,0.000000,1.000000,0.000000,0.000000,0.000000,57.698101,20.499701,-14.700500,0.047771,-0.013570,0.015998,-15.666301,-52.738201,18.801300,-93.396698,0.129960,17.611099,-0.173361,-0.478976,-0.684231,0.521877,-1086.483643,1520.386230,-4583.654785,-1080.181274,1440.260376,-4596.283203,-1073.408081,1565.238037,-4608.795410,-1104.357910,1469.368530,-4546.821777,-1087.987061,1606.678223,-4582.718750,-1079.934326,1440.288574,-4595.957520,-1073.763550,1564.876953,-4609.628418,-1104.524414,1469.392822,-4547.052734,-1087.730225,1606.948730,-4582.022949,2616.274414,1567.741089,-3159.784424,,,,,,,,,,,,,,,,,,,,,,,,,,,,,,,,,
3749,37.490000,0.000000,0.000000,0.000000,1.000000,0.000000,0.000000,0.000000,57.698101,20.499701,-14.700500,0.047771,-0.013570,0.015998,-15.666301,-52.738201,18.801300,-93.396698,0.129960,17.611099,-0.172168,-0.479398,-0.685147,0.520683,-1087.307251,1520.140137,-4584.821777,-1081.064331,1440.020508,-4597.518555,-1074.084717,1565.003296,-4609.865234,-1105.377930,1469.104248,-4548.109863,-1088.701904,1606.432861,-4583.792969,-1080.827148,1440.025757,-4597.172363,-1074.409912,1564.667603,-4610.746582,-1105.538208,1469.146240,-4548.356445,-1088.469360,1606.683716,-4583.056641,2616.299316,1567.690552,-3159.771729,,,,,,,,,,,,,,,,,,,,,,,,,,,,,,,,,
3750,37.500000,0.000000,0.000000,0.000000,1.000000,0.000000,0.000000,0.000000,57.698101,20.499701,-14.700500,0.047771,-0.013570,0.015998,-15.666301,-52.738201,18.801300,-93.396698,0.129960,17.611099,-0.170483,-0.480628,-0.686192,0.518723,-1088.127563,1519.879028,-4586.058105,-1081.949829,1439.753540,-4598.750488,-1074.681519,1564.728760,-4611.006348,-1106.500488,1468.860107,-4549.472656,-1089.378540,1606.173584,-4585.002930,-1081.703979,1439.749023,-4598.271973,-1075.105225,1564.366455,-4611.894043,-1106.649536,1468.828613,-4549.840820,-1089.059570,1606.576294,-4584.217773,2616.305420,1567.767090,-3159.765381,,,,,,,,,,,,,,,,,,,,,,,,,,,,,,,,,
3751,37.510000,0.000000,0.000000,0.000000,1.000000,0.000000,0.000000,0.000000,57.698101,20.499701,-14.700500,0.047771,-0.013570,0.015998,-15.666301,-52.738201,18.801300,-93.396698,0.129960,17.611099,-0.169771,-0.480717,-0.686527,0.518430,-1088.928711,1519.583984,-4587.158691,-1082.734985,1439.468994,-4599.909180,-1075.444580,1564.454224,-4612.049805,-1107.356934,1468.535034,-4550.643066,-1090.178345,1605.877808,-4586.032715,-1082.473755,1439.452881,-4599.378906,-1075.937866,1564.158447,-4612.926758,-1107.512695,1468.498657,-4551.062012,-1089.807129,1606.229004,-4585.265625,2616.250488,1567.735229,-3159.798340,,,,,,,,,,,,,,,,,,,,,,,,,,,,,,,,,
3752,37.520000,0.000000,0.000000,0.000000,1.000000,0.000000,0.000000,0.000000,57.698101,20.499701,-14.700500,0.047771,-0.013570,0.015998,-15.666301,-52.738201,18.801300,-93.396698,0.129960,17.611099,-0.168698,-0.483972,-0.684914,0.517886,-1089.674561,1519.294556,-4588.095215,-1083.175049,1439.135254,-4600.407227,-1076.207275,1564.078857,-4613.148926,-1108.123291,1468.375610,-4551.408691,-1091.192871,1605.588623,-4587.415527,-1082.830444,1439.088135,-4599.596191,-1076.958130,1563.750244,-4614.271973,-1108.313721,1468.264648,-4552.068359,-1090.586060,1606.132324,-4586.368652,2616.277100,1567.730225,-3159.784180,,,,,,,,,,,,,,,,,,,,,,,,,,,,,,,,,
3753,37.530000,0.000000,0.000000,0.000000,1.000000,0.000000,0.000000,0.000000,57.698101,20.499701,-14.700500,0.047771,-0.013570,0.015998,-15.666301,-52.738201,18.801300,-93.396698,0.129960,17.611099,-0.170908,-0.483431,-0.684616,0.518060,-1090.574341,1519.088379,-4589.125000,-1084.264404,1438.895996,-4601.318848,-1077.124634,1563.804199,-4614.310547,-1108.971436,1468.267578,-4552.276855,-1091.937134,1605.386108,-4588.593262,-1083.854614,1438.602173,-4600.832031,-1077.802856,1563.427856,-4615.390137,-1109.208374,1468.502197,-4552.725586,-1091.470459,1605.799683,-4587.553223,2616.327881,1567.714966,-3159.764893,,,,,,,,,,,,,,,,,,,,,,,,,,,,,,,,,
3754,37.540000,0.000000,0.000000,0.000000,1.000000,0.000000,0.000000,0.000000,57.698101,20.499701,-14.700500,0.047771,-0.013570,0.015998,-15.666301,-52.738201,18.801300,-93.396698,0.129960,17.611099,-0.171598,-0.482106,-0.685136,0.518379,-1091.692017,1518.678345,-4590.549316,-1085.510132,1438.499268,-4602.895508,-1078.249146,1563.420654,-4615.691406,-1110.061035,1467.816895,-4553.743164,-1092.947754,1604.976685,-4589.867188,-1085.100830,1438.286865,-4602.297363,-1079.003052,1563.026123,-4616.847656,-1110.301758,1467.887329,-4554.247070,-1092.385498,1605.538330,-4588.782227,2616.336426,1567.734253,-3159.762939,,,,,,,,,,,,,,,,,,,,,,,,,,,,,,,,,
3755,37.550000,0.000000,0.000000,0.000000,1.000000,0.000000,0.000000,0.000000,57.698101,20.499701,-14.700500,0.047771,-0.013570,0.015998,-15.666301,-52.738201,18.801300,-93.396698,0.129960,17.611099,-0.173008,-0.481075,-0.684797,0.519315,-1092.745361,1518.400146,-4591.827148,-1086.619507,1438.219849,-4604.194336,-1079.400024,1563.140137,-4617.025391,-1110.970337,1467.542236,-4554.944824,-1093.991455,1604.698608,-4591.144531,-1086.196167,1437.995239,-4603.604004,-1080.157104,1562.754517,-4618.244141,-1111.223267,1467.628296,-4555.425293,-1093.433350,1605.237305,-4590.026855,2616.296143,1567.741455,-3159.781738,,,,,,,,,,,,,,,,,,,,,,,,,,,,,,,,,
3756,37.560000,0.000000,0.000000,0.000000,1.000000,0.000000,0.000000,0.000000,57.698101,20.499701,-14.700500,0.047771,-0.013570,0.015998,-15.666301,-52.738201,18.801300,-93.396698,0.129960,17.611099,-0.174528,-0.480311,-0.684867,0.519422,-1093.935669,1518.161011,-4593.166992,-1087.978760,1437.965454,-4605.517090,-1080.590942,1562.868164,-4618.423340,-1112.135498,1467.348999,-4556.208984,-1095.037231,1604.461792,-4592.517578,-1087.583252,1437.658691,-4604.975586,-1081.268311,1562.513916,-4619.529785,-1112.367554,1467.413940,-4556.644531,-1094.491821,1605.155273,-4591.399414,2616.313721,1567.725586,-3159.779053,,,,,,,,,,,,,,,,,,,,,,,,,,,,,,,,,
3757,37.570000,0.000000,0.000000,0.000000,1.000000,0.000000,0.000000,0.000000,57.698101,20.499701,-14.700500,0.047771,-0.013570,0.015998,-15.666301,-52.738201,18.801300,-93.396698,0.129960,17.611099,-0.176155,-0.478861,-0.684820,0.520272,-1095.216431,1518.056641,-4594.425781,-1089.384644,1437.862793,-4606.846680,-1081.948975,1562.766235,-4619.718750,-1113.290894,1467.239868,-4557.412598,-1096.241089,1604.357788,-4593.724121,-1089.031250,1437.859009,-4606.282715,-1082.535034,1562.297974,-4620.919434,-1113.509033,1467.203369,-4557.802246,-1095.780762,1604.883545,-4592.663086,2616.291992,1567.719360,-3159.771240,,,,,,,,,,,,,,,,,,,,,,,,,,,,,,,,,
3758,37.580000,0.000000,0.000000,0.000000,1.000000,0.000000,0.000000,0.000000,57.698101,20.499701,-14.700500,0.047771,-0.013570,0.015998,-15.666301,-52.738201,18.801300,-93.396698,0.129960,17.611099,-0.177429,-0.477554,-0.684159,0.521908,-1096.260986,1517.875366,-4595.611328,-1090.390503,1437.693848,-4608.094238,-1083.173462,1562.611572,-4620.951172,-1114.090454,1467.021118,-4558.531250,-1097.389771,1604.174805,-4594.869629,-1090.083618,1437.686035,-4607.663574,-1083.664673,1562.123535,-4621.937012,-1114.280518,1467.018921,-4558.848145,-1097.019775,1604.668579,-4593.984375,2616.300293,1567.758545,-3159.789307,,,,,,,,,,,,,,,,,,,,,,,,,,,,,,,,,
3759,37.590000,0.000000,0.000000,0.000000,1.000000,0.000000,0.000000,0.000000,57.698101,20.499701,-14.700500,0.047771,-0.013570,0.015998,-15.666301,-52.738201,18.801300,-93.396698,0.129960,17.611099,-0.178703,-0.476702,-0.683711,0.522838,-1097.326294,1517.821655,-4596.613770,-1091.483887,1437.638306,-4609.097168,-1084.342041,1562.554199,-4622.013184,-1115.007935,1466.973145,-4559.455078,-1098.471436,1604.121216,-4595.890137,-1091.242920,1437.434448,-4608.805176,-1084.698364,1562.363770,-4622.653320,-1115.158203,1467.043823,-4559.693359,-1098.207520,1604.458862,-4595.290527,2616.306152,1567.736084,-3159.783936,,,,,,,,,,,,,,,,,,,,,,,,,,,,,,,,,
3760,37.600000,0.000000,0.000000,0.000000,1.000000,0.000000,0.000000,0.000000,57.698101,20.499701,-14.700500,0.047771,-0.013570,0.015998,-15.666301,-52.738201,18.801300,-93.396698,0.129960,17.611099,-0.172797,-0.482740,-0.682953,0.520268,-1098.208496,1517.779175,-4597.340820,-1091.756226,1437.581299,-4609.423340,-1085.030396,1562.483643,-4622.689453,-1116.247437,1466.978271,-4560.288574,-1099.800171,1604.073853,-4596.960938,-1091.516846,1437.343384,-4608.813965,-1085.570801,1562.479736,-4623.185547,-1116.352661,1466.916260,-4560.819824,-1099.380493,1604.377197,-4596.484863,2616.305908,1567.726562,-3159.762939,,,,,,,,,,,,,,,,,,,,,,,,,,,,,,,,,
3761,37.610000,0.000000,0.000000,0.000000,1.000000,0.000000,0.000000,0.000000,57.698101,20.499701,-14.700500,0.047771,-0.013570,0.015998,-15.666301,-52.738201,18.801300,-93.396698,0.129960,17.611099,-0.168528,-0.485605,-0.683341,0.518489,-1099.246216,1517.801880,-4598.121582,-1092.482788,1437.622437,-4610.157227,-1085.900513,1562.543701,-4623.316406,-1117.563354,1466.948975,-4561.278320,-1101.038452,1604.092651,-4597.735352,-1092.373291,1437.361206,-4609.566895,-1086.371094,1562.560303,-4623.463867,-1117.523926,1466.930664,-4561.939941,-1100.705566,1604.319580,-4597.511230,2616.280518,1567.736328,-3159.764160,,,,,,,,,,,,,,,,,,,,,,,,,,,,,,,,,
3762,37.620000,0.000000,0.000000,0.000000,1.000000,0.000000,0.000000,0.000000,57.698101,20.499701,-14.700500,0.047771,-0.013570,0.015998,-15.666301,-52.738201,18.801300,-93.396698,0.129960,17.611099,-0.167211,-0.485675,-0.684454,0.517381,-1100.271362,1517.931030,-4598.977051,-1093.577026,1437.766357,-4611.148926,-1086.781006,1562.704224,-4624.038574,-1118.780151,1467.030518,-4562.295410,-1101.947266,1604.223145,-4598.425781,-1093.653076,1437.337280,-4610.817871,-1087.082520,1562.843750,-4623.724609,-1118.580933,1467.087891,-4562.803711,-1101.791626,1604.396484,-4598.537109,2616.306396,1567.747925,-3159.755371,,,,,,,,,,,,,,,,,,,,,,,,,,,,,,,,,
3763,37.630000,0.000000,0.000000,0.000000,1.000000,0.000000,0.000000,0.000000,57.698101,20.499701,-14.700500,0.047771,-0.013570,0.015998,-15.666301,-52.738201,18.801300,-93.396698,0.129960,17.611099,-0.167100,-0.485085,-0.684993,0.517257,-1101.145874,1517.932007,-4599.728516,-1094.518921,1437.779053,-4612.013672,-1087.622925,1562.729492,-4624.729004,-1119.690430,1466.995239,-4563.115723,-1102.751221,1604.224731,-4599.055664,-1094.770386,1437.367920,-4611.770508,-1087.814453,1562.953003,-4623.974121,-1119.321777,1467.093262,-4563.635742,-1102.710571,1604.321045,-4599.375000,2616.284668,1567.731689,-3159.770508,,,,,,,,,,,,,,,,,,,,,,,,,,,,,,,,,
3764,37.640000,0.000000,0.000000,0.000000,1.000000,0.000000,0.000000,0.000000,57.698101,20.499701,-14.700500,0.047771,-0.013570,0.015998,-15.666301,-52.738201,18.801300,-93.396698,0.129960,17.611099,-0.177586,-0.479423,-0.680918,0.524373,-1102.510254,1517.787720,-4601.052246,-1096.078369,1437.590210,-4613.148926,-1089.792847,1562.492065,-4626.635742,-1119.904419,1466.989380,-4563.689941,-1104.265381,1604.079468,-4600.734375,-1095.730591,1437.504639,-4612.545410,-1090.535156,1562.078247,-4627.534180,-1120.078979,1467.127319,-4564.278320,-1103.768433,1604.390503,-4599.881836,2616.292480,1567.739868,-3159.775391,,,,,,,,,,,,,,,,,,,,,,,,,,,,,,,,,
3765,37.650000,0.000000,0.000000,0.000000,1.000000,0.000000,0.000000,0.000000,57.698101,20.499701,-14.700500,0.047771,-0.013570,0.015998,-15.666301,-52.738201,18.801300,-93.396698,0.129960,17.611099,-0.180622,-0.477274,-0.680484,0.525858,-1103.489502,1517.857056,-4601.785645,-1097.250366,1437.650146,-4613.921875,-1090.922852,1562.542480,-4627.476074,-1120.646240,1467.084839,-4564.278320,-1105.138794,1604.150879,-4601.466797,-1097.010864,1437.520264,-4613.572266,-1091.309326,1562.130371,-4628.258301,-1120.779419,1467.321045,-4564.656738,-1104.897827,1604.418213,-4600.675293,2616.299316,1567.732056,-3159.772217,,,,,,,,,,,,,,,,,,,,,,,,,,,,,,,,,
3766,37.660000,0.000000,0.000000,0.000000,1.000000,0.000000,0.000000,0.000000,57.698101,20.499701,-14.700500,0.047771,-0.013570,0.015998,-15.666301,-52.738201,18.801300,-93.396698,0.129960,17.611099,-0.182931,-0.475644,-0.680147,0.526972,-1104.270996,1517.913574,-4602.371582,-1098.179077,1437.699585,-4614.534180,-1091.818726,1562.584106,-4628.143555,-1121.247559,1467.161987,-4564.754395,-1105.838867,1604.208984,-4602.054199,,,,,,,,,,,,,2616.261963,1567.728638,-3159.774414,,,,-1092.479858,1562.283203,-4629.187988,-1121.377441,1467.428711,-4564.949219,-1098.338501,1438.014160,-4614.501953,,,,,,,,,,,,,,,,,,,,,
3767,37.670000,0.000000,0.000000,0.000000,1.000000,0.000000,0.000000,0.000000,57.698101,20.499701,-14.700500,0.047771,-0.013570,0.015998,-15.666301,-52.738201,18.801300,-93.396698,0.129960,17.611099,-0.182931,-0.475644,-0.680147,0.526972,-1104.270996,1517.913574,-4602.371582,-1098.179077,1437.699585,-4614.534180,-1091.818726,1562.584106,-4628.143555,-1121.247559,1467.161987,-4564.754395,-1105.838867,1604.208984,-4602.054199,,,,,,,,,,,,,2616.304932,1567.746460,-3159.767090,,,,-1093.745239,1562.486938,-4630.066406,,,,-1099.340576,1437.981812,-4615.344727,,,,,,,,,,,,,,,,,,,,,
3768,37.680000,0.000000,0.000000,0.000000,1.000000,0.000000,0.000000,0.000000,57.698101,20.499701,-14.700500,0.047771,-0.013570,0.015998,-15.666301,-52.738201,18.801300,-93.396698,0.129960,17.611099,-0.182931,-0.475644,-0.680147,0.526972,-1104.270996,1517.913574,-4602.371582,-1098.179077,1437.699585,-4614.534180,-1091.818726,1562.584106,-4628.143555,-1121.247559,1467.161987,-4564.754395,-1105.838867,1604.208984,-4602.054199,,,,,,,,,,,,,2616.265869,1567.736938,-3159.759766,,,,-1095.003540,1562.689453,-4630.930664,,,,-1100.142578,1438.074219,-4616.196777,,,,,,,,,,,,,,,,,,,,,
3769,37.690000,0.000000,0.000000,0.000000,1.000000,0.000000,0.000000,0.000000,57.698101,20.499701,-14.700500,0.047771,-0.013570,0.015998,-15.666301,-52.738201,18.801300,-93.396698,0.129960,17.611099,-0.182931,-0.475644,-0.680147,0.526972,-1104.270996,1517.913574,-4602.371582,-1098.179077,1437.699585,-4614.534180,-1091.818726,1562.584106,-4628.143555,-1121.247559,1467.161987,-4564.754395,-1105.838867,1604.208984,-4602.054199,,,,,,,,,,,,,2616.281738,1567.786011,-3159.781494,,,,-1096.236572,1562.788452,-4631.668457,,,,,,,,,,,,,,,,,,,,,,,,,,,
3770,37.700000,0.000000,0.000000,0.000000,1.000000,0.000000,0.000000,0.000000,57.698101,20.499701,-14.700500,0.047771,-0.013570,0.015998,-15.666301,-52.738201,18.801300,-93.396698,0.129960,17.611099,-0.182931,-0.475644,-0.680147,0.526972,-1104.270996,1517.913574,-4602.371582,-1098.179077,1437.699585,-4614.534180,-1091.818726,1562.584106,-4628.143555,-1121.247559,1467.161987,-4564.754395,-1105.838867,1604.208984,-4602.054199,,,,,,,,,,,,,2616.287109,1567.766602,-3159.777588,,,,-1097.378784,1562.986694,-4632.331543,,,,,,,,,,,,,,,,,,,,,,,,,,,
3771,37.710000,0.000000,0.000000,0.000000,1.000000,0.000000,0.000000,0.000000,57.698101,20.499701,-14.700500,0.047771,-0.013570,0.015998,-15.666301,-52.738201,18.801300,-93.396698,0.129960,17.611099,-0.182931,-0.475644,-0.680147,0.526972,-1104.270996,1517.913574,-4602.371582,-1098.179077,1437.699585,-4614.534180,-1091.818726,1562.584106,-4628.143555,-1121.247559,1467.161987,-4564.754395,-1105.838867,1604.208984,-4602.054199,,,,,,,,,,,,,2616.308594,1567.805420,-3159.776123,,,,-1098.719482,1563.173950,-4633.330078,,,,,,,,,,,,,,,,,,,,,,,,,,,
3772,37.720000,0.000000,0.000000,0.000000,1.000000,0.000000,0.000000,0.000000,57.698101,20.499701,-14.700500,0.047771,-0.013570,0.015998,-15.666301,-52.738201,18.801300,-93.396698,0.129960,17.611099,-0.182931,-0.475644,-0.680147,0.526972,-1104.270996,1517.913574,-4602.371582,-1098.179077,1437.699585,-4614.534180,-1091.818726,1562.584106,-4628.143555,-1121.247559,1467.161987,-4564.754395,-1105.838867,1604.208984,-4602.054199,,,,,,,,,,,,,2616.308594,1567.744629,-3159.772217,,,,-1099.403931,1563.468018,-4633.876953,,,,,,,,,,,,,,,,,,,,,,,,,,,
3773,37.730000,0.000000,0.000000,0.000000,1.000000,0.000000,0.000000,0.000000,57.698101,20.499701,-14.700500,0.047771,-0.013570,0.015998,-15.666301,-52.738201,18.801300,-93.396698,0.129960,17.611099,-0.182931,-0.475644,-0.680147,0.526972,-1104.270996,1517.913574,-4602.371582,-1098.179077,1437.699585,-4614.534180,-1091.818726,1562.584106,-4628.143555,-1121.247559,1467.161987,-4564.754395,-1105.838867,1604.208984,-4602.054199,,,,,,,,,,,,,2616.290039,1567.714478,-3159.760254,,,,-1100.347290,1563.645996,-4634.556152,,,,,,,,,,,,,,,,,,,,,,,,,,,
3774,37.740000,0.000000,0.000000,0.000000,1.000000,0.000000,0.000000,0.000000,57.698101,20.499701,-14.700500,0.047771,-0.013570,0.015998,-15.666301,-52.738201,18.801300,-93.396698,0.129960,17.611099,-0.182931,-0.475644,-0.680147,0.526972,-1104.270996,1517.913574,-4602.371582,-1098.179077,1437.699585,-4614.534180,-1091.818726,1562.584106,-4628.143555,-1121.247559,1467.161987,-4564.754395,-1105.838867,1604.208984,-4602.054199,,,,,,,,,,,,,2616.283447,1567.725098,-3159.770264,,,,-1101.309814,1564.155518,-4635.174805,,,,,,,,,,,,,,,,,,,,,,,,,,,
3775,37.750000,0.000000,0.000000,0.000000,1.000000,0.000000,0.000000,0.000000,57.698101,20.499701,-14.700500,0.047771,-0.013570,0.015998,-15.666301,-52.738201,18.801300,-93.396698,0.129960,17.611099,-0.182931,-0.475644,-0.680147,0.526972,-1104.270996,1517.913574,-4602.371582,-1098.179077,1437.699585,-4614.534180,-1091.818726,1562.584106,-4628.143555,-1121.247559,1467.161987,-4564.754395,-1105.838867,1604.208984,-4602.054199,,,,,,,,,,,,,2616.321045,1567.758057,-3159.774902,,,,-1102.153076,1564.350830,-4635.693848,,,,,,,,,,,,,,,,,,,,,,,,,,,
3776,37.760000,0.000000,0.000000,0.000000,1.000000,0.000000,0.000000,0.000000,57.698101,20.499701,-14.700500,0.047771,-0.013570,0.015998,-15.666301,-52.738201,18.801300,-93.396698,0.129960,17.611099,-0.182931,-0.475644,-0.680147,0.526972,-1104.270996,1517.913574,-4602.371582,-1098.179077,1437.699585,-4614.534180,-1091.818726,1562.584106,-4628.143555,-1121.247559,1467.161987,-4564.754395,-1105.838867,1604.208984,-4602.054199,,,,,,,,,,,,,2616.299072,1567.756714,-3159.783203,,,,,,,,,,,,,,,,,,,,,,,,,,,,,,,,,
3777,37.770000,0.000000,0.000000,0.000000,1.000000,0.000000,0.000000,0.000000,57.698101,20.499701,-14.700500,0.047771,-0.013570,0.015998,-15.666301,-52.738201,18.801300,-93.396698,0.129960,17.611099,-0.182931,-0.475644,-0.680147,0.526972,-1104.270996,1517.913574,-4602.371582,-1098.179077,1437.699585,-4614.534180,-1091.818726,1562.584106,-4628.143555,-1121.247559,1467.161987,-4564.754395,-1105.838867,1604.208984,-4602.054199,,,,,,,,,,,,,2616.282471,1567.749756,-3159.786621,,,,,,,,,,,,,,,,,,,,,,,,,,,,,,,,,
3778,37.780000,0.000000,0.000000,0.000000,1.000000,0.000000,0.000000,0.000000,57.698101,20.499701,-14.700500,0.047771,-0.013570,0.015998,-15.666301,-52.738201,18.801300,-93.396698,0.129960,17.611099,-0.182931,-0.475644,-0.680147,0.526972,-1104.270996,1517.913574,-4602.371582,-1098.179077,1437.699585,-4614.534180,-1091.818726,1562.584106,-4628.143555,-1121.247559,1467.161987,-4564.754395,-1105.838867,1604.208984,-4602.054199,,,,,,,,,,,,,2616.267090,1567.761475,-3159.785645,,,,,,,,,,,,,,,,,,,,,,,,,,,,,,,,,
3779,37.790000,0.000000,0.000000,0.000000,1.000000,0.000000,0.000000,0.000000,57.698101,20.499701,-14.700500,0.047771,-0.013570,0.015998,-15.666301,-52.738201,18.801300,-93.396698,0.129960,17.611099,-0.182931,-0.475644,-0.680147,0.526972,-1104.270996,1517.913574,-4602.371582,-1098.179077,1437.699585,-4614.534180,-1091.818726,1562.584106,-4628.143555,-1121.247559,1467.161987,-4564.754395,-1105.838867,1604.208984,-4602.054199,,,,,,,,,,,,,2616.281738,1567.752808,-3159.794434,,,,,,,,,,,,,,,,,,,,,,,,,,,,,,,,,
3780,37.800000,0.000000,0.000000,0.000000,1.000000,0.000000,0.000000,0.000000,57.698101,20.499701,-14.700500,0.047771,-0.013570,0.015998,-15.666301,-52.738201,18.801300,-93.396698,0.129960,17.611099,-0.182931,-0.475644,-0.680147,0.526972,-1104.270996,1517.913574,-4602.371582,-1098.179077,1437.699585,-4614.534180,-1091.818726,1562.584106,-4628.143555,-1121.247559,1467.161987,-4564.754395,-1105.838867,1604.208984,-4602.054199,,,,,,,,,,,,,2616.313477,1567.773682,-3159.783936,,,,,,,,,,,,,,,,,,,,,,,,,,,,,,,,,
3781,37.810000,0.000000,0.000000,0.000000,1.000000,0.000000,0.000000,0.000000,57.698101,20.499701,-14.700500,0.047771,-0.013570,0.015998,-15.666301,-52.738201,18.801300,-93.396698,0.129960,17.611099,-0.182931,-0.475644,-0.680147,0.526972,-1104.270996,1517.913574,-4602.371582,-1098.179077,1437.699585,-4614.534180,-1091.818726,1562.584106,-4628.143555,-1121.247559,1467.161987,-4564.754395,-1105.838867,1604.208984,-4602.054199,,,,,,,,,,,,,2616.284180,1567.704102,-3159.774414,,,,,,,,,,,,,,,,,,,,,,,,,,,,,,,,,
3782,37.820000,0.000000,0.000000,0.000000,1.000000,0.000000,0.000000,0.000000,57.698101,20.499701,-14.700500,0.047771,-0.013570,0.015998,-15.666301,-52.738201,18.801300,-93.396698,0.129960,17.611099,-0.182931,-0.475644,-0.680147,0.526972,-1104.270996,1517.913574,-4602.371582,-1098.179077,1437.699585,-4614.534180,-1091.818726,1562.584106,-4628.143555,-1121.247559,1467.161987,-4564.754395,-1105.838867,1604.208984,-4602.054199,,,,,,,,,,,,,2616.306152,1567.715088,-3159.773926,,,,,,,,,,,,,,,,,,,,,,,,,,,,,,,,,
3783,37.830000,0.000000,0.000000,0.000000,1.000000,0.000000,0.000000,0.000000,57.698101,20.499701,-14.700500,0.047771,-0.013570,0.015998,-15.666301,-52.738201,18.801300,-93.396698,0.129960,17.611099,-0.182931,-0.475644,-0.680147,0.526972,-1104.270996,1517.913574,-4602.371582,-1098.179077,1437.699585,-4614.534180,-1091.818726,1562.584106,-4628.143555,-1121.247559,1467.161987,-4564.754395,-1105.838867,1604.208984,-4602.054199,,,,,,,,,,,,,2616.302490,1567.732300,-3159.773682,,,,,,,,,,,,,,,,,,,,,,,,,,,,,,,,,
3784,37.840000,0.000000,0.000000,0.000000,1.000000,0.000000,0.000000,0.000000,57.698101,20.499701,-14.700500,0.047771,-0.013570,0.015998,-15.666301,-52.738201,18.801300,-93.396698,0.129960,17.611099,-0.182931,-0.475644,-0.680147,0.526972,-1104.270996,1517.913574,-4602.371582,-1098.179077,1437.699585,-4614.534180,-1091.818726,1562.584106,-4628.143555,-1121.247559,1467.161987,-4564.754395,-1105.838867,1604.208984,-4602.054199,,,,,,,,,,,,,2616.291260,1567.762085,-3159.787354,,,,,,,,,,,,,,,,,,,,,,,,,,,,,,,,,
3785,37.850000,0.000000,0.000000,0.000000,1.000000,0.000000,0.000000,0.000000,57.698101,20.499701,-14.700500,0.047771,-0.013570,0.015998,-15.666301,-52.738201,18.801300,-93.396698,0.129960,17.611099,-0.182931,-0.475644,-0.680147,0.526972,-1104.270996,1517.913574,-4602.371582,-1098.179077,1437.699585,-4614.534180,-1091.818726,1562.584106,-4628.143555,-1121.247559,1467.161987,-4564.754395,-1105.838867,1604.208984,-4602.054199,,,,,,,,,,,,,2616.289307,1567.739136,-3159.795654,,,,,,,,,,,,,,,,,,,,,,,,,,,,,,,,,
3786,37.860000,0.000000,0.000000,0.000000,1.000000,0.000000,0.000000,0.000000,57.698101,20.499701,-14.700500,0.047771,-0.013570,0.015998,-15.666301,-52.738201,18.801300,-93.396698,0.129960,17.611099,-0.182931,-0.475644,-0.680147,0.526972,-1104.270996,1517.913574,-4602.371582,-1098.179077,1437.699585,-4614.534180,-1091.818726,1562.584106,-4628.143555,-1121.247559,1467.161987,-4564.754395,-1105.838867,1604.208984,-4602.054199,,,,,,,,,,,,,2616.306152,1567.719604,-3159.770752,,,,,,,,,,,,,,,,,,,,,,,,,,,,,,,,,
3787,37.870000,0.000000,0.000000,0.000000,1.000000,0.000000,0.000000,0.000000,57.698101,20.499701,-14.700500,0.047771,-0.013570,0.015998,-15.666301,-52.738201,18.801300,-93.396698,0.129960,17.611099,-0.182931,-0.475644,-0.680147,0.526972,-1104.270996,1517.913574,-4602.371582,-1098.179077,1437.699585,-4614.534180,-1091.818726,1562.584106,-4628.143555,-1121.247559,1467.161987,-4564.754395,-1105.838867,1604.208984,-4602.054199,,,,,,,,,,,,,2616.308350,1567.742188,-3159.760742,,,,,,,,,,,,,,,,,,,,,,,,,,,,,,,,,
3788,37.880000,0.000000,0.000000,0.000000,1.000000,0.000000,0.000000,0.000000,57.698101,20.499701,-14.700500,0.047771,-0.013570,0.015998,-15.666301,-52.738201,18.801300,-93.396698,0.129960,17.611099,-0.182931,-0.475644,-0.680147,0.526972,-1104.270996,1517.913574,-4602.371582,-1098.179077,1437.699585,-4614.534180,-1091.818726,1562.584106,-4628.143555,-1121.247559,1467.161987,-4564.754395,-1105.838867,1604.208984,-4602.054199,,,,,,,,,,,,,2616.304199,1567.719849,-3159.764893,,,,,,,,,,,,,,,,,,,,,,,,,,,,,,,,,
3789,37.890000,0.000000,0.000000,0.000000,1.000000,0.000000,0.000000,0.000000,57.698101,20.499701,-14.700500,0.047771,-0.013570,0.015998,-15.666301,-52.738201,18.801300,-93.396698,0.129960,17.611099,-0.182931,-0.475644,-0.680147,0.526972,-1104.270996,1517.913574,-4602.371582,-1098.179077,1437.699585,-4614.534180,-1091.818726,1562.584106,-4628.143555,-1121.247559,1467.161987,-4564.754395,-1105.838867,1604.208984,-4602.054199,,,,,,,,,,,,,2616.280273,1567.720337,-3159.760254,,,,,,,,,,,,,,,,,,,,,,,,,,,,,,,,,
3790,37.900000,0.000000,0.000000,0.000000,1.000000,0.000000,0.000000,0.000000,57.698101,20.499701,-14.700500,0.047771,-0.013570,0.015998,-15.666301,-52.738201,18.801300,-93.396698,0.129960,17.611099,-0.182931,-0.475644,-0.680147,0.526972,-1104.270996,1517.913574,-4602.371582,-1098.179077,1437.699585,-4614.534180,-1091.818726,1562.584106,-4628.143555,-1121.247559,1467.161987,-4564.754395,-1105.838867,1604.208984,-4602.054199,,,,,,,,,,,,,2616.312012,1567.755493,-3159.774658,,,,,,,,,,,,,,,,,,,,,,,,,,,,,,,,,
3791,37.910000,0.000000,0.000000,0.000000,1.000000,0.000000,0.000000,0.000000,57.698101,20.499701,-14.700500,0.047771,-0.013570,0.015998,-15.666301,-52.738201,18.801300,-93.396698,0.129960,17.611099,-0.182931,-0.475644,-0.680147,0.526972,-1104.270996,1517.913574,-4602.371582,-1098.179077,1437.699585,-4614.534180,-1091.818726,1562.584106,-4628.143555,-1121.247559,1467.161987,-4564.754395,-1105.838867,1604.208984,-4602.054199,,,,,,,,,,,,,2616.310303,1567.741455,-3159.760742,,,,,,,,,,,,,,,,,,,,,,,,,,,,,,,,,
3792,37.920000,0.000000,0.000000,0.000000,1.000000,0.000000,0.000000,0.000000,57.698101,20.499701,-14.700500,0.047771,-0.013570,0.015998,-15.666301,-52.738201,18.801300,-93.396698,0.129960,17.611099,-0.182931,-0.475644,-0.680147,0.526972,-1104.270996,1517.913574,-4602.371582,-1098.179077,1437.699585,-4614.534180,-1091.818726,1562.584106,-4628.143555,-1121.247559,1467.161987,-4564.754395,-1105.838867,1604.208984,-4602.054199,,,,,,,,,,,,,2616.279785,1567.738647,-3159.774902,,,,,,,,,,,,,,,,,,,,,,,,,,,,,,,,,
3793,37.930000,0.000000,0.000000,0.000000,1.000000,0.000000,0.000000,0.000000,57.698101,20.499701,-14.700500,0.047771,-0.013570,0.015998,-15.666301,-52.738201,18.801300,-93.396698,0.129960,17.611099,-0.182931,-0.475644,-0.680147,0.526972,-1104.270996,1517.913574,-4602.371582,-1098.179077,1437.699585,-4614.534180,-1091.818726,1562.584106,-4628.143555,-1121.247559,1467.161987,-4564.754395,-1105.838867,1604.208984,-4602.054199,,,,,,,,,,,,,2616.282959,1567.746826,-3159.770996,,,,,,,,,,,,,,,,,,,,,,,,,,,,,,,,,
3794,37.940000,0.000000,0.000000,0.000000,1.000000,0.000000,0.000000,0.000000,57.698101,20.499701,-14.700500,0.047771,-0.013570,0.015998,-15.666301,-52.738201,18.801300,-93.396698,0.129960,17.611099,-0.182931,-0.475644,-0.680147,0.526972,-1104.270996,1517.913574,-4602.371582,-1098.179077,1437.699585,-4614.534180,-1091.818726,1562.584106,-4628.143555,-1121.247559,1467.161987,-4564.754395,-1105.838867,1604.208984,-4602.054199,,,,,,,,,,,,,2616.319824,1567.753052,-3159.763672,,,,,,,,,,,,,,,,,,,,,,,,,,,,,,,,,
3795,37.950000,0.000000,0.000000,0.000000,1.000000,0.000000,0.000000,0.000000,57.698101,20.499701,-14.700500,0.047771,-0.013570,0.015998,-15.666301,-52.738201,18.801300,-93.396698,0.129960,17.611099,-0.182931,-0.475644,-0.680147,0.526972,-1104.270996,1517.913574,-4602.371582,-1098.179077,1437.699585,-4614.534180,-1091.818726,1562.584106,-4628.143555,-1121.247559,1467.161987,-4564.754395,-1105.838867,1604.208984,-4602.054199,,,,,,,,,,,,,2616.285156,1567.730957,-3159.766357,,,,,,,,,,,,,,,,,,,,,,,,,,,,,,,,,
3796,37.960000,0.000000,0.000000,0.000000,1.000000,0.000000,0.000000,0.000000,57.698101,20.499701,-14.700500,0.047771,-0.013570,0.015998,-15.666301,-52.738201,18.801300,-93.396698,0.129960,17.611099,-0.182931,-0.475644,-0.680147,0.526972,-1104.270996,1517.913574,-4602.371582,-1098.179077,1437.699585,-4614.534180,-1091.818726,1562.584106,-4628.143555,-1121.247559,1467.161987,-4564.754395,-1105.838867,1604.208984,-4602.054199,,,,,,,,,,,,,2616.291260,1567.736694,-3159.761719,,,,,,,,,,,,,,,,,,,,,,,,,,,,,,,,,
3797,37.970000,0.000000,0.000000,0.000000,1.000000,0.000000,0.000000,0.000000,57.698101,20.499701,-14.700500,0.047771,-0.013570,0.015998,-15.666301,-52.738201,18.801300,-93.396698,0.129960,17.611099,-0.182931,-0.475644,-0.680147,0.526972,-1104.270996,1517.913574,-4602.371582,-1098.179077,1437.699585,-4614.534180,-1091.818726,1562.584106,-4628.143555,-1121.247559,1467.161987,-4564.754395,-1105.838867,1604.208984,-4602.054199,,,,,,,,,,,,,2616.317383,1567.763794,-3159.762695,,,,,,,,,,,,,,,,,,,,,,,,,,,,,,,,,
3798,37.980000,0.000000,0.000000,0.000000,1.000000,0.000000,0.000000,0.000000,57.698101,20.499701,-14.700500,0.047771,-0.013570,0.015998,-15.666301,-52.738201,18.801300,-93.396698,0.129960,17.611099,-0.182931,-0.475644,-0.680147,0.526972,-1104.270996,1517.913574,-4602.371582,-1098.179077,1437.699585,-4614.534180,-1091.818726,1562.584106,-4628.143555,-1121.247559,1467.161987,-4564.754395,-1105.838867,1604.208984,-4602.054199,,,,,,,,,,,,,2616.282959,1567.731445,-3159.777832,,,,,,,,,,,,,,,,,,,,,,,,,,,,,,,,,
3799,37.990000,0.000000,0.000000,0.000000,1.000000,0.000000,0.000000,0.000000,57.698101,20.499701,-14.700500,0.047771,-0.013570,0.015998,-15.666301,-52.738201,18.801300,-93.396698,0.129960,17.611099,-0.182931,-0.475644,-0.680147,0.526972,-1104.270996,1517.913574,-4602.371582,-1098.179077,1437.699585,-4614.534180,-1091.818726,1562.584106,-4628.143555,-1121.247559,1467.161987,-4564.754395,-1105.838867,1604.208984,-4602.054199,,,,,,,,,,,,,2616.296631,1567.710938,-3159.765381,,,,,,,,,,,,,,,,,,,,,,,,,,,,,,,,,
3800,38.000000,0.000000,0.000000,0.000000,1.000000,0.000000,0.000000,0.000000,57.698101,20.499701,-14.700500,0.047771,-0.013570,0.015998,-15.666301,-52.738201,18.801300,-93.396698,0.129960,17.611099,-0.182931,-0.475644,-0.680147,0.526972,-1104.270996,1517.913574,-4602.371582,-1098.179077,1437.699585,-4614.534180,-1091.818726,1562.584106,-4628.143555,-1121.247559,1467.161987,-4564.754395,-1105.838867,1604.208984,-4602.054199,,,,,,,,,,,,,2616.276611,1567.749878,-3159.783936,,,,,,,,,,,,,,,,,,,,,,,,,,,,,,,,,
3801,38.010000,0.000000,0.000000,0.000000,1.000000,0.000000,0.000000,0.000000,57.698101,20.499701,-14.700500,0.047771,-0.013570,0.015998,-15.666301,-52.738201,18.801300,-93.396698,0.129960,17.611099,-0.182931,-0.475644,-0.680147,0.526972,-1104.270996,1517.913574,-4602.371582,-1098.179077,1437.699585,-4614.534180,-1091.818726,1562.584106,-4628.143555,-1121.247559,1467.161987,-4564.754395,-1105.838867,1604.208984,-4602.054199,,,,,,,,,,,,,2616.290771,1567.771484,-3159.790771,,,,,,,,,,,,,,,,,,,,,,,,,,,,,,,,,
3802,38.020000,0.000000,0.000000,0.000000,1.000000,0.000000,0.000000,0.000000,57.698101,20.499701,-14.700500,0.047771,-0.013570,0.015998,-15.666301,-52.738201,18.801300,-93.396698,0.129960,17.611099,-0.182931,-0.475644,-0.680147,0.526972,-1104.270996,1517.913574,-4602.371582,-1098.179077,1437.699585,-4614.534180,-1091.818726,1562.584106,-4628.143555,-1121.247559,1467.161987,-4564.754395,-1105.838867,1604.208984,-4602.054199,,,,,,,,,,,,,2616.288086,1567.760132,-3159.792725,,,,,,,,,,,,,,,,,,,,,,,,,,,,,,,,,
3803,38.030000,0.000000,0.000000,0.000000,1.000000,0.000000,0.000000,0.000000,57.698101,20.499701,-14.700500,0.047771,-0.013570,0.015998,-15.666301,-52.738201,18.801300,-93.396698,0.129960,17.611099,-0.182931,-0.475644,-0.680147,0.526972,-1104.270996,1517.913574,-4602.371582,-1098.179077,1437.699585,-4614.534180,-1091.818726,1562.584106,-4628.143555,-1121.247559,1467.161987,-4564.754395,-1105.838867,1604.208984,-4602.054199,,,,,,,,,,,,,2616.274170,1567.747314,-3159.806152,,,,,,,,,,,,,,,,,,,,,,,,,,,,,,,,,
3804,38.040000,0.000000,0.000000,0.000000,1.000000,0.000000,0.000000,0.000000,57.698101,20.499701,-14.700500,0.047771,-0.013570,0.015998,-15.666301,-52.738201,18.801300,-93.396698,0.129960,17.611099,-0.182931,-0.475644,-0.680147,0.526972,-1104.270996,1517.913574,-4602.371582,-1098.179077,1437.699585,-4614.534180,-1091.818726,1562.584106,-4628.143555,-1121.247559,1467.161987,-4564.754395,-1105.838867,1604.208984,-4602.054199,,,,,,,,,,,,,2616.282715,1567.732910,-3159.791016,,,,,,,,,,,,,,,,,,,,,,,,,,,,,,,,,
3805,38.050000,0.000000,0.000000,0.000000,1.000000,0.000000,0.000000,0.000000,57.698101,20.499701,-14.700500,0.047771,-0.013570,0.015998,-15.666301,-52.738201,18.801300,-93.396698,0.129960,17.611099,-0.182931,-0.475644,-0.680147,0.526972,-1104.270996,1517.913574,-4602.371582,-1098.179077,1437.699585,-4614.534180,-1091.818726,1562.584106,-4628.143555,-1121.247559,1467.161987,-4564.754395,-1105.838867,1604.208984,-4602.054199,,,,,,,,,,,,,2616.312988,1567.718872,-3159.770508,,,,,,,,,,,,,,,,,,,,,,,,,,,,,,,,,
3806,38.060000,0.000000,0.000000,0.000000,1.000000,0.000000,0.000000,0.000000,57.698101,20.499701,-14.700500,0.047771,-0.013570,0.015998,-15.666301,-52.738201,18.801300,-93.396698,0.129960,17.611099,-0.182931,-0.475644,-0.680147,0.526972,-1104.270996,1517.913574,-4602.371582,-1098.179077,1437.699585,-4614.534180,-1091.818726,1562.584106,-4628.143555,-1121.247559,1467.161987,-4564.754395,-1105.838867,1604.208984,-4602.054199,,,,,,,,,,,,,2616.299316,1567.741577,-3159.767822,,,,,,,,,,,,,,,,,,,,,,,,,,,,,,,,,
3807,38.070000,0.000000,0.000000,0.000000,1.000000,0.000000,0.000000,0.000000,57.698101,20.499701,-14.700500,0.047771,-0.013570,0.015998,-15.666301,-52.738201,18.801300,-93.396698,0.129960,17.611099,-0.182931,-0.475644,-0.680147,0.526972,-1104.270996,1517.913574,-4602.371582,-1098.179077,1437.699585,-4614.534180,-1091.818726,1562.584106,-4628.143555,-1121.247559,1467.161987,-4564.754395,-1105.838867,1604.208984,-4602.054199,,,,,,,,,,,,,2616.286621,1567.753540,-3159.793945,,,,,,,,,,,,,,,,,,,,,,,,,,,,,,,,,
3808,38.080000,0.000000,0.000000,0.000000,1.000000,0.000000,0.000000,0.000000,57.698101,20.499701,-14.700500,0.047771,-0.013570,0.015998,-15.666301,-52.738201,18.801300,-93.396698,0.129960,17.611099,-0.182931,-0.475644,-0.680147,0.526972,-1104.270996,1517.913574,-4602.371582,-1098.179077,1437.699585,-4614.534180,-1091.818726,1562.584106,-4628.143555,-1121.247559,1467.161987,-4564.754395,-1105.838867,1604.208984,-4602.054199,,,,,,,,,,,,,2616.268311,1567.720459,-3159.802734,,,,,,,,,,,,,,,,,,,,,,,,,,,,,,,,,
3809,38.090000,0.000000,0.000000,0.000000,1.000000,0.000000,0.000000,0.000000,57.698101,20.499701,-14.700500,0.047771,-0.013570,0.015998,-15.666301,-52.738201,18.801300,-93.396698,0.129960,17.611099,-0.182931,-0.475644,-0.680147,0.526972,-1104.270996,1517.913574,-4602.371582,-1098.179077,1437.699585,-4614.534180,-1091.818726,1562.584106,-4628.143555,-1121.247559,1467.161987,-4564.754395,-1105.838867,1604.208984,-4602.054199,,,,,,,,,,,,,2616.277832,1567.737061,-3159.779541,,,,,,,,,,,,,,,,,,,,,,,,,,,,,,,,,
3810,38.100000,0.000000,0.000000,0.000000,1.000000,0.000000,0.000000,0.000000,57.698101,20.499701,-14.700500,0.047771,-0.013570,0.015998,-15.666301,-52.738201,18.801300,-93.396698,0.129960,17.611099,-0.182931,-0.475644,-0.680147,0.526972,-1104.270996,1517.913574,-4602.371582,-1098.179077,1437.699585,-4614.534180,-1091.818726,1562.584106,-4628.143555,-1121.247559,1467.161987,-4564.754395,-1105.838867,1604.208984,-4602.054199,,,,,,,,,,,,,2616.292480,1567.744873,-3159.783447,,,,,,,,,,,,,,,,,,,,,,,,,,,,,,,,,
3811,38.110000,0.000000,0.000000,0.000000,1.000000,0.000000,0.000000,0.000000,57.698101,20.499701,-14.700500,0.047771,-0.013570,0.015998,-15.666301,-52.738201,18.801300,-93.396698,0.129960,17.611099,-0.182931,-0.475644,-0.680147,0.526972,-1104.270996,1517.913574,-4602.371582,-1098.179077,1437.699585,-4614.534180,-1091.818726,1562.584106,-4628.143555,-1121.247559,1467.161987,-4564.754395,-1105.838867,1604.208984,-4602.054199,,,,,,,,,,,,,2616.316650,1567.704102,-3159.770752,,,,,,,,,,,,,,,,,,,,,,,,,,,,,,,,,
3812,38.120000,0.000000,0.000000,0.000000,1.000000,0.000000,0.000000,0.000000,57.698101,20.499701,-14.700500,0.047771,-0.013570,0.015998,-15.666301,-52.738201,18.801300,-93.396698,0.129960,17.611099,-0.182931,-0.475644,-0.680147,0.526972,-1104.270996,1517.913574,-4602.371582,-1098.179077,1437.699585,-4614.534180,-1091.818726,1562.584106,-4628.143555,-1121.247559,1467.161987,-4564.754395,-1105.838867,1604.208984,-4602.054199,,,,,,,,,,,,,2616.292236,1567.733643,-3159.767090,,,,,,,,,,,,,,,,,,,,,,,,,,,,,,,,,
3813,38.130000,0.000000,0.000000,0.000000,1.000000,0.000000,0.000000,0.000000,57.698101,20.499701,-14.700500,0.047771,-0.013570,0.015998,-15.666301,-52.738201,18.801300,-93.396698,0.129960,17.611099,-0.182931,-0.475644,-0.680147,0.526972,-1104.270996,1517.913574,-4602.371582,-1098.179077,1437.699585,-4614.534180,-1091.818726,1562.584106,-4628.143555,-1121.247559,1467.161987,-4564.754395,-1105.838867,1604.208984,-4602.054199,,,,,,,,,,,,,2616.284912,1567.747192,-3159.781982,,,,,,,,,,,,,,,,,,,,,,,,,,,,,,,,,
3814,38.140000,0.000000,0.000000,0.000000,1.000000,0.000000,0.000000,0.000000,57.698101,20.499701,-14.700500,0.047771,-0.013570,0.015998,-15.666301,-52.738201,18.801300,-93.396698,0.129960,17.611099,-0.182931,-0.475644,-0.680147,0.526972,-1104.270996,1517.913574,-4602.371582,-1098.179077,1437.699585,-4614.534180,-1091.818726,1562.584106,-4628.143555,-1121.247559,1467.161987,-4564.754395,-1105.838867,1604.208984,-4602.054199,,,,,,,,,,,,,2616.303711,1567.735474,-3159.771484,,,,,,,,,,,,,,,,,,,,,,,,,,,,,,,,,
3815,38.150000,0.000000,0.000000,0.000000,1.000000,0.000000,0.000000,0.000000,57.698101,20.499701,-14.700500,0.047771,-0.013570,0.015998,-15.666301,-52.738201,18.801300,-93.396698,0.129960,17.611099,-0.182931,-0.475644,-0.680147,0.526972,-1104.270996,1517.913574,-4602.371582,-1098.179077,1437.699585,-4614.534180,-1091.818726,1562.584106,-4628.143555,-1121.247559,1467.161987,-4564.754395,-1105.838867,1604.208984,-4602.054199,,,,,,,,,,,,,2616.305908,1567.737549,-3159.761475,,,,,,,,,,,,,,,,,,,,,,,,,,,,,,,,,
3816,38.160000,0.000000,0.000000,0.000000,1.000000,0.000000,0.000000,0.000000,57.698101,20.499701,-14.700500,0.047771,-0.013570,0.015998,-15.666301,-52.738201,18.801300,-93.396698,0.129960,17.611099,-0.182931,-0.475644,-0.680147,0.526972,-1104.270996,1517.913574,-4602.371582,-1098.179077,1437.699585,-4614.534180,-1091.818726,1562.584106,-4628.143555,-1121.247559,1467.161987,-4564.754395,-1105.838867,1604.208984,-4602.054199,,,,,,,,,,,,,2616.284912,1567.736816,-3159.776611,,,,,,,,,,,,,,,,,,,,,,,,,,,,,,,,,
3817,38.170000,0.000000,0.000000,0.000000,1.000000,0.000000,0.000000,0.000000,57.698101,20.499701,-14.700500,0.047771,-0.013570,0.015998,-15.666301,-52.738201,18.801300,-93.396698,0.129960,17.611099,-0.182931,-0.475644,-0.680147,0.526972,-1104.270996,1517.913574,-4602.371582,-1098.179077,1437.699585,-4614.534180,-1091.818726,1562.584106,-4628.143555,-1121.247559,1467.161987,-4564.754395,-1105.838867,1604.208984,-4602.054199,,,,,,,,,,,,,2616.278076,1567.759033,-3159.768555,,,,,,,,,,,,,,,,,,,,,,,,,,,,,,,,,
3818,38.180000,0.000000,0.000000,0.000000,1.000000,0.000000,0.000000,0.000000,57.698101,20.499701,-14.700500,0.047771,-0.013570,0.015998,-15.666301,-52.738201,18.801300,-93.396698,0.129960,17.611099,-0.182931,-0.475644,-0.680147,0.526972,-1104.270996,1517.913574,-4602.371582,-1098.179077,1437.699585,-4614.534180,-1091.818726,1562.584106,-4628.143555,-1121.247559,1467.161987,-4564.754395,-1105.838867,1604.208984,-4602.054199,,,,,,,,,,,,,2616.276855,1567.724121,-3159.778076,,,,,,,,,,,,,,,,,,,,,,,,,,,,,,,,,
3819,38.190000,0.000000,0.000000,0.000000,1.000000,0.000000,0.000000,0.000000,57.698101,20.499701,-14.700500,0.047771,-0.013570,0.015998,-15.666301,-52.738201,18.801300,-93.396698,0.129960,17.611099,-0.182931,-0.475644,-0.680147,0.526972,-1104.270996,1517.913574,-4602.371582,-1098.179077,1437.699585,-4614.534180,-1091.818726,1562.584106,-4628.143555,-1121.247559,1467.161987,-4564.754395,-1105.838867,1604.208984,-4602.054199,,,,,,,,,,,,,2616.272217,1567.704834,-3159.772217,,,,,,,,,,,,,,,,,,,,,,,,,,,,,,,,,
3820,38.200000,0.000000,0.000000,0.000000,1.000000,0.000000,0.000000,0.000000,57.698101,20.499701,-14.700500,0.047771,-0.013570,0.015998,-15.666301,-52.738201,18.801300,-93.396698,0.129960,17.611099,-0.182931,-0.475644,-0.680147,0.526972,-1104.270996,1517.913574,-4602.371582,-1098.179077,1437.699585,-4614.534180,-1091.818726,1562.584106,-4628.143555,-1121.247559,1467.161987,-4564.754395,-1105.838867,1604.208984,-4602.054199,,,,,,,,,,,,,2616.294922,1567.739136,-3159.766113,,,,,,,,,,,,,,,,,,,,,,,,,,,,,,,,,
3821,38.210000,0.000000,0.000000,0.000000,1.000000,0.000000,0.000000,0.000000,57.698101,20.499701,-14.700500,0.047771,-0.013570,0.015998,-15.666301,-52.738201,18.801300,-93.396698,0.129960,17.611099,-0.182931,-0.475644,-0.680147,0.526972,-1104.270996,1517.913574,-4602.371582,-1098.179077,1437.699585,-4614.534180,-1091.818726,1562.584106,-4628.143555,-1121.247559,1467.161987,-4564.754395,-1105.838867,1604.208984,-4602.054199,,,,,,,,,,,,,2616.262939,1567.730835,-3159.782227,,,,,,,,,,,,,,,,,,,,,,,,,,,,,,,,,
3822,38.220000,0.000000,0.000000,0.000000,1.000000,0.000000,0.000000,0.000000,57.698101,20.499701,-14.700500,0.047771,-0.013570,0.015998,-15.666301,-52.738201,18.801300,-93.396698,0.129960,17.611099,-0.182931,-0.475644,-0.680147,0.526972,-1104.270996,1517.913574,-4602.371582,-1098.179077,1437.699585,-4614.534180,-1091.818726,1562.584106,-4628.143555,-1121.247559,1467.161987,-4564.754395,-1105.838867,1604.208984,-4602.054199,,,,,,,,,,,,,2616.288818,1567.759888,-3159.775879,,,,,,,,,,,,,,,,,,,,,,,,,,,,,,,,,
3823,38.230000,0.000000,0.000000,0.000000,1.000000,0.000000,0.000000,0.000000,57.698101,20.499701,-14.700500,0.047771,-0.013570,0.015998,-15.666301,-52.738201,18.801300,-93.396698,0.129960,17.611099,-0.182931,-0.475644,-0.680147,0.526972,-1104.270996,1517.913574,-4602.371582,-1098.179077,1437.699585,-4614.534180,-1091.818726,1562.584106,-4628.143555,-1121.247559,1467.161987,-4564.754395,-1105.838867,1604.208984,-4602.054199,,,,,,,,,,,,,2616.260254,1567.759033,-3159.792480,,,,,,,,,,,,,,,,,,,,,,,,,,,,,,,,,
3824,38.240000,0.000000,0.000000,0.000000,1.000000,0.000000,0.000000,0.000000,57.698101,20.499701,-14.700500,0.047771,-0.013570,0.015998,-15.666301,-52.738201,18.801300,-93.396698,0.129960,17.611099,-0.182931,-0.475644,-0.680147,0.526972,-1104.270996,1517.913574,-4602.371582,-1098.179077,1437.699585,-4614.534180,-1091.818726,1562.584106,-4628.143555,-1121.247559,1467.161987,-4564.754395,-1105.838867,1604.208984,-4602.054199,,,,,,,,,,,,,2616.287598,1567.739990,-3159.783447,,,,,,,,,,,,,,,,,,,,,,,,,,,,,,,,,
3825,38.250000,0.000000,0.000000,0.000000,1.000000,0.000000,0.000000,0.000000,57.698101,20.499701,-14.700500,0.047771,-0.013570,0.015998,-15.666301,-52.738201,18.801300,-93.396698,0.129960,17.611099,-0.182931,-0.475644,-0.680147,0.526972,-1104.270996,1517.913574,-4602.371582,-1098.179077,1437.699585,-4614.534180,-1091.818726,1562.584106,-4628.143555,-1121.247559,1467.161987,-4564.754395,-1105.838867,1604.208984,-4602.054199,,,,,,,,,,,,,2616.292236,1567.755859,-3159.784424,,,,,,,,,,,,,,,,,,,,,,,,,,,,,,,,,
3826,38.260000,0.000000,0.000000,0.000000,1.000000,0.000000,0.000000,0.000000,57.698101,20.499701,-14.700500,0.047771,-0.013570,0.015998,-15.666301,-52.738201,18.801300,-93.396698,0.129960,17.611099,-0.182931,-0.475644,-0.680147,0.526972,-1104.270996,1517.913574,-4602.371582,-1098.179077,1437.699585,-4614.534180,-1091.818726,1562.584106,-4628.143555,-1121.247559,1467.161987,-4564.754395,-1105.838867,1604.208984,-4602.054199,,,,,,,,,,,,,2616.279297,1567.774292,-3159.789551,,,,,,,,,,,,,,,,,,,,,,,,,,,,,,,,,
3827,38.270000,0.000000,0.000000,0.000000,1.000000,0.000000,0.000000,0.000000,57.698101,20.499701,-14.700500,0.047771,-0.013570,0.015998,-15.666301,-52.738201,18.801300,-93.396698,0.129960,17.611099,-0.182931,-0.475644,-0.680147,0.526972,-1104.270996,1517.913574,-4602.371582,-1098.179077,1437.699585,-4614.534180,-1091.818726,1562.584106,-4628.143555,-1121.247559,1467.161987,-4564.754395,-1105.838867,1604.208984,-4602.054199,,,,,,,,,,,,,2616.273682,1567.787476,-3159.796631,,,,,,,,,,,,,,,,,,,,,,,,,,,,,,,,,
3828,38.280000,0.000000,0.000000,0.000000,1.000000,0.000000,0.000000,0.000000,57.698101,20.499701,-14.700500,0.047771,-0.013570,0.015998,-15.666301,-52.738201,18.801300,-93.396698,0.129960,17.611099,-0.182931,-0.475644,-0.680147,0.526972,-1104.270996,1517.913574,-4602.371582,-1098.179077,1437.699585,-4614.534180,-1091.818726,1562.584106,-4628.143555,-1121.247559,1467.161987,-4564.754395,-1105.838867,1604.208984,-4602.054199,,,,,,,,,,,,,2616.304199,1567.744873,-3159.798584,,,,,,,,,,,,,,,,,,,,,,,,,,,,,,,,,
3829,38.290000,0.000000,0.000000,0.000000,1.000000,0.000000,0.000000,0.000000,57.698101,20.499701,-14.700500,0.047771,-0.013570,0.015998,-15.666301,-52.738201,18.801300,-93.396698,0.129960,17.611099,-0.182931,-0.475644,-0.680147,0.526972,-1104.270996,1517.913574,-4602.371582,-1098.179077,1437.699585,-4614.534180,-1091.818726,1562.584106,-4628.143555,-1121.247559,1467.161987,-4564.754395,-1105.838867,1604.208984,-4602.054199,,,,,,,,,,,,,2616.299316,1567.763184,-3159.778076,,,,,,,,,,,,,,,,,,,,,,,,,,,,,,,,,
3830,38.300000,0.000000,0.000000,0.000000,1.000000,0.000000,0.000000,0.000000,57.698101,20.499701,-14.700500,0.047771,-0.013570,0.015998,-15.666301,-52.738201,18.801300,-93.396698,0.129960,17.611099,-0.182931,-0.475644,-0.680147,0.526972,-1104.270996,1517.913574,-4602.371582,-1098.179077,1437.699585,-4614.534180,-1091.818726,1562.584106,-4628.143555,-1121.247559,1467.161987,-4564.754395,-1105.838867,1604.208984,-4602.054199,,,,,,,,,,,,,2616.296875,1567.728882,-3159.790771,,,,,,,,,,,,,,,,,,,,,,,,,,,,,,,,,
3831,38.310000,0.000000,0.000000,0.000000,1.000000,0.000000,0.000000,0.000000,57.698101,20.499701,-14.700500,0.047771,-0.013570,0.015998,-15.666301,-52.738201,18.801300,-93.396698,0.129960,17.611099,-0.182931,-0.475644,-0.680147,0.526972,-1104.270996,1517.913574,-4602.371582,-1098.179077,1437.699585,-4614.534180,-1091.818726,1562.584106,-4628.143555,-1121.247559,1467.161987,-4564.754395,-1105.838867,1604.208984,-4602.054199,,,,,,,,,,,,,2616.310547,1567.716309,-3159.775879,,,,,,,,,,,,,,,,,,,,,,,,,,,,,,,,,
3832,38.320000,0.000000,0.000000,0.000000,1.000000,0.000000,0.000000,0.000000,57.698101,20.499701,-14.700500,0.047771,-0.013570,0.015998,-15.666301,-52.738201,18.801300,-93.396698,0.129960,17.611099,-0.182931,-0.475644,-0.680147,0.526972,-1104.270996,1517.913574,-4602.371582,-1098.179077,1437.699585,-4614.534180,-1091.818726,1562.584106,-4628.143555,-1121.247559,1467.161987,-4564.754395,-1105.838867,1604.208984,-4602.054199,,,,,,,,,,,,,2616.267090,1567.756958,-3159.791748,,,,,,,,,,,,,,,,,,,,,,,,,,,,,,,,,
3833,38.330000,0.000000,0.000000,0.000000,1.000000,0.000000,0.000000,0.000000,57.698101,20.499701,-14.700500,0.047771,-0.013570,0.015998,-15.666301,-52.738201,18.801300,-93.396698,0.129960,17.611099,-0.182931,-0.475644,-0.680147,0.526972,-1104.270996,1517.913574,-4602.371582,-1098.179077,1437.699585,-4614.534180,-1091.818726,1562.584106,-4628.143555,-1121.247559,1467.161987,-4564.754395,-1105.838867,1604.208984,-4602.054199,,,,,,,,,,,,,2616.243408,1567.748047,-3159.804199,,,,,,,,,,,,,,,,,,,,,,,,,,,,,,,,,
3834,38.340000,0.000000,0.000000,0.000000,1.000000,0.000000,0.000000,0.000000,57.698101,20.499701,-14.700500,0.047771,-0.013570,0.015998,-15.666301,-52.738201,18.801300,-93.396698,0.129960,17.611099,-0.182931,-0.475644,-0.680147,0.526972,-1104.270996,1517.913574,-4602.371582,-1098.179077,1437.699585,-4614.534180,-1091.818726,1562.584106,-4628.143555,-1121.247559,1467.161987,-4564.754395,-1105.838867,1604.208984,-4602.054199,,,,,,,,,,,,,2616.274414,1567.760986,-3159.803711,,,,,,,,,,,,,,,,,,,,,,,,,,,,,,,,,
3835,38.350000,0.000000,0.000000,0.000000,1.000000,0.000000,0.000000,0.000000,57.698101,20.499701,-14.700500,0.047771,-0.013570,0.015998,-15.666301,-52.738201,18.801300,-93.396698,0.129960,17.611099,-0.182931,-0.475644,-0.680147,0.526972,-1104.270996,1517.913574,-4602.371582,-1098.179077,1437.699585,-4614.534180,-1091.818726,1562.584106,-4628.143555,-1121.247559,1467.161987,-4564.754395,-1105.838867,1604.208984,-4602.054199,,,,,,,,,,,,,2616.281982,1567.723389,-3159.787354,,,,,,,,,,,,,,,,,,,,,,,,,,,,,,,,,
3836,38.360000,0.000000,0.000000,0.000000,1.000000,0.000000,0.000000,0.000000,57.698101,20.499701,-14.700500,0.047771,-0.013570,0.015998,-15.666301,-52.738201,18.801300,-93.396698,0.129960,17.611099,-0.182931,-0.475644,-0.680147,0.526972,-1104.270996,1517.913574,-4602.371582,-1098.179077,1437.699585,-4614.534180,-1091.818726,1562.584106,-4628.143555,-1121.247559,1467.161987,-4564.754395,-1105.838867,1604.208984,-4602.054199,,,,,,,,,,,,,2616.307129,1567.760620,-3159.774658,,,,,,,,,,,,,,,,,,,,,,,,,,,,,,,,,
3837,38.370000,0.000000,0.000000,0.000000,1.000000,0.000000,0.000000,0.000000,57.698101,20.499701,-14.700500,0.047771,-0.013570,0.015998,-15.666301,-52.738201,18.801300,-93.396698,0.129960,17.611099,-0.182931,-0.475644,-0.680147,0.526972,-1104.270996,1517.913574,-4602.371582,-1098.179077,1437.699585,-4614.534180,-1091.818726,1562.584106,-4628.143555,-1121.247559,1467.161987,-4564.754395,-1105.838867,1604.208984,-4602.054199,,,,,,,,,,,,,2616.314697,1567.731445,-3159.777588,,,,,,,,,,,,,,,,,,,,,,,,,,,,,,,,,
3838,38.380000,0.000000,0.000000,0.000000,1.000000,0.000000,0.000000,0.000000,57.698101,20.499701,-14.700500,0.047771,-0.013570,0.015998,-15.666301,-52.738201,18.801300,-93.396698,0.129960,17.611099,-0.182931,-0.475644,-0.680147,0.526972,-1104.270996,1517.913574,-4602.371582,-1098.179077,1437.699585,-4614.534180,-1091.818726,1562.584106,-4628.143555,-1121.247559,1467.161987,-4564.754395,-1105.838867,1604.208984,-4602.054199,,,,,,,,,,,,,2616.275146,1567.731567,-3159.781494,,,,,,,,,,,,,,,,,,,,,,,,,,,,,,,,,
3839,38.390000,0.000000,0.000000,0.000000,1.000000,0.000000,0.000000,0.000000,57.698101,20.499701,-14.700500,0.047771,-0.013570,0.015998,-15.666301,-52.738201,18.801300,-93.396698,0.129960,17.611099,-0.182931,-0.475644,-0.680147,0.526972,-1104.270996,1517.913574,-4602.371582,-1098.179077,1437.699585,-4614.534180,-1091.818726,1562.584106,-4628.143555,-1121.247559,1467.161987,-4564.754395,-1105.838867,1604.208984,-4602.054199,,,,,,,,,,,,,2616.287109,1567.743652,-3159.780029,,,,,,,,,,,,,,,,,,,,,,,,,,,,,,,,,
3840,38.400000,0.000000,0.000000,0.000000,1.000000,0.000000,0.000000,0.000000,57.698101,20.499701,-14.700500,0.047771,-0.013570,0.015998,-15.666301,-52.738201,18.801300,-93.396698,0.129960,17.611099,-0.182931,-0.475644,-0.680147,0.526972,-1104.270996,1517.913574,-4602.371582,-1098.179077,1437.699585,-4614.534180,-1091.818726,1562.584106,-4628.143555,-1121.247559,1467.161987,-4564.754395,-1105.838867,1604.208984,-4602.054199,,,,,,,,,,,,,2616.281738,1567.769287,-3159.774902,,,,,,,,,,,,,,,,,,,,,,,,,,,,,,,,,
3841,38.410000,0.000000,0.000000,0.000000,1.000000,0.000000,0.000000,0.000000,57.698101,20.499701,-14.700500,0.047771,-0.013570,0.015998,-15.666301,-52.738201,18.801300,-93.396698,0.129960,17.611099,-0.182931,-0.475644,-0.680147,0.526972,-1104.270996,1517.913574,-4602.371582,-1098.179077,1437.699585,-4614.534180,-1091.818726,1562.584106,-4628.143555,-1121.247559,1467.161987,-4564.754395,-1105.838867,1604.208984,-4602.054199,,,,,,,,,,,,,2616.293457,1567.765747,-3159.780273,,,,,,,,,,,,,,,,,,,,,,,,,,,,,,,,,
3842,38.420000,0.000000,0.000000,0.000000,1.000000,0.000000,0.000000,0.000000,57.698101,20.499701,-14.700500,0.047771,-0.013570,0.015998,-15.666301,-52.738201,18.801300,-93.396698,0.129960,17.611099,-0.182931,-0.475644,-0.680147,0.526972,-1104.270996,1517.913574,-4602.371582,-1098.179077,1437.699585,-4614.534180,-1091.818726,1562.584106,-4628.143555,-1121.247559,1467.161987,-4564.754395,-1105.838867,1604.208984,-4602.054199,,,,,,,,,,,,,2616.294678,1567.738892,-3159.761230,,,,,,,,,,,,,,,,,,,,,,,,,,,,,,,,,
3843,38.430000,0.000000,0.000000,0.000000,1.000000,0.000000,0.000000,0.000000,57.698101,20.499701,-14.700500,0.047771,-0.013570,0.015998,-15.666301,-52.738201,18.801300,-93.396698,0.129960,17.611099,-0.182931,-0.475644,-0.680147,0.526972,-1104.270996,1517.913574,-4602.371582,-1098.179077,1437.699585,-4614.534180,-1091.818726,1562.584106,-4628.143555,-1121.247559,1467.161987,-4564.754395,-1105.838867,1604.208984,-4602.054199,,,,,,,,,,,,,2616.272461,1567.755127,-3159.771484,,,,,,,,,,,,,,,,,,,,,,,,,,,,,,,,,
3844,38.440000,0.000000,0.000000,0.000000,1.000000,0.000000,0.000000,0.000000,57.698101,20.499701,-14.700500,0.047771,-0.013570,0.015998,-15.666301,-52.738201,18.801300,-93.396698,0.129960,17.611099,-0.182931,-0.475644,-0.680147,0.526972,-1104.270996,1517.913574,-4602.371582,-1098.179077,1437.699585,-4614.534180,-1091.818726,1562.584106,-4628.143555,-1121.247559,1467.161987,-4564.754395,-1105.838867,1604.208984,-4602.054199,,,,,,,,,,,,,2616.278809,1567.726807,-3159.771973,,,,,,,,,,,,,,,,,,,,,,,,,,,,,,,,,
3845,38.450000,0.000000,0.000000,0.000000,1.000000,0.000000,0.000000,0.000000,57.698101,20.499701,-14.700500,0.047771,-0.013570,0.015998,-15.666301,-52.738201,18.801300,-93.396698,0.129960,17.611099,-0.182931,-0.475644,-0.680147,0.526972,-1104.270996,1517.913574,-4602.371582,-1098.179077,1437.699585,-4614.534180,-1091.818726,1562.584106,-4628.143555,-1121.247559,1467.161987,-4564.754395,-1105.838867,1604.208984,-4602.054199,,,,,,,,,,,,,2616.289551,1567.760864,-3159.774658,,,,,,,,,,,,,,,,,,,,,,,,,,,,,,,,,
3846,38.460000,0.000000,0.000000,0.000000,1.000000,0.000000,0.000000,0.000000,57.698101,20.499701,-14.700500,0.047771,-0.013570,0.015998,-15.666301,-52.738201,18.801300,-93.396698,0.129960,17.611099,-0.182931,-0.475644,-0.680147,0.526972,-1104.270996,1517.913574,-4602.371582,-1098.179077,1437.699585,-4614.534180,-1091.818726,1562.584106,-4628.143555,-1121.247559,1467.161987,-4564.754395,-1105.838867,1604.208984,-4602.054199,,,,,,,,,,,,,2616.312012,1567.747803,-3159.766602,,,,,,,,,,,,,,,,,,,,,,,,,,,,,,,,,
3847,38.470000,0.000000,0.000000,0.000000,1.000000,0.000000,0.000000,0.000000,57.698101,20.499701,-14.700500,0.047771,-0.013570,0.015998,-15.666301,-52.738201,18.801300,-93.396698,0.129960,17.611099,-0.182931,-0.475644,-0.680147,0.526972,-1104.270996,1517.913574,-4602.371582,-1098.179077,1437.699585,-4614.534180,-1091.818726,1562.584106,-4628.143555,-1121.247559,1467.161987,-4564.754395,-1105.838867,1604.208984,-4602.054199,,,,,,,,,,,,,2616.305664,1567.705933,-3159.763428,,,,,,,,,,,,,,,,,,,,,,,,,,,,,,,,,
3848,38.480000,0.000000,0.000000,0.000000,1.000000,0.000000,0.000000,0.000000,57.698101,20.499701,-14.700500,0.047771,-0.013570,0.015998,-15.666301,-52.738201,18.801300,-93.396698,0.129960,17.611099,-0.182931,-0.475644,-0.680147,0.526972,-1104.270996,1517.913574,-4602.371582,-1098.179077,1437.699585,-4614.534180,-1091.818726,1562.584106,-4628.143555,-1121.247559,1467.161987,-4564.754395,-1105.838867,1604.208984,-4602.054199,,,,,,,,,,,,,2616.309570,1567.737061,-3159.756836,,,,,,,,,,,,,,,,,,,,,,,,,,,,,,,,,
3849,38.490000,0.000000,0.000000,0.000000,1.000000,0.000000,0.000000,0.000000,57.698101,20.499701,-14.700500,0.047771,-0.013570,0.015998,-15.666301,-52.738201,18.801300,-93.396698,0.129960,17.611099,-0.182931,-0.475644,-0.680147,0.526972,-1104.270996,1517.913574,-4602.371582,-1098.179077,1437.699585,-4614.534180,-1091.818726,1562.584106,-4628.143555,-1121.247559,1467.161987,-4564.754395,-1105.838867,1604.208984,-4602.054199,,,,,,,,,,,,,2616.296387,1567.762817,-3159.779053,,,,,,,,,,,,,,,,,,,,,,,,,,,,,,,,,
3850,38.500000,0.000000,0.000000,0.000000,1.000000,0.000000,0.000000,0.000000,57.698101,20.499701,-14.700500,0.047771,-0.013570,0.015998,-15.666301,-52.738201,18.801300,-93.396698,0.129960,17.611099,-0.182931,-0.475644,-0.680147,0.526972,-1104.270996,1517.913574,-4602.371582,-1098.179077,1437.699585,-4614.534180,-1091.818726,1562.584106,-4628.143555,-1121.247559,1467.161987,-4564.754395,-1105.838867,1604.208984,-4602.054199,,,,,,,,,,,,,2616.280029,1567.773560,-3159.786865,,,,,,,,,,,,,,,,,,,,,,,,,,,,,,,,,
3851,38.510000,0.000000,0.000000,0.000000,1.000000,0.000000,0.000000,0.000000,57.698101,20.499701,-14.700500,0.047771,-0.013570,0.015998,-15.666301,-52.738201,18.801300,-93.396698,0.129960,17.611099,-0.182931,-0.475644,-0.680147,0.526972,-1104.270996,1517.913574,-4602.371582,-1098.179077,1437.699585,-4614.534180,-1091.818726,1562.584106,-4628.143555,-1121.247559,1467.161987,-4564.754395,-1105.838867,1604.208984,-4602.054199,,,,,,,,,,,,,2616.292480,1567.774170,-3159.794678,,,,,,,,,,,,,,,,,,,,,,,,,,,,,,,,,
3852,38.520000,0.000000,0.000000,0.000000,1.000000,0.000000,0.000000,0.000000,57.698101,20.499701,-14.700500,0.047771,-0.013570,0.015998,-15.666301,-52.738201,18.801300,-93.396698,0.129960,17.611099,-0.182931,-0.475644,-0.680147,0.526972,-1104.270996,1517.913574,-4602.371582,-1098.179077,1437.699585,-4614.534180,-1091.818726,1562.584106,-4628.143555,-1121.247559,1467.161987,-4564.754395,-1105.838867,1604.208984,-4602.054199,,,,,,,,,,,,,2616.244141,1567.746460,-3159.774902,,,,,,,,,,,,,,,,,,,,,,,,,,,,,,,,,
3853,38.530000,0.000000,0.000000,0.000000,1.000000,0.000000,0.000000,0.000000,57.698101,20.499701,-14.700500,0.047771,-0.013570,0.015998,-15.666301,-52.738201,18.801300,-93.396698,0.129960,17.611099,-0.182931,-0.475644,-0.680147,0.526972,-1104.270996,1517.913574,-4602.371582,-1098.179077,1437.699585,-4614.534180,-1091.818726,1562.584106,-4628.143555,-1121.247559,1467.161987,-4564.754395,-1105.838867,1604.208984,-4602.054199,,,,,,,,,,,,,2616.280029,1567.761230,-3159.796875,,,,,,,,,,,,,,,,,,,,,,,,,,,,,,,,,
3854,38.540000,0.000000,0.000000,0.000000,1.000000,0.000000,0.000000,0.000000,57.698101,20.499701,-14.700500,0.047771,-0.013570,0.015998,-15.666301,-52.738201,18.801300,-93.396698,0.129960,17.611099,-0.182931,-0.475644,-0.680147,0.526972,-1104.270996,1517.913574,-4602.371582,-1098.179077,1437.699585,-4614.534180,-1091.818726,1562.584106,-4628.143555,-1121.247559,1467.161987,-4564.754395,-1105.838867,1604.208984,-4602.054199,,,,,,,,,,,,,2616.277100,1567.744995,-3159.790771,,,,,,,,,,,,,,,,,,,,,,,,,,,,,,,,,
3855,38.550000,0.000000,0.000000,0.000000,1.000000,0.000000,0.000000,0.000000,57.698101,20.499701,-14.700500,0.047771,-0.013570,0.015998,-15.666301,-52.738201,18.801300,-93.396698,0.129960,17.611099,-0.182931,-0.475644,-0.680147,0.526972,-1104.270996,1517.913574,-4602.371582,-1098.179077,1437.699585,-4614.534180,-1091.818726,1562.584106,-4628.143555,-1121.247559,1467.161987,-4564.754395,-1105.838867,1604.208984,-4602.054199,,,,,,,,,,,,,2616.301270,1567.736938,-3159.779053,,,,,,,,,,,,,,,,,,,,,,,,,,,,,,,,,
3856,38.560000,0.000000,0.000000,0.000000,1.000000,0.000000,0.000000,0.000000,57.698101,20.499701,-14.700500,0.047771,-0.013570,0.015998,-15.666301,-52.738201,18.801300,-93.396698,0.129960,17.611099,-0.182931,-0.475644,-0.680147,0.526972,-1104.270996,1517.913574,-4602.371582,-1098.179077,1437.699585,-4614.534180,-1091.818726,1562.584106,-4628.143555,-1121.247559,1467.161987,-4564.754395,-1105.838867,1604.208984,-4602.054199,,,,,,,,,,,,,2616.306641,1567.723999,-3159.778076,,,,,,,,,,,,,,,,,,,,,,,,,,,,,,,,,
3857,38.570000,0.000000,0.000000,0.000000,1.000000,0.000000,0.000000,0.000000,57.698101,20.499701,-14.700500,0.047771,-0.013570,0.015998,-15.666301,-52.738201,18.801300,-93.396698,0.129960,17.611099,-0.182931,-0.475644,-0.680147,0.526972,-1104.270996,1517.913574,-4602.371582,-1098.179077,1437.699585,-4614.534180,-1091.818726,1562.584106,-4628.143555,-1121.247559,1467.161987,-4564.754395,-1105.838867,1604.208984,-4602.054199,,,,,,,,,,,,,2616.298096,1567.776123,-3159.784668,,,,,,,,,,,,,,,,,,,,,,,,,,,,,,,,,
3858,38.580000,0.000000,0.000000,0.000000,1.000000,0.000000,0.000000,0.000000,57.698101,20.499701,-14.700500,0.047771,-0.013570,0.015998,-15.666301,-52.738201,18.801300,-93.396698,0.129960,17.611099,-0.182931,-0.475644,-0.680147,0.526972,-1104.270996,1517.913574,-4602.371582,-1098.179077,1437.699585,-4614.534180,-1091.818726,1562.584106,-4628.143555,-1121.247559,1467.161987,-4564.754395,-1105.838867,1604.208984,-4602.054199,,,,,,,,,,,,,2616.261230,1567.750488,-3159.791260,,,,,,,,,,,,,,,,,,,,,,,,,,,,,,,,,
3859,38.590000,0.000000,0.000000,0.000000,1.000000,0.000000,0.000000,0.000000,57.698101,20.499701,-14.700500,0.047771,-0.013570,0.015998,-15.666301,-52.738201,18.801300,-93.396698,0.129960,17.611099,-0.182931,-0.475644,-0.680147,0.526972,-1104.270996,1517.913574,-4602.371582,-1098.179077,1437.699585,-4614.534180,-1091.818726,1562.584106,-4628.143555,-1121.247559,1467.161987,-4564.754395,-1105.838867,1604.208984,-4602.054199,,,,,,,,,,,,,2616.268799,1567.755737,-3159.802734,,,,,,,,,,,,,,,,,,,,,,,,,,,,,,,,,
3860,38.600000,0.000000,0.000000,0.000000,1.000000,0.000000,0.000000,0.000000,57.698101,20.499701,-14.700500,0.047771,-0.013570,0.015998,-15.666301,-52.738201,18.801300,-93.396698,0.129960,17.611099,-0.182931,-0.475644,-0.680147,0.526972,-1104.270996,1517.913574,-4602.371582,-1098.179077,1437.699585,-4614.534180,-1091.818726,1562.584106,-4628.143555,-1121.247559,1467.161987,-4564.754395,-1105.838867,1604.208984,-4602.054199,,,,,,,,,,,,,2616.298828,1567.750977,-3159.777832,,,,,,,,,,,,,,,,,,,,,,,,,,,,,,,,,
3861,38.610000,0.000000,0.000000,0.000000,1.000000,0.000000,0.000000,0.000000,57.698101,20.499701,-14.700500,0.047771,-0.013570,0.015998,-15.666301,-52.738201,18.801300,-93.396698,0.129960,17.611099,-0.182931,-0.475644,-0.680147,0.526972,-1104.270996,1517.913574,-4602.371582,-1098.179077,1437.699585,-4614.534180,-1091.818726,1562.584106,-4628.143555,-1121.247559,1467.161987,-4564.754395,-1105.838867,1604.208984,-4602.054199,,,,,,,,,,,,,2616.273193,1567.745850,-3159.795898,,,,,,,,,,,,,,,,,,,,,,,,,,,,,,,,,
3862,38.620000,0.000000,0.000000,0.000000,1.000000,0.000000,0.000000,0.000000,57.698101,20.499701,-14.700500,0.047771,-0.013570,0.015998,-15.666301,-52.738201,18.801300,-93.396698,0.129960,17.611099,-0.182931,-0.475644,-0.680147,0.526972,-1104.270996,1517.913574,-4602.371582,-1098.179077,1437.699585,-4614.534180,-1091.818726,1562.584106,-4628.143555,-1121.247559,1467.161987,-4564.754395,-1105.838867,1604.208984,-4602.054199,,,,,,,,,,,,,2616.341797,1567.747314,-3159.782227,,,,,,,,,,,,,,,,,,,,,,,,,,,,,,,,,
3863,38.630000,0.000000,0.000000,0.000000,1.000000,0.000000,0.000000,0.000000,57.698101,20.499701,-14.700500,0.047771,-0.013570,0.015998,-15.666301,-52.738201,18.801300,-93.396698,0.129960,17.611099,-0.182931,-0.475644,-0.680147,0.526972,-1104.270996,1517.913574,-4602.371582,-1098.179077,1437.699585,-4614.534180,-1091.818726,1562.584106,-4628.143555,-1121.247559,1467.161987,-4564.754395,-1105.838867,1604.208984,-4602.054199,,,,,,,,,,,,,2616.304443,1567.717407,-3159.773926,,,,,,,,,,,,,,,,,,,,,,,,,,,,,,,,,
3864,38.640000,0.000000,0.000000,0.000000,1.000000,0.000000,0.000000,0.000000,57.698101,20.499701,-14.700500,0.047771,-0.013570,0.015998,-15.666301,-52.738201,18.801300,-93.396698,0.129960,17.611099,-0.182931,-0.475644,-0.680147,0.526972,-1104.270996,1517.913574,-4602.371582,-1098.179077,1437.699585,-4614.534180,-1091.818726,1562.584106,-4628.143555,-1121.247559,1467.161987,-4564.754395,-1105.838867,1604.208984,-4602.054199,,,,,,,,,,,,,2616.290527,1567.737793,-3159.778076,,,,,,,,,,,,,,,,,,,,,,,,,,,,,,,,,
3865,38.650000,0.000000,0.000000,0.000000,1.000000,0.000000,0.000000,0.000000,57.698101,20.499701,-14.700500,0.047771,-0.013570,0.015998,-15.666301,-52.738201,18.801300,-93.396698,0.129960,17.611099,-0.182931,-0.475644,-0.680147,0.526972,-1104.270996,1517.913574,-4602.371582,-1098.179077,1437.699585,-4614.534180,-1091.818726,1562.584106,-4628.143555,-1121.247559,1467.161987,-4564.754395,-1105.838867,1604.208984,-4602.054199,,,,,,,,,,,,,2616.304932,1567.741943,-3159.777832,,,,,,,,,,,,,,,,,,,,,,,,,,,,,,,,,
3866,38.660000,0.000000,0.000000,0.000000,1.000000,0.000000,0.000000,0.000000,57.698101,20.499701,-14.700500,0.047771,-0.013570,0.015998,-15.666301,-52.738201,18.801300,-93.396698,0.129960,17.611099,-0.182931,-0.475644,-0.680147,0.526972,-1104.270996,1517.913574,-4602.371582,-1098.179077,1437.699585,-4614.534180,-1091.818726,1562.584106,-4628.143555,-1121.247559,1467.161987,-4564.754395,-1105.838867,1604.208984,-4602.054199,,,,,,,,,,,,,2616.277344,1567.730957,-3159.774902,,,,,,,,,,,,,,,,,,,,,,,,,,,,,,,,,
3867,38.670000,0.000000,0.000000,0.000000,1.000000,0.000000,0.000000,0.000000,57.698101,20.499701,-14.700500,0.047771,-0.013570,0.015998,-15.666301,-52.738201,18.801300,-93.396698,0.129960,17.611099,-0.182931,-0.475644,-0.680147,0.526972,-1104.270996,1517.913574,-4602.371582,-1098.179077,1437.699585,-4614.534180,-1091.818726,1562.584106,-4628.143555,-1121.247559,1467.161987,-4564.754395,-1105.838867,1604.208984,-4602.054199,,,,,,,,,,,,,2616.247314,1567.727905,-3159.779297,,,,,,,,,,,,,,,,,,,,,,,,,,,,,,,,,
3868,38.680000,0.000000,0.000000,0.000000,1.000000,0.000000,0.000000,0.000000,57.698101,20.499701,-14.700500,0.047771,-0.013570,0.015998,-15.666301,-52.738201,18.801300,-93.396698,0.129960,17.611099,-0.182931,-0.475644,-0.680147,0.526972,-1104.270996,1517.913574,-4602.371582,-1098.179077,1437.699585,-4614.534180,-1091.818726,1562.584106,-4628.143555,-1121.247559,1467.161987,-4564.754395,-1105.838867,1604.208984,-4602.054199,,,,,,,,,,,,,2616.283936,1567.732910,-3159.788330,,,,,,,,,,,,,,,,,,,,,,,,,,,,,,,,,
3869,38.690000,0.000000,0.000000,0.000000,1.000000,0.000000,0.000000,0.000000,57.698101,20.499701,-14.700500,0.047771,-0.013570,0.015998,-15.666301,-52.738201,18.801300,-93.396698,0.129960,17.611099,-0.182931,-0.475644,-0.680147,0.526972,-1104.270996,1517.913574,-4602.371582,-1098.179077,1437.699585,-4614.534180,-1091.818726,1562.584106,-4628.143555,-1121.247559,1467.161987,-4564.754395,-1105.838867,1604.208984,-4602.054199,,,,,,,,,,,,,2616.294189,1567.724609,-3159.763672,,,,,,,,,,,,,,,,,,,,,,,,,,,,,,,,,
3870,38.700000,0.000000,0.000000,0.000000,1.000000,0.000000,0.000000,0.000000,57.698101,20.499701,-14.700500,0.047771,-0.013570,0.015998,-15.666301,-52.738201,18.801300,-93.396698,0.129960,17.611099,-0.182931,-0.475644,-0.680147,0.526972,-1104.270996,1517.913574,-4602.371582,-1098.179077,1437.699585,-4614.534180,-1091.818726,1562.584106,-4628.143555,-1121.247559,1467.161987,-4564.754395,-1105.838867,1604.208984,-4602.054199,,,,,,,,,,,,,2616.308105,1567.718628,-3159.763916,,,,,,,,,,,,,,,,,,,,,,,,,,,,,,,,,
3871,38.710000,0.000000,0.000000,0.000000,1.000000,0.000000,0.000000,0.000000,57.698101,20.499701,-14.700500,0.047771,-0.013570,0.015998,-15.666301,-52.738201,18.801300,-93.396698,0.129960,17.611099,-0.182931,-0.475644,-0.680147,0.526972,-1104.270996,1517.913574,-4602.371582,-1098.179077,1437.699585,-4614.534180,-1091.818726,1562.584106,-4628.143555,-1121.247559,1467.161987,-4564.754395,-1105.838867,1604.208984,-4602.054199,,,,,,,,,,,,,2616.264404,1567.739258,-3159.772949,,,,,,,,,,,,,,,,,,,,,,,,,,,,,,,,,
3872,38.720000,0.000000,0.000000,0.000000,1.000000,0.000000,0.000000,0.000000,57.698101,20.499701,-14.700500,0.047771,-0.013570,0.015998,-15.666301,-52.738201,18.801300,-93.396698,0.129960,17.611099,-0.182931,-0.475644,-0.680147,0.526972,-1104.270996,1517.913574,-4602.371582,-1098.179077,1437.699585,-4614.534180,-1091.818726,1562.584106,-4628.143555,-1121.247559,1467.161987,-4564.754395,-1105.838867,1604.208984,-4602.054199,,,,,,,,,,,,,2616.296387,1567.764893,-3159.775146,,,,,,,,,,,,,,,,,,,,,,,,,,,,,,,,,
3873,38.730000,0.000000,0.000000,0.000000,1.000000,0.000000,0.000000,0.000000,57.698101,20.499701,-14.700500,0.047771,-0.013570,0.015998,-15.666301,-52.738201,18.801300,-93.396698,0.129960,17.611099,-0.182931,-0.475644,-0.680147,0.526972,-1104.270996,1517.913574,-4602.371582,-1098.179077,1437.699585,-4614.534180,-1091.818726,1562.584106,-4628.143555,-1121.247559,1467.161987,-4564.754395,-1105.838867,1604.208984,-4602.054199,,,,,,,,,,,,,2616.285645,1567.719971,-3159.769287,,,,,,,,,,,,,,,,,,,,,,,,,,,,,,,,,
3874,38.740000,0.000000,0.000000,0.000000,1.000000,0.000000,0.000000,0.000000,57.698101,20.499701,-14.700500,0.047771,-0.013570,0.015998,-15.666301,-52.738201,18.801300,-93.396698,0.129960,17.611099,-0.182931,-0.475644,-0.680147,0.526972,-1104.270996,1517.913574,-4602.371582,-1098.179077,1437.699585,-4614.534180,-1091.818726,1562.584106,-4628.143555,-1121.247559,1467.161987,-4564.754395,-1105.838867,1604.208984,-4602.054199,,,,,,,,,,,,,2616.292480,1567.759033,-3159.774170,,,,,,,,,,,,,,,,,,,,,,,,,,,,,,,,,
3875,38.750000,0.000000,0.000000,0.000000,1.000000,0.000000,0.000000,0.000000,57.698101,20.499701,-14.700500,0.047771,-0.013570,0.015998,-15.666301,-52.738201,18.801300,-93.396698,0.129960,17.611099,-0.182931,-0.475644,-0.680147,0.526972,-1104.270996,1517.913574,-4602.371582,-1098.179077,1437.699585,-4614.534180,-1091.818726,1562.584106,-4628.143555,-1121.247559,1467.161987,-4564.754395,-1105.838867,1604.208984,-4602.054199,,,,,,,,,,,,,2616.304688,1567.762939,-3159.777832,,,,,,,,,,,,,,,,,,,,,,,,,,,,,,,,,
3876,38.760000,0.000000,0.000000,0.000000,1.000000,0.000000,0.000000,0.000000,57.698101,20.499701,-14.700500,0.047771,-0.013570,0.015998,-15.666301,-52.738201,18.801300,-93.396698,0.129960,17.611099,-0.182931,-0.475644,-0.680147,0.526972,-1104.270996,1517.913574,-4602.371582,-1098.179077,1437.699585,-4614.534180,-1091.818726,1562.584106,-4628.143555,-1121.247559,1467.161987,-4564.754395,-1105.838867,1604.208984,-4602.054199,,,,,,,,,,,,,2616.279785,1567.759033,-3159.782715,,,,,,,,,,,,,,,,,,,,,,,,,,,,,,,,,
3877,38.770000,0.000000,0.000000,0.000000,1.000000,0.000000,0.000000,0.000000,57.698101,20.499701,-14.700500,0.047771,-0.013570,0.015998,-15.666301,-52.738201,18.801300,-93.396698,0.129960,17.611099,-0.182931,-0.475644,-0.680147,0.526972,-1104.270996,1517.913574,-4602.371582,-1098.179077,1437.699585,-4614.534180,-1091.818726,1562.584106,-4628.143555,-1121.247559,1467.161987,-4564.754395,-1105.838867,1604.208984,-4602.054199,,,,,,,,,,,,,2616.271484,1567.744141,-3159.794922,,,,,,,,,,,,,,,,,,,,,,,,,,,,,,,,,
3878,38.780000,0.000000,0.000000,0.000000,1.000000,0.000000,0.000000,0.000000,57.698101,20.499701,-14.700500,0.047771,-0.013570,0.015998,-15.666301,-52.738201,18.801300,-93.396698,0.129960,17.611099,-0.182931,-0.475644,-0.680147,0.526972,-1104.270996,1517.913574,-4602.371582,-1098.179077,1437.699585,-4614.534180,-1091.818726,1562.584106,-4628.143555,-1121.247559,1467.161987,-4564.754395,-1105.838867,1604.208984,-4602.054199,,,,,,,,,,,,,2616.316162,1567.748901,-3159.780762,,,,,,,,,,,,,,,,,,,,,,,,,,,,,,,,,
3879,38.790000,0.000000,0.000000,0.000000,1.000000,0.000000,0.000000,0.000000,57.698101,20.499701,-14.700500,0.047771,-0.013570,0.015998,-15.666301,-52.738201,18.801300,-93.396698,0.129960,17.611099,-0.182931,-0.475644,-0.680147,0.526972,-1104.270996,1517.913574,-4602.371582,-1098.179077,1437.699585,-4614.534180,-1091.818726,1562.584106,-4628.143555,-1121.247559,1467.161987,-4564.754395,-1105.838867,1604.208984,-4602.054199,,,,,,,,,,,,,2616.265625,1567.747681,-3159.788330,,,,,,,,,,,,,,,,,,,,,,,,,,,,,,,,,
3880,38.800000,0.000000,0.000000,0.000000,1.000000,0.000000,0.000000,0.000000,57.698101,20.499701,-14.700500,0.047771,-0.013570,0.015998,-15.666301,-52.738201,18.801300,-93.396698,0.129960,17.611099,-0.182931,-0.475644,-0.680147,0.526972,-1104.270996,1517.913574,-4602.371582,-1098.179077,1437.699585,-4614.534180,-1091.818726,1562.584106,-4628.143555,-1121.247559,1467.161987,-4564.754395,-1105.838867,1604.208984,-4602.054199,,,,,,,,,,,,,2616.301514,1567.736206,-3159.791992,,,,,,,,,,,,,,,,,,,,,,,,,,,,,,,,,
3881,38.810000,0.000000,0.000000,0.000000,1.000000,0.000000,0.000000,0.000000,57.698101,20.499701,-14.700500,0.047771,-0.013570,0.015998,-15.666301,-52.738201,18.801300,-93.396698,0.129960,17.611099,-0.182931,-0.475644,-0.680147,0.526972,-1104.270996,1517.913574,-4602.371582,-1098.179077,1437.699585,-4614.534180,-1091.818726,1562.584106,-4628.143555,-1121.247559,1467.161987,-4564.754395,-1105.838867,1604.208984,-4602.054199,,,,,,,,,,,,,2616.307373,1567.732300,-3159.773193,,,,,,,,,,,,,,,,,,,,,,,,,,,,,,,,,
3882,38.820000,0.000000,0.000000,0.000000,1.000000,0.000000,0.000000,0.000000,57.698101,20.499701,-14.700500,0.047771,-0.013570,0.015998,-15.666301,-52.738201,18.801300,-93.396698,0.129960,17.611099,-0.182931,-0.475644,-0.680147,0.526972,-1104.270996,1517.913574,-4602.371582,-1098.179077,1437.699585,-4614.534180,-1091.818726,1562.584106,-4628.143555,-1121.247559,1467.161987,-4564.754395,-1105.838867,1604.208984,-4602.054199,,,,,,,,,,,,,2616.282227,1567.728027,-3159.781250,,,,,,,,,,,,,,,,,,,,,,,,,,,,,,,,,
3883,38.830000,0.000000,0.000000,0.000000,1.000000,0.000000,0.000000,0.000000,57.698101,20.499701,-14.700500,0.047771,-0.013570,0.015998,-15.666301,-52.738201,18.801300,-93.396698,0.129960,17.611099,-0.182931,-0.475644,-0.680147,0.526972,-1104.270996,1517.913574,-4602.371582,-1098.179077,1437.699585,-4614.534180,-1091.818726,1562.584106,-4628.143555,-1121.247559,1467.161987,-4564.754395,-1105.838867,1604.208984,-4602.054199,,,,,,,,,,,,,2616.283691,1567.750854,-3159.789795,,,,,,,,,,,,,,,,,,,,,,,,,,,,,,,,,
3884,38.840000,0.000000,0.000000,0.000000,1.000000,0.000000,0.000000,0.000000,57.698101,20.499701,-14.700500,0.047771,-0.013570,0.015998,-15.666301,-52.738201,18.801300,-93.396698,0.129960,17.611099,-0.182931,-0.475644,-0.680147,0.526972,-1104.270996,1517.913574,-4602.371582,-1098.179077,1437.699585,-4614.534180,-1091.818726,1562.584106,-4628.143555,-1121.247559,1467.161987,-4564.754395,-1105.838867,1604.208984,-4602.054199,,,,,,,,,,,,,2616.300781,1567.728027,-3159.782959,,,,,,,,,,,,,,,,,,,,,,,,,,,,,,,,,
3885,38.850000,0.000000,0.000000,0.000000,1.000000,0.000000,0.000000,0.000000,57.698101,20.499701,-14.700500,0.047771,-0.013570,0.015998,-15.666301,-52.738201,18.801300,-93.396698,0.129960,17.611099,-0.182931,-0.475644,-0.680147,0.526972,-1104.270996,1517.913574,-4602.371582,-1098.179077,1437.699585,-4614.534180,-1091.818726,1562.584106,-4628.143555,-1121.247559,1467.161987,-4564.754395,-1105.838867,1604.208984,-4602.054199,,,,,,,,,,,,,2616.289551,1567.731079,-3159.766357,,,,,,,,,,,,,,,,,,,,,,,,,,,,,,,,,
3886,38.860000,0.000000,0.000000,0.000000,1.000000,0.000000,0.000000,0.000000,57.698101,20.499701,-14.700500,0.047771,-0.013570,0.015998,-15.666301,-52.738201,18.801300,-93.396698,0.129960,17.611099,-0.182931,-0.475644,-0.680147,0.526972,-1104.270996,1517.913574,-4602.371582,-1098.179077,1437.699585,-4614.534180,-1091.818726,1562.584106,-4628.143555,-1121.247559,1467.161987,-4564.754395,-1105.838867,1604.208984,-4602.054199,,,,,,,,,,,,,2616.280273,1567.744141,-3159.788086,,,,,,,,,,,,,,,,,,,,,,,,,,,,,,,,,
3887,38.870000,0.000000,0.000000,0.000000,1.000000,0.000000,0.000000,0.000000,57.698101,20.499701,-14.700500,0.047771,-0.013570,0.015998,-15.666301,-52.738201,18.801300,-93.396698,0.129960,17.611099,-0.182931,-0.475644,-0.680147,0.526972,-1104.270996,1517.913574,-4602.371582,-1098.179077,1437.699585,-4614.534180,-1091.818726,1562.584106,-4628.143555,-1121.247559,1467.161987,-4564.754395,-1105.838867,1604.208984,-4602.054199,,,,,,,,,,,,,2616.306641,1567.753174,-3159.776123,,,,,,,,,,,,,,,,,,,,,,,,,,,,,,,,,
3888,38.880000,0.000000,0.000000,0.000000,1.000000,0.000000,0.000000,0.000000,57.698101,20.499701,-14.700500,0.047771,-0.013570,0.015998,-15.666301,-52.738201,18.801300,-93.396698,0.129960,17.611099,-0.182931,-0.475644,-0.680147,0.526972,-1104.270996,1517.913574,-4602.371582,-1098.179077,1437.699585,-4614.534180,-1091.818726,1562.584106,-4628.143555,-1121.247559,1467.161987,-4564.754395,-1105.838867,1604.208984,-4602.054199,,,,,,,,,,,,,2616.275879,1567.736450,-3159.784424,,,,,,,,,,,,,,,,,,,,,,,,,,,,,,,,,
3889,38.890000,0.000000,0.000000,0.000000,1.000000,0.000000,0.000000,0.000000,57.698101,20.499701,-14.700500,0.047771,-0.013570,0.015998,-15.666301,-52.738201,18.801300,-93.396698,0.129960,17.611099,-0.182931,-0.475644,-0.680147,0.526972,-1104.270996,1517.913574,-4602.371582,-1098.179077,1437.699585,-4614.534180,-1091.818726,1562.584106,-4628.143555,-1121.247559,1467.161987,-4564.754395,-1105.838867,1604.208984,-4602.054199,,,,,,,,,,,,,2616.274414,1567.756348,-3159.790039,,,,,,,,,,,,,,,,,,,,,,,,,,,,,,,,,
3890,38.900000,0.000000,0.000000,0.000000,1.000000,0.000000,0.000000,0.000000,57.698101,20.499701,-14.700500,0.047771,-0.013570,0.015998,-15.666301,-52.738201,18.801300,-93.396698,0.129960,17.611099,-0.182931,-0.475644,-0.680147,0.526972,-1104.270996,1517.913574,-4602.371582,-1098.179077,1437.699585,-4614.534180,-1091.818726,1562.584106,-4628.143555,-1121.247559,1467.161987,-4564.754395,-1105.838867,1604.208984,-4602.054199,,,,,,,,,,,,,2616.284424,1567.724854,-3159.780273,,,,,,,,,,,,,,,,,,,,,,,,,,,,,,,,,
3891,38.910000,0.000000,0.000000,0.000000,1.000000,0.000000,0.000000,0.000000,57.698101,20.499701,-14.700500,0.047771,-0.013570,0.015998,-15.666301,-52.738201,18.801300,-93.396698,0.129960,17.611099,-0.182931,-0.475644,-0.680147,0.526972,-1104.270996,1517.913574,-4602.371582,-1098.179077,1437.699585,-4614.534180,-1091.818726,1562.584106,-4628.143555,-1121.247559,1467.161987,-4564.754395,-1105.838867,1604.208984,-4602.054199,,,,,,,,,,,,,2616.316650,1567.736328,-3159.763916,,,,,,,,,,,,,,,,,,,,,,,,,,,,,,,,,
3892,38.920000,0.000000,0.000000,0.000000,1.000000,0.000000,0.000000,0.000000,57.698101,20.499701,-14.700500,0.047771,-0.013570,0.015998,-15.666301,-52.738201,18.801300,-93.396698,0.129960,17.611099,-0.182931,-0.475644,-0.680147,0.526972,-1104.270996,1517.913574,-4602.371582,-1098.179077,1437.699585,-4614.534180,-1091.818726,1562.584106,-4628.143555,-1121.247559,1467.161987,-4564.754395,-1105.838867,1604.208984,-4602.054199,,,,,,,,,,,,,2616.306641,1567.737793,-3159.757812,,,,,,,,,,,,,,,,,,,,,,,,,,,,,,,,,
3893,38.930000,0.000000,0.000000,0.000000,1.000000,0.000000,0.000000,0.000000,57.698101,20.499701,-14.700500,0.047771,-0.013570,0.015998,-15.666301,-52.738201,18.801300,-93.396698,0.129960,17.611099,-0.182931,-0.475644,-0.680147,0.526972,-1104.270996,1517.913574,-4602.371582,-1098.179077,1437.699585,-4614.534180,-1091.818726,1562.584106,-4628.143555,-1121.247559,1467.161987,-4564.754395,-1105.838867,1604.208984,-4602.054199,,,,,,,,,,,,,2616.294434,1567.749268,-3159.771729,,,,,,,,,,,,,,,,,,,,,,,,,,,,,,,,,
3894,38.940000,0.000000,0.000000,0.000000,1.000000,0.000000,0.000000,0.000000,57.698101,20.499701,-14.700500,0.047771,-0.013570,0.015998,-15.666301,-52.738201,18.801300,-93.396698,0.129960,17.611099,-0.182931,-0.475644,-0.680147,0.526972,-1104.270996,1517.913574,-4602.371582,-1098.179077,1437.699585,-4614.534180,-1091.818726,1562.584106,-4628.143555,-1121.247559,1467.161987,-4564.754395,-1105.838867,1604.208984,-4602.054199,,,,,,,,,,,,,2616.288818,1567.768066,-3159.777344,,,,,,,,,,,,,,,,,,,,,,,,,,,,,,,,,
3895,38.950000,0.000000,0.000000,0.000000,1.000000,0.000000,0.000000,0.000000,57.698101,20.499701,-14.700500,0.047771,-0.013570,0.015998,-15.666301,-52.738201,18.801300,-93.396698,0.129960,17.611099,-0.182931,-0.475644,-0.680147,0.526972,-1104.270996,1517.913574,-4602.371582,-1098.179077,1437.699585,-4614.534180,-1091.818726,1562.584106,-4628.143555,-1121.247559,1467.161987,-4564.754395,-1105.838867,1604.208984,-4602.054199,,,,,,,,,,,,,2616.303223,1567.772461,-3159.774902,,,,,,,,,,,,,,,,,,,,,,,,,,,,,,,,,
3896,38.960000,0.000000,0.000000,0.000000,1.000000,0.000000,0.000000,0.000000,57.698101,20.499701,-14.700500,0.047771,-0.013570,0.015998,-15.666301,-52.738201,18.801300,-93.396698,0.129960,17.611099,-0.182931,-0.475644,-0.680147,0.526972,-1104.270996,1517.913574,-4602.371582,-1098.179077,1437.699585,-4614.534180,-1091.818726,1562.584106,-4628.143555,-1121.247559,1467.161987,-4564.754395,-1105.838867,1604.208984,-4602.054199,,,,,,,,,,,,,2616.297607,1567.673584,-3159.760986,,,,,,,,,,,,,,,,,,,,,,,,,,,,,,,,,
3897,38.970000,0.000000,0.000000,0.000000,1.000000,0.000000,0.000000,0.000000,57.698101,20.499701,-14.700500,0.047771,-0.013570,0.015998,-15.666301,-52.738201,18.801300,-93.396698,0.129960,17.611099,-0.182931,-0.475644,-0.680147,0.526972,-1104.270996,1517.913574,-4602.371582,-1098.179077,1437.699585,-4614.534180,-1091.818726,1562.584106,-4628.143555,-1121.247559,1467.161987,-4564.754395,-1105.838867,1604.208984,-4602.054199,,,,,,,,,,,,,2616.272949,1567.731323,-3159.764404,,,,,,,,,,,,,,,,,,,,,,,,,,,,,,,,,
3898,38.980000,0.000000,0.000000,0.000000,1.000000,0.000000,0.000000,0.000000,57.698101,20.499701,-14.700500,0.047771,-0.013570,0.015998,-15.666301,-52.738201,18.801300,-93.396698,0.129960,17.611099,-0.182931,-0.475644,-0.680147,0.526972,-1104.270996,1517.913574,-4602.371582,-1098.179077,1437.699585,-4614.534180,-1091.818726,1562.584106,-4628.143555,-1121.247559,1467.161987,-4564.754395,-1105.838867,1604.208984,-4602.054199,,,,,,,,,,,,,2616.267578,1567.766113,-3159.771240,,,,,,,,,,,,,,,,,,,,,,,,,,,,,,,,,
3899,38.990000,0.000000,0.000000,0.000000,1.000000,0.000000,0.000000,0.000000,57.698101,20.499701,-14.700500,0.047771,-0.013570,0.015998,-15.666301,-52.738201,18.801300,-93.396698,0.129960,17.611099,-0.182931,-0.475644,-0.680147,0.526972,-1104.270996,1517.913574,-4602.371582,-1098.179077,1437.699585,-4614.534180,-1091.818726,1562.584106,-4628.143555,-1121.247559,1467.161987,-4564.754395,-1105.838867,1604.208984,-4602.054199,,,,,,,,,,,,,2616.288330,1567.731201,-3159.775391,,,,,,,,,,,,,,,,,,,,,,,,,,,,,,,,,
3900,39.000000,0.000000,0.000000,0.000000,1.000000,0.000000,0.000000,0.000000,57.698101,20.499701,-14.700500,0.047771,-0.013570,0.015998,-15.666301,-52.738201,18.801300,-93.396698,0.129960,17.611099,-0.182931,-0.475644,-0.680147,0.526972,-1104.270996,1517.913574,-4602.371582,-1098.179077,1437.699585,-4614.534180,-1091.818726,1562.584106,-4628.143555,-1121.247559,1467.161987,-4564.754395,-1105.838867,1604.208984,-4602.054199,,,,,,,,,,,,,2616.291260,1567.734497,-3159.769775,,,,,,,,,,,,,,,,,,,,,,,,,,,,,,,,,
3901,39.010000,0.000000,0.000000,0.000000,1.000000,0.000000,0.000000,0.000000,57.698101,20.499701,-14.700500,0.047771,-0.013570,0.015998,-15.666301,-52.738201,18.801300,-93.396698,0.129960,17.611099,-0.182931,-0.475644,-0.680147,0.526972,-1104.270996,1517.913574,-4602.371582,-1098.179077,1437.699585,-4614.534180,-1091.818726,1562.584106,-4628.143555,-1121.247559,1467.161987,-4564.754395,-1105.838867,1604.208984,-4602.054199,,,,,,,,,,,,,2616.302246,1567.708740,-3159.763672,,,,,,,,,,,,,,,,,,,,,,,,,,,,,,,,,
3902,39.020000,0.000000,0.000000,0.000000,1.000000,0.000000,0.000000,0.000000,57.698101,20.499701,-14.700500,0.047771,-0.013570,0.015998,-15.666301,-52.738201,18.801300,-93.396698,0.129960,17.611099,-0.182931,-0.475644,-0.680147,0.526972,-1104.270996,1517.913574,-4602.371582,-1098.179077,1437.699585,-4614.534180,-1091.818726,1562.584106,-4628.143555,-1121.247559,1467.161987,-4564.754395,-1105.838867,1604.208984,-4602.054199,,,,,,,,,,,,,2616.290771,1567.698730,-3159.756348,,,,,,,,,,,,,,,,,,,,,,,,,,,,,,,,,
3903,39.030000,0.000000,0.000000,0.000000,1.000000,0.000000,0.000000,0.000000,57.698101,20.499701,-14.700500,0.047771,-0.013570,0.015998,-15.666301,-52.738201,18.801300,-93.396698,0.129960,17.611099,-0.182931,-0.475644,-0.680147,0.526972,-1104.270996,1517.913574,-4602.371582,-1098.179077,1437.699585,-4614.534180,-1091.818726,1562.584106,-4628.143555,-1121.247559,1467.161987,-4564.754395,-1105.838867,1604.208984,-4602.054199,,,,,,,,,,,,,2616.276123,1567.723511,-3159.780762,,,,,,,,,,,,,,,,,,,,,,,,,,,,,,,,,
3904,39.040000,0.000000,0.000000,0.000000,1.000000,0.000000,0.000000,0.000000,57.698101,20.499701,-14.700500,0.047771,-0.013570,0.015998,-15.666301,-52.738201,18.801300,-93.396698,0.129960,17.611099,-0.182931,-0.475644,-0.680147,0.526972,-1104.270996,1517.913574,-4602.371582,-1098.179077,1437.699585,-4614.534180,-1091.818726,1562.584106,-4628.143555,-1121.247559,1467.161987,-4564.754395,-1105.838867,1604.208984,-4602.054199,,,,,,,,,,,,,2616.259521,1567.746216,-3159.789551,,,,,,,,,,,,,,,,,,,,,,,,,,,,,,,,,
3905,39.050000,0.000000,0.000000,0.000000,1.000000,0.000000,0.000000,0.000000,57.698101,20.499701,-14.700500,0.047771,-0.013570,0.015998,-15.666301,-52.738201,18.801300,-93.396698,0.129960,17.611099,-0.182931,-0.475644,-0.680147,0.526972,-1104.270996,1517.913574,-4602.371582,-1098.179077,1437.699585,-4614.534180,-1091.818726,1562.584106,-4628.143555,-1121.247559,1467.161987,-4564.754395,-1105.838867,1604.208984,-4602.054199,,,,,,,,,,,,,2616.287842,1567.734009,-3159.788086,,,,,,,,,,,,,,,,,,,,,,,,,,,,,,,,,
3906,39.060000,0.000000,0.000000,0.000000,1.000000,0.000000,0.000000,0.000000,57.698101,20.499701,-14.700500,0.047771,-0.013570,0.015998,-15.666301,-52.738201,18.801300,-93.396698,0.129960,17.611099,-0.182931,-0.475644,-0.680147,0.526972,-1104.270996,1517.913574,-4602.371582,-1098.179077,1437.699585,-4614.534180,-1091.818726,1562.584106,-4628.143555,-1121.247559,1467.161987,-4564.754395,-1105.838867,1604.208984,-4602.054199,,,,,,,,,,,,,2616.277832,1567.710205,-3159.786865,,,,,,,,,,,,,,,,,,,,,,,,,,,,,,,,,
3907,39.070000,0.000000,0.000000,0.000000,1.000000,0.000000,0.000000,0.000000,57.698101,20.499701,-14.700500,0.047771,-0.013570,0.015998,-15.666301,-52.738201,18.801300,-93.396698,0.129960,17.611099,-0.182931,-0.475644,-0.680147,0.526972,-1104.270996,1517.913574,-4602.371582,-1098.179077,1437.699585,-4614.534180,-1091.818726,1562.584106,-4628.143555,-1121.247559,1467.161987,-4564.754395,-1105.838867,1604.208984,-4602.054199,,,,,,,,,,,,,2616.310059,1567.731445,-3159.767822,,,,,,,,,,,,,,,,,,,,,,,,,,,,,,,,,
3908,39.080000,0.000000,0.000000,0.000000,1.000000,0.000000,0.000000,0.000000,57.698101,20.499701,-14.700500,0.047771,-0.013570,0.015998,-15.666301,-52.738201,18.801300,-93.396698,0.129960,17.611099,-0.182931,-0.475644,-0.680147,0.526972,-1104.270996,1517.913574,-4602.371582,-1098.179077,1437.699585,-4614.534180,-1091.818726,1562.584106,-4628.143555,-1121.247559,1467.161987,-4564.754395,-1105.838867,1604.208984,-4602.054199,,,,,,,,,,,,,2616.284912,1567.762817,-3159.790771,,,,,,,,,,,,,,,,,,,,,,,,,,,,,,,,,
3909,39.090000,0.000000,0.000000,0.000000,1.000000,0.000000,0.000000,0.000000,57.698101,20.499701,-14.700500,0.047771,-0.013570,0.015998,-15.666301,-52.738201,18.801300,-93.396698,0.129960,17.611099,-0.182931,-0.475644,-0.680147,0.526972,-1104.270996,1517.913574,-4602.371582,-1098.179077,1437.699585,-4614.534180,-1091.818726,1562.584106,-4628.143555,-1121.247559,1467.161987,-4564.754395,-1105.838867,1604.208984,-4602.054199,,,,,,,,,,,,,2616.301270,1567.753784,-3159.790771,,,,,,,,,,,,,,,,,,,,,,,,,,,,,,,,,
3910,39.100000,0.000000,0.000000,0.000000,1.000000,0.000000,0.000000,0.000000,57.698101,20.499701,-14.700500,0.047771,-0.013570,0.015998,-15.666301,-52.738201,18.801300,-93.396698,0.129960,17.611099,-0.182931,-0.475644,-0.680147,0.526972,-1104.270996,1517.913574,-4602.371582,-1098.179077,1437.699585,-4614.534180,-1091.818726,1562.584106,-4628.143555,-1121.247559,1467.161987,-4564.754395,-1105.838867,1604.208984,-4602.054199,,,,,,,,,,,,,2616.269287,1567.748657,-3159.790039,,,,,,,,,,,,,,,,,,,,,,,,,,,,,,,,,
3911,39.110000,0.000000,0.000000,0.000000,1.000000,0.000000,0.000000,0.000000,57.698101,20.499701,-14.700500,0.047771,-0.013570,0.015998,-15.666301,-52.738201,18.801300,-93.396698,0.129960,17.611099,-0.182931,-0.475644,-0.680147,0.526972,-1104.270996,1517.913574,-4602.371582,-1098.179077,1437.699585,-4614.534180,-1091.818726,1562.584106,-4628.143555,-1121.247559,1467.161987,-4564.754395,-1105.838867,1604.208984,-4602.054199,,,,,,,,,,,,,2616.295410,1567.742065,-3159.796143,,,,,,,,,,,,,,,,,,,,,,,,,,,,,,,,,
3912,39.120000,0.000000,0.000000,0.000000,1.000000,0.000000,0.000000,0.000000,57.698101,20.499701,-14.700500,0.047771,-0.013570,0.015998,-15.666301,-52.738201,18.801300,-93.396698,0.129960,17.611099,-0.182931,-0.475644,-0.680147,0.526972,-1104.270996,1517.913574,-4602.371582,-1098.179077,1437.699585,-4614.534180,-1091.818726,1562.584106,-4628.143555,-1121.247559,1467.161987,-4564.754395,-1105.838867,1604.208984,-4602.054199,,,,,,,,,,,,,2616.280762,1567.738647,-3159.777100,,,,,,,,,,,,,,,,,,,,,,,,,,,,,,,,,
3913,39.130000,0.000000,0.000000,0.000000,1.000000,0.000000,0.000000,0.000000,57.698101,20.499701,-14.700500,0.047771,-0.013570,0.015998,-15.666301,-52.738201,18.801300,-93.396698,0.129960,17.611099,-0.182931,-0.475644,-0.680147,0.526972,-1104.270996,1517.913574,-4602.371582,-1098.179077,1437.699585,-4614.534180,-1091.818726,1562.584106,-4628.143555,-1121.247559,1467.161987,-4564.754395,-1105.838867,1604.208984,-4602.054199,,,,,,,,,,,,,2616.301758,1567.747070,-3159.775391,,,,,,,,,,,,,,,,,,,,,,,,,,,,,,,,,
3914,39.140000,0.000000,0.000000,0.000000,1.000000,0.000000,0.000000,0.000000,57.698101,20.499701,-14.700500,0.047771,-0.013570,0.015998,-15.666301,-52.738201,18.801300,-93.396698,0.129960,17.611099,-0.182931,-0.475644,-0.680147,0.526972,-1104.270996,1517.913574,-4602.371582,-1098.179077,1437.699585,-4614.534180,-1091.818726,1562.584106,-4628.143555,-1121.247559,1467.161987,-4564.754395,-1105.838867,1604.208984,-4602.054199,,,,,,,,,,,,,2616.330078,1567.745728,-3159.774902,,,,,,,,,,,,,,,,,,,,,,,,,,,,,,,,,
3915,39.150000,0.000000,0.000000,0.000000,1.000000,0.000000,0.000000,0.000000,57.698101,20.499701,-14.700500,0.047771,-0.013570,0.015998,-15.666301,-52.738201,18.801300,-93.396698,0.129960,17.611099,-0.182931,-0.475644,-0.680147,0.526972,-1104.270996,1517.913574,-4602.371582,-1098.179077,1437.699585,-4614.534180,-1091.818726,1562.584106,-4628.143555,-1121.247559,1467.161987,-4564.754395,-1105.838867,1604.208984,-4602.054199,,,,,,,,,,,,,2616.298096,1567.768555,-3159.773682,,,,,,,,,,,,,,,,,,,,,,,,,,,,,,,,,
3916,39.160000,0.000000,0.000000,0.000000,1.000000,0.000000,0.000000,0.000000,57.698101,20.499701,-14.700500,0.047771,-0.013570,0.015998,-15.666301,-52.738201,18.801300,-93.396698,0.129960,17.611099,-0.182931,-0.475644,-0.680147,0.526972,-1104.270996,1517.913574,-4602.371582,-1098.179077,1437.699585,-4614.534180,-1091.818726,1562.584106,-4628.143555,-1121.247559,1467.161987,-4564.754395,-1105.838867,1604.208984,-4602.054199,,,,,,,,,,,,,2616.299561,1567.723999,-3159.773682,,,,,,,,,,,,,,,,,,,,,,,,,,,,,,,,,
3917,39.170000,0.000000,0.000000,0.000000,1.000000,0.000000,0.000000,0.000000,57.698101,20.499701,-14.700500,0.047771,-0.013570,0.015998,-15.666301,-52.738201,18.801300,-93.396698,0.129960,17.611099,-0.182931,-0.475644,-0.680147,0.526972,-1104.270996,1517.913574,-4602.371582,-1098.179077,1437.699585,-4614.534180,-1091.818726,1562.584106,-4628.143555,-1121.247559,1467.161987,-4564.754395,-1105.838867,1604.208984,-4602.054199,,,,,,,,,,,,,2616.276611,1567.741211,-3159.772461,,,,,,,,,,,,,,,,,,,,,,,,,,,,,,,,,
3918,39.180000,0.000000,0.000000,0.000000,1.000000,0.000000,0.000000,0.000000,57.698101,20.499701,-14.700500,0.047771,-0.013570,0.015998,-15.666301,-52.738201,18.801300,-93.396698,0.129960,17.611099,-0.182931,-0.475644,-0.680147,0.526972,-1104.270996,1517.913574,-4602.371582,-1098.179077,1437.699585,-4614.534180,-1091.818726,1562.584106,-4628.143555,-1121.247559,1467.161987,-4564.754395,-1105.838867,1604.208984,-4602.054199,,,,,,,,,,,,,2616.291748,1567.748535,-3159.779541,,,,,,,,,,,,,,,,,,,,,,,,,,,,,,,,,
3919,39.190000,0.000000,0.000000,0.000000,1.000000,0.000000,0.000000,0.000000,57.698101,20.499701,-14.700500,0.047771,-0.013570,0.015998,-15.666301,-52.738201,18.801300,-93.396698,0.129960,17.611099,-0.182931,-0.475644,-0.680147,0.526972,-1104.270996,1517.913574,-4602.371582,-1098.179077,1437.699585,-4614.534180,-1091.818726,1562.584106,-4628.143555,-1121.247559,1467.161987,-4564.754395,-1105.838867,1604.208984,-4602.054199,,,,,,,,,,,,,2616.265381,1567.736938,-3159.785156,,,,,,,,,,,,,,,,,,,,,,,,,,,,,,,,,
3920,39.200000,0.000000,0.000000,0.000000,1.000000,0.000000,0.000000,0.000000,57.698101,20.499701,-14.700500,0.047771,-0.013570,0.015998,-15.666301,-52.738201,18.801300,-93.396698,0.129960,17.611099,-0.182931,-0.475644,-0.680147,0.526972,-1104.270996,1517.913574,-4602.371582,-1098.179077,1437.699585,-4614.534180,-1091.818726,1562.584106,-4628.143555,-1121.247559,1467.161987,-4564.754395,-1105.838867,1604.208984,-4602.054199,,,,,,,,,,,,,2616.237305,1567.808594,-3159.800781,,,,,,,,,,,,,,,,,,,,,,,,,,,,,,,,,
3921,39.210000,0.000000,0.000000,0.000000,1.000000,0.000000,0.000000,0.000000,57.698101,20.499701,-14.700500,0.047771,-0.013570,0.015998,-15.666301,-52.738201,18.801300,-93.396698,0.129960,17.611099,-0.182931,-0.475644,-0.680147,0.526972,-1104.270996,1517.913574,-4602.371582,-1098.179077,1437.699585,-4614.534180,-1091.818726,1562.584106,-4628.143555,-1121.247559,1467.161987,-4564.754395,-1105.838867,1604.208984,-4602.054199,,,,,,,,,,,,,2616.283203,1567.745850,-3159.797363,,,,,,,,,,,,,,,,,,,,,,,,,,,,,,,,,
3922,39.220000,0.000000,0.000000,0.000000,1.000000,0.000000,0.000000,0.000000,57.698101,20.499701,-14.700500,0.047771,-0.013570,0.015998,-15.666301,-52.738201,18.801300,-93.396698,0.129960,17.611099,-0.182931,-0.475644,-0.680147,0.526972,-1104.270996,1517.913574,-4602.371582,-1098.179077,1437.699585,-4614.534180,-1091.818726,1562.584106,-4628.143555,-1121.247559,1467.161987,-4564.754395,-1105.838867,1604.208984,-4602.054199,,,,,,,,,,,,,2616.300049,1567.738770,-3159.763916,,,,,,,,,,,,,,,,,,,,,,,,,,,,,,,,,
3923,39.230000,0.000000,0.000000,0.000000,1.000000,0.000000,0.000000,0.000000,57.698101,20.499701,-14.700500,0.047771,-0.013570,0.015998,-15.666301,-52.738201,18.801300,-93.396698,0.129960,17.611099,-0.182931,-0.475644,-0.680147,0.526972,-1104.270996,1517.913574,-4602.371582,-1098.179077,1437.699585,-4614.534180,-1091.818726,1562.584106,-4628.143555,-1121.247559,1467.161987,-4564.754395,-1105.838867,1604.208984,-4602.054199,,,,,,,,,,,,,2616.291748,1567.750977,-3159.768066,,,,,,,,,,,,,,,,,,,,,,,,,,,,,,,,,
3924,39.240000,0.000000,0.000000,0.000000,1.000000,0.000000,0.000000,0.000000,57.698101,20.499701,-14.700500,0.047771,-0.013570,0.015998,-15.666301,-52.738201,18.801300,-93.396698,0.129960,17.611099,-0.182931,-0.475644,-0.680147,0.526972,-1104.270996,1517.913574,-4602.371582,-1098.179077,1437.699585,-4614.534180,-1091.818726,1562.584106,-4628.143555,-1121.247559,1467.161987,-4564.754395,-1105.838867,1604.208984,-4602.054199,,,,,,,,,,,,,2616.266602,1567.716919,-3159.779053,,,,,,,,,,,,,,,,,,,,,,,,,,,,,,,,,
3925,39.250000,0.000000,0.000000,0.000000,1.000000,0.000000,0.000000,0.000000,57.698101,20.499701,-14.700500,0.047771,-0.013570,0.015998,-15.666301,-52.738201,18.801300,-93.396698,0.129960,17.611099,-0.182931,-0.475644,-0.680147,0.526972,-1104.270996,1517.913574,-4602.371582,-1098.179077,1437.699585,-4614.534180,-1091.818726,1562.584106,-4628.143555,-1121.247559,1467.161987,-4564.754395,-1105.838867,1604.208984,-4602.054199,,,,,,,,,,,,,2616.304199,1567.713745,-3159.766113,,,,,,,,,,,,,,,,,,,,,,,,,,,,,,,,,
3926,39.260000,0.000000,0.000000,0.000000,1.000000,0.000000,0.000000,0.000000,57.698101,20.499701,-14.700500,0.047771,-0.013570,0.015998,-15.666301,-52.738201,18.801300,-93.396698,0.129960,17.611099,-0.182931,-0.475644,-0.680147,0.526972,-1104.270996,1517.913574,-4602.371582,-1098.179077,1437.699585,-4614.534180,-1091.818726,1562.584106,-4628.143555,-1121.247559,1467.161987,-4564.754395,-1105.838867,1604.208984,-4602.054199,,,,,,,,,,,,,2616.329346,1567.775513,-3159.771973,,,,,,,,,,,,,,,,,,,,,,,,,,,,,,,,,
3927,39.270000,0.000000,0.000000,0.000000,1.000000,0.000000,0.000000,0.000000,57.698101,20.499701,-14.700500,0.047771,-0.013570,0.015998,-15.666301,-52.738201,18.801300,-93.396698,0.129960,17.611099,-0.182931,-0.475644,-0.680147,0.526972,-1104.270996,1517.913574,-4602.371582,-1098.179077,1437.699585,-4614.534180,-1091.818726,1562.584106,-4628.143555,-1121.247559,1467.161987,-4564.754395,-1105.838867,1604.208984,-4602.054199,,,,,,,,,,,,,2616.282959,1567.762573,-3159.778809,,,,,,,,,,,,,,,,,,,,,,,,,,,,,,,,,
3928,39.280000,0.000000,0.000000,0.000000,1.000000,0.000000,0.000000,0.000000,57.698101,20.499701,-14.700500,0.047771,-0.013570,0.015998,-15.666301,-52.738201,18.801300,-93.396698,0.129960,17.611099,-0.182931,-0.475644,-0.680147,0.526972,-1104.270996,1517.913574,-4602.371582,-1098.179077,1437.699585,-4614.534180,-1091.818726,1562.584106,-4628.143555,-1121.247559,1467.161987,-4564.754395,-1105.838867,1604.208984,-4602.054199,,,,,,,,,,,,,2616.289307,1567.779175,-3159.787598,,,,,,,,,,,,,,,,,,,,,,,,,,,,,,,,,
3929,39.290000,0.000000,0.000000,0.000000,1.000000,0.000000,0.000000,0.000000,57.698101,20.499701,-14.700500,0.047771,-0.013570,0.015998,-15.666301,-52.738201,18.801300,-93.396698,0.129960,17.611099,-0.182931,-0.475644,-0.680147,0.526972,-1104.270996,1517.913574,-4602.371582,-1098.179077,1437.699585,-4614.534180,-1091.818726,1562.584106,-4628.143555,-1121.247559,1467.161987,-4564.754395,-1105.838867,1604.208984,-4602.054199,,,,,,,,,,,,,2616.280273,1567.702759,-3159.782959,,,,,,,,,,,,,,,,,,,,,,,,,,,,,,,,,
3930,39.300000,0.000000,0.000000,0.000000,1.000000,0.000000,0.000000,0.000000,57.698101,20.499701,-14.700500,0.047771,-0.013570,0.015998,-15.666301,-52.738201,18.801300,-93.396698,0.129960,17.611099,-0.182931,-0.475644,-0.680147,0.526972,-1104.270996,1517.913574,-4602.371582,-1098.179077,1437.699585,-4614.534180,-1091.818726,1562.584106,-4628.143555,-1121.247559,1467.161987,-4564.754395,-1105.838867,1604.208984,-4602.054199,,,,,,,,,,,,,2616.327637,1567.742554,-3159.769043,,,,,,,,,,,,,,,,,,,,,,,,,,,,,,,,,
3931,39.310000,0.000000,0.000000,0.000000,1.000000,0.000000,0.000000,0.000000,57.698101,20.499701,-14.700500,0.047771,-0.013570,0.015998,-15.666301,-52.738201,18.801300,-93.396698,0.129960,17.611099,-0.182931,-0.475644,-0.680147,0.526972,-1104.270996,1517.913574,-4602.371582,-1098.179077,1437.699585,-4614.534180,-1091.818726,1562.584106,-4628.143555,-1121.247559,1467.161987,-4564.754395,-1105.838867,1604.208984,-4602.054199,,,,,,,,,,,,,2616.288574,1567.743286,-3159.783936,,,,,,,,,,,,,,,,,,,,,,,,,,,,,,,,,
3932,39.320000,0.000000,0.000000,0.000000,1.000000,0.000000,0.000000,0.000000,57.698101,20.499701,-14.700500,0.047771,-0.013570,0.015998,-15.666301,-52.738201,18.801300,-93.396698,0.129960,17.611099,-0.182931,-0.475644,-0.680147,0.526972,-1104.270996,1517.913574,-4602.371582,-1098.179077,1437.699585,-4614.534180,-1091.818726,1562.584106,-4628.143555,-1121.247559,1467.161987,-4564.754395,-1105.838867,1604.208984,-4602.054199,,,,,,,,,,,,,2616.291992,1567.735352,-3159.796875,,,,,,,,,,,,,,,,,,,,,,,,,,,,,,,,,
3933,39.330000,0.000000,0.000000,0.000000,1.000000,0.000000,0.000000,0.000000,57.698101,20.499701,-14.700500,0.047771,-0.013570,0.015998,-15.666301,-52.738201,18.801300,-93.396698,0.129960,17.611099,-0.182931,-0.475644,-0.680147,0.526972,-1104.270996,1517.913574,-4602.371582,-1098.179077,1437.699585,-4614.534180,-1091.818726,1562.584106,-4628.143555,-1121.247559,1467.161987,-4564.754395,-1105.838867,1604.208984,-4602.054199,,,,,,,,,,,,,2616.300049,1567.773315,-3159.789307,,,,,,,,,,,,,,,,,,,,,,,,,,,,,,,,,
3934,39.340000,0.000000,0.000000,0.000000,1.000000,0.000000,0.000000,0.000000,57.698101,20.499701,-14.700500,0.047771,-0.013570,0.015998,-15.666301,-52.738201,18.801300,-93.396698,0.129960,17.611099,-0.182931,-0.475644,-0.680147,0.526972,-1104.270996,1517.913574,-4602.371582,-1098.179077,1437.699585,-4614.534180,-1091.818726,1562.584106,-4628.143555,-1121.247559,1467.161987,-4564.754395,-1105.838867,1604.208984,-4602.054199,,,,,,,,,,,,,2616.281006,1567.776855,-3159.804688,,,,,,,,,,,,,,,,,,,,,,,,,,,,,,,,,
3935,39.350000,0.000000,0.000000,0.000000,1.000000,0.000000,0.000000,0.000000,57.698101,20.499701,-14.700500,0.047771,-0.013570,0.015998,-15.666301,-52.738201,18.801300,-93.396698,0.129960,17.611099,-0.182931,-0.475644,-0.680147,0.526972,-1104.270996,1517.913574,-4602.371582,-1098.179077,1437.699585,-4614.534180,-1091.818726,1562.584106,-4628.143555,-1121.247559,1467.161987,-4564.754395,-1105.838867,1604.208984,-4602.054199,,,,,,,,,,,,,2616.296387,1567.753540,-3159.803711,,,,,,,,,,,,,,,,,,,,,,,,,,,,,,,,,
3936,39.360000,0.000000,0.000000,0.000000,1.000000,0.000000,0.000000,0.000000,57.698101,20.499701,-14.700500,0.047771,-0.013570,0.015998,-15.666301,-52.738201,18.801300,-93.396698,0.129960,17.611099,-0.182931,-0.475644,-0.680147,0.526972,-1104.270996,1517.913574,-4602.371582,-1098.179077,1437.699585,-4614.534180,-1091.818726,1562.584106,-4628.143555,-1121.247559,1467.161987,-4564.754395,-1105.838867,1604.208984,-4602.054199,,,,,,,,,,,,,2616.321289,1567.754517,-3159.788574,,,,,,,,,,,,,,,,,,,,,,,,,,,,,,,,,
3937,39.370000,0.000000,0.000000,0.000000,1.000000,0.000000,0.000000,0.000000,57.698101,20.499701,-14.700500,0.047771,-0.013570,0.015998,-15.666301,-52.738201,18.801300,-93.396698,0.129960,17.611099,-0.182931,-0.475644,-0.680147,0.526972,-1104.270996,1517.913574,-4602.371582,-1098.179077,1437.699585,-4614.534180,-1091.818726,1562.584106,-4628.143555,-1121.247559,1467.161987,-4564.754395,-1105.838867,1604.208984,-4602.054199,,,,,,,,,,,,,2616.277344,1567.735352,-3159.795166,,,,,,,,,,,,,,,,,,,,,,,,,,,,,,,,,
3938,39.380000,0.000000,0.000000,0.000000,1.000000,0.000000,0.000000,0.000000,57.698101,20.499701,-14.700500,0.047771,-0.013570,0.015998,-15.666301,-52.738201,18.801300,-93.396698,0.129960,17.611099,-0.182931,-0.475644,-0.680147,0.526972,-1104.270996,1517.913574,-4602.371582,-1098.179077,1437.699585,-4614.534180,-1091.818726,1562.584106,-4628.143555,-1121.247559,1467.161987,-4564.754395,-1105.838867,1604.208984,-4602.054199,,,,,,,,,,,,,2616.275879,1567.750244,-3159.791504,,,,,,,,,,,,,,,,,,,,,,,,,,,,,,,,,
3939,39.390000,0.000000,0.000000,0.000000,1.000000,0.000000,0.000000,0.000000,57.698101,20.499701,-14.700500,0.047771,-0.013570,0.015998,-15.666301,-52.738201,18.801300,-93.396698,0.129960,17.611099,-0.182931,-0.475644,-0.680147,0.526972,-1104.270996,1517.913574,-4602.371582,-1098.179077,1437.699585,-4614.534180,-1091.818726,1562.584106,-4628.143555,-1121.247559,1467.161987,-4564.754395,-1105.838867,1604.208984,-4602.054199,,,,,,,,,,,,,2616.299805,1567.782593,-3159.791016,,,,,,,,,,,,,,,,,,,,,,,,,,,,,,,,,
3940,39.400000,0.000000,0.000000,0.000000,1.000000,0.000000,0.000000,0.000000,57.698101,20.499701,-14.700500,0.047771,-0.013570,0.015998,-15.666301,-52.738201,18.801300,-93.396698,0.129960,17.611099,-0.182931,-0.475644,-0.680147,0.526972,-1104.270996,1517.913574,-4602.371582,-1098.179077,1437.699585,-4614.534180,-1091.818726,1562.584106,-4628.143555,-1121.247559,1467.161987,-4564.754395,-1105.838867,1604.208984,-4602.054199,,,,,,,,,,,,,2616.300781,1567.738403,-3159.778564,,,,,,,,,,,,,,,,,,,,,,,,,,,,,,,,,
3941,39.410000,0.000000,0.000000,0.000000,1.000000,0.000000,0.000000,0.000000,57.698101,20.499701,-14.700500,0.047771,-0.013570,0.015998,-15.666301,-52.738201,18.801300,-93.396698,0.129960,17.611099,-0.182931,-0.475644,-0.680147,0.526972,-1104.270996,1517.913574,-4602.371582,-1098.179077,1437.699585,-4614.534180,-1091.818726,1562.584106,-4628.143555,-1121.247559,1467.161987,-4564.754395,-1105.838867,1604.208984,-4602.054199,,,,,,,,,,,,,2616.270752,1567.721313,-3159.777588,,,,,,,,,,,,,,,,,,,,,,,,,,,,,,,,,
3942,39.420000,0.000000,0.000000,0.000000,1.000000,0.000000,0.000000,0.000000,57.698101,20.499701,-14.700500,0.047771,-0.013570,0.015998,-15.666301,-52.738201,18.801300,-93.396698,0.129960,17.611099,-0.182931,-0.475644,-0.680147,0.526972,-1104.270996,1517.913574,-4602.371582,-1098.179077,1437.699585,-4614.534180,-1091.818726,1562.584106,-4628.143555,-1121.247559,1467.161987,-4564.754395,-1105.838867,1604.208984,-4602.054199,,,,,,,,,,,,,2616.297363,1567.755859,-3159.782227,,,,,,,,,,,,,,,,,,,,,,,,,,,,,,,,,
3943,39.430000,0.000000,0.000000,0.000000,1.000000,0.000000,0.000000,0.000000,57.698101,20.499701,-14.700500,0.047771,-0.013570,0.015998,-15.666301,-52.738201,18.801300,-93.396698,0.129960,17.611099,-0.182931,-0.475644,-0.680147,0.526972,-1104.270996,1517.913574,-4602.371582,-1098.179077,1437.699585,-4614.534180,-1091.818726,1562.584106,-4628.143555,-1121.247559,1467.161987,-4564.754395,-1105.838867,1604.208984,-4602.054199,,,,,,,,,,,,,2616.272217,1567.725952,-3159.782471,,,,,,,,,,,,,,,,,,,,,,,,,,,,,,,,,
3944,39.440000,0.000000,0.000000,0.000000,1.000000,0.000000,0.000000,0.000000,57.698101,20.499701,-14.700500,0.047771,-0.013570,0.015998,-15.666301,-52.738201,18.801300,-93.396698,0.129960,17.611099,-0.182931,-0.475644,-0.680147,0.526972,-1104.270996,1517.913574,-4602.371582,-1098.179077,1437.699585,-4614.534180,-1091.818726,1562.584106,-4628.143555,-1121.247559,1467.161987,-4564.754395,-1105.838867,1604.208984,-4602.054199,,,,,,,,,,,,,2616.298828,1567.726562,-3159.780762,,,,,,,,,,,,,,,,,,,,,,,,,,,,,,,,,
3945,39.450000,0.000000,0.000000,0.000000,1.000000,0.000000,0.000000,0.000000,57.698101,20.499701,-14.700500,0.047771,-0.013570,0.015998,-15.666301,-52.738201,18.801300,-93.396698,0.129960,17.611099,-0.182931,-0.475644,-0.680147,0.526972,-1104.270996,1517.913574,-4602.371582,-1098.179077,1437.699585,-4614.534180,-1091.818726,1562.584106,-4628.143555,-1121.247559,1467.161987,-4564.754395,-1105.838867,1604.208984,-4602.054199,,,,,,,,,,,,,2616.283447,1567.750610,-3159.780029,,,,,,,,,,,,,,,,,,,,,,,,,,,,,,,,,
3946,39.460000,0.000000,0.000000,0.000000,1.000000,0.000000,0.000000,0.000000,57.698101,20.499701,-14.700500,0.047771,-0.013570,0.015998,-15.666301,-52.738201,18.801300,-93.396698,0.129960,17.611099,-0.182931,-0.475644,-0.680147,0.526972,-1104.270996,1517.913574,-4602.371582,-1098.179077,1437.699585,-4614.534180,-1091.818726,1562.584106,-4628.143555,-1121.247559,1467.161987,-4564.754395,-1105.838867,1604.208984,-4602.054199,,,,,,,,,,,,,2616.310547,1567.751831,-3159.771240,,,,,,,,,,,,,,,,,,,,,,,,,,,,,,,,,
3947,39.470000,0.000000,0.000000,0.000000,1.000000,0.000000,0.000000,0.000000,57.698101,20.499701,-14.700500,0.047771,-0.013570,0.015998,-15.666301,-52.738201,18.801300,-93.396698,0.129960,17.611099,-0.182931,-0.475644,-0.680147,0.526972,-1104.270996,1517.913574,-4602.371582,-1098.179077,1437.699585,-4614.534180,-1091.818726,1562.584106,-4628.143555,-1121.247559,1467.161987,-4564.754395,-1105.838867,1604.208984,-4602.054199,,,,,,,,,,,,,2616.311279,1567.750854,-3159.762939,,,,,,,,,,,,,,,,,,,,,,,,,,,,,,,,,
3948,39.480000,0.000000,0.000000,0.000000,1.000000,0.000000,0.000000,0.000000,57.698101,20.499701,-14.700500,0.047771,-0.013570,0.015998,-15.666301,-52.738201,18.801300,-93.396698,0.129960,17.611099,-0.182931,-0.475644,-0.680147,0.526972,-1104.270996,1517.913574,-4602.371582,-1098.179077,1437.699585,-4614.534180,-1091.818726,1562.584106,-4628.143555,-1121.247559,1467.161987,-4564.754395,-1105.838867,1604.208984,-4602.054199,,,,,,,,,,,,,2616.300049,1567.755127,-3159.770264,,,,,,,,,,,,,,,,,,,,,,,,,,,,,,,,,
3949,39.490000,0.000000,0.000000,0.000000,1.000000,0.000000,0.000000,0.000000,57.698101,20.499701,-14.700500,0.047771,-0.013570,0.015998,-15.666301,-52.738201,18.801300,-93.396698,0.129960,17.611099,-0.182931,-0.475644,-0.680147,0.526972,-1104.270996,1517.913574,-4602.371582,-1098.179077,1437.699585,-4614.534180,-1091.818726,1562.584106,-4628.143555,-1121.247559,1467.161987,-4564.754395,-1105.838867,1604.208984,-4602.054199,,,,,,,,,,,,,2616.285156,1567.756836,-3159.776611,,,,,,,,,,,,,,,,,,,,,,,,,,,,,,,,,
3950,39.500000,0.000000,0.000000,0.000000,1.000000,0.000000,0.000000,0.000000,57.698101,20.499701,-14.700500,0.047771,-0.013570,0.015998,-15.666301,-52.738201,18.801300,-93.396698,0.129960,17.611099,-0.182931,-0.475644,-0.680147,0.526972,-1104.270996,1517.913574,-4602.371582,-1098.179077,1437.699585,-4614.534180,-1091.818726,1562.584106,-4628.143555,-1121.247559,1467.161987,-4564.754395,-1105.838867,1604.208984,-4602.054199,,,,,,,,,,,,,2616.254639,1567.723389,-3159.784424,,,,,,,,,,,,,,,,,,,,,,,,,,,,,,,,,
3951,39.510000,0.000000,0.000000,0.000000,1.000000,0.000000,0.000000,0.000000,57.698101,20.499701,-14.700500,0.047771,-0.013570,0.015998,-15.666301,-52.738201,18.801300,-93.396698,0.129960,17.611099,-0.182931,-0.475644,-0.680147,0.526972,-1104.270996,1517.913574,-4602.371582,-1098.179077,1437.699585,-4614.534180,-1091.818726,1562.584106,-4628.143555,-1121.247559,1467.161987,-4564.754395,-1105.838867,1604.208984,-4602.054199,,,,,,,,,,,,,2616.273926,1567.732178,-3159.790771,,,,,,,,,,,,,,,,,,,,,,,,,,,,,,,,,
3952,39.520000,0.000000,0.000000,0.000000,1.000000,0.000000,0.000000,0.000000,57.698101,20.499701,-14.700500,0.047771,-0.013570,0.015998,-15.666301,-52.738201,18.801300,-93.396698,0.129960,17.611099,-0.182931,-0.475644,-0.680147,0.526972,-1104.270996,1517.913574,-4602.371582,-1098.179077,1437.699585,-4614.534180,-1091.818726,1562.584106,-4628.143555,-1121.247559,1467.161987,-4564.754395,-1105.838867,1604.208984,-4602.054199,,,,,,,,,,,,,2616.310059,1567.763916,-3159.757080,,,,,,,,,,,,,,,,,,,,,,,,,,,,,,,,,
3953,39.530000,0.000000,0.000000,0.000000,1.000000,0.000000,0.000000,0.000000,57.698101,20.499701,-14.700500,0.047771,-0.013570,0.015998,-15.666301,-52.738201,18.801300,-93.396698,0.129960,17.611099,-0.182931,-0.475644,-0.680147,0.526972,-1104.270996,1517.913574,-4602.371582,-1098.179077,1437.699585,-4614.534180,-1091.818726,1562.584106,-4628.143555,-1121.247559,1467.161987,-4564.754395,-1105.838867,1604.208984,-4602.054199,,,,,,,,,,,,,2616.293213,1567.807495,-3159.792725,,,,,,,,,,,,,,,,,,,,,,,,,,,,,,,,,
3954,39.540000,0.000000,0.000000,0.000000,1.000000,0.000000,0.000000,0.000000,57.698101,20.499701,-14.700500,0.047771,-0.013570,0.015998,-15.666301,-52.738201,18.801300,-93.396698,0.129960,17.611099,-0.182931,-0.475644,-0.680147,0.526972,-1104.270996,1517.913574,-4602.371582,-1098.179077,1437.699585,-4614.534180,-1091.818726,1562.584106,-4628.143555,-1121.247559,1467.161987,-4564.754395,-1105.838867,1604.208984,-4602.054199,,,,,,,,,,,,,2616.284668,1567.744385,-3159.789062,,,,,,,,,,,,,,,,,,,,,,,,,,,,,,,,,
3955,39.550000,0.000000,0.000000,0.000000,1.000000,0.000000,0.000000,0.000000,57.698101,20.499701,-14.700500,0.047771,-0.013570,0.015998,-15.666301,-52.738201,18.801300,-93.396698,0.129960,17.611099,-0.182931,-0.475644,-0.680147,0.526972,-1104.270996,1517.913574,-4602.371582,-1098.179077,1437.699585,-4614.534180,-1091.818726,1562.584106,-4628.143555,-1121.247559,1467.161987,-4564.754395,-1105.838867,1604.208984,-4602.054199,,,,,,,,,,,,,2616.295898,1567.713013,-3159.774170,,,,,,,,,,,,,,,,,,,,,,,,,,,,,,,,,
3956,39.560000,0.000000,0.000000,0.000000,1.000000,0.000000,0.000000,0.000000,57.698101,20.499701,-14.700500,0.047771,-0.013570,0.015998,-15.666301,-52.738201,18.801300,-93.396698,0.129960,17.611099,-0.182931,-0.475644,-0.680147,0.526972,-1104.270996,1517.913574,-4602.371582,-1098.179077,1437.699585,-4614.534180,-1091.818726,1562.584106,-4628.143555,-1121.247559,1467.161987,-4564.754395,-1105.838867,1604.208984,-4602.054199,,,,,,,,,,,,,2616.300293,1567.707886,-3159.770508,,,,,,,,,,,,,,,,,,,,,,,,,,,,,,,,,
3957,39.570000,0.000000,0.000000,0.000000,1.000000,0.000000,0.000000,0.000000,57.698101,20.499701,-14.700500,0.047771,-0.013570,0.015998,-15.666301,-52.738201,18.801300,-93.396698,0.129960,17.611099,-0.182931,-0.475644,-0.680147,0.526972,-1104.270996,1517.913574,-4602.371582,-1098.179077,1437.699585,-4614.534180,-1091.818726,1562.584106,-4628.143555,-1121.247559,1467.161987,-4564.754395,-1105.838867,1604.208984,-4602.054199,,,,,,,,,,,,,2616.291016,1567.718506,-3159.777832,,,,,,,,,,,,,,,,,,,,,,,,,,,,,,,,,
3958,39.580000,0.000000,0.000000,0.000000,1.000000,0.000000,0.000000,0.000000,57.698101,20.499701,-14.700500,0.047771,-0.013570,0.015998,-15.666301,-52.738201,18.801300,-93.396698,0.129960,17.611099,-0.182931,-0.475644,-0.680147,0.526972,-1104.270996,1517.913574,-4602.371582,-1098.179077,1437.699585,-4614.534180,-1091.818726,1562.584106,-4628.143555,-1121.247559,1467.161987,-4564.754395,-1105.838867,1604.208984,-4602.054199,,,,,,,,,,,,,2616.267822,1567.741943,-3159.807129,,,,,,,,,,,,,,,,,,,,,,,,,,,,,,,,,
3959,39.590000,0.000000,0.000000,0.000000,1.000000,0.000000,0.000000,0.000000,57.698101,20.499701,-14.700500,0.047771,-0.013570,0.015998,-15.666301,-52.738201,18.801300,-93.396698,0.129960,17.611099,-0.182931,-0.475644,-0.680147,0.526972,-1104.270996,1517.913574,-4602.371582,-1098.179077,1437.699585,-4614.534180,-1091.818726,1562.584106,-4628.143555,-1121.247559,1467.161987,-4564.754395,-1105.838867,1604.208984,-4602.054199,,,,,,,,,,,,,2616.277832,1567.758301,-3159.793213,,,,,,,,,,,,,,,,,,,,,,,,,,,,,,,,,
3960,39.600000,0.000000,0.000000,0.000000,1.000000,0.000000,0.000000,0.000000,57.698101,20.499701,-14.700500,0.047771,-0.013570,0.015998,-15.666301,-52.738201,18.801300,-93.396698,0.129960,17.611099,-0.182931,-0.475644,-0.680147,0.526972,-1104.270996,1517.913574,-4602.371582,-1098.179077,1437.699585,-4614.534180,-1091.818726,1562.584106,-4628.143555,-1121.247559,1467.161987,-4564.754395,-1105.838867,1604.208984,-4602.054199,,,,,,,,,,,,,2616.314941,1567.783325,-3159.789795,,,,,,,,,,,,,,,,,,,,,,,,,,,,,,,,,
3961,39.610000,0.000000,0.000000,0.000000,1.000000,0.000000,0.000000,0.000000,57.698101,20.499701,-14.700500,0.047771,-0.013570,0.015998,-15.666301,-52.738201,18.801300,-93.396698,0.129960,17.611099,-0.182931,-0.475644,-0.680147,0.526972,-1104.270996,1517.913574,-4602.371582,-1098.179077,1437.699585,-4614.534180,-1091.818726,1562.584106,-4628.143555,-1121.247559,1467.161987,-4564.754395,-1105.838867,1604.208984,-4602.054199,,,,,,,,,,,,,2616.295410,1567.747925,-3159.790039,,,,,,,,,,,,,,,,,,,,,,,,,,,,,,,,,
3962,39.620000,0.000000,0.000000,0.000000,1.000000,0.000000,0.000000,0.000000,57.698101,20.499701,-14.700500,0.047771,-0.013570,0.015998,-15.666301,-52.738201,18.801300,-93.396698,0.129960,17.611099,-0.182931,-0.475644,-0.680147,0.526972,-1104.270996,1517.913574,-4602.371582,-1098.179077,1437.699585,-4614.534180,-1091.818726,1562.584106,-4628.143555,-1121.247559,1467.161987,-4564.754395,-1105.838867,1604.208984,-4602.054199,,,,,,,,,,,,,2616.295654,1567.721558,-3159.780029,,,,,,,,,,,,,,,,,,,,,,,,,,,,,,,,,
3963,39.630000,0.000000,0.000000,0.000000,1.000000,0.000000,0.000000,0.000000,57.698101,20.499701,-14.700500,0.047771,-0.013570,0.015998,-15.666301,-52.738201,18.801300,-93.396698,0.129960,17.611099,-0.182931,-0.475644,-0.680147,0.526972,-1104.270996,1517.913574,-4602.371582,-1098.179077,1437.699585,-4614.534180,-1091.818726,1562.584106,-4628.143555,-1121.247559,1467.161987,-4564.754395,-1105.838867,1604.208984,-4602.054199,,,,,,,,,,,,,2616.280762,1567.731689,-3159.788574,,,,,,,,,,,,,,,,,,,,,,,,,,,,,,,,,
3964,39.640000,0.000000,0.000000,0.000000,1.000000,0.000000,0.000000,0.000000,57.698101,20.499701,-14.700500,0.047771,-0.013570,0.015998,-15.666301,-52.738201,18.801300,-93.396698,0.129960,17.611099,-0.182931,-0.475644,-0.680147,0.526972,-1104.270996,1517.913574,-4602.371582,-1098.179077,1437.699585,-4614.534180,-1091.818726,1562.584106,-4628.143555,-1121.247559,1467.161987,-4564.754395,-1105.838867,1604.208984,-4602.054199,,,,,,,,,,,,,2616.282471,1567.739014,-3159.778076,,,,,,,,,,,,,,,,,,,,,,,,,,,,,,,,,
3965,39.650000,0.000000,0.000000,0.000000,1.000000,0.000000,0.000000,0.000000,57.698101,20.499701,-14.700500,0.047771,-0.013570,0.015998,-15.666301,-52.738201,18.801300,-93.396698,0.129960,17.611099,-0.182931,-0.475644,-0.680147,0.526972,-1104.270996,1517.913574,-4602.371582,-1098.179077,1437.699585,-4614.534180,-1091.818726,1562.584106,-4628.143555,-1121.247559,1467.161987,-4564.754395,-1105.838867,1604.208984,-4602.054199,,,,,,,,,,,,,2616.276855,1567.768433,-3159.799316,,,,,,,,,,,,,,,,,,,,,,,,,,,,,,,,,
3966,39.660000,0.000000,0.000000,0.000000,1.000000,0.000000,0.000000,0.000000,57.698101,20.499701,-14.700500,0.047771,-0.013570,0.015998,-15.666301,-52.738201,18.801300,-93.396698,0.129960,17.611099,-0.182931,-0.475644,-0.680147,0.526972,-1104.270996,1517.913574,-4602.371582,-1098.179077,1437.699585,-4614.534180,-1091.818726,1562.584106,-4628.143555,-1121.247559,1467.161987,-4564.754395,-1105.838867,1604.208984,-4602.054199,,,,,,,,,,,,,2616.271484,1567.719238,-3159.789307,,,,,,,,,,,,,,,,,,,,,,,,,,,,,,,,,
3967,39.670000,0.000000,0.000000,0.000000,1.000000,0.000000,0.000000,0.000000,57.698101,20.499701,-14.700500,0.047771,-0.013570,0.015998,-15.666301,-52.738201,18.801300,-93.396698,0.129960,17.611099,-0.182931,-0.475644,-0.680147,0.526972,-1104.270996,1517.913574,-4602.371582,-1098.179077,1437.699585,-4614.534180,-1091.818726,1562.584106,-4628.143555,-1121.247559,1467.161987,-4564.754395,-1105.838867,1604.208984,-4602.054199,,,,,,,,,,,,,2616.250488,1567.720093,-3159.793945,,,,,,,,,,,,,,,,,,,,,,,,,,,,,,,,,
3968,39.680000,0.000000,0.000000,0.000000,1.000000,0.000000,0.000000,0.000000,57.698101,20.499701,-14.700500,0.047771,-0.013570,0.015998,-15.666301,-52.738201,18.801300,-93.396698,0.129960,17.611099,-0.182931,-0.475644,-0.680147,0.526972,-1104.270996,1517.913574,-4602.371582,-1098.179077,1437.699585,-4614.534180,-1091.818726,1562.584106,-4628.143555,-1121.247559,1467.161987,-4564.754395,-1105.838867,1604.208984,-4602.054199,,,,,,,,,,,,,2616.282959,1567.748047,-3159.789062,,,,,,,,,,,,,,,,,,,,,,,,,,,,,,,,,
3969,39.690000,0.000000,0.000000,0.000000,1.000000,0.000000,0.000000,0.000000,57.698101,20.499701,-14.700500,0.047771,-0.013570,0.015998,-15.666301,-52.738201,18.801300,-93.396698,0.129960,17.611099,-0.182931,-0.475644,-0.680147,0.526972,-1104.270996,1517.913574,-4602.371582,-1098.179077,1437.699585,-4614.534180,-1091.818726,1562.584106,-4628.143555,-1121.247559,1467.161987,-4564.754395,-1105.838867,1604.208984,-4602.054199,,,,,,,,,,,,,2616.298340,1567.751953,-3159.774902,,,,,,,,,,,,,,,,,,,,,,,,,,,,,,,,,
3970,39.700000,0.000000,0.000000,0.000000,1.000000,0.000000,0.000000,0.000000,57.698101,20.499701,-14.700500,0.047771,-0.013570,0.015998,-15.666301,-52.738201,18.801300,-93.396698,0.129960,17.611099,-0.182931,-0.475644,-0.680147,0.526972,-1104.270996,1517.913574,-4602.371582,-1098.179077,1437.699585,-4614.534180,-1091.818726,1562.584106,-4628.143555,-1121.247559,1467.161987,-4564.754395,-1105.838867,1604.208984,-4602.054199,,,,,,,,,,,,,2616.296631,1567.762329,-3159.776611,,,,,,,,,,,,,,,,,,,,,,,,,,,,,,,,,
3971,39.710000,0.000000,0.000000,0.000000,1.000000,0.000000,0.000000,0.000000,57.698101,20.499701,-14.700500,0.047771,-0.013570,0.015998,-15.666301,-52.738201,18.801300,-93.396698,0.129960,17.611099,-0.182931,-0.475644,-0.680147,0.526972,-1104.270996,1517.913574,-4602.371582,-1098.179077,1437.699585,-4614.534180,-1091.818726,1562.584106,-4628.143555,-1121.247559,1467.161987,-4564.754395,-1105.838867,1604.208984,-4602.054199,,,,,,,,,,,,,2616.281738,1567.765625,-3159.788086,,,,,,,,,,,,,,,,,,,,,,,,,,,,,,,,,
3972,39.720000,0.000000,0.000000,0.000000,1.000000,0.000000,0.000000,0.000000,57.698101,20.499701,-14.700500,0.047771,-0.013570,0.015998,-15.666301,-52.738201,18.801300,-93.396698,0.129960,17.611099,-0.182931,-0.475644,-0.680147,0.526972,-1104.270996,1517.913574,-4602.371582,-1098.179077,1437.699585,-4614.534180,-1091.818726,1562.584106,-4628.143555,-1121.247559,1467.161987,-4564.754395,-1105.838867,1604.208984,-4602.054199,,,,,,,,,,,,,2616.282471,1567.756592,-3159.779297,,,,,,,,,,,,,,,,,,,,,,,,,,,,,,,,,
3973,39.730000,0.000000,0.000000,0.000000,1.000000,0.000000,0.000000,0.000000,57.698101,20.499701,-14.700500,0.047771,-0.013570,0.015998,-15.666301,-52.738201,18.801300,-93.396698,0.129960,17.611099,-0.182931,-0.475644,-0.680147,0.526972,-1104.270996,1517.913574,-4602.371582,-1098.179077,1437.699585,-4614.534180,-1091.818726,1562.584106,-4628.143555,-1121.247559,1467.161987,-4564.754395,-1105.838867,1604.208984,-4602.054199,,,,,,,,,,,,,2616.262207,1567.760132,-3159.777344,,,,,,,,,,,,,,,,,,,,,,,,,,,,,,,,,
3974,39.740000,0.000000,0.000000,0.000000,1.000000,0.000000,0.000000,0.000000,57.698101,20.499701,-14.700500,0.047771,-0.013570,0.015998,-15.666301,-52.738201,18.801300,-93.396698,0.129960,17.611099,-0.182931,-0.475644,-0.680147,0.526972,-1104.270996,1517.913574,-4602.371582,-1098.179077,1437.699585,-4614.534180,-1091.818726,1562.584106,-4628.143555,-1121.247559,1467.161987,-4564.754395,-1105.838867,1604.208984,-4602.054199,,,,,,,,,,,,,2616.247314,1567.739990,-3159.787598,,,,,,,,,,,,,,,,,,,,,,,,,,,,,,,,,
3975,39.750000,0.000000,0.000000,0.000000,1.000000,0.000000,0.000000,0.000000,57.698101,20.499701,-14.700500,0.047771,-0.013570,0.015998,-15.666301,-52.738201,18.801300,-93.396698,0.129960,17.611099,-0.182931,-0.475644,-0.680147,0.526972,-1104.270996,1517.913574,-4602.371582,-1098.179077,1437.699585,-4614.534180,-1091.818726,1562.584106,-4628.143555,-1121.247559,1467.161987,-4564.754395,-1105.838867,1604.208984,-4602.054199,,,,,,,,,,,,,2616.272217,1567.744141,-3159.788330,,,,,,,,,,,,,,,,,,,,,,,,,,,,,,,,,
3976,39.760000,0.000000,0.000000,0.000000,1.000000,0.000000,0.000000,0.000000,57.698101,20.499701,-14.700500,0.047771,-0.013570,0.015998,-15.666301,-52.738201,18.801300,-93.396698,0.129960,17.611099,-0.182931,-0.475644,-0.680147,0.526972,-1104.270996,1517.913574,-4602.371582,-1098.179077,1437.699585,-4614.534180,-1091.818726,1562.584106,-4628.143555,-1121.247559,1467.161987,-4564.754395,-1105.838867,1604.208984,-4602.054199,,,,,,,,,,,,,2616.265137,1567.736816,-3159.778076,,,,,,,,,,,,,,,,,,,,,,,,,,,,,,,,,
3977,39.770000,0.000000,0.000000,0.000000,1.000000,0.000000,0.000000,0.000000,57.698101,20.499701,-14.700500,0.047771,-0.013570,0.015998,-15.666301,-52.738201,18.801300,-93.396698,0.129960,17.611099,-0.182931,-0.475644,-0.680147,0.526972,-1104.270996,1517.913574,-4602.371582,-1098.179077,1437.699585,-4614.534180,-1091.818726,1562.584106,-4628.143555,-1121.247559,1467.161987,-4564.754395,-1105.838867,1604.208984,-4602.054199,,,,,,,,,,,,,2616.249268,1567.738770,-3159.786865,,,,,,,,,,,,,,,,,,,,,,,,,,,,,,,,,
3978,39.780000,0.000000,0.000000,0.000000,1.000000,0.000000,0.000000,0.000000,57.698101,20.499701,-14.700500,0.047771,-0.013570,0.015998,-15.666301,-52.738201,18.801300,-93.396698,0.129960,17.611099,-0.182931,-0.475644,-0.680147,0.526972,-1104.270996,1517.913574,-4602.371582,-1098.179077,1437.699585,-4614.534180,-1091.818726,1562.584106,-4628.143555,-1121.247559,1467.161987,-4564.754395,-1105.838867,1604.208984,-4602.054199,,,,,,,,,,,,,2616.257568,1567.720459,-3159.783203,,,,,,,,,,,,,,,,,,,,,,,,,,,,,,,,,
3979,39.790000,0.000000,0.000000,0.000000,1.000000,0.000000,0.000000,0.000000,57.698101,20.499701,-14.700500,0.047771,-0.013570,0.015998,-15.666301,-52.738201,18.801300,-93.396698,0.129960,17.611099,-0.182931,-0.475644,-0.680147,0.526972,-1104.270996,1517.913574,-4602.371582,-1098.179077,1437.699585,-4614.534180,-1091.818726,1562.584106,-4628.143555,-1121.247559,1467.161987,-4564.754395,-1105.838867,1604.208984,-4602.054199,,,,,,,,,,,,,2616.263428,1567.751465,-3159.783691,,,,,,,,,,,,,,,,,,,,,,,,,,,,,,,,,
3980,39.800000,0.000000,0.000000,0.000000,1.000000,0.000000,0.000000,0.000000,57.698101,20.499701,-14.700500,0.047771,-0.013570,0.015998,-15.666301,-52.738201,18.801300,-93.396698,0.129960,17.611099,-0.182931,-0.475644,-0.680147,0.526972,-1104.270996,1517.913574,-4602.371582,-1098.179077,1437.699585,-4614.534180,-1091.818726,1562.584106,-4628.143555,-1121.247559,1467.161987,-4564.754395,-1105.838867,1604.208984,-4602.054199,,,,,,,,,,,,,2616.277832,1567.746826,-3159.779297,,,,,,,,,,,,,,,,,,,,,,,,,,,,,,,,,
3981,39.810000,0.000000,0.000000,0.000000,1.000000,0.000000,0.000000,0.000000,57.698101,20.499701,-14.700500,0.047771,-0.013570,0.015998,-15.666301,-52.738201,18.801300,-93.396698,0.129960,17.611099,-0.182931,-0.475644,-0.680147,0.526972,-1104.270996,1517.913574,-4602.371582,-1098.179077,1437.699585,-4614.534180,-1091.818726,1562.584106,-4628.143555,-1121.247559,1467.161987,-4564.754395,-1105.838867,1604.208984,-4602.054199,,,,,,,,,,,,,2616.255371,1567.739746,-3159.792969,,,,,,,,,,,,,,,,,,,,,,,,,,,,,,,,,
3982,39.820000,0.000000,0.000000,0.000000,1.000000,0.000000,0.000000,0.000000,57.698101,20.499701,-14.700500,0.047771,-0.013570,0.015998,-15.666301,-52.738201,18.801300,-93.396698,0.129960,17.611099,-0.182931,-0.475644,-0.680147,0.526972,-1104.270996,1517.913574,-4602.371582,-1098.179077,1437.699585,-4614.534180,-1091.818726,1562.584106,-4628.143555,-1121.247559,1467.161987,-4564.754395,-1105.838867,1604.208984,-4602.054199,,,,,,,,,,,,,2616.245361,1567.759644,-3159.801514,,,,,,,,,,,,,,,,,,,,,,,,,,,,,,,,,
3983,39.830000,0.000000,0.000000,0.000000,1.000000,0.000000,0.000000,0.000000,57.698101,20.499701,-14.700500,0.047771,-0.013570,0.015998,-15.666301,-52.738201,18.801300,-93.396698,0.129960,17.611099,-0.182931,-0.475644,-0.680147,0.526972,-1104.270996,1517.913574,-4602.371582,-1098.179077,1437.699585,-4614.534180,-1091.818726,1562.584106,-4628.143555,-1121.247559,1467.161987,-4564.754395,-1105.838867,1604.208984,-4602.054199,,,,,,,,,,,,,2616.298096,1567.758057,-3159.792480,,,,,,,,,,,,,,,,,,,,,,,,,,,,,,,,,
3984,39.840000,0.000000,0.000000,0.000000,1.000000,0.000000,0.000000,0.000000,57.698101,20.499701,-14.700500,0.047771,-0.013570,0.015998,-15.666301,-52.738201,18.801300,-93.396698,0.129960,17.611099,-0.182931,-0.475644,-0.680147,0.526972,-1104.270996,1517.913574,-4602.371582,-1098.179077,1437.699585,-4614.534180,-1091.818726,1562.584106,-4628.143555,-1121.247559,1467.161987,-4564.754395,-1105.838867,1604.208984,-4602.054199,,,,,,,,,,,,,2616.311279,1567.748657,-3159.774170,,,,,,,,,,,,,,,,,,,,,,,,,,,,,,,,,
3985,39.850000,0.000000,0.000000,0.000000,1.000000,0.000000,0.000000,0.000000,57.698101,20.499701,-14.700500,0.047771,-0.013570,0.015998,-15.666301,-52.738201,18.801300,-93.396698,0.129960,17.611099,-0.182931,-0.475644,-0.680147,0.526972,-1104.270996,1517.913574,-4602.371582,-1098.179077,1437.699585,-4614.534180,-1091.818726,1562.584106,-4628.143555,-1121.247559,1467.161987,-4564.754395,-1105.838867,1604.208984,-4602.054199,,,,,,,,,,,,,2616.256836,1567.721680,-3159.786377,,,,,,,,,,,,,,,,,,,,,,,,,,,,,,,,,
3986,39.860000,0.000000,0.000000,0.000000,1.000000,0.000000,0.000000,0.000000,57.698101,20.499701,-14.700500,0.047771,-0.013570,0.015998,-15.666301,-52.738201,18.801300,-93.396698,0.129960,17.611099,-0.182931,-0.475644,-0.680147,0.526972,-1104.270996,1517.913574,-4602.371582,-1098.179077,1437.699585,-4614.534180,-1091.818726,1562.584106,-4628.143555,-1121.247559,1467.161987,-4564.754395,-1105.838867,1604.208984,-4602.054199,,,,,,,,,,,,,2616.293457,1567.711792,-3159.787354,,,,,,,,,,,,,,,,,,,,,,,,,,,,,,,,,
3987,39.870000,0.000000,0.000000,0.000000,1.000000,0.000000,0.000000,0.000000,57.698101,20.499701,-14.700500,0.047771,-0.013570,0.015998,-15.666301,-52.738201,18.801300,-93.396698,0.129960,17.611099,-0.182931,-0.475644,-0.680147,0.526972,-1104.270996,1517.913574,-4602.371582,-1098.179077,1437.699585,-4614.534180,-1091.818726,1562.584106,-4628.143555,-1121.247559,1467.161987,-4564.754395,-1105.838867,1604.208984,-4602.054199,,,,,,,,,,,,,2616.265381,1567.717407,-3159.786133,,,,,,,,,,,,,,,,,,,,,,,,,,,,,,,,,
3988,39.880000,0.000000,0.000000,0.000000,1.000000,0.000000,0.000000,0.000000,57.698101,20.499701,-14.700500,0.047771,-0.013570,0.015998,-15.666301,-52.738201,18.801300,-93.396698,0.129960,17.611099,-0.182931,-0.475644,-0.680147,0.526972,-1104.270996,1517.913574,-4602.371582,-1098.179077,1437.699585,-4614.534180,-1091.818726,1562.584106,-4628.143555,-1121.247559,1467.161987,-4564.754395,-1105.838867,1604.208984,-4602.054199,,,,,,,,,,,,,2616.312500,1567.725342,-3159.788574,,,,,,,,,,,,,,,,,,,,,,,,,,,,,,,,,
3989,39.890000,0.000000,0.000000,0.000000,1.000000,0.000000,0.000000,0.000000,57.698101,20.499701,-14.700500,0.047771,-0.013570,0.015998,-15.666301,-52.738201,18.801300,-93.396698,0.129960,17.611099,-0.182931,-0.475644,-0.680147,0.526972,-1104.270996,1517.913574,-4602.371582,-1098.179077,1437.699585,-4614.534180,-1091.818726,1562.584106,-4628.143555,-1121.247559,1467.161987,-4564.754395,-1105.838867,1604.208984,-4602.054199,,,,,,,,,,,,,2616.304932,1567.751343,-3159.788818,,,,,,,,,,,,,,,,,,,,,,,,,,,,,,,,,
3990,39.900000,0.000000,0.000000,0.000000,1.000000,0.000000,0.000000,0.000000,57.698101,20.499701,-14.700500,0.047771,-0.013570,0.015998,-15.666301,-52.738201,18.801300,-93.396698,0.129960,17.611099,-0.182931,-0.475644,-0.680147,0.526972,-1104.270996,1517.913574,-4602.371582,-1098.179077,1437.699585,-4614.534180,-1091.818726,1562.584106,-4628.143555,-1121.247559,1467.161987,-4564.754395,-1105.838867,1604.208984,-4602.054199,,,,,,,,,,,,,2616.281982,1567.737549,-3159.785645,,,,,,,,,,,,,,,,,,,,,,,,,,,,,,,,,
3991,39.910000,0.000000,0.000000,0.000000,1.000000,0.000000,0.000000,0.000000,57.698101,20.499701,-14.700500,0.047771,-0.013570,0.015998,-15.666301,-52.738201,18.801300,-93.396698,0.129960,17.611099,-0.182931,-0.475644,-0.680147,0.526972,-1104.270996,1517.913574,-4602.371582,-1098.179077,1437.699585,-4614.534180,-1091.818726,1562.584106,-4628.143555,-1121.247559,1467.161987,-4564.754395,-1105.838867,1604.208984,-4602.054199,,,,,,,,,,,,,2616.306641,1567.758789,-3159.786865,,,,,,,,,,,,,,,,,,,,,,,,,,,,,,,,,
3992,39.920000,0.000000,0.000000,0.000000,1.000000,0.000000,0.000000,0.000000,57.698101,20.499701,-14.700500,0.047771,-0.013570,0.015998,-15.666301,-52.738201,18.801300,-93.396698,0.129960,17.611099,-0.182931,-0.475644,-0.680147,0.526972,-1104.270996,1517.913574,-4602.371582,-1098.179077,1437.699585,-4614.534180,-1091.818726,1562.584106,-4628.143555,-1121.247559,1467.161987,-4564.754395,-1105.838867,1604.208984,-4602.054199,,,,,,,,,,,,,2616.301514,1567.720947,-3159.781738,,,,,,,,,,,,,,,,,,,,,,,,,,,,,,,,,
3993,39.930000,0.000000,0.000000,0.000000,1.000000,0.000000,0.000000,0.000000,57.698101,20.499701,-14.700500,0.047771,-0.013570,0.015998,-15.666301,-52.738201,18.801300,-93.396698,0.129960,17.611099,-0.182931,-0.475644,-0.680147,0.526972,-1104.270996,1517.913574,-4602.371582,-1098.179077,1437.699585,-4614.534180,-1091.818726,1562.584106,-4628.143555,-1121.247559,1467.161987,-4564.754395,-1105.838867,1604.208984,-4602.054199,,,,,,,,,,,,,2616.303467,1567.720947,-3159.762451,,,,,,,,,,,,,,,,,,,,,,,,,,,,,,,,,
3994,39.940000,0.000000,0.000000,0.000000,1.000000,0.000000,0.000000,0.000000,57.698101,20.499701,-14.700500,0.047771,-0.013570,0.015998,-15.666301,-52.738201,18.801300,-93.396698,0.129960,17.611099,-0.182931,-0.475644,-0.680147,0.526972,-1104.270996,1517.913574,-4602.371582,-1098.179077,1437.699585,-4614.534180,-1091.818726,1562.584106,-4628.143555,-1121.247559,1467.161987,-4564.754395,-1105.838867,1604.208984,-4602.054199,,,,,,,,,,,,,2616.279053,1567.771606,-3159.782471,,,,,,,,,,,,,,,,,,,,,,,,,,,,,,,,,
3995,39.950000,0.000000,0.000000,0.000000,1.000000,0.000000,0.000000,0.000000,57.698101,20.499701,-14.700500,0.047771,-0.013570,0.015998,-15.666301,-52.738201,18.801300,-93.396698,0.129960,17.611099,-0.182931,-0.475644,-0.680147,0.526972,-1104.270996,1517.913574,-4602.371582,-1098.179077,1437.699585,-4614.534180,-1091.818726,1562.584106,-4628.143555,-1121.247559,1467.161987,-4564.754395,-1105.838867,1604.208984,-4602.054199,,,,,,,,,,,,,2616.256592,1567.792236,-3159.812988,,,,,,,,,,,,,,,,,,,,,,,,,,,,,,,,,
3996,39.960000,0.000000,0.000000,0.000000,1.000000,0.000000,0.000000,0.000000,57.698101,20.499701,-14.700500,0.047771,-0.013570,0.015998,-15.666301,-52.738201,18.801300,-93.396698,0.129960,17.611099,-0.182931,-0.475644,-0.680147,0.526972,-1104.270996,1517.913574,-4602.371582,-1098.179077,1437.699585,-4614.534180,-1091.818726,1562.584106,-4628.143555,-1121.247559,1467.161987,-4564.754395,-1105.838867,1604.208984,-4602.054199,,,,,,,,,,,,,2616.273926,1567.757446,-3159.798584,,,,,,,,,,,,,,,,,,,,,,,,,,,,,,,,,
3997,39.970000,0.000000,0.000000,0.000000,1.000000,0.000000,0.000000,0.000000,57.698101,20.499701,-14.700500,0.047771,-0.013570,0.015998,-15.666301,-52.738201,18.801300,-93.396698,0.129960,17.611099,-0.182931,-0.475644,-0.680147,0.526972,-1104.270996,1517.913574,-4602.371582,-1098.179077,1437.699585,-4614.534180,-1091.818726,1562.584106,-4628.143555,-1121.247559,1467.161987,-4564.754395,-1105.838867,1604.208984,-4602.054199,,,,,,,,,,,,,2616.283936,1567.745117,-3159.776855,,,,,,,,,,,,,,,,,,,,,,,,,,,,,,,,,
3998,39.980000,0.000000,0.000000,0.000000,1.000000,0.000000,0.000000,0.000000,57.698101,20.499701,-14.700500,0.047771,-0.013570,0.015998,-15.666301,-52.738201,18.801300,-93.396698,0.129960,17.611099,-0.182931,-0.475644,-0.680147,0.526972,-1104.270996,1517.913574,-4602.371582,-1098.179077,1437.699585,-4614.534180,-1091.818726,1562.584106,-4628.143555,-1121.247559,1467.161987,-4564.754395,-1105.838867,1604.208984,-4602.054199,,,,,,,,,,,,,2616.305908,1567.749268,-3159.763428,,,,,,,,,,,,,,,,,,,,,,,,,,,,,,,,,
3999,39.990000,0.000000,0.000000,0.000000,1.000000,0.000000,0.000000,0.000000,57.698101,20.499701,-14.700500,0.047771,-0.013570,0.015998,-15.666301,-52.738201,18.801300,-93.396698,0.129960,17.611099,-0.182931,-0.475644,-0.680147,0.526972,-1104.270996,1517.913574,-4602.371582,-1098.179077,1437.699585,-4614.534180,-1091.818726,1562.584106,-4628.143555,-1121.247559,1467.161987,-4564.754395,-1105.838867,1604.208984,-4602.054199,,,,,,,,,,,,,2616.289307,1567.768188,-3159.770020,,,,,,,,,,,,,,,,,,,,,,,,,,,,,,,,,
4000,40.000000,0.000000,0.000000,0.000000,1.000000,0.000000,0.000000,0.000000,57.698101,20.499701,-14.700500,0.047771,-0.013570,0.015998,-15.666301,-52.738201,18.801300,-93.396698,0.129960,17.611099,-0.182931,-0.475644,-0.680147,0.526972,-1104.270996,1517.913574,-4602.371582,-1098.179077,1437.699585,-4614.534180,-1091.818726,1562.584106,-4628.143555,-1121.247559,1467.161987,-4564.754395,-1105.838867,1604.208984,-4602.054199,,,,,,,,,,,,,2616.266602,1567.728271,-3159.776367,,,,,,,,,,,,,,,,,,,,,,,,,,,,,,,,,
4001,40.010000,0.000000,0.000000,0.000000,1.000000,0.000000,0.000000,0.000000,57.698101,20.499701,-14.700500,0.047771,-0.013570,0.015998,-15.666301,-52.738201,18.801300,-93.396698,0.129960,17.611099,-0.182931,-0.475644,-0.680147,0.526972,-1104.270996,1517.913574,-4602.371582,-1098.179077,1437.699585,-4614.534180,-1091.818726,1562.584106,-4628.143555,-1121.247559,1467.161987,-4564.754395,-1105.838867,1604.208984,-4602.054199,,,,,,,,,,,,,2616.274902,1567.748657,-3159.768311,,,,,,,,,,,,,,,,,,,,,,,,,,,,,,,,,
4002,40.020000,0.000000,0.000000,0.000000,1.000000,0.000000,0.000000,0.000000,57.698101,20.499701,-14.700500,0.047771,-0.013570,0.015998,-15.666301,-52.738201,18.801300,-93.396698,0.129960,17.611099,-0.182931,-0.475644,-0.680147,0.526972,-1104.270996,1517.913574,-4602.371582,-1098.179077,1437.699585,-4614.534180,-1091.818726,1562.584106,-4628.143555,-1121.247559,1467.161987,-4564.754395,-1105.838867,1604.208984,-4602.054199,,,,,,,,,,,,,2616.290771,1567.757080,-3159.776123,,,,,,,,,,,,,,,,,,,,,,,,,,,,,,,,,
4003,40.030000,0.000000,0.000000,0.000000,1.000000,0.000000,0.000000,0.000000,57.698101,20.499701,-14.700500,0.047771,-0.013570,0.015998,-15.666301,-52.738201,18.801300,-93.396698,0.129960,17.611099,-0.182931,-0.475644,-0.680147,0.526972,-1104.270996,1517.913574,-4602.371582,-1098.179077,1437.699585,-4614.534180,-1091.818726,1562.584106,-4628.143555,-1121.247559,1467.161987,-4564.754395,-1105.838867,1604.208984,-4602.054199,,,,,,,,,,,,,2616.275391,1567.755127,-3159.787109,,,,,,,,,,,,,,,,,,,,,,,,,,,,,,,,,
4004,40.040000,0.000000,0.000000,0.000000,1.000000,0.000000,0.000000,0.000000,57.698101,20.499701,-14.700500,0.047771,-0.013570,0.015998,-15.666301,-52.738201,18.801300,-93.396698,0.129960,17.611099,-0.182931,-0.475644,-0.680147,0.526972,-1104.270996,1517.913574,-4602.371582,-1098.179077,1437.699585,-4614.534180,-1091.818726,1562.584106,-4628.143555,-1121.247559,1467.161987,-4564.754395,-1105.838867,1604.208984,-4602.054199,,,,,,,,,,,,,2616.299805,1567.729126,-3159.773438,,,,,,,,,,,,,,,,,,,,,,,,,,,,,,,,,
4005,40.050000,0.000000,0.000000,0.000000,1.000000,0.000000,0.000000,0.000000,57.698101,20.499701,-14.700500,0.047771,-0.013570,0.015998,-15.666301,-52.738201,18.801300,-93.396698,0.129960,17.611099,-0.182931,-0.475644,-0.680147,0.526972,-1104.270996,1517.913574,-4602.371582,-1098.179077,1437.699585,-4614.534180,-1091.818726,1562.584106,-4628.143555,-1121.247559,1467.161987,-4564.754395,-1105.838867,1604.208984,-4602.054199,,,,,,,,,,,,,2616.310303,1567.763794,-3159.758301,,,,,,,,,,,,,,,,,,,,,,,,,,,,,,,,,
4006,40.060000,0.000000,0.000000,0.000000,1.000000,0.000000,0.000000,0.000000,57.698101,20.499701,-14.700500,0.047771,-0.013570,0.015998,-15.666301,-52.738201,18.801300,-93.396698,0.129960,17.611099,-0.182931,-0.475644,-0.680147,0.526972,-1104.270996,1517.913574,-4602.371582,-1098.179077,1437.699585,-4614.534180,-1091.818726,1562.584106,-4628.143555,-1121.247559,1467.161987,-4564.754395,-1105.838867,1604.208984,-4602.054199,,,,,,,,,,,,,2616.281982,1567.721069,-3159.779053,,,,,,,,,,,,,,,,,,,,,,,,,,,,,,,,,
4007,40.070000,0.000000,0.000000,0.000000,1.000000,0.000000,0.000000,0.000000,57.698101,20.499701,-14.700500,0.047771,-0.013570,0.015998,-15.666301,-52.738201,18.801300,-93.396698,0.129960,17.611099,-0.182931,-0.475644,-0.680147,0.526972,-1104.270996,1517.913574,-4602.371582,-1098.179077,1437.699585,-4614.534180,-1091.818726,1562.584106,-4628.143555,-1121.247559,1467.161987,-4564.754395,-1105.838867,1604.208984,-4602.054199,,,,,,,,,,,,,2616.287598,1567.773560,-3159.788574,,,,,,,,,,,,,,,,,,,,,,,,,,,,,,,,,
4008,40.080000,0.000000,0.000000,0.000000,1.000000,0.000000,0.000000,0.000000,57.698101,20.499701,-14.700500,0.047771,-0.013570,0.015998,-15.666301,-52.738201,18.801300,-93.396698,0.129960,17.611099,-0.182931,-0.475644,-0.680147,0.526972,-1104.270996,1517.913574,-4602.371582,-1098.179077,1437.699585,-4614.534180,-1091.818726,1562.584106,-4628.143555,-1121.247559,1467.161987,-4564.754395,-1105.838867,1604.208984,-4602.054199,,,,,,,,,,,,,2616.260010,1567.783325,-3159.799805,,,,,,,,,,,,,,,,,,,,,,,,,,,,,,,,,
4009,40.090000,0.000000,0.000000,0.000000,1.000000,0.000000,0.000000,0.000000,57.698101,20.499701,-14.700500,0.047771,-0.013570,0.015998,-15.666301,-52.738201,18.801300,-93.396698,0.129960,17.611099,-0.182931,-0.475644,-0.680147,0.526972,-1104.270996,1517.913574,-4602.371582,-1098.179077,1437.699585,-4614.534180,-1091.818726,1562.584106,-4628.143555,-1121.247559,1467.161987,-4564.754395,-1105.838867,1604.208984,-4602.054199,,,,,,,,,,,,,2616.281738,1567.762451,-3159.807861,,,,,,,,,,,,,,,,,,,,,,,,,,,,,,,,,
4010,40.100000,0.000000,0.000000,0.000000,1.000000,0.000000,0.000000,0.000000,57.698101,20.499701,-14.700500,0.047771,-0.013570,0.015998,-15.666301,-52.738201,18.801300,-93.396698,0.129960,17.611099,-0.182931,-0.475644,-0.680147,0.526972,-1104.270996,1517.913574,-4602.371582,-1098.179077,1437.699585,-4614.534180,-1091.818726,1562.584106,-4628.143555,-1121.247559,1467.161987,-4564.754395,-1105.838867,1604.208984,-4602.054199,,,,,,,,,,,,,2616.286865,1567.712524,-3159.783936,,,,,,,,,,,,,,,,,,,,,,,,,,,,,,,,,
4011,40.110000,0.000000,0.000000,0.000000,1.000000,0.000000,0.000000,0.000000,57.698101,20.499701,-14.700500,0.047771,-0.013570,0.015998,-15.666301,-52.738201,18.801300,-93.396698,0.129960,17.611099,-0.182931,-0.475644,-0.680147,0.526972,-1104.270996,1517.913574,-4602.371582,-1098.179077,1437.699585,-4614.534180,-1091.818726,1562.584106,-4628.143555,-1121.247559,1467.161987,-4564.754395,-1105.838867,1604.208984,-4602.054199,,,,,,,,,,,,,2616.253174,1567.732910,-3159.790527,,,,,,,,,,,,,,,,,,,,,,,,,,,,,,,,,
4012,40.120000,0.000000,0.000000,0.000000,1.000000,0.000000,0.000000,0.000000,57.698101,20.499701,-14.700500,0.047771,-0.013570,0.015998,-15.666301,-52.738201,18.801300,-93.396698,0.129960,17.611099,-0.182931,-0.475644,-0.680147,0.526972,-1104.270996,1517.913574,-4602.371582,-1098.179077,1437.699585,-4614.534180,-1091.818726,1562.584106,-4628.143555,-1121.247559,1467.161987,-4564.754395,-1105.838867,1604.208984,-4602.054199,,,,,,,,,,,,,2616.284912,1567.763916,-3159.790283,,,,,,,,,,,,,,,,,,,,,,,,,,,,,,,,,
4013,40.130000,0.000000,0.000000,0.000000,1.000000,0.000000,0.000000,0.000000,57.698101,20.499701,-14.700500,0.047771,-0.013570,0.015998,-15.666301,-52.738201,18.801300,-93.396698,0.129960,17.611099,-0.182931,-0.475644,-0.680147,0.526972,-1104.270996,1517.913574,-4602.371582,-1098.179077,1437.699585,-4614.534180,-1091.818726,1562.584106,-4628.143555,-1121.247559,1467.161987,-4564.754395,-1105.838867,1604.208984,-4602.054199,,,,,,,,,,,,,2616.280518,1567.723022,-3159.793457,,,,,,,,,,,,,,,,,,,,,,,,,,,,,,,,,
4014,40.140000,0.000000,0.000000,0.000000,1.000000,0.000000,0.000000,0.000000,57.698101,20.499701,-14.700500,0.047771,-0.013570,0.015998,-15.666301,-52.738201,18.801300,-93.396698,0.129960,17.611099,-0.182931,-0.475644,-0.680147,0.526972,-1104.270996,1517.913574,-4602.371582,-1098.179077,1437.699585,-4614.534180,-1091.818726,1562.584106,-4628.143555,-1121.247559,1467.161987,-4564.754395,-1105.838867,1604.208984,-4602.054199,,,,,,,,,,,,,2616.274658,1567.731689,-3159.787842,,,,,,,,,,,,,,,,,,,,,,,,,,,,,,,,,
4015,40.150000,0.000000,0.000000,0.000000,1.000000,0.000000,0.000000,0.000000,57.698101,20.499701,-14.700500,0.047771,-0.013570,0.015998,-15.666301,-52.738201,18.801300,-93.396698,0.129960,17.611099,-0.182931,-0.475644,-0.680147,0.526972,-1104.270996,1517.913574,-4602.371582,-1098.179077,1437.699585,-4614.534180,-1091.818726,1562.584106,-4628.143555,-1121.247559,1467.161987,-4564.754395,-1105.838867,1604.208984,-4602.054199,,,,,,,,,,,,,2616.277100,1567.739502,-3159.791016,,,,,,,,,,,,,,,,,,,,,,,,,,,,,,,,,
4016,40.160000,0.000000,0.000000,0.000000,1.000000,0.000000,0.000000,0.000000,57.698101,20.499701,-14.700500,0.047771,-0.013570,0.015998,-15.666301,-52.738201,18.801300,-93.396698,0.129960,17.611099,-0.182931,-0.475644,-0.680147,0.526972,-1104.270996,1517.913574,-4602.371582,-1098.179077,1437.699585,-4614.534180,-1091.818726,1562.584106,-4628.143555,-1121.247559,1467.161987,-4564.754395,-1105.838867,1604.208984,-4602.054199,,,,,,,,,,,,,2616.289551,1567.731201,-3159.792480,,,,,,,,,,,,,,,,,,,,,,,,,,,,,,,,,
4017,40.170000,0.000000,0.000000,0.000000,1.000000,0.000000,0.000000,0.000000,57.698101,20.499701,-14.700500,0.047771,-0.013570,0.015998,-15.666301,-52.738201,18.801300,-93.396698,0.129960,17.611099,-0.182931,-0.475644,-0.680147,0.526972,-1104.270996,1517.913574,-4602.371582,-1098.179077,1437.699585,-4614.534180,-1091.818726,1562.584106,-4628.143555,-1121.247559,1467.161987,-4564.754395,-1105.838867,1604.208984,-4602.054199,,,,,,,,,,,,,2616.247803,1567.711426,-3159.799805,,,,,,,,,,,,,,,,,,,,,,,,,,,,,,,,,
4018,40.180000,0.000000,0.000000,0.000000,1.000000,0.000000,0.000000,0.000000,57.698101,20.499701,-14.700500,0.047771,-0.013570,0.015998,-15.666301,-52.738201,18.801300,-93.396698,0.129960,17.611099,-0.182931,-0.475644,-0.680147,0.526972,-1104.270996,1517.913574,-4602.371582,-1098.179077,1437.699585,-4614.534180,-1091.818726,1562.584106,-4628.143555,-1121.247559,1467.161987,-4564.754395,-1105.838867,1604.208984,-4602.054199,,,,,,,,,,,,,2616.299072,1567.759155,-3159.792480,,,,,,,,,,,,,,,,,,,,,,,,,,,,,,,,,
4019,40.190000,0.000000,0.000000,0.000000,1.000000,0.000000,0.000000,0.000000,57.698101,20.499701,-14.700500,0.047771,-0.013570,0.015998,-15.666301,-52.738201,18.801300,-93.396698,0.129960,17.611099,-0.182931,-0.475644,-0.680147,0.526972,-1104.270996,1517.913574,-4602.371582,-1098.179077,1437.699585,-4614.534180,-1091.818726,1562.584106,-4628.143555,-1121.247559,1467.161987,-4564.754395,-1105.838867,1604.208984,-4602.054199,,,,,,,,,,,,,2616.284912,1567.715698,-3159.780029,,,,,,,,,,,,,,,,,,,,,,,,,,,,,,,,,
4020,40.200000,0.000000,0.000000,0.000000,1.000000,0.000000,0.000000,0.000000,57.698101,20.499701,-14.700500,0.047771,-0.013570,0.015998,-15.666301,-52.738201,18.801300,-93.396698,0.129960,17.611099,-0.182931,-0.475644,-0.680147,0.526972,-1104.270996,1517.913574,-4602.371582,-1098.179077,1437.699585,-4614.534180,-1091.818726,1562.584106,-4628.143555,-1121.247559,1467.161987,-4564.754395,-1105.838867,1604.208984,-4602.054199,,,,,,,,,,,,,2616.271240,1567.724854,-3159.779053,,,,,,,,,,,,,,,,,,,,,,,,,,,,,,,,,
4021,40.210000,0.000000,0.000000,0.000000,1.000000,0.000000,0.000000,0.000000,57.698101,20.499701,-14.700500,0.047771,-0.013570,0.015998,-15.666301,-52.738201,18.801300,-93.396698,0.129960,17.611099,-0.182931,-0.475644,-0.680147,0.526972,-1104.270996,1517.913574,-4602.371582,-1098.179077,1437.699585,-4614.534180,-1091.818726,1562.584106,-4628.143555,-1121.247559,1467.161987,-4564.754395,-1105.838867,1604.208984,-4602.054199,,,,,,,,,,,,,2616.296387,1567.724487,-3159.779541,,,,,,,,,,,,,,,,,,,,,,,,,,,,,,,,,
4022,40.220000,0.000000,0.000000,0.000000,1.000000,0.000000,0.000000,0.000000,57.698101,20.499701,-14.700500,0.047771,-0.013570,0.015998,-15.666301,-52.738201,18.801300,-93.396698,0.129960,17.611099,-0.182931,-0.475644,-0.680147,0.526972,-1104.270996,1517.913574,-4602.371582,-1098.179077,1437.699585,-4614.534180,-1091.818726,1562.584106,-4628.143555,-1121.247559,1467.161987,-4564.754395,-1105.838867,1604.208984,-4602.054199,,,,,,,,,,,,,2616.289062,1567.743896,-3159.772461,,,,,,,,,,,,,,,,,,,,,,,,,,,,,,,,,
4023,40.230000,0.000000,0.000000,0.000000,1.000000,0.000000,0.000000,0.000000,57.698101,20.499701,-14.700500,0.047771,-0.013570,0.015998,-15.666301,-52.738201,18.801300,-93.396698,0.129960,17.611099,-0.182931,-0.475644,-0.680147,0.526972,-1104.270996,1517.913574,-4602.371582,-1098.179077,1437.699585,-4614.534180,-1091.818726,1562.584106,-4628.143555,-1121.247559,1467.161987,-4564.754395,-1105.838867,1604.208984,-4602.054199,,,,,,,,,,,,,2616.259033,1567.786621,-3159.781250,,,,,,,,,,,,,,,,,,,,,,,,,,,,,,,,,
4024,40.240000,0.000000,0.000000,0.000000,1.000000,0.000000,0.000000,0.000000,57.698101,20.499701,-14.700500,0.047771,-0.013570,0.015998,-15.666301,-52.738201,18.801300,-93.396698,0.129960,17.611099,-0.182931,-0.475644,-0.680147,0.526972,-1104.270996,1517.913574,-4602.371582,-1098.179077,1437.699585,-4614.534180,-1091.818726,1562.584106,-4628.143555,-1121.247559,1467.161987,-4564.754395,-1105.838867,1604.208984,-4602.054199,,,,,,,,,,,,,2616.293701,1567.765015,-3159.782471,,,,,,,,,,,,,,,,,,,,,,,,,,,,,,,,,
4025,40.250000,0.000000,0.000000,0.000000,1.000000,0.000000,0.000000,0.000000,57.698101,20.499701,-14.700500,0.047771,-0.013570,0.015998,-15.666301,-52.738201,18.801300,-93.396698,0.129960,17.611099,-0.182931,-0.475644,-0.680147,0.526972,-1104.270996,1517.913574,-4602.371582,-1098.179077,1437.699585,-4614.534180,-1091.818726,1562.584106,-4628.143555,-1121.247559,1467.161987,-4564.754395,-1105.838867,1604.208984,-4602.054199,,,,,,,,,,,,,2616.304443,1567.776001,-3159.773682,,,,,,,,,,,,,,,,,,,,,,,,,,,,,,,,,
4026,40.260000,0.000000,0.000000,0.000000,1.000000,0.000000,0.000000,0.000000,57.698101,20.499701,-14.700500,0.047771,-0.013570,0.015998,-15.666301,-52.738201,18.801300,-93.396698,0.129960,17.611099,-0.182931,-0.475644,-0.680147,0.526972,-1104.270996,1517.913574,-4602.371582,-1098.179077,1437.699585,-4614.534180,-1091.818726,1562.584106,-4628.143555,-1121.247559,1467.161987,-4564.754395,-1105.838867,1604.208984,-4602.054199,,,,,,,,,,,,,2616.283447,1567.737793,-3159.773926,,,,,,,,,,,,,,,,,,,,,,,,,,,,,,,,,
4027,40.270000,0.000000,0.000000,0.000000,1.000000,0.000000,0.000000,0.000000,57.698101,20.499701,-14.700500,0.047771,-0.013570,0.015998,-15.666301,-52.738201,18.801300,-93.396698,0.129960,17.611099,-0.182931,-0.475644,-0.680147,0.526972,-1104.270996,1517.913574,-4602.371582,-1098.179077,1437.699585,-4614.534180,-1091.818726,1562.584106,-4628.143555,-1121.247559,1467.161987,-4564.754395,-1105.838867,1604.208984,-4602.054199,,,,,,,,,,,,,2616.250244,1567.748901,-3159.778564,,,,,,,,,,,,,,,,,,,,,,,,,,,,,,,,,
4028,40.280000,0.000000,0.000000,0.000000,1.000000,0.000000,0.000000,0.000000,57.698101,20.499701,-14.700500,0.047771,-0.013570,0.015998,-15.666301,-52.738201,18.801300,-93.396698,0.129960,17.611099,-0.182931,-0.475644,-0.680147,0.526972,-1104.270996,1517.913574,-4602.371582,-1098.179077,1437.699585,-4614.534180,-1091.818726,1562.584106,-4628.143555,-1121.247559,1467.161987,-4564.754395,-1105.838867,1604.208984,-4602.054199,,,,,,,,,,,,,2616.285889,1567.738403,-3159.785156,,,,,,,,,,,,,,,,,,,,,,,,,,,,,,,,,
4029,40.290000,0.000000,0.000000,0.000000,1.000000,0.000000,0.000000,0.000000,57.698101,20.499701,-14.700500,0.047771,-0.013570,0.015998,-15.666301,-52.738201,18.801300,-93.396698,0.129960,17.611099,-0.182931,-0.475644,-0.680147,0.526972,-1104.270996,1517.913574,-4602.371582,-1098.179077,1437.699585,-4614.534180,-1091.818726,1562.584106,-4628.143555,-1121.247559,1467.161987,-4564.754395,-1105.838867,1604.208984,-4602.054199,,,,,,,,,,,,,2616.278564,1567.773193,-3159.782227,,,,,,,,,,,,,,,,,,,,,,,,,,,,,,,,,
4030,40.300000,0.000000,0.000000,0.000000,1.000000,0.000000,0.000000,0.000000,57.698101,20.499701,-14.700500,0.047771,-0.013570,0.015998,-15.666301,-52.738201,18.801300,-93.396698,0.129960,17.611099,-0.182931,-0.475644,-0.680147,0.526972,-1104.270996,1517.913574,-4602.371582,-1098.179077,1437.699585,-4614.534180,-1091.818726,1562.584106,-4628.143555,-1121.247559,1467.161987,-4564.754395,-1105.838867,1604.208984,-4602.054199,,,,,,,,,,,,,2616.270996,1567.748901,-3159.795166,,,,,,,,,,,,,,,,,,,,,,,,,,,,,,,,,
4031,40.310000,0.000000,0.000000,0.000000,1.000000,0.000000,0.000000,0.000000,57.698101,20.499701,-14.700500,0.047771,-0.013570,0.015998,-15.666301,-52.738201,18.801300,-93.396698,0.129960,17.611099,-0.182931,-0.475644,-0.680147,0.526972,-1104.270996,1517.913574,-4602.371582,-1098.179077,1437.699585,-4614.534180,-1091.818726,1562.584106,-4628.143555,-1121.247559,1467.161987,-4564.754395,-1105.838867,1604.208984,-4602.054199,,,,,,,,,,,,,2616.246582,1567.761108,-3159.796631,,,,,,,,,,,,,,,,,,,,,,,,,,,,,,,,,
4032,40.320000,0.000000,0.000000,0.000000,1.000000,0.000000,0.000000,0.000000,57.698101,20.499701,-14.700500,0.047771,-0.013570,0.015998,-15.666301,-52.738201,18.801300,-93.396698,0.129960,17.611099,-0.182931,-0.475644,-0.680147,0.526972,-1104.270996,1517.913574,-4602.371582,-1098.179077,1437.699585,-4614.534180,-1091.818726,1562.584106,-4628.143555,-1121.247559,1467.161987,-4564.754395,-1105.838867,1604.208984,-4602.054199,,,,,,,,,,,,,2616.278809,1567.747437,-3159.792480,,,,,,,,,,,,,,,,,,,,,,,,,,,,,,,,,
4033,40.330000,0.000000,0.000000,0.000000,1.000000,0.000000,0.000000,0.000000,57.698101,20.499701,-14.700500,0.047771,-0.013570,0.015998,-15.666301,-52.738201,18.801300,-93.396698,0.129960,17.611099,-0.182931,-0.475644,-0.680147,0.526972,-1104.270996,1517.913574,-4602.371582,-1098.179077,1437.699585,-4614.534180,-1091.818726,1562.584106,-4628.143555,-1121.247559,1467.161987,-4564.754395,-1105.838867,1604.208984,-4602.054199,,,,,,,,,,,,,2616.275635,1567.739380,-3159.785889,,,,,,,,,,,,,,,,,,,,,,,,,,,,,,,,,
4034,40.340000,0.000000,0.000000,0.000000,1.000000,0.000000,0.000000,0.000000,57.698101,20.499701,-14.700500,0.047771,-0.013570,0.015998,-15.666301,-52.738201,18.801300,-93.396698,0.129960,17.611099,-0.182931,-0.475644,-0.680147,0.526972,-1104.270996,1517.913574,-4602.371582,-1098.179077,1437.699585,-4614.534180,-1091.818726,1562.584106,-4628.143555,-1121.247559,1467.161987,-4564.754395,-1105.838867,1604.208984,-4602.054199,,,,,,,,,,,,,2616.273438,1567.742920,-3159.789062,,,,,,,,,,,,,,,,,,,,,,,,,,,,,,,,,
4035,40.350000,0.000000,0.000000,0.000000,1.000000,0.000000,0.000000,0.000000,57.698101,20.499701,-14.700500,0.047771,-0.013570,0.015998,-15.666301,-52.738201,18.801300,-93.396698,0.129960,17.611099,-0.182931,-0.475644,-0.680147,0.526972,-1104.270996,1517.913574,-4602.371582,-1098.179077,1437.699585,-4614.534180,-1091.818726,1562.584106,-4628.143555,-1121.247559,1467.161987,-4564.754395,-1105.838867,1604.208984,-4602.054199,,,,,,,,,,,,,2616.258789,1567.726318,-3159.795166,,,,,,,,,,,,,,,,,,,,,,,,,,,,,,,,,
4036,40.360000,0.000000,0.000000,0.000000,1.000000,0.000000,0.000000,0.000000,57.698101,20.499701,-14.700500,0.047771,-0.013570,0.015998,-15.666301,-52.738201,18.801300,-93.396698,0.129960,17.611099,-0.182931,-0.475644,-0.680147,0.526972,-1104.270996,1517.913574,-4602.371582,-1098.179077,1437.699585,-4614.534180,-1091.818726,1562.584106,-4628.143555,-1121.247559,1467.161987,-4564.754395,-1105.838867,1604.208984,-4602.054199,,,,,,,,,,,,,2616.269775,1567.737671,-3159.789551,,,,,,,,,,,,,,,,,,,,,,,,,,,,,,,,,
4037,40.370000,0.000000,0.000000,0.000000,1.000000,0.000000,0.000000,0.000000,57.698101,20.499701,-14.700500,0.047771,-0.013570,0.015998,-15.666301,-52.738201,18.801300,-93.396698,0.129960,17.611099,-0.182931,-0.475644,-0.680147,0.526972,-1104.270996,1517.913574,-4602.371582,-1098.179077,1437.699585,-4614.534180,-1091.818726,1562.584106,-4628.143555,-1121.247559,1467.161987,-4564.754395,-1105.838867,1604.208984,-4602.054199,,,,,,,,,,,,,2616.297607,1567.749268,-3159.775146,,,,,,,,,,,,,,,,,,,,,,,,,,,,,,,,,
4038,40.380000,0.000000,0.000000,0.000000,1.000000,0.000000,0.000000,0.000000,57.698101,20.499701,-14.700500,0.047771,-0.013570,0.015998,-15.666301,-52.738201,18.801300,-93.396698,0.129960,17.611099,-0.182931,-0.475644,-0.680147,0.526972,-1104.270996,1517.913574,-4602.371582,-1098.179077,1437.699585,-4614.534180,-1091.818726,1562.584106,-4628.143555,-1121.247559,1467.161987,-4564.754395,-1105.838867,1604.208984,-4602.054199,,,,,,,,,,,,,2616.273438,1567.718628,-3159.776367,,,,,,,,,,,,,,,,,,,,,,,,,,,,,,,,,
4039,40.390000,0.000000,0.000000,0.000000,1.000000,0.000000,0.000000,0.000000,57.698101,20.499701,-14.700500,0.047771,-0.013570,0.015998,-15.666301,-52.738201,18.801300,-93.396698,0.129960,17.611099,-0.182931,-0.475644,-0.680147,0.526972,-1104.270996,1517.913574,-4602.371582,-1098.179077,1437.699585,-4614.534180,-1091.818726,1562.584106,-4628.143555,-1121.247559,1467.161987,-4564.754395,-1105.838867,1604.208984,-4602.054199,,,,,,,,,,,,,2616.281738,1567.718018,-3159.784912,,,,,,,,,,,,,,,,,,,,,,,,,,,,,,,,,
4040,40.400000,0.000000,0.000000,0.000000,1.000000,0.000000,0.000000,0.000000,57.698101,20.499701,-14.700500,0.047771,-0.013570,0.015998,-15.666301,-52.738201,18.801300,-93.396698,0.129960,17.611099,-0.182931,-0.475644,-0.680147,0.526972,-1104.270996,1517.913574,-4602.371582,-1098.179077,1437.699585,-4614.534180,-1091.818726,1562.584106,-4628.143555,-1121.247559,1467.161987,-4564.754395,-1105.838867,1604.208984,-4602.054199,,,,,,,,,,,,,2616.271729,1567.757324,-3159.796631,,,,,,,,,,,,,,,,,,,,,,,,,,,,,,,,,
4041,40.410000,0.000000,0.000000,0.000000,1.000000,0.000000,0.000000,0.000000,57.698101,20.499701,-14.700500,0.047771,-0.013570,0.015998,-15.666301,-52.738201,18.801300,-93.396698,0.129960,17.611099,-0.182931,-0.475644,-0.680147,0.526972,-1104.270996,1517.913574,-4602.371582,-1098.179077,1437.699585,-4614.534180,-1091.818726,1562.584106,-4628.143555,-1121.247559,1467.161987,-4564.754395,-1105.838867,1604.208984,-4602.054199,,,,,,,,,,,,,2616.268799,1567.724609,-3159.788818,,,,,,,,,,,,,,,,,,,,,,,,,,,,,,,,,
4042,40.420000,0.000000,0.000000,0.000000,1.000000,0.000000,0.000000,0.000000,57.698101,20.499701,-14.700500,0.047771,-0.013570,0.015998,-15.666301,-52.738201,18.801300,-93.396698,0.129960,17.611099,-0.182931,-0.475644,-0.680147,0.526972,-1104.270996,1517.913574,-4602.371582,-1098.179077,1437.699585,-4614.534180,-1091.818726,1562.584106,-4628.143555,-1121.247559,1467.161987,-4564.754395,-1105.838867,1604.208984,-4602.054199,,,,,,,,,,,,,2616.276855,1567.732788,-3159.779297,,,,,,,,,,,,,,,,,,,,,,,,,,,,,,,,,
4043,40.430000,0.000000,0.000000,0.000000,1.000000,0.000000,0.000000,0.000000,57.698101,20.499701,-14.700500,0.047771,-0.013570,0.015998,-15.666301,-52.738201,18.801300,-93.396698,0.129960,17.611099,-0.182931,-0.475644,-0.680147,0.526972,-1104.270996,1517.913574,-4602.371582,-1098.179077,1437.699585,-4614.534180,-1091.818726,1562.584106,-4628.143555,-1121.247559,1467.161987,-4564.754395,-1105.838867,1604.208984,-4602.054199,,,,,,,,,,,,,2616.314209,1567.709839,-3159.768311,,,,,,,,,,,,,,,,,,,,,,,,,,,,,,,,,
4044,40.440000,0.000000,0.000000,0.000000,1.000000,0.000000,0.000000,0.000000,57.698101,20.499701,-14.700500,0.047771,-0.013570,0.015998,-15.666301,-52.738201,18.801300,-93.396698,0.129960,17.611099,-0.182931,-0.475644,-0.680147,0.526972,-1104.270996,1517.913574,-4602.371582,-1098.179077,1437.699585,-4614.534180,-1091.818726,1562.584106,-4628.143555,-1121.247559,1467.161987,-4564.754395,-1105.838867,1604.208984,-4602.054199,,,,,,,,,,,,,2616.313965,1567.728149,-3159.769043,,,,,,,,,,,,,,,,,,,,,,,,,,,,,,,,,
4045,40.450000,0.000000,0.000000,0.000000,1.000000,0.000000,0.000000,0.000000,57.698101,20.499701,-14.700500,0.047771,-0.013570,0.015998,-15.666301,-52.738201,18.801300,-93.396698,0.129960,17.611099,-0.182931,-0.475644,-0.680147,0.526972,-1104.270996,1517.913574,-4602.371582,-1098.179077,1437.699585,-4614.534180,-1091.818726,1562.584106,-4628.143555,-1121.247559,1467.161987,-4564.754395,-1105.838867,1604.208984,-4602.054199,,,,,,,,,,,,,2616.306885,1567.741089,-3159.769775,,,,,,,,,,,,,,,,,,,,,,,,,,,,,,,,,
4046,40.460000,0.000000,0.000000,0.000000,1.000000,0.000000,0.000000,0.000000,57.698101,20.499701,-14.700500,0.047771,-0.013570,0.015998,-15.666301,-52.738201,18.801300,-93.396698,0.129960,17.611099,-0.182931,-0.475644,-0.680147,0.526972,-1104.270996,1517.913574,-4602.371582,-1098.179077,1437.699585,-4614.534180,-1091.818726,1562.584106,-4628.143555,-1121.247559,1467.161987,-4564.754395,-1105.838867,1604.208984,-4602.054199,,,,,,,,,,,,,2616.296631,1567.748291,-3159.772461,,,,,,,,,,,,,,,,,,,,,,,,,,,,,,,,,
4047,40.470000,0.000000,0.000000,0.000000,1.000000,0.000000,0.000000,0.000000,57.698101,20.499701,-14.700500,0.047771,-0.013570,0.015998,-15.666301,-52.738201,18.801300,-93.396698,0.129960,17.611099,-0.182931,-0.475644,-0.680147,0.526972,-1104.270996,1517.913574,-4602.371582,-1098.179077,1437.699585,-4614.534180,-1091.818726,1562.584106,-4628.143555,-1121.247559,1467.161987,-4564.754395,-1105.838867,1604.208984,-4602.054199,,,,,,,,,,,,,2616.294922,1567.762329,-3159.771240,,,,,,,,,,,,,,,,,,,,,,,,,,,,,,,,,
4048,40.480000,0.000000,0.000000,0.000000,1.000000,0.000000,0.000000,0.000000,57.698101,20.499701,-14.700500,0.047771,-0.013570,0.015998,-15.666301,-52.738201,18.801300,-93.396698,0.129960,17.611099,-0.182931,-0.475644,-0.680147,0.526972,-1104.270996,1517.913574,-4602.371582,-1098.179077,1437.699585,-4614.534180,-1091.818726,1562.584106,-4628.143555,-1121.247559,1467.161987,-4564.754395,-1105.838867,1604.208984,-4602.054199,,,,,,,,,,,,,2616.285156,1567.752563,-3159.781494,,,,,,,,,,,,,,,,,,,,,,,,,,,,,,,,,
4049,40.490000,0.000000,0.000000,0.000000,1.000000,0.000000,0.000000,0.000000,57.698101,20.499701,-14.700500,0.047771,-0.013570,0.015998,-15.666301,-52.738201,18.801300,-93.396698,0.129960,17.611099,-0.182931,-0.475644,-0.680147,0.526972,-1104.270996,1517.913574,-4602.371582,-1098.179077,1437.699585,-4614.534180,-1091.818726,1562.584106,-4628.143555,-1121.247559,1467.161987,-4564.754395,-1105.838867,1604.208984,-4602.054199,,,,,,,,,,,,,2616.333984,1567.720947,-3159.758301,,,,,,,,,,,,,,,,,,,,,,,,,,,,,,,,,
4050,40.500000,0.000000,0.000000,0.000000,1.000000,0.000000,0.000000,0.000000,57.698101,20.499701,-14.700500,0.047771,-0.013570,0.015998,-15.666301,-52.738201,18.801300,-93.396698,0.129960,17.611099,-0.182931,-0.475644,-0.680147,0.526972,-1104.270996,1517.913574,-4602.371582,-1098.179077,1437.699585,-4614.534180,-1091.818726,1562.584106,-4628.143555,-1121.247559,1467.161987,-4564.754395,-1105.838867,1604.208984,-4602.054199,,,,,,,,,,,,,2616.317383,1567.764160,-3159.757324,,,,,,,,,,,,,,,,,,,,,,,,,,,,,,,,,
4051,40.510000,0.000000,0.000000,0.000000,1.000000,0.000000,0.000000,0.000000,57.698101,20.499701,-14.700500,0.047771,-0.013570,0.015998,-15.666301,-52.738201,18.801300,-93.396698,0.129960,17.611099,-0.182931,-0.475644,-0.680147,0.526972,-1104.270996,1517.913574,-4602.371582,-1098.179077,1437.699585,-4614.534180,-1091.818726,1562.584106,-4628.143555,-1121.247559,1467.161987,-4564.754395,-1105.838867,1604.208984,-4602.054199,,,,,,,,,,,,,2616.269287,1567.750610,-3159.787598,,,,,,,,,,,,,,,,,,,,,,,,,,,,,,,,,
4052,40.520000,0.000000,0.000000,0.000000,1.000000,0.000000,0.000000,0.000000,57.698101,20.499701,-14.700500,0.047771,-0.013570,0.015998,-15.666301,-52.738201,18.801300,-93.396698,0.129960,17.611099,-0.182931,-0.475644,-0.680147,0.526972,-1104.270996,1517.913574,-4602.371582,-1098.179077,1437.699585,-4614.534180,-1091.818726,1562.584106,-4628.143555,-1121.247559,1467.161987,-4564.754395,-1105.838867,1604.208984,-4602.054199,,,,,,,,,,,,,2616.297119,1567.776245,-3159.784424,,,,,,,,,,,,,,,,,,,,,,,,,,,,,,,,,
4053,40.530000,0.000000,0.000000,0.000000,1.000000,0.000000,0.000000,0.000000,57.698101,20.499701,-14.700500,0.047771,-0.013570,0.015998,-15.666301,-52.738201,18.801300,-93.396698,0.129960,17.611099,-0.182931,-0.475644,-0.680147,0.526972,-1104.270996,1517.913574,-4602.371582,-1098.179077,1437.699585,-4614.534180,-1091.818726,1562.584106,-4628.143555,-1121.247559,1467.161987,-4564.754395,-1105.838867,1604.208984,-4602.054199,,,,,,,,,,,,,2616.286133,1567.745239,-3159.779541,,,,,,,,,,,,,,,,,,,,,,,,,,,,,,,,,
4054,40.540000,0.000000,0.000000,0.000000,1.000000,0.000000,0.000000,0.000000,57.698101,20.499701,-14.700500,0.047771,-0.013570,0.015998,-15.666301,-52.738201,18.801300,-93.396698,0.129960,17.611099,-0.182931,-0.475644,-0.680147,0.526972,-1104.270996,1517.913574,-4602.371582,-1098.179077,1437.699585,-4614.534180,-1091.818726,1562.584106,-4628.143555,-1121.247559,1467.161987,-4564.754395,-1105.838867,1604.208984,-4602.054199,,,,,,,,,,,,,2616.275879,1567.715088,-3159.783691,,,,,,,,,,,,,,,,,,,,,,,,,,,,,,,,,
4055,40.550000,0.000000,0.000000,0.000000,1.000000,0.000000,0.000000,0.000000,57.698101,20.499701,-14.700500,0.047771,-0.013570,0.015998,-15.666301,-52.738201,18.801300,-93.396698,0.129960,17.611099,-0.182931,-0.475644,-0.680147,0.526972,-1104.270996,1517.913574,-4602.371582,-1098.179077,1437.699585,-4614.534180,-1091.818726,1562.584106,-4628.143555,-1121.247559,1467.161987,-4564.754395,-1105.838867,1604.208984,-4602.054199,,,,,,,,,,,,,2616.317871,1567.710938,-3159.753174,,,,,,,,,,,,,,,,,,,,,,,,,,,,,,,,,
4056,40.560000,0.000000,0.000000,0.000000,1.000000,0.000000,0.000000,0.000000,57.698101,20.499701,-14.700500,0.047771,-0.013570,0.015998,-15.666301,-52.738201,18.801300,-93.396698,0.129960,17.611099,-0.182931,-0.475644,-0.680147,0.526972,-1104.270996,1517.913574,-4602.371582,-1098.179077,1437.699585,-4614.534180,-1091.818726,1562.584106,-4628.143555,-1121.247559,1467.161987,-4564.754395,-1105.838867,1604.208984,-4602.054199,,,,,,,,,,,,,2616.307373,1567.708130,-3159.765625,,,,,,,,,,,,,,,,,,,,,,,,,,,,,,,,,
4057,40.570000,0.000000,0.000000,0.000000,1.000000,0.000000,0.000000,0.000000,57.698101,20.499701,-14.700500,0.047771,-0.013570,0.015998,-15.666301,-52.738201,18.801300,-93.396698,0.129960,17.611099,-0.182931,-0.475644,-0.680147,0.526972,-1104.270996,1517.913574,-4602.371582,-1098.179077,1437.699585,-4614.534180,-1091.818726,1562.584106,-4628.143555,-1121.247559,1467.161987,-4564.754395,-1105.838867,1604.208984,-4602.054199,,,,,,,,,,,,,2616.282715,1567.738159,-3159.774170,,,,,,,,,,,,,,,,,,,,,,,,,,,,,,,,,
4058,40.580000,0.000000,0.000000,0.000000,1.000000,0.000000,0.000000,0.000000,57.698101,20.499701,-14.700500,0.047771,-0.013570,0.015998,-15.666301,-52.738201,18.801300,-93.396698,0.129960,17.611099,-0.182931,-0.475644,-0.680147,0.526972,-1104.270996,1517.913574,-4602.371582,-1098.179077,1437.699585,-4614.534180,-1091.818726,1562.584106,-4628.143555,-1121.247559,1467.161987,-4564.754395,-1105.838867,1604.208984,-4602.054199,,,,,,,,,,,,,2616.301514,1567.760498,-3159.776367,,,,,,,,,,,,,,,,,,,,,,,,,,,,,,,,,
4059,40.590000,0.000000,0.000000,0.000000,1.000000,0.000000,0.000000,0.000000,57.698101,20.499701,-14.700500,0.047771,-0.013570,0.015998,-15.666301,-52.738201,18.801300,-93.396698,0.129960,17.611099,-0.182931,-0.475644,-0.680147,0.526972,-1104.270996,1517.913574,-4602.371582,-1098.179077,1437.699585,-4614.534180,-1091.818726,1562.584106,-4628.143555,-1121.247559,1467.161987,-4564.754395,-1105.838867,1604.208984,-4602.054199,,,,,,,,,,,,,2616.319580,1567.780151,-3159.778564,,,,,,,,,,,,,,,,,,,,,,,,,,,,,,,,,
4060,40.600000,0.000000,0.000000,0.000000,1.000000,0.000000,0.000000,0.000000,57.698101,20.499701,-14.700500,0.047771,-0.013570,0.015998,-15.666301,-52.738201,18.801300,-93.396698,0.129960,17.611099,-0.182931,-0.475644,-0.680147,0.526972,-1104.270996,1517.913574,-4602.371582,-1098.179077,1437.699585,-4614.534180,-1091.818726,1562.584106,-4628.143555,-1121.247559,1467.161987,-4564.754395,-1105.838867,1604.208984,-4602.054199,,,,,,,,,,,,,2616.270508,1567.769287,-3159.795654,,,,,,,,,,,,,,,,,,,,,,,,,,,,,,,,,
4061,40.610000,0.000000,0.000000,0.000000,1.000000,0.000000,0.000000,0.000000,57.698101,20.499701,-14.700500,0.047771,-0.013570,0.015998,-15.666301,-52.738201,18.801300,-93.396698,0.129960,17.611099,-0.182931,-0.475644,-0.680147,0.526972,-1104.270996,1517.913574,-4602.371582,-1098.179077,1437.699585,-4614.534180,-1091.818726,1562.584106,-4628.143555,-1121.247559,1467.161987,-4564.754395,-1105.838867,1604.208984,-4602.054199,,,,,,,,,,,,,2616.261230,1567.742798,-3159.795898,,,,,,,,,,,,,,,,,,,,,,,,,,,,,,,,,
4062,40.620000,0.000000,0.000000,0.000000,1.000000,0.000000,0.000000,0.000000,57.698101,20.499701,-14.700500,0.047771,-0.013570,0.015998,-15.666301,-52.738201,18.801300,-93.396698,0.129960,17.611099,-0.182931,-0.475644,-0.680147,0.526972,-1104.270996,1517.913574,-4602.371582,-1098.179077,1437.699585,-4614.534180,-1091.818726,1562.584106,-4628.143555,-1121.247559,1467.161987,-4564.754395,-1105.838867,1604.208984,-4602.054199,,,,,,,,,,,,,2616.268555,1567.740356,-3159.785645,,,,,,,,,,,,,,,,,,,,,,,,,,,,,,,,,
4063,40.630000,0.000000,0.000000,0.000000,1.000000,0.000000,0.000000,0.000000,57.698101,20.499701,-14.700500,0.047771,-0.013570,0.015998,-15.666301,-52.738201,18.801300,-93.396698,0.129960,17.611099,-0.182931,-0.475644,-0.680147,0.526972,-1104.270996,1517.913574,-4602.371582,-1098.179077,1437.699585,-4614.534180,-1091.818726,1562.584106,-4628.143555,-1121.247559,1467.161987,-4564.754395,-1105.838867,1604.208984,-4602.054199,,,,,,,,,,,,,2616.303467,1567.755249,-3159.799316,,,,,,,,,,,,,,,,,,,,,,,,,,,,,,,,,
4064,40.640000,0.000000,0.000000,0.000000,1.000000,0.000000,0.000000,0.000000,57.698101,20.499701,-14.700500,0.047771,-0.013570,0.015998,-15.666301,-52.738201,18.801300,-93.396698,0.129960,17.611099,-0.182931,-0.475644,-0.680147,0.526972,-1104.270996,1517.913574,-4602.371582,-1098.179077,1437.699585,-4614.534180,-1091.818726,1562.584106,-4628.143555,-1121.247559,1467.161987,-4564.754395,-1105.838867,1604.208984,-4602.054199,,,,,,,,,,,,,2616.293945,1567.735229,-3159.782715,,,,,,,,,,,,,,,,,,,,,,,,,,,,,,,,,
4065,40.650000,0.000000,0.000000,0.000000,1.000000,0.000000,0.000000,0.000000,57.698101,20.499701,-14.700500,0.047771,-0.013570,0.015998,-15.666301,-52.738201,18.801300,-93.396698,0.129960,17.611099,-0.182931,-0.475644,-0.680147,0.526972,-1104.270996,1517.913574,-4602.371582,-1098.179077,1437.699585,-4614.534180,-1091.818726,1562.584106,-4628.143555,-1121.247559,1467.161987,-4564.754395,-1105.838867,1604.208984,-4602.054199,,,,,,,,,,,,,2616.284668,1567.743774,-3159.784424,,,,,,,,,,,,,,,,,,,,,,,,,,,,,,,,,
4066,40.660000,0.000000,0.000000,0.000000,1.000000,0.000000,0.000000,0.000000,57.698101,20.499701,-14.700500,0.047771,-0.013570,0.015998,-15.666301,-52.738201,18.801300,-93.396698,0.129960,17.611099,-0.182931,-0.475644,-0.680147,0.526972,-1104.270996,1517.913574,-4602.371582,-1098.179077,1437.699585,-4614.534180,-1091.818726,1562.584106,-4628.143555,-1121.247559,1467.161987,-4564.754395,-1105.838867,1604.208984,-4602.054199,,,,,,,,,,,,,2616.302734,1567.717407,-3159.785156,,,,,,,,,,,,,,,,,,,,,,,,,,,,,,,,,
4067,40.670000,0.000000,0.000000,0.000000,1.000000,0.000000,0.000000,0.000000,57.698101,20.499701,-14.700500,0.047771,-0.013570,0.015998,-15.666301,-52.738201,18.801300,-93.396698,0.129960,17.611099,-0.182931,-0.475644,-0.680147,0.526972,-1104.270996,1517.913574,-4602.371582,-1098.179077,1437.699585,-4614.534180,-1091.818726,1562.584106,-4628.143555,-1121.247559,1467.161987,-4564.754395,-1105.838867,1604.208984,-4602.054199,,,,,,,,,,,,,2616.312744,1567.749146,-3159.773438,,,,,,,,,,,,,,,,,,,,,,,,,,,,,,,,,
4068,40.680000,0.000000,0.000000,0.000000,1.000000,0.000000,0.000000,0.000000,57.698101,20.499701,-14.700500,0.047771,-0.013570,0.015998,-15.666301,-52.738201,18.801300,-93.396698,0.129960,17.611099,-0.182931,-0.475644,-0.680147,0.526972,-1104.270996,1517.913574,-4602.371582,-1098.179077,1437.699585,-4614.534180,-1091.818726,1562.584106,-4628.143555,-1121.247559,1467.161987,-4564.754395,-1105.838867,1604.208984,-4602.054199,,,,,,,,,,,,,2616.322998,1567.739014,-3159.765381,,,,,,,,,,,,,,,,,,,,,,,,,,,,,,,,,
4069,40.690000,0.000000,0.000000,0.000000,1.000000,0.000000,0.000000,0.000000,57.698101,20.499701,-14.700500,0.047771,-0.013570,0.015998,-15.666301,-52.738201,18.801300,-93.396698,0.129960,17.611099,-0.182931,-0.475644,-0.680147,0.526972,-1104.270996,1517.913574,-4602.371582,-1098.179077,1437.699585,-4614.534180,-1091.818726,1562.584106,-4628.143555,-1121.247559,1467.161987,-4564.754395,-1105.838867,1604.208984,-4602.054199,,,,,,,,,,,,,2616.313477,1567.726807,-3159.770752,,,,,,,,,,,,,,,,,,,,,,,,,,,,,,,,,
4070,40.700000,0.000000,0.000000,0.000000,1.000000,0.000000,0.000000,0.000000,57.698101,20.499701,-14.700500,0.047771,-0.013570,0.015998,-15.666301,-52.738201,18.801300,-93.396698,0.129960,17.611099,-0.182931,-0.475644,-0.680147,0.526972,-1104.270996,1517.913574,-4602.371582,-1098.179077,1437.699585,-4614.534180,-1091.818726,1562.584106,-4628.143555,-1121.247559,1467.161987,-4564.754395,-1105.838867,1604.208984,-4602.054199,,,,,,,,,,,,,2616.312744,1567.747925,-3159.773438,,,,,,,,,,,,,,,,,,,,,,,,,,,,,,,,,
4071,40.710000,0.000000,0.000000,0.000000,1.000000,0.000000,0.000000,0.000000,57.698101,20.499701,-14.700500,0.047771,-0.013570,0.015998,-15.666301,-52.738201,18.801300,-93.396698,0.129960,17.611099,-0.182931,-0.475644,-0.680147,0.526972,-1104.270996,1517.913574,-4602.371582,-1098.179077,1437.699585,-4614.534180,-1091.818726,1562.584106,-4628.143555,-1121.247559,1467.161987,-4564.754395,-1105.838867,1604.208984,-4602.054199,,,,,,,,,,,,,2616.302246,1567.727661,-3159.772217,,,,,,,,,,,,,,,,,,,,,,,,,,,,,,,,,
4072,40.720000,0.000000,0.000000,0.000000,1.000000,0.000000,0.000000,0.000000,57.698101,20.499701,-14.700500,0.047771,-0.013570,0.015998,-15.666301,-52.738201,18.801300,-93.396698,0.129960,17.611099,-0.182931,-0.475644,-0.680147,0.526972,-1104.270996,1517.913574,-4602.371582,-1098.179077,1437.699585,-4614.534180,-1091.818726,1562.584106,-4628.143555,-1121.247559,1467.161987,-4564.754395,-1105.838867,1604.208984,-4602.054199,,,,,,,,,,,,,2616.322021,1567.725464,-3159.760986,,,,,,,,,,,,,,,,,,,,,,,,,,,,,,,,,
4073,40.730000,0.000000,0.000000,0.000000,1.000000,0.000000,0.000000,0.000000,57.698101,20.499701,-14.700500,0.047771,-0.013570,0.015998,-15.666301,-52.738201,18.801300,-93.396698,0.129960,17.611099,-0.182931,-0.475644,-0.680147,0.526972,-1104.270996,1517.913574,-4602.371582,-1098.179077,1437.699585,-4614.534180,-1091.818726,1562.584106,-4628.143555,-1121.247559,1467.161987,-4564.754395,-1105.838867,1604.208984,-4602.054199,,,,,,,,,,,,,2616.294678,1567.728638,-3159.767334,,,,,,,,,,,,,,,,,,,,,,,,,,,,,,,,,
4074,40.740000,0.000000,0.000000,0.000000,1.000000,0.000000,0.000000,0.000000,57.698101,20.499701,-14.700500,0.047771,-0.013570,0.015998,-15.666301,-52.738201,18.801300,-93.396698,0.129960,17.611099,-0.182931,-0.475644,-0.680147,0.526972,-1104.270996,1517.913574,-4602.371582,-1098.179077,1437.699585,-4614.534180,-1091.818726,1562.584106,-4628.143555,-1121.247559,1467.161987,-4564.754395,-1105.838867,1604.208984,-4602.054199,,,,,,,,,,,,,2616.261719,1567.764404,-3159.770020,,,,,,,,,,,,,,,,,,,,,,,,,,,,,,,,,
4075,40.750000,0.000000,0.000000,0.000000,1.000000,0.000000,0.000000,0.000000,57.698101,20.499701,-14.700500,0.047771,-0.013570,0.015998,-15.666301,-52.738201,18.801300,-93.396698,0.129960,17.611099,-0.182931,-0.475644,-0.680147,0.526972,-1104.270996,1517.913574,-4602.371582,-1098.179077,1437.699585,-4614.534180,-1091.818726,1562.584106,-4628.143555,-1121.247559,1467.161987,-4564.754395,-1105.838867,1604.208984,-4602.054199,,,,,,,,,,,,,2616.294189,1567.738159,-3159.774414,,,,,,,,,,,,,,,,,,,,,,,,,,,,,,,,,
4076,40.760000,0.000000,0.000000,0.000000,1.000000,0.000000,0.000000,0.000000,57.698101,20.499701,-14.700500,0.047771,-0.013570,0.015998,-15.666301,-52.738201,18.801300,-93.396698,0.129960,17.611099,-0.182931,-0.475644,-0.680147,0.526972,-1104.270996,1517.913574,-4602.371582,-1098.179077,1437.699585,-4614.534180,-1091.818726,1562.584106,-4628.143555,-1121.247559,1467.161987,-4564.754395,-1105.838867,1604.208984,-4602.054199,,,,,,,,,,,,,2616.263428,1567.749268,-3159.773193,,,,,,,,,,,,,,,,,,,,,,,,,,,,,,,,,
4077,40.770000,0.000000,0.000000,0.000000,1.000000,0.000000,0.000000,0.000000,57.698101,20.499701,-14.700500,0.047771,-0.013570,0.015998,-15.666301,-52.738201,18.801300,-93.396698,0.129960,17.611099,-0.182931,-0.475644,-0.680147,0.526972,-1104.270996,1517.913574,-4602.371582,-1098.179077,1437.699585,-4614.534180,-1091.818726,1562.584106,-4628.143555,-1121.247559,1467.161987,-4564.754395,-1105.838867,1604.208984,-4602.054199,,,,,,,,,,,,,2616.274414,1567.765747,-3159.783203,,,,,,,,,,,,,,,,,,,,,,,,,,,,,,,,,
4078,40.780000,0.000000,0.000000,0.000000,1.000000,0.000000,0.000000,0.000000,57.698101,20.499701,-14.700500,0.047771,-0.013570,0.015998,-15.666301,-52.738201,18.801300,-93.396698,0.129960,17.611099,-0.182931,-0.475644,-0.680147,0.526972,-1104.270996,1517.913574,-4602.371582,-1098.179077,1437.699585,-4614.534180,-1091.818726,1562.584106,-4628.143555,-1121.247559,1467.161987,-4564.754395,-1105.838867,1604.208984,-4602.054199,,,,,,,,,,,,,2616.274658,1567.721680,-3159.776123,,,,,,,,,,,,,,,,,,,,,,,,,,,,,,,,,
4079,40.790000,0.000000,0.000000,0.000000,1.000000,0.000000,0.000000,0.000000,57.698101,20.499701,-14.700500,0.047771,-0.013570,0.015998,-15.666301,-52.738201,18.801300,-93.396698,0.129960,17.611099,-0.182931,-0.475644,-0.680147,0.526972,-1104.270996,1517.913574,-4602.371582,-1098.179077,1437.699585,-4614.534180,-1091.818726,1562.584106,-4628.143555,-1121.247559,1467.161987,-4564.754395,-1105.838867,1604.208984,-4602.054199,,,,,,,,,,,,,2616.332031,1567.715698,-3159.758789,,,,,,,,,,,,,,,,,,,,,,,,,,,,,,,,,
4080,40.800000,0.000000,0.000000,0.000000,1.000000,0.000000,0.000000,0.000000,57.698101,20.499701,-14.700500,0.047771,-0.013570,0.015998,-15.666301,-52.738201,18.801300,-93.396698,0.129960,17.611099,-0.182931,-0.475644,-0.680147,0.526972,-1104.270996,1517.913574,-4602.371582,-1098.179077,1437.699585,-4614.534180,-1091.818726,1562.584106,-4628.143555,-1121.247559,1467.161987,-4564.754395,-1105.838867,1604.208984,-4602.054199,,,,,,,,,,,,,2616.313721,1567.715820,-3159.756348,,,,,,,,,,,,,,,,,,,,,,,,,,,,,,,,,
4081,40.810000,0.000000,0.000000,0.000000,1.000000,0.000000,0.000000,0.000000,57.698101,20.499701,-14.700500,0.047771,-0.013570,0.015998,-15.666301,-52.738201,18.801300,-93.396698,0.129960,17.611099,-0.182931,-0.475644,-0.680147,0.526972,-1104.270996,1517.913574,-4602.371582,-1098.179077,1437.699585,-4614.534180,-1091.818726,1562.584106,-4628.143555,-1121.247559,1467.161987,-4564.754395,-1105.838867,1604.208984,-4602.054199,,,,,,,,,,,,,2616.299561,1567.733154,-3159.766602,,,,,,,,,,,,,,,,,,,,,,,,,,,,,,,,,
4082,40.820000,0.000000,0.000000,0.000000,1.000000,0.000000,0.000000,0.000000,57.698101,20.499701,-14.700500,0.047771,-0.013570,0.015998,-15.666301,-52.738201,18.801300,-93.396698,0.129960,17.611099,-0.182931,-0.475644,-0.680147,0.526972,-1104.270996,1517.913574,-4602.371582,-1098.179077,1437.699585,-4614.534180,-1091.818726,1562.584106,-4628.143555,-1121.247559,1467.161987,-4564.754395,-1105.838867,1604.208984,-4602.054199,,,,,,,,,,,,,2616.287842,1567.751343,-3159.780518,,,,,,,,,,,,,,,,,,,,,,,,,,,,,,,,,
4083,40.830000,0.000000,0.000000,0.000000,1.000000,0.000000,0.000000,0.000000,57.698101,20.499701,-14.700500,0.047771,-0.013570,0.015998,-15.666301,-52.738201,18.801300,-93.396698,0.129960,17.611099,-0.182931,-0.475644,-0.680147,0.526972,-1104.270996,1517.913574,-4602.371582,-1098.179077,1437.699585,-4614.534180,-1091.818726,1562.584106,-4628.143555,-1121.247559,1467.161987,-4564.754395,-1105.838867,1604.208984,-4602.054199,,,,,,,,,,,,,2616.310303,1567.770874,-3159.779297,,,,,,,,,,,,,,,,,,,,,,,,,,,,,,,,,
4084,40.840000,0.000000,0.000000,0.000000,1.000000,0.000000,0.000000,0.000000,57.698101,20.499701,-14.700500,0.047771,-0.013570,0.015998,-15.666301,-52.738201,18.801300,-93.396698,0.129960,17.611099,-0.182931,-0.475644,-0.680147,0.526972,-1104.270996,1517.913574,-4602.371582,-1098.179077,1437.699585,-4614.534180,-1091.818726,1562.584106,-4628.143555,-1121.247559,1467.161987,-4564.754395,-1105.838867,1604.208984,-4602.054199,,,,,,,,,,,,,2616.305420,1567.701050,-3159.767334,,,,,,,,,,,,,,,,,,,,,,,,,,,,,,,,,
4085,40.850000,0.000000,0.000000,0.000000,1.000000,0.000000,0.000000,0.000000,57.698101,20.499701,-14.700500,0.047771,-0.013570,0.015998,-15.666301,-52.738201,18.801300,-93.396698,0.129960,17.611099,-0.182931,-0.475644,-0.680147,0.526972,-1104.270996,1517.913574,-4602.371582,-1098.179077,1437.699585,-4614.534180,-1091.818726,1562.584106,-4628.143555,-1121.247559,1467.161987,-4564.754395,-1105.838867,1604.208984,-4602.054199,,,,,,,,,,,,,2616.319580,1567.755249,-3159.769043,,,,,,,,,,,,,,,,,,,,,,,,,,,,,,,,,
4086,40.860000,0.000000,0.000000,0.000000,1.000000,0.000000,0.000000,0.000000,57.698101,20.499701,-14.700500,0.047771,-0.013570,0.015998,-15.666301,-52.738201,18.801300,-93.396698,0.129960,17.611099,-0.182931,-0.475644,-0.680147,0.526972,-1104.270996,1517.913574,-4602.371582,-1098.179077,1437.699585,-4614.534180,-1091.818726,1562.584106,-4628.143555,-1121.247559,1467.161987,-4564.754395,-1105.838867,1604.208984,-4602.054199,,,,,,,,,,,,,2616.275635,1567.745728,-3159.783936,,,,,,,,,,,,,,,,,,,,,,,,,,,,,,,,,
4087,40.870000,0.000000,0.000000,0.000000,1.000000,0.000000,0.000000,0.000000,57.698101,20.499701,-14.700500,0.047771,-0.013570,0.015998,-15.666301,-52.738201,18.801300,-93.396698,0.129960,17.611099,-0.182931,-0.475644,-0.680147,0.526972,-1104.270996,1517.913574,-4602.371582,-1098.179077,1437.699585,-4614.534180,-1091.818726,1562.584106,-4628.143555,-1121.247559,1467.161987,-4564.754395,-1105.838867,1604.208984,-4602.054199,,,,,,,,,,,,,2616.263184,1567.728760,-3159.791260,,,,,,,,,,,,,,,,,,,,,,,,,,,,,,,,,
4088,40.880000,0.000000,0.000000,0.000000,1.000000,0.000000,0.000000,0.000000,57.698101,20.499701,-14.700500,0.047771,-0.013570,0.015998,-15.666301,-52.738201,18.801300,-93.396698,0.129960,17.611099,-0.182931,-0.475644,-0.680147,0.526972,-1104.270996,1517.913574,-4602.371582,-1098.179077,1437.699585,-4614.534180,-1091.818726,1562.584106,-4628.143555,-1121.247559,1467.161987,-4564.754395,-1105.838867,1604.208984,-4602.054199,,,,,,,,,,,,,2616.303955,1567.736206,-3159.777344,,,,,,,,,,,,,,,,,,,,,,,,,,,,,,,,,
4089,40.890000,0.000000,0.000000,0.000000,1.000000,0.000000,0.000000,0.000000,57.698101,20.499701,-14.700500,0.047771,-0.013570,0.015998,-15.666301,-52.738201,18.801300,-93.396698,0.129960,17.611099,-0.182931,-0.475644,-0.680147,0.526972,-1104.270996,1517.913574,-4602.371582,-1098.179077,1437.699585,-4614.534180,-1091.818726,1562.584106,-4628.143555,-1121.247559,1467.161987,-4564.754395,-1105.838867,1604.208984,-4602.054199,,,,,,,,,,,,,2616.338135,1567.694946,-3159.770508,,,,,,,,,,,,,,,,,,,,,,,,,,,,,,,,,
4090,40.900000,0.000000,0.000000,0.000000,1.000000,0.000000,0.000000,0.000000,57.698101,20.499701,-14.700500,0.047771,-0.013570,0.015998,-15.666301,-52.738201,18.801300,-93.396698,0.129960,17.611099,-0.182931,-0.475644,-0.680147,0.526972,-1104.270996,1517.913574,-4602.371582,-1098.179077,1437.699585,-4614.534180,-1091.818726,1562.584106,-4628.143555,-1121.247559,1467.161987,-4564.754395,-1105.838867,1604.208984,-4602.054199,,,,,,,,,,,,,2616.303467,1567.711548,-3159.762939,,,,,,,,,,,,,,,,,,,,,,,,,,,,,,,,,
4091,40.910000,0.000000,0.000000,0.000000,1.000000,0.000000,0.000000,0.000000,57.698101,20.499701,-14.700500,0.047771,-0.013570,0.015998,-15.666301,-52.738201,18.801300,-93.396698,0.129960,17.611099,-0.182931,-0.475644,-0.680147,0.526972,-1104.270996,1517.913574,-4602.371582,-1098.179077,1437.699585,-4614.534180,-1091.818726,1562.584106,-4628.143555,-1121.247559,1467.161987,-4564.754395,-1105.838867,1604.208984,-4602.054199,,,,,,,,,,,,,2616.290771,1567.769287,-3159.789551,,,,,,,,,,,,,,,,,,,,,,,,,,,,,,,,,
4092,40.920000,0.000000,0.000000,0.000000,1.000000,0.000000,0.000000,0.000000,57.698101,20.499701,-14.700500,0.047771,-0.013570,0.015998,-15.666301,-52.738201,18.801300,-93.396698,0.129960,17.611099,-0.182931,-0.475644,-0.680147,0.526972,-1104.270996,1517.913574,-4602.371582,-1098.179077,1437.699585,-4614.534180,-1091.818726,1562.584106,-4628.143555,-1121.247559,1467.161987,-4564.754395,-1105.838867,1604.208984,-4602.054199,,,,,,,,,,,,,2616.261963,1567.755249,-3159.809814,,,,,,,,,,,,,,,,,,,,,,,,,,,,,,,,,
4093,40.930000,0.000000,0.000000,0.000000,1.000000,0.000000,0.000000,0.000000,57.698101,20.499701,-14.700500,0.047771,-0.013570,0.015998,-15.666301,-52.738201,18.801300,-93.396698,0.129960,17.611099,-0.182931,-0.475644,-0.680147,0.526972,-1104.270996,1517.913574,-4602.371582,-1098.179077,1437.699585,-4614.534180,-1091.818726,1562.584106,-4628.143555,-1121.247559,1467.161987,-4564.754395,-1105.838867,1604.208984,-4602.054199,,,,,,,,,,,,,2616.314941,1567.743286,-3159.786621,,,,,,,,,,,,,,,,,,,,,,,,,,,,,,,,,
4094,40.940000,0.000000,0.000000,0.000000,1.000000,0.000000,0.000000,0.000000,57.698101,20.499701,-14.700500,0.047771,-0.013570,0.015998,-15.666301,-52.738201,18.801300,-93.396698,0.129960,17.611099,-0.182931,-0.475644,-0.680147,0.526972,-1104.270996,1517.913574,-4602.371582,-1098.179077,1437.699585,-4614.534180,-1091.818726,1562.584106,-4628.143555,-1121.247559,1467.161987,-4564.754395,-1105.838867,1604.208984,-4602.054199,,,,,,,,,,,,,2616.306641,1567.726074,-3159.755615,,,,,,,,,,,,,,,,,,,,,,,,,,,,,,,,,
4095,40.950000,0.000000,0.000000,0.000000,1.000000,0.000000,0.000000,0.000000,57.698101,20.499701,-14.700500,0.047771,-0.013570,0.015998,-15.666301,-52.738201,18.801300,-93.396698,0.129960,17.611099,-0.182931,-0.475644,-0.680147,0.526972,-1104.270996,1517.913574,-4602.371582,-1098.179077,1437.699585,-4614.534180,-1091.818726,1562.584106,-4628.143555,-1121.247559,1467.161987,-4564.754395,-1105.838867,1604.208984,-4602.054199,,,,,,,,,,,,,2616.297363,1567.760254,-3159.781006,,,,,,,,,,,,,,,,,,,,,,,,,,,,,,,,,
4096,40.960000,0.000000,0.000000,0.000000,1.000000,0.000000,0.000000,0.000000,57.698101,20.499701,-14.700500,0.047771,-0.013570,0.015998,-15.666301,-52.738201,18.801300,-93.396698,0.129960,17.611099,-0.182931,-0.475644,-0.680147,0.526972,-1104.270996,1517.913574,-4602.371582,-1098.179077,1437.699585,-4614.534180,-1091.818726,1562.584106,-4628.143555,-1121.247559,1467.161987,-4564.754395,-1105.838867,1604.208984,-4602.054199,,,,,,,,,,,,,2616.315186,1567.740845,-3159.773193,,,,,,,,,,,,,,,,,,,,,,,,,,,,,,,,,
4097,40.970000,0.000000,0.000000,0.000000,1.000000,0.000000,0.000000,0.000000,57.698101,20.499701,-14.700500,0.047771,-0.013570,0.015998,-15.666301,-52.738201,18.801300,-93.396698,0.129960,17.611099,-0.182931,-0.475644,-0.680147,0.526972,-1104.270996,1517.913574,-4602.371582,-1098.179077,1437.699585,-4614.534180,-1091.818726,1562.584106,-4628.143555,-1121.247559,1467.161987,-4564.754395,-1105.838867,1604.208984,-4602.054199,,,,,,,,,,,,,2616.316895,1567.747803,-3159.781982,,,,,,,,,,,,,,,,,,,,,,,,,,,,,,,,,
4098,40.980000,0.000000,0.000000,0.000000,1.000000,0.000000,0.000000,0.000000,57.698101,20.499701,-14.700500,0.047771,-0.013570,0.015998,-15.666301,-52.738201,18.801300,-93.396698,0.129960,17.611099,-0.182931,-0.475644,-0.680147,0.526972,-1104.270996,1517.913574,-4602.371582,-1098.179077,1437.699585,-4614.534180,-1091.818726,1562.584106,-4628.143555,-1121.247559,1467.161987,-4564.754395,-1105.838867,1604.208984,-4602.054199,,,,,,,,,,,,,2616.309814,1567.742188,-3159.758301,,,,,,,,,,,,,,,,,,,,,,,,,,,,,,,,,
4099,40.990000,0.000000,0.000000,0.000000,1.000000,0.000000,0.000000,0.000000,57.698101,20.499701,-14.700500,0.047771,-0.013570,0.015998,-15.666301,-52.738201,18.801300,-93.396698,0.129960,17.611099,-0.182931,-0.475644,-0.680147,0.526972,-1104.270996,1517.913574,-4602.371582,-1098.179077,1437.699585,-4614.534180,-1091.818726,1562.584106,-4628.143555,-1121.247559,1467.161987,-4564.754395,-1105.838867,1604.208984,-4602.054199,,,,,,,,,,,,,2616.298584,1567.735962,-3159.778320,,,,,,,,,,,,,,,,,,,,,,,,,,,,,,,,,
4100,41.000000,0.000000,0.000000,0.000000,1.000000,0.000000,0.000000,0.000000,57.698101,20.499701,-14.700500,0.047771,-0.013570,0.015998,-15.666301,-52.738201,18.801300,-93.396698,0.129960,17.611099,-0.182931,-0.475644,-0.680147,0.526972,-1104.270996,1517.913574,-4602.371582,-1098.179077,1437.699585,-4614.534180,-1091.818726,1562.584106,-4628.143555,-1121.247559,1467.161987,-4564.754395,-1105.838867,1604.208984,-4602.054199,,,,,,,,,,,,,2616.289062,1567.761963,-3159.771484,,,,,,,,,,,,,,,,,,,,,,,,,,,,,,,,,
4101,41.010000,0.000000,0.000000,0.000000,1.000000,0.000000,0.000000,0.000000,57.698101,20.499701,-14.700500,0.047771,-0.013570,0.015998,-15.666301,-52.738201,18.801300,-93.396698,0.129960,17.611099,-0.182931,-0.475644,-0.680147,0.526972,-1104.270996,1517.913574,-4602.371582,-1098.179077,1437.699585,-4614.534180,-1091.818726,1562.584106,-4628.143555,-1121.247559,1467.161987,-4564.754395,-1105.838867,1604.208984,-4602.054199,,,,,,,,,,,,,2616.282715,1567.721313,-3159.775391,,,,,,,,,,,,,,,,,,,,,,,,,,,,,,,,,
4102,41.020000,0.000000,0.000000,0.000000,1.000000,0.000000,0.000000,0.000000,57.698101,20.499701,-14.700500,0.047771,-0.013570,0.015998,-15.666301,-52.738201,18.801300,-93.396698,0.129960,17.611099,-0.182931,-0.475644,-0.680147,0.526972,-1104.270996,1517.913574,-4602.371582,-1098.179077,1437.699585,-4614.534180,-1091.818726,1562.584106,-4628.143555,-1121.247559,1467.161987,-4564.754395,-1105.838867,1604.208984,-4602.054199,,,,,,,,,,,,,2616.274658,1567.725830,-3159.768066,,,,,,,,,,,,,,,,,,,,,,,,,,,,,,,,,
4103,41.030000,0.000000,0.000000,0.000000,1.000000,0.000000,0.000000,0.000000,57.698101,20.499701,-14.700500,0.047771,-0.013570,0.015998,-15.666301,-52.738201,18.801300,-93.396698,0.129960,17.611099,-0.182931,-0.475644,-0.680147,0.526972,-1104.270996,1517.913574,-4602.371582,-1098.179077,1437.699585,-4614.534180,-1091.818726,1562.584106,-4628.143555,-1121.247559,1467.161987,-4564.754395,-1105.838867,1604.208984,-4602.054199,,,,,,,,,,,,,2616.315430,1567.747559,-3159.762939,,,,,,,,,,,,,,,,,,,,,,,,,,,,,,,,,
4104,41.040000,0.000000,0.000000,0.000000,1.000000,0.000000,0.000000,0.000000,57.698101,20.499701,-14.700500,0.047771,-0.013570,0.015998,-15.666301,-52.738201,18.801300,-93.396698,0.129960,17.611099,-0.182931,-0.475644,-0.680147,0.526972,-1104.270996,1517.913574,-4602.371582,-1098.179077,1437.699585,-4614.534180,-1091.818726,1562.584106,-4628.143555,-1121.247559,1467.161987,-4564.754395,-1105.838867,1604.208984,-4602.054199,,,,,,,,,,,,,2616.271973,1567.704834,-3159.774658,,,,,,,,,,,,,,,,,,,,,,,,,,,,,,,,,
4105,41.050000,0.000000,0.000000,0.000000,1.000000,0.000000,0.000000,0.000000,57.698101,20.499701,-14.700500,0.047771,-0.013570,0.015998,-15.666301,-52.738201,18.801300,-93.396698,0.129960,17.611099,-0.182931,-0.475644,-0.680147,0.526972,-1104.270996,1517.913574,-4602.371582,-1098.179077,1437.699585,-4614.534180,-1091.818726,1562.584106,-4628.143555,-1121.247559,1467.161987,-4564.754395,-1105.838867,1604.208984,-4602.054199,,,,,,,,,,,,,2616.291016,1567.761841,-3159.770264,,,,,,,,,,,,,,,,,,,,,,,,,,,,,,,,,
4106,41.060000,0.000000,0.000000,0.000000,1.000000,0.000000,0.000000,0.000000,57.698101,20.499701,-14.700500,0.047771,-0.013570,0.015998,-15.666301,-52.738201,18.801300,-93.396698,0.129960,17.611099,-0.182931,-0.475644,-0.680147,0.526972,-1104.270996,1517.913574,-4602.371582,-1098.179077,1437.699585,-4614.534180,-1091.818726,1562.584106,-4628.143555,-1121.247559,1467.161987,-4564.754395,-1105.838867,1604.208984,-4602.054199,,,,,,,,,,,,,2616.277588,1567.727783,-3159.781250,,,,,,,,,,,,,,,,,,,,,,,,,,,,,,,,,
4107,41.070000,0.000000,0.000000,0.000000,1.000000,0.000000,0.000000,0.000000,57.698101,20.499701,-14.700500,0.047771,-0.013570,0.015998,-15.666301,-52.738201,18.801300,-93.396698,0.129960,17.611099,-0.182931,-0.475644,-0.680147,0.526972,-1104.270996,1517.913574,-4602.371582,-1098.179077,1437.699585,-4614.534180,-1091.818726,1562.584106,-4628.143555,-1121.247559,1467.161987,-4564.754395,-1105.838867,1604.208984,-4602.054199,,,,,,,,,,,,,2616.291992,1567.751953,-3159.784180,,,,,,,,,,,,,,,,,,,,,,,,,,,,,,,,,
4108,41.080000,0.000000,0.000000,0.000000,1.000000,0.000000,0.000000,0.000000,57.698101,20.499701,-14.700500,0.047771,-0.013570,0.015998,-15.666301,-52.738201,18.801300,-93.396698,0.129960,17.611099,-0.182931,-0.475644,-0.680147,0.526972,-1104.270996,1517.913574,-4602.371582,-1098.179077,1437.699585,-4614.534180,-1091.818726,1562.584106,-4628.143555,-1121.247559,1467.161987,-4564.754395,-1105.838867,1604.208984,-4602.054199,,,,,,,,,,,,,2616.285156,1567.720337,-3159.776367,,,,,,,,,,,,,,,,,,,,,,,,,,,,,,,,,
4109,41.090000,0.000000,0.000000,0.000000,1.000000,0.000000,0.000000,0.000000,57.698101,20.499701,-14.700500,0.047771,-0.013570,0.015998,-15.666301,-52.738201,18.801300,-93.396698,0.129960,17.611099,-0.182931,-0.475644,-0.680147,0.526972,-1104.270996,1517.913574,-4602.371582,-1098.179077,1437.699585,-4614.534180,-1091.818726,1562.584106,-4628.143555,-1121.247559,1467.161987,-4564.754395,-1105.838867,1604.208984,-4602.054199,,,,,,,,,,,,,2616.307617,1567.697266,-3159.758789,,,,,,,,,,,,,,,,,,,,,,,,,,,,,,,,,
4110,41.100000,0.000000,0.000000,0.000000,1.000000,0.000000,0.000000,0.000000,57.698101,20.499701,-14.700500,0.047771,-0.013570,0.015998,-15.666301,-52.738201,18.801300,-93.396698,0.129960,17.611099,-0.182931,-0.475644,-0.680147,0.526972,-1104.270996,1517.913574,-4602.371582,-1098.179077,1437.699585,-4614.534180,-1091.818726,1562.584106,-4628.143555,-1121.247559,1467.161987,-4564.754395,-1105.838867,1604.208984,-4602.054199,,,,,,,,,,,,,2616.290039,1567.738647,-3159.770020,,,,,,,,,,,,,,,,,,,,,,,,,,,,,,,,,
4111,41.110000,0.000000,0.000000,0.000000,1.000000,0.000000,0.000000,0.000000,57.698101,20.499701,-14.700500,0.047771,-0.013570,0.015998,-15.666301,-52.738201,18.801300,-93.396698,0.129960,17.611099,-0.182931,-0.475644,-0.680147,0.526972,-1104.270996,1517.913574,-4602.371582,-1098.179077,1437.699585,-4614.534180,-1091.818726,1562.584106,-4628.143555,-1121.247559,1467.161987,-4564.754395,-1105.838867,1604.208984,-4602.054199,,,,,,,,,,,,,2616.276367,1567.725952,-3159.781494,,,,,,,,,,,,,,,,,,,,,,,,,,,,,,,,,
4112,41.120000,0.000000,0.000000,0.000000,1.000000,0.000000,0.000000,0.000000,57.698101,20.499701,-14.700500,0.047771,-0.013570,0.015998,-15.666301,-52.738201,18.801300,-93.396698,0.129960,17.611099,-0.182931,-0.475644,-0.680147,0.526972,-1104.270996,1517.913574,-4602.371582,-1098.179077,1437.699585,-4614.534180,-1091.818726,1562.584106,-4628.143555,-1121.247559,1467.161987,-4564.754395,-1105.838867,1604.208984,-4602.054199,,,,,,,,,,,,,2616.276367,1567.761353,-3159.790283,,,,,,,,,,,,,,,,,,,,,,,,,,,,,,,,,
4113,41.130000,0.000000,0.000000,0.000000,1.000000,0.000000,0.000000,0.000000,57.698101,20.499701,-14.700500,0.047771,-0.013570,0.015998,-15.666301,-52.738201,18.801300,-93.396698,0.129960,17.611099,-0.182931,-0.475644,-0.680147,0.526972,-1104.270996,1517.913574,-4602.371582,-1098.179077,1437.699585,-4614.534180,-1091.818726,1562.584106,-4628.143555,-1121.247559,1467.161987,-4564.754395,-1105.838867,1604.208984,-4602.054199,,,,,,,,,,,,,2616.276367,1567.744507,-3159.791504,,,,,,,,,,,,,,,,,,,,,,,,,,,,,,,,,
4114,41.140000,0.000000,0.000000,0.000000,1.000000,0.000000,0.000000,0.000000,57.698101,20.499701,-14.700500,0.047771,-0.013570,0.015998,-15.666301,-52.738201,18.801300,-93.396698,0.129960,17.611099,-0.182931,-0.475644,-0.680147,0.526972,-1104.270996,1517.913574,-4602.371582,-1098.179077,1437.699585,-4614.534180,-1091.818726,1562.584106,-4628.143555,-1121.247559,1467.161987,-4564.754395,-1105.838867,1604.208984,-4602.054199,,,,,,,,,,,,,2616.290771,1567.757202,-3159.785400,,,,,,,,,,,,,,,,,,,,,,,,,,,,,,,,,
4115,41.150000,0.000000,0.000000,0.000000,1.000000,0.000000,0.000000,0.000000,57.698101,20.499701,-14.700500,0.047771,-0.013570,0.015998,-15.666301,-52.738201,18.801300,-93.396698,0.129960,17.611099,-0.182931,-0.475644,-0.680147,0.526972,-1104.270996,1517.913574,-4602.371582,-1098.179077,1437.699585,-4614.534180,-1091.818726,1562.584106,-4628.143555,-1121.247559,1467.161987,-4564.754395,-1105.838867,1604.208984,-4602.054199,,,,,,,,,,,,,2616.310059,1567.705322,-3159.777344,,,,,,,,,,,,,,,,,,,,,,,,,,,,,,,,,
4116,41.160000,0.000000,0.000000,0.000000,1.000000,0.000000,0.000000,0.000000,57.698101,20.499701,-14.700500,0.047771,-0.013570,0.015998,-15.666301,-52.738201,18.801300,-93.396698,0.129960,17.611099,-0.182931,-0.475644,-0.680147,0.526972,-1104.270996,1517.913574,-4602.371582,-1098.179077,1437.699585,-4614.534180,-1091.818726,1562.584106,-4628.143555,-1121.247559,1467.161987,-4564.754395,-1105.838867,1604.208984,-4602.054199,,,,,,,,,,,,,2616.318604,1567.736328,-3159.764404,,,,,,,,,,,,,,,,,,,,,,,,,,,,,,,,,
4117,41.170000,0.000000,0.000000,0.000000,1.000000,0.000000,0.000000,0.000000,57.698101,20.499701,-14.700500,0.047771,-0.013570,0.015998,-15.666301,-52.738201,18.801300,-93.396698,0.129960,17.611099,-0.182931,-0.475644,-0.680147,0.526972,-1104.270996,1517.913574,-4602.371582,-1098.179077,1437.699585,-4614.534180,-1091.818726,1562.584106,-4628.143555,-1121.247559,1467.161987,-4564.754395,-1105.838867,1604.208984,-4602.054199,,,,,,,,,,,,,2616.276123,1567.748047,-3159.787598,,,,,,,,,,,,,,,,,,,,,,,,,,,,,,,,,
4118,41.180000,0.000000,0.000000,0.000000,1.000000,0.000000,0.000000,0.000000,57.698101,20.499701,-14.700500,0.047771,-0.013570,0.015998,-15.666301,-52.738201,18.801300,-93.396698,0.129960,17.611099,-0.182931,-0.475644,-0.680147,0.526972,-1104.270996,1517.913574,-4602.371582,-1098.179077,1437.699585,-4614.534180,-1091.818726,1562.584106,-4628.143555,-1121.247559,1467.161987,-4564.754395,-1105.838867,1604.208984,-4602.054199,,,,,,,,,,,,,2616.266602,1567.750366,-3159.807129,,,,,,,,,,,,,,,,,,,,,,,,,,,,,,,,,
4119,41.190000,0.000000,0.000000,0.000000,1.000000,0.000000,0.000000,0.000000,57.698101,20.499701,-14.700500,0.047771,-0.013570,0.015998,-15.666301,-52.738201,18.801300,-93.396698,0.129960,17.611099,-0.182931,-0.475644,-0.680147,0.526972,-1104.270996,1517.913574,-4602.371582,-1098.179077,1437.699585,-4614.534180,-1091.818726,1562.584106,-4628.143555,-1121.247559,1467.161987,-4564.754395,-1105.838867,1604.208984,-4602.054199,,,,,,,,,,,,,2616.275391,1567.763062,-3159.798828,,,,,,,,,,,,,,,,,,,,,,,,,,,,,,,,,
4120,41.200000,0.000000,0.000000,0.000000,1.000000,0.000000,0.000000,0.000000,57.698101,20.499701,-14.700500,0.047771,-0.013570,0.015998,-15.666301,-52.738201,18.801300,-93.396698,0.129960,17.611099,-0.182931,-0.475644,-0.680147,0.526972,-1104.270996,1517.913574,-4602.371582,-1098.179077,1437.699585,-4614.534180,-1091.818726,1562.584106,-4628.143555,-1121.247559,1467.161987,-4564.754395,-1105.838867,1604.208984,-4602.054199,,,,,,,,,,,,,2616.307129,1567.750732,-3159.785400,,,,,,,,,,,,,,,,,,,,,,,,,,,,,,,,,
4121,41.210000,0.000000,0.000000,0.000000,1.000000,0.000000,0.000000,0.000000,57.698101,20.499701,-14.700500,0.047771,-0.013570,0.015998,-15.666301,-52.738201,18.801300,-93.396698,0.129960,17.611099,-0.182931,-0.475644,-0.680147,0.526972,-1104.270996,1517.913574,-4602.371582,-1098.179077,1437.699585,-4614.534180,-1091.818726,1562.584106,-4628.143555,-1121.247559,1467.161987,-4564.754395,-1105.838867,1604.208984,-4602.054199,,,,,,,,,,,,,2616.302734,1567.750854,-3159.784668,,,,,,,,,,,,,,,,,,,,,,,,,,,,,,,,,
4122,41.220000,0.000000,0.000000,0.000000,1.000000,0.000000,0.000000,0.000000,57.698101,20.499701,-14.700500,0.047771,-0.013570,0.015998,-15.666301,-52.738201,18.801300,-93.396698,0.129960,17.611099,-0.182931,-0.475644,-0.680147,0.526972,-1104.270996,1517.913574,-4602.371582,-1098.179077,1437.699585,-4614.534180,-1091.818726,1562.584106,-4628.143555,-1121.247559,1467.161987,-4564.754395,-1105.838867,1604.208984,-4602.054199,,,,,,,,,,,,,2616.271484,1567.728271,-3159.778564,,,,,,,,,,,,,,,,,,,,,,,,,,,,,,,,,
4123,41.230000,0.000000,0.000000,0.000000,1.000000,0.000000,0.000000,0.000000,57.698101,20.499701,-14.700500,0.047771,-0.013570,0.015998,-15.666301,-52.738201,18.801300,-93.396698,0.129960,17.611099,-0.182931,-0.475644,-0.680147,0.526972,-1104.270996,1517.913574,-4602.371582,-1098.179077,1437.699585,-4614.534180,-1091.818726,1562.584106,-4628.143555,-1121.247559,1467.161987,-4564.754395,-1105.838867,1604.208984,-4602.054199,,,,,,,,,,,,,2616.294189,1567.744141,-3159.775391,,,,,,,,,,,,,,,,,,,,,,,,,,,,,,,,,
4124,41.240000,0.000000,0.000000,0.000000,1.000000,0.000000,0.000000,0.000000,57.698101,20.499701,-14.700500,0.047771,-0.013570,0.015998,-15.666301,-52.738201,18.801300,-93.396698,0.129960,17.611099,-0.182931,-0.475644,-0.680147,0.526972,-1104.270996,1517.913574,-4602.371582,-1098.179077,1437.699585,-4614.534180,-1091.818726,1562.584106,-4628.143555,-1121.247559,1467.161987,-4564.754395,-1105.838867,1604.208984,-4602.054199,,,,,,,,,,,,,2616.304199,1567.770508,-3159.773926,,,,,,,,,,,,,,,,,,,,,,,,,,,,,,,,,
4125,41.250000,0.000000,0.000000,0.000000,1.000000,0.000000,0.000000,0.000000,57.698101,20.499701,-14.700500,0.047771,-0.013570,0.015998,-15.666301,-52.738201,18.801300,-93.396698,0.129960,17.611099,-0.182931,-0.475644,-0.680147,0.526972,-1104.270996,1517.913574,-4602.371582,-1098.179077,1437.699585,-4614.534180,-1091.818726,1562.584106,-4628.143555,-1121.247559,1467.161987,-4564.754395,-1105.838867,1604.208984,-4602.054199,,,,,,,,,,,,,2616.280518,1567.731445,-3159.779297,,,,,,,,,,,,,,,,,,,,,,,,,,,,,,,,,
4126,41.260000,0.000000,0.000000,0.000000,1.000000,0.000000,0.000000,0.000000,57.698101,20.499701,-14.700500,0.047771,-0.013570,0.015998,-15.666301,-52.738201,18.801300,-93.396698,0.129960,17.611099,-0.182931,-0.475644,-0.680147,0.526972,-1104.270996,1517.913574,-4602.371582,-1098.179077,1437.699585,-4614.534180,-1091.818726,1562.584106,-4628.143555,-1121.247559,1467.161987,-4564.754395,-1105.838867,1604.208984,-4602.054199,,,,,,,,,,,,,2616.269775,1567.729370,-3159.761719,,,,,,,,,,,,,,,,,,,,,,,,,,,,,,,,,
4127,41.270000,0.000000,0.000000,0.000000,1.000000,0.000000,0.000000,0.000000,57.698101,20.499701,-14.700500,0.047771,-0.013570,0.015998,-15.666301,-52.738201,18.801300,-93.396698,0.129960,17.611099,-0.182931,-0.475644,-0.680147,0.526972,-1104.270996,1517.913574,-4602.371582,-1098.179077,1437.699585,-4614.534180,-1091.818726,1562.584106,-4628.143555,-1121.247559,1467.161987,-4564.754395,-1105.838867,1604.208984,-4602.054199,,,,,,,,,,,,,2616.258301,1567.737061,-3159.774414,,,,,,,,,,,,,,,,,,,,,,,,,,,,,,,,,
4128,41.280000,0.000000,0.000000,0.000000,1.000000,0.000000,0.000000,0.000000,57.698101,20.499701,-14.700500,0.047771,-0.013570,0.015998,-15.666301,-52.738201,18.801300,-93.396698,0.129960,17.611099,-0.182931,-0.475644,-0.680147,0.526972,-1104.270996,1517.913574,-4602.371582,-1098.179077,1437.699585,-4614.534180,-1091.818726,1562.584106,-4628.143555,-1121.247559,1467.161987,-4564.754395,-1105.838867,1604.208984,-4602.054199,,,,,,,,,,,,,2616.259033,1567.751831,-3159.787109,,,,,,,,,,,,,,,,,,,,,,,,,,,,,,,,,
4129,41.290000,0.000000,0.000000,0.000000,1.000000,0.000000,0.000000,0.000000,57.698101,20.499701,-14.700500,0.047771,-0.013570,0.015998,-15.666301,-52.738201,18.801300,-93.396698,0.129960,17.611099,-0.182931,-0.475644,-0.680147,0.526972,-1104.270996,1517.913574,-4602.371582,-1098.179077,1437.699585,-4614.534180,-1091.818726,1562.584106,-4628.143555,-1121.247559,1467.161987,-4564.754395,-1105.838867,1604.208984,-4602.054199,,,,,,,,,,,,,2616.286865,1567.778076,-3159.785645,,,,,,,,,,,,,,,,,,,,,,,,,,,,,,,,,
4130,41.300000,0.000000,0.000000,0.000000,1.000000,0.000000,0.000000,0.000000,57.698101,20.499701,-14.700500,0.047771,-0.013570,0.015998,-15.666301,-52.738201,18.801300,-93.396698,0.129960,17.611099,-0.182931,-0.475644,-0.680147,0.526972,-1104.270996,1517.913574,-4602.371582,-1098.179077,1437.699585,-4614.534180,-1091.818726,1562.584106,-4628.143555,-1121.247559,1467.161987,-4564.754395,-1105.838867,1604.208984,-4602.054199,,,,,,,,,,,,,2616.262451,1567.778198,-3159.787842,,,,,,,,,,,,,,,,,,,,,,,,,,,,,,,,,
4131,41.310000,0.000000,0.000000,0.000000,1.000000,0.000000,0.000000,0.000000,57.698101,20.499701,-14.700500,0.047771,-0.013570,0.015998,-15.666301,-52.738201,18.801300,-93.396698,0.129960,17.611099,-0.182931,-0.475644,-0.680147,0.526972,-1104.270996,1517.913574,-4602.371582,-1098.179077,1437.699585,-4614.534180,-1091.818726,1562.584106,-4628.143555,-1121.247559,1467.161987,-4564.754395,-1105.838867,1604.208984,-4602.054199,,,,,,,,,,,,,2616.276367,1567.733521,-3159.783447,,,,,,,,,,,,,,,,,,,,,,,,,,,,,,,,,
4132,41.320000,0.000000,0.000000,0.000000,1.000000,0.000000,0.000000,0.000000,57.698101,20.499701,-14.700500,0.047771,-0.013570,0.015998,-15.666301,-52.738201,18.801300,-93.396698,0.129960,17.611099,-0.182931,-0.475644,-0.680147,0.526972,-1104.270996,1517.913574,-4602.371582,-1098.179077,1437.699585,-4614.534180,-1091.818726,1562.584106,-4628.143555,-1121.247559,1467.161987,-4564.754395,-1105.838867,1604.208984,-4602.054199,,,,,,,,,,,,,2616.323730,1567.756836,-3159.760498,,,,,,,,,,,,,,,,,,,,,,,,,,,,,,,,,
4133,41.330000,0.000000,0.000000,0.000000,1.000000,0.000000,0.000000,0.000000,57.698101,20.499701,-14.700500,0.047771,-0.013570,0.015998,-15.666301,-52.738201,18.801300,-93.396698,0.129960,17.611099,-0.182931,-0.475644,-0.680147,0.526972,-1104.270996,1517.913574,-4602.371582,-1098.179077,1437.699585,-4614.534180,-1091.818726,1562.584106,-4628.143555,-1121.247559,1467.161987,-4564.754395,-1105.838867,1604.208984,-4602.054199,,,,,,,,,,,,,2616.291016,1567.726196,-3159.768311,,,,,,,,,,,,,,,,,,,,,,,,,,,,,,,,,
4134,41.340000,0.000000,0.000000,0.000000,1.000000,0.000000,0.000000,0.000000,57.698101,20.499701,-14.700500,0.047771,-0.013570,0.015998,-15.666301,-52.738201,18.801300,-93.396698,0.129960,17.611099,-0.182931,-0.475644,-0.680147,0.526972,-1104.270996,1517.913574,-4602.371582,-1098.179077,1437.699585,-4614.534180,-1091.818726,1562.584106,-4628.143555,-1121.247559,1467.161987,-4564.754395,-1105.838867,1604.208984,-4602.054199,,,,,,,,,,,,,2616.320068,1567.742065,-3159.767822,,,,,,,,,,,,,,,,,,,,,,,,,,,,,,,,,
4135,41.350000,0.000000,0.000000,0.000000,1.000000,0.000000,0.000000,0.000000,57.698101,20.499701,-14.700500,0.047771,-0.013570,0.015998,-15.666301,-52.738201,18.801300,-93.396698,0.129960,17.611099,-0.182931,-0.475644,-0.680147,0.526972,-1104.270996,1517.913574,-4602.371582,-1098.179077,1437.699585,-4614.534180,-1091.818726,1562.584106,-4628.143555,-1121.247559,1467.161987,-4564.754395,-1105.838867,1604.208984,-4602.054199,,,,,,,,,,,,,2616.292969,1567.746216,-3159.778320,,,,,,,,,,,,,,,,,,,,,,,,,,,,,,,,,
4136,41.360000,0.000000,0.000000,0.000000,1.000000,0.000000,0.000000,0.000000,57.698101,20.499701,-14.700500,0.047771,-0.013570,0.015998,-15.666301,-52.738201,18.801300,-93.396698,0.129960,17.611099,-0.182931,-0.475644,-0.680147,0.526972,-1104.270996,1517.913574,-4602.371582,-1098.179077,1437.699585,-4614.534180,-1091.818726,1562.584106,-4628.143555,-1121.247559,1467.161987,-4564.754395,-1105.838867,1604.208984,-4602.054199,,,,,,,,,,,,,2616.273438,1567.724609,-3159.781982,,,,,,,,,,,,,,,,,,,,,,,,,,,,,,,,,
4137,41.370000,0.000000,0.000000,0.000000,1.000000,0.000000,0.000000,0.000000,57.698101,20.499701,-14.700500,0.047771,-0.013570,0.015998,-15.666301,-52.738201,18.801300,-93.396698,0.129960,17.611099,-0.182931,-0.475644,-0.680147,0.526972,-1104.270996,1517.913574,-4602.371582,-1098.179077,1437.699585,-4614.534180,-1091.818726,1562.584106,-4628.143555,-1121.247559,1467.161987,-4564.754395,-1105.838867,1604.208984,-4602.054199,,,,,,,,,,,,,2616.279785,1567.725830,-3159.780518,,,,,,,,,,,,,,,,,,,,,,,,,,,,,,,,,
4138,41.380000,0.000000,0.000000,0.000000,1.000000,0.000000,0.000000,0.000000,57.698101,20.499701,-14.700500,0.047771,-0.013570,0.015998,-15.666301,-52.738201,18.801300,-93.396698,0.129960,17.611099,-0.182931,-0.475644,-0.680147,0.526972,-1104.270996,1517.913574,-4602.371582,-1098.179077,1437.699585,-4614.534180,-1091.818726,1562.584106,-4628.143555,-1121.247559,1467.161987,-4564.754395,-1105.838867,1604.208984,-4602.054199,,,,,,,,,,,,,2616.292969,1567.743164,-3159.781982,,,,,,,,,,,,,,,,,,,,,,,,,,,,,,,,,
4139,41.390000,0.000000,0.000000,0.000000,1.000000,0.000000,0.000000,0.000000,57.698101,20.499701,-14.700500,0.047771,-0.013570,0.015998,-15.666301,-52.738201,18.801300,-93.396698,0.129960,17.611099,-0.182931,-0.475644,-0.680147,0.526972,-1104.270996,1517.913574,-4602.371582,-1098.179077,1437.699585,-4614.534180,-1091.818726,1562.584106,-4628.143555,-1121.247559,1467.161987,-4564.754395,-1105.838867,1604.208984,-4602.054199,,,,,,,,,,,,,2616.261963,1567.751709,-3159.791748,,,,,,,,,,,,,,,,,,,,,,,,,,,,,,,,,
4140,41.400000,0.000000,0.000000,0.000000,1.000000,0.000000,0.000000,0.000000,57.698101,20.499701,-14.700500,0.047771,-0.013570,0.015998,-15.666301,-52.738201,18.801300,-93.396698,0.129960,17.611099,-0.182931,-0.475644,-0.680147,0.526972,-1104.270996,1517.913574,-4602.371582,-1098.179077,1437.699585,-4614.534180,-1091.818726,1562.584106,-4628.143555,-1121.247559,1467.161987,-4564.754395,-1105.838867,1604.208984,-4602.054199,,,,,,,,,,,,,2616.309570,1567.724121,-3159.773926,,,,,,,,,,,,,,,,,,,,,,,,,,,,,,,,,
4141,41.410000,0.000000,0.000000,0.000000,1.000000,0.000000,0.000000,0.000000,57.698101,20.499701,-14.700500,0.047771,-0.013570,0.015998,-15.666301,-52.738201,18.801300,-93.396698,0.129960,17.611099,-0.182931,-0.475644,-0.680147,0.526972,-1104.270996,1517.913574,-4602.371582,-1098.179077,1437.699585,-4614.534180,-1091.818726,1562.584106,-4628.143555,-1121.247559,1467.161987,-4564.754395,-1105.838867,1604.208984,-4602.054199,,,,,,,,,,,,,2616.299072,1567.751099,-3159.769287,,,,,,,,,,,,,,,,,,,,,,,,,,,,,,,,,
4142,41.420000,0.000000,0.000000,0.000000,1.000000,0.000000,0.000000,0.000000,57.698101,20.499701,-14.700500,0.047771,-0.013570,0.015998,-15.666301,-52.738201,18.801300,-93.396698,0.129960,17.611099,-0.182931,-0.475644,-0.680147,0.526972,-1104.270996,1517.913574,-4602.371582,-1098.179077,1437.699585,-4614.534180,-1091.818726,1562.584106,-4628.143555,-1121.247559,1467.161987,-4564.754395,-1105.838867,1604.208984,-4602.054199,,,,,,,,,,,,,2616.306641,1567.750977,-3159.783936,,,,,,,,,,,,,,,,,,,,,,,,,,,,,,,,,
4143,41.430000,0.000000,0.000000,0.000000,1.000000,0.000000,0.000000,0.000000,57.698101,20.499701,-14.700500,0.047771,-0.013570,0.015998,-15.666301,-52.738201,18.801300,-93.396698,0.129960,17.611099,-0.182931,-0.475644,-0.680147,0.526972,-1104.270996,1517.913574,-4602.371582,-1098.179077,1437.699585,-4614.534180,-1091.818726,1562.584106,-4628.143555,-1121.247559,1467.161987,-4564.754395,-1105.838867,1604.208984,-4602.054199,,,,,,,,,,,,,2616.321777,1567.770874,-3159.776611,,,,,,,,,,,,,,,,,,,,,,,,,,,,,,,,,
4144,41.440000,0.000000,0.000000,0.000000,1.000000,0.000000,0.000000,0.000000,57.698101,20.499701,-14.700500,0.047771,-0.013570,0.015998,-15.666301,-52.738201,18.801300,-93.396698,0.129960,17.611099,-0.182931,-0.475644,-0.680147,0.526972,-1104.270996,1517.913574,-4602.371582,-1098.179077,1437.699585,-4614.534180,-1091.818726,1562.584106,-4628.143555,-1121.247559,1467.161987,-4564.754395,-1105.838867,1604.208984,-4602.054199,,,,,,,,,,,,,2616.297363,1567.701904,-3159.786621,,,,,,,,,,,,,,,,,,,,,,,,,,,,,,,,,
4145,41.450000,0.000000,0.000000,0.000000,1.000000,0.000000,0.000000,0.000000,57.698101,20.499701,-14.700500,0.047771,-0.013570,0.015998,-15.666301,-52.738201,18.801300,-93.396698,0.129960,17.611099,-0.182931,-0.475644,-0.680147,0.526972,-1104.270996,1517.913574,-4602.371582,-1098.179077,1437.699585,-4614.534180,-1091.818726,1562.584106,-4628.143555,-1121.247559,1467.161987,-4564.754395,-1105.838867,1604.208984,-4602.054199,,,,,,,,,,,,,2616.294922,1567.743164,-3159.778809,,,,,,,,,,,,,,,,,,,,,,,,,,,,,,,,,
4146,41.460000,0.000000,0.000000,0.000000,1.000000,0.000000,0.000000,0.000000,57.698101,20.499701,-14.700500,0.047771,-0.013570,0.015998,-15.666301,-52.738201,18.801300,-93.396698,0.129960,17.611099,-0.182931,-0.475644,-0.680147,0.526972,-1104.270996,1517.913574,-4602.371582,-1098.179077,1437.699585,-4614.534180,-1091.818726,1562.584106,-4628.143555,-1121.247559,1467.161987,-4564.754395,-1105.838867,1604.208984,-4602.054199,,,,,,,,,,,,,2616.294434,1567.768677,-3159.788330,,,,,,,,,,,,,,,,,,,,,,,,,,,,,,,,,
4147,41.470000,0.000000,0.000000,0.000000,1.000000,0.000000,0.000000,0.000000,57.698101,20.499701,-14.700500,0.047771,-0.013570,0.015998,-15.666301,-52.738201,18.801300,-93.396698,0.129960,17.611099,-0.182931,-0.475644,-0.680147,0.526972,-1104.270996,1517.913574,-4602.371582,-1098.179077,1437.699585,-4614.534180,-1091.818726,1562.584106,-4628.143555,-1121.247559,1467.161987,-4564.754395,-1105.838867,1604.208984,-4602.054199,,,,,,,,,,,,,2616.294434,1567.752441,-3159.784912,,,,,,,,,,,,,,,,,,,,,,,,,,,,,,,,,
4148,41.480000,0.000000,0.000000,0.000000,1.000000,0.000000,0.000000,0.000000,57.698101,20.499701,-14.700500,0.047771,-0.013570,0.015998,-15.666301,-52.738201,18.801300,-93.396698,0.129960,17.611099,-0.182931,-0.475644,-0.680147,0.526972,-1104.270996,1517.913574,-4602.371582,-1098.179077,1437.699585,-4614.534180,-1091.818726,1562.584106,-4628.143555,-1121.247559,1467.161987,-4564.754395,-1105.838867,1604.208984,-4602.054199,,,,,,,,,,,,,2616.288818,1567.749390,-3159.780518,,,,,,,,,,,,,,,,,,,,,,,,,,,,,,,,,
4149,41.490000,0.000000,0.000000,0.000000,1.000000,0.000000,0.000000,0.000000,57.698101,20.499701,-14.700500,0.047771,-0.013570,0.015998,-15.666301,-52.738201,18.801300,-93.396698,0.129960,17.611099,-0.182931,-0.475644,-0.680147,0.526972,-1104.270996,1517.913574,-4602.371582,-1098.179077,1437.699585,-4614.534180,-1091.818726,1562.584106,-4628.143555,-1121.247559,1467.161987,-4564.754395,-1105.838867,1604.208984,-4602.054199,,,,,,,,,,,,,2616.317627,1567.731201,-3159.768799,,,,,,,,,,,,,,,,,,,,,,,,,,,,,,,,,
4150,41.500000,0.000000,0.000000,0.000000,1.000000,0.000000,0.000000,0.000000,57.698101,20.499701,-14.700500,0.047771,-0.013570,0.015998,-15.666301,-52.738201,18.801300,-93.396698,0.129960,17.611099,-0.182931,-0.475644,-0.680147,0.526972,-1104.270996,1517.913574,-4602.371582,-1098.179077,1437.699585,-4614.534180,-1091.818726,1562.584106,-4628.143555,-1121.247559,1467.161987,-4564.754395,-1105.838867,1604.208984,-4602.054199,,,,,,,,,,,,,2616.322266,1567.723999,-3159.753906,,,,,,,,,,,,,,,,,,,,,,,,,,,,,,,,,
4151,41.510000,0.000000,0.000000,0.000000,1.000000,0.000000,0.000000,0.000000,57.698101,20.499701,-14.700500,0.047771,-0.013570,0.015998,-15.666301,-52.738201,18.801300,-93.396698,0.129960,17.611099,-0.182931,-0.475644,-0.680147,0.526972,-1104.270996,1517.913574,-4602.371582,-1098.179077,1437.699585,-4614.534180,-1091.818726,1562.584106,-4628.143555,-1121.247559,1467.161987,-4564.754395,-1105.838867,1604.208984,-4602.054199,,,,,,,,,,,,,2616.316406,1567.731689,-3159.770020,,,,,,,,,,,,,,,,,,,,,,,,,,,,,,,,,
4152,41.520000,0.000000,0.000000,0.000000,1.000000,0.000000,0.000000,0.000000,57.698101,20.499701,-14.700500,0.047771,-0.013570,0.015998,-15.666301,-52.738201,18.801300,-93.396698,0.129960,17.611099,-0.182931,-0.475644,-0.680147,0.526972,-1104.270996,1517.913574,-4602.371582,-1098.179077,1437.699585,-4614.534180,-1091.818726,1562.584106,-4628.143555,-1121.247559,1467.161987,-4564.754395,-1105.838867,1604.208984,-4602.054199,,,,,,,,,,,,,2616.305176,1567.719604,-3159.776367,,,,,,,,,,,,,,,,,,,,,,,,,,,,,,,,,
4153,41.530000,0.000000,0.000000,0.000000,1.000000,0.000000,0.000000,0.000000,57.698101,20.499701,-14.700500,0.047771,-0.013570,0.015998,-15.666301,-52.738201,18.801300,-93.396698,0.129960,17.611099,-0.182931,-0.475644,-0.680147,0.526972,-1104.270996,1517.913574,-4602.371582,-1098.179077,1437.699585,-4614.534180,-1091.818726,1562.584106,-4628.143555,-1121.247559,1467.161987,-4564.754395,-1105.838867,1604.208984,-4602.054199,,,,,,,,,,,,,2616.281494,1567.742188,-3159.776123,,,,,,,,,,,,,,,,,,,,,,,,,,,,,,,,,
4154,41.540000,0.000000,0.000000,0.000000,1.000000,0.000000,0.000000,0.000000,57.698101,20.499701,-14.700500,0.047771,-0.013570,0.015998,-15.666301,-52.738201,18.801300,-93.396698,0.129960,17.611099,-0.182931,-0.475644,-0.680147,0.526972,-1104.270996,1517.913574,-4602.371582,-1098.179077,1437.699585,-4614.534180,-1091.818726,1562.584106,-4628.143555,-1121.247559,1467.161987,-4564.754395,-1105.838867,1604.208984,-4602.054199,,,,,,,,,,,,,2616.290527,1567.748535,-3159.774902,,,,,,,,,,,,,,,,,,,,,,,,,,,,,,,,,
4155,41.550000,0.000000,0.000000,0.000000,1.000000,0.000000,0.000000,0.000000,57.698101,20.499701,-14.700500,0.047771,-0.013570,0.015998,-15.666301,-52.738201,18.801300,-93.396698,0.129960,17.611099,-0.182931,-0.475644,-0.680147,0.526972,-1104.270996,1517.913574,-4602.371582,-1098.179077,1437.699585,-4614.534180,-1091.818726,1562.584106,-4628.143555,-1121.247559,1467.161987,-4564.754395,-1105.838867,1604.208984,-4602.054199,,,,,,,,,,,,,2616.281982,1567.730469,-3159.772705,,,,,,,,,,,,,,,,,,,,,,,,,,,,,,,,,
4156,41.560000,0.000000,0.000000,0.000000,1.000000,0.000000,0.000000,0.000000,57.698101,20.499701,-14.700500,0.047771,-0.013570,0.015998,-15.666301,-52.738201,18.801300,-93.396698,0.129960,17.611099,-0.182931,-0.475644,-0.680147,0.526972,-1104.270996,1517.913574,-4602.371582,-1098.179077,1437.699585,-4614.534180,-1091.818726,1562.584106,-4628.143555,-1121.247559,1467.161987,-4564.754395,-1105.838867,1604.208984,-4602.054199,,,,,,,,,,,,,2616.291504,1567.731689,-3159.774170,,,,,,,,,,,,,,,,,,,,,,,,,,,,,,,,,
4157,41.570000,0.000000,0.000000,0.000000,1.000000,0.000000,0.000000,0.000000,57.698101,20.499701,-14.700500,0.047771,-0.013570,0.015998,-15.666301,-52.738201,18.801300,-93.396698,0.129960,17.611099,-0.182931,-0.475644,-0.680147,0.526972,-1104.270996,1517.913574,-4602.371582,-1098.179077,1437.699585,-4614.534180,-1091.818726,1562.584106,-4628.143555,-1121.247559,1467.161987,-4564.754395,-1105.838867,1604.208984,-4602.054199,,,,,,,,,,,,,2616.280762,1567.742676,-3159.773438,,,,,,,,,,,,,,,,,,,,,,,,,,,,,,,,,
4158,41.580000,0.000000,0.000000,0.000000,1.000000,0.000000,0.000000,0.000000,57.698101,20.499701,-14.700500,0.047771,-0.013570,0.015998,-15.666301,-52.738201,18.801300,-93.396698,0.129960,17.611099,-0.182931,-0.475644,-0.680147,0.526972,-1104.270996,1517.913574,-4602.371582,-1098.179077,1437.699585,-4614.534180,-1091.818726,1562.584106,-4628.143555,-1121.247559,1467.161987,-4564.754395,-1105.838867,1604.208984,-4602.054199,,,,,,,,,,,,,2616.300049,1567.741821,-3159.777344,,,,,,,,,,,,,,,,,,,,,,,,,,,,,,,,,
4159,41.590000,0.000000,0.000000,0.000000,1.000000,0.000000,0.000000,0.000000,57.698101,20.499701,-14.700500,0.047771,-0.013570,0.015998,-15.666301,-52.738201,18.801300,-93.396698,0.129960,17.611099,-0.182931,-0.475644,-0.680147,0.526972,-1104.270996,1517.913574,-4602.371582,-1098.179077,1437.699585,-4614.534180,-1091.818726,1562.584106,-4628.143555,-1121.247559,1467.161987,-4564.754395,-1105.838867,1604.208984,-4602.054199,,,,,,,,,,,,,2616.297363,1567.779907,-3159.777832,,,,,,,,,,,,,,,,,,,,,,,,,,,,,,,,,
4160,41.600000,0.000000,0.000000,0.000000,1.000000,0.000000,0.000000,0.000000,57.698101,20.499701,-14.700500,0.047771,-0.013570,0.015998,-15.666301,-52.738201,18.801300,-93.396698,0.129960,17.611099,-0.182931,-0.475644,-0.680147,0.526972,-1104.270996,1517.913574,-4602.371582,-1098.179077,1437.699585,-4614.534180,-1091.818726,1562.584106,-4628.143555,-1121.247559,1467.161987,-4564.754395,-1105.838867,1604.208984,-4602.054199,,,,,,,,,,,,,2616.270508,1567.718262,-3159.786865,,,,,,,,,,,,,,,,,,,,,,,,,,,,,,,,,
4161,41.610000,0.000000,0.000000,0.000000,1.000000,0.000000,0.000000,0.000000,57.698101,20.499701,-14.700500,0.047771,-0.013570,0.015998,-15.666301,-52.738201,18.801300,-93.396698,0.129960,17.611099,-0.182931,-0.475644,-0.680147,0.526972,-1104.270996,1517.913574,-4602.371582,-1098.179077,1437.699585,-4614.534180,-1091.818726,1562.584106,-4628.143555,-1121.247559,1467.161987,-4564.754395,-1105.838867,1604.208984,-4602.054199,,,,,,,,,,,,,2616.279541,1567.684570,-3159.769531,,,,,,,,,,,,,,,,,,,,,,,,,,,,,,,,,
4162,41.620000,0.000000,0.000000,0.000000,1.000000,0.000000,0.000000,0.000000,57.698101,20.499701,-14.700500,0.047771,-0.013570,0.015998,-15.666301,-52.738201,18.801300,-93.396698,0.129960,17.611099,-0.182931,-0.475644,-0.680147,0.526972,-1104.270996,1517.913574,-4602.371582,-1098.179077,1437.699585,-4614.534180,-1091.818726,1562.584106,-4628.143555,-1121.247559,1467.161987,-4564.754395,-1105.838867,1604.208984,-4602.054199,,,,,,,,,,,,,2616.276123,1567.729248,-3159.782959,,,,,,,,,,,,,,,,,,,,,,,,,,,,,,,,,
4163,41.630000,0.000000,0.000000,0.000000,1.000000,0.000000,0.000000,0.000000,57.698101,20.499701,-14.700500,0.047771,-0.013570,0.015998,-15.666301,-52.738201,18.801300,-93.396698,0.129960,17.611099,-0.182931,-0.475644,-0.680147,0.526972,-1104.270996,1517.913574,-4602.371582,-1098.179077,1437.699585,-4614.534180,-1091.818726,1562.584106,-4628.143555,-1121.247559,1467.161987,-4564.754395,-1105.838867,1604.208984,-4602.054199,,,,,,,,,,,,,2616.315674,1567.782227,-3159.795166,,,,,,,,,,,,,,,,,,,,,,,,,,,,,,,,,
4164,41.640000,0.000000,0.000000,0.000000,1.000000,0.000000,0.000000,0.000000,57.698101,20.499701,-14.700500,0.047771,-0.013570,0.015998,-15.666301,-52.738201,18.801300,-93.396698,0.129960,17.611099,-0.182931,-0.475644,-0.680147,0.526972,-1104.270996,1517.913574,-4602.371582,-1098.179077,1437.699585,-4614.534180,-1091.818726,1562.584106,-4628.143555,-1121.247559,1467.161987,-4564.754395,-1105.838867,1604.208984,-4602.054199,,,,,,,,,,,,,2616.305176,1567.736328,-3159.790283,,,,,,,,,,,,,,,,,,,,,,,,,,,,,,,,,
4165,41.650000,0.000000,0.000000,0.000000,1.000000,0.000000,0.000000,0.000000,57.698101,20.499701,-14.700500,0.047771,-0.013570,0.015998,-15.666301,-52.738201,18.801300,-93.396698,0.129960,17.611099,-0.182931,-0.475644,-0.680147,0.526972,-1104.270996,1517.913574,-4602.371582,-1098.179077,1437.699585,-4614.534180,-1091.818726,1562.584106,-4628.143555,-1121.247559,1467.161987,-4564.754395,-1105.838867,1604.208984,-4602.054199,,,,,,,,,,,,,2616.280518,1567.742554,-3159.786377,,,,,,,,,,,,,,,,,,,,,,,,,,,,,,,,,
4166,41.660000,0.000000,0.000000,0.000000,1.000000,0.000000,0.000000,0.000000,57.698101,20.499701,-14.700500,0.047771,-0.013570,0.015998,-15.666301,-52.738201,18.801300,-93.396698,0.129960,17.611099,-0.182931,-0.475644,-0.680147,0.526972,-1104.270996,1517.913574,-4602.371582,-1098.179077,1437.699585,-4614.534180,-1091.818726,1562.584106,-4628.143555,-1121.247559,1467.161987,-4564.754395,-1105.838867,1604.208984,-4602.054199,,,,,,,,,,,,,2616.331787,1567.738037,-3159.768311,,,,,,,,,,,,,,,,,,,,,,,,,,,,,,,,,
4167,41.670000,0.000000,0.000000,0.000000,1.000000,0.000000,0.000000,0.000000,57.698101,20.499701,-14.700500,0.047771,-0.013570,0.015998,-15.666301,-52.738201,18.801300,-93.396698,0.129960,17.611099,-0.182931,-0.475644,-0.680147,0.526972,-1104.270996,1517.913574,-4602.371582,-1098.179077,1437.699585,-4614.534180,-1091.818726,1562.584106,-4628.143555,-1121.247559,1467.161987,-4564.754395,-1105.838867,1604.208984,-4602.054199,,,,,,,,,,,,,2616.320068,1567.737549,-3159.770020,,,,,,,,,,,,,,,,,,,,,,,,,,,,,,,,,
4168,41.680000,0.000000,0.000000,0.000000,1.000000,0.000000,0.000000,0.000000,57.698101,20.499701,-14.700500,0.047771,-0.013570,0.015998,-15.666301,-52.738201,18.801300,-93.396698,0.129960,17.611099,-0.182931,-0.475644,-0.680147,0.526972,-1104.270996,1517.913574,-4602.371582,-1098.179077,1437.699585,-4614.534180,-1091.818726,1562.584106,-4628.143555,-1121.247559,1467.161987,-4564.754395,-1105.838867,1604.208984,-4602.054199,,,,,,,,,,,,,2616.316162,1567.763916,-3159.784424,,,,,,,,,,,,,,,,,,,,,,,,,,,,,,,,,
4169,41.690000,0.000000,0.000000,0.000000,1.000000,0.000000,0.000000,0.000000,57.698101,20.499701,-14.700500,0.047771,-0.013570,0.015998,-15.666301,-52.738201,18.801300,-93.396698,0.129960,17.611099,-0.182931,-0.475644,-0.680147,0.526972,-1104.270996,1517.913574,-4602.371582,-1098.179077,1437.699585,-4614.534180,-1091.818726,1562.584106,-4628.143555,-1121.247559,1467.161987,-4564.754395,-1105.838867,1604.208984,-4602.054199,,,,,,,,,,,,,2616.305664,1567.747925,-3159.777100,,,,,,,,,,,,,,,,,,,,,,,,,,,,,,,,,
4170,41.700000,0.000000,0.000000,0.000000,1.000000,0.000000,0.000000,0.000000,57.698101,20.499701,-14.700500,0.047771,-0.013570,0.015998,-15.666301,-52.738201,18.801300,-93.396698,0.129960,17.611099,-0.182931,-0.475644,-0.680147,0.526972,-1104.270996,1517.913574,-4602.371582,-1098.179077,1437.699585,-4614.534180,-1091.818726,1562.584106,-4628.143555,-1121.247559,1467.161987,-4564.754395,-1105.838867,1604.208984,-4602.054199,,,,,,,,,,,,,2616.316650,1567.745239,-3159.776855,,,,,,,,,,,,,,,,,,,,,,,,,,,,,,,,,
4171,41.710000,0.000000,0.000000,0.000000,1.000000,0.000000,0.000000,0.000000,57.698101,20.499701,-14.700500,0.047771,-0.013570,0.015998,-15.666301,-52.738201,18.801300,-93.396698,0.129960,17.611099,-0.182931,-0.475644,-0.680147,0.526972,-1104.270996,1517.913574,-4602.371582,-1098.179077,1437.699585,-4614.534180,-1091.818726,1562.584106,-4628.143555,-1121.247559,1467.161987,-4564.754395,-1105.838867,1604.208984,-4602.054199,,,,,,,,,,,,,2616.278076,1567.723877,-3159.780029,,,,,,,,,,,,,,,,,,,,,,,,,,,,,,,,,
4172,41.720000,0.000000,0.000000,0.000000,1.000000,0.000000,0.000000,0.000000,57.698101,20.499701,-14.700500,0.047771,-0.013570,0.015998,-15.666301,-52.738201,18.801300,-93.396698,0.129960,17.611099,-0.182931,-0.475644,-0.680147,0.526972,-1104.270996,1517.913574,-4602.371582,-1098.179077,1437.699585,-4614.534180,-1091.818726,1562.584106,-4628.143555,-1121.247559,1467.161987,-4564.754395,-1105.838867,1604.208984,-4602.054199,,,,,,,,,,,,,2616.299316,1567.717285,-3159.777344,,,,,,,,,,,,,,,,,,,,,,,,,,,,,,,,,
4173,41.730000,0.000000,0.000000,0.000000,1.000000,0.000000,0.000000,0.000000,57.698101,20.499701,-14.700500,0.047771,-0.013570,0.015998,-15.666301,-52.738201,18.801300,-93.396698,0.129960,17.611099,-0.182931,-0.475644,-0.680147,0.526972,-1104.270996,1517.913574,-4602.371582,-1098.179077,1437.699585,-4614.534180,-1091.818726,1562.584106,-4628.143555,-1121.247559,1467.161987,-4564.754395,-1105.838867,1604.208984,-4602.054199,,,,,,,,,,,,,2616.323730,1567.739624,-3159.764160,,,,,,,,,,,,,,,,,,,,,,,,,,,,,,,,,
4174,41.740000,0.000000,0.000000,0.000000,1.000000,0.000000,0.000000,0.000000,57.698101,20.499701,-14.700500,0.047771,-0.013570,0.015998,-15.666301,-52.738201,18.801300,-93.396698,0.129960,17.611099,-0.182931,-0.475644,-0.680147,0.526972,-1104.270996,1517.913574,-4602.371582,-1098.179077,1437.699585,-4614.534180,-1091.818726,1562.584106,-4628.143555,-1121.247559,1467.161987,-4564.754395,-1105.838867,1604.208984,-4602.054199,,,,,,,,,,,,,2616.343262,1567.754272,-3159.757812,,,,,,,,,,,,,,,,,,,,,,,,,,,,,,,,,
4175,41.750000,0.000000,0.000000,0.000000,1.000000,0.000000,0.000000,0.000000,57.698101,20.499701,-14.700500,0.047771,-0.013570,0.015998,-15.666301,-52.738201,18.801300,-93.396698,0.129960,17.611099,-0.182931,-0.475644,-0.680147,0.526972,-1104.270996,1517.913574,-4602.371582,-1098.179077,1437.699585,-4614.534180,-1091.818726,1562.584106,-4628.143555,-1121.247559,1467.161987,-4564.754395,-1105.838867,1604.208984,-4602.054199,,,,,,,,,,,,,2616.312012,1567.745972,-3159.769775,,,,,,,,,,,,,,,,,,,,,,,,,,,,,,,,,
4176,41.760000,0.000000,0.000000,0.000000,1.000000,0.000000,0.000000,0.000000,57.698101,20.499701,-14.700500,0.047771,-0.013570,0.015998,-15.666301,-52.738201,18.801300,-93.396698,0.129960,17.611099,-0.182931,-0.475644,-0.680147,0.526972,-1104.270996,1517.913574,-4602.371582,-1098.179077,1437.699585,-4614.534180,-1091.818726,1562.584106,-4628.143555,-1121.247559,1467.161987,-4564.754395,-1105.838867,1604.208984,-4602.054199,,,,,,,,,,,,,2616.289307,1567.754150,-3159.784180,,,,,,,,,,,,,,,,,,,,,,,,,,,,,,,,,
4177,41.770000,0.000000,0.000000,0.000000,1.000000,0.000000,0.000000,0.000000,57.698101,20.499701,-14.700500,0.047771,-0.013570,0.015998,-15.666301,-52.738201,18.801300,-93.396698,0.129960,17.611099,-0.182931,-0.475644,-0.680147,0.526972,-1104.270996,1517.913574,-4602.371582,-1098.179077,1437.699585,-4614.534180,-1091.818726,1562.584106,-4628.143555,-1121.247559,1467.161987,-4564.754395,-1105.838867,1604.208984,-4602.054199,,,,,,,,,,,,,2616.300049,1567.743286,-3159.777100,,,,,,,,,,,,,,,,,,,,,,,,,,,,,,,,,
4178,41.780000,0.000000,0.000000,0.000000,1.000000,0.000000,0.000000,0.000000,57.698101,20.499701,-14.700500,0.047771,-0.013570,0.015998,-15.666301,-52.738201,18.801300,-93.396698,0.129960,17.611099,-0.182931,-0.475644,-0.680147,0.526972,-1104.270996,1517.913574,-4602.371582,-1098.179077,1437.699585,-4614.534180,-1091.818726,1562.584106,-4628.143555,-1121.247559,1467.161987,-4564.754395,-1105.838867,1604.208984,-4602.054199,,,,,,,,,,,,,2616.314697,1567.735474,-3159.764160,,,,,,,,,,,,,,,,,,,,,,,,,,,,,,,,,
4179,41.790000,0.000000,0.000000,0.000000,1.000000,0.000000,0.000000,0.000000,57.698101,20.499701,-14.700500,0.047771,-0.013570,0.015998,-15.666301,-52.738201,18.801300,-93.396698,0.129960,17.611099,-0.182931,-0.475644,-0.680147,0.526972,-1104.270996,1517.913574,-4602.371582,-1098.179077,1437.699585,-4614.534180,-1091.818726,1562.584106,-4628.143555,-1121.247559,1467.161987,-4564.754395,-1105.838867,1604.208984,-4602.054199,,,,,,,,,,,,,2616.303223,1567.738281,-3159.765381,,,,,,,,,,,,,,,,,,,,,,,,,,,,,,,,,
4180,41.800000,0.000000,0.000000,0.000000,1.000000,0.000000,0.000000,0.000000,57.698101,20.499701,-14.700500,0.047771,-0.013570,0.015998,-15.666301,-52.738201,18.801300,-93.396698,0.129960,17.611099,-0.182931,-0.475644,-0.680147,0.526972,-1104.270996,1517.913574,-4602.371582,-1098.179077,1437.699585,-4614.534180,-1091.818726,1562.584106,-4628.143555,-1121.247559,1467.161987,-4564.754395,-1105.838867,1604.208984,-4602.054199,,,,,,,,,,,,,2616.291992,1567.735962,-3159.782959,,,,,,,,,,,,,,,,,,,,,,,,,,,,,,,,,
4181,41.810000,0.000000,0.000000,0.000000,1.000000,0.000000,0.000000,0.000000,57.698101,20.499701,-14.700500,0.047771,-0.013570,0.015998,-15.666301,-52.738201,18.801300,-93.396698,0.129960,17.611099,-0.182931,-0.475644,-0.680147,0.526972,-1104.270996,1517.913574,-4602.371582,-1098.179077,1437.699585,-4614.534180,-1091.818726,1562.584106,-4628.143555,-1121.247559,1467.161987,-4564.754395,-1105.838867,1604.208984,-4602.054199,,,,,,,,,,,,,2616.284424,1567.752075,-3159.780518,,,,,,,,,,,,,,,,,,,,,,,,,,,,,,,,,
4182,41.820000,0.000000,0.000000,0.000000,1.000000,0.000000,0.000000,0.000000,57.698101,20.499701,-14.700500,0.047771,-0.013570,0.015998,-15.666301,-52.738201,18.801300,-93.396698,0.129960,17.611099,-0.182931,-0.475644,-0.680147,0.526972,-1104.270996,1517.913574,-4602.371582,-1098.179077,1437.699585,-4614.534180,-1091.818726,1562.584106,-4628.143555,-1121.247559,1467.161987,-4564.754395,-1105.838867,1604.208984,-4602.054199,,,,,,,,,,,,,2616.297119,1567.782715,-3159.779785,,,,,,,,,,,,,,,,,,,,,,,,,,,,,,,,,
4183,41.830000,0.000000,0.000000,0.000000,1.000000,0.000000,0.000000,0.000000,57.698101,20.499701,-14.700500,0.047771,-0.013570,0.015998,-15.666301,-52.738201,18.801300,-93.396698,0.129960,17.611099,-0.182931,-0.475644,-0.680147,0.526972,-1104.270996,1517.913574,-4602.371582,-1098.179077,1437.699585,-4614.534180,-1091.818726,1562.584106,-4628.143555,-1121.247559,1467.161987,-4564.754395,-1105.838867,1604.208984,-4602.054199,,,,,,,,,,,,,2616.293945,1567.746094,-3159.778564,,,,,,,,,,,,,,,,,,,,,,,,,,,,,,,,,
4184,41.840000,0.000000,0.000000,0.000000,1.000000,0.000000,0.000000,0.000000,57.698101,20.499701,-14.700500,0.047771,-0.013570,0.015998,-15.666301,-52.738201,18.801300,-93.396698,0.129960,17.611099,-0.182931,-0.475644,-0.680147,0.526972,-1104.270996,1517.913574,-4602.371582,-1098.179077,1437.699585,-4614.534180,-1091.818726,1562.584106,-4628.143555,-1121.247559,1467.161987,-4564.754395,-1105.838867,1604.208984,-4602.054199,,,,,,,,,,,,,2616.273682,1567.747681,-3159.773438,,,,,,,,,,,,,,,,,,,,,,,,,,,,,,,,,
4185,41.850000,0.000000,0.000000,0.000000,1.000000,0.000000,0.000000,0.000000,57.698101,20.499701,-14.700500,0.047771,-0.013570,0.015998,-15.666301,-52.738201,18.801300,-93.396698,0.129960,17.611099,-0.182931,-0.475644,-0.680147,0.526972,-1104.270996,1517.913574,-4602.371582,-1098.179077,1437.699585,-4614.534180,-1091.818726,1562.584106,-4628.143555,-1121.247559,1467.161987,-4564.754395,-1105.838867,1604.208984,-4602.054199,,,,,,,,,,,,,2616.272217,1567.731323,-3159.786621,,,,,,,,,,,,,,,,,,,,,,,,,,,,,,,,,
4186,41.860000,0.000000,0.000000,0.000000,1.000000,0.000000,0.000000,0.000000,57.698101,20.499701,-14.700500,0.047771,-0.013570,0.015998,-15.666301,-52.738201,18.801300,-93.396698,0.129960,17.611099,-0.182931,-0.475644,-0.680147,0.526972,-1104.270996,1517.913574,-4602.371582,-1098.179077,1437.699585,-4614.534180,-1091.818726,1562.584106,-4628.143555,-1121.247559,1467.161987,-4564.754395,-1105.838867,1604.208984,-4602.054199,,,,,,,,,,,,,2616.298584,1567.756592,-3159.771729,,,,,,,,,,,,,,,,,,,,,,,,,,,,,,,,,
4187,41.870000,0.000000,0.000000,0.000000,1.000000,0.000000,0.000000,0.000000,57.698101,20.499701,-14.700500,0.047771,-0.013570,0.015998,-15.666301,-52.738201,18.801300,-93.396698,0.129960,17.611099,-0.182931,-0.475644,-0.680147,0.526972,-1104.270996,1517.913574,-4602.371582,-1098.179077,1437.699585,-4614.534180,-1091.818726,1562.584106,-4628.143555,-1121.247559,1467.161987,-4564.754395,-1105.838867,1604.208984,-4602.054199,,,,,,,,,,,,,2616.283936,1567.726685,-3159.773193,,,,,,,,,,,,,,,,,,,,,,,,,,,,,,,,,
4188,41.880000,0.000000,0.000000,0.000000,1.000000,0.000000,0.000000,0.000000,57.698101,20.499701,-14.700500,0.047771,-0.013570,0.015998,-15.666301,-52.738201,18.801300,-93.396698,0.129960,17.611099,-0.182931,-0.475644,-0.680147,0.526972,-1104.270996,1517.913574,-4602.371582,-1098.179077,1437.699585,-4614.534180,-1091.818726,1562.584106,-4628.143555,-1121.247559,1467.161987,-4564.754395,-1105.838867,1604.208984,-4602.054199,,,,,,,,,,,,,2616.291260,1567.739380,-3159.773193,,,,,,,,,,,,,,,,,,,,,,,,,,,,,,,,,
4189,41.890000,0.000000,0.000000,0.000000,1.000000,0.000000,0.000000,0.000000,57.698101,20.499701,-14.700500,0.047771,-0.013570,0.015998,-15.666301,-52.738201,18.801300,-93.396698,0.129960,17.611099,-0.182931,-0.475644,-0.680147,0.526972,-1104.270996,1517.913574,-4602.371582,-1098.179077,1437.699585,-4614.534180,-1091.818726,1562.584106,-4628.143555,-1121.247559,1467.161987,-4564.754395,-1105.838867,1604.208984,-4602.054199,,,,,,,,,,,,,2616.264160,1567.736572,-3159.789307,,,,,,,,,,,,,,,,,,,,,,,,,,,,,,,,,
4190,41.900000,0.000000,0.000000,0.000000,1.000000,0.000000,0.000000,0.000000,57.698101,20.499701,-14.700500,0.047771,-0.013570,0.015998,-15.666301,-52.738201,18.801300,-93.396698,0.129960,17.611099,-0.182931,-0.475644,-0.680147,0.526972,-1104.270996,1517.913574,-4602.371582,-1098.179077,1437.699585,-4614.534180,-1091.818726,1562.584106,-4628.143555,-1121.247559,1467.161987,-4564.754395,-1105.838867,1604.208984,-4602.054199,,,,,,,,,,,,,2616.267578,1567.739258,-3159.791748,,,,,,,,,,,,,,,,,,,,,,,,,,,,,,,,,
4191,41.910000,0.000000,0.000000,0.000000,1.000000,0.000000,0.000000,0.000000,57.698101,20.499701,-14.700500,0.047771,-0.013570,0.015998,-15.666301,-52.738201,18.801300,-93.396698,0.129960,17.611099,-0.182931,-0.475644,-0.680147,0.526972,-1104.270996,1517.913574,-4602.371582,-1098.179077,1437.699585,-4614.534180,-1091.818726,1562.584106,-4628.143555,-1121.247559,1467.161987,-4564.754395,-1105.838867,1604.208984,-4602.054199,,,,,,,,,,,,,2616.278564,1567.776123,-3159.794434,,,,,,,,,,,,,,,,,,,,,,,,,,,,,,,,,
4192,41.920000,0.000000,0.000000,0.000000,1.000000,0.000000,0.000000,0.000000,57.698101,20.499701,-14.700500,0.047771,-0.013570,0.015998,-15.666301,-52.738201,18.801300,-93.396698,0.129960,17.611099,-0.182931,-0.475644,-0.680147,0.526972,-1104.270996,1517.913574,-4602.371582,-1098.179077,1437.699585,-4614.534180,-1091.818726,1562.584106,-4628.143555,-1121.247559,1467.161987,-4564.754395,-1105.838867,1604.208984,-4602.054199,,,,,,,,,,,,,2616.289062,1567.740112,-3159.790039,,,,,,,,,,,,,,,,,,,,,,,,,,,,,,,,,
4193,41.930000,0.000000,0.000000,0.000000,1.000000,0.000000,0.000000,0.000000,57.698101,20.499701,-14.700500,0.047771,-0.013570,0.015998,-15.666301,-52.738201,18.801300,-93.396698,0.129960,17.611099,-0.182931,-0.475644,-0.680147,0.526972,-1104.270996,1517.913574,-4602.371582,-1098.179077,1437.699585,-4614.534180,-1091.818726,1562.584106,-4628.143555,-1121.247559,1467.161987,-4564.754395,-1105.838867,1604.208984,-4602.054199,,,,,,,,,,,,,2616.273682,1567.742920,-3159.787109,,,,,,,,,,,,,,,,,,,,,,,,,,,,,,,,,
4194,41.940000,0.000000,0.000000,0.000000,1.000000,0.000000,0.000000,0.000000,57.698101,20.499701,-14.700500,0.047771,-0.013570,0.015998,-15.666301,-52.738201,18.801300,-93.396698,0.129960,17.611099,-0.182931,-0.475644,-0.680147,0.526972,-1104.270996,1517.913574,-4602.371582,-1098.179077,1437.699585,-4614.534180,-1091.818726,1562.584106,-4628.143555,-1121.247559,1467.161987,-4564.754395,-1105.838867,1604.208984,-4602.054199,,,,,,,,,,,,,2616.269531,1567.730835,-3159.793213,,,,,,,,,,,,,,,,,,,,,,,,,,,,,,,,,
4195,41.950000,0.000000,0.000000,0.000000,1.000000,0.000000,0.000000,0.000000,57.698101,20.499701,-14.700500,0.047771,-0.013570,0.015998,-15.666301,-52.738201,18.801300,-93.396698,0.129960,17.611099,-0.182931,-0.475644,-0.680147,0.526972,-1104.270996,1517.913574,-4602.371582,-1098.179077,1437.699585,-4614.534180,-1091.818726,1562.584106,-4628.143555,-1121.247559,1467.161987,-4564.754395,-1105.838867,1604.208984,-4602.054199,,,,,,,,,,,,,2616.314453,1567.726562,-3159.764648,,,,,,,,,,,,,,,,,,,,,,,,,,,,,,,,,
4196,41.960000,0.000000,0.000000,0.000000,1.000000,0.000000,0.000000,0.000000,57.698101,20.499701,-14.700500,0.047771,-0.013570,0.015998,-15.666301,-52.738201,18.801300,-93.396698,0.129960,17.611099,-0.182931,-0.475644,-0.680147,0.526972,-1104.270996,1517.913574,-4602.371582,-1098.179077,1437.699585,-4614.534180,-1091.818726,1562.584106,-4628.143555,-1121.247559,1467.161987,-4564.754395,-1105.838867,1604.208984,-4602.054199,,,,,,,,,,,,,2616.328613,1567.707397,-3159.760254,,,,,,,,,,,,,,,,,,,,,,,,,,,,,,,,,
4197,41.970000,0.000000,0.000000,0.000000,1.000000,0.000000,0.000000,0.000000,57.698101,20.499701,-14.700500,0.047771,-0.013570,0.015998,-15.666301,-52.738201,18.801300,-93.396698,0.129960,17.611099,-0.182931,-0.475644,-0.680147,0.526972,-1104.270996,1517.913574,-4602.371582,-1098.179077,1437.699585,-4614.534180,-1091.818726,1562.584106,-4628.143555,-1121.247559,1467.161987,-4564.754395,-1105.838867,1604.208984,-4602.054199,,,,,,,,,,,,,2616.305176,1567.727905,-3159.769531,,,,,,,,,,,,,,,,,,,,,,,,,,,,,,,,,
4198,41.980000,0.000000,0.000000,0.000000,1.000000,0.000000,0.000000,0.000000,57.698101,20.499701,-14.700500,0.047771,-0.013570,0.015998,-15.666301,-52.738201,18.801300,-93.396698,0.129960,17.611099,-0.182931,-0.475644,-0.680147,0.526972,-1104.270996,1517.913574,-4602.371582,-1098.179077,1437.699585,-4614.534180,-1091.818726,1562.584106,-4628.143555,-1121.247559,1467.161987,-4564.754395,-1105.838867,1604.208984,-4602.054199,,,,,,,,,,,,,2616.302246,1567.721802,-3159.776611,,,,,,,,,,,,,,,,,,,,,,,,,,,,,,,,,
4199,41.990000,0.000000,0.000000,0.000000,1.000000,0.000000,0.000000,0.000000,57.698101,20.499701,-14.700500,0.047771,-0.013570,0.015998,-15.666301,-52.738201,18.801300,-93.396698,0.129960,17.611099,-0.182931,-0.475644,-0.680147,0.526972,-1104.270996,1517.913574,-4602.371582,-1098.179077,1437.699585,-4614.534180,-1091.818726,1562.584106,-4628.143555,-1121.247559,1467.161987,-4564.754395,-1105.838867,1604.208984,-4602.054199,,,,,,,,,,,,,2616.318115,1567.751465,-3159.778076,,,,,,,,,,,,,,,,,,,,,,,,,,,,,,,,,
4200,42.000000,0.000000,0.000000,0.000000,1.000000,0.000000,0.000000,0.000000,57.698101,20.499701,-14.700500,0.047771,-0.013570,0.015998,-15.666301,-52.738201,18.801300,-93.396698,0.129960,17.611099,-0.182931,-0.475644,-0.680147,0.526972,-1104.270996,1517.913574,-4602.371582,-1098.179077,1437.699585,-4614.534180,-1091.818726,1562.584106,-4628.143555,-1121.247559,1467.161987,-4564.754395,-1105.838867,1604.208984,-4602.054199,,,,,,,,,,,,,2616.285889,1567.748901,-3159.781738,,,,,,,,,,,,,,,,,,,,,,,,,,,,,,,,,
4201,42.010000,0.000000,0.000000,0.000000,1.000000,0.000000,0.000000,0.000000,57.698101,20.499701,-14.700500,0.047771,-0.013570,0.015998,-15.666301,-52.738201,18.801300,-93.396698,0.129960,17.611099,-0.182931,-0.475644,-0.680147,0.526972,-1104.270996,1517.913574,-4602.371582,-1098.179077,1437.699585,-4614.534180,-1091.818726,1562.584106,-4628.143555,-1121.247559,1467.161987,-4564.754395,-1105.838867,1604.208984,-4602.054199,,,,,,,,,,,,,2616.301025,1567.740967,-3159.776367,,,,,,,,,,,,,,,,,,,,,,,,,,,,,,,,,
4202,42.020000,0.000000,0.000000,0.000000,1.000000,0.000000,0.000000,0.000000,57.698101,20.499701,-14.700500,0.047771,-0.013570,0.015998,-15.666301,-52.738201,18.801300,-93.396698,0.129960,17.611099,-0.182931,-0.475644,-0.680147,0.526972,-1104.270996,1517.913574,-4602.371582,-1098.179077,1437.699585,-4614.534180,-1091.818726,1562.584106,-4628.143555,-1121.247559,1467.161987,-4564.754395,-1105.838867,1604.208984,-4602.054199,,,,,,,,,,,,,2616.293457,1567.746338,-3159.778320,,,,,,,,,,,,,,,,,,,,,,,,,,,,,,,,,
4203,42.030000,0.000000,0.000000,0.000000,1.000000,0.000000,0.000000,0.000000,57.698101,20.499701,-14.700500,0.047771,-0.013570,0.015998,-15.666301,-52.738201,18.801300,-93.396698,0.129960,17.611099,-0.182931,-0.475644,-0.680147,0.526972,-1104.270996,1517.913574,-4602.371582,-1098.179077,1437.699585,-4614.534180,-1091.818726,1562.584106,-4628.143555,-1121.247559,1467.161987,-4564.754395,-1105.838867,1604.208984,-4602.054199,,,,,,,,,,,,,2616.280029,1567.756714,-3159.776123,,,,,,,,,,,,,,,,,,,,,,,,,,,,,,,,,
4204,42.040000,0.000000,0.000000,0.000000,1.000000,0.000000,0.000000,0.000000,57.698101,20.499701,-14.700500,0.047771,-0.013570,0.015998,-15.666301,-52.738201,18.801300,-93.396698,0.129960,17.611099,-0.182931,-0.475644,-0.680147,0.526972,-1104.270996,1517.913574,-4602.371582,-1098.179077,1437.699585,-4614.534180,-1091.818726,1562.584106,-4628.143555,-1121.247559,1467.161987,-4564.754395,-1105.838867,1604.208984,-4602.054199,,,,,,,,,,,,,2616.252197,1567.778687,-3159.787109,,,,,,,,,,,,,,,,,,,,,,,,,,,,,,,,,
4205,42.050000,0.000000,0.000000,0.000000,1.000000,0.000000,0.000000,0.000000,57.698101,20.499701,-14.700500,0.047771,-0.013570,0.015998,-15.666301,-52.738201,18.801300,-93.396698,0.129960,17.611099,-0.182931,-0.475644,-0.680147,0.526972,-1104.270996,1517.913574,-4602.371582,-1098.179077,1437.699585,-4614.534180,-1091.818726,1562.584106,-4628.143555,-1121.247559,1467.161987,-4564.754395,-1105.838867,1604.208984,-4602.054199,,,,,,,,,,,,,2616.280273,1567.786255,-3159.794434,,,,,,,,,,,,,,,,,,,,,,,,,,,,,,,,,
4206,42.060000,0.000000,0.000000,0.000000,1.000000,0.000000,0.000000,0.000000,57.698101,20.499701,-14.700500,0.047771,-0.013570,0.015998,-15.666301,-52.738201,18.801300,-93.396698,0.129960,17.611099,-0.182931,-0.475644,-0.680147,0.526972,-1104.270996,1517.913574,-4602.371582,-1098.179077,1437.699585,-4614.534180,-1091.818726,1562.584106,-4628.143555,-1121.247559,1467.161987,-4564.754395,-1105.838867,1604.208984,-4602.054199,,,,,,,,,,,,,2616.278320,1567.734497,-3159.768311,,,,,,,,,,,,,,,,,,,,,,,,,,,,,,,,,
4207,42.070000,0.000000,0.000000,0.000000,1.000000,0.000000,0.000000,0.000000,57.698101,20.499701,-14.700500,0.047771,-0.013570,0.015998,-15.666301,-52.738201,18.801300,-93.396698,0.129960,17.611099,-0.182931,-0.475644,-0.680147,0.526972,-1104.270996,1517.913574,-4602.371582,-1098.179077,1437.699585,-4614.534180,-1091.818726,1562.584106,-4628.143555,-1121.247559,1467.161987,-4564.754395,-1105.838867,1604.208984,-4602.054199,,,,,,,,,,,,,2616.304199,1567.739868,-3159.760742,,,,,,,,,,,,,,,,,,,,,,,,,,,,,,,,,
4208,42.080000,0.000000,0.000000,0.000000,1.000000,0.000000,0.000000,0.000000,57.698101,20.499701,-14.700500,0.047771,-0.013570,0.015998,-15.666301,-52.738201,18.801300,-93.396698,0.129960,17.611099,-0.182931,-0.475644,-0.680147,0.526972,-1104.270996,1517.913574,-4602.371582,-1098.179077,1437.699585,-4614.534180,-1091.818726,1562.584106,-4628.143555,-1121.247559,1467.161987,-4564.754395,-1105.838867,1604.208984,-4602.054199,,,,,,,,,,,,,2616.285889,1567.709961,-3159.778809,,,,,,,,,,,,,,,,,,,,,,,,,,,,,,,,,
4209,42.090000,0.000000,0.000000,0.000000,1.000000,0.000000,0.000000,0.000000,57.698101,20.499701,-14.700500,0.047771,-0.013570,0.015998,-15.666301,-52.738201,18.801300,-93.396698,0.129960,17.611099,-0.182931,-0.475644,-0.680147,0.526972,-1104.270996,1517.913574,-4602.371582,-1098.179077,1437.699585,-4614.534180,-1091.818726,1562.584106,-4628.143555,-1121.247559,1467.161987,-4564.754395,-1105.838867,1604.208984,-4602.054199,,,,,,,,,,,,,2616.297852,1567.759155,-3159.763672,,,,,,,,,,,,,,,,,,,,,,,,,,,,,,,,,
4210,42.100000,0.000000,0.000000,0.000000,1.000000,0.000000,0.000000,0.000000,57.698101,20.499701,-14.700500,0.047771,-0.013570,0.015998,-15.666301,-52.738201,18.801300,-93.396698,0.129960,17.611099,-0.182931,-0.475644,-0.680147,0.526972,-1104.270996,1517.913574,-4602.371582,-1098.179077,1437.699585,-4614.534180,-1091.818726,1562.584106,-4628.143555,-1121.247559,1467.161987,-4564.754395,-1105.838867,1604.208984,-4602.054199,,,,,,,,,,,,,2616.268066,1567.727173,-3159.783447,,,,,,,,,,,,,,,,,,,,,,,,,,,,,,,,,
4211,42.110000,0.000000,0.000000,0.000000,1.000000,0.000000,0.000000,0.000000,57.698101,20.499701,-14.700500,0.047771,-0.013570,0.015998,-15.666301,-52.738201,18.801300,-93.396698,0.129960,17.611099,-0.182931,-0.475644,-0.680147,0.526972,-1104.270996,1517.913574,-4602.371582,-1098.179077,1437.699585,-4614.534180,-1091.818726,1562.584106,-4628.143555,-1121.247559,1467.161987,-4564.754395,-1105.838867,1604.208984,-4602.054199,,,,,,,,,,,,,2616.283936,1567.760864,-3159.791016,,,,,,,,,,,,,,,,,,,,,,,,,,,,,,,,,
4212,42.120000,0.000000,0.000000,0.000000,1.000000,0.000000,0.000000,0.000000,57.698101,20.499701,-14.700500,0.047771,-0.013570,0.015998,-15.666301,-52.738201,18.801300,-93.396698,0.129960,17.611099,-0.182931,-0.475644,-0.680147,0.526972,-1104.270996,1517.913574,-4602.371582,-1098.179077,1437.699585,-4614.534180,-1091.818726,1562.584106,-4628.143555,-1121.247559,1467.161987,-4564.754395,-1105.838867,1604.208984,-4602.054199,,,,,,,,,,,,,2616.302734,1567.757446,-3159.779785,,,,,,,,,,,,,,,,,,,,,,,,,,,,,,,,,
4213,42.130000,0.000000,0.000000,0.000000,1.000000,0.000000,0.000000,0.000000,57.698101,20.499701,-14.700500,0.047771,-0.013570,0.015998,-15.666301,-52.738201,18.801300,-93.396698,0.129960,17.611099,-0.182931,-0.475644,-0.680147,0.526972,-1104.270996,1517.913574,-4602.371582,-1098.179077,1437.699585,-4614.534180,-1091.818726,1562.584106,-4628.143555,-1121.247559,1467.161987,-4564.754395,-1105.838867,1604.208984,-4602.054199,,,,,,,,,,,,,2616.271973,1567.738403,-3159.778320,,,,,,,,,,,,,,,,,,,,,,,,,,,,,,,,,
4214,42.140000,0.000000,0.000000,0.000000,1.000000,0.000000,0.000000,0.000000,57.698101,20.499701,-14.700500,0.047771,-0.013570,0.015998,-15.666301,-52.738201,18.801300,-93.396698,0.129960,17.611099,-0.182931,-0.475644,-0.680147,0.526972,-1104.270996,1517.913574,-4602.371582,-1098.179077,1437.699585,-4614.534180,-1091.818726,1562.584106,-4628.143555,-1121.247559,1467.161987,-4564.754395,-1105.838867,1604.208984,-4602.054199,,,,,,,,,,,,,2616.287842,1567.745972,-3159.776123,,,,,,,,,,,,,,,,,,,,,,,,,,,,,,,,,
4215,42.150000,0.000000,0.000000,0.000000,1.000000,0.000000,0.000000,0.000000,57.698101,20.499701,-14.700500,0.047771,-0.013570,0.015998,-15.666301,-52.738201,18.801300,-93.396698,0.129960,17.611099,-0.182931,-0.475644,-0.680147,0.526972,-1104.270996,1517.913574,-4602.371582,-1098.179077,1437.699585,-4614.534180,-1091.818726,1562.584106,-4628.143555,-1121.247559,1467.161987,-4564.754395,-1105.838867,1604.208984,-4602.054199,,,,,,,,,,,,,2616.293945,1567.706787,-3159.772217,,,,,,,,,,,,,,,,,,,,,,,,,,,,,,,,,
4216,42.160000,0.000000,0.000000,0.000000,1.000000,0.000000,0.000000,0.000000,57.698101,20.499701,-14.700500,0.047771,-0.013570,0.015998,-15.666301,-52.738201,18.801300,-93.396698,0.129960,17.611099,-0.182931,-0.475644,-0.680147,0.526972,-1104.270996,1517.913574,-4602.371582,-1098.179077,1437.699585,-4614.534180,-1091.818726,1562.584106,-4628.143555,-1121.247559,1467.161987,-4564.754395,-1105.838867,1604.208984,-4602.054199,,,,,,,,,,,,,2616.318604,1567.717651,-3159.766357,,,,,,,,,,,,,,,,,,,,,,,,,,,,,,,,,
4217,42.170000,0.000000,0.000000,0.000000,1.000000,0.000000,0.000000,0.000000,57.698101,20.499701,-14.700500,0.047771,-0.013570,0.015998,-15.666301,-52.738201,18.801300,-93.396698,0.129960,17.611099,-0.182931,-0.475644,-0.680147,0.526972,-1104.270996,1517.913574,-4602.371582,-1098.179077,1437.699585,-4614.534180,-1091.818726,1562.584106,-4628.143555,-1121.247559,1467.161987,-4564.754395,-1105.838867,1604.208984,-4602.054199,,,,,,,,,,,,,2616.312500,1567.744263,-3159.774414,,,,,,,,,,,,,,,,,,,,,,,,,,,,,,,,,
4218,42.180000,0.000000,0.000000,0.000000,1.000000,0.000000,0.000000,0.000000,57.698101,20.499701,-14.700500,0.047771,-0.013570,0.015998,-15.666301,-52.738201,18.801300,-93.396698,0.129960,17.611099,-0.182931,-0.475644,-0.680147,0.526972,-1104.270996,1517.913574,-4602.371582,-1098.179077,1437.699585,-4614.534180,-1091.818726,1562.584106,-4628.143555,-1121.247559,1467.161987,-4564.754395,-1105.838867,1604.208984,-4602.054199,,,,,,,,,,,,,2616.250244,1567.735474,-3159.791260,,,,,,,,,,,,,,,,,,,,,,,,,,,,,,,,,
4219,42.190000,0.000000,0.000000,0.000000,1.000000,0.000000,0.000000,0.000000,57.698101,20.499701,-14.700500,0.047771,-0.013570,0.015998,-15.666301,-52.738201,18.801300,-93.396698,0.129960,17.611099,-0.182931,-0.475644,-0.680147,0.526972,-1104.270996,1517.913574,-4602.371582,-1098.179077,1437.699585,-4614.534180,-1091.818726,1562.584106,-4628.143555,-1121.247559,1467.161987,-4564.754395,-1105.838867,1604.208984,-4602.054199,,,,,,,,,,,,,2616.267578,1567.731812,-3159.796631,,,,,,,,,,,,,,,,,,,,,,,,,,,,,,,,,
4220,42.200000,0.000000,0.000000,0.000000,1.000000,0.000000,0.000000,0.000000,57.698101,20.499701,-14.700500,0.047771,-0.013570,0.015998,-15.666301,-52.738201,18.801300,-93.396698,0.129960,17.611099,-0.182931,-0.475644,-0.680147,0.526972,-1104.270996,1517.913574,-4602.371582,-1098.179077,1437.699585,-4614.534180,-1091.818726,1562.584106,-4628.143555,-1121.247559,1467.161987,-4564.754395,-1105.838867,1604.208984,-4602.054199,,,,,,,,,,,,,2616.315918,1567.750244,-3159.792725,,,,,,,,,,,,,,,,,,,,,,,,,,,,,,,,,
4221,42.210000,0.000000,0.000000,0.000000,1.000000,0.000000,0.000000,0.000000,57.698101,20.499701,-14.700500,0.047771,-0.013570,0.015998,-15.666301,-52.738201,18.801300,-93.396698,0.129960,17.611099,-0.182931,-0.475644,-0.680147,0.526972,-1104.270996,1517.913574,-4602.371582,-1098.179077,1437.699585,-4614.534180,-1091.818726,1562.584106,-4628.143555,-1121.247559,1467.161987,-4564.754395,-1105.838867,1604.208984,-4602.054199,,,,,,,,,,,,,2616.263184,1567.757812,-3159.798096,,,,,,,,,,,,,,,,,,,,,,,,,,,,,,,,,
4222,42.220000,0.000000,0.000000,0.000000,1.000000,0.000000,0.000000,0.000000,57.698101,20.499701,-14.700500,0.047771,-0.013570,0.015998,-15.666301,-52.738201,18.801300,-93.396698,0.129960,17.611099,-0.182931,-0.475644,-0.680147,0.526972,-1104.270996,1517.913574,-4602.371582,-1098.179077,1437.699585,-4614.534180,-1091.818726,1562.584106,-4628.143555,-1121.247559,1467.161987,-4564.754395,-1105.838867,1604.208984,-4602.054199,,,,,,,,,,,,,2616.262695,1567.748901,-3159.796875,,,,,,,,,,,,,,,,,,,,,,,,,,,,,,,,,
4223,42.230000,0.000000,0.000000,0.000000,1.000000,0.000000,0.000000,0.000000,57.698101,20.499701,-14.700500,0.047771,-0.013570,0.015998,-15.666301,-52.738201,18.801300,-93.396698,0.129960,17.611099,-0.182931,-0.475644,-0.680147,0.526972,-1104.270996,1517.913574,-4602.371582,-1098.179077,1437.699585,-4614.534180,-1091.818726,1562.584106,-4628.143555,-1121.247559,1467.161987,-4564.754395,-1105.838867,1604.208984,-4602.054199,,,,,,,,,,,,,2616.277100,1567.718994,-3159.791992,,,,,,,,,,,,,,,,,,,,,,,,,,,,,,,,,
4224,42.240000,0.000000,0.000000,0.000000,1.000000,0.000000,0.000000,0.000000,57.698101,20.499701,-14.700500,0.047771,-0.013570,0.015998,-15.666301,-52.738201,18.801300,-93.396698,0.129960,17.611099,-0.182931,-0.475644,-0.680147,0.526972,-1104.270996,1517.913574,-4602.371582,-1098.179077,1437.699585,-4614.534180,-1091.818726,1562.584106,-4628.143555,-1121.247559,1467.161987,-4564.754395,-1105.838867,1604.208984,-4602.054199,,,,,,,,,,,,,2616.308838,1567.713623,-3159.766357,,,,,,,,,,,,,,,,,,,,,,,,,,,,,,,,,
4225,42.250000,0.000000,0.000000,0.000000,1.000000,0.000000,0.000000,0.000000,57.698101,20.499701,-14.700500,0.047771,-0.013570,0.015998,-15.666301,-52.738201,18.801300,-93.396698,0.129960,17.611099,-0.182931,-0.475644,-0.680147,0.526972,-1104.270996,1517.913574,-4602.371582,-1098.179077,1437.699585,-4614.534180,-1091.818726,1562.584106,-4628.143555,-1121.247559,1467.161987,-4564.754395,-1105.838867,1604.208984,-4602.054199,,,,,,,,,,,,,2616.315674,1567.715576,-3159.762695,,,,,,,,,,,,,,,,,,,,,,,,,,,,,,,,,
4226,42.260000,0.000000,0.000000,0.000000,1.000000,0.000000,0.000000,0.000000,57.698101,20.499701,-14.700500,0.047771,-0.013570,0.015998,-15.666301,-52.738201,18.801300,-93.396698,0.129960,17.611099,-0.182931,-0.475644,-0.680147,0.526972,-1104.270996,1517.913574,-4602.371582,-1098.179077,1437.699585,-4614.534180,-1091.818726,1562.584106,-4628.143555,-1121.247559,1467.161987,-4564.754395,-1105.838867,1604.208984,-4602.054199,,,,,,,,,,,,,2616.294922,1567.734741,-3159.774902,,,,,,,,,,,,,,,,,,,,,,,,,,,,,,,,,
4227,42.270000,0.000000,0.000000,0.000000,1.000000,0.000000,0.000000,0.000000,57.698101,20.499701,-14.700500,0.047771,-0.013570,0.015998,-15.666301,-52.738201,18.801300,-93.396698,0.129960,17.611099,-0.182931,-0.475644,-0.680147,0.526972,-1104.270996,1517.913574,-4602.371582,-1098.179077,1437.699585,-4614.534180,-1091.818726,1562.584106,-4628.143555,-1121.247559,1467.161987,-4564.754395,-1105.838867,1604.208984,-4602.054199,,,,,,,,,,,,,2616.293457,1567.728760,-3159.774170,,,,,,,,,,,,,,,,,,,,,,,,,,,,,,,,,
4228,42.280000,0.000000,0.000000,0.000000,1.000000,0.000000,0.000000,0.000000,57.698101,20.499701,-14.700500,0.047771,-0.013570,0.015998,-15.666301,-52.738201,18.801300,-93.396698,0.129960,17.611099,-0.182931,-0.475644,-0.680147,0.526972,-1104.270996,1517.913574,-4602.371582,-1098.179077,1437.699585,-4614.534180,-1091.818726,1562.584106,-4628.143555,-1121.247559,1467.161987,-4564.754395,-1105.838867,1604.208984,-4602.054199,,,,,,,,,,,,,2616.276611,1567.775269,-3159.781982,,,,,,,,,,,,,,,,,,,,,,,,,,,,,,,,,
4229,42.290000,0.000000,0.000000,0.000000,1.000000,0.000000,0.000000,0.000000,57.698101,20.499701,-14.700500,0.047771,-0.013570,0.015998,-15.666301,-52.738201,18.801300,-93.396698,0.129960,17.611099,-0.182931,-0.475644,-0.680147,0.526972,-1104.270996,1517.913574,-4602.371582,-1098.179077,1437.699585,-4614.534180,-1091.818726,1562.584106,-4628.143555,-1121.247559,1467.161987,-4564.754395,-1105.838867,1604.208984,-4602.054199,,,,,,,,,,,,,2616.289062,1567.788940,-3159.792236,,,,,,,,,,,,,,,,,,,,,,,,,,,,,,,,,
4230,42.300000,0.000000,0.000000,0.000000,1.000000,0.000000,0.000000,0.000000,57.698101,20.499701,-14.700500,0.047771,-0.013570,0.015998,-15.666301,-52.738201,18.801300,-93.396698,0.129960,17.611099,-0.182931,-0.475644,-0.680147,0.526972,-1104.270996,1517.913574,-4602.371582,-1098.179077,1437.699585,-4614.534180,-1091.818726,1562.584106,-4628.143555,-1121.247559,1467.161987,-4564.754395,-1105.838867,1604.208984,-4602.054199,,,,,,,,,,,,,2616.304199,1567.741455,-3159.771484,,,,,,,,,,,,,,,,,,,,,,,,,,,,,,,,,
4231,42.310000,0.000000,0.000000,0.000000,1.000000,0.000000,0.000000,0.000000,57.698101,20.499701,-14.700500,0.047771,-0.013570,0.015998,-15.666301,-52.738201,18.801300,-93.396698,0.129960,17.611099,-0.182931,-0.475644,-0.680147,0.526972,-1104.270996,1517.913574,-4602.371582,-1098.179077,1437.699585,-4614.534180,-1091.818726,1562.584106,-4628.143555,-1121.247559,1467.161987,-4564.754395,-1105.838867,1604.208984,-4602.054199,,,,,,,,,,,,,2616.345947,1567.773682,-3159.756348,,,,,,,,,,,,,,,,,,,,,,,,,,,,,,,,,
4232,42.320000,0.000000,0.000000,0.000000,1.000000,0.000000,0.000000,0.000000,57.698101,20.499701,-14.700500,0.047771,-0.013570,0.015998,-15.666301,-52.738201,18.801300,-93.396698,0.129960,17.611099,-0.182931,-0.475644,-0.680147,0.526972,-1104.270996,1517.913574,-4602.371582,-1098.179077,1437.699585,-4614.534180,-1091.818726,1562.584106,-4628.143555,-1121.247559,1467.161987,-4564.754395,-1105.838867,1604.208984,-4602.054199,,,,,,,,,,,,,2616.305420,1567.777222,-3159.773438,,,,,,,,,,,,,,,,,,,,,,,,,,,,,,,,,
4233,42.330000,0.000000,0.000000,0.000000,1.000000,0.000000,0.000000,0.000000,57.698101,20.499701,-14.700500,0.047771,-0.013570,0.015998,-15.666301,-52.738201,18.801300,-93.396698,0.129960,17.611099,-0.182931,-0.475644,-0.680147,0.526972,-1104.270996,1517.913574,-4602.371582,-1098.179077,1437.699585,-4614.534180,-1091.818726,1562.584106,-4628.143555,-1121.247559,1467.161987,-4564.754395,-1105.838867,1604.208984,-4602.054199,,,,,,,,,,,,,2616.278076,1567.782104,-3159.786133,,,,,,,,,,,,,,,,,,,,,,,,,,,,,,,,,
4234,42.340000,0.000000,0.000000,0.000000,1.000000,0.000000,0.000000,0.000000,57.698101,20.499701,-14.700500,0.047771,-0.013570,0.015998,-15.666301,-52.738201,18.801300,-93.396698,0.129960,17.611099,-0.182931,-0.475644,-0.680147,0.526972,-1104.270996,1517.913574,-4602.371582,-1098.179077,1437.699585,-4614.534180,-1091.818726,1562.584106,-4628.143555,-1121.247559,1467.161987,-4564.754395,-1105.838867,1604.208984,-4602.054199,,,,,,,,,,,,,2616.278809,1567.772949,-3159.787842,,,,,,,,,,,,,,,,,,,,,,,,,,,,,,,,,
4235,42.350000,0.000000,0.000000,0.000000,1.000000,0.000000,0.000000,0.000000,57.698101,20.499701,-14.700500,0.047771,-0.013570,0.015998,-15.666301,-52.738201,18.801300,-93.396698,0.129960,17.611099,-0.182931,-0.475644,-0.680147,0.526972,-1104.270996,1517.913574,-4602.371582,-1098.179077,1437.699585,-4614.534180,-1091.818726,1562.584106,-4628.143555,-1121.247559,1467.161987,-4564.754395,-1105.838867,1604.208984,-4602.054199,,,,,,,,,,,,,2616.284424,1567.754272,-3159.780029,,,,,,,,,,,,,,,,,,,,,,,,,,,,,,,,,
4236,42.360000,0.000000,0.000000,0.000000,1.000000,0.000000,0.000000,0.000000,57.698101,20.499701,-14.700500,0.047771,-0.013570,0.015998,-15.666301,-52.738201,18.801300,-93.396698,0.129960,17.611099,-0.182931,-0.475644,-0.680147,0.526972,-1104.270996,1517.913574,-4602.371582,-1098.179077,1437.699585,-4614.534180,-1091.818726,1562.584106,-4628.143555,-1121.247559,1467.161987,-4564.754395,-1105.838867,1604.208984,-4602.054199,,,,,,,,,,,,,2616.289062,1567.739014,-3159.786133,,,,,,,,,,,,,,,,,,,,,,,,,,,,,,,,,
4237,42.370000,0.000000,0.000000,0.000000,1.000000,0.000000,0.000000,0.000000,57.698101,20.499701,-14.700500,0.047771,-0.013570,0.015998,-15.666301,-52.738201,18.801300,-93.396698,0.129960,17.611099,-0.182931,-0.475644,-0.680147,0.526972,-1104.270996,1517.913574,-4602.371582,-1098.179077,1437.699585,-4614.534180,-1091.818726,1562.584106,-4628.143555,-1121.247559,1467.161987,-4564.754395,-1105.838867,1604.208984,-4602.054199,,,,,,,,,,,,,2616.298584,1567.754272,-3159.780762,,,,,,,,,,,,,,,,,,,,,,,,,,,,,,,,,
4238,42.380000,0.000000,0.000000,0.000000,1.000000,0.000000,0.000000,0.000000,57.698101,20.499701,-14.700500,0.047771,-0.013570,0.015998,-15.666301,-52.738201,18.801300,-93.396698,0.129960,17.611099,-0.182931,-0.475644,-0.680147,0.526972,-1104.270996,1517.913574,-4602.371582,-1098.179077,1437.699585,-4614.534180,-1091.818726,1562.584106,-4628.143555,-1121.247559,1467.161987,-4564.754395,-1105.838867,1604.208984,-4602.054199,,,,,,,,,,,,,2616.273926,1567.751343,-3159.779297,,,,,,,,,,,,,,,,,,,,,,,,,,,,,,,,,
4239,42.390000,0.000000,0.000000,0.000000,1.000000,0.000000,0.000000,0.000000,57.698101,20.499701,-14.700500,0.047771,-0.013570,0.015998,-15.666301,-52.738201,18.801300,-93.396698,0.129960,17.611099,-0.182931,-0.475644,-0.680147,0.526972,-1104.270996,1517.913574,-4602.371582,-1098.179077,1437.699585,-4614.534180,-1091.818726,1562.584106,-4628.143555,-1121.247559,1467.161987,-4564.754395,-1105.838867,1604.208984,-4602.054199,,,,,,,,,,,,,2616.282227,1567.730347,-3159.786133,,,,,,,,,,,,,,,,,,,,,,,,,,,,,,,,,
4240,42.400000,0.000000,0.000000,0.000000,1.000000,0.000000,0.000000,0.000000,57.698101,20.499701,-14.700500,0.047771,-0.013570,0.015998,-15.666301,-52.738201,18.801300,-93.396698,0.129960,17.611099,-0.182931,-0.475644,-0.680147,0.526972,-1104.270996,1517.913574,-4602.371582,-1098.179077,1437.699585,-4614.534180,-1091.818726,1562.584106,-4628.143555,-1121.247559,1467.161987,-4564.754395,-1105.838867,1604.208984,-4602.054199,,,,,,,,,,,,,2616.267334,1567.746582,-3159.787842,,,,,,,,,,,,,,,,,,,,,,,,,,,,,,,,,
4241,42.410000,0.000000,0.000000,0.000000,1.000000,0.000000,0.000000,0.000000,57.698101,20.499701,-14.700500,0.047771,-0.013570,0.015998,-15.666301,-52.738201,18.801300,-93.396698,0.129960,17.611099,-0.182931,-0.475644,-0.680147,0.526972,-1104.270996,1517.913574,-4602.371582,-1098.179077,1437.699585,-4614.534180,-1091.818726,1562.584106,-4628.143555,-1121.247559,1467.161987,-4564.754395,-1105.838867,1604.208984,-4602.054199,,,,,,,,,,,,,2616.281738,1567.751465,-3159.783203,,,,,,,,,,,,,,,,,,,,,,,,,,,,,,,,,
4242,42.420000,0.000000,0.000000,0.000000,1.000000,0.000000,0.000000,0.000000,57.698101,20.499701,-14.700500,0.047771,-0.013570,0.015998,-15.666301,-52.738201,18.801300,-93.396698,0.129960,17.611099,-0.182931,-0.475644,-0.680147,0.526972,-1104.270996,1517.913574,-4602.371582,-1098.179077,1437.699585,-4614.534180,-1091.818726,1562.584106,-4628.143555,-1121.247559,1467.161987,-4564.754395,-1105.838867,1604.208984,-4602.054199,,,,,,,,,,,,,2616.293945,1567.770996,-3159.793213,,,,,,,,,,,,,,,,,,,,,,,,,,,,,,,,,
4243,42.430000,0.000000,0.000000,0.000000,1.000000,0.000000,0.000000,0.000000,57.698101,20.499701,-14.700500,0.047771,-0.013570,0.015998,-15.666301,-52.738201,18.801300,-93.396698,0.129960,17.611099,-0.182931,-0.475644,-0.680147,0.526972,-1104.270996,1517.913574,-4602.371582,-1098.179077,1437.699585,-4614.534180,-1091.818726,1562.584106,-4628.143555,-1121.247559,1467.161987,-4564.754395,-1105.838867,1604.208984,-4602.054199,,,,,,,,,,,,,2616.287354,1567.744873,-3159.791016,,,,,,,,,,,,,,,,,,,,,,,,,,,,,,,,,
4244,42.440000,0.000000,0.000000,0.000000,1.000000,0.000000,0.000000,0.000000,57.698101,20.499701,-14.700500,0.047771,-0.013570,0.015998,-15.666301,-52.738201,18.801300,-93.396698,0.129960,17.611099,-0.182931,-0.475644,-0.680147,0.526972,-1104.270996,1517.913574,-4602.371582,-1098.179077,1437.699585,-4614.534180,-1091.818726,1562.584106,-4628.143555,-1121.247559,1467.161987,-4564.754395,-1105.838867,1604.208984,-4602.054199,,,,,,,,,,,,,2616.318115,1567.741211,-3159.785645,,,,,,,,,,,,,,,,,,,,,,,,,,,,,,,,,
4245,42.450000,0.000000,0.000000,0.000000,1.000000,0.000000,0.000000,0.000000,57.698101,20.499701,-14.700500,0.047771,-0.013570,0.015998,-15.666301,-52.738201,18.801300,-93.396698,0.129960,17.611099,-0.182931,-0.475644,-0.680147,0.526972,-1104.270996,1517.913574,-4602.371582,-1098.179077,1437.699585,-4614.534180,-1091.818726,1562.584106,-4628.143555,-1121.247559,1467.161987,-4564.754395,-1105.838867,1604.208984,-4602.054199,,,,,,,,,,,,,2616.304688,1567.732300,-3159.773193,,,,,,,,,,,,,,,,,,,,,,,,,,,,,,,,,
4246,42.460000,0.000000,0.000000,0.000000,1.000000,0.000000,0.000000,0.000000,57.698101,20.499701,-14.700500,0.047771,-0.013570,0.015998,-15.666301,-52.738201,18.801300,-93.396698,0.129960,17.611099,-0.182931,-0.475644,-0.680147,0.526972,-1104.270996,1517.913574,-4602.371582,-1098.179077,1437.699585,-4614.534180,-1091.818726,1562.584106,-4628.143555,-1121.247559,1467.161987,-4564.754395,-1105.838867,1604.208984,-4602.054199,,,,,,,,,,,,,2616.295898,1567.731934,-3159.776611,,,,,,,,,,,,,,,,,,,,,,,,,,,,,,,,,
4247,42.470000,0.000000,0.000000,0.000000,1.000000,0.000000,0.000000,0.000000,57.698101,20.499701,-14.700500,0.047771,-0.013570,0.015998,-15.666301,-52.738201,18.801300,-93.396698,0.129960,17.611099,-0.182931,-0.475644,-0.680147,0.526972,-1104.270996,1517.913574,-4602.371582,-1098.179077,1437.699585,-4614.534180,-1091.818726,1562.584106,-4628.143555,-1121.247559,1467.161987,-4564.754395,-1105.838867,1604.208984,-4602.054199,,,,,,,,,,,,,2616.285156,1567.719360,-3159.780029,,,,,,,,,,,,,,,,,,,,,,,,,,,,,,,,,
4248,42.480000,0.000000,0.000000,0.000000,1.000000,0.000000,0.000000,0.000000,57.698101,20.499701,-14.700500,0.047771,-0.013570,0.015998,-15.666301,-52.738201,18.801300,-93.396698,0.129960,17.611099,-0.182931,-0.475644,-0.680147,0.526972,-1104.270996,1517.913574,-4602.371582,-1098.179077,1437.699585,-4614.534180,-1091.818726,1562.584106,-4628.143555,-1121.247559,1467.161987,-4564.754395,-1105.838867,1604.208984,-4602.054199,,,,,,,,,,,,,2616.317871,1567.744263,-3159.768311,,,,,,,,,,,,,,,,,,,,,,,,,,,,,,,,,
4249,42.490000,0.000000,0.000000,0.000000,1.000000,0.000000,0.000000,0.000000,57.698101,20.499701,-14.700500,0.047771,-0.013570,0.015998,-15.666301,-52.738201,18.801300,-93.396698,0.129960,17.611099,-0.182931,-0.475644,-0.680147,0.526972,-1104.270996,1517.913574,-4602.371582,-1098.179077,1437.699585,-4614.534180,-1091.818726,1562.584106,-4628.143555,-1121.247559,1467.161987,-4564.754395,-1105.838867,1604.208984,-4602.054199,,,,,,,,,,,,,2616.293701,1567.726929,-3159.782471,,,,,,,,,,,,,,,,,,,,,,,,,,,,,,,,,
4250,42.500000,0.000000,0.000000,0.000000,1.000000,0.000000,0.000000,0.000000,57.698101,20.499701,-14.700500,0.047771,-0.013570,0.015998,-15.666301,-52.738201,18.801300,-93.396698,0.129960,17.611099,-0.182931,-0.475644,-0.680147,0.526972,-1104.270996,1517.913574,-4602.371582,-1098.179077,1437.699585,-4614.534180,-1091.818726,1562.584106,-4628.143555,-1121.247559,1467.161987,-4564.754395,-1105.838867,1604.208984,-4602.054199,,,,,,,,,,,,,2616.311768,1567.725464,-3159.772949,,,,,,,,,,,,,,,,,,,,,,,,,,,,,,,,,
4251,42.510000,0.000000,0.000000,0.000000,1.000000,0.000000,0.000000,0.000000,57.698101,20.499701,-14.700500,0.047771,-0.013570,0.015998,-15.666301,-52.738201,18.801300,-93.396698,0.129960,17.611099,-0.182931,-0.475644,-0.680147,0.526972,-1104.270996,1517.913574,-4602.371582,-1098.179077,1437.699585,-4614.534180,-1091.818726,1562.584106,-4628.143555,-1121.247559,1467.161987,-4564.754395,-1105.838867,1604.208984,-4602.054199,,,,,,,,,,,,,2616.292236,1567.736938,-3159.772949,,,,,,,,,,,,,,,,,,,,,,,,,,,,,,,,,
4252,42.520000,0.000000,0.000000,0.000000,1.000000,0.000000,0.000000,0.000000,57.698101,20.499701,-14.700500,0.047771,-0.013570,0.015998,-15.666301,-52.738201,18.801300,-93.396698,0.129960,17.611099,-0.182931,-0.475644,-0.680147,0.526972,-1104.270996,1517.913574,-4602.371582,-1098.179077,1437.699585,-4614.534180,-1091.818726,1562.584106,-4628.143555,-1121.247559,1467.161987,-4564.754395,-1105.838867,1604.208984,-4602.054199,,,,,,,,,,,,,2616.282715,1567.748901,-3159.779297,,,,,,,,,,,,,,,,,,,,,,,,,,,,,,,,,
4253,42.530000,0.000000,0.000000,0.000000,1.000000,0.000000,0.000000,0.000000,57.698101,20.499701,-14.700500,0.047771,-0.013570,0.015998,-15.666301,-52.738201,18.801300,-93.396698,0.129960,17.611099,-0.182931,-0.475644,-0.680147,0.526972,-1104.270996,1517.913574,-4602.371582,-1098.179077,1437.699585,-4614.534180,-1091.818726,1562.584106,-4628.143555,-1121.247559,1467.161987,-4564.754395,-1105.838867,1604.208984,-4602.054199,,,,,,,,,,,,,2616.294678,1567.762207,-3159.777344,,,,,,,,,,,,,,,,,,,,,,,,,,,,,,,,,
4254,42.540000,0.000000,0.000000,0.000000,1.000000,0.000000,0.000000,0.000000,57.698101,20.499701,-14.700500,0.047771,-0.013570,0.015998,-15.666301,-52.738201,18.801300,-93.396698,0.129960,17.611099,-0.182931,-0.475644,-0.680147,0.526972,-1104.270996,1517.913574,-4602.371582,-1098.179077,1437.699585,-4614.534180,-1091.818726,1562.584106,-4628.143555,-1121.247559,1467.161987,-4564.754395,-1105.838867,1604.208984,-4602.054199,,,,,,,,,,,,,2616.291260,1567.733521,-3159.770020,,,,,,,,,,,,,,,,,,,,,,,,,,,,,,,,,
4255,42.550000,0.000000,0.000000,0.000000,1.000000,0.000000,0.000000,0.000000,57.698101,20.499701,-14.700500,0.047771,-0.013570,0.015998,-15.666301,-52.738201,18.801300,-93.396698,0.129960,17.611099,-0.182931,-0.475644,-0.680147,0.526972,-1104.270996,1517.913574,-4602.371582,-1098.179077,1437.699585,-4614.534180,-1091.818726,1562.584106,-4628.143555,-1121.247559,1467.161987,-4564.754395,-1105.838867,1604.208984,-4602.054199,,,,,,,,,,,,,2616.292480,1567.740601,-3159.774902,,,,,,,,,,,,,,,,,,,,,,,,,,,,,,,,,
4256,42.560000,0.000000,0.000000,0.000000,1.000000,0.000000,0.000000,0.000000,57.698101,20.499701,-14.700500,0.047771,-0.013570,0.015998,-15.666301,-52.738201,18.801300,-93.396698,0.129960,17.611099,-0.182931,-0.475644,-0.680147,0.526972,-1104.270996,1517.913574,-4602.371582,-1098.179077,1437.699585,-4614.534180,-1091.818726,1562.584106,-4628.143555,-1121.247559,1467.161987,-4564.754395,-1105.838867,1604.208984,-4602.054199,,,,,,,,,,,,,2616.298828,1567.758911,-3159.773926,,,,,,,,,,,,,,,,,,,,,,,,,,,,,,,,,
4257,42.570000,0.000000,0.000000,0.000000,1.000000,0.000000,0.000000,0.000000,57.698101,20.499701,-14.700500,0.047771,-0.013570,0.015998,-15.666301,-52.738201,18.801300,-93.396698,0.129960,17.611099,-0.182931,-0.475644,-0.680147,0.526972,-1104.270996,1517.913574,-4602.371582,-1098.179077,1437.699585,-4614.534180,-1091.818726,1562.584106,-4628.143555,-1121.247559,1467.161987,-4564.754395,-1105.838867,1604.208984,-4602.054199,,,,,,,,,,,,,2616.292969,1567.733765,-3159.772705,,,,,,,,,,,,,,,,,,,,,,,,,,,,,,,,,
4258,42.580000,0.000000,0.000000,0.000000,1.000000,0.000000,0.000000,0.000000,57.698101,20.499701,-14.700500,0.047771,-0.013570,0.015998,-15.666301,-52.738201,18.801300,-93.396698,0.129960,17.611099,-0.182931,-0.475644,-0.680147,0.526972,-1104.270996,1517.913574,-4602.371582,-1098.179077,1437.699585,-4614.534180,-1091.818726,1562.584106,-4628.143555,-1121.247559,1467.161987,-4564.754395,-1105.838867,1604.208984,-4602.054199,,,,,,,,,,,,,2616.305420,1567.800171,-3159.773438,,,,,,,,,,,,,,,,,,,,,,,,,,,,,,,,,
4259,42.590000,0.000000,0.000000,0.000000,1.000000,0.000000,0.000000,0.000000,57.698101,20.499701,-14.700500,0.047771,-0.013570,0.015998,-15.666301,-52.738201,18.801300,-93.396698,0.129960,17.611099,-0.182931,-0.475644,-0.680147,0.526972,-1104.270996,1517.913574,-4602.371582,-1098.179077,1437.699585,-4614.534180,-1091.818726,1562.584106,-4628.143555,-1121.247559,1467.161987,-4564.754395,-1105.838867,1604.208984,-4602.054199,,,,,,,,,,,,,2616.263184,1567.748291,-3159.793457,,,,,,,,,,,,,,,,,,,,,,,,,,,,,,,,,
4260,42.600000,0.000000,0.000000,0.000000,1.000000,0.000000,0.000000,0.000000,57.698101,20.499701,-14.700500,0.047771,-0.013570,0.015998,-15.666301,-52.738201,18.801300,-93.396698,0.129960,17.611099,-0.182931,-0.475644,-0.680147,0.526972,-1104.270996,1517.913574,-4602.371582,-1098.179077,1437.699585,-4614.534180,-1091.818726,1562.584106,-4628.143555,-1121.247559,1467.161987,-4564.754395,-1105.838867,1604.208984,-4602.054199,,,,,,,,,,,,,2616.247314,1567.768433,-3159.792725,,,,,,,,,,,,,,,,,,,,,,,,,,,,,,,,,
4261,42.610000,0.000000,0.000000,0.000000,1.000000,0.000000,0.000000,0.000000,57.698101,20.499701,-14.700500,0.047771,-0.013570,0.015998,-15.666301,-52.738201,18.801300,-93.396698,0.129960,17.611099,-0.182931,-0.475644,-0.680147,0.526972,-1104.270996,1517.913574,-4602.371582,-1098.179077,1437.699585,-4614.534180,-1091.818726,1562.584106,-4628.143555,-1121.247559,1467.161987,-4564.754395,-1105.838867,1604.208984,-4602.054199,,,,,,,,,,,,,2616.290527,1567.748657,-3159.787842,,,,,,,,,,,,,,,,,,,,,,,,,,,,,,,,,
4262,42.620000,0.000000,0.000000,0.000000,1.000000,0.000000,0.000000,0.000000,57.698101,20.499701,-14.700500,0.047771,-0.013570,0.015998,-15.666301,-52.738201,18.801300,-93.396698,0.129960,17.611099,-0.182931,-0.475644,-0.680147,0.526972,-1104.270996,1517.913574,-4602.371582,-1098.179077,1437.699585,-4614.534180,-1091.818726,1562.584106,-4628.143555,-1121.247559,1467.161987,-4564.754395,-1105.838867,1604.208984,-4602.054199,,,,,,,,,,,,,2616.310059,1567.741455,-3159.765137,,,,,,,,,,,,,,,,,,,,,,,,,,,,,,,,,
4263,42.630000,0.000000,0.000000,0.000000,1.000000,0.000000,0.000000,0.000000,57.698101,20.499701,-14.700500,0.047771,-0.013570,0.015998,-15.666301,-52.738201,18.801300,-93.396698,0.129960,17.611099,-0.182931,-0.475644,-0.680147,0.526972,-1104.270996,1517.913574,-4602.371582,-1098.179077,1437.699585,-4614.534180,-1091.818726,1562.584106,-4628.143555,-1121.247559,1467.161987,-4564.754395,-1105.838867,1604.208984,-4602.054199,,,,,,,,,,,,,2616.304443,1567.741821,-3159.759277,,,,,,,,,,,,,,,,,,,,,,,,,,,,,,,,,
4264,42.640000,0.000000,0.000000,0.000000,1.000000,0.000000,0.000000,0.000000,57.698101,20.499701,-14.700500,0.047771,-0.013570,0.015998,-15.666301,-52.738201,18.801300,-93.396698,0.129960,17.611099,-0.182931,-0.475644,-0.680147,0.526972,-1104.270996,1517.913574,-4602.371582,-1098.179077,1437.699585,-4614.534180,-1091.818726,1562.584106,-4628.143555,-1121.247559,1467.161987,-4564.754395,-1105.838867,1604.208984,-4602.054199,,,,,,,,,,,,,2616.289551,1567.756470,-3159.775391,,,,,,,,,,,,,,,,,,,,,,,,,,,,,,,,,
4265,42.650000,0.000000,0.000000,0.000000,1.000000,0.000000,0.000000,0.000000,57.698101,20.499701,-14.700500,0.047771,-0.013570,0.015998,-15.666301,-52.738201,18.801300,-93.396698,0.129960,17.611099,-0.182931,-0.475644,-0.680147,0.526972,-1104.270996,1517.913574,-4602.371582,-1098.179077,1437.699585,-4614.534180,-1091.818726,1562.584106,-4628.143555,-1121.247559,1467.161987,-4564.754395,-1105.838867,1604.208984,-4602.054199,,,,,,,,,,,,,2616.267090,1567.735596,-3159.783203,,,,,,,,,,,,,,,,,,,,,,,,,,,,,,,,,
4266,42.660000,0.000000,0.000000,0.000000,1.000000,0.000000,0.000000,0.000000,57.698101,20.499701,-14.700500,0.047771,-0.013570,0.015998,-15.666301,-52.738201,18.801300,-93.396698,0.129960,17.611099,-0.182931,-0.475644,-0.680147,0.526972,-1104.270996,1517.913574,-4602.371582,-1098.179077,1437.699585,-4614.534180,-1091.818726,1562.584106,-4628.143555,-1121.247559,1467.161987,-4564.754395,-1105.838867,1604.208984,-4602.054199,,,,,,,,,,,,,2616.266113,1567.761108,-3159.792480,,,,,,,,,,,,,,,,,,,,,,,,,,,,,,,,,
4267,42.670000,0.000000,0.000000,0.000000,1.000000,0.000000,0.000000,0.000000,57.698101,20.499701,-14.700500,0.047771,-0.013570,0.015998,-15.666301,-52.738201,18.801300,-93.396698,0.129960,17.611099,-0.182931,-0.475644,-0.680147,0.526972,-1104.270996,1517.913574,-4602.371582,-1098.179077,1437.699585,-4614.534180,-1091.818726,1562.584106,-4628.143555,-1121.247559,1467.161987,-4564.754395,-1105.838867,1604.208984,-4602.054199,,,,,,,,,,,,,2616.319336,1567.777344,-3159.789307,,,,,,,,,,,,,,,,,,,,,,,,,,,,,,,,,
4268,42.680000,0.000000,0.000000,0.000000,1.000000,0.000000,0.000000,0.000000,57.698101,20.499701,-14.700500,0.047771,-0.013570,0.015998,-15.666301,-52.738201,18.801300,-93.396698,0.129960,17.611099,-0.182931,-0.475644,-0.680147,0.526972,-1104.270996,1517.913574,-4602.371582,-1098.179077,1437.699585,-4614.534180,-1091.818726,1562.584106,-4628.143555,-1121.247559,1467.161987,-4564.754395,-1105.838867,1604.208984,-4602.054199,,,,,,,,,,,,,2616.319824,1567.739624,-3159.774902,,,,,,,,,,,,,,,,,,,,,,,,,,,,,,,,,
4269,42.690000,0.000000,0.000000,0.000000,1.000000,0.000000,0.000000,0.000000,57.698101,20.499701,-14.700500,0.047771,-0.013570,0.015998,-15.666301,-52.738201,18.801300,-93.396698,0.129960,17.611099,-0.182931,-0.475644,-0.680147,0.526972,-1104.270996,1517.913574,-4602.371582,-1098.179077,1437.699585,-4614.534180,-1091.818726,1562.584106,-4628.143555,-1121.247559,1467.161987,-4564.754395,-1105.838867,1604.208984,-4602.054199,,,,,,,,,,,,,2616.297363,1567.755615,-3159.770996,,,,,,,,,,,,,,,,,,,,,,,,,,,,,,,,,
4270,42.700000,0.000000,0.000000,0.000000,1.000000,0.000000,0.000000,0.000000,57.698101,20.499701,-14.700500,0.047771,-0.013570,0.015998,-15.666301,-52.738201,18.801300,-93.396698,0.129960,17.611099,-0.182931,-0.475644,-0.680147,0.526972,-1104.270996,1517.913574,-4602.371582,-1098.179077,1437.699585,-4614.534180,-1091.818726,1562.584106,-4628.143555,-1121.247559,1467.161987,-4564.754395,-1105.838867,1604.208984,-4602.054199,,,,,,,,,,,,,2616.280518,1567.758301,-3159.788330,,,,,,,,,,,,,,,,,,,,,,,,,,,,,,,,,
4271,42.710000,0.000000,0.000000,0.000000,1.000000,0.000000,0.000000,0.000000,57.698101,20.499701,-14.700500,0.047771,-0.013570,0.015998,-15.666301,-52.738201,18.801300,-93.396698,0.129960,17.611099,-0.182931,-0.475644,-0.680147,0.526972,-1104.270996,1517.913574,-4602.371582,-1098.179077,1437.699585,-4614.534180,-1091.818726,1562.584106,-4628.143555,-1121.247559,1467.161987,-4564.754395,-1105.838867,1604.208984,-4602.054199,,,,,,,,,,,,,2616.301025,1567.760010,-3159.796387,,,,,,,,,,,,,,,,,,,,,,,,,,,,,,,,,
4272,42.720000,0.000000,0.000000,0.000000,1.000000,0.000000,0.000000,0.000000,57.698101,20.499701,-14.700500,0.047771,-0.013570,0.015998,-15.666301,-52.738201,18.801300,-93.396698,0.129960,17.611099,-0.182931,-0.475644,-0.680147,0.526972,-1104.270996,1517.913574,-4602.371582,-1098.179077,1437.699585,-4614.534180,-1091.818726,1562.584106,-4628.143555,-1121.247559,1467.161987,-4564.754395,-1105.838867,1604.208984,-4602.054199,,,,,,,,,,,,,2616.283447,1567.754395,-3159.784912,,,,,,,,,,,,,,,,,,,,,,,,,,,,,,,,,
4273,42.730000,0.000000,0.000000,0.000000,1.000000,0.000000,0.000000,0.000000,57.698101,20.499701,-14.700500,0.047771,-0.013570,0.015998,-15.666301,-52.738201,18.801300,-93.396698,0.129960,17.611099,-0.182931,-0.475644,-0.680147,0.526972,-1104.270996,1517.913574,-4602.371582,-1098.179077,1437.699585,-4614.534180,-1091.818726,1562.584106,-4628.143555,-1121.247559,1467.161987,-4564.754395,-1105.838867,1604.208984,-4602.054199,,,,,,,,,,,,,2616.268799,1567.792358,-3159.790771,,,,,,,,,,,,,,,,,,,,,,,,,,,,,,,,,
4274,42.740000,0.000000,0.000000,0.000000,1.000000,0.000000,0.000000,0.000000,57.698101,20.499701,-14.700500,0.047771,-0.013570,0.015998,-15.666301,-52.738201,18.801300,-93.396698,0.129960,17.611099,-0.182931,-0.475644,-0.680147,0.526972,-1104.270996,1517.913574,-4602.371582,-1098.179077,1437.699585,-4614.534180,-1091.818726,1562.584106,-4628.143555,-1121.247559,1467.161987,-4564.754395,-1105.838867,1604.208984,-4602.054199,,,,,,,,,,,,,2616.311279,1567.752075,-3159.789307,,,,,,,,,,,,,,,,,,,,,,,,,,,,,,,,,
4275,42.750000,0.000000,0.000000,0.000000,1.000000,0.000000,0.000000,0.000000,57.698101,20.499701,-14.700500,0.047771,-0.013570,0.015998,-15.666301,-52.738201,18.801300,-93.396698,0.129960,17.611099,-0.182931,-0.475644,-0.680147,0.526972,-1104.270996,1517.913574,-4602.371582,-1098.179077,1437.699585,-4614.534180,-1091.818726,1562.584106,-4628.143555,-1121.247559,1467.161987,-4564.754395,-1105.838867,1604.208984,-4602.054199,,,,,,,,,,,,,2616.284180,1567.728638,-3159.781250,,,,,,,,,,,,,,,,,,,,,,,,,,,,,,,,,
4276,42.760000,0.000000,0.000000,0.000000,1.000000,0.000000,0.000000,0.000000,57.698101,20.499701,-14.700500,0.047771,-0.013570,0.015998,-15.666301,-52.738201,18.801300,-93.396698,0.129960,17.611099,-0.182931,-0.475644,-0.680147,0.526972,-1104.270996,1517.913574,-4602.371582,-1098.179077,1437.699585,-4614.534180,-1091.818726,1562.584106,-4628.143555,-1121.247559,1467.161987,-4564.754395,-1105.838867,1604.208984,-4602.054199,,,,,,,,,,,,,2616.291504,1567.727905,-3159.773438,,,,,,,,,,,,,,,,,,,,,,,,,,,,,,,,,
4277,42.770000,0.000000,0.000000,0.000000,1.000000,0.000000,0.000000,0.000000,57.698101,20.499701,-14.700500,0.047771,-0.013570,0.015998,-15.666301,-52.738201,18.801300,-93.396698,0.129960,17.611099,-0.182931,-0.475644,-0.680147,0.526972,-1104.270996,1517.913574,-4602.371582,-1098.179077,1437.699585,-4614.534180,-1091.818726,1562.584106,-4628.143555,-1121.247559,1467.161987,-4564.754395,-1105.838867,1604.208984,-4602.054199,,,,,,,,,,,,,2616.313232,1567.749023,-3159.771729,,,,,,,,,,,,,,,,,,,,,,,,,,,,,,,,,
4278,42.780000,0.000000,0.000000,0.000000,1.000000,0.000000,0.000000,0.000000,57.698101,20.499701,-14.700500,0.047771,-0.013570,0.015998,-15.666301,-52.738201,18.801300,-93.396698,0.129960,17.611099,-0.182931,-0.475644,-0.680147,0.526972,-1104.270996,1517.913574,-4602.371582,-1098.179077,1437.699585,-4614.534180,-1091.818726,1562.584106,-4628.143555,-1121.247559,1467.161987,-4564.754395,-1105.838867,1604.208984,-4602.054199,,,,,,,,,,,,,2616.294189,1567.750488,-3159.782227,,,,,,,,,,,,,,,,,,,,,,,,,,,,,,,,,
4279,42.790000,0.000000,0.000000,0.000000,1.000000,0.000000,0.000000,0.000000,57.698101,20.499701,-14.700500,0.047771,-0.013570,0.015998,-15.666301,-52.738201,18.801300,-93.396698,0.129960,17.611099,-0.182931,-0.475644,-0.680147,0.526972,-1104.270996,1517.913574,-4602.371582,-1098.179077,1437.699585,-4614.534180,-1091.818726,1562.584106,-4628.143555,-1121.247559,1467.161987,-4564.754395,-1105.838867,1604.208984,-4602.054199,,,,,,,,,,,,,2616.297119,1567.727905,-3159.772949,,,,,,,,,,,,,,,,,,,,,,,,,,,,,,,,,
4280,42.800000,0.000000,0.000000,0.000000,1.000000,0.000000,0.000000,0.000000,57.698101,20.499701,-14.700500,0.047771,-0.013570,0.015998,-15.666301,-52.738201,18.801300,-93.396698,0.129960,17.611099,-0.182931,-0.475644,-0.680147,0.526972,-1104.270996,1517.913574,-4602.371582,-1098.179077,1437.699585,-4614.534180,-1091.818726,1562.584106,-4628.143555,-1121.247559,1467.161987,-4564.754395,-1105.838867,1604.208984,-4602.054199,,,,,,,,,,,,,2616.327637,1567.770020,-3159.762451,,,,,,,,,,,,,,,,,,,,,,,,,,,,,,,,,
4281,42.810000,0.000000,0.000000,0.000000,1.000000,0.000000,0.000000,0.000000,57.698101,20.499701,-14.700500,0.047771,-0.013570,0.015998,-15.666301,-52.738201,18.801300,-93.396698,0.129960,17.611099,-0.182931,-0.475644,-0.680147,0.526972,-1104.270996,1517.913574,-4602.371582,-1098.179077,1437.699585,-4614.534180,-1091.818726,1562.584106,-4628.143555,-1121.247559,1467.161987,-4564.754395,-1105.838867,1604.208984,-4602.054199,,,,,,,,,,,,,2616.328125,1567.759155,-3159.765625,,,,,,,,,,,,,,,,,,,,,,,,,,,,,,,,,
4282,42.820000,0.000000,0.000000,0.000000,1.000000,0.000000,0.000000,0.000000,57.698101,20.499701,-14.700500,0.047771,-0.013570,0.015998,-15.666301,-52.738201,18.801300,-93.396698,0.129960,17.611099,-0.182931,-0.475644,-0.680147,0.526972,-1104.270996,1517.913574,-4602.371582,-1098.179077,1437.699585,-4614.534180,-1091.818726,1562.584106,-4628.143555,-1121.247559,1467.161987,-4564.754395,-1105.838867,1604.208984,-4602.054199,,,,,,,,,,,,,2616.299072,1567.751709,-3159.777588,,,,,,,,,,,,,,,,,,,,,,,,,,,,,,,,,
4283,42.830000,0.000000,0.000000,0.000000,1.000000,0.000000,0.000000,0.000000,57.698101,20.499701,-14.700500,0.047771,-0.013570,0.015998,-15.666301,-52.738201,18.801300,-93.396698,0.129960,17.611099,-0.182931,-0.475644,-0.680147,0.526972,-1104.270996,1517.913574,-4602.371582,-1098.179077,1437.699585,-4614.534180,-1091.818726,1562.584106,-4628.143555,-1121.247559,1467.161987,-4564.754395,-1105.838867,1604.208984,-4602.054199,,,,,,,,,,,,,2616.281982,1567.746582,-3159.776123,,,,,,,,,,,,,,,,,,,,,,,,,,,,,,,,,
4284,42.840000,0.000000,0.000000,0.000000,1.000000,0.000000,0.000000,0.000000,57.698101,20.499701,-14.700500,0.047771,-0.013570,0.015998,-15.666301,-52.738201,18.801300,-93.396698,0.129960,17.611099,-0.182931,-0.475644,-0.680147,0.526972,-1104.270996,1517.913574,-4602.371582,-1098.179077,1437.699585,-4614.534180,-1091.818726,1562.584106,-4628.143555,-1121.247559,1467.161987,-4564.754395,-1105.838867,1604.208984,-4602.054199,,,,,,,,,,,,,2616.297119,1567.751221,-3159.781250,,,,,,,,,,,,,,,,,,,,,,,,,,,,,,,,,
4285,42.850000,0.000000,0.000000,0.000000,1.000000,0.000000,0.000000,0.000000,57.698101,20.499701,-14.700500,0.047771,-0.013570,0.015998,-15.666301,-52.738201,18.801300,-93.396698,0.129960,17.611099,-0.182931,-0.475644,-0.680147,0.526972,-1104.270996,1517.913574,-4602.371582,-1098.179077,1437.699585,-4614.534180,-1091.818726,1562.584106,-4628.143555,-1121.247559,1467.161987,-4564.754395,-1105.838867,1604.208984,-4602.054199,,,,,,,,,,,,,2616.296631,1567.711792,-3159.764648,,,,,,,,,,,,,,,,,,,,,,,,,,,,,,,,,
4286,42.860000,0.000000,0.000000,0.000000,1.000000,0.000000,0.000000,0.000000,57.698101,20.499701,-14.700500,0.047771,-0.013570,0.015998,-15.666301,-52.738201,18.801300,-93.396698,0.129960,17.611099,-0.182931,-0.475644,-0.680147,0.526972,-1104.270996,1517.913574,-4602.371582,-1098.179077,1437.699585,-4614.534180,-1091.818726,1562.584106,-4628.143555,-1121.247559,1467.161987,-4564.754395,-1105.838867,1604.208984,-4602.054199,,,,,,,,,,,,,2616.314453,1567.756104,-3159.771240,,,,,,,,,,,,,,,,,,,,,,,,,,,,,,,,,
4287,42.870000,0.000000,0.000000,0.000000,1.000000,0.000000,0.000000,0.000000,57.698101,20.499701,-14.700500,0.047771,-0.013570,0.015998,-15.666301,-52.738201,18.801300,-93.396698,0.129960,17.611099,-0.182931,-0.475644,-0.680147,0.526972,-1104.270996,1517.913574,-4602.371582,-1098.179077,1437.699585,-4614.534180,-1091.818726,1562.584106,-4628.143555,-1121.247559,1467.161987,-4564.754395,-1105.838867,1604.208984,-4602.054199,,,,,,,,,,,,,2616.286133,1567.744995,-3159.779541,,,,,,,,,,,,,,,,,,,,,,,,,,,,,,,,,
4288,42.880000,0.000000,0.000000,0.000000,1.000000,0.000000,0.000000,0.000000,57.698101,20.499701,-14.700500,0.047771,-0.013570,0.015998,-15.666301,-52.738201,18.801300,-93.396698,0.129960,17.611099,-0.182931,-0.475644,-0.680147,0.526972,-1104.270996,1517.913574,-4602.371582,-1098.179077,1437.699585,-4614.534180,-1091.818726,1562.584106,-4628.143555,-1121.247559,1467.161987,-4564.754395,-1105.838867,1604.208984,-4602.054199,,,,,,,,,,,,,2616.290283,1567.727173,-3159.774902,,,,,,,,,,,,,,,,,,,,,,,,,,,,,,,,,
4289,42.890000,0.000000,0.000000,0.000000,1.000000,0.000000,0.000000,0.000000,57.698101,20.499701,-14.700500,0.047771,-0.013570,0.015998,-15.666301,-52.738201,18.801300,-93.396698,0.129960,17.611099,-0.182931,-0.475644,-0.680147,0.526972,-1104.270996,1517.913574,-4602.371582,-1098.179077,1437.699585,-4614.534180,-1091.818726,1562.584106,-4628.143555,-1121.247559,1467.161987,-4564.754395,-1105.838867,1604.208984,-4602.054199,,,,,,,,,,,,,2616.306396,1567.754395,-3159.780518,,,,,,,,,,,,,,,,,,,,,,,,,,,,,,,,,
4290,42.900000,0.000000,0.000000,0.000000,1.000000,0.000000,0.000000,0.000000,57.698101,20.499701,-14.700500,0.047771,-0.013570,0.015998,-15.666301,-52.738201,18.801300,-93.396698,0.129960,17.611099,-0.182931,-0.475644,-0.680147,0.526972,-1104.270996,1517.913574,-4602.371582,-1098.179077,1437.699585,-4614.534180,-1091.818726,1562.584106,-4628.143555,-1121.247559,1467.161987,-4564.754395,-1105.838867,1604.208984,-4602.054199,,,,,,,,,,,,,2616.270752,1567.749756,-3159.779541,,,,,,,,,,,,,,,,,,,,,,,,,,,,,,,,,
4291,42.910000,0.000000,0.000000,0.000000,1.000000,0.000000,0.000000,0.000000,57.698101,20.499701,-14.700500,0.047771,-0.013570,0.015998,-15.666301,-52.738201,18.801300,-93.396698,0.129960,17.611099,-0.182931,-0.475644,-0.680147,0.526972,-1104.270996,1517.913574,-4602.371582,-1098.179077,1437.699585,-4614.534180,-1091.818726,1562.584106,-4628.143555,-1121.247559,1467.161987,-4564.754395,-1105.838867,1604.208984,-4602.054199,,,,,,,,,,,,,2616.278564,1567.719727,-3159.780762,,,,,,,,,,,,,,,,,,,,,,,,,,,,,,,,,
4292,42.920000,0.000000,0.000000,0.000000,1.000000,0.000000,0.000000,0.000000,57.698101,20.499701,-14.700500,0.047771,-0.013570,0.015998,-15.666301,-52.738201,18.801300,-93.396698,0.129960,17.611099,-0.182931,-0.475644,-0.680147,0.526972,-1104.270996,1517.913574,-4602.371582,-1098.179077,1437.699585,-4614.534180,-1091.818726,1562.584106,-4628.143555,-1121.247559,1467.161987,-4564.754395,-1105.838867,1604.208984,-4602.054199,,,,,,,,,,,,,2616.269287,1567.744019,-3159.784424,,,,,,,,,,,,,,,,,,,,,,,,,,,,,,,,,
4293,42.930000,0.000000,0.000000,0.000000,1.000000,0.000000,0.000000,0.000000,57.698101,20.499701,-14.700500,0.047771,-0.013570,0.015998,-15.666301,-52.738201,18.801300,-93.396698,0.129960,17.611099,-0.182931,-0.475644,-0.680147,0.526972,-1104.270996,1517.913574,-4602.371582,-1098.179077,1437.699585,-4614.534180,-1091.818726,1562.584106,-4628.143555,-1121.247559,1467.161987,-4564.754395,-1105.838867,1604.208984,-4602.054199,,,,,,,,,,,,,2616.283936,1567.723999,-3159.775146,,,,,,,,,,,,,,,,,,,,,,,,,,,,,,,,,
4294,42.940000,0.000000,0.000000,0.000000,1.000000,0.000000,0.000000,0.000000,57.698101,20.499701,-14.700500,0.047771,-0.013570,0.015998,-15.666301,-52.738201,18.801300,-93.396698,0.129960,17.611099,-0.182931,-0.475644,-0.680147,0.526972,-1104.270996,1517.913574,-4602.371582,-1098.179077,1437.699585,-4614.534180,-1091.818726,1562.584106,-4628.143555,-1121.247559,1467.161987,-4564.754395,-1105.838867,1604.208984,-4602.054199,,,,,,,,,,,,,2616.292725,1567.755249,-3159.783203,,,,,,,,,,,,,,,,,,,,,,,,,,,,,,,,,
4295,42.950000,0.000000,0.000000,0.000000,1.000000,0.000000,0.000000,0.000000,57.698101,20.499701,-14.700500,0.047771,-0.013570,0.015998,-15.666301,-52.738201,18.801300,-93.396698,0.129960,17.611099,-0.182931,-0.475644,-0.680147,0.526972,-1104.270996,1517.913574,-4602.371582,-1098.179077,1437.699585,-4614.534180,-1091.818726,1562.584106,-4628.143555,-1121.247559,1467.161987,-4564.754395,-1105.838867,1604.208984,-4602.054199,,,,,,,,,,,,,2616.282715,1567.751099,-3159.793701,,,,,,,,,,,,,,,,,,,,,,,,,,,,,,,,,
4296,42.960000,0.000000,0.000000,0.000000,1.000000,0.000000,0.000000,0.000000,57.698101,20.499701,-14.700500,0.047771,-0.013570,0.015998,-15.666301,-52.738201,18.801300,-93.396698,0.129960,17.611099,-0.182931,-0.475644,-0.680147,0.526972,-1104.270996,1517.913574,-4602.371582,-1098.179077,1437.699585,-4614.534180,-1091.818726,1562.584106,-4628.143555,-1121.247559,1467.161987,-4564.754395,-1105.838867,1604.208984,-4602.054199,,,,,,,,,,,,,2616.279785,1567.732178,-3159.782715,,,,,,,,,,,,,,,,,,,,,,,,,,,,,,,,,
4297,42.970000,0.000000,0.000000,0.000000,1.000000,0.000000,0.000000,0.000000,57.698101,20.499701,-14.700500,0.047771,-0.013570,0.015998,-15.666301,-52.738201,18.801300,-93.396698,0.129960,17.611099,-0.182931,-0.475644,-0.680147,0.526972,-1104.270996,1517.913574,-4602.371582,-1098.179077,1437.699585,-4614.534180,-1091.818726,1562.584106,-4628.143555,-1121.247559,1467.161987,-4564.754395,-1105.838867,1604.208984,-4602.054199,,,,,,,,,,,,,2616.282227,1567.737671,-3159.784912,,,,,,,,,,,,,,,,,,,,,,,,,,,,,,,,,
4298,42.980000,0.000000,0.000000,0.000000,1.000000,0.000000,0.000000,0.000000,57.698101,20.499701,-14.700500,0.047771,-0.013570,0.015998,-15.666301,-52.738201,18.801300,-93.396698,0.129960,17.611099,-0.182931,-0.475644,-0.680147,0.526972,-1104.270996,1517.913574,-4602.371582,-1098.179077,1437.699585,-4614.534180,-1091.818726,1562.584106,-4628.143555,-1121.247559,1467.161987,-4564.754395,-1105.838867,1604.208984,-4602.054199,,,,,,,,,,,,,2616.333496,1567.733643,-3159.769043,,,,,,,,,,,,,,,,,,,,,,,,,,,,,,,,,
4299,42.990000,0.000000,0.000000,0.000000,1.000000,0.000000,0.000000,0.000000,57.698101,20.499701,-14.700500,0.047771,-0.013570,0.015998,-15.666301,-52.738201,18.801300,-93.396698,0.129960,17.611099,-0.182931,-0.475644,-0.680147,0.526972,-1104.270996,1517.913574,-4602.371582,-1098.179077,1437.699585,-4614.534180,-1091.818726,1562.584106,-4628.143555,-1121.247559,1467.161987,-4564.754395,-1105.838867,1604.208984,-4602.054199,,,,,,,,,,,,,2616.280762,1567.725830,-3159.771973,,,,,,,,,,,,,,,,,,,,,,,,,,,,,,,,,
4300,43.000000,0.000000,0.000000,0.000000,1.000000,0.000000,0.000000,0.000000,57.698101,20.499701,-14.700500,0.047771,-0.013570,0.015998,-15.666301,-52.738201,18.801300,-93.396698,0.129960,17.611099,-0.182931,-0.475644,-0.680147,0.526972,-1104.270996,1517.913574,-4602.371582,-1098.179077,1437.699585,-4614.534180,-1091.818726,1562.584106,-4628.143555,-1121.247559,1467.161987,-4564.754395,-1105.838867,1604.208984,-4602.054199,,,,,,,,,,,,,2616.256348,1567.743286,-3159.788818,,,,,,,,,,,,,,,,,,,,,,,,,,,,,,,,,
4301,43.010000,0.000000,0.000000,0.000000,1.000000,0.000000,0.000000,0.000000,57.698101,20.499701,-14.700500,0.047771,-0.013570,0.015998,-15.666301,-52.738201,18.801300,-93.396698,0.129960,17.611099,-0.182931,-0.475644,-0.680147,0.526972,-1104.270996,1517.913574,-4602.371582,-1098.179077,1437.699585,-4614.534180,-1091.818726,1562.584106,-4628.143555,-1121.247559,1467.161987,-4564.754395,-1105.838867,1604.208984,-4602.054199,,,,,,,,,,,,,2616.262207,1567.716064,-3159.786621,,,,,,,,,,,,,,,,,,,,,,,,,,,,,,,,,
4302,43.020000,0.000000,0.000000,0.000000,1.000000,0.000000,0.000000,0.000000,57.698101,20.499701,-14.700500,0.047771,-0.013570,0.015998,-15.666301,-52.738201,18.801300,-93.396698,0.129960,17.611099,-0.182931,-0.475644,-0.680147,0.526972,-1104.270996,1517.913574,-4602.371582,-1098.179077,1437.699585,-4614.534180,-1091.818726,1562.584106,-4628.143555,-1121.247559,1467.161987,-4564.754395,-1105.838867,1604.208984,-4602.054199,,,,,,,,,,,,,2616.305420,1567.733154,-3159.765625,,,,,,,,,,,,,,,,,,,,,,,,,,,,,,,,,
4303,43.030000,0.000000,0.000000,0.000000,1.000000,0.000000,0.000000,0.000000,57.698101,20.499701,-14.700500,0.047771,-0.013570,0.015998,-15.666301,-52.738201,18.801300,-93.396698,0.129960,17.611099,-0.182931,-0.475644,-0.680147,0.526972,-1104.270996,1517.913574,-4602.371582,-1098.179077,1437.699585,-4614.534180,-1091.818726,1562.584106,-4628.143555,-1121.247559,1467.161987,-4564.754395,-1105.838867,1604.208984,-4602.054199,,,,,,,,,,,,,2616.296143,1567.760864,-3159.784668,,,,,,,,,,,,,,,,,,,,,,,,,,,,,,,,,
4304,43.040000,0.000000,0.000000,0.000000,1.000000,0.000000,0.000000,0.000000,57.698101,20.499701,-14.700500,0.047771,-0.013570,0.015998,-15.666301,-52.738201,18.801300,-93.396698,0.129960,17.611099,-0.182931,-0.475644,-0.680147,0.526972,-1104.270996,1517.913574,-4602.371582,-1098.179077,1437.699585,-4614.534180,-1091.818726,1562.584106,-4628.143555,-1121.247559,1467.161987,-4564.754395,-1105.838867,1604.208984,-4602.054199,,,,,,,,,,,,,2616.295898,1567.726440,-3159.782959,,,,,,,,,,,,,,,,,,,,,,,,,,,,,,,,,
4305,43.050000,0.000000,0.000000,0.000000,1.000000,0.000000,0.000000,0.000000,57.698101,20.499701,-14.700500,0.047771,-0.013570,0.015998,-15.666301,-52.738201,18.801300,-93.396698,0.129960,17.611099,-0.182931,-0.475644,-0.680147,0.526972,-1104.270996,1517.913574,-4602.371582,-1098.179077,1437.699585,-4614.534180,-1091.818726,1562.584106,-4628.143555,-1121.247559,1467.161987,-4564.754395,-1105.838867,1604.208984,-4602.054199,,,,,,,,,,,,,2616.277100,1567.697876,-3159.771729,,,,,,,,,,,,,,,,,,,,,,,,,,,,,,,,,
4306,43.060000,0.000000,0.000000,0.000000,1.000000,0.000000,0.000000,0.000000,57.698101,20.499701,-14.700500,0.047771,-0.013570,0.015998,-15.666301,-52.738201,18.801300,-93.396698,0.129960,17.611099,-0.182931,-0.475644,-0.680147,0.526972,-1104.270996,1517.913574,-4602.371582,-1098.179077,1437.699585,-4614.534180,-1091.818726,1562.584106,-4628.143555,-1121.247559,1467.161987,-4564.754395,-1105.838867,1604.208984,-4602.054199,,,,,,,,,,,,,2616.296387,1567.742432,-3159.762939,,,,,,,,,,,,,,,,,,,,,,,,,,,,,,,,,
4307,43.070000,0.000000,0.000000,0.000000,1.000000,0.000000,0.000000,0.000000,57.698101,20.499701,-14.700500,0.047771,-0.013570,0.015998,-15.666301,-52.738201,18.801300,-93.396698,0.129960,17.611099,-0.182931,-0.475644,-0.680147,0.526972,-1104.270996,1517.913574,-4602.371582,-1098.179077,1437.699585,-4614.534180,-1091.818726,1562.584106,-4628.143555,-1121.247559,1467.161987,-4564.754395,-1105.838867,1604.208984,-4602.054199,,,,,,,,,,,,,2616.287598,1567.752808,-3159.776123,,,,,,,,,,,,,,,,,,,,,,,,,,,,,,,,,
4308,43.080000,0.000000,0.000000,0.000000,1.000000,0.000000,0.000000,0.000000,57.698101,20.499701,-14.700500,0.047771,-0.013570,0.015998,-15.666301,-52.738201,18.801300,-93.396698,0.129960,17.611099,-0.182931,-0.475644,-0.680147,0.526972,-1104.270996,1517.913574,-4602.371582,-1098.179077,1437.699585,-4614.534180,-1091.818726,1562.584106,-4628.143555,-1121.247559,1467.161987,-4564.754395,-1105.838867,1604.208984,-4602.054199,,,,,,,,,,,,,2616.245361,1567.740479,-3159.794678,,,,,,,,,,,,,,,,,,,,,,,,,,,,,,,,,
4309,43.090000,0.000000,0.000000,0.000000,1.000000,0.000000,0.000000,0.000000,57.698101,20.499701,-14.700500,0.047771,-0.013570,0.015998,-15.666301,-52.738201,18.801300,-93.396698,0.129960,17.611099,-0.182931,-0.475644,-0.680147,0.526972,-1104.270996,1517.913574,-4602.371582,-1098.179077,1437.699585,-4614.534180,-1091.818726,1562.584106,-4628.143555,-1121.247559,1467.161987,-4564.754395,-1105.838867,1604.208984,-4602.054199,,,,,,,,,,,,,2616.265381,1567.772095,-3159.781250,,,,,,,,,,,,,,,,,,,,,,,,,,,,,,,,,
4310,43.100000,0.000000,0.000000,0.000000,1.000000,0.000000,0.000000,0.000000,57.698101,20.499701,-14.700500,0.047771,-0.013570,0.015998,-15.666301,-52.738201,18.801300,-93.396698,0.129960,17.611099,-0.182931,-0.475644,-0.680147,0.526972,-1104.270996,1517.913574,-4602.371582,-1098.179077,1437.699585,-4614.534180,-1091.818726,1562.584106,-4628.143555,-1121.247559,1467.161987,-4564.754395,-1105.838867,1604.208984,-4602.054199,,,,,,,,,,,,,2616.254639,1567.783325,-3159.798584,,,,,,,,,,,,,,,,,,,,,,,,,,,,,,,,,
4311,43.110000,0.000000,0.000000,0.000000,1.000000,0.000000,0.000000,0.000000,57.698101,20.499701,-14.700500,0.047771,-0.013570,0.015998,-15.666301,-52.738201,18.801300,-93.396698,0.129960,17.611099,-0.182931,-0.475644,-0.680147,0.526972,-1104.270996,1517.913574,-4602.371582,-1098.179077,1437.699585,-4614.534180,-1091.818726,1562.584106,-4628.143555,-1121.247559,1467.161987,-4564.754395,-1105.838867,1604.208984,-4602.054199,,,,,,,,,,,,,2616.254639,1567.746582,-3159.791016,,,,,,,,,,,,,,,,,,,,,,,,,,,,,,,,,
4312,43.120000,0.000000,0.000000,0.000000,1.000000,0.000000,0.000000,0.000000,57.698101,20.499701,-14.700500,0.047771,-0.013570,0.015998,-15.666301,-52.738201,18.801300,-93.396698,0.129960,17.611099,-0.182931,-0.475644,-0.680147,0.526972,-1104.270996,1517.913574,-4602.371582,-1098.179077,1437.699585,-4614.534180,-1091.818726,1562.584106,-4628.143555,-1121.247559,1467.161987,-4564.754395,-1105.838867,1604.208984,-4602.054199,,,,,,,,,,,,,2616.287109,1567.726074,-3159.772461,,,,,,,,,,,,,,,,,,,,,,,,,,,,,,,,,
4313,43.130000,0.000000,0.000000,0.000000,1.000000,0.000000,0.000000,0.000000,57.698101,20.499701,-14.700500,0.047771,-0.013570,0.015998,-15.666301,-52.738201,18.801300,-93.396698,0.129960,17.611099,-0.182931,-0.475644,-0.680147,0.526972,-1104.270996,1517.913574,-4602.371582,-1098.179077,1437.699585,-4614.534180,-1091.818726,1562.584106,-4628.143555,-1121.247559,1467.161987,-4564.754395,-1105.838867,1604.208984,-4602.054199,,,,,,,,,,,,,2616.308838,1567.738281,-3159.758057,,,,,,,,,,,,,,,,,,,,,,,,,,,,,,,,,
4314,43.140000,0.000000,0.000000,0.000000,1.000000,0.000000,0.000000,0.000000,57.698101,20.499701,-14.700500,0.047771,-0.013570,0.015998,-15.666301,-52.738201,18.801300,-93.396698,0.129960,17.611099,-0.182931,-0.475644,-0.680147,0.526972,-1104.270996,1517.913574,-4602.371582,-1098.179077,1437.699585,-4614.534180,-1091.818726,1562.584106,-4628.143555,-1121.247559,1467.161987,-4564.754395,-1105.838867,1604.208984,-4602.054199,,,,,,,,,,,,,2616.308594,1567.729736,-3159.771729,,,,,,,,,,,,,,,,,,,,,,,,,,,,,,,,,
4315,43.150000,0.000000,0.000000,0.000000,1.000000,0.000000,0.000000,0.000000,57.698101,20.499701,-14.700500,0.047771,-0.013570,0.015998,-15.666301,-52.738201,18.801300,-93.396698,0.129960,17.611099,-0.182931,-0.475644,-0.680147,0.526972,-1104.270996,1517.913574,-4602.371582,-1098.179077,1437.699585,-4614.534180,-1091.818726,1562.584106,-4628.143555,-1121.247559,1467.161987,-4564.754395,-1105.838867,1604.208984,-4602.054199,,,,,,,,,,,,,2616.299805,1567.740601,-3159.772949,,,,,,,,,,,,,,,,,,,,,,,,,,,,,,,,,
4316,43.160000,0.000000,0.000000,0.000000,1.000000,0.000000,0.000000,0.000000,57.698101,20.499701,-14.700500,0.047771,-0.013570,0.015998,-15.666301,-52.738201,18.801300,-93.396698,0.129960,17.611099,-0.182931,-0.475644,-0.680147,0.526972,-1104.270996,1517.913574,-4602.371582,-1098.179077,1437.699585,-4614.534180,-1091.818726,1562.584106,-4628.143555,-1121.247559,1467.161987,-4564.754395,-1105.838867,1604.208984,-4602.054199,,,,,,,,,,,,,2616.285156,1567.746460,-3159.784180,,,,,,,,,,,,,,,,,,,,,,,,,,,,,,,,,
4317,43.170000,0.000000,0.000000,0.000000,1.000000,0.000000,0.000000,0.000000,57.698101,20.499701,-14.700500,0.047771,-0.013570,0.015998,-15.666301,-52.738201,18.801300,-93.396698,0.129960,17.611099,-0.182931,-0.475644,-0.680147,0.526972,-1104.270996,1517.913574,-4602.371582,-1098.179077,1437.699585,-4614.534180,-1091.818726,1562.584106,-4628.143555,-1121.247559,1467.161987,-4564.754395,-1105.838867,1604.208984,-4602.054199,,,,,,,,,,,,,2616.273193,1567.741943,-3159.795166,,,,,,,,,,,,,,,,,,,,,,,,,,,,,,,,,
4318,43.180000,0.000000,0.000000,0.000000,1.000000,0.000000,0.000000,0.000000,57.698101,20.499701,-14.700500,0.047771,-0.013570,0.015998,-15.666301,-52.738201,18.801300,-93.396698,0.129960,17.611099,-0.182931,-0.475644,-0.680147,0.526972,-1104.270996,1517.913574,-4602.371582,-1098.179077,1437.699585,-4614.534180,-1091.818726,1562.584106,-4628.143555,-1121.247559,1467.161987,-4564.754395,-1105.838867,1604.208984,-4602.054199,,,,,,,,,,,,,2616.271973,1567.739258,-3159.788330,,,,,,,,,,,,,,,,,,,,,,,,,,,,,,,,,
4319,43.190000,0.000000,0.000000,0.000000,1.000000,0.000000,0.000000,0.000000,57.698101,20.499701,-14.700500,0.047771,-0.013570,0.015998,-15.666301,-52.738201,18.801300,-93.396698,0.129960,17.611099,-0.182931,-0.475644,-0.680147,0.526972,-1104.270996,1517.913574,-4602.371582,-1098.179077,1437.699585,-4614.534180,-1091.818726,1562.584106,-4628.143555,-1121.247559,1467.161987,-4564.754395,-1105.838867,1604.208984,-4602.054199,,,,,,,,,,,,,2616.280518,1567.765503,-3159.794434,,,,,,,,,,,,,,,,,,,,,,,,,,,,,,,,,
4320,43.200000,0.000000,0.000000,0.000000,1.000000,0.000000,0.000000,0.000000,57.698101,20.499701,-14.700500,0.047771,-0.013570,0.015998,-15.666301,-52.738201,18.801300,-93.396698,0.129960,17.611099,-0.182931,-0.475644,-0.680147,0.526972,-1104.270996,1517.913574,-4602.371582,-1098.179077,1437.699585,-4614.534180,-1091.818726,1562.584106,-4628.143555,-1121.247559,1467.161987,-4564.754395,-1105.838867,1604.208984,-4602.054199,,,,,,,,,,,,,2616.291992,1567.728760,-3159.787109,,,,,,,,,,,,,,,,,,,,,,,,,,,,,,,,,
4321,43.210000,0.000000,0.000000,0.000000,1.000000,0.000000,0.000000,0.000000,57.698101,20.499701,-14.700500,0.047771,-0.013570,0.015998,-15.666301,-52.738201,18.801300,-93.396698,0.129960,17.611099,-0.182931,-0.475644,-0.680147,0.526972,-1104.270996,1517.913574,-4602.371582,-1098.179077,1437.699585,-4614.534180,-1091.818726,1562.584106,-4628.143555,-1121.247559,1467.161987,-4564.754395,-1105.838867,1604.208984,-4602.054199,,,,,,,,,,,,,2616.282471,1567.726685,-3159.788086,,,,,,,,,,,,,,,,,,,,,,,,,,,,,,,,,
4322,43.220000,0.000000,0.000000,0.000000,1.000000,0.000000,0.000000,0.000000,57.698101,20.499701,-14.700500,0.047771,-0.013570,0.015998,-15.666301,-52.738201,18.801300,-93.396698,0.129960,17.611099,-0.182931,-0.475644,-0.680147,0.526972,-1104.270996,1517.913574,-4602.371582,-1098.179077,1437.699585,-4614.534180,-1091.818726,1562.584106,-4628.143555,-1121.247559,1467.161987,-4564.754395,-1105.838867,1604.208984,-4602.054199,,,,,,,,,,,,,2616.279785,1567.716797,-3159.773926,,,,,,,,,,,,,,,,,,,,,,,,,,,,,,,,,
4323,43.230000,0.000000,0.000000,0.000000,1.000000,0.000000,0.000000,0.000000,57.698101,20.499701,-14.700500,0.047771,-0.013570,0.015998,-15.666301,-52.738201,18.801300,-93.396698,0.129960,17.611099,-0.182931,-0.475644,-0.680147,0.526972,-1104.270996,1517.913574,-4602.371582,-1098.179077,1437.699585,-4614.534180,-1091.818726,1562.584106,-4628.143555,-1121.247559,1467.161987,-4564.754395,-1105.838867,1604.208984,-4602.054199,,,,,,,,,,,,,2616.303955,1567.785034,-3159.787598,,,,,,,,,,,,,,,,,,,,,,,,,,,,,,,,,
4324,43.240000,0.000000,0.000000,0.000000,1.000000,0.000000,0.000000,0.000000,57.698101,20.499701,-14.700500,0.047771,-0.013570,0.015998,-15.666301,-52.738201,18.801300,-93.396698,0.129960,17.611099,-0.182931,-0.475644,-0.680147,0.526972,-1104.270996,1517.913574,-4602.371582,-1098.179077,1437.699585,-4614.534180,-1091.818726,1562.584106,-4628.143555,-1121.247559,1467.161987,-4564.754395,-1105.838867,1604.208984,-4602.054199,,,,,,,,,,,,,2616.233643,1567.759644,-3159.804688,,,,,,,,,,,,,,,,,,,,,,,,,,,,,,,,,
4325,43.250000,0.000000,0.000000,0.000000,1.000000,0.000000,0.000000,0.000000,57.698101,20.499701,-14.700500,0.047771,-0.013570,0.015998,-15.666301,-52.738201,18.801300,-93.396698,0.129960,17.611099,-0.182931,-0.475644,-0.680147,0.526972,-1104.270996,1517.913574,-4602.371582,-1098.179077,1437.699585,-4614.534180,-1091.818726,1562.584106,-4628.143555,-1121.247559,1467.161987,-4564.754395,-1105.838867,1604.208984,-4602.054199,,,,,,,,,,,,,2616.284912,1567.776001,-3159.797119,,,,,,,,,,,,,,,,,,,,,,,,,,,,,,,,,
4326,43.260000,0.000000,0.000000,0.000000,1.000000,0.000000,0.000000,0.000000,57.698101,20.499701,-14.700500,0.047771,-0.013570,0.015998,-15.666301,-52.738201,18.801300,-93.396698,0.129960,17.611099,-0.182931,-0.475644,-0.680147,0.526972,-1104.270996,1517.913574,-4602.371582,-1098.179077,1437.699585,-4614.534180,-1091.818726,1562.584106,-4628.143555,-1121.247559,1467.161987,-4564.754395,-1105.838867,1604.208984,-4602.054199,,,,,,,,,,,,,2616.307617,1567.740234,-3159.785889,,,,,,,,,,,,,,,,,,,,,,,,,,,,,,,,,
4327,43.270000,0.000000,0.000000,0.000000,1.000000,0.000000,0.000000,0.000000,57.698101,20.499701,-14.700500,0.047771,-0.013570,0.015998,-15.666301,-52.738201,18.801300,-93.396698,0.129960,17.611099,-0.182931,-0.475644,-0.680147,0.526972,-1104.270996,1517.913574,-4602.371582,-1098.179077,1437.699585,-4614.534180,-1091.818726,1562.584106,-4628.143555,-1121.247559,1467.161987,-4564.754395,-1105.838867,1604.208984,-4602.054199,,,,,,,,,,,,,2616.318115,1567.703247,-3159.762451,,,,,,,,,,,,,,,,,,,,,,,,,,,,,,,,,
4328,43.280000,0.000000,0.000000,0.000000,1.000000,0.000000,0.000000,0.000000,57.698101,20.499701,-14.700500,0.047771,-0.013570,0.015998,-15.666301,-52.738201,18.801300,-93.396698,0.129960,17.611099,-0.182931,-0.475644,-0.680147,0.526972,-1104.270996,1517.913574,-4602.371582,-1098.179077,1437.699585,-4614.534180,-1091.818726,1562.584106,-4628.143555,-1121.247559,1467.161987,-4564.754395,-1105.838867,1604.208984,-4602.054199,,,,,,,,,,,,,2616.337891,1567.736084,-3159.758301,,,,,,,,,,,,,,,,,,,,,,,,,,,,,,,,,
4329,43.290000,0.000000,0.000000,0.000000,1.000000,0.000000,0.000000,0.000000,57.698101,20.499701,-14.700500,0.047771,-0.013570,0.015998,-15.666301,-52.738201,18.801300,-93.396698,0.129960,17.611099,-0.182931,-0.475644,-0.680147,0.526972,-1104.270996,1517.913574,-4602.371582,-1098.179077,1437.699585,-4614.534180,-1091.818726,1562.584106,-4628.143555,-1121.247559,1467.161987,-4564.754395,-1105.838867,1604.208984,-4602.054199,,,,,,,,,,,,,2616.285889,1567.718994,-3159.780518,,,,,,,,,,,,,,,,,,,,,,,,,,,,,,,,,
4330,43.300000,0.000000,0.000000,0.000000,1.000000,0.000000,0.000000,0.000000,57.698101,20.499701,-14.700500,0.047771,-0.013570,0.015998,-15.666301,-52.738201,18.801300,-93.396698,0.129960,17.611099,-0.182931,-0.475644,-0.680147,0.526972,-1104.270996,1517.913574,-4602.371582,-1098.179077,1437.699585,-4614.534180,-1091.818726,1562.584106,-4628.143555,-1121.247559,1467.161987,-4564.754395,-1105.838867,1604.208984,-4602.054199,,,,,,,,,,,,,2616.286133,1567.735840,-3159.776123,,,,,,,,,,,,,,,,,,,,,,,,,,,,,,,,,
4331,43.310000,0.000000,0.000000,0.000000,1.000000,0.000000,0.000000,0.000000,57.698101,20.499701,-14.700500,0.047771,-0.013570,0.015998,-15.666301,-52.738201,18.801300,-93.396698,0.129960,17.611099,-0.182931,-0.475644,-0.680147,0.526972,-1104.270996,1517.913574,-4602.371582,-1098.179077,1437.699585,-4614.534180,-1091.818726,1562.584106,-4628.143555,-1121.247559,1467.161987,-4564.754395,-1105.838867,1604.208984,-4602.054199,,,,,,,,,,,,,2616.306396,1567.747437,-3159.774902,,,,,,,,,,,,,,,,,,,,,,,,,,,,,,,,,
4332,43.320000,0.000000,0.000000,0.000000,1.000000,0.000000,0.000000,0.000000,57.698101,20.499701,-14.700500,0.047771,-0.013570,0.015998,-15.666301,-52.738201,18.801300,-93.396698,0.129960,17.611099,-0.182931,-0.475644,-0.680147,0.526972,-1104.270996,1517.913574,-4602.371582,-1098.179077,1437.699585,-4614.534180,-1091.818726,1562.584106,-4628.143555,-1121.247559,1467.161987,-4564.754395,-1105.838867,1604.208984,-4602.054199,,,,,,,,,,,,,2616.298340,1567.729736,-3159.776367,,,,,,,,,,,,,,,,,,,,,,,,,,,,,,,,,
4333,43.330000,0.000000,0.000000,0.000000,1.000000,0.000000,0.000000,0.000000,57.698101,20.499701,-14.700500,0.047771,-0.013570,0.015998,-15.666301,-52.738201,18.801300,-93.396698,0.129960,17.611099,-0.182931,-0.475644,-0.680147,0.526972,-1104.270996,1517.913574,-4602.371582,-1098.179077,1437.699585,-4614.534180,-1091.818726,1562.584106,-4628.143555,-1121.247559,1467.161987,-4564.754395,-1105.838867,1604.208984,-4602.054199,,,,,,,,,,,,,2616.262939,1567.745117,-3159.774902,,,,,,,,,,,,,,,,,,,,,,,,,,,,,,,,,
4334,43.340000,0.000000,0.000000,0.000000,1.000000,0.000000,0.000000,0.000000,57.698101,20.499701,-14.700500,0.047771,-0.013570,0.015998,-15.666301,-52.738201,18.801300,-93.396698,0.129960,17.611099,-0.182931,-0.475644,-0.680147,0.526972,-1104.270996,1517.913574,-4602.371582,-1098.179077,1437.699585,-4614.534180,-1091.818726,1562.584106,-4628.143555,-1121.247559,1467.161987,-4564.754395,-1105.838867,1604.208984,-4602.054199,,,,,,,,,,,,,2616.285889,1567.728882,-3159.774902,,,,,,,,,,,,,,,,,,,,,,,,,,,,,,,,,
4335,43.350000,0.000000,0.000000,0.000000,1.000000,0.000000,0.000000,0.000000,57.698101,20.499701,-14.700500,0.047771,-0.013570,0.015998,-15.666301,-52.738201,18.801300,-93.396698,0.129960,17.611099,-0.182931,-0.475644,-0.680147,0.526972,-1104.270996,1517.913574,-4602.371582,-1098.179077,1437.699585,-4614.534180,-1091.818726,1562.584106,-4628.143555,-1121.247559,1467.161987,-4564.754395,-1105.838867,1604.208984,-4602.054199,,,,,,,,,,,,,2616.259766,1567.728882,-3159.778076,,,,,,,,,,,,,,,,,,,,,,,,,,,,,,,,,
4336,43.360000,0.000000,0.000000,0.000000,1.000000,0.000000,0.000000,0.000000,57.698101,20.499701,-14.700500,0.047771,-0.013570,0.015998,-15.666301,-52.738201,18.801300,-93.396698,0.129960,17.611099,-0.182931,-0.475644,-0.680147,0.526972,-1104.270996,1517.913574,-4602.371582,-1098.179077,1437.699585,-4614.534180,-1091.818726,1562.584106,-4628.143555,-1121.247559,1467.161987,-4564.754395,-1105.838867,1604.208984,-4602.054199,,,,,,,,,,,,,2616.275879,1567.729614,-3159.770752,,,,,,,,,,,,,,,,,,,,,,,,,,,,,,,,,
4337,43.370000,0.000000,0.000000,0.000000,1.000000,0.000000,0.000000,0.000000,57.698101,20.499701,-14.700500,0.047771,-0.013570,0.015998,-15.666301,-52.738201,18.801300,-93.396698,0.129960,17.611099,-0.182931,-0.475644,-0.680147,0.526972,-1104.270996,1517.913574,-4602.371582,-1098.179077,1437.699585,-4614.534180,-1091.818726,1562.584106,-4628.143555,-1121.247559,1467.161987,-4564.754395,-1105.838867,1604.208984,-4602.054199,,,,,,,,,,,,,2616.310059,1567.759033,-3159.766602,,,,,,,,,,,,,,,,,,,,,,,,,,,,,,,,,
4338,43.380000,0.000000,0.000000,0.000000,1.000000,0.000000,0.000000,0.000000,57.698101,20.499701,-14.700500,0.047771,-0.013570,0.015998,-15.666301,-52.738201,18.801300,-93.396698,0.129960,17.611099,-0.182931,-0.475644,-0.680147,0.526972,-1104.270996,1517.913574,-4602.371582,-1098.179077,1437.699585,-4614.534180,-1091.818726,1562.584106,-4628.143555,-1121.247559,1467.161987,-4564.754395,-1105.838867,1604.208984,-4602.054199,,,,,,,,,,,,,2616.294922,1567.751709,-3159.770020,,,,,,,,,,,,,,,,,,,,,,,,,,,,,,,,,
4339,43.390000,0.000000,0.000000,0.000000,1.000000,0.000000,0.000000,0.000000,57.698101,20.499701,-14.700500,0.047771,-0.013570,0.015998,-15.666301,-52.738201,18.801300,-93.396698,0.129960,17.611099,-0.182931,-0.475644,-0.680147,0.526972,-1104.270996,1517.913574,-4602.371582,-1098.179077,1437.699585,-4614.534180,-1091.818726,1562.584106,-4628.143555,-1121.247559,1467.161987,-4564.754395,-1105.838867,1604.208984,-4602.054199,,,,,,,,,,,,,2616.301025,1567.749390,-3159.774902,,,,,,,,,,,,,,,,,,,,,,,,,,,,,,,,,
4340,43.400000,0.000000,0.000000,0.000000,1.000000,0.000000,0.000000,0.000000,57.698101,20.499701,-14.700500,0.047771,-0.013570,0.015998,-15.666301,-52.738201,18.801300,-93.396698,0.129960,17.611099,-0.182931,-0.475644,-0.680147,0.526972,-1104.270996,1517.913574,-4602.371582,-1098.179077,1437.699585,-4614.534180,-1091.818726,1562.584106,-4628.143555,-1121.247559,1467.161987,-4564.754395,-1105.838867,1604.208984,-4602.054199,,,,,,,,,,,,,2616.274414,1567.709961,-3159.785156,,,,,,,,,,,,,,,,,,,,,,,,,,,,,,,,,
4341,43.410000,0.000000,0.000000,0.000000,1.000000,0.000000,0.000000,0.000000,57.698101,20.499701,-14.700500,0.047771,-0.013570,0.015998,-15.666301,-52.738201,18.801300,-93.396698,0.129960,17.611099,-0.182931,-0.475644,-0.680147,0.526972,-1104.270996,1517.913574,-4602.371582,-1098.179077,1437.699585,-4614.534180,-1091.818726,1562.584106,-4628.143555,-1121.247559,1467.161987,-4564.754395,-1105.838867,1604.208984,-4602.054199,,,,,,,,,,,,,2616.311523,1567.716187,-3159.764893,,,,,,,,,,,,,,,,,,,,,,,,,,,,,,,,,
4342,43.420000,0.000000,0.000000,0.000000,1.000000,0.000000,0.000000,0.000000,57.698101,20.499701,-14.700500,0.047771,-0.013570,0.015998,-15.666301,-52.738201,18.801300,-93.396698,0.129960,17.611099,-0.182931,-0.475644,-0.680147,0.526972,-1104.270996,1517.913574,-4602.371582,-1098.179077,1437.699585,-4614.534180,-1091.818726,1562.584106,-4628.143555,-1121.247559,1467.161987,-4564.754395,-1105.838867,1604.208984,-4602.054199,,,,,,,,,,,,,2616.297363,1567.756226,-3159.778320,,,,,,,,,,,,,,,,,,,,,,,,,,,,,,,,,
4343,43.430000,0.000000,0.000000,0.000000,1.000000,0.000000,0.000000,0.000000,57.698101,20.499701,-14.700500,0.047771,-0.013570,0.015998,-15.666301,-52.738201,18.801300,-93.396698,0.129960,17.611099,-0.182931,-0.475644,-0.680147,0.526972,-1104.270996,1517.913574,-4602.371582,-1098.179077,1437.699585,-4614.534180,-1091.818726,1562.584106,-4628.143555,-1121.247559,1467.161987,-4564.754395,-1105.838867,1604.208984,-4602.054199,,,,,,,,,,,,,2616.272705,1567.735352,-3159.792480,,,,,,,,,,,,,,,,,,,,,,,,,,,,,,,,,
4344,43.440000,0.000000,0.000000,0.000000,1.000000,0.000000,0.000000,0.000000,57.698101,20.499701,-14.700500,0.047771,-0.013570,0.015998,-15.666301,-52.738201,18.801300,-93.396698,0.129960,17.611099,-0.182931,-0.475644,-0.680147,0.526972,-1104.270996,1517.913574,-4602.371582,-1098.179077,1437.699585,-4614.534180,-1091.818726,1562.584106,-4628.143555,-1121.247559,1467.161987,-4564.754395,-1105.838867,1604.208984,-4602.054199,,,,,,,,,,,,,2616.287842,1567.762573,-3159.781006,,,,,,,,,,,,,,,,,,,,,,,,,,,,,,,,,
4345,43.450000,0.000000,0.000000,0.000000,1.000000,0.000000,0.000000,0.000000,57.698101,20.499701,-14.700500,0.047771,-0.013570,0.015998,-15.666301,-52.738201,18.801300,-93.396698,0.129960,17.611099,-0.182931,-0.475644,-0.680147,0.526972,-1104.270996,1517.913574,-4602.371582,-1098.179077,1437.699585,-4614.534180,-1091.818726,1562.584106,-4628.143555,-1121.247559,1467.161987,-4564.754395,-1105.838867,1604.208984,-4602.054199,,,,,,,,,,,,,2616.300781,1567.706665,-3159.774170,,,,,,,,,,,,,,,,,,,,,,,,,,,,,,,,,
4346,43.460000,0.000000,0.000000,0.000000,1.000000,0.000000,0.000000,0.000000,57.698101,20.499701,-14.700500,0.047771,-0.013570,0.015998,-15.666301,-52.738201,18.801300,-93.396698,0.129960,17.611099,-0.182931,-0.475644,-0.680147,0.526972,-1104.270996,1517.913574,-4602.371582,-1098.179077,1437.699585,-4614.534180,-1091.818726,1562.584106,-4628.143555,-1121.247559,1467.161987,-4564.754395,-1105.838867,1604.208984,-4602.054199,,,,,,,,,,,,,2616.282471,1567.714966,-3159.770996,,,,,,,,,,,,,,,,,,,,,,,,,,,,,,,,,
4347,43.470000,0.000000,0.000000,0.000000,1.000000,0.000000,0.000000,0.000000,57.698101,20.499701,-14.700500,0.047771,-0.013570,0.015998,-15.666301,-52.738201,18.801300,-93.396698,0.129960,17.611099,-0.182931,-0.475644,-0.680147,0.526972,-1104.270996,1517.913574,-4602.371582,-1098.179077,1437.699585,-4614.534180,-1091.818726,1562.584106,-4628.143555,-1121.247559,1467.161987,-4564.754395,-1105.838867,1604.208984,-4602.054199,,,,,,,,,,,,,2616.295898,1567.745605,-3159.781494,,,,,,,,,,,,,,,,,,,,,,,,,,,,,,,,,
4348,43.480000,0.000000,0.000000,0.000000,1.000000,0.000000,0.000000,0.000000,57.698101,20.499701,-14.700500,0.047771,-0.013570,0.015998,-15.666301,-52.738201,18.801300,-93.396698,0.129960,17.611099,-0.182931,-0.475644,-0.680147,0.526972,-1104.270996,1517.913574,-4602.371582,-1098.179077,1437.699585,-4614.534180,-1091.818726,1562.584106,-4628.143555,-1121.247559,1467.161987,-4564.754395,-1105.838867,1604.208984,-4602.054199,,,,,,,,,,,,,2616.270508,1567.766357,-3159.795410,,,,,,,,,,,,,,,,,,,,,,,,,,,,,,,,,
4349,43.490000,0.000000,0.000000,0.000000,1.000000,0.000000,0.000000,0.000000,57.698101,20.499701,-14.700500,0.047771,-0.013570,0.015998,-15.666301,-52.738201,18.801300,-93.396698,0.129960,17.611099,-0.182931,-0.475644,-0.680147,0.526972,-1104.270996,1517.913574,-4602.371582,-1098.179077,1437.699585,-4614.534180,-1091.818726,1562.584106,-4628.143555,-1121.247559,1467.161987,-4564.754395,-1105.838867,1604.208984,-4602.054199,,,,,,,,,,,,,2616.271973,1567.762939,-3159.799316,,,,,,,,,,,,,,,,,,,,,,,,,,,,,,,,,
4350,43.500000,0.000000,0.000000,0.000000,1.000000,0.000000,0.000000,0.000000,57.698101,20.499701,-14.700500,0.047771,-0.013570,0.015998,-15.666301,-52.738201,18.801300,-93.396698,0.129960,17.611099,-0.182931,-0.475644,-0.680147,0.526972,-1104.270996,1517.913574,-4602.371582,-1098.179077,1437.699585,-4614.534180,-1091.818726,1562.584106,-4628.143555,-1121.247559,1467.161987,-4564.754395,-1105.838867,1604.208984,-4602.054199,,,,,,,,,,,,,2616.281494,1567.745850,-3159.794434,,,,,,,,,,,,,,,,,,,,,,,,,,,,,,,,,
4351,43.510000,0.000000,0.000000,0.000000,1.000000,0.000000,0.000000,0.000000,57.698101,20.499701,-14.700500,0.047771,-0.013570,0.015998,-15.666301,-52.738201,18.801300,-93.396698,0.129960,17.611099,-0.182931,-0.475644,-0.680147,0.526972,-1104.270996,1517.913574,-4602.371582,-1098.179077,1437.699585,-4614.534180,-1091.818726,1562.584106,-4628.143555,-1121.247559,1467.161987,-4564.754395,-1105.838867,1604.208984,-4602.054199,,,,,,,,,,,,,2616.301270,1567.742432,-3159.790771,,,,,,,,,,,,,,,,,,,,,,,,,,,,,,,,,
4352,43.520000,0.000000,0.000000,0.000000,1.000000,0.000000,0.000000,0.000000,57.698101,20.499701,-14.700500,0.047771,-0.013570,0.015998,-15.666301,-52.738201,18.801300,-93.396698,0.129960,17.611099,-0.182931,-0.475644,-0.680147,0.526972,-1104.270996,1517.913574,-4602.371582,-1098.179077,1437.699585,-4614.534180,-1091.818726,1562.584106,-4628.143555,-1121.247559,1467.161987,-4564.754395,-1105.838867,1604.208984,-4602.054199,,,,,,,,,,,,,2616.270752,1567.740967,-3159.785400,,,,,,,,,,,,,,,,,,,,,,,,,,,,,,,,,
4353,43.530000,0.000000,0.000000,0.000000,1.000000,0.000000,0.000000,0.000000,57.698101,20.499701,-14.700500,0.047771,-0.013570,0.015998,-15.666301,-52.738201,18.801300,-93.396698,0.129960,17.611099,-0.182931,-0.475644,-0.680147,0.526972,-1104.270996,1517.913574,-4602.371582,-1098.179077,1437.699585,-4614.534180,-1091.818726,1562.584106,-4628.143555,-1121.247559,1467.161987,-4564.754395,-1105.838867,1604.208984,-4602.054199,,,,,,,,,,,,,2616.268799,1567.743408,-3159.780518,,,,,,,,,,,,,,,,,,,,,,,,,,,,,,,,,
4354,43.540000,0.000000,0.000000,0.000000,1.000000,0.000000,0.000000,0.000000,57.698101,20.499701,-14.700500,0.047771,-0.013570,0.015998,-15.666301,-52.738201,18.801300,-93.396698,0.129960,17.611099,-0.182931,-0.475644,-0.680147,0.526972,-1104.270996,1517.913574,-4602.371582,-1098.179077,1437.699585,-4614.534180,-1091.818726,1562.584106,-4628.143555,-1121.247559,1467.161987,-4564.754395,-1105.838867,1604.208984,-4602.054199,,,,,,,,,,,,,2616.273926,1567.746582,-3159.777344,,,,,,,,,,,,,,,,,,,,,,,,,,,,,,,,,
4355,43.550000,0.000000,0.000000,0.000000,1.000000,0.000000,0.000000,0.000000,57.698101,20.499701,-14.700500,0.047771,-0.013570,0.015998,-15.666301,-52.738201,18.801300,-93.396698,0.129960,17.611099,-0.182931,-0.475644,-0.680147,0.526972,-1104.270996,1517.913574,-4602.371582,-1098.179077,1437.699585,-4614.534180,-1091.818726,1562.584106,-4628.143555,-1121.247559,1467.161987,-4564.754395,-1105.838867,1604.208984,-4602.054199,,,,,,,,,,,,,2616.276123,1567.732910,-3159.785645,,,,,,,,,,,,,,,,,,,,,,,,,,,,,,,,,
4356,43.560000,0.000000,0.000000,0.000000,1.000000,0.000000,0.000000,0.000000,57.698101,20.499701,-14.700500,0.047771,-0.013570,0.015998,-15.666301,-52.738201,18.801300,-93.396698,0.129960,17.611099,-0.182931,-0.475644,-0.680147,0.526972,-1104.270996,1517.913574,-4602.371582,-1098.179077,1437.699585,-4614.534180,-1091.818726,1562.584106,-4628.143555,-1121.247559,1467.161987,-4564.754395,-1105.838867,1604.208984,-4602.054199,,,,,,,,,,,,,2616.275391,1567.743774,-3159.781738,,,,,,,,,,,,,,,,,,,,,,,,,,,,,,,,,
4357,43.570000,0.000000,0.000000,0.000000,1.000000,0.000000,0.000000,0.000000,57.698101,20.499701,-14.700500,0.047771,-0.013570,0.015998,-15.666301,-52.738201,18.801300,-93.396698,0.129960,17.611099,-0.182931,-0.475644,-0.680147,0.526972,-1104.270996,1517.913574,-4602.371582,-1098.179077,1437.699585,-4614.534180,-1091.818726,1562.584106,-4628.143555,-1121.247559,1467.161987,-4564.754395,-1105.838867,1604.208984,-4602.054199,,,,,,,,,,,,,2616.280762,1567.730225,-3159.776123,,,,,,,,,,,,,,,,,,,,,,,,,,,,,,,,,
4358,43.580000,0.000000,0.000000,0.000000,1.000000,0.000000,0.000000,0.000000,57.698101,20.499701,-14.700500,0.047771,-0.013570,0.015998,-15.666301,-52.738201,18.801300,-93.396698,0.129960,17.611099,-0.182931,-0.475644,-0.680147,0.526972,-1104.270996,1517.913574,-4602.371582,-1098.179077,1437.699585,-4614.534180,-1091.818726,1562.584106,-4628.143555,-1121.247559,1467.161987,-4564.754395,-1105.838867,1604.208984,-4602.054199,,,,,,,,,,,,,2616.269775,1567.757446,-3159.779297,,,,,,,,,,,,,,,,,,,,,,,,,,,,,,,,,
4359,43.590000,0.000000,0.000000,0.000000,1.000000,0.000000,0.000000,0.000000,57.698101,20.499701,-14.700500,0.047771,-0.013570,0.015998,-15.666301,-52.738201,18.801300,-93.396698,0.129960,17.611099,-0.182931,-0.475644,-0.680147,0.526972,-1104.270996,1517.913574,-4602.371582,-1098.179077,1437.699585,-4614.534180,-1091.818726,1562.584106,-4628.143555,-1121.247559,1467.161987,-4564.754395,-1105.838867,1604.208984,-4602.054199,,,,,,,,,,,,,2616.311523,1567.788086,-3159.772705,,,,,,,,,,,,,,,,,,,,,,,,,,,,,,,,,
4360,43.600000,0.000000,0.000000,0.000000,1.000000,0.000000,0.000000,0.000000,57.698101,20.499701,-14.700500,0.047771,-0.013570,0.015998,-15.666301,-52.738201,18.801300,-93.396698,0.129960,17.611099,-0.182931,-0.475644,-0.680147,0.526972,-1104.270996,1517.913574,-4602.371582,-1098.179077,1437.699585,-4614.534180,-1091.818726,1562.584106,-4628.143555,-1121.247559,1467.161987,-4564.754395,-1105.838867,1604.208984,-4602.054199,,,,,,,,,,,,,2616.264404,1567.747437,-3159.782959,,,,,,,,,,,,,,,,,,,,,,,,,,,,,,,,,
4361,43.610000,0.000000,0.000000,0.000000,1.000000,0.000000,0.000000,0.000000,57.698101,20.499701,-14.700500,0.047771,-0.013570,0.015998,-15.666301,-52.738201,18.801300,-93.396698,0.129960,17.611099,-0.182931,-0.475644,-0.680147,0.526972,-1104.270996,1517.913574,-4602.371582,-1098.179077,1437.699585,-4614.534180,-1091.818726,1562.584106,-4628.143555,-1121.247559,1467.161987,-4564.754395,-1105.838867,1604.208984,-4602.054199,,,,,,,,,,,,,2616.273926,1567.737061,-3159.779785,,,,,,,,,,,,,,,,,,,,,,,,,,,,,,,,,
4362,43.620000,0.000000,0.000000,0.000000,1.000000,0.000000,0.000000,0.000000,57.698101,20.499701,-14.700500,0.047771,-0.013570,0.015998,-15.666301,-52.738201,18.801300,-93.396698,0.129960,17.611099,-0.182931,-0.475644,-0.680147,0.526972,-1104.270996,1517.913574,-4602.371582,-1098.179077,1437.699585,-4614.534180,-1091.818726,1562.584106,-4628.143555,-1121.247559,1467.161987,-4564.754395,-1105.838867,1604.208984,-4602.054199,,,,,,,,,,,,,2616.313965,1567.738159,-3159.774414,,,,,,,,,,,,,,,,,,,,,,,,,,,,,,,,,
4363,43.630000,0.000000,0.000000,0.000000,1.000000,0.000000,0.000000,0.000000,57.698101,20.499701,-14.700500,0.047771,-0.013570,0.015998,-15.666301,-52.738201,18.801300,-93.396698,0.129960,17.611099,-0.182931,-0.475644,-0.680147,0.526972,-1104.270996,1517.913574,-4602.371582,-1098.179077,1437.699585,-4614.534180,-1091.818726,1562.584106,-4628.143555,-1121.247559,1467.161987,-4564.754395,-1105.838867,1604.208984,-4602.054199,,,,,,,,,,,,,2616.297119,1567.742065,-3159.767334,,,,,,,,,,,,,,,,,,,,,,,,,,,,,,,,,
4364,43.640000,0.000000,0.000000,0.000000,1.000000,0.000000,0.000000,0.000000,57.698101,20.499701,-14.700500,0.047771,-0.013570,0.015998,-15.666301,-52.738201,18.801300,-93.396698,0.129960,17.611099,-0.182931,-0.475644,-0.680147,0.526972,-1104.270996,1517.913574,-4602.371582,-1098.179077,1437.699585,-4614.534180,-1091.818726,1562.584106,-4628.143555,-1121.247559,1467.161987,-4564.754395,-1105.838867,1604.208984,-4602.054199,,,,,,,,,,,,,2616.250488,1567.710938,-3159.774902,,,,,,,,,,,,,,,,,,,,,,,,,,,,,,,,,
4365,43.650000,0.000000,0.000000,0.000000,1.000000,0.000000,0.000000,0.000000,57.698101,20.499701,-14.700500,0.047771,-0.013570,0.015998,-15.666301,-52.738201,18.801300,-93.396698,0.129960,17.611099,-0.182931,-0.475644,-0.680147,0.526972,-1104.270996,1517.913574,-4602.371582,-1098.179077,1437.699585,-4614.534180,-1091.818726,1562.584106,-4628.143555,-1121.247559,1467.161987,-4564.754395,-1105.838867,1604.208984,-4602.054199,,,,,,,,,,,,,2616.281250,1567.717407,-3159.776123,,,,,,,,,,,,,,,,,,,,,,,,,,,,,,,,,
4366,43.660000,0.000000,0.000000,0.000000,1.000000,0.000000,0.000000,0.000000,57.698101,20.499701,-14.700500,0.047771,-0.013570,0.015998,-15.666301,-52.738201,18.801300,-93.396698,0.129960,17.611099,-0.182931,-0.475644,-0.680147,0.526972,-1104.270996,1517.913574,-4602.371582,-1098.179077,1437.699585,-4614.534180,-1091.818726,1562.584106,-4628.143555,-1121.247559,1467.161987,-4564.754395,-1105.838867,1604.208984,-4602.054199,,,,,,,,,,,,,2616.284668,1567.723633,-3159.774414,,,,,,,,,,,,,,,,,,,,,,,,,,,,,,,,,
4367,43.670000,0.000000,0.000000,0.000000,1.000000,0.000000,0.000000,0.000000,57.698101,20.499701,-14.700500,0.047771,-0.013570,0.015998,-15.666301,-52.738201,18.801300,-93.396698,0.129960,17.611099,-0.182931,-0.475644,-0.680147,0.526972,-1104.270996,1517.913574,-4602.371582,-1098.179077,1437.699585,-4614.534180,-1091.818726,1562.584106,-4628.143555,-1121.247559,1467.161987,-4564.754395,-1105.838867,1604.208984,-4602.054199,,,,,,,,,,,,,2616.259521,1567.742798,-3159.786133,,,,,,,,,,,,,,,,,,,,,,,,,,,,,,,,,
4368,43.680000,0.000000,0.000000,0.000000,1.000000,0.000000,0.000000,0.000000,57.698101,20.499701,-14.700500,0.047771,-0.013570,0.015998,-15.666301,-52.738201,18.801300,-93.396698,0.129960,17.611099,-0.182931,-0.475644,-0.680147,0.526972,-1104.270996,1517.913574,-4602.371582,-1098.179077,1437.699585,-4614.534180,-1091.818726,1562.584106,-4628.143555,-1121.247559,1467.161987,-4564.754395,-1105.838867,1604.208984,-4602.054199,,,,,,,,,,,,,2616.270508,1567.742920,-3159.782715,,,,,,,,,,,,,,,,,,,,,,,,,,,,,,,,,
4369,43.690000,0.000000,0.000000,0.000000,1.000000,0.000000,0.000000,0.000000,57.698101,20.499701,-14.700500,0.047771,-0.013570,0.015998,-15.666301,-52.738201,18.801300,-93.396698,0.129960,17.611099,-0.182931,-0.475644,-0.680147,0.526972,-1104.270996,1517.913574,-4602.371582,-1098.179077,1437.699585,-4614.534180,-1091.818726,1562.584106,-4628.143555,-1121.247559,1467.161987,-4564.754395,-1105.838867,1604.208984,-4602.054199,,,,,,,,,,,,,2616.285645,1567.765869,-3159.788574,,,,,,,,,,,,,,,,,,,,,,,,,,,,,,,,,
4370,43.700000,0.000000,0.000000,0.000000,1.000000,0.000000,0.000000,0.000000,57.698101,20.499701,-14.700500,0.047771,-0.013570,0.015998,-15.666301,-52.738201,18.801300,-93.396698,0.129960,17.611099,-0.182931,-0.475644,-0.680147,0.526972,-1104.270996,1517.913574,-4602.371582,-1098.179077,1437.699585,-4614.534180,-1091.818726,1562.584106,-4628.143555,-1121.247559,1467.161987,-4564.754395,-1105.838867,1604.208984,-4602.054199,,,,,,,,,,,,,2616.290283,1567.759888,-3159.789307,,,,,,,,,,,,,,,,,,,,,,,,,,,,,,,,,
4371,43.710000,0.000000,0.000000,0.000000,1.000000,0.000000,0.000000,0.000000,57.698101,20.499701,-14.700500,0.047771,-0.013570,0.015998,-15.666301,-52.738201,18.801300,-93.396698,0.129960,17.611099,-0.182931,-0.475644,-0.680147,0.526972,-1104.270996,1517.913574,-4602.371582,-1098.179077,1437.699585,-4614.534180,-1091.818726,1562.584106,-4628.143555,-1121.247559,1467.161987,-4564.754395,-1105.838867,1604.208984,-4602.054199,,,,,,,,,,,,,2616.278809,1567.804565,-3159.799561,,,,,,,,,,,,,,,,,,,,,,,,,,,,,,,,,
4372,43.720000,0.000000,0.000000,0.000000,1.000000,0.000000,0.000000,0.000000,57.698101,20.499701,-14.700500,0.047771,-0.013570,0.015998,-15.666301,-52.738201,18.801300,-93.396698,0.129960,17.611099,-0.182931,-0.475644,-0.680147,0.526972,-1104.270996,1517.913574,-4602.371582,-1098.179077,1437.699585,-4614.534180,-1091.818726,1562.584106,-4628.143555,-1121.247559,1467.161987,-4564.754395,-1105.838867,1604.208984,-4602.054199,,,,,,,,,,,,,2616.275635,1567.743652,-3159.795410,,,,,,,,,,,,,,,,,,,,,,,,,,,,,,,,,
4373,43.730000,0.000000,0.000000,0.000000,1.000000,0.000000,0.000000,0.000000,57.698101,20.499701,-14.700500,0.047771,-0.013570,0.015998,-15.666301,-52.738201,18.801300,-93.396698,0.129960,17.611099,-0.182931,-0.475644,-0.680147,0.526972,-1104.270996,1517.913574,-4602.371582,-1098.179077,1437.699585,-4614.534180,-1091.818726,1562.584106,-4628.143555,-1121.247559,1467.161987,-4564.754395,-1105.838867,1604.208984,-4602.054199,,,,,,,,,,,,,2616.315186,1567.774536,-3159.768799,,,,,,,,,,,,,,,,,,,,,,,,,,,,,,,,,
4374,43.740000,0.000000,0.000000,0.000000,1.000000,0.000000,0.000000,0.000000,57.698101,20.499701,-14.700500,0.047771,-0.013570,0.015998,-15.666301,-52.738201,18.801300,-93.396698,0.129960,17.611099,-0.182931,-0.475644,-0.680147,0.526972,-1104.270996,1517.913574,-4602.371582,-1098.179077,1437.699585,-4614.534180,-1091.818726,1562.584106,-4628.143555,-1121.247559,1467.161987,-4564.754395,-1105.838867,1604.208984,-4602.054199,,,,,,,,,,,,,2616.302734,1567.726318,-3159.772461,,,,,,,,,,,,,,,,,,,,,,,,,,,,,,,,,
4375,43.750000,0.000000,0.000000,0.000000,1.000000,0.000000,0.000000,0.000000,57.698101,20.499701,-14.700500,0.047771,-0.013570,0.015998,-15.666301,-52.738201,18.801300,-93.396698,0.129960,17.611099,-0.182931,-0.475644,-0.680147,0.526972,-1104.270996,1517.913574,-4602.371582,-1098.179077,1437.699585,-4614.534180,-1091.818726,1562.584106,-4628.143555,-1121.247559,1467.161987,-4564.754395,-1105.838867,1604.208984,-4602.054199,,,,,,,,,,,,,2616.271484,1567.725220,-3159.778320,,,,,,,,,,,,,,,,,,,,,,,,,,,,,,,,,
4376,43.760000,0.000000,0.000000,0.000000,1.000000,0.000000,0.000000,0.000000,57.698101,20.499701,-14.700500,0.047771,-0.013570,0.015998,-15.666301,-52.738201,18.801300,-93.396698,0.129960,17.611099,-0.182931,-0.475644,-0.680147,0.526972,-1104.270996,1517.913574,-4602.371582,-1098.179077,1437.699585,-4614.534180,-1091.818726,1562.584106,-4628.143555,-1121.247559,1467.161987,-4564.754395,-1105.838867,1604.208984,-4602.054199,,,,,,,,,,,,,2616.278076,1567.736938,-3159.773682,,,,,,,,,,,,,,,,,,,,,,,,,,,,,,,,,
4377,43.770000,0.000000,0.000000,0.000000,1.000000,0.000000,0.000000,0.000000,57.698101,20.499701,-14.700500,0.047771,-0.013570,0.015998,-15.666301,-52.738201,18.801300,-93.396698,0.129960,17.611099,-0.182931,-0.475644,-0.680147,0.526972,-1104.270996,1517.913574,-4602.371582,-1098.179077,1437.699585,-4614.534180,-1091.818726,1562.584106,-4628.143555,-1121.247559,1467.161987,-4564.754395,-1105.838867,1604.208984,-4602.054199,,,,,,,,,,,,,2616.270996,1567.770874,-3159.800049,,,,,,,,,,,,,,,,,,,,,,,,,,,,,,,,,
4378,43.780000,0.000000,0.000000,0.000000,1.000000,0.000000,0.000000,0.000000,57.698101,20.499701,-14.700500,0.047771,-0.013570,0.015998,-15.666301,-52.738201,18.801300,-93.396698,0.129960,17.611099,-0.182931,-0.475644,-0.680147,0.526972,-1104.270996,1517.913574,-4602.371582,-1098.179077,1437.699585,-4614.534180,-1091.818726,1562.584106,-4628.143555,-1121.247559,1467.161987,-4564.754395,-1105.838867,1604.208984,-4602.054199,,,,,,,,,,,,,2616.276611,1567.738892,-3159.792480,,,,,,,,,,,,,,,,,,,,,,,,,,,,,,,,,
4379,43.790000,0.000000,0.000000,0.000000,1.000000,0.000000,0.000000,0.000000,57.698101,20.499701,-14.700500,0.047771,-0.013570,0.015998,-15.666301,-52.738201,18.801300,-93.396698,0.129960,17.611099,-0.182931,-0.475644,-0.680147,0.526972,-1104.270996,1517.913574,-4602.371582,-1098.179077,1437.699585,-4614.534180,-1091.818726,1562.584106,-4628.143555,-1121.247559,1467.161987,-4564.754395,-1105.838867,1604.208984,-4602.054199,,,,,,,,,,,,,2616.315674,1567.774414,-3159.775879,,,,,,,,,,,,,,,,,,,,,,,,,,,,,,,,,
4380,43.800000,0.000000,0.000000,0.000000,1.000000,0.000000,0.000000,0.000000,57.698101,20.499701,-14.700500,0.047771,-0.013570,0.015998,-15.666301,-52.738201,18.801300,-93.396698,0.129960,17.611099,-0.182931,-0.475644,-0.680147,0.526972,-1104.270996,1517.913574,-4602.371582,-1098.179077,1437.699585,-4614.534180,-1091.818726,1562.584106,-4628.143555,-1121.247559,1467.161987,-4564.754395,-1105.838867,1604.208984,-4602.054199,,,,,,,,,,,,,2616.287354,1567.726562,-3159.767090,,,,,,,,,,,,,,,,,,,,,,,,,,,,,,,,,
4381,43.810000,0.000000,0.000000,0.000000,1.000000,0.000000,0.000000,0.000000,57.698101,20.499701,-14.700500,0.047771,-0.013570,0.015998,-15.666301,-52.738201,18.801300,-93.396698,0.129960,17.611099,-0.182931,-0.475644,-0.680147,0.526972,-1104.270996,1517.913574,-4602.371582,-1098.179077,1437.699585,-4614.534180,-1091.818726,1562.584106,-4628.143555,-1121.247559,1467.161987,-4564.754395,-1105.838867,1604.208984,-4602.054199,,,,,,,,,,,,,2616.294678,1567.725952,-3159.769775,,,,,,,,,,,,,,,,,,,,,,,,,,,,,,,,,
4382,43.820000,0.000000,0.000000,0.000000,1.000000,0.000000,0.000000,0.000000,57.698101,20.499701,-14.700500,0.047771,-0.013570,0.015998,-15.666301,-52.738201,18.801300,-93.396698,0.129960,17.611099,-0.182931,-0.475644,-0.680147,0.526972,-1104.270996,1517.913574,-4602.371582,-1098.179077,1437.699585,-4614.534180,-1091.818726,1562.584106,-4628.143555,-1121.247559,1467.161987,-4564.754395,-1105.838867,1604.208984,-4602.054199,,,,,,,,,,,,,2616.287109,1567.727173,-3159.779053,,,,,,,,,,,,,,,,,,,,,,,,,,,,,,,,,
4383,43.830000,0.000000,0.000000,0.000000,1.000000,0.000000,0.000000,0.000000,57.698101,20.499701,-14.700500,0.047771,-0.013570,0.015998,-15.666301,-52.738201,18.801300,-93.396698,0.129960,17.611099,-0.182931,-0.475644,-0.680147,0.526972,-1104.270996,1517.913574,-4602.371582,-1098.179077,1437.699585,-4614.534180,-1091.818726,1562.584106,-4628.143555,-1121.247559,1467.161987,-4564.754395,-1105.838867,1604.208984,-4602.054199,,,,,,,,,,,,,2616.295410,1567.755737,-3159.773682,,,,,,,,,,,,,,,,,,,,,,,,,,,,,,,,,
4384,43.840000,0.000000,0.000000,0.000000,1.000000,0.000000,0.000000,0.000000,57.698101,20.499701,-14.700500,0.047771,-0.013570,0.015998,-15.666301,-52.738201,18.801300,-93.396698,0.129960,17.611099,-0.182931,-0.475644,-0.680147,0.526972,-1104.270996,1517.913574,-4602.371582,-1098.179077,1437.699585,-4614.534180,-1091.818726,1562.584106,-4628.143555,-1121.247559,1467.161987,-4564.754395,-1105.838867,1604.208984,-4602.054199,,,,,,,,,,,,,2616.260254,1567.745728,-3159.775879,,,,,,,,,,,,,,,,,,,,,,,,,,,,,,,,,
4385,43.850000,0.000000,0.000000,0.000000,1.000000,0.000000,0.000000,0.000000,57.698101,20.499701,-14.700500,0.047771,-0.013570,0.015998,-15.666301,-52.738201,18.801300,-93.396698,0.129960,17.611099,-0.182931,-0.475644,-0.680147,0.526972,-1104.270996,1517.913574,-4602.371582,-1098.179077,1437.699585,-4614.534180,-1091.818726,1562.584106,-4628.143555,-1121.247559,1467.161987,-4564.754395,-1105.838867,1604.208984,-4602.054199,,,,,,,,,,,,,2616.291748,1567.711426,-3159.762207,,,,,,,,,,,,,,,,,,,,,,,,,,,,,,,,,
4386,43.860000,0.000000,0.000000,0.000000,1.000000,0.000000,0.000000,0.000000,57.698101,20.499701,-14.700500,0.047771,-0.013570,0.015998,-15.666301,-52.738201,18.801300,-93.396698,0.129960,17.611099,-0.182931,-0.475644,-0.680147,0.526972,-1104.270996,1517.913574,-4602.371582,-1098.179077,1437.699585,-4614.534180,-1091.818726,1562.584106,-4628.143555,-1121.247559,1467.161987,-4564.754395,-1105.838867,1604.208984,-4602.054199,,,,,,,,,,,,,2616.311523,1567.707031,-3159.752197,,,,,,,,,,,,,,,,,,,,,,,,,,,,,,,,,
4387,43.870000,0.000000,0.000000,0.000000,1.000000,0.000000,0.000000,0.000000,57.698101,20.499701,-14.700500,0.047771,-0.013570,0.015998,-15.666301,-52.738201,18.801300,-93.396698,0.129960,17.611099,-0.182931,-0.475644,-0.680147,0.526972,-1104.270996,1517.913574,-4602.371582,-1098.179077,1437.699585,-4614.534180,-1091.818726,1562.584106,-4628.143555,-1121.247559,1467.161987,-4564.754395,-1105.838867,1604.208984,-4602.054199,,,,,,,,,,,,,2616.318848,1567.725952,-3159.757812,,,,,,,,,,,,,,,,,,,,,,,,,,,,,,,,,
4388,43.880000,0.000000,0.000000,0.000000,1.000000,0.000000,0.000000,0.000000,57.698101,20.499701,-14.700500,0.047771,-0.013570,0.015998,-15.666301,-52.738201,18.801300,-93.396698,0.129960,17.611099,-0.182931,-0.475644,-0.680147,0.526972,-1104.270996,1517.913574,-4602.371582,-1098.179077,1437.699585,-4614.534180,-1091.818726,1562.584106,-4628.143555,-1121.247559,1467.161987,-4564.754395,-1105.838867,1604.208984,-4602.054199,,,,,,,,,,,,,2616.281250,1567.753540,-3159.780029,,,,,,,,,,,,,,,,,,,,,,,,,,,,,,,,,
4389,43.890000,0.000000,0.000000,0.000000,1.000000,0.000000,0.000000,0.000000,57.698101,20.499701,-14.700500,0.047771,-0.013570,0.015998,-15.666301,-52.738201,18.801300,-93.396698,0.129960,17.611099,-0.182931,-0.475644,-0.680147,0.526972,-1104.270996,1517.913574,-4602.371582,-1098.179077,1437.699585,-4614.534180,-1091.818726,1562.584106,-4628.143555,-1121.247559,1467.161987,-4564.754395,-1105.838867,1604.208984,-4602.054199,,,,,,,,,,,,,2616.275391,1567.731689,-3159.781494,,,,,,,,,,,,,,,,,,,,,,,,,,,,,,,,,
4390,43.900000,0.000000,0.000000,0.000000,1.000000,0.000000,0.000000,0.000000,57.698101,20.499701,-14.700500,0.047771,-0.013570,0.015998,-15.666301,-52.738201,18.801300,-93.396698,0.129960,17.611099,-0.182931,-0.475644,-0.680147,0.526972,-1104.270996,1517.913574,-4602.371582,-1098.179077,1437.699585,-4614.534180,-1091.818726,1562.584106,-4628.143555,-1121.247559,1467.161987,-4564.754395,-1105.838867,1604.208984,-4602.054199,,,,,,,,,,,,,2616.277344,1567.753174,-3159.781982,,,,,,,,,,,,,,,,,,,,,,,,,,,,,,,,,
4391,43.910000,0.000000,0.000000,0.000000,1.000000,0.000000,0.000000,0.000000,57.698101,20.499701,-14.700500,0.047771,-0.013570,0.015998,-15.666301,-52.738201,18.801300,-93.396698,0.129960,17.611099,-0.182931,-0.475644,-0.680147,0.526972,-1104.270996,1517.913574,-4602.371582,-1098.179077,1437.699585,-4614.534180,-1091.818726,1562.584106,-4628.143555,-1121.247559,1467.161987,-4564.754395,-1105.838867,1604.208984,-4602.054199,,,,,,,,,,,,,2616.240234,1567.730591,-3159.784912,,,,,,,,,,,,,,,,,,,,,,,,,,,,,,,,,
4392,43.920000,0.000000,0.000000,0.000000,1.000000,0.000000,0.000000,0.000000,57.698101,20.499701,-14.700500,0.047771,-0.013570,0.015998,-15.666301,-52.738201,18.801300,-93.396698,0.129960,17.611099,-0.182931,-0.475644,-0.680147,0.526972,-1104.270996,1517.913574,-4602.371582,-1098.179077,1437.699585,-4614.534180,-1091.818726,1562.584106,-4628.143555,-1121.247559,1467.161987,-4564.754395,-1105.838867,1604.208984,-4602.054199,,,,,,,,,,,,,2616.280273,1567.757935,-3159.786865,,,,,,,,,,,,,,,,,,,,,,,,,,,,,,,,,
4393,43.930000,0.000000,0.000000,0.000000,1.000000,0.000000,0.000000,0.000000,57.698101,20.499701,-14.700500,0.047771,-0.013570,0.015998,-15.666301,-52.738201,18.801300,-93.396698,0.129960,17.611099,-0.182931,-0.475644,-0.680147,0.526972,-1104.270996,1517.913574,-4602.371582,-1098.179077,1437.699585,-4614.534180,-1091.818726,1562.584106,-4628.143555,-1121.247559,1467.161987,-4564.754395,-1105.838867,1604.208984,-4602.054199,,,,,,,,,,,,,2616.287842,1567.744751,-3159.782959,,,,,,,,,,,,,,,,,,,,,,,,,,,,,,,,,
4394,43.940000,0.000000,0.000000,0.000000,1.000000,0.000000,0.000000,0.000000,57.698101,20.499701,-14.700500,0.047771,-0.013570,0.015998,-15.666301,-52.738201,18.801300,-93.396698,0.129960,17.611099,-0.182931,-0.475644,-0.680147,0.526972,-1104.270996,1517.913574,-4602.371582,-1098.179077,1437.699585,-4614.534180,-1091.818726,1562.584106,-4628.143555,-1121.247559,1467.161987,-4564.754395,-1105.838867,1604.208984,-4602.054199,,,,,,,,,,,,,2616.293213,1567.759277,-3159.784668,,,,,,,,,,,,,,,,,,,,,,,,,,,,,,,,,
4395,43.950000,0.000000,0.000000,0.000000,1.000000,0.000000,0.000000,0.000000,57.698101,20.499701,-14.700500,0.047771,-0.013570,0.015998,-15.666301,-52.738201,18.801300,-93.396698,0.129960,17.611099,-0.182931,-0.475644,-0.680147,0.526972,-1104.270996,1517.913574,-4602.371582,-1098.179077,1437.699585,-4614.534180,-1091.818726,1562.584106,-4628.143555,-1121.247559,1467.161987,-4564.754395,-1105.838867,1604.208984,-4602.054199,,,,,,,,,,,,,2616.254395,1567.742920,-3159.787354,,,,,,,,,,,,,,,,,,,,,,,,,,,,,,,,,
4396,43.960000,0.000000,0.000000,0.000000,1.000000,0.000000,0.000000,0.000000,57.698101,20.499701,-14.700500,0.047771,-0.013570,0.015998,-15.666301,-52.738201,18.801300,-93.396698,0.129960,17.611099,-0.182931,-0.475644,-0.680147,0.526972,-1104.270996,1517.913574,-4602.371582,-1098.179077,1437.699585,-4614.534180,-1091.818726,1562.584106,-4628.143555,-1121.247559,1467.161987,-4564.754395,-1105.838867,1604.208984,-4602.054199,,,,,,,,,,,,,2616.271729,1567.709839,-3159.781494,,,,,,,,,,,,,,,,,,,,,,,,,,,,,,,,,
4397,43.970000,0.000000,0.000000,0.000000,1.000000,0.000000,0.000000,0.000000,57.698101,20.499701,-14.700500,0.047771,-0.013570,0.015998,-15.666301,-52.738201,18.801300,-93.396698,0.129960,17.611099,-0.182931,-0.475644,-0.680147,0.526972,-1104.270996,1517.913574,-4602.371582,-1098.179077,1437.699585,-4614.534180,-1091.818726,1562.584106,-4628.143555,-1121.247559,1467.161987,-4564.754395,-1105.838867,1604.208984,-4602.054199,,,,,,,,,,,,,2616.291016,1567.697021,-3159.772217,,,,,,,,,,,,,,,,,,,,,,,,,,,,,,,,,
4398,43.980000,0.000000,0.000000,0.000000,1.000000,0.000000,0.000000,0.000000,57.698101,20.499701,-14.700500,0.047771,-0.013570,0.015998,-15.666301,-52.738201,18.801300,-93.396698,0.129960,17.611099,-0.182931,-0.475644,-0.680147,0.526972,-1104.270996,1517.913574,-4602.371582,-1098.179077,1437.699585,-4614.534180,-1091.818726,1562.584106,-4628.143555,-1121.247559,1467.161987,-4564.754395,-1105.838867,1604.208984,-4602.054199,,,,,,,,,,,,,2616.304443,1567.733765,-3159.771729,,,,,,,,,,,,,,,,,,,,,,,,,,,,,,,,,
4399,43.990000,0.000000,0.000000,0.000000,1.000000,0.000000,0.000000,0.000000,57.698101,20.499701,-14.700500,0.047771,-0.013570,0.015998,-15.666301,-52.738201,18.801300,-93.396698,0.129960,17.611099,-0.182931,-0.475644,-0.680147,0.526972,-1104.270996,1517.913574,-4602.371582,-1098.179077,1437.699585,-4614.534180,-1091.818726,1562.584106,-4628.143555,-1121.247559,1467.161987,-4564.754395,-1105.838867,1604.208984,-4602.054199,,,,,,,,,,,,,2616.336426,1567.752808,-3159.776611,,,,,,,,,,,,,,,,,,,,,,,,,,,,,,,,,
4400,44.000000,0.000000,0.000000,0.000000,1.000000,0.000000,0.000000,0.000000,57.698101,20.499701,-14.700500,0.047771,-0.013570,0.015998,-15.666301,-52.738201,18.801300,-93.396698,0.129960,17.611099,-0.182931,-0.475644,-0.680147,0.526972,-1104.270996,1517.913574,-4602.371582,-1098.179077,1437.699585,-4614.534180,-1091.818726,1562.584106,-4628.143555,-1121.247559,1467.161987,-4564.754395,-1105.838867,1604.208984,-4602.054199,,,,,,,,,,,,,2616.305176,1567.717041,-3159.776123,,,,,,,,,,,,,,,,,,,,,,,,,,,,,,,,,
4401,44.010000,0.000000,0.000000,0.000000,1.000000,0.000000,0.000000,0.000000,57.698101,20.499701,-14.700500,0.047771,-0.013570,0.015998,-15.666301,-52.738201,18.801300,-93.396698,0.129960,17.611099,-0.182931,-0.475644,-0.680147,0.526972,-1104.270996,1517.913574,-4602.371582,-1098.179077,1437.699585,-4614.534180,-1091.818726,1562.584106,-4628.143555,-1121.247559,1467.161987,-4564.754395,-1105.838867,1604.208984,-4602.054199,,,,,,,,,,,,,2616.279053,1567.708984,-3159.771729,,,,,,,,,,,,,,,,,,,,,,,,,,,,,,,,,
4402,44.020000,0.000000,0.000000,0.000000,1.000000,0.000000,0.000000,0.000000,57.698101,20.499701,-14.700500,0.047771,-0.013570,0.015998,-15.666301,-52.738201,18.801300,-93.396698,0.129960,17.611099,-0.182931,-0.475644,-0.680147,0.526972,-1104.270996,1517.913574,-4602.371582,-1098.179077,1437.699585,-4614.534180,-1091.818726,1562.584106,-4628.143555,-1121.247559,1467.161987,-4564.754395,-1105.838867,1604.208984,-4602.054199,,,,,,,,,,,,,2616.319580,1567.738159,-3159.774902,,,,,,,,,,,,,,,,,,,,,,,,,,,,,,,,,
4403,44.030000,0.000000,0.000000,0.000000,1.000000,0.000000,0.000000,0.000000,57.698101,20.499701,-14.700500,0.047771,-0.013570,0.015998,-15.666301,-52.738201,18.801300,-93.396698,0.129960,17.611099,-0.182931,-0.475644,-0.680147,0.526972,-1104.270996,1517.913574,-4602.371582,-1098.179077,1437.699585,-4614.534180,-1091.818726,1562.584106,-4628.143555,-1121.247559,1467.161987,-4564.754395,-1105.838867,1604.208984,-4602.054199,,,,,,,,,,,,,2616.314941,1567.750732,-3159.775391,,,,,,,,,,,,,,,,,,,,,,,,,,,,,,,,,
4404,44.040000,0.000000,0.000000,0.000000,1.000000,0.000000,0.000000,0.000000,57.698101,20.499701,-14.700500,0.047771,-0.013570,0.015998,-15.666301,-52.738201,18.801300,-93.396698,0.129960,17.611099,-0.182931,-0.475644,-0.680147,0.526972,-1104.270996,1517.913574,-4602.371582,-1098.179077,1437.699585,-4614.534180,-1091.818726,1562.584106,-4628.143555,-1121.247559,1467.161987,-4564.754395,-1105.838867,1604.208984,-4602.054199,,,,,,,,,,,,,2616.303223,1567.747314,-3159.785156,,,,,,,,,,,,,,,,,,,,,,,,,,,,,,,,,
4405,44.050000,0.000000,0.000000,0.000000,1.000000,0.000000,0.000000,0.000000,57.698101,20.499701,-14.700500,0.047771,-0.013570,0.015998,-15.666301,-52.738201,18.801300,-93.396698,0.129960,17.611099,-0.182931,-0.475644,-0.680147,0.526972,-1104.270996,1517.913574,-4602.371582,-1098.179077,1437.699585,-4614.534180,-1091.818726,1562.584106,-4628.143555,-1121.247559,1467.161987,-4564.754395,-1105.838867,1604.208984,-4602.054199,,,,,,,,,,,,,2616.256836,1567.774048,-3159.795898,,,,,,,,,,,,,,,,,,,,,,,,,,,,,,,,,
4406,44.060000,0.000000,0.000000,0.000000,1.000000,0.000000,0.000000,0.000000,57.698101,20.499701,-14.700500,0.047771,-0.013570,0.015998,-15.666301,-52.738201,18.801300,-93.396698,0.129960,17.611099,-0.182931,-0.475644,-0.680147,0.526972,-1104.270996,1517.913574,-4602.371582,-1098.179077,1437.699585,-4614.534180,-1091.818726,1562.584106,-4628.143555,-1121.247559,1467.161987,-4564.754395,-1105.838867,1604.208984,-4602.054199,,,,,,,,,,,,,2616.271973,1567.765503,-3159.790771,,,,,,,,,,,,,,,,,,,,,,,,,,,,,,,,,
4407,44.070000,0.000000,0.000000,0.000000,1.000000,0.000000,0.000000,0.000000,57.698101,20.499701,-14.700500,0.047771,-0.013570,0.015998,-15.666301,-52.738201,18.801300,-93.396698,0.129960,17.611099,-0.182931,-0.475644,-0.680147,0.526972,-1104.270996,1517.913574,-4602.371582,-1098.179077,1437.699585,-4614.534180,-1091.818726,1562.584106,-4628.143555,-1121.247559,1467.161987,-4564.754395,-1105.838867,1604.208984,-4602.054199,,,,,,,,,,,,,2616.287109,1567.747192,-3159.775635,,,,,,,,,,,,,,,,,,,,,,,,,,,,,,,,,
4408,44.080000,0.000000,0.000000,0.000000,1.000000,0.000000,0.000000,0.000000,57.698101,20.499701,-14.700500,0.047771,-0.013570,0.015998,-15.666301,-52.738201,18.801300,-93.396698,0.129960,17.611099,-0.182931,-0.475644,-0.680147,0.526972,-1104.270996,1517.913574,-4602.371582,-1098.179077,1437.699585,-4614.534180,-1091.818726,1562.584106,-4628.143555,-1121.247559,1467.161987,-4564.754395,-1105.838867,1604.208984,-4602.054199,,,,,,,,,,,,,2616.298096,1567.726562,-3159.772949,,,,,,,,,,,,,,,,,,,,,,,,,,,,,,,,,
4409,44.090000,0.000000,0.000000,0.000000,1.000000,0.000000,0.000000,0.000000,57.698101,20.499701,-14.700500,0.047771,-0.013570,0.015998,-15.666301,-52.738201,18.801300,-93.396698,0.129960,17.611099,-0.182931,-0.475644,-0.680147,0.526972,-1104.270996,1517.913574,-4602.371582,-1098.179077,1437.699585,-4614.534180,-1091.818726,1562.584106,-4628.143555,-1121.247559,1467.161987,-4564.754395,-1105.838867,1604.208984,-4602.054199,,,,,,,,,,,,,2616.300049,1567.759521,-3159.775146,,,,,,,,,,,,,,,,,,,,,,,,,,,,,,,,,
4410,44.100000,0.000000,0.000000,0.000000,1.000000,0.000000,0.000000,0.000000,57.698101,20.499701,-14.700500,0.047771,-0.013570,0.015998,-15.666301,-52.738201,18.801300,-93.396698,0.129960,17.611099,-0.182931,-0.475644,-0.680147,0.526972,-1104.270996,1517.913574,-4602.371582,-1098.179077,1437.699585,-4614.534180,-1091.818726,1562.584106,-4628.143555,-1121.247559,1467.161987,-4564.754395,-1105.838867,1604.208984,-4602.054199,,,,,,,,,,,,,2616.267822,1567.733521,-3159.782227,,,,,,,,,,,,,,,,,,,,,,,,,,,,,,,,,
4411,44.110000,0.000000,0.000000,0.000000,1.000000,0.000000,0.000000,0.000000,57.698101,20.499701,-14.700500,0.047771,-0.013570,0.015998,-15.666301,-52.738201,18.801300,-93.396698,0.129960,17.611099,-0.182931,-0.475644,-0.680147,0.526972,-1104.270996,1517.913574,-4602.371582,-1098.179077,1437.699585,-4614.534180,-1091.818726,1562.584106,-4628.143555,-1121.247559,1467.161987,-4564.754395,-1105.838867,1604.208984,-4602.054199,,,,,,,,,,,,,2616.287354,1567.744629,-3159.780762,,,,,,,,,,,,,,,,,,,,,,,,,,,,,,,,,
4412,44.120000,0.000000,0.000000,0.000000,1.000000,0.000000,0.000000,0.000000,57.698101,20.499701,-14.700500,0.047771,-0.013570,0.015998,-15.666301,-52.738201,18.801300,-93.396698,0.129960,17.611099,-0.182931,-0.475644,-0.680147,0.526972,-1104.270996,1517.913574,-4602.371582,-1098.179077,1437.699585,-4614.534180,-1091.818726,1562.584106,-4628.143555,-1121.247559,1467.161987,-4564.754395,-1105.838867,1604.208984,-4602.054199,,,,,,,,,,,,,2616.297363,1567.725220,-3159.764893,,,,,,,,,,,,,,,,,,,,,,,,,,,,,,,,,
4413,44.130000,0.000000,0.000000,0.000000,1.000000,0.000000,0.000000,0.000000,57.698101,20.499701,-14.700500,0.047771,-0.013570,0.015998,-15.666301,-52.738201,18.801300,-93.396698,0.129960,17.611099,-0.182931,-0.475644,-0.680147,0.526972,-1104.270996,1517.913574,-4602.371582,-1098.179077,1437.699585,-4614.534180,-1091.818726,1562.584106,-4628.143555,-1121.247559,1467.161987,-4564.754395,-1105.838867,1604.208984,-4602.054199,,,,,,,,,,,,,2616.289551,1567.710571,-3159.760986,,,,,,,,,,,,,,,,,,,,,,,,,,,,,,,,,
4414,44.140000,0.000000,0.000000,0.000000,1.000000,0.000000,0.000000,0.000000,57.698101,20.499701,-14.700500,0.047771,-0.013570,0.015998,-15.666301,-52.738201,18.801300,-93.396698,0.129960,17.611099,-0.182931,-0.475644,-0.680147,0.526972,-1104.270996,1517.913574,-4602.371582,-1098.179077,1437.699585,-4614.534180,-1091.818726,1562.584106,-4628.143555,-1121.247559,1467.161987,-4564.754395,-1105.838867,1604.208984,-4602.054199,,,,,,,,,,,,,2616.307129,1567.771362,-3159.777832,,,,,,,,,,,,,,,,,,,,,,,,,,,,,,,,,
4415,44.150000,0.000000,0.000000,0.000000,1.000000,0.000000,0.000000,0.000000,57.698101,20.499701,-14.700500,0.047771,-0.013570,0.015998,-15.666301,-52.738201,18.801300,-93.396698,0.129960,17.611099,-0.182931,-0.475644,-0.680147,0.526972,-1104.270996,1517.913574,-4602.371582,-1098.179077,1437.699585,-4614.534180,-1091.818726,1562.584106,-4628.143555,-1121.247559,1467.161987,-4564.754395,-1105.838867,1604.208984,-4602.054199,,,,,,,,,,,,,2616.267578,1567.721558,-3159.785156,,,,,,,,,,,,,,,,,,,,,,,,,,,,,,,,,
4416,44.160000,0.000000,0.000000,0.000000,1.000000,0.000000,0.000000,0.000000,57.698101,20.499701,-14.700500,0.047771,-0.013570,0.015998,-15.666301,-52.738201,18.801300,-93.396698,0.129960,17.611099,-0.182931,-0.475644,-0.680147,0.526972,-1104.270996,1517.913574,-4602.371582,-1098.179077,1437.699585,-4614.534180,-1091.818726,1562.584106,-4628.143555,-1121.247559,1467.161987,-4564.754395,-1105.838867,1604.208984,-4602.054199,,,,,,,,,,,,,2616.283936,1567.753296,-3159.784668,,,,,,,,,,,,,,,,,,,,,,,,,,,,,,,,,
4417,44.170000,0.000000,0.000000,0.000000,1.000000,0.000000,0.000000,0.000000,57.698101,20.499701,-14.700500,0.047771,-0.013570,0.015998,-15.666301,-52.738201,18.801300,-93.396698,0.129960,17.611099,-0.182931,-0.475644,-0.680147,0.526972,-1104.270996,1517.913574,-4602.371582,-1098.179077,1437.699585,-4614.534180,-1091.818726,1562.584106,-4628.143555,-1121.247559,1467.161987,-4564.754395,-1105.838867,1604.208984,-4602.054199,,,,,,,,,,,,,2616.287109,1567.723633,-3159.772949,,,,,,,,,,,,,,,,,,,,,,,,,,,,,,,,,
4418,44.180000,0.000000,0.000000,0.000000,1.000000,0.000000,0.000000,0.000000,57.698101,20.499701,-14.700500,0.047771,-0.013570,0.015998,-15.666301,-52.738201,18.801300,-93.396698,0.129960,17.611099,-0.182931,-0.475644,-0.680147,0.526972,-1104.270996,1517.913574,-4602.371582,-1098.179077,1437.699585,-4614.534180,-1091.818726,1562.584106,-4628.143555,-1121.247559,1467.161987,-4564.754395,-1105.838867,1604.208984,-4602.054199,,,,,,,,,,,,,2616.324463,1567.724243,-3159.752686,,,,,,,,,,,,,,,,,,,,,,,,,,,,,,,,,
4419,44.190000,0.000000,0.000000,0.000000,1.000000,0.000000,0.000000,0.000000,57.698101,20.499701,-14.700500,0.047771,-0.013570,0.015998,-15.666301,-52.738201,18.801300,-93.396698,0.129960,17.611099,-0.182931,-0.475644,-0.680147,0.526972,-1104.270996,1517.913574,-4602.371582,-1098.179077,1437.699585,-4614.534180,-1091.818726,1562.584106,-4628.143555,-1121.247559,1467.161987,-4564.754395,-1105.838867,1604.208984,-4602.054199,,,,,,,,,,,,,2616.294922,1567.734497,-3159.775391,,,,,,,,,,,,,,,,,,,,,,,,,,,,,,,,,
4420,44.200000,0.000000,0.000000,0.000000,1.000000,0.000000,0.000000,0.000000,57.698101,20.499701,-14.700500,0.047771,-0.013570,0.015998,-15.666301,-52.738201,18.801300,-93.396698,0.129960,17.611099,-0.182931,-0.475644,-0.680147,0.526972,-1104.270996,1517.913574,-4602.371582,-1098.179077,1437.699585,-4614.534180,-1091.818726,1562.584106,-4628.143555,-1121.247559,1467.161987,-4564.754395,-1105.838867,1604.208984,-4602.054199,,,,,,,,,,,,,2616.277344,1567.751099,-3159.791992,,,,,,,,,,,,,,,,,,,,,,,,,,,,,,,,,
4421,44.210000,0.000000,0.000000,0.000000,1.000000,0.000000,0.000000,0.000000,57.698101,20.499701,-14.700500,0.047771,-0.013570,0.015998,-15.666301,-52.738201,18.801300,-93.396698,0.129960,17.611099,-0.182931,-0.475644,-0.680147,0.526972,-1104.270996,1517.913574,-4602.371582,-1098.179077,1437.699585,-4614.534180,-1091.818726,1562.584106,-4628.143555,-1121.247559,1467.161987,-4564.754395,-1105.838867,1604.208984,-4602.054199,,,,,,,,,,,,,2616.321289,1567.748901,-3159.778076,,,,,,,,,,,,,,,,,,,,,,,,,,,,,,,,,
4422,44.220000,0.000000,0.000000,0.000000,1.000000,0.000000,0.000000,0.000000,57.698101,20.499701,-14.700500,0.047771,-0.013570,0.015998,-15.666301,-52.738201,18.801300,-93.396698,0.129960,17.611099,-0.182931,-0.475644,-0.680147,0.526972,-1104.270996,1517.913574,-4602.371582,-1098.179077,1437.699585,-4614.534180,-1091.818726,1562.584106,-4628.143555,-1121.247559,1467.161987,-4564.754395,-1105.838867,1604.208984,-4602.054199,,,,,,,,,,,,,2616.299805,1567.733887,-3159.777588,,,,,,,,,,,,,,,,,,,,,,,,,,,,,,,,,
4423,44.230000,0.000000,0.000000,0.000000,1.000000,0.000000,0.000000,0.000000,57.698101,20.499701,-14.700500,0.047771,-0.013570,0.015998,-15.666301,-52.738201,18.801300,-93.396698,0.129960,17.611099,-0.182931,-0.475644,-0.680147,0.526972,-1104.270996,1517.913574,-4602.371582,-1098.179077,1437.699585,-4614.534180,-1091.818726,1562.584106,-4628.143555,-1121.247559,1467.161987,-4564.754395,-1105.838867,1604.208984,-4602.054199,,,,,,,,,,,,,2616.306152,1567.752930,-3159.771973,,,,,,,,,,,,,,,,,,,,,,,,,,,,,,,,,
4424,44.240000,0.000000,0.000000,0.000000,1.000000,0.000000,0.000000,0.000000,57.698101,20.499701,-14.700500,0.047771,-0.013570,0.015998,-15.666301,-52.738201,18.801300,-93.396698,0.129960,17.611099,-0.182931,-0.475644,-0.680147,0.526972,-1104.270996,1517.913574,-4602.371582,-1098.179077,1437.699585,-4614.534180,-1091.818726,1562.584106,-4628.143555,-1121.247559,1467.161987,-4564.754395,-1105.838867,1604.208984,-4602.054199,,,,,,,,,,,,,2616.277832,1567.764526,-3159.799316,,,,,,,,,,,,,,,,,,,,,,,,,,,,,,,,,
4425,44.250000,0.000000,0.000000,0.000000,1.000000,0.000000,0.000000,0.000000,57.698101,20.499701,-14.700500,0.047771,-0.013570,0.015998,-15.666301,-52.738201,18.801300,-93.396698,0.129960,17.611099,-0.182931,-0.475644,-0.680147,0.526972,-1104.270996,1517.913574,-4602.371582,-1098.179077,1437.699585,-4614.534180,-1091.818726,1562.584106,-4628.143555,-1121.247559,1467.161987,-4564.754395,-1105.838867,1604.208984,-4602.054199,,,,,,,,,,,,,2616.239258,1567.734619,-3159.809570,,,,,,,,,,,,,,,,,,,,,,,,,,,,,,,,,
4426,44.260000,0.000000,0.000000,0.000000,1.000000,0.000000,0.000000,0.000000,57.698101,20.499701,-14.700500,0.047771,-0.013570,0.015998,-15.666301,-52.738201,18.801300,-93.396698,0.129960,17.611099,-0.182931,-0.475644,-0.680147,0.526972,-1104.270996,1517.913574,-4602.371582,-1098.179077,1437.699585,-4614.534180,-1091.818726,1562.584106,-4628.143555,-1121.247559,1467.161987,-4564.754395,-1105.838867,1604.208984,-4602.054199,,,,,,,,,,,,,2616.267334,1567.705811,-3159.795410,,,,,,,,,,,,,,,,,,,,,,,,,,,,,,,,,
4427,44.270000,0.000000,0.000000,0.000000,1.000000,0.000000,0.000000,0.000000,57.698101,20.499701,-14.700500,0.047771,-0.013570,0.015998,-15.666301,-52.738201,18.801300,-93.396698,0.129960,17.611099,-0.182931,-0.475644,-0.680147,0.526972,-1104.270996,1517.913574,-4602.371582,-1098.179077,1437.699585,-4614.534180,-1091.818726,1562.584106,-4628.143555,-1121.247559,1467.161987,-4564.754395,-1105.838867,1604.208984,-4602.054199,,,,,,,,,,,,,2616.296875,1567.730347,-3159.775879,,,,,,,,,,,,,,,,,,,,,,,,,,,,,,,,,
4428,44.280000,0.000000,0.000000,0.000000,1.000000,0.000000,0.000000,0.000000,57.698101,20.499701,-14.700500,0.047771,-0.013570,0.015998,-15.666301,-52.738201,18.801300,-93.396698,0.129960,17.611099,-0.182931,-0.475644,-0.680147,0.526972,-1104.270996,1517.913574,-4602.371582,-1098.179077,1437.699585,-4614.534180,-1091.818726,1562.584106,-4628.143555,-1121.247559,1467.161987,-4564.754395,-1105.838867,1604.208984,-4602.054199,,,,,,,,,,,,,2616.289795,1567.757690,-3159.786865,,,,,,,,,,,,,,,,,,,,,,,,,,,,,,,,,
4429,44.290000,0.000000,0.000000,0.000000,1.000000,0.000000,0.000000,0.000000,57.698101,20.499701,-14.700500,0.047771,-0.013570,0.015998,-15.666301,-52.738201,18.801300,-93.396698,0.129960,17.611099,-0.182931,-0.475644,-0.680147,0.526972,-1104.270996,1517.913574,-4602.371582,-1098.179077,1437.699585,-4614.534180,-1091.818726,1562.584106,-4628.143555,-1121.247559,1467.161987,-4564.754395,-1105.838867,1604.208984,-4602.054199,,,,,,,,,,,,,2616.270020,1567.725586,-3159.785645,,,,,,,,,,,,,,,,,,,,,,,,,,,,,,,,,
4430,44.300000,0.000000,0.000000,0.000000,1.000000,0.000000,0.000000,0.000000,57.698101,20.499701,-14.700500,0.047771,-0.013570,0.015998,-15.666301,-52.738201,18.801300,-93.396698,0.129960,17.611099,-0.182931,-0.475644,-0.680147,0.526972,-1104.270996,1517.913574,-4602.371582,-1098.179077,1437.699585,-4614.534180,-1091.818726,1562.584106,-4628.143555,-1121.247559,1467.161987,-4564.754395,-1105.838867,1604.208984,-4602.054199,,,,,,,,,,,,,2616.273438,1567.758179,-3159.783691,,,,,,,,,,,,,,,,,,,,,,,,,,,,,,,,,
4431,44.310000,0.000000,0.000000,0.000000,1.000000,0.000000,0.000000,0.000000,57.698101,20.499701,-14.700500,0.047771,-0.013570,0.015998,-15.666301,-52.738201,18.801300,-93.396698,0.129960,17.611099,-0.182931,-0.475644,-0.680147,0.526972,-1104.270996,1517.913574,-4602.371582,-1098.179077,1437.699585,-4614.534180,-1091.818726,1562.584106,-4628.143555,-1121.247559,1467.161987,-4564.754395,-1105.838867,1604.208984,-4602.054199,,,,,,,,,,,,,2616.281738,1567.715088,-3159.785645,,,,,,,,,,,,,,,,,,,,,,,,,,,,,,,,,
4432,44.320000,0.000000,0.000000,0.000000,1.000000,0.000000,0.000000,0.000000,57.698101,20.499701,-14.700500,0.047771,-0.013570,0.015998,-15.666301,-52.738201,18.801300,-93.396698,0.129960,17.611099,-0.182931,-0.475644,-0.680147,0.526972,-1104.270996,1517.913574,-4602.371582,-1098.179077,1437.699585,-4614.534180,-1091.818726,1562.584106,-4628.143555,-1121.247559,1467.161987,-4564.754395,-1105.838867,1604.208984,-4602.054199,,,,,,,,,,,,,2616.302734,1567.728394,-3159.770264,,,,,,,,,,,,,,,,,,,,,,,,,,,,,,,,,
4433,44.330000,0.000000,0.000000,0.000000,1.000000,0.000000,0.000000,0.000000,57.698101,20.499701,-14.700500,0.047771,-0.013570,0.015998,-15.666301,-52.738201,18.801300,-93.396698,0.129960,17.611099,-0.182931,-0.475644,-0.680147,0.526972,-1104.270996,1517.913574,-4602.371582,-1098.179077,1437.699585,-4614.534180,-1091.818726,1562.584106,-4628.143555,-1121.247559,1467.161987,-4564.754395,-1105.838867,1604.208984,-4602.054199,,,,,,,,,,,,,2616.304688,1567.741333,-3159.771484,,,,,,,,,,,,,,,,,,,,,,,,,,,,,,,,,
4434,44.340000,0.000000,0.000000,0.000000,1.000000,0.000000,0.000000,0.000000,57.698101,20.499701,-14.700500,0.047771,-0.013570,0.015998,-15.666301,-52.738201,18.801300,-93.396698,0.129960,17.611099,-0.182931,-0.475644,-0.680147,0.526972,-1104.270996,1517.913574,-4602.371582,-1098.179077,1437.699585,-4614.534180,-1091.818726,1562.584106,-4628.143555,-1121.247559,1467.161987,-4564.754395,-1105.838867,1604.208984,-4602.054199,,,,,,,,,,,,,2616.265625,1567.726685,-3159.772217,,,,,,,,,,,,,,,,,,,,,,,,,,,,,,,,,
4435,44.350000,0.000000,0.000000,0.000000,1.000000,0.000000,0.000000,0.000000,57.698101,20.499701,-14.700500,0.047771,-0.013570,0.015998,-15.666301,-52.738201,18.801300,-93.396698,0.129960,17.611099,-0.182931,-0.475644,-0.680147,0.526972,-1104.270996,1517.913574,-4602.371582,-1098.179077,1437.699585,-4614.534180,-1091.818726,1562.584106,-4628.143555,-1121.247559,1467.161987,-4564.754395,-1105.838867,1604.208984,-4602.054199,,,,,,,,,,,,,2616.275391,1567.731079,-3159.784180,,,,,,,,,,,,,,,,,,,,,,,,,,,,,,,,,
4436,44.360000,0.000000,0.000000,0.000000,1.000000,0.000000,0.000000,0.000000,57.698101,20.499701,-14.700500,0.047771,-0.013570,0.015998,-15.666301,-52.738201,18.801300,-93.396698,0.129960,17.611099,-0.182931,-0.475644,-0.680147,0.526972,-1104.270996,1517.913574,-4602.371582,-1098.179077,1437.699585,-4614.534180,-1091.818726,1562.584106,-4628.143555,-1121.247559,1467.161987,-4564.754395,-1105.838867,1604.208984,-4602.054199,,,,,,,,,,,,,2616.280029,1567.747192,-3159.777832,,,,,,,,,,,,,,,,,,,,,,,,,,,,,,,,,
4437,44.370000,0.000000,0.000000,0.000000,1.000000,0.000000,0.000000,0.000000,57.698101,20.499701,-14.700500,0.047771,-0.013570,0.015998,-15.666301,-52.738201,18.801300,-93.396698,0.129960,17.611099,-0.182931,-0.475644,-0.680147,0.526972,-1104.270996,1517.913574,-4602.371582,-1098.179077,1437.699585,-4614.534180,-1091.818726,1562.584106,-4628.143555,-1121.247559,1467.161987,-4564.754395,-1105.838867,1604.208984,-4602.054199,,,,,,,,,,,,,2616.302490,1567.731689,-3159.764404,,,,,,,,,,,,,,,,,,,,,,,,,,,,,,,,,
4438,44.380000,0.000000,0.000000,0.000000,1.000000,0.000000,0.000000,0.000000,57.698101,20.499701,-14.700500,0.047771,-0.013570,0.015998,-15.666301,-52.738201,18.801300,-93.396698,0.129960,17.611099,-0.182931,-0.475644,-0.680147,0.526972,-1104.270996,1517.913574,-4602.371582,-1098.179077,1437.699585,-4614.534180,-1091.818726,1562.584106,-4628.143555,-1121.247559,1467.161987,-4564.754395,-1105.838867,1604.208984,-4602.054199,,,,,,,,,,,,,2616.310303,1567.775757,-3159.767822,,,,,,,,,,,,,,,,,,,,,,,,,,,,,,,,,
4439,44.390000,0.000000,0.000000,0.000000,1.000000,0.000000,0.000000,0.000000,57.698101,20.499701,-14.700500,0.047771,-0.013570,0.015998,-15.666301,-52.738201,18.801300,-93.396698,0.129960,17.611099,-0.182931,-0.475644,-0.680147,0.526972,-1104.270996,1517.913574,-4602.371582,-1098.179077,1437.699585,-4614.534180,-1091.818726,1562.584106,-4628.143555,-1121.247559,1467.161987,-4564.754395,-1105.838867,1604.208984,-4602.054199,,,,,,,,,,,,,2616.300537,1567.724609,-3159.768066,,,,,,,,,,,,,,,,,,,,,,,,,,,,,,,,,
4440,44.400000,0.000000,0.000000,0.000000,1.000000,0.000000,0.000000,0.000000,57.698101,20.499701,-14.700500,0.047771,-0.013570,0.015998,-15.666301,-52.738201,18.801300,-93.396698,0.129960,17.611099,-0.182931,-0.475644,-0.680147,0.526972,-1104.270996,1517.913574,-4602.371582,-1098.179077,1437.699585,-4614.534180,-1091.818726,1562.584106,-4628.143555,-1121.247559,1467.161987,-4564.754395,-1105.838867,1604.208984,-4602.054199,,,,,,,,,,,,,2616.294434,1567.711548,-3159.768555,,,,,,,,,,,,,,,,,,,,,,,,,,,,,,,,,
4441,44.410000,0.000000,0.000000,0.000000,1.000000,0.000000,0.000000,0.000000,57.698101,20.499701,-14.700500,0.047771,-0.013570,0.015998,-15.666301,-52.738201,18.801300,-93.396698,0.129960,17.611099,-0.182931,-0.475644,-0.680147,0.526972,-1104.270996,1517.913574,-4602.371582,-1098.179077,1437.699585,-4614.534180,-1091.818726,1562.584106,-4628.143555,-1121.247559,1467.161987,-4564.754395,-1105.838867,1604.208984,-4602.054199,,,,,,,,,,,,,2616.291992,1567.753052,-3159.778076,,,,,,,,,,,,,,,,,,,,,,,,,,,,,,,,,
4442,44.420000,0.000000,0.000000,0.000000,1.000000,0.000000,0.000000,0.000000,57.698101,20.499701,-14.700500,0.047771,-0.013570,0.015998,-15.666301,-52.738201,18.801300,-93.396698,0.129960,17.611099,-0.182931,-0.475644,-0.680147,0.526972,-1104.270996,1517.913574,-4602.371582,-1098.179077,1437.699585,-4614.534180,-1091.818726,1562.584106,-4628.143555,-1121.247559,1467.161987,-4564.754395,-1105.838867,1604.208984,-4602.054199,,,,,,,,,,,,,2616.259521,1567.754150,-3159.798096,,,,,,,,,,,,,,,,,,,,,,,,,,,,,,,,,
4443,44.430000,0.000000,0.000000,0.000000,1.000000,0.000000,0.000000,0.000000,57.698101,20.499701,-14.700500,0.047771,-0.013570,0.015998,-15.666301,-52.738201,18.801300,-93.396698,0.129960,17.611099,-0.182931,-0.475644,-0.680147,0.526972,-1104.270996,1517.913574,-4602.371582,-1098.179077,1437.699585,-4614.534180,-1091.818726,1562.584106,-4628.143555,-1121.247559,1467.161987,-4564.754395,-1105.838867,1604.208984,-4602.054199,,,,,,,,,,,,,2616.290039,1567.760986,-3159.784912,,,,,,,,,,,,,,,,,,,,,,,,,,,,,,,,,
4444,44.440000,0.000000,0.000000,0.000000,1.000000,0.000000,0.000000,0.000000,57.698101,20.499701,-14.700500,0.047771,-0.013570,0.015998,-15.666301,-52.738201,18.801300,-93.396698,0.129960,17.611099,-0.182931,-0.475644,-0.680147,0.526972,-1104.270996,1517.913574,-4602.371582,-1098.179077,1437.699585,-4614.534180,-1091.818726,1562.584106,-4628.143555,-1121.247559,1467.161987,-4564.754395,-1105.838867,1604.208984,-4602.054199,,,,,,,,,,,,,2616.287598,1567.733643,-3159.772461,,,,,,,,,,,,,,,,,,,,,,,,,,,,,,,,,
4445,44.450000,0.000000,0.000000,0.000000,1.000000,0.000000,0.000000,0.000000,57.698101,20.499701,-14.700500,0.047771,-0.013570,0.015998,-15.666301,-52.738201,18.801300,-93.396698,0.129960,17.611099,-0.182931,-0.475644,-0.680147,0.526972,-1104.270996,1517.913574,-4602.371582,-1098.179077,1437.699585,-4614.534180,-1091.818726,1562.584106,-4628.143555,-1121.247559,1467.161987,-4564.754395,-1105.838867,1604.208984,-4602.054199,,,,,,,,,,,,,2616.263428,1567.750122,-3159.782227,,,,,,,,,,,,,,,,,,,,,,,,,,,,,,,,,
4446,44.460000,0.000000,0.000000,0.000000,1.000000,0.000000,0.000000,0.000000,57.698101,20.499701,-14.700500,0.047771,-0.013570,0.015998,-15.666301,-52.738201,18.801300,-93.396698,0.129960,17.611099,-0.182931,-0.475644,-0.680147,0.526972,-1104.270996,1517.913574,-4602.371582,-1098.179077,1437.699585,-4614.534180,-1091.818726,1562.584106,-4628.143555,-1121.247559,1467.161987,-4564.754395,-1105.838867,1604.208984,-4602.054199,,,,,,,,,,,,,2616.300537,1567.760376,-3159.791260,,,,,,,,,,,,,,,,,,,,,,,,,,,,,,,,,
4447,44.470000,0.000000,0.000000,0.000000,1.000000,0.000000,0.000000,0.000000,57.698101,20.499701,-14.700500,0.047771,-0.013570,0.015998,-15.666301,-52.738201,18.801300,-93.396698,0.129960,17.611099,-0.182931,-0.475644,-0.680147,0.526972,-1104.270996,1517.913574,-4602.371582,-1098.179077,1437.699585,-4614.534180,-1091.818726,1562.584106,-4628.143555,-1121.247559,1467.161987,-4564.754395,-1105.838867,1604.208984,-4602.054199,,,,,,,,,,,,,2616.303467,1567.750366,-3159.783203,,,,,,,,,,,,,,,,,,,,,,,,,,,,,,,,,
4448,44.480000,0.000000,0.000000,0.000000,1.000000,0.000000,0.000000,0.000000,57.698101,20.499701,-14.700500,0.047771,-0.013570,0.015998,-15.666301,-52.738201,18.801300,-93.396698,0.129960,17.611099,-0.182931,-0.475644,-0.680147,0.526972,-1104.270996,1517.913574,-4602.371582,-1098.179077,1437.699585,-4614.534180,-1091.818726,1562.584106,-4628.143555,-1121.247559,1467.161987,-4564.754395,-1105.838867,1604.208984,-4602.054199,,,,,,,,,,,,,2616.295410,1567.740845,-3159.774902,,,,,,,,,,,,,,,,,,,,,,,,,,,,,,,,,
4449,44.490000,0.000000,0.000000,0.000000,1.000000,0.000000,0.000000,0.000000,57.698101,20.499701,-14.700500,0.047771,-0.013570,0.015998,-15.666301,-52.738201,18.801300,-93.396698,0.129960,17.611099,-0.182931,-0.475644,-0.680147,0.526972,-1104.270996,1517.913574,-4602.371582,-1098.179077,1437.699585,-4614.534180,-1091.818726,1562.584106,-4628.143555,-1121.247559,1467.161987,-4564.754395,-1105.838867,1604.208984,-4602.054199,,,,,,,,,,,,,2616.258545,1567.745239,-3159.795410,,,,,,,,,,,,,,,,,,,,,,,,,,,,,,,,,
4450,44.500000,0.000000,0.000000,0.000000,1.000000,0.000000,0.000000,0.000000,57.698101,20.499701,-14.700500,0.047771,-0.013570,0.015998,-15.666301,-52.738201,18.801300,-93.396698,0.129960,17.611099,-0.182931,-0.475644,-0.680147,0.526972,-1104.270996,1517.913574,-4602.371582,-1098.179077,1437.699585,-4614.534180,-1091.818726,1562.584106,-4628.143555,-1121.247559,1467.161987,-4564.754395,-1105.838867,1604.208984,-4602.054199,,,,,,,,,,,,,2616.253662,1567.749268,-3159.794434,,,,,,,,,,,,,,,,,,,,,,,,,,,,,,,,,
4451,44.510000,0.000000,0.000000,0.000000,1.000000,0.000000,0.000000,0.000000,57.698101,20.499701,-14.700500,0.047771,-0.013570,0.015998,-15.666301,-52.738201,18.801300,-93.396698,0.129960,17.611099,-0.182931,-0.475644,-0.680147,0.526972,-1104.270996,1517.913574,-4602.371582,-1098.179077,1437.699585,-4614.534180,-1091.818726,1562.584106,-4628.143555,-1121.247559,1467.161987,-4564.754395,-1105.838867,1604.208984,-4602.054199,,,,,,,,,,,,,2616.286621,1567.752563,-3159.793457,,,,,,,,,,,,,,,,,,,,,,,,,,,,,,,,,
4452,44.520000,0.000000,0.000000,0.000000,1.000000,0.000000,0.000000,0.000000,57.698101,20.499701,-14.700500,0.047771,-0.013570,0.015998,-15.666301,-52.738201,18.801300,-93.396698,0.129960,17.611099,-0.182931,-0.475644,-0.680147,0.526972,-1104.270996,1517.913574,-4602.371582,-1098.179077,1437.699585,-4614.534180,-1091.818726,1562.584106,-4628.143555,-1121.247559,1467.161987,-4564.754395,-1105.838867,1604.208984,-4602.054199,,,,,,,,,,,,,2616.330078,1567.732300,-3159.770752,,,,,,,,,,,,,,,,,,,,,,,,,,,,,,,,,
4453,44.530000,0.000000,0.000000,0.000000,1.000000,0.000000,0.000000,0.000000,57.698101,20.499701,-14.700500,0.047771,-0.013570,0.015998,-15.666301,-52.738201,18.801300,-93.396698,0.129960,17.611099,-0.182931,-0.475644,-0.680147,0.526972,-1104.270996,1517.913574,-4602.371582,-1098.179077,1437.699585,-4614.534180,-1091.818726,1562.584106,-4628.143555,-1121.247559,1467.161987,-4564.754395,-1105.838867,1604.208984,-4602.054199,,,,,,,,,,,,,2616.286865,1567.745483,-3159.773193,,,,,,,,,,,,,,,,,,,,,,,,,,,,,,,,,
4454,44.540000,0.000000,0.000000,0.000000,1.000000,0.000000,0.000000,0.000000,57.698101,20.499701,-14.700500,0.047771,-0.013570,0.015998,-15.666301,-52.738201,18.801300,-93.396698,0.129960,17.611099,-0.182931,-0.475644,-0.680147,0.526972,-1104.270996,1517.913574,-4602.371582,-1098.179077,1437.699585,-4614.534180,-1091.818726,1562.584106,-4628.143555,-1121.247559,1467.161987,-4564.754395,-1105.838867,1604.208984,-4602.054199,,,,,,,,,,,,,2616.288086,1567.728638,-3159.785645,,,,,,,,,,,,,,,,,,,,,,,,,,,,,,,,,
4455,44.550000,0.000000,0.000000,0.000000,1.000000,0.000000,0.000000,0.000000,57.698101,20.499701,-14.700500,0.047771,-0.013570,0.015998,-15.666301,-52.738201,18.801300,-93.396698,0.129960,17.611099,-0.182931,-0.475644,-0.680147,0.526972,-1104.270996,1517.913574,-4602.371582,-1098.179077,1437.699585,-4614.534180,-1091.818726,1562.584106,-4628.143555,-1121.247559,1467.161987,-4564.754395,-1105.838867,1604.208984,-4602.054199,,,,,,,,,,,,,2616.255127,1567.740234,-3159.796387,,,,,,,,,,,,,,,,,,,,,,,,,,,,,,,,,
4456,44.560000,0.000000,0.000000,0.000000,1.000000,0.000000,0.000000,0.000000,57.698101,20.499701,-14.700500,0.047771,-0.013570,0.015998,-15.666301,-52.738201,18.801300,-93.396698,0.129960,17.611099,-0.182931,-0.475644,-0.680147,0.526972,-1104.270996,1517.913574,-4602.371582,-1098.179077,1437.699585,-4614.534180,-1091.818726,1562.584106,-4628.143555,-1121.247559,1467.161987,-4564.754395,-1105.838867,1604.208984,-4602.054199,,,,,,,,,,,,,2616.273193,1567.736694,-3159.789795,,,,,,,,,,,,,,,,,,,,,,,,,,,,,,,,,
4457,44.570000,0.000000,0.000000,0.000000,1.000000,0.000000,0.000000,0.000000,57.698101,20.499701,-14.700500,0.047771,-0.013570,0.015998,-15.666301,-52.738201,18.801300,-93.396698,0.129960,17.611099,-0.182931,-0.475644,-0.680147,0.526972,-1104.270996,1517.913574,-4602.371582,-1098.179077,1437.699585,-4614.534180,-1091.818726,1562.584106,-4628.143555,-1121.247559,1467.161987,-4564.754395,-1105.838867,1604.208984,-4602.054199,,,,,,,,,,,,,2616.305420,1567.724609,-3159.769775,,,,,,,,,,,,,,,,,,,,,,,,,,,,,,,,,
4458,44.580000,0.000000,0.000000,0.000000,1.000000,0.000000,0.000000,0.000000,57.698101,20.499701,-14.700500,0.047771,-0.013570,0.015998,-15.666301,-52.738201,18.801300,-93.396698,0.129960,17.611099,-0.182931,-0.475644,-0.680147,0.526972,-1104.270996,1517.913574,-4602.371582,-1098.179077,1437.699585,-4614.534180,-1091.818726,1562.584106,-4628.143555,-1121.247559,1467.161987,-4564.754395,-1105.838867,1604.208984,-4602.054199,,,,,,,,,,,,,2616.339355,1567.750244,-3159.776367,,,,,,,,,,,,,,,,,,,,,,,,,,,,,,,,,
4459,44.590000,0.000000,0.000000,0.000000,1.000000,0.000000,0.000000,0.000000,57.698101,20.499701,-14.700500,0.047771,-0.013570,0.015998,-15.666301,-52.738201,18.801300,-93.396698,0.129960,17.611099,-0.182931,-0.475644,-0.680147,0.526972,-1104.270996,1517.913574,-4602.371582,-1098.179077,1437.699585,-4614.534180,-1091.818726,1562.584106,-4628.143555,-1121.247559,1467.161987,-4564.754395,-1105.838867,1604.208984,-4602.054199,,,,,,,,,,,,,2616.300049,1567.756226,-3159.775146,,,,,,,,,,,,,,,,,,,,,,,,,,,,,,,,,
4460,44.600000,0.000000,0.000000,0.000000,1.000000,0.000000,0.000000,0.000000,57.698101,20.499701,-14.700500,0.047771,-0.013570,0.015998,-15.666301,-52.738201,18.801300,-93.396698,0.129960,17.611099,-0.182931,-0.475644,-0.680147,0.526972,-1104.270996,1517.913574,-4602.371582,-1098.179077,1437.699585,-4614.534180,-1091.818726,1562.584106,-4628.143555,-1121.247559,1467.161987,-4564.754395,-1105.838867,1604.208984,-4602.054199,,,,,,,,,,,,,2616.277588,1567.763550,-3159.784668,,,,,,,,,,,,,,,,,,,,,,,,,,,,,,,,,
4461,44.610000,0.000000,0.000000,0.000000,1.000000,0.000000,0.000000,0.000000,57.698101,20.499701,-14.700500,0.047771,-0.013570,0.015998,-15.666301,-52.738201,18.801300,-93.396698,0.129960,17.611099,-0.182931,-0.475644,-0.680147,0.526972,-1104.270996,1517.913574,-4602.371582,-1098.179077,1437.699585,-4614.534180,-1091.818726,1562.584106,-4628.143555,-1121.247559,1467.161987,-4564.754395,-1105.838867,1604.208984,-4602.054199,,,,,,,,,,,,,2616.312256,1567.740356,-3159.779053,,,,,,,,,,,,,,,,,,,,,,,,,,,,,,,,,
4462,44.620000,0.000000,0.000000,0.000000,1.000000,0.000000,0.000000,0.000000,57.698101,20.499701,-14.700500,0.047771,-0.013570,0.015998,-15.666301,-52.738201,18.801300,-93.396698,0.129960,17.611099,-0.182931,-0.475644,-0.680147,0.526972,-1104.270996,1517.913574,-4602.371582,-1098.179077,1437.699585,-4614.534180,-1091.818726,1562.584106,-4628.143555,-1121.247559,1467.161987,-4564.754395,-1105.838867,1604.208984,-4602.054199,,,,,,,,,,,,,2616.275879,1567.734375,-3159.769531,,,,,,,,,,,,,,,,,,,,,,,,,,,,,,,,,
4463,44.630000,0.000000,0.000000,0.000000,1.000000,0.000000,0.000000,0.000000,57.698101,20.499701,-14.700500,0.047771,-0.013570,0.015998,-15.666301,-52.738201,18.801300,-93.396698,0.129960,17.611099,-0.182931,-0.475644,-0.680147,0.526972,-1104.270996,1517.913574,-4602.371582,-1098.179077,1437.699585,-4614.534180,-1091.818726,1562.584106,-4628.143555,-1121.247559,1467.161987,-4564.754395,-1105.838867,1604.208984,-4602.054199,,,,,,,,,,,,,2616.270752,1567.731201,-3159.789551,,,,,,,,,,,,,,,,,,,,,,,,,,,,,,,,,
4464,44.640000,0.000000,0.000000,0.000000,1.000000,0.000000,0.000000,0.000000,57.698101,20.499701,-14.700500,0.047771,-0.013570,0.015998,-15.666301,-52.738201,18.801300,-93.396698,0.129960,17.611099,-0.182931,-0.475644,-0.680147,0.526972,-1104.270996,1517.913574,-4602.371582,-1098.179077,1437.699585,-4614.534180,-1091.818726,1562.584106,-4628.143555,-1121.247559,1467.161987,-4564.754395,-1105.838867,1604.208984,-4602.054199,,,,,,,,,,,,,2616.312988,1567.753174,-3159.786133,,,,,,,,,,,,,,,,,,,,,,,,,,,,,,,,,
4465,44.650000,0.000000,0.000000,0.000000,1.000000,0.000000,0.000000,0.000000,57.698101,20.499701,-14.700500,0.047771,-0.013570,0.015998,-15.666301,-52.738201,18.801300,-93.396698,0.129960,17.611099,-0.182931,-0.475644,-0.680147,0.526972,-1104.270996,1517.913574,-4602.371582,-1098.179077,1437.699585,-4614.534180,-1091.818726,1562.584106,-4628.143555,-1121.247559,1467.161987,-4564.754395,-1105.838867,1604.208984,-4602.054199,,,,,,,,,,,,,2616.298340,1567.734009,-3159.764893,,,,,,,,,,,,,,,,,,,,,,,,,,,,,,,,,
4466,44.660000,0.000000,0.000000,0.000000,1.000000,0.000000,0.000000,0.000000,57.698101,20.499701,-14.700500,0.047771,-0.013570,0.015998,-15.666301,-52.738201,18.801300,-93.396698,0.129960,17.611099,-0.182931,-0.475644,-0.680147,0.526972,-1104.270996,1517.913574,-4602.371582,-1098.179077,1437.699585,-4614.534180,-1091.818726,1562.584106,-4628.143555,-1121.247559,1467.161987,-4564.754395,-1105.838867,1604.208984,-4602.054199,,,,,,,,,,,,,2616.304932,1567.738647,-3159.771729,,,,,,,,,,,,,,,,,,,,,,,,,,,,,,,,,
4467,44.670000,0.000000,0.000000,0.000000,1.000000,0.000000,0.000000,0.000000,57.698101,20.499701,-14.700500,0.047771,-0.013570,0.015998,-15.666301,-52.738201,18.801300,-93.396698,0.129960,17.611099,-0.182931,-0.475644,-0.680147,0.526972,-1104.270996,1517.913574,-4602.371582,-1098.179077,1437.699585,-4614.534180,-1091.818726,1562.584106,-4628.143555,-1121.247559,1467.161987,-4564.754395,-1105.838867,1604.208984,-4602.054199,,,,,,,,,,,,,2616.320068,1567.757324,-3159.769531,,,,,,,,,,,,,,,,,,,,,,,,,,,,,,,,,
4468,44.680000,0.000000,0.000000,0.000000,1.000000,0.000000,0.000000,0.000000,57.698101,20.499701,-14.700500,0.047771,-0.013570,0.015998,-15.666301,-52.738201,18.801300,-93.396698,0.129960,17.611099,-0.182931,-0.475644,-0.680147,0.526972,-1104.270996,1517.913574,-4602.371582,-1098.179077,1437.699585,-4614.534180,-1091.818726,1562.584106,-4628.143555,-1121.247559,1467.161987,-4564.754395,-1105.838867,1604.208984,-4602.054199,,,,,,,,,,,,,2616.291016,1567.750610,-3159.778076,,,,,,,,,,,,,,,,,,,,,,,,,,,,,,,,,
4469,44.690000,0.000000,0.000000,0.000000,1.000000,0.000000,0.000000,0.000000,57.698101,20.499701,-14.700500,0.047771,-0.013570,0.015998,-15.666301,-52.738201,18.801300,-93.396698,0.129960,17.611099,-0.182931,-0.475644,-0.680147,0.526972,-1104.270996,1517.913574,-4602.371582,-1098.179077,1437.699585,-4614.534180,-1091.818726,1562.584106,-4628.143555,-1121.247559,1467.161987,-4564.754395,-1105.838867,1604.208984,-4602.054199,,,,,,,,,,,,,2616.278564,1567.782959,-3159.784912,,,,,,,,,,,,,,,,,,,,,,,,,,,,,,,,,
4470,44.700000,0.000000,0.000000,0.000000,1.000000,0.000000,0.000000,0.000000,57.698101,20.499701,-14.700500,0.047771,-0.013570,0.015998,-15.666301,-52.738201,18.801300,-93.396698,0.129960,17.611099,-0.182931,-0.475644,-0.680147,0.526972,-1104.270996,1517.913574,-4602.371582,-1098.179077,1437.699585,-4614.534180,-1091.818726,1562.584106,-4628.143555,-1121.247559,1467.161987,-4564.754395,-1105.838867,1604.208984,-4602.054199,,,,,,,,,,,,,2616.247070,1567.739868,-3159.800049,,,,,,,,,,,,,,,,,,,,,,,,,,,,,,,,,
4471,44.710000,0.000000,0.000000,0.000000,1.000000,0.000000,0.000000,0.000000,57.698101,20.499701,-14.700500,0.047771,-0.013570,0.015998,-15.666301,-52.738201,18.801300,-93.396698,0.129960,17.611099,-0.182931,-0.475644,-0.680147,0.526972,-1104.270996,1517.913574,-4602.371582,-1098.179077,1437.699585,-4614.534180,-1091.818726,1562.584106,-4628.143555,-1121.247559,1467.161987,-4564.754395,-1105.838867,1604.208984,-4602.054199,,,,,,,,,,,,,2616.305908,1567.734009,-3159.773193,,,,,,,,,,,,,,,,,,,,,,,,,,,,,,,,,
4472,44.720000,0.000000,0.000000,0.000000,1.000000,0.000000,0.000000,0.000000,57.698101,20.499701,-14.700500,0.047771,-0.013570,0.015998,-15.666301,-52.738201,18.801300,-93.396698,0.129960,17.611099,-0.182931,-0.475644,-0.680147,0.526972,-1104.270996,1517.913574,-4602.371582,-1098.179077,1437.699585,-4614.534180,-1091.818726,1562.584106,-4628.143555,-1121.247559,1467.161987,-4564.754395,-1105.838867,1604.208984,-4602.054199,,,,,,,,,,,,,2616.291748,1567.724487,-3159.764648,,,,,,,,,,,,,,,,,,,,,,,,,,,,,,,,,
4473,44.730000,0.000000,0.000000,0.000000,1.000000,0.000000,0.000000,0.000000,57.698101,20.499701,-14.700500,0.047771,-0.013570,0.015998,-15.666301,-52.738201,18.801300,-93.396698,0.129960,17.611099,-0.182931,-0.475644,-0.680147,0.526972,-1104.270996,1517.913574,-4602.371582,-1098.179077,1437.699585,-4614.534180,-1091.818726,1562.584106,-4628.143555,-1121.247559,1467.161987,-4564.754395,-1105.838867,1604.208984,-4602.054199,,,,,,,,,,,,,2616.296875,1567.735352,-3159.788330,,,,,,,,,,,,,,,,,,,,,,,,,,,,,,,,,
4474,44.740000,0.000000,0.000000,0.000000,1.000000,0.000000,0.000000,0.000000,57.698101,20.499701,-14.700500,0.047771,-0.013570,0.015998,-15.666301,-52.738201,18.801300,-93.396698,0.129960,17.611099,-0.182931,-0.475644,-0.680147,0.526972,-1104.270996,1517.913574,-4602.371582,-1098.179077,1437.699585,-4614.534180,-1091.818726,1562.584106,-4628.143555,-1121.247559,1467.161987,-4564.754395,-1105.838867,1604.208984,-4602.054199,,,,,,,,,,,,,2616.273682,1567.813721,-3159.796143,,,,,,,,,,,,,,,,,,,,,,,,,,,,,,,,,
4475,44.750000,0.000000,0.000000,0.000000,1.000000,0.000000,0.000000,0.000000,57.698101,20.499701,-14.700500,0.047771,-0.013570,0.015998,-15.666301,-52.738201,18.801300,-93.396698,0.129960,17.611099,-0.182931,-0.475644,-0.680147,0.526972,-1104.270996,1517.913574,-4602.371582,-1098.179077,1437.699585,-4614.534180,-1091.818726,1562.584106,-4628.143555,-1121.247559,1467.161987,-4564.754395,-1105.838867,1604.208984,-4602.054199,,,,,,,,,,,,,2616.267090,1567.769531,-3159.805664,,,,,,,,,,,,,,,,,,,,,,,,,,,,,,,,,
4476,44.760000,0.000000,0.000000,0.000000,1.000000,0.000000,0.000000,0.000000,57.698101,20.499701,-14.700500,0.047771,-0.013570,0.015998,-15.666301,-52.738201,18.801300,-93.396698,0.129960,17.611099,-0.182931,-0.475644,-0.680147,0.526972,-1104.270996,1517.913574,-4602.371582,-1098.179077,1437.699585,-4614.534180,-1091.818726,1562.584106,-4628.143555,-1121.247559,1467.161987,-4564.754395,-1105.838867,1604.208984,-4602.054199,,,,,,,,,,,,,2616.291260,1567.698608,-3159.773193,,,,,,,,,,,,,,,,,,,,,,,,,,,,,,,,,
4477,44.770000,0.000000,0.000000,0.000000,1.000000,0.000000,0.000000,0.000000,57.698101,20.499701,-14.700500,0.047771,-0.013570,0.015998,-15.666301,-52.738201,18.801300,-93.396698,0.129960,17.611099,-0.182931,-0.475644,-0.680147,0.526972,-1104.270996,1517.913574,-4602.371582,-1098.179077,1437.699585,-4614.534180,-1091.818726,1562.584106,-4628.143555,-1121.247559,1467.161987,-4564.754395,-1105.838867,1604.208984,-4602.054199,,,,,,,,,,,,,2616.315186,1567.721313,-3159.766602,,,,,,,,,,,,,,,,,,,,,,,,,,,,,,,,,
4478,44.780000,0.000000,0.000000,0.000000,1.000000,0.000000,0.000000,0.000000,57.698101,20.499701,-14.700500,0.047771,-0.013570,0.015998,-15.666301,-52.738201,18.801300,-93.396698,0.129960,17.611099,-0.182931,-0.475644,-0.680147,0.526972,-1104.270996,1517.913574,-4602.371582,-1098.179077,1437.699585,-4614.534180,-1091.818726,1562.584106,-4628.143555,-1121.247559,1467.161987,-4564.754395,-1105.838867,1604.208984,-4602.054199,,,,,,,,,,,,,2616.267334,1567.767090,-3159.787598,,,,,,,,,,,,,,,,,,,,,,,,,,,,,,,,,
4479,44.790000,0.000000,0.000000,0.000000,1.000000,0.000000,0.000000,0.000000,57.698101,20.499701,-14.700500,0.047771,-0.013570,0.015998,-15.666301,-52.738201,18.801300,-93.396698,0.129960,17.611099,-0.182931,-0.475644,-0.680147,0.526972,-1104.270996,1517.913574,-4602.371582,-1098.179077,1437.699585,-4614.534180,-1091.818726,1562.584106,-4628.143555,-1121.247559,1467.161987,-4564.754395,-1105.838867,1604.208984,-4602.054199,,,,,,,,,,,,,2616.256836,1567.761719,-3159.800537,,,,,,,,,,,,,,,,,,,,,,,,,,,,,,,,,
4480,44.800000,0.000000,0.000000,0.000000,1.000000,0.000000,0.000000,0.000000,57.698101,20.499701,-14.700500,0.047771,-0.013570,0.015998,-15.666301,-52.738201,18.801300,-93.396698,0.129960,17.611099,-0.182931,-0.475644,-0.680147,0.526972,-1104.270996,1517.913574,-4602.371582,-1098.179077,1437.699585,-4614.534180,-1091.818726,1562.584106,-4628.143555,-1121.247559,1467.161987,-4564.754395,-1105.838867,1604.208984,-4602.054199,,,,,,,,,,,,,2616.281738,1567.741211,-3159.788574,,,,,,,,,,,,,,,,,,,,,,,,,,,,,,,,,
4481,44.810000,0.000000,0.000000,0.000000,1.000000,0.000000,0.000000,0.000000,57.698101,20.499701,-14.700500,0.047771,-0.013570,0.015998,-15.666301,-52.738201,18.801300,-93.396698,0.129960,17.611099,-0.182931,-0.475644,-0.680147,0.526972,-1104.270996,1517.913574,-4602.371582,-1098.179077,1437.699585,-4614.534180,-1091.818726,1562.584106,-4628.143555,-1121.247559,1467.161987,-4564.754395,-1105.838867,1604.208984,-4602.054199,,,,,,,,,,,,,2616.288818,1567.756836,-3159.778076,,,,,,,,,,,,,,,,,,,,,,,,,,,,,,,,,
4482,44.820000,0.000000,0.000000,0.000000,1.000000,0.000000,0.000000,0.000000,57.698101,20.499701,-14.700500,0.047771,-0.013570,0.015998,-15.666301,-52.738201,18.801300,-93.396698,0.129960,17.611099,-0.182931,-0.475644,-0.680147,0.526972,-1104.270996,1517.913574,-4602.371582,-1098.179077,1437.699585,-4614.534180,-1091.818726,1562.584106,-4628.143555,-1121.247559,1467.161987,-4564.754395,-1105.838867,1604.208984,-4602.054199,,,,,,,,,,,,,2616.254639,1567.728638,-3159.784424,,,,,,,,,,,,,,,,,,,,,,,,,,,,,,,,,
4483,44.830000,0.000000,0.000000,0.000000,1.000000,0.000000,0.000000,0.000000,57.698101,20.499701,-14.700500,0.047771,-0.013570,0.015998,-15.666301,-52.738201,18.801300,-93.396698,0.129960,17.611099,-0.182931,-0.475644,-0.680147,0.526972,-1104.270996,1517.913574,-4602.371582,-1098.179077,1437.699585,-4614.534180,-1091.818726,1562.584106,-4628.143555,-1121.247559,1467.161987,-4564.754395,-1105.838867,1604.208984,-4602.054199,,,,,,,,,,,,,2616.288086,1567.718872,-3159.783936,,,,,,,,,,,,,,,,,,,,,,,,,,,,,,,,,
4484,44.840000,0.000000,0.000000,0.000000,1.000000,0.000000,0.000000,0.000000,57.698101,20.499701,-14.700500,0.047771,-0.013570,0.015998,-15.666301,-52.738201,18.801300,-93.396698,0.129960,17.611099,-0.182931,-0.475644,-0.680147,0.526972,-1104.270996,1517.913574,-4602.371582,-1098.179077,1437.699585,-4614.534180,-1091.818726,1562.584106,-4628.143555,-1121.247559,1467.161987,-4564.754395,-1105.838867,1604.208984,-4602.054199,,,,,,,,,,,,,2616.296875,1567.705811,-3159.772461,,,,,,,,,,,,,,,,,,,,,,,,,,,,,,,,,
4485,44.850000,0.000000,0.000000,0.000000,1.000000,0.000000,0.000000,0.000000,57.698101,20.499701,-14.700500,0.047771,-0.013570,0.015998,-15.666301,-52.738201,18.801300,-93.396698,0.129960,17.611099,-0.182931,-0.475644,-0.680147,0.526972,-1104.270996,1517.913574,-4602.371582,-1098.179077,1437.699585,-4614.534180,-1091.818726,1562.584106,-4628.143555,-1121.247559,1467.161987,-4564.754395,-1105.838867,1604.208984,-4602.054199,,,,,,,,,,,,,2616.273438,1567.742554,-3159.773682,,,,,,,,,,,,,,,,,,,,,,,,,,,,,,,,,
4486,44.860000,0.000000,0.000000,0.000000,1.000000,0.000000,0.000000,0.000000,57.698101,20.499701,-14.700500,0.047771,-0.013570,0.015998,-15.666301,-52.738201,18.801300,-93.396698,0.129960,17.611099,-0.182931,-0.475644,-0.680147,0.526972,-1104.270996,1517.913574,-4602.371582,-1098.179077,1437.699585,-4614.534180,-1091.818726,1562.584106,-4628.143555,-1121.247559,1467.161987,-4564.754395,-1105.838867,1604.208984,-4602.054199,,,,,,,,,,,,,2616.264648,1567.735474,-3159.791016,,,,,,,,,,,,,,,,,,,,,,,,,,,,,,,,,
4487,44.870000,0.000000,0.000000,0.000000,1.000000,0.000000,0.000000,0.000000,57.698101,20.499701,-14.700500,0.047771,-0.013570,0.015998,-15.666301,-52.738201,18.801300,-93.396698,0.129960,17.611099,-0.182931,-0.475644,-0.680147,0.526972,-1104.270996,1517.913574,-4602.371582,-1098.179077,1437.699585,-4614.534180,-1091.818726,1562.584106,-4628.143555,-1121.247559,1467.161987,-4564.754395,-1105.838867,1604.208984,-4602.054199,,,,,,,,,,,,,2616.313965,1567.763428,-3159.773682,,,,,,,,,,,,,,,,,,,,,,,,,,,,,,,,,
4488,44.880000,0.000000,0.000000,0.000000,1.000000,0.000000,0.000000,0.000000,57.698101,20.499701,-14.700500,0.047771,-0.013570,0.015998,-15.666301,-52.738201,18.801300,-93.396698,0.129960,17.611099,-0.182931,-0.475644,-0.680147,0.526972,-1104.270996,1517.913574,-4602.371582,-1098.179077,1437.699585,-4614.534180,-1091.818726,1562.584106,-4628.143555,-1121.247559,1467.161987,-4564.754395,-1105.838867,1604.208984,-4602.054199,,,,,,,,,,,,,2616.312256,1567.738281,-3159.767090,,,,,,,,,,,,,,,,,,,,,,,,,,,,,,,,,
4489,44.890000,0.000000,0.000000,0.000000,1.000000,0.000000,0.000000,0.000000,57.698101,20.499701,-14.700500,0.047771,-0.013570,0.015998,-15.666301,-52.738201,18.801300,-93.396698,0.129960,17.611099,-0.182931,-0.475644,-0.680147,0.526972,-1104.270996,1517.913574,-4602.371582,-1098.179077,1437.699585,-4614.534180,-1091.818726,1562.584106,-4628.143555,-1121.247559,1467.161987,-4564.754395,-1105.838867,1604.208984,-4602.054199,,,,,,,,,,,,,2616.276611,1567.725830,-3159.768311,,,,,,,,,,,,,,,,,,,,,,,,,,,,,,,,,
4490,44.900000,0.000000,0.000000,0.000000,1.000000,0.000000,0.000000,0.000000,57.698101,20.499701,-14.700500,0.047771,-0.013570,0.015998,-15.666301,-52.738201,18.801300,-93.396698,0.129960,17.611099,-0.182931,-0.475644,-0.680147,0.526972,-1104.270996,1517.913574,-4602.371582,-1098.179077,1437.699585,-4614.534180,-1091.818726,1562.584106,-4628.143555,-1121.247559,1467.161987,-4564.754395,-1105.838867,1604.208984,-4602.054199,,,,,,,,,,,,,2616.279053,1567.777344,-3159.794189,,,,,,,,,,,,,,,,,,,,,,,,,,,,,,,,,
4491,44.910000,0.000000,0.000000,0.000000,1.000000,0.000000,0.000000,0.000000,57.698101,20.499701,-14.700500,0.047771,-0.013570,0.015998,-15.666301,-52.738201,18.801300,-93.396698,0.129960,17.611099,-0.182931,-0.475644,-0.680147,0.526972,-1104.270996,1517.913574,-4602.371582,-1098.179077,1437.699585,-4614.534180,-1091.818726,1562.584106,-4628.143555,-1121.247559,1467.161987,-4564.754395,-1105.838867,1604.208984,-4602.054199,,,,,,,,,,,,,2616.255859,1567.783081,-3159.797363,,,,,,,,,,,,,,,,,,,,,,,,,,,,,,,,,
4492,44.920000,0.000000,0.000000,0.000000,1.000000,0.000000,0.000000,0.000000,57.698101,20.499701,-14.700500,0.047771,-0.013570,0.015998,-15.666301,-52.738201,18.801300,-93.396698,0.129960,17.611099,-0.182931,-0.475644,-0.680147,0.526972,-1104.270996,1517.913574,-4602.371582,-1098.179077,1437.699585,-4614.534180,-1091.818726,1562.584106,-4628.143555,-1121.247559,1467.161987,-4564.754395,-1105.838867,1604.208984,-4602.054199,,,,,,,,,,,,,2616.281982,1567.779785,-3159.791016,,,,,,,,,,,,,,,,,,,,,,,,,,,,,,,,,
4493,44.930000,0.000000,0.000000,0.000000,1.000000,0.000000,0.000000,0.000000,57.698101,20.499701,-14.700500,0.047771,-0.013570,0.015998,-15.666301,-52.738201,18.801300,-93.396698,0.129960,17.611099,-0.182931,-0.475644,-0.680147,0.526972,-1104.270996,1517.913574,-4602.371582,-1098.179077,1437.699585,-4614.534180,-1091.818726,1562.584106,-4628.143555,-1121.247559,1467.161987,-4564.754395,-1105.838867,1604.208984,-4602.054199,,,,,,,,,,,,,2616.277100,1567.755127,-3159.782959,,,,,,,,,,,,,,,,,,,,,,,,,,,,,,,,,
4494,44.940000,0.000000,0.000000,0.000000,1.000000,0.000000,0.000000,0.000000,57.698101,20.499701,-14.700500,0.047771,-0.013570,0.015998,-15.666301,-52.738201,18.801300,-93.396698,0.129960,17.611099,-0.182931,-0.475644,-0.680147,0.526972,-1104.270996,1517.913574,-4602.371582,-1098.179077,1437.699585,-4614.534180,-1091.818726,1562.584106,-4628.143555,-1121.247559,1467.161987,-4564.754395,-1105.838867,1604.208984,-4602.054199,,,,,,,,,,,,,2616.278564,1567.718994,-3159.779785,,,,,,,,,,,,,,,,,,,,,,,,,,,,,,,,,
4495,44.950000,0.000000,0.000000,0.000000,1.000000,0.000000,0.000000,0.000000,57.698101,20.499701,-14.700500,0.047771,-0.013570,0.015998,-15.666301,-52.738201,18.801300,-93.396698,0.129960,17.611099,-0.182931,-0.475644,-0.680147,0.526972,-1104.270996,1517.913574,-4602.371582,-1098.179077,1437.699585,-4614.534180,-1091.818726,1562.584106,-4628.143555,-1121.247559,1467.161987,-4564.754395,-1105.838867,1604.208984,-4602.054199,,,,,,,,,,,,,2616.284180,1567.745605,-3159.777832,,,,,,,,,,,,,,,,,,,,,,,,,,,,,,,,,
4496,44.960000,0.000000,0.000000,0.000000,1.000000,0.000000,0.000000,0.000000,57.698101,20.499701,-14.700500,0.047771,-0.013570,0.015998,-15.666301,-52.738201,18.801300,-93.396698,0.129960,17.611099,-0.182931,-0.475644,-0.680147,0.526972,-1104.270996,1517.913574,-4602.371582,-1098.179077,1437.699585,-4614.534180,-1091.818726,1562.584106,-4628.143555,-1121.247559,1467.161987,-4564.754395,-1105.838867,1604.208984,-4602.054199,,,,,,,,,,,,,2616.272461,1567.767456,-3159.792236,,,,,,,,,,,,,,,,,,,,,,,,,,,,,,,,,
4497,44.970000,0.000000,0.000000,0.000000,1.000000,0.000000,0.000000,0.000000,57.698101,20.499701,-14.700500,0.047771,-0.013570,0.015998,-15.666301,-52.738201,18.801300,-93.396698,0.129960,17.611099,-0.182931,-0.475644,-0.680147,0.526972,-1104.270996,1517.913574,-4602.371582,-1098.179077,1437.699585,-4614.534180,-1091.818726,1562.584106,-4628.143555,-1121.247559,1467.161987,-4564.754395,-1105.838867,1604.208984,-4602.054199,,,,,,,,,,,,,2616.265137,1567.776001,-3159.802979,,,,,,,,,,,,,,,,,,,,,,,,,,,,,,,,,
4498,44.980000,0.000000,0.000000,0.000000,1.000000,0.000000,0.000000,0.000000,57.698101,20.499701,-14.700500,0.047771,-0.013570,0.015998,-15.666301,-52.738201,18.801300,-93.396698,0.129960,17.611099,-0.182931,-0.475644,-0.680147,0.526972,-1104.270996,1517.913574,-4602.371582,-1098.179077,1437.699585,-4614.534180,-1091.818726,1562.584106,-4628.143555,-1121.247559,1467.161987,-4564.754395,-1105.838867,1604.208984,-4602.054199,,,,,,,,,,,,,2616.279785,1567.746948,-3159.788574,,,,,,,,,,,,,,,,,,,,,,,,,,,,,,,,,
4499,44.990000,0.000000,0.000000,0.000000,1.000000,0.000000,0.000000,0.000000,57.698101,20.499701,-14.700500,0.047771,-0.013570,0.015998,-15.666301,-52.738201,18.801300,-93.396698,0.129960,17.611099,-0.182931,-0.475644,-0.680147,0.526972,-1104.270996,1517.913574,-4602.371582,-1098.179077,1437.699585,-4614.534180,-1091.818726,1562.584106,-4628.143555,-1121.247559,1467.161987,-4564.754395,-1105.838867,1604.208984,-4602.054199,,,,,,,,,,,,,2616.295166,1567.754150,-3159.789551,,,,,,,,,,,,,,,,,,,,,,,,,,,,,,,,,
4500,45.000000,0.000000,0.000000,0.000000,1.000000,0.000000,0.000000,0.000000,57.698101,20.499701,-14.700500,0.047771,-0.013570,0.015998,-15.666301,-52.738201,18.801300,-93.396698,0.129960,17.611099,-0.182931,-0.475644,-0.680147,0.526972,-1104.270996,1517.913574,-4602.371582,-1098.179077,1437.699585,-4614.534180,-1091.818726,1562.584106,-4628.143555,-1121.247559,1467.161987,-4564.754395,-1105.838867,1604.208984,-4602.054199,,,,,,,,,,,,,2616.303955,1567.748047,-3159.783203,,,,,,,,,,,,,,,,,,,,,,,,,,,,,,,,,
4501,45.010000,0.000000,0.000000,0.000000,1.000000,0.000000,0.000000,0.000000,57.698101,20.499701,-14.700500,0.047771,-0.013570,0.015998,-15.666301,-52.738201,18.801300,-93.396698,0.129960,17.611099,-0.182931,-0.475644,-0.680147,0.526972,-1104.270996,1517.913574,-4602.371582,-1098.179077,1437.699585,-4614.534180,-1091.818726,1562.584106,-4628.143555,-1121.247559,1467.161987,-4564.754395,-1105.838867,1604.208984,-4602.054199,,,,,,,,,,,,,2616.280762,1567.731689,-3159.781494,,,,,,,,,,,,,,,,,,,,,,,,,,,,,,,,,
4502,45.020000,0.000000,0.000000,0.000000,1.000000,0.000000,0.000000,0.000000,57.698101,20.499701,-14.700500,0.047771,-0.013570,0.015998,-15.666301,-52.738201,18.801300,-93.396698,0.129960,17.611099,-0.182931,-0.475644,-0.680147,0.526972,-1104.270996,1517.913574,-4602.371582,-1098.179077,1437.699585,-4614.534180,-1091.818726,1562.584106,-4628.143555,-1121.247559,1467.161987,-4564.754395,-1105.838867,1604.208984,-4602.054199,,,,,,,,,,,,,2616.302490,1567.723145,-3159.792969,,,,,,,,,,,,,,,,,,,,,,,,,,,,,,,,,
4503,45.030000,0.000000,0.000000,0.000000,1.000000,0.000000,0.000000,0.000000,57.698101,20.499701,-14.700500,0.047771,-0.013570,0.015998,-15.666301,-52.738201,18.801300,-93.396698,0.129960,17.611099,-0.182931,-0.475644,-0.680147,0.526972,-1104.270996,1517.913574,-4602.371582,-1098.179077,1437.699585,-4614.534180,-1091.818726,1562.584106,-4628.143555,-1121.247559,1467.161987,-4564.754395,-1105.838867,1604.208984,-4602.054199,,,,,,,,,,,,,2616.266602,1567.726196,-3159.781494,,,,,,,,,,,,,,,,,,,,,,,,,,,,,,,,,
4504,45.040000,0.000000,0.000000,0.000000,1.000000,0.000000,0.000000,0.000000,57.698101,20.499701,-14.700500,0.047771,-0.013570,0.015998,-15.666301,-52.738201,18.801300,-93.396698,0.129960,17.611099,-0.182931,-0.475644,-0.680147,0.526972,-1104.270996,1517.913574,-4602.371582,-1098.179077,1437.699585,-4614.534180,-1091.818726,1562.584106,-4628.143555,-1121.247559,1467.161987,-4564.754395,-1105.838867,1604.208984,-4602.054199,,,,,,,,,,,,,2616.298096,1567.760132,-3159.782959,,,,,,,,,,,,,,,,,,,,,,,,,,,,,,,,,
4505,45.050000,0.000000,0.000000,0.000000,1.000000,0.000000,0.000000,0.000000,57.698101,20.499701,-14.700500,0.047771,-0.013570,0.015998,-15.666301,-52.738201,18.801300,-93.396698,0.129960,17.611099,-0.182931,-0.475644,-0.680147,0.526972,-1104.270996,1517.913574,-4602.371582,-1098.179077,1437.699585,-4614.534180,-1091.818726,1562.584106,-4628.143555,-1121.247559,1467.161987,-4564.754395,-1105.838867,1604.208984,-4602.054199,,,,,,,,,,,,,2616.273193,1567.764038,-3159.791992,,,,,,,,,,,,,,,,,,,,,,,,,,,,,,,,,
4506,45.060000,0.000000,0.000000,0.000000,1.000000,0.000000,0.000000,0.000000,57.698101,20.499701,-14.700500,0.047771,-0.013570,0.015998,-15.666301,-52.738201,18.801300,-93.396698,0.129960,17.611099,-0.182931,-0.475644,-0.680147,0.526972,-1104.270996,1517.913574,-4602.371582,-1098.179077,1437.699585,-4614.534180,-1091.818726,1562.584106,-4628.143555,-1121.247559,1467.161987,-4564.754395,-1105.838867,1604.208984,-4602.054199,,,,,,,,,,,,,2616.254150,1567.731079,-3159.799561,,,,,,,,,,,,,,,,,,,,,,,,,,,,,,,,,
4507,45.070000,0.000000,0.000000,0.000000,1.000000,0.000000,0.000000,0.000000,57.698101,20.499701,-14.700500,0.047771,-0.013570,0.015998,-15.666301,-52.738201,18.801300,-93.396698,0.129960,17.611099,-0.182931,-0.475644,-0.680147,0.526972,-1104.270996,1517.913574,-4602.371582,-1098.179077,1437.699585,-4614.534180,-1091.818726,1562.584106,-4628.143555,-1121.247559,1467.161987,-4564.754395,-1105.838867,1604.208984,-4602.054199,,,,,,,,,,,,,2616.268799,1567.742798,-3159.789062,,,,,,,,,,,,,,,,,,,,,,,,,,,,,,,,,
4508,45.080000,0.000000,0.000000,0.000000,1.000000,0.000000,0.000000,0.000000,57.698101,20.499701,-14.700500,0.047771,-0.013570,0.015998,-15.666301,-52.738201,18.801300,-93.396698,0.129960,17.611099,-0.182931,-0.475644,-0.680147,0.526972,-1104.270996,1517.913574,-4602.371582,-1098.179077,1437.699585,-4614.534180,-1091.818726,1562.584106,-4628.143555,-1121.247559,1467.161987,-4564.754395,-1105.838867,1604.208984,-4602.054199,,,,,,,,,,,,,2616.317139,1567.749756,-3159.774658,,,,,,,,,,,,,,,,,,,,,,,,,,,,,,,,,
4509,45.090000,0.000000,0.000000,0.000000,1.000000,0.000000,0.000000,0.000000,57.698101,20.499701,-14.700500,0.047771,-0.013570,0.015998,-15.666301,-52.738201,18.801300,-93.396698,0.129960,17.611099,-0.182931,-0.475644,-0.680147,0.526972,-1104.270996,1517.913574,-4602.371582,-1098.179077,1437.699585,-4614.534180,-1091.818726,1562.584106,-4628.143555,-1121.247559,1467.161987,-4564.754395,-1105.838867,1604.208984,-4602.054199,,,,,,,,,,,,,2616.286377,1567.746094,-3159.779785,,,,,,,,,,,,,,,,,,,,,,,,,,,,,,,,,
4510,45.100000,0.000000,0.000000,0.000000,1.000000,0.000000,0.000000,0.000000,57.698101,20.499701,-14.700500,0.047771,-0.013570,0.015998,-15.666301,-52.738201,18.801300,-93.396698,0.129960,17.611099,-0.182931,-0.475644,-0.680147,0.526972,-1104.270996,1517.913574,-4602.371582,-1098.179077,1437.699585,-4614.534180,-1091.818726,1562.584106,-4628.143555,-1121.247559,1467.161987,-4564.754395,-1105.838867,1604.208984,-4602.054199,,,,,,,,,,,,,2616.292725,1567.775269,-3159.789062,,,,,,,,,,,,,,,,,,,,,,,,,,,,,,,,,
4511,45.110000,0.000000,0.000000,0.000000,1.000000,0.000000,0.000000,0.000000,57.698101,20.499701,-14.700500,0.047771,-0.013570,0.015998,-15.666301,-52.738201,18.801300,-93.396698,0.129960,17.611099,-0.182931,-0.475644,-0.680147,0.526972,-1104.270996,1517.913574,-4602.371582,-1098.179077,1437.699585,-4614.534180,-1091.818726,1562.584106,-4628.143555,-1121.247559,1467.161987,-4564.754395,-1105.838867,1604.208984,-4602.054199,,,,,,,,,,,,,2616.279297,1567.763306,-3159.790039,,,,,,,,,,,,,,,,,,,,,,,,,,,,,,,,,
4512,45.120000,0.000000,0.000000,0.000000,1.000000,0.000000,0.000000,0.000000,57.698101,20.499701,-14.700500,0.047771,-0.013570,0.015998,-15.666301,-52.738201,18.801300,-93.396698,0.129960,17.611099,-0.182931,-0.475644,-0.680147,0.526972,-1104.270996,1517.913574,-4602.371582,-1098.179077,1437.699585,-4614.534180,-1091.818726,1562.584106,-4628.143555,-1121.247559,1467.161987,-4564.754395,-1105.838867,1604.208984,-4602.054199,,,,,,,,,,,,,2616.295654,1567.749634,-3159.784912,,,,,,,,,,,,,,,,,,,,,,,,,,,,,,,,,
4513,45.130000,0.000000,0.000000,0.000000,1.000000,0.000000,0.000000,0.000000,57.698101,20.499701,-14.700500,0.047771,-0.013570,0.015998,-15.666301,-52.738201,18.801300,-93.396698,0.129960,17.611099,-0.182931,-0.475644,-0.680147,0.526972,-1104.270996,1517.913574,-4602.371582,-1098.179077,1437.699585,-4614.534180,-1091.818726,1562.584106,-4628.143555,-1121.247559,1467.161987,-4564.754395,-1105.838867,1604.208984,-4602.054199,,,,,,,,,,,,,2616.286621,1567.778442,-3159.779785,,,,,,,,,,,,,,,,,,,,,,,,,,,,,,,,,
4514,45.140000,0.000000,0.000000,0.000000,1.000000,0.000000,0.000000,0.000000,57.698101,20.499701,-14.700500,0.047771,-0.013570,0.015998,-15.666301,-52.738201,18.801300,-93.396698,0.129960,17.611099,-0.182931,-0.475644,-0.680147,0.526972,-1104.270996,1517.913574,-4602.371582,-1098.179077,1437.699585,-4614.534180,-1091.818726,1562.584106,-4628.143555,-1121.247559,1467.161987,-4564.754395,-1105.838867,1604.208984,-4602.054199,,,,,,,,,,,,,2616.289062,1567.752441,-3159.781006,,,,,,,,,,,,,,,,,,,,,,,,,,,,,,,,,
4515,45.150000,0.000000,0.000000,0.000000,1.000000,0.000000,0.000000,0.000000,57.698101,20.499701,-14.700500,0.047771,-0.013570,0.015998,-15.666301,-52.738201,18.801300,-93.396698,0.129960,17.611099,-0.182931,-0.475644,-0.680147,0.526972,-1104.270996,1517.913574,-4602.371582,-1098.179077,1437.699585,-4614.534180,-1091.818726,1562.584106,-4628.143555,-1121.247559,1467.161987,-4564.754395,-1105.838867,1604.208984,-4602.054199,,,,,,,,,,,,,2616.324463,1567.758423,-3159.773193,,,,,,,,,,,,,,,,,,,,,,,,,,,,,,,,,
4516,45.160000,0.000000,0.000000,0.000000,1.000000,0.000000,0.000000,0.000000,57.698101,20.499701,-14.700500,0.047771,-0.013570,0.015998,-15.666301,-52.738201,18.801300,-93.396698,0.129960,17.611099,-0.182931,-0.475644,-0.680147,0.526972,-1104.270996,1517.913574,-4602.371582,-1098.179077,1437.699585,-4614.534180,-1091.818726,1562.584106,-4628.143555,-1121.247559,1467.161987,-4564.754395,-1105.838867,1604.208984,-4602.054199,,,,,,,,,,,,,2616.274658,1567.749634,-3159.793457,,,,,,,,,,,,,,,,,,,,,,,,,,,,,,,,,
4517,45.170000,0.000000,0.000000,0.000000,1.000000,0.000000,0.000000,0.000000,57.698101,20.499701,-14.700500,0.047771,-0.013570,0.015998,-15.666301,-52.738201,18.801300,-93.396698,0.129960,17.611099,-0.182931,-0.475644,-0.680147,0.526972,-1104.270996,1517.913574,-4602.371582,-1098.179077,1437.699585,-4614.534180,-1091.818726,1562.584106,-4628.143555,-1121.247559,1467.161987,-4564.754395,-1105.838867,1604.208984,-4602.054199,,,,,,,,,,,,,2616.257812,1567.712036,-3159.786133,,,,,,,,,,,,,,,,,,,,,,,,,,,,,,,,,
4518,45.180000,0.000000,0.000000,0.000000,1.000000,0.000000,0.000000,0.000000,57.698101,20.499701,-14.700500,0.047771,-0.013570,0.015998,-15.666301,-52.738201,18.801300,-93.396698,0.129960,17.611099,-0.182931,-0.475644,-0.680147,0.526972,-1104.270996,1517.913574,-4602.371582,-1098.179077,1437.699585,-4614.534180,-1091.818726,1562.584106,-4628.143555,-1121.247559,1467.161987,-4564.754395,-1105.838867,1604.208984,-4602.054199,,,,,,,,,,,,,2616.274414,1567.741699,-3159.774414,,,,,,,,,,,,,,,,,,,,,,,,,,,,,,,,,
4519,45.190000,0.000000,0.000000,0.000000,1.000000,0.000000,0.000000,0.000000,57.698101,20.499701,-14.700500,0.047771,-0.013570,0.015998,-15.666301,-52.738201,18.801300,-93.396698,0.129960,17.611099,-0.182931,-0.475644,-0.680147,0.526972,-1104.270996,1517.913574,-4602.371582,-1098.179077,1437.699585,-4614.534180,-1091.818726,1562.584106,-4628.143555,-1121.247559,1467.161987,-4564.754395,-1105.838867,1604.208984,-4602.054199,,,,,,,,,,,,,2616.306152,1567.762329,-3159.781738,,,,,,,,,,,,,,,,,,,,,,,,,,,,,,,,,
4520,45.200000,0.000000,0.000000,0.000000,1.000000,0.000000,0.000000,0.000000,57.698101,20.499701,-14.700500,0.047771,-0.013570,0.015998,-15.666301,-52.738201,18.801300,-93.396698,0.129960,17.611099,-0.182931,-0.475644,-0.680147,0.526972,-1104.270996,1517.913574,-4602.371582,-1098.179077,1437.699585,-4614.534180,-1091.818726,1562.584106,-4628.143555,-1121.247559,1467.161987,-4564.754395,-1105.838867,1604.208984,-4602.054199,,,,,,,,,,,,,2616.315430,1567.761841,-3159.766846,,,,,,,,,,,,,,,,,,,,,,,,,,,,,,,,,
4521,45.210000,0.000000,0.000000,0.000000,1.000000,0.000000,0.000000,0.000000,57.698101,20.499701,-14.700500,0.047771,-0.013570,0.015998,-15.666301,-52.738201,18.801300,-93.396698,0.129960,17.611099,-0.182931,-0.475644,-0.680147,0.526972,-1104.270996,1517.913574,-4602.371582,-1098.179077,1437.699585,-4614.534180,-1091.818726,1562.584106,-4628.143555,-1121.247559,1467.161987,-4564.754395,-1105.838867,1604.208984,-4602.054199,,,,,,,,,,,,,2616.320068,1567.729614,-3159.772461,,,,,,,,,,,,,,,,,,,,,,,,,,,,,,,,,
4522,45.220000,0.000000,0.000000,0.000000,1.000000,0.000000,0.000000,0.000000,57.698101,20.499701,-14.700500,0.047771,-0.013570,0.015998,-15.666301,-52.738201,18.801300,-93.396698,0.129960,17.611099,-0.182931,-0.475644,-0.680147,0.526972,-1104.270996,1517.913574,-4602.371582,-1098.179077,1437.699585,-4614.534180,-1091.818726,1562.584106,-4628.143555,-1121.247559,1467.161987,-4564.754395,-1105.838867,1604.208984,-4602.054199,,,,,,,,,,,,,2616.301025,1567.725708,-3159.769043,,,,,,,,,,,,,,,,,,,,,,,,,,,,,,,,,
4523,45.230000,0.000000,0.000000,0.000000,1.000000,0.000000,0.000000,0.000000,57.698101,20.499701,-14.700500,0.047771,-0.013570,0.015998,-15.666301,-52.738201,18.801300,-93.396698,0.129960,17.611099,-0.182931,-0.475644,-0.680147,0.526972,-1104.270996,1517.913574,-4602.371582,-1098.179077,1437.699585,-4614.534180,-1091.818726,1562.584106,-4628.143555,-1121.247559,1467.161987,-4564.754395,-1105.838867,1604.208984,-4602.054199,,,,,,,,,,,,,2616.263428,1567.769897,-3159.804932,,,,,,,,,,,,,,,,,,,,,,,,,,,,,,,,,
4524,45.240000,0.000000,0.000000,0.000000,1.000000,0.000000,0.000000,0.000000,57.698101,20.499701,-14.700500,0.047771,-0.013570,0.015998,-15.666301,-52.738201,18.801300,-93.396698,0.129960,17.611099,-0.182931,-0.475644,-0.680147,0.526972,-1104.270996,1517.913574,-4602.371582,-1098.179077,1437.699585,-4614.534180,-1091.818726,1562.584106,-4628.143555,-1121.247559,1467.161987,-4564.754395,-1105.838867,1604.208984,-4602.054199,,,,,,,,,,,,,2616.265137,1567.781250,-3159.814697,,,,,,,,,,,,,,,,,,,,,,,,,,,,,,,,,
4525,45.250000,0.000000,0.000000,0.000000,1.000000,0.000000,0.000000,0.000000,57.698101,20.499701,-14.700500,0.047771,-0.013570,0.015998,-15.666301,-52.738201,18.801300,-93.396698,0.129960,17.611099,-0.182931,-0.475644,-0.680147,0.526972,-1104.270996,1517.913574,-4602.371582,-1098.179077,1437.699585,-4614.534180,-1091.818726,1562.584106,-4628.143555,-1121.247559,1467.161987,-4564.754395,-1105.838867,1604.208984,-4602.054199,,,,,,,,,,,,,2616.251709,1567.733398,-3159.800049,,,,,,,,,,,,,,,,,,,,,,,,,,,,,,,,,
4526,45.260000,0.000000,0.000000,0.000000,1.000000,0.000000,0.000000,0.000000,57.698101,20.499701,-14.700500,0.047771,-0.013570,0.015998,-15.666301,-52.738201,18.801300,-93.396698,0.129960,17.611099,-0.182931,-0.475644,-0.680147,0.526972,-1104.270996,1517.913574,-4602.371582,-1098.179077,1437.699585,-4614.534180,-1091.818726,1562.584106,-4628.143555,-1121.247559,1467.161987,-4564.754395,-1105.838867,1604.208984,-4602.054199,,,,,,,,,,,,,2616.263672,1567.748047,-3159.788574,,,,,,,,,,,,,,,,,,,,,,,,,,,,,,,,,
4527,45.270000,0.000000,0.000000,0.000000,1.000000,0.000000,0.000000,0.000000,57.698101,20.499701,-14.700500,0.047771,-0.013570,0.015998,-15.666301,-52.738201,18.801300,-93.396698,0.129960,17.611099,-0.182931,-0.475644,-0.680147,0.526972,-1104.270996,1517.913574,-4602.371582,-1098.179077,1437.699585,-4614.534180,-1091.818726,1562.584106,-4628.143555,-1121.247559,1467.161987,-4564.754395,-1105.838867,1604.208984,-4602.054199,,,,,,,,,,,,,2616.267822,1567.744629,-3159.786133,,,,,,,,,,,,,,,,,,,,,,,,,,,,,,,,,
4528,45.280000,0.000000,0.000000,0.000000,1.000000,0.000000,0.000000,0.000000,57.698101,20.499701,-14.700500,0.047771,-0.013570,0.015998,-15.666301,-52.738201,18.801300,-93.396698,0.129960,17.611099,-0.182931,-0.475644,-0.680147,0.526972,-1104.270996,1517.913574,-4602.371582,-1098.179077,1437.699585,-4614.534180,-1091.818726,1562.584106,-4628.143555,-1121.247559,1467.161987,-4564.754395,-1105.838867,1604.208984,-4602.054199,,,,,,,,,,,,,2616.311768,1567.780151,-3159.781738,,,,,,,,,,,,,,,,,,,,,,,,,,,,,,,,,
4529,45.290000,0.000000,0.000000,0.000000,1.000000,0.000000,0.000000,0.000000,57.698101,20.499701,-14.700500,0.047771,-0.013570,0.015998,-15.666301,-52.738201,18.801300,-93.396698,0.129960,17.611099,-0.182931,-0.475644,-0.680147,0.526972,-1104.270996,1517.913574,-4602.371582,-1098.179077,1437.699585,-4614.534180,-1091.818726,1562.584106,-4628.143555,-1121.247559,1467.161987,-4564.754395,-1105.838867,1604.208984,-4602.054199,,,,,,,,,,,,,2616.287354,1567.740356,-3159.790039,,,,,,,,,,,,,,,,,,,,,,,,,,,,,,,,,
4530,45.300000,0.000000,0.000000,0.000000,1.000000,0.000000,0.000000,0.000000,57.698101,20.499701,-14.700500,0.047771,-0.013570,0.015998,-15.666301,-52.738201,18.801300,-93.396698,0.129960,17.611099,-0.182931,-0.475644,-0.680147,0.526972,-1104.270996,1517.913574,-4602.371582,-1098.179077,1437.699585,-4614.534180,-1091.818726,1562.584106,-4628.143555,-1121.247559,1467.161987,-4564.754395,-1105.838867,1604.208984,-4602.054199,,,,,,,,,,,,,2616.285156,1567.724731,-3159.777588,,,,,,,,,,,,,,,,,,,,,,,,,,,,,,,,,
4531,45.310000,0.000000,0.000000,0.000000,1.000000,0.000000,0.000000,0.000000,57.698101,20.499701,-14.700500,0.047771,-0.013570,0.015998,-15.666301,-52.738201,18.801300,-93.396698,0.129960,17.611099,-0.182931,-0.475644,-0.680147,0.526972,-1104.270996,1517.913574,-4602.371582,-1098.179077,1437.699585,-4614.534180,-1091.818726,1562.584106,-4628.143555,-1121.247559,1467.161987,-4564.754395,-1105.838867,1604.208984,-4602.054199,,,,,,,,,,,,,2616.283691,1567.755371,-3159.791260,,,,,,,,,,,,,,,,,,,,,,,,,,,,,,,,,
4532,45.320000,0.000000,0.000000,0.000000,1.000000,0.000000,0.000000,0.000000,57.698101,20.499701,-14.700500,0.047771,-0.013570,0.015998,-15.666301,-52.738201,18.801300,-93.396698,0.129960,17.611099,-0.182931,-0.475644,-0.680147,0.526972,-1104.270996,1517.913574,-4602.371582,-1098.179077,1437.699585,-4614.534180,-1091.818726,1562.584106,-4628.143555,-1121.247559,1467.161987,-4564.754395,-1105.838867,1604.208984,-4602.054199,,,,,,,,,,,,,2616.294678,1567.774536,-3159.793701,,,,,,,,,,,,,,,,,,,,,,,,,,,,,,,,,
4533,45.330000,0.000000,0.000000,0.000000,1.000000,0.000000,0.000000,0.000000,57.698101,20.499701,-14.700500,0.047771,-0.013570,0.015998,-15.666301,-52.738201,18.801300,-93.396698,0.129960,17.611099,-0.182931,-0.475644,-0.680147,0.526972,-1104.270996,1517.913574,-4602.371582,-1098.179077,1437.699585,-4614.534180,-1091.818726,1562.584106,-4628.143555,-1121.247559,1467.161987,-4564.754395,-1105.838867,1604.208984,-4602.054199,,,,,,,,,,,,,2616.293945,1567.757935,-3159.785156,,,,,,,,,,,,,,,,,,,,,,,,,,,,,,,,,
4534,45.340000,0.000000,0.000000,0.000000,1.000000,0.000000,0.000000,0.000000,57.698101,20.499701,-14.700500,0.047771,-0.013570,0.015998,-15.666301,-52.738201,18.801300,-93.396698,0.129960,17.611099,-0.182931,-0.475644,-0.680147,0.526972,-1104.270996,1517.913574,-4602.371582,-1098.179077,1437.699585,-4614.534180,-1091.818726,1562.584106,-4628.143555,-1121.247559,1467.161987,-4564.754395,-1105.838867,1604.208984,-4602.054199,,,,,,,,,,,,,2616.304932,1567.721191,-3159.773682,,,,,,,,,,,,,,,,,,,,,,,,,,,,,,,,,
4535,45.350000,0.000000,0.000000,0.000000,1.000000,0.000000,0.000000,0.000000,57.698101,20.499701,-14.700500,0.047771,-0.013570,0.015998,-15.666301,-52.738201,18.801300,-93.396698,0.129960,17.611099,-0.182931,-0.475644,-0.680147,0.526972,-1104.270996,1517.913574,-4602.371582,-1098.179077,1437.699585,-4614.534180,-1091.818726,1562.584106,-4628.143555,-1121.247559,1467.161987,-4564.754395,-1105.838867,1604.208984,-4602.054199,,,,,,,,,,,,,2616.305420,1567.749878,-3159.776123,,,,,,,,,,,,,,,,,,,,,,,,,,,,,,,,,
4536,45.360000,0.000000,0.000000,0.000000,1.000000,0.000000,0.000000,0.000000,57.698101,20.499701,-14.700500,0.047771,-0.013570,0.015998,-15.666301,-52.738201,18.801300,-93.396698,0.129960,17.611099,-0.182931,-0.475644,-0.680147,0.526972,-1104.270996,1517.913574,-4602.371582,-1098.179077,1437.699585,-4614.534180,-1091.818726,1562.584106,-4628.143555,-1121.247559,1467.161987,-4564.754395,-1105.838867,1604.208984,-4602.054199,,,,,,,,,,,,,2616.258545,1567.760986,-3159.793701,,,,,,,,,,,,,,,,,,,,,,,,,,,,,,,,,
4537,45.370000,0.000000,0.000000,0.000000,1.000000,0.000000,0.000000,0.000000,57.698101,20.499701,-14.700500,0.047771,-0.013570,0.015998,-15.666301,-52.738201,18.801300,-93.396698,0.129960,17.611099,-0.182931,-0.475644,-0.680147,0.526972,-1104.270996,1517.913574,-4602.371582,-1098.179077,1437.699585,-4614.534180,-1091.818726,1562.584106,-4628.143555,-1121.247559,1467.161987,-4564.754395,-1105.838867,1604.208984,-4602.054199,,,,,,,,,,,,,2616.266846,1567.802368,-3159.805176,,,,,,,,,,,,,,,,,,,,,,,,,,,,,,,,,
4538,45.380000,0.000000,0.000000,0.000000,1.000000,0.000000,0.000000,0.000000,57.698101,20.499701,-14.700500,0.047771,-0.013570,0.015998,-15.666301,-52.738201,18.801300,-93.396698,0.129960,17.611099,-0.182931,-0.475644,-0.680147,0.526972,-1104.270996,1517.913574,-4602.371582,-1098.179077,1437.699585,-4614.534180,-1091.818726,1562.584106,-4628.143555,-1121.247559,1467.161987,-4564.754395,-1105.838867,1604.208984,-4602.054199,,,,,,,,,,,,,2616.253906,1567.770020,-3159.803467,,,,,,,,,,,,,,,,,,,,,,,,,,,,,,,,,
4539,45.390000,0.000000,0.000000,0.000000,1.000000,0.000000,0.000000,0.000000,57.698101,20.499701,-14.700500,0.047771,-0.013570,0.015998,-15.666301,-52.738201,18.801300,-93.396698,0.129960,17.611099,-0.182931,-0.475644,-0.680147,0.526972,-1104.270996,1517.913574,-4602.371582,-1098.179077,1437.699585,-4614.534180,-1091.818726,1562.584106,-4628.143555,-1121.247559,1467.161987,-4564.754395,-1105.838867,1604.208984,-4602.054199,,,,,,,,,,,,,2616.279297,1567.732422,-3159.781738,,,,,,,,,,,,,,,,,,,,,,,,,,,,,,,,,
4540,45.400000,0.000000,0.000000,0.000000,1.000000,0.000000,0.000000,0.000000,57.698101,20.499701,-14.700500,0.047771,-0.013570,0.015998,-15.666301,-52.738201,18.801300,-93.396698,0.129960,17.611099,-0.182931,-0.475644,-0.680147,0.526972,-1104.270996,1517.913574,-4602.371582,-1098.179077,1437.699585,-4614.534180,-1091.818726,1562.584106,-4628.143555,-1121.247559,1467.161987,-4564.754395,-1105.838867,1604.208984,-4602.054199,,,,,,,,,,,,,2616.306152,1567.766235,-3159.766113,,,,,,,,,,,,,,,,,,,,,,,,,,,,,,,,,
4541,45.410000,0.000000,0.000000,0.000000,1.000000,0.000000,0.000000,0.000000,57.698101,20.499701,-14.700500,0.047771,-0.013570,0.015998,-15.666301,-52.738201,18.801300,-93.396698,0.129960,17.611099,-0.182931,-0.475644,-0.680147,0.526972,-1104.270996,1517.913574,-4602.371582,-1098.179077,1437.699585,-4614.534180,-1091.818726,1562.584106,-4628.143555,-1121.247559,1467.161987,-4564.754395,-1105.838867,1604.208984,-4602.054199,,,,,,,,,,,,,2616.277100,1567.766602,-3159.776611,,,,,,,,,,,,,,,,,,,,,,,,,,,,,,,,,
4542,45.420000,0.000000,0.000000,0.000000,1.000000,0.000000,0.000000,0.000000,57.698101,20.499701,-14.700500,0.047771,-0.013570,0.015998,-15.666301,-52.738201,18.801300,-93.396698,0.129960,17.611099,-0.182931,-0.475644,-0.680147,0.526972,-1104.270996,1517.913574,-4602.371582,-1098.179077,1437.699585,-4614.534180,-1091.818726,1562.584106,-4628.143555,-1121.247559,1467.161987,-4564.754395,-1105.838867,1604.208984,-4602.054199,,,,,,,,,,,,,2616.270996,1567.743408,-3159.792969,,,,,,,,,,,,,,,,,,,,,,,,,,,,,,,,,
4543,45.430000,0.000000,0.000000,0.000000,1.000000,0.000000,0.000000,0.000000,57.698101,20.499701,-14.700500,0.047771,-0.013570,0.015998,-15.666301,-52.738201,18.801300,-93.396698,0.129960,17.611099,-0.182931,-0.475644,-0.680147,0.526972,-1104.270996,1517.913574,-4602.371582,-1098.179077,1437.699585,-4614.534180,-1091.818726,1562.584106,-4628.143555,-1121.247559,1467.161987,-4564.754395,-1105.838867,1604.208984,-4602.054199,,,,,,,,,,,,,2616.314453,1567.760986,-3159.777344,,,,,,,,,,,,,,,,,,,,,,,,,,,,,,,,,
4544,45.440000,0.000000,0.000000,0.000000,1.000000,0.000000,0.000000,0.000000,57.698101,20.499701,-14.700500,0.047771,-0.013570,0.015998,-15.666301,-52.738201,18.801300,-93.396698,0.129960,17.611099,-0.182931,-0.475644,-0.680147,0.526972,-1104.270996,1517.913574,-4602.371582,-1098.179077,1437.699585,-4614.534180,-1091.818726,1562.584106,-4628.143555,-1121.247559,1467.161987,-4564.754395,-1105.838867,1604.208984,-4602.054199,,,,,,,,,,,,,2616.296631,1567.751953,-3159.781982,,,,,,,,,,,,,,,,,,,,,,,,,,,,,,,,,
4545,45.450000,0.000000,0.000000,0.000000,1.000000,0.000000,0.000000,0.000000,57.698101,20.499701,-14.700500,0.047771,-0.013570,0.015998,-15.666301,-52.738201,18.801300,-93.396698,0.129960,17.611099,-0.182931,-0.475644,-0.680147,0.526972,-1104.270996,1517.913574,-4602.371582,-1098.179077,1437.699585,-4614.534180,-1091.818726,1562.584106,-4628.143555,-1121.247559,1467.161987,-4564.754395,-1105.838867,1604.208984,-4602.054199,,,,,,,,,,,,,2616.272217,1567.744629,-3159.768066,,,,,,,,,,,,,,,,,,,,,,,,,,,,,,,,,
4546,45.460000,0.000000,0.000000,0.000000,1.000000,0.000000,0.000000,0.000000,57.698101,20.499701,-14.700500,0.047771,-0.013570,0.015998,-15.666301,-52.738201,18.801300,-93.396698,0.129960,17.611099,-0.182931,-0.475644,-0.680147,0.526972,-1104.270996,1517.913574,-4602.371582,-1098.179077,1437.699585,-4614.534180,-1091.818726,1562.584106,-4628.143555,-1121.247559,1467.161987,-4564.754395,-1105.838867,1604.208984,-4602.054199,,,,,,,,,,,,,2616.295410,1567.742310,-3159.784912,,,,,,,,,,,,,,,,,,,,,,,,,,,,,,,,,
4547,45.470000,0.000000,0.000000,0.000000,1.000000,0.000000,0.000000,0.000000,57.698101,20.499701,-14.700500,0.047771,-0.013570,0.015998,-15.666301,-52.738201,18.801300,-93.396698,0.129960,17.611099,-0.182931,-0.475644,-0.680147,0.526972,-1104.270996,1517.913574,-4602.371582,-1098.179077,1437.699585,-4614.534180,-1091.818726,1562.584106,-4628.143555,-1121.247559,1467.161987,-4564.754395,-1105.838867,1604.208984,-4602.054199,,,,,,,,,,,,,2616.317383,1567.721924,-3159.770020,,,,,,,,,,,,,,,,,,,,,,,,,,,,,,,,,
4548,45.480000,0.000000,0.000000,0.000000,1.000000,0.000000,0.000000,0.000000,57.698101,20.499701,-14.700500,0.047771,-0.013570,0.015998,-15.666301,-52.738201,18.801300,-93.396698,0.129960,17.611099,-0.182931,-0.475644,-0.680147,0.526972,-1104.270996,1517.913574,-4602.371582,-1098.179077,1437.699585,-4614.534180,-1091.818726,1562.584106,-4628.143555,-1121.247559,1467.161987,-4564.754395,-1105.838867,1604.208984,-4602.054199,,,,,,,,,,,,,2616.279053,1567.724854,-3159.782715,,,,,,,,,,,,,,,,,,,,,,,,,,,,,,,,,
4549,45.490000,0.000000,0.000000,0.000000,1.000000,0.000000,0.000000,0.000000,57.698101,20.499701,-14.700500,0.047771,-0.013570,0.015998,-15.666301,-52.738201,18.801300,-93.396698,0.129960,17.611099,-0.182931,-0.475644,-0.680147,0.526972,-1104.270996,1517.913574,-4602.371582,-1098.179077,1437.699585,-4614.534180,-1091.818726,1562.584106,-4628.143555,-1121.247559,1467.161987,-4564.754395,-1105.838867,1604.208984,-4602.054199,,,,,,,,,,,,,2616.317383,1567.728516,-3159.778564,,,,,,,,,,,,,,,,,,,,,,,,,,,,,,,,,
4550,45.500000,0.000000,0.000000,0.000000,1.000000,0.000000,0.000000,0.000000,57.698101,20.499701,-14.700500,0.047771,-0.013570,0.015998,-15.666301,-52.738201,18.801300,-93.396698,0.129960,17.611099,-0.182931,-0.475644,-0.680147,0.526972,-1104.270996,1517.913574,-4602.371582,-1098.179077,1437.699585,-4614.534180,-1091.818726,1562.584106,-4628.143555,-1121.247559,1467.161987,-4564.754395,-1105.838867,1604.208984,-4602.054199,,,,,,,,,,,,,2616.243652,1567.720581,-3159.790283,,,,,,,,,,,,,,,,,,,,,,,,,,,,,,,,,
4551,45.510000,0.000000,0.000000,0.000000,1.000000,0.000000,0.000000,0.000000,57.698101,20.499701,-14.700500,0.047771,-0.013570,0.015998,-15.666301,-52.738201,18.801300,-93.396698,0.129960,17.611099,-0.182931,-0.475644,-0.680147,0.526972,-1104.270996,1517.913574,-4602.371582,-1098.179077,1437.699585,-4614.534180,-1091.818726,1562.584106,-4628.143555,-1121.247559,1467.161987,-4564.754395,-1105.838867,1604.208984,-4602.054199,,,,,,,,,,,,,2616.274658,1567.780884,-3159.802002,,,,,,,,,,,,,,,,,,,,,,,,,,,,,,,,,
4552,45.520000,0.000000,0.000000,0.000000,1.000000,0.000000,0.000000,0.000000,57.698101,20.499701,-14.700500,0.047771,-0.013570,0.015998,-15.666301,-52.738201,18.801300,-93.396698,0.129960,17.611099,-0.182931,-0.475644,-0.680147,0.526972,-1104.270996,1517.913574,-4602.371582,-1098.179077,1437.699585,-4614.534180,-1091.818726,1562.584106,-4628.143555,-1121.247559,1467.161987,-4564.754395,-1105.838867,1604.208984,-4602.054199,,,,,,,,,,,,,2616.241943,1567.780151,-3159.808350,,,,,,,,,,,,,,,,,,,,,,,,,,,,,,,,,
4553,45.530000,0.000000,0.000000,0.000000,1.000000,0.000000,0.000000,0.000000,57.698101,20.499701,-14.700500,0.047771,-0.013570,0.015998,-15.666301,-52.738201,18.801300,-93.396698,0.129960,17.611099,-0.182931,-0.475644,-0.680147,0.526972,-1104.270996,1517.913574,-4602.371582,-1098.179077,1437.699585,-4614.534180,-1091.818726,1562.584106,-4628.143555,-1121.247559,1467.161987,-4564.754395,-1105.838867,1604.208984,-4602.054199,,,,,,,,,,,,,2616.255127,1567.737671,-3159.802979,,,,,,,,,,,,,,,,,,,,,,,,,,,,,,,,,
4554,45.540000,0.000000,0.000000,0.000000,1.000000,0.000000,0.000000,0.000000,57.698101,20.499701,-14.700500,0.047771,-0.013570,0.015998,-15.666301,-52.738201,18.801300,-93.396698,0.129960,17.611099,-0.182931,-0.475644,-0.680147,0.526972,-1104.270996,1517.913574,-4602.371582,-1098.179077,1437.699585,-4614.534180,-1091.818726,1562.584106,-4628.143555,-1121.247559,1467.161987,-4564.754395,-1105.838867,1604.208984,-4602.054199,,,,,,,,,,,,,2616.296143,1567.757080,-3159.800537,,,,,,,,,,,,,,,,,,,,,,,,,,,,,,,,,
4555,45.550000,0.000000,0.000000,0.000000,1.000000,0.000000,0.000000,0.000000,57.698101,20.499701,-14.700500,0.047771,-0.013570,0.015998,-15.666301,-52.738201,18.801300,-93.396698,0.129960,17.611099,-0.182931,-0.475644,-0.680147,0.526972,-1104.270996,1517.913574,-4602.371582,-1098.179077,1437.699585,-4614.534180,-1091.818726,1562.584106,-4628.143555,-1121.247559,1467.161987,-4564.754395,-1105.838867,1604.208984,-4602.054199,,,,,,,,,,,,,2616.311768,1567.732788,-3159.782227,,,,,,,,,,,,,,,,,,,,,,,,,,,,,,,,,
4556,45.560000,0.000000,0.000000,0.000000,1.000000,0.000000,0.000000,0.000000,57.698101,20.499701,-14.700500,0.047771,-0.013570,0.015998,-15.666301,-52.738201,18.801300,-93.396698,0.129960,17.611099,-0.182931,-0.475644,-0.680147,0.526972,-1104.270996,1517.913574,-4602.371582,-1098.179077,1437.699585,-4614.534180,-1091.818726,1562.584106,-4628.143555,-1121.247559,1467.161987,-4564.754395,-1105.838867,1604.208984,-4602.054199,,,,,,,,,,,,,2616.317627,1567.736450,-3159.781982,,,,,,,,,,,,,,,,,,,,,,,,,,,,,,,,,
4557,45.570000,0.000000,0.000000,0.000000,1.000000,0.000000,0.000000,0.000000,57.698101,20.499701,-14.700500,0.047771,-0.013570,0.015998,-15.666301,-52.738201,18.801300,-93.396698,0.129960,17.611099,-0.182931,-0.475644,-0.680147,0.526972,-1104.270996,1517.913574,-4602.371582,-1098.179077,1437.699585,-4614.534180,-1091.818726,1562.584106,-4628.143555,-1121.247559,1467.161987,-4564.754395,-1105.838867,1604.208984,-4602.054199,,,,,,,,,,,,,2616.266846,1567.750366,-3159.788330,,,,,,,,,,,,,,,,,,,,,,,,,,,,,,,,,
4558,45.580000,0.000000,0.000000,0.000000,1.000000,0.000000,0.000000,0.000000,57.698101,20.499701,-14.700500,0.047771,-0.013570,0.015998,-15.666301,-52.738201,18.801300,-93.396698,0.129960,17.611099,-0.182931,-0.475644,-0.680147,0.526972,-1104.270996,1517.913574,-4602.371582,-1098.179077,1437.699585,-4614.534180,-1091.818726,1562.584106,-4628.143555,-1121.247559,1467.161987,-4564.754395,-1105.838867,1604.208984,-4602.054199,,,,,,,,,,,,,2616.287109,1567.760376,-3159.796387,,,,,,,,,,,,,,,,,,,,,,,,,,,,,,,,,
4559,45.590000,0.000000,0.000000,0.000000,1.000000,0.000000,0.000000,0.000000,57.698101,20.499701,-14.700500,0.047771,-0.013570,0.015998,-15.666301,-52.738201,18.801300,-93.396698,0.129960,17.611099,-0.182931,-0.475644,-0.680147,0.526972,-1104.270996,1517.913574,-4602.371582,-1098.179077,1437.699585,-4614.534180,-1091.818726,1562.584106,-4628.143555,-1121.247559,1467.161987,-4564.754395,-1105.838867,1604.208984,-4602.054199,,,,,,,,,,,,,2616.316650,1567.715332,-3159.780518,,,,,,,,,,,,,,,,,,,,,,,,,,,,,,,,,
4560,45.600000,0.000000,0.000000,0.000000,1.000000,0.000000,0.000000,0.000000,57.698101,20.499701,-14.700500,0.047771,-0.013570,0.015998,-15.666301,-52.738201,18.801300,-93.396698,0.129960,17.611099,-0.182931,-0.475644,-0.680147,0.526972,-1104.270996,1517.913574,-4602.371582,-1098.179077,1437.699585,-4614.534180,-1091.818726,1562.584106,-4628.143555,-1121.247559,1467.161987,-4564.754395,-1105.838867,1604.208984,-4602.054199,,,,,,,,,,,,,2616.285400,1567.739746,-3159.784912,,,,,,,,,,,,,,,,,,,,,,,,,,,,,,,,,
4561,45.610000,0.000000,0.000000,0.000000,1.000000,0.000000,0.000000,0.000000,57.698101,20.499701,-14.700500,0.047771,-0.013570,0.015998,-15.666301,-52.738201,18.801300,-93.396698,0.129960,17.611099,-0.182931,-0.475644,-0.680147,0.526972,-1104.270996,1517.913574,-4602.371582,-1098.179077,1437.699585,-4614.534180,-1091.818726,1562.584106,-4628.143555,-1121.247559,1467.161987,-4564.754395,-1105.838867,1604.208984,-4602.054199,,,,,,,,,,,,,2616.281738,1567.734619,-3159.784180,,,,,,,,,,,,,,,,,,,,,,,,,,,,,,,,,
4562,45.620000,0.000000,0.000000,0.000000,1.000000,0.000000,0.000000,0.000000,57.698101,20.499701,-14.700500,0.047771,-0.013570,0.015998,-15.666301,-52.738201,18.801300,-93.396698,0.129960,17.611099,-0.182931,-0.475644,-0.680147,0.526972,-1104.270996,1517.913574,-4602.371582,-1098.179077,1437.699585,-4614.534180,-1091.818726,1562.584106,-4628.143555,-1121.247559,1467.161987,-4564.754395,-1105.838867,1604.208984,-4602.054199,,,,,,,,,,,,,2616.299561,1567.728027,-3159.782227,,,,,,,,,,,,,,,,,,,,,,,,,,,,,,,,,
4563,45.630000,0.000000,0.000000,0.000000,1.000000,0.000000,0.000000,0.000000,57.698101,20.499701,-14.700500,0.047771,-0.013570,0.015998,-15.666301,-52.738201,18.801300,-93.396698,0.129960,17.611099,-0.182931,-0.475644,-0.680147,0.526972,-1104.270996,1517.913574,-4602.371582,-1098.179077,1437.699585,-4614.534180,-1091.818726,1562.584106,-4628.143555,-1121.247559,1467.161987,-4564.754395,-1105.838867,1604.208984,-4602.054199,,,,,,,,,,,,,2616.301270,1567.738037,-3159.773438,,,,,,,,,,,,,,,,,,,,,,,,,,,,,,,,,
4564,45.640000,0.000000,0.000000,0.000000,1.000000,0.000000,0.000000,0.000000,57.698101,20.499701,-14.700500,0.047771,-0.013570,0.015998,-15.666301,-52.738201,18.801300,-93.396698,0.129960,17.611099,-0.182931,-0.475644,-0.680147,0.526972,-1104.270996,1517.913574,-4602.371582,-1098.179077,1437.699585,-4614.534180,-1091.818726,1562.584106,-4628.143555,-1121.247559,1467.161987,-4564.754395,-1105.838867,1604.208984,-4602.054199,,,,,,,,,,,,,2616.292969,1567.746216,-3159.779785,,,,,,,,,,,,,,,,,,,,,,,,,,,,,,,,,
4565,45.650000,0.000000,0.000000,0.000000,1.000000,0.000000,0.000000,0.000000,57.698101,20.499701,-14.700500,0.047771,-0.013570,0.015998,-15.666301,-52.738201,18.801300,-93.396698,0.129960,17.611099,-0.182931,-0.475644,-0.680147,0.526972,-1104.270996,1517.913574,-4602.371582,-1098.179077,1437.699585,-4614.534180,-1091.818726,1562.584106,-4628.143555,-1121.247559,1467.161987,-4564.754395,-1105.838867,1604.208984,-4602.054199,,,,,,,,,,,,,2616.268311,1567.749268,-3159.789062,,,,,,,,,,,,,,,,,,,,,,,,,,,,,,,,,
4566,45.660000,0.000000,0.000000,0.000000,1.000000,0.000000,0.000000,0.000000,57.698101,20.499701,-14.700500,0.047771,-0.013570,0.015998,-15.666301,-52.738201,18.801300,-93.396698,0.129960,17.611099,-0.182931,-0.475644,-0.680147,0.526972,-1104.270996,1517.913574,-4602.371582,-1098.179077,1437.699585,-4614.534180,-1091.818726,1562.584106,-4628.143555,-1121.247559,1467.161987,-4564.754395,-1105.838867,1604.208984,-4602.054199,,,,,,,,,,,,,2616.265869,1567.754272,-3159.784912,,,,,,,,,,,,,,,,,,,,,,,,,,,,,,,,,
4567,45.670000,0.000000,0.000000,0.000000,1.000000,0.000000,0.000000,0.000000,57.698101,20.499701,-14.700500,0.047771,-0.013570,0.015998,-15.666301,-52.738201,18.801300,-93.396698,0.129960,17.611099,-0.182931,-0.475644,-0.680147,0.526972,-1104.270996,1517.913574,-4602.371582,-1098.179077,1437.699585,-4614.534180,-1091.818726,1562.584106,-4628.143555,-1121.247559,1467.161987,-4564.754395,-1105.838867,1604.208984,-4602.054199,,,,,,,,,,,,,2616.274658,1567.769165,-3159.775391,,,,,,,,,,,,,,,,,,,,,,,,,,,,,,,,,
4568,45.680000,0.000000,0.000000,0.000000,1.000000,0.000000,0.000000,0.000000,57.698101,20.499701,-14.700500,0.047771,-0.013570,0.015998,-15.666301,-52.738201,18.801300,-93.396698,0.129960,17.611099,-0.182931,-0.475644,-0.680147,0.526972,-1104.270996,1517.913574,-4602.371582,-1098.179077,1437.699585,-4614.534180,-1091.818726,1562.584106,-4628.143555,-1121.247559,1467.161987,-4564.754395,-1105.838867,1604.208984,-4602.054199,,,,,,,,,,,,,2616.275635,1567.783447,-3159.784912,,,,,,,,,,,,,,,,,,,,,,,,,,,,,,,,,
4569,45.690000,0.000000,0.000000,0.000000,1.000000,0.000000,0.000000,0.000000,57.698101,20.499701,-14.700500,0.047771,-0.013570,0.015998,-15.666301,-52.738201,18.801300,-93.396698,0.129960,17.611099,-0.182931,-0.475644,-0.680147,0.526972,-1104.270996,1517.913574,-4602.371582,-1098.179077,1437.699585,-4614.534180,-1091.818726,1562.584106,-4628.143555,-1121.247559,1467.161987,-4564.754395,-1105.838867,1604.208984,-4602.054199,,,,,,,,,,,,,2616.279785,1567.751587,-3159.795166,,,,,,,,,,,,,,,,,,,,,,,,,,,,,,,,,
4570,45.700000,0.000000,0.000000,0.000000,1.000000,0.000000,0.000000,0.000000,57.698101,20.499701,-14.700500,0.047771,-0.013570,0.015998,-15.666301,-52.738201,18.801300,-93.396698,0.129960,17.611099,-0.182931,-0.475644,-0.680147,0.526972,-1104.270996,1517.913574,-4602.371582,-1098.179077,1437.699585,-4614.534180,-1091.818726,1562.584106,-4628.143555,-1121.247559,1467.161987,-4564.754395,-1105.838867,1604.208984,-4602.054199,,,,,,,,,,,,,2616.282959,1567.720093,-3159.771240,,,,,,,,,,,,,,,,,,,,,,,,,,,,,,,,,
4571,45.710000,0.000000,0.000000,0.000000,1.000000,0.000000,0.000000,0.000000,57.698101,20.499701,-14.700500,0.047771,-0.013570,0.015998,-15.666301,-52.738201,18.801300,-93.396698,0.129960,17.611099,-0.182931,-0.475644,-0.680147,0.526972,-1104.270996,1517.913574,-4602.371582,-1098.179077,1437.699585,-4614.534180,-1091.818726,1562.584106,-4628.143555,-1121.247559,1467.161987,-4564.754395,-1105.838867,1604.208984,-4602.054199,,,,,,,,,,,,,2616.265137,1567.725342,-3159.772949,,,,,,,,,,,,,,,,,,,,,,,,,,,,,,,,,
4572,45.720000,0.000000,0.000000,0.000000,1.000000,0.000000,0.000000,0.000000,57.698101,20.499701,-14.700500,0.047771,-0.013570,0.015998,-15.666301,-52.738201,18.801300,-93.396698,0.129960,17.611099,-0.182931,-0.475644,-0.680147,0.526972,-1104.270996,1517.913574,-4602.371582,-1098.179077,1437.699585,-4614.534180,-1091.818726,1562.584106,-4628.143555,-1121.247559,1467.161987,-4564.754395,-1105.838867,1604.208984,-4602.054199,,,,,,,,,,,,,2616.248047,1567.730957,-3159.792236,,,,,,,,,,,,,,,,,,,,,,,,,,,,,,,,,
4573,45.730000,0.000000,0.000000,0.000000,1.000000,0.000000,0.000000,0.000000,57.698101,20.499701,-14.700500,0.047771,-0.013570,0.015998,-15.666301,-52.738201,18.801300,-93.396698,0.129960,17.611099,-0.182931,-0.475644,-0.680147,0.526972,-1104.270996,1517.913574,-4602.371582,-1098.179077,1437.699585,-4614.534180,-1091.818726,1562.584106,-4628.143555,-1121.247559,1467.161987,-4564.754395,-1105.838867,1604.208984,-4602.054199,,,,,,,,,,,,,2616.331787,1567.764038,-3159.770508,,,,,,,,,,,,,,,,,,,,,,,,,,,,,,,,,
4574,45.740000,0.000000,0.000000,0.000000,1.000000,0.000000,0.000000,0.000000,57.698101,20.499701,-14.700500,0.047771,-0.013570,0.015998,-15.666301,-52.738201,18.801300,-93.396698,0.129960,17.611099,-0.182931,-0.475644,-0.680147,0.526972,-1104.270996,1517.913574,-4602.371582,-1098.179077,1437.699585,-4614.534180,-1091.818726,1562.584106,-4628.143555,-1121.247559,1467.161987,-4564.754395,-1105.838867,1604.208984,-4602.054199,,,,,,,,,,,,,2616.329590,1567.756226,-3159.772217,,,,,,,,,,,,,,,,,,,,,,,,,,,,,,,,,
4575,45.750000,0.000000,0.000000,0.000000,1.000000,0.000000,0.000000,0.000000,57.698101,20.499701,-14.700500,0.047771,-0.013570,0.015998,-15.666301,-52.738201,18.801300,-93.396698,0.129960,17.611099,-0.182931,-0.475644,-0.680147,0.526972,-1104.270996,1517.913574,-4602.371582,-1098.179077,1437.699585,-4614.534180,-1091.818726,1562.584106,-4628.143555,-1121.247559,1467.161987,-4564.754395,-1105.838867,1604.208984,-4602.054199,,,,,,,,,,,,,2616.312988,1567.748047,-3159.780762,,,,,,,,,,,,,,,,,,,,,,,,,,,,,,,,,
4576,45.760000,0.000000,0.000000,0.000000,1.000000,0.000000,0.000000,0.000000,57.698101,20.499701,-14.700500,0.047771,-0.013570,0.015998,-15.666301,-52.738201,18.801300,-93.396698,0.129960,17.611099,-0.182931,-0.475644,-0.680147,0.526972,-1104.270996,1517.913574,-4602.371582,-1098.179077,1437.699585,-4614.534180,-1091.818726,1562.584106,-4628.143555,-1121.247559,1467.161987,-4564.754395,-1105.838867,1604.208984,-4602.054199,,,,,,,,,,,,,2616.282471,1567.739624,-3159.783936,,,,,,,,,,,,,,,,,,,,,,,,,,,,,,,,,
4577,45.770000,0.000000,0.000000,0.000000,1.000000,0.000000,0.000000,0.000000,57.698101,20.499701,-14.700500,0.047771,-0.013570,0.015998,-15.666301,-52.738201,18.801300,-93.396698,0.129960,17.611099,-0.182931,-0.475644,-0.680147,0.526972,-1104.270996,1517.913574,-4602.371582,-1098.179077,1437.699585,-4614.534180,-1091.818726,1562.584106,-4628.143555,-1121.247559,1467.161987,-4564.754395,-1105.838867,1604.208984,-4602.054199,,,,,,,,,,,,,2616.260254,1567.740967,-3159.791748,,,,,,,,,,,,,,,,,,,,,,,,,,,,,,,,,
4578,45.780000,0.000000,0.000000,0.000000,1.000000,0.000000,0.000000,0.000000,57.698101,20.499701,-14.700500,0.047771,-0.013570,0.015998,-15.666301,-52.738201,18.801300,-93.396698,0.129960,17.611099,-0.182931,-0.475644,-0.680147,0.526972,-1104.270996,1517.913574,-4602.371582,-1098.179077,1437.699585,-4614.534180,-1091.818726,1562.584106,-4628.143555,-1121.247559,1467.161987,-4564.754395,-1105.838867,1604.208984,-4602.054199,,,,,,,,,,,,,2616.299316,1567.770386,-3159.794189,,,,,,,,,,,,,,,,,,,,,,,,,,,,,,,,,
4579,45.790000,0.000000,0.000000,0.000000,1.000000,0.000000,0.000000,0.000000,57.698101,20.499701,-14.700500,0.047771,-0.013570,0.015998,-15.666301,-52.738201,18.801300,-93.396698,0.129960,17.611099,-0.182931,-0.475644,-0.680147,0.526972,-1104.270996,1517.913574,-4602.371582,-1098.179077,1437.699585,-4614.534180,-1091.818726,1562.584106,-4628.143555,-1121.247559,1467.161987,-4564.754395,-1105.838867,1604.208984,-4602.054199,,,,,,,,,,,,,2616.291260,1567.729858,-3159.790527,,,,,,,,,,,,,,,,,,,,,,,,,,,,,,,,,
4580,45.800000,0.000000,0.000000,0.000000,1.000000,0.000000,0.000000,0.000000,57.698101,20.499701,-14.700500,0.047771,-0.013570,0.015998,-15.666301,-52.738201,18.801300,-93.396698,0.129960,17.611099,-0.182931,-0.475644,-0.680147,0.526972,-1104.270996,1517.913574,-4602.371582,-1098.179077,1437.699585,-4614.534180,-1091.818726,1562.584106,-4628.143555,-1121.247559,1467.161987,-4564.754395,-1105.838867,1604.208984,-4602.054199,,,,,,,,,,,,,2616.263428,1567.736694,-3159.782715,,,,,,,,,,,,,,,,,,,,,,,,,,,,,,,,,
4581,45.810000,0.000000,0.000000,0.000000,1.000000,0.000000,0.000000,0.000000,57.698101,20.499701,-14.700500,0.047771,-0.013570,0.015998,-15.666301,-52.738201,18.801300,-93.396698,0.129960,17.611099,-0.182931,-0.475644,-0.680147,0.526972,-1104.270996,1517.913574,-4602.371582,-1098.179077,1437.699585,-4614.534180,-1091.818726,1562.584106,-4628.143555,-1121.247559,1467.161987,-4564.754395,-1105.838867,1604.208984,-4602.054199,,,,,,,,,,,,,2616.249756,1567.750000,-3159.794922,,,,,,,,,,,,,,,,,,,,,,,,,,,,,,,,,
4582,45.820000,0.000000,0.000000,0.000000,1.000000,0.000000,0.000000,0.000000,57.698101,20.499701,-14.700500,0.047771,-0.013570,0.015998,-15.666301,-52.738201,18.801300,-93.396698,0.129960,17.611099,-0.182931,-0.475644,-0.680147,0.526972,-1104.270996,1517.913574,-4602.371582,-1098.179077,1437.699585,-4614.534180,-1091.818726,1562.584106,-4628.143555,-1121.247559,1467.161987,-4564.754395,-1105.838867,1604.208984,-4602.054199,,,,,,,,,,,,,2616.289062,1567.751099,-3159.799072,,,,,,,,,,,,,,,,,,,,,,,,,,,,,,,,,
4583,45.830000,0.000000,0.000000,0.000000,1.000000,0.000000,0.000000,0.000000,57.698101,20.499701,-14.700500,0.047771,-0.013570,0.015998,-15.666301,-52.738201,18.801300,-93.396698,0.129960,17.611099,-0.182931,-0.475644,-0.680147,0.526972,-1104.270996,1517.913574,-4602.371582,-1098.179077,1437.699585,-4614.534180,-1091.818726,1562.584106,-4628.143555,-1121.247559,1467.161987,-4564.754395,-1105.838867,1604.208984,-4602.054199,,,,,,,,,,,,,2616.256592,1567.735107,-3159.800293,,,,,,,,,,,,,,,,,,,,,,,,,,,,,,,,,
4584,45.840000,0.000000,0.000000,0.000000,1.000000,0.000000,0.000000,0.000000,57.698101,20.499701,-14.700500,0.047771,-0.013570,0.015998,-15.666301,-52.738201,18.801300,-93.396698,0.129960,17.611099,-0.182931,-0.475644,-0.680147,0.526972,-1104.270996,1517.913574,-4602.371582,-1098.179077,1437.699585,-4614.534180,-1091.818726,1562.584106,-4628.143555,-1121.247559,1467.161987,-4564.754395,-1105.838867,1604.208984,-4602.054199,,,,,,,,,,,,,2616.325928,1567.757080,-3159.780273,,,,,,,,,,,,,,,,,,,,,,,,,,,,,,,,,
4585,45.850000,0.000000,0.000000,0.000000,1.000000,0.000000,0.000000,0.000000,57.698101,20.499701,-14.700500,0.047771,-0.013570,0.015998,-15.666301,-52.738201,18.801300,-93.396698,0.129960,17.611099,-0.182931,-0.475644,-0.680147,0.526972,-1104.270996,1517.913574,-4602.371582,-1098.179077,1437.699585,-4614.534180,-1091.818726,1562.584106,-4628.143555,-1121.247559,1467.161987,-4564.754395,-1105.838867,1604.208984,-4602.054199,,,,,,,,,,,,,2616.297852,1567.719482,-3159.762939,,,,,,,,,,,,,,,,,,,,,,,,,,,,,,,,,
4586,45.860000,0.000000,0.000000,0.000000,1.000000,0.000000,0.000000,0.000000,57.698101,20.499701,-14.700500,0.047771,-0.013570,0.015998,-15.666301,-52.738201,18.801300,-93.396698,0.129960,17.611099,-0.182931,-0.475644,-0.680147,0.526972,-1104.270996,1517.913574,-4602.371582,-1098.179077,1437.699585,-4614.534180,-1091.818726,1562.584106,-4628.143555,-1121.247559,1467.161987,-4564.754395,-1105.838867,1604.208984,-4602.054199,,,,,,,,,,,,,2616.288574,1567.721924,-3159.777344,,,,,,,,,,,,,,,,,,,,,,,,,,,,,,,,,
4587,45.870000,0.000000,0.000000,0.000000,1.000000,0.000000,0.000000,0.000000,57.698101,20.499701,-14.700500,0.047771,-0.013570,0.015998,-15.666301,-52.738201,18.801300,-93.396698,0.129960,17.611099,-0.182931,-0.475644,-0.680147,0.526972,-1104.270996,1517.913574,-4602.371582,-1098.179077,1437.699585,-4614.534180,-1091.818726,1562.584106,-4628.143555,-1121.247559,1467.161987,-4564.754395,-1105.838867,1604.208984,-4602.054199,,,,,,,,,,,,,2616.261963,1567.755981,-3159.785645,,,,,,,,,,,,,,,,,,,,,,,,,,,,,,,,,
4588,45.880000,0.000000,0.000000,0.000000,1.000000,0.000000,0.000000,0.000000,57.698101,20.499701,-14.700500,0.047771,-0.013570,0.015998,-15.666301,-52.738201,18.801300,-93.396698,0.129960,17.611099,-0.182931,-0.475644,-0.680147,0.526972,-1104.270996,1517.913574,-4602.371582,-1098.179077,1437.699585,-4614.534180,-1091.818726,1562.584106,-4628.143555,-1121.247559,1467.161987,-4564.754395,-1105.838867,1604.208984,-4602.054199,,,,,,,,,,,,,2616.272217,1567.747803,-3159.791016,,,,,,,,,,,,,,,,,,,,,,,,,,,,,,,,,
4589,45.890000,0.000000,0.000000,0.000000,1.000000,0.000000,0.000000,0.000000,57.698101,20.499701,-14.700500,0.047771,-0.013570,0.015998,-15.666301,-52.738201,18.801300,-93.396698,0.129960,17.611099,-0.182931,-0.475644,-0.680147,0.526972,-1104.270996,1517.913574,-4602.371582,-1098.179077,1437.699585,-4614.534180,-1091.818726,1562.584106,-4628.143555,-1121.247559,1467.161987,-4564.754395,-1105.838867,1604.208984,-4602.054199,,,,,,,,,,,,,2616.273193,1567.721680,-3159.774658,,,,,,,,,,,,,,,,,,,,,,,,,,,,,,,,,
4590,45.900000,0.000000,0.000000,0.000000,1.000000,0.000000,0.000000,0.000000,57.698101,20.499701,-14.700500,0.047771,-0.013570,0.015998,-15.666301,-52.738201,18.801300,-93.396698,0.129960,17.611099,-0.182931,-0.475644,-0.680147,0.526972,-1104.270996,1517.913574,-4602.371582,-1098.179077,1437.699585,-4614.534180,-1091.818726,1562.584106,-4628.143555,-1121.247559,1467.161987,-4564.754395,-1105.838867,1604.208984,-4602.054199,,,,,,,,,,,,,2616.292480,1567.732056,-3159.781738,,,,,,,,,,,,,,,,,,,,,,,,,,,,,,,,,
4591,45.910000,0.000000,0.000000,0.000000,1.000000,0.000000,0.000000,0.000000,57.698101,20.499701,-14.700500,0.047771,-0.013570,0.015998,-15.666301,-52.738201,18.801300,-93.396698,0.129960,17.611099,-0.182931,-0.475644,-0.680147,0.526972,-1104.270996,1517.913574,-4602.371582,-1098.179077,1437.699585,-4614.534180,-1091.818726,1562.584106,-4628.143555,-1121.247559,1467.161987,-4564.754395,-1105.838867,1604.208984,-4602.054199,,,,,,,,,,,,,2616.312256,1567.721069,-3159.754639,,,,,,,,,,,,,,,,,,,,,,,,,,,,,,,,,
4592,45.920000,0.000000,0.000000,0.000000,1.000000,0.000000,0.000000,0.000000,57.698101,20.499701,-14.700500,0.047771,-0.013570,0.015998,-15.666301,-52.738201,18.801300,-93.396698,0.129960,17.611099,-0.182931,-0.475644,-0.680147,0.526972,-1104.270996,1517.913574,-4602.371582,-1098.179077,1437.699585,-4614.534180,-1091.818726,1562.584106,-4628.143555,-1121.247559,1467.161987,-4564.754395,-1105.838867,1604.208984,-4602.054199,,,,,,,,,,,,,2616.285156,1567.758179,-3159.774658,,,,,,,,,,,,,,,,,,,,,,,,,,,,,,,,,
4593,45.930000,0.000000,0.000000,0.000000,1.000000,0.000000,0.000000,0.000000,57.698101,20.499701,-14.700500,0.047771,-0.013570,0.015998,-15.666301,-52.738201,18.801300,-93.396698,0.129960,17.611099,-0.182931,-0.475644,-0.680147,0.526972,-1104.270996,1517.913574,-4602.371582,-1098.179077,1437.699585,-4614.534180,-1091.818726,1562.584106,-4628.143555,-1121.247559,1467.161987,-4564.754395,-1105.838867,1604.208984,-4602.054199,,,,,,,,,,,,,2616.299561,1567.767212,-3159.776367,,,,,,,,,,,,,,,,,,,,,,,,,,,,,,,,,
4594,45.940000,0.000000,0.000000,0.000000,1.000000,0.000000,0.000000,0.000000,57.698101,20.499701,-14.700500,0.047771,-0.013570,0.015998,-15.666301,-52.738201,18.801300,-93.396698,0.129960,17.611099,-0.182931,-0.475644,-0.680147,0.526972,-1104.270996,1517.913574,-4602.371582,-1098.179077,1437.699585,-4614.534180,-1091.818726,1562.584106,-4628.143555,-1121.247559,1467.161987,-4564.754395,-1105.838867,1604.208984,-4602.054199,,,,,,,,,,,,,2616.270508,1567.728760,-3159.781738,,,,,,,,,,,,,,,,,,,,,,,,,,,,,,,,,
4595,45.950000,0.000000,0.000000,0.000000,1.000000,0.000000,0.000000,0.000000,57.698101,20.499701,-14.700500,0.047771,-0.013570,0.015998,-15.666301,-52.738201,18.801300,-93.396698,0.129960,17.611099,-0.182931,-0.475644,-0.680147,0.526972,-1104.270996,1517.913574,-4602.371582,-1098.179077,1437.699585,-4614.534180,-1091.818726,1562.584106,-4628.143555,-1121.247559,1467.161987,-4564.754395,-1105.838867,1604.208984,-4602.054199,,,,,,,,,,,,,2616.284668,1567.737549,-3159.777344,,,,,,,,,,,,,,,,,,,,,,,,,,,,,,,,,
4596,45.960000,0.000000,0.000000,0.000000,1.000000,0.000000,0.000000,0.000000,57.698101,20.499701,-14.700500,0.047771,-0.013570,0.015998,-15.666301,-52.738201,18.801300,-93.396698,0.129960,17.611099,-0.182931,-0.475644,-0.680147,0.526972,-1104.270996,1517.913574,-4602.371582,-1098.179077,1437.699585,-4614.534180,-1091.818726,1562.584106,-4628.143555,-1121.247559,1467.161987,-4564.754395,-1105.838867,1604.208984,-4602.054199,,,,,,,,,,,,,2616.275879,1567.754272,-3159.779053,,,,,,,,,,,,,,,,,,,,,,,,,,,,,,,,,
4597,45.970000,0.000000,0.000000,0.000000,1.000000,0.000000,0.000000,0.000000,57.698101,20.499701,-14.700500,0.047771,-0.013570,0.015998,-15.666301,-52.738201,18.801300,-93.396698,0.129960,17.611099,-0.182931,-0.475644,-0.680147,0.526972,-1104.270996,1517.913574,-4602.371582,-1098.179077,1437.699585,-4614.534180,-1091.818726,1562.584106,-4628.143555,-1121.247559,1467.161987,-4564.754395,-1105.838867,1604.208984,-4602.054199,,,,,,,,,,,,,2616.302979,1567.746704,-3159.776855,,,,,,,,,,,,,,,,,,,,,,,,,,,,,,,,,
4598,45.980000,0.000000,0.000000,0.000000,1.000000,0.000000,0.000000,0.000000,57.698101,20.499701,-14.700500,0.047771,-0.013570,0.015998,-15.666301,-52.738201,18.801300,-93.396698,0.129960,17.611099,-0.182931,-0.475644,-0.680147,0.526972,-1104.270996,1517.913574,-4602.371582,-1098.179077,1437.699585,-4614.534180,-1091.818726,1562.584106,-4628.143555,-1121.247559,1467.161987,-4564.754395,-1105.838867,1604.208984,-4602.054199,,,,,,,,,,,,,2616.313477,1567.766113,-3159.771973,,,,,,,,,,,,,,,,,,,,,,,,,,,,,,,,,
4599,45.990000,0.000000,0.000000,0.000000,1.000000,0.000000,0.000000,0.000000,57.698101,20.499701,-14.700500,0.047771,-0.013570,0.015998,-15.666301,-52.738201,18.801300,-93.396698,0.129960,17.611099,-0.182931,-0.475644,-0.680147,0.526972,-1104.270996,1517.913574,-4602.371582,-1098.179077,1437.699585,-4614.534180,-1091.818726,1562.584106,-4628.143555,-1121.247559,1467.161987,-4564.754395,-1105.838867,1604.208984,-4602.054199,,,,,,,,,,,,,2616.278564,1567.737671,-3159.784424,,,,,,,,,,,,,,,,,,,,,,,,,,,,,,,,,
4600,46.000000,0.000000,0.000000,0.000000,1.000000,0.000000,0.000000,0.000000,57.698101,20.499701,-14.700500,0.047771,-0.013570,0.015998,-15.666301,-52.738201,18.801300,-93.396698,0.129960,17.611099,-0.182931,-0.475644,-0.680147,0.526972,-1104.270996,1517.913574,-4602.371582,-1098.179077,1437.699585,-4614.534180,-1091.818726,1562.584106,-4628.143555,-1121.247559,1467.161987,-4564.754395,-1105.838867,1604.208984,-4602.054199,,,,,,,,,,,,,2616.278564,1567.726440,-3159.791504,,,,,,,,,,,,,,,,,,,,,,,,,,,,,,,,,
4601,46.010000,0.000000,0.000000,0.000000,1.000000,0.000000,0.000000,0.000000,57.698101,20.499701,-14.700500,0.047771,-0.013570,0.015998,-15.666301,-52.738201,18.801300,-93.396698,0.129960,17.611099,-0.182931,-0.475644,-0.680147,0.526972,-1104.270996,1517.913574,-4602.371582,-1098.179077,1437.699585,-4614.534180,-1091.818726,1562.584106,-4628.143555,-1121.247559,1467.161987,-4564.754395,-1105.838867,1604.208984,-4602.054199,,,,,,,,,,,,,2616.285889,1567.763794,-3159.796143,,,,,,,,,,,,,,,,,,,,,,,,,,,,,,,,,
4602,46.020000,0.000000,0.000000,0.000000,1.000000,0.000000,0.000000,0.000000,57.698101,20.499701,-14.700500,0.047771,-0.013570,0.015998,-15.666301,-52.738201,18.801300,-93.396698,0.129960,17.611099,-0.182931,-0.475644,-0.680147,0.526972,-1104.270996,1517.913574,-4602.371582,-1098.179077,1437.699585,-4614.534180,-1091.818726,1562.584106,-4628.143555,-1121.247559,1467.161987,-4564.754395,-1105.838867,1604.208984,-4602.054199,,,,,,,,,,,,,2616.287842,1567.724243,-3159.778564,,,,,,,,,,,,,,,,,,,,,,,,,,,,,,,,,
4603,46.030000,0.000000,0.000000,0.000000,1.000000,0.000000,0.000000,0.000000,57.698101,20.499701,-14.700500,0.047771,-0.013570,0.015998,-15.666301,-52.738201,18.801300,-93.396698,0.129960,17.611099,-0.182931,-0.475644,-0.680147,0.526972,-1104.270996,1517.913574,-4602.371582,-1098.179077,1437.699585,-4614.534180,-1091.818726,1562.584106,-4628.143555,-1121.247559,1467.161987,-4564.754395,-1105.838867,1604.208984,-4602.054199,,,,,,,,,,,,,2616.286621,1567.734131,-3159.770508,,,,,,,,,,,,,,,,,,,,,,,,,,,,,,,,,
4604,46.040000,0.000000,0.000000,0.000000,1.000000,0.000000,0.000000,0.000000,57.698101,20.499701,-14.700500,0.047771,-0.013570,0.015998,-15.666301,-52.738201,18.801300,-93.396698,0.129960,17.611099,-0.182931,-0.475644,-0.680147,0.526972,-1104.270996,1517.913574,-4602.371582,-1098.179077,1437.699585,-4614.534180,-1091.818726,1562.584106,-4628.143555,-1121.247559,1467.161987,-4564.754395,-1105.838867,1604.208984,-4602.054199,,,,,,,,,,,,,2616.312988,1567.738281,-3159.792725,,,,,,,,,,,,,,,,,,,,,,,,,,,,,,,,,
4605,46.050000,0.000000,0.000000,0.000000,1.000000,0.000000,0.000000,0.000000,57.698101,20.499701,-14.700500,0.047771,-0.013570,0.015998,-15.666301,-52.738201,18.801300,-93.396698,0.129960,17.611099,-0.182931,-0.475644,-0.680147,0.526972,-1104.270996,1517.913574,-4602.371582,-1098.179077,1437.699585,-4614.534180,-1091.818726,1562.584106,-4628.143555,-1121.247559,1467.161987,-4564.754395,-1105.838867,1604.208984,-4602.054199,,,,,,,,,,,,,2616.333496,1567.740234,-3159.772217,,,,,,,,,,,,,,,,,,,,,,,,,,,,,,,,,
4606,46.060000,0.000000,0.000000,0.000000,1.000000,0.000000,0.000000,0.000000,57.698101,20.499701,-14.700500,0.047771,-0.013570,0.015998,-15.666301,-52.738201,18.801300,-93.396698,0.129960,17.611099,-0.182931,-0.475644,-0.680147,0.526972,-1104.270996,1517.913574,-4602.371582,-1098.179077,1437.699585,-4614.534180,-1091.818726,1562.584106,-4628.143555,-1121.247559,1467.161987,-4564.754395,-1105.838867,1604.208984,-4602.054199,,,,,,,,,,,,,2616.287109,1567.729858,-3159.783447,,,,,,,,,,,,,,,,,,,,,,,,,,,,,,,,,
4607,46.070000,0.000000,0.000000,0.000000,1.000000,0.000000,0.000000,0.000000,57.698101,20.499701,-14.700500,0.047771,-0.013570,0.015998,-15.666301,-52.738201,18.801300,-93.396698,0.129960,17.611099,-0.182931,-0.475644,-0.680147,0.526972,-1104.270996,1517.913574,-4602.371582,-1098.179077,1437.699585,-4614.534180,-1091.818726,1562.584106,-4628.143555,-1121.247559,1467.161987,-4564.754395,-1105.838867,1604.208984,-4602.054199,,,,,,,,,,,,,2616.278320,1567.746338,-3159.782471,,,,,,,,,,,,,,,,,,,,,,,,,,,,,,,,,
4608,46.080000,0.000000,0.000000,0.000000,1.000000,0.000000,0.000000,0.000000,57.698101,20.499701,-14.700500,0.047771,-0.013570,0.015998,-15.666301,-52.738201,18.801300,-93.396698,0.129960,17.611099,-0.182931,-0.475644,-0.680147,0.526972,-1104.270996,1517.913574,-4602.371582,-1098.179077,1437.699585,-4614.534180,-1091.818726,1562.584106,-4628.143555,-1121.247559,1467.161987,-4564.754395,-1105.838867,1604.208984,-4602.054199,,,,,,,,,,,,,2616.309326,1567.775513,-3159.787842,,,,,,,,,,,,,,,,,,,,,,,,,,,,,,,,,
4609,46.090000,0.000000,0.000000,0.000000,1.000000,0.000000,0.000000,0.000000,57.698101,20.499701,-14.700500,0.047771,-0.013570,0.015998,-15.666301,-52.738201,18.801300,-93.396698,0.129960,17.611099,-0.182931,-0.475644,-0.680147,0.526972,-1104.270996,1517.913574,-4602.371582,-1098.179077,1437.699585,-4614.534180,-1091.818726,1562.584106,-4628.143555,-1121.247559,1467.161987,-4564.754395,-1105.838867,1604.208984,-4602.054199,,,,,,,,,,,,,2616.272461,1567.719849,-3159.786621,,,,,,,,,,,,,,,,,,,,,,,,,,,,,,,,,
4610,46.100000,0.000000,0.000000,0.000000,1.000000,0.000000,0.000000,0.000000,57.698101,20.499701,-14.700500,0.047771,-0.013570,0.015998,-15.666301,-52.738201,18.801300,-93.396698,0.129960,17.611099,-0.182931,-0.475644,-0.680147,0.526972,-1104.270996,1517.913574,-4602.371582,-1098.179077,1437.699585,-4614.534180,-1091.818726,1562.584106,-4628.143555,-1121.247559,1467.161987,-4564.754395,-1105.838867,1604.208984,-4602.054199,,,,,,,,,,,,,2616.288086,1567.754272,-3159.781738,,,,,,,,,,,,,,,,,,,,,,,,,,,,,,,,,
4611,46.110000,0.000000,0.000000,0.000000,1.000000,0.000000,0.000000,0.000000,57.698101,20.499701,-14.700500,0.047771,-0.013570,0.015998,-15.666301,-52.738201,18.801300,-93.396698,0.129960,17.611099,-0.182931,-0.475644,-0.680147,0.526972,-1104.270996,1517.913574,-4602.371582,-1098.179077,1437.699585,-4614.534180,-1091.818726,1562.584106,-4628.143555,-1121.247559,1467.161987,-4564.754395,-1105.838867,1604.208984,-4602.054199,,,,,,,,,,,,,2616.287354,1567.753540,-3159.797363,,,,,,,,,,,,,,,,,,,,,,,,,,,,,,,,,
4612,46.120000,0.000000,0.000000,0.000000,1.000000,0.000000,0.000000,0.000000,57.698101,20.499701,-14.700500,0.047771,-0.013570,0.015998,-15.666301,-52.738201,18.801300,-93.396698,0.129960,17.611099,-0.182931,-0.475644,-0.680147,0.526972,-1104.270996,1517.913574,-4602.371582,-1098.179077,1437.699585,-4614.534180,-1091.818726,1562.584106,-4628.143555,-1121.247559,1467.161987,-4564.754395,-1105.838867,1604.208984,-4602.054199,,,,,,,,,,,,,2616.320557,1567.744995,-3159.774170,,,,,,,,,,,,,,,,,,,,,,,,,,,,,,,,,
4613,46.130000,0.000000,0.000000,0.000000,1.000000,0.000000,0.000000,0.000000,57.698101,20.499701,-14.700500,0.047771,-0.013570,0.015998,-15.666301,-52.738201,18.801300,-93.396698,0.129960,17.611099,-0.182931,-0.475644,-0.680147,0.526972,-1104.270996,1517.913574,-4602.371582,-1098.179077,1437.699585,-4614.534180,-1091.818726,1562.584106,-4628.143555,-1121.247559,1467.161987,-4564.754395,-1105.838867,1604.208984,-4602.054199,,,,,,,,,,,,,2616.302734,1567.733521,-3159.772705,,,,,,,,,,,,,,,,,,,,,,,,,,,,,,,,,
4614,46.140000,0.000000,0.000000,0.000000,1.000000,0.000000,0.000000,0.000000,57.698101,20.499701,-14.700500,0.047771,-0.013570,0.015998,-15.666301,-52.738201,18.801300,-93.396698,0.129960,17.611099,-0.182931,-0.475644,-0.680147,0.526972,-1104.270996,1517.913574,-4602.371582,-1098.179077,1437.699585,-4614.534180,-1091.818726,1562.584106,-4628.143555,-1121.247559,1467.161987,-4564.754395,-1105.838867,1604.208984,-4602.054199,,,,,,,,,,,,,2616.309814,1567.762329,-3159.775879,,,,,,,,,,,,,,,,,,,,,,,,,,,,,,,,,
4615,46.150000,0.000000,0.000000,0.000000,1.000000,0.000000,0.000000,0.000000,57.698101,20.499701,-14.700500,0.047771,-0.013570,0.015998,-15.666301,-52.738201,18.801300,-93.396698,0.129960,17.611099,-0.182931,-0.475644,-0.680147,0.526972,-1104.270996,1517.913574,-4602.371582,-1098.179077,1437.699585,-4614.534180,-1091.818726,1562.584106,-4628.143555,-1121.247559,1467.161987,-4564.754395,-1105.838867,1604.208984,-4602.054199,,,,,,,,,,,,,2616.315918,1567.744995,-3159.777100,,,,,,,,,,,,,,,,,,,,,,,,,,,,,,,,,
4616,46.160000,0.000000,0.000000,0.000000,1.000000,0.000000,0.000000,0.000000,57.698101,20.499701,-14.700500,0.047771,-0.013570,0.015998,-15.666301,-52.738201,18.801300,-93.396698,0.129960,17.611099,-0.182931,-0.475644,-0.680147,0.526972,-1104.270996,1517.913574,-4602.371582,-1098.179077,1437.699585,-4614.534180,-1091.818726,1562.584106,-4628.143555,-1121.247559,1467.161987,-4564.754395,-1105.838867,1604.208984,-4602.054199,,,,,,,,,,,,,2616.316650,1567.702271,-3159.772705,,,,,,,,,,,,,,,,,,,,,,,,,,,,,,,,,
4617,46.170000,0.000000,0.000000,0.000000,1.000000,0.000000,0.000000,0.000000,57.698101,20.499701,-14.700500,0.047771,-0.013570,0.015998,-15.666301,-52.738201,18.801300,-93.396698,0.129960,17.611099,-0.182931,-0.475644,-0.680147,0.526972,-1104.270996,1517.913574,-4602.371582,-1098.179077,1437.699585,-4614.534180,-1091.818726,1562.584106,-4628.143555,-1121.247559,1467.161987,-4564.754395,-1105.838867,1604.208984,-4602.054199,,,,,,,,,,,,,2616.318848,1567.766357,-3159.761475,,,,,,,,,,,,,,,,,,,,,,,,,,,,,,,,,
4618,46.180000,0.000000,0.000000,0.000000,1.000000,0.000000,0.000000,0.000000,57.698101,20.499701,-14.700500,0.047771,-0.013570,0.015998,-15.666301,-52.738201,18.801300,-93.396698,0.129960,17.611099,-0.182931,-0.475644,-0.680147,0.526972,-1104.270996,1517.913574,-4602.371582,-1098.179077,1437.699585,-4614.534180,-1091.818726,1562.584106,-4628.143555,-1121.247559,1467.161987,-4564.754395,-1105.838867,1604.208984,-4602.054199,,,,,,,,,,,,,2616.289551,1567.774536,-3159.788574,,,,,,,,,,,,,,,,,,,,,,,,,,,,,,,,,
4619,46.190000,0.000000,0.000000,0.000000,1.000000,0.000000,0.000000,0.000000,57.698101,20.499701,-14.700500,0.047771,-0.013570,0.015998,-15.666301,-52.738201,18.801300,-93.396698,0.129960,17.611099,-0.182931,-0.475644,-0.680147,0.526972,-1104.270996,1517.913574,-4602.371582,-1098.179077,1437.699585,-4614.534180,-1091.818726,1562.584106,-4628.143555,-1121.247559,1467.161987,-4564.754395,-1105.838867,1604.208984,-4602.054199,,,,,,,,,,,,,2616.251709,1567.742432,-3159.791992,,,,,,,,,,,,,,,,,,,,,,,,,,,,,,,,,
4620,46.200000,0.000000,0.000000,0.000000,1.000000,0.000000,0.000000,0.000000,57.698101,20.499701,-14.700500,0.047771,-0.013570,0.015998,-15.666301,-52.738201,18.801300,-93.396698,0.129960,17.611099,-0.182931,-0.475644,-0.680147,0.526972,-1104.270996,1517.913574,-4602.371582,-1098.179077,1437.699585,-4614.534180,-1091.818726,1562.584106,-4628.143555,-1121.247559,1467.161987,-4564.754395,-1105.838867,1604.208984,-4602.054199,,,,,,,,,,,,,2616.297119,1567.785889,-3159.790283,,,,,,,,,,,,,,,,,,,,,,,,,,,,,,,,,
4621,46.210000,0.000000,0.000000,0.000000,1.000000,0.000000,0.000000,0.000000,57.698101,20.499701,-14.700500,0.047771,-0.013570,0.015998,-15.666301,-52.738201,18.801300,-93.396698,0.129960,17.611099,-0.182931,-0.475644,-0.680147,0.526972,-1104.270996,1517.913574,-4602.371582,-1098.179077,1437.699585,-4614.534180,-1091.818726,1562.584106,-4628.143555,-1121.247559,1467.161987,-4564.754395,-1105.838867,1604.208984,-4602.054199,,,,,,,,,,,,,2616.320312,1567.705078,-3159.766113,,,,,,,,,,,,,,,,,,,,,,,,,,,,,,,,,
4622,46.220000,0.000000,0.000000,0.000000,1.000000,0.000000,0.000000,0.000000,57.698101,20.499701,-14.700500,0.047771,-0.013570,0.015998,-15.666301,-52.738201,18.801300,-93.396698,0.129960,17.611099,-0.182931,-0.475644,-0.680147,0.526972,-1104.270996,1517.913574,-4602.371582,-1098.179077,1437.699585,-4614.534180,-1091.818726,1562.584106,-4628.143555,-1121.247559,1467.161987,-4564.754395,-1105.838867,1604.208984,-4602.054199,,,,,,,,,,,,,2616.305420,1567.712402,-3159.764404,,,,,,,,,,,,,,,,,,,,,,,,,,,,,,,,,
4623,46.230000,0.000000,0.000000,0.000000,1.000000,0.000000,0.000000,0.000000,57.698101,20.499701,-14.700500,0.047771,-0.013570,0.015998,-15.666301,-52.738201,18.801300,-93.396698,0.129960,17.611099,-0.182931,-0.475644,-0.680147,0.526972,-1104.270996,1517.913574,-4602.371582,-1098.179077,1437.699585,-4614.534180,-1091.818726,1562.584106,-4628.143555,-1121.247559,1467.161987,-4564.754395,-1105.838867,1604.208984,-4602.054199,,,,,,,,,,,,,2616.283936,1567.724731,-3159.777100,,,,,,,,,,,,,,,,,,,,,,,,,,,,,,,,,
4624,46.240000,0.000000,0.000000,0.000000,1.000000,0.000000,0.000000,0.000000,57.698101,20.499701,-14.700500,0.047771,-0.013570,0.015998,-15.666301,-52.738201,18.801300,-93.396698,0.129960,17.611099,-0.182931,-0.475644,-0.680147,0.526972,-1104.270996,1517.913574,-4602.371582,-1098.179077,1437.699585,-4614.534180,-1091.818726,1562.584106,-4628.143555,-1121.247559,1467.161987,-4564.754395,-1105.838867,1604.208984,-4602.054199,,,,,,,,,,,,,2616.296143,1567.738525,-3159.778564,,,,,,,,,,,,,,,,,,,,,,,,,,,,,,,,,
4625,46.250000,0.000000,0.000000,0.000000,1.000000,0.000000,0.000000,0.000000,57.698101,20.499701,-14.700500,0.047771,-0.013570,0.015998,-15.666301,-52.738201,18.801300,-93.396698,0.129960,17.611099,-0.182931,-0.475644,-0.680147,0.526972,-1104.270996,1517.913574,-4602.371582,-1098.179077,1437.699585,-4614.534180,-1091.818726,1562.584106,-4628.143555,-1121.247559,1467.161987,-4564.754395,-1105.838867,1604.208984,-4602.054199,,,,,,,,,,,,,2616.295410,1567.741577,-3159.775391,,,,,,,,,,,,,,,,,,,,,,,,,,,,,,,,,
4626,46.260000,0.000000,0.000000,0.000000,1.000000,0.000000,0.000000,0.000000,57.698101,20.499701,-14.700500,0.047771,-0.013570,0.015998,-15.666301,-52.738201,18.801300,-93.396698,0.129960,17.611099,-0.182931,-0.475644,-0.680147,0.526972,-1104.270996,1517.913574,-4602.371582,-1098.179077,1437.699585,-4614.534180,-1091.818726,1562.584106,-4628.143555,-1121.247559,1467.161987,-4564.754395,-1105.838867,1604.208984,-4602.054199,,,,,,,,,,,,,2616.265137,1567.707886,-3159.785889,,,,,,,,,,,,,,,,,,,,,,,,,,,,,,,,,
4627,46.270000,0.000000,0.000000,0.000000,1.000000,0.000000,0.000000,0.000000,57.698101,20.499701,-14.700500,0.047771,-0.013570,0.015998,-15.666301,-52.738201,18.801300,-93.396698,0.129960,17.611099,-0.182931,-0.475644,-0.680147,0.526972,-1104.270996,1517.913574,-4602.371582,-1098.179077,1437.699585,-4614.534180,-1091.818726,1562.584106,-4628.143555,-1121.247559,1467.161987,-4564.754395,-1105.838867,1604.208984,-4602.054199,,,,,,,,,,,,,2616.315430,1567.774902,-3159.783936,,,,,,,,,,,,,,,,,,,,,,,,,,,,,,,,,
4628,46.280000,0.000000,0.000000,0.000000,1.000000,0.000000,0.000000,0.000000,57.698101,20.499701,-14.700500,0.047771,-0.013570,0.015998,-15.666301,-52.738201,18.801300,-93.396698,0.129960,17.611099,-0.182931,-0.475644,-0.680147,0.526972,-1104.270996,1517.913574,-4602.371582,-1098.179077,1437.699585,-4614.534180,-1091.818726,1562.584106,-4628.143555,-1121.247559,1467.161987,-4564.754395,-1105.838867,1604.208984,-4602.054199,,,,,,,,,,,,,2616.266846,1567.719238,-3159.779053,,,,,,,,,,,,,,,,,,,,,,,,,,,,,,,,,
4629,46.290000,0.000000,0.000000,0.000000,1.000000,0.000000,0.000000,0.000000,57.698101,20.499701,-14.700500,0.047771,-0.013570,0.015998,-15.666301,-52.738201,18.801300,-93.396698,0.129960,17.611099,-0.182931,-0.475644,-0.680147,0.526972,-1104.270996,1517.913574,-4602.371582,-1098.179077,1437.699585,-4614.534180,-1091.818726,1562.584106,-4628.143555,-1121.247559,1467.161987,-4564.754395,-1105.838867,1604.208984,-4602.054199,,,,,,,,,,,,,2616.311035,1567.772095,-3159.778564,,,,,,,,,,,,,,,,,,,,,,,,,,,,,,,,,
4630,46.300000,0.000000,0.000000,0.000000,1.000000,0.000000,0.000000,0.000000,57.698101,20.499701,-14.700500,0.047771,-0.013570,0.015998,-15.666301,-52.738201,18.801300,-93.396698,0.129960,17.611099,-0.182931,-0.475644,-0.680147,0.526972,-1104.270996,1517.913574,-4602.371582,-1098.179077,1437.699585,-4614.534180,-1091.818726,1562.584106,-4628.143555,-1121.247559,1467.161987,-4564.754395,-1105.838867,1604.208984,-4602.054199,,,,,,,,,,,,,2616.292236,1567.741821,-3159.789062,,,,,,,,,,,,,,,,,,,,,,,,,,,,,,,,,
4631,46.310000,0.000000,0.000000,0.000000,1.000000,0.000000,0.000000,0.000000,57.698101,20.499701,-14.700500,0.047771,-0.013570,0.015998,-15.666301,-52.738201,18.801300,-93.396698,0.129960,17.611099,-0.182931,-0.475644,-0.680147,0.526972,-1104.270996,1517.913574,-4602.371582,-1098.179077,1437.699585,-4614.534180,-1091.818726,1562.584106,-4628.143555,-1121.247559,1467.161987,-4564.754395,-1105.838867,1604.208984,-4602.054199,,,,,,,,,,,,,2616.292725,1567.761719,-3159.794434,,,,,,,,,,,,,,,,,,,,,,,,,,,,,,,,,
4632,46.320000,0.000000,0.000000,0.000000,1.000000,0.000000,0.000000,0.000000,57.698101,20.499701,-14.700500,0.047771,-0.013570,0.015998,-15.666301,-52.738201,18.801300,-93.396698,0.129960,17.611099,-0.182931,-0.475644,-0.680147,0.526972,-1104.270996,1517.913574,-4602.371582,-1098.179077,1437.699585,-4614.534180,-1091.818726,1562.584106,-4628.143555,-1121.247559,1467.161987,-4564.754395,-1105.838867,1604.208984,-4602.054199,,,,,,,,,,,,,2616.289307,1567.751587,-3159.801025,,,,,,,,,,,,,,,,,,,,,,,,,,,,,,,,,
4633,46.330000,0.000000,0.000000,0.000000,1.000000,0.000000,0.000000,0.000000,57.698101,20.499701,-14.700500,0.047771,-0.013570,0.015998,-15.666301,-52.738201,18.801300,-93.396698,0.129960,17.611099,-0.182931,-0.475644,-0.680147,0.526972,-1104.270996,1517.913574,-4602.371582,-1098.179077,1437.699585,-4614.534180,-1091.818726,1562.584106,-4628.143555,-1121.247559,1467.161987,-4564.754395,-1105.838867,1604.208984,-4602.054199,,,,,,,,,,,,,2616.287842,1567.756104,-3159.788574,,,,,,,,,,,,,,,,,,,,,,,,,,,,,,,,,
4634,46.340000,0.000000,0.000000,0.000000,1.000000,0.000000,0.000000,0.000000,57.698101,20.499701,-14.700500,0.047771,-0.013570,0.015998,-15.666301,-52.738201,18.801300,-93.396698,0.129960,17.611099,-0.182931,-0.475644,-0.680147,0.526972,-1104.270996,1517.913574,-4602.371582,-1098.179077,1437.699585,-4614.534180,-1091.818726,1562.584106,-4628.143555,-1121.247559,1467.161987,-4564.754395,-1105.838867,1604.208984,-4602.054199,,,,,,,,,,,,,2616.302979,1567.793945,-3159.788086,,,,,,,,,,,,,,,,,,,,,,,,,,,,,,,,,
4635,46.350000,0.000000,0.000000,0.000000,1.000000,0.000000,0.000000,0.000000,57.698101,20.499701,-14.700500,0.047771,-0.013570,0.015998,-15.666301,-52.738201,18.801300,-93.396698,0.129960,17.611099,-0.182931,-0.475644,-0.680147,0.526972,-1104.270996,1517.913574,-4602.371582,-1098.179077,1437.699585,-4614.534180,-1091.818726,1562.584106,-4628.143555,-1121.247559,1467.161987,-4564.754395,-1105.838867,1604.208984,-4602.054199,,,,,,,,,,,,,2616.298340,1567.765625,-3159.791992,,,,,,,,,,,,,,,,,,,,,,,,,,,,,,,,,
4636,46.360000,0.000000,0.000000,0.000000,1.000000,0.000000,0.000000,0.000000,57.698101,20.499701,-14.700500,0.047771,-0.013570,0.015998,-15.666301,-52.738201,18.801300,-93.396698,0.129960,17.611099,-0.182931,-0.475644,-0.680147,0.526972,-1104.270996,1517.913574,-4602.371582,-1098.179077,1437.699585,-4614.534180,-1091.818726,1562.584106,-4628.143555,-1121.247559,1467.161987,-4564.754395,-1105.838867,1604.208984,-4602.054199,,,,,,,,,,,,,2616.270996,1567.727295,-3159.798584,,,,,,,,,,,,,,,,,,,,,,,,,,,,,,,,,
4637,46.370000,0.000000,0.000000,0.000000,1.000000,0.000000,0.000000,0.000000,57.698101,20.499701,-14.700500,0.047771,-0.013570,0.015998,-15.666301,-52.738201,18.801300,-93.396698,0.129960,17.611099,-0.182931,-0.475644,-0.680147,0.526972,-1104.270996,1517.913574,-4602.371582,-1098.179077,1437.699585,-4614.534180,-1091.818726,1562.584106,-4628.143555,-1121.247559,1467.161987,-4564.754395,-1105.838867,1604.208984,-4602.054199,,,,,,,,,,,,,2616.261230,1567.755615,-3159.802490,,,,,,,,,,,,,,,,,,,,,,,,,,,,,,,,,
4638,46.380000,0.000000,0.000000,0.000000,1.000000,0.000000,0.000000,0.000000,57.698101,20.499701,-14.700500,0.047771,-0.013570,0.015998,-15.666301,-52.738201,18.801300,-93.396698,0.129960,17.611099,-0.182931,-0.475644,-0.680147,0.526972,-1104.270996,1517.913574,-4602.371582,-1098.179077,1437.699585,-4614.534180,-1091.818726,1562.584106,-4628.143555,-1121.247559,1467.161987,-4564.754395,-1105.838867,1604.208984,-4602.054199,,,,,,,,,,,,,2616.292725,1567.750488,-3159.793457,,,,,,,,,,,,,,,,,,,,,,,,,,,,,,,,,
4639,46.390000,0.000000,0.000000,0.000000,1.000000,0.000000,0.000000,0.000000,57.698101,20.499701,-14.700500,0.047771,-0.013570,0.015998,-15.666301,-52.738201,18.801300,-93.396698,0.129960,17.611099,-0.182931,-0.475644,-0.680147,0.526972,-1104.270996,1517.913574,-4602.371582,-1098.179077,1437.699585,-4614.534180,-1091.818726,1562.584106,-4628.143555,-1121.247559,1467.161987,-4564.754395,-1105.838867,1604.208984,-4602.054199,,,,,,,,,,,,,2616.286133,1567.741577,-3159.786865,,,,,,,,,,,,,,,,,,,,,,,,,,,,,,,,,
4640,46.400000,0.000000,0.000000,0.000000,1.000000,0.000000,0.000000,0.000000,57.698101,20.499701,-14.700500,0.047771,-0.013570,0.015998,-15.666301,-52.738201,18.801300,-93.396698,0.129960,17.611099,-0.182931,-0.475644,-0.680147,0.526972,-1104.270996,1517.913574,-4602.371582,-1098.179077,1437.699585,-4614.534180,-1091.818726,1562.584106,-4628.143555,-1121.247559,1467.161987,-4564.754395,-1105.838867,1604.208984,-4602.054199,,,,,,,,,,,,,2616.260986,1567.736572,-3159.794189,,,,,,,,,,,,,,,,,,,,,,,,,,,,,,,,,
4641,46.410000,0.000000,0.000000,0.000000,1.000000,0.000000,0.000000,0.000000,57.698101,20.499701,-14.700500,0.047771,-0.013570,0.015998,-15.666301,-52.738201,18.801300,-93.396698,0.129960,17.611099,-0.182931,-0.475644,-0.680147,0.526972,-1104.270996,1517.913574,-4602.371582,-1098.179077,1437.699585,-4614.534180,-1091.818726,1562.584106,-4628.143555,-1121.247559,1467.161987,-4564.754395,-1105.838867,1604.208984,-4602.054199,,,,,,,,,,,,,2616.273926,1567.752808,-3159.802246,,,,,,,,,,,,,,,,,,,,,,,,,,,,,,,,,
4642,46.420000,0.000000,0.000000,0.000000,1.000000,0.000000,0.000000,0.000000,57.698101,20.499701,-14.700500,0.047771,-0.013570,0.015998,-15.666301,-52.738201,18.801300,-93.396698,0.129960,17.611099,-0.182931,-0.475644,-0.680147,0.526972,-1104.270996,1517.913574,-4602.371582,-1098.179077,1437.699585,-4614.534180,-1091.818726,1562.584106,-4628.143555,-1121.247559,1467.161987,-4564.754395,-1105.838867,1604.208984,-4602.054199,,,,,,,,,,,,,2616.305908,1567.727051,-3159.784424,,,,,,,,,,,,,,,,,,,,,,,,,,,,,,,,,
4643,46.430000,0.000000,0.000000,0.000000,1.000000,0.000000,0.000000,0.000000,57.698101,20.499701,-14.700500,0.047771,-0.013570,0.015998,-15.666301,-52.738201,18.801300,-93.396698,0.129960,17.611099,-0.182931,-0.475644,-0.680147,0.526972,-1104.270996,1517.913574,-4602.371582,-1098.179077,1437.699585,-4614.534180,-1091.818726,1562.584106,-4628.143555,-1121.247559,1467.161987,-4564.754395,-1105.838867,1604.208984,-4602.054199,,,,,,,,,,,,,2616.313232,1567.747192,-3159.769531,,,,,,,,,,,,,,,,,,,,,,,,,,,,,,,,,
4644,46.440000,0.000000,0.000000,0.000000,1.000000,0.000000,0.000000,0.000000,57.698101,20.499701,-14.700500,0.047771,-0.013570,0.015998,-15.666301,-52.738201,18.801300,-93.396698,0.129960,17.611099,-0.182931,-0.475644,-0.680147,0.526972,-1104.270996,1517.913574,-4602.371582,-1098.179077,1437.699585,-4614.534180,-1091.818726,1562.584106,-4628.143555,-1121.247559,1467.161987,-4564.754395,-1105.838867,1604.208984,-4602.054199,,,,,,,,,,,,,2616.283691,1567.771362,-3159.790039,,,,,,,,,,,,,,,,,,,,,,,,,,,,,,,,,
4645,46.450000,0.000000,0.000000,0.000000,1.000000,0.000000,0.000000,0.000000,57.698101,20.499701,-14.700500,0.047771,-0.013570,0.015998,-15.666301,-52.738201,18.801300,-93.396698,0.129960,17.611099,-0.182931,-0.475644,-0.680147,0.526972,-1104.270996,1517.913574,-4602.371582,-1098.179077,1437.699585,-4614.534180,-1091.818726,1562.584106,-4628.143555,-1121.247559,1467.161987,-4564.754395,-1105.838867,1604.208984,-4602.054199,,,,,,,,,,,,,2616.287598,1567.763794,-3159.786377,,,,,,,,,,,,,,,,,,,,,,,,,,,,,,,,,
4646,46.460000,0.000000,0.000000,0.000000,1.000000,0.000000,0.000000,0.000000,57.698101,20.499701,-14.700500,0.047771,-0.013570,0.015998,-15.666301,-52.738201,18.801300,-93.396698,0.129960,17.611099,-0.182931,-0.475644,-0.680147,0.526972,-1104.270996,1517.913574,-4602.371582,-1098.179077,1437.699585,-4614.534180,-1091.818726,1562.584106,-4628.143555,-1121.247559,1467.161987,-4564.754395,-1105.838867,1604.208984,-4602.054199,,,,,,,,,,,,,2616.271973,1567.730835,-3159.785400,,,,,,,,,,,,,,,,,,,,,,,,,,,,,,,,,
4647,46.470000,0.000000,0.000000,0.000000,1.000000,0.000000,0.000000,0.000000,57.698101,20.499701,-14.700500,0.047771,-0.013570,0.015998,-15.666301,-52.738201,18.801300,-93.396698,0.129960,17.611099,-0.182931,-0.475644,-0.680147,0.526972,-1104.270996,1517.913574,-4602.371582,-1098.179077,1437.699585,-4614.534180,-1091.818726,1562.584106,-4628.143555,-1121.247559,1467.161987,-4564.754395,-1105.838867,1604.208984,-4602.054199,,,,,,,,,,,,,2616.284668,1567.747925,-3159.788086,,,,,,,,,,,,,,,,,,,,,,,,,,,,,,,,,
4648,46.480000,0.000000,0.000000,0.000000,1.000000,0.000000,0.000000,0.000000,57.698101,20.499701,-14.700500,0.047771,-0.013570,0.015998,-15.666301,-52.738201,18.801300,-93.396698,0.129960,17.611099,-0.182931,-0.475644,-0.680147,0.526972,-1104.270996,1517.913574,-4602.371582,-1098.179077,1437.699585,-4614.534180,-1091.818726,1562.584106,-4628.143555,-1121.247559,1467.161987,-4564.754395,-1105.838867,1604.208984,-4602.054199,,,,,,,,,,,,,2616.274658,1567.739136,-3159.778809,,,,,,,,,,,,,,,,,,,,,,,,,,,,,,,,,
4649,46.490000,0.000000,0.000000,0.000000,1.000000,0.000000,0.000000,0.000000,57.698101,20.499701,-14.700500,0.047771,-0.013570,0.015998,-15.666301,-52.738201,18.801300,-93.396698,0.129960,17.611099,-0.182931,-0.475644,-0.680147,0.526972,-1104.270996,1517.913574,-4602.371582,-1098.179077,1437.699585,-4614.534180,-1091.818726,1562.584106,-4628.143555,-1121.247559,1467.161987,-4564.754395,-1105.838867,1604.208984,-4602.054199,,,,,,,,,,,,,2616.295410,1567.786133,-3159.787598,,,,,,,,,,,,,,,,,,,,,,,,,,,,,,,,,
4650,46.500000,0.000000,0.000000,0.000000,1.000000,0.000000,0.000000,0.000000,57.698101,20.499701,-14.700500,0.047771,-0.013570,0.015998,-15.666301,-52.738201,18.801300,-93.396698,0.129960,17.611099,-0.182931,-0.475644,-0.680147,0.526972,-1104.270996,1517.913574,-4602.371582,-1098.179077,1437.699585,-4614.534180,-1091.818726,1562.584106,-4628.143555,-1121.247559,1467.161987,-4564.754395,-1105.838867,1604.208984,-4602.054199,,,,,,,,,,,,,2616.282227,1567.757935,-3159.793945,,,,,,,,,,,,,,,,,,,,,,,,,,,,,,,,,
4651,46.510000,0.000000,0.000000,0.000000,1.000000,0.000000,0.000000,0.000000,57.698101,20.499701,-14.700500,0.047771,-0.013570,0.015998,-15.666301,-52.738201,18.801300,-93.396698,0.129960,17.611099,-0.182931,-0.475644,-0.680147,0.526972,-1104.270996,1517.913574,-4602.371582,-1098.179077,1437.699585,-4614.534180,-1091.818726,1562.584106,-4628.143555,-1121.247559,1467.161987,-4564.754395,-1105.838867,1604.208984,-4602.054199,,,,,,,,,,,,,2616.302246,1567.741577,-3159.776367,,,,,,,,,,,,,,,,,,,,,,,,,,,,,,,,,
4652,46.520000,0.000000,0.000000,0.000000,1.000000,0.000000,0.000000,0.000000,57.698101,20.499701,-14.700500,0.047771,-0.013570,0.015998,-15.666301,-52.738201,18.801300,-93.396698,0.129960,17.611099,-0.182931,-0.475644,-0.680147,0.526972,-1104.270996,1517.913574,-4602.371582,-1098.179077,1437.699585,-4614.534180,-1091.818726,1562.584106,-4628.143555,-1121.247559,1467.161987,-4564.754395,-1105.838867,1604.208984,-4602.054199,,,,,,,,,,,,,2616.311523,1567.727173,-3159.766357,,,,,,,,,,,,,,,,,,,,,,,,,,,,,,,,,
4653,46.530000,0.000000,0.000000,0.000000,1.000000,0.000000,0.000000,0.000000,57.698101,20.499701,-14.700500,0.047771,-0.013570,0.015998,-15.666301,-52.738201,18.801300,-93.396698,0.129960,17.611099,-0.182931,-0.475644,-0.680147,0.526972,-1104.270996,1517.913574,-4602.371582,-1098.179077,1437.699585,-4614.534180,-1091.818726,1562.584106,-4628.143555,-1121.247559,1467.161987,-4564.754395,-1105.838867,1604.208984,-4602.054199,,,,,,,,,,,,,2616.330322,1567.744995,-3159.770752,,,,,,,,,,,,,,,,,,,,,,,,,,,,,,,,,
4654,46.540000,0.000000,0.000000,0.000000,1.000000,0.000000,0.000000,0.000000,57.698101,20.499701,-14.700500,0.047771,-0.013570,0.015998,-15.666301,-52.738201,18.801300,-93.396698,0.129960,17.611099,-0.182931,-0.475644,-0.680147,0.526972,-1104.270996,1517.913574,-4602.371582,-1098.179077,1437.699585,-4614.534180,-1091.818726,1562.584106,-4628.143555,-1121.247559,1467.161987,-4564.754395,-1105.838867,1604.208984,-4602.054199,,,,,,,,,,,,,2616.289062,1567.775391,-3159.797852,,,,,,,,,,,,,,,,,,,,,,,,,,,,,,,,,
4655,46.550000,0.000000,0.000000,0.000000,1.000000,0.000000,0.000000,0.000000,57.698101,20.499701,-14.700500,0.047771,-0.013570,0.015998,-15.666301,-52.738201,18.801300,-93.396698,0.129960,17.611099,-0.182931,-0.475644,-0.680147,0.526972,-1104.270996,1517.913574,-4602.371582,-1098.179077,1437.699585,-4614.534180,-1091.818726,1562.584106,-4628.143555,-1121.247559,1467.161987,-4564.754395,-1105.838867,1604.208984,-4602.054199,,,,,,,,,,,,,2616.297852,1567.763672,-3159.798584,,,,,,,,,,,,,,,,,,,,,,,,,,,,,,,,,
4656,46.560000,0.000000,0.000000,0.000000,1.000000,0.000000,0.000000,0.000000,57.698101,20.499701,-14.700500,0.047771,-0.013570,0.015998,-15.666301,-52.738201,18.801300,-93.396698,0.129960,17.611099,-0.182931,-0.475644,-0.680147,0.526972,-1104.270996,1517.913574,-4602.371582,-1098.179077,1437.699585,-4614.534180,-1091.818726,1562.584106,-4628.143555,-1121.247559,1467.161987,-4564.754395,-1105.838867,1604.208984,-4602.054199,,,,,,,,,,,,,2616.272217,1567.737061,-3159.798340,,,,,,,,,,,,,,,,,,,,,,,,,,,,,,,,,
4657,46.570000,0.000000,0.000000,0.000000,1.000000,0.000000,0.000000,0.000000,57.698101,20.499701,-14.700500,0.047771,-0.013570,0.015998,-15.666301,-52.738201,18.801300,-93.396698,0.129960,17.611099,-0.182931,-0.475644,-0.680147,0.526972,-1104.270996,1517.913574,-4602.371582,-1098.179077,1437.699585,-4614.534180,-1091.818726,1562.584106,-4628.143555,-1121.247559,1467.161987,-4564.754395,-1105.838867,1604.208984,-4602.054199,,,,,,,,,,,,,2616.305664,1567.722534,-3159.788574,,,,,,,,,,,,,,,,,,,,,,,,,,,,,,,,,
4658,46.580000,0.000000,0.000000,0.000000,1.000000,0.000000,0.000000,0.000000,57.698101,20.499701,-14.700500,0.047771,-0.013570,0.015998,-15.666301,-52.738201,18.801300,-93.396698,0.129960,17.611099,-0.182931,-0.475644,-0.680147,0.526972,-1104.270996,1517.913574,-4602.371582,-1098.179077,1437.699585,-4614.534180,-1091.818726,1562.584106,-4628.143555,-1121.247559,1467.161987,-4564.754395,-1105.838867,1604.208984,-4602.054199,,,,,,,,,,,,,2616.297363,1567.760864,-3159.784912,,,,,,,,,,,,,,,,,,,,,,,,,,,,,,,,,
4659,46.590000,0.000000,0.000000,0.000000,1.000000,0.000000,0.000000,0.000000,57.698101,20.499701,-14.700500,0.047771,-0.013570,0.015998,-15.666301,-52.738201,18.801300,-93.396698,0.129960,17.611099,-0.182931,-0.475644,-0.680147,0.526972,-1104.270996,1517.913574,-4602.371582,-1098.179077,1437.699585,-4614.534180,-1091.818726,1562.584106,-4628.143555,-1121.247559,1467.161987,-4564.754395,-1105.838867,1604.208984,-4602.054199,,,,,,,,,,,,,2616.295654,1567.736206,-3159.791748,,,,,,,,,,,,,,,,,,,,,,,,,,,,,,,,,
4660,46.600000,0.000000,0.000000,0.000000,1.000000,0.000000,0.000000,0.000000,57.698101,20.499701,-14.700500,0.047771,-0.013570,0.015998,-15.666301,-52.738201,18.801300,-93.396698,0.129960,17.611099,-0.182931,-0.475644,-0.680147,0.526972,-1104.270996,1517.913574,-4602.371582,-1098.179077,1437.699585,-4614.534180,-1091.818726,1562.584106,-4628.143555,-1121.247559,1467.161987,-4564.754395,-1105.838867,1604.208984,-4602.054199,,,,,,,,,,,,,2616.279785,1567.756348,-3159.784668,,,,,,,,,,,,,,,,,,,,,,,,,,,,,,,,,
4661,46.610000,0.000000,0.000000,0.000000,1.000000,0.000000,0.000000,0.000000,57.698101,20.499701,-14.700500,0.047771,-0.013570,0.015998,-15.666301,-52.738201,18.801300,-93.396698,0.129960,17.611099,-0.182931,-0.475644,-0.680147,0.526972,-1104.270996,1517.913574,-4602.371582,-1098.179077,1437.699585,-4614.534180,-1091.818726,1562.584106,-4628.143555,-1121.247559,1467.161987,-4564.754395,-1105.838867,1604.208984,-4602.054199,,,,,,,,,,,,,2616.299072,1567.739014,-3159.772949,,,,,,,,,,,,,,,,,,,,,,,,,,,,,,,,,
4662,46.620000,0.000000,0.000000,0.000000,1.000000,0.000000,0.000000,0.000000,57.698101,20.499701,-14.700500,0.047771,-0.013570,0.015998,-15.666301,-52.738201,18.801300,-93.396698,0.129960,17.611099,-0.182931,-0.475644,-0.680147,0.526972,-1104.270996,1517.913574,-4602.371582,-1098.179077,1437.699585,-4614.534180,-1091.818726,1562.584106,-4628.143555,-1121.247559,1467.161987,-4564.754395,-1105.838867,1604.208984,-4602.054199,,,,,,,,,,,,,2616.281250,1567.739014,-3159.781006,,,,,,,,,,,,,,,,,,,,,,,,,,,,,,,,,
4663,46.630000,0.000000,0.000000,0.000000,1.000000,0.000000,0.000000,0.000000,57.698101,20.499701,-14.700500,0.047771,-0.013570,0.015998,-15.666301,-52.738201,18.801300,-93.396698,0.129960,17.611099,-0.182931,-0.475644,-0.680147,0.526972,-1104.270996,1517.913574,-4602.371582,-1098.179077,1437.699585,-4614.534180,-1091.818726,1562.584106,-4628.143555,-1121.247559,1467.161987,-4564.754395,-1105.838867,1604.208984,-4602.054199,,,,,,,,,,,,,2616.314209,1567.750732,-3159.780762,,,,,,,,,,,,,,,,,,,,,,,,,,,,,,,,,
4664,46.640000,0.000000,0.000000,0.000000,1.000000,0.000000,0.000000,0.000000,57.698101,20.499701,-14.700500,0.047771,-0.013570,0.015998,-15.666301,-52.738201,18.801300,-93.396698,0.129960,17.611099,-0.182931,-0.475644,-0.680147,0.526972,-1104.270996,1517.913574,-4602.371582,-1098.179077,1437.699585,-4614.534180,-1091.818726,1562.584106,-4628.143555,-1121.247559,1467.161987,-4564.754395,-1105.838867,1604.208984,-4602.054199,,,,,,,,,,,,,2616.271484,1567.740479,-3159.796387,,,,,,,,,,,,,,,,,,,,,,,,,,,,,,,,,
4665,46.650000,0.000000,0.000000,0.000000,1.000000,0.000000,0.000000,0.000000,57.698101,20.499701,-14.700500,0.047771,-0.013570,0.015998,-15.666301,-52.738201,18.801300,-93.396698,0.129960,17.611099,-0.182931,-0.475644,-0.680147,0.526972,-1104.270996,1517.913574,-4602.371582,-1098.179077,1437.699585,-4614.534180,-1091.818726,1562.584106,-4628.143555,-1121.247559,1467.161987,-4564.754395,-1105.838867,1604.208984,-4602.054199,,,,,,,,,,,,,2616.307861,1567.745117,-3159.779297,,,,,,,,,,,,,,,,,,,,,,,,,,,,,,,,,
4666,46.660000,0.000000,0.000000,0.000000,1.000000,0.000000,0.000000,0.000000,57.698101,20.499701,-14.700500,0.047771,-0.013570,0.015998,-15.666301,-52.738201,18.801300,-93.396698,0.129960,17.611099,-0.182931,-0.475644,-0.680147,0.526972,-1104.270996,1517.913574,-4602.371582,-1098.179077,1437.699585,-4614.534180,-1091.818726,1562.584106,-4628.143555,-1121.247559,1467.161987,-4564.754395,-1105.838867,1604.208984,-4602.054199,,,,,,,,,,,,,2616.307617,1567.740723,-3159.770020,,,,,,,,,,,,,,,,,,,,,,,,,,,,,,,,,
4667,46.670000,0.000000,0.000000,0.000000,1.000000,0.000000,0.000000,0.000000,57.698101,20.499701,-14.700500,0.047771,-0.013570,0.015998,-15.666301,-52.738201,18.801300,-93.396698,0.129960,17.611099,-0.182931,-0.475644,-0.680147,0.526972,-1104.270996,1517.913574,-4602.371582,-1098.179077,1437.699585,-4614.534180,-1091.818726,1562.584106,-4628.143555,-1121.247559,1467.161987,-4564.754395,-1105.838867,1604.208984,-4602.054199,,,,,,,,,,,,,2616.316895,1567.756348,-3159.768555,,,,,,,,,,,,,,,,,,,,,,,,,,,,,,,,,
4668,46.680000,0.000000,0.000000,0.000000,1.000000,0.000000,0.000000,0.000000,57.698101,20.499701,-14.700500,0.047771,-0.013570,0.015998,-15.666301,-52.738201,18.801300,-93.396698,0.129960,17.611099,-0.182931,-0.475644,-0.680147,0.526972,-1104.270996,1517.913574,-4602.371582,-1098.179077,1437.699585,-4614.534180,-1091.818726,1562.584106,-4628.143555,-1121.247559,1467.161987,-4564.754395,-1105.838867,1604.208984,-4602.054199,,,,,,,,,,,,,2616.316895,1567.732422,-3159.777832,,,,,,,,,,,,,,,,,,,,,,,,,,,,,,,,,
4669,46.690000,0.000000,0.000000,0.000000,1.000000,0.000000,0.000000,0.000000,57.698101,20.499701,-14.700500,0.047771,-0.013570,0.015998,-15.666301,-52.738201,18.801300,-93.396698,0.129960,17.611099,-0.182931,-0.475644,-0.680147,0.526972,-1104.270996,1517.913574,-4602.371582,-1098.179077,1437.699585,-4614.534180,-1091.818726,1562.584106,-4628.143555,-1121.247559,1467.161987,-4564.754395,-1105.838867,1604.208984,-4602.054199,,,,,,,,,,,,,2616.314209,1567.771484,-3159.779297,,,,,,,,,,,,,,,,,,,,,,,,,,,,,,,,,
4670,46.700000,0.000000,0.000000,0.000000,1.000000,0.000000,0.000000,0.000000,57.698101,20.499701,-14.700500,0.047771,-0.013570,0.015998,-15.666301,-52.738201,18.801300,-93.396698,0.129960,17.611099,-0.182931,-0.475644,-0.680147,0.526972,-1104.270996,1517.913574,-4602.371582,-1098.179077,1437.699585,-4614.534180,-1091.818726,1562.584106,-4628.143555,-1121.247559,1467.161987,-4564.754395,-1105.838867,1604.208984,-4602.054199,,,,,,,,,,,,,2616.305420,1567.761230,-3159.788086,,,,,,,,,,,,,,,,,,,,,,,,,,,,,,,,,
4671,46.710000,0.000000,0.000000,0.000000,1.000000,0.000000,0.000000,0.000000,57.698101,20.499701,-14.700500,0.047771,-0.013570,0.015998,-15.666301,-52.738201,18.801300,-93.396698,0.129960,17.611099,-0.182931,-0.475644,-0.680147,0.526972,-1104.270996,1517.913574,-4602.371582,-1098.179077,1437.699585,-4614.534180,-1091.818726,1562.584106,-4628.143555,-1121.247559,1467.161987,-4564.754395,-1105.838867,1604.208984,-4602.054199,,,,,,,,,,,,,2616.294189,1567.752930,-3159.777588,,,,,,,,,,,,,,,,,,,,,,,,,,,,,,,,,
4672,46.720000,0.000000,0.000000,0.000000,1.000000,0.000000,0.000000,0.000000,57.698101,20.499701,-14.700500,0.047771,-0.013570,0.015998,-15.666301,-52.738201,18.801300,-93.396698,0.129960,17.611099,-0.182931,-0.475644,-0.680147,0.526972,-1104.270996,1517.913574,-4602.371582,-1098.179077,1437.699585,-4614.534180,-1091.818726,1562.584106,-4628.143555,-1121.247559,1467.161987,-4564.754395,-1105.838867,1604.208984,-4602.054199,,,,,,,,,,,,,2616.305664,1567.729858,-3159.774170,,,,,,,,,,,,,,,,,,,,,,,,,,,,,,,,,
4673,46.730000,0.000000,0.000000,0.000000,1.000000,0.000000,0.000000,0.000000,57.698101,20.499701,-14.700500,0.047771,-0.013570,0.015998,-15.666301,-52.738201,18.801300,-93.396698,0.129960,17.611099,-0.182931,-0.475644,-0.680147,0.526972,-1104.270996,1517.913574,-4602.371582,-1098.179077,1437.699585,-4614.534180,-1091.818726,1562.584106,-4628.143555,-1121.247559,1467.161987,-4564.754395,-1105.838867,1604.208984,-4602.054199,,,,,,,,,,,,,2616.306152,1567.688721,-3159.759033,,,,,,,,,,,,,,,,,,,,,,,,,,,,,,,,,
4674,46.740000,0.000000,0.000000,0.000000,1.000000,0.000000,0.000000,0.000000,57.698101,20.499701,-14.700500,0.047771,-0.013570,0.015998,-15.666301,-52.738201,18.801300,-93.396698,0.129960,17.611099,-0.182931,-0.475644,-0.680147,0.526972,-1104.270996,1517.913574,-4602.371582,-1098.179077,1437.699585,-4614.534180,-1091.818726,1562.584106,-4628.143555,-1121.247559,1467.161987,-4564.754395,-1105.838867,1604.208984,-4602.054199,,,,,,,,,,,,,2616.309814,1567.733765,-3159.766357,,,,,,,,,,,,,,,,,,,,,,,,,,,,,,,,,
4675,46.750000,0.000000,0.000000,0.000000,1.000000,0.000000,0.000000,0.000000,57.698101,20.499701,-14.700500,0.047771,-0.013570,0.015998,-15.666301,-52.738201,18.801300,-93.396698,0.129960,17.611099,-0.182931,-0.475644,-0.680147,0.526972,-1104.270996,1517.913574,-4602.371582,-1098.179077,1437.699585,-4614.534180,-1091.818726,1562.584106,-4628.143555,-1121.247559,1467.161987,-4564.754395,-1105.838867,1604.208984,-4602.054199,,,,,,,,,,,,,2616.285156,1567.754517,-3159.783203,,,,,,,,,,,,,,,,,,,,,,,,,,,,,,,,,
4676,46.760000,0.000000,0.000000,0.000000,1.000000,0.000000,0.000000,0.000000,57.698101,20.499701,-14.700500,0.047771,-0.013570,0.015998,-15.666301,-52.738201,18.801300,-93.396698,0.129960,17.611099,-0.182931,-0.475644,-0.680147,0.526972,-1104.270996,1517.913574,-4602.371582,-1098.179077,1437.699585,-4614.534180,-1091.818726,1562.584106,-4628.143555,-1121.247559,1467.161987,-4564.754395,-1105.838867,1604.208984,-4602.054199,,,,,,,,,,,,,2616.269531,1567.760986,-3159.787842,,,,,,,,,,,,,,,,,,,,,,,,,,,,,,,,,
4677,46.770000,0.000000,0.000000,0.000000,1.000000,0.000000,0.000000,0.000000,57.698101,20.499701,-14.700500,0.047771,-0.013570,0.015998,-15.666301,-52.738201,18.801300,-93.396698,0.129960,17.611099,-0.182931,-0.475644,-0.680147,0.526972,-1104.270996,1517.913574,-4602.371582,-1098.179077,1437.699585,-4614.534180,-1091.818726,1562.584106,-4628.143555,-1121.247559,1467.161987,-4564.754395,-1105.838867,1604.208984,-4602.054199,,,,,,,,,,,,,2616.270508,1567.737183,-3159.794434,,,,,,,,,,,,,,,,,,,,,,,,,,,,,,,,,
4678,46.780000,0.000000,0.000000,0.000000,1.000000,0.000000,0.000000,0.000000,57.698101,20.499701,-14.700500,0.047771,-0.013570,0.015998,-15.666301,-52.738201,18.801300,-93.396698,0.129960,17.611099,-0.182931,-0.475644,-0.680147,0.526972,-1104.270996,1517.913574,-4602.371582,-1098.179077,1437.699585,-4614.534180,-1091.818726,1562.584106,-4628.143555,-1121.247559,1467.161987,-4564.754395,-1105.838867,1604.208984,-4602.054199,,,,,,,,,,,,,2616.290039,1567.754761,-3159.784912,,,,,,,,,,,,,,,,,,,,,,,,,,,,,,,,,
4679,46.790000,0.000000,0.000000,0.000000,1.000000,0.000000,0.000000,0.000000,57.698101,20.499701,-14.700500,0.047771,-0.013570,0.015998,-15.666301,-52.738201,18.801300,-93.396698,0.129960,17.611099,-0.182931,-0.475644,-0.680147,0.526972,-1104.270996,1517.913574,-4602.371582,-1098.179077,1437.699585,-4614.534180,-1091.818726,1562.584106,-4628.143555,-1121.247559,1467.161987,-4564.754395,-1105.838867,1604.208984,-4602.054199,,,,,,,,,,,,,2616.282715,1567.737915,-3159.778564,,,,,,,,,,,,,,,,,,,,,,,,,,,,,,,,,
4680,46.800000,0.000000,0.000000,0.000000,1.000000,0.000000,0.000000,0.000000,57.698101,20.499701,-14.700500,0.047771,-0.013570,0.015998,-15.666301,-52.738201,18.801300,-93.396698,0.129960,17.611099,-0.182931,-0.475644,-0.680147,0.526972,-1104.270996,1517.913574,-4602.371582,-1098.179077,1437.699585,-4614.534180,-1091.818726,1562.584106,-4628.143555,-1121.247559,1467.161987,-4564.754395,-1105.838867,1604.208984,-4602.054199,,,,,,,,,,,,,2616.301514,1567.706787,-3159.769043,,,,,,,,,,,,,,,,,,,,,,,,,,,,,,,,,
4681,46.810000,0.000000,0.000000,0.000000,1.000000,0.000000,0.000000,0.000000,57.698101,20.499701,-14.700500,0.047771,-0.013570,0.015998,-15.666301,-52.738201,18.801300,-93.396698,0.129960,17.611099,-0.182931,-0.475644,-0.680147,0.526972,-1104.270996,1517.913574,-4602.371582,-1098.179077,1437.699585,-4614.534180,-1091.818726,1562.584106,-4628.143555,-1121.247559,1467.161987,-4564.754395,-1105.838867,1604.208984,-4602.054199,,,,,,,,,,,,,2616.316406,1567.736328,-3159.776611,,,,,,,,,,,,,,,,,,,,,,,,,,,,,,,,,
4682,46.820000,0.000000,0.000000,0.000000,1.000000,0.000000,0.000000,0.000000,57.698101,20.499701,-14.700500,0.047771,-0.013570,0.015998,-15.666301,-52.738201,18.801300,-93.396698,0.129960,17.611099,-0.182931,-0.475644,-0.680147,0.526972,-1104.270996,1517.913574,-4602.371582,-1098.179077,1437.699585,-4614.534180,-1091.818726,1562.584106,-4628.143555,-1121.247559,1467.161987,-4564.754395,-1105.838867,1604.208984,-4602.054199,,,,,,,,,,,,,2616.286377,1567.772949,-3159.795166,,,,,,,,,,,,,,,,,,,,,,,,,,,,,,,,,
4683,46.830000,0.000000,0.000000,0.000000,1.000000,0.000000,0.000000,0.000000,57.698101,20.499701,-14.700500,0.047771,-0.013570,0.015998,-15.666301,-52.738201,18.801300,-93.396698,0.129960,17.611099,-0.182931,-0.475644,-0.680147,0.526972,-1104.270996,1517.913574,-4602.371582,-1098.179077,1437.699585,-4614.534180,-1091.818726,1562.584106,-4628.143555,-1121.247559,1467.161987,-4564.754395,-1105.838867,1604.208984,-4602.054199,,,,,,,,,,,,,2616.268066,1567.711304,-3159.790527,,,,,,,,,,,,,,,,,,,,,,,,,,,,,,,,,
4684,46.840000,0.000000,0.000000,0.000000,1.000000,0.000000,0.000000,0.000000,57.698101,20.499701,-14.700500,0.047771,-0.013570,0.015998,-15.666301,-52.738201,18.801300,-93.396698,0.129960,17.611099,-0.182931,-0.475644,-0.680147,0.526972,-1104.270996,1517.913574,-4602.371582,-1098.179077,1437.699585,-4614.534180,-1091.818726,1562.584106,-4628.143555,-1121.247559,1467.161987,-4564.754395,-1105.838867,1604.208984,-4602.054199,,,,,,,,,,,,,2616.301270,1567.692749,-3159.775879,,,,,,,,,,,,,,,,,,,,,,,,,,,,,,,,,
4685,46.850000,0.000000,0.000000,0.000000,1.000000,0.000000,0.000000,0.000000,57.698101,20.499701,-14.700500,0.047771,-0.013570,0.015998,-15.666301,-52.738201,18.801300,-93.396698,0.129960,17.611099,-0.182931,-0.475644,-0.680147,0.526972,-1104.270996,1517.913574,-4602.371582,-1098.179077,1437.699585,-4614.534180,-1091.818726,1562.584106,-4628.143555,-1121.247559,1467.161987,-4564.754395,-1105.838867,1604.208984,-4602.054199,,,,,,,,,,,,,2616.299316,1567.731201,-3159.785645,,,,,,,,,,,,,,,,,,,,,,,,,,,,,,,,,
4686,46.860000,0.000000,0.000000,0.000000,1.000000,0.000000,0.000000,0.000000,57.698101,20.499701,-14.700500,0.047771,-0.013570,0.015998,-15.666301,-52.738201,18.801300,-93.396698,0.129960,17.611099,-0.182931,-0.475644,-0.680147,0.526972,-1104.270996,1517.913574,-4602.371582,-1098.179077,1437.699585,-4614.534180,-1091.818726,1562.584106,-4628.143555,-1121.247559,1467.161987,-4564.754395,-1105.838867,1604.208984,-4602.054199,,,,,,,,,,,,,2616.306641,1567.752197,-3159.793945,,,,,,,,,,,,,,,,,,,,,,,,,,,,,,,,,
4687,46.870000,0.000000,0.000000,0.000000,1.000000,0.000000,0.000000,0.000000,57.698101,20.499701,-14.700500,0.047771,-0.013570,0.015998,-15.666301,-52.738201,18.801300,-93.396698,0.129960,17.611099,-0.182931,-0.475644,-0.680147,0.526972,-1104.270996,1517.913574,-4602.371582,-1098.179077,1437.699585,-4614.534180,-1091.818726,1562.584106,-4628.143555,-1121.247559,1467.161987,-4564.754395,-1105.838867,1604.208984,-4602.054199,,,,,,,,,,,,,2616.295410,1567.723389,-3159.780273,,,,,,,,,,,,,,,,,,,,,,,,,,,,,,,,,
4688,46.880000,0.000000,0.000000,0.000000,1.000000,0.000000,0.000000,0.000000,57.698101,20.499701,-14.700500,0.047771,-0.013570,0.015998,-15.666301,-52.738201,18.801300,-93.396698,0.129960,17.611099,-0.182931,-0.475644,-0.680147,0.526972,-1104.270996,1517.913574,-4602.371582,-1098.179077,1437.699585,-4614.534180,-1091.818726,1562.584106,-4628.143555,-1121.247559,1467.161987,-4564.754395,-1105.838867,1604.208984,-4602.054199,,,,,,,,,,,,,2616.272705,1567.720947,-3159.778076,,,,,,,,,,,,,,,,,,,,,,,,,,,,,,,,,
4689,46.890000,0.000000,0.000000,0.000000,1.000000,0.000000,0.000000,0.000000,57.698101,20.499701,-14.700500,0.047771,-0.013570,0.015998,-15.666301,-52.738201,18.801300,-93.396698,0.129960,17.611099,-0.182931,-0.475644,-0.680147,0.526972,-1104.270996,1517.913574,-4602.371582,-1098.179077,1437.699585,-4614.534180,-1091.818726,1562.584106,-4628.143555,-1121.247559,1467.161987,-4564.754395,-1105.838867,1604.208984,-4602.054199,,,,,,,,,,,,,2616.255127,1567.746460,-3159.793701,,,,,,,,,,,,,,,,,,,,,,,,,,,,,,,,,
4690,46.900000,0.000000,0.000000,0.000000,1.000000,0.000000,0.000000,0.000000,57.698101,20.499701,-14.700500,0.047771,-0.013570,0.015998,-15.666301,-52.738201,18.801300,-93.396698,0.129960,17.611099,-0.182931,-0.475644,-0.680147,0.526972,-1104.270996,1517.913574,-4602.371582,-1098.179077,1437.699585,-4614.534180,-1091.818726,1562.584106,-4628.143555,-1121.247559,1467.161987,-4564.754395,-1105.838867,1604.208984,-4602.054199,,,,,,,,,,,,,2616.272217,1567.748169,-3159.781982,,,,,,,,,,,,,,,,,,,,,,,,,,,,,,,,,
4691,46.910000,0.000000,0.000000,0.000000,1.000000,0.000000,0.000000,0.000000,57.698101,20.499701,-14.700500,0.047771,-0.013570,0.015998,-15.666301,-52.738201,18.801300,-93.396698,0.129960,17.611099,-0.182931,-0.475644,-0.680147,0.526972,-1104.270996,1517.913574,-4602.371582,-1098.179077,1437.699585,-4614.534180,-1091.818726,1562.584106,-4628.143555,-1121.247559,1467.161987,-4564.754395,-1105.838867,1604.208984,-4602.054199,,,,,,,,,,,,,2616.295410,1567.739502,-3159.791260,,,,,,,,,,,,,,,,,,,,,,,,,,,,,,,,,
4692,46.920000,0.000000,0.000000,0.000000,1.000000,0.000000,0.000000,0.000000,57.698101,20.499701,-14.700500,0.047771,-0.013570,0.015998,-15.666301,-52.738201,18.801300,-93.396698,0.129960,17.611099,-0.182931,-0.475644,-0.680147,0.526972,-1104.270996,1517.913574,-4602.371582,-1098.179077,1437.699585,-4614.534180,-1091.818726,1562.584106,-4628.143555,-1121.247559,1467.161987,-4564.754395,-1105.838867,1604.208984,-4602.054199,,,,,,,,,,,,,2616.286377,1567.703491,-3159.765625,,,,,,,,,,,,,,,,,,,,,,,,,,,,,,,,,
4693,46.930000,0.000000,0.000000,0.000000,1.000000,0.000000,0.000000,0.000000,57.698101,20.499701,-14.700500,0.047771,-0.013570,0.015998,-15.666301,-52.738201,18.801300,-93.396698,0.129960,17.611099,-0.182931,-0.475644,-0.680147,0.526972,-1104.270996,1517.913574,-4602.371582,-1098.179077,1437.699585,-4614.534180,-1091.818726,1562.584106,-4628.143555,-1121.247559,1467.161987,-4564.754395,-1105.838867,1604.208984,-4602.054199,,,,,,,,,,,,,2616.279053,1567.742188,-3159.774658,,,,,,,,,,,,,,,,,,,,,,,,,,,,,,,,,
4694,46.940000,0.000000,0.000000,0.000000,1.000000,0.000000,0.000000,0.000000,57.698101,20.499701,-14.700500,0.047771,-0.013570,0.015998,-15.666301,-52.738201,18.801300,-93.396698,0.129960,17.611099,-0.182931,-0.475644,-0.680147,0.526972,-1104.270996,1517.913574,-4602.371582,-1098.179077,1437.699585,-4614.534180,-1091.818726,1562.584106,-4628.143555,-1121.247559,1467.161987,-4564.754395,-1105.838867,1604.208984,-4602.054199,,,,,,,,,,,,,2616.282471,1567.755127,-3159.788086,,,,,,,,,,,,,,,,,,,,,,,,,,,,,,,,,
4695,46.950000,0.000000,0.000000,0.000000,1.000000,0.000000,0.000000,0.000000,57.698101,20.499701,-14.700500,0.047771,-0.013570,0.015998,-15.666301,-52.738201,18.801300,-93.396698,0.129960,17.611099,-0.182931,-0.475644,-0.680147,0.526972,-1104.270996,1517.913574,-4602.371582,-1098.179077,1437.699585,-4614.534180,-1091.818726,1562.584106,-4628.143555,-1121.247559,1467.161987,-4564.754395,-1105.838867,1604.208984,-4602.054199,,,,,,,,,,,,,2616.283936,1567.758301,-3159.790771,,,,,,,,,,,,,,,,,,,,,,,,,,,,,,,,,
4696,46.960000,0.000000,0.000000,0.000000,1.000000,0.000000,0.000000,0.000000,57.698101,20.499701,-14.700500,0.047771,-0.013570,0.015998,-15.666301,-52.738201,18.801300,-93.396698,0.129960,17.611099,-0.182931,-0.475644,-0.680147,0.526972,-1104.270996,1517.913574,-4602.371582,-1098.179077,1437.699585,-4614.534180,-1091.818726,1562.584106,-4628.143555,-1121.247559,1467.161987,-4564.754395,-1105.838867,1604.208984,-4602.054199,,,,,,,,,,,,,2616.285645,1567.762939,-3159.787109,,,,,,,,,,,,,,,,,,,,,,,,,,,,,,,,,
4697,46.970000,0.000000,0.000000,0.000000,1.000000,0.000000,0.000000,0.000000,57.698101,20.499701,-14.700500,0.047771,-0.013570,0.015998,-15.666301,-52.738201,18.801300,-93.396698,0.129960,17.611099,-0.182931,-0.475644,-0.680147,0.526972,-1104.270996,1517.913574,-4602.371582,-1098.179077,1437.699585,-4614.534180,-1091.818726,1562.584106,-4628.143555,-1121.247559,1467.161987,-4564.754395,-1105.838867,1604.208984,-4602.054199,,,,,,,,,,,,,2616.276855,1567.771851,-3159.788086,,,,,,,,,,,,,,,,,,,,,,,,,,,,,,,,,
4698,46.980000,0.000000,0.000000,0.000000,1.000000,0.000000,0.000000,0.000000,57.698101,20.499701,-14.700500,0.047771,-0.013570,0.015998,-15.666301,-52.738201,18.801300,-93.396698,0.129960,17.611099,-0.182931,-0.475644,-0.680147,0.526972,-1104.270996,1517.913574,-4602.371582,-1098.179077,1437.699585,-4614.534180,-1091.818726,1562.584106,-4628.143555,-1121.247559,1467.161987,-4564.754395,-1105.838867,1604.208984,-4602.054199,,,,,,,,,,,,,2616.284912,1567.770264,-3159.791504,,,,,,,,,,,,,,,,,,,,,,,,,,,,,,,,,
4699,46.990000,0.000000,0.000000,0.000000,1.000000,0.000000,0.000000,0.000000,57.698101,20.499701,-14.700500,0.047771,-0.013570,0.015998,-15.666301,-52.738201,18.801300,-93.396698,0.129960,17.611099,-0.182931,-0.475644,-0.680147,0.526972,-1104.270996,1517.913574,-4602.371582,-1098.179077,1437.699585,-4614.534180,-1091.818726,1562.584106,-4628.143555,-1121.247559,1467.161987,-4564.754395,-1105.838867,1604.208984,-4602.054199,,,,,,,,,,,,,2616.289307,1567.756958,-3159.780518,,,,,,,,,,,,,,,,,,,,,,,,,,,,,,,,,
4700,47.000000,0.000000,0.000000,0.000000,1.000000,0.000000,0.000000,0.000000,57.698101,20.499701,-14.700500,0.047771,-0.013570,0.015998,-15.666301,-52.738201,18.801300,-93.396698,0.129960,17.611099,-0.182931,-0.475644,-0.680147,0.526972,-1104.270996,1517.913574,-4602.371582,-1098.179077,1437.699585,-4614.534180,-1091.818726,1562.584106,-4628.143555,-1121.247559,1467.161987,-4564.754395,-1105.838867,1604.208984,-4602.054199,,,,,,,,,,,,,2616.304199,1567.745483,-3159.771240,,,,,,,,,,,,,,,,,,,,,,,,,,,,,,,,,
4701,47.010000,0.000000,0.000000,0.000000,1.000000,0.000000,0.000000,0.000000,57.698101,20.499701,-14.700500,0.047771,-0.013570,0.015998,-15.666301,-52.738201,18.801300,-93.396698,0.129960,17.611099,-0.182931,-0.475644,-0.680147,0.526972,-1104.270996,1517.913574,-4602.371582,-1098.179077,1437.699585,-4614.534180,-1091.818726,1562.584106,-4628.143555,-1121.247559,1467.161987,-4564.754395,-1105.838867,1604.208984,-4602.054199,,,,,,,,,,,,,2616.289307,1567.729004,-3159.774902,,,,,,,,,,,,,,,,,,,,,,,,,,,,,,,,,
4702,47.020000,0.000000,0.000000,0.000000,1.000000,0.000000,0.000000,0.000000,57.698101,20.499701,-14.700500,0.047771,-0.013570,0.015998,-15.666301,-52.738201,18.801300,-93.396698,0.129960,17.611099,-0.182931,-0.475644,-0.680147,0.526972,-1104.270996,1517.913574,-4602.371582,-1098.179077,1437.699585,-4614.534180,-1091.818726,1562.584106,-4628.143555,-1121.247559,1467.161987,-4564.754395,-1105.838867,1604.208984,-4602.054199,,,,,,,,,,,,,2616.266846,1567.701294,-3159.779785,,,,,,,,,,,,,,,,,,,,,,,,,,,,,,,,,
4703,47.030000,0.000000,0.000000,0.000000,1.000000,0.000000,0.000000,0.000000,57.698101,20.499701,-14.700500,0.047771,-0.013570,0.015998,-15.666301,-52.738201,18.801300,-93.396698,0.129960,17.611099,-0.182931,-0.475644,-0.680147,0.526972,-1104.270996,1517.913574,-4602.371582,-1098.179077,1437.699585,-4614.534180,-1091.818726,1562.584106,-4628.143555,-1121.247559,1467.161987,-4564.754395,-1105.838867,1604.208984,-4602.054199,,,,,,,,,,,,,2616.279297,1567.727661,-3159.786133,,,,,,,,,,,,,,,,,,,,,,,,,,,,,,,,,
4704,47.040000,0.000000,0.000000,0.000000,1.000000,0.000000,0.000000,0.000000,57.698101,20.499701,-14.700500,0.047771,-0.013570,0.015998,-15.666301,-52.738201,18.801300,-93.396698,0.129960,17.611099,-0.182931,-0.475644,-0.680147,0.526972,-1104.270996,1517.913574,-4602.371582,-1098.179077,1437.699585,-4614.534180,-1091.818726,1562.584106,-4628.143555,-1121.247559,1467.161987,-4564.754395,-1105.838867,1604.208984,-4602.054199,,,,,,,,,,,,,2616.269531,1567.718628,-3159.779785,,,,,,,,,,,,,,,,,,,,,,,,,,,,,,,,,
4705,47.050000,0.000000,0.000000,0.000000,1.000000,0.000000,0.000000,0.000000,57.698101,20.499701,-14.700500,0.047771,-0.013570,0.015998,-15.666301,-52.738201,18.801300,-93.396698,0.129960,17.611099,-0.182931,-0.475644,-0.680147,0.526972,-1104.270996,1517.913574,-4602.371582,-1098.179077,1437.699585,-4614.534180,-1091.818726,1562.584106,-4628.143555,-1121.247559,1467.161987,-4564.754395,-1105.838867,1604.208984,-4602.054199,,,,,,,,,,,,,2616.282959,1567.743164,-3159.784180,,,,,,,,,,,,,,,,,,,,,,,,,,,,,,,,,
4706,47.060000,0.000000,0.000000,0.000000,1.000000,0.000000,0.000000,0.000000,57.698101,20.499701,-14.700500,0.047771,-0.013570,0.015998,-15.666301,-52.738201,18.801300,-93.396698,0.129960,17.611099,-0.182931,-0.475644,-0.680147,0.526972,-1104.270996,1517.913574,-4602.371582,-1098.179077,1437.699585,-4614.534180,-1091.818726,1562.584106,-4628.143555,-1121.247559,1467.161987,-4564.754395,-1105.838867,1604.208984,-4602.054199,,,,,,,,,,,,,2616.308594,1567.751587,-3159.781738,,,,,,,,,,,,,,,,,,,,,,,,,,,,,,,,,
4707,47.070000,0.000000,0.000000,0.000000,1.000000,0.000000,0.000000,0.000000,57.698101,20.499701,-14.700500,0.047771,-0.013570,0.015998,-15.666301,-52.738201,18.801300,-93.396698,0.129960,17.611099,-0.182931,-0.475644,-0.680147,0.526972,-1104.270996,1517.913574,-4602.371582,-1098.179077,1437.699585,-4614.534180,-1091.818726,1562.584106,-4628.143555,-1121.247559,1467.161987,-4564.754395,-1105.838867,1604.208984,-4602.054199,,,,,,,,,,,,,2616.288330,1567.768555,-3159.793945,,,,,,,,,,,,,,,,,,,,,,,,,,,,,,,,,
4708,47.080000,0.000000,0.000000,0.000000,1.000000,0.000000,0.000000,0.000000,57.698101,20.499701,-14.700500,0.047771,-0.013570,0.015998,-15.666301,-52.738201,18.801300,-93.396698,0.129960,17.611099,-0.182931,-0.475644,-0.680147,0.526972,-1104.270996,1517.913574,-4602.371582,-1098.179077,1437.699585,-4614.534180,-1091.818726,1562.584106,-4628.143555,-1121.247559,1467.161987,-4564.754395,-1105.838867,1604.208984,-4602.054199,,,,,,,,,,,,,2616.274414,1567.722656,-3159.797119,,,,,,,,,,,,,,,,,,,,,,,,,,,,,,,,,
4709,47.090000,0.000000,0.000000,0.000000,1.000000,0.000000,0.000000,0.000000,57.698101,20.499701,-14.700500,0.047771,-0.013570,0.015998,-15.666301,-52.738201,18.801300,-93.396698,0.129960,17.611099,-0.182931,-0.475644,-0.680147,0.526972,-1104.270996,1517.913574,-4602.371582,-1098.179077,1437.699585,-4614.534180,-1091.818726,1562.584106,-4628.143555,-1121.247559,1467.161987,-4564.754395,-1105.838867,1604.208984,-4602.054199,,,,,,,,,,,,,2616.278564,1567.725708,-3159.796143,,,,,,,,,,,,,,,,,,,,,,,,,,,,,,,,,
4710,47.100000,0.000000,0.000000,0.000000,1.000000,0.000000,0.000000,0.000000,57.698101,20.499701,-14.700500,0.047771,-0.013570,0.015998,-15.666301,-52.738201,18.801300,-93.396698,0.129960,17.611099,-0.182931,-0.475644,-0.680147,0.526972,-1104.270996,1517.913574,-4602.371582,-1098.179077,1437.699585,-4614.534180,-1091.818726,1562.584106,-4628.143555,-1121.247559,1467.161987,-4564.754395,-1105.838867,1604.208984,-4602.054199,,,,,,,,,,,,,2616.320312,1567.747925,-3159.774658,,,,,,,,,,,,,,,,,,,,,,,,,,,,,,,,,
4711,47.110000,0.000000,0.000000,0.000000,1.000000,0.000000,0.000000,0.000000,57.698101,20.499701,-14.700500,0.047771,-0.013570,0.015998,-15.666301,-52.738201,18.801300,-93.396698,0.129960,17.611099,-0.182931,-0.475644,-0.680147,0.526972,-1104.270996,1517.913574,-4602.371582,-1098.179077,1437.699585,-4614.534180,-1091.818726,1562.584106,-4628.143555,-1121.247559,1467.161987,-4564.754395,-1105.838867,1604.208984,-4602.054199,,,,,,,,,,,,,2616.287109,1567.784302,-3159.794434,,,,,,,,,,,,,,,,,,,,,,,,,,,,,,,,,
4712,47.120000,0.000000,0.000000,0.000000,1.000000,0.000000,0.000000,0.000000,57.698101,20.499701,-14.700500,0.047771,-0.013570,0.015998,-15.666301,-52.738201,18.801300,-93.396698,0.129960,17.611099,-0.182931,-0.475644,-0.680147,0.526972,-1104.270996,1517.913574,-4602.371582,-1098.179077,1437.699585,-4614.534180,-1091.818726,1562.584106,-4628.143555,-1121.247559,1467.161987,-4564.754395,-1105.838867,1604.208984,-4602.054199,,,,,,,,,,,,,2616.271484,1567.760620,-3159.800781,,,,,,,,,,,,,,,,,,,,,,,,,,,,,,,,,
4713,47.130000,0.000000,0.000000,0.000000,1.000000,0.000000,0.000000,0.000000,57.698101,20.499701,-14.700500,0.047771,-0.013570,0.015998,-15.666301,-52.738201,18.801300,-93.396698,0.129960,17.611099,-0.182931,-0.475644,-0.680147,0.526972,-1104.270996,1517.913574,-4602.371582,-1098.179077,1437.699585,-4614.534180,-1091.818726,1562.584106,-4628.143555,-1121.247559,1467.161987,-4564.754395,-1105.838867,1604.208984,-4602.054199,,,,,,,,,,,,,2616.307373,1567.746460,-3159.791260,,,,,,,,,,,,,,,,,,,,,,,,,,,,,,,,,
4714,47.140000,0.000000,0.000000,0.000000,1.000000,0.000000,0.000000,0.000000,57.698101,20.499701,-14.700500,0.047771,-0.013570,0.015998,-15.666301,-52.738201,18.801300,-93.396698,0.129960,17.611099,-0.182931,-0.475644,-0.680147,0.526972,-1104.270996,1517.913574,-4602.371582,-1098.179077,1437.699585,-4614.534180,-1091.818726,1562.584106,-4628.143555,-1121.247559,1467.161987,-4564.754395,-1105.838867,1604.208984,-4602.054199,,,,,,,,,,,,,2616.312744,1567.726074,-3159.767090,,,,,,,,,,,,,,,,,,,,,,,,,,,,,,,,,
4715,47.150000,0.000000,0.000000,0.000000,1.000000,0.000000,0.000000,0.000000,57.698101,20.499701,-14.700500,0.047771,-0.013570,0.015998,-15.666301,-52.738201,18.801300,-93.396698,0.129960,17.611099,-0.182931,-0.475644,-0.680147,0.526972,-1104.270996,1517.913574,-4602.371582,-1098.179077,1437.699585,-4614.534180,-1091.818726,1562.584106,-4628.143555,-1121.247559,1467.161987,-4564.754395,-1105.838867,1604.208984,-4602.054199,,,,,,,,,,,,,2616.300537,1567.749146,-3159.768555,,,,,,,,,,,,,,,,,,,,,,,,,,,,,,,,,
4716,47.160000,0.000000,0.000000,0.000000,1.000000,0.000000,0.000000,0.000000,57.698101,20.499701,-14.700500,0.047771,-0.013570,0.015998,-15.666301,-52.738201,18.801300,-93.396698,0.129960,17.611099,-0.182931,-0.475644,-0.680147,0.526972,-1104.270996,1517.913574,-4602.371582,-1098.179077,1437.699585,-4614.534180,-1091.818726,1562.584106,-4628.143555,-1121.247559,1467.161987,-4564.754395,-1105.838867,1604.208984,-4602.054199,,,,,,,,,,,,,2616.292480,1567.754517,-3159.784912,,,,,,,,,,,,,,,,,,,,,,,,,,,,,,,,,
4717,47.170000,0.000000,0.000000,0.000000,1.000000,0.000000,0.000000,0.000000,57.698101,20.499701,-14.700500,0.047771,-0.013570,0.015998,-15.666301,-52.738201,18.801300,-93.396698,0.129960,17.611099,-0.182931,-0.475644,-0.680147,0.526972,-1104.270996,1517.913574,-4602.371582,-1098.179077,1437.699585,-4614.534180,-1091.818726,1562.584106,-4628.143555,-1121.247559,1467.161987,-4564.754395,-1105.838867,1604.208984,-4602.054199,,,,,,,,,,,,,2616.293457,1567.761841,-3159.789307,,,,,,,,,,,,,,,,,,,,,,,,,,,,,,,,,
4718,47.180000,0.000000,0.000000,0.000000,1.000000,0.000000,0.000000,0.000000,57.698101,20.499701,-14.700500,0.047771,-0.013570,0.015998,-15.666301,-52.738201,18.801300,-93.396698,0.129960,17.611099,-0.182931,-0.475644,-0.680147,0.526972,-1104.270996,1517.913574,-4602.371582,-1098.179077,1437.699585,-4614.534180,-1091.818726,1562.584106,-4628.143555,-1121.247559,1467.161987,-4564.754395,-1105.838867,1604.208984,-4602.054199,,,,,,,,,,,,,2616.285400,1567.708008,-3159.774658,,,,,,,,,,,,,,,,,,,,,,,,,,,,,,,,,
4719,47.190000,0.000000,0.000000,0.000000,1.000000,0.000000,0.000000,0.000000,57.698101,20.499701,-14.700500,0.047771,-0.013570,0.015998,-15.666301,-52.738201,18.801300,-93.396698,0.129960,17.611099,-0.182931,-0.475644,-0.680147,0.526972,-1104.270996,1517.913574,-4602.371582,-1098.179077,1437.699585,-4614.534180,-1091.818726,1562.584106,-4628.143555,-1121.247559,1467.161987,-4564.754395,-1105.838867,1604.208984,-4602.054199,,,,,,,,,,,,,2616.302979,1567.706421,-3159.771729,,,,,,,,,,,,,,,,,,,,,,,,,,,,,,,,,
4720,47.200000,0.000000,0.000000,0.000000,1.000000,0.000000,0.000000,0.000000,57.698101,20.499701,-14.700500,0.047771,-0.013570,0.015998,-15.666301,-52.738201,18.801300,-93.396698,0.129960,17.611099,-0.182931,-0.475644,-0.680147,0.526972,-1104.270996,1517.913574,-4602.371582,-1098.179077,1437.699585,-4614.534180,-1091.818726,1562.584106,-4628.143555,-1121.247559,1467.161987,-4564.754395,-1105.838867,1604.208984,-4602.054199,,,,,,,,,,,,,2616.293701,1567.754761,-3159.769287,,,,,,,,,,,,,,,,,,,,,,,,,,,,,,,,,
4721,47.210000,0.000000,0.000000,0.000000,1.000000,0.000000,0.000000,0.000000,57.698101,20.499701,-14.700500,0.047771,-0.013570,0.015998,-15.666301,-52.738201,18.801300,-93.396698,0.129960,17.611099,-0.182931,-0.475644,-0.680147,0.526972,-1104.270996,1517.913574,-4602.371582,-1098.179077,1437.699585,-4614.534180,-1091.818726,1562.584106,-4628.143555,-1121.247559,1467.161987,-4564.754395,-1105.838867,1604.208984,-4602.054199,,,,,,,,,,,,,2616.271973,1567.756592,-3159.788818,,,,,,,,,,,,,,,,,,,,,,,,,,,,,,,,,
4722,47.220000,0.000000,0.000000,0.000000,1.000000,0.000000,0.000000,0.000000,57.698101,20.499701,-14.700500,0.047771,-0.013570,0.015998,-15.666301,-52.738201,18.801300,-93.396698,0.129960,17.611099,-0.182931,-0.475644,-0.680147,0.526972,-1104.270996,1517.913574,-4602.371582,-1098.179077,1437.699585,-4614.534180,-1091.818726,1562.584106,-4628.143555,-1121.247559,1467.161987,-4564.754395,-1105.838867,1604.208984,-4602.054199,,,,,,,,,,,,,2616.322510,1567.737793,-3159.784180,,,,,,,,,,,,,,,,,,,,,,,,,,,,,,,,,
4723,47.230000,0.000000,0.000000,0.000000,1.000000,0.000000,0.000000,0.000000,57.698101,20.499701,-14.700500,0.047771,-0.013570,0.015998,-15.666301,-52.738201,18.801300,-93.396698,0.129960,17.611099,-0.182931,-0.475644,-0.680147,0.526972,-1104.270996,1517.913574,-4602.371582,-1098.179077,1437.699585,-4614.534180,-1091.818726,1562.584106,-4628.143555,-1121.247559,1467.161987,-4564.754395,-1105.838867,1604.208984,-4602.054199,,,,,,,,,,,,,2616.284668,1567.727539,-3159.768555,,,,,,,,,,,,,,,,,,,,,,,,,,,,,,,,,
4724,47.240000,0.000000,0.000000,0.000000,1.000000,0.000000,0.000000,0.000000,57.698101,20.499701,-14.700500,0.047771,-0.013570,0.015998,-15.666301,-52.738201,18.801300,-93.396698,0.129960,17.611099,-0.182931,-0.475644,-0.680147,0.526972,-1104.270996,1517.913574,-4602.371582,-1098.179077,1437.699585,-4614.534180,-1091.818726,1562.584106,-4628.143555,-1121.247559,1467.161987,-4564.754395,-1105.838867,1604.208984,-4602.054199,,,,,,,,,,,,,2616.291504,1567.704590,-3159.773438,,,,,,,,,,,,,,,,,,,,,,,,,,,,,,,,,
4725,47.250000,0.000000,0.000000,0.000000,1.000000,0.000000,0.000000,0.000000,57.698101,20.499701,-14.700500,0.047771,-0.013570,0.015998,-15.666301,-52.738201,18.801300,-93.396698,0.129960,17.611099,-0.182931,-0.475644,-0.680147,0.526972,-1104.270996,1517.913574,-4602.371582,-1098.179077,1437.699585,-4614.534180,-1091.818726,1562.584106,-4628.143555,-1121.247559,1467.161987,-4564.754395,-1105.838867,1604.208984,-4602.054199,,,,,,,,,,,,,2616.279785,1567.718018,-3159.768311,,,,,,,,,,,,,,,,,,,,,,,,,,,,,,,,,
4726,47.260000,0.000000,0.000000,0.000000,1.000000,0.000000,0.000000,0.000000,57.698101,20.499701,-14.700500,0.047771,-0.013570,0.015998,-15.666301,-52.738201,18.801300,-93.396698,0.129960,17.611099,-0.182931,-0.475644,-0.680147,0.526972,-1104.270996,1517.913574,-4602.371582,-1098.179077,1437.699585,-4614.534180,-1091.818726,1562.584106,-4628.143555,-1121.247559,1467.161987,-4564.754395,-1105.838867,1604.208984,-4602.054199,,,,,,,,,,,,,2616.267334,1567.733887,-3159.783447,,,,,,,,,,,,,,,,,,,,,,,,,,,,,,,,,
4727,47.270000,0.000000,0.000000,0.000000,1.000000,0.000000,0.000000,0.000000,57.698101,20.499701,-14.700500,0.047771,-0.013570,0.015998,-15.666301,-52.738201,18.801300,-93.396698,0.129960,17.611099,-0.182931,-0.475644,-0.680147,0.526972,-1104.270996,1517.913574,-4602.371582,-1098.179077,1437.699585,-4614.534180,-1091.818726,1562.584106,-4628.143555,-1121.247559,1467.161987,-4564.754395,-1105.838867,1604.208984,-4602.054199,,,,,,,,,,,,,2616.255615,1567.751221,-3159.785400,,,,,,,,,,,,,,,,,,,,,,,,,,,,,,,,,
4728,47.280000,0.000000,0.000000,0.000000,1.000000,0.000000,0.000000,0.000000,57.698101,20.499701,-14.700500,0.047771,-0.013570,0.015998,-15.666301,-52.738201,18.801300,-93.396698,0.129960,17.611099,-0.182931,-0.475644,-0.680147,0.526972,-1104.270996,1517.913574,-4602.371582,-1098.179077,1437.699585,-4614.534180,-1091.818726,1562.584106,-4628.143555,-1121.247559,1467.161987,-4564.754395,-1105.838867,1604.208984,-4602.054199,,,,,,,,,,,,,2616.264404,1567.741455,-3159.782715,,,,,,,,,,,,,,,,,,,,,,,,,,,,,,,,,
4729,47.290000,0.000000,0.000000,0.000000,1.000000,0.000000,0.000000,0.000000,57.698101,20.499701,-14.700500,0.047771,-0.013570,0.015998,-15.666301,-52.738201,18.801300,-93.396698,0.129960,17.611099,-0.182931,-0.475644,-0.680147,0.526972,-1104.270996,1517.913574,-4602.371582,-1098.179077,1437.699585,-4614.534180,-1091.818726,1562.584106,-4628.143555,-1121.247559,1467.161987,-4564.754395,-1105.838867,1604.208984,-4602.054199,,,,,,,,,,,,,2616.341309,1567.739502,-3159.769775,,,,,,,,,,,,,,,,,,,,,,,,,,,,,,,,,
4730,47.300000,0.000000,0.000000,0.000000,1.000000,0.000000,0.000000,0.000000,57.698101,20.499701,-14.700500,0.047771,-0.013570,0.015998,-15.666301,-52.738201,18.801300,-93.396698,0.129960,17.611099,-0.182931,-0.475644,-0.680147,0.526972,-1104.270996,1517.913574,-4602.371582,-1098.179077,1437.699585,-4614.534180,-1091.818726,1562.584106,-4628.143555,-1121.247559,1467.161987,-4564.754395,-1105.838867,1604.208984,-4602.054199,,,,,,,,,,,,,2616.338623,1567.717529,-3159.759766,,,,,,,,,,,,,,,,,,,,,,,,,,,,,,,,,
4731,47.310000,0.000000,0.000000,0.000000,1.000000,0.000000,0.000000,0.000000,57.698101,20.499701,-14.700500,0.047771,-0.013570,0.015998,-15.666301,-52.738201,18.801300,-93.396698,0.129960,17.611099,-0.182931,-0.475644,-0.680147,0.526972,-1104.270996,1517.913574,-4602.371582,-1098.179077,1437.699585,-4614.534180,-1091.818726,1562.584106,-4628.143555,-1121.247559,1467.161987,-4564.754395,-1105.838867,1604.208984,-4602.054199,,,,,,,,,,,,,2616.356689,1567.727173,-3159.761963,,,,,,,,,,,,,,,,,,,,,,,,,,,,,,,,,
4732,47.320000,0.000000,0.000000,0.000000,1.000000,0.000000,0.000000,0.000000,57.698101,20.499701,-14.700500,0.047771,-0.013570,0.015998,-15.666301,-52.738201,18.801300,-93.396698,0.129960,17.611099,-0.182931,-0.475644,-0.680147,0.526972,-1104.270996,1517.913574,-4602.371582,-1098.179077,1437.699585,-4614.534180,-1091.818726,1562.584106,-4628.143555,-1121.247559,1467.161987,-4564.754395,-1105.838867,1604.208984,-4602.054199,,,,,,,,,,,,,2616.308350,1567.718750,-3159.781982,,,,,,,,,,,,,,,,,,,,,,,,,,,,,,,,,
4733,47.330000,0.000000,0.000000,0.000000,1.000000,0.000000,0.000000,0.000000,57.698101,20.499701,-14.700500,0.047771,-0.013570,0.015998,-15.666301,-52.738201,18.801300,-93.396698,0.129960,17.611099,-0.182931,-0.475644,-0.680147,0.526972,-1104.270996,1517.913574,-4602.371582,-1098.179077,1437.699585,-4614.534180,-1091.818726,1562.584106,-4628.143555,-1121.247559,1467.161987,-4564.754395,-1105.838867,1604.208984,-4602.054199,,,,,,,,,,,,,2616.290039,1567.748535,-3159.789795,,,,,,,,,,,,,,,,,,,,,,,,,,,,,,,,,
4734,47.340000,0.000000,0.000000,0.000000,1.000000,0.000000,0.000000,0.000000,57.698101,20.499701,-14.700500,0.047771,-0.013570,0.015998,-15.666301,-52.738201,18.801300,-93.396698,0.129960,17.611099,-0.182931,-0.475644,-0.680147,0.526972,-1104.270996,1517.913574,-4602.371582,-1098.179077,1437.699585,-4614.534180,-1091.818726,1562.584106,-4628.143555,-1121.247559,1467.161987,-4564.754395,-1105.838867,1604.208984,-4602.054199,,,,,,,,,,,,,2616.259766,1567.741455,-3159.796387,,,,,,,,,,,,,,,,,,,,,,,,,,,,,,,,,
4735,47.350000,0.000000,0.000000,0.000000,1.000000,0.000000,0.000000,0.000000,57.698101,20.499701,-14.700500,0.047771,-0.013570,0.015998,-15.666301,-52.738201,18.801300,-93.396698,0.129960,17.611099,-0.182931,-0.475644,-0.680147,0.526972,-1104.270996,1517.913574,-4602.371582,-1098.179077,1437.699585,-4614.534180,-1091.818726,1562.584106,-4628.143555,-1121.247559,1467.161987,-4564.754395,-1105.838867,1604.208984,-4602.054199,,,,,,,,,,,,,2616.301270,1567.733154,-3159.792480,,,,,,,,,,,,,,,,,,,,,,,,,,,,,,,,,
4736,47.360000,0.000000,0.000000,0.000000,1.000000,0.000000,0.000000,0.000000,57.698101,20.499701,-14.700500,0.047771,-0.013570,0.015998,-15.666301,-52.738201,18.801300,-93.396698,0.129960,17.611099,-0.182931,-0.475644,-0.680147,0.526972,-1104.270996,1517.913574,-4602.371582,-1098.179077,1437.699585,-4614.534180,-1091.818726,1562.584106,-4628.143555,-1121.247559,1467.161987,-4564.754395,-1105.838867,1604.208984,-4602.054199,,,,,,,,,,,,,2616.294434,1567.738037,-3159.781494,,,,,,,,,,,,,,,,,,,,,,,,,,,,,,,,,
4737,47.370000,0.000000,0.000000,0.000000,1.000000,0.000000,0.000000,0.000000,57.698101,20.499701,-14.700500,0.047771,-0.013570,0.015998,-15.666301,-52.738201,18.801300,-93.396698,0.129960,17.611099,-0.182931,-0.475644,-0.680147,0.526972,-1104.270996,1517.913574,-4602.371582,-1098.179077,1437.699585,-4614.534180,-1091.818726,1562.584106,-4628.143555,-1121.247559,1467.161987,-4564.754395,-1105.838867,1604.208984,-4602.054199,,,,,,,,,,,,,2616.281494,1567.754517,-3159.792236,,,,,,,,,,,,,,,,,,,,,,,,,,,,,,,,,
4738,47.380000,0.000000,0.000000,0.000000,1.000000,0.000000,0.000000,0.000000,57.698101,20.499701,-14.700500,0.047771,-0.013570,0.015998,-15.666301,-52.738201,18.801300,-93.396698,0.129960,17.611099,-0.182931,-0.475644,-0.680147,0.526972,-1104.270996,1517.913574,-4602.371582,-1098.179077,1437.699585,-4614.534180,-1091.818726,1562.584106,-4628.143555,-1121.247559,1467.161987,-4564.754395,-1105.838867,1604.208984,-4602.054199,,,,,,,,,,,,,2616.281006,1567.760010,-3159.783203,,,,,,,,,,,,,,,,,,,,,,,,,,,,,,,,,
4739,47.390000,0.000000,0.000000,0.000000,1.000000,0.000000,0.000000,0.000000,57.698101,20.499701,-14.700500,0.047771,-0.013570,0.015998,-15.666301,-52.738201,18.801300,-93.396698,0.129960,17.611099,-0.182931,-0.475644,-0.680147,0.526972,-1104.270996,1517.913574,-4602.371582,-1098.179077,1437.699585,-4614.534180,-1091.818726,1562.584106,-4628.143555,-1121.247559,1467.161987,-4564.754395,-1105.838867,1604.208984,-4602.054199,,,,,,,,,,,,,2616.288330,1567.758423,-3159.788574,,,,,,,,,,,,,,,,,,,,,,,,,,,,,,,,,
4740,47.400000,0.000000,0.000000,0.000000,1.000000,0.000000,0.000000,0.000000,57.698101,20.499701,-14.700500,0.047771,-0.013570,0.015998,-15.666301,-52.738201,18.801300,-93.396698,0.129960,17.611099,-0.182931,-0.475644,-0.680147,0.526972,-1104.270996,1517.913574,-4602.371582,-1098.179077,1437.699585,-4614.534180,-1091.818726,1562.584106,-4628.143555,-1121.247559,1467.161987,-4564.754395,-1105.838867,1604.208984,-4602.054199,,,,,,,,,,,,,2616.261475,1567.727051,-3159.789551,,,,,,,,,,,,,,,,,,,,,,,,,,,,,,,,,
4741,47.410000,0.000000,0.000000,0.000000,1.000000,0.000000,0.000000,0.000000,57.698101,20.499701,-14.700500,0.047771,-0.013570,0.015998,-15.666301,-52.738201,18.801300,-93.396698,0.129960,17.611099,-0.182931,-0.475644,-0.680147,0.526972,-1104.270996,1517.913574,-4602.371582,-1098.179077,1437.699585,-4614.534180,-1091.818726,1562.584106,-4628.143555,-1121.247559,1467.161987,-4564.754395,-1105.838867,1604.208984,-4602.054199,,,,,,,,,,,,,2616.286865,1567.746826,-3159.785156,,,,,,,,,,,,,,,,,,,,,,,,,,,,,,,,,
4742,47.420000,0.000000,0.000000,0.000000,1.000000,0.000000,0.000000,0.000000,57.698101,20.499701,-14.700500,0.047771,-0.013570,0.015998,-15.666301,-52.738201,18.801300,-93.396698,0.129960,17.611099,-0.182931,-0.475644,-0.680147,0.526972,-1104.270996,1517.913574,-4602.371582,-1098.179077,1437.699585,-4614.534180,-1091.818726,1562.584106,-4628.143555,-1121.247559,1467.161987,-4564.754395,-1105.838867,1604.208984,-4602.054199,,,,,,,,,,,,,2616.291260,1567.743896,-3159.779053,,,,,,,,,,,,,,,,,,,,,,,,,,,,,,,,,
4743,47.430000,0.000000,0.000000,0.000000,1.000000,0.000000,0.000000,0.000000,57.698101,20.499701,-14.700500,0.047771,-0.013570,0.015998,-15.666301,-52.738201,18.801300,-93.396698,0.129960,17.611099,-0.182931,-0.475644,-0.680147,0.526972,-1104.270996,1517.913574,-4602.371582,-1098.179077,1437.699585,-4614.534180,-1091.818726,1562.584106,-4628.143555,-1121.247559,1467.161987,-4564.754395,-1105.838867,1604.208984,-4602.054199,,,,,,,,,,,,,2616.298584,1567.742065,-3159.782227,,,,,,,,,,,,,,,,,,,,,,,,,,,,,,,,,
4744,47.440000,0.000000,0.000000,0.000000,1.000000,0.000000,0.000000,0.000000,57.698101,20.499701,-14.700500,0.047771,-0.013570,0.015998,-15.666301,-52.738201,18.801300,-93.396698,0.129960,17.611099,-0.182931,-0.475644,-0.680147,0.526972,-1104.270996,1517.913574,-4602.371582,-1098.179077,1437.699585,-4614.534180,-1091.818726,1562.584106,-4628.143555,-1121.247559,1467.161987,-4564.754395,-1105.838867,1604.208984,-4602.054199,,,,,,,,,,,,,2616.281738,1567.733521,-3159.782959,,,,,,,,,,,,,,,,,,,,,,,,,,,,,,,,,
4745,47.450000,0.000000,0.000000,0.000000,1.000000,0.000000,0.000000,0.000000,57.698101,20.499701,-14.700500,0.047771,-0.013570,0.015998,-15.666301,-52.738201,18.801300,-93.396698,0.129960,17.611099,-0.182931,-0.475644,-0.680147,0.526972,-1104.270996,1517.913574,-4602.371582,-1098.179077,1437.699585,-4614.534180,-1091.818726,1562.584106,-4628.143555,-1121.247559,1467.161987,-4564.754395,-1105.838867,1604.208984,-4602.054199,,,,,,,,,,,,,2616.310791,1567.745850,-3159.758789,,,,,,,,,,,,,,,,,,,,,,,,,,,,,,,,,
4746,47.460000,0.000000,0.000000,0.000000,1.000000,0.000000,0.000000,0.000000,57.698101,20.499701,-14.700500,0.047771,-0.013570,0.015998,-15.666301,-52.738201,18.801300,-93.396698,0.129960,17.611099,-0.182931,-0.475644,-0.680147,0.526972,-1104.270996,1517.913574,-4602.371582,-1098.179077,1437.699585,-4614.534180,-1091.818726,1562.584106,-4628.143555,-1121.247559,1467.161987,-4564.754395,-1105.838867,1604.208984,-4602.054199,,,,,,,,,,,,,2616.302490,1567.746460,-3159.774902,,,,,,,,,,,,,,,,,,,,,,,,,,,,,,,,,
4747,47.470000,0.000000,0.000000,0.000000,1.000000,0.000000,0.000000,0.000000,57.698101,20.499701,-14.700500,0.047771,-0.013570,0.015998,-15.666301,-52.738201,18.801300,-93.396698,0.129960,17.611099,-0.182931,-0.475644,-0.680147,0.526972,-1104.270996,1517.913574,-4602.371582,-1098.179077,1437.699585,-4614.534180,-1091.818726,1562.584106,-4628.143555,-1121.247559,1467.161987,-4564.754395,-1105.838867,1604.208984,-4602.054199,,,,,,,,,,,,,2616.239258,1567.714844,-3159.784180,,,,,,,,,,,,,,,,,,,,,,,,,,,,,,,,,
4748,47.480000,0.000000,0.000000,0.000000,1.000000,0.000000,0.000000,0.000000,57.698101,20.499701,-14.700500,0.047771,-0.013570,0.015998,-15.666301,-52.738201,18.801300,-93.396698,0.129960,17.611099,-0.182931,-0.475644,-0.680147,0.526972,-1104.270996,1517.913574,-4602.371582,-1098.179077,1437.699585,-4614.534180,-1091.818726,1562.584106,-4628.143555,-1121.247559,1467.161987,-4564.754395,-1105.838867,1604.208984,-4602.054199,,,,,,,,,,,,,2616.282959,1567.775513,-3159.790527,,,,,,,,,,,,,,,,,,,,,,,,,,,,,,,,,
4749,47.490000,0.000000,0.000000,0.000000,1.000000,0.000000,0.000000,0.000000,57.698101,20.499701,-14.700500,0.047771,-0.013570,0.015998,-15.666301,-52.738201,18.801300,-93.396698,0.129960,17.611099,-0.182931,-0.475644,-0.680147,0.526972,-1104.270996,1517.913574,-4602.371582,-1098.179077,1437.699585,-4614.534180,-1091.818726,1562.584106,-4628.143555,-1121.247559,1467.161987,-4564.754395,-1105.838867,1604.208984,-4602.054199,,,,,,,,,,,,,2616.301025,1567.768799,-3159.784668,,,,,,,,,,,,,,,,,,,,,,,,,,,,,,,,,
4750,47.500000,0.000000,0.000000,0.000000,1.000000,0.000000,0.000000,0.000000,57.698101,20.499701,-14.700500,0.047771,-0.013570,0.015998,-15.666301,-52.738201,18.801300,-93.396698,0.129960,17.611099,-0.182931,-0.475644,-0.680147,0.526972,-1104.270996,1517.913574,-4602.371582,-1098.179077,1437.699585,-4614.534180,-1091.818726,1562.584106,-4628.143555,-1121.247559,1467.161987,-4564.754395,-1105.838867,1604.208984,-4602.054199,,,,,,,,,,,,,2616.287109,1567.751099,-3159.784424,,,,,,,,,,,,,,,,,,,,,,,,,,,,,,,,,
4751,47.510000,0.000000,0.000000,0.000000,1.000000,0.000000,0.000000,0.000000,57.698101,20.499701,-14.700500,0.047771,-0.013570,0.015998,-15.666301,-52.738201,18.801300,-93.396698,0.129960,17.611099,-0.182931,-0.475644,-0.680147,0.526972,-1104.270996,1517.913574,-4602.371582,-1098.179077,1437.699585,-4614.534180,-1091.818726,1562.584106,-4628.143555,-1121.247559,1467.161987,-4564.754395,-1105.838867,1604.208984,-4602.054199,,,,,,,,,,,,,2616.301514,1567.771973,-3159.778320,,,,,,,,,,,,,,,,,,,,,,,,,,,,,,,,,
4752,47.520000,0.000000,0.000000,0.000000,1.000000,0.000000,0.000000,0.000000,57.698101,20.499701,-14.700500,0.047771,-0.013570,0.015998,-15.666301,-52.738201,18.801300,-93.396698,0.129960,17.611099,-0.182931,-0.475644,-0.680147,0.526972,-1104.270996,1517.913574,-4602.371582,-1098.179077,1437.699585,-4614.534180,-1091.818726,1562.584106,-4628.143555,-1121.247559,1467.161987,-4564.754395,-1105.838867,1604.208984,-4602.054199,,,,,,,,,,,,,2616.294922,1567.769409,-3159.778320,,,,,,,,,,,,,,,,,,,,,,,,,,,,,,,,,
4753,47.530000,0.000000,0.000000,0.000000,1.000000,0.000000,0.000000,0.000000,57.698101,20.499701,-14.700500,0.047771,-0.013570,0.015998,-15.666301,-52.738201,18.801300,-93.396698,0.129960,17.611099,-0.182931,-0.475644,-0.680147,0.526972,-1104.270996,1517.913574,-4602.371582,-1098.179077,1437.699585,-4614.534180,-1091.818726,1562.584106,-4628.143555,-1121.247559,1467.161987,-4564.754395,-1105.838867,1604.208984,-4602.054199,,,,,,,,,,,,,2616.286865,1567.733276,-3159.787842,,,,,,,,,,,,,,,,,,,,,,,,,,,,,,,,,
4754,47.540000,0.000000,0.000000,0.000000,1.000000,0.000000,0.000000,0.000000,57.698101,20.499701,-14.700500,0.047771,-0.013570,0.015998,-15.666301,-52.738201,18.801300,-93.396698,0.129960,17.611099,-0.182931,-0.475644,-0.680147,0.526972,-1104.270996,1517.913574,-4602.371582,-1098.179077,1437.699585,-4614.534180,-1091.818726,1562.584106,-4628.143555,-1121.247559,1467.161987,-4564.754395,-1105.838867,1604.208984,-4602.054199,,,,,,,,,,,,,2616.281006,1567.731201,-3159.776123,,,,,,,,,,,,,,,,,,,,,,,,,,,,,,,,,
4755,47.550000,0.000000,0.000000,0.000000,1.000000,0.000000,0.000000,0.000000,57.698101,20.499701,-14.700500,0.047771,-0.013570,0.015998,-15.666301,-52.738201,18.801300,-93.396698,0.129960,17.611099,-0.182931,-0.475644,-0.680147,0.526972,-1104.270996,1517.913574,-4602.371582,-1098.179077,1437.699585,-4614.534180,-1091.818726,1562.584106,-4628.143555,-1121.247559,1467.161987,-4564.754395,-1105.838867,1604.208984,-4602.054199,,,,,,,,,,,,,2616.305420,1567.738525,-3159.782227,,,,,,,,,,,,,,,,,,,,,,,,,,,,,,,,,
4756,47.560000,0.000000,0.000000,0.000000,1.000000,0.000000,0.000000,0.000000,57.698101,20.499701,-14.700500,0.047771,-0.013570,0.015998,-15.666301,-52.738201,18.801300,-93.396698,0.129960,17.611099,-0.182931,-0.475644,-0.680147,0.526972,-1104.270996,1517.913574,-4602.371582,-1098.179077,1437.699585,-4614.534180,-1091.818726,1562.584106,-4628.143555,-1121.247559,1467.161987,-4564.754395,-1105.838867,1604.208984,-4602.054199,,,,,,,,,,,,,2616.274902,1567.694336,-3159.774902,,,,,,,,,,,,,,,,,,,,,,,,,,,,,,,,,
4757,47.570000,0.000000,0.000000,0.000000,1.000000,0.000000,0.000000,0.000000,57.698101,20.499701,-14.700500,0.047771,-0.013570,0.015998,-15.666301,-52.738201,18.801300,-93.396698,0.129960,17.611099,-0.182931,-0.475644,-0.680147,0.526972,-1104.270996,1517.913574,-4602.371582,-1098.179077,1437.699585,-4614.534180,-1091.818726,1562.584106,-4628.143555,-1121.247559,1467.161987,-4564.754395,-1105.838867,1604.208984,-4602.054199,,,,,,,,,,,,,2616.290039,1567.759033,-3159.789062,,,,,,,,,,,,,,,,,,,,,,,,,,,,,,,,,
4758,47.580000,0.000000,0.000000,0.000000,1.000000,0.000000,0.000000,0.000000,57.698101,20.499701,-14.700500,0.047771,-0.013570,0.015998,-15.666301,-52.738201,18.801300,-93.396698,0.129960,17.611099,-0.182931,-0.475644,-0.680147,0.526972,-1104.270996,1517.913574,-4602.371582,-1098.179077,1437.699585,-4614.534180,-1091.818726,1562.584106,-4628.143555,-1121.247559,1467.161987,-4564.754395,-1105.838867,1604.208984,-4602.054199,,,,,,,,,,,,,2616.264404,1567.755981,-3159.805420,,,,,,,,,,,,,,,,,,,,,,,,,,,,,,,,,
4759,47.590000,0.000000,0.000000,0.000000,1.000000,0.000000,0.000000,0.000000,57.698101,20.499701,-14.700500,0.047771,-0.013570,0.015998,-15.666301,-52.738201,18.801300,-93.396698,0.129960,17.611099,-0.182931,-0.475644,-0.680147,0.526972,-1104.270996,1517.913574,-4602.371582,-1098.179077,1437.699585,-4614.534180,-1091.818726,1562.584106,-4628.143555,-1121.247559,1467.161987,-4564.754395,-1105.838867,1604.208984,-4602.054199,,,,,,,,,,,,,2616.278809,1567.751831,-3159.791016,,,,,,,,,,,,,,,,,,,,,,,,,,,,,,,,,
4760,47.600000,0.000000,0.000000,0.000000,1.000000,0.000000,0.000000,0.000000,57.698101,20.499701,-14.700500,0.047771,-0.013570,0.015998,-15.666301,-52.738201,18.801300,-93.396698,0.129960,17.611099,-0.182931,-0.475644,-0.680147,0.526972,-1104.270996,1517.913574,-4602.371582,-1098.179077,1437.699585,-4614.534180,-1091.818726,1562.584106,-4628.143555,-1121.247559,1467.161987,-4564.754395,-1105.838867,1604.208984,-4602.054199,,,,,,,,,,,,,2616.260986,1567.733154,-3159.791016,,,,,,,,,,,,,,,,,,,,,,,,,,,,,,,,,
4761,47.610000,0.000000,0.000000,0.000000,1.000000,0.000000,0.000000,0.000000,57.698101,20.499701,-14.700500,0.047771,-0.013570,0.015998,-15.666301,-52.738201,18.801300,-93.396698,0.129960,17.611099,-0.182931,-0.475644,-0.680147,0.526972,-1104.270996,1517.913574,-4602.371582,-1098.179077,1437.699585,-4614.534180,-1091.818726,1562.584106,-4628.143555,-1121.247559,1467.161987,-4564.754395,-1105.838867,1604.208984,-4602.054199,,,,,,,,,,,,,2616.272705,1567.748901,-3159.795654,,,,,,,,,,,,,,,,,,,,,,,,,,,,,,,,,
4762,47.620000,0.000000,0.000000,0.000000,1.000000,0.000000,0.000000,0.000000,57.698101,20.499701,-14.700500,0.047771,-0.013570,0.015998,-15.666301,-52.738201,18.801300,-93.396698,0.129960,17.611099,-0.182931,-0.475644,-0.680147,0.526972,-1104.270996,1517.913574,-4602.371582,-1098.179077,1437.699585,-4614.534180,-1091.818726,1562.584106,-4628.143555,-1121.247559,1467.161987,-4564.754395,-1105.838867,1604.208984,-4602.054199,,,,,,,,,,,,,2616.290283,1567.750000,-3159.796143,,,,,,,,,,,,,,,,,,,,,,,,,,,,,,,,,
4763,47.630000,0.000000,0.000000,0.000000,1.000000,0.000000,0.000000,0.000000,57.698101,20.499701,-14.700500,0.047771,-0.013570,0.015998,-15.666301,-52.738201,18.801300,-93.396698,0.129960,17.611099,-0.182931,-0.475644,-0.680147,0.526972,-1104.270996,1517.913574,-4602.371582,-1098.179077,1437.699585,-4614.534180,-1091.818726,1562.584106,-4628.143555,-1121.247559,1467.161987,-4564.754395,-1105.838867,1604.208984,-4602.054199,,,,,,,,,,,,,2616.286377,1567.703857,-3159.779297,,,,,,,,,,,,,,,,,,,,,,,,,,,,,,,,,
4764,47.640000,0.000000,0.000000,0.000000,1.000000,0.000000,0.000000,0.000000,57.698101,20.499701,-14.700500,0.047771,-0.013570,0.015998,-15.666301,-52.738201,18.801300,-93.396698,0.129960,17.611099,-0.182931,-0.475644,-0.680147,0.526972,-1104.270996,1517.913574,-4602.371582,-1098.179077,1437.699585,-4614.534180,-1091.818726,1562.584106,-4628.143555,-1121.247559,1467.161987,-4564.754395,-1105.838867,1604.208984,-4602.054199,,,,,,,,,,,,,2616.309570,1567.727539,-3159.771729,,,,,,,,,,,,,,,,,,,,,,,,,,,,,,,,,
4765,47.650000,0.000000,0.000000,0.000000,1.000000,0.000000,0.000000,0.000000,57.698101,20.499701,-14.700500,0.047771,-0.013570,0.015998,-15.666301,-52.738201,18.801300,-93.396698,0.129960,17.611099,-0.182931,-0.475644,-0.680147,0.526972,-1104.270996,1517.913574,-4602.371582,-1098.179077,1437.699585,-4614.534180,-1091.818726,1562.584106,-4628.143555,-1121.247559,1467.161987,-4564.754395,-1105.838867,1604.208984,-4602.054199,,,,,,,,,,,,,2616.313721,1567.736450,-3159.771729,,,,,,,,,,,,,,,,,,,,,,,,,,,,,,,,,
4766,47.660000,0.000000,0.000000,0.000000,1.000000,0.000000,0.000000,0.000000,57.698101,20.499701,-14.700500,0.047771,-0.013570,0.015998,-15.666301,-52.738201,18.801300,-93.396698,0.129960,17.611099,-0.182931,-0.475644,-0.680147,0.526972,-1104.270996,1517.913574,-4602.371582,-1098.179077,1437.699585,-4614.534180,-1091.818726,1562.584106,-4628.143555,-1121.247559,1467.161987,-4564.754395,-1105.838867,1604.208984,-4602.054199,,,,,,,,,,,,,2616.323242,1567.742310,-3159.772217,,,,,,,,,,,,,,,,,,,,,,,,,,,,,,,,,
4767,47.670000,0.000000,0.000000,0.000000,1.000000,0.000000,0.000000,0.000000,57.698101,20.499701,-14.700500,0.047771,-0.013570,0.015998,-15.666301,-52.738201,18.801300,-93.396698,0.129960,17.611099,-0.182931,-0.475644,-0.680147,0.526972,-1104.270996,1517.913574,-4602.371582,-1098.179077,1437.699585,-4614.534180,-1091.818726,1562.584106,-4628.143555,-1121.247559,1467.161987,-4564.754395,-1105.838867,1604.208984,-4602.054199,,,,,,,,,,,,,2616.260742,1567.747803,-3159.786621,,,,,,,,,,,,,,,,,,,,,,,,,,,,,,,,,
4768,47.680000,0.000000,0.000000,0.000000,1.000000,0.000000,0.000000,0.000000,57.698101,20.499701,-14.700500,0.047771,-0.013570,0.015998,-15.666301,-52.738201,18.801300,-93.396698,0.129960,17.611099,-0.182931,-0.475644,-0.680147,0.526972,-1104.270996,1517.913574,-4602.371582,-1098.179077,1437.699585,-4614.534180,-1091.818726,1562.584106,-4628.143555,-1121.247559,1467.161987,-4564.754395,-1105.838867,1604.208984,-4602.054199,,,,,,,,,,,,,2616.248047,1567.790894,-3159.800781,,,,,,,,,,,,,,,,,,,,,,,,,,,,,,,,,
4769,47.690000,0.000000,0.000000,0.000000,1.000000,0.000000,0.000000,0.000000,57.698101,20.499701,-14.700500,0.047771,-0.013570,0.015998,-15.666301,-52.738201,18.801300,-93.396698,0.129960,17.611099,-0.182931,-0.475644,-0.680147,0.526972,-1104.270996,1517.913574,-4602.371582,-1098.179077,1437.699585,-4614.534180,-1091.818726,1562.584106,-4628.143555,-1121.247559,1467.161987,-4564.754395,-1105.838867,1604.208984,-4602.054199,,,,,,,,,,,,,2616.298828,1567.765625,-3159.792725,,,,,,,,,,,,,,,,,,,,,,,,,,,,,,,,,
4770,47.700000,0.000000,0.000000,0.000000,1.000000,0.000000,0.000000,0.000000,57.698101,20.499701,-14.700500,0.047771,-0.013570,0.015998,-15.666301,-52.738201,18.801300,-93.396698,0.129960,17.611099,-0.182931,-0.475644,-0.680147,0.526972,-1104.270996,1517.913574,-4602.371582,-1098.179077,1437.699585,-4614.534180,-1091.818726,1562.584106,-4628.143555,-1121.247559,1467.161987,-4564.754395,-1105.838867,1604.208984,-4602.054199,,,,,,,,,,,,,2616.311279,1567.735352,-3159.774902,,,,,,,,,,,,,,,,,,,,,,,,,,,,,,,,,
4771,47.710000,0.000000,0.000000,0.000000,1.000000,0.000000,0.000000,0.000000,57.698101,20.499701,-14.700500,0.047771,-0.013570,0.015998,-15.666301,-52.738201,18.801300,-93.396698,0.129960,17.611099,-0.182931,-0.475644,-0.680147,0.526972,-1104.270996,1517.913574,-4602.371582,-1098.179077,1437.699585,-4614.534180,-1091.818726,1562.584106,-4628.143555,-1121.247559,1467.161987,-4564.754395,-1105.838867,1604.208984,-4602.054199,,,,,,,,,,,,,2616.318115,1567.728516,-3159.760986,,,,,,,,,,,,,,,,,,,,,,,,,,,,,,,,,
4772,47.720000,0.000000,0.000000,0.000000,1.000000,0.000000,0.000000,0.000000,57.698101,20.499701,-14.700500,0.047771,-0.013570,0.015998,-15.666301,-52.738201,18.801300,-93.396698,0.129960,17.611099,-0.182931,-0.475644,-0.680147,0.526972,-1104.270996,1517.913574,-4602.371582,-1098.179077,1437.699585,-4614.534180,-1091.818726,1562.584106,-4628.143555,-1121.247559,1467.161987,-4564.754395,-1105.838867,1604.208984,-4602.054199,,,,,,,,,,,,,2616.317871,1567.692993,-3159.751953,,,,,,,,,,,,,,,,,,,,,,,,,,,,,,,,,
4773,47.730000,0.000000,0.000000,0.000000,1.000000,0.000000,0.000000,0.000000,57.698101,20.499701,-14.700500,0.047771,-0.013570,0.015998,-15.666301,-52.738201,18.801300,-93.396698,0.129960,17.611099,-0.182931,-0.475644,-0.680147,0.526972,-1104.270996,1517.913574,-4602.371582,-1098.179077,1437.699585,-4614.534180,-1091.818726,1562.584106,-4628.143555,-1121.247559,1467.161987,-4564.754395,-1105.838867,1604.208984,-4602.054199,,,,,,,,,,,,,2616.283203,1567.742310,-3159.775635,,,,,,,,,,,,,,,,,,,,,,,,,,,,,,,,,
4774,47.740000,0.000000,0.000000,0.000000,1.000000,0.000000,0.000000,0.000000,57.698101,20.499701,-14.700500,0.047771,-0.013570,0.015998,-15.666301,-52.738201,18.801300,-93.396698,0.129960,17.611099,-0.182931,-0.475644,-0.680147,0.526972,-1104.270996,1517.913574,-4602.371582,-1098.179077,1437.699585,-4614.534180,-1091.818726,1562.584106,-4628.143555,-1121.247559,1467.161987,-4564.754395,-1105.838867,1604.208984,-4602.054199,,,,,,,,,,,,,2616.249268,1567.724854,-3159.791992,,,,,,,,,,,,,,,,,,,,,,,,,,,,,,,,,
4775,47.750000,0.000000,0.000000,0.000000,1.000000,0.000000,0.000000,0.000000,57.698101,20.499701,-14.700500,0.047771,-0.013570,0.015998,-15.666301,-52.738201,18.801300,-93.396698,0.129960,17.611099,-0.182931,-0.475644,-0.680147,0.526972,-1104.270996,1517.913574,-4602.371582,-1098.179077,1437.699585,-4614.534180,-1091.818726,1562.584106,-4628.143555,-1121.247559,1467.161987,-4564.754395,-1105.838867,1604.208984,-4602.054199,,,,,,,,,,,,,2616.267822,1567.734497,-3159.787842,,,,,,,,,,,,,,,,,,,,,,,,,,,,,,,,,
4776,47.760000,0.000000,0.000000,0.000000,1.000000,0.000000,0.000000,0.000000,57.698101,20.499701,-14.700500,0.047771,-0.013570,0.015998,-15.666301,-52.738201,18.801300,-93.396698,0.129960,17.611099,-0.182931,-0.475644,-0.680147,0.526972,-1104.270996,1517.913574,-4602.371582,-1098.179077,1437.699585,-4614.534180,-1091.818726,1562.584106,-4628.143555,-1121.247559,1467.161987,-4564.754395,-1105.838867,1604.208984,-4602.054199,,,,,,,,,,,,,2616.291260,1567.740967,-3159.783936,,,,,,,,,,,,,,,,,,,,,,,,,,,,,,,,,
4777,47.770000,0.000000,0.000000,0.000000,1.000000,0.000000,0.000000,0.000000,57.698101,20.499701,-14.700500,0.047771,-0.013570,0.015998,-15.666301,-52.738201,18.801300,-93.396698,0.129960,17.611099,-0.182931,-0.475644,-0.680147,0.526972,-1104.270996,1517.913574,-4602.371582,-1098.179077,1437.699585,-4614.534180,-1091.818726,1562.584106,-4628.143555,-1121.247559,1467.161987,-4564.754395,-1105.838867,1604.208984,-4602.054199,,,,,,,,,,,,,2616.282227,1567.750977,-3159.777344,,,,,,,,,,,,,,,,,,,,,,,,,,,,,,,,,
4778,47.780000,0.000000,0.000000,0.000000,1.000000,0.000000,0.000000,0.000000,57.698101,20.499701,-14.700500,0.047771,-0.013570,0.015998,-15.666301,-52.738201,18.801300,-93.396698,0.129960,17.611099,-0.182931,-0.475644,-0.680147,0.526972,-1104.270996,1517.913574,-4602.371582,-1098.179077,1437.699585,-4614.534180,-1091.818726,1562.584106,-4628.143555,-1121.247559,1467.161987,-4564.754395,-1105.838867,1604.208984,-4602.054199,,,,,,,,,,,,,2616.299561,1567.750488,-3159.782715,,,,,,,,,,,,,,,,,,,,,,,,,,,,,,,,,
4779,47.790000,0.000000,0.000000,0.000000,1.000000,0.000000,0.000000,0.000000,57.698101,20.499701,-14.700500,0.047771,-0.013570,0.015998,-15.666301,-52.738201,18.801300,-93.396698,0.129960,17.611099,-0.182931,-0.475644,-0.680147,0.526972,-1104.270996,1517.913574,-4602.371582,-1098.179077,1437.699585,-4614.534180,-1091.818726,1562.584106,-4628.143555,-1121.247559,1467.161987,-4564.754395,-1105.838867,1604.208984,-4602.054199,,,,,,,,,,,,,2616.281250,1567.712891,-3159.778564,,,,,,,,,,,,,,,,,,,,,,,,,,,,,,,,,
4780,47.800000,0.000000,0.000000,0.000000,1.000000,0.000000,0.000000,0.000000,57.698101,20.499701,-14.700500,0.047771,-0.013570,0.015998,-15.666301,-52.738201,18.801300,-93.396698,0.129960,17.611099,-0.182931,-0.475644,-0.680147,0.526972,-1104.270996,1517.913574,-4602.371582,-1098.179077,1437.699585,-4614.534180,-1091.818726,1562.584106,-4628.143555,-1121.247559,1467.161987,-4564.754395,-1105.838867,1604.208984,-4602.054199,,,,,,,,,,,,,2616.310791,1567.741455,-3159.774902,,,,,,,,,,,,,,,,,,,,,,,,,,,,,,,,,
4781,47.810000,0.000000,0.000000,0.000000,1.000000,0.000000,0.000000,0.000000,57.698101,20.499701,-14.700500,0.047771,-0.013570,0.015998,-15.666301,-52.738201,18.801300,-93.396698,0.129960,17.611099,-0.182931,-0.475644,-0.680147,0.526972,-1104.270996,1517.913574,-4602.371582,-1098.179077,1437.699585,-4614.534180,-1091.818726,1562.584106,-4628.143555,-1121.247559,1467.161987,-4564.754395,-1105.838867,1604.208984,-4602.054199,,,,,,,,,,,,,2616.299316,1567.765991,-3159.785156,,,,,,,,,,,,,,,,,,,,,,,,,,,,,,,,,
4782,47.820000,0.000000,0.000000,0.000000,1.000000,0.000000,0.000000,0.000000,57.698101,20.499701,-14.700500,0.047771,-0.013570,0.015998,-15.666301,-52.738201,18.801300,-93.396698,0.129960,17.611099,-0.182931,-0.475644,-0.680147,0.526972,-1104.270996,1517.913574,-4602.371582,-1098.179077,1437.699585,-4614.534180,-1091.818726,1562.584106,-4628.143555,-1121.247559,1467.161987,-4564.754395,-1105.838867,1604.208984,-4602.054199,,,,,,,,,,,,,2616.295166,1567.759521,-3159.792969,,,,,,,,,,,,,,,,,,,,,,,,,,,,,,,,,
4783,47.830000,0.000000,0.000000,0.000000,1.000000,0.000000,0.000000,0.000000,57.698101,20.499701,-14.700500,0.047771,-0.013570,0.015998,-15.666301,-52.738201,18.801300,-93.396698,0.129960,17.611099,-0.182931,-0.475644,-0.680147,0.526972,-1104.270996,1517.913574,-4602.371582,-1098.179077,1437.699585,-4614.534180,-1091.818726,1562.584106,-4628.143555,-1121.247559,1467.161987,-4564.754395,-1105.838867,1604.208984,-4602.054199,,,,,,,,,,,,,2616.293457,1567.740601,-3159.782959,,,,,,,,,,,,,,,,,,,,,,,,,,,,,,,,,
4784,47.840000,0.000000,0.000000,0.000000,1.000000,0.000000,0.000000,0.000000,57.698101,20.499701,-14.700500,0.047771,-0.013570,0.015998,-15.666301,-52.738201,18.801300,-93.396698,0.129960,17.611099,-0.182931,-0.475644,-0.680147,0.526972,-1104.270996,1517.913574,-4602.371582,-1098.179077,1437.699585,-4614.534180,-1091.818726,1562.584106,-4628.143555,-1121.247559,1467.161987,-4564.754395,-1105.838867,1604.208984,-4602.054199,,,,,,,,,,,,,2616.267334,1567.729736,-3159.788086,,,,,,,,,,,,,,,,,,,,,,,,,,,,,,,,,
4785,47.850000,0.000000,0.000000,0.000000,1.000000,0.000000,0.000000,0.000000,57.698101,20.499701,-14.700500,0.047771,-0.013570,0.015998,-15.666301,-52.738201,18.801300,-93.396698,0.129960,17.611099,-0.182931,-0.475644,-0.680147,0.526972,-1104.270996,1517.913574,-4602.371582,-1098.179077,1437.699585,-4614.534180,-1091.818726,1562.584106,-4628.143555,-1121.247559,1467.161987,-4564.754395,-1105.838867,1604.208984,-4602.054199,,,,,,,,,,,,,2616.293213,1567.755737,-3159.772949,,,,,,,,,,,,,,,,,,,,,,,,,,,,,,,,,
4786,47.860000,0.000000,0.000000,0.000000,1.000000,0.000000,0.000000,0.000000,57.698101,20.499701,-14.700500,0.047771,-0.013570,0.015998,-15.666301,-52.738201,18.801300,-93.396698,0.129960,17.611099,-0.182931,-0.475644,-0.680147,0.526972,-1104.270996,1517.913574,-4602.371582,-1098.179077,1437.699585,-4614.534180,-1091.818726,1562.584106,-4628.143555,-1121.247559,1467.161987,-4564.754395,-1105.838867,1604.208984,-4602.054199,,,,,,,,,,,,,2616.289551,1567.734497,-3159.791748,,,,,,,,,,,,,,,,,,,,,,,,,,,,,,,,,
4787,47.870000,0.000000,0.000000,0.000000,1.000000,0.000000,0.000000,0.000000,57.698101,20.499701,-14.700500,0.047771,-0.013570,0.015998,-15.666301,-52.738201,18.801300,-93.396698,0.129960,17.611099,-0.182931,-0.475644,-0.680147,0.526972,-1104.270996,1517.913574,-4602.371582,-1098.179077,1437.699585,-4614.534180,-1091.818726,1562.584106,-4628.143555,-1121.247559,1467.161987,-4564.754395,-1105.838867,1604.208984,-4602.054199,,,,,,,,,,,,,2616.317871,1567.743164,-3159.777100,,,,,,,,,,,,,,,,,,,,,,,,,,,,,,,,,
4788,47.880000,0.000000,0.000000,0.000000,1.000000,0.000000,0.000000,0.000000,57.698101,20.499701,-14.700500,0.047771,-0.013570,0.015998,-15.666301,-52.738201,18.801300,-93.396698,0.129960,17.611099,-0.182931,-0.475644,-0.680147,0.526972,-1104.270996,1517.913574,-4602.371582,-1098.179077,1437.699585,-4614.534180,-1091.818726,1562.584106,-4628.143555,-1121.247559,1467.161987,-4564.754395,-1105.838867,1604.208984,-4602.054199,,,,,,,,,,,,,2616.271240,1567.744141,-3159.788086,,,,,,,,,,,,,,,,,,,,,,,,,,,,,,,,,
4789,47.890000,0.000000,0.000000,0.000000,1.000000,0.000000,0.000000,0.000000,57.698101,20.499701,-14.700500,0.047771,-0.013570,0.015998,-15.666301,-52.738201,18.801300,-93.396698,0.129960,17.611099,-0.182931,-0.475644,-0.680147,0.526972,-1104.270996,1517.913574,-4602.371582,-1098.179077,1437.699585,-4614.534180,-1091.818726,1562.584106,-4628.143555,-1121.247559,1467.161987,-4564.754395,-1105.838867,1604.208984,-4602.054199,,,,,,,,,,,,,2616.281738,1567.724976,-3159.797119,,,,,,,,,,,,,,,,,,,,,,,,,,,,,,,,,
4790,47.900000,0.000000,0.000000,0.000000,1.000000,0.000000,0.000000,0.000000,57.698101,20.499701,-14.700500,0.047771,-0.013570,0.015998,-15.666301,-52.738201,18.801300,-93.396698,0.129960,17.611099,-0.182931,-0.475644,-0.680147,0.526972,-1104.270996,1517.913574,-4602.371582,-1098.179077,1437.699585,-4614.534180,-1091.818726,1562.584106,-4628.143555,-1121.247559,1467.161987,-4564.754395,-1105.838867,1604.208984,-4602.054199,,,,,,,,,,,,,2616.286865,1567.700562,-3159.771484,,,,,,,,,,,,,,,,,,,,,,,,,,,,,,,,,
4791,47.910000,0.000000,0.000000,0.000000,1.000000,0.000000,0.000000,0.000000,57.698101,20.499701,-14.700500,0.047771,-0.013570,0.015998,-15.666301,-52.738201,18.801300,-93.396698,0.129960,17.611099,-0.182931,-0.475644,-0.680147,0.526972,-1104.270996,1517.913574,-4602.371582,-1098.179077,1437.699585,-4614.534180,-1091.818726,1562.584106,-4628.143555,-1121.247559,1467.161987,-4564.754395,-1105.838867,1604.208984,-4602.054199,,,,,,,,,,,,,2616.292236,1567.761597,-3159.783447,,,,,,,,,,,,,,,,,,,,,,,,,,,,,,,,,
4792,47.920000,0.000000,0.000000,0.000000,1.000000,0.000000,0.000000,0.000000,57.698101,20.499701,-14.700500,0.047771,-0.013570,0.015998,-15.666301,-52.738201,18.801300,-93.396698,0.129960,17.611099,-0.182931,-0.475644,-0.680147,0.526972,-1104.270996,1517.913574,-4602.371582,-1098.179077,1437.699585,-4614.534180,-1091.818726,1562.584106,-4628.143555,-1121.247559,1467.161987,-4564.754395,-1105.838867,1604.208984,-4602.054199,,,,,,,,,,,,,2616.281250,1567.746826,-3159.783691,,,,,,,,,,,,,,,,,,,,,,,,,,,,,,,,,
4793,47.930000,0.000000,0.000000,0.000000,1.000000,0.000000,0.000000,0.000000,57.698101,20.499701,-14.700500,0.047771,-0.013570,0.015998,-15.666301,-52.738201,18.801300,-93.396698,0.129960,17.611099,-0.182931,-0.475644,-0.680147,0.526972,-1104.270996,1517.913574,-4602.371582,-1098.179077,1437.699585,-4614.534180,-1091.818726,1562.584106,-4628.143555,-1121.247559,1467.161987,-4564.754395,-1105.838867,1604.208984,-4602.054199,,,,,,,,,,,,,2616.303467,1567.780273,-3159.789795,,,,,,,,,,,,,,,,,,,,,,,,,,,,,,,,,
4794,47.940000,0.000000,0.000000,0.000000,1.000000,0.000000,0.000000,0.000000,57.698101,20.499701,-14.700500,0.047771,-0.013570,0.015998,-15.666301,-52.738201,18.801300,-93.396698,0.129960,17.611099,-0.182931,-0.475644,-0.680147,0.526972,-1104.270996,1517.913574,-4602.371582,-1098.179077,1437.699585,-4614.534180,-1091.818726,1562.584106,-4628.143555,-1121.247559,1467.161987,-4564.754395,-1105.838867,1604.208984,-4602.054199,,,,,,,,,,,,,2616.285400,1567.743896,-3159.782959,,,,,,,,,,,,,,,,,,,,,,,,,,,,,,,,,
4795,47.950000,0.000000,0.000000,0.000000,1.000000,0.000000,0.000000,0.000000,57.698101,20.499701,-14.700500,0.047771,-0.013570,0.015998,-15.666301,-52.738201,18.801300,-93.396698,0.129960,17.611099,-0.182931,-0.475644,-0.680147,0.526972,-1104.270996,1517.913574,-4602.371582,-1098.179077,1437.699585,-4614.534180,-1091.818726,1562.584106,-4628.143555,-1121.247559,1467.161987,-4564.754395,-1105.838867,1604.208984,-4602.054199,,,,,,,,,,,,,2616.280518,1567.780151,-3159.786621,,,,,,,,,,,,,,,,,,,,,,,,,,,,,,,,,
4796,47.960000,0.000000,0.000000,0.000000,1.000000,0.000000,0.000000,0.000000,57.698101,20.499701,-14.700500,0.047771,-0.013570,0.015998,-15.666301,-52.738201,18.801300,-93.396698,0.129960,17.611099,-0.182931,-0.475644,-0.680147,0.526972,-1104.270996,1517.913574,-4602.371582,-1098.179077,1437.699585,-4614.534180,-1091.818726,1562.584106,-4628.143555,-1121.247559,1467.161987,-4564.754395,-1105.838867,1604.208984,-4602.054199,,,,,,,,,,,,,2616.283936,1567.725220,-3159.783936,,,,,,,,,,,,,,,,,,,,,,,,,,,,,,,,,
4797,47.970000,0.000000,0.000000,0.000000,1.000000,0.000000,0.000000,0.000000,57.698101,20.499701,-14.700500,0.047771,-0.013570,0.015998,-15.666301,-52.738201,18.801300,-93.396698,0.129960,17.611099,-0.182931,-0.475644,-0.680147,0.526972,-1104.270996,1517.913574,-4602.371582,-1098.179077,1437.699585,-4614.534180,-1091.818726,1562.584106,-4628.143555,-1121.247559,1467.161987,-4564.754395,-1105.838867,1604.208984,-4602.054199,,,,,,,,,,,,,2616.277832,1567.767334,-3159.781250,,,,,,,,,,,,,,,,,,,,,,,,,,,,,,,,,
4798,47.980000,0.000000,0.000000,0.000000,1.000000,0.000000,0.000000,0.000000,57.698101,20.499701,-14.700500,0.047771,-0.013570,0.015998,-15.666301,-52.738201,18.801300,-93.396698,0.129960,17.611099,-0.182931,-0.475644,-0.680147,0.526972,-1104.270996,1517.913574,-4602.371582,-1098.179077,1437.699585,-4614.534180,-1091.818726,1562.584106,-4628.143555,-1121.247559,1467.161987,-4564.754395,-1105.838867,1604.208984,-4602.054199,,,,,,,,,,,,,2616.250244,1567.745361,-3159.790771,,,,,,,,,,,,,,,,,,,,,,,,,,,,,,,,,
4799,47.990000,0.000000,0.000000,0.000000,1.000000,0.000000,0.000000,0.000000,57.698101,20.499701,-14.700500,0.047771,-0.013570,0.015998,-15.666301,-52.738201,18.801300,-93.396698,0.129960,17.611099,-0.182931,-0.475644,-0.680147,0.526972,-1104.270996,1517.913574,-4602.371582,-1098.179077,1437.699585,-4614.534180,-1091.818726,1562.584106,-4628.143555,-1121.247559,1467.161987,-4564.754395,-1105.838867,1604.208984,-4602.054199,,,,,,,,,,,,,2616.298828,1567.748535,-3159.767822,,,,,,,,,,,,,,,,,,,,,,,,,,,,,,,,,
4800,48.000000,0.000000,0.000000,0.000000,1.000000,0.000000,0.000000,0.000000,57.698101,20.499701,-14.700500,0.047771,-0.013570,0.015998,-15.666301,-52.738201,18.801300,-93.396698,0.129960,17.611099,-0.182931,-0.475644,-0.680147,0.526972,-1104.270996,1517.913574,-4602.371582,-1098.179077,1437.699585,-4614.534180,-1091.818726,1562.584106,-4628.143555,-1121.247559,1467.161987,-4564.754395,-1105.838867,1604.208984,-4602.054199,,,,,,,,,,,,,2616.274414,1567.735840,-3159.771729,,,,,,,,,,,,,,,,,,,,,,,,,,,,,,,,,
4801,48.010000,0.000000,0.000000,0.000000,1.000000,0.000000,0.000000,0.000000,57.698101,20.499701,-14.700500,0.047771,-0.013570,0.015998,-15.666301,-52.738201,18.801300,-93.396698,0.129960,17.611099,-0.182931,-0.475644,-0.680147,0.526972,-1104.270996,1517.913574,-4602.371582,-1098.179077,1437.699585,-4614.534180,-1091.818726,1562.584106,-4628.143555,-1121.247559,1467.161987,-4564.754395,-1105.838867,1604.208984,-4602.054199,,,,,,,,,,,,,2616.291748,1567.743164,-3159.775146,,,,,,,,,,,,,,,,,,,,,,,,,,,,,,,,,
4802,48.020000,0.000000,0.000000,0.000000,1.000000,0.000000,0.000000,0.000000,57.698101,20.499701,-14.700500,0.047771,-0.013570,0.015998,-15.666301,-52.738201,18.801300,-93.396698,0.129960,17.611099,-0.182931,-0.475644,-0.680147,0.526972,-1104.270996,1517.913574,-4602.371582,-1098.179077,1437.699585,-4614.534180,-1091.818726,1562.584106,-4628.143555,-1121.247559,1467.161987,-4564.754395,-1105.838867,1604.208984,-4602.054199,,,,,,,,,,,,,2616.277344,1567.750488,-3159.771729,,,,,,,,,,,,,,,,,,,,,,,,,,,,,,,,,
4803,48.030000,0.000000,0.000000,0.000000,1.000000,0.000000,0.000000,0.000000,57.698101,20.499701,-14.700500,0.047771,-0.013570,0.015998,-15.666301,-52.738201,18.801300,-93.396698,0.129960,17.611099,-0.182931,-0.475644,-0.680147,0.526972,-1104.270996,1517.913574,-4602.371582,-1098.179077,1437.699585,-4614.534180,-1091.818726,1562.584106,-4628.143555,-1121.247559,1467.161987,-4564.754395,-1105.838867,1604.208984,-4602.054199,,,,,,,,,,,,,2616.293213,1567.754395,-3159.788818,,,,,,,,,,,,,,,,,,,,,,,,,,,,,,,,,
4804,48.040000,0.000000,0.000000,0.000000,1.000000,0.000000,0.000000,0.000000,57.698101,20.499701,-14.700500,0.047771,-0.013570,0.015998,-15.666301,-52.738201,18.801300,-93.396698,0.129960,17.611099,-0.182931,-0.475644,-0.680147,0.526972,-1104.270996,1517.913574,-4602.371582,-1098.179077,1437.699585,-4614.534180,-1091.818726,1562.584106,-4628.143555,-1121.247559,1467.161987,-4564.754395,-1105.838867,1604.208984,-4602.054199,,,,,,,,,,,,,2616.300049,1567.747925,-3159.770752,,,,,,,,,,,,,,,,,,,,,,,,,,,,,,,,,
4805,48.050000,0.000000,0.000000,0.000000,1.000000,0.000000,0.000000,0.000000,57.698101,20.499701,-14.700500,0.047771,-0.013570,0.015998,-15.666301,-52.738201,18.801300,-93.396698,0.129960,17.611099,-0.182931,-0.475644,-0.680147,0.526972,-1104.270996,1517.913574,-4602.371582,-1098.179077,1437.699585,-4614.534180,-1091.818726,1562.584106,-4628.143555,-1121.247559,1467.161987,-4564.754395,-1105.838867,1604.208984,-4602.054199,,,,,,,,,,,,,2616.322998,1567.750122,-3159.771240,,,,,,,,,,,,,,,,,,,,,,,,,,,,,,,,,
4806,48.060000,0.000000,0.000000,0.000000,1.000000,0.000000,0.000000,0.000000,57.698101,20.499701,-14.700500,0.047771,-0.013570,0.015998,-15.666301,-52.738201,18.801300,-93.396698,0.129960,17.611099,-0.182931,-0.475644,-0.680147,0.526972,-1104.270996,1517.913574,-4602.371582,-1098.179077,1437.699585,-4614.534180,-1091.818726,1562.584106,-4628.143555,-1121.247559,1467.161987,-4564.754395,-1105.838867,1604.208984,-4602.054199,,,,,,,,,,,,,2616.283447,1567.766602,-3159.790283,,,,,,,,,,,,,,,,,,,,,,,,,,,,,,,,,
4807,48.070000,0.000000,0.000000,0.000000,1.000000,0.000000,0.000000,0.000000,57.698101,20.499701,-14.700500,0.047771,-0.013570,0.015998,-15.666301,-52.738201,18.801300,-93.396698,0.129960,17.611099,-0.182931,-0.475644,-0.680147,0.526972,-1104.270996,1517.913574,-4602.371582,-1098.179077,1437.699585,-4614.534180,-1091.818726,1562.584106,-4628.143555,-1121.247559,1467.161987,-4564.754395,-1105.838867,1604.208984,-4602.054199,,,,,,,,,,,,,2616.308105,1567.781494,-3159.794189,,,,,,,,,,,,,,,,,,,,,,,,,,,,,,,,,
4808,48.080000,0.000000,0.000000,0.000000,1.000000,0.000000,0.000000,0.000000,57.698101,20.499701,-14.700500,0.047771,-0.013570,0.015998,-15.666301,-52.738201,18.801300,-93.396698,0.129960,17.611099,-0.182931,-0.475644,-0.680147,0.526972,-1104.270996,1517.913574,-4602.371582,-1098.179077,1437.699585,-4614.534180,-1091.818726,1562.584106,-4628.143555,-1121.247559,1467.161987,-4564.754395,-1105.838867,1604.208984,-4602.054199,,,,,,,,,,,,,2616.268311,1567.706177,-3159.787109,,,,,,,,,,,,,,,,,,,,,,,,,,,,,,,,,
4809,48.090000,0.000000,0.000000,0.000000,1.000000,0.000000,0.000000,0.000000,57.698101,20.499701,-14.700500,0.047771,-0.013570,0.015998,-15.666301,-52.738201,18.801300,-93.396698,0.129960,17.611099,-0.182931,-0.475644,-0.680147,0.526972,-1104.270996,1517.913574,-4602.371582,-1098.179077,1437.699585,-4614.534180,-1091.818726,1562.584106,-4628.143555,-1121.247559,1467.161987,-4564.754395,-1105.838867,1604.208984,-4602.054199,,,,,,,,,,,,,2616.270508,1567.734863,-3159.780029,,,,,,,,,,,,,,,,,,,,,,,,,,,,,,,,,
4810,48.100000,0.000000,0.000000,0.000000,1.000000,0.000000,0.000000,0.000000,57.698101,20.499701,-14.700500,0.047771,-0.013570,0.015998,-15.666301,-52.738201,18.801300,-93.396698,0.129960,17.611099,-0.182931,-0.475644,-0.680147,0.526972,-1104.270996,1517.913574,-4602.371582,-1098.179077,1437.699585,-4614.534180,-1091.818726,1562.584106,-4628.143555,-1121.247559,1467.161987,-4564.754395,-1105.838867,1604.208984,-4602.054199,,,,,,,,,,,,,2616.295410,1567.745972,-3159.793457,,,,,,,,,,,,,,,,,,,,,,,,,,,,,,,,,
4811,48.110000,0.000000,0.000000,0.000000,1.000000,0.000000,0.000000,0.000000,57.698101,20.499701,-14.700500,0.047771,-0.013570,0.015998,-15.666301,-52.738201,18.801300,-93.396698,0.129960,17.611099,-0.182931,-0.475644,-0.680147,0.526972,-1104.270996,1517.913574,-4602.371582,-1098.179077,1437.699585,-4614.534180,-1091.818726,1562.584106,-4628.143555,-1121.247559,1467.161987,-4564.754395,-1105.838867,1604.208984,-4602.054199,,,,,,,,,,,,,2616.273438,1567.752808,-3159.798828,,,,,,,,,,,,,,,,,,,,,,,,,,,,,,,,,
4812,48.120000,0.000000,0.000000,0.000000,1.000000,0.000000,0.000000,0.000000,57.698101,20.499701,-14.700500,0.047771,-0.013570,0.015998,-15.666301,-52.738201,18.801300,-93.396698,0.129960,17.611099,-0.182931,-0.475644,-0.680147,0.526972,-1104.270996,1517.913574,-4602.371582,-1098.179077,1437.699585,-4614.534180,-1091.818726,1562.584106,-4628.143555,-1121.247559,1467.161987,-4564.754395,-1105.838867,1604.208984,-4602.054199,,,,,,,,,,,,,2616.293701,1567.752319,-3159.785156,,,,,,,,,,,,,,,,,,,,,,,,,,,,,,,,,
4813,48.130000,0.000000,0.000000,0.000000,1.000000,0.000000,0.000000,0.000000,57.698101,20.499701,-14.700500,0.047771,-0.013570,0.015998,-15.666301,-52.738201,18.801300,-93.396698,0.129960,17.611099,-0.182931,-0.475644,-0.680147,0.526972,-1104.270996,1517.913574,-4602.371582,-1098.179077,1437.699585,-4614.534180,-1091.818726,1562.584106,-4628.143555,-1121.247559,1467.161987,-4564.754395,-1105.838867,1604.208984,-4602.054199,,,,,,,,,,,,,2616.317871,1567.752319,-3159.773682,,,,,,,,,,,,,,,,,,,,,,,,,,,,,,,,,
4814,48.140000,0.000000,0.000000,0.000000,1.000000,0.000000,0.000000,0.000000,57.698101,20.499701,-14.700500,0.047771,-0.013570,0.015998,-15.666301,-52.738201,18.801300,-93.396698,0.129960,17.611099,-0.182931,-0.475644,-0.680147,0.526972,-1104.270996,1517.913574,-4602.371582,-1098.179077,1437.699585,-4614.534180,-1091.818726,1562.584106,-4628.143555,-1121.247559,1467.161987,-4564.754395,-1105.838867,1604.208984,-4602.054199,,,,,,,,,,,,,2616.302246,1567.716553,-3159.761719,,,,,,,,,,,,,,,,,,,,,,,,,,,,,,,,,
4815,48.150000,0.000000,0.000000,0.000000,1.000000,0.000000,0.000000,0.000000,57.698101,20.499701,-14.700500,0.047771,-0.013570,0.015998,-15.666301,-52.738201,18.801300,-93.396698,0.129960,17.611099,-0.182931,-0.475644,-0.680147,0.526972,-1104.270996,1517.913574,-4602.371582,-1098.179077,1437.699585,-4614.534180,-1091.818726,1562.584106,-4628.143555,-1121.247559,1467.161987,-4564.754395,-1105.838867,1604.208984,-4602.054199,,,,,,,,,,,,,2616.311279,1567.760132,-3159.777344,,,,,,,,,,,,,,,,,,,,,,,,,,,,,,,,,
4816,48.160000,0.000000,0.000000,0.000000,1.000000,0.000000,0.000000,0.000000,57.698101,20.499701,-14.700500,0.047771,-0.013570,0.015998,-15.666301,-52.738201,18.801300,-93.396698,0.129960,17.611099,-0.182931,-0.475644,-0.680147,0.526972,-1104.270996,1517.913574,-4602.371582,-1098.179077,1437.699585,-4614.534180,-1091.818726,1562.584106,-4628.143555,-1121.247559,1467.161987,-4564.754395,-1105.838867,1604.208984,-4602.054199,,,,,,,,,,,,,2616.271240,1567.743774,-3159.792480,,,,,,,,,,,,,,,,,,,,,,,,,,,,,,,,,
4817,48.170000,0.000000,0.000000,0.000000,1.000000,0.000000,0.000000,0.000000,57.698101,20.499701,-14.700500,0.047771,-0.013570,0.015998,-15.666301,-52.738201,18.801300,-93.396698,0.129960,17.611099,-0.182931,-0.475644,-0.680147,0.526972,-1104.270996,1517.913574,-4602.371582,-1098.179077,1437.699585,-4614.534180,-1091.818726,1562.584106,-4628.143555,-1121.247559,1467.161987,-4564.754395,-1105.838867,1604.208984,-4602.054199,,,,,,,,,,,,,2616.307129,1567.732056,-3159.784912,,,,,,,,,,,,,,,,,,,,,,,,,,,,,,,,,
4818,48.180000,0.000000,0.000000,0.000000,1.000000,0.000000,0.000000,0.000000,57.698101,20.499701,-14.700500,0.047771,-0.013570,0.015998,-15.666301,-52.738201,18.801300,-93.396698,0.129960,17.611099,-0.182931,-0.475644,-0.680147,0.526972,-1104.270996,1517.913574,-4602.371582,-1098.179077,1437.699585,-4614.534180,-1091.818726,1562.584106,-4628.143555,-1121.247559,1467.161987,-4564.754395,-1105.838867,1604.208984,-4602.054199,,,,,,,,,,,,,2616.295654,1567.706299,-3159.777100,,,,,,,,,,,,,,,,,,,,,,,,,,,,,,,,,
4819,48.190000,0.000000,0.000000,0.000000,1.000000,0.000000,0.000000,0.000000,57.698101,20.499701,-14.700500,0.047771,-0.013570,0.015998,-15.666301,-52.738201,18.801300,-93.396698,0.129960,17.611099,-0.182931,-0.475644,-0.680147,0.526972,-1104.270996,1517.913574,-4602.371582,-1098.179077,1437.699585,-4614.534180,-1091.818726,1562.584106,-4628.143555,-1121.247559,1467.161987,-4564.754395,-1105.838867,1604.208984,-4602.054199,,,,,,,,,,,,,2616.281982,1567.745972,-3159.781494,,,,,,,,,,,,,,,,,,,,,,,,,,,,,,,,,
4820,48.200000,0.000000,0.000000,0.000000,1.000000,0.000000,0.000000,0.000000,57.698101,20.499701,-14.700500,0.047771,-0.013570,0.015998,-15.666301,-52.738201,18.801300,-93.396698,0.129960,17.611099,-0.182931,-0.475644,-0.680147,0.526972,-1104.270996,1517.913574,-4602.371582,-1098.179077,1437.699585,-4614.534180,-1091.818726,1562.584106,-4628.143555,-1121.247559,1467.161987,-4564.754395,-1105.838867,1604.208984,-4602.054199,,,,,,,,,,,,,2616.274414,1567.715942,-3159.786865,,,,,,,,,,,,,,,,,,,,,,,,,,,,,,,,,
4821,48.210000,0.000000,0.000000,0.000000,1.000000,0.000000,0.000000,0.000000,57.698101,20.499701,-14.700500,0.047771,-0.013570,0.015998,-15.666301,-52.738201,18.801300,-93.396698,0.129960,17.611099,-0.182931,-0.475644,-0.680147,0.526972,-1104.270996,1517.913574,-4602.371582,-1098.179077,1437.699585,-4614.534180,-1091.818726,1562.584106,-4628.143555,-1121.247559,1467.161987,-4564.754395,-1105.838867,1604.208984,-4602.054199,,,,,,,,,,,,,2616.298584,1567.733276,-3159.766602,,,,,,,,,,,,,,,,,,,,,,,,,,,,,,,,,
4822,48.220000,0.000000,0.000000,0.000000,1.000000,0.000000,0.000000,0.000000,57.698101,20.499701,-14.700500,0.047771,-0.013570,0.015998,-15.666301,-52.738201,18.801300,-93.396698,0.129960,17.611099,-0.182931,-0.475644,-0.680147,0.526972,-1104.270996,1517.913574,-4602.371582,-1098.179077,1437.699585,-4614.534180,-1091.818726,1562.584106,-4628.143555,-1121.247559,1467.161987,-4564.754395,-1105.838867,1604.208984,-4602.054199,,,,,,,,,,,,,2616.282471,1567.746460,-3159.781494,,,,,,,,,,,,,,,,,,,,,,,,,,,,,,,,,
4823,48.230000,0.000000,0.000000,0.000000,1.000000,0.000000,0.000000,0.000000,57.698101,20.499701,-14.700500,0.047771,-0.013570,0.015998,-15.666301,-52.738201,18.801300,-93.396698,0.129960,17.611099,-0.182931,-0.475644,-0.680147,0.526972,-1104.270996,1517.913574,-4602.371582,-1098.179077,1437.699585,-4614.534180,-1091.818726,1562.584106,-4628.143555,-1121.247559,1467.161987,-4564.754395,-1105.838867,1604.208984,-4602.054199,,,,,,,,,,,,,2616.303711,1567.753418,-3159.777100,,,,,,,,,,,,,,,,,,,,,,,,,,,,,,,,,
4824,48.240000,0.000000,0.000000,0.000000,1.000000,0.000000,0.000000,0.000000,57.698101,20.499701,-14.700500,0.047771,-0.013570,0.015998,-15.666301,-52.738201,18.801300,-93.396698,0.129960,17.611099,-0.182931,-0.475644,-0.680147,0.526972,-1104.270996,1517.913574,-4602.371582,-1098.179077,1437.699585,-4614.534180,-1091.818726,1562.584106,-4628.143555,-1121.247559,1467.161987,-4564.754395,-1105.838867,1604.208984,-4602.054199,,,,,,,,,,,,,2616.273682,1567.742676,-3159.786377,,,,,,,,,,,,,,,,,,,,,,,,,,,,,,,,,
4825,48.250000,0.000000,0.000000,0.000000,1.000000,0.000000,0.000000,0.000000,57.698101,20.499701,-14.700500,0.047771,-0.013570,0.015998,-15.666301,-52.738201,18.801300,-93.396698,0.129960,17.611099,-0.182931,-0.475644,-0.680147,0.526972,-1104.270996,1517.913574,-4602.371582,-1098.179077,1437.699585,-4614.534180,-1091.818726,1562.584106,-4628.143555,-1121.247559,1467.161987,-4564.754395,-1105.838867,1604.208984,-4602.054199,,,,,,,,,,,,,2616.269531,1567.759521,-3159.786133,,,,,,,,,,,,,,,,,,,,,,,,,,,,,,,,,
4826,48.260000,0.000000,0.000000,0.000000,1.000000,0.000000,0.000000,0.000000,57.698101,20.499701,-14.700500,0.047771,-0.013570,0.015998,-15.666301,-52.738201,18.801300,-93.396698,0.129960,17.611099,-0.182931,-0.475644,-0.680147,0.526972,-1104.270996,1517.913574,-4602.371582,-1098.179077,1437.699585,-4614.534180,-1091.818726,1562.584106,-4628.143555,-1121.247559,1467.161987,-4564.754395,-1105.838867,1604.208984,-4602.054199,,,,,,,,,,,,,2616.278076,1567.726807,-3159.784912,,,,,,,,,,,,,,,,,,,,,,,,,,,,,,,,,
4827,48.270000,0.000000,0.000000,0.000000,1.000000,0.000000,0.000000,0.000000,57.698101,20.499701,-14.700500,0.047771,-0.013570,0.015998,-15.666301,-52.738201,18.801300,-93.396698,0.129960,17.611099,-0.182931,-0.475644,-0.680147,0.526972,-1104.270996,1517.913574,-4602.371582,-1098.179077,1437.699585,-4614.534180,-1091.818726,1562.584106,-4628.143555,-1121.247559,1467.161987,-4564.754395,-1105.838867,1604.208984,-4602.054199,,,,,,,,,,,,,2616.302734,1567.763062,-3159.766602,,,,,,,,,,,,,,,,,,,,,,,,,,,,,,,,,
4828,48.280000,0.000000,0.000000,0.000000,1.000000,0.000000,0.000000,0.000000,57.698101,20.499701,-14.700500,0.047771,-0.013570,0.015998,-15.666301,-52.738201,18.801300,-93.396698,0.129960,17.611099,-0.182931,-0.475644,-0.680147,0.526972,-1104.270996,1517.913574,-4602.371582,-1098.179077,1437.699585,-4614.534180,-1091.818726,1562.584106,-4628.143555,-1121.247559,1467.161987,-4564.754395,-1105.838867,1604.208984,-4602.054199,,,,,,,,,,,,,2616.311523,1567.744507,-3159.769043,,,,,,,,,,,,,,,,,,,,,,,,,,,,,,,,,
4829,48.290000,0.000000,0.000000,0.000000,1.000000,0.000000,0.000000,0.000000,57.698101,20.499701,-14.700500,0.047771,-0.013570,0.015998,-15.666301,-52.738201,18.801300,-93.396698,0.129960,17.611099,-0.182931,-0.475644,-0.680147,0.526972,-1104.270996,1517.913574,-4602.371582,-1098.179077,1437.699585,-4614.534180,-1091.818726,1562.584106,-4628.143555,-1121.247559,1467.161987,-4564.754395,-1105.838867,1604.208984,-4602.054199,,,,,,,,,,,,,2616.296631,1567.733276,-3159.765625,,,,,,,,,,,,,,,,,,,,,,,,,,,,,,,,,
4830,48.300000,0.000000,0.000000,0.000000,1.000000,0.000000,0.000000,0.000000,57.698101,20.499701,-14.700500,0.047771,-0.013570,0.015998,-15.666301,-52.738201,18.801300,-93.396698,0.129960,17.611099,-0.182931,-0.475644,-0.680147,0.526972,-1104.270996,1517.913574,-4602.371582,-1098.179077,1437.699585,-4614.534180,-1091.818726,1562.584106,-4628.143555,-1121.247559,1467.161987,-4564.754395,-1105.838867,1604.208984,-4602.054199,,,,,,,,,,,,,2616.277100,1567.757690,-3159.789795,,,,,,,,,,,,,,,,,,,,,,,,,,,,,,,,,
4831,48.310000,0.000000,0.000000,0.000000,1.000000,0.000000,0.000000,0.000000,57.698101,20.499701,-14.700500,0.047771,-0.013570,0.015998,-15.666301,-52.738201,18.801300,-93.396698,0.129960,17.611099,-0.182931,-0.475644,-0.680147,0.526972,-1104.270996,1517.913574,-4602.371582,-1098.179077,1437.699585,-4614.534180,-1091.818726,1562.584106,-4628.143555,-1121.247559,1467.161987,-4564.754395,-1105.838867,1604.208984,-4602.054199,,,,,,,,,,,,,2616.251221,1567.742432,-3159.788574,,,,,,,,,,,,,,,,,,,,,,,,,,,,,,,,,
4832,48.320000,0.000000,0.000000,0.000000,1.000000,0.000000,0.000000,0.000000,57.698101,20.499701,-14.700500,0.047771,-0.013570,0.015998,-15.666301,-52.738201,18.801300,-93.396698,0.129960,17.611099,-0.182931,-0.475644,-0.680147,0.526972,-1104.270996,1517.913574,-4602.371582,-1098.179077,1437.699585,-4614.534180,-1091.818726,1562.584106,-4628.143555,-1121.247559,1467.161987,-4564.754395,-1105.838867,1604.208984,-4602.054199,,,,,,,,,,,,,2616.297363,1567.746826,-3159.772461,,,,,,,,,,,,,,,,,,,,,,,,,,,,,,,,,
4833,48.330000,0.000000,0.000000,0.000000,1.000000,0.000000,0.000000,0.000000,57.698101,20.499701,-14.700500,0.047771,-0.013570,0.015998,-15.666301,-52.738201,18.801300,-93.396698,0.129960,17.611099,-0.182931,-0.475644,-0.680147,0.526972,-1104.270996,1517.913574,-4602.371582,-1098.179077,1437.699585,-4614.534180,-1091.818726,1562.584106,-4628.143555,-1121.247559,1467.161987,-4564.754395,-1105.838867,1604.208984,-4602.054199,,,,,,,,,,,,,2616.309326,1567.748291,-3159.774902,,,,,,,,,,,,,,,,,,,,,,,,,,,,,,,,,
4834,48.340000,0.000000,0.000000,0.000000,1.000000,0.000000,0.000000,0.000000,57.698101,20.499701,-14.700500,0.047771,-0.013570,0.015998,-15.666301,-52.738201,18.801300,-93.396698,0.129960,17.611099,-0.182931,-0.475644,-0.680147,0.526972,-1104.270996,1517.913574,-4602.371582,-1098.179077,1437.699585,-4614.534180,-1091.818726,1562.584106,-4628.143555,-1121.247559,1467.161987,-4564.754395,-1105.838867,1604.208984,-4602.054199,,,,,,,,,,,,,2616.286621,1567.733887,-3159.784912,,,,,,,,,,,,,,,,,,,,,,,,,,,,,,,,,
4835,48.350000,0.000000,0.000000,0.000000,1.000000,0.000000,0.000000,0.000000,57.698101,20.499701,-14.700500,0.047771,-0.013570,0.015998,-15.666301,-52.738201,18.801300,-93.396698,0.129960,17.611099,-0.182931,-0.475644,-0.680147,0.526972,-1104.270996,1517.913574,-4602.371582,-1098.179077,1437.699585,-4614.534180,-1091.818726,1562.584106,-4628.143555,-1121.247559,1467.161987,-4564.754395,-1105.838867,1604.208984,-4602.054199,,,,,,,,,,,,,2616.291016,1567.736572,-3159.782471,,,,,,,,,,,,,,,,,,,,,,,,,,,,,,,,,
4836,48.360000,0.000000,0.000000,0.000000,1.000000,0.000000,0.000000,0.000000,57.698101,20.499701,-14.700500,0.047771,-0.013570,0.015998,-15.666301,-52.738201,18.801300,-93.396698,0.129960,17.611099,-0.182931,-0.475644,-0.680147,0.526972,-1104.270996,1517.913574,-4602.371582,-1098.179077,1437.699585,-4614.534180,-1091.818726,1562.584106,-4628.143555,-1121.247559,1467.161987,-4564.754395,-1105.838867,1604.208984,-4602.054199,,,,,,,,,,,,,2616.297607,1567.767456,-3159.786133,,,,,,,,,,,,,,,,,,,,,,,,,,,,,,,,,
4837,48.370000,0.000000,0.000000,0.000000,1.000000,0.000000,0.000000,0.000000,57.698101,20.499701,-14.700500,0.047771,-0.013570,0.015998,-15.666301,-52.738201,18.801300,-93.396698,0.129960,17.611099,-0.182931,-0.475644,-0.680147,0.526972,-1104.270996,1517.913574,-4602.371582,-1098.179077,1437.699585,-4614.534180,-1091.818726,1562.584106,-4628.143555,-1121.247559,1467.161987,-4564.754395,-1105.838867,1604.208984,-4602.054199,,,,,,,,,,,,,2616.291992,1567.770508,-3159.801758,,,,,,,,,,,,,,,,,,,,,,,,,,,,,,,,,
4838,48.380000,0.000000,0.000000,0.000000,1.000000,0.000000,0.000000,0.000000,57.698101,20.499701,-14.700500,0.047771,-0.013570,0.015998,-15.666301,-52.738201,18.801300,-93.396698,0.129960,17.611099,-0.182931,-0.475644,-0.680147,0.526972,-1104.270996,1517.913574,-4602.371582,-1098.179077,1437.699585,-4614.534180,-1091.818726,1562.584106,-4628.143555,-1121.247559,1467.161987,-4564.754395,-1105.838867,1604.208984,-4602.054199,,,,,,,,,,,,,2616.265625,1567.727173,-3159.795898,,,,,,,,,,,,,,,,,,,,,,,,,,,,,,,,,
4839,48.390000,0.000000,0.000000,0.000000,1.000000,0.000000,0.000000,0.000000,57.698101,20.499701,-14.700500,0.047771,-0.013570,0.015998,-15.666301,-52.738201,18.801300,-93.396698,0.129960,17.611099,-0.182931,-0.475644,-0.680147,0.526972,-1104.270996,1517.913574,-4602.371582,-1098.179077,1437.699585,-4614.534180,-1091.818726,1562.584106,-4628.143555,-1121.247559,1467.161987,-4564.754395,-1105.838867,1604.208984,-4602.054199,,,,,,,,,,,,,2616.272705,1567.761963,-3159.788818,,,,,,,,,,,,,,,,,,,,,,,,,,,,,,,,,
4840,48.400000,0.000000,0.000000,0.000000,1.000000,0.000000,0.000000,0.000000,57.698101,20.499701,-14.700500,0.047771,-0.013570,0.015998,-15.666301,-52.738201,18.801300,-93.396698,0.129960,17.611099,-0.182931,-0.475644,-0.680147,0.526972,-1104.270996,1517.913574,-4602.371582,-1098.179077,1437.699585,-4614.534180,-1091.818726,1562.584106,-4628.143555,-1121.247559,1467.161987,-4564.754395,-1105.838867,1604.208984,-4602.054199,,,,,,,,,,,,,2616.306641,1567.763306,-3159.782471,,,,,,,,,,,,,,,,,,,,,,,,,,,,,,,,,
4841,48.410000,0.000000,0.000000,0.000000,1.000000,0.000000,0.000000,0.000000,57.698101,20.499701,-14.700500,0.047771,-0.013570,0.015998,-15.666301,-52.738201,18.801300,-93.396698,0.129960,17.611099,-0.182931,-0.475644,-0.680147,0.526972,-1104.270996,1517.913574,-4602.371582,-1098.179077,1437.699585,-4614.534180,-1091.818726,1562.584106,-4628.143555,-1121.247559,1467.161987,-4564.754395,-1105.838867,1604.208984,-4602.054199,,,,,,,,,,,,,2616.283936,1567.729492,-3159.781250,,,,,,,,,,,,,,,,,,,,,,,,,,,,,,,,,
4842,48.420000,0.000000,0.000000,0.000000,1.000000,0.000000,0.000000,0.000000,57.698101,20.499701,-14.700500,0.047771,-0.013570,0.015998,-15.666301,-52.738201,18.801300,-93.396698,0.129960,17.611099,-0.182931,-0.475644,-0.680147,0.526972,-1104.270996,1517.913574,-4602.371582,-1098.179077,1437.699585,-4614.534180,-1091.818726,1562.584106,-4628.143555,-1121.247559,1467.161987,-4564.754395,-1105.838867,1604.208984,-4602.054199,,,,,,,,,,,,,2616.297607,1567.721191,-3159.784180,,,,,,,,,,,,,,,,,,,,,,,,,,,,,,,,,
4843,48.430000,0.000000,0.000000,0.000000,1.000000,0.000000,0.000000,0.000000,57.698101,20.499701,-14.700500,0.047771,-0.013570,0.015998,-15.666301,-52.738201,18.801300,-93.396698,0.129960,17.611099,-0.182931,-0.475644,-0.680147,0.526972,-1104.270996,1517.913574,-4602.371582,-1098.179077,1437.699585,-4614.534180,-1091.818726,1562.584106,-4628.143555,-1121.247559,1467.161987,-4564.754395,-1105.838867,1604.208984,-4602.054199,,,,,,,,,,,,,2616.320801,1567.731201,-3159.778320,,,,,,,,,,,,,,,,,,,,,,,,,,,,,,,,,
4844,48.440000,0.000000,0.000000,0.000000,1.000000,0.000000,0.000000,0.000000,57.698101,20.499701,-14.700500,0.047771,-0.013570,0.015998,-15.666301,-52.738201,18.801300,-93.396698,0.129960,17.611099,-0.182931,-0.475644,-0.680147,0.526972,-1104.270996,1517.913574,-4602.371582,-1098.179077,1437.699585,-4614.534180,-1091.818726,1562.584106,-4628.143555,-1121.247559,1467.161987,-4564.754395,-1105.838867,1604.208984,-4602.054199,,,,,,,,,,,,,2616.295410,1567.756470,-3159.786621,,,,,,,,,,,,,,,,,,,,,,,,,,,,,,,,,
4845,48.450000,0.000000,0.000000,0.000000,1.000000,0.000000,0.000000,0.000000,57.698101,20.499701,-14.700500,0.047771,-0.013570,0.015998,-15.666301,-52.738201,18.801300,-93.396698,0.129960,17.611099,-0.182931,-0.475644,-0.680147,0.526972,-1104.270996,1517.913574,-4602.371582,-1098.179077,1437.699585,-4614.534180,-1091.818726,1562.584106,-4628.143555,-1121.247559,1467.161987,-4564.754395,-1105.838867,1604.208984,-4602.054199,,,,,,,,,,,,,2616.273438,1567.773315,-3159.784912,,,,,,,,,,,,,,,,,,,,,,,,,,,,,,,,,
4846,48.460000,0.000000,0.000000,0.000000,1.000000,0.000000,0.000000,0.000000,57.698101,20.499701,-14.700500,0.047771,-0.013570,0.015998,-15.666301,-52.738201,18.801300,-93.396698,0.129960,17.611099,-0.182931,-0.475644,-0.680147,0.526972,-1104.270996,1517.913574,-4602.371582,-1098.179077,1437.699585,-4614.534180,-1091.818726,1562.584106,-4628.143555,-1121.247559,1467.161987,-4564.754395,-1105.838867,1604.208984,-4602.054199,,,,,,,,,,,,,2616.276367,1567.755737,-3159.790039,,,,,,,,,,,,,,,,,,,,,,,,,,,,,,,,,
4847,48.470000,0.000000,0.000000,0.000000,1.000000,0.000000,0.000000,0.000000,57.698101,20.499701,-14.700500,0.047771,-0.013570,0.015998,-15.666301,-52.738201,18.801300,-93.396698,0.129960,17.611099,-0.182931,-0.475644,-0.680147,0.526972,-1104.270996,1517.913574,-4602.371582,-1098.179077,1437.699585,-4614.534180,-1091.818726,1562.584106,-4628.143555,-1121.247559,1467.161987,-4564.754395,-1105.838867,1604.208984,-4602.054199,,,,,,,,,,,,,2616.316406,1567.747925,-3159.776855,,,,,,,,,,,,,,,,,,,,,,,,,,,,,,,,,
4848,48.480000,0.000000,0.000000,0.000000,1.000000,0.000000,0.000000,0.000000,57.698101,20.499701,-14.700500,0.047771,-0.013570,0.015998,-15.666301,-52.738201,18.801300,-93.396698,0.129960,17.611099,-0.182931,-0.475644,-0.680147,0.526972,-1104.270996,1517.913574,-4602.371582,-1098.179077,1437.699585,-4614.534180,-1091.818726,1562.584106,-4628.143555,-1121.247559,1467.161987,-4564.754395,-1105.838867,1604.208984,-4602.054199,,,,,,,,,,,,,2616.269531,1567.753540,-3159.786865,,,,,,,,,,,,,,,,,,,,,,,,,,,,,,,,,
4849,48.490000,0.000000,0.000000,0.000000,1.000000,0.000000,0.000000,0.000000,57.698101,20.499701,-14.700500,0.047771,-0.013570,0.015998,-15.666301,-52.738201,18.801300,-93.396698,0.129960,17.611099,-0.182931,-0.475644,-0.680147,0.526972,-1104.270996,1517.913574,-4602.371582,-1098.179077,1437.699585,-4614.534180,-1091.818726,1562.584106,-4628.143555,-1121.247559,1467.161987,-4564.754395,-1105.838867,1604.208984,-4602.054199,,,,,,,,,,,,,2616.236084,1567.745850,-3159.804932,,,,,,,,,,,,,,,,,,,,,,,,,,,,,,,,,
4850,48.500000,0.000000,0.000000,0.000000,1.000000,0.000000,0.000000,0.000000,57.698101,20.499701,-14.700500,0.047771,-0.013570,0.015998,-15.666301,-52.738201,18.801300,-93.396698,0.129960,17.611099,-0.182931,-0.475644,-0.680147,0.526972,-1104.270996,1517.913574,-4602.371582,-1098.179077,1437.699585,-4614.534180,-1091.818726,1562.584106,-4628.143555,-1121.247559,1467.161987,-4564.754395,-1105.838867,1604.208984,-4602.054199,,,,,,,,,,,,,2616.299805,1567.754395,-3159.784668,,,,,,,,,,,,,,,,,,,,,,,,,,,,,,,,,
4851,48.510000,0.000000,0.000000,0.000000,1.000000,0.000000,0.000000,0.000000,57.698101,20.499701,-14.700500,0.047771,-0.013570,0.015998,-15.666301,-52.738201,18.801300,-93.396698,0.129960,17.611099,-0.182931,-0.475644,-0.680147,0.526972,-1104.270996,1517.913574,-4602.371582,-1098.179077,1437.699585,-4614.534180,-1091.818726,1562.584106,-4628.143555,-1121.247559,1467.161987,-4564.754395,-1105.838867,1604.208984,-4602.054199,,,,,,,,,,,,,2616.274414,1567.761475,-3159.777588,,,,,,,,,,,,,,,,,,,,,,,,,,,,,,,,,
4852,48.520000,0.000000,0.000000,0.000000,1.000000,0.000000,0.000000,0.000000,57.698101,20.499701,-14.700500,0.047771,-0.013570,0.015998,-15.666301,-52.738201,18.801300,-93.396698,0.129960,17.611099,-0.182931,-0.475644,-0.680147,0.526972,-1104.270996,1517.913574,-4602.371582,-1098.179077,1437.699585,-4614.534180,-1091.818726,1562.584106,-4628.143555,-1121.247559,1467.161987,-4564.754395,-1105.838867,1604.208984,-4602.054199,,,,,,,,,,,,,2616.270020,1567.737671,-3159.791992,,,,,,,,,,,,,,,,,,,,,,,,,,,,,,,,,
4853,48.530000,0.000000,0.000000,0.000000,1.000000,0.000000,0.000000,0.000000,57.698101,20.499701,-14.700500,0.047771,-0.013570,0.015998,-15.666301,-52.738201,18.801300,-93.396698,0.129960,17.611099,-0.182931,-0.475644,-0.680147,0.526972,-1104.270996,1517.913574,-4602.371582,-1098.179077,1437.699585,-4614.534180,-1091.818726,1562.584106,-4628.143555,-1121.247559,1467.161987,-4564.754395,-1105.838867,1604.208984,-4602.054199,,,,,,,,,,,,,2616.288574,1567.755249,-3159.789795,,,,,,,,,,,,,,,,,,,,,,,,,,,,,,,,,
4854,48.540000,0.000000,0.000000,0.000000,1.000000,0.000000,0.000000,0.000000,57.698101,20.499701,-14.700500,0.047771,-0.013570,0.015998,-15.666301,-52.738201,18.801300,-93.396698,0.129960,17.611099,-0.182931,-0.475644,-0.680147,0.526972,-1104.270996,1517.913574,-4602.371582,-1098.179077,1437.699585,-4614.534180,-1091.818726,1562.584106,-4628.143555,-1121.247559,1467.161987,-4564.754395,-1105.838867,1604.208984,-4602.054199,,,,,,,,,,,,,2616.311523,1567.721313,-3159.762451,,,,,,,,,,,,,,,,,,,,,,,,,,,,,,,,,
4855,48.550000,0.000000,0.000000,0.000000,1.000000,0.000000,0.000000,0.000000,57.698101,20.499701,-14.700500,0.047771,-0.013570,0.015998,-15.666301,-52.738201,18.801300,-93.396698,0.129960,17.611099,-0.182931,-0.475644,-0.680147,0.526972,-1104.270996,1517.913574,-4602.371582,-1098.179077,1437.699585,-4614.534180,-1091.818726,1562.584106,-4628.143555,-1121.247559,1467.161987,-4564.754395,-1105.838867,1604.208984,-4602.054199,,,,,,,,,,,,,2616.299805,1567.738403,-3159.769043,,,,,,,,,,,,,,,,,,,,,,,,,,,,,,,,,
4856,48.560000,0.000000,0.000000,0.000000,1.000000,0.000000,0.000000,0.000000,57.698101,20.499701,-14.700500,0.047771,-0.013570,0.015998,-15.666301,-52.738201,18.801300,-93.396698,0.129960,17.611099,-0.182931,-0.475644,-0.680147,0.526972,-1104.270996,1517.913574,-4602.371582,-1098.179077,1437.699585,-4614.534180,-1091.818726,1562.584106,-4628.143555,-1121.247559,1467.161987,-4564.754395,-1105.838867,1604.208984,-4602.054199,,,,,,,,,,,,,2616.286377,1567.787109,-3159.786865,,,,,,,,,,,,,,,,,,,,,,,,,,,,,,,,,
4857,48.570000,0.000000,0.000000,0.000000,1.000000,0.000000,0.000000,0.000000,57.698101,20.499701,-14.700500,0.047771,-0.013570,0.015998,-15.666301,-52.738201,18.801300,-93.396698,0.129960,17.611099,-0.182931,-0.475644,-0.680147,0.526972,-1104.270996,1517.913574,-4602.371582,-1098.179077,1437.699585,-4614.534180,-1091.818726,1562.584106,-4628.143555,-1121.247559,1467.161987,-4564.754395,-1105.838867,1604.208984,-4602.054199,,,,,,,,,,,,,2616.294922,1567.733521,-3159.790039,,,,,,,,,,,,,,,,,,,,,,,,,,,,,,,,,
4858,48.580000,0.000000,0.000000,0.000000,1.000000,0.000000,0.000000,0.000000,57.698101,20.499701,-14.700500,0.047771,-0.013570,0.015998,-15.666301,-52.738201,18.801300,-93.396698,0.129960,17.611099,-0.182931,-0.475644,-0.680147,0.526972,-1104.270996,1517.913574,-4602.371582,-1098.179077,1437.699585,-4614.534180,-1091.818726,1562.584106,-4628.143555,-1121.247559,1467.161987,-4564.754395,-1105.838867,1604.208984,-4602.054199,,,,,,,,,,,,,2616.321289,1567.740723,-3159.776123,,,,,,,,,,,,,,,,,,,,,,,,,,,,,,,,,
4859,48.590000,0.000000,0.000000,0.000000,1.000000,0.000000,0.000000,0.000000,57.698101,20.499701,-14.700500,0.047771,-0.013570,0.015998,-15.666301,-52.738201,18.801300,-93.396698,0.129960,17.611099,-0.182931,-0.475644,-0.680147,0.526972,-1104.270996,1517.913574,-4602.371582,-1098.179077,1437.699585,-4614.534180,-1091.818726,1562.584106,-4628.143555,-1121.247559,1467.161987,-4564.754395,-1105.838867,1604.208984,-4602.054199,,,,,,,,,,,,,2616.288086,1567.741455,-3159.786621,,,,,,,,,,,,,,,,,,,,,,,,,,,,,,,,,
4860,48.600000,0.000000,0.000000,0.000000,1.000000,0.000000,0.000000,0.000000,57.698101,20.499701,-14.700500,0.047771,-0.013570,0.015998,-15.666301,-52.738201,18.801300,-93.396698,0.129960,17.611099,-0.182931,-0.475644,-0.680147,0.526972,-1104.270996,1517.913574,-4602.371582,-1098.179077,1437.699585,-4614.534180,-1091.818726,1562.584106,-4628.143555,-1121.247559,1467.161987,-4564.754395,-1105.838867,1604.208984,-4602.054199,,,,,,,,,,,,,2616.281494,1567.743286,-3159.794189,,,,,,,,,,,,,,,,,,,,,,,,,,,,,,,,,
4861,48.610000,0.000000,0.000000,0.000000,1.000000,0.000000,0.000000,0.000000,57.698101,20.499701,-14.700500,0.047771,-0.013570,0.015998,-15.666301,-52.738201,18.801300,-93.396698,0.129960,17.611099,-0.182931,-0.475644,-0.680147,0.526972,-1104.270996,1517.913574,-4602.371582,-1098.179077,1437.699585,-4614.534180,-1091.818726,1562.584106,-4628.143555,-1121.247559,1467.161987,-4564.754395,-1105.838867,1604.208984,-4602.054199,,,,,,,,,,,,,2616.274658,1567.762939,-3159.798340,,,,,,,,,,,,,,,,,,,,,,,,,,,,,,,,,
4862,48.620000,0.000000,0.000000,0.000000,1.000000,0.000000,0.000000,0.000000,57.698101,20.499701,-14.700500,0.047771,-0.013570,0.015998,-15.666301,-52.738201,18.801300,-93.396698,0.129960,17.611099,-0.182931,-0.475644,-0.680147,0.526972,-1104.270996,1517.913574,-4602.371582,-1098.179077,1437.699585,-4614.534180,-1091.818726,1562.584106,-4628.143555,-1121.247559,1467.161987,-4564.754395,-1105.838867,1604.208984,-4602.054199,,,,,,,,,,,,,2616.313477,1567.746460,-3159.785156,,,,,,,,,,,,,,,,,,,,,,,,,,,,,,,,,
4863,48.630000,0.000000,0.000000,0.000000,1.000000,0.000000,0.000000,0.000000,57.698101,20.499701,-14.700500,0.047771,-0.013570,0.015998,-15.666301,-52.738201,18.801300,-93.396698,0.129960,17.611099,-0.182931,-0.475644,-0.680147,0.526972,-1104.270996,1517.913574,-4602.371582,-1098.179077,1437.699585,-4614.534180,-1091.818726,1562.584106,-4628.143555,-1121.247559,1467.161987,-4564.754395,-1105.838867,1604.208984,-4602.054199,,,,,,,,,,,,,2616.318359,1567.766602,-3159.785889,,,,,,,,,,,,,,,,,,,,,,,,,,,,,,,,,
4864,48.640000,0.000000,0.000000,0.000000,1.000000,0.000000,0.000000,0.000000,57.698101,20.499701,-14.700500,0.047771,-0.013570,0.015998,-15.666301,-52.738201,18.801300,-93.396698,0.129960,17.611099,-0.182931,-0.475644,-0.680147,0.526972,-1104.270996,1517.913574,-4602.371582,-1098.179077,1437.699585,-4614.534180,-1091.818726,1562.584106,-4628.143555,-1121.247559,1467.161987,-4564.754395,-1105.838867,1604.208984,-4602.054199,,,,,,,,,,,,,2616.297852,1567.717529,-3159.784424,,,,,,,,,,,,,,,,,,,,,,,,,,,,,,,,,
4865,48.650000,0.000000,0.000000,0.000000,1.000000,0.000000,0.000000,0.000000,57.698101,20.499701,-14.700500,0.047771,-0.013570,0.015998,-15.666301,-52.738201,18.801300,-93.396698,0.129960,17.611099,-0.182931,-0.475644,-0.680147,0.526972,-1104.270996,1517.913574,-4602.371582,-1098.179077,1437.699585,-4614.534180,-1091.818726,1562.584106,-4628.143555,-1121.247559,1467.161987,-4564.754395,-1105.838867,1604.208984,-4602.054199,,,,,,,,,,,,,2616.315430,1567.749512,-3159.777344,,,,,,,,,,,,,,,,,,,,,,,,,,,,,,,,,
4866,48.660000,0.000000,0.000000,0.000000,1.000000,0.000000,0.000000,0.000000,57.698101,20.499701,-14.700500,0.047771,-0.013570,0.015998,-15.666301,-52.738201,18.801300,-93.396698,0.129960,17.611099,-0.182931,-0.475644,-0.680147,0.526972,-1104.270996,1517.913574,-4602.371582,-1098.179077,1437.699585,-4614.534180,-1091.818726,1562.584106,-4628.143555,-1121.247559,1467.161987,-4564.754395,-1105.838867,1604.208984,-4602.054199,,,,,,,,,,,,,2616.294189,1567.748169,-3159.783936,,,,,,,,,,,,,,,,,,,,,,,,,,,,,,,,,
4867,48.670000,0.000000,0.000000,0.000000,1.000000,0.000000,0.000000,0.000000,57.698101,20.499701,-14.700500,0.047771,-0.013570,0.015998,-15.666301,-52.738201,18.801300,-93.396698,0.129960,17.611099,-0.182931,-0.475644,-0.680147,0.526972,-1104.270996,1517.913574,-4602.371582,-1098.179077,1437.699585,-4614.534180,-1091.818726,1562.584106,-4628.143555,-1121.247559,1467.161987,-4564.754395,-1105.838867,1604.208984,-4602.054199,,,,,,,,,,,,,2616.262695,1567.744507,-3159.783691,,,,,,,,,,,,,,,,,,,,,,,,,,,,,,,,,
4868,48.680000,0.000000,0.000000,0.000000,1.000000,0.000000,0.000000,0.000000,57.698101,20.499701,-14.700500,0.047771,-0.013570,0.015998,-15.666301,-52.738201,18.801300,-93.396698,0.129960,17.611099,-0.182931,-0.475644,-0.680147,0.526972,-1104.270996,1517.913574,-4602.371582,-1098.179077,1437.699585,-4614.534180,-1091.818726,1562.584106,-4628.143555,-1121.247559,1467.161987,-4564.754395,-1105.838867,1604.208984,-4602.054199,,,,,,,,,,,,,2616.256836,1567.766479,-3159.796631,,,,,,,,,,,,,,,,,,,,,,,,,,,,,,,,,
4869,48.690000,0.000000,0.000000,0.000000,1.000000,0.000000,0.000000,0.000000,57.698101,20.499701,-14.700500,0.047771,-0.013570,0.015998,-15.666301,-52.738201,18.801300,-93.396698,0.129960,17.611099,-0.182931,-0.475644,-0.680147,0.526972,-1104.270996,1517.913574,-4602.371582,-1098.179077,1437.699585,-4614.534180,-1091.818726,1562.584106,-4628.143555,-1121.247559,1467.161987,-4564.754395,-1105.838867,1604.208984,-4602.054199,,,,,,,,,,,,,2616.285400,1567.725830,-3159.785645,,,,,,,,,,,,,,,,,,,,,,,,,,,,,,,,,
4870,48.700000,0.000000,0.000000,0.000000,1.000000,0.000000,0.000000,0.000000,57.698101,20.499701,-14.700500,0.047771,-0.013570,0.015998,-15.666301,-52.738201,18.801300,-93.396698,0.129960,17.611099,-0.182931,-0.475644,-0.680147,0.526972,-1104.270996,1517.913574,-4602.371582,-1098.179077,1437.699585,-4614.534180,-1091.818726,1562.584106,-4628.143555,-1121.247559,1467.161987,-4564.754395,-1105.838867,1604.208984,-4602.054199,,,,,,,,,,,,,2616.275879,1567.723022,-3159.788330,,,,,,,,,,,,,,,,,,,,,,,,,,,,,,,,,
4871,48.710000,0.000000,0.000000,0.000000,1.000000,0.000000,0.000000,0.000000,57.698101,20.499701,-14.700500,0.047771,-0.013570,0.015998,-15.666301,-52.738201,18.801300,-93.396698,0.129960,17.611099,-0.182931,-0.475644,-0.680147,0.526972,-1104.270996,1517.913574,-4602.371582,-1098.179077,1437.699585,-4614.534180,-1091.818726,1562.584106,-4628.143555,-1121.247559,1467.161987,-4564.754395,-1105.838867,1604.208984,-4602.054199,,,,,,,,,,,,,2616.292969,1567.734375,-3159.787598,,,,,,,,,,,,,,,,,,,,,,,,,,,,,,,,,
4872,48.720000,0.000000,0.000000,0.000000,1.000000,0.000000,0.000000,0.000000,57.698101,20.499701,-14.700500,0.047771,-0.013570,0.015998,-15.666301,-52.738201,18.801300,-93.396698,0.129960,17.611099,-0.182931,-0.475644,-0.680147,0.526972,-1104.270996,1517.913574,-4602.371582,-1098.179077,1437.699585,-4614.534180,-1091.818726,1562.584106,-4628.143555,-1121.247559,1467.161987,-4564.754395,-1105.838867,1604.208984,-4602.054199,,,,,,,,,,,,,2616.300293,1567.718384,-3159.778564,,,,,,,,,,,,,,,,,,,,,,,,,,,,,,,,,
4873,48.730000,0.000000,0.000000,0.000000,1.000000,0.000000,0.000000,0.000000,57.698101,20.499701,-14.700500,0.047771,-0.013570,0.015998,-15.666301,-52.738201,18.801300,-93.396698,0.129960,17.611099,-0.182931,-0.475644,-0.680147,0.526972,-1104.270996,1517.913574,-4602.371582,-1098.179077,1437.699585,-4614.534180,-1091.818726,1562.584106,-4628.143555,-1121.247559,1467.161987,-4564.754395,-1105.838867,1604.208984,-4602.054199,,,,,,,,,,,,,2616.272705,1567.727051,-3159.774902,,,,,,,,,,,,,,,,,,,,,,,,,,,,,,,,,
4874,48.740000,0.000000,0.000000,0.000000,1.000000,0.000000,0.000000,0.000000,57.698101,20.499701,-14.700500,0.047771,-0.013570,0.015998,-15.666301,-52.738201,18.801300,-93.396698,0.129960,17.611099,-0.182931,-0.475644,-0.680147,0.526972,-1104.270996,1517.913574,-4602.371582,-1098.179077,1437.699585,-4614.534180,-1091.818726,1562.584106,-4628.143555,-1121.247559,1467.161987,-4564.754395,-1105.838867,1604.208984,-4602.054199,,,,,,,,,,,,,2616.278809,1567.736206,-3159.776855,,,,,,,,,,,,,,,,,,,,,,,,,,,,,,,,,
4875,48.750000,0.000000,0.000000,0.000000,1.000000,0.000000,0.000000,0.000000,57.698101,20.499701,-14.700500,0.047771,-0.013570,0.015998,-15.666301,-52.738201,18.801300,-93.396698,0.129960,17.611099,-0.182931,-0.475644,-0.680147,0.526972,-1104.270996,1517.913574,-4602.371582,-1098.179077,1437.699585,-4614.534180,-1091.818726,1562.584106,-4628.143555,-1121.247559,1467.161987,-4564.754395,-1105.838867,1604.208984,-4602.054199,,,,,,,,,,,,,2616.308105,1567.782349,-3159.784424,,,,,,,,,,,,,,,,,,,,,,,,,,,,,,,,,
4876,48.760000,0.000000,0.000000,0.000000,1.000000,0.000000,0.000000,0.000000,57.698101,20.499701,-14.700500,0.047771,-0.013570,0.015998,-15.666301,-52.738201,18.801300,-93.396698,0.129960,17.611099,-0.182931,-0.475644,-0.680147,0.526972,-1104.270996,1517.913574,-4602.371582,-1098.179077,1437.699585,-4614.534180,-1091.818726,1562.584106,-4628.143555,-1121.247559,1467.161987,-4564.754395,-1105.838867,1604.208984,-4602.054199,,,,,,,,,,,,,2616.296875,1567.716919,-3159.777832,,,,,,,,,,,,,,,,,,,,,,,,,,,,,,,,,
4877,48.770000,0.000000,0.000000,0.000000,1.000000,0.000000,0.000000,0.000000,57.698101,20.499701,-14.700500,0.047771,-0.013570,0.015998,-15.666301,-52.738201,18.801300,-93.396698,0.129960,17.611099,-0.182931,-0.475644,-0.680147,0.526972,-1104.270996,1517.913574,-4602.371582,-1098.179077,1437.699585,-4614.534180,-1091.818726,1562.584106,-4628.143555,-1121.247559,1467.161987,-4564.754395,-1105.838867,1604.208984,-4602.054199,,,,,,,,,,,,,2616.296875,1567.733765,-3159.770264,,,,,,,,,,,,,,,,,,,,,,,,,,,,,,,,,
4878,48.780000,0.000000,0.000000,0.000000,1.000000,0.000000,0.000000,0.000000,57.698101,20.499701,-14.700500,0.047771,-0.013570,0.015998,-15.666301,-52.738201,18.801300,-93.396698,0.129960,17.611099,-0.182931,-0.475644,-0.680147,0.526972,-1104.270996,1517.913574,-4602.371582,-1098.179077,1437.699585,-4614.534180,-1091.818726,1562.584106,-4628.143555,-1121.247559,1467.161987,-4564.754395,-1105.838867,1604.208984,-4602.054199,,,,,,,,,,,,,2616.305420,1567.723877,-3159.772217,,,,,,,,,,,,,,,,,,,,,,,,,,,,,,,,,
4879,48.790000,0.000000,0.000000,0.000000,1.000000,0.000000,0.000000,0.000000,57.698101,20.499701,-14.700500,0.047771,-0.013570,0.015998,-15.666301,-52.738201,18.801300,-93.396698,0.129960,17.611099,-0.182931,-0.475644,-0.680147,0.526972,-1104.270996,1517.913574,-4602.371582,-1098.179077,1437.699585,-4614.534180,-1091.818726,1562.584106,-4628.143555,-1121.247559,1467.161987,-4564.754395,-1105.838867,1604.208984,-4602.054199,,,,,,,,,,,,,2616.302246,1567.746826,-3159.771484,,,,,,,,,,,,,,,,,,,,,,,,,,,,,,,,,
4880,48.800000,0.000000,0.000000,0.000000,1.000000,0.000000,0.000000,0.000000,57.698101,20.499701,-14.700500,0.047771,-0.013570,0.015998,-15.666301,-52.738201,18.801300,-93.396698,0.129960,17.611099,-0.182931,-0.475644,-0.680147,0.526972,-1104.270996,1517.913574,-4602.371582,-1098.179077,1437.699585,-4614.534180,-1091.818726,1562.584106,-4628.143555,-1121.247559,1467.161987,-4564.754395,-1105.838867,1604.208984,-4602.054199,,,,,,,,,,,,,2616.261719,1567.737793,-3159.776611,,,,,,,,,,,,,,,,,,,,,,,,,,,,,,,,,
4881,48.810000,0.000000,0.000000,0.000000,1.000000,0.000000,0.000000,0.000000,57.698101,20.499701,-14.700500,0.047771,-0.013570,0.015998,-15.666301,-52.738201,18.801300,-93.396698,0.129960,17.611099,-0.182931,-0.475644,-0.680147,0.526972,-1104.270996,1517.913574,-4602.371582,-1098.179077,1437.699585,-4614.534180,-1091.818726,1562.584106,-4628.143555,-1121.247559,1467.161987,-4564.754395,-1105.838867,1604.208984,-4602.054199,,,,,,,,,,,,,2616.288086,1567.746338,-3159.784424,,,,,,,,,,,,,,,,,,,,,,,,,,,,,,,,,
4882,48.820000,0.000000,0.000000,0.000000,1.000000,0.000000,0.000000,0.000000,57.698101,20.499701,-14.700500,0.047771,-0.013570,0.015998,-15.666301,-52.738201,18.801300,-93.396698,0.129960,17.611099,-0.182931,-0.475644,-0.680147,0.526972,-1104.270996,1517.913574,-4602.371582,-1098.179077,1437.699585,-4614.534180,-1091.818726,1562.584106,-4628.143555,-1121.247559,1467.161987,-4564.754395,-1105.838867,1604.208984,-4602.054199,,,,,,,,,,,,,2616.282959,1567.747925,-3159.781006,,,,,,,,,,,,,,,,,,,,,,,,,,,,,,,,,
4883,48.830000,0.000000,0.000000,0.000000,1.000000,0.000000,0.000000,0.000000,57.698101,20.499701,-14.700500,0.047771,-0.013570,0.015998,-15.666301,-52.738201,18.801300,-93.396698,0.129960,17.611099,-0.182931,-0.475644,-0.680147,0.526972,-1104.270996,1517.913574,-4602.371582,-1098.179077,1437.699585,-4614.534180,-1091.818726,1562.584106,-4628.143555,-1121.247559,1467.161987,-4564.754395,-1105.838867,1604.208984,-4602.054199,,,,,,,,,,,,,2616.322021,1567.744263,-3159.778076,,,,,,,,,,,,,,,,,,,,,,,,,,,,,,,,,
4884,48.840000,0.000000,0.000000,0.000000,1.000000,0.000000,0.000000,0.000000,57.698101,20.499701,-14.700500,0.047771,-0.013570,0.015998,-15.666301,-52.738201,18.801300,-93.396698,0.129960,17.611099,-0.182931,-0.475644,-0.680147,0.526972,-1104.270996,1517.913574,-4602.371582,-1098.179077,1437.699585,-4614.534180,-1091.818726,1562.584106,-4628.143555,-1121.247559,1467.161987,-4564.754395,-1105.838867,1604.208984,-4602.054199,,,,,,,,,,,,,2616.313965,1567.739502,-3159.770996,,,,,,,,,,,,,,,,,,,,,,,,,,,,,,,,,
4885,48.850000,0.000000,0.000000,0.000000,1.000000,0.000000,0.000000,0.000000,57.698101,20.499701,-14.700500,0.047771,-0.013570,0.015998,-15.666301,-52.738201,18.801300,-93.396698,0.129960,17.611099,-0.182931,-0.475644,-0.680147,0.526972,-1104.270996,1517.913574,-4602.371582,-1098.179077,1437.699585,-4614.534180,-1091.818726,1562.584106,-4628.143555,-1121.247559,1467.161987,-4564.754395,-1105.838867,1604.208984,-4602.054199,,,,,,,,,,,,,2616.292480,1567.719727,-3159.797363,,,,,,,,,,,,,,,,,,,,,,,,,,,,,,,,,
4886,48.860000,0.000000,0.000000,0.000000,1.000000,0.000000,0.000000,0.000000,57.698101,20.499701,-14.700500,0.047771,-0.013570,0.015998,-15.666301,-52.738201,18.801300,-93.396698,0.129960,17.611099,-0.182931,-0.475644,-0.680147,0.526972,-1104.270996,1517.913574,-4602.371582,-1098.179077,1437.699585,-4614.534180,-1091.818726,1562.584106,-4628.143555,-1121.247559,1467.161987,-4564.754395,-1105.838867,1604.208984,-4602.054199,,,,,,,,,,,,,2616.281738,1567.688965,-3159.775391,,,,,,,,,,,,,,,,,,,,,,,,,,,,,,,,,
4887,48.870000,0.000000,0.000000,0.000000,1.000000,0.000000,0.000000,0.000000,57.698101,20.499701,-14.700500,0.047771,-0.013570,0.015998,-15.666301,-52.738201,18.801300,-93.396698,0.129960,17.611099,-0.182931,-0.475644,-0.680147,0.526972,-1104.270996,1517.913574,-4602.371582,-1098.179077,1437.699585,-4614.534180,-1091.818726,1562.584106,-4628.143555,-1121.247559,1467.161987,-4564.754395,-1105.838867,1604.208984,-4602.054199,,,,,,,,,,,,,2616.290527,1567.711426,-3159.769775,,,,,,,,,,,,,,,,,,,,,,,,,,,,,,,,,
4888,48.880000,0.000000,0.000000,0.000000,1.000000,0.000000,0.000000,0.000000,57.698101,20.499701,-14.700500,0.047771,-0.013570,0.015998,-15.666301,-52.738201,18.801300,-93.396698,0.129960,17.611099,-0.182931,-0.475644,-0.680147,0.526972,-1104.270996,1517.913574,-4602.371582,-1098.179077,1437.699585,-4614.534180,-1091.818726,1562.584106,-4628.143555,-1121.247559,1467.161987,-4564.754395,-1105.838867,1604.208984,-4602.054199,,,,,,,,,,,,,2616.299561,1567.749512,-3159.776611,,,,,,,,,,,,,,,,,,,,,,,,,,,,,,,,,
4889,48.890000,0.000000,0.000000,0.000000,1.000000,0.000000,0.000000,0.000000,57.698101,20.499701,-14.700500,0.047771,-0.013570,0.015998,-15.666301,-52.738201,18.801300,-93.396698,0.129960,17.611099,-0.182931,-0.475644,-0.680147,0.526972,-1104.270996,1517.913574,-4602.371582,-1098.179077,1437.699585,-4614.534180,-1091.818726,1562.584106,-4628.143555,-1121.247559,1467.161987,-4564.754395,-1105.838867,1604.208984,-4602.054199,,,,,,,,,,,,,2616.285400,1567.768066,-3159.795654,,,,,,,,,,,,,,,,,,,,,,,,,,,,,,,,,
4890,48.900000,0.000000,0.000000,0.000000,1.000000,0.000000,0.000000,0.000000,57.698101,20.499701,-14.700500,0.047771,-0.013570,0.015998,-15.666301,-52.738201,18.801300,-93.396698,0.129960,17.611099,-0.182931,-0.475644,-0.680147,0.526972,-1104.270996,1517.913574,-4602.371582,-1098.179077,1437.699585,-4614.534180,-1091.818726,1562.584106,-4628.143555,-1121.247559,1467.161987,-4564.754395,-1105.838867,1604.208984,-4602.054199,,,,,,,,,,,,,2616.270020,1567.730469,-3159.784912,,,,,,,,,,,,,,,,,,,,,,,,,,,,,,,,,
4891,48.910000,0.000000,0.000000,0.000000,1.000000,0.000000,0.000000,0.000000,57.698101,20.499701,-14.700500,0.047771,-0.013570,0.015998,-15.666301,-52.738201,18.801300,-93.396698,0.129960,17.611099,-0.182931,-0.475644,-0.680147,0.526972,-1104.270996,1517.913574,-4602.371582,-1098.179077,1437.699585,-4614.534180,-1091.818726,1562.584106,-4628.143555,-1121.247559,1467.161987,-4564.754395,-1105.838867,1604.208984,-4602.054199,,,,,,,,,,,,,2616.311768,1567.736938,-3159.778809,,,,,,,,,,,,,,,,,,,,,,,,,,,,,,,,,
4892,48.920000,0.000000,0.000000,0.000000,1.000000,0.000000,0.000000,0.000000,57.698101,20.499701,-14.700500,0.047771,-0.013570,0.015998,-15.666301,-52.738201,18.801300,-93.396698,0.129960,17.611099,-0.182931,-0.475644,-0.680147,0.526972,-1104.270996,1517.913574,-4602.371582,-1098.179077,1437.699585,-4614.534180,-1091.818726,1562.584106,-4628.143555,-1121.247559,1467.161987,-4564.754395,-1105.838867,1604.208984,-4602.054199,,,,,,,,,,,,,2616.301025,1567.768066,-3159.776611,,,,,,,,,,,,,,,,,,,,,,,,,,,,,,,,,
4893,48.930000,0.000000,0.000000,0.000000,1.000000,0.000000,0.000000,0.000000,57.698101,20.499701,-14.700500,0.047771,-0.013570,0.015998,-15.666301,-52.738201,18.801300,-93.396698,0.129960,17.611099,-0.182931,-0.475644,-0.680147,0.526972,-1104.270996,1517.913574,-4602.371582,-1098.179077,1437.699585,-4614.534180,-1091.818726,1562.584106,-4628.143555,-1121.247559,1467.161987,-4564.754395,-1105.838867,1604.208984,-4602.054199,,,,,,,,,,,,,2616.299316,1567.757935,-3159.790771,,,,,,,,,,,,,,,,,,,,,,,,,,,,,,,,,
4894,48.940000,0.000000,0.000000,0.000000,1.000000,0.000000,0.000000,0.000000,57.698101,20.499701,-14.700500,0.047771,-0.013570,0.015998,-15.666301,-52.738201,18.801300,-93.396698,0.129960,17.611099,-0.182931,-0.475644,-0.680147,0.526972,-1104.270996,1517.913574,-4602.371582,-1098.179077,1437.699585,-4614.534180,-1091.818726,1562.584106,-4628.143555,-1121.247559,1467.161987,-4564.754395,-1105.838867,1604.208984,-4602.054199,,,,,,,,,,,,,2616.317871,1567.734497,-3159.774170,,,,,,,,,,,,,,,,,,,,,,,,,,,,,,,,,
4895,48.950000,0.000000,0.000000,0.000000,1.000000,0.000000,0.000000,0.000000,57.698101,20.499701,-14.700500,0.047771,-0.013570,0.015998,-15.666301,-52.738201,18.801300,-93.396698,0.129960,17.611099,-0.182931,-0.475644,-0.680147,0.526972,-1104.270996,1517.913574,-4602.371582,-1098.179077,1437.699585,-4614.534180,-1091.818726,1562.584106,-4628.143555,-1121.247559,1467.161987,-4564.754395,-1105.838867,1604.208984,-4602.054199,,,,,,,,,,,,,2616.298096,1567.721558,-3159.768311,,,,,,,,,,,,,,,,,,,,,,,,,,,,,,,,,
4896,48.960000,0.000000,0.000000,0.000000,1.000000,0.000000,0.000000,0.000000,57.698101,20.499701,-14.700500,0.047771,-0.013570,0.015998,-15.666301,-52.738201,18.801300,-93.396698,0.129960,17.611099,-0.182931,-0.475644,-0.680147,0.526972,-1104.270996,1517.913574,-4602.371582,-1098.179077,1437.699585,-4614.534180,-1091.818726,1562.584106,-4628.143555,-1121.247559,1467.161987,-4564.754395,-1105.838867,1604.208984,-4602.054199,,,,,,,,,,,,,2616.278809,1567.722046,-3159.790039,,,,,,,,,,,,,,,,,,,,,,,,,,,,,,,,,
4897,48.970000,0.000000,0.000000,0.000000,1.000000,0.000000,0.000000,0.000000,57.698101,20.499701,-14.700500,0.047771,-0.013570,0.015998,-15.666301,-52.738201,18.801300,-93.396698,0.129960,17.611099,-0.182931,-0.475644,-0.680147,0.526972,-1104.270996,1517.913574,-4602.371582,-1098.179077,1437.699585,-4614.534180,-1091.818726,1562.584106,-4628.143555,-1121.247559,1467.161987,-4564.754395,-1105.838867,1604.208984,-4602.054199,,,,,,,,,,,,,2616.280273,1567.755615,-3159.787598,,,,,,,,,,,,,,,,,,,,,,,,,,,,,,,,,
4898,48.980000,0.000000,0.000000,0.000000,1.000000,0.000000,0.000000,0.000000,57.698101,20.499701,-14.700500,0.047771,-0.013570,0.015998,-15.666301,-52.738201,18.801300,-93.396698,0.129960,17.611099,-0.182931,-0.475644,-0.680147,0.526972,-1104.270996,1517.913574,-4602.371582,-1098.179077,1437.699585,-4614.534180,-1091.818726,1562.584106,-4628.143555,-1121.247559,1467.161987,-4564.754395,-1105.838867,1604.208984,-4602.054199,,,,,,,,,,,,,2616.266602,1567.738281,-3159.792236,,,,,,,,,,,,,,,,,,,,,,,,,,,,,,,,,
4899,48.990000,0.000000,0.000000,0.000000,1.000000,0.000000,0.000000,0.000000,57.698101,20.499701,-14.700500,0.047771,-0.013570,0.015998,-15.666301,-52.738201,18.801300,-93.396698,0.129960,17.611099,-0.182931,-0.475644,-0.680147,0.526972,-1104.270996,1517.913574,-4602.371582,-1098.179077,1437.699585,-4614.534180,-1091.818726,1562.584106,-4628.143555,-1121.247559,1467.161987,-4564.754395,-1105.838867,1604.208984,-4602.054199,,,,,,,,,,,,,2616.268799,1567.732056,-3159.782471,,,,,,,,,,,,,,,,,,,,,,,,,,,,,,,,,
4900,49.000000,0.000000,0.000000,0.000000,1.000000,0.000000,0.000000,0.000000,57.698101,20.499701,-14.700500,0.047771,-0.013570,0.015998,-15.666301,-52.738201,18.801300,-93.396698,0.129960,17.611099,-0.182931,-0.475644,-0.680147,0.526972,-1104.270996,1517.913574,-4602.371582,-1098.179077,1437.699585,-4614.534180,-1091.818726,1562.584106,-4628.143555,-1121.247559,1467.161987,-4564.754395,-1105.838867,1604.208984,-4602.054199,,,,,,,,,,,,,2616.280029,1567.736572,-3159.782959,,,,,,,,,,,,,,,,,,,,,,,,,,,,,,,,,
4901,49.010000,0.000000,0.000000,0.000000,1.000000,0.000000,0.000000,0.000000,57.698101,20.499701,-14.700500,0.047771,-0.013570,0.015998,-15.666301,-52.738201,18.801300,-93.396698,0.129960,17.611099,-0.182931,-0.475644,-0.680147,0.526972,-1104.270996,1517.913574,-4602.371582,-1098.179077,1437.699585,-4614.534180,-1091.818726,1562.584106,-4628.143555,-1121.247559,1467.161987,-4564.754395,-1105.838867,1604.208984,-4602.054199,,,,,,,,,,,,,2616.281494,1567.738892,-3159.785889,,,,,,,,,,,,,,,,,,,,,,,,,,,,,,,,,
4902,49.020000,0.000000,0.000000,0.000000,1.000000,0.000000,0.000000,0.000000,57.698101,20.499701,-14.700500,0.047771,-0.013570,0.015998,-15.666301,-52.738201,18.801300,-93.396698,0.129960,17.611099,-0.182931,-0.475644,-0.680147,0.526972,-1104.270996,1517.913574,-4602.371582,-1098.179077,1437.699585,-4614.534180,-1091.818726,1562.584106,-4628.143555,-1121.247559,1467.161987,-4564.754395,-1105.838867,1604.208984,-4602.054199,,,,,,,,,,,,,2616.295410,1567.731812,-3159.776367,,,,,,,,,,,,,,,,,,,,,,,,,,,,,,,,,
4903,49.030000,0.000000,0.000000,0.000000,1.000000,0.000000,0.000000,0.000000,57.698101,20.499701,-14.700500,0.047771,-0.013570,0.015998,-15.666301,-52.738201,18.801300,-93.396698,0.129960,17.611099,-0.182931,-0.475644,-0.680147,0.526972,-1104.270996,1517.913574,-4602.371582,-1098.179077,1437.699585,-4614.534180,-1091.818726,1562.584106,-4628.143555,-1121.247559,1467.161987,-4564.754395,-1105.838867,1604.208984,-4602.054199,,,,,,,,,,,,,2616.315186,1567.728027,-3159.779297,,,,,,,,,,,,,,,,,,,,,,,,,,,,,,,,,
4904,49.040000,0.000000,0.000000,0.000000,1.000000,0.000000,0.000000,0.000000,57.698101,20.499701,-14.700500,0.047771,-0.013570,0.015998,-15.666301,-52.738201,18.801300,-93.396698,0.129960,17.611099,-0.182931,-0.475644,-0.680147,0.526972,-1104.270996,1517.913574,-4602.371582,-1098.179077,1437.699585,-4614.534180,-1091.818726,1562.584106,-4628.143555,-1121.247559,1467.161987,-4564.754395,-1105.838867,1604.208984,-4602.054199,,,,,,,,,,,,,2616.289551,1567.711548,-3159.775146,,,,,,,,,,,,,,,,,,,,,,,,,,,,,,,,,
4905,49.050000,0.000000,0.000000,0.000000,1.000000,0.000000,0.000000,0.000000,57.698101,20.499701,-14.700500,0.047771,-0.013570,0.015998,-15.666301,-52.738201,18.801300,-93.396698,0.129960,17.611099,-0.182931,-0.475644,-0.680147,0.526972,-1104.270996,1517.913574,-4602.371582,-1098.179077,1437.699585,-4614.534180,-1091.818726,1562.584106,-4628.143555,-1121.247559,1467.161987,-4564.754395,-1105.838867,1604.208984,-4602.054199,,,,,,,,,,,,,2616.298584,1567.740723,-3159.757568,,,,,,,,,,,,,,,,,,,,,,,,,,,,,,,,,
4906,49.060000,0.000000,0.000000,0.000000,1.000000,0.000000,0.000000,0.000000,57.698101,20.499701,-14.700500,0.047771,-0.013570,0.015998,-15.666301,-52.738201,18.801300,-93.396698,0.129960,17.611099,-0.182931,-0.475644,-0.680147,0.526972,-1104.270996,1517.913574,-4602.371582,-1098.179077,1437.699585,-4614.534180,-1091.818726,1562.584106,-4628.143555,-1121.247559,1467.161987,-4564.754395,-1105.838867,1604.208984,-4602.054199,,,,,,,,,,,,,2616.293457,1567.704834,-3159.771729,,,,,,,,,,,,,,,,,,,,,,,,,,,,,,,,,
4907,49.070000,0.000000,0.000000,0.000000,1.000000,0.000000,0.000000,0.000000,57.698101,20.499701,-14.700500,0.047771,-0.013570,0.015998,-15.666301,-52.738201,18.801300,-93.396698,0.129960,17.611099,-0.182931,-0.475644,-0.680147,0.526972,-1104.270996,1517.913574,-4602.371582,-1098.179077,1437.699585,-4614.534180,-1091.818726,1562.584106,-4628.143555,-1121.247559,1467.161987,-4564.754395,-1105.838867,1604.208984,-4602.054199,,,,,,,,,,,,,2616.276123,1567.715454,-3159.767822,,,,,,,,,,,,,,,,,,,,,,,,,,,,,,,,,
4908,49.080000,0.000000,0.000000,0.000000,1.000000,0.000000,0.000000,0.000000,57.698101,20.499701,-14.700500,0.047771,-0.013570,0.015998,-15.666301,-52.738201,18.801300,-93.396698,0.129960,17.611099,-0.182931,-0.475644,-0.680147,0.526972,-1104.270996,1517.913574,-4602.371582,-1098.179077,1437.699585,-4614.534180,-1091.818726,1562.584106,-4628.143555,-1121.247559,1467.161987,-4564.754395,-1105.838867,1604.208984,-4602.054199,,,,,,,,,,,,,2616.285889,1567.700928,-3159.763428,,,,,,,,,,,,,,,,,,,,,,,,,,,,,,,,,
4909,49.090000,0.000000,0.000000,0.000000,1.000000,0.000000,0.000000,0.000000,57.698101,20.499701,-14.700500,0.047771,-0.013570,0.015998,-15.666301,-52.738201,18.801300,-93.396698,0.129960,17.611099,-0.182931,-0.475644,-0.680147,0.526972,-1104.270996,1517.913574,-4602.371582,-1098.179077,1437.699585,-4614.534180,-1091.818726,1562.584106,-4628.143555,-1121.247559,1467.161987,-4564.754395,-1105.838867,1604.208984,-4602.054199,,,,,,,,,,,,,2616.322998,1567.751709,-3159.759521,,,,,,,,,,,,,,,,,,,,,,,,,,,,,,,,,
4910,49.100000,0.000000,0.000000,0.000000,1.000000,0.000000,0.000000,0.000000,57.698101,20.499701,-14.700500,0.047771,-0.013570,0.015998,-15.666301,-52.738201,18.801300,-93.396698,0.129960,17.611099,-0.182931,-0.475644,-0.680147,0.526972,-1104.270996,1517.913574,-4602.371582,-1098.179077,1437.699585,-4614.534180,-1091.818726,1562.584106,-4628.143555,-1121.247559,1467.161987,-4564.754395,-1105.838867,1604.208984,-4602.054199,,,,,,,,,,,,,2616.282471,1567.730225,-3159.771240,,,,,,,,,,,,,,,,,,,,,,,,,,,,,,,,,
4911,49.110000,0.000000,0.000000,0.000000,1.000000,0.000000,0.000000,0.000000,57.698101,20.499701,-14.700500,0.047771,-0.013570,0.015998,-15.666301,-52.738201,18.801300,-93.396698,0.129960,17.611099,-0.182931,-0.475644,-0.680147,0.526972,-1104.270996,1517.913574,-4602.371582,-1098.179077,1437.699585,-4614.534180,-1091.818726,1562.584106,-4628.143555,-1121.247559,1467.161987,-4564.754395,-1105.838867,1604.208984,-4602.054199,,,,,,,,,,,,,2616.260742,1567.769897,-3159.789307,,,,,,,,,,,,,,,,,,,,,,,,,,,,,,,,,
4912,49.120000,0.000000,0.000000,0.000000,1.000000,0.000000,0.000000,0.000000,57.698101,20.499701,-14.700500,0.047771,-0.013570,0.015998,-15.666301,-52.738201,18.801300,-93.396698,0.129960,17.611099,-0.182931,-0.475644,-0.680147,0.526972,-1104.270996,1517.913574,-4602.371582,-1098.179077,1437.699585,-4614.534180,-1091.818726,1562.584106,-4628.143555,-1121.247559,1467.161987,-4564.754395,-1105.838867,1604.208984,-4602.054199,,,,,,,,,,,,,2616.302246,1567.768188,-3159.789307,,,,,,,,,,,,,,,,,,,,,,,,,,,,,,,,,
4913,49.130000,0.000000,0.000000,0.000000,1.000000,0.000000,0.000000,0.000000,57.698101,20.499701,-14.700500,0.047771,-0.013570,0.015998,-15.666301,-52.738201,18.801300,-93.396698,0.129960,17.611099,-0.182931,-0.475644,-0.680147,0.526972,-1104.270996,1517.913574,-4602.371582,-1098.179077,1437.699585,-4614.534180,-1091.818726,1562.584106,-4628.143555,-1121.247559,1467.161987,-4564.754395,-1105.838867,1604.208984,-4602.054199,,,,,,,,,,,,,2616.313721,1567.758911,-3159.774414,,,,,,,,,,,,,,,,,,,,,,,,,,,,,,,,,
4914,49.140000,0.000000,0.000000,0.000000,1.000000,0.000000,0.000000,0.000000,57.698101,20.499701,-14.700500,0.047771,-0.013570,0.015998,-15.666301,-52.738201,18.801300,-93.396698,0.129960,17.611099,-0.182931,-0.475644,-0.680147,0.526972,-1104.270996,1517.913574,-4602.371582,-1098.179077,1437.699585,-4614.534180,-1091.818726,1562.584106,-4628.143555,-1121.247559,1467.161987,-4564.754395,-1105.838867,1604.208984,-4602.054199,,,,,,,,,,,,,2616.319336,1567.728394,-3159.776855,,,,,,,,,,,,,,,,,,,,,,,,,,,,,,,,,
4915,49.150000,0.000000,0.000000,0.000000,1.000000,0.000000,0.000000,0.000000,57.698101,20.499701,-14.700500,0.047771,-0.013570,0.015998,-15.666301,-52.738201,18.801300,-93.396698,0.129960,17.611099,-0.182931,-0.475644,-0.680147,0.526972,-1104.270996,1517.913574,-4602.371582,-1098.179077,1437.699585,-4614.534180,-1091.818726,1562.584106,-4628.143555,-1121.247559,1467.161987,-4564.754395,-1105.838867,1604.208984,-4602.054199,,,,,,,,,,,,,2616.322510,1567.716309,-3159.764648,,,,,,,,,,,,,,,,,,,,,,,,,,,,,,,,,
4916,49.160000,0.000000,0.000000,0.000000,1.000000,0.000000,0.000000,0.000000,57.698101,20.499701,-14.700500,0.047771,-0.013570,0.015998,-15.666301,-52.738201,18.801300,-93.396698,0.129960,17.611099,-0.182931,-0.475644,-0.680147,0.526972,-1104.270996,1517.913574,-4602.371582,-1098.179077,1437.699585,-4614.534180,-1091.818726,1562.584106,-4628.143555,-1121.247559,1467.161987,-4564.754395,-1105.838867,1604.208984,-4602.054199,,,,,,,,,,,,,2616.308350,1567.758545,-3159.770996,,,,,,,,,,,,,,,,,,,,,,,,,,,,,,,,,
4917,49.170000,0.000000,0.000000,0.000000,1.000000,0.000000,0.000000,0.000000,57.698101,20.499701,-14.700500,0.047771,-0.013570,0.015998,-15.666301,-52.738201,18.801300,-93.396698,0.129960,17.611099,-0.182931,-0.475644,-0.680147,0.526972,-1104.270996,1517.913574,-4602.371582,-1098.179077,1437.699585,-4614.534180,-1091.818726,1562.584106,-4628.143555,-1121.247559,1467.161987,-4564.754395,-1105.838867,1604.208984,-4602.054199,,,,,,,,,,,,,2616.281250,1567.734131,-3159.790283,,,,,,,,,,,,,,,,,,,,,,,,,,,,,,,,,
4918,49.180000,0.000000,0.000000,0.000000,1.000000,0.000000,0.000000,0.000000,57.698101,20.499701,-14.700500,0.047771,-0.013570,0.015998,-15.666301,-52.738201,18.801300,-93.396698,0.129960,17.611099,-0.182931,-0.475644,-0.680147,0.526972,-1104.270996,1517.913574,-4602.371582,-1098.179077,1437.699585,-4614.534180,-1091.818726,1562.584106,-4628.143555,-1121.247559,1467.161987,-4564.754395,-1105.838867,1604.208984,-4602.054199,,,,,,,,,,,,,2616.291748,1567.744629,-3159.778809,,,,,,,,,,,,,,,,,,,,,,,,,,,,,,,,,
4919,49.190000,0.000000,0.000000,0.000000,1.000000,0.000000,0.000000,0.000000,57.698101,20.499701,-14.700500,0.047771,-0.013570,0.015998,-15.666301,-52.738201,18.801300,-93.396698,0.129960,17.611099,-0.182931,-0.475644,-0.680147,0.526972,-1104.270996,1517.913574,-4602.371582,-1098.179077,1437.699585,-4614.534180,-1091.818726,1562.584106,-4628.143555,-1121.247559,1467.161987,-4564.754395,-1105.838867,1604.208984,-4602.054199,,,,,,,,,,,,,2616.292236,1567.730225,-3159.782227,,,,,,,,,,,,,,,,,,,,,,,,,,,,,,,,,
4920,49.200000,0.000000,0.000000,0.000000,1.000000,0.000000,0.000000,0.000000,57.698101,20.499701,-14.700500,0.047771,-0.013570,0.015998,-15.666301,-52.738201,18.801300,-93.396698,0.129960,17.611099,-0.182931,-0.475644,-0.680147,0.526972,-1104.270996,1517.913574,-4602.371582,-1098.179077,1437.699585,-4614.534180,-1091.818726,1562.584106,-4628.143555,-1121.247559,1467.161987,-4564.754395,-1105.838867,1604.208984,-4602.054199,,,,,,,,,,,,,2616.274170,1567.720581,-3159.785156,,,,,,,,,,,,,,,,,,,,,,,,,,,,,,,,,
4921,49.210000,0.000000,0.000000,0.000000,1.000000,0.000000,0.000000,0.000000,57.698101,20.499701,-14.700500,0.047771,-0.013570,0.015998,-15.666301,-52.738201,18.801300,-93.396698,0.129960,17.611099,-0.182931,-0.475644,-0.680147,0.526972,-1104.270996,1517.913574,-4602.371582,-1098.179077,1437.699585,-4614.534180,-1091.818726,1562.584106,-4628.143555,-1121.247559,1467.161987,-4564.754395,-1105.838867,1604.208984,-4602.054199,,,,,,,,,,,,,2616.297363,1567.759888,-3159.790039,,,,,,,,,,,,,,,,,,,,,,,,,,,,,,,,,
4922,49.220000,0.000000,0.000000,0.000000,1.000000,0.000000,0.000000,0.000000,57.698101,20.499701,-14.700500,0.047771,-0.013570,0.015998,-15.666301,-52.738201,18.801300,-93.396698,0.129960,17.611099,-0.182931,-0.475644,-0.680147,0.526972,-1104.270996,1517.913574,-4602.371582,-1098.179077,1437.699585,-4614.534180,-1091.818726,1562.584106,-4628.143555,-1121.247559,1467.161987,-4564.754395,-1105.838867,1604.208984,-4602.054199,,,,,,,,,,,,,2616.306152,1567.766724,-3159.796875,,,,,,,,,,,,,,,,,,,,,,,,,,,,,,,,,
4923,49.230000,0.000000,0.000000,0.000000,1.000000,0.000000,0.000000,0.000000,57.698101,20.499701,-14.700500,0.047771,-0.013570,0.015998,-15.666301,-52.738201,18.801300,-93.396698,0.129960,17.611099,-0.182931,-0.475644,-0.680147,0.526972,-1104.270996,1517.913574,-4602.371582,-1098.179077,1437.699585,-4614.534180,-1091.818726,1562.584106,-4628.143555,-1121.247559,1467.161987,-4564.754395,-1105.838867,1604.208984,-4602.054199,,,,,,,,,,,,,2616.271240,1567.744751,-3159.790527,,,,,,,,,,,,,,,,,,,,,,,,,,,,,,,,,
4924,49.240000,0.000000,0.000000,0.000000,1.000000,0.000000,0.000000,0.000000,57.698101,20.499701,-14.700500,0.047771,-0.013570,0.015998,-15.666301,-52.738201,18.801300,-93.396698,0.129960,17.611099,-0.182931,-0.475644,-0.680147,0.526972,-1104.270996,1517.913574,-4602.371582,-1098.179077,1437.699585,-4614.534180,-1091.818726,1562.584106,-4628.143555,-1121.247559,1467.161987,-4564.754395,-1105.838867,1604.208984,-4602.054199,,,,,,,,,,,,,2616.267822,1567.745117,-3159.784912,,,,,,,,,,,,,,,,,,,,,,,,,,,,,,,,,
4925,49.250000,0.000000,0.000000,0.000000,1.000000,0.000000,0.000000,0.000000,57.698101,20.499701,-14.700500,0.047771,-0.013570,0.015998,-15.666301,-52.738201,18.801300,-93.396698,0.129960,17.611099,-0.182931,-0.475644,-0.680147,0.526972,-1104.270996,1517.913574,-4602.371582,-1098.179077,1437.699585,-4614.534180,-1091.818726,1562.584106,-4628.143555,-1121.247559,1467.161987,-4564.754395,-1105.838867,1604.208984,-4602.054199,,,,,,,,,,,,,2616.286377,1567.753906,-3159.781494,,,,,,,,,,,,,,,,,,,,,,,,,,,,,,,,,
4926,49.260000,0.000000,0.000000,0.000000,1.000000,0.000000,0.000000,0.000000,57.698101,20.499701,-14.700500,0.047771,-0.013570,0.015998,-15.666301,-52.738201,18.801300,-93.396698,0.129960,17.611099,-0.182931,-0.475644,-0.680147,0.526972,-1104.270996,1517.913574,-4602.371582,-1098.179077,1437.699585,-4614.534180,-1091.818726,1562.584106,-4628.143555,-1121.247559,1467.161987,-4564.754395,-1105.838867,1604.208984,-4602.054199,,,,,,,,,,,,,2616.316895,1567.762939,-3159.770264,,,,,,,,,,,,,,,,,,,,,,,,,,,,,,,,,
4927,49.270000,0.000000,0.000000,0.000000,1.000000,0.000000,0.000000,0.000000,57.698101,20.499701,-14.700500,0.047771,-0.013570,0.015998,-15.666301,-52.738201,18.801300,-93.396698,0.129960,17.611099,-0.182931,-0.475644,-0.680147,0.526972,-1104.270996,1517.913574,-4602.371582,-1098.179077,1437.699585,-4614.534180,-1091.818726,1562.584106,-4628.143555,-1121.247559,1467.161987,-4564.754395,-1105.838867,1604.208984,-4602.054199,,,,,,,,,,,,,2616.279785,1567.743530,-3159.780273,,,,,,,,,,,,,,,,,,,,,,,,,,,,,,,,,
4928,49.280000,0.000000,0.000000,0.000000,1.000000,0.000000,0.000000,0.000000,57.698101,20.499701,-14.700500,0.047771,-0.013570,0.015998,-15.666301,-52.738201,18.801300,-93.396698,0.129960,17.611099,-0.182931,-0.475644,-0.680147,0.526972,-1104.270996,1517.913574,-4602.371582,-1098.179077,1437.699585,-4614.534180,-1091.818726,1562.584106,-4628.143555,-1121.247559,1467.161987,-4564.754395,-1105.838867,1604.208984,-4602.054199,,,,,,,,,,,,,2616.258301,1567.733154,-3159.792725,,,,,,,,,,,,,,,,,,,,,,,,,,,,,,,,,
4929,49.290000,0.000000,0.000000,0.000000,1.000000,0.000000,0.000000,0.000000,57.698101,20.499701,-14.700500,0.047771,-0.013570,0.015998,-15.666301,-52.738201,18.801300,-93.396698,0.129960,17.611099,-0.182931,-0.475644,-0.680147,0.526972,-1104.270996,1517.913574,-4602.371582,-1098.179077,1437.699585,-4614.534180,-1091.818726,1562.584106,-4628.143555,-1121.247559,1467.161987,-4564.754395,-1105.838867,1604.208984,-4602.054199,,,,,,,,,,,,,2616.255127,1567.776367,-3159.791504,,,,,,,,,,,,,,,,,,,,,,,,,,,,,,,,,
4930,49.300000,0.000000,0.000000,0.000000,1.000000,0.000000,0.000000,0.000000,57.698101,20.499701,-14.700500,0.047771,-0.013570,0.015998,-15.666301,-52.738201,18.801300,-93.396698,0.129960,17.611099,-0.182931,-0.475644,-0.680147,0.526972,-1104.270996,1517.913574,-4602.371582,-1098.179077,1437.699585,-4614.534180,-1091.818726,1562.584106,-4628.143555,-1121.247559,1467.161987,-4564.754395,-1105.838867,1604.208984,-4602.054199,,,,,,,,,,,,,2616.269043,1567.747681,-3159.792236,,,,,,,,,,,,,,,,,,,,,,,,,,,,,,,,,
4931,49.310000,0.000000,0.000000,0.000000,1.000000,0.000000,0.000000,0.000000,57.698101,20.499701,-14.700500,0.047771,-0.013570,0.015998,-15.666301,-52.738201,18.801300,-93.396698,0.129960,17.611099,-0.182931,-0.475644,-0.680147,0.526972,-1104.270996,1517.913574,-4602.371582,-1098.179077,1437.699585,-4614.534180,-1091.818726,1562.584106,-4628.143555,-1121.247559,1467.161987,-4564.754395,-1105.838867,1604.208984,-4602.054199,,,,,,,,,,,,,2616.292969,1567.740479,-3159.779297,,,,,,,,,,,,,,,,,,,,,,,,,,,,,,,,,
4932,49.320000,0.000000,0.000000,0.000000,1.000000,0.000000,0.000000,0.000000,57.698101,20.499701,-14.700500,0.047771,-0.013570,0.015998,-15.666301,-52.738201,18.801300,-93.396698,0.129960,17.611099,-0.182931,-0.475644,-0.680147,0.526972,-1104.270996,1517.913574,-4602.371582,-1098.179077,1437.699585,-4614.534180,-1091.818726,1562.584106,-4628.143555,-1121.247559,1467.161987,-4564.754395,-1105.838867,1604.208984,-4602.054199,,,,,,,,,,,,,2616.293945,1567.709229,-3159.772949,,,,,,,,,,,,,,,,,,,,,,,,,,,,,,,,,
4933,49.330000,0.000000,0.000000,0.000000,1.000000,0.000000,0.000000,0.000000,57.698101,20.499701,-14.700500,0.047771,-0.013570,0.015998,-15.666301,-52.738201,18.801300,-93.396698,0.129960,17.611099,-0.182931,-0.475644,-0.680147,0.526972,-1104.270996,1517.913574,-4602.371582,-1098.179077,1437.699585,-4614.534180,-1091.818726,1562.584106,-4628.143555,-1121.247559,1467.161987,-4564.754395,-1105.838867,1604.208984,-4602.054199,,,,,,,,,,,,,2616.315918,1567.737915,-3159.752686,,,,,,,,,,,,,,,,,,,,,,,,,,,,,,,,,
4934,49.340000,0.000000,0.000000,0.000000,1.000000,0.000000,0.000000,0.000000,57.698101,20.499701,-14.700500,0.047771,-0.013570,0.015998,-15.666301,-52.738201,18.801300,-93.396698,0.129960,17.611099,-0.182931,-0.475644,-0.680147,0.526972,-1104.270996,1517.913574,-4602.371582,-1098.179077,1437.699585,-4614.534180,-1091.818726,1562.584106,-4628.143555,-1121.247559,1467.161987,-4564.754395,-1105.838867,1604.208984,-4602.054199,,,,,,,,,,,,,2616.317139,1567.754395,-3159.759521,,,,,,,,,,,,,,,,,,,,,,,,,,,,,,,,,
4935,49.350000,0.000000,0.000000,0.000000,1.000000,0.000000,0.000000,0.000000,57.698101,20.499701,-14.700500,0.047771,-0.013570,0.015998,-15.666301,-52.738201,18.801300,-93.396698,0.129960,17.611099,-0.182931,-0.475644,-0.680147,0.526972,-1104.270996,1517.913574,-4602.371582,-1098.179077,1437.699585,-4614.534180,-1091.818726,1562.584106,-4628.143555,-1121.247559,1467.161987,-4564.754395,-1105.838867,1604.208984,-4602.054199,,,,,,,,,,,,,2616.304688,1567.751831,-3159.786377,,,,,,,,,,,,,,,,,,,,,,,,,,,,,,,,,
4936,49.360000,0.000000,0.000000,0.000000,1.000000,0.000000,0.000000,0.000000,57.698101,20.499701,-14.700500,0.047771,-0.013570,0.015998,-15.666301,-52.738201,18.801300,-93.396698,0.129960,17.611099,-0.182931,-0.475644,-0.680147,0.526972,-1104.270996,1517.913574,-4602.371582,-1098.179077,1437.699585,-4614.534180,-1091.818726,1562.584106,-4628.143555,-1121.247559,1467.161987,-4564.754395,-1105.838867,1604.208984,-4602.054199,,,,,,,,,,,,,2616.302246,1567.725952,-3159.781006,,,,,,,,,,,,,,,,,,,,,,,,,,,,,,,,,
4937,49.370000,0.000000,0.000000,0.000000,1.000000,0.000000,0.000000,0.000000,57.698101,20.499701,-14.700500,0.047771,-0.013570,0.015998,-15.666301,-52.738201,18.801300,-93.396698,0.129960,17.611099,-0.182931,-0.475644,-0.680147,0.526972,-1104.270996,1517.913574,-4602.371582,-1098.179077,1437.699585,-4614.534180,-1091.818726,1562.584106,-4628.143555,-1121.247559,1467.161987,-4564.754395,-1105.838867,1604.208984,-4602.054199,,,,,,,,,,,,,2616.307617,1567.717041,-3159.779053,,,,,,,,,,,,,,,,,,,,,,,,,,,,,,,,,
4938,49.380000,0.000000,0.000000,0.000000,1.000000,0.000000,0.000000,0.000000,57.698101,20.499701,-14.700500,0.047771,-0.013570,0.015998,-15.666301,-52.738201,18.801300,-93.396698,0.129960,17.611099,-0.182931,-0.475644,-0.680147,0.526972,-1104.270996,1517.913574,-4602.371582,-1098.179077,1437.699585,-4614.534180,-1091.818726,1562.584106,-4628.143555,-1121.247559,1467.161987,-4564.754395,-1105.838867,1604.208984,-4602.054199,,,,,,,,,,,,,2616.283447,1567.752197,-3159.781494,,,,,,,,,,,,,,,,,,,,,,,,,,,,,,,,,
4939,49.390000,0.000000,0.000000,0.000000,1.000000,0.000000,0.000000,0.000000,57.698101,20.499701,-14.700500,0.047771,-0.013570,0.015998,-15.666301,-52.738201,18.801300,-93.396698,0.129960,17.611099,-0.182931,-0.475644,-0.680147,0.526972,-1104.270996,1517.913574,-4602.371582,-1098.179077,1437.699585,-4614.534180,-1091.818726,1562.584106,-4628.143555,-1121.247559,1467.161987,-4564.754395,-1105.838867,1604.208984,-4602.054199,,,,,,,,,,,,,2616.271729,1567.743164,-3159.785645,,,,,,,,,,,,,,,,,,,,,,,,,,,,,,,,,
4940,49.400000,0.000000,0.000000,0.000000,1.000000,0.000000,0.000000,0.000000,57.698101,20.499701,-14.700500,0.047771,-0.013570,0.015998,-15.666301,-52.738201,18.801300,-93.396698,0.129960,17.611099,-0.182931,-0.475644,-0.680147,0.526972,-1104.270996,1517.913574,-4602.371582,-1098.179077,1437.699585,-4614.534180,-1091.818726,1562.584106,-4628.143555,-1121.247559,1467.161987,-4564.754395,-1105.838867,1604.208984,-4602.054199,,,,,,,,,,,,,2616.315186,1567.737305,-3159.774902,,,,,,,,,,,,,,,,,,,,,,,,,,,,,,,,,
4941,49.410000,0.000000,0.000000,0.000000,1.000000,0.000000,0.000000,0.000000,57.698101,20.499701,-14.700500,0.047771,-0.013570,0.015998,-15.666301,-52.738201,18.801300,-93.396698,0.129960,17.611099,-0.182931,-0.475644,-0.680147,0.526972,-1104.270996,1517.913574,-4602.371582,-1098.179077,1437.699585,-4614.534180,-1091.818726,1562.584106,-4628.143555,-1121.247559,1467.161987,-4564.754395,-1105.838867,1604.208984,-4602.054199,,,,,,,,,,,,,2616.305420,1567.721191,-3159.774658,,,,,,,,,,,,,,,,,,,,,,,,,,,,,,,,,
4942,49.420000,0.000000,0.000000,0.000000,1.000000,0.000000,0.000000,0.000000,57.698101,20.499701,-14.700500,0.047771,-0.013570,0.015998,-15.666301,-52.738201,18.801300,-93.396698,0.129960,17.611099,-0.182931,-0.475644,-0.680147,0.526972,-1104.270996,1517.913574,-4602.371582,-1098.179077,1437.699585,-4614.534180,-1091.818726,1562.584106,-4628.143555,-1121.247559,1467.161987,-4564.754395,-1105.838867,1604.208984,-4602.054199,,,,,,,,,,,,,2616.286133,1567.720947,-3159.783447,,,,,,,,,,,,,,,,,,,,,,,,,,,,,,,,,
4943,49.430000,0.000000,0.000000,0.000000,1.000000,0.000000,0.000000,0.000000,57.698101,20.499701,-14.700500,0.047771,-0.013570,0.015998,-15.666301,-52.738201,18.801300,-93.396698,0.129960,17.611099,-0.182931,-0.475644,-0.680147,0.526972,-1104.270996,1517.913574,-4602.371582,-1098.179077,1437.699585,-4614.534180,-1091.818726,1562.584106,-4628.143555,-1121.247559,1467.161987,-4564.754395,-1105.838867,1604.208984,-4602.054199,,,,,,,,,,,,,2616.288818,1567.760376,-3159.786133,,,,,,,,,,,,,,,,,,,,,,,,,,,,,,,,,
4944,49.440000,0.000000,0.000000,0.000000,1.000000,0.000000,0.000000,0.000000,57.698101,20.499701,-14.700500,0.047771,-0.013570,0.015998,-15.666301,-52.738201,18.801300,-93.396698,0.129960,17.611099,-0.182931,-0.475644,-0.680147,0.526972,-1104.270996,1517.913574,-4602.371582,-1098.179077,1437.699585,-4614.534180,-1091.818726,1562.584106,-4628.143555,-1121.247559,1467.161987,-4564.754395,-1105.838867,1604.208984,-4602.054199,,,,,,,,,,,,,2616.280518,1567.758423,-3159.792725,,,,,,,,,,,,,,,,,,,,,,,,,,,,,,,,,
4945,49.450000,0.000000,0.000000,0.000000,1.000000,0.000000,0.000000,0.000000,57.698101,20.499701,-14.700500,0.047771,-0.013570,0.015998,-15.666301,-52.738201,18.801300,-93.396698,0.129960,17.611099,-0.182931,-0.475644,-0.680147,0.526972,-1104.270996,1517.913574,-4602.371582,-1098.179077,1437.699585,-4614.534180,-1091.818726,1562.584106,-4628.143555,-1121.247559,1467.161987,-4564.754395,-1105.838867,1604.208984,-4602.054199,,,,,,,,,,,,,2616.311768,1567.757446,-3159.778320,,,,,,,,,,,,,,,,,,,,,,,,,,,,,,,,,
4946,49.460000,0.000000,0.000000,0.000000,1.000000,0.000000,0.000000,0.000000,57.698101,20.499701,-14.700500,0.047771,-0.013570,0.015998,-15.666301,-52.738201,18.801300,-93.396698,0.129960,17.611099,-0.182931,-0.475644,-0.680147,0.526972,-1104.270996,1517.913574,-4602.371582,-1098.179077,1437.699585,-4614.534180,-1091.818726,1562.584106,-4628.143555,-1121.247559,1467.161987,-4564.754395,-1105.838867,1604.208984,-4602.054199,,,,,,,,,,,,,2616.287598,1567.760254,-3159.779785,,,,,,,,,,,,,,,,,,,,,,,,,,,,,,,,,
4947,49.470000,0.000000,0.000000,0.000000,1.000000,0.000000,0.000000,0.000000,57.698101,20.499701,-14.700500,0.047771,-0.013570,0.015998,-15.666301,-52.738201,18.801300,-93.396698,0.129960,17.611099,-0.182931,-0.475644,-0.680147,0.526972,-1104.270996,1517.913574,-4602.371582,-1098.179077,1437.699585,-4614.534180,-1091.818726,1562.584106,-4628.143555,-1121.247559,1467.161987,-4564.754395,-1105.838867,1604.208984,-4602.054199,,,,,,,,,,,,,2616.286133,1567.749268,-3159.785400,,,,,,,,,,,,,,,,,,,,,,,,,,,,,,,,,
4948,49.480000,0.000000,0.000000,0.000000,1.000000,0.000000,0.000000,0.000000,57.698101,20.499701,-14.700500,0.047771,-0.013570,0.015998,-15.666301,-52.738201,18.801300,-93.396698,0.129960,17.611099,-0.182931,-0.475644,-0.680147,0.526972,-1104.270996,1517.913574,-4602.371582,-1098.179077,1437.699585,-4614.534180,-1091.818726,1562.584106,-4628.143555,-1121.247559,1467.161987,-4564.754395,-1105.838867,1604.208984,-4602.054199,,,,,,,,,,,,,2616.303955,1567.791504,-3159.793213,,,,,,,,,,,,,,,,,,,,,,,,,,,,,,,,,
4949,49.490000,0.000000,0.000000,0.000000,1.000000,0.000000,0.000000,0.000000,57.698101,20.499701,-14.700500,0.047771,-0.013570,0.015998,-15.666301,-52.738201,18.801300,-93.396698,0.129960,17.611099,-0.182931,-0.475644,-0.680147,0.526972,-1104.270996,1517.913574,-4602.371582,-1098.179077,1437.699585,-4614.534180,-1091.818726,1562.584106,-4628.143555,-1121.247559,1467.161987,-4564.754395,-1105.838867,1604.208984,-4602.054199,,,,,,,,,,,,,2616.260742,1567.737427,-3159.793213,,,,,,,,,,,,,,,,,,,,,,,,,,,,,,,,,
4950,49.500000,0.000000,0.000000,0.000000,1.000000,0.000000,0.000000,0.000000,57.698101,20.499701,-14.700500,0.047771,-0.013570,0.015998,-15.666301,-52.738201,18.801300,-93.396698,0.129960,17.611099,-0.182931,-0.475644,-0.680147,0.526972,-1104.270996,1517.913574,-4602.371582,-1098.179077,1437.699585,-4614.534180,-1091.818726,1562.584106,-4628.143555,-1121.247559,1467.161987,-4564.754395,-1105.838867,1604.208984,-4602.054199,,,,,,,,,,,,,2616.282715,1567.718262,-3159.776367,,,,,,,,,,,,,,,,,,,,,,,,,,,,,,,,,
4951,49.510000,0.000000,0.000000,0.000000,1.000000,0.000000,0.000000,0.000000,57.698101,20.499701,-14.700500,0.047771,-0.013570,0.015998,-15.666301,-52.738201,18.801300,-93.396698,0.129960,17.611099,-0.182931,-0.475644,-0.680147,0.526972,-1104.270996,1517.913574,-4602.371582,-1098.179077,1437.699585,-4614.534180,-1091.818726,1562.584106,-4628.143555,-1121.247559,1467.161987,-4564.754395,-1105.838867,1604.208984,-4602.054199,,,,,,,,,,,,,2616.331787,1567.753174,-3159.769043,,,,,,,,,,,,,,,,,,,,,,,,,,,,,,,,,
4952,49.520000,0.000000,0.000000,0.000000,1.000000,0.000000,0.000000,0.000000,57.698101,20.499701,-14.700500,0.047771,-0.013570,0.015998,-15.666301,-52.738201,18.801300,-93.396698,0.129960,17.611099,-0.182931,-0.475644,-0.680147,0.526972,-1104.270996,1517.913574,-4602.371582,-1098.179077,1437.699585,-4614.534180,-1091.818726,1562.584106,-4628.143555,-1121.247559,1467.161987,-4564.754395,-1105.838867,1604.208984,-4602.054199,,,,,,,,,,,,,2616.261719,1567.710815,-3159.775146,,,,,,,,,,,,,,,,,,,,,,,,,,,,,,,,,
4953,49.530000,0.000000,0.000000,0.000000,1.000000,0.000000,0.000000,0.000000,57.698101,20.499701,-14.700500,0.047771,-0.013570,0.015998,-15.666301,-52.738201,18.801300,-93.396698,0.129960,17.611099,-0.182931,-0.475644,-0.680147,0.526972,-1104.270996,1517.913574,-4602.371582,-1098.179077,1437.699585,-4614.534180,-1091.818726,1562.584106,-4628.143555,-1121.247559,1467.161987,-4564.754395,-1105.838867,1604.208984,-4602.054199,,,,,,,,,,,,,2616.272705,1567.764771,-3159.796143,,,,,,,,,,,,,,,,,,,,,,,,,,,,,,,,,
4954,49.540000,0.000000,0.000000,0.000000,1.000000,0.000000,0.000000,0.000000,57.698101,20.499701,-14.700500,0.047771,-0.013570,0.015998,-15.666301,-52.738201,18.801300,-93.396698,0.129960,17.611099,-0.182931,-0.475644,-0.680147,0.526972,-1104.270996,1517.913574,-4602.371582,-1098.179077,1437.699585,-4614.534180,-1091.818726,1562.584106,-4628.143555,-1121.247559,1467.161987,-4564.754395,-1105.838867,1604.208984,-4602.054199,,,,,,,,,,,,,2616.294922,1567.758423,-3159.791748,,,,,,,,,,,,,,,,,,,,,,,,,,,,,,,,,
4955,49.550000,0.000000,0.000000,0.000000,1.000000,0.000000,0.000000,0.000000,57.698101,20.499701,-14.700500,0.047771,-0.013570,0.015998,-15.666301,-52.738201,18.801300,-93.396698,0.129960,17.611099,-0.182931,-0.475644,-0.680147,0.526972,-1104.270996,1517.913574,-4602.371582,-1098.179077,1437.699585,-4614.534180,-1091.818726,1562.584106,-4628.143555,-1121.247559,1467.161987,-4564.754395,-1105.838867,1604.208984,-4602.054199,,,,,,,,,,,,,2616.270996,1567.763916,-3159.774902,,,,,,,,,,,,,,,,,,,,,,,,,,,,,,,,,
4956,49.560000,0.000000,0.000000,0.000000,1.000000,0.000000,0.000000,0.000000,57.698101,20.499701,-14.700500,0.047771,-0.013570,0.015998,-15.666301,-52.738201,18.801300,-93.396698,0.129960,17.611099,-0.182931,-0.475644,-0.680147,0.526972,-1104.270996,1517.913574,-4602.371582,-1098.179077,1437.699585,-4614.534180,-1091.818726,1562.584106,-4628.143555,-1121.247559,1467.161987,-4564.754395,-1105.838867,1604.208984,-4602.054199,,,,,,,,,,,,,2616.274658,1567.754150,-3159.790771,,,,,,,,,,,,,,,,,,,,,,,,,,,,,,,,,
4957,49.570000,0.000000,0.000000,0.000000,1.000000,0.000000,0.000000,0.000000,57.698101,20.499701,-14.700500,0.047771,-0.013570,0.015998,-15.666301,-52.738201,18.801300,-93.396698,0.129960,17.611099,-0.182931,-0.475644,-0.680147,0.526972,-1104.270996,1517.913574,-4602.371582,-1098.179077,1437.699585,-4614.534180,-1091.818726,1562.584106,-4628.143555,-1121.247559,1467.161987,-4564.754395,-1105.838867,1604.208984,-4602.054199,,,,,,,,,,,,,2616.260742,1567.732422,-3159.791992,,,,,,,,,,,,,,,,,,,,,,,,,,,,,,,,,
4958,49.580000,0.000000,0.000000,0.000000,1.000000,0.000000,0.000000,0.000000,57.698101,20.499701,-14.700500,0.047771,-0.013570,0.015998,-15.666301,-52.738201,18.801300,-93.396698,0.129960,17.611099,-0.182931,-0.475644,-0.680147,0.526972,-1104.270996,1517.913574,-4602.371582,-1098.179077,1437.699585,-4614.534180,-1091.818726,1562.584106,-4628.143555,-1121.247559,1467.161987,-4564.754395,-1105.838867,1604.208984,-4602.054199,,,,,,,,,,,,,2616.315918,1567.749878,-3159.772949,,,,,,,,,,,,,,,,,,,,,,,,,,,,,,,,,
4959,49.590000,0.000000,0.000000,0.000000,1.000000,0.000000,0.000000,0.000000,57.698101,20.499701,-14.700500,0.047771,-0.013570,0.015998,-15.666301,-52.738201,18.801300,-93.396698,0.129960,17.611099,-0.182931,-0.475644,-0.680147,0.526972,-1104.270996,1517.913574,-4602.371582,-1098.179077,1437.699585,-4614.534180,-1091.818726,1562.584106,-4628.143555,-1121.247559,1467.161987,-4564.754395,-1105.838867,1604.208984,-4602.054199,,,,,,,,,,,,,2616.320801,1567.737915,-3159.759277,,,,,,,,,,,,,,,,,,,,,,,,,,,,,,,,,
4960,49.600000,0.000000,0.000000,0.000000,1.000000,0.000000,0.000000,0.000000,57.698101,20.499701,-14.700500,0.047771,-0.013570,0.015998,-15.666301,-52.738201,18.801300,-93.396698,0.129960,17.611099,-0.182931,-0.475644,-0.680147,0.526972,-1104.270996,1517.913574,-4602.371582,-1098.179077,1437.699585,-4614.534180,-1091.818726,1562.584106,-4628.143555,-1121.247559,1467.161987,-4564.754395,-1105.838867,1604.208984,-4602.054199,,,,,,,,,,,,,2616.279785,1567.754639,-3159.781250,,,,,,,,,,,,,,,,,,,,,,,,,,,,,,,,,
4961,49.610000,0.000000,0.000000,0.000000,1.000000,0.000000,0.000000,0.000000,57.698101,20.499701,-14.700500,0.047771,-0.013570,0.015998,-15.666301,-52.738201,18.801300,-93.396698,0.129960,17.611099,-0.182931,-0.475644,-0.680147,0.526972,-1104.270996,1517.913574,-4602.371582,-1098.179077,1437.699585,-4614.534180,-1091.818726,1562.584106,-4628.143555,-1121.247559,1467.161987,-4564.754395,-1105.838867,1604.208984,-4602.054199,,,,,,,,,,,,,2616.303955,1567.756592,-3159.786621,,,,,,,,,,,,,,,,,,,,,,,,,,,,,,,,,
4962,49.620000,0.000000,0.000000,0.000000,1.000000,0.000000,0.000000,0.000000,57.698101,20.499701,-14.700500,0.047771,-0.013570,0.015998,-15.666301,-52.738201,18.801300,-93.396698,0.129960,17.611099,-0.182931,-0.475644,-0.680147,0.526972,-1104.270996,1517.913574,-4602.371582,-1098.179077,1437.699585,-4614.534180,-1091.818726,1562.584106,-4628.143555,-1121.247559,1467.161987,-4564.754395,-1105.838867,1604.208984,-4602.054199,,,,,,,,,,,,,2616.299561,1567.770142,-3159.783691,,,,,,,,,,,,,,,,,,,,,,,,,,,,,,,,,
4963,49.630000,0.000000,0.000000,0.000000,1.000000,0.000000,0.000000,0.000000,57.698101,20.499701,-14.700500,0.047771,-0.013570,0.015998,-15.666301,-52.738201,18.801300,-93.396698,0.129960,17.611099,-0.182931,-0.475644,-0.680147,0.526972,-1104.270996,1517.913574,-4602.371582,-1098.179077,1437.699585,-4614.534180,-1091.818726,1562.584106,-4628.143555,-1121.247559,1467.161987,-4564.754395,-1105.838867,1604.208984,-4602.054199,,,,,,,,,,,,,2616.288818,1567.723877,-3159.788330,,,,,,,,,,,,,,,,,,,,,,,,,,,,,,,,,
4964,49.640000,0.000000,0.000000,0.000000,1.000000,0.000000,0.000000,0.000000,57.698101,20.499701,-14.700500,0.047771,-0.013570,0.015998,-15.666301,-52.738201,18.801300,-93.396698,0.129960,17.611099,-0.182931,-0.475644,-0.680147,0.526972,-1104.270996,1517.913574,-4602.371582,-1098.179077,1437.699585,-4614.534180,-1091.818726,1562.584106,-4628.143555,-1121.247559,1467.161987,-4564.754395,-1105.838867,1604.208984,-4602.054199,,,,,,,,,,,,,2616.291504,1567.725098,-3159.783447,,,,,,,,,,,,,,,,,,,,,,,,,,,,,,,,,
4965,49.650000,0.000000,0.000000,0.000000,1.000000,0.000000,0.000000,0.000000,57.698101,20.499701,-14.700500,0.047771,-0.013570,0.015998,-15.666301,-52.738201,18.801300,-93.396698,0.129960,17.611099,-0.182931,-0.475644,-0.680147,0.526972,-1104.270996,1517.913574,-4602.371582,-1098.179077,1437.699585,-4614.534180,-1091.818726,1562.584106,-4628.143555,-1121.247559,1467.161987,-4564.754395,-1105.838867,1604.208984,-4602.054199,,,,,,,,,,,,,2616.304443,1567.757324,-3159.782471,,,,,,,,,,,,,,,,,,,,,,,,,,,,,,,,,
4966,49.660000,0.000000,0.000000,0.000000,1.000000,0.000000,0.000000,0.000000,57.698101,20.499701,-14.700500,0.047771,-0.013570,0.015998,-15.666301,-52.738201,18.801300,-93.396698,0.129960,17.611099,-0.182931,-0.475644,-0.680147,0.526972,-1104.270996,1517.913574,-4602.371582,-1098.179077,1437.699585,-4614.534180,-1091.818726,1562.584106,-4628.143555,-1121.247559,1467.161987,-4564.754395,-1105.838867,1604.208984,-4602.054199,,,,,,,,,,,,,2616.261230,1567.750244,-3159.795898,,,,,,,,,,,,,,,,,,,,,,,,,,,,,,,,,
4967,49.670000,0.000000,0.000000,0.000000,1.000000,0.000000,0.000000,0.000000,57.698101,20.499701,-14.700500,0.047771,-0.013570,0.015998,-15.666301,-52.738201,18.801300,-93.396698,0.129960,17.611099,-0.182931,-0.475644,-0.680147,0.526972,-1104.270996,1517.913574,-4602.371582,-1098.179077,1437.699585,-4614.534180,-1091.818726,1562.584106,-4628.143555,-1121.247559,1467.161987,-4564.754395,-1105.838867,1604.208984,-4602.054199,,,,,,,,,,,,,2616.268066,1567.745361,-3159.788574,,,,,,,,,,,,,,,,,,,,,,,,,,,,,,,,,
4968,49.680000,0.000000,0.000000,0.000000,1.000000,0.000000,0.000000,0.000000,57.698101,20.499701,-14.700500,0.047771,-0.013570,0.015998,-15.666301,-52.738201,18.801300,-93.396698,0.129960,17.611099,-0.182931,-0.475644,-0.680147,0.526972,-1104.270996,1517.913574,-4602.371582,-1098.179077,1437.699585,-4614.534180,-1091.818726,1562.584106,-4628.143555,-1121.247559,1467.161987,-4564.754395,-1105.838867,1604.208984,-4602.054199,,,,,,,,,,,,,2616.288330,1567.711060,-3159.777100,,,,,,,,,,,,,,,,,,,,,,,,,,,,,,,,,
4969,49.690000,0.000000,0.000000,0.000000,1.000000,0.000000,0.000000,0.000000,57.698101,20.499701,-14.700500,0.047771,-0.013570,0.015998,-15.666301,-52.738201,18.801300,-93.396698,0.129960,17.611099,-0.182931,-0.475644,-0.680147,0.526972,-1104.270996,1517.913574,-4602.371582,-1098.179077,1437.699585,-4614.534180,-1091.818726,1562.584106,-4628.143555,-1121.247559,1467.161987,-4564.754395,-1105.838867,1604.208984,-4602.054199,,,,,,,,,,,,,2616.319092,1567.740601,-3159.770020,,,,,,,,,,,,,,,,,,,,,,,,,,,,,,,,,
4970,49.700000,0.000000,0.000000,0.000000,1.000000,0.000000,0.000000,0.000000,57.698101,20.499701,-14.700500,0.047771,-0.013570,0.015998,-15.666301,-52.738201,18.801300,-93.396698,0.129960,17.611099,-0.182931,-0.475644,-0.680147,0.526972,-1104.270996,1517.913574,-4602.371582,-1098.179077,1437.699585,-4614.534180,-1091.818726,1562.584106,-4628.143555,-1121.247559,1467.161987,-4564.754395,-1105.838867,1604.208984,-4602.054199,,,,,,,,,,,,,2616.291992,1567.751709,-3159.791260,,,,,,,,,,,,,,,,,,,,,,,,,,,,,,,,,
4971,49.710000,0.000000,0.000000,0.000000,1.000000,0.000000,0.000000,0.000000,57.698101,20.499701,-14.700500,0.047771,-0.013570,0.015998,-15.666301,-52.738201,18.801300,-93.396698,0.129960,17.611099,-0.182931,-0.475644,-0.680147,0.526972,-1104.270996,1517.913574,-4602.371582,-1098.179077,1437.699585,-4614.534180,-1091.818726,1562.584106,-4628.143555,-1121.247559,1467.161987,-4564.754395,-1105.838867,1604.208984,-4602.054199,,,,,,,,,,,,,2616.265869,1567.783203,-3159.795410,,,,,,,,,,,,,,,,,,,,,,,,,,,,,,,,,
4972,49.720000,0.000000,0.000000,0.000000,1.000000,0.000000,0.000000,0.000000,57.698101,20.499701,-14.700500,0.047771,-0.013570,0.015998,-15.666301,-52.738201,18.801300,-93.396698,0.129960,17.611099,-0.182931,-0.475644,-0.680147,0.526972,-1104.270996,1517.913574,-4602.371582,-1098.179077,1437.699585,-4614.534180,-1091.818726,1562.584106,-4628.143555,-1121.247559,1467.161987,-4564.754395,-1105.838867,1604.208984,-4602.054199,,,,,,,,,,,,,2616.274170,1567.784180,-3159.801514,,,,,,,,,,,,,,,,,,,,,,,,,,,,,,,,,
4973,49.730000,0.000000,0.000000,0.000000,1.000000,0.000000,0.000000,0.000000,57.698101,20.499701,-14.700500,0.047771,-0.013570,0.015998,-15.666301,-52.738201,18.801300,-93.396698,0.129960,17.611099,-0.182931,-0.475644,-0.680147,0.526972,-1104.270996,1517.913574,-4602.371582,-1098.179077,1437.699585,-4614.534180,-1091.818726,1562.584106,-4628.143555,-1121.247559,1467.161987,-4564.754395,-1105.838867,1604.208984,-4602.054199,,,,,,,,,,,,,2616.267334,1567.737305,-3159.790527,,,,,,,,,,,,,,,,,,,,,,,,,,,,,,,,,
4974,49.740000,0.000000,0.000000,0.000000,1.000000,0.000000,0.000000,0.000000,57.698101,20.499701,-14.700500,0.047771,-0.013570,0.015998,-15.666301,-52.738201,18.801300,-93.396698,0.129960,17.611099,-0.182931,-0.475644,-0.680147,0.526972,-1104.270996,1517.913574,-4602.371582,-1098.179077,1437.699585,-4614.534180,-1091.818726,1562.584106,-4628.143555,-1121.247559,1467.161987,-4564.754395,-1105.838867,1604.208984,-4602.054199,,,,,,,,,,,,,2616.335205,1567.744385,-3159.775635,,,,,,,,,,,,,,,,,,,,,,,,,,,,,,,,,
4975,49.750000,0.000000,0.000000,0.000000,1.000000,0.000000,0.000000,0.000000,57.698101,20.499701,-14.700500,0.047771,-0.013570,0.015998,-15.666301,-52.738201,18.801300,-93.396698,0.129960,17.611099,-0.182931,-0.475644,-0.680147,0.526972,-1104.270996,1517.913574,-4602.371582,-1098.179077,1437.699585,-4614.534180,-1091.818726,1562.584106,-4628.143555,-1121.247559,1467.161987,-4564.754395,-1105.838867,1604.208984,-4602.054199,,,,,,,,,,,,,2616.261230,1567.752441,-3159.782227,,,,,,,,,,,,,,,,,,,,,,,,,,,,,,,,,
4976,49.760000,0.000000,0.000000,0.000000,1.000000,0.000000,0.000000,0.000000,57.698101,20.499701,-14.700500,0.047771,-0.013570,0.015998,-15.666301,-52.738201,18.801300,-93.396698,0.129960,17.611099,-0.182931,-0.475644,-0.680147,0.526972,-1104.270996,1517.913574,-4602.371582,-1098.179077,1437.699585,-4614.534180,-1091.818726,1562.584106,-4628.143555,-1121.247559,1467.161987,-4564.754395,-1105.838867,1604.208984,-4602.054199,,,,,,,,,,,,,2616.262451,1567.743896,-3159.788574,,,,,,,,,,,,,,,,,,,,,,,,,,,,,,,,,
4977,49.770000,0.000000,0.000000,0.000000,1.000000,0.000000,0.000000,0.000000,57.698101,20.499701,-14.700500,0.047771,-0.013570,0.015998,-15.666301,-52.738201,18.801300,-93.396698,0.129960,17.611099,-0.182931,-0.475644,-0.680147,0.526972,-1104.270996,1517.913574,-4602.371582,-1098.179077,1437.699585,-4614.534180,-1091.818726,1562.584106,-4628.143555,-1121.247559,1467.161987,-4564.754395,-1105.838867,1604.208984,-4602.054199,,,,,,,,,,,,,2616.287842,1567.742310,-3159.780029,,,,,,,,,,,,,,,,,,,,,,,,,,,,,,,,,
4978,49.780000,0.000000,0.000000,0.000000,1.000000,0.000000,0.000000,0.000000,57.698101,20.499701,-14.700500,0.047771,-0.013570,0.015998,-15.666301,-52.738201,18.801300,-93.396698,0.129960,17.611099,-0.182931,-0.475644,-0.680147,0.526972,-1104.270996,1517.913574,-4602.371582,-1098.179077,1437.699585,-4614.534180,-1091.818726,1562.584106,-4628.143555,-1121.247559,1467.161987,-4564.754395,-1105.838867,1604.208984,-4602.054199,,,,,,,,,,,,,2616.289551,1567.735962,-3159.774902,,,,,,,,,,,,,,,,,,,,,,,,,,,,,,,,,
4979,49.790000,0.000000,0.000000,0.000000,1.000000,0.000000,0.000000,0.000000,57.698101,20.499701,-14.700500,0.047771,-0.013570,0.015998,-15.666301,-52.738201,18.801300,-93.396698,0.129960,17.611099,-0.182931,-0.475644,-0.680147,0.526972,-1104.270996,1517.913574,-4602.371582,-1098.179077,1437.699585,-4614.534180,-1091.818726,1562.584106,-4628.143555,-1121.247559,1467.161987,-4564.754395,-1105.838867,1604.208984,-4602.054199,,,,,,,,,,,,,2616.282227,1567.758301,-3159.784912,,,,,,,,,,,,,,,,,,,,,,,,,,,,,,,,,
4980,49.800000,0.000000,0.000000,0.000000,1.000000,0.000000,0.000000,0.000000,57.698101,20.499701,-14.700500,0.047771,-0.013570,0.015998,-15.666301,-52.738201,18.801300,-93.396698,0.129960,17.611099,-0.182931,-0.475644,-0.680147,0.526972,-1104.270996,1517.913574,-4602.371582,-1098.179077,1437.699585,-4614.534180,-1091.818726,1562.584106,-4628.143555,-1121.247559,1467.161987,-4564.754395,-1105.838867,1604.208984,-4602.054199,,,,,,,,,,,,,2616.268066,1567.729126,-3159.781738,,,,,,,,,,,,,,,,,,,,,,,,,,,,,,,,,
4981,49.810000,0.000000,0.000000,0.000000,1.000000,0.000000,0.000000,0.000000,57.698101,20.499701,-14.700500,0.047771,-0.013570,0.015998,-15.666301,-52.738201,18.801300,-93.396698,0.129960,17.611099,-0.182931,-0.475644,-0.680147,0.526972,-1104.270996,1517.913574,-4602.371582,-1098.179077,1437.699585,-4614.534180,-1091.818726,1562.584106,-4628.143555,-1121.247559,1467.161987,-4564.754395,-1105.838867,1604.208984,-4602.054199,,,,,,,,,,,,,2616.284424,1567.732544,-3159.779541,,,,,,,,,,,,,,,,,,,,,,,,,,,,,,,,,
4982,49.820000,0.000000,0.000000,0.000000,1.000000,0.000000,0.000000,0.000000,57.698101,20.499701,-14.700500,0.047771,-0.013570,0.015998,-15.666301,-52.738201,18.801300,-93.396698,0.129960,17.611099,-0.182931,-0.475644,-0.680147,0.526972,-1104.270996,1517.913574,-4602.371582,-1098.179077,1437.699585,-4614.534180,-1091.818726,1562.584106,-4628.143555,-1121.247559,1467.161987,-4564.754395,-1105.838867,1604.208984,-4602.054199,,,,,,,,,,,,,2616.276367,1567.741455,-3159.774414,,,,,,,,,,,,,,,,,,,,,,,,,,,,,,,,,
4983,49.830000,0.000000,0.000000,0.000000,1.000000,0.000000,0.000000,0.000000,57.698101,20.499701,-14.700500,0.047771,-0.013570,0.015998,-15.666301,-52.738201,18.801300,-93.396698,0.129960,17.611099,-0.182931,-0.475644,-0.680147,0.526972,-1104.270996,1517.913574,-4602.371582,-1098.179077,1437.699585,-4614.534180,-1091.818726,1562.584106,-4628.143555,-1121.247559,1467.161987,-4564.754395,-1105.838867,1604.208984,-4602.054199,,,,,,,,,,,,,2616.273193,1567.768921,-3159.783691,,,,,,,,,,,,,,,,,,,,,,,,,,,,,,,,,
4984,49.840000,0.000000,0.000000,0.000000,1.000000,0.000000,0.000000,0.000000,57.698101,20.499701,-14.700500,0.047771,-0.013570,0.015998,-15.666301,-52.738201,18.801300,-93.396698,0.129960,17.611099,-0.182931,-0.475644,-0.680147,0.526972,-1104.270996,1517.913574,-4602.371582,-1098.179077,1437.699585,-4614.534180,-1091.818726,1562.584106,-4628.143555,-1121.247559,1467.161987,-4564.754395,-1105.838867,1604.208984,-4602.054199,,,,,,,,,,,,,2616.283936,1567.749512,-3159.788086,,,,,,,,,,,,,,,,,,,,,,,,,,,,,,,,,
4985,49.850000,0.000000,0.000000,0.000000,1.000000,0.000000,0.000000,0.000000,57.698101,20.499701,-14.700500,0.047771,-0.013570,0.015998,-15.666301,-52.738201,18.801300,-93.396698,0.129960,17.611099,-0.182931,-0.475644,-0.680147,0.526972,-1104.270996,1517.913574,-4602.371582,-1098.179077,1437.699585,-4614.534180,-1091.818726,1562.584106,-4628.143555,-1121.247559,1467.161987,-4564.754395,-1105.838867,1604.208984,-4602.054199,,,,,,,,,,,,,2616.322021,1567.750244,-3159.773438,,,,,,,,,,,,,,,,,,,,,,,,,,,,,,,,,
4986,49.860000,0.000000,0.000000,0.000000,1.000000,0.000000,0.000000,0.000000,57.698101,20.499701,-14.700500,0.047771,-0.013570,0.015998,-15.666301,-52.738201,18.801300,-93.396698,0.129960,17.611099,-0.182931,-0.475644,-0.680147,0.526972,-1104.270996,1517.913574,-4602.371582,-1098.179077,1437.699585,-4614.534180,-1091.818726,1562.584106,-4628.143555,-1121.247559,1467.161987,-4564.754395,-1105.838867,1604.208984,-4602.054199,,,,,,,,,,,,,2616.314697,1567.750732,-3159.767822,,,,,,,,,,,,,,,,,,,,,,,,,,,,,,,,,
4987,49.870000,0.000000,0.000000,0.000000,1.000000,0.000000,0.000000,0.000000,57.698101,20.499701,-14.700500,0.047771,-0.013570,0.015998,-15.666301,-52.738201,18.801300,-93.396698,0.129960,17.611099,-0.182931,-0.475644,-0.680147,0.526972,-1104.270996,1517.913574,-4602.371582,-1098.179077,1437.699585,-4614.534180,-1091.818726,1562.584106,-4628.143555,-1121.247559,1467.161987,-4564.754395,-1105.838867,1604.208984,-4602.054199,,,,,,,,,,,,,2616.296631,1567.735596,-3159.764648,,,,,,,,,,,,,,,,,,,,,,,,,,,,,,,,,
4988,49.880000,0.000000,0.000000,0.000000,1.000000,0.000000,0.000000,0.000000,57.698101,20.499701,-14.700500,0.047771,-0.013570,0.015998,-15.666301,-52.738201,18.801300,-93.396698,0.129960,17.611099,-0.182931,-0.475644,-0.680147,0.526972,-1104.270996,1517.913574,-4602.371582,-1098.179077,1437.699585,-4614.534180,-1091.818726,1562.584106,-4628.143555,-1121.247559,1467.161987,-4564.754395,-1105.838867,1604.208984,-4602.054199,,,,,,,,,,,,,2616.315674,1567.745117,-3159.771484,,,,,,,,,,,,,,,,,,,,,,,,,,,,,,,,,
4989,49.890000,0.000000,0.000000,0.000000,1.000000,0.000000,0.000000,0.000000,57.698101,20.499701,-14.700500,0.047771,-0.013570,0.015998,-15.666301,-52.738201,18.801300,-93.396698,0.129960,17.611099,-0.182931,-0.475644,-0.680147,0.526972,-1104.270996,1517.913574,-4602.371582,-1098.179077,1437.699585,-4614.534180,-1091.818726,1562.584106,-4628.143555,-1121.247559,1467.161987,-4564.754395,-1105.838867,1604.208984,-4602.054199,,,,,,,,,,,,,2616.278564,1567.746338,-3159.779053,,,,,,,,,,,,,,,,,,,,,,,,,,,,,,,,,
4990,49.900000,0.000000,0.000000,0.000000,1.000000,0.000000,0.000000,0.000000,57.698101,20.499701,-14.700500,0.047771,-0.013570,0.015998,-15.666301,-52.738201,18.801300,-93.396698,0.129960,17.611099,-0.182931,-0.475644,-0.680147,0.526972,-1104.270996,1517.913574,-4602.371582,-1098.179077,1437.699585,-4614.534180,-1091.818726,1562.584106,-4628.143555,-1121.247559,1467.161987,-4564.754395,-1105.838867,1604.208984,-4602.054199,,,,,,,,,,,,,2616.248047,1567.754272,-3159.784912,,,,,,,,,,,,,,,,,,,,,,,,,,,,,,,,,
4991,49.910000,0.000000,0.000000,0.000000,1.000000,0.000000,0.000000,0.000000,57.698101,20.499701,-14.700500,0.047771,-0.013570,0.015998,-15.666301,-52.738201,18.801300,-93.396698,0.129960,17.611099,-0.182931,-0.475644,-0.680147,0.526972,-1104.270996,1517.913574,-4602.371582,-1098.179077,1437.699585,-4614.534180,-1091.818726,1562.584106,-4628.143555,-1121.247559,1467.161987,-4564.754395,-1105.838867,1604.208984,-4602.054199,,,,,,,,,,,,,2616.280029,1567.751465,-3159.797363,,,,,,,,,,,,,,,,,,,,,,,,,,,,,,,,,
4992,49.920000,0.000000,0.000000,0.000000,1.000000,0.000000,0.000000,0.000000,57.698101,20.499701,-14.700500,0.047771,-0.013570,0.015998,-15.666301,-52.738201,18.801300,-93.396698,0.129960,17.611099,-0.182931,-0.475644,-0.680147,0.526972,-1104.270996,1517.913574,-4602.371582,-1098.179077,1437.699585,-4614.534180,-1091.818726,1562.584106,-4628.143555,-1121.247559,1467.161987,-4564.754395,-1105.838867,1604.208984,-4602.054199,,,,,,,,,,,,,2616.268555,1567.750366,-3159.789062,,,,,,,,,,,,,,,,,,,,,,,,,,,,,,,,,
4993,49.930000,0.000000,0.000000,0.000000,1.000000,0.000000,0.000000,0.000000,57.698101,20.499701,-14.700500,0.047771,-0.013570,0.015998,-15.666301,-52.738201,18.801300,-93.396698,0.129960,17.611099,-0.182931,-0.475644,-0.680147,0.526972,-1104.270996,1517.913574,-4602.371582,-1098.179077,1437.699585,-4614.534180,-1091.818726,1562.584106,-4628.143555,-1121.247559,1467.161987,-4564.754395,-1105.838867,1604.208984,-4602.054199,,,,,,,,,,,,,2616.282715,1567.741455,-3159.793457,,,,,,,,,,,,,,,,,,,,,,,,,,,,,,,,,
4994,49.940000,0.000000,0.000000,0.000000,1.000000,0.000000,0.000000,0.000000,57.698101,20.499701,-14.700500,0.047771,-0.013570,0.015998,-15.666301,-52.738201,18.801300,-93.396698,0.129960,17.611099,-0.182931,-0.475644,-0.680147,0.526972,-1104.270996,1517.913574,-4602.371582,-1098.179077,1437.699585,-4614.534180,-1091.818726,1562.584106,-4628.143555,-1121.247559,1467.161987,-4564.754395,-1105.838867,1604.208984,-4602.054199,,,,,,,,,,,,,2616.286133,1567.770142,-3159.801025,,,,,,,,,,,,,,,,,,,,,,,,,,,,,,,,,
4995,49.950000,0.000000,0.000000,0.000000,1.000000,0.000000,0.000000,0.000000,57.698101,20.499701,-14.700500,0.047771,-0.013570,0.015998,-15.666301,-52.738201,18.801300,-93.396698,0.129960,17.611099,-0.182931,-0.475644,-0.680147,0.526972,-1104.270996,1517.913574,-4602.371582,-1098.179077,1437.699585,-4614.534180,-1091.818726,1562.584106,-4628.143555,-1121.247559,1467.161987,-4564.754395,-1105.838867,1604.208984,-4602.054199,,,,,,,,,,,,,2616.269775,1567.726074,-3159.790283,,,,,,,,,,,,,,,,,,,,,,,,,,,,,,,,,
4996,49.960000,0.000000,0.000000,0.000000,1.000000,0.000000,0.000000,0.000000,57.698101,20.499701,-14.700500,0.047771,-0.013570,0.015998,-15.666301,-52.738201,18.801300,-93.396698,0.129960,17.611099,-0.182931,-0.475644,-0.680147,0.526972,-1104.270996,1517.913574,-4602.371582,-1098.179077,1437.699585,-4614.534180,-1091.818726,1562.584106,-4628.143555,-1121.247559,1467.161987,-4564.754395,-1105.838867,1604.208984,-4602.054199,,,,,,,,,,,,,2616.281738,1567.717651,-3159.775391,,,,,,,,,,,,,,,,,,,,,,,,,,,,,,,,,
4997,49.970000,0.000000,0.000000,0.000000,1.000000,0.000000,0.000000,0.000000,57.698101,20.499701,-14.700500,0.047771,-0.013570,0.015998,-15.666301,-52.738201,18.801300,-93.396698,0.129960,17.611099,-0.182931,-0.475644,-0.680147,0.526972,-1104.270996,1517.913574,-4602.371582,-1098.179077,1437.699585,-4614.534180,-1091.818726,1562.584106,-4628.143555,-1121.247559,1467.161987,-4564.754395,-1105.838867,1604.208984,-4602.054199,,,,,,,,,,,,,2616.267334,1567.761841,-3159.794189,,,,,,,,,,,,,,,,,,,,,,,,,,,,,,,,,
4998,49.980000,0.000000,0.000000,0.000000,1.000000,0.000000,0.000000,0.000000,57.698101,20.499701,-14.700500,0.047771,-0.013570,0.015998,-15.666301,-52.738201,18.801300,-93.396698,0.129960,17.611099,-0.182931,-0.475644,-0.680147,0.526972,-1104.270996,1517.913574,-4602.371582,-1098.179077,1437.699585,-4614.534180,-1091.818726,1562.584106,-4628.143555,-1121.247559,1467.161987,-4564.754395,-1105.838867,1604.208984,-4602.054199,,,,,,,,,,,,,2616.258057,1567.742065,-3159.806885,,,,,,,,,,,,,,,,,,,,,,,,,,,,,,,,,
4999,49.990000,0.000000,0.000000,0.000000,1.000000,0.000000,0.000000,0.000000,57.698101,20.499701,-14.700500,0.047771,-0.013570,0.015998,-15.666301,-52.738201,18.801300,-93.396698,0.129960,17.611099,-0.182931,-0.475644,-0.680147,0.526972,-1104.270996,1517.913574,-4602.371582,-1098.179077,1437.699585,-4614.534180,-1091.818726,1562.584106,-4628.143555,-1121.247559,1467.161987,-4564.754395,-1105.838867,1604.208984,-4602.054199,,,,,,,,,,,,,2616.288574,1567.762573,-3159.799316,,,,,,,,,,,,,,,,,,,,,,,,,,,,,,,,,
5000,50.000000,0.000000,0.000000,0.000000,1.000000,0.000000,0.000000,0.000000,57.698101,20.499701,-14.700500,0.047771,-0.013570,0.015998,-15.666301,-52.738201,18.801300,-93.396698,0.129960,17.611099,-0.182931,-0.475644,-0.680147,0.526972,-1104.270996,1517.913574,-4602.371582,-1098.179077,1437.699585,-4614.534180,-1091.818726,1562.584106,-4628.143555,-1121.247559,1467.161987,-4564.754395,-1105.838867,1604.208984,-4602.054199,,,,,,,,,,,,,2616.287842,1567.765381,-3159.782227,,,,,,,,,,,,,,,,,,,,,,,,,,,,,,,,,
5001,50.010000,0.000000,0.000000,0.000000,1.000000,0.000000,0.000000,0.000000,57.698101,20.499701,-14.700500,0.047771,-0.013570,0.015998,-15.666301,-52.738201,18.801300,-93.396698,0.129960,17.611099,-0.182931,-0.475644,-0.680147,0.526972,-1104.270996,1517.913574,-4602.371582,-1098.179077,1437.699585,-4614.534180,-1091.818726,1562.584106,-4628.143555,-1121.247559,1467.161987,-4564.754395,-1105.838867,1604.208984,-4602.054199,,,,,,,,,,,,,2616.275146,1567.724121,-3159.780518,,,,,,,,,,,,,,,,,,,,,,,,,,,,,,,,,
5002,50.020000,0.000000,0.000000,0.000000,1.000000,0.000000,0.000000,0.000000,57.698101,20.499701,-14.700500,0.047771,-0.013570,0.015998,-15.666301,-52.738201,18.801300,-93.396698,0.129960,17.611099,-0.182931,-0.475644,-0.680147,0.526972,-1104.270996,1517.913574,-4602.371582,-1098.179077,1437.699585,-4614.534180,-1091.818726,1562.584106,-4628.143555,-1121.247559,1467.161987,-4564.754395,-1105.838867,1604.208984,-4602.054199,,,,,,,,,,,,,2616.296387,1567.761719,-3159.774170,,,,,,,,,,,,,,,,,,,,,,,,,,,,,,,,,
5003,50.030000,0.000000,0.000000,0.000000,1.000000,0.000000,0.000000,0.000000,57.698101,20.499701,-14.700500,0.047771,-0.013570,0.015998,-15.666301,-52.738201,18.801300,-93.396698,0.129960,17.611099,-0.182931,-0.475644,-0.680147,0.526972,-1104.270996,1517.913574,-4602.371582,-1098.179077,1437.699585,-4614.534180,-1091.818726,1562.584106,-4628.143555,-1121.247559,1467.161987,-4564.754395,-1105.838867,1604.208984,-4602.054199,,,,,,,,,,,,,2616.275879,1567.720215,-3159.776611,,,,,,,,,,,,,,,,,,,,,,,,,,,,,,,,,
5004,50.040000,0.000000,0.000000,0.000000,1.000000,0.000000,0.000000,0.000000,57.698101,20.499701,-14.700500,0.047771,-0.013570,0.015998,-15.666301,-52.738201,18.801300,-93.396698,0.129960,17.611099,-0.182931,-0.475644,-0.680147,0.526972,-1104.270996,1517.913574,-4602.371582,-1098.179077,1437.699585,-4614.534180,-1091.818726,1562.584106,-4628.143555,-1121.247559,1467.161987,-4564.754395,-1105.838867,1604.208984,-4602.054199,,,,,,,,,,,,,2616.263184,1567.714600,-3159.776123,,,,,,,,,,,,,,,,,,,,,,,,,,,,,,,,,
5005,50.050000,0.000000,0.000000,0.000000,1.000000,0.000000,0.000000,0.000000,57.698101,20.499701,-14.700500,0.047771,-0.013570,0.015998,-15.666301,-52.738201,18.801300,-93.396698,0.129960,17.611099,-0.182931,-0.475644,-0.680147,0.526972,-1104.270996,1517.913574,-4602.371582,-1098.179077,1437.699585,-4614.534180,-1091.818726,1562.584106,-4628.143555,-1121.247559,1467.161987,-4564.754395,-1105.838867,1604.208984,-4602.054199,,,,,,,,,,,,,2616.290283,1567.765137,-3159.783936,,,,,,,,,,,,,,,,,,,,,,,,,,,,,,,,,
5006,50.060000,0.000000,0.000000,0.000000,1.000000,0.000000,0.000000,0.000000,57.698101,20.499701,-14.700500,0.047771,-0.013570,0.015998,-15.666301,-52.738201,18.801300,-93.396698,0.129960,17.611099,-0.182931,-0.475644,-0.680147,0.526972,-1104.270996,1517.913574,-4602.371582,-1098.179077,1437.699585,-4614.534180,-1091.818726,1562.584106,-4628.143555,-1121.247559,1467.161987,-4564.754395,-1105.838867,1604.208984,-4602.054199,,,,,,,,,,,,,2616.284180,1567.756836,-3159.787842,,,,,,,,,,,,,,,,,,,,,,,,,,,,,,,,,
5007,50.070000,0.000000,0.000000,0.000000,1.000000,0.000000,0.000000,0.000000,57.698101,20.499701,-14.700500,0.047771,-0.013570,0.015998,-15.666301,-52.738201,18.801300,-93.396698,0.129960,17.611099,-0.182931,-0.475644,-0.680147,0.526972,-1104.270996,1517.913574,-4602.371582,-1098.179077,1437.699585,-4614.534180,-1091.818726,1562.584106,-4628.143555,-1121.247559,1467.161987,-4564.754395,-1105.838867,1604.208984,-4602.054199,,,,,,,,,,,,,2616.281006,1567.747192,-3159.774658,,,,,,,,,,,,,,,,,,,,,,,,,,,,,,,,,
5008,50.080000,0.000000,0.000000,0.000000,1.000000,0.000000,0.000000,0.000000,57.698101,20.499701,-14.700500,0.047771,-0.013570,0.015998,-15.666301,-52.738201,18.801300,-93.396698,0.129960,17.611099,-0.182931,-0.475644,-0.680147,0.526972,-1104.270996,1517.913574,-4602.371582,-1098.179077,1437.699585,-4614.534180,-1091.818726,1562.584106,-4628.143555,-1121.247559,1467.161987,-4564.754395,-1105.838867,1604.208984,-4602.054199,,,,,,,,,,,,,2616.288574,1567.726440,-3159.776367,,,,,,,,,,,,,,,,,,,,,,,,,,,,,,,,,
5009,50.090000,0.000000,0.000000,0.000000,1.000000,0.000000,0.000000,0.000000,57.698101,20.499701,-14.700500,0.047771,-0.013570,0.015998,-15.666301,-52.738201,18.801300,-93.396698,0.129960,17.611099,-0.182931,-0.475644,-0.680147,0.526972,-1104.270996,1517.913574,-4602.371582,-1098.179077,1437.699585,-4614.534180,-1091.818726,1562.584106,-4628.143555,-1121.247559,1467.161987,-4564.754395,-1105.838867,1604.208984,-4602.054199,,,,,,,,,,,,,2616.252930,1567.765137,-3159.781250,,,,,,,,,,,,,,,,,,,,,,,,,,,,,,,,,
5010,50.100000,0.000000,0.000000,0.000000,1.000000,0.000000,0.000000,0.000000,57.698101,20.499701,-14.700500,0.047771,-0.013570,0.015998,-15.666301,-52.738201,18.801300,-93.396698,0.129960,17.611099,-0.182931,-0.475644,-0.680147,0.526972,-1104.270996,1517.913574,-4602.371582,-1098.179077,1437.699585,-4614.534180,-1091.818726,1562.584106,-4628.143555,-1121.247559,1467.161987,-4564.754395,-1105.838867,1604.208984,-4602.054199,,,,,,,,,,,,,2616.280029,1567.743530,-3159.791260,,,,,,,,,,,,,,,,,,,,,,,,,,,,,,,,,
5011,50.110000,0.000000,0.000000,0.000000,1.000000,0.000000,0.000000,0.000000,57.698101,20.499701,-14.700500,0.047771,-0.013570,0.015998,-15.666301,-52.738201,18.801300,-93.396698,0.129960,17.611099,-0.182931,-0.475644,-0.680147,0.526972,-1104.270996,1517.913574,-4602.371582,-1098.179077,1437.699585,-4614.534180,-1091.818726,1562.584106,-4628.143555,-1121.247559,1467.161987,-4564.754395,-1105.838867,1604.208984,-4602.054199,,,,,,,,,,,,,2616.272217,1567.740723,-3159.786865,,,,,,,,,,,,,,,,,,,,,,,,,,,,,,,,,
5012,50.120000,0.000000,0.000000,0.000000,1.000000,0.000000,0.000000,0.000000,57.698101,20.499701,-14.700500,0.047771,-0.013570,0.015998,-15.666301,-52.738201,18.801300,-93.396698,0.129960,17.611099,-0.182931,-0.475644,-0.680147,0.526972,-1104.270996,1517.913574,-4602.371582,-1098.179077,1437.699585,-4614.534180,-1091.818726,1562.584106,-4628.143555,-1121.247559,1467.161987,-4564.754395,-1105.838867,1604.208984,-4602.054199,,,,,,,,,,,,,2616.298340,1567.759033,-3159.774170,,,,,,,,,,,,,,,,,,,,,,,,,,,,,,,,,
5013,50.130000,0.000000,0.000000,0.000000,1.000000,0.000000,0.000000,0.000000,57.698101,20.499701,-14.700500,0.047771,-0.013570,0.015998,-15.666301,-52.738201,18.801300,-93.396698,0.129960,17.611099,-0.182931,-0.475644,-0.680147,0.526972,-1104.270996,1517.913574,-4602.371582,-1098.179077,1437.699585,-4614.534180,-1091.818726,1562.584106,-4628.143555,-1121.247559,1467.161987,-4564.754395,-1105.838867,1604.208984,-4602.054199,,,,,,,,,,,,,2616.306885,1567.722900,-3159.765869,,,,,,,,,,,,,,,,,,,,,,,,,,,,,,,,,
5014,50.140000,0.000000,0.000000,0.000000,1.000000,0.000000,0.000000,0.000000,57.698101,20.499701,-14.700500,0.047771,-0.013570,0.015998,-15.666301,-52.738201,18.801300,-93.396698,0.129960,17.611099,-0.182931,-0.475644,-0.680147,0.526972,-1104.270996,1517.913574,-4602.371582,-1098.179077,1437.699585,-4614.534180,-1091.818726,1562.584106,-4628.143555,-1121.247559,1467.161987,-4564.754395,-1105.838867,1604.208984,-4602.054199,,,,,,,,,,,,,2616.325928,1567.743164,-3159.754883,,,,,,,,,,,,,,,,,,,,,,,,,,,,,,,,,
5015,50.150000,0.000000,0.000000,0.000000,1.000000,0.000000,0.000000,0.000000,57.698101,20.499701,-14.700500,0.047771,-0.013570,0.015998,-15.666301,-52.738201,18.801300,-93.396698,0.129960,17.611099,-0.182931,-0.475644,-0.680147,0.526972,-1104.270996,1517.913574,-4602.371582,-1098.179077,1437.699585,-4614.534180,-1091.818726,1562.584106,-4628.143555,-1121.247559,1467.161987,-4564.754395,-1105.838867,1604.208984,-4602.054199,,,,,,,,,,,,,2616.292236,1567.751953,-3159.777344,,,,,,,,,,,,,,,,,,,,,,,,,,,,,,,,,
5016,50.160000,0.000000,0.000000,0.000000,1.000000,0.000000,0.000000,0.000000,57.698101,20.499701,-14.700500,0.047771,-0.013570,0.015998,-15.666301,-52.738201,18.801300,-93.396698,0.129960,17.611099,-0.182931,-0.475644,-0.680147,0.526972,-1104.270996,1517.913574,-4602.371582,-1098.179077,1437.699585,-4614.534180,-1091.818726,1562.584106,-4628.143555,-1121.247559,1467.161987,-4564.754395,-1105.838867,1604.208984,-4602.054199,,,,,,,,,,,,,2616.258789,1567.738403,-3159.786377,,,,,,,,,,,,,,,,,,,,,,,,,,,,,,,,,
5017,50.170000,0.000000,0.000000,0.000000,1.000000,0.000000,0.000000,0.000000,57.698101,20.499701,-14.700500,0.047771,-0.013570,0.015998,-15.666301,-52.738201,18.801300,-93.396698,0.129960,17.611099,-0.182931,-0.475644,-0.680147,0.526972,-1104.270996,1517.913574,-4602.371582,-1098.179077,1437.699585,-4614.534180,-1091.818726,1562.584106,-4628.143555,-1121.247559,1467.161987,-4564.754395,-1105.838867,1604.208984,-4602.054199,,,,,,,,,,,,,2616.234131,1567.708374,-3159.797852,,,,,,,,,,,,,,,,,,,,,,,,,,,,,,,,,
5018,50.180000,0.000000,0.000000,0.000000,1.000000,0.000000,0.000000,0.000000,57.698101,20.499701,-14.700500,0.047771,-0.013570,0.015998,-15.666301,-52.738201,18.801300,-93.396698,0.129960,17.611099,-0.182931,-0.475644,-0.680147,0.526972,-1104.270996,1517.913574,-4602.371582,-1098.179077,1437.699585,-4614.534180,-1091.818726,1562.584106,-4628.143555,-1121.247559,1467.161987,-4564.754395,-1105.838867,1604.208984,-4602.054199,,,,,,,,,,,,,2616.261475,1567.766479,-3159.799072,,,,,,,,,,,,,,,,,,,,,,,,,,,,,,,,,
5019,50.190000,0.000000,0.000000,0.000000,1.000000,0.000000,0.000000,0.000000,57.698101,20.499701,-14.700500,0.047771,-0.013570,0.015998,-15.666301,-52.738201,18.801300,-93.396698,0.129960,17.611099,-0.182931,-0.475644,-0.680147,0.526972,-1104.270996,1517.913574,-4602.371582,-1098.179077,1437.699585,-4614.534180,-1091.818726,1562.584106,-4628.143555,-1121.247559,1467.161987,-4564.754395,-1105.838867,1604.208984,-4602.054199,,,,,,,,,,,,,2616.275635,1567.725586,-3159.780518,,,,,,,,,,,,,,,,,,,,,,,,,,,,,,,,,
5020,50.200000,0.000000,0.000000,0.000000,1.000000,0.000000,0.000000,0.000000,57.698101,20.499701,-14.700500,0.047771,-0.013570,0.015998,-15.666301,-52.738201,18.801300,-93.396698,0.129960,17.611099,-0.182931,-0.475644,-0.680147,0.526972,-1104.270996,1517.913574,-4602.371582,-1098.179077,1437.699585,-4614.534180,-1091.818726,1562.584106,-4628.143555,-1121.247559,1467.161987,-4564.754395,-1105.838867,1604.208984,-4602.054199,,,,,,,,,,,,,2616.318848,1567.761841,-3159.768555,,,,,,,,,,,,,,,,,,,,,,,,,,,,,,,,,
5021,50.210000,0.000000,0.000000,0.000000,1.000000,0.000000,0.000000,0.000000,57.698101,20.499701,-14.700500,0.047771,-0.013570,0.015998,-15.666301,-52.738201,18.801300,-93.396698,0.129960,17.611099,-0.182931,-0.475644,-0.680147,0.526972,-1104.270996,1517.913574,-4602.371582,-1098.179077,1437.699585,-4614.534180,-1091.818726,1562.584106,-4628.143555,-1121.247559,1467.161987,-4564.754395,-1105.838867,1604.208984,-4602.054199,,,,,,,,,,,,,2616.278076,1567.730835,-3159.782715,,,,,,,,,,,,,,,,,,,,,,,,,,,,,,,,,
5022,50.220000,0.000000,0.000000,0.000000,1.000000,0.000000,0.000000,0.000000,57.698101,20.499701,-14.700500,0.047771,-0.013570,0.015998,-15.666301,-52.738201,18.801300,-93.396698,0.129960,17.611099,-0.182931,-0.475644,-0.680147,0.526972,-1104.270996,1517.913574,-4602.371582,-1098.179077,1437.699585,-4614.534180,-1091.818726,1562.584106,-4628.143555,-1121.247559,1467.161987,-4564.754395,-1105.838867,1604.208984,-4602.054199,,,,,,,,,,,,,2616.288574,1567.762085,-3159.782471,,,,,,,,,,,,,,,,,,,,,,,,,,,,,,,,,
5023,50.230000,0.000000,0.000000,0.000000,1.000000,0.000000,0.000000,0.000000,57.698101,20.499701,-14.700500,0.047771,-0.013570,0.015998,-15.666301,-52.738201,18.801300,-93.396698,0.129960,17.611099,-0.182931,-0.475644,-0.680147,0.526972,-1104.270996,1517.913574,-4602.371582,-1098.179077,1437.699585,-4614.534180,-1091.818726,1562.584106,-4628.143555,-1121.247559,1467.161987,-4564.754395,-1105.838867,1604.208984,-4602.054199,,,,,,,,,,,,,2616.285889,1567.756226,-3159.788086,,,,,,,,,,,,,,,,,,,,,,,,,,,,,,,,,
5024,50.240000,0.000000,0.000000,0.000000,1.000000,0.000000,0.000000,0.000000,57.698101,20.499701,-14.700500,0.047771,-0.013570,0.015998,-15.666301,-52.738201,18.801300,-93.396698,0.129960,17.611099,-0.182931,-0.475644,-0.680147,0.526972,-1104.270996,1517.913574,-4602.371582,-1098.179077,1437.699585,-4614.534180,-1091.818726,1562.584106,-4628.143555,-1121.247559,1467.161987,-4564.754395,-1105.838867,1604.208984,-4602.054199,,,,,,,,,,,,,2616.272949,1567.753418,-3159.793701,,,,,,,,,,,,,,,,,,,,,,,,,,,,,,,,,
5025,50.250000,0.000000,0.000000,0.000000,1.000000,0.000000,0.000000,0.000000,57.698101,20.499701,-14.700500,0.047771,-0.013570,0.015998,-15.666301,-52.738201,18.801300,-93.396698,0.129960,17.611099,-0.182931,-0.475644,-0.680147,0.526972,-1104.270996,1517.913574,-4602.371582,-1098.179077,1437.699585,-4614.534180,-1091.818726,1562.584106,-4628.143555,-1121.247559,1467.161987,-4564.754395,-1105.838867,1604.208984,-4602.054199,,,,,,,,,,,,,2616.248291,1567.775024,-3159.802979,,,,,,,,,,,,,,,,,,,,,,,,,,,,,,,,,
5026,50.260000,0.000000,0.000000,0.000000,1.000000,0.000000,0.000000,0.000000,57.698101,20.499701,-14.700500,0.047771,-0.013570,0.015998,-15.666301,-52.738201,18.801300,-93.396698,0.129960,17.611099,-0.182931,-0.475644,-0.680147,0.526972,-1104.270996,1517.913574,-4602.371582,-1098.179077,1437.699585,-4614.534180,-1091.818726,1562.584106,-4628.143555,-1121.247559,1467.161987,-4564.754395,-1105.838867,1604.208984,-4602.054199,,,,,,,,,,,,,2616.282471,1567.757202,-3159.792236,,,,,,,,,,,,,,,,,,,,,,,,,,,,,,,,,
5027,50.270000,0.000000,0.000000,0.000000,1.000000,0.000000,0.000000,0.000000,57.698101,20.499701,-14.700500,0.047771,-0.013570,0.015998,-15.666301,-52.738201,18.801300,-93.396698,0.129960,17.611099,-0.182931,-0.475644,-0.680147,0.526972,-1104.270996,1517.913574,-4602.371582,-1098.179077,1437.699585,-4614.534180,-1091.818726,1562.584106,-4628.143555,-1121.247559,1467.161987,-4564.754395,-1105.838867,1604.208984,-4602.054199,,,,,,,,,,,,,2616.294678,1567.756592,-3159.776855,,,,,,,,,,,,,,,,,,,,,,,,,,,,,,,,,
5028,50.280000,0.000000,0.000000,0.000000,1.000000,0.000000,0.000000,0.000000,57.698101,20.499701,-14.700500,0.047771,-0.013570,0.015998,-15.666301,-52.738201,18.801300,-93.396698,0.129960,17.611099,-0.182931,-0.475644,-0.680147,0.526972,-1104.270996,1517.913574,-4602.371582,-1098.179077,1437.699585,-4614.534180,-1091.818726,1562.584106,-4628.143555,-1121.247559,1467.161987,-4564.754395,-1105.838867,1604.208984,-4602.054199,,,,,,,,,,,,,2616.292236,1567.757690,-3159.770020,,,,,,,,,,,,,,,,,,,,,,,,,,,,,,,,,
5029,50.290000,0.000000,0.000000,0.000000,1.000000,0.000000,0.000000,0.000000,57.698101,20.499701,-14.700500,0.047771,-0.013570,0.015998,-15.666301,-52.738201,18.801300,-93.396698,0.129960,17.611099,-0.182931,-0.475644,-0.680147,0.526972,-1104.270996,1517.913574,-4602.371582,-1098.179077,1437.699585,-4614.534180,-1091.818726,1562.584106,-4628.143555,-1121.247559,1467.161987,-4564.754395,-1105.838867,1604.208984,-4602.054199,,,,,,,,,,,,,2616.314209,1567.744019,-3159.779297,,,,,,,,,,,,,,,,,,,,,,,,,,,,,,,,,
5030,50.300000,0.000000,0.000000,0.000000,1.000000,0.000000,0.000000,0.000000,57.698101,20.499701,-14.700500,0.047771,-0.013570,0.015998,-15.666301,-52.738201,18.801300,-93.396698,0.129960,17.611099,-0.182931,-0.475644,-0.680147,0.526972,-1104.270996,1517.913574,-4602.371582,-1098.179077,1437.699585,-4614.534180,-1091.818726,1562.584106,-4628.143555,-1121.247559,1467.161987,-4564.754395,-1105.838867,1604.208984,-4602.054199,,,,,,,,,,,,,2616.289551,1567.750610,-3159.767822,,,,,,,,,,,,,,,,,,,,,,,,,,,,,,,,,
5031,50.310000,0.000000,0.000000,0.000000,1.000000,0.000000,0.000000,0.000000,57.698101,20.499701,-14.700500,0.047771,-0.013570,0.015998,-15.666301,-52.738201,18.801300,-93.396698,0.129960,17.611099,-0.182931,-0.475644,-0.680147,0.526972,-1104.270996,1517.913574,-4602.371582,-1098.179077,1437.699585,-4614.534180,-1091.818726,1562.584106,-4628.143555,-1121.247559,1467.161987,-4564.754395,-1105.838867,1604.208984,-4602.054199,,,,,,,,,,,,,2616.304443,1567.744263,-3159.769043,,,,,,,,,,,,,,,,,,,,,,,,,,,,,,,,,
5032,50.320000,0.000000,0.000000,0.000000,1.000000,0.000000,0.000000,0.000000,57.698101,20.499701,-14.700500,0.047771,-0.013570,0.015998,-15.666301,-52.738201,18.801300,-93.396698,0.129960,17.611099,-0.182931,-0.475644,-0.680147,0.526972,-1104.270996,1517.913574,-4602.371582,-1098.179077,1437.699585,-4614.534180,-1091.818726,1562.584106,-4628.143555,-1121.247559,1467.161987,-4564.754395,-1105.838867,1604.208984,-4602.054199,,,,,,,,,,,,,2616.301514,1567.713135,-3159.766357,,,,,,,,,,,,,,,,,,,,,,,,,,,,,,,,,
5033,50.330000,0.000000,0.000000,0.000000,1.000000,0.000000,0.000000,0.000000,57.698101,20.499701,-14.700500,0.047771,-0.013570,0.015998,-15.666301,-52.738201,18.801300,-93.396698,0.129960,17.611099,-0.182931,-0.475644,-0.680147,0.526972,-1104.270996,1517.913574,-4602.371582,-1098.179077,1437.699585,-4614.534180,-1091.818726,1562.584106,-4628.143555,-1121.247559,1467.161987,-4564.754395,-1105.838867,1604.208984,-4602.054199,,,,,,,,,,,,,2616.310303,1567.770630,-3159.768799,,,,,,,,,,,,,,,,,,,,,,,,,,,,,,,,,
5034,50.340000,0.000000,0.000000,0.000000,1.000000,0.000000,0.000000,0.000000,57.698101,20.499701,-14.700500,0.047771,-0.013570,0.015998,-15.666301,-52.738201,18.801300,-93.396698,0.129960,17.611099,-0.182931,-0.475644,-0.680147,0.526972,-1104.270996,1517.913574,-4602.371582,-1098.179077,1437.699585,-4614.534180,-1091.818726,1562.584106,-4628.143555,-1121.247559,1467.161987,-4564.754395,-1105.838867,1604.208984,-4602.054199,,,,,,,,,,,,,2616.244385,1567.741821,-3159.784912,,,,,,,,,,,,,,,,,,,,,,,,,,,,,,,,,
5035,50.350000,0.000000,0.000000,0.000000,1.000000,0.000000,0.000000,0.000000,57.698101,20.499701,-14.700500,0.047771,-0.013570,0.015998,-15.666301,-52.738201,18.801300,-93.396698,0.129960,17.611099,-0.182931,-0.475644,-0.680147,0.526972,-1104.270996,1517.913574,-4602.371582,-1098.179077,1437.699585,-4614.534180,-1091.818726,1562.584106,-4628.143555,-1121.247559,1467.161987,-4564.754395,-1105.838867,1604.208984,-4602.054199,,,,,,,,,,,,,2616.278320,1567.740234,-3159.785645,,,,,,,,,,,,,,,,,,,,,,,,,,,,,,,,,
5036,50.360000,0.000000,0.000000,0.000000,1.000000,0.000000,0.000000,0.000000,57.698101,20.499701,-14.700500,0.047771,-0.013570,0.015998,-15.666301,-52.738201,18.801300,-93.396698,0.129960,17.611099,-0.182931,-0.475644,-0.680147,0.526972,-1104.270996,1517.913574,-4602.371582,-1098.179077,1437.699585,-4614.534180,-1091.818726,1562.584106,-4628.143555,-1121.247559,1467.161987,-4564.754395,-1105.838867,1604.208984,-4602.054199,,,,,,,,,,,,,2616.287109,1567.710205,-3159.755859,,,,,,,,,,,,,,,,,,,,,,,,,,,,,,,,,
5037,50.370000,0.000000,0.000000,0.000000,1.000000,0.000000,0.000000,0.000000,57.698101,20.499701,-14.700500,0.047771,-0.013570,0.015998,-15.666301,-52.738201,18.801300,-93.396698,0.129960,17.611099,-0.182931,-0.475644,-0.680147,0.526972,-1104.270996,1517.913574,-4602.371582,-1098.179077,1437.699585,-4614.534180,-1091.818726,1562.584106,-4628.143555,-1121.247559,1467.161987,-4564.754395,-1105.838867,1604.208984,-4602.054199,,,,,,,,,,,,,2616.297363,1567.705811,-3159.769043,,,,,,,,,,,,,,,,,,,,,,,,,,,,,,,,,
5038,50.380000,0.000000,0.000000,0.000000,1.000000,0.000000,0.000000,0.000000,57.698101,20.499701,-14.700500,0.047771,-0.013570,0.015998,-15.666301,-52.738201,18.801300,-93.396698,0.129960,17.611099,-0.182931,-0.475644,-0.680147,0.526972,-1104.270996,1517.913574,-4602.371582,-1098.179077,1437.699585,-4614.534180,-1091.818726,1562.584106,-4628.143555,-1121.247559,1467.161987,-4564.754395,-1105.838867,1604.208984,-4602.054199,,,,,,,,,,,,,2616.307617,1567.731934,-3159.759277,,,,,,,,,,,,,,,,,,,,,,,,,,,,,,,,,
5039,50.390000,0.000000,0.000000,0.000000,1.000000,0.000000,0.000000,0.000000,57.698101,20.499701,-14.700500,0.047771,-0.013570,0.015998,-15.666301,-52.738201,18.801300,-93.396698,0.129960,17.611099,-0.182931,-0.475644,-0.680147,0.526972,-1104.270996,1517.913574,-4602.371582,-1098.179077,1437.699585,-4614.534180,-1091.818726,1562.584106,-4628.143555,-1121.247559,1467.161987,-4564.754395,-1105.838867,1604.208984,-4602.054199,,,,,,,,,,,,,2616.289062,1567.749023,-3159.771240,,,,,,,,,,,,,,,,,,,,,,,,,,,,,,,,,
5040,50.400000,0.000000,0.000000,0.000000,1.000000,0.000000,0.000000,0.000000,57.698101,20.499701,-14.700500,0.047771,-0.013570,0.015998,-15.666301,-52.738201,18.801300,-93.396698,0.129960,17.611099,-0.182931,-0.475644,-0.680147,0.526972,-1104.270996,1517.913574,-4602.371582,-1098.179077,1437.699585,-4614.534180,-1091.818726,1562.584106,-4628.143555,-1121.247559,1467.161987,-4564.754395,-1105.838867,1604.208984,-4602.054199,,,,,,,,,,,,,2616.268555,1567.738647,-3159.791748,,,,,,,,,,,,,,,,,,,,,,,,,,,,,,,,,
5041,50.410000,0.000000,0.000000,0.000000,1.000000,0.000000,0.000000,0.000000,57.698101,20.499701,-14.700500,0.047771,-0.013570,0.015998,-15.666301,-52.738201,18.801300,-93.396698,0.129960,17.611099,-0.182931,-0.475644,-0.680147,0.526972,-1104.270996,1517.913574,-4602.371582,-1098.179077,1437.699585,-4614.534180,-1091.818726,1562.584106,-4628.143555,-1121.247559,1467.161987,-4564.754395,-1105.838867,1604.208984,-4602.054199,,,,,,,,,,,,,2616.268799,1567.762085,-3159.784912,,,,,,,,,,,,,,,,,,,,,,,,,,,,,,,,,
5042,50.420000,0.000000,0.000000,0.000000,1.000000,0.000000,0.000000,0.000000,57.698101,20.499701,-14.700500,0.047771,-0.013570,0.015998,-15.666301,-52.738201,18.801300,-93.396698,0.129960,17.611099,-0.182931,-0.475644,-0.680147,0.526972,-1104.270996,1517.913574,-4602.371582,-1098.179077,1437.699585,-4614.534180,-1091.818726,1562.584106,-4628.143555,-1121.247559,1467.161987,-4564.754395,-1105.838867,1604.208984,-4602.054199,,,,,,,,,,,,,2616.280029,1567.759033,-3159.790527,,,,,,,,,,,,,,,,,,,,,,,,,,,,,,,,,
5043,50.430000,0.000000,0.000000,0.000000,1.000000,0.000000,0.000000,0.000000,57.698101,20.499701,-14.700500,0.047771,-0.013570,0.015998,-15.666301,-52.738201,18.801300,-93.396698,0.129960,17.611099,-0.182931,-0.475644,-0.680147,0.526972,-1104.270996,1517.913574,-4602.371582,-1098.179077,1437.699585,-4614.534180,-1091.818726,1562.584106,-4628.143555,-1121.247559,1467.161987,-4564.754395,-1105.838867,1604.208984,-4602.054199,,,,,,,,,,,,,2616.325439,1567.725342,-3159.776367,,,,,,,,,,,,,,,,,,,,,,,,,,,,,,,,,
5044,50.440000,0.000000,0.000000,0.000000,1.000000,0.000000,0.000000,0.000000,57.698101,20.499701,-14.700500,0.047771,-0.013570,0.015998,-15.666301,-52.738201,18.801300,-93.396698,0.129960,17.611099,-0.182931,-0.475644,-0.680147,0.526972,-1104.270996,1517.913574,-4602.371582,-1098.179077,1437.699585,-4614.534180,-1091.818726,1562.584106,-4628.143555,-1121.247559,1467.161987,-4564.754395,-1105.838867,1604.208984,-4602.054199,,,,,,,,,,,,,2616.338135,1567.720825,-3159.748779,,,,,,,,,,,,,,,,,,,,,,,,,,,,,,,,,
5045,50.450000,0.000000,0.000000,0.000000,1.000000,0.000000,0.000000,0.000000,57.698101,20.499701,-14.700500,0.047771,-0.013570,0.015998,-15.666301,-52.738201,18.801300,-93.396698,0.129960,17.611099,-0.182931,-0.475644,-0.680147,0.526972,-1104.270996,1517.913574,-4602.371582,-1098.179077,1437.699585,-4614.534180,-1091.818726,1562.584106,-4628.143555,-1121.247559,1467.161987,-4564.754395,-1105.838867,1604.208984,-4602.054199,,,,,,,,,,,,,2616.287842,1567.760864,-3159.772217,,,,,,,,,,,,,,,,,,,,,,,,,,,,,,,,,
5046,50.460000,0.000000,0.000000,0.000000,1.000000,0.000000,0.000000,0.000000,57.698101,20.499701,-14.700500,0.047771,-0.013570,0.015998,-15.666301,-52.738201,18.801300,-93.396698,0.129960,17.611099,-0.182931,-0.475644,-0.680147,0.526972,-1104.270996,1517.913574,-4602.371582,-1098.179077,1437.699585,-4614.534180,-1091.818726,1562.584106,-4628.143555,-1121.247559,1467.161987,-4564.754395,-1105.838867,1604.208984,-4602.054199,,,,,,,,,,,,,2616.276367,1567.716064,-3159.776855,,,,,,,,,,,,,,,,,,,,,,,,,,,,,,,,,
5047,50.470000,0.000000,0.000000,0.000000,1.000000,0.000000,0.000000,0.000000,57.698101,20.499701,-14.700500,0.047771,-0.013570,0.015998,-15.666301,-52.738201,18.801300,-93.396698,0.129960,17.611099,-0.182931,-0.475644,-0.680147,0.526972,-1104.270996,1517.913574,-4602.371582,-1098.179077,1437.699585,-4614.534180,-1091.818726,1562.584106,-4628.143555,-1121.247559,1467.161987,-4564.754395,-1105.838867,1604.208984,-4602.054199,,,,,,,,,,,,,2616.282959,1567.738159,-3159.770752,,,,,,,,,,,,,,,,,,,,,,,,,,,,,,,,,
5048,50.480000,0.000000,0.000000,0.000000,1.000000,0.000000,0.000000,0.000000,57.698101,20.499701,-14.700500,0.047771,-0.013570,0.015998,-15.666301,-52.738201,18.801300,-93.396698,0.129960,17.611099,-0.182931,-0.475644,-0.680147,0.526972,-1104.270996,1517.913574,-4602.371582,-1098.179077,1437.699585,-4614.534180,-1091.818726,1562.584106,-4628.143555,-1121.247559,1467.161987,-4564.754395,-1105.838867,1604.208984,-4602.054199,,,,,,,,,,,,,2616.301270,1567.772949,-3159.786865,,,,,,,,,,,,,,,,,,,,,,,,,,,,,,,,,
5049,50.490000,0.000000,0.000000,0.000000,1.000000,0.000000,0.000000,0.000000,57.698101,20.499701,-14.700500,0.047771,-0.013570,0.015998,-15.666301,-52.738201,18.801300,-93.396698,0.129960,17.611099,-0.182931,-0.475644,-0.680147,0.526972,-1104.270996,1517.913574,-4602.371582,-1098.179077,1437.699585,-4614.534180,-1091.818726,1562.584106,-4628.143555,-1121.247559,1467.161987,-4564.754395,-1105.838867,1604.208984,-4602.054199,,,,,,,,,,,,,2616.268066,1567.763428,-3159.790527,,,,,,,,,,,,,,,,,,,,,,,,,,,,,,,,,
5050,50.500000,0.000000,0.000000,0.000000,1.000000,0.000000,0.000000,0.000000,57.698101,20.499701,-14.700500,0.047771,-0.013570,0.015998,-15.666301,-52.738201,18.801300,-93.396698,0.129960,17.611099,-0.182931,-0.475644,-0.680147,0.526972,-1104.270996,1517.913574,-4602.371582,-1098.179077,1437.699585,-4614.534180,-1091.818726,1562.584106,-4628.143555,-1121.247559,1467.161987,-4564.754395,-1105.838867,1604.208984,-4602.054199,,,,,,,,,,,,,2616.254150,1567.736694,-3159.793213,,,,,,,,,,,,,,,,,,,,,,,,,,,,,,,,,
5051,50.510000,0.000000,0.000000,0.000000,1.000000,0.000000,0.000000,0.000000,57.698101,20.499701,-14.700500,0.047771,-0.013570,0.015998,-15.666301,-52.738201,18.801300,-93.396698,0.129960,17.611099,-0.182931,-0.475644,-0.680147,0.526972,-1104.270996,1517.913574,-4602.371582,-1098.179077,1437.699585,-4614.534180,-1091.818726,1562.584106,-4628.143555,-1121.247559,1467.161987,-4564.754395,-1105.838867,1604.208984,-4602.054199,,,,,,,,,,,,,2616.272705,1567.765503,-3159.781006,,,,,,,,,,,,,,,,,,,,,,,,,,,,,,,,,
5052,50.520000,0.000000,0.000000,0.000000,1.000000,0.000000,0.000000,0.000000,57.698101,20.499701,-14.700500,0.047771,-0.013570,0.015998,-15.666301,-52.738201,18.801300,-93.396698,0.129960,17.611099,-0.182931,-0.475644,-0.680147,0.526972,-1104.270996,1517.913574,-4602.371582,-1098.179077,1437.699585,-4614.534180,-1091.818726,1562.584106,-4628.143555,-1121.247559,1467.161987,-4564.754395,-1105.838867,1604.208984,-4602.054199,,,,,,,,,,,,,2616.305420,1567.748169,-3159.788574,,,,,,,,,,,,,,,,,,,,,,,,,,,,,,,,,
5053,50.530000,0.000000,0.000000,0.000000,1.000000,0.000000,0.000000,0.000000,57.698101,20.499701,-14.700500,0.047771,-0.013570,0.015998,-15.666301,-52.738201,18.801300,-93.396698,0.129960,17.611099,-0.182931,-0.475644,-0.680147,0.526972,-1104.270996,1517.913574,-4602.371582,-1098.179077,1437.699585,-4614.534180,-1091.818726,1562.584106,-4628.143555,-1121.247559,1467.161987,-4564.754395,-1105.838867,1604.208984,-4602.054199,,,,,,,,,,,,,2616.301025,1567.748535,-3159.775146,,,,,,,,,,,,,,,,,,,,,,,,,,,,,,,,,
5054,50.540000,0.000000,0.000000,0.000000,1.000000,0.000000,0.000000,0.000000,57.698101,20.499701,-14.700500,0.047771,-0.013570,0.015998,-15.666301,-52.738201,18.801300,-93.396698,0.129960,17.611099,-0.182931,-0.475644,-0.680147,0.526972,-1104.270996,1517.913574,-4602.371582,-1098.179077,1437.699585,-4614.534180,-1091.818726,1562.584106,-4628.143555,-1121.247559,1467.161987,-4564.754395,-1105.838867,1604.208984,-4602.054199,,,,,,,,,,,,,2616.281982,1567.709473,-3159.778076,,,,,,,,,,,,,,,,,,,,,,,,,,,,,,,,,
5055,50.550000,0.000000,0.000000,0.000000,1.000000,0.000000,0.000000,0.000000,57.698101,20.499701,-14.700500,0.047771,-0.013570,0.015998,-15.666301,-52.738201,18.801300,-93.396698,0.129960,17.611099,-0.182931,-0.475644,-0.680147,0.526972,-1104.270996,1517.913574,-4602.371582,-1098.179077,1437.699585,-4614.534180,-1091.818726,1562.584106,-4628.143555,-1121.247559,1467.161987,-4564.754395,-1105.838867,1604.208984,-4602.054199,,,,,,,,,,,,,2616.299805,1567.784180,-3159.775391,,,,,,,,,,,,,,,,,,,,,,,,,,,,,,,,,
5056,50.560000,0.000000,0.000000,0.000000,1.000000,0.000000,0.000000,0.000000,57.698101,20.499701,-14.700500,0.047771,-0.013570,0.015998,-15.666301,-52.738201,18.801300,-93.396698,0.129960,17.611099,-0.182931,-0.475644,-0.680147,0.526972,-1104.270996,1517.913574,-4602.371582,-1098.179077,1437.699585,-4614.534180,-1091.818726,1562.584106,-4628.143555,-1121.247559,1467.161987,-4564.754395,-1105.838867,1604.208984,-4602.054199,,,,,,,,,,,,,2616.307617,1567.757812,-3159.786133,,,,,,,,,,,,,,,,,,,,,,,,,,,,,,,,,
5057,50.570000,0.000000,0.000000,0.000000,1.000000,0.000000,0.000000,0.000000,57.698101,20.499701,-14.700500,0.047771,-0.013570,0.015998,-15.666301,-52.738201,18.801300,-93.396698,0.129960,17.611099,-0.182931,-0.475644,-0.680147,0.526972,-1104.270996,1517.913574,-4602.371582,-1098.179077,1437.699585,-4614.534180,-1091.818726,1562.584106,-4628.143555,-1121.247559,1467.161987,-4564.754395,-1105.838867,1604.208984,-4602.054199,,,,,,,,,,,,,2616.285889,1567.784668,-3159.781494,,,,,,,,,,,,,,,,,,,,,,,,,,,,,,,,,
5058,50.580000,0.000000,0.000000,0.000000,1.000000,0.000000,0.000000,0.000000,57.698101,20.499701,-14.700500,0.047771,-0.013570,0.015998,-15.666301,-52.738201,18.801300,-93.396698,0.129960,17.611099,-0.182931,-0.475644,-0.680147,0.526972,-1104.270996,1517.913574,-4602.371582,-1098.179077,1437.699585,-4614.534180,-1091.818726,1562.584106,-4628.143555,-1121.247559,1467.161987,-4564.754395,-1105.838867,1604.208984,-4602.054199,,,,,,,,,,,,,2616.237305,1567.780640,-3159.803467,,,,,,,,,,,,,,,,,,,,,,,,,,,,,,,,,
5059,50.590000,0.000000,0.000000,0.000000,1.000000,0.000000,0.000000,0.000000,57.698101,20.499701,-14.700500,0.047771,-0.013570,0.015998,-15.666301,-52.738201,18.801300,-93.396698,0.129960,17.611099,-0.182931,-0.475644,-0.680147,0.526972,-1104.270996,1517.913574,-4602.371582,-1098.179077,1437.699585,-4614.534180,-1091.818726,1562.584106,-4628.143555,-1121.247559,1467.161987,-4564.754395,-1105.838867,1604.208984,-4602.054199,,,,,,,,,,,,,2616.264404,1567.750977,-3159.797119,,,,,,,,,,,,,,,,,,,,,,,,,,,,,,,,,
5060,50.600000,0.000000,0.000000,0.000000,1.000000,0.000000,0.000000,0.000000,57.698101,20.499701,-14.700500,0.047771,-0.013570,0.015998,-15.666301,-52.738201,18.801300,-93.396698,0.129960,17.611099,-0.182931,-0.475644,-0.680147,0.526972,-1104.270996,1517.913574,-4602.371582,-1098.179077,1437.699585,-4614.534180,-1091.818726,1562.584106,-4628.143555,-1121.247559,1467.161987,-4564.754395,-1105.838867,1604.208984,-4602.054199,,,,,,,,,,,,,2616.275391,1567.755127,-3159.784180,,,,,,,,,,,,,,,,,,,,,,,,,,,,,,,,,
5061,50.610000,0.000000,0.000000,0.000000,1.000000,0.000000,0.000000,0.000000,57.698101,20.499701,-14.700500,0.047771,-0.013570,0.015998,-15.666301,-52.738201,18.801300,-93.396698,0.129960,17.611099,-0.182931,-0.475644,-0.680147,0.526972,-1104.270996,1517.913574,-4602.371582,-1098.179077,1437.699585,-4614.534180,-1091.818726,1562.584106,-4628.143555,-1121.247559,1467.161987,-4564.754395,-1105.838867,1604.208984,-4602.054199,,,,,,,,,,,,,2616.262939,1567.770508,-3159.787109,,,,,,,,,,,,,,,,,,,,,,,,,,,,,,,,,
5062,50.620000,0.000000,0.000000,0.000000,1.000000,0.000000,0.000000,0.000000,57.698101,20.499701,-14.700500,0.047771,-0.013570,0.015998,-15.666301,-52.738201,18.801300,-93.396698,0.129960,17.611099,-0.182931,-0.475644,-0.680147,0.526972,-1104.270996,1517.913574,-4602.371582,-1098.179077,1437.699585,-4614.534180,-1091.818726,1562.584106,-4628.143555,-1121.247559,1467.161987,-4564.754395,-1105.838867,1604.208984,-4602.054199,,,,,,,,,,,,,2616.289795,1567.785889,-3159.791992,,,,,,,,,,,,,,,,,,,,,,,,,,,,,,,,,
5063,50.630000,0.000000,0.000000,0.000000,1.000000,0.000000,0.000000,0.000000,57.698101,20.499701,-14.700500,0.047771,-0.013570,0.015998,-15.666301,-52.738201,18.801300,-93.396698,0.129960,17.611099,-0.182931,-0.475644,-0.680147,0.526972,-1104.270996,1517.913574,-4602.371582,-1098.179077,1437.699585,-4614.534180,-1091.818726,1562.584106,-4628.143555,-1121.247559,1467.161987,-4564.754395,-1105.838867,1604.208984,-4602.054199,,,,,,,,,,,,,2616.297363,1567.773682,-3159.787598,,,,,,,,,,,,,,,,,,,,,,,,,,,,,,,,,
5064,50.640000,0.000000,0.000000,0.000000,1.000000,0.000000,0.000000,0.000000,57.698101,20.499701,-14.700500,0.047771,-0.013570,0.015998,-15.666301,-52.738201,18.801300,-93.396698,0.129960,17.611099,-0.182931,-0.475644,-0.680147,0.526972,-1104.270996,1517.913574,-4602.371582,-1098.179077,1437.699585,-4614.534180,-1091.818726,1562.584106,-4628.143555,-1121.247559,1467.161987,-4564.754395,-1105.838867,1604.208984,-4602.054199,,,,,,,,,,,,,2616.297363,1567.752808,-3159.771484,,,,,,,,,,,,,,,,,,,,,,,,,,,,,,,,,
5065,50.650000,0.000000,0.000000,0.000000,1.000000,0.000000,0.000000,0.000000,57.698101,20.499701,-14.700500,0.047771,-0.013570,0.015998,-15.666301,-52.738201,18.801300,-93.396698,0.129960,17.611099,-0.182931,-0.475644,-0.680147,0.526972,-1104.270996,1517.913574,-4602.371582,-1098.179077,1437.699585,-4614.534180,-1091.818726,1562.584106,-4628.143555,-1121.247559,1467.161987,-4564.754395,-1105.838867,1604.208984,-4602.054199,,,,,,,,,,,,,2616.292480,1567.725708,-3159.780518,,,,,,,,,,,,,,,,,,,,,,,,,,,,,,,,,
5066,50.660000,0.000000,0.000000,0.000000,1.000000,0.000000,0.000000,0.000000,57.698101,20.499701,-14.700500,0.047771,-0.013570,0.015998,-15.666301,-52.738201,18.801300,-93.396698,0.129960,17.611099,-0.182931,-0.475644,-0.680147,0.526972,-1104.270996,1517.913574,-4602.371582,-1098.179077,1437.699585,-4614.534180,-1091.818726,1562.584106,-4628.143555,-1121.247559,1467.161987,-4564.754395,-1105.838867,1604.208984,-4602.054199,,,,,,,,,,,,,2616.295410,1567.718262,-3159.767090,,,,,,,,,,,,,,,,,,,,,,,,,,,,,,,,,
5067,50.670000,0.000000,0.000000,0.000000,1.000000,0.000000,0.000000,0.000000,57.698101,20.499701,-14.700500,0.047771,-0.013570,0.015998,-15.666301,-52.738201,18.801300,-93.396698,0.129960,17.611099,-0.182931,-0.475644,-0.680147,0.526972,-1104.270996,1517.913574,-4602.371582,-1098.179077,1437.699585,-4614.534180,-1091.818726,1562.584106,-4628.143555,-1121.247559,1467.161987,-4564.754395,-1105.838867,1604.208984,-4602.054199,,,,,,,,,,,,,2616.292236,1567.738647,-3159.771973,,,,,,,,,,,,,,,,,,,,,,,,,,,,,,,,,
5068,50.680000,0.000000,0.000000,0.000000,1.000000,0.000000,0.000000,0.000000,57.698101,20.499701,-14.700500,0.047771,-0.013570,0.015998,-15.666301,-52.738201,18.801300,-93.396698,0.129960,17.611099,-0.182931,-0.475644,-0.680147,0.526972,-1104.270996,1517.913574,-4602.371582,-1098.179077,1437.699585,-4614.534180,-1091.818726,1562.584106,-4628.143555,-1121.247559,1467.161987,-4564.754395,-1105.838867,1604.208984,-4602.054199,,,,,,,,,,,,,2616.290283,1567.757324,-3159.788330,,,,,,,,,,,,,,,,,,,,,,,,,,,,,,,,,
5069,50.690000,0.000000,0.000000,0.000000,1.000000,0.000000,0.000000,0.000000,57.698101,20.499701,-14.700500,0.047771,-0.013570,0.015998,-15.666301,-52.738201,18.801300,-93.396698,0.129960,17.611099,-0.182931,-0.475644,-0.680147,0.526972,-1104.270996,1517.913574,-4602.371582,-1098.179077,1437.699585,-4614.534180,-1091.818726,1562.584106,-4628.143555,-1121.247559,1467.161987,-4564.754395,-1105.838867,1604.208984,-4602.054199,,,,,,,,,,,,,2616.271484,1567.768433,-3159.795898,,,,,,,,,,,,,,,,,,,,,,,,,,,,,,,,,
5070,50.700000,0.000000,0.000000,0.000000,1.000000,0.000000,0.000000,0.000000,57.698101,20.499701,-14.700500,0.047771,-0.013570,0.015998,-15.666301,-52.738201,18.801300,-93.396698,0.129960,17.611099,-0.182931,-0.475644,-0.680147,0.526972,-1104.270996,1517.913574,-4602.371582,-1098.179077,1437.699585,-4614.534180,-1091.818726,1562.584106,-4628.143555,-1121.247559,1467.161987,-4564.754395,-1105.838867,1604.208984,-4602.054199,,,,,,,,,,,,,2616.302490,1567.720215,-3159.773438,,,,,,,,,,,,,,,,,,,,,,,,,,,,,,,,,
5071,50.710000,0.000000,0.000000,0.000000,1.000000,0.000000,0.000000,0.000000,57.698101,20.499701,-14.700500,0.047771,-0.013570,0.015998,-15.666301,-52.738201,18.801300,-93.396698,0.129960,17.611099,-0.182931,-0.475644,-0.680147,0.526972,-1104.270996,1517.913574,-4602.371582,-1098.179077,1437.699585,-4614.534180,-1091.818726,1562.584106,-4628.143555,-1121.247559,1467.161987,-4564.754395,-1105.838867,1604.208984,-4602.054199,,,,,,,,,,,,,2616.293945,1567.722900,-3159.767334,,,,,,,,,,,,,,,,,,,,,,,,,,,,,,,,,
5072,50.720000,0.000000,0.000000,0.000000,1.000000,0.000000,0.000000,0.000000,57.698101,20.499701,-14.700500,0.047771,-0.013570,0.015998,-15.666301,-52.738201,18.801300,-93.396698,0.129960,17.611099,-0.182931,-0.475644,-0.680147,0.526972,-1104.270996,1517.913574,-4602.371582,-1098.179077,1437.699585,-4614.534180,-1091.818726,1562.584106,-4628.143555,-1121.247559,1467.161987,-4564.754395,-1105.838867,1604.208984,-4602.054199,,,,,,,,,,,,,2616.277832,1567.751953,-3159.792969,,,,,,,,,,,,,,,,,,,,,,,,,,,,,,,,,
5073,50.730000,0.000000,0.000000,0.000000,1.000000,0.000000,0.000000,0.000000,57.698101,20.499701,-14.700500,0.047771,-0.013570,0.015998,-15.666301,-52.738201,18.801300,-93.396698,0.129960,17.611099,-0.182931,-0.475644,-0.680147,0.526972,-1104.270996,1517.913574,-4602.371582,-1098.179077,1437.699585,-4614.534180,-1091.818726,1562.584106,-4628.143555,-1121.247559,1467.161987,-4564.754395,-1105.838867,1604.208984,-4602.054199,,,,,,,,,,,,,2616.285889,1567.764404,-3159.803955,,,,,,,,,,,,,,,,,,,,,,,,,,,,,,,,,
5074,50.740000,0.000000,0.000000,0.000000,1.000000,0.000000,0.000000,0.000000,57.698101,20.499701,-14.700500,0.047771,-0.013570,0.015998,-15.666301,-52.738201,18.801300,-93.396698,0.129960,17.611099,-0.182931,-0.475644,-0.680147,0.526972,-1104.270996,1517.913574,-4602.371582,-1098.179077,1437.699585,-4614.534180,-1091.818726,1562.584106,-4628.143555,-1121.247559,1467.161987,-4564.754395,-1105.838867,1604.208984,-4602.054199,,,,,,,,,,,,,2616.260986,1567.777344,-3159.798340,,,,,,,,,,,,,,,,,,,,,,,,,,,,,,,,,
5075,50.750000,0.000000,0.000000,0.000000,1.000000,0.000000,0.000000,0.000000,57.698101,20.499701,-14.700500,0.047771,-0.013570,0.015998,-15.666301,-52.738201,18.801300,-93.396698,0.129960,17.611099,-0.182931,-0.475644,-0.680147,0.526972,-1104.270996,1517.913574,-4602.371582,-1098.179077,1437.699585,-4614.534180,-1091.818726,1562.584106,-4628.143555,-1121.247559,1467.161987,-4564.754395,-1105.838867,1604.208984,-4602.054199,,,,,,,,,,,,,2616.300781,1567.785278,-3159.787598,,,,,,,,,,,,,,,,,,,,,,,,,,,,,,,,,
5076,50.760000,0.000000,0.000000,0.000000,1.000000,0.000000,0.000000,0.000000,57.698101,20.499701,-14.700500,0.047771,-0.013570,0.015998,-15.666301,-52.738201,18.801300,-93.396698,0.129960,17.611099,-0.182931,-0.475644,-0.680147,0.526972,-1104.270996,1517.913574,-4602.371582,-1098.179077,1437.699585,-4614.534180,-1091.818726,1562.584106,-4628.143555,-1121.247559,1467.161987,-4564.754395,-1105.838867,1604.208984,-4602.054199,,,,,,,,,,,,,2616.305908,1567.750000,-3159.783936,,,,,,,,,,,,,,,,,,,,,,,,,,,,,,,,,
5077,50.770000,0.000000,0.000000,0.000000,1.000000,0.000000,0.000000,0.000000,57.698101,20.499701,-14.700500,0.047771,-0.013570,0.015998,-15.666301,-52.738201,18.801300,-93.396698,0.129960,17.611099,-0.182931,-0.475644,-0.680147,0.526972,-1104.270996,1517.913574,-4602.371582,-1098.179077,1437.699585,-4614.534180,-1091.818726,1562.584106,-4628.143555,-1121.247559,1467.161987,-4564.754395,-1105.838867,1604.208984,-4602.054199,,,,,,,,,,,,,2616.327637,1567.747925,-3159.774170,,,,,,,,,,,,,,,,,,,,,,,,,,,,,,,,,
5078,50.780000,0.000000,0.000000,0.000000,1.000000,0.000000,0.000000,0.000000,57.698101,20.499701,-14.700500,0.047771,-0.013570,0.015998,-15.666301,-52.738201,18.801300,-93.396698,0.129960,17.611099,-0.182931,-0.475644,-0.680147,0.526972,-1104.270996,1517.913574,-4602.371582,-1098.179077,1437.699585,-4614.534180,-1091.818726,1562.584106,-4628.143555,-1121.247559,1467.161987,-4564.754395,-1105.838867,1604.208984,-4602.054199,,,,,,,,,,,,,2616.305176,1567.714478,-3159.765869,,,,,,,,,,,,,,,,,,,,,,,,,,,,,,,,,
5079,50.790000,0.000000,0.000000,0.000000,1.000000,0.000000,0.000000,0.000000,57.698101,20.499701,-14.700500,0.047771,-0.013570,0.015998,-15.666301,-52.738201,18.801300,-93.396698,0.129960,17.611099,-0.182931,-0.475644,-0.680147,0.526972,-1104.270996,1517.913574,-4602.371582,-1098.179077,1437.699585,-4614.534180,-1091.818726,1562.584106,-4628.143555,-1121.247559,1467.161987,-4564.754395,-1105.838867,1604.208984,-4602.054199,,,,,,,,,,,,,2616.293701,1567.770630,-3159.781738,,,,,,,,,,,,,,,,,,,,,,,,,,,,,,,,,
5080,50.800000,0.000000,0.000000,0.000000,1.000000,0.000000,0.000000,0.000000,57.698101,20.499701,-14.700500,0.047771,-0.013570,0.015998,-15.666301,-52.738201,18.801300,-93.396698,0.129960,17.611099,-0.182931,-0.475644,-0.680147,0.526972,-1104.270996,1517.913574,-4602.371582,-1098.179077,1437.699585,-4614.534180,-1091.818726,1562.584106,-4628.143555,-1121.247559,1467.161987,-4564.754395,-1105.838867,1604.208984,-4602.054199,,,,,,,,,,,,,2616.262939,1567.750122,-3159.792480,,,,,,,,,,,,,,,,,,,,,,,,,,,,,,,,,
5081,50.810000,0.000000,0.000000,0.000000,1.000000,0.000000,0.000000,0.000000,57.698101,20.499701,-14.700500,0.047771,-0.013570,0.015998,-15.666301,-52.738201,18.801300,-93.396698,0.129960,17.611099,-0.182931,-0.475644,-0.680147,0.526972,-1104.270996,1517.913574,-4602.371582,-1098.179077,1437.699585,-4614.534180,-1091.818726,1562.584106,-4628.143555,-1121.247559,1467.161987,-4564.754395,-1105.838867,1604.208984,-4602.054199,,,,,,,,,,,,,2616.272217,1567.764893,-3159.793457,,,,,,,,,,,,,,,,,,,,,,,,,,,,,,,,,
5082,50.820000,0.000000,0.000000,0.000000,1.000000,0.000000,0.000000,0.000000,57.698101,20.499701,-14.700500,0.047771,-0.013570,0.015998,-15.666301,-52.738201,18.801300,-93.396698,0.129960,17.611099,-0.182931,-0.475644,-0.680147,0.526972,-1104.270996,1517.913574,-4602.371582,-1098.179077,1437.699585,-4614.534180,-1091.818726,1562.584106,-4628.143555,-1121.247559,1467.161987,-4564.754395,-1105.838867,1604.208984,-4602.054199,,,,,,,,,,,,,2616.264160,1567.786133,-3159.795898,,,,,,,,,,,,,,,,,,,,,,,,,,,,,,,,,
5083,50.830000,0.000000,0.000000,0.000000,1.000000,0.000000,0.000000,0.000000,57.698101,20.499701,-14.700500,0.047771,-0.013570,0.015998,-15.666301,-52.738201,18.801300,-93.396698,0.129960,17.611099,-0.182931,-0.475644,-0.680147,0.526972,-1104.270996,1517.913574,-4602.371582,-1098.179077,1437.699585,-4614.534180,-1091.818726,1562.584106,-4628.143555,-1121.247559,1467.161987,-4564.754395,-1105.838867,1604.208984,-4602.054199,,,,,,,,,,,,,2616.273926,1567.756104,-3159.789062,,,,,,,,,,,,,,,,,,,,,,,,,,,,,,,,,
5084,50.840000,0.000000,0.000000,0.000000,1.000000,0.000000,0.000000,0.000000,57.698101,20.499701,-14.700500,0.047771,-0.013570,0.015998,-15.666301,-52.738201,18.801300,-93.396698,0.129960,17.611099,-0.182931,-0.475644,-0.680147,0.526972,-1104.270996,1517.913574,-4602.371582,-1098.179077,1437.699585,-4614.534180,-1091.818726,1562.584106,-4628.143555,-1121.247559,1467.161987,-4564.754395,-1105.838867,1604.208984,-4602.054199,,,,,,,,,,,,,2616.296143,1567.751099,-3159.776611,,,,,,,,,,,,,,,,,,,,,,,,,,,,,,,,,
5085,50.850000,0.000000,0.000000,0.000000,1.000000,0.000000,0.000000,0.000000,57.698101,20.499701,-14.700500,0.047771,-0.013570,0.015998,-15.666301,-52.738201,18.801300,-93.396698,0.129960,17.611099,-0.182931,-0.475644,-0.680147,0.526972,-1104.270996,1517.913574,-4602.371582,-1098.179077,1437.699585,-4614.534180,-1091.818726,1562.584106,-4628.143555,-1121.247559,1467.161987,-4564.754395,-1105.838867,1604.208984,-4602.054199,,,,,,,,,,,,,2616.270752,1567.758545,-3159.781738,,,,,,,,,,,,,,,,,,,,,,,,,,,,,,,,,
5086,50.860000,0.000000,0.000000,0.000000,1.000000,0.000000,0.000000,0.000000,57.698101,20.499701,-14.700500,0.047771,-0.013570,0.015998,-15.666301,-52.738201,18.801300,-93.396698,0.129960,17.611099,-0.182931,-0.475644,-0.680147,0.526972,-1104.270996,1517.913574,-4602.371582,-1098.179077,1437.699585,-4614.534180,-1091.818726,1562.584106,-4628.143555,-1121.247559,1467.161987,-4564.754395,-1105.838867,1604.208984,-4602.054199,,,,,,,,,,,,,2616.267578,1567.781128,-3159.794434,,,,,,,,,,,,,,,,,,,,,,,,,,,,,,,,,
5087,50.870000,0.000000,0.000000,0.000000,1.000000,0.000000,0.000000,0.000000,57.698101,20.499701,-14.700500,0.047771,-0.013570,0.015998,-15.666301,-52.738201,18.801300,-93.396698,0.129960,17.611099,-0.182931,-0.475644,-0.680147,0.526972,-1104.270996,1517.913574,-4602.371582,-1098.179077,1437.699585,-4614.534180,-1091.818726,1562.584106,-4628.143555,-1121.247559,1467.161987,-4564.754395,-1105.838867,1604.208984,-4602.054199,,,,,,,,,,,,,2616.304199,1567.725952,-3159.780029,,,,,,,,,,,,,,,,,,,,,,,,,,,,,,,,,
5088,50.880000,0.000000,0.000000,0.000000,1.000000,0.000000,0.000000,0.000000,57.698101,20.499701,-14.700500,0.047771,-0.013570,0.015998,-15.666301,-52.738201,18.801300,-93.396698,0.129960,17.611099,-0.182931,-0.475644,-0.680147,0.526972,-1104.270996,1517.913574,-4602.371582,-1098.179077,1437.699585,-4614.534180,-1091.818726,1562.584106,-4628.143555,-1121.247559,1467.161987,-4564.754395,-1105.838867,1604.208984,-4602.054199,,,,,,,,,,,,,2616.300781,1567.753906,-3159.770508,,,,,,,,,,,,,,,,,,,,,,,,,,,,,,,,,
5089,50.890000,0.000000,0.000000,0.000000,1.000000,0.000000,0.000000,0.000000,57.698101,20.499701,-14.700500,0.047771,-0.013570,0.015998,-15.666301,-52.738201,18.801300,-93.396698,0.129960,17.611099,-0.182931,-0.475644,-0.680147,0.526972,-1104.270996,1517.913574,-4602.371582,-1098.179077,1437.699585,-4614.534180,-1091.818726,1562.584106,-4628.143555,-1121.247559,1467.161987,-4564.754395,-1105.838867,1604.208984,-4602.054199,,,,,,,,,,,,,2616.266846,1567.755371,-3159.791016,,,,,,,,,,,,,,,,,,,,,,,,,,,,,,,,,
5090,50.900000,0.000000,0.000000,0.000000,1.000000,0.000000,0.000000,0.000000,57.698101,20.499701,-14.700500,0.047771,-0.013570,0.015998,-15.666301,-52.738201,18.801300,-93.396698,0.129960,17.611099,-0.182931,-0.475644,-0.680147,0.526972,-1104.270996,1517.913574,-4602.371582,-1098.179077,1437.699585,-4614.534180,-1091.818726,1562.584106,-4628.143555,-1121.247559,1467.161987,-4564.754395,-1105.838867,1604.208984,-4602.054199,,,,,,,,,,,,,2616.254639,1567.734009,-3159.791992,,,,,,,,,,,,,,,,,,,,,,,,,,,,,,,,,
5091,50.910000,0.000000,0.000000,0.000000,1.000000,0.000000,0.000000,0.000000,57.698101,20.499701,-14.700500,0.047771,-0.013570,0.015998,-15.666301,-52.738201,18.801300,-93.396698,0.129960,17.611099,-0.182931,-0.475644,-0.680147,0.526972,-1104.270996,1517.913574,-4602.371582,-1098.179077,1437.699585,-4614.534180,-1091.818726,1562.584106,-4628.143555,-1121.247559,1467.161987,-4564.754395,-1105.838867,1604.208984,-4602.054199,,,,,,,,,,,,,2616.280029,1567.756226,-3159.784668,,,,,,,,,,,,,,,,,,,,,,,,,,,,,,,,,
5092,50.920000,0.000000,0.000000,0.000000,1.000000,0.000000,0.000000,0.000000,57.698101,20.499701,-14.700500,0.047771,-0.013570,0.015998,-15.666301,-52.738201,18.801300,-93.396698,0.129960,17.611099,-0.182931,-0.475644,-0.680147,0.526972,-1104.270996,1517.913574,-4602.371582,-1098.179077,1437.699585,-4614.534180,-1091.818726,1562.584106,-4628.143555,-1121.247559,1467.161987,-4564.754395,-1105.838867,1604.208984,-4602.054199,,,,,,,,,,,,,2616.308594,1567.745117,-3159.791016,,,,,,,,,,,,,,,,,,,,,,,,,,,,,,,,,
5093,50.930000,0.000000,0.000000,0.000000,1.000000,0.000000,0.000000,0.000000,57.698101,20.499701,-14.700500,0.047771,-0.013570,0.015998,-15.666301,-52.738201,18.801300,-93.396698,0.129960,17.611099,-0.182931,-0.475644,-0.680147,0.526972,-1104.270996,1517.913574,-4602.371582,-1098.179077,1437.699585,-4614.534180,-1091.818726,1562.584106,-4628.143555,-1121.247559,1467.161987,-4564.754395,-1105.838867,1604.208984,-4602.054199,,,,,,,,,,,,,2616.325439,1567.720215,-3159.772949,,,,,,,,,,,,,,,,,,,,,,,,,,,,,,,,,
5094,50.940000,0.000000,0.000000,0.000000,1.000000,0.000000,0.000000,0.000000,57.698101,20.499701,-14.700500,0.047771,-0.013570,0.015998,-15.666301,-52.738201,18.801300,-93.396698,0.129960,17.611099,-0.182931,-0.475644,-0.680147,0.526972,-1104.270996,1517.913574,-4602.371582,-1098.179077,1437.699585,-4614.534180,-1091.818726,1562.584106,-4628.143555,-1121.247559,1467.161987,-4564.754395,-1105.838867,1604.208984,-4602.054199,,,,,,,,,,,,,2616.298584,1567.745972,-3159.774414,,,,,,,,,,,,,,,,,,,,,,,,,,,,,,,,,
5095,50.950000,0.000000,0.000000,0.000000,1.000000,0.000000,0.000000,0.000000,57.698101,20.499701,-14.700500,0.047771,-0.013570,0.015998,-15.666301,-52.738201,18.801300,-93.396698,0.129960,17.611099,-0.182931,-0.475644,-0.680147,0.526972,-1104.270996,1517.913574,-4602.371582,-1098.179077,1437.699585,-4614.534180,-1091.818726,1562.584106,-4628.143555,-1121.247559,1467.161987,-4564.754395,-1105.838867,1604.208984,-4602.054199,,,,,,,,,,,,,2616.277100,1567.760498,-3159.794189,,,,,,,,,,,,,,,,,,,,,,,,,,,,,,,,,
5096,50.960000,0.000000,0.000000,0.000000,1.000000,0.000000,0.000000,0.000000,57.698101,20.499701,-14.700500,0.047771,-0.013570,0.015998,-15.666301,-52.738201,18.801300,-93.396698,0.129960,17.611099,-0.182931,-0.475644,-0.680147,0.526972,-1104.270996,1517.913574,-4602.371582,-1098.179077,1437.699585,-4614.534180,-1091.818726,1562.584106,-4628.143555,-1121.247559,1467.161987,-4564.754395,-1105.838867,1604.208984,-4602.054199,,,,,,,,,,,,,2616.286377,1567.769775,-3159.789307,,,,,,,,,,,,,,,,,,,,,,,,,,,,,,,,,
5097,50.970000,0.000000,0.000000,0.000000,1.000000,0.000000,0.000000,0.000000,57.698101,20.499701,-14.700500,0.047771,-0.013570,0.015998,-15.666301,-52.738201,18.801300,-93.396698,0.129960,17.611099,-0.182931,-0.475644,-0.680147,0.526972,-1104.270996,1517.913574,-4602.371582,-1098.179077,1437.699585,-4614.534180,-1091.818726,1562.584106,-4628.143555,-1121.247559,1467.161987,-4564.754395,-1105.838867,1604.208984,-4602.054199,,,,,,,,,,,,,2616.263184,1567.771729,-3159.797607,,,,,,,,,,,,,,,,,,,,,,,,,,,,,,,,,
5098,50.980000,0.000000,0.000000,0.000000,1.000000,0.000000,0.000000,0.000000,57.698101,20.499701,-14.700500,0.047771,-0.013570,0.015998,-15.666301,-52.738201,18.801300,-93.396698,0.129960,17.611099,-0.182931,-0.475644,-0.680147,0.526972,-1104.270996,1517.913574,-4602.371582,-1098.179077,1437.699585,-4614.534180,-1091.818726,1562.584106,-4628.143555,-1121.247559,1467.161987,-4564.754395,-1105.838867,1604.208984,-4602.054199,,,,,,,,,,,,,2616.267822,1567.762573,-3159.783203,,,,,,,,,,,,,,,,,,,,,,,,,,,,,,,,,
5099,50.990000,0.000000,0.000000,0.000000,1.000000,0.000000,0.000000,0.000000,57.698101,20.499701,-14.700500,0.047771,-0.013570,0.015998,-15.666301,-52.738201,18.801300,-93.396698,0.129960,17.611099,-0.182931,-0.475644,-0.680147,0.526972,-1104.270996,1517.913574,-4602.371582,-1098.179077,1437.699585,-4614.534180,-1091.818726,1562.584106,-4628.143555,-1121.247559,1467.161987,-4564.754395,-1105.838867,1604.208984,-4602.054199,,,,,,,,,,,,,2616.280029,1567.736206,-3159.781250,,,,,,,,,,,,,,,,,,,,,,,,,,,,,,,,,
5100,51.000000,0.000000,0.000000,0.000000,1.000000,0.000000,0.000000,0.000000,57.698101,20.499701,-14.700500,0.047771,-0.013570,0.015998,-15.666301,-52.738201,18.801300,-93.396698,0.129960,17.611099,-0.182931,-0.475644,-0.680147,0.526972,-1104.270996,1517.913574,-4602.371582,-1098.179077,1437.699585,-4614.534180,-1091.818726,1562.584106,-4628.143555,-1121.247559,1467.161987,-4564.754395,-1105.838867,1604.208984,-4602.054199,,,,,,,,,,,,,2616.281738,1567.742920,-3159.774902,,,,,,,,,,,,,,,,,,,,,,,,,,,,,,,,,
5101,51.010000,0.000000,0.000000,0.000000,1.000000,0.000000,0.000000,0.000000,57.698101,20.499701,-14.700500,0.047771,-0.013570,0.015998,-15.666301,-52.738201,18.801300,-93.396698,0.129960,17.611099,-0.182931,-0.475644,-0.680147,0.526972,-1104.270996,1517.913574,-4602.371582,-1098.179077,1437.699585,-4614.534180,-1091.818726,1562.584106,-4628.143555,-1121.247559,1467.161987,-4564.754395,-1105.838867,1604.208984,-4602.054199,,,,,,,,,,,,,2616.285889,1567.755005,-3159.783447,,,,,,,,,,,,,,,,,,,,,,,,,,,,,,,,,
5102,51.020000,0.000000,0.000000,0.000000,1.000000,0.000000,0.000000,0.000000,57.698101,20.499701,-14.700500,0.047771,-0.013570,0.015998,-15.666301,-52.738201,18.801300,-93.396698,0.129960,17.611099,-0.182931,-0.475644,-0.680147,0.526972,-1104.270996,1517.913574,-4602.371582,-1098.179077,1437.699585,-4614.534180,-1091.818726,1562.584106,-4628.143555,-1121.247559,1467.161987,-4564.754395,-1105.838867,1604.208984,-4602.054199,,,,,,,,,,,,,2616.291504,1567.715088,-3159.780518,,,,,,,,,,,,,,,,,,,,,,,,,,,,,,,,,
5103,51.030000,0.000000,0.000000,0.000000,1.000000,0.000000,0.000000,0.000000,57.698101,20.499701,-14.700500,0.047771,-0.013570,0.015998,-15.666301,-52.738201,18.801300,-93.396698,0.129960,17.611099,-0.182931,-0.475644,-0.680147,0.526972,-1104.270996,1517.913574,-4602.371582,-1098.179077,1437.699585,-4614.534180,-1091.818726,1562.584106,-4628.143555,-1121.247559,1467.161987,-4564.754395,-1105.838867,1604.208984,-4602.054199,,,,,,,,,,,,,2616.271484,1567.751709,-3159.777100,,,,,,,,,,,,,,,,,,,,,,,,,,,,,,,,,
5104,51.040000,0.000000,0.000000,0.000000,1.000000,0.000000,0.000000,0.000000,57.698101,20.499701,-14.700500,0.047771,-0.013570,0.015998,-15.666301,-52.738201,18.801300,-93.396698,0.129960,17.611099,-0.182931,-0.475644,-0.680147,0.526972,-1104.270996,1517.913574,-4602.371582,-1098.179077,1437.699585,-4614.534180,-1091.818726,1562.584106,-4628.143555,-1121.247559,1467.161987,-4564.754395,-1105.838867,1604.208984,-4602.054199,,,,,,,,,,,,,2616.265625,1567.771484,-3159.801758,,,,,,,,,,,,,,,,,,,,,,,,,,,,,,,,,
5105,51.050000,0.000000,0.000000,0.000000,1.000000,0.000000,0.000000,0.000000,57.698101,20.499701,-14.700500,0.047771,-0.013570,0.015998,-15.666301,-52.738201,18.801300,-93.396698,0.129960,17.611099,-0.182931,-0.475644,-0.680147,0.526972,-1104.270996,1517.913574,-4602.371582,-1098.179077,1437.699585,-4614.534180,-1091.818726,1562.584106,-4628.143555,-1121.247559,1467.161987,-4564.754395,-1105.838867,1604.208984,-4602.054199,,,,,,,,,,,,,2616.251465,1567.743530,-3159.787109,,,,,,,,,,,,,,,,,,,,,,,,,,,,,,,,,
5106,51.060000,0.000000,0.000000,0.000000,1.000000,0.000000,0.000000,0.000000,57.698101,20.499701,-14.700500,0.047771,-0.013570,0.015998,-15.666301,-52.738201,18.801300,-93.396698,0.129960,17.611099,-0.182931,-0.475644,-0.680147,0.526972,-1104.270996,1517.913574,-4602.371582,-1098.179077,1437.699585,-4614.534180,-1091.818726,1562.584106,-4628.143555,-1121.247559,1467.161987,-4564.754395,-1105.838867,1604.208984,-4602.054199,,,,,,,,,,,,,2616.298584,1567.759399,-3159.776611,,,,,,,,,,,,,,,,,,,,,,,,,,,,,,,,,
5107,51.070000,0.000000,0.000000,0.000000,1.000000,0.000000,0.000000,0.000000,57.698101,20.499701,-14.700500,0.047771,-0.013570,0.015998,-15.666301,-52.738201,18.801300,-93.396698,0.129960,17.611099,-0.182931,-0.475644,-0.680147,0.526972,-1104.270996,1517.913574,-4602.371582,-1098.179077,1437.699585,-4614.534180,-1091.818726,1562.584106,-4628.143555,-1121.247559,1467.161987,-4564.754395,-1105.838867,1604.208984,-4602.054199,,,,,,,,,,,,,2616.296143,1567.739868,-3159.763428,,,,,,,,,,,,,,,,,,,,,,,,,,,,,,,,,
5108,51.080000,0.000000,0.000000,0.000000,1.000000,0.000000,0.000000,0.000000,57.698101,20.499701,-14.700500,0.047771,-0.013570,0.015998,-15.666301,-52.738201,18.801300,-93.396698,0.129960,17.611099,-0.182931,-0.475644,-0.680147,0.526972,-1104.270996,1517.913574,-4602.371582,-1098.179077,1437.699585,-4614.534180,-1091.818726,1562.584106,-4628.143555,-1121.247559,1467.161987,-4564.754395,-1105.838867,1604.208984,-4602.054199,,,,,,,,,,,,,2616.274414,1567.785522,-3159.776855,,,,,,,,,,,,,,,,,,,,,,,,,,,,,,,,,
5109,51.090000,0.000000,0.000000,0.000000,1.000000,0.000000,0.000000,0.000000,57.698101,20.499701,-14.700500,0.047771,-0.013570,0.015998,-15.666301,-52.738201,18.801300,-93.396698,0.129960,17.611099,-0.182931,-0.475644,-0.680147,0.526972,-1104.270996,1517.913574,-4602.371582,-1098.179077,1437.699585,-4614.534180,-1091.818726,1562.584106,-4628.143555,-1121.247559,1467.161987,-4564.754395,-1105.838867,1604.208984,-4602.054199,,,,,,,,,,,,,2616.288818,1567.758911,-3159.782959,,,,,,,,,,,,,,,,,,,,,,,,,,,,,,,,,
5110,51.100000,0.000000,0.000000,0.000000,1.000000,0.000000,0.000000,0.000000,57.698101,20.499701,-14.700500,0.047771,-0.013570,0.015998,-15.666301,-52.738201,18.801300,-93.396698,0.129960,17.611099,-0.182931,-0.475644,-0.680147,0.526972,-1104.270996,1517.913574,-4602.371582,-1098.179077,1437.699585,-4614.534180,-1091.818726,1562.584106,-4628.143555,-1121.247559,1467.161987,-4564.754395,-1105.838867,1604.208984,-4602.054199,,,,,,,,,,,,,2616.272949,1567.739868,-3159.782959,,,,,,,,,,,,,,,,,,,,,,,,,,,,,,,,,
5111,51.110000,0.000000,0.000000,0.000000,1.000000,0.000000,0.000000,0.000000,57.698101,20.499701,-14.700500,0.047771,-0.013570,0.015998,-15.666301,-52.738201,18.801300,-93.396698,0.129960,17.611099,-0.182931,-0.475644,-0.680147,0.526972,-1104.270996,1517.913574,-4602.371582,-1098.179077,1437.699585,-4614.534180,-1091.818726,1562.584106,-4628.143555,-1121.247559,1467.161987,-4564.754395,-1105.838867,1604.208984,-4602.054199,,,,,,,,,,,,,2616.307617,1567.724976,-3159.770996,,,,,,,,,,,,,,,,,,,,,,,,,,,,,,,,,
5112,51.120000,0.000000,0.000000,0.000000,1.000000,0.000000,0.000000,0.000000,57.698101,20.499701,-14.700500,0.047771,-0.013570,0.015998,-15.666301,-52.738201,18.801300,-93.396698,0.129960,17.611099,-0.182931,-0.475644,-0.680147,0.526972,-1104.270996,1517.913574,-4602.371582,-1098.179077,1437.699585,-4614.534180,-1091.818726,1562.584106,-4628.143555,-1121.247559,1467.161987,-4564.754395,-1105.838867,1604.208984,-4602.054199,,,,,,,,,,,,,2616.306641,1567.736938,-3159.769043,,,,,,,,,,,,,,,,,,,,,,,,,,,,,,,,,
5113,51.130000,0.000000,0.000000,0.000000,1.000000,0.000000,0.000000,0.000000,57.698101,20.499701,-14.700500,0.047771,-0.013570,0.015998,-15.666301,-52.738201,18.801300,-93.396698,0.129960,17.611099,-0.182931,-0.475644,-0.680147,0.526972,-1104.270996,1517.913574,-4602.371582,-1098.179077,1437.699585,-4614.534180,-1091.818726,1562.584106,-4628.143555,-1121.247559,1467.161987,-4564.754395,-1105.838867,1604.208984,-4602.054199,,,,,,,,,,,,,2616.276123,1567.739868,-3159.773438,,,,,,,,,,,,,,,,,,,,,,,,,,,,,,,,,
5114,51.140000,0.000000,0.000000,0.000000,1.000000,0.000000,0.000000,0.000000,57.698101,20.499701,-14.700500,0.047771,-0.013570,0.015998,-15.666301,-52.738201,18.801300,-93.396698,0.129960,17.611099,-0.182931,-0.475644,-0.680147,0.526972,-1104.270996,1517.913574,-4602.371582,-1098.179077,1437.699585,-4614.534180,-1091.818726,1562.584106,-4628.143555,-1121.247559,1467.161987,-4564.754395,-1105.838867,1604.208984,-4602.054199,,,,,,,,,,,,,2616.288574,1567.740723,-3159.776611,,,,,,,,,,,,,,,,,,,,,,,,,,,,,,,,,
5115,51.150000,0.000000,0.000000,0.000000,1.000000,0.000000,0.000000,0.000000,57.698101,20.499701,-14.700500,0.047771,-0.013570,0.015998,-15.666301,-52.738201,18.801300,-93.396698,0.129960,17.611099,-0.182931,-0.475644,-0.680147,0.526972,-1104.270996,1517.913574,-4602.371582,-1098.179077,1437.699585,-4614.534180,-1091.818726,1562.584106,-4628.143555,-1121.247559,1467.161987,-4564.754395,-1105.838867,1604.208984,-4602.054199,,,,,,,,,,,,,2616.325684,1567.750610,-3159.773193,,,,,,,,,,,,,,,,,,,,,,,,,,,,,,,,,
5116,51.160000,0.000000,0.000000,0.000000,1.000000,0.000000,0.000000,0.000000,57.698101,20.499701,-14.700500,0.047771,-0.013570,0.015998,-15.666301,-52.738201,18.801300,-93.396698,0.129960,17.611099,-0.182931,-0.475644,-0.680147,0.526972,-1104.270996,1517.913574,-4602.371582,-1098.179077,1437.699585,-4614.534180,-1091.818726,1562.584106,-4628.143555,-1121.247559,1467.161987,-4564.754395,-1105.838867,1604.208984,-4602.054199,,,,,,,,,,,,,2616.310303,1567.756592,-3159.777588,,,,,,,,,,,,,,,,,,,,,,,,,,,,,,,,,
5117,51.170000,0.000000,0.000000,0.000000,1.000000,0.000000,0.000000,0.000000,57.698101,20.499701,-14.700500,0.047771,-0.013570,0.015998,-15.666301,-52.738201,18.801300,-93.396698,0.129960,17.611099,-0.182931,-0.475644,-0.680147,0.526972,-1104.270996,1517.913574,-4602.371582,-1098.179077,1437.699585,-4614.534180,-1091.818726,1562.584106,-4628.143555,-1121.247559,1467.161987,-4564.754395,-1105.838867,1604.208984,-4602.054199,,,,,,,,,,,,,2616.288330,1567.774658,-3159.781006,,,,,,,,,,,,,,,,,,,,,,,,,,,,,,,,,
5118,51.180000,0.000000,0.000000,0.000000,1.000000,0.000000,0.000000,0.000000,57.698101,20.499701,-14.700500,0.047771,-0.013570,0.015998,-15.666301,-52.738201,18.801300,-93.396698,0.129960,17.611099,-0.182931,-0.475644,-0.680147,0.526972,-1104.270996,1517.913574,-4602.371582,-1098.179077,1437.699585,-4614.534180,-1091.818726,1562.584106,-4628.143555,-1121.247559,1467.161987,-4564.754395,-1105.838867,1604.208984,-4602.054199,,,,,,,,,,,,,2616.301025,1567.723755,-3159.770264,,,,,,,,,,,,,,,,,,,,,,,,,,,,,,,,,
5119,51.190000,0.000000,0.000000,0.000000,1.000000,0.000000,0.000000,0.000000,57.698101,20.499701,-14.700500,0.047771,-0.013570,0.015998,-15.666301,-52.738201,18.801300,-93.396698,0.129960,17.611099,-0.182931,-0.475644,-0.680147,0.526972,-1104.270996,1517.913574,-4602.371582,-1098.179077,1437.699585,-4614.534180,-1091.818726,1562.584106,-4628.143555,-1121.247559,1467.161987,-4564.754395,-1105.838867,1604.208984,-4602.054199,,,,,,,,,,,,,2616.275879,1567.744751,-3159.775391,,,,,,,,,,,,,,,,,,,,,,,,,,,,,,,,,
5120,51.200000,0.000000,0.000000,0.000000,1.000000,0.000000,0.000000,0.000000,57.698101,20.499701,-14.700500,0.047771,-0.013570,0.015998,-15.666301,-52.738201,18.801300,-93.396698,0.129960,17.611099,-0.182931,-0.475644,-0.680147,0.526972,-1104.270996,1517.913574,-4602.371582,-1098.179077,1437.699585,-4614.534180,-1091.818726,1562.584106,-4628.143555,-1121.247559,1467.161987,-4564.754395,-1105.838867,1604.208984,-4602.054199,,,,,,,,,,,,,2616.280029,1567.755859,-3159.786865,,,,,,,,,,,,,,,,,,,,,,,,,,,,,,,,,
5121,51.210000,0.000000,0.000000,0.000000,1.000000,0.000000,0.000000,0.000000,57.698101,20.499701,-14.700500,0.047771,-0.013570,0.015998,-15.666301,-52.738201,18.801300,-93.396698,0.129960,17.611099,-0.182931,-0.475644,-0.680147,0.526972,-1104.270996,1517.913574,-4602.371582,-1098.179077,1437.699585,-4614.534180,-1091.818726,1562.584106,-4628.143555,-1121.247559,1467.161987,-4564.754395,-1105.838867,1604.208984,-4602.054199,,,,,,,,,,,,,2616.264404,1567.743286,-3159.789062,,,,,,,,,,,,,,,,,,,,,,,,,,,,,,,,,
5122,51.220000,0.000000,0.000000,0.000000,1.000000,0.000000,0.000000,0.000000,57.698101,20.499701,-14.700500,0.047771,-0.013570,0.015998,-15.666301,-52.738201,18.801300,-93.396698,0.129960,17.611099,-0.182931,-0.475644,-0.680147,0.526972,-1104.270996,1517.913574,-4602.371582,-1098.179077,1437.699585,-4614.534180,-1091.818726,1562.584106,-4628.143555,-1121.247559,1467.161987,-4564.754395,-1105.838867,1604.208984,-4602.054199,,,,,,,,,,,,,2616.305908,1567.716797,-3159.776367,,,,,,,,,,,,,,,,,,,,,,,,,,,,,,,,,
5123,51.230000,0.000000,0.000000,0.000000,1.000000,0.000000,0.000000,0.000000,57.698101,20.499701,-14.700500,0.047771,-0.013570,0.015998,-15.666301,-52.738201,18.801300,-93.396698,0.129960,17.611099,-0.182931,-0.475644,-0.680147,0.526972,-1104.270996,1517.913574,-4602.371582,-1098.179077,1437.699585,-4614.534180,-1091.818726,1562.584106,-4628.143555,-1121.247559,1467.161987,-4564.754395,-1105.838867,1604.208984,-4602.054199,,,,,,,,,,,,,2616.304932,1567.764282,-3159.778076,,,,,,,,,,,,,,,,,,,,,,,,,,,,,,,,,
5124,51.240000,0.000000,0.000000,0.000000,1.000000,0.000000,0.000000,0.000000,57.698101,20.499701,-14.700500,0.047771,-0.013570,0.015998,-15.666301,-52.738201,18.801300,-93.396698,0.129960,17.611099,-0.182931,-0.475644,-0.680147,0.526972,-1104.270996,1517.913574,-4602.371582,-1098.179077,1437.699585,-4614.534180,-1091.818726,1562.584106,-4628.143555,-1121.247559,1467.161987,-4564.754395,-1105.838867,1604.208984,-4602.054199,,,,,,,,,,,,,2616.269287,1567.725830,-3159.788330,,,,,,,,,,,,,,,,,,,,,,,,,,,,,,,,,
5125,51.250000,0.000000,0.000000,0.000000,1.000000,0.000000,0.000000,0.000000,57.698101,20.499701,-14.700500,0.047771,-0.013570,0.015998,-15.666301,-52.738201,18.801300,-93.396698,0.129960,17.611099,-0.182931,-0.475644,-0.680147,0.526972,-1104.270996,1517.913574,-4602.371582,-1098.179077,1437.699585,-4614.534180,-1091.818726,1562.584106,-4628.143555,-1121.247559,1467.161987,-4564.754395,-1105.838867,1604.208984,-4602.054199,,,,,,,,,,,,,2616.272461,1567.734131,-3159.780273,,,,,,,,,,,,,,,,,,,,,,,,,,,,,,,,,
5126,51.260000,0.000000,0.000000,0.000000,1.000000,0.000000,0.000000,0.000000,57.698101,20.499701,-14.700500,0.047771,-0.013570,0.015998,-15.666301,-52.738201,18.801300,-93.396698,0.129960,17.611099,-0.182931,-0.475644,-0.680147,0.526972,-1104.270996,1517.913574,-4602.371582,-1098.179077,1437.699585,-4614.534180,-1091.818726,1562.584106,-4628.143555,-1121.247559,1467.161987,-4564.754395,-1105.838867,1604.208984,-4602.054199,,,,,,,,,,,,,2616.285645,1567.726807,-3159.782227,,,,,,,,,,,,,,,,,,,,,,,,,,,,,,,,,
5127,51.270000,0.000000,0.000000,0.000000,1.000000,0.000000,0.000000,0.000000,57.698101,20.499701,-14.700500,0.047771,-0.013570,0.015998,-15.666301,-52.738201,18.801300,-93.396698,0.129960,17.611099,-0.182931,-0.475644,-0.680147,0.526972,-1104.270996,1517.913574,-4602.371582,-1098.179077,1437.699585,-4614.534180,-1091.818726,1562.584106,-4628.143555,-1121.247559,1467.161987,-4564.754395,-1105.838867,1604.208984,-4602.054199,,,,,,,,,,,,,2616.295654,1567.759277,-3159.775635,,,,,,,,,,,,,,,,,,,,,,,,,,,,,,,,,
5128,51.280000,0.000000,0.000000,0.000000,1.000000,0.000000,0.000000,0.000000,57.698101,20.499701,-14.700500,0.047771,-0.013570,0.015998,-15.666301,-52.738201,18.801300,-93.396698,0.129960,17.611099,-0.182931,-0.475644,-0.680147,0.526972,-1104.270996,1517.913574,-4602.371582,-1098.179077,1437.699585,-4614.534180,-1091.818726,1562.584106,-4628.143555,-1121.247559,1467.161987,-4564.754395,-1105.838867,1604.208984,-4602.054199,,,,,,,,,,,,,2616.287598,1567.745239,-3159.773193,,,,,,,,,,,,,,,,,,,,,,,,,,,,,,,,,
5129,51.290000,0.000000,0.000000,0.000000,1.000000,0.000000,0.000000,0.000000,57.698101,20.499701,-14.700500,0.047771,-0.013570,0.015998,-15.666301,-52.738201,18.801300,-93.396698,0.129960,17.611099,-0.182931,-0.475644,-0.680147,0.526972,-1104.270996,1517.913574,-4602.371582,-1098.179077,1437.699585,-4614.534180,-1091.818726,1562.584106,-4628.143555,-1121.247559,1467.161987,-4564.754395,-1105.838867,1604.208984,-4602.054199,,,,,,,,,,,,,2616.297363,1567.689209,-3159.761963,,,,,,,,,,,,,,,,,,,,,,,,,,,,,,,,,
5130,51.300000,0.000000,0.000000,0.000000,1.000000,0.000000,0.000000,0.000000,57.698101,20.499701,-14.700500,0.047771,-0.013570,0.015998,-15.666301,-52.738201,18.801300,-93.396698,0.129960,17.611099,-0.182931,-0.475644,-0.680147,0.526972,-1104.270996,1517.913574,-4602.371582,-1098.179077,1437.699585,-4614.534180,-1091.818726,1562.584106,-4628.143555,-1121.247559,1467.161987,-4564.754395,-1105.838867,1604.208984,-4602.054199,,,,,,,,,,,,,2616.269531,1567.730469,-3159.772461,,,,,,,,,,,,,,,,,,,,,,,,,,,,,,,,,
5131,51.310000,0.000000,0.000000,0.000000,1.000000,0.000000,0.000000,0.000000,57.698101,20.499701,-14.700500,0.047771,-0.013570,0.015998,-15.666301,-52.738201,18.801300,-93.396698,0.129960,17.611099,-0.182931,-0.475644,-0.680147,0.526972,-1104.270996,1517.913574,-4602.371582,-1098.179077,1437.699585,-4614.534180,-1091.818726,1562.584106,-4628.143555,-1121.247559,1467.161987,-4564.754395,-1105.838867,1604.208984,-4602.054199,,,,,,,,,,,,,2616.283691,1567.742065,-3159.780762,,,,,,,,,,,,,,,,,,,,,,,,,,,,,,,,,
5132,51.320000,0.000000,0.000000,0.000000,1.000000,0.000000,0.000000,0.000000,57.698101,20.499701,-14.700500,0.047771,-0.013570,0.015998,-15.666301,-52.738201,18.801300,-93.396698,0.129960,17.611099,-0.182931,-0.475644,-0.680147,0.526972,-1104.270996,1517.913574,-4602.371582,-1098.179077,1437.699585,-4614.534180,-1091.818726,1562.584106,-4628.143555,-1121.247559,1467.161987,-4564.754395,-1105.838867,1604.208984,-4602.054199,,,,,,,,,,,,,2616.277100,1567.743408,-3159.779053,,,,,,,,,,,,,,,,,,,,,,,,,,,,,,,,,
5133,51.330000,0.000000,0.000000,0.000000,1.000000,0.000000,0.000000,0.000000,57.698101,20.499701,-14.700500,0.047771,-0.013570,0.015998,-15.666301,-52.738201,18.801300,-93.396698,0.129960,17.611099,-0.182931,-0.475644,-0.680147,0.526972,-1104.270996,1517.913574,-4602.371582,-1098.179077,1437.699585,-4614.534180,-1091.818726,1562.584106,-4628.143555,-1121.247559,1467.161987,-4564.754395,-1105.838867,1604.208984,-4602.054199,,,,,,,,,,,,,2616.298828,1567.726807,-3159.764404,,,,,,,,,,,,,,,,,,,,,,,,,,,,,,,,,
5134,51.340000,0.000000,0.000000,0.000000,1.000000,0.000000,0.000000,0.000000,57.698101,20.499701,-14.700500,0.047771,-0.013570,0.015998,-15.666301,-52.738201,18.801300,-93.396698,0.129960,17.611099,-0.182931,-0.475644,-0.680147,0.526972,-1104.270996,1517.913574,-4602.371582,-1098.179077,1437.699585,-4614.534180,-1091.818726,1562.584106,-4628.143555,-1121.247559,1467.161987,-4564.754395,-1105.838867,1604.208984,-4602.054199,,,,,,,,,,,,,2616.297607,1567.774902,-3159.772949,,,,,,,,,,,,,,,,,,,,,,,,,,,,,,,,,
5135,51.350000,0.000000,0.000000,0.000000,1.000000,0.000000,0.000000,0.000000,57.698101,20.499701,-14.700500,0.047771,-0.013570,0.015998,-15.666301,-52.738201,18.801300,-93.396698,0.129960,17.611099,-0.182931,-0.475644,-0.680147,0.526972,-1104.270996,1517.913574,-4602.371582,-1098.179077,1437.699585,-4614.534180,-1091.818726,1562.584106,-4628.143555,-1121.247559,1467.161987,-4564.754395,-1105.838867,1604.208984,-4602.054199,,,,,,,,,,,,,2616.303223,1567.806396,-3159.789062,,,,,,,,,,,,,,,,,,,,,,,,,,,,,,,,,
5136,51.360000,0.000000,0.000000,0.000000,1.000000,0.000000,0.000000,0.000000,57.698101,20.499701,-14.700500,0.047771,-0.013570,0.015998,-15.666301,-52.738201,18.801300,-93.396698,0.129960,17.611099,-0.182931,-0.475644,-0.680147,0.526972,-1104.270996,1517.913574,-4602.371582,-1098.179077,1437.699585,-4614.534180,-1091.818726,1562.584106,-4628.143555,-1121.247559,1467.161987,-4564.754395,-1105.838867,1604.208984,-4602.054199,,,,,,,,,,,,,2616.270508,1567.775391,-3159.796875,,,,,,,,,,,,,,,,,,,,,,,,,,,,,,,,,
5137,51.370000,0.000000,0.000000,0.000000,1.000000,0.000000,0.000000,0.000000,57.698101,20.499701,-14.700500,0.047771,-0.013570,0.015998,-15.666301,-52.738201,18.801300,-93.396698,0.129960,17.611099,-0.182931,-0.475644,-0.680147,0.526972,-1104.270996,1517.913574,-4602.371582,-1098.179077,1437.699585,-4614.534180,-1091.818726,1562.584106,-4628.143555,-1121.247559,1467.161987,-4564.754395,-1105.838867,1604.208984,-4602.054199,,,,,,,,,,,,,2616.302979,1567.771240,-3159.777344,,,,,,,,,,,,,,,,,,,,,,,,,,,,,,,,,
5138,51.380000,0.000000,0.000000,0.000000,1.000000,0.000000,0.000000,0.000000,57.698101,20.499701,-14.700500,0.047771,-0.013570,0.015998,-15.666301,-52.738201,18.801300,-93.396698,0.129960,17.611099,-0.182931,-0.475644,-0.680147,0.526972,-1104.270996,1517.913574,-4602.371582,-1098.179077,1437.699585,-4614.534180,-1091.818726,1562.584106,-4628.143555,-1121.247559,1467.161987,-4564.754395,-1105.838867,1604.208984,-4602.054199,,,,,,,,,,,,,2616.311768,1567.757202,-3159.769287,,,,,,,,,,,,,,,,,,,,,,,,,,,,,,,,,
5139,51.390000,0.000000,0.000000,0.000000,1.000000,0.000000,0.000000,0.000000,57.698101,20.499701,-14.700500,0.047771,-0.013570,0.015998,-15.666301,-52.738201,18.801300,-93.396698,0.129960,17.611099,-0.182931,-0.475644,-0.680147,0.526972,-1104.270996,1517.913574,-4602.371582,-1098.179077,1437.699585,-4614.534180,-1091.818726,1562.584106,-4628.143555,-1121.247559,1467.161987,-4564.754395,-1105.838867,1604.208984,-4602.054199,,,,,,,,,,,,,2616.313232,1567.748413,-3159.769775,,,,,,,,,,,,,,,,,,,,,,,,,,,,,,,,,
5140,51.400000,0.000000,0.000000,0.000000,1.000000,0.000000,0.000000,0.000000,57.698101,20.499701,-14.700500,0.047771,-0.013570,0.015998,-15.666301,-52.738201,18.801300,-93.396698,0.129960,17.611099,-0.182931,-0.475644,-0.680147,0.526972,-1104.270996,1517.913574,-4602.371582,-1098.179077,1437.699585,-4614.534180,-1091.818726,1562.584106,-4628.143555,-1121.247559,1467.161987,-4564.754395,-1105.838867,1604.208984,-4602.054199,,,,,,,,,,,,,2616.287109,1567.745239,-3159.771240,,,,,,,,,,,,,,,,,,,,,,,,,,,,,,,,,
5141,51.410000,0.000000,0.000000,0.000000,1.000000,0.000000,0.000000,0.000000,57.698101,20.499701,-14.700500,0.047771,-0.013570,0.015998,-15.666301,-52.738201,18.801300,-93.396698,0.129960,17.611099,-0.182931,-0.475644,-0.680147,0.526972,-1104.270996,1517.913574,-4602.371582,-1098.179077,1437.699585,-4614.534180,-1091.818726,1562.584106,-4628.143555,-1121.247559,1467.161987,-4564.754395,-1105.838867,1604.208984,-4602.054199,,,,,,,,,,,,,2616.286377,1567.751465,-3159.784424,,,,,,,,,,,,,,,,,,,,,,,,,,,,,,,,,
5142,51.420000,0.000000,0.000000,0.000000,1.000000,0.000000,0.000000,0.000000,57.698101,20.499701,-14.700500,0.047771,-0.013570,0.015998,-15.666301,-52.738201,18.801300,-93.396698,0.129960,17.611099,-0.182931,-0.475644,-0.680147,0.526972,-1104.270996,1517.913574,-4602.371582,-1098.179077,1437.699585,-4614.534180,-1091.818726,1562.584106,-4628.143555,-1121.247559,1467.161987,-4564.754395,-1105.838867,1604.208984,-4602.054199,,,,,,,,,,,,,2616.320801,1567.743774,-3159.784912,,,,,,,,,,,,,,,,,,,,,,,,,,,,,,,,,
5143,51.430000,0.000000,0.000000,0.000000,1.000000,0.000000,0.000000,0.000000,57.698101,20.499701,-14.700500,0.047771,-0.013570,0.015998,-15.666301,-52.738201,18.801300,-93.396698,0.129960,17.611099,-0.182931,-0.475644,-0.680147,0.526972,-1104.270996,1517.913574,-4602.371582,-1098.179077,1437.699585,-4614.534180,-1091.818726,1562.584106,-4628.143555,-1121.247559,1467.161987,-4564.754395,-1105.838867,1604.208984,-4602.054199,,,,,,,,,,,,,2616.320557,1567.728882,-3159.770264,,,,,,,,,,,,,,,,,,,,,,,,,,,,,,,,,
5144,51.440000,0.000000,0.000000,0.000000,1.000000,0.000000,0.000000,0.000000,57.698101,20.499701,-14.700500,0.047771,-0.013570,0.015998,-15.666301,-52.738201,18.801300,-93.396698,0.129960,17.611099,-0.182931,-0.475644,-0.680147,0.526972,-1104.270996,1517.913574,-4602.371582,-1098.179077,1437.699585,-4614.534180,-1091.818726,1562.584106,-4628.143555,-1121.247559,1467.161987,-4564.754395,-1105.838867,1604.208984,-4602.054199,,,,,,,,,,,,,2616.289795,1567.730347,-3159.778076,,,,,,,,,,,,,,,,,,,,,,,,,,,,,,,,,
5145,51.450000,0.000000,0.000000,0.000000,1.000000,0.000000,0.000000,0.000000,57.698101,20.499701,-14.700500,0.047771,-0.013570,0.015998,-15.666301,-52.738201,18.801300,-93.396698,0.129960,17.611099,-0.182931,-0.475644,-0.680147,0.526972,-1104.270996,1517.913574,-4602.371582,-1098.179077,1437.699585,-4614.534180,-1091.818726,1562.584106,-4628.143555,-1121.247559,1467.161987,-4564.754395,-1105.838867,1604.208984,-4602.054199,,,,,,,,,,,,,2616.293701,1567.755493,-3159.784180,,,,,,,,,,,,,,,,,,,,,,,,,,,,,,,,,
5146,51.460000,0.000000,0.000000,0.000000,1.000000,0.000000,0.000000,0.000000,57.698101,20.499701,-14.700500,0.047771,-0.013570,0.015998,-15.666301,-52.738201,18.801300,-93.396698,0.129960,17.611099,-0.182931,-0.475644,-0.680147,0.526972,-1104.270996,1517.913574,-4602.371582,-1098.179077,1437.699585,-4614.534180,-1091.818726,1562.584106,-4628.143555,-1121.247559,1467.161987,-4564.754395,-1105.838867,1604.208984,-4602.054199,,,,,,,,,,,,,2616.316406,1567.757324,-3159.777344,,,,,,,,,,,,,,,,,,,,,,,,,,,,,,,,,
5147,51.470000,0.000000,0.000000,0.000000,1.000000,0.000000,0.000000,0.000000,57.698101,20.499701,-14.700500,0.047771,-0.013570,0.015998,-15.666301,-52.738201,18.801300,-93.396698,0.129960,17.611099,-0.182931,-0.475644,-0.680147,0.526972,-1104.270996,1517.913574,-4602.371582,-1098.179077,1437.699585,-4614.534180,-1091.818726,1562.584106,-4628.143555,-1121.247559,1467.161987,-4564.754395,-1105.838867,1604.208984,-4602.054199,,,,,,,,,,,,,2616.305176,1567.751465,-3159.774902,,,,,,,,,,,,,,,,,,,,,,,,,,,,,,,,,
5148,51.480000,0.000000,0.000000,0.000000,1.000000,0.000000,0.000000,0.000000,57.698101,20.499701,-14.700500,0.047771,-0.013570,0.015998,-15.666301,-52.738201,18.801300,-93.396698,0.129960,17.611099,-0.182931,-0.475644,-0.680147,0.526972,-1104.270996,1517.913574,-4602.371582,-1098.179077,1437.699585,-4614.534180,-1091.818726,1562.584106,-4628.143555,-1121.247559,1467.161987,-4564.754395,-1105.838867,1604.208984,-4602.054199,,,,,,,,,,,,,2616.291504,1567.741577,-3159.782227,,,,,,,,,,,,,,,,,,,,,,,,,,,,,,,,,
5149,51.490000,0.000000,0.000000,0.000000,1.000000,0.000000,0.000000,0.000000,57.698101,20.499701,-14.700500,0.047771,-0.013570,0.015998,-15.666301,-52.738201,18.801300,-93.396698,0.129960,17.611099,-0.182931,-0.475644,-0.680147,0.526972,-1104.270996,1517.913574,-4602.371582,-1098.179077,1437.699585,-4614.534180,-1091.818726,1562.584106,-4628.143555,-1121.247559,1467.161987,-4564.754395,-1105.838867,1604.208984,-4602.054199,,,,,,,,,,,,,2616.302002,1567.763184,-3159.792480,,,,,,,,,,,,,,,,,,,,,,,,,,,,,,,,,
5150,51.500000,0.000000,0.000000,0.000000,1.000000,0.000000,0.000000,0.000000,57.698101,20.499701,-14.700500,0.047771,-0.013570,0.015998,-15.666301,-52.738201,18.801300,-93.396698,0.129960,17.611099,-0.182931,-0.475644,-0.680147,0.526972,-1104.270996,1517.913574,-4602.371582,-1098.179077,1437.699585,-4614.534180,-1091.818726,1562.584106,-4628.143555,-1121.247559,1467.161987,-4564.754395,-1105.838867,1604.208984,-4602.054199,,,,,,,,,,,,,2616.284424,1567.754517,-3159.792725,,,,,,,,,,,,,,,,,,,,,,,,,,,,,,,,,
5151,51.510000,0.000000,0.000000,0.000000,1.000000,0.000000,0.000000,0.000000,57.698101,20.499701,-14.700500,0.047771,-0.013570,0.015998,-15.666301,-52.738201,18.801300,-93.396698,0.129960,17.611099,-0.182931,-0.475644,-0.680147,0.526972,-1104.270996,1517.913574,-4602.371582,-1098.179077,1437.699585,-4614.534180,-1091.818726,1562.584106,-4628.143555,-1121.247559,1467.161987,-4564.754395,-1105.838867,1604.208984,-4602.054199,,,,,,,,,,,,,2616.293945,1567.729248,-3159.778564,,,,,,,,,,,,,,,,,,,,,,,,,,,,,,,,,
5152,51.520000,0.000000,0.000000,0.000000,1.000000,0.000000,0.000000,0.000000,57.698101,20.499701,-14.700500,0.047771,-0.013570,0.015998,-15.666301,-52.738201,18.801300,-93.396698,0.129960,17.611099,-0.182931,-0.475644,-0.680147,0.526972,-1104.270996,1517.913574,-4602.371582,-1098.179077,1437.699585,-4614.534180,-1091.818726,1562.584106,-4628.143555,-1121.247559,1467.161987,-4564.754395,-1105.838867,1604.208984,-4602.054199,,,,,,,,,,,,,2616.285400,1567.748535,-3159.774658,,,,,,,,,,,,,,,,,,,,,,,,,,,,,,,,,
5153,51.530000,0.000000,0.000000,0.000000,1.000000,0.000000,0.000000,0.000000,57.698101,20.499701,-14.700500,0.047771,-0.013570,0.015998,-15.666301,-52.738201,18.801300,-93.396698,0.129960,17.611099,-0.182931,-0.475644,-0.680147,0.526972,-1104.270996,1517.913574,-4602.371582,-1098.179077,1437.699585,-4614.534180,-1091.818726,1562.584106,-4628.143555,-1121.247559,1467.161987,-4564.754395,-1105.838867,1604.208984,-4602.054199,,,,,,,,,,,,,2616.302246,1567.725220,-3159.769287,,,,,,,,,,,,,,,,,,,,,,,,,,,,,,,,,
5154,51.540000,0.000000,0.000000,0.000000,1.000000,0.000000,0.000000,0.000000,57.698101,20.499701,-14.700500,0.047771,-0.013570,0.015998,-15.666301,-52.738201,18.801300,-93.396698,0.129960,17.611099,-0.182931,-0.475644,-0.680147,0.526972,-1104.270996,1517.913574,-4602.371582,-1098.179077,1437.699585,-4614.534180,-1091.818726,1562.584106,-4628.143555,-1121.247559,1467.161987,-4564.754395,-1105.838867,1604.208984,-4602.054199,,,,,,,,,,,,,2616.289307,1567.754272,-3159.781982,,,,,,,,,,,,,,,,,,,,,,,,,,,,,,,,,
5155,51.550000,0.000000,0.000000,0.000000,1.000000,0.000000,0.000000,0.000000,57.698101,20.499701,-14.700500,0.047771,-0.013570,0.015998,-15.666301,-52.738201,18.801300,-93.396698,0.129960,17.611099,-0.182931,-0.475644,-0.680147,0.526972,-1104.270996,1517.913574,-4602.371582,-1098.179077,1437.699585,-4614.534180,-1091.818726,1562.584106,-4628.143555,-1121.247559,1467.161987,-4564.754395,-1105.838867,1604.208984,-4602.054199,,,,,,,,,,,,,2616.250977,1567.750000,-3159.797607,,,,,,,,,,,,,,,,,,,,,,,,,,,,,,,,,
5156,51.560000,0.000000,0.000000,0.000000,1.000000,0.000000,0.000000,0.000000,57.698101,20.499701,-14.700500,0.047771,-0.013570,0.015998,-15.666301,-52.738201,18.801300,-93.396698,0.129960,17.611099,-0.182931,-0.475644,-0.680147,0.526972,-1104.270996,1517.913574,-4602.371582,-1098.179077,1437.699585,-4614.534180,-1091.818726,1562.584106,-4628.143555,-1121.247559,1467.161987,-4564.754395,-1105.838867,1604.208984,-4602.054199,,,,,,,,,,,,,2616.287109,1567.751953,-3159.795898,,,,,,,,,,,,,,,,,,,,,,,,,,,,,,,,,
5157,51.570000,0.000000,0.000000,0.000000,1.000000,0.000000,0.000000,0.000000,57.698101,20.499701,-14.700500,0.047771,-0.013570,0.015998,-15.666301,-52.738201,18.801300,-93.396698,0.129960,17.611099,-0.182931,-0.475644,-0.680147,0.526972,-1104.270996,1517.913574,-4602.371582,-1098.179077,1437.699585,-4614.534180,-1091.818726,1562.584106,-4628.143555,-1121.247559,1467.161987,-4564.754395,-1105.838867,1604.208984,-4602.054199,,,,,,,,,,,,,2616.300781,1567.737061,-3159.773682,,,,,,,,,,,,,,,,,,,,,,,,,,,,,,,,,
5158,51.580000,0.000000,0.000000,0.000000,1.000000,0.000000,0.000000,0.000000,57.698101,20.499701,-14.700500,0.047771,-0.013570,0.015998,-15.666301,-52.738201,18.801300,-93.396698,0.129960,17.611099,-0.182931,-0.475644,-0.680147,0.526972,-1104.270996,1517.913574,-4602.371582,-1098.179077,1437.699585,-4614.534180,-1091.818726,1562.584106,-4628.143555,-1121.247559,1467.161987,-4564.754395,-1105.838867,1604.208984,-4602.054199,,,,,,,,,,,,,2616.268799,1567.741211,-3159.775879,,,,,,,,,,,,,,,,,,,,,,,,,,,,,,,,,
5159,51.590000,0.000000,0.000000,0.000000,1.000000,0.000000,0.000000,0.000000,57.698101,20.499701,-14.700500,0.047771,-0.013570,0.015998,-15.666301,-52.738201,18.801300,-93.396698,0.129960,17.611099,-0.182931,-0.475644,-0.680147,0.526972,-1104.270996,1517.913574,-4602.371582,-1098.179077,1437.699585,-4614.534180,-1091.818726,1562.584106,-4628.143555,-1121.247559,1467.161987,-4564.754395,-1105.838867,1604.208984,-4602.054199,,,,,,,,,,,,,2616.267578,1567.741211,-3159.778076,,,,,,,,,,,,,,,,,,,,,,,,,,,,,,,,,
5160,51.600000,0.000000,0.000000,0.000000,1.000000,0.000000,0.000000,0.000000,57.698101,20.499701,-14.700500,0.047771,-0.013570,0.015998,-15.666301,-52.738201,18.801300,-93.396698,0.129960,17.611099,-0.182931,-0.475644,-0.680147,0.526972,-1104.270996,1517.913574,-4602.371582,-1098.179077,1437.699585,-4614.534180,-1091.818726,1562.584106,-4628.143555,-1121.247559,1467.161987,-4564.754395,-1105.838867,1604.208984,-4602.054199,,,,,,,,,,,,,2616.292480,1567.747559,-3159.762939,,,,,,,,,,,,,,,,,,,,,,,,,,,,,,,,,
5161,51.610000,0.000000,0.000000,0.000000,1.000000,0.000000,0.000000,0.000000,57.698101,20.499701,-14.700500,0.047771,-0.013570,0.015998,-15.666301,-52.738201,18.801300,-93.396698,0.129960,17.611099,-0.182931,-0.475644,-0.680147,0.526972,-1104.270996,1517.913574,-4602.371582,-1098.179077,1437.699585,-4614.534180,-1091.818726,1562.584106,-4628.143555,-1121.247559,1467.161987,-4564.754395,-1105.838867,1604.208984,-4602.054199,,,,,,,,,,,,,2616.283447,1567.719604,-3159.772461,,,,,,,,,,,,,,,,,,,,,,,,,,,,,,,,,
5162,51.620000,0.000000,0.000000,0.000000,1.000000,0.000000,0.000000,0.000000,57.698101,20.499701,-14.700500,0.047771,-0.013570,0.015998,-15.666301,-52.738201,18.801300,-93.396698,0.129960,17.611099,-0.182931,-0.475644,-0.680147,0.526972,-1104.270996,1517.913574,-4602.371582,-1098.179077,1437.699585,-4614.534180,-1091.818726,1562.584106,-4628.143555,-1121.247559,1467.161987,-4564.754395,-1105.838867,1604.208984,-4602.054199,,,,,,,,,,,,,2616.302490,1567.764771,-3159.770508,,,,,,,,,,,,,,,,,,,,,,,,,,,,,,,,,
5163,51.630000,0.000000,0.000000,0.000000,1.000000,0.000000,0.000000,0.000000,57.698101,20.499701,-14.700500,0.047771,-0.013570,0.015998,-15.666301,-52.738201,18.801300,-93.396698,0.129960,17.611099,-0.182931,-0.475644,-0.680147,0.526972,-1104.270996,1517.913574,-4602.371582,-1098.179077,1437.699585,-4614.534180,-1091.818726,1562.584106,-4628.143555,-1121.247559,1467.161987,-4564.754395,-1105.838867,1604.208984,-4602.054199,,,,,,,,,,,,,2616.282715,1567.777222,-3159.788330,,,,,,,,,,,,,,,,,,,,,,,,,,,,,,,,,
5164,51.640000,0.000000,0.000000,0.000000,1.000000,0.000000,0.000000,0.000000,57.698101,20.499701,-14.700500,0.047771,-0.013570,0.015998,-15.666301,-52.738201,18.801300,-93.396698,0.129960,17.611099,-0.182931,-0.475644,-0.680147,0.526972,-1104.270996,1517.913574,-4602.371582,-1098.179077,1437.699585,-4614.534180,-1091.818726,1562.584106,-4628.143555,-1121.247559,1467.161987,-4564.754395,-1105.838867,1604.208984,-4602.054199,,,,,,,,,,,,,2616.289795,1567.772217,-3159.787598,,,,,,,,,,,,,,,,,,,,,,,,,,,,,,,,,
5165,51.650000,0.000000,0.000000,0.000000,1.000000,0.000000,0.000000,0.000000,57.698101,20.499701,-14.700500,0.047771,-0.013570,0.015998,-15.666301,-52.738201,18.801300,-93.396698,0.129960,17.611099,-0.182931,-0.475644,-0.680147,0.526972,-1104.270996,1517.913574,-4602.371582,-1098.179077,1437.699585,-4614.534180,-1091.818726,1562.584106,-4628.143555,-1121.247559,1467.161987,-4564.754395,-1105.838867,1604.208984,-4602.054199,,,,,,,,,,,,,2616.275391,1567.752197,-3159.790527,,,,,,,,,,,,,,,,,,,,,,,,,,,,,,,,,
5166,51.660000,0.000000,0.000000,0.000000,1.000000,0.000000,0.000000,0.000000,57.698101,20.499701,-14.700500,0.047771,-0.013570,0.015998,-15.666301,-52.738201,18.801300,-93.396698,0.129960,17.611099,-0.182931,-0.475644,-0.680147,0.526972,-1104.270996,1517.913574,-4602.371582,-1098.179077,1437.699585,-4614.534180,-1091.818726,1562.584106,-4628.143555,-1121.247559,1467.161987,-4564.754395,-1105.838867,1604.208984,-4602.054199,,,,,,,,,,,,,2616.326172,1567.725952,-3159.763184,,,,,,,,,,,,,,,,,,,,,,,,,,,,,,,,,
5167,51.670000,0.000000,0.000000,0.000000,1.000000,0.000000,0.000000,0.000000,57.698101,20.499701,-14.700500,0.047771,-0.013570,0.015998,-15.666301,-52.738201,18.801300,-93.396698,0.129960,17.611099,-0.182931,-0.475644,-0.680147,0.526972,-1104.270996,1517.913574,-4602.371582,-1098.179077,1437.699585,-4614.534180,-1091.818726,1562.584106,-4628.143555,-1121.247559,1467.161987,-4564.754395,-1105.838867,1604.208984,-4602.054199,,,,,,,,,,,,,2616.312988,1567.735596,-3159.764893,,,,,,,,,,,,,,,,,,,,,,,,,,,,,,,,,
5168,51.680000,0.000000,0.000000,0.000000,1.000000,0.000000,0.000000,0.000000,57.698101,20.499701,-14.700500,0.047771,-0.013570,0.015998,-15.666301,-52.738201,18.801300,-93.396698,0.129960,17.611099,-0.182931,-0.475644,-0.680147,0.526972,-1104.270996,1517.913574,-4602.371582,-1098.179077,1437.699585,-4614.534180,-1091.818726,1562.584106,-4628.143555,-1121.247559,1467.161987,-4564.754395,-1105.838867,1604.208984,-4602.054199,,,,,,,,,,,,,2616.322510,1567.755859,-3159.770508,,,,,,,,,,,,,,,,,,,,,,,,,,,,,,,,,
5169,51.690000,0.000000,0.000000,0.000000,1.000000,0.000000,0.000000,0.000000,57.698101,20.499701,-14.700500,0.047771,-0.013570,0.015998,-15.666301,-52.738201,18.801300,-93.396698,0.129960,17.611099,-0.182931,-0.475644,-0.680147,0.526972,-1104.270996,1517.913574,-4602.371582,-1098.179077,1437.699585,-4614.534180,-1091.818726,1562.584106,-4628.143555,-1121.247559,1467.161987,-4564.754395,-1105.838867,1604.208984,-4602.054199,,,,,,,,,,,,,2616.276367,1567.711914,-3159.781494,,,,,,,,,,,,,,,,,,,,,,,,,,,,,,,,,
5170,51.700000,0.000000,0.000000,0.000000,1.000000,0.000000,0.000000,0.000000,57.698101,20.499701,-14.700500,0.047771,-0.013570,0.015998,-15.666301,-52.738201,18.801300,-93.396698,0.129960,17.611099,-0.182931,-0.475644,-0.680147,0.526972,-1104.270996,1517.913574,-4602.371582,-1098.179077,1437.699585,-4614.534180,-1091.818726,1562.584106,-4628.143555,-1121.247559,1467.161987,-4564.754395,-1105.838867,1604.208984,-4602.054199,,,,,,,,,,,,,2616.266846,1567.754761,-3159.792725,,,,,,,,,,,,,,,,,,,,,,,,,,,,,,,,,
5171,51.710000,0.000000,0.000000,0.000000,1.000000,0.000000,0.000000,0.000000,57.698101,20.499701,-14.700500,0.047771,-0.013570,0.015998,-15.666301,-52.738201,18.801300,-93.396698,0.129960,17.611099,-0.182931,-0.475644,-0.680147,0.526972,-1104.270996,1517.913574,-4602.371582,-1098.179077,1437.699585,-4614.534180,-1091.818726,1562.584106,-4628.143555,-1121.247559,1467.161987,-4564.754395,-1105.838867,1604.208984,-4602.054199,,,,,,,,,,,,,2616.290283,1567.758789,-3159.793701,,,,,,,,,,,,,,,,,,,,,,,,,,,,,,,,,
5172,51.720000,0.000000,0.000000,0.000000,1.000000,0.000000,0.000000,0.000000,57.698101,20.499701,-14.700500,0.047771,-0.013570,0.015998,-15.666301,-52.738201,18.801300,-93.396698,0.129960,17.611099,-0.182931,-0.475644,-0.680147,0.526972,-1104.270996,1517.913574,-4602.371582,-1098.179077,1437.699585,-4614.534180,-1091.818726,1562.584106,-4628.143555,-1121.247559,1467.161987,-4564.754395,-1105.838867,1604.208984,-4602.054199,,,,,,,,,,,,,2616.297119,1567.734985,-3159.784180,,,,,,,,,,,,,,,,,,,,,,,,,,,,,,,,,
5173,51.730000,0.000000,0.000000,0.000000,1.000000,0.000000,0.000000,0.000000,57.698101,20.499701,-14.700500,0.047771,-0.013570,0.015998,-15.666301,-52.738201,18.801300,-93.396698,0.129960,17.611099,-0.182931,-0.475644,-0.680147,0.526972,-1104.270996,1517.913574,-4602.371582,-1098.179077,1437.699585,-4614.534180,-1091.818726,1562.584106,-4628.143555,-1121.247559,1467.161987,-4564.754395,-1105.838867,1604.208984,-4602.054199,,,,,,,,,,,,,2616.286133,1567.766846,-3159.791504,,,,,,,,,,,,,,,,,,,,,,,,,,,,,,,,,
5174,51.740000,0.000000,0.000000,0.000000,1.000000,0.000000,0.000000,0.000000,57.698101,20.499701,-14.700500,0.047771,-0.013570,0.015998,-15.666301,-52.738201,18.801300,-93.396698,0.129960,17.611099,-0.182931,-0.475644,-0.680147,0.526972,-1104.270996,1517.913574,-4602.371582,-1098.179077,1437.699585,-4614.534180,-1091.818726,1562.584106,-4628.143555,-1121.247559,1467.161987,-4564.754395,-1105.838867,1604.208984,-4602.054199,,,,,,,,,,,,,2616.297607,1567.725586,-3159.780029,,,,,,,,,,,,,,,,,,,,,,,,,,,,,,,,,
5175,51.750000,0.000000,0.000000,0.000000,1.000000,0.000000,0.000000,0.000000,57.698101,20.499701,-14.700500,0.047771,-0.013570,0.015998,-15.666301,-52.738201,18.801300,-93.396698,0.129960,17.611099,-0.182931,-0.475644,-0.680147,0.526972,-1104.270996,1517.913574,-4602.371582,-1098.179077,1437.699585,-4614.534180,-1091.818726,1562.584106,-4628.143555,-1121.247559,1467.161987,-4564.754395,-1105.838867,1604.208984,-4602.054199,,,,,,,,,,,,,2616.281982,1567.715576,-3159.770996,,,,,,,,,,,,,,,,,,,,,,,,,,,,,,,,,
5176,51.760000,0.000000,0.000000,0.000000,1.000000,0.000000,0.000000,0.000000,57.698101,20.499701,-14.700500,0.047771,-0.013570,0.015998,-15.666301,-52.738201,18.801300,-93.396698,0.129960,17.611099,-0.182931,-0.475644,-0.680147,0.526972,-1104.270996,1517.913574,-4602.371582,-1098.179077,1437.699585,-4614.534180,-1091.818726,1562.584106,-4628.143555,-1121.247559,1467.161987,-4564.754395,-1105.838867,1604.208984,-4602.054199,,,,,,,,,,,,,2616.285156,1567.762207,-3159.790527,,,,,,,,,,,,,,,,,,,,,,,,,,,,,,,,,
5177,51.770000,0.000000,0.000000,0.000000,1.000000,0.000000,0.000000,0.000000,57.698101,20.499701,-14.700500,0.047771,-0.013570,0.015998,-15.666301,-52.738201,18.801300,-93.396698,0.129960,17.611099,-0.182931,-0.475644,-0.680147,0.526972,-1104.270996,1517.913574,-4602.371582,-1098.179077,1437.699585,-4614.534180,-1091.818726,1562.584106,-4628.143555,-1121.247559,1467.161987,-4564.754395,-1105.838867,1604.208984,-4602.054199,,,,,,,,,,,,,2616.265869,1567.728271,-3159.799072,,,,,,,,,,,,,,,,,,,,,,,,,,,,,,,,,
5178,51.780000,0.000000,0.000000,0.000000,1.000000,0.000000,0.000000,0.000000,57.698101,20.499701,-14.700500,0.047771,-0.013570,0.015998,-15.666301,-52.738201,18.801300,-93.396698,0.129960,17.611099,-0.182931,-0.475644,-0.680147,0.526972,-1104.270996,1517.913574,-4602.371582,-1098.179077,1437.699585,-4614.534180,-1091.818726,1562.584106,-4628.143555,-1121.247559,1467.161987,-4564.754395,-1105.838867,1604.208984,-4602.054199,,,,,,,,,,,,,2616.303955,1567.760864,-3159.784424,,,,,,,,,,,,,,,,,,,,,,,,,,,,,,,,,
5179,51.790000,0.000000,0.000000,0.000000,1.000000,0.000000,0.000000,0.000000,57.698101,20.499701,-14.700500,0.047771,-0.013570,0.015998,-15.666301,-52.738201,18.801300,-93.396698,0.129960,17.611099,-0.182931,-0.475644,-0.680147,0.526972,-1104.270996,1517.913574,-4602.371582,-1098.179077,1437.699585,-4614.534180,-1091.818726,1562.584106,-4628.143555,-1121.247559,1467.161987,-4564.754395,-1105.838867,1604.208984,-4602.054199,,,,,,,,,,,,,2616.288086,1567.767578,-3159.784180,,,,,,,,,,,,,,,,,,,,,,,,,,,,,,,,,
5180,51.800000,0.000000,0.000000,0.000000,1.000000,0.000000,0.000000,0.000000,57.698101,20.499701,-14.700500,0.047771,-0.013570,0.015998,-15.666301,-52.738201,18.801300,-93.396698,0.129960,17.611099,-0.182931,-0.475644,-0.680147,0.526972,-1104.270996,1517.913574,-4602.371582,-1098.179077,1437.699585,-4614.534180,-1091.818726,1562.584106,-4628.143555,-1121.247559,1467.161987,-4564.754395,-1105.838867,1604.208984,-4602.054199,,,,,,,,,,,,,2616.316650,1567.759277,-3159.779053,,,,,,,,,,,,,,,,,,,,,,,,,,,,,,,,,
5181,51.810000,0.000000,0.000000,0.000000,1.000000,0.000000,0.000000,0.000000,57.698101,20.499701,-14.700500,0.047771,-0.013570,0.015998,-15.666301,-52.738201,18.801300,-93.396698,0.129960,17.611099,-0.182931,-0.475644,-0.680147,0.526972,-1104.270996,1517.913574,-4602.371582,-1098.179077,1437.699585,-4614.534180,-1091.818726,1562.584106,-4628.143555,-1121.247559,1467.161987,-4564.754395,-1105.838867,1604.208984,-4602.054199,,,,,,,,,,,,,2616.306885,1567.725464,-3159.774170,,,,,,,,,,,,,,,,,,,,,,,,,,,,,,,,,
5182,51.820000,0.000000,0.000000,0.000000,1.000000,0.000000,0.000000,0.000000,57.698101,20.499701,-14.700500,0.047771,-0.013570,0.015998,-15.666301,-52.738201,18.801300,-93.396698,0.129960,17.611099,-0.182931,-0.475644,-0.680147,0.526972,-1104.270996,1517.913574,-4602.371582,-1098.179077,1437.699585,-4614.534180,-1091.818726,1562.584106,-4628.143555,-1121.247559,1467.161987,-4564.754395,-1105.838867,1604.208984,-4602.054199,,,,,,,,,,,,,2616.281250,1567.775146,-3159.784668,,,,,,,,,,,,,,,,,,,,,,,,,,,,,,,,,
5183,51.830000,0.000000,0.000000,0.000000,1.000000,0.000000,0.000000,0.000000,57.698101,20.499701,-14.700500,0.047771,-0.013570,0.015998,-15.666301,-52.738201,18.801300,-93.396698,0.129960,17.611099,-0.182931,-0.475644,-0.680147,0.526972,-1104.270996,1517.913574,-4602.371582,-1098.179077,1437.699585,-4614.534180,-1091.818726,1562.584106,-4628.143555,-1121.247559,1467.161987,-4564.754395,-1105.838867,1604.208984,-4602.054199,,,,,,,,,,,,,2616.283203,1567.742065,-3159.784912,,,,,,,,,,,,,,,,,,,,,,,,,,,,,,,,,
5184,51.840000,0.000000,0.000000,0.000000,1.000000,0.000000,0.000000,0.000000,57.698101,20.499701,-14.700500,0.047771,-0.013570,0.015998,-15.666301,-52.738201,18.801300,-93.396698,0.129960,17.611099,-0.182931,-0.475644,-0.680147,0.526972,-1104.270996,1517.913574,-4602.371582,-1098.179077,1437.699585,-4614.534180,-1091.818726,1562.584106,-4628.143555,-1121.247559,1467.161987,-4564.754395,-1105.838867,1604.208984,-4602.054199,,,,,,,,,,,,,2616.285645,1567.727783,-3159.763916,,,,,,,,,,,,,,,,,,,,,,,,,,,,,,,,,
5185,51.850000,0.000000,0.000000,0.000000,1.000000,0.000000,0.000000,0.000000,57.698101,20.499701,-14.700500,0.047771,-0.013570,0.015998,-15.666301,-52.738201,18.801300,-93.396698,0.129960,17.611099,-0.182931,-0.475644,-0.680147,0.526972,-1104.270996,1517.913574,-4602.371582,-1098.179077,1437.699585,-4614.534180,-1091.818726,1562.584106,-4628.143555,-1121.247559,1467.161987,-4564.754395,-1105.838867,1604.208984,-4602.054199,,,,,,,,,,,,,2616.312988,1567.751343,-3159.770996,,,,,,,,,,,,,,,,,,,,,,,,,,,,,,,,,
5186,51.860000,0.000000,0.000000,0.000000,1.000000,0.000000,0.000000,0.000000,57.698101,20.499701,-14.700500,0.047771,-0.013570,0.015998,-15.666301,-52.738201,18.801300,-93.396698,0.129960,17.611099,-0.182931,-0.475644,-0.680147,0.526972,-1104.270996,1517.913574,-4602.371582,-1098.179077,1437.699585,-4614.534180,-1091.818726,1562.584106,-4628.143555,-1121.247559,1467.161987,-4564.754395,-1105.838867,1604.208984,-4602.054199,,,,,,,,,,,,,2616.289795,1567.747070,-3159.785645,,,,,,,,,,,,,,,,,,,,,,,,,,,,,,,,,
5187,51.870000,0.000000,0.000000,0.000000,1.000000,0.000000,0.000000,0.000000,57.698101,20.499701,-14.700500,0.047771,-0.013570,0.015998,-15.666301,-52.738201,18.801300,-93.396698,0.129960,17.611099,-0.182931,-0.475644,-0.680147,0.526972,-1104.270996,1517.913574,-4602.371582,-1098.179077,1437.699585,-4614.534180,-1091.818726,1562.584106,-4628.143555,-1121.247559,1467.161987,-4564.754395,-1105.838867,1604.208984,-4602.054199,,,,,,,,,,,,,2616.273682,1567.776978,-3159.781006,,,,,,,,,,,,,,,,,,,,,,,,,,,,,,,,,
5188,51.880000,0.000000,0.000000,0.000000,1.000000,0.000000,0.000000,0.000000,57.698101,20.499701,-14.700500,0.047771,-0.013570,0.015998,-15.666301,-52.738201,18.801300,-93.396698,0.129960,17.611099,-0.182931,-0.475644,-0.680147,0.526972,-1104.270996,1517.913574,-4602.371582,-1098.179077,1437.699585,-4614.534180,-1091.818726,1562.584106,-4628.143555,-1121.247559,1467.161987,-4564.754395,-1105.838867,1604.208984,-4602.054199,,,,,,,,,,,,,2616.264404,1567.765747,-3159.798584,,,,,,,,,,,,,,,,,,,,,,,,,,,,,,,,,
5189,51.890000,0.000000,0.000000,0.000000,1.000000,0.000000,0.000000,0.000000,57.698101,20.499701,-14.700500,0.047771,-0.013570,0.015998,-15.666301,-52.738201,18.801300,-93.396698,0.129960,17.611099,-0.182931,-0.475644,-0.680147,0.526972,-1104.270996,1517.913574,-4602.371582,-1098.179077,1437.699585,-4614.534180,-1091.818726,1562.584106,-4628.143555,-1121.247559,1467.161987,-4564.754395,-1105.838867,1604.208984,-4602.054199,,,,,,,,,,,,,2616.288330,1567.732178,-3159.778076,,,,,,,,,,,,,,,,,,,,,,,,,,,,,,,,,
5190,51.900000,0.000000,0.000000,0.000000,1.000000,0.000000,0.000000,0.000000,57.698101,20.499701,-14.700500,0.047771,-0.013570,0.015998,-15.666301,-52.738201,18.801300,-93.396698,0.129960,17.611099,-0.182931,-0.475644,-0.680147,0.526972,-1104.270996,1517.913574,-4602.371582,-1098.179077,1437.699585,-4614.534180,-1091.818726,1562.584106,-4628.143555,-1121.247559,1467.161987,-4564.754395,-1105.838867,1604.208984,-4602.054199,,,,,,,,,,,,,2616.312500,1567.721680,-3159.764648,,,,,,,,,,,,,,,,,,,,,,,,,,,,,,,,,
5191,51.910000,0.000000,0.000000,0.000000,1.000000,0.000000,0.000000,0.000000,57.698101,20.499701,-14.700500,0.047771,-0.013570,0.015998,-15.666301,-52.738201,18.801300,-93.396698,0.129960,17.611099,-0.182931,-0.475644,-0.680147,0.526972,-1104.270996,1517.913574,-4602.371582,-1098.179077,1437.699585,-4614.534180,-1091.818726,1562.584106,-4628.143555,-1121.247559,1467.161987,-4564.754395,-1105.838867,1604.208984,-4602.054199,,,,,,,,,,,,,2616.304688,1567.725464,-3159.762939,,,,,,,,,,,,,,,,,,,,,,,,,,,,,,,,,
5192,51.920000,0.000000,0.000000,0.000000,1.000000,0.000000,0.000000,0.000000,57.698101,20.499701,-14.700500,0.047771,-0.013570,0.015998,-15.666301,-52.738201,18.801300,-93.396698,0.129960,17.611099,-0.182931,-0.475644,-0.680147,0.526972,-1104.270996,1517.913574,-4602.371582,-1098.179077,1437.699585,-4614.534180,-1091.818726,1562.584106,-4628.143555,-1121.247559,1467.161987,-4564.754395,-1105.838867,1604.208984,-4602.054199,,,,,,,,,,,,,2616.322754,1567.732056,-3159.769043,,,,,,,,,,,,,,,,,,,,,,,,,,,,,,,,,
5193,51.930000,0.000000,0.000000,0.000000,1.000000,0.000000,0.000000,0.000000,57.698101,20.499701,-14.700500,0.047771,-0.013570,0.015998,-15.666301,-52.738201,18.801300,-93.396698,0.129960,17.611099,-0.182931,-0.475644,-0.680147,0.526972,-1104.270996,1517.913574,-4602.371582,-1098.179077,1437.699585,-4614.534180,-1091.818726,1562.584106,-4628.143555,-1121.247559,1467.161987,-4564.754395,-1105.838867,1604.208984,-4602.054199,,,,,,,,,,,,,2616.298584,1567.777466,-3159.785156,,,,,,,,,,,,,,,,,,,,,,,,,,,,,,,,,
5194,51.940000,0.000000,0.000000,0.000000,1.000000,0.000000,0.000000,0.000000,57.698101,20.499701,-14.700500,0.047771,-0.013570,0.015998,-15.666301,-52.738201,18.801300,-93.396698,0.129960,17.611099,-0.182931,-0.475644,-0.680147,0.526972,-1104.270996,1517.913574,-4602.371582,-1098.179077,1437.699585,-4614.534180,-1091.818726,1562.584106,-4628.143555,-1121.247559,1467.161987,-4564.754395,-1105.838867,1604.208984,-4602.054199,,,,,,,,,,,,,2616.268799,1567.766968,-3159.797363,,,,,,,,,,,,,,,,,,,,,,,,,,,,,,,,,
5195,51.950000,0.000000,0.000000,0.000000,1.000000,0.000000,0.000000,0.000000,57.698101,20.499701,-14.700500,0.047771,-0.013570,0.015998,-15.666301,-52.738201,18.801300,-93.396698,0.129960,17.611099,-0.182931,-0.475644,-0.680147,0.526972,-1104.270996,1517.913574,-4602.371582,-1098.179077,1437.699585,-4614.534180,-1091.818726,1562.584106,-4628.143555,-1121.247559,1467.161987,-4564.754395,-1105.838867,1604.208984,-4602.054199,,,,,,,,,,,,,2616.282471,1567.766846,-3159.795410,,,,,,,,,,,,,,,,,,,,,,,,,,,,,,,,,
5196,51.960000,0.000000,0.000000,0.000000,1.000000,0.000000,0.000000,0.000000,57.698101,20.499701,-14.700500,0.047771,-0.013570,0.015998,-15.666301,-52.738201,18.801300,-93.396698,0.129960,17.611099,-0.182931,-0.475644,-0.680147,0.526972,-1104.270996,1517.913574,-4602.371582,-1098.179077,1437.699585,-4614.534180,-1091.818726,1562.584106,-4628.143555,-1121.247559,1467.161987,-4564.754395,-1105.838867,1604.208984,-4602.054199,,,,,,,,,,,,,2616.297607,1567.728638,-3159.786621,,,,,,,,,,,,,,,,,,,,,,,,,,,,,,,,,
5197,51.970000,0.000000,0.000000,0.000000,1.000000,0.000000,0.000000,0.000000,57.698101,20.499701,-14.700500,0.047771,-0.013570,0.015998,-15.666301,-52.738201,18.801300,-93.396698,0.129960,17.611099,-0.182931,-0.475644,-0.680147,0.526972,-1104.270996,1517.913574,-4602.371582,-1098.179077,1437.699585,-4614.534180,-1091.818726,1562.584106,-4628.143555,-1121.247559,1467.161987,-4564.754395,-1105.838867,1604.208984,-4602.054199,,,,,,,,,,,,,2616.287109,1567.732178,-3159.784912,,,,,,,,,,,,,,,,,,,,,,,,,,,,,,,,,
5198,51.980000,0.000000,0.000000,0.000000,1.000000,0.000000,0.000000,0.000000,57.698101,20.499701,-14.700500,0.047771,-0.013570,0.015998,-15.666301,-52.738201,18.801300,-93.396698,0.129960,17.611099,-0.182931,-0.475644,-0.680147,0.526972,-1104.270996,1517.913574,-4602.371582,-1098.179077,1437.699585,-4614.534180,-1091.818726,1562.584106,-4628.143555,-1121.247559,1467.161987,-4564.754395,-1105.838867,1604.208984,-4602.054199,,,,,,,,,,,,,2616.279297,1567.748413,-3159.784424,,,,,,,,,,,,,,,,,,,,,,,,,,,,,,,,,
5199,51.990000,0.000000,0.000000,0.000000,1.000000,0.000000,0.000000,0.000000,57.698101,20.499701,-14.700500,0.047771,-0.013570,0.015998,-15.666301,-52.738201,18.801300,-93.396698,0.129960,17.611099,-0.182931,-0.475644,-0.680147,0.526972,-1104.270996,1517.913574,-4602.371582,-1098.179077,1437.699585,-4614.534180,-1091.818726,1562.584106,-4628.143555,-1121.247559,1467.161987,-4564.754395,-1105.838867,1604.208984,-4602.054199,,,,,,,,,,,,,2616.272949,1567.720215,-3159.795410,,,,,,,,,,,,,,,,,,,,,,,,,,,,,,,,,
5200,52.000000,0.000000,0.000000,0.000000,1.000000,0.000000,0.000000,0.000000,57.698101,20.499701,-14.700500,0.047771,-0.013570,0.015998,-15.666301,-52.738201,18.801300,-93.396698,0.129960,17.611099,-0.182931,-0.475644,-0.680147,0.526972,-1104.270996,1517.913574,-4602.371582,-1098.179077,1437.699585,-4614.534180,-1091.818726,1562.584106,-4628.143555,-1121.247559,1467.161987,-4564.754395,-1105.838867,1604.208984,-4602.054199,,,,,,,,,,,,,2616.278564,1567.739014,-3159.781250,,,,,,,,,,,,,,,,,,,,,,,,,,,,,,,,,
5201,52.010000,0.000000,0.000000,0.000000,1.000000,0.000000,0.000000,0.000000,57.698101,20.499701,-14.700500,0.047771,-0.013570,0.015998,-15.666301,-52.738201,18.801300,-93.396698,0.129960,17.611099,-0.182931,-0.475644,-0.680147,0.526972,-1104.270996,1517.913574,-4602.371582,-1098.179077,1437.699585,-4614.534180,-1091.818726,1562.584106,-4628.143555,-1121.247559,1467.161987,-4564.754395,-1105.838867,1604.208984,-4602.054199,,,,,,,,,,,,,2616.312988,1567.738647,-3159.770752,,,,,,,,,,,,,,,,,,,,,,,,,,,,,,,,,
5202,52.020000,0.000000,0.000000,0.000000,1.000000,0.000000,0.000000,0.000000,57.698101,20.499701,-14.700500,0.047771,-0.013570,0.015998,-15.666301,-52.738201,18.801300,-93.396698,0.129960,17.611099,-0.182931,-0.475644,-0.680147,0.526972,-1104.270996,1517.913574,-4602.371582,-1098.179077,1437.699585,-4614.534180,-1091.818726,1562.584106,-4628.143555,-1121.247559,1467.161987,-4564.754395,-1105.838867,1604.208984,-4602.054199,,,,,,,,,,,,,2616.261230,1567.741943,-3159.787842,,,,,,,,,,,,,,,,,,,,,,,,,,,,,,,,,
5203,52.030000,0.000000,0.000000,0.000000,1.000000,0.000000,0.000000,0.000000,57.698101,20.499701,-14.700500,0.047771,-0.013570,0.015998,-15.666301,-52.738201,18.801300,-93.396698,0.129960,17.611099,-0.182931,-0.475644,-0.680147,0.526972,-1104.270996,1517.913574,-4602.371582,-1098.179077,1437.699585,-4614.534180,-1091.818726,1562.584106,-4628.143555,-1121.247559,1467.161987,-4564.754395,-1105.838867,1604.208984,-4602.054199,,,,,,,,,,,,,2616.292725,1567.769287,-3159.793945,,,,,,,,,,,,,,,,,,,,,,,,,,,,,,,,,
5204,52.040000,0.000000,0.000000,0.000000,1.000000,0.000000,0.000000,0.000000,57.698101,20.499701,-14.700500,0.047771,-0.013570,0.015998,-15.666301,-52.738201,18.801300,-93.396698,0.129960,17.611099,-0.182931,-0.475644,-0.680147,0.526972,-1104.270996,1517.913574,-4602.371582,-1098.179077,1437.699585,-4614.534180,-1091.818726,1562.584106,-4628.143555,-1121.247559,1467.161987,-4564.754395,-1105.838867,1604.208984,-4602.054199,,,,,,,,,,,,,2616.265137,1567.727783,-3159.783936,,,,,,,,,,,,,,,,,,,,,,,,,,,,,,,,,
5205,52.050000,0.000000,0.000000,0.000000,1.000000,0.000000,0.000000,0.000000,57.698101,20.499701,-14.700500,0.047771,-0.013570,0.015998,-15.666301,-52.738201,18.801300,-93.396698,0.129960,17.611099,-0.182931,-0.475644,-0.680147,0.526972,-1104.270996,1517.913574,-4602.371582,-1098.179077,1437.699585,-4614.534180,-1091.818726,1562.584106,-4628.143555,-1121.247559,1467.161987,-4564.754395,-1105.838867,1604.208984,-4602.054199,,,,,,,,,,,,,2616.285645,1567.745605,-3159.785400,,,,,,,,,,,,,,,,,,,,,,,,,,,,,,,,,
5206,52.060000,0.000000,0.000000,0.000000,1.000000,0.000000,0.000000,0.000000,57.698101,20.499701,-14.700500,0.047771,-0.013570,0.015998,-15.666301,-52.738201,18.801300,-93.396698,0.129960,17.611099,-0.182931,-0.475644,-0.680147,0.526972,-1104.270996,1517.913574,-4602.371582,-1098.179077,1437.699585,-4614.534180,-1091.818726,1562.584106,-4628.143555,-1121.247559,1467.161987,-4564.754395,-1105.838867,1604.208984,-4602.054199,,,,,,,,,,,,,2616.276123,1567.715942,-3159.788574,,,,,,,,,,,,,,,,,,,,,,,,,,,,,,,,,
5207,52.070000,0.000000,0.000000,0.000000,1.000000,0.000000,0.000000,0.000000,57.698101,20.499701,-14.700500,0.047771,-0.013570,0.015998,-15.666301,-52.738201,18.801300,-93.396698,0.129960,17.611099,-0.182931,-0.475644,-0.680147,0.526972,-1104.270996,1517.913574,-4602.371582,-1098.179077,1437.699585,-4614.534180,-1091.818726,1562.584106,-4628.143555,-1121.247559,1467.161987,-4564.754395,-1105.838867,1604.208984,-4602.054199,,,,,,,,,,,,,2616.275879,1567.746582,-3159.786621,,,,,,,,,,,,,,,,,,,,,,,,,,,,,,,,,
5208,52.080000,0.000000,0.000000,0.000000,1.000000,0.000000,0.000000,0.000000,57.698101,20.499701,-14.700500,0.047771,-0.013570,0.015998,-15.666301,-52.738201,18.801300,-93.396698,0.129960,17.611099,-0.182931,-0.475644,-0.680147,0.526972,-1104.270996,1517.913574,-4602.371582,-1098.179077,1437.699585,-4614.534180,-1091.818726,1562.584106,-4628.143555,-1121.247559,1467.161987,-4564.754395,-1105.838867,1604.208984,-4602.054199,,,,,,,,,,,,,2616.241211,1567.731934,-3159.796387,,,,,,,,,,,,,,,,,,,,,,,,,,,,,,,,,
5209,52.090000,0.000000,0.000000,0.000000,1.000000,0.000000,0.000000,0.000000,57.698101,20.499701,-14.700500,0.047771,-0.013570,0.015998,-15.666301,-52.738201,18.801300,-93.396698,0.129960,17.611099,-0.182931,-0.475644,-0.680147,0.526972,-1104.270996,1517.913574,-4602.371582,-1098.179077,1437.699585,-4614.534180,-1091.818726,1562.584106,-4628.143555,-1121.247559,1467.161987,-4564.754395,-1105.838867,1604.208984,-4602.054199,,,,,,,,,,,,,2616.289551,1567.770508,-3159.781738,,,,,,,,,,,,,,,,,,,,,,,,,,,,,,,,,
5210,52.100000,0.000000,0.000000,0.000000,1.000000,0.000000,0.000000,0.000000,57.698101,20.499701,-14.700500,0.047771,-0.013570,0.015998,-15.666301,-52.738201,18.801300,-93.396698,0.129960,17.611099,-0.182931,-0.475644,-0.680147,0.526972,-1104.270996,1517.913574,-4602.371582,-1098.179077,1437.699585,-4614.534180,-1091.818726,1562.584106,-4628.143555,-1121.247559,1467.161987,-4564.754395,-1105.838867,1604.208984,-4602.054199,,,,,,,,,,,,,2616.282715,1567.775146,-3159.787598,,,,,,,,,,,,,,,,,,,,,,,,,,,,,,,,,
5211,52.110000,0.000000,0.000000,0.000000,1.000000,0.000000,0.000000,0.000000,57.698101,20.499701,-14.700500,0.047771,-0.013570,0.015998,-15.666301,-52.738201,18.801300,-93.396698,0.129960,17.611099,-0.182931,-0.475644,-0.680147,0.526972,-1104.270996,1517.913574,-4602.371582,-1098.179077,1437.699585,-4614.534180,-1091.818726,1562.584106,-4628.143555,-1121.247559,1467.161987,-4564.754395,-1105.838867,1604.208984,-4602.054199,,,,,,,,,,,,,2616.293457,1567.807129,-3159.797119,,,,,,,,,,,,,,,,,,,,,,,,,,,,,,,,,
5212,52.120000,0.000000,0.000000,0.000000,1.000000,0.000000,0.000000,0.000000,57.698101,20.499701,-14.700500,0.047771,-0.013570,0.015998,-15.666301,-52.738201,18.801300,-93.396698,0.129960,17.611099,-0.182931,-0.475644,-0.680147,0.526972,-1104.270996,1517.913574,-4602.371582,-1098.179077,1437.699585,-4614.534180,-1091.818726,1562.584106,-4628.143555,-1121.247559,1467.161987,-4564.754395,-1105.838867,1604.208984,-4602.054199,,,,,,,,,,,,,2616.281494,1567.734741,-3159.793701,,,,,,,,,,,,,,,,,,,,,,,,,,,,,,,,,
5213,52.130000,0.000000,0.000000,0.000000,1.000000,0.000000,0.000000,0.000000,57.698101,20.499701,-14.700500,0.047771,-0.013570,0.015998,-15.666301,-52.738201,18.801300,-93.396698,0.129960,17.611099,-0.182931,-0.475644,-0.680147,0.526972,-1104.270996,1517.913574,-4602.371582,-1098.179077,1437.699585,-4614.534180,-1091.818726,1562.584106,-4628.143555,-1121.247559,1467.161987,-4564.754395,-1105.838867,1604.208984,-4602.054199,,,,,,,,,,,,,2616.300537,1567.745605,-3159.773193,,,,,,,,,,,,,,,,,,,,,,,,,,,,,,,,,
5214,52.140000,0.000000,0.000000,0.000000,1.000000,0.000000,0.000000,0.000000,57.698101,20.499701,-14.700500,0.047771,-0.013570,0.015998,-15.666301,-52.738201,18.801300,-93.396698,0.129960,17.611099,-0.182931,-0.475644,-0.680147,0.526972,-1104.270996,1517.913574,-4602.371582,-1098.179077,1437.699585,-4614.534180,-1091.818726,1562.584106,-4628.143555,-1121.247559,1467.161987,-4564.754395,-1105.838867,1604.208984,-4602.054199,,,,,,,,,,,,,2616.274414,1567.768677,-3159.783691,,,,,,,,,,,,,,,,,,,,,,,,,,,,,,,,,
5215,52.150000,0.000000,0.000000,0.000000,1.000000,0.000000,0.000000,0.000000,57.698101,20.499701,-14.700500,0.047771,-0.013570,0.015998,-15.666301,-52.738201,18.801300,-93.396698,0.129960,17.611099,-0.182931,-0.475644,-0.680147,0.526972,-1104.270996,1517.913574,-4602.371582,-1098.179077,1437.699585,-4614.534180,-1091.818726,1562.584106,-4628.143555,-1121.247559,1467.161987,-4564.754395,-1105.838867,1604.208984,-4602.054199,,,,,,,,,,,,,2616.287598,1567.713013,-3159.787598,,,,,,,,,,,,,,,,,,,,,,,,,,,,,,,,,
5216,52.160000,0.000000,0.000000,0.000000,1.000000,0.000000,0.000000,0.000000,57.698101,20.499701,-14.700500,0.047771,-0.013570,0.015998,-15.666301,-52.738201,18.801300,-93.396698,0.129960,17.611099,-0.182931,-0.475644,-0.680147,0.526972,-1104.270996,1517.913574,-4602.371582,-1098.179077,1437.699585,-4614.534180,-1091.818726,1562.584106,-4628.143555,-1121.247559,1467.161987,-4564.754395,-1105.838867,1604.208984,-4602.054199,,,,,,,,,,,,,2616.280518,1567.729492,-3159.774902,,,,,,,,,,,,,,,,,,,,,,,,,,,,,,,,,
5217,52.170000,0.000000,0.000000,0.000000,1.000000,0.000000,0.000000,0.000000,57.698101,20.499701,-14.700500,0.047771,-0.013570,0.015998,-15.666301,-52.738201,18.801300,-93.396698,0.129960,17.611099,-0.182931,-0.475644,-0.680147,0.526972,-1104.270996,1517.913574,-4602.371582,-1098.179077,1437.699585,-4614.534180,-1091.818726,1562.584106,-4628.143555,-1121.247559,1467.161987,-4564.754395,-1105.838867,1604.208984,-4602.054199,,,,,,,,,,,,,2616.283203,1567.755493,-3159.784912,,,,,,,,,,,,,,,,,,,,,,,,,,,,,,,,,
5218,52.180000,0.000000,0.000000,0.000000,1.000000,0.000000,0.000000,0.000000,57.698101,20.499701,-14.700500,0.047771,-0.013570,0.015998,-15.666301,-52.738201,18.801300,-93.396698,0.129960,17.611099,-0.182931,-0.475644,-0.680147,0.526972,-1104.270996,1517.913574,-4602.371582,-1098.179077,1437.699585,-4614.534180,-1091.818726,1562.584106,-4628.143555,-1121.247559,1467.161987,-4564.754395,-1105.838867,1604.208984,-4602.054199,,,,,,,,,,,,,2616.250244,1567.723267,-3159.799561,,,,,,,,,,,,,,,,,,,,,,,,,,,,,,,,,
5219,52.190000,0.000000,0.000000,0.000000,1.000000,0.000000,0.000000,0.000000,57.698101,20.499701,-14.700500,0.047771,-0.013570,0.015998,-15.666301,-52.738201,18.801300,-93.396698,0.129960,17.611099,-0.182931,-0.475644,-0.680147,0.526972,-1104.270996,1517.913574,-4602.371582,-1098.179077,1437.699585,-4614.534180,-1091.818726,1562.584106,-4628.143555,-1121.247559,1467.161987,-4564.754395,-1105.838867,1604.208984,-4602.054199,,,,,,,,,,,,,2616.284424,1567.773682,-3159.791748,,,,,,,,,,,,,,,,,,,,,,,,,,,,,,,,,
5220,52.200000,0.000000,0.000000,0.000000,1.000000,0.000000,0.000000,0.000000,57.698101,20.499701,-14.700500,0.047771,-0.013570,0.015998,-15.666301,-52.738201,18.801300,-93.396698,0.129960,17.611099,-0.182931,-0.475644,-0.680147,0.526972,-1104.270996,1517.913574,-4602.371582,-1098.179077,1437.699585,-4614.534180,-1091.818726,1562.584106,-4628.143555,-1121.247559,1467.161987,-4564.754395,-1105.838867,1604.208984,-4602.054199,,,,,,,,,,,,,2616.287109,1567.700439,-3159.776611,,,,,,,,,,,,,,,,,,,,,,,,,,,,,,,,,
5221,52.210000,0.000000,0.000000,0.000000,1.000000,0.000000,0.000000,0.000000,57.698101,20.499701,-14.700500,0.047771,-0.013570,0.015998,-15.666301,-52.738201,18.801300,-93.396698,0.129960,17.611099,-0.182931,-0.475644,-0.680147,0.526972,-1104.270996,1517.913574,-4602.371582,-1098.179077,1437.699585,-4614.534180,-1091.818726,1562.584106,-4628.143555,-1121.247559,1467.161987,-4564.754395,-1105.838867,1604.208984,-4602.054199,,,,,,,,,,,,,2616.327881,1567.724487,-3159.764893,,,,,,,,,,,,,,,,,,,,,,,,,,,,,,,,,
5222,52.220000,0.000000,0.000000,0.000000,1.000000,0.000000,0.000000,0.000000,57.698101,20.499701,-14.700500,0.047771,-0.013570,0.015998,-15.666301,-52.738201,18.801300,-93.396698,0.129960,17.611099,-0.182931,-0.475644,-0.680147,0.526972,-1104.270996,1517.913574,-4602.371582,-1098.179077,1437.699585,-4614.534180,-1091.818726,1562.584106,-4628.143555,-1121.247559,1467.161987,-4564.754395,-1105.838867,1604.208984,-4602.054199,,,,,,,,,,,,,2616.304932,1567.732056,-3159.778564,,,,,,,,,,,,,,,,,,,,,,,,,,,,,,,,,
5223,52.230000,0.000000,0.000000,0.000000,1.000000,0.000000,0.000000,0.000000,57.698101,20.499701,-14.700500,0.047771,-0.013570,0.015998,-15.666301,-52.738201,18.801300,-93.396698,0.129960,17.611099,-0.182931,-0.475644,-0.680147,0.526972,-1104.270996,1517.913574,-4602.371582,-1098.179077,1437.699585,-4614.534180,-1091.818726,1562.584106,-4628.143555,-1121.247559,1467.161987,-4564.754395,-1105.838867,1604.208984,-4602.054199,,,,,,,,,,,,,2616.277344,1567.736206,-3159.792969,,,,,,,,,,,,,,,,,,,,,,,,,,,,,,,,,
5224,52.240000,0.000000,0.000000,0.000000,1.000000,0.000000,0.000000,0.000000,57.698101,20.499701,-14.700500,0.047771,-0.013570,0.015998,-15.666301,-52.738201,18.801300,-93.396698,0.129960,17.611099,-0.182931,-0.475644,-0.680147,0.526972,-1104.270996,1517.913574,-4602.371582,-1098.179077,1437.699585,-4614.534180,-1091.818726,1562.584106,-4628.143555,-1121.247559,1467.161987,-4564.754395,-1105.838867,1604.208984,-4602.054199,,,,,,,,,,,,,2616.266113,1567.747803,-3159.799072,,,,,,,,,,,,,,,,,,,,,,,,,,,,,,,,,
5225,52.250000,0.000000,0.000000,0.000000,1.000000,0.000000,0.000000,0.000000,57.698101,20.499701,-14.700500,0.047771,-0.013570,0.015998,-15.666301,-52.738201,18.801300,-93.396698,0.129960,17.611099,-0.182931,-0.475644,-0.680147,0.526972,-1104.270996,1517.913574,-4602.371582,-1098.179077,1437.699585,-4614.534180,-1091.818726,1562.584106,-4628.143555,-1121.247559,1467.161987,-4564.754395,-1105.838867,1604.208984,-4602.054199,,,,,,,,,,,,,2616.291992,1567.729614,-3159.783447,,,,,,,,,,,,,,,,,,,,,,,,,,,,,,,,,
5226,52.260000,0.000000,0.000000,0.000000,1.000000,0.000000,0.000000,0.000000,57.698101,20.499701,-14.700500,0.047771,-0.013570,0.015998,-15.666301,-52.738201,18.801300,-93.396698,0.129960,17.611099,-0.182931,-0.475644,-0.680147,0.526972,-1104.270996,1517.913574,-4602.371582,-1098.179077,1437.699585,-4614.534180,-1091.818726,1562.584106,-4628.143555,-1121.247559,1467.161987,-4564.754395,-1105.838867,1604.208984,-4602.054199,,,,,,,,,,,,,2616.278076,1567.745972,-3159.787109,,,,,,,,,,,,,,,,,,,,,,,,,,,,,,,,,
5227,52.270000,0.000000,0.000000,0.000000,1.000000,0.000000,0.000000,0.000000,57.698101,20.499701,-14.700500,0.047771,-0.013570,0.015998,-15.666301,-52.738201,18.801300,-93.396698,0.129960,17.611099,-0.182931,-0.475644,-0.680147,0.526972,-1104.270996,1517.913574,-4602.371582,-1098.179077,1437.699585,-4614.534180,-1091.818726,1562.584106,-4628.143555,-1121.247559,1467.161987,-4564.754395,-1105.838867,1604.208984,-4602.054199,,,,,,,,,,,,,2616.284180,1567.781250,-3159.794922,,,,,,,,,,,,,,,,,,,,,,,,,,,,,,,,,
5228,52.280000,0.000000,0.000000,0.000000,1.000000,0.000000,0.000000,0.000000,57.698101,20.499701,-14.700500,0.047771,-0.013570,0.015998,-15.666301,-52.738201,18.801300,-93.396698,0.129960,17.611099,-0.182931,-0.475644,-0.680147,0.526972,-1104.270996,1517.913574,-4602.371582,-1098.179077,1437.699585,-4614.534180,-1091.818726,1562.584106,-4628.143555,-1121.247559,1467.161987,-4564.754395,-1105.838867,1604.208984,-4602.054199,,,,,,,,,,,,,2616.277100,1567.703735,-3159.788086,,,,,,,,,,,,,,,,,,,,,,,,,,,,,,,,,
5229,52.290000,0.000000,0.000000,0.000000,1.000000,0.000000,0.000000,0.000000,57.698101,20.499701,-14.700500,0.047771,-0.013570,0.015998,-15.666301,-52.738201,18.801300,-93.396698,0.129960,17.611099,-0.182931,-0.475644,-0.680147,0.526972,-1104.270996,1517.913574,-4602.371582,-1098.179077,1437.699585,-4614.534180,-1091.818726,1562.584106,-4628.143555,-1121.247559,1467.161987,-4564.754395,-1105.838867,1604.208984,-4602.054199,,,,,,,,,,,,,2616.284912,1567.768188,-3159.775879,,,,,,,,,,,,,,,,,,,,,,,,,,,,,,,,,
5230,52.300000,0.000000,0.000000,0.000000,1.000000,0.000000,0.000000,0.000000,57.698101,20.499701,-14.700500,0.047771,-0.013570,0.015998,-15.666301,-52.738201,18.801300,-93.396698,0.129960,17.611099,-0.182931,-0.475644,-0.680147,0.526972,-1104.270996,1517.913574,-4602.371582,-1098.179077,1437.699585,-4614.534180,-1091.818726,1562.584106,-4628.143555,-1121.247559,1467.161987,-4564.754395,-1105.838867,1604.208984,-4602.054199,,,,,,,,,,,,,2616.276367,1567.729492,-3159.781738,,,,,,,,,,,,,,,,,,,,,,,,,,,,,,,,,
5231,52.310000,0.000000,0.000000,0.000000,1.000000,0.000000,0.000000,0.000000,57.698101,20.499701,-14.700500,0.047771,-0.013570,0.015998,-15.666301,-52.738201,18.801300,-93.396698,0.129960,17.611099,-0.182931,-0.475644,-0.680147,0.526972,-1104.270996,1517.913574,-4602.371582,-1098.179077,1437.699585,-4614.534180,-1091.818726,1562.584106,-4628.143555,-1121.247559,1467.161987,-4564.754395,-1105.838867,1604.208984,-4602.054199,,,,,,,,,,,,,2616.300781,1567.726929,-3159.779297,,,,,,,,,,,,,,,,,,,,,,,,,,,,,,,,,
5232,52.320000,0.000000,0.000000,0.000000,1.000000,0.000000,0.000000,0.000000,57.698101,20.499701,-14.700500,0.047771,-0.013570,0.015998,-15.666301,-52.738201,18.801300,-93.396698,0.129960,17.611099,-0.182931,-0.475644,-0.680147,0.526972,-1104.270996,1517.913574,-4602.371582,-1098.179077,1437.699585,-4614.534180,-1091.818726,1562.584106,-4628.143555,-1121.247559,1467.161987,-4564.754395,-1105.838867,1604.208984,-4602.054199,,,,,,,,,,,,,2616.285156,1567.751831,-3159.777588,,,,,,,,,,,,,,,,,,,,,,,,,,,,,,,,,
5233,52.330000,0.000000,0.000000,0.000000,1.000000,0.000000,0.000000,0.000000,57.698101,20.499701,-14.700500,0.047771,-0.013570,0.015998,-15.666301,-52.738201,18.801300,-93.396698,0.129960,17.611099,-0.182931,-0.475644,-0.680147,0.526972,-1104.270996,1517.913574,-4602.371582,-1098.179077,1437.699585,-4614.534180,-1091.818726,1562.584106,-4628.143555,-1121.247559,1467.161987,-4564.754395,-1105.838867,1604.208984,-4602.054199,,,,,,,,,,,,,2616.250488,1567.744507,-3159.791748,,,,,,,,,,,,,,,,,,,,,,,,,,,,,,,,,
5234,52.340000,0.000000,0.000000,0.000000,1.000000,0.000000,0.000000,0.000000,57.698101,20.499701,-14.700500,0.047771,-0.013570,0.015998,-15.666301,-52.738201,18.801300,-93.396698,0.129960,17.611099,-0.182931,-0.475644,-0.680147,0.526972,-1104.270996,1517.913574,-4602.371582,-1098.179077,1437.699585,-4614.534180,-1091.818726,1562.584106,-4628.143555,-1121.247559,1467.161987,-4564.754395,-1105.838867,1604.208984,-4602.054199,,,,,,,,,,,,,2616.270752,1567.734253,-3159.783447,,,,,,,,,,,,,,,,,,,,,,,,,,,,,,,,,
5235,52.350000,0.000000,0.000000,0.000000,1.000000,0.000000,0.000000,0.000000,57.698101,20.499701,-14.700500,0.047771,-0.013570,0.015998,-15.666301,-52.738201,18.801300,-93.396698,0.129960,17.611099,-0.182931,-0.475644,-0.680147,0.526972,-1104.270996,1517.913574,-4602.371582,-1098.179077,1437.699585,-4614.534180,-1091.818726,1562.584106,-4628.143555,-1121.247559,1467.161987,-4564.754395,-1105.838867,1604.208984,-4602.054199,,,,,,,,,,,,,2616.281250,1567.730957,-3159.789307,,,,,,,,,,,,,,,,,,,,,,,,,,,,,,,,,
5236,52.360000,0.000000,0.000000,0.000000,1.000000,0.000000,0.000000,0.000000,57.698101,20.499701,-14.700500,0.047771,-0.013570,0.015998,-15.666301,-52.738201,18.801300,-93.396698,0.129960,17.611099,-0.182931,-0.475644,-0.680147,0.526972,-1104.270996,1517.913574,-4602.371582,-1098.179077,1437.699585,-4614.534180,-1091.818726,1562.584106,-4628.143555,-1121.247559,1467.161987,-4564.754395,-1105.838867,1604.208984,-4602.054199,,,,,,,,,,,,,2616.274658,1567.744629,-3159.780273,,,,,,,,,,,,,,,,,,,,,,,,,,,,,,,,,
5237,52.370000,0.000000,0.000000,0.000000,1.000000,0.000000,0.000000,0.000000,57.698101,20.499701,-14.700500,0.047771,-0.013570,0.015998,-15.666301,-52.738201,18.801300,-93.396698,0.129960,17.611099,-0.182931,-0.475644,-0.680147,0.526972,-1104.270996,1517.913574,-4602.371582,-1098.179077,1437.699585,-4614.534180,-1091.818726,1562.584106,-4628.143555,-1121.247559,1467.161987,-4564.754395,-1105.838867,1604.208984,-4602.054199,,,,,,,,,,,,,2616.306396,1567.755127,-3159.776855,,,,,,,,,,,,,,,,,,,,,,,,,,,,,,,,,
5238,52.380000,0.000000,0.000000,0.000000,1.000000,0.000000,0.000000,0.000000,57.698101,20.499701,-14.700500,0.047771,-0.013570,0.015998,-15.666301,-52.738201,18.801300,-93.396698,0.129960,17.611099,-0.182931,-0.475644,-0.680147,0.526972,-1104.270996,1517.913574,-4602.371582,-1098.179077,1437.699585,-4614.534180,-1091.818726,1562.584106,-4628.143555,-1121.247559,1467.161987,-4564.754395,-1105.838867,1604.208984,-4602.054199,,,,,,,,,,,,,2616.269775,1567.757080,-3159.789307,,,,,,,,,,,,,,,,,,,,,,,,,,,,,,,,,
5239,52.390000,0.000000,0.000000,0.000000,1.000000,0.000000,0.000000,0.000000,57.698101,20.499701,-14.700500,0.047771,-0.013570,0.015998,-15.666301,-52.738201,18.801300,-93.396698,0.129960,17.611099,-0.182931,-0.475644,-0.680147,0.526972,-1104.270996,1517.913574,-4602.371582,-1098.179077,1437.699585,-4614.534180,-1091.818726,1562.584106,-4628.143555,-1121.247559,1467.161987,-4564.754395,-1105.838867,1604.208984,-4602.054199,,,,,,,,,,,,,2616.300049,1567.761475,-3159.784912,,,,,,,,,,,,,,,,,,,,,,,,,,,,,,,,,
5240,52.400000,0.000000,0.000000,0.000000,1.000000,0.000000,0.000000,0.000000,57.698101,20.499701,-14.700500,0.047771,-0.013570,0.015998,-15.666301,-52.738201,18.801300,-93.396698,0.129960,17.611099,-0.182931,-0.475644,-0.680147,0.526972,-1104.270996,1517.913574,-4602.371582,-1098.179077,1437.699585,-4614.534180,-1091.818726,1562.584106,-4628.143555,-1121.247559,1467.161987,-4564.754395,-1105.838867,1604.208984,-4602.054199,,,,,,,,,,,,,2616.290039,1567.737793,-3159.779297,,,,,,,,,,,,,,,,,,,,,,,,,,,,,,,,,
5241,52.410000,0.000000,0.000000,0.000000,1.000000,0.000000,0.000000,0.000000,57.698101,20.499701,-14.700500,0.047771,-0.013570,0.015998,-15.666301,-52.738201,18.801300,-93.396698,0.129960,17.611099,-0.182931,-0.475644,-0.680147,0.526972,-1104.270996,1517.913574,-4602.371582,-1098.179077,1437.699585,-4614.534180,-1091.818726,1562.584106,-4628.143555,-1121.247559,1467.161987,-4564.754395,-1105.838867,1604.208984,-4602.054199,,,,,,,,,,,,,2616.273926,1567.761719,-3159.782227,,,,,,,,,,,,,,,,,,,,,,,,,,,,,,,,,
5242,52.420000,0.000000,0.000000,0.000000,1.000000,0.000000,0.000000,0.000000,57.698101,20.499701,-14.700500,0.047771,-0.013570,0.015998,-15.666301,-52.738201,18.801300,-93.396698,0.129960,17.611099,-0.182931,-0.475644,-0.680147,0.526972,-1104.270996,1517.913574,-4602.371582,-1098.179077,1437.699585,-4614.534180,-1091.818726,1562.584106,-4628.143555,-1121.247559,1467.161987,-4564.754395,-1105.838867,1604.208984,-4602.054199,,,,,,,,,,,,,2616.291504,1567.749512,-3159.782959,,,,,,,,,,,,,,,,,,,,,,,,,,,,,,,,,
5243,52.430000,0.000000,0.000000,0.000000,1.000000,0.000000,0.000000,0.000000,57.698101,20.499701,-14.700500,0.047771,-0.013570,0.015998,-15.666301,-52.738201,18.801300,-93.396698,0.129960,17.611099,-0.182931,-0.475644,-0.680147,0.526972,-1104.270996,1517.913574,-4602.371582,-1098.179077,1437.699585,-4614.534180,-1091.818726,1562.584106,-4628.143555,-1121.247559,1467.161987,-4564.754395,-1105.838867,1604.208984,-4602.054199,,,,,,,,,,,,,2616.273926,1567.763062,-3159.789795,,,,,,,,,,,,,,,,,,,,,,,,,,,,,,,,,
5244,52.440000,0.000000,0.000000,0.000000,1.000000,0.000000,0.000000,0.000000,57.698101,20.499701,-14.700500,0.047771,-0.013570,0.015998,-15.666301,-52.738201,18.801300,-93.396698,0.129960,17.611099,-0.182931,-0.475644,-0.680147,0.526972,-1104.270996,1517.913574,-4602.371582,-1098.179077,1437.699585,-4614.534180,-1091.818726,1562.584106,-4628.143555,-1121.247559,1467.161987,-4564.754395,-1105.838867,1604.208984,-4602.054199,,,,,,,,,,,,,2616.274170,1567.742188,-3159.795166,,,,,,,,,,,,,,,,,,,,,,,,,,,,,,,,,
5245,52.450000,0.000000,0.000000,0.000000,1.000000,0.000000,0.000000,0.000000,57.698101,20.499701,-14.700500,0.047771,-0.013570,0.015998,-15.666301,-52.738201,18.801300,-93.396698,0.129960,17.611099,-0.182931,-0.475644,-0.680147,0.526972,-1104.270996,1517.913574,-4602.371582,-1098.179077,1437.699585,-4614.534180,-1091.818726,1562.584106,-4628.143555,-1121.247559,1467.161987,-4564.754395,-1105.838867,1604.208984,-4602.054199,,,,,,,,,,,,,2616.247070,1567.744507,-3159.797852,,,,,,,,,,,,,,,,,,,,,,,,,,,,,,,,,
5246,52.460000,0.000000,0.000000,0.000000,1.000000,0.000000,0.000000,0.000000,57.698101,20.499701,-14.700500,0.047771,-0.013570,0.015998,-15.666301,-52.738201,18.801300,-93.396698,0.129960,17.611099,-0.182931,-0.475644,-0.680147,0.526972,-1104.270996,1517.913574,-4602.371582,-1098.179077,1437.699585,-4614.534180,-1091.818726,1562.584106,-4628.143555,-1121.247559,1467.161987,-4564.754395,-1105.838867,1604.208984,-4602.054199,,,,,,,,,,,,,2616.257080,1567.758301,-3159.792480,,,,,,,,,,,,,,,,,,,,,,,,,,,,,,,,,
5247,52.470000,0.000000,0.000000,0.000000,1.000000,0.000000,0.000000,0.000000,57.698101,20.499701,-14.700500,0.047771,-0.013570,0.015998,-15.666301,-52.738201,18.801300,-93.396698,0.129960,17.611099,-0.182931,-0.475644,-0.680147,0.526972,-1104.270996,1517.913574,-4602.371582,-1098.179077,1437.699585,-4614.534180,-1091.818726,1562.584106,-4628.143555,-1121.247559,1467.161987,-4564.754395,-1105.838867,1604.208984,-4602.054199,,,,,,,,,,,,,2616.257568,1567.748291,-3159.800537,,,,,,,,,,,,,,,,,,,,,,,,,,,,,,,,,
5248,52.480000,0.000000,0.000000,0.000000,1.000000,0.000000,0.000000,0.000000,57.698101,20.499701,-14.700500,0.047771,-0.013570,0.015998,-15.666301,-52.738201,18.801300,-93.396698,0.129960,17.611099,-0.182931,-0.475644,-0.680147,0.526972,-1104.270996,1517.913574,-4602.371582,-1098.179077,1437.699585,-4614.534180,-1091.818726,1562.584106,-4628.143555,-1121.247559,1467.161987,-4564.754395,-1105.838867,1604.208984,-4602.054199,,,,,,,,,,,,,2616.261963,1567.756592,-3159.787598,,,,,,,,,,,,,,,,,,,,,,,,,,,,,,,,,
5249,52.490000,0.000000,0.000000,0.000000,1.000000,0.000000,0.000000,0.000000,57.698101,20.499701,-14.700500,0.047771,-0.013570,0.015998,-15.666301,-52.738201,18.801300,-93.396698,0.129960,17.611099,-0.182931,-0.475644,-0.680147,0.526972,-1104.270996,1517.913574,-4602.371582,-1098.179077,1437.699585,-4614.534180,-1091.818726,1562.584106,-4628.143555,-1121.247559,1467.161987,-4564.754395,-1105.838867,1604.208984,-4602.054199,,,,,,,,,,,,,2616.289307,1567.746582,-3159.782471,,,,,,,,,,,,,,,,,,,,,,,,,,,,,,,,,
5250,52.500000,0.000000,0.000000,0.000000,1.000000,0.000000,0.000000,0.000000,57.698101,20.499701,-14.700500,0.047771,-0.013570,0.015998,-15.666301,-52.738201,18.801300,-93.396698,0.129960,17.611099,-0.182931,-0.475644,-0.680147,0.526972,-1104.270996,1517.913574,-4602.371582,-1098.179077,1437.699585,-4614.534180,-1091.818726,1562.584106,-4628.143555,-1121.247559,1467.161987,-4564.754395,-1105.838867,1604.208984,-4602.054199,,,,,,,,,,,,,2616.267334,1567.738403,-3159.796875,,,,,,,,,,,,,,,,,,,,,,,,,,,,,,,,,
5251,52.510000,0.000000,0.000000,0.000000,1.000000,0.000000,0.000000,0.000000,57.698101,20.499701,-14.700500,0.047771,-0.013570,0.015998,-15.666301,-52.738201,18.801300,-93.396698,0.129960,17.611099,-0.182931,-0.475644,-0.680147,0.526972,-1104.270996,1517.913574,-4602.371582,-1098.179077,1437.699585,-4614.534180,-1091.818726,1562.584106,-4628.143555,-1121.247559,1467.161987,-4564.754395,-1105.838867,1604.208984,-4602.054199,,,,,,,,,,,,,2616.272461,1567.779053,-3159.793945,,,,,,,,,,,,,,,,,,,,,,,,,,,,,,,,,
5252,52.520000,0.000000,0.000000,0.000000,1.000000,0.000000,0.000000,0.000000,57.698101,20.499701,-14.700500,0.047771,-0.013570,0.015998,-15.666301,-52.738201,18.801300,-93.396698,0.129960,17.611099,-0.182931,-0.475644,-0.680147,0.526972,-1104.270996,1517.913574,-4602.371582,-1098.179077,1437.699585,-4614.534180,-1091.818726,1562.584106,-4628.143555,-1121.247559,1467.161987,-4564.754395,-1105.838867,1604.208984,-4602.054199,,,,,,,,,,,,,2616.284424,1567.773438,-3159.806641,,,,,,,,,,,,,,,,,,,,,,,,,,,,,,,,,
5253,52.530000,0.000000,0.000000,0.000000,1.000000,0.000000,0.000000,0.000000,57.698101,20.499701,-14.700500,0.047771,-0.013570,0.015998,-15.666301,-52.738201,18.801300,-93.396698,0.129960,17.611099,-0.182931,-0.475644,-0.680147,0.526972,-1104.270996,1517.913574,-4602.371582,-1098.179077,1437.699585,-4614.534180,-1091.818726,1562.584106,-4628.143555,-1121.247559,1467.161987,-4564.754395,-1105.838867,1604.208984,-4602.054199,,,,,,,,,,,,,2616.267578,1567.771973,-3159.795898,,,,,,,,,,,,,,,,,,,,,,,,,,,,,,,,,
5254,52.540000,0.000000,0.000000,0.000000,1.000000,0.000000,0.000000,0.000000,57.698101,20.499701,-14.700500,0.047771,-0.013570,0.015998,-15.666301,-52.738201,18.801300,-93.396698,0.129960,17.611099,-0.182931,-0.475644,-0.680147,0.526972,-1104.270996,1517.913574,-4602.371582,-1098.179077,1437.699585,-4614.534180,-1091.818726,1562.584106,-4628.143555,-1121.247559,1467.161987,-4564.754395,-1105.838867,1604.208984,-4602.054199,,,,,,,,,,,,,2616.302246,1567.742310,-3159.780762,,,,,,,,,,,,,,,,,,,,,,,,,,,,,,,,,
5255,52.550000,0.000000,0.000000,0.000000,1.000000,0.000000,0.000000,0.000000,57.698101,20.499701,-14.700500,0.047771,-0.013570,0.015998,-15.666301,-52.738201,18.801300,-93.396698,0.129960,17.611099,-0.182931,-0.475644,-0.680147,0.526972,-1104.270996,1517.913574,-4602.371582,-1098.179077,1437.699585,-4614.534180,-1091.818726,1562.584106,-4628.143555,-1121.247559,1467.161987,-4564.754395,-1105.838867,1604.208984,-4602.054199,,,,,,,,,,,,,2616.305664,1567.736084,-3159.779785,,,,,,,,,,,,,,,,,,,,,,,,,,,,,,,,,
5256,52.560000,0.000000,0.000000,0.000000,1.000000,0.000000,0.000000,0.000000,57.698101,20.499701,-14.700500,0.047771,-0.013570,0.015998,-15.666301,-52.738201,18.801300,-93.396698,0.129960,17.611099,-0.182931,-0.475644,-0.680147,0.526972,-1104.270996,1517.913574,-4602.371582,-1098.179077,1437.699585,-4614.534180,-1091.818726,1562.584106,-4628.143555,-1121.247559,1467.161987,-4564.754395,-1105.838867,1604.208984,-4602.054199,,,,,,,,,,,,,2616.265137,1567.749146,-3159.783447,,,,,,,,,,,,,,,,,,,,,,,,,,,,,,,,,
5257,52.570000,0.000000,0.000000,0.000000,1.000000,0.000000,0.000000,0.000000,57.698101,20.499701,-14.700500,0.047771,-0.013570,0.015998,-15.666301,-52.738201,18.801300,-93.396698,0.129960,17.611099,-0.182931,-0.475644,-0.680147,0.526972,-1104.270996,1517.913574,-4602.371582,-1098.179077,1437.699585,-4614.534180,-1091.818726,1562.584106,-4628.143555,-1121.247559,1467.161987,-4564.754395,-1105.838867,1604.208984,-4602.054199,,,,,,,,,,,,,2616.264404,1567.750854,-3159.793213,,,,,,,,,,,,,,,,,,,,,,,,,,,,,,,,,
5258,52.580000,0.000000,0.000000,0.000000,1.000000,0.000000,0.000000,0.000000,57.698101,20.499701,-14.700500,0.047771,-0.013570,0.015998,-15.666301,-52.738201,18.801300,-93.396698,0.129960,17.611099,-0.182931,-0.475644,-0.680147,0.526972,-1104.270996,1517.913574,-4602.371582,-1098.179077,1437.699585,-4614.534180,-1091.818726,1562.584106,-4628.143555,-1121.247559,1467.161987,-4564.754395,-1105.838867,1604.208984,-4602.054199,,,,,,,,,,,,,2616.314697,1567.708618,-3159.779053,,,,,,,,,,,,,,,,,,,,,,,,,,,,,,,,,
5259,52.590000,0.000000,0.000000,0.000000,1.000000,0.000000,0.000000,0.000000,57.698101,20.499701,-14.700500,0.047771,-0.013570,0.015998,-15.666301,-52.738201,18.801300,-93.396698,0.129960,17.611099,-0.182931,-0.475644,-0.680147,0.526972,-1104.270996,1517.913574,-4602.371582,-1098.179077,1437.699585,-4614.534180,-1091.818726,1562.584106,-4628.143555,-1121.247559,1467.161987,-4564.754395,-1105.838867,1604.208984,-4602.054199,,,,,,,,,,,,,2616.331787,1567.737549,-3159.748047,,,,,,,,,,,,,,,,,,,,,,,,,,,,,,,,,
5260,52.600000,0.000000,0.000000,0.000000,1.000000,0.000000,0.000000,0.000000,57.698101,20.499701,-14.700500,0.047771,-0.013570,0.015998,-15.666301,-52.738201,18.801300,-93.396698,0.129960,17.611099,-0.182931,-0.475644,-0.680147,0.526972,-1104.270996,1517.913574,-4602.371582,-1098.179077,1437.699585,-4614.534180,-1091.818726,1562.584106,-4628.143555,-1121.247559,1467.161987,-4564.754395,-1105.838867,1604.208984,-4602.054199,,,,,,,,,,,,,2616.292236,1567.728638,-3159.777832,,,,,,,,,,,,,,,,,,,,,,,,,,,,,,,,,
5261,52.610000,0.000000,0.000000,0.000000,1.000000,0.000000,0.000000,0.000000,57.698101,20.499701,-14.700500,0.047771,-0.013570,0.015998,-15.666301,-52.738201,18.801300,-93.396698,0.129960,17.611099,-0.182931,-0.475644,-0.680147,0.526972,-1104.270996,1517.913574,-4602.371582,-1098.179077,1437.699585,-4614.534180,-1091.818726,1562.584106,-4628.143555,-1121.247559,1467.161987,-4564.754395,-1105.838867,1604.208984,-4602.054199,,,,,,,,,,,,,2616.300293,1567.753784,-3159.781494,,,,,,,,,,,,,,,,,,,,,,,,,,,,,,,,,
5262,52.620000,0.000000,0.000000,0.000000,1.000000,0.000000,0.000000,0.000000,57.698101,20.499701,-14.700500,0.047771,-0.013570,0.015998,-15.666301,-52.738201,18.801300,-93.396698,0.129960,17.611099,-0.182931,-0.475644,-0.680147,0.526972,-1104.270996,1517.913574,-4602.371582,-1098.179077,1437.699585,-4614.534180,-1091.818726,1562.584106,-4628.143555,-1121.247559,1467.161987,-4564.754395,-1105.838867,1604.208984,-4602.054199,,,,,,,,,,,,,2616.274658,1567.744141,-3159.787598,,,,,,,,,,,,,,,,,,,,,,,,,,,,,,,,,
5263,52.630000,0.000000,0.000000,0.000000,1.000000,0.000000,0.000000,0.000000,57.698101,20.499701,-14.700500,0.047771,-0.013570,0.015998,-15.666301,-52.738201,18.801300,-93.396698,0.129960,17.611099,-0.182931,-0.475644,-0.680147,0.526972,-1104.270996,1517.913574,-4602.371582,-1098.179077,1437.699585,-4614.534180,-1091.818726,1562.584106,-4628.143555,-1121.247559,1467.161987,-4564.754395,-1105.838867,1604.208984,-4602.054199,,,,,,,,,,,,,2616.291748,1567.781372,-3159.782471,,,,,,,,,,,,,,,,,,,,,,,,,,,,,,,,,
5264,52.640000,0.000000,0.000000,0.000000,1.000000,0.000000,0.000000,0.000000,57.698101,20.499701,-14.700500,0.047771,-0.013570,0.015998,-15.666301,-52.738201,18.801300,-93.396698,0.129960,17.611099,-0.182931,-0.475644,-0.680147,0.526972,-1104.270996,1517.913574,-4602.371582,-1098.179077,1437.699585,-4614.534180,-1091.818726,1562.584106,-4628.143555,-1121.247559,1467.161987,-4564.754395,-1105.838867,1604.208984,-4602.054199,,,,,,,,,,,,,2616.272217,1567.762573,-3159.786133,,,,,,,,,,,,,,,,,,,,,,,,,,,,,,,,,
5265,52.650000,0.000000,0.000000,0.000000,1.000000,0.000000,0.000000,0.000000,57.698101,20.499701,-14.700500,0.047771,-0.013570,0.015998,-15.666301,-52.738201,18.801300,-93.396698,0.129960,17.611099,-0.182931,-0.475644,-0.680147,0.526972,-1104.270996,1517.913574,-4602.371582,-1098.179077,1437.699585,-4614.534180,-1091.818726,1562.584106,-4628.143555,-1121.247559,1467.161987,-4564.754395,-1105.838867,1604.208984,-4602.054199,,,,,,,,,,,,,2616.291748,1567.759644,-3159.789307,,,,,,,,,,,,,,,,,,,,,,,,,,,,,,,,,
5266,52.660000,0.000000,0.000000,0.000000,1.000000,0.000000,0.000000,0.000000,57.698101,20.499701,-14.700500,0.047771,-0.013570,0.015998,-15.666301,-52.738201,18.801300,-93.396698,0.129960,17.611099,-0.182931,-0.475644,-0.680147,0.526972,-1104.270996,1517.913574,-4602.371582,-1098.179077,1437.699585,-4614.534180,-1091.818726,1562.584106,-4628.143555,-1121.247559,1467.161987,-4564.754395,-1105.838867,1604.208984,-4602.054199,,,,,,,,,,,,,2616.307129,1567.727905,-3159.763672,,,,,,,,,,,,,,,,,,,,,,,,,,,,,,,,,
5267,52.670000,0.000000,0.000000,0.000000,1.000000,0.000000,0.000000,0.000000,57.698101,20.499701,-14.700500,0.047771,-0.013570,0.015998,-15.666301,-52.738201,18.801300,-93.396698,0.129960,17.611099,-0.182931,-0.475644,-0.680147,0.526972,-1104.270996,1517.913574,-4602.371582,-1098.179077,1437.699585,-4614.534180,-1091.818726,1562.584106,-4628.143555,-1121.247559,1467.161987,-4564.754395,-1105.838867,1604.208984,-4602.054199,,,,,,,,,,,,,2616.291016,1567.736328,-3159.768311,,,,,,,,,,,,,,,,,,,,,,,,,,,,,,,,,
5268,52.680000,0.000000,0.000000,0.000000,1.000000,0.000000,0.000000,0.000000,57.698101,20.499701,-14.700500,0.047771,-0.013570,0.015998,-15.666301,-52.738201,18.801300,-93.396698,0.129960,17.611099,-0.182931,-0.475644,-0.680147,0.526972,-1104.270996,1517.913574,-4602.371582,-1098.179077,1437.699585,-4614.534180,-1091.818726,1562.584106,-4628.143555,-1121.247559,1467.161987,-4564.754395,-1105.838867,1604.208984,-4602.054199,,,,,,,,,,,,,2616.327881,1567.719727,-3159.764648,,,,,,,,,,,,,,,,,,,,,,,,,,,,,,,,,
5269,52.690000,0.000000,0.000000,0.000000,1.000000,0.000000,0.000000,0.000000,57.698101,20.499701,-14.700500,0.047771,-0.013570,0.015998,-15.666301,-52.738201,18.801300,-93.396698,0.129960,17.611099,-0.182931,-0.475644,-0.680147,0.526972,-1104.270996,1517.913574,-4602.371582,-1098.179077,1437.699585,-4614.534180,-1091.818726,1562.584106,-4628.143555,-1121.247559,1467.161987,-4564.754395,-1105.838867,1604.208984,-4602.054199,,,,,,,,,,,,,2616.282471,1567.701050,-3159.766846,,,,,,,,,,,,,,,,,,,,,,,,,,,,,,,,,
5270,52.700000,0.000000,0.000000,0.000000,1.000000,0.000000,0.000000,0.000000,57.698101,20.499701,-14.700500,0.047771,-0.013570,0.015998,-15.666301,-52.738201,18.801300,-93.396698,0.129960,17.611099,-0.182931,-0.475644,-0.680147,0.526972,-1104.270996,1517.913574,-4602.371582,-1098.179077,1437.699585,-4614.534180,-1091.818726,1562.584106,-4628.143555,-1121.247559,1467.161987,-4564.754395,-1105.838867,1604.208984,-4602.054199,,,,,,,,,,,,,2616.274414,1567.767578,-3159.796143,,,,,,,,,,,,,,,,,,,,,,,,,,,,,,,,,
5271,52.710000,0.000000,0.000000,0.000000,1.000000,0.000000,0.000000,0.000000,57.698101,20.499701,-14.700500,0.047771,-0.013570,0.015998,-15.666301,-52.738201,18.801300,-93.396698,0.129960,17.611099,-0.182931,-0.475644,-0.680147,0.526972,-1104.270996,1517.913574,-4602.371582,-1098.179077,1437.699585,-4614.534180,-1091.818726,1562.584106,-4628.143555,-1121.247559,1467.161987,-4564.754395,-1105.838867,1604.208984,-4602.054199,,,,,,,,,,,,,2616.275146,1567.740356,-3159.784424,,,,,,,,,,,,,,,,,,,,,,,,,,,,,,,,,
5272,52.720000,0.000000,0.000000,0.000000,1.000000,0.000000,0.000000,0.000000,57.698101,20.499701,-14.700500,0.047771,-0.013570,0.015998,-15.666301,-52.738201,18.801300,-93.396698,0.129960,17.611099,-0.182931,-0.475644,-0.680147,0.526972,-1104.270996,1517.913574,-4602.371582,-1098.179077,1437.699585,-4614.534180,-1091.818726,1562.584106,-4628.143555,-1121.247559,1467.161987,-4564.754395,-1105.838867,1604.208984,-4602.054199,,,,,,,,,,,,,2616.291260,1567.752441,-3159.781006,,,,,,,,,,,,,,,,,,,,,,,,,,,,,,,,,
5273,52.730000,0.000000,0.000000,0.000000,1.000000,0.000000,0.000000,0.000000,57.698101,20.499701,-14.700500,0.047771,-0.013570,0.015998,-15.666301,-52.738201,18.801300,-93.396698,0.129960,17.611099,-0.182931,-0.475644,-0.680147,0.526972,-1104.270996,1517.913574,-4602.371582,-1098.179077,1437.699585,-4614.534180,-1091.818726,1562.584106,-4628.143555,-1121.247559,1467.161987,-4564.754395,-1105.838867,1604.208984,-4602.054199,,,,,,,,,,,,,2616.291260,1567.740234,-3159.778076,,,,,,,,,,,,,,,,,,,,,,,,,,,,,,,,,
5274,52.740000,0.000000,0.000000,0.000000,1.000000,0.000000,0.000000,0.000000,57.698101,20.499701,-14.700500,0.047771,-0.013570,0.015998,-15.666301,-52.738201,18.801300,-93.396698,0.129960,17.611099,-0.182931,-0.475644,-0.680147,0.526972,-1104.270996,1517.913574,-4602.371582,-1098.179077,1437.699585,-4614.534180,-1091.818726,1562.584106,-4628.143555,-1121.247559,1467.161987,-4564.754395,-1105.838867,1604.208984,-4602.054199,,,,,,,,,,,,,2616.310303,1567.742676,-3159.785156,,,,,,,,,,,,,,,,,,,,,,,,,,,,,,,,,
5275,52.750000,0.000000,0.000000,0.000000,1.000000,0.000000,0.000000,0.000000,57.698101,20.499701,-14.700500,0.047771,-0.013570,0.015998,-15.666301,-52.738201,18.801300,-93.396698,0.129960,17.611099,-0.182931,-0.475644,-0.680147,0.526972,-1104.270996,1517.913574,-4602.371582,-1098.179077,1437.699585,-4614.534180,-1091.818726,1562.584106,-4628.143555,-1121.247559,1467.161987,-4564.754395,-1105.838867,1604.208984,-4602.054199,,,,,,,,,,,,,2616.299072,1567.754272,-3159.781006,,,,,,,,,,,,,,,,,,,,,,,,,,,,,,,,,
5276,52.760000,0.000000,0.000000,0.000000,1.000000,0.000000,0.000000,0.000000,57.698101,20.499701,-14.700500,0.047771,-0.013570,0.015998,-15.666301,-52.738201,18.801300,-93.396698,0.129960,17.611099,-0.182931,-0.475644,-0.680147,0.526972,-1104.270996,1517.913574,-4602.371582,-1098.179077,1437.699585,-4614.534180,-1091.818726,1562.584106,-4628.143555,-1121.247559,1467.161987,-4564.754395,-1105.838867,1604.208984,-4602.054199,,,,,,,,,,,,,2616.295898,1567.729980,-3159.772217,,,,,,,,,,,,,,,,,,,,,,,,,,,,,,,,,
5277,52.770000,0.000000,0.000000,0.000000,1.000000,0.000000,0.000000,0.000000,57.698101,20.499701,-14.700500,0.047771,-0.013570,0.015998,-15.666301,-52.738201,18.801300,-93.396698,0.129960,17.611099,-0.182931,-0.475644,-0.680147,0.526972,-1104.270996,1517.913574,-4602.371582,-1098.179077,1437.699585,-4614.534180,-1091.818726,1562.584106,-4628.143555,-1121.247559,1467.161987,-4564.754395,-1105.838867,1604.208984,-4602.054199,,,,,,,,,,,,,2616.282959,1567.737671,-3159.774170,,,,,,,,,,,,,,,,,,,,,,,,,,,,,,,,,
5278,52.780000,0.000000,0.000000,0.000000,1.000000,0.000000,0.000000,0.000000,57.698101,20.499701,-14.700500,0.047771,-0.013570,0.015998,-15.666301,-52.738201,18.801300,-93.396698,0.129960,17.611099,-0.182931,-0.475644,-0.680147,0.526972,-1104.270996,1517.913574,-4602.371582,-1098.179077,1437.699585,-4614.534180,-1091.818726,1562.584106,-4628.143555,-1121.247559,1467.161987,-4564.754395,-1105.838867,1604.208984,-4602.054199,,,,,,,,,,,,,2616.272217,1567.763184,-3159.799316,,,,,,,,,,,,,,,,,,,,,,,,,,,,,,,,,
5279,52.790000,0.000000,0.000000,0.000000,1.000000,0.000000,0.000000,0.000000,57.698101,20.499701,-14.700500,0.047771,-0.013570,0.015998,-15.666301,-52.738201,18.801300,-93.396698,0.129960,17.611099,-0.182931,-0.475644,-0.680147,0.526972,-1104.270996,1517.913574,-4602.371582,-1098.179077,1437.699585,-4614.534180,-1091.818726,1562.584106,-4628.143555,-1121.247559,1467.161987,-4564.754395,-1105.838867,1604.208984,-4602.054199,,,,,,,,,,,,,2616.275879,1567.755737,-3159.802979,,,,,,,,,,,,,,,,,,,,,,,,,,,,,,,,,
5280,52.800000,0.000000,0.000000,0.000000,1.000000,0.000000,0.000000,0.000000,57.698101,20.499701,-14.700500,0.047771,-0.013570,0.015998,-15.666301,-52.738201,18.801300,-93.396698,0.129960,17.611099,-0.182931,-0.475644,-0.680147,0.526972,-1104.270996,1517.913574,-4602.371582,-1098.179077,1437.699585,-4614.534180,-1091.818726,1562.584106,-4628.143555,-1121.247559,1467.161987,-4564.754395,-1105.838867,1604.208984,-4602.054199,,,,,,,,,,,,,2616.277832,1567.715942,-3159.787109,,,,,,,,,,,,,,,,,,,,,,,,,,,,,,,,,
5281,52.810000,0.000000,0.000000,0.000000,1.000000,0.000000,0.000000,0.000000,57.698101,20.499701,-14.700500,0.047771,-0.013570,0.015998,-15.666301,-52.738201,18.801300,-93.396698,0.129960,17.611099,-0.182931,-0.475644,-0.680147,0.526972,-1104.270996,1517.913574,-4602.371582,-1098.179077,1437.699585,-4614.534180,-1091.818726,1562.584106,-4628.143555,-1121.247559,1467.161987,-4564.754395,-1105.838867,1604.208984,-4602.054199,,,,,,,,,,,,,2616.296387,1567.731445,-3159.779053,,,,,,,,,,,,,,,,,,,,,,,,,,,,,,,,,
5282,52.820000,0.000000,0.000000,0.000000,1.000000,0.000000,0.000000,0.000000,57.698101,20.499701,-14.700500,0.047771,-0.013570,0.015998,-15.666301,-52.738201,18.801300,-93.396698,0.129960,17.611099,-0.182931,-0.475644,-0.680147,0.526972,-1104.270996,1517.913574,-4602.371582,-1098.179077,1437.699585,-4614.534180,-1091.818726,1562.584106,-4628.143555,-1121.247559,1467.161987,-4564.754395,-1105.838867,1604.208984,-4602.054199,,,,,,,,,,,,,2616.295166,1567.732788,-3159.776123,,,,,,,,,,,,,,,,,,,,,,,,,,,,,,,,,
5283,52.830000,0.000000,0.000000,0.000000,1.000000,0.000000,0.000000,0.000000,57.698101,20.499701,-14.700500,0.047771,-0.013570,0.015998,-15.666301,-52.738201,18.801300,-93.396698,0.129960,17.611099,-0.182931,-0.475644,-0.680147,0.526972,-1104.270996,1517.913574,-4602.371582,-1098.179077,1437.699585,-4614.534180,-1091.818726,1562.584106,-4628.143555,-1121.247559,1467.161987,-4564.754395,-1105.838867,1604.208984,-4602.054199,,,,,,,,,,,,,2616.297607,1567.749634,-3159.779785,,,,,,,,,,,,,,,,,,,,,,,,,,,,,,,,,
5284,52.840000,0.000000,0.000000,0.000000,1.000000,0.000000,0.000000,0.000000,57.698101,20.499701,-14.700500,0.047771,-0.013570,0.015998,-15.666301,-52.738201,18.801300,-93.396698,0.129960,17.611099,-0.182931,-0.475644,-0.680147,0.526972,-1104.270996,1517.913574,-4602.371582,-1098.179077,1437.699585,-4614.534180,-1091.818726,1562.584106,-4628.143555,-1121.247559,1467.161987,-4564.754395,-1105.838867,1604.208984,-4602.054199,,,,,,,,,,,,,2616.276611,1567.741333,-3159.781738,,,,,,,,,,,,,,,,,,,,,,,,,,,,,,,,,
5285,52.850000,0.000000,0.000000,0.000000,1.000000,0.000000,0.000000,0.000000,57.698101,20.499701,-14.700500,0.047771,-0.013570,0.015998,-15.666301,-52.738201,18.801300,-93.396698,0.129960,17.611099,-0.182931,-0.475644,-0.680147,0.526972,-1104.270996,1517.913574,-4602.371582,-1098.179077,1437.699585,-4614.534180,-1091.818726,1562.584106,-4628.143555,-1121.247559,1467.161987,-4564.754395,-1105.838867,1604.208984,-4602.054199,,,,,,,,,,,,,2616.271729,1567.746216,-3159.787109,,,,,,,,,,,,,,,,,,,,,,,,,,,,,,,,,
5286,52.860000,0.000000,0.000000,0.000000,1.000000,0.000000,0.000000,0.000000,57.698101,20.499701,-14.700500,0.047771,-0.013570,0.015998,-15.666301,-52.738201,18.801300,-93.396698,0.129960,17.611099,-0.182931,-0.475644,-0.680147,0.526972,-1104.270996,1517.913574,-4602.371582,-1098.179077,1437.699585,-4614.534180,-1091.818726,1562.584106,-4628.143555,-1121.247559,1467.161987,-4564.754395,-1105.838867,1604.208984,-4602.054199,,,,,,,,,,,,,2616.309082,1567.748657,-3159.779053,,,,,,,,,,,,,,,,,,,,,,,,,,,,,,,,,
5287,52.870000,0.000000,0.000000,0.000000,1.000000,0.000000,0.000000,0.000000,57.698101,20.499701,-14.700500,0.047771,-0.013570,0.015998,-15.666301,-52.738201,18.801300,-93.396698,0.129960,17.611099,-0.182931,-0.475644,-0.680147,0.526972,-1104.270996,1517.913574,-4602.371582,-1098.179077,1437.699585,-4614.534180,-1091.818726,1562.584106,-4628.143555,-1121.247559,1467.161987,-4564.754395,-1105.838867,1604.208984,-4602.054199,,,,,,,,,,,,,2616.264648,1567.740967,-3159.779053,,,,,,,,,,,,,,,,,,,,,,,,,,,,,,,,,
5288,52.880000,0.000000,0.000000,0.000000,1.000000,0.000000,0.000000,0.000000,57.698101,20.499701,-14.700500,0.047771,-0.013570,0.015998,-15.666301,-52.738201,18.801300,-93.396698,0.129960,17.611099,-0.182931,-0.475644,-0.680147,0.526972,-1104.270996,1517.913574,-4602.371582,-1098.179077,1437.699585,-4614.534180,-1091.818726,1562.584106,-4628.143555,-1121.247559,1467.161987,-4564.754395,-1105.838867,1604.208984,-4602.054199,,,,,,,,,,,,,2616.294678,1567.692505,-3159.769531,,,,,,,,,,,,,,,,,,,,,,,,,,,,,,,,,
5289,52.890000,0.000000,0.000000,0.000000,1.000000,0.000000,0.000000,0.000000,57.698101,20.499701,-14.700500,0.047771,-0.013570,0.015998,-15.666301,-52.738201,18.801300,-93.396698,0.129960,17.611099,-0.182931,-0.475644,-0.680147,0.526972,-1104.270996,1517.913574,-4602.371582,-1098.179077,1437.699585,-4614.534180,-1091.818726,1562.584106,-4628.143555,-1121.247559,1467.161987,-4564.754395,-1105.838867,1604.208984,-4602.054199,,,,,,,,,,,,,2616.281738,1567.744873,-3159.765381,,,,,,,,,,,,,,,,,,,,,,,,,,,,,,,,,
5290,52.900000,0.000000,0.000000,0.000000,1.000000,0.000000,0.000000,0.000000,57.698101,20.499701,-14.700500,0.047771,-0.013570,0.015998,-15.666301,-52.738201,18.801300,-93.396698,0.129960,17.611099,-0.182931,-0.475644,-0.680147,0.526972,-1104.270996,1517.913574,-4602.371582,-1098.179077,1437.699585,-4614.534180,-1091.818726,1562.584106,-4628.143555,-1121.247559,1467.161987,-4564.754395,-1105.838867,1604.208984,-4602.054199,,,,,,,,,,,,,2616.302002,1567.762695,-3159.785645,,,,,,,,,,,,,,,,,,,,,,,,,,,,,,,,,
5291,52.910000,0.000000,0.000000,0.000000,1.000000,0.000000,0.000000,0.000000,57.698101,20.499701,-14.700500,0.047771,-0.013570,0.015998,-15.666301,-52.738201,18.801300,-93.396698,0.129960,17.611099,-0.182931,-0.475644,-0.680147,0.526972,-1104.270996,1517.913574,-4602.371582,-1098.179077,1437.699585,-4614.534180,-1091.818726,1562.584106,-4628.143555,-1121.247559,1467.161987,-4564.754395,-1105.838867,1604.208984,-4602.054199,,,,,,,,,,,,,2616.306152,1567.699219,-3159.771240,,,,,,,,,,,,,,,,,,,,,,,,,,,,,,,,,
5292,52.920000,0.000000,0.000000,0.000000,1.000000,0.000000,0.000000,0.000000,57.698101,20.499701,-14.700500,0.047771,-0.013570,0.015998,-15.666301,-52.738201,18.801300,-93.396698,0.129960,17.611099,-0.182931,-0.475644,-0.680147,0.526972,-1104.270996,1517.913574,-4602.371582,-1098.179077,1437.699585,-4614.534180,-1091.818726,1562.584106,-4628.143555,-1121.247559,1467.161987,-4564.754395,-1105.838867,1604.208984,-4602.054199,,,,,,,,,,,,,2616.302246,1567.734497,-3159.770508,,,,,,,,,,,,,,,,,,,,,,,,,,,,,,,,,
5293,52.930000,0.000000,0.000000,0.000000,1.000000,0.000000,0.000000,0.000000,57.698101,20.499701,-14.700500,0.047771,-0.013570,0.015998,-15.666301,-52.738201,18.801300,-93.396698,0.129960,17.611099,-0.182931,-0.475644,-0.680147,0.526972,-1104.270996,1517.913574,-4602.371582,-1098.179077,1437.699585,-4614.534180,-1091.818726,1562.584106,-4628.143555,-1121.247559,1467.161987,-4564.754395,-1105.838867,1604.208984,-4602.054199,,,,,,,,,,,,,2616.311279,1567.769653,-3159.776855,,,,,,,,,,,,,,,,,,,,,,,,,,,,,,,,,
5294,52.940000,0.000000,0.000000,0.000000,1.000000,0.000000,0.000000,0.000000,57.698101,20.499701,-14.700500,0.047771,-0.013570,0.015998,-15.666301,-52.738201,18.801300,-93.396698,0.129960,17.611099,-0.182931,-0.475644,-0.680147,0.526972,-1104.270996,1517.913574,-4602.371582,-1098.179077,1437.699585,-4614.534180,-1091.818726,1562.584106,-4628.143555,-1121.247559,1467.161987,-4564.754395,-1105.838867,1604.208984,-4602.054199,,,,,,,,,,,,,2616.302979,1567.765625,-3159.786133,,,,,,,,,,,,,,,,,,,,,,,,,,,,,,,,,
5295,52.950000,0.000000,0.000000,0.000000,1.000000,0.000000,0.000000,0.000000,57.698101,20.499701,-14.700500,0.047771,-0.013570,0.015998,-15.666301,-52.738201,18.801300,-93.396698,0.129960,17.611099,-0.182931,-0.475644,-0.680147,0.526972,-1104.270996,1517.913574,-4602.371582,-1098.179077,1437.699585,-4614.534180,-1091.818726,1562.584106,-4628.143555,-1121.247559,1467.161987,-4564.754395,-1105.838867,1604.208984,-4602.054199,,,,,,,,,,,,,2616.279541,1567.708984,-3159.777832,,,,,,,,,,,,,,,,,,,,,,,,,,,,,,,,,
5296,52.960000,0.000000,0.000000,0.000000,1.000000,0.000000,0.000000,0.000000,57.698101,20.499701,-14.700500,0.047771,-0.013570,0.015998,-15.666301,-52.738201,18.801300,-93.396698,0.129960,17.611099,-0.182931,-0.475644,-0.680147,0.526972,-1104.270996,1517.913574,-4602.371582,-1098.179077,1437.699585,-4614.534180,-1091.818726,1562.584106,-4628.143555,-1121.247559,1467.161987,-4564.754395,-1105.838867,1604.208984,-4602.054199,,,,,,,,,,,,,2616.290771,1567.752930,-3159.773682,,,,,,,,,,,,,,,,,,,,,,,,,,,,,,,,,
5297,52.970000,0.000000,0.000000,0.000000,1.000000,0.000000,0.000000,0.000000,57.698101,20.499701,-14.700500,0.047771,-0.013570,0.015998,-15.666301,-52.738201,18.801300,-93.396698,0.129960,17.611099,-0.182931,-0.475644,-0.680147,0.526972,-1104.270996,1517.913574,-4602.371582,-1098.179077,1437.699585,-4614.534180,-1091.818726,1562.584106,-4628.143555,-1121.247559,1467.161987,-4564.754395,-1105.838867,1604.208984,-4602.054199,,,,,,,,,,,,,2616.325684,1567.752441,-3159.772949,,,,,,,,,,,,,,,,,,,,,,,,,,,,,,,,,
5298,52.980000,0.000000,0.000000,0.000000,1.000000,0.000000,0.000000,0.000000,57.698101,20.499701,-14.700500,0.047771,-0.013570,0.015998,-15.666301,-52.738201,18.801300,-93.396698,0.129960,17.611099,-0.182931,-0.475644,-0.680147,0.526972,-1104.270996,1517.913574,-4602.371582,-1098.179077,1437.699585,-4614.534180,-1091.818726,1562.584106,-4628.143555,-1121.247559,1467.161987,-4564.754395,-1105.838867,1604.208984,-4602.054199,,,,,,,,,,,,,2616.260254,1567.746216,-3159.782471,,,,,,,,,,,,,,,,,,,,,,,,,,,,,,,,,
5299,52.990000,0.000000,0.000000,0.000000,1.000000,0.000000,0.000000,0.000000,57.698101,20.499701,-14.700500,0.047771,-0.013570,0.015998,-15.666301,-52.738201,18.801300,-93.396698,0.129960,17.611099,-0.182931,-0.475644,-0.680147,0.526972,-1104.270996,1517.913574,-4602.371582,-1098.179077,1437.699585,-4614.534180,-1091.818726,1562.584106,-4628.143555,-1121.247559,1467.161987,-4564.754395,-1105.838867,1604.208984,-4602.054199,,,,,,,,,,,,,2616.253662,1567.736328,-3159.789551,,,,,,,,,,,,,,,,,,,,,,,,,,,,,,,,,
5300,53.000000,0.000000,0.000000,0.000000,1.000000,0.000000,0.000000,0.000000,57.698101,20.499701,-14.700500,0.047771,-0.013570,0.015998,-15.666301,-52.738201,18.801300,-93.396698,0.129960,17.611099,-0.182931,-0.475644,-0.680147,0.526972,-1104.270996,1517.913574,-4602.371582,-1098.179077,1437.699585,-4614.534180,-1091.818726,1562.584106,-4628.143555,-1121.247559,1467.161987,-4564.754395,-1105.838867,1604.208984,-4602.054199,,,,,,,,,,,,,2616.321533,1567.744873,-3159.777588,,,,,,,,,,,,,,,,,,,,,,,,,,,,,,,,,
5301,53.010000,0.000000,0.000000,0.000000,1.000000,0.000000,0.000000,0.000000,57.698101,20.499701,-14.700500,0.047771,-0.013570,0.015998,-15.666301,-52.738201,18.801300,-93.396698,0.129960,17.611099,-0.182931,-0.475644,-0.680147,0.526972,-1104.270996,1517.913574,-4602.371582,-1098.179077,1437.699585,-4614.534180,-1091.818726,1562.584106,-4628.143555,-1121.247559,1467.161987,-4564.754395,-1105.838867,1604.208984,-4602.054199,,,,,,,,,,,,,2616.322266,1567.751465,-3159.775146,,,,,,,,,,,,,,,,,,,,,,,,,,,,,,,,,
5302,53.020000,0.000000,0.000000,0.000000,1.000000,0.000000,0.000000,0.000000,57.698101,20.499701,-14.700500,0.047771,-0.013570,0.015998,-15.666301,-52.738201,18.801300,-93.396698,0.129960,17.611099,-0.182931,-0.475644,-0.680147,0.526972,-1104.270996,1517.913574,-4602.371582,-1098.179077,1437.699585,-4614.534180,-1091.818726,1562.584106,-4628.143555,-1121.247559,1467.161987,-4564.754395,-1105.838867,1604.208984,-4602.054199,,,,,,,,,,,,,2616.262451,1567.745605,-3159.792725,,,,,,,,,,,,,,,,,,,,,,,,,,,,,,,,,
5303,53.030000,0.000000,0.000000,0.000000,1.000000,0.000000,0.000000,0.000000,57.698101,20.499701,-14.700500,0.047771,-0.013570,0.015998,-15.666301,-52.738201,18.801300,-93.396698,0.129960,17.611099,-0.182931,-0.475644,-0.680147,0.526972,-1104.270996,1517.913574,-4602.371582,-1098.179077,1437.699585,-4614.534180,-1091.818726,1562.584106,-4628.143555,-1121.247559,1467.161987,-4564.754395,-1105.838867,1604.208984,-4602.054199,,,,,,,,,,,,,2616.287354,1567.731567,-3159.781006,,,,,,,,,,,,,,,,,,,,,,,,,,,,,,,,,
5304,53.040000,0.000000,0.000000,0.000000,1.000000,0.000000,0.000000,0.000000,57.698101,20.499701,-14.700500,0.047771,-0.013570,0.015998,-15.666301,-52.738201,18.801300,-93.396698,0.129960,17.611099,-0.182931,-0.475644,-0.680147,0.526972,-1104.270996,1517.913574,-4602.371582,-1098.179077,1437.699585,-4614.534180,-1091.818726,1562.584106,-4628.143555,-1121.247559,1467.161987,-4564.754395,-1105.838867,1604.208984,-4602.054199,,,,,,,,,,,,,2616.299316,1567.736328,-3159.772217,,,,,,,,,,,,,,,,,,,,,,,,,,,,,,,,,
5305,53.050000,0.000000,0.000000,0.000000,1.000000,0.000000,0.000000,0.000000,57.698101,20.499701,-14.700500,0.047771,-0.013570,0.015998,-15.666301,-52.738201,18.801300,-93.396698,0.129960,17.611099,-0.182931,-0.475644,-0.680147,0.526972,-1104.270996,1517.913574,-4602.371582,-1098.179077,1437.699585,-4614.534180,-1091.818726,1562.584106,-4628.143555,-1121.247559,1467.161987,-4564.754395,-1105.838867,1604.208984,-4602.054199,,,,,,,,,,,,,2616.311035,1567.744141,-3159.772949,,,,,,,,,,,,,,,,,,,,,,,,,,,,,,,,,
5306,53.060000,0.000000,0.000000,0.000000,1.000000,0.000000,0.000000,0.000000,57.698101,20.499701,-14.700500,0.047771,-0.013570,0.015998,-15.666301,-52.738201,18.801300,-93.396698,0.129960,17.611099,-0.182931,-0.475644,-0.680147,0.526972,-1104.270996,1517.913574,-4602.371582,-1098.179077,1437.699585,-4614.534180,-1091.818726,1562.584106,-4628.143555,-1121.247559,1467.161987,-4564.754395,-1105.838867,1604.208984,-4602.054199,,,,,,,,,,,,,2616.289307,1567.729858,-3159.777100,,,,,,,,,,,,,,,,,,,,,,,,,,,,,,,,,
5307,53.070000,0.000000,0.000000,0.000000,1.000000,0.000000,0.000000,0.000000,57.698101,20.499701,-14.700500,0.047771,-0.013570,0.015998,-15.666301,-52.738201,18.801300,-93.396698,0.129960,17.611099,-0.182931,-0.475644,-0.680147,0.526972,-1104.270996,1517.913574,-4602.371582,-1098.179077,1437.699585,-4614.534180,-1091.818726,1562.584106,-4628.143555,-1121.247559,1467.161987,-4564.754395,-1105.838867,1604.208984,-4602.054199,,,,,,,,,,,,,2616.286621,1567.723633,-3159.771240,,,,,,,,,,,,,,,,,,,,,,,,,,,,,,,,,
5308,53.080000,0.000000,0.000000,0.000000,1.000000,0.000000,0.000000,0.000000,57.698101,20.499701,-14.700500,0.047771,-0.013570,0.015998,-15.666301,-52.738201,18.801300,-93.396698,0.129960,17.611099,-0.182931,-0.475644,-0.680147,0.526972,-1104.270996,1517.913574,-4602.371582,-1098.179077,1437.699585,-4614.534180,-1091.818726,1562.584106,-4628.143555,-1121.247559,1467.161987,-4564.754395,-1105.838867,1604.208984,-4602.054199,,,,,,,,,,,,,2616.298096,1567.704346,-3159.771973,,,,,,,,,,,,,,,,,,,,,,,,,,,,,,,,,
5309,53.090000,0.000000,0.000000,0.000000,1.000000,0.000000,0.000000,0.000000,57.698101,20.499701,-14.700500,0.047771,-0.013570,0.015998,-15.666301,-52.738201,18.801300,-93.396698,0.129960,17.611099,-0.182931,-0.475644,-0.680147,0.526972,-1104.270996,1517.913574,-4602.371582,-1098.179077,1437.699585,-4614.534180,-1091.818726,1562.584106,-4628.143555,-1121.247559,1467.161987,-4564.754395,-1105.838867,1604.208984,-4602.054199,,,,,,,,,,,,,2616.320557,1567.725830,-3159.762451,,,,,,,,,,,,,,,,,,,,,,,,,,,,,,,,,
5310,53.100000,0.000000,0.000000,0.000000,1.000000,0.000000,0.000000,0.000000,57.698101,20.499701,-14.700500,0.047771,-0.013570,0.015998,-15.666301,-52.738201,18.801300,-93.396698,0.129960,17.611099,-0.182931,-0.475644,-0.680147,0.526972,-1104.270996,1517.913574,-4602.371582,-1098.179077,1437.699585,-4614.534180,-1091.818726,1562.584106,-4628.143555,-1121.247559,1467.161987,-4564.754395,-1105.838867,1604.208984,-4602.054199,,,,,,,,,,,,,2616.247314,1567.759888,-3159.788818,,,,,,,,,,,,,,,,,,,,,,,,,,,,,,,,,
5311,53.110000,0.000000,0.000000,0.000000,1.000000,0.000000,0.000000,0.000000,57.698101,20.499701,-14.700500,0.047771,-0.013570,0.015998,-15.666301,-52.738201,18.801300,-93.396698,0.129960,17.611099,-0.182931,-0.475644,-0.680147,0.526972,-1104.270996,1517.913574,-4602.371582,-1098.179077,1437.699585,-4614.534180,-1091.818726,1562.584106,-4628.143555,-1121.247559,1467.161987,-4564.754395,-1105.838867,1604.208984,-4602.054199,,,,,,,,,,,,,2616.267334,1567.765137,-3159.801025,,,,,,,,,,,,,,,,,,,,,,,,,,,,,,,,,
5312,53.120000,0.000000,0.000000,0.000000,1.000000,0.000000,0.000000,0.000000,57.698101,20.499701,-14.700500,0.047771,-0.013570,0.015998,-15.666301,-52.738201,18.801300,-93.396698,0.129960,17.611099,-0.182931,-0.475644,-0.680147,0.526972,-1104.270996,1517.913574,-4602.371582,-1098.179077,1437.699585,-4614.534180,-1091.818726,1562.584106,-4628.143555,-1121.247559,1467.161987,-4564.754395,-1105.838867,1604.208984,-4602.054199,,,,,,,,,,,,,2616.268311,1567.728760,-3159.778809,,,,,,,,,,,,,,,,,,,,,,,,,,,,,,,,,
5313,53.130000,0.000000,0.000000,0.000000,1.000000,0.000000,0.000000,0.000000,57.698101,20.499701,-14.700500,0.047771,-0.013570,0.015998,-15.666301,-52.738201,18.801300,-93.396698,0.129960,17.611099,-0.182931,-0.475644,-0.680147,0.526972,-1104.270996,1517.913574,-4602.371582,-1098.179077,1437.699585,-4614.534180,-1091.818726,1562.584106,-4628.143555,-1121.247559,1467.161987,-4564.754395,-1105.838867,1604.208984,-4602.054199,,,,,,,,,,,,,2616.295898,1567.712891,-3159.773682,,,,,,,,,,,,,,,,,,,,,,,,,,,,,,,,,
5314,53.140000,0.000000,0.000000,0.000000,1.000000,0.000000,0.000000,0.000000,57.698101,20.499701,-14.700500,0.047771,-0.013570,0.015998,-15.666301,-52.738201,18.801300,-93.396698,0.129960,17.611099,-0.182931,-0.475644,-0.680147,0.526972,-1104.270996,1517.913574,-4602.371582,-1098.179077,1437.699585,-4614.534180,-1091.818726,1562.584106,-4628.143555,-1121.247559,1467.161987,-4564.754395,-1105.838867,1604.208984,-4602.054199,,,,,,,,,,,,,2616.307373,1567.738037,-3159.767334,,,,,,,,,,,,,,,,,,,,,,,,,,,,,,,,,
5315,53.150000,0.000000,0.000000,0.000000,1.000000,0.000000,0.000000,0.000000,57.698101,20.499701,-14.700500,0.047771,-0.013570,0.015998,-15.666301,-52.738201,18.801300,-93.396698,0.129960,17.611099,-0.182931,-0.475644,-0.680147,0.526972,-1104.270996,1517.913574,-4602.371582,-1098.179077,1437.699585,-4614.534180,-1091.818726,1562.584106,-4628.143555,-1121.247559,1467.161987,-4564.754395,-1105.838867,1604.208984,-4602.054199,,,,,,,,,,,,,2616.300781,1567.765869,-3159.774414,,,,,,,,,,,,,,,,,,,,,,,,,,,,,,,,,
5316,53.160000,0.000000,0.000000,0.000000,1.000000,0.000000,0.000000,0.000000,57.698101,20.499701,-14.700500,0.047771,-0.013570,0.015998,-15.666301,-52.738201,18.801300,-93.396698,0.129960,17.611099,-0.182931,-0.475644,-0.680147,0.526972,-1104.270996,1517.913574,-4602.371582,-1098.179077,1437.699585,-4614.534180,-1091.818726,1562.584106,-4628.143555,-1121.247559,1467.161987,-4564.754395,-1105.838867,1604.208984,-4602.054199,,,,,,,,,,,,,2616.277344,1567.738525,-3159.778809,,,,,,,,,,,,,,,,,,,,,,,,,,,,,,,,,
5317,53.170000,0.000000,0.000000,0.000000,1.000000,0.000000,0.000000,0.000000,57.698101,20.499701,-14.700500,0.047771,-0.013570,0.015998,-15.666301,-52.738201,18.801300,-93.396698,0.129960,17.611099,-0.182931,-0.475644,-0.680147,0.526972,-1104.270996,1517.913574,-4602.371582,-1098.179077,1437.699585,-4614.534180,-1091.818726,1562.584106,-4628.143555,-1121.247559,1467.161987,-4564.754395,-1105.838867,1604.208984,-4602.054199,,,,,,,,,,,,,2616.273438,1567.730713,-3159.784912,,,,,,,,,,,,,,,,,,,,,,,,,,,,,,,,,
5318,53.180000,0.000000,0.000000,0.000000,1.000000,0.000000,0.000000,0.000000,57.698101,20.499701,-14.700500,0.047771,-0.013570,0.015998,-15.666301,-52.738201,18.801300,-93.396698,0.129960,17.611099,-0.182931,-0.475644,-0.680147,0.526972,-1104.270996,1517.913574,-4602.371582,-1098.179077,1437.699585,-4614.534180,-1091.818726,1562.584106,-4628.143555,-1121.247559,1467.161987,-4564.754395,-1105.838867,1604.208984,-4602.054199,,,,,,,,,,,,,2616.307373,1567.741211,-3159.784912,,,,,,,,,,,,,,,,,,,,,,,,,,,,,,,,,
5319,53.190000,0.000000,0.000000,0.000000,1.000000,0.000000,0.000000,0.000000,57.698101,20.499701,-14.700500,0.047771,-0.013570,0.015998,-15.666301,-52.738201,18.801300,-93.396698,0.129960,17.611099,-0.182931,-0.475644,-0.680147,0.526972,-1104.270996,1517.913574,-4602.371582,-1098.179077,1437.699585,-4614.534180,-1091.818726,1562.584106,-4628.143555,-1121.247559,1467.161987,-4564.754395,-1105.838867,1604.208984,-4602.054199,,,,,,,,,,,,,2616.301514,1567.697144,-3159.768311,,,,,,,,,,,,,,,,,,,,,,,,,,,,,,,,,
5320,53.200000,0.000000,0.000000,0.000000,1.000000,0.000000,0.000000,0.000000,57.698101,20.499701,-14.700500,0.047771,-0.013570,0.015998,-15.666301,-52.738201,18.801300,-93.396698,0.129960,17.611099,-0.182931,-0.475644,-0.680147,0.526972,-1104.270996,1517.913574,-4602.371582,-1098.179077,1437.699585,-4614.534180,-1091.818726,1562.584106,-4628.143555,-1121.247559,1467.161987,-4564.754395,-1105.838867,1604.208984,-4602.054199,,,,,,,,,,,,,2616.337158,1567.701050,-3159.752930,,,,,,,,,,,,,,,,,,,,,,,,,,,,,,,,,
5321,53.210000,0.000000,0.000000,0.000000,1.000000,0.000000,0.000000,0.000000,57.698101,20.499701,-14.700500,0.047771,-0.013570,0.015998,-15.666301,-52.738201,18.801300,-93.396698,0.129960,17.611099,-0.182931,-0.475644,-0.680147,0.526972,-1104.270996,1517.913574,-4602.371582,-1098.179077,1437.699585,-4614.534180,-1091.818726,1562.584106,-4628.143555,-1121.247559,1467.161987,-4564.754395,-1105.838867,1604.208984,-4602.054199,,,,,,,,,,,,,2616.312012,1567.725952,-3159.764160,,,,,,,,,,,,,,,,,,,,,,,,,,,,,,,,,
5322,53.220000,0.000000,0.000000,0.000000,1.000000,0.000000,0.000000,0.000000,57.698101,20.499701,-14.700500,0.047771,-0.013570,0.015998,-15.666301,-52.738201,18.801300,-93.396698,0.129960,17.611099,-0.182931,-0.475644,-0.680147,0.526972,-1104.270996,1517.913574,-4602.371582,-1098.179077,1437.699585,-4614.534180,-1091.818726,1562.584106,-4628.143555,-1121.247559,1467.161987,-4564.754395,-1105.838867,1604.208984,-4602.054199,,,,,,,,,,,,,2616.277100,1567.730591,-3159.776855,,,,,,,,,,,,,,,,,,,,,,,,,,,,,,,,,
5323,53.230000,0.000000,0.000000,0.000000,1.000000,0.000000,0.000000,0.000000,57.698101,20.499701,-14.700500,0.047771,-0.013570,0.015998,-15.666301,-52.738201,18.801300,-93.396698,0.129960,17.611099,-0.182931,-0.475644,-0.680147,0.526972,-1104.270996,1517.913574,-4602.371582,-1098.179077,1437.699585,-4614.534180,-1091.818726,1562.584106,-4628.143555,-1121.247559,1467.161987,-4564.754395,-1105.838867,1604.208984,-4602.054199,,,,,,,,,,,,,2616.260254,1567.744995,-3159.802246,,,,,,,,,,,,,,,,,,,,,,,,,,,,,,,,,
5324,53.240000,0.000000,0.000000,0.000000,1.000000,0.000000,0.000000,0.000000,57.698101,20.499701,-14.700500,0.047771,-0.013570,0.015998,-15.666301,-52.738201,18.801300,-93.396698,0.129960,17.611099,-0.182931,-0.475644,-0.680147,0.526972,-1104.270996,1517.913574,-4602.371582,-1098.179077,1437.699585,-4614.534180,-1091.818726,1562.584106,-4628.143555,-1121.247559,1467.161987,-4564.754395,-1105.838867,1604.208984,-4602.054199,,,,,,,,,,,,,2616.293945,1567.774536,-3159.785645,,,,,,,,,,,,,,,,,,,,,,,,,,,,,,,,,
5325,53.250000,0.000000,0.000000,0.000000,1.000000,0.000000,0.000000,0.000000,57.698101,20.499701,-14.700500,0.047771,-0.013570,0.015998,-15.666301,-52.738201,18.801300,-93.396698,0.129960,17.611099,-0.182931,-0.475644,-0.680147,0.526972,-1104.270996,1517.913574,-4602.371582,-1098.179077,1437.699585,-4614.534180,-1091.818726,1562.584106,-4628.143555,-1121.247559,1467.161987,-4564.754395,-1105.838867,1604.208984,-4602.054199,,,,,,,,,,,,,2616.252197,1567.741211,-3159.785889,,,,,,,,,,,,,,,,,,,,,,,,,,,,,,,,,
5326,53.260000,0.000000,0.000000,0.000000,1.000000,0.000000,0.000000,0.000000,57.698101,20.499701,-14.700500,0.047771,-0.013570,0.015998,-15.666301,-52.738201,18.801300,-93.396698,0.129960,17.611099,-0.182931,-0.475644,-0.680147,0.526972,-1104.270996,1517.913574,-4602.371582,-1098.179077,1437.699585,-4614.534180,-1091.818726,1562.584106,-4628.143555,-1121.247559,1467.161987,-4564.754395,-1105.838867,1604.208984,-4602.054199,,,,,,,,,,,,,2616.283691,1567.742065,-3159.784912,,,,,,,,,,,,,,,,,,,,,,,,,,,,,,,,,
5327,53.270000,0.000000,0.000000,0.000000,1.000000,0.000000,0.000000,0.000000,57.698101,20.499701,-14.700500,0.047771,-0.013570,0.015998,-15.666301,-52.738201,18.801300,-93.396698,0.129960,17.611099,-0.182931,-0.475644,-0.680147,0.526972,-1104.270996,1517.913574,-4602.371582,-1098.179077,1437.699585,-4614.534180,-1091.818726,1562.584106,-4628.143555,-1121.247559,1467.161987,-4564.754395,-1105.838867,1604.208984,-4602.054199,,,,,,,,,,,,,2616.322998,1567.747192,-3159.769775,,,,,,,,,,,,,,,,,,,,,,,,,,,,,,,,,
5328,53.280000,0.000000,0.000000,0.000000,1.000000,0.000000,0.000000,0.000000,57.698101,20.499701,-14.700500,0.047771,-0.013570,0.015998,-15.666301,-52.738201,18.801300,-93.396698,0.129960,17.611099,-0.182931,-0.475644,-0.680147,0.526972,-1104.270996,1517.913574,-4602.371582,-1098.179077,1437.699585,-4614.534180,-1091.818726,1562.584106,-4628.143555,-1121.247559,1467.161987,-4564.754395,-1105.838867,1604.208984,-4602.054199,,,,,,,,,,,,,2616.309814,1567.754639,-3159.769775,,,,,,,,,,,,,,,,,,,,,,,,,,,,,,,,,
5329,53.290000,0.000000,0.000000,0.000000,1.000000,0.000000,0.000000,0.000000,57.698101,20.499701,-14.700500,0.047771,-0.013570,0.015998,-15.666301,-52.738201,18.801300,-93.396698,0.129960,17.611099,-0.182931,-0.475644,-0.680147,0.526972,-1104.270996,1517.913574,-4602.371582,-1098.179077,1437.699585,-4614.534180,-1091.818726,1562.584106,-4628.143555,-1121.247559,1467.161987,-4564.754395,-1105.838867,1604.208984,-4602.054199,,,,,,,,,,,,,2616.286377,1567.760864,-3159.791504,,,,,,,,,,,,,,,,,,,,,,,,,,,,,,,,,
5330,53.300000,0.000000,0.000000,0.000000,1.000000,0.000000,0.000000,0.000000,57.698101,20.499701,-14.700500,0.047771,-0.013570,0.015998,-15.666301,-52.738201,18.801300,-93.396698,0.129960,17.611099,-0.182931,-0.475644,-0.680147,0.526972,-1104.270996,1517.913574,-4602.371582,-1098.179077,1437.699585,-4614.534180,-1091.818726,1562.584106,-4628.143555,-1121.247559,1467.161987,-4564.754395,-1105.838867,1604.208984,-4602.054199,,,,,,,,,,,,,2616.286865,1567.738525,-3159.790283,,,,,,,,,,,,,,,,,,,,,,,,,,,,,,,,,
5331,53.310000,0.000000,0.000000,0.000000,1.000000,0.000000,0.000000,0.000000,57.698101,20.499701,-14.700500,0.047771,-0.013570,0.015998,-15.666301,-52.738201,18.801300,-93.396698,0.129960,17.611099,-0.182931,-0.475644,-0.680147,0.526972,-1104.270996,1517.913574,-4602.371582,-1098.179077,1437.699585,-4614.534180,-1091.818726,1562.584106,-4628.143555,-1121.247559,1467.161987,-4564.754395,-1105.838867,1604.208984,-4602.054199,,,,,,,,,,,,,2616.278809,1567.729492,-3159.773926,,,,,,,,,,,,,,,,,,,,,,,,,,,,,,,,,
5332,53.320000,0.000000,0.000000,0.000000,1.000000,0.000000,0.000000,0.000000,57.698101,20.499701,-14.700500,0.047771,-0.013570,0.015998,-15.666301,-52.738201,18.801300,-93.396698,0.129960,17.611099,-0.182931,-0.475644,-0.680147,0.526972,-1104.270996,1517.913574,-4602.371582,-1098.179077,1437.699585,-4614.534180,-1091.818726,1562.584106,-4628.143555,-1121.247559,1467.161987,-4564.754395,-1105.838867,1604.208984,-4602.054199,,,,,,,,,,,,,2616.309326,1567.715454,-3159.766602,,,,,,,,,,,,,,,,,,,,,,,,,,,,,,,,,
5333,53.330000,0.000000,0.000000,0.000000,1.000000,0.000000,0.000000,0.000000,57.698101,20.499701,-14.700500,0.047771,-0.013570,0.015998,-15.666301,-52.738201,18.801300,-93.396698,0.129960,17.611099,-0.182931,-0.475644,-0.680147,0.526972,-1104.270996,1517.913574,-4602.371582,-1098.179077,1437.699585,-4614.534180,-1091.818726,1562.584106,-4628.143555,-1121.247559,1467.161987,-4564.754395,-1105.838867,1604.208984,-4602.054199,,,,,,,,,,,,,2616.317383,1567.743896,-3159.765381,,,,,,,,,,,,,,,,,,,,,,,,,,,,,,,,,
5334,53.340000,0.000000,0.000000,0.000000,1.000000,0.000000,0.000000,0.000000,57.698101,20.499701,-14.700500,0.047771,-0.013570,0.015998,-15.666301,-52.738201,18.801300,-93.396698,0.129960,17.611099,-0.182931,-0.475644,-0.680147,0.526972,-1104.270996,1517.913574,-4602.371582,-1098.179077,1437.699585,-4614.534180,-1091.818726,1562.584106,-4628.143555,-1121.247559,1467.161987,-4564.754395,-1105.838867,1604.208984,-4602.054199,,,,,,,,,,,,,2616.279297,1567.718994,-3159.777344,,,,,,,,,,,,,,,,,,,,,,,,,,,,,,,,,
5335,53.350000,0.000000,0.000000,0.000000,1.000000,0.000000,0.000000,0.000000,57.698101,20.499701,-14.700500,0.047771,-0.013570,0.015998,-15.666301,-52.738201,18.801300,-93.396698,0.129960,17.611099,-0.182931,-0.475644,-0.680147,0.526972,-1104.270996,1517.913574,-4602.371582,-1098.179077,1437.699585,-4614.534180,-1091.818726,1562.584106,-4628.143555,-1121.247559,1467.161987,-4564.754395,-1105.838867,1604.208984,-4602.054199,,,,,,,,,,,,,2616.300293,1567.702881,-3159.777832,,,,,,,,,,,,,,,,,,,,,,,,,,,,,,,,,
5336,53.360000,0.000000,0.000000,0.000000,1.000000,0.000000,0.000000,0.000000,57.698101,20.499701,-14.700500,0.047771,-0.013570,0.015998,-15.666301,-52.738201,18.801300,-93.396698,0.129960,17.611099,-0.182931,-0.475644,-0.680147,0.526972,-1104.270996,1517.913574,-4602.371582,-1098.179077,1437.699585,-4614.534180,-1091.818726,1562.584106,-4628.143555,-1121.247559,1467.161987,-4564.754395,-1105.838867,1604.208984,-4602.054199,,,,,,,,,,,,,2616.287598,1567.727051,-3159.773682,,,,,,,,,,,,,,,,,,,,,,,,,,,,,,,,,
5337,53.370000,0.000000,0.000000,0.000000,1.000000,0.000000,0.000000,0.000000,57.698101,20.499701,-14.700500,0.047771,-0.013570,0.015998,-15.666301,-52.738201,18.801300,-93.396698,0.129960,17.611099,-0.182931,-0.475644,-0.680147,0.526972,-1104.270996,1517.913574,-4602.371582,-1098.179077,1437.699585,-4614.534180,-1091.818726,1562.584106,-4628.143555,-1121.247559,1467.161987,-4564.754395,-1105.838867,1604.208984,-4602.054199,,,,,,,,,,,,,2616.255615,1567.736450,-3159.784912,,,,,,,,,,,,,,,,,,,,,,,,,,,,,,,,,
5338,53.380000,0.000000,0.000000,0.000000,1.000000,0.000000,0.000000,0.000000,57.698101,20.499701,-14.700500,0.047771,-0.013570,0.015998,-15.666301,-52.738201,18.801300,-93.396698,0.129960,17.611099,-0.182931,-0.475644,-0.680147,0.526972,-1104.270996,1517.913574,-4602.371582,-1098.179077,1437.699585,-4614.534180,-1091.818726,1562.584106,-4628.143555,-1121.247559,1467.161987,-4564.754395,-1105.838867,1604.208984,-4602.054199,,,,,,,,,,,,,2616.248535,1567.723511,-3159.788818,,,,,,,,,,,,,,,,,,,,,,,,,,,,,,,,,
5339,53.390000,0.000000,0.000000,0.000000,1.000000,0.000000,0.000000,0.000000,57.698101,20.499701,-14.700500,0.047771,-0.013570,0.015998,-15.666301,-52.738201,18.801300,-93.396698,0.129960,17.611099,-0.182931,-0.475644,-0.680147,0.526972,-1104.270996,1517.913574,-4602.371582,-1098.179077,1437.699585,-4614.534180,-1091.818726,1562.584106,-4628.143555,-1121.247559,1467.161987,-4564.754395,-1105.838867,1604.208984,-4602.054199,,,,,,,,,,,,,2616.274902,1567.777466,-3159.787598,,,,,,,,,,,,,,,,,,,,,,,,,,,,,,,,,
5340,53.400000,0.000000,0.000000,0.000000,1.000000,0.000000,0.000000,0.000000,57.698101,20.499701,-14.700500,0.047771,-0.013570,0.015998,-15.666301,-52.738201,18.801300,-93.396698,0.129960,17.611099,-0.182931,-0.475644,-0.680147,0.526972,-1104.270996,1517.913574,-4602.371582,-1098.179077,1437.699585,-4614.534180,-1091.818726,1562.584106,-4628.143555,-1121.247559,1467.161987,-4564.754395,-1105.838867,1604.208984,-4602.054199,,,,,,,,,,,,,2616.281738,1567.747803,-3159.783203,,,,,,,,,,,,,,,,,,,,,,,,,,,,,,,,,
5341,53.410000,0.000000,0.000000,0.000000,1.000000,0.000000,0.000000,0.000000,57.698101,20.499701,-14.700500,0.047771,-0.013570,0.015998,-15.666301,-52.738201,18.801300,-93.396698,0.129960,17.611099,-0.182931,-0.475644,-0.680147,0.526972,-1104.270996,1517.913574,-4602.371582,-1098.179077,1437.699585,-4614.534180,-1091.818726,1562.584106,-4628.143555,-1121.247559,1467.161987,-4564.754395,-1105.838867,1604.208984,-4602.054199,,,,,,,,,,,,,2616.304443,1567.726562,-3159.781006,,,,,,,,,,,,,,,,,,,,,,,,,,,,,,,,,
5342,53.420000,0.000000,0.000000,0.000000,1.000000,0.000000,0.000000,0.000000,57.698101,20.499701,-14.700500,0.047771,-0.013570,0.015998,-15.666301,-52.738201,18.801300,-93.396698,0.129960,17.611099,-0.182931,-0.475644,-0.680147,0.526972,-1104.270996,1517.913574,-4602.371582,-1098.179077,1437.699585,-4614.534180,-1091.818726,1562.584106,-4628.143555,-1121.247559,1467.161987,-4564.754395,-1105.838867,1604.208984,-4602.054199,,,,,,,,,,,,,2616.330811,1567.705444,-3159.758789,,,,,,,,,,,,,,,,,,,,,,,,,,,,,,,,,
5343,53.430000,0.000000,0.000000,0.000000,1.000000,0.000000,0.000000,0.000000,57.698101,20.499701,-14.700500,0.047771,-0.013570,0.015998,-15.666301,-52.738201,18.801300,-93.396698,0.129960,17.611099,-0.182931,-0.475644,-0.680147,0.526972,-1104.270996,1517.913574,-4602.371582,-1098.179077,1437.699585,-4614.534180,-1091.818726,1562.584106,-4628.143555,-1121.247559,1467.161987,-4564.754395,-1105.838867,1604.208984,-4602.054199,,,,,,,,,,,,,2616.306885,1567.746460,-3159.785889,,,,,,,,,,,,,,,,,,,,,,,,,,,,,,,,,
5344,53.440000,0.000000,0.000000,0.000000,1.000000,0.000000,0.000000,0.000000,57.698101,20.499701,-14.700500,0.047771,-0.013570,0.015998,-15.666301,-52.738201,18.801300,-93.396698,0.129960,17.611099,-0.182931,-0.475644,-0.680147,0.526972,-1104.270996,1517.913574,-4602.371582,-1098.179077,1437.699585,-4614.534180,-1091.818726,1562.584106,-4628.143555,-1121.247559,1467.161987,-4564.754395,-1105.838867,1604.208984,-4602.054199,,,,,,,,,,,,,2616.273438,1567.771240,-3159.792969,,,,,,,,,,,,,,,,,,,,,,,,,,,,,,,,,
5345,53.450000,0.000000,0.000000,0.000000,1.000000,0.000000,0.000000,0.000000,57.698101,20.499701,-14.700500,0.047771,-0.013570,0.015998,-15.666301,-52.738201,18.801300,-93.396698,0.129960,17.611099,-0.182931,-0.475644,-0.680147,0.526972,-1104.270996,1517.913574,-4602.371582,-1098.179077,1437.699585,-4614.534180,-1091.818726,1562.584106,-4628.143555,-1121.247559,1467.161987,-4564.754395,-1105.838867,1604.208984,-4602.054199,,,,,,,,,,,,,2616.249756,1567.750854,-3159.796143,,,,,,,,,,,,,,,,,,,,,,,,,,,,,,,,,
5346,53.460000,0.000000,0.000000,0.000000,1.000000,0.000000,0.000000,0.000000,57.698101,20.499701,-14.700500,0.047771,-0.013570,0.015998,-15.666301,-52.738201,18.801300,-93.396698,0.129960,17.611099,-0.182931,-0.475644,-0.680147,0.526972,-1104.270996,1517.913574,-4602.371582,-1098.179077,1437.699585,-4614.534180,-1091.818726,1562.584106,-4628.143555,-1121.247559,1467.161987,-4564.754395,-1105.838867,1604.208984,-4602.054199,,,,,,,,,,,,,2616.259033,1567.717529,-3159.784668,,,,,,,,,,,,,,,,,,,,,,,,,,,,,,,,,
5347,53.470000,0.000000,0.000000,0.000000,1.000000,0.000000,0.000000,0.000000,57.698101,20.499701,-14.700500,0.047771,-0.013570,0.015998,-15.666301,-52.738201,18.801300,-93.396698,0.129960,17.611099,-0.182931,-0.475644,-0.680147,0.526972,-1104.270996,1517.913574,-4602.371582,-1098.179077,1437.699585,-4614.534180,-1091.818726,1562.584106,-4628.143555,-1121.247559,1467.161987,-4564.754395,-1105.838867,1604.208984,-4602.054199,,,,,,,,,,,,,2616.333008,1567.757446,-3159.774902,,,,,,,,,,,,,,,,,,,,,,,,,,,,,,,,,
5348,53.480000,0.000000,0.000000,0.000000,1.000000,0.000000,0.000000,0.000000,57.698101,20.499701,-14.700500,0.047771,-0.013570,0.015998,-15.666301,-52.738201,18.801300,-93.396698,0.129960,17.611099,-0.182931,-0.475644,-0.680147,0.526972,-1104.270996,1517.913574,-4602.371582,-1098.179077,1437.699585,-4614.534180,-1091.818726,1562.584106,-4628.143555,-1121.247559,1467.161987,-4564.754395,-1105.838867,1604.208984,-4602.054199,,,,,,,,,,,,,2616.291992,1567.742310,-3159.779785,,,,,,,,,,,,,,,,,,,,,,,,,,,,,,,,,
5349,53.490000,0.000000,0.000000,0.000000,1.000000,0.000000,0.000000,0.000000,57.698101,20.499701,-14.700500,0.047771,-0.013570,0.015998,-15.666301,-52.738201,18.801300,-93.396698,0.129960,17.611099,-0.182931,-0.475644,-0.680147,0.526972,-1104.270996,1517.913574,-4602.371582,-1098.179077,1437.699585,-4614.534180,-1091.818726,1562.584106,-4628.143555,-1121.247559,1467.161987,-4564.754395,-1105.838867,1604.208984,-4602.054199,,,,,,,,,,,,,2616.274658,1567.771973,-3159.789551,,,,,,,,,,,,,,,,,,,,,,,,,,,,,,,,,
5350,53.500000,0.000000,0.000000,0.000000,1.000000,0.000000,0.000000,0.000000,57.698101,20.499701,-14.700500,0.047771,-0.013570,0.015998,-15.666301,-52.738201,18.801300,-93.396698,0.129960,17.611099,-0.182931,-0.475644,-0.680147,0.526972,-1104.270996,1517.913574,-4602.371582,-1098.179077,1437.699585,-4614.534180,-1091.818726,1562.584106,-4628.143555,-1121.247559,1467.161987,-4564.754395,-1105.838867,1604.208984,-4602.054199,,,,,,,,,,,,,2616.262451,1567.756836,-3159.798584,,,,,,,,,,,,,,,,,,,,,,,,,,,,,,,,,
5351,53.510000,0.000000,0.000000,0.000000,1.000000,0.000000,0.000000,0.000000,57.698101,20.499701,-14.700500,0.047771,-0.013570,0.015998,-15.666301,-52.738201,18.801300,-93.396698,0.129960,17.611099,-0.182931,-0.475644,-0.680147,0.526972,-1104.270996,1517.913574,-4602.371582,-1098.179077,1437.699585,-4614.534180,-1091.818726,1562.584106,-4628.143555,-1121.247559,1467.161987,-4564.754395,-1105.838867,1604.208984,-4602.054199,,,,,,,,,,,,,2616.271729,1567.713623,-3159.781250,,,,,,,,,,,,,,,,,,,,,,,,,,,,,,,,,
5352,53.520000,0.000000,0.000000,0.000000,1.000000,0.000000,0.000000,0.000000,57.698101,20.499701,-14.700500,0.047771,-0.013570,0.015998,-15.666301,-52.738201,18.801300,-93.396698,0.129960,17.611099,-0.182931,-0.475644,-0.680147,0.526972,-1104.270996,1517.913574,-4602.371582,-1098.179077,1437.699585,-4614.534180,-1091.818726,1562.584106,-4628.143555,-1121.247559,1467.161987,-4564.754395,-1105.838867,1604.208984,-4602.054199,,,,,,,,,,,,,2616.320801,1567.725708,-3159.773682,,,,,,,,,,,,,,,,,,,,,,,,,,,,,,,,,
5353,53.530000,0.000000,0.000000,0.000000,1.000000,0.000000,0.000000,0.000000,57.698101,20.499701,-14.700500,0.047771,-0.013570,0.015998,-15.666301,-52.738201,18.801300,-93.396698,0.129960,17.611099,-0.182931,-0.475644,-0.680147,0.526972,-1104.270996,1517.913574,-4602.371582,-1098.179077,1437.699585,-4614.534180,-1091.818726,1562.584106,-4628.143555,-1121.247559,1467.161987,-4564.754395,-1105.838867,1604.208984,-4602.054199,,,,,,,,,,,,,2616.295166,1567.764282,-3159.781738,,,,,,,,,,,,,,,,,,,,,,,,,,,,,,,,,
5354,53.540000,0.000000,0.000000,0.000000,1.000000,0.000000,0.000000,0.000000,57.698101,20.499701,-14.700500,0.047771,-0.013570,0.015998,-15.666301,-52.738201,18.801300,-93.396698,0.129960,17.611099,-0.182931,-0.475644,-0.680147,0.526972,-1104.270996,1517.913574,-4602.371582,-1098.179077,1437.699585,-4614.534180,-1091.818726,1562.584106,-4628.143555,-1121.247559,1467.161987,-4564.754395,-1105.838867,1604.208984,-4602.054199,,,,,,,,,,,,,2616.270996,1567.742065,-3159.780029,,,,,,,,,,,,,,,,,,,,,,,,,,,,,,,,,
5355,53.550000,0.000000,0.000000,0.000000,1.000000,0.000000,0.000000,0.000000,57.698101,20.499701,-14.700500,0.047771,-0.013570,0.015998,-15.666301,-52.738201,18.801300,-93.396698,0.129960,17.611099,-0.182931,-0.475644,-0.680147,0.526972,-1104.270996,1517.913574,-4602.371582,-1098.179077,1437.699585,-4614.534180,-1091.818726,1562.584106,-4628.143555,-1121.247559,1467.161987,-4564.754395,-1105.838867,1604.208984,-4602.054199,,,,,,,,,,,,,2616.288086,1567.774536,-3159.784912,,,,,,,,,,,,,,,,,,,,,,,,,,,,,,,,,
5356,53.560000,0.000000,0.000000,0.000000,1.000000,0.000000,0.000000,0.000000,57.698101,20.499701,-14.700500,0.047771,-0.013570,0.015998,-15.666301,-52.738201,18.801300,-93.396698,0.129960,17.611099,-0.182931,-0.475644,-0.680147,0.526972,-1104.270996,1517.913574,-4602.371582,-1098.179077,1437.699585,-4614.534180,-1091.818726,1562.584106,-4628.143555,-1121.247559,1467.161987,-4564.754395,-1105.838867,1604.208984,-4602.054199,,,,,,,,,,,,,2616.299561,1567.767578,-3159.775391,,,,,,,,,,,,,,,,,,,,,,,,,,,,,,,,,
5357,53.570000,0.000000,0.000000,0.000000,1.000000,0.000000,0.000000,0.000000,57.698101,20.499701,-14.700500,0.047771,-0.013570,0.015998,-15.666301,-52.738201,18.801300,-93.396698,0.129960,17.611099,-0.182931,-0.475644,-0.680147,0.526972,-1104.270996,1517.913574,-4602.371582,-1098.179077,1437.699585,-4614.534180,-1091.818726,1562.584106,-4628.143555,-1121.247559,1467.161987,-4564.754395,-1105.838867,1604.208984,-4602.054199,,,,,,,,,,,,,2616.282471,1567.713867,-3159.775635,,,,,,,,,,,,,,,,,,,,,,,,,,,,,,,,,
5358,53.580000,0.000000,0.000000,0.000000,1.000000,0.000000,0.000000,0.000000,57.698101,20.499701,-14.700500,0.047771,-0.013570,0.015998,-15.666301,-52.738201,18.801300,-93.396698,0.129960,17.611099,-0.182931,-0.475644,-0.680147,0.526972,-1104.270996,1517.913574,-4602.371582,-1098.179077,1437.699585,-4614.534180,-1091.818726,1562.584106,-4628.143555,-1121.247559,1467.161987,-4564.754395,-1105.838867,1604.208984,-4602.054199,,,,,,,,,,,,,2616.260986,1567.729248,-3159.782715,,,,,,,,,,,,,,,,,,,,,,,,,,,,,,,,,
5359,53.590000,0.000000,0.000000,0.000000,1.000000,0.000000,0.000000,0.000000,57.698101,20.499701,-14.700500,0.047771,-0.013570,0.015998,-15.666301,-52.738201,18.801300,-93.396698,0.129960,17.611099,-0.182931,-0.475644,-0.680147,0.526972,-1104.270996,1517.913574,-4602.371582,-1098.179077,1437.699585,-4614.534180,-1091.818726,1562.584106,-4628.143555,-1121.247559,1467.161987,-4564.754395,-1105.838867,1604.208984,-4602.054199,,,,,,,,,,,,,2616.291504,1567.719727,-3159.793213,,,,,,,,,,,,,,,,,,,,,,,,,,,,,,,,,
5360,53.600000,0.000000,0.000000,0.000000,1.000000,0.000000,0.000000,0.000000,57.698101,20.499701,-14.700500,0.047771,-0.013570,0.015998,-15.666301,-52.738201,18.801300,-93.396698,0.129960,17.611099,-0.182931,-0.475644,-0.680147,0.526972,-1104.270996,1517.913574,-4602.371582,-1098.179077,1437.699585,-4614.534180,-1091.818726,1562.584106,-4628.143555,-1121.247559,1467.161987,-4564.754395,-1105.838867,1604.208984,-4602.054199,,,,,,,,,,,,,2616.287354,1567.734741,-3159.770508,,,,,,,,,,,,,,,,,,,,,,,,,,,,,,,,,
5361,53.610000,0.000000,0.000000,0.000000,1.000000,0.000000,0.000000,0.000000,57.698101,20.499701,-14.700500,0.047771,-0.013570,0.015998,-15.666301,-52.738201,18.801300,-93.396698,0.129960,17.611099,-0.182931,-0.475644,-0.680147,0.526972,-1104.270996,1517.913574,-4602.371582,-1098.179077,1437.699585,-4614.534180,-1091.818726,1562.584106,-4628.143555,-1121.247559,1467.161987,-4564.754395,-1105.838867,1604.208984,-4602.054199,,,,,,,,,,,,,2616.263184,1567.744629,-3159.780518,,,,,,,,,,,,,,,,,,,,,,,,,,,,,,,,,
5362,53.620000,0.000000,0.000000,0.000000,1.000000,0.000000,0.000000,0.000000,57.698101,20.499701,-14.700500,0.047771,-0.013570,0.015998,-15.666301,-52.738201,18.801300,-93.396698,0.129960,17.611099,-0.182931,-0.475644,-0.680147,0.526972,-1104.270996,1517.913574,-4602.371582,-1098.179077,1437.699585,-4614.534180,-1091.818726,1562.584106,-4628.143555,-1121.247559,1467.161987,-4564.754395,-1105.838867,1604.208984,-4602.054199,,,,,,,,,,,,,2616.260498,1567.741211,-3159.788574,,,,,,,,,,,,,,,,,,,,,,,,,,,,,,,,,
5363,53.630000,0.000000,0.000000,0.000000,1.000000,0.000000,0.000000,0.000000,57.698101,20.499701,-14.700500,0.047771,-0.013570,0.015998,-15.666301,-52.738201,18.801300,-93.396698,0.129960,17.611099,-0.182931,-0.475644,-0.680147,0.526972,-1104.270996,1517.913574,-4602.371582,-1098.179077,1437.699585,-4614.534180,-1091.818726,1562.584106,-4628.143555,-1121.247559,1467.161987,-4564.754395,-1105.838867,1604.208984,-4602.054199,,,,,,,,,,,,,2616.268555,1567.755493,-3159.787109,,,,,,,,,,,,,,,,,,,,,,,,,,,,,,,,,
5364,53.640000,0.000000,0.000000,0.000000,1.000000,0.000000,0.000000,0.000000,57.698101,20.499701,-14.700500,0.047771,-0.013570,0.015998,-15.666301,-52.738201,18.801300,-93.396698,0.129960,17.611099,-0.182931,-0.475644,-0.680147,0.526972,-1104.270996,1517.913574,-4602.371582,-1098.179077,1437.699585,-4614.534180,-1091.818726,1562.584106,-4628.143555,-1121.247559,1467.161987,-4564.754395,-1105.838867,1604.208984,-4602.054199,,,,,,,,,,,,,2616.309082,1567.752808,-3159.774414,,,,,,,,,,,,,,,,,,,,,,,,,,,,,,,,,
5365,53.650000,0.000000,0.000000,0.000000,1.000000,0.000000,0.000000,0.000000,57.698101,20.499701,-14.700500,0.047771,-0.013570,0.015998,-15.666301,-52.738201,18.801300,-93.396698,0.129960,17.611099,-0.182931,-0.475644,-0.680147,0.526972,-1104.270996,1517.913574,-4602.371582,-1098.179077,1437.699585,-4614.534180,-1091.818726,1562.584106,-4628.143555,-1121.247559,1467.161987,-4564.754395,-1105.838867,1604.208984,-4602.054199,,,,,,,,,,,,,2616.315918,1567.754150,-3159.769531,,,,,,,,,,,,,,,,,,,,,,,,,,,,,,,,,
5366,53.660000,0.000000,0.000000,0.000000,1.000000,0.000000,0.000000,0.000000,57.698101,20.499701,-14.700500,0.047771,-0.013570,0.015998,-15.666301,-52.738201,18.801300,-93.396698,0.129960,17.611099,-0.182931,-0.475644,-0.680147,0.526972,-1104.270996,1517.913574,-4602.371582,-1098.179077,1437.699585,-4614.534180,-1091.818726,1562.584106,-4628.143555,-1121.247559,1467.161987,-4564.754395,-1105.838867,1604.208984,-4602.054199,,,,,,,,,,,,,2616.279785,1567.798096,-3159.787842,,,,,,,,,,,,,,,,,,,,,,,,,,,,,,,,,
5367,53.670000,0.000000,0.000000,0.000000,1.000000,0.000000,0.000000,0.000000,57.698101,20.499701,-14.700500,0.047771,-0.013570,0.015998,-15.666301,-52.738201,18.801300,-93.396698,0.129960,17.611099,-0.182931,-0.475644,-0.680147,0.526972,-1104.270996,1517.913574,-4602.371582,-1098.179077,1437.699585,-4614.534180,-1091.818726,1562.584106,-4628.143555,-1121.247559,1467.161987,-4564.754395,-1105.838867,1604.208984,-4602.054199,,,,,,,,,,,,,2616.241699,1567.737793,-3159.800293,,,,,,,,,,,,,,,,,,,,,,,,,,,,,,,,,
5368,53.680000,0.000000,0.000000,0.000000,1.000000,0.000000,0.000000,0.000000,57.698101,20.499701,-14.700500,0.047771,-0.013570,0.015998,-15.666301,-52.738201,18.801300,-93.396698,0.129960,17.611099,-0.182931,-0.475644,-0.680147,0.526972,-1104.270996,1517.913574,-4602.371582,-1098.179077,1437.699585,-4614.534180,-1091.818726,1562.584106,-4628.143555,-1121.247559,1467.161987,-4564.754395,-1105.838867,1604.208984,-4602.054199,,,,,,,,,,,,,2616.271973,1567.726929,-3159.777100,,,,,,,,,,,,,,,,,,,,,,,,,,,,,,,,,
5369,53.690000,0.000000,0.000000,0.000000,1.000000,0.000000,0.000000,0.000000,57.698101,20.499701,-14.700500,0.047771,-0.013570,0.015998,-15.666301,-52.738201,18.801300,-93.396698,0.129960,17.611099,-0.182931,-0.475644,-0.680147,0.526972,-1104.270996,1517.913574,-4602.371582,-1098.179077,1437.699585,-4614.534180,-1091.818726,1562.584106,-4628.143555,-1121.247559,1467.161987,-4564.754395,-1105.838867,1604.208984,-4602.054199,,,,,,,,,,,,,2616.290527,1567.772705,-3159.780518,,,,,,,,,,,,,,,,,,,,,,,,,,,,,,,,,
5370,53.700000,0.000000,0.000000,0.000000,1.000000,0.000000,0.000000,0.000000,57.698101,20.499701,-14.700500,0.047771,-0.013570,0.015998,-15.666301,-52.738201,18.801300,-93.396698,0.129960,17.611099,-0.182931,-0.475644,-0.680147,0.526972,-1104.270996,1517.913574,-4602.371582,-1098.179077,1437.699585,-4614.534180,-1091.818726,1562.584106,-4628.143555,-1121.247559,1467.161987,-4564.754395,-1105.838867,1604.208984,-4602.054199,,,,,,,,,,,,,2616.307861,1567.703857,-3159.757324,,,,,,,,,,,,,,,,,,,,,,,,,,,,,,,,,
5371,53.710000,0.000000,0.000000,0.000000,1.000000,0.000000,0.000000,0.000000,57.698101,20.499701,-14.700500,0.047771,-0.013570,0.015998,-15.666301,-52.738201,18.801300,-93.396698,0.129960,17.611099,-0.182931,-0.475644,-0.680147,0.526972,-1104.270996,1517.913574,-4602.371582,-1098.179077,1437.699585,-4614.534180,-1091.818726,1562.584106,-4628.143555,-1121.247559,1467.161987,-4564.754395,-1105.838867,1604.208984,-4602.054199,,,,,,,,,,,,,2616.328125,1567.776978,-3159.758301,,,,,,,,,,,,,,,,,,,,,,,,,,,,,,,,,
5372,53.720000,0.000000,0.000000,0.000000,1.000000,0.000000,0.000000,0.000000,57.698101,20.499701,-14.700500,0.047771,-0.013570,0.015998,-15.666301,-52.738201,18.801300,-93.396698,0.129960,17.611099,-0.182931,-0.475644,-0.680147,0.526972,-1104.270996,1517.913574,-4602.371582,-1098.179077,1437.699585,-4614.534180,-1091.818726,1562.584106,-4628.143555,-1121.247559,1467.161987,-4564.754395,-1105.838867,1604.208984,-4602.054199,,,,,,,,,,,,,2616.275879,1567.744751,-3159.780273,,,,,,,,,,,,,,,,,,,,,,,,,,,,,,,,,
5373,53.730000,0.000000,0.000000,0.000000,1.000000,0.000000,0.000000,0.000000,57.698101,20.499701,-14.700500,0.047771,-0.013570,0.015998,-15.666301,-52.738201,18.801300,-93.396698,0.129960,17.611099,-0.182931,-0.475644,-0.680147,0.526972,-1104.270996,1517.913574,-4602.371582,-1098.179077,1437.699585,-4614.534180,-1091.818726,1562.584106,-4628.143555,-1121.247559,1467.161987,-4564.754395,-1105.838867,1604.208984,-4602.054199,,,,,,,,,,,,,2616.287109,1567.744995,-3159.778809,,,,,,,,,,,,,,,,,,,,,,,,,,,,,,,,,
5374,53.740000,0.000000,0.000000,0.000000,1.000000,0.000000,0.000000,0.000000,57.698101,20.499701,-14.700500,0.047771,-0.013570,0.015998,-15.666301,-52.738201,18.801300,-93.396698,0.129960,17.611099,-0.182931,-0.475644,-0.680147,0.526972,-1104.270996,1517.913574,-4602.371582,-1098.179077,1437.699585,-4614.534180,-1091.818726,1562.584106,-4628.143555,-1121.247559,1467.161987,-4564.754395,-1105.838867,1604.208984,-4602.054199,,,,,,,,,,,,,2616.290039,1567.777222,-3159.780029,,,,,,,,,,,,,,,,,,,,,,,,,,,,,,,,,
5375,53.750000,0.000000,0.000000,0.000000,1.000000,0.000000,0.000000,0.000000,57.698101,20.499701,-14.700500,0.047771,-0.013570,0.015998,-15.666301,-52.738201,18.801300,-93.396698,0.129960,17.611099,-0.182931,-0.475644,-0.680147,0.526972,-1104.270996,1517.913574,-4602.371582,-1098.179077,1437.699585,-4614.534180,-1091.818726,1562.584106,-4628.143555,-1121.247559,1467.161987,-4564.754395,-1105.838867,1604.208984,-4602.054199,,,,,,,,,,,,,2616.275635,1567.737793,-3159.793213,,,,,,,,,,,,,,,,,,,,,,,,,,,,,,,,,
5376,53.760000,0.000000,0.000000,0.000000,1.000000,0.000000,0.000000,0.000000,57.698101,20.499701,-14.700500,0.047771,-0.013570,0.015998,-15.666301,-52.738201,18.801300,-93.396698,0.129960,17.611099,-0.182931,-0.475644,-0.680147,0.526972,-1104.270996,1517.913574,-4602.371582,-1098.179077,1437.699585,-4614.534180,-1091.818726,1562.584106,-4628.143555,-1121.247559,1467.161987,-4564.754395,-1105.838867,1604.208984,-4602.054199,,,,,,,,,,,,,2616.274658,1567.752563,-3159.781982,,,,,,,,,,,,,,,,,,,,,,,,,,,,,,,,,
5377,53.770000,0.000000,0.000000,0.000000,1.000000,0.000000,0.000000,0.000000,57.698101,20.499701,-14.700500,0.047771,-0.013570,0.015998,-15.666301,-52.738201,18.801300,-93.396698,0.129960,17.611099,-0.182931,-0.475644,-0.680147,0.526972,-1104.270996,1517.913574,-4602.371582,-1098.179077,1437.699585,-4614.534180,-1091.818726,1562.584106,-4628.143555,-1121.247559,1467.161987,-4564.754395,-1105.838867,1604.208984,-4602.054199,,,,,,,,,,,,,2616.262207,1567.730225,-3159.791748,,,,,,,,,,,,,,,,,,,,,,,,,,,,,,,,,
5378,53.780000,0.000000,0.000000,0.000000,1.000000,0.000000,0.000000,0.000000,57.698101,20.499701,-14.700500,0.047771,-0.013570,0.015998,-15.666301,-52.738201,18.801300,-93.396698,0.129960,17.611099,-0.182931,-0.475644,-0.680147,0.526972,-1104.270996,1517.913574,-4602.371582,-1098.179077,1437.699585,-4614.534180,-1091.818726,1562.584106,-4628.143555,-1121.247559,1467.161987,-4564.754395,-1105.838867,1604.208984,-4602.054199,,,,,,,,,,,,,2616.292969,1567.756348,-3159.781982,,,,,,,,,,,,,,,,,,,,,,,,,,,,,,,,,
5379,53.790000,0.000000,0.000000,0.000000,1.000000,0.000000,0.000000,0.000000,57.698101,20.499701,-14.700500,0.047771,-0.013570,0.015998,-15.666301,-52.738201,18.801300,-93.396698,0.129960,17.611099,-0.182931,-0.475644,-0.680147,0.526972,-1104.270996,1517.913574,-4602.371582,-1098.179077,1437.699585,-4614.534180,-1091.818726,1562.584106,-4628.143555,-1121.247559,1467.161987,-4564.754395,-1105.838867,1604.208984,-4602.054199,,,,,,,,,,,,,2616.277344,1567.742798,-3159.782227,,,,,,,,,,,,,,,,,,,,,,,,,,,,,,,,,
5380,53.800000,0.000000,0.000000,0.000000,1.000000,0.000000,0.000000,0.000000,57.698101,20.499701,-14.700500,0.047771,-0.013570,0.015998,-15.666301,-52.738201,18.801300,-93.396698,0.129960,17.611099,-0.182931,-0.475644,-0.680147,0.526972,-1104.270996,1517.913574,-4602.371582,-1098.179077,1437.699585,-4614.534180,-1091.818726,1562.584106,-4628.143555,-1121.247559,1467.161987,-4564.754395,-1105.838867,1604.208984,-4602.054199,,,,,,,,,,,,,2616.265381,1567.744629,-3159.788574,,,,,,,,,,,,,,,,,,,,,,,,,,,,,,,,,
5381,53.810000,0.000000,0.000000,0.000000,1.000000,0.000000,0.000000,0.000000,57.698101,20.499701,-14.700500,0.047771,-0.013570,0.015998,-15.666301,-52.738201,18.801300,-93.396698,0.129960,17.611099,-0.182931,-0.475644,-0.680147,0.526972,-1104.270996,1517.913574,-4602.371582,-1098.179077,1437.699585,-4614.534180,-1091.818726,1562.584106,-4628.143555,-1121.247559,1467.161987,-4564.754395,-1105.838867,1604.208984,-4602.054199,,,,,,,,,,,,,2616.232422,1567.739502,-3159.806152,,,,,,,,,,,,,,,,,,,,,,,,,,,,,,,,,
5382,53.820000,0.000000,0.000000,0.000000,1.000000,0.000000,0.000000,0.000000,57.698101,20.499701,-14.700500,0.047771,-0.013570,0.015998,-15.666301,-52.738201,18.801300,-93.396698,0.129960,17.611099,-0.182931,-0.475644,-0.680147,0.526972,-1104.270996,1517.913574,-4602.371582,-1098.179077,1437.699585,-4614.534180,-1091.818726,1562.584106,-4628.143555,-1121.247559,1467.161987,-4564.754395,-1105.838867,1604.208984,-4602.054199,,,,,,,,,,,,,2616.276855,1567.719238,-3159.787354,,,,,,,,,,,,,,,,,,,,,,,,,,,,,,,,,
5383,53.830000,0.000000,0.000000,0.000000,1.000000,0.000000,0.000000,0.000000,57.698101,20.499701,-14.700500,0.047771,-0.013570,0.015998,-15.666301,-52.738201,18.801300,-93.396698,0.129960,17.611099,-0.182931,-0.475644,-0.680147,0.526972,-1104.270996,1517.913574,-4602.371582,-1098.179077,1437.699585,-4614.534180,-1091.818726,1562.584106,-4628.143555,-1121.247559,1467.161987,-4564.754395,-1105.838867,1604.208984,-4602.054199,,,,,,,,,,,,,2616.304932,1567.773193,-3159.783447,,,,,,,,,,,,,,,,,,,,,,,,,,,,,,,,,
5384,53.840000,0.000000,0.000000,0.000000,1.000000,0.000000,0.000000,0.000000,57.698101,20.499701,-14.700500,0.047771,-0.013570,0.015998,-15.666301,-52.738201,18.801300,-93.396698,0.129960,17.611099,-0.182931,-0.475644,-0.680147,0.526972,-1104.270996,1517.913574,-4602.371582,-1098.179077,1437.699585,-4614.534180,-1091.818726,1562.584106,-4628.143555,-1121.247559,1467.161987,-4564.754395,-1105.838867,1604.208984,-4602.054199,,,,,,,,,,,,,2616.249268,1567.733887,-3159.788330,,,,,,,,,,,,,,,,,,,,,,,,,,,,,,,,,
5385,53.850000,0.000000,0.000000,0.000000,1.000000,0.000000,0.000000,0.000000,57.698101,20.499701,-14.700500,0.047771,-0.013570,0.015998,-15.666301,-52.738201,18.801300,-93.396698,0.129960,17.611099,-0.182931,-0.475644,-0.680147,0.526972,-1104.270996,1517.913574,-4602.371582,-1098.179077,1437.699585,-4614.534180,-1091.818726,1562.584106,-4628.143555,-1121.247559,1467.161987,-4564.754395,-1105.838867,1604.208984,-4602.054199,,,,,,,,,,,,,2616.262207,1567.715820,-3159.782471,,,,,,,,,,,,,,,,,,,,,,,,,,,,,,,,,
5386,53.860000,0.000000,0.000000,0.000000,1.000000,0.000000,0.000000,0.000000,57.698101,20.499701,-14.700500,0.047771,-0.013570,0.015998,-15.666301,-52.738201,18.801300,-93.396698,0.129960,17.611099,-0.182931,-0.475644,-0.680147,0.526972,-1104.270996,1517.913574,-4602.371582,-1098.179077,1437.699585,-4614.534180,-1091.818726,1562.584106,-4628.143555,-1121.247559,1467.161987,-4564.754395,-1105.838867,1604.208984,-4602.054199,,,,,,,,,,,,,2616.311035,1567.743408,-3159.775146,,,,,,,,,,,,,,,,,,,,,,,,,,,,,,,,,
5387,53.870000,0.000000,0.000000,0.000000,1.000000,0.000000,0.000000,0.000000,57.698101,20.499701,-14.700500,0.047771,-0.013570,0.015998,-15.666301,-52.738201,18.801300,-93.396698,0.129960,17.611099,-0.182931,-0.475644,-0.680147,0.526972,-1104.270996,1517.913574,-4602.371582,-1098.179077,1437.699585,-4614.534180,-1091.818726,1562.584106,-4628.143555,-1121.247559,1467.161987,-4564.754395,-1105.838867,1604.208984,-4602.054199,,,,,,,,,,,,,2616.306396,1567.754639,-3159.769287,,,,,,,,,,,,,,,,,,,,,,,,,,,,,,,,,
5388,53.880000,0.000000,0.000000,0.000000,1.000000,0.000000,0.000000,0.000000,57.698101,20.499701,-14.700500,0.047771,-0.013570,0.015998,-15.666301,-52.738201,18.801300,-93.396698,0.129960,17.611099,-0.182931,-0.475644,-0.680147,0.526972,-1104.270996,1517.913574,-4602.371582,-1098.179077,1437.699585,-4614.534180,-1091.818726,1562.584106,-4628.143555,-1121.247559,1467.161987,-4564.754395,-1105.838867,1604.208984,-4602.054199,,,,,,,,,,,,,2616.312744,1567.751343,-3159.774902,,,,,,,,,,,,,,,,,,,,,,,,,,,,,,,,,
5389,53.890000,0.000000,0.000000,0.000000,1.000000,0.000000,0.000000,0.000000,57.698101,20.499701,-14.700500,0.047771,-0.013570,0.015998,-15.666301,-52.738201,18.801300,-93.396698,0.129960,17.611099,-0.182931,-0.475644,-0.680147,0.526972,-1104.270996,1517.913574,-4602.371582,-1098.179077,1437.699585,-4614.534180,-1091.818726,1562.584106,-4628.143555,-1121.247559,1467.161987,-4564.754395,-1105.838867,1604.208984,-4602.054199,,,,,,,,,,,,,2616.279297,1567.736328,-3159.792969,,,,,,,,,,,,,,,,,,,,,,,,,,,,,,,,,
5390,53.900000,0.000000,0.000000,0.000000,1.000000,0.000000,0.000000,0.000000,57.698101,20.499701,-14.700500,0.047771,-0.013570,0.015998,-15.666301,-52.738201,18.801300,-93.396698,0.129960,17.611099,-0.182931,-0.475644,-0.680147,0.526972,-1104.270996,1517.913574,-4602.371582,-1098.179077,1437.699585,-4614.534180,-1091.818726,1562.584106,-4628.143555,-1121.247559,1467.161987,-4564.754395,-1105.838867,1604.208984,-4602.054199,,,,,,,,,,,,,2616.276367,1567.739624,-3159.795654,,,,,,,,,,,,,,,,,,,,,,,,,,,,,,,,,
5391,53.910000,0.000000,0.000000,0.000000,1.000000,0.000000,0.000000,0.000000,57.698101,20.499701,-14.700500,0.047771,-0.013570,0.015998,-15.666301,-52.738201,18.801300,-93.396698,0.129960,17.611099,-0.182931,-0.475644,-0.680147,0.526972,-1104.270996,1517.913574,-4602.371582,-1098.179077,1437.699585,-4614.534180,-1091.818726,1562.584106,-4628.143555,-1121.247559,1467.161987,-4564.754395,-1105.838867,1604.208984,-4602.054199,,,,,,,,,,,,,2616.274414,1567.732666,-3159.777588,,,,,,,,,,,,,,,,,,,,,,,,,,,,,,,,,
5392,53.920000,0.000000,0.000000,0.000000,1.000000,0.000000,0.000000,0.000000,57.698101,20.499701,-14.700500,0.047771,-0.013570,0.015998,-15.666301,-52.738201,18.801300,-93.396698,0.129960,17.611099,-0.182931,-0.475644,-0.680147,0.526972,-1104.270996,1517.913574,-4602.371582,-1098.179077,1437.699585,-4614.534180,-1091.818726,1562.584106,-4628.143555,-1121.247559,1467.161987,-4564.754395,-1105.838867,1604.208984,-4602.054199,,,,,,,,,,,,,2616.348389,1567.751709,-3159.760498,,,,,,,,,,,,,,,,,,,,,,,,,,,,,,,,,
5393,53.930000,0.000000,0.000000,0.000000,1.000000,0.000000,0.000000,0.000000,57.698101,20.499701,-14.700500,0.047771,-0.013570,0.015998,-15.666301,-52.738201,18.801300,-93.396698,0.129960,17.611099,-0.182931,-0.475644,-0.680147,0.526972,-1104.270996,1517.913574,-4602.371582,-1098.179077,1437.699585,-4614.534180,-1091.818726,1562.584106,-4628.143555,-1121.247559,1467.161987,-4564.754395,-1105.838867,1604.208984,-4602.054199,,,,,,,,,,,,,2616.291260,1567.747681,-3159.769775,,,,,,,,,,,,,,,,,,,,,,,,,,,,,,,,,
5394,53.940000,0.000000,0.000000,0.000000,1.000000,0.000000,0.000000,0.000000,57.698101,20.499701,-14.700500,0.047771,-0.013570,0.015998,-15.666301,-52.738201,18.801300,-93.396698,0.129960,17.611099,-0.182931,-0.475644,-0.680147,0.526972,-1104.270996,1517.913574,-4602.371582,-1098.179077,1437.699585,-4614.534180,-1091.818726,1562.584106,-4628.143555,-1121.247559,1467.161987,-4564.754395,-1105.838867,1604.208984,-4602.054199,,,,,,,,,,,,,2616.274170,1567.748291,-3159.782715,,,,,,,,,,,,,,,,,,,,,,,,,,,,,,,,,
5395,53.950000,0.000000,0.000000,0.000000,1.000000,0.000000,0.000000,0.000000,57.698101,20.499701,-14.700500,0.047771,-0.013570,0.015998,-15.666301,-52.738201,18.801300,-93.396698,0.129960,17.611099,-0.182931,-0.475644,-0.680147,0.526972,-1104.270996,1517.913574,-4602.371582,-1098.179077,1437.699585,-4614.534180,-1091.818726,1562.584106,-4628.143555,-1121.247559,1467.161987,-4564.754395,-1105.838867,1604.208984,-4602.054199,,,,,,,,,,,,,2616.274658,1567.782593,-3159.792236,,,,,,,,,,,,,,,,,,,,,,,,,,,,,,,,,
5396,53.960000,0.000000,0.000000,0.000000,1.000000,0.000000,0.000000,0.000000,57.698101,20.499701,-14.700500,0.047771,-0.013570,0.015998,-15.666301,-52.738201,18.801300,-93.396698,0.129960,17.611099,-0.182931,-0.475644,-0.680147,0.526972,-1104.270996,1517.913574,-4602.371582,-1098.179077,1437.699585,-4614.534180,-1091.818726,1562.584106,-4628.143555,-1121.247559,1467.161987,-4564.754395,-1105.838867,1604.208984,-4602.054199,,,,,,,,,,,,,2616.251465,1567.746338,-3159.792236,,,,,,,,,,,,,,,,,,,,,,,,,,,,,,,,,
5397,53.970000,0.000000,0.000000,0.000000,1.000000,0.000000,0.000000,0.000000,57.698101,20.499701,-14.700500,0.047771,-0.013570,0.015998,-15.666301,-52.738201,18.801300,-93.396698,0.129960,17.611099,-0.182931,-0.475644,-0.680147,0.526972,-1104.270996,1517.913574,-4602.371582,-1098.179077,1437.699585,-4614.534180,-1091.818726,1562.584106,-4628.143555,-1121.247559,1467.161987,-4564.754395,-1105.838867,1604.208984,-4602.054199,,,,,,,,,,,,,2616.312256,1567.753296,-3159.776855,,,,,,,,,,,,,,,,,,,,,,,,,,,,,,,,,
5398,53.980000,0.000000,0.000000,0.000000,1.000000,0.000000,0.000000,0.000000,57.698101,20.499701,-14.700500,0.047771,-0.013570,0.015998,-15.666301,-52.738201,18.801300,-93.396698,0.129960,17.611099,-0.182931,-0.475644,-0.680147,0.526972,-1104.270996,1517.913574,-4602.371582,-1098.179077,1437.699585,-4614.534180,-1091.818726,1562.584106,-4628.143555,-1121.247559,1467.161987,-4564.754395,-1105.838867,1604.208984,-4602.054199,,,,,,,,,,,,,2616.300049,1567.759766,-3159.778564,,,,,,,,,,,,,,,,,,,,,,,,,,,,,,,,,
5399,53.990000,0.000000,0.000000,0.000000,1.000000,0.000000,0.000000,0.000000,57.698101,20.499701,-14.700500,0.047771,-0.013570,0.015998,-15.666301,-52.738201,18.801300,-93.396698,0.129960,17.611099,-0.182931,-0.475644,-0.680147,0.526972,-1104.270996,1517.913574,-4602.371582,-1098.179077,1437.699585,-4614.534180,-1091.818726,1562.584106,-4628.143555,-1121.247559,1467.161987,-4564.754395,-1105.838867,1604.208984,-4602.054199,,,,,,,,,,,,,2616.277100,1567.747437,-3159.777832,,,,,,,,,,,,,,,,,,,,,,,,,,,,,,,,,
5400,54.000000,0.000000,0.000000,0.000000,1.000000,0.000000,0.000000,0.000000,57.698101,20.499701,-14.700500,0.047771,-0.013570,0.015998,-15.666301,-52.738201,18.801300,-93.396698,0.129960,17.611099,-0.182931,-0.475644,-0.680147,0.526972,-1104.270996,1517.913574,-4602.371582,-1098.179077,1437.699585,-4614.534180,-1091.818726,1562.584106,-4628.143555,-1121.247559,1467.161987,-4564.754395,-1105.838867,1604.208984,-4602.054199,,,,,,,,,,,,,2616.269287,1567.710449,-3159.781494,,,,,,,,,,,,,,,,,,,,,,,,,,,,,,,,,
5401,54.010000,0.000000,0.000000,0.000000,1.000000,0.000000,0.000000,0.000000,57.698101,20.499701,-14.700500,0.047771,-0.013570,0.015998,-15.666301,-52.738201,18.801300,-93.396698,0.129960,17.611099,-0.182931,-0.475644,-0.680147,0.526972,-1104.270996,1517.913574,-4602.371582,-1098.179077,1437.699585,-4614.534180,-1091.818726,1562.584106,-4628.143555,-1121.247559,1467.161987,-4564.754395,-1105.838867,1604.208984,-4602.054199,,,,,,,,,,,,,2616.297363,1567.760498,-3159.779297,,,,,,,,,,,,,,,,,,,,,,,,,,,,,,,,,
5402,54.020000,0.000000,0.000000,0.000000,1.000000,0.000000,0.000000,0.000000,57.698101,20.499701,-14.700500,0.047771,-0.013570,0.015998,-15.666301,-52.738201,18.801300,-93.396698,0.129960,17.611099,-0.182931,-0.475644,-0.680147,0.526972,-1104.270996,1517.913574,-4602.371582,-1098.179077,1437.699585,-4614.534180,-1091.818726,1562.584106,-4628.143555,-1121.247559,1467.161987,-4564.754395,-1105.838867,1604.208984,-4602.054199,,,,,,,,,,,,,2616.277344,1567.760498,-3159.790039,,,,,,,,,,,,,,,,,,,,,,,,,,,,,,,,,
5403,54.030000,0.000000,0.000000,0.000000,1.000000,0.000000,0.000000,0.000000,57.698101,20.499701,-14.700500,0.047771,-0.013570,0.015998,-15.666301,-52.738201,18.801300,-93.396698,0.129960,17.611099,-0.182931,-0.475644,-0.680147,0.526972,-1104.270996,1517.913574,-4602.371582,-1098.179077,1437.699585,-4614.534180,-1091.818726,1562.584106,-4628.143555,-1121.247559,1467.161987,-4564.754395,-1105.838867,1604.208984,-4602.054199,,,,,,,,,,,,,2616.279785,1567.740845,-3159.783447,,,,,,,,,,,,,,,,,,,,,,,,,,,,,,,,,
5404,54.040000,0.000000,0.000000,0.000000,1.000000,0.000000,0.000000,0.000000,57.698101,20.499701,-14.700500,0.047771,-0.013570,0.015998,-15.666301,-52.738201,18.801300,-93.396698,0.129960,17.611099,-0.182931,-0.475644,-0.680147,0.526972,-1104.270996,1517.913574,-4602.371582,-1098.179077,1437.699585,-4614.534180,-1091.818726,1562.584106,-4628.143555,-1121.247559,1467.161987,-4564.754395,-1105.838867,1604.208984,-4602.054199,,,,,,,,,,,,,2616.293701,1567.746338,-3159.781982,,,,,,,,,,,,,,,,,,,,,,,,,,,,,,,,,
5405,54.050000,0.000000,0.000000,0.000000,1.000000,0.000000,0.000000,0.000000,57.698101,20.499701,-14.700500,0.047771,-0.013570,0.015998,-15.666301,-52.738201,18.801300,-93.396698,0.129960,17.611099,-0.182931,-0.475644,-0.680147,0.526972,-1104.270996,1517.913574,-4602.371582,-1098.179077,1437.699585,-4614.534180,-1091.818726,1562.584106,-4628.143555,-1121.247559,1467.161987,-4564.754395,-1105.838867,1604.208984,-4602.054199,,,,,,,,,,,,,2616.304199,1567.712036,-3159.773438,,,,,,,,,,,,,,,,,,,,,,,,,,,,,,,,,
5406,54.060000,0.000000,0.000000,0.000000,1.000000,0.000000,0.000000,0.000000,57.698101,20.499701,-14.700500,0.047771,-0.013570,0.015998,-15.666301,-52.738201,18.801300,-93.396698,0.129960,17.611099,-0.182931,-0.475644,-0.680147,0.526972,-1104.270996,1517.913574,-4602.371582,-1098.179077,1437.699585,-4614.534180,-1091.818726,1562.584106,-4628.143555,-1121.247559,1467.161987,-4564.754395,-1105.838867,1604.208984,-4602.054199,,,,,,,,,,,,,2616.302246,1567.764160,-3159.768799,,,,,,,,,,,,,,,,,,,,,,,,,,,,,,,,,
5407,54.070000,0.000000,0.000000,0.000000,1.000000,0.000000,0.000000,0.000000,57.698101,20.499701,-14.700500,0.047771,-0.013570,0.015998,-15.666301,-52.738201,18.801300,-93.396698,0.129960,17.611099,-0.182931,-0.475644,-0.680147,0.526972,-1104.270996,1517.913574,-4602.371582,-1098.179077,1437.699585,-4614.534180,-1091.818726,1562.584106,-4628.143555,-1121.247559,1467.161987,-4564.754395,-1105.838867,1604.208984,-4602.054199,,,,,,,,,,,,,2616.300293,1567.725586,-3159.781494,,,,,,,,,,,,,,,,,,,,,,,,,,,,,,,,,
5408,54.080000,0.000000,0.000000,0.000000,1.000000,0.000000,0.000000,0.000000,57.698101,20.499701,-14.700500,0.047771,-0.013570,0.015998,-15.666301,-52.738201,18.801300,-93.396698,0.129960,17.611099,-0.182931,-0.475644,-0.680147,0.526972,-1104.270996,1517.913574,-4602.371582,-1098.179077,1437.699585,-4614.534180,-1091.818726,1562.584106,-4628.143555,-1121.247559,1467.161987,-4564.754395,-1105.838867,1604.208984,-4602.054199,,,,,,,,,,,,,2616.304688,1567.733887,-3159.763672,,,,,,,,,,,,,,,,,,,,,,,,,,,,,,,,,
5409,54.090000,0.000000,0.000000,0.000000,1.000000,0.000000,0.000000,0.000000,57.698101,20.499701,-14.700500,0.047771,-0.013570,0.015998,-15.666301,-52.738201,18.801300,-93.396698,0.129960,17.611099,-0.182931,-0.475644,-0.680147,0.526972,-1104.270996,1517.913574,-4602.371582,-1098.179077,1437.699585,-4614.534180,-1091.818726,1562.584106,-4628.143555,-1121.247559,1467.161987,-4564.754395,-1105.838867,1604.208984,-4602.054199,,,,,,,,,,,,,2616.318359,1567.752686,-3159.762695,,,,,,,,,,,,,,,,,,,,,,,,,,,,,,,,,
5410,54.100000,0.000000,0.000000,0.000000,1.000000,0.000000,0.000000,0.000000,57.698101,20.499701,-14.700500,0.047771,-0.013570,0.015998,-15.666301,-52.738201,18.801300,-93.396698,0.129960,17.611099,-0.182931,-0.475644,-0.680147,0.526972,-1104.270996,1517.913574,-4602.371582,-1098.179077,1437.699585,-4614.534180,-1091.818726,1562.584106,-4628.143555,-1121.247559,1467.161987,-4564.754395,-1105.838867,1604.208984,-4602.054199,,,,,,,,,,,,,2616.287109,1567.747314,-3159.788818,,,,,,,,,,,,,,,,,,,,,,,,,,,,,,,,,
5411,54.110000,0.000000,0.000000,0.000000,1.000000,0.000000,0.000000,0.000000,57.698101,20.499701,-14.700500,0.047771,-0.013570,0.015998,-15.666301,-52.738201,18.801300,-93.396698,0.129960,17.611099,-0.182931,-0.475644,-0.680147,0.526972,-1104.270996,1517.913574,-4602.371582,-1098.179077,1437.699585,-4614.534180,-1091.818726,1562.584106,-4628.143555,-1121.247559,1467.161987,-4564.754395,-1105.838867,1604.208984,-4602.054199,,,,,,,,,,,,,2616.281494,1567.748535,-3159.784668,,,,,,,,,,,,,,,,,,,,,,,,,,,,,,,,,
5412,54.120000,0.000000,0.000000,0.000000,1.000000,0.000000,0.000000,0.000000,57.698101,20.499701,-14.700500,0.047771,-0.013570,0.015998,-15.666301,-52.738201,18.801300,-93.396698,0.129960,17.611099,-0.182931,-0.475644,-0.680147,0.526972,-1104.270996,1517.913574,-4602.371582,-1098.179077,1437.699585,-4614.534180,-1091.818726,1562.584106,-4628.143555,-1121.247559,1467.161987,-4564.754395,-1105.838867,1604.208984,-4602.054199,,,,,,,,,,,,,2616.274414,1567.759033,-3159.789551,,,,,,,,,,,,,,,,,,,,,,,,,,,,,,,,,
5413,54.130000,0.000000,0.000000,0.000000,1.000000,0.000000,0.000000,0.000000,57.698101,20.499701,-14.700500,0.047771,-0.013570,0.015998,-15.666301,-52.738201,18.801300,-93.396698,0.129960,17.611099,-0.182931,-0.475644,-0.680147,0.526972,-1104.270996,1517.913574,-4602.371582,-1098.179077,1437.699585,-4614.534180,-1091.818726,1562.584106,-4628.143555,-1121.247559,1467.161987,-4564.754395,-1105.838867,1604.208984,-4602.054199,,,,,,,,,,,,,2616.255615,1567.739380,-3159.782227,,,,,,,,,,,,,,,,,,,,,,,,,,,,,,,,,
5414,54.140000,0.000000,0.000000,0.000000,1.000000,0.000000,0.000000,0.000000,57.698101,20.499701,-14.700500,0.047771,-0.013570,0.015998,-15.666301,-52.738201,18.801300,-93.396698,0.129960,17.611099,-0.182931,-0.475644,-0.680147,0.526972,-1104.270996,1517.913574,-4602.371582,-1098.179077,1437.699585,-4614.534180,-1091.818726,1562.584106,-4628.143555,-1121.247559,1467.161987,-4564.754395,-1105.838867,1604.208984,-4602.054199,,,,,,,,,,,,,2616.299805,1567.763550,-3159.779541,,,,,,,,,,,,,,,,,,,,,,,,,,,,,,,,,
5415,54.150000,0.000000,0.000000,0.000000,1.000000,0.000000,0.000000,0.000000,57.698101,20.499701,-14.700500,0.047771,-0.013570,0.015998,-15.666301,-52.738201,18.801300,-93.396698,0.129960,17.611099,-0.182931,-0.475644,-0.680147,0.526972,-1104.270996,1517.913574,-4602.371582,-1098.179077,1437.699585,-4614.534180,-1091.818726,1562.584106,-4628.143555,-1121.247559,1467.161987,-4564.754395,-1105.838867,1604.208984,-4602.054199,,,,,,,,,,,,,2616.290283,1567.748169,-3159.777344,,,,,,,,,,,,,,,,,,,,,,,,,,,,,,,,,
5416,54.160000,0.000000,0.000000,0.000000,1.000000,0.000000,0.000000,0.000000,57.698101,20.499701,-14.700500,0.047771,-0.013570,0.015998,-15.666301,-52.738201,18.801300,-93.396698,0.129960,17.611099,-0.182931,-0.475644,-0.680147,0.526972,-1104.270996,1517.913574,-4602.371582,-1098.179077,1437.699585,-4614.534180,-1091.818726,1562.584106,-4628.143555,-1121.247559,1467.161987,-4564.754395,-1105.838867,1604.208984,-4602.054199,,,,,,,,,,,,,2616.262451,1567.724487,-3159.786133,,,,,,,,,,,,,,,,,,,,,,,,,,,,,,,,,
5417,54.170000,0.000000,0.000000,0.000000,1.000000,0.000000,0.000000,0.000000,57.698101,20.499701,-14.700500,0.047771,-0.013570,0.015998,-15.666301,-52.738201,18.801300,-93.396698,0.129960,17.611099,-0.182931,-0.475644,-0.680147,0.526972,-1104.270996,1517.913574,-4602.371582,-1098.179077,1437.699585,-4614.534180,-1091.818726,1562.584106,-4628.143555,-1121.247559,1467.161987,-4564.754395,-1105.838867,1604.208984,-4602.054199,,,,,,,,,,,,,2616.281250,1567.748047,-3159.783203,,,,,,,,,,,,,,,,,,,,,,,,,,,,,,,,,
5418,54.180000,0.000000,0.000000,0.000000,1.000000,0.000000,0.000000,0.000000,57.698101,20.499701,-14.700500,0.047771,-0.013570,0.015998,-15.666301,-52.738201,18.801300,-93.396698,0.129960,17.611099,-0.182931,-0.475644,-0.680147,0.526972,-1104.270996,1517.913574,-4602.371582,-1098.179077,1437.699585,-4614.534180,-1091.818726,1562.584106,-4628.143555,-1121.247559,1467.161987,-4564.754395,-1105.838867,1604.208984,-4602.054199,,,,,,,,,,,,,2616.298340,1567.743652,-3159.780762,,,,,,,,,,,,,,,,,,,,,,,,,,,,,,,,,
5419,54.190000,0.000000,0.000000,0.000000,1.000000,0.000000,0.000000,0.000000,57.698101,20.499701,-14.700500,0.047771,-0.013570,0.015998,-15.666301,-52.738201,18.801300,-93.396698,0.129960,17.611099,-0.182931,-0.475644,-0.680147,0.526972,-1104.270996,1517.913574,-4602.371582,-1098.179077,1437.699585,-4614.534180,-1091.818726,1562.584106,-4628.143555,-1121.247559,1467.161987,-4564.754395,-1105.838867,1604.208984,-4602.054199,,,,,,,,,,,,,2616.266113,1567.734375,-3159.774170,,,,,,,,,,,,,,,,,,,,,,,,,,,,,,,,,
5420,54.200000,0.000000,0.000000,0.000000,1.000000,0.000000,0.000000,0.000000,57.698101,20.499701,-14.700500,0.047771,-0.013570,0.015998,-15.666301,-52.738201,18.801300,-93.396698,0.129960,17.611099,-0.182931,-0.475644,-0.680147,0.526972,-1104.270996,1517.913574,-4602.371582,-1098.179077,1437.699585,-4614.534180,-1091.818726,1562.584106,-4628.143555,-1121.247559,1467.161987,-4564.754395,-1105.838867,1604.208984,-4602.054199,,,,,,,,,,,,,2616.301514,1567.725708,-3159.775635,,,,,,,,,,,,,,,,,,,,,,,,,,,,,,,,,
5421,54.210000,0.000000,0.000000,0.000000,1.000000,0.000000,0.000000,0.000000,57.698101,20.499701,-14.700500,0.047771,-0.013570,0.015998,-15.666301,-52.738201,18.801300,-93.396698,0.129960,17.611099,-0.182931,-0.475644,-0.680147,0.526972,-1104.270996,1517.913574,-4602.371582,-1098.179077,1437.699585,-4614.534180,-1091.818726,1562.584106,-4628.143555,-1121.247559,1467.161987,-4564.754395,-1105.838867,1604.208984,-4602.054199,,,,,,,,,,,,,2616.278564,1567.743164,-3159.776123,,,,,,,,,,,,,,,,,,,,,,,,,,,,,,,,,
5422,54.220000,0.000000,0.000000,0.000000,1.000000,0.000000,0.000000,0.000000,57.698101,20.499701,-14.700500,0.047771,-0.013570,0.015998,-15.666301,-52.738201,18.801300,-93.396698,0.129960,17.611099,-0.182931,-0.475644,-0.680147,0.526972,-1104.270996,1517.913574,-4602.371582,-1098.179077,1437.699585,-4614.534180,-1091.818726,1562.584106,-4628.143555,-1121.247559,1467.161987,-4564.754395,-1105.838867,1604.208984,-4602.054199,,,,,,,,,,,,,2616.275635,1567.767822,-3159.794678,,,,,,,,,,,,,,,,,,,,,,,,,,,,,,,,,
5423,54.230000,0.000000,0.000000,0.000000,1.000000,0.000000,0.000000,0.000000,57.698101,20.499701,-14.700500,0.047771,-0.013570,0.015998,-15.666301,-52.738201,18.801300,-93.396698,0.129960,17.611099,-0.182931,-0.475644,-0.680147,0.526972,-1104.270996,1517.913574,-4602.371582,-1098.179077,1437.699585,-4614.534180,-1091.818726,1562.584106,-4628.143555,-1121.247559,1467.161987,-4564.754395,-1105.838867,1604.208984,-4602.054199,,,,,,,,,,,,,2616.239258,1567.730347,-3159.803223,,,,,,,,,,,,,,,,,,,,,,,,,,,,,,,,,
5424,54.240000,0.000000,0.000000,0.000000,1.000000,0.000000,0.000000,0.000000,57.698101,20.499701,-14.700500,0.047771,-0.013570,0.015998,-15.666301,-52.738201,18.801300,-93.396698,0.129960,17.611099,-0.182931,-0.475644,-0.680147,0.526972,-1104.270996,1517.913574,-4602.371582,-1098.179077,1437.699585,-4614.534180,-1091.818726,1562.584106,-4628.143555,-1121.247559,1467.161987,-4564.754395,-1105.838867,1604.208984,-4602.054199,,,,,,,,,,,,,2616.294434,1567.761719,-3159.779053,,,,,,,,,,,,,,,,,,,,,,,,,,,,,,,,,
5425,54.250000,0.000000,0.000000,0.000000,1.000000,0.000000,0.000000,0.000000,57.698101,20.499701,-14.700500,0.047771,-0.013570,0.015998,-15.666301,-52.738201,18.801300,-93.396698,0.129960,17.611099,-0.182931,-0.475644,-0.680147,0.526972,-1104.270996,1517.913574,-4602.371582,-1098.179077,1437.699585,-4614.534180,-1091.818726,1562.584106,-4628.143555,-1121.247559,1467.161987,-4564.754395,-1105.838867,1604.208984,-4602.054199,,,,,,,,,,,,,2616.281494,1567.730835,-3159.773926,,,,,,,,,,,,,,,,,,,,,,,,,,,,,,,,,
5426,54.260000,0.000000,0.000000,0.000000,1.000000,0.000000,0.000000,0.000000,57.698101,20.499701,-14.700500,0.047771,-0.013570,0.015998,-15.666301,-52.738201,18.801300,-93.396698,0.129960,17.611099,-0.182931,-0.475644,-0.680147,0.526972,-1104.270996,1517.913574,-4602.371582,-1098.179077,1437.699585,-4614.534180,-1091.818726,1562.584106,-4628.143555,-1121.247559,1467.161987,-4564.754395,-1105.838867,1604.208984,-4602.054199,,,,,,,,,,,,,2616.297363,1567.720947,-3159.770996,,,,,,,,,,,,,,,,,,,,,,,,,,,,,,,,,
5427,54.270000,0.000000,0.000000,0.000000,1.000000,0.000000,0.000000,0.000000,57.698101,20.499701,-14.700500,0.047771,-0.013570,0.015998,-15.666301,-52.738201,18.801300,-93.396698,0.129960,17.611099,-0.182931,-0.475644,-0.680147,0.526972,-1104.270996,1517.913574,-4602.371582,-1098.179077,1437.699585,-4614.534180,-1091.818726,1562.584106,-4628.143555,-1121.247559,1467.161987,-4564.754395,-1105.838867,1604.208984,-4602.054199,,,,,,,,,,,,,2616.314209,1567.769165,-3159.780518,,,,,,,,,,,,,,,,,,,,,,,,,,,,,,,,,
5428,54.280000,0.000000,0.000000,0.000000,1.000000,0.000000,0.000000,0.000000,57.698101,20.499701,-14.700500,0.047771,-0.013570,0.015998,-15.666301,-52.738201,18.801300,-93.396698,0.129960,17.611099,-0.182931,-0.475644,-0.680147,0.526972,-1104.270996,1517.913574,-4602.371582,-1098.179077,1437.699585,-4614.534180,-1091.818726,1562.584106,-4628.143555,-1121.247559,1467.161987,-4564.754395,-1105.838867,1604.208984,-4602.054199,,,,,,,,,,,,,2616.250488,1567.731323,-3159.800537,,,,,,,,,,,,,,,,,,,,,,,,,,,,,,,,,
5429,54.290000,0.000000,0.000000,0.000000,1.000000,0.000000,0.000000,0.000000,57.698101,20.499701,-14.700500,0.047771,-0.013570,0.015998,-15.666301,-52.738201,18.801300,-93.396698,0.129960,17.611099,-0.182931,-0.475644,-0.680147,0.526972,-1104.270996,1517.913574,-4602.371582,-1098.179077,1437.699585,-4614.534180,-1091.818726,1562.584106,-4628.143555,-1121.247559,1467.161987,-4564.754395,-1105.838867,1604.208984,-4602.054199,,,,,,,,,,,,,2616.293701,1567.770752,-3159.800049,,,,,,,,,,,,,,,,,,,,,,,,,,,,,,,,,
5430,54.300000,0.000000,0.000000,0.000000,1.000000,0.000000,0.000000,0.000000,57.698101,20.499701,-14.700500,0.047771,-0.013570,0.015998,-15.666301,-52.738201,18.801300,-93.396698,0.129960,17.611099,-0.182931,-0.475644,-0.680147,0.526972,-1104.270996,1517.913574,-4602.371582,-1098.179077,1437.699585,-4614.534180,-1091.818726,1562.584106,-4628.143555,-1121.247559,1467.161987,-4564.754395,-1105.838867,1604.208984,-4602.054199,,,,,,,,,,,,,2616.302979,1567.760864,-3159.779053,,,,,,,,,,,,,,,,,,,,,,,,,,,,,,,,,
5431,54.310000,0.000000,0.000000,0.000000,1.000000,0.000000,0.000000,0.000000,57.698101,20.499701,-14.700500,0.047771,-0.013570,0.015998,-15.666301,-52.738201,18.801300,-93.396698,0.129960,17.611099,-0.182931,-0.475644,-0.680147,0.526972,-1104.270996,1517.913574,-4602.371582,-1098.179077,1437.699585,-4614.534180,-1091.818726,1562.584106,-4628.143555,-1121.247559,1467.161987,-4564.754395,-1105.838867,1604.208984,-4602.054199,,,,,,,,,,,,,2616.313721,1567.737061,-3159.773438,,,,,,,,,,,,,,,,,,,,,,,,,,,,,,,,,
5432,54.320000,0.000000,0.000000,0.000000,1.000000,0.000000,0.000000,0.000000,57.698101,20.499701,-14.700500,0.047771,-0.013570,0.015998,-15.666301,-52.738201,18.801300,-93.396698,0.129960,17.611099,-0.182931,-0.475644,-0.680147,0.526972,-1104.270996,1517.913574,-4602.371582,-1098.179077,1437.699585,-4614.534180,-1091.818726,1562.584106,-4628.143555,-1121.247559,1467.161987,-4564.754395,-1105.838867,1604.208984,-4602.054199,,,,,,,,,,,,,2616.307617,1567.718994,-3159.765869,,,,,,,,,,,,,,,,,,,,,,,,,,,,,,,,,
5433,54.330000,0.000000,0.000000,0.000000,1.000000,0.000000,0.000000,0.000000,57.698101,20.499701,-14.700500,0.047771,-0.013570,0.015998,-15.666301,-52.738201,18.801300,-93.396698,0.129960,17.611099,-0.182931,-0.475644,-0.680147,0.526972,-1104.270996,1517.913574,-4602.371582,-1098.179077,1437.699585,-4614.534180,-1091.818726,1562.584106,-4628.143555,-1121.247559,1467.161987,-4564.754395,-1105.838867,1604.208984,-4602.054199,,,,,,,,,,,,,2616.320312,1567.770264,-3159.772705,,,,,,,,,,,,,,,,,,,,,,,,,,,,,,,,,
5434,54.340000,0.000000,0.000000,0.000000,1.000000,0.000000,0.000000,0.000000,57.698101,20.499701,-14.700500,0.047771,-0.013570,0.015998,-15.666301,-52.738201,18.801300,-93.396698,0.129960,17.611099,-0.182931,-0.475644,-0.680147,0.526972,-1104.270996,1517.913574,-4602.371582,-1098.179077,1437.699585,-4614.534180,-1091.818726,1562.584106,-4628.143555,-1121.247559,1467.161987,-4564.754395,-1105.838867,1604.208984,-4602.054199,,,,,,,,,,,,,2616.282959,1567.726440,-3159.782227,,,,,,,,,,,,,,,,,,,,,,,,,,,,,,,,,
5435,54.350000,0.000000,0.000000,0.000000,1.000000,0.000000,0.000000,0.000000,57.698101,20.499701,-14.700500,0.047771,-0.013570,0.015998,-15.666301,-52.738201,18.801300,-93.396698,0.129960,17.611099,-0.182931,-0.475644,-0.680147,0.526972,-1104.270996,1517.913574,-4602.371582,-1098.179077,1437.699585,-4614.534180,-1091.818726,1562.584106,-4628.143555,-1121.247559,1467.161987,-4564.754395,-1105.838867,1604.208984,-4602.054199,,,,,,,,,,,,,2616.272217,1567.726440,-3159.781738,,,,,,,,,,,,,,,,,,,,,,,,,,,,,,,,,
5436,54.360000,0.000000,0.000000,0.000000,1.000000,0.000000,0.000000,0.000000,57.698101,20.499701,-14.700500,0.047771,-0.013570,0.015998,-15.666301,-52.738201,18.801300,-93.396698,0.129960,17.611099,-0.182931,-0.475644,-0.680147,0.526972,-1104.270996,1517.913574,-4602.371582,-1098.179077,1437.699585,-4614.534180,-1091.818726,1562.584106,-4628.143555,-1121.247559,1467.161987,-4564.754395,-1105.838867,1604.208984,-4602.054199,,,,,,,,,,,,,2616.290771,1567.736084,-3159.780518,,,,,,,,,,,,,,,,,,,,,,,,,,,,,,,,,
5437,54.370000,0.000000,0.000000,0.000000,1.000000,0.000000,0.000000,0.000000,57.698101,20.499701,-14.700500,0.047771,-0.013570,0.015998,-15.666301,-52.738201,18.801300,-93.396698,0.129960,17.611099,-0.182931,-0.475644,-0.680147,0.526972,-1104.270996,1517.913574,-4602.371582,-1098.179077,1437.699585,-4614.534180,-1091.818726,1562.584106,-4628.143555,-1121.247559,1467.161987,-4564.754395,-1105.838867,1604.208984,-4602.054199,,,,,,,,,,,,,2616.297363,1567.717041,-3159.770264,,,,,,,,,,,,,,,,,,,,,,,,,,,,,,,,,
5438,54.380000,0.000000,0.000000,0.000000,1.000000,0.000000,0.000000,0.000000,57.698101,20.499701,-14.700500,0.047771,-0.013570,0.015998,-15.666301,-52.738201,18.801300,-93.396698,0.129960,17.611099,-0.182931,-0.475644,-0.680147,0.526972,-1104.270996,1517.913574,-4602.371582,-1098.179077,1437.699585,-4614.534180,-1091.818726,1562.584106,-4628.143555,-1121.247559,1467.161987,-4564.754395,-1105.838867,1604.208984,-4602.054199,,,,,,,,,,,,,2616.311279,1567.733765,-3159.775635,,,,,,,,,,,,,,,,,,,,,,,,,,,,,,,,,
5439,54.390000,0.000000,0.000000,0.000000,1.000000,0.000000,0.000000,0.000000,57.698101,20.499701,-14.700500,0.047771,-0.013570,0.015998,-15.666301,-52.738201,18.801300,-93.396698,0.129960,17.611099,-0.182931,-0.475644,-0.680147,0.526972,-1104.270996,1517.913574,-4602.371582,-1098.179077,1437.699585,-4614.534180,-1091.818726,1562.584106,-4628.143555,-1121.247559,1467.161987,-4564.754395,-1105.838867,1604.208984,-4602.054199,,,,,,,,,,,,,2616.276611,1567.744019,-3159.784912,,,,,,,,,,,,,,,,,,,,,,,,,,,,,,,,,
5440,54.400000,0.000000,0.000000,0.000000,1.000000,0.000000,0.000000,0.000000,57.698101,20.499701,-14.700500,0.047771,-0.013570,0.015998,-15.666301,-52.738201,18.801300,-93.396698,0.129960,17.611099,-0.182931,-0.475644,-0.680147,0.526972,-1104.270996,1517.913574,-4602.371582,-1098.179077,1437.699585,-4614.534180,-1091.818726,1562.584106,-4628.143555,-1121.247559,1467.161987,-4564.754395,-1105.838867,1604.208984,-4602.054199,,,,,,,,,,,,,2616.290771,1567.733887,-3159.775635,,,,,,,,,,,,,,,,,,,,,,,,,,,,,,,,,
5441,54.410000,0.000000,0.000000,0.000000,1.000000,0.000000,0.000000,0.000000,57.698101,20.499701,-14.700500,0.047771,-0.013570,0.015998,-15.666301,-52.738201,18.801300,-93.396698,0.129960,17.611099,-0.182931,-0.475644,-0.680147,0.526972,-1104.270996,1517.913574,-4602.371582,-1098.179077,1437.699585,-4614.534180,-1091.818726,1562.584106,-4628.143555,-1121.247559,1467.161987,-4564.754395,-1105.838867,1604.208984,-4602.054199,,,,,,,,,,,,,2616.292480,1567.732300,-3159.776123,,,,,,,,,,,,,,,,,,,,,,,,,,,,,,,,,
5442,54.420000,0.000000,0.000000,0.000000,1.000000,0.000000,0.000000,0.000000,57.698101,20.499701,-14.700500,0.047771,-0.013570,0.015998,-15.666301,-52.738201,18.801300,-93.396698,0.129960,17.611099,-0.182931,-0.475644,-0.680147,0.526972,-1104.270996,1517.913574,-4602.371582,-1098.179077,1437.699585,-4614.534180,-1091.818726,1562.584106,-4628.143555,-1121.247559,1467.161987,-4564.754395,-1105.838867,1604.208984,-4602.054199,,,,,,,,,,,,,2616.282715,1567.745361,-3159.774902,,,,,,,,,,,,,,,,,,,,,,,,,,,,,,,,,
5443,54.430000,0.000000,0.000000,0.000000,1.000000,0.000000,0.000000,0.000000,57.698101,20.499701,-14.700500,0.047771,-0.013570,0.015998,-15.666301,-52.738201,18.801300,-93.396698,0.129960,17.611099,-0.182931,-0.475644,-0.680147,0.526972,-1104.270996,1517.913574,-4602.371582,-1098.179077,1437.699585,-4614.534180,-1091.818726,1562.584106,-4628.143555,-1121.247559,1467.161987,-4564.754395,-1105.838867,1604.208984,-4602.054199,,,,,,,,,,,,,2616.277344,1567.738647,-3159.784424,,,,,,,,,,,,,,,,,,,,,,,,,,,,,,,,,
5444,54.440000,0.000000,0.000000,0.000000,1.000000,0.000000,0.000000,0.000000,57.698101,20.499701,-14.700500,0.047771,-0.013570,0.015998,-15.666301,-52.738201,18.801300,-93.396698,0.129960,17.611099,-0.182931,-0.475644,-0.680147,0.526972,-1104.270996,1517.913574,-4602.371582,-1098.179077,1437.699585,-4614.534180,-1091.818726,1562.584106,-4628.143555,-1121.247559,1467.161987,-4564.754395,-1105.838867,1604.208984,-4602.054199,,,,,,,,,,,,,2616.266846,1567.738892,-3159.787598,,,,,,,,,,,,,,,,,,,,,,,,,,,,,,,,,
5445,54.450000,0.000000,0.000000,0.000000,1.000000,0.000000,0.000000,0.000000,57.698101,20.499701,-14.700500,0.047771,-0.013570,0.015998,-15.666301,-52.738201,18.801300,-93.396698,0.129960,17.611099,-0.182931,-0.475644,-0.680147,0.526972,-1104.270996,1517.913574,-4602.371582,-1098.179077,1437.699585,-4614.534180,-1091.818726,1562.584106,-4628.143555,-1121.247559,1467.161987,-4564.754395,-1105.838867,1604.208984,-4602.054199,,,,,,,,,,,,,2616.295166,1567.736328,-3159.778564,,,,,,,,,,,,,,,,,,,,,,,,,,,,,,,,,
5446,54.460000,0.000000,0.000000,0.000000,1.000000,0.000000,0.000000,0.000000,57.698101,20.499701,-14.700500,0.047771,-0.013570,0.015998,-15.666301,-52.738201,18.801300,-93.396698,0.129960,17.611099,-0.182931,-0.475644,-0.680147,0.526972,-1104.270996,1517.913574,-4602.371582,-1098.179077,1437.699585,-4614.534180,-1091.818726,1562.584106,-4628.143555,-1121.247559,1467.161987,-4564.754395,-1105.838867,1604.208984,-4602.054199,,,,,,,,,,,,,2616.310547,1567.725464,-3159.773682,,,,,,,,,,,,,,,,,,,,,,,,,,,,,,,,,
5447,54.470000,0.000000,0.000000,0.000000,1.000000,0.000000,0.000000,0.000000,57.698101,20.499701,-14.700500,0.047771,-0.013570,0.015998,-15.666301,-52.738201,18.801300,-93.396698,0.129960,17.611099,-0.182931,-0.475644,-0.680147,0.526972,-1104.270996,1517.913574,-4602.371582,-1098.179077,1437.699585,-4614.534180,-1091.818726,1562.584106,-4628.143555,-1121.247559,1467.161987,-4564.754395,-1105.838867,1604.208984,-4602.054199,,,,,,,,,,,,,2616.286133,1567.734375,-3159.768311,,,,,,,,,,,,,,,,,,,,,,,,,,,,,,,,,
5448,54.480000,0.000000,0.000000,0.000000,1.000000,0.000000,0.000000,0.000000,57.698101,20.499701,-14.700500,0.047771,-0.013570,0.015998,-15.666301,-52.738201,18.801300,-93.396698,0.129960,17.611099,-0.182931,-0.475644,-0.680147,0.526972,-1104.270996,1517.913574,-4602.371582,-1098.179077,1437.699585,-4614.534180,-1091.818726,1562.584106,-4628.143555,-1121.247559,1467.161987,-4564.754395,-1105.838867,1604.208984,-4602.054199,,,,,,,,,,,,,2616.304443,1567.733765,-3159.783203,,,,,,,,,,,,,,,,,,,,,,,,,,,,,,,,,
5449,54.490000,0.000000,0.000000,0.000000,1.000000,0.000000,0.000000,0.000000,57.698101,20.499701,-14.700500,0.047771,-0.013570,0.015998,-15.666301,-52.738201,18.801300,-93.396698,0.129960,17.611099,-0.182931,-0.475644,-0.680147,0.526972,-1104.270996,1517.913574,-4602.371582,-1098.179077,1437.699585,-4614.534180,-1091.818726,1562.584106,-4628.143555,-1121.247559,1467.161987,-4564.754395,-1105.838867,1604.208984,-4602.054199,,,,,,,,,,,,,2616.270996,1567.746948,-3159.791504,,,,,,,,,,,,,,,,,,,,,,,,,,,,,,,,,
5450,54.500000,0.000000,0.000000,0.000000,1.000000,0.000000,0.000000,0.000000,57.698101,20.499701,-14.700500,0.047771,-0.013570,0.015998,-15.666301,-52.738201,18.801300,-93.396698,0.129960,17.611099,-0.182931,-0.475644,-0.680147,0.526972,-1104.270996,1517.913574,-4602.371582,-1098.179077,1437.699585,-4614.534180,-1091.818726,1562.584106,-4628.143555,-1121.247559,1467.161987,-4564.754395,-1105.838867,1604.208984,-4602.054199,,,,,,,,,,,,,2616.282471,1567.721924,-3159.773193,,,,,,,,,,,,,,,,,,,,,,,,,,,,,,,,,
5451,54.510000,0.000000,0.000000,0.000000,1.000000,0.000000,0.000000,0.000000,57.698101,20.499701,-14.700500,0.047771,-0.013570,0.015998,-15.666301,-52.738201,18.801300,-93.396698,0.129960,17.611099,-0.182931,-0.475644,-0.680147,0.526972,-1104.270996,1517.913574,-4602.371582,-1098.179077,1437.699585,-4614.534180,-1091.818726,1562.584106,-4628.143555,-1121.247559,1467.161987,-4564.754395,-1105.838867,1604.208984,-4602.054199,,,,,,,,,,,,,2616.296143,1567.749878,-3159.768555,,,,,,,,,,,,,,,,,,,,,,,,,,,,,,,,,
5452,54.520000,0.000000,0.000000,0.000000,1.000000,0.000000,0.000000,0.000000,57.698101,20.499701,-14.700500,0.047771,-0.013570,0.015998,-15.666301,-52.738201,18.801300,-93.396698,0.129960,17.611099,-0.182931,-0.475644,-0.680147,0.526972,-1104.270996,1517.913574,-4602.371582,-1098.179077,1437.699585,-4614.534180,-1091.818726,1562.584106,-4628.143555,-1121.247559,1467.161987,-4564.754395,-1105.838867,1604.208984,-4602.054199,,,,,,,,,,,,,2616.288818,1567.738892,-3159.795898,,,,,,,,,,,,,,,,,,,,,,,,,,,,,,,,,
5453,54.530000,0.000000,0.000000,0.000000,1.000000,0.000000,0.000000,0.000000,57.698101,20.499701,-14.700500,0.047771,-0.013570,0.015998,-15.666301,-52.738201,18.801300,-93.396698,0.129960,17.611099,-0.182931,-0.475644,-0.680147,0.526972,-1104.270996,1517.913574,-4602.371582,-1098.179077,1437.699585,-4614.534180,-1091.818726,1562.584106,-4628.143555,-1121.247559,1467.161987,-4564.754395,-1105.838867,1604.208984,-4602.054199,,,,,,,,,,,,,2616.305176,1567.751343,-3159.776611,,,,,,,,,,,,,,,,,,,,,,,,,,,,,,,,,
5454,54.540000,0.000000,0.000000,0.000000,1.000000,0.000000,0.000000,0.000000,57.698101,20.499701,-14.700500,0.047771,-0.013570,0.015998,-15.666301,-52.738201,18.801300,-93.396698,0.129960,17.611099,-0.182931,-0.475644,-0.680147,0.526972,-1104.270996,1517.913574,-4602.371582,-1098.179077,1437.699585,-4614.534180,-1091.818726,1562.584106,-4628.143555,-1121.247559,1467.161987,-4564.754395,-1105.838867,1604.208984,-4602.054199,,,,,,,,,,,,,2616.311279,1567.738647,-3159.767090,,,,,,,,,,,,,,,,,,,,,,,,,,,,,,,,,
5455,54.550000,0.000000,0.000000,0.000000,1.000000,0.000000,0.000000,0.000000,57.698101,20.499701,-14.700500,0.047771,-0.013570,0.015998,-15.666301,-52.738201,18.801300,-93.396698,0.129960,17.611099,-0.182931,-0.475644,-0.680147,0.526972,-1104.270996,1517.913574,-4602.371582,-1098.179077,1437.699585,-4614.534180,-1091.818726,1562.584106,-4628.143555,-1121.247559,1467.161987,-4564.754395,-1105.838867,1604.208984,-4602.054199,,,,,,,,,,,,,2616.267334,1567.755615,-3159.782227,,,,,,,,,,,,,,,,,,,,,,,,,,,,,,,,,
5456,54.560000,0.000000,0.000000,0.000000,1.000000,0.000000,0.000000,0.000000,57.698101,20.499701,-14.700500,0.047771,-0.013570,0.015998,-15.666301,-52.738201,18.801300,-93.396698,0.129960,17.611099,-0.182931,-0.475644,-0.680147,0.526972,-1104.270996,1517.913574,-4602.371582,-1098.179077,1437.699585,-4614.534180,-1091.818726,1562.584106,-4628.143555,-1121.247559,1467.161987,-4564.754395,-1105.838867,1604.208984,-4602.054199,,,,,,,,,,,,,2616.293457,1567.728394,-3159.786377,,,,,,,,,,,,,,,,,,,,,,,,,,,,,,,,,
5457,54.570000,0.000000,0.000000,0.000000,1.000000,0.000000,0.000000,0.000000,57.698101,20.499701,-14.700500,0.047771,-0.013570,0.015998,-15.666301,-52.738201,18.801300,-93.396698,0.129960,17.611099,-0.182931,-0.475644,-0.680147,0.526972,-1104.270996,1517.913574,-4602.371582,-1098.179077,1437.699585,-4614.534180,-1091.818726,1562.584106,-4628.143555,-1121.247559,1467.161987,-4564.754395,-1105.838867,1604.208984,-4602.054199,,,,,,,,,,,,,2616.289795,1567.729248,-3159.769775,,,,,,,,,,,,,,,,,,,,,,,,,,,,,,,,,
5458,54.580000,0.000000,0.000000,0.000000,1.000000,0.000000,0.000000,0.000000,57.698101,20.499701,-14.700500,0.047771,-0.013570,0.015998,-15.666301,-52.738201,18.801300,-93.396698,0.129960,17.611099,-0.182931,-0.475644,-0.680147,0.526972,-1104.270996,1517.913574,-4602.371582,-1098.179077,1437.699585,-4614.534180,-1091.818726,1562.584106,-4628.143555,-1121.247559,1467.161987,-4564.754395,-1105.838867,1604.208984,-4602.054199,,,,,,,,,,,,,2616.292725,1567.758057,-3159.779297,,,,,,,,,,,,,,,,,,,,,,,,,,,,,,,,,
5459,54.590000,0.000000,0.000000,0.000000,1.000000,0.000000,0.000000,0.000000,57.698101,20.499701,-14.700500,0.047771,-0.013570,0.015998,-15.666301,-52.738201,18.801300,-93.396698,0.129960,17.611099,-0.182931,-0.475644,-0.680147,0.526972,-1104.270996,1517.913574,-4602.371582,-1098.179077,1437.699585,-4614.534180,-1091.818726,1562.584106,-4628.143555,-1121.247559,1467.161987,-4564.754395,-1105.838867,1604.208984,-4602.054199,,,,,,,,,,,,,2616.275146,1567.744751,-3159.783203,,,,,,,,,,,,,,,,,,,,,,,,,,,,,,,,,
5460,54.600000,0.000000,0.000000,0.000000,1.000000,0.000000,0.000000,0.000000,57.698101,20.499701,-14.700500,0.047771,-0.013570,0.015998,-15.666301,-52.738201,18.801300,-93.396698,0.129960,17.611099,-0.182931,-0.475644,-0.680147,0.526972,-1104.270996,1517.913574,-4602.371582,-1098.179077,1437.699585,-4614.534180,-1091.818726,1562.584106,-4628.143555,-1121.247559,1467.161987,-4564.754395,-1105.838867,1604.208984,-4602.054199,,,,,,,,,,,,,2616.296875,1567.737427,-3159.772461,,,,,,,,,,,,,,,,,,,,,,,,,,,,,,,,,
5461,54.610000,0.000000,0.000000,0.000000,1.000000,0.000000,0.000000,0.000000,57.698101,20.499701,-14.700500,0.047771,-0.013570,0.015998,-15.666301,-52.738201,18.801300,-93.396698,0.129960,17.611099,-0.182931,-0.475644,-0.680147,0.526972,-1104.270996,1517.913574,-4602.371582,-1098.179077,1437.699585,-4614.534180,-1091.818726,1562.584106,-4628.143555,-1121.247559,1467.161987,-4564.754395,-1105.838867,1604.208984,-4602.054199,,,,,,,,,,,,,2616.258545,1567.728760,-3159.777100,,,,,,,,,,,,,,,,,,,,,,,,,,,,,,,,,
5462,54.620000,0.000000,0.000000,0.000000,1.000000,0.000000,0.000000,0.000000,57.698101,20.499701,-14.700500,0.047771,-0.013570,0.015998,-15.666301,-52.738201,18.801300,-93.396698,0.129960,17.611099,-0.182931,-0.475644,-0.680147,0.526972,-1104.270996,1517.913574,-4602.371582,-1098.179077,1437.699585,-4614.534180,-1091.818726,1562.584106,-4628.143555,-1121.247559,1467.161987,-4564.754395,-1105.838867,1604.208984,-4602.054199,,,,,,,,,,,,,2616.244873,1567.703003,-3159.786621,,,,,,,,,,,,,,,,,,,,,,,,,,,,,,,,,
5463,54.630000,0.000000,0.000000,0.000000,1.000000,0.000000,0.000000,0.000000,57.698101,20.499701,-14.700500,0.047771,-0.013570,0.015998,-15.666301,-52.738201,18.801300,-93.396698,0.129960,17.611099,-0.182931,-0.475644,-0.680147,0.526972,-1104.270996,1517.913574,-4602.371582,-1098.179077,1437.699585,-4614.534180,-1091.818726,1562.584106,-4628.143555,-1121.247559,1467.161987,-4564.754395,-1105.838867,1604.208984,-4602.054199,,,,,,,,,,,,,2616.314453,1567.756592,-3159.787598,,,,,,,,,,,,,,,,,,,,,,,,,,,,,,,,,
5464,54.640000,0.000000,0.000000,0.000000,1.000000,0.000000,0.000000,0.000000,57.698101,20.499701,-14.700500,0.047771,-0.013570,0.015998,-15.666301,-52.738201,18.801300,-93.396698,0.129960,17.611099,-0.182931,-0.475644,-0.680147,0.526972,-1104.270996,1517.913574,-4602.371582,-1098.179077,1437.699585,-4614.534180,-1091.818726,1562.584106,-4628.143555,-1121.247559,1467.161987,-4564.754395,-1105.838867,1604.208984,-4602.054199,,,,,,,,,,,,,2616.286133,1567.733887,-3159.779053,,,,,,,,,,,,,,,,,,,,,,,,,,,,,,,,,
5465,54.650000,0.000000,0.000000,0.000000,1.000000,0.000000,0.000000,0.000000,57.698101,20.499701,-14.700500,0.047771,-0.013570,0.015998,-15.666301,-52.738201,18.801300,-93.396698,0.129960,17.611099,-0.182931,-0.475644,-0.680147,0.526972,-1104.270996,1517.913574,-4602.371582,-1098.179077,1437.699585,-4614.534180,-1091.818726,1562.584106,-4628.143555,-1121.247559,1467.161987,-4564.754395,-1105.838867,1604.208984,-4602.054199,,,,,,,,,,,,,2616.293213,1567.730103,-3159.777832,,,,,,,,,,,,,,,,,,,,,,,,,,,,,,,,,
5466,54.660000,0.000000,0.000000,0.000000,1.000000,0.000000,0.000000,0.000000,57.698101,20.499701,-14.700500,0.047771,-0.013570,0.015998,-15.666301,-52.738201,18.801300,-93.396698,0.129960,17.611099,-0.182931,-0.475644,-0.680147,0.526972,-1104.270996,1517.913574,-4602.371582,-1098.179077,1437.699585,-4614.534180,-1091.818726,1562.584106,-4628.143555,-1121.247559,1467.161987,-4564.754395,-1105.838867,1604.208984,-4602.054199,,,,,,,,,,,,,2616.313232,1567.741455,-3159.779541,,,,,,,,,,,,,,,,,,,,,,,,,,,,,,,,,
5467,54.670000,0.000000,0.000000,0.000000,1.000000,0.000000,0.000000,0.000000,57.698101,20.499701,-14.700500,0.047771,-0.013570,0.015998,-15.666301,-52.738201,18.801300,-93.396698,0.129960,17.611099,-0.182931,-0.475644,-0.680147,0.526972,-1104.270996,1517.913574,-4602.371582,-1098.179077,1437.699585,-4614.534180,-1091.818726,1562.584106,-4628.143555,-1121.247559,1467.161987,-4564.754395,-1105.838867,1604.208984,-4602.054199,,,,,,,,,,,,,2616.279297,1567.717896,-3159.773438,,,,,,,,,,,,,,,,,,,,,,,,,,,,,,,,,
5468,54.680000,0.000000,0.000000,0.000000,1.000000,0.000000,0.000000,0.000000,57.698101,20.499701,-14.700500,0.047771,-0.013570,0.015998,-15.666301,-52.738201,18.801300,-93.396698,0.129960,17.611099,-0.182931,-0.475644,-0.680147,0.526972,-1104.270996,1517.913574,-4602.371582,-1098.179077,1437.699585,-4614.534180,-1091.818726,1562.584106,-4628.143555,-1121.247559,1467.161987,-4564.754395,-1105.838867,1604.208984,-4602.054199,,,,,,,,,,,,,2616.302246,1567.728149,-3159.771484,,,,,,,,,,,,,,,,,,,,,,,,,,,,,,,,,
5469,54.690000,0.000000,0.000000,0.000000,1.000000,0.000000,0.000000,0.000000,57.698101,20.499701,-14.700500,0.047771,-0.013570,0.015998,-15.666301,-52.738201,18.801300,-93.396698,0.129960,17.611099,-0.182931,-0.475644,-0.680147,0.526972,-1104.270996,1517.913574,-4602.371582,-1098.179077,1437.699585,-4614.534180,-1091.818726,1562.584106,-4628.143555,-1121.247559,1467.161987,-4564.754395,-1105.838867,1604.208984,-4602.054199,,,,,,,,,,,,,2616.281250,1567.760620,-3159.778564,,,,,,,,,,,,,,,,,,,,,,,,,,,,,,,,,
5470,54.700000,0.000000,0.000000,0.000000,1.000000,0.000000,0.000000,0.000000,57.698101,20.499701,-14.700500,0.047771,-0.013570,0.015998,-15.666301,-52.738201,18.801300,-93.396698,0.129960,17.611099,-0.182931,-0.475644,-0.680147,0.526972,-1104.270996,1517.913574,-4602.371582,-1098.179077,1437.699585,-4614.534180,-1091.818726,1562.584106,-4628.143555,-1121.247559,1467.161987,-4564.754395,-1105.838867,1604.208984,-4602.054199,,,,,,,,,,,,,2616.266357,1567.770996,-3159.803223,,,,,,,,,,,,,,,,,,,,,,,,,,,,,,,,,
5471,54.710000,0.000000,0.000000,0.000000,1.000000,0.000000,0.000000,0.000000,57.698101,20.499701,-14.700500,0.047771,-0.013570,0.015998,-15.666301,-52.738201,18.801300,-93.396698,0.129960,17.611099,-0.182931,-0.475644,-0.680147,0.526972,-1104.270996,1517.913574,-4602.371582,-1098.179077,1437.699585,-4614.534180,-1091.818726,1562.584106,-4628.143555,-1121.247559,1467.161987,-4564.754395,-1105.838867,1604.208984,-4602.054199,,,,,,,,,,,,,2616.294189,1567.767456,-3159.782715,,,,,,,,,,,,,,,,,,,,,,,,,,,,,,,,,
5472,54.720000,0.000000,0.000000,0.000000,1.000000,0.000000,0.000000,0.000000,57.698101,20.499701,-14.700500,0.047771,-0.013570,0.015998,-15.666301,-52.738201,18.801300,-93.396698,0.129960,17.611099,-0.182931,-0.475644,-0.680147,0.526972,-1104.270996,1517.913574,-4602.371582,-1098.179077,1437.699585,-4614.534180,-1091.818726,1562.584106,-4628.143555,-1121.247559,1467.161987,-4564.754395,-1105.838867,1604.208984,-4602.054199,,,,,,,,,,,,,2616.285889,1567.714233,-3159.774414,,,,,,,,,,,,,,,,,,,,,,,,,,,,,,,,,
5473,54.730000,0.000000,0.000000,0.000000,1.000000,0.000000,0.000000,0.000000,57.698101,20.499701,-14.700500,0.047771,-0.013570,0.015998,-15.666301,-52.738201,18.801300,-93.396698,0.129960,17.611099,-0.182931,-0.475644,-0.680147,0.526972,-1104.270996,1517.913574,-4602.371582,-1098.179077,1437.699585,-4614.534180,-1091.818726,1562.584106,-4628.143555,-1121.247559,1467.161987,-4564.754395,-1105.838867,1604.208984,-4602.054199,,,,,,,,,,,,,2616.317871,1567.733398,-3159.756836,,,,,,,,,,,,,151.319138,1488.877441,-4276.709961,,,,,,,,,,,,,,,,,,
5474,54.740000,0.000000,0.000000,0.000000,1.000000,0.000000,0.000000,0.000000,57.698101,20.499701,-14.700500,0.047771,-0.013570,0.015998,-15.666301,-52.738201,18.801300,-93.396698,0.129960,17.611099,-0.182931,-0.475644,-0.680147,0.526972,-1104.270996,1517.913574,-4602.371582,-1098.179077,1437.699585,-4614.534180,-1091.818726,1562.584106,-4628.143555,-1121.247559,1467.161987,-4564.754395,-1105.838867,1604.208984,-4602.054199,,,,,,,,,,,,,2616.307617,1567.757324,-3159.782959,,,,,,,,,,,,,153.890060,1489.298340,-4276.001953,,,,,,,,,,,,,,,,,,
5475,54.750000,0.000000,0.000000,0.000000,1.000000,0.000000,0.000000,0.000000,57.698101,20.499701,-14.700500,0.047771,-0.013570,0.015998,-15.666301,-52.738201,18.801300,-93.396698,0.129960,17.611099,-0.182931,-0.475644,-0.680147,0.526972,-1104.270996,1517.913574,-4602.371582,-1098.179077,1437.699585,-4614.534180,-1091.818726,1562.584106,-4628.143555,-1121.247559,1467.161987,-4564.754395,-1105.838867,1604.208984,-4602.054199,,,,,,,,,,,,,2616.282715,1567.730103,-3159.775635,,,,,,,,,,,,,156.980682,1489.781738,-4275.015625,,,,,,,,,,,,,,,,,,
5476,54.760000,0.000000,0.000000,0.000000,1.000000,0.000000,0.000000,0.000000,57.698101,20.499701,-14.700500,0.047771,-0.013570,0.015998,-15.666301,-52.738201,18.801300,-93.396698,0.129960,17.611099,-0.182931,-0.475644,-0.680147,0.526972,-1104.270996,1517.913574,-4602.371582,-1098.179077,1437.699585,-4614.534180,-1091.818726,1562.584106,-4628.143555,-1121.247559,1467.161987,-4564.754395,-1105.838867,1604.208984,-4602.054199,,,,,,,,,,,,,2616.258301,1567.760620,-3159.789795,,,,,,,,,,,,,158.916870,1489.529297,-4274.931641,,,,,,,,,,,,,,,,,,
5477,54.770000,0.000000,0.000000,0.000000,1.000000,0.000000,0.000000,0.000000,57.698101,20.499701,-14.700500,0.047771,-0.013570,0.015998,-15.666301,-52.738201,18.801300,-93.396698,0.129960,17.611099,-0.182931,-0.475644,-0.680147,0.526972,-1104.270996,1517.913574,-4602.371582,-1098.179077,1437.699585,-4614.534180,-1091.818726,1562.584106,-4628.143555,-1121.247559,1467.161987,-4564.754395,-1105.838867,1604.208984,-4602.054199,,,,,,,,,,,,,2616.278076,1567.765137,-3159.798828,,,,,,,,,,,,,160.138474,1488.891724,-4275.198730,,,,,,,,,,,,,,,,,,
5478,54.780000,0.000000,0.000000,0.000000,1.000000,0.000000,0.000000,0.000000,57.698101,20.499701,-14.700500,0.047771,-0.013570,0.015998,-15.666301,-52.738201,18.801300,-93.396698,0.129960,17.611099,-0.182931,-0.475644,-0.680147,0.526972,-1104.270996,1517.913574,-4602.371582,-1098.179077,1437.699585,-4614.534180,-1091.818726,1562.584106,-4628.143555,-1121.247559,1467.161987,-4564.754395,-1105.838867,1604.208984,-4602.054199,,,,,,,,,,,,,2616.293945,1567.745605,-3159.777588,,,,,,,,,,,,,162.487915,1488.675903,-4275.109375,,,,,,,,,,,,,,,,,,
5479,54.790000,0.000000,0.000000,0.000000,1.000000,0.000000,0.000000,0.000000,57.698101,20.499701,-14.700500,0.047771,-0.013570,0.015998,-15.666301,-52.738201,18.801300,-93.396698,0.129960,17.611099,-0.182931,-0.475644,-0.680147,0.526972,-1104.270996,1517.913574,-4602.371582,-1098.179077,1437.699585,-4614.534180,-1091.818726,1562.584106,-4628.143555,-1121.247559,1467.161987,-4564.754395,-1105.838867,1604.208984,-4602.054199,,,,,,,,,,,,,2616.278564,1567.780762,-3159.787109,,,,,,,,,,,,,164.938553,1488.631592,-4274.881348,,,,,,,,,,,,,,,,,,
5480,54.800000,0.000000,0.000000,0.000000,1.000000,0.000000,0.000000,0.000000,57.698101,20.499701,-14.700500,0.047771,-0.013570,0.015998,-15.666301,-52.738201,18.801300,-93.396698,0.129960,17.611099,-0.182931,-0.475644,-0.680147,0.526972,-1104.270996,1517.913574,-4602.371582,-1098.179077,1437.699585,-4614.534180,-1091.818726,1562.584106,-4628.143555,-1121.247559,1467.161987,-4564.754395,-1105.838867,1604.208984,-4602.054199,,,,,,,,,,,,,2616.253418,1567.758789,-3159.803711,,,,,,,,,,,,,167.506531,1488.668823,-4274.441406,,,,,,,,,,,,,,,,,,
5481,54.810000,0.000000,0.000000,0.000000,1.000000,0.000000,0.000000,0.000000,57.698101,20.499701,-14.700500,0.047771,-0.013570,0.015998,-15.666301,-52.738201,18.801300,-93.396698,0.129960,17.611099,-0.182931,-0.475644,-0.680147,0.526972,-1104.270996,1517.913574,-4602.371582,-1098.179077,1437.699585,-4614.534180,-1091.818726,1562.584106,-4628.143555,-1121.247559,1467.161987,-4564.754395,-1105.838867,1604.208984,-4602.054199,,,,,,,,,,,,,2616.296631,1567.718384,-3159.791016,,,,,,,,,,,,,169.332932,1488.402710,-4274.515625,,,,,,,,,,,,,,,,,,
5482,54.820000,0.000000,0.000000,0.000000,1.000000,0.000000,0.000000,0.000000,57.698101,20.499701,-14.700500,0.047771,-0.013570,0.015998,-15.666301,-52.738201,18.801300,-93.396698,0.129960,17.611099,-0.182931,-0.475644,-0.680147,0.526972,-1104.270996,1517.913574,-4602.371582,-1098.179077,1437.699585,-4614.534180,-1091.818726,1562.584106,-4628.143555,-1121.247559,1467.161987,-4564.754395,-1105.838867,1604.208984,-4602.054199,,,,,,,,,,,,,2616.281250,1567.732300,-3159.770508,,,,,,,,,,,,,170.813675,1488.120483,-4274.770508,,,,,,,,,,,,,,,,,,
5483,54.830000,0.000000,0.000000,0.000000,1.000000,0.000000,0.000000,0.000000,57.698101,20.499701,-14.700500,0.047771,-0.013570,0.015998,-15.666301,-52.738201,18.801300,-93.396698,0.129960,17.611099,-0.182931,-0.475644,-0.680147,0.526972,-1104.270996,1517.913574,-4602.371582,-1098.179077,1437.699585,-4614.534180,-1091.818726,1562.584106,-4628.143555,-1121.247559,1467.161987,-4564.754395,-1105.838867,1604.208984,-4602.054199,,,,,,,,,,,,,2616.293457,1567.750366,-3159.776611,,,,,,,,,,,,,173.173721,1488.177490,-4274.560547,,,,,,,,,,,,,,,,,,
5484,54.840000,0.000000,0.000000,0.000000,1.000000,0.000000,0.000000,0.000000,57.698101,20.499701,-14.700500,0.047771,-0.013570,0.015998,-15.666301,-52.738201,18.801300,-93.396698,0.129960,17.611099,-0.182931,-0.475644,-0.680147,0.526972,-1104.270996,1517.913574,-4602.371582,-1098.179077,1437.699585,-4614.534180,-1091.818726,1562.584106,-4628.143555,-1121.247559,1467.161987,-4564.754395,-1105.838867,1604.208984,-4602.054199,,,,,,,,,,,,,2616.288330,1567.766479,-3159.782959,,,,,,,,,,,,,175.966705,1488.437256,-4274.180176,,,,,,,,,,,,,,,,,,
5485,54.850000,0.000000,0.000000,0.000000,1.000000,0.000000,0.000000,0.000000,57.698101,20.499701,-14.700500,0.047771,-0.013570,0.015998,-15.666301,-52.738201,18.801300,-93.396698,0.129960,17.611099,-0.182931,-0.475644,-0.680147,0.526972,-1104.270996,1517.913574,-4602.371582,-1098.179077,1437.699585,-4614.534180,-1091.818726,1562.584106,-4628.143555,-1121.247559,1467.161987,-4564.754395,-1105.838867,1604.208984,-4602.054199,,,,,,,,,,,,,2616.275146,1567.744873,-3159.788330,,,,,,,,,,,,,178.296494,1488.536987,-4273.935059,,,,,,,,,,,,,,,,,,
5486,54.860000,0.000000,0.000000,0.000000,1.000000,0.000000,0.000000,0.000000,57.698101,20.499701,-14.700500,0.047771,-0.013570,0.015998,-15.666301,-52.738201,18.801300,-93.396698,0.129960,17.611099,-0.182931,-0.475644,-0.680147,0.526972,-1104.270996,1517.913574,-4602.371582,-1098.179077,1437.699585,-4614.534180,-1091.818726,1562.584106,-4628.143555,-1121.247559,1467.161987,-4564.754395,-1105.838867,1604.208984,-4602.054199,,,,,,,,,,,,,2616.275879,1567.768799,-3159.785400,,,,,,,,,,,,,179.379745,1487.930908,-4274.300781,,,,,,,,,,,,,,,,,,
5487,54.870000,0.000000,0.000000,0.000000,1.000000,0.000000,0.000000,0.000000,57.698101,20.499701,-14.700500,0.047771,-0.013570,0.015998,-15.666301,-52.738201,18.801300,-93.396698,0.129960,17.611099,-0.182931,-0.475644,-0.680147,0.526972,-1104.270996,1517.913574,-4602.371582,-1098.179077,1437.699585,-4614.534180,-1091.818726,1562.584106,-4628.143555,-1121.247559,1467.161987,-4564.754395,-1105.838867,1604.208984,-4602.054199,,,,,,,,,,,,,2616.315918,1567.753418,-3159.776123,,,,,,,,,,,,,181.397675,1487.712646,-4274.233887,,,,,,,,,,,,,,,,,,
5488,54.880000,0.000000,0.000000,0.000000,1.000000,0.000000,0.000000,0.000000,57.698101,20.499701,-14.700500,0.047771,-0.013570,0.015998,-15.666301,-52.738201,18.801300,-93.396698,0.129960,17.611099,-0.182931,-0.475644,-0.680147,0.526972,-1104.270996,1517.913574,-4602.371582,-1098.179077,1437.699585,-4614.534180,-1091.818726,1562.584106,-4628.143555,-1121.247559,1467.161987,-4564.754395,-1105.838867,1604.208984,-4602.054199,,,,,,,,,,,,,2616.251465,1567.732178,-3159.784424,,,,,,,,,,,,,183.876038,1487.810059,-4273.757812,,,,,,,,,,,,,,,,,,
5489,54.890000,0.000000,0.000000,0.000000,1.000000,0.000000,0.000000,0.000000,57.698101,20.499701,-14.700500,0.047771,-0.013570,0.015998,-15.666301,-52.738201,18.801300,-93.396698,0.129960,17.611099,-0.182931,-0.475644,-0.680147,0.526972,-1104.270996,1517.913574,-4602.371582,-1098.179077,1437.699585,-4614.534180,-1091.818726,1562.584106,-4628.143555,-1121.247559,1467.161987,-4564.754395,-1105.838867,1604.208984,-4602.054199,,,,,,,,,,,,,2616.279297,1567.734497,-3159.786133,,,,,,,,,,,,,186.604050,1488.172119,-4273.042480,,,,,,,,,,,,,,,,,,
5490,54.900000,0.000000,0.000000,0.000000,1.000000,0.000000,0.000000,0.000000,57.698101,20.499701,-14.700500,0.047771,-0.013570,0.015998,-15.666301,-52.738201,18.801300,-93.396698,0.129960,17.611099,-0.182931,-0.475644,-0.680147,0.526972,-1104.270996,1517.913574,-4602.371582,-1098.179077,1437.699585,-4614.534180,-1091.818726,1562.584106,-4628.143555,-1121.247559,1467.161987,-4564.754395,-1105.838867,1604.208984,-4602.054199,,,,,,,,,,,,,2616.340820,1567.752075,-3159.766113,,,,,,,,,,,,,188.300308,1488.155640,-4273.098633,,,,,,,,,,,,,,,,,,
5491,54.910000,0.000000,0.000000,0.000000,1.000000,0.000000,0.000000,0.000000,57.698101,20.499701,-14.700500,0.047771,-0.013570,0.015998,-15.666301,-52.738201,18.801300,-93.396698,0.129960,17.611099,-0.182931,-0.475644,-0.680147,0.526972,-1104.270996,1517.913574,-4602.371582,-1098.179077,1437.699585,-4614.534180,-1091.818726,1562.584106,-4628.143555,-1121.247559,1467.161987,-4564.754395,-1105.838867,1604.208984,-4602.054199,,,,,,,,,,,,,2616.278564,1567.722534,-3159.777344,,,,,,,,,,,,,189.261169,1487.469971,-4273.440918,,,,,,,,,,,,,,,,,,
5492,54.920000,0.000000,0.000000,0.000000,1.000000,0.000000,0.000000,0.000000,57.698101,20.499701,-14.700500,0.047771,-0.013570,0.015998,-15.666301,-52.738201,18.801300,-93.396698,0.129960,17.611099,-0.182931,-0.475644,-0.680147,0.526972,-1104.270996,1517.913574,-4602.371582,-1098.179077,1437.699585,-4614.534180,-1091.818726,1562.584106,-4628.143555,-1121.247559,1467.161987,-4564.754395,-1105.838867,1604.208984,-4602.054199,,,,,,,,,,,,,2616.311035,1567.740601,-3159.773926,,,,,,,,,,,,,191.926056,1487.512573,-4272.632812,,,,,,,,,,,,,,,,,,
5493,54.930000,0.000000,0.000000,0.000000,1.000000,0.000000,0.000000,0.000000,57.698101,20.499701,-14.700500,0.047771,-0.013570,0.015998,-15.666301,-52.738201,18.801300,-93.396698,0.129960,17.611099,-0.182931,-0.475644,-0.680147,0.526972,-1104.270996,1517.913574,-4602.371582,-1098.179077,1437.699585,-4614.534180,-1091.818726,1562.584106,-4628.143555,-1121.247559,1467.161987,-4564.754395,-1105.838867,1604.208984,-4602.054199,,,,,,,,,,,,,2616.280518,1567.742188,-3159.776367,,,,,,,,,,,,,194.462921,1487.682861,-4271.862793,,,,,,,,,,,,,,,,,,
5494,54.940000,0.000000,0.000000,0.000000,1.000000,0.000000,0.000000,0.000000,57.698101,20.499701,-14.700500,0.047771,-0.013570,0.015998,-15.666301,-52.738201,18.801300,-93.396698,0.129960,17.611099,-0.182931,-0.475644,-0.680147,0.526972,-1104.270996,1517.913574,-4602.371582,-1098.179077,1437.699585,-4614.534180,-1091.818726,1562.584106,-4628.143555,-1121.247559,1467.161987,-4564.754395,-1105.838867,1604.208984,-4602.054199,,,,,,,,,,,,,2616.324951,1567.743164,-3159.778076,,,,,,,,,,,,,196.995850,1487.754517,-4271.208008,,,,,,,,,,,,,,,,,,
5495,54.950000,0.000000,0.000000,0.000000,1.000000,0.000000,0.000000,0.000000,57.698101,20.499701,-14.700500,0.047771,-0.013570,0.015998,-15.666301,-52.738201,18.801300,-93.396698,0.129960,17.611099,-0.182931,-0.475644,-0.680147,0.526972,-1104.270996,1517.913574,-4602.371582,-1098.179077,1437.699585,-4614.534180,-1091.818726,1562.584106,-4628.143555,-1121.247559,1467.161987,-4564.754395,-1105.838867,1604.208984,-4602.054199,,,,,,,,,,,,,2616.301025,1567.715454,-3159.764404,,,,,,,,,,,,,199.107056,1487.627075,-4270.660156,,,,,,,,,,,,,,,,,,
5496,54.960000,0.000000,0.000000,0.000000,1.000000,0.000000,0.000000,0.000000,57.698101,20.499701,-14.700500,0.047771,-0.013570,0.015998,-15.666301,-52.738201,18.801300,-93.396698,0.129960,17.611099,-0.182931,-0.475644,-0.680147,0.526972,-1104.270996,1517.913574,-4602.371582,-1098.179077,1437.699585,-4614.534180,-1091.818726,1562.584106,-4628.143555,-1121.247559,1467.161987,-4564.754395,-1105.838867,1604.208984,-4602.054199,,,,,,,,,,,,,2616.327637,1567.760376,-3159.763184,,,,,,,,,,,,,200.651077,1487.298584,-4270.448730,,,,,,,,,,,,,,,,,,
5497,54.970000,0.000000,0.000000,0.000000,1.000000,0.000000,0.000000,0.000000,57.698101,20.499701,-14.700500,0.047771,-0.013570,0.015998,-15.666301,-52.738201,18.801300,-93.396698,0.129960,17.611099,-0.182931,-0.475644,-0.680147,0.526972,-1104.270996,1517.913574,-4602.371582,-1098.179077,1437.699585,-4614.534180,-1091.818726,1562.584106,-4628.143555,-1121.247559,1467.161987,-4564.754395,-1105.838867,1604.208984,-4602.054199,,,,,,,,,,,,,2616.282227,1567.781860,-3159.793945,,,,,,,,,,,,,202.138992,1486.925903,-4270.261230,,,,,,,,,,,,,,,,,,
5498,54.980000,0.000000,0.000000,0.000000,1.000000,0.000000,0.000000,0.000000,57.698101,20.499701,-14.700500,0.047771,-0.013570,0.015998,-15.666301,-52.738201,18.801300,-93.396698,0.129960,17.611099,-0.182931,-0.475644,-0.680147,0.526972,-1104.270996,1517.913574,-4602.371582,-1098.179077,1437.699585,-4614.534180,-1091.818726,1562.584106,-4628.143555,-1121.247559,1467.161987,-4564.754395,-1105.838867,1604.208984,-4602.054199,,,,,,,,,,,,,2616.249756,1567.767334,-3159.795898,,,,,,,,,,,,,205.173035,1486.829956,-4269.018066,,,,,,,,,,,,,,,,,,
5499,54.990000,0.000000,0.000000,0.000000,1.000000,0.000000,0.000000,0.000000,57.698101,20.499701,-14.700500,0.047771,-0.013570,0.015998,-15.666301,-52.738201,18.801300,-93.396698,0.129960,17.611099,-0.182931,-0.475644,-0.680147,0.526972,-1104.270996,1517.913574,-4602.371582,-1098.179077,1437.699585,-4614.534180,-1091.818726,1562.584106,-4628.143555,-1121.247559,1467.161987,-4564.754395,-1105.838867,1604.208984,-4602.054199,,,,,,,,,,,,,2616.294922,1567.755005,-3159.783203,,,,,,,,,,,,,207.767075,1486.752686,-4268.037109,,,,,,,,,,,,,,,,,,
5500,55.000000,0.000000,0.000000,0.000000,1.000000,0.000000,0.000000,0.000000,57.698101,20.499701,-14.700500,0.047771,-0.013570,0.015998,-15.666301,-52.738201,18.801300,-93.396698,0.129960,17.611099,-0.182931,-0.475644,-0.680147,0.526972,-1104.270996,1517.913574,-4602.371582,-1098.179077,1437.699585,-4614.534180,-1091.818726,1562.584106,-4628.143555,-1121.247559,1467.161987,-4564.754395,-1105.838867,1604.208984,-4602.054199,,,,,,,,,,,,,2616.287842,1567.747192,-3159.774658,,,,,,,,,,,,,210.155396,1486.731812,-4267.125488,,,,,,,,,,,,,,,,,,
5501,55.010000,0.000000,0.000000,0.000000,1.000000,0.000000,0.000000,0.000000,57.698101,20.499701,-14.700500,0.047771,-0.013570,0.015998,-15.666301,-52.738201,18.801300,-93.396698,0.129960,17.611099,-0.182931,-0.475644,-0.680147,0.526972,-1104.270996,1517.913574,-4602.371582,-1098.179077,1437.699585,-4614.534180,-1091.818726,1562.584106,-4628.143555,-1121.247559,1467.161987,-4564.754395,-1105.838867,1604.208984,-4602.054199,,,,,,,,,,,,,2616.310547,1567.748291,-3159.776123,,,,,,,,,,,,,211.885742,1486.329468,-4266.675293,,,,,,,,,,,,,,,,,,
5502,55.020000,0.000000,0.000000,0.000000,1.000000,0.000000,0.000000,0.000000,57.698101,20.499701,-14.700500,0.047771,-0.013570,0.015998,-15.666301,-52.738201,18.801300,-93.396698,0.129960,17.611099,-0.182931,-0.475644,-0.680147,0.526972,-1104.270996,1517.913574,-4602.371582,-1098.179077,1437.699585,-4614.534180,-1091.818726,1562.584106,-4628.143555,-1121.247559,1467.161987,-4564.754395,-1105.838867,1604.208984,-4602.054199,,,,,,,,,,,,,2616.285889,1567.736206,-3159.770996,,,,,,,,,,,,,213.720169,1486.061401,-4266.002930,,,,,,,,,,,,,,,,,,
5503,55.030000,0.000000,0.000000,0.000000,1.000000,0.000000,0.000000,0.000000,57.698101,20.499701,-14.700500,0.047771,-0.013570,0.015998,-15.666301,-52.738201,18.801300,-93.396698,0.129960,17.611099,-0.182931,-0.475644,-0.680147,0.526972,-1104.270996,1517.913574,-4602.371582,-1098.179077,1437.699585,-4614.534180,-1091.818726,1562.584106,-4628.143555,-1121.247559,1467.161987,-4564.754395,-1105.838867,1604.208984,-4602.054199,,,,,,,,,,,,,2616.310547,1567.771851,-3159.777100,,,,,,,,,,,,,215.383621,1485.722046,-4265.369141,,,,,,,,,,,,,,,,,,
5504,55.040000,0.000000,0.000000,0.000000,1.000000,0.000000,0.000000,0.000000,57.698101,20.499701,-14.700500,0.047771,-0.013570,0.015998,-15.666301,-52.738201,18.801300,-93.396698,0.129960,17.611099,-0.182931,-0.475644,-0.680147,0.526972,-1104.270996,1517.913574,-4602.371582,-1098.179077,1437.699585,-4614.534180,-1091.818726,1562.584106,-4628.143555,-1121.247559,1467.161987,-4564.754395,-1105.838867,1604.208984,-4602.054199,,,,,,,,,,,,,2616.297607,1567.777954,-3159.789307,,,,,,,,,,,,,218.264832,1485.583496,-4264.034180,,,,,,,,,,,,,,,,,,
5505,55.050000,0.000000,0.000000,0.000000,1.000000,0.000000,0.000000,0.000000,57.698101,20.499701,-14.700500,0.047771,-0.013570,0.015998,-15.666301,-52.738201,18.801300,-93.396698,0.129960,17.611099,-0.182931,-0.475644,-0.680147,0.526972,-1104.270996,1517.913574,-4602.371582,-1098.179077,1437.699585,-4614.534180,-1091.818726,1562.584106,-4628.143555,-1121.247559,1467.161987,-4564.754395,-1105.838867,1604.208984,-4602.054199,,,,,,,,,,,,,2616.293945,1567.781128,-3159.791748,,,,,,,,,,,,,221.116928,1485.562256,-4262.652344,,,,,,,,,,,,,,,,,,
5506,55.060000,0.000000,0.000000,0.000000,1.000000,0.000000,0.000000,0.000000,57.698101,20.499701,-14.700500,0.047771,-0.013570,0.015998,-15.666301,-52.738201,18.801300,-93.396698,0.129960,17.611099,-0.182931,-0.475644,-0.680147,0.526972,-1104.270996,1517.913574,-4602.371582,-1098.179077,1437.699585,-4614.534180,-1091.818726,1562.584106,-4628.143555,-1121.247559,1467.161987,-4564.754395,-1105.838867,1604.208984,-4602.054199,,,,,,,,,,,,,2616.291992,1567.779541,-3159.785400,,,,,,,,,,,,,223.605789,1485.528320,-4261.550781,,,,,,,,,,,,,,,,,,
5507,55.070000,0.000000,0.000000,0.000000,1.000000,0.000000,0.000000,0.000000,57.698101,20.499701,-14.700500,0.047771,-0.013570,0.015998,-15.666301,-52.738201,18.801300,-93.396698,0.129960,17.611099,-0.182931,-0.475644,-0.680147,0.526972,-1104.270996,1517.913574,-4602.371582,-1098.179077,1437.699585,-4614.534180,-1091.818726,1562.584106,-4628.143555,-1121.247559,1467.161987,-4564.754395,-1105.838867,1604.208984,-4602.054199,,,,,,,,,,,,,2616.300781,1567.747803,-3159.778076,,,,,,,,,,,,,225.658157,1485.231201,-4260.565430,,,,,,,,,,,,,,,,,,
5508,55.080000,0.000000,0.000000,0.000000,1.000000,0.000000,0.000000,0.000000,57.698101,20.499701,-14.700500,0.047771,-0.013570,0.015998,-15.666301,-52.738201,18.801300,-93.396698,0.129960,17.611099,-0.182931,-0.475644,-0.680147,0.526972,-1104.270996,1517.913574,-4602.371582,-1098.179077,1437.699585,-4614.534180,-1091.818726,1562.584106,-4628.143555,-1121.247559,1467.161987,-4564.754395,-1105.838867,1604.208984,-4602.054199,,,,,,,,,,,,,2616.307617,1567.705078,-3159.767578,,,,,,,,,,,,,227.591476,1484.978027,-4259.634766,,,,,,,,,,,,,,,,,,
5509,55.090000,0.000000,0.000000,0.000000,1.000000,0.000000,0.000000,0.000000,57.698101,20.499701,-14.700500,0.047771,-0.013570,0.015998,-15.666301,-52.738201,18.801300,-93.396698,0.129960,17.611099,-0.182931,-0.475644,-0.680147,0.526972,-1104.270996,1517.913574,-4602.371582,-1098.179077,1437.699585,-4614.534180,-1091.818726,1562.584106,-4628.143555,-1121.247559,1467.161987,-4564.754395,-1105.838867,1604.208984,-4602.054199,,,,,,,,,,,,,2616.273193,1567.706909,-3159.770264,,,,,,,,,,,,,229.510162,1484.790405,-4258.554199,,,,,,,,,,,,,,,,,,
5510,55.100000,0.000000,0.000000,0.000000,1.000000,0.000000,0.000000,0.000000,57.698101,20.499701,-14.700500,0.047771,-0.013570,0.015998,-15.666301,-52.738201,18.801300,-93.396698,0.129960,17.611099,-0.182931,-0.475644,-0.680147,0.526972,-1104.270996,1517.913574,-4602.371582,-1098.179077,1437.699585,-4614.534180,-1091.818726,1562.584106,-4628.143555,-1121.247559,1467.161987,-4564.754395,-1105.838867,1604.208984,-4602.054199,,,,,,,,,,,,,2616.274902,1567.778442,-3159.792480,,,,,,,,,,,,,232.798218,1484.825195,-4256.842773,,,,,,,,,,,,,,,,,,
5511,55.110000,0.000000,0.000000,0.000000,1.000000,0.000000,0.000000,0.000000,57.698101,20.499701,-14.700500,0.047771,-0.013570,0.015998,-15.666301,-52.738201,18.801300,-93.396698,0.129960,17.611099,-0.182931,-0.475644,-0.680147,0.526972,-1104.270996,1517.913574,-4602.371582,-1098.179077,1437.699585,-4614.534180,-1091.818726,1562.584106,-4628.143555,-1121.247559,1467.161987,-4564.754395,-1105.838867,1604.208984,-4602.054199,,,,,,,,,,,,,2616.268799,1567.730957,-3159.787109,,,,,,,,,,,,,235.468170,1484.861938,-4255.535156,,,,,,,,,,,,,,,,,,
5512,55.120000,0.000000,0.000000,0.000000,1.000000,0.000000,0.000000,0.000000,57.698101,20.499701,-14.700500,0.047771,-0.013570,0.015998,-15.666301,-52.738201,18.801300,-93.396698,0.129960,17.611099,-0.182931,-0.475644,-0.680147,0.526972,-1104.270996,1517.913574,-4602.371582,-1098.179077,1437.699585,-4614.534180,-1091.818726,1562.584106,-4628.143555,-1121.247559,1467.161987,-4564.754395,-1105.838867,1604.208984,-4602.054199,,,,,,,,,,,,,2616.264893,1567.716553,-3159.787354,,,,,,,,,,,,,238.159653,1484.889404,-4254.189941,,,,,,,,,,,,,,,,,,
5513,55.130000,0.000000,0.000000,0.000000,1.000000,0.000000,0.000000,0.000000,57.698101,20.499701,-14.700500,0.047771,-0.013570,0.015998,-15.666301,-52.738201,18.801300,-93.396698,0.129960,17.611099,-0.182931,-0.475644,-0.680147,0.526972,-1104.270996,1517.913574,-4602.371582,-1098.179077,1437.699585,-4614.534180,-1091.818726,1562.584106,-4628.143555,-1121.247559,1467.161987,-4564.754395,-1105.838867,1604.208984,-4602.054199,,,,,,,,,,,,,2616.264648,1567.750244,-3159.790039,,,,,,,,,,,,,240.530182,1484.738892,-4252.791992,,,,,,,,,,,,,,,,,,
5514,55.140000,0.000000,0.000000,0.000000,1.000000,0.000000,0.000000,0.000000,57.698101,20.499701,-14.700500,0.047771,-0.013570,0.015998,-15.666301,-52.738201,18.801300,-93.396698,0.129960,17.611099,-0.182931,-0.475644,-0.680147,0.526972,-1104.270996,1517.913574,-4602.371582,-1098.179077,1437.699585,-4614.534180,-1091.818726,1562.584106,-4628.143555,-1121.247559,1467.161987,-4564.754395,-1105.838867,1604.208984,-4602.054199,,,,,,,,,,,,,2616.279785,1567.751587,-3159.789307,,,,,,,,,,,,,242.465790,1484.498169,-4251.709961,,,,,,,,,,,,,,,,,,
5515,55.150000,0.000000,0.000000,0.000000,1.000000,0.000000,0.000000,0.000000,57.698101,20.499701,-14.700500,0.047771,-0.013570,0.015998,-15.666301,-52.738201,18.801300,-93.396698,0.129960,17.611099,-0.182931,-0.475644,-0.680147,0.526972,-1104.270996,1517.913574,-4602.371582,-1098.179077,1437.699585,-4614.534180,-1091.818726,1562.584106,-4628.143555,-1121.247559,1467.161987,-4564.754395,-1105.838867,1604.208984,-4602.054199,,,,,,,,,,,,,2616.269775,1567.718506,-3159.793213,,,,,,,,,,,,,244.961746,1484.505493,-4250.242676,,,,,,,,,,,,,,,,,,
5516,55.160000,0.000000,0.000000,0.000000,1.000000,0.000000,0.000000,0.000000,57.698101,20.499701,-14.700500,0.047771,-0.013570,0.015998,-15.666301,-52.738201,18.801300,-93.396698,0.129960,17.611099,-0.182931,-0.475644,-0.680147,0.526972,-1104.270996,1517.913574,-4602.371582,-1098.179077,1437.699585,-4614.534180,-1091.818726,1562.584106,-4628.143555,-1121.247559,1467.161987,-4564.754395,-1105.838867,1604.208984,-4602.054199,,,,,,,,,,,,,2616.314941,1567.738037,-3159.782471,,,,,,,,,,,,,248.395859,1484.771973,-4248.320312,,,,,,,,,,,,,,,,,,
5517,55.170000,0.000000,0.000000,0.000000,1.000000,0.000000,0.000000,0.000000,57.698101,20.499701,-14.700500,0.047771,-0.013570,0.015998,-15.666301,-52.738201,18.801300,-93.396698,0.129960,17.611099,-0.182931,-0.475644,-0.680147,0.526972,-1104.270996,1517.913574,-4602.371582,-1098.179077,1437.699585,-4614.534180,-1091.818726,1562.584106,-4628.143555,-1121.247559,1467.161987,-4564.754395,-1105.838867,1604.208984,-4602.054199,,,,,,,,,,,,,2616.241943,1567.741455,-3159.791260,,,,,,,,,,,,,251.423187,1484.914429,-4246.509277,,,,,,,,,,,,,,,,,,
5518,55.180000,0.000000,0.000000,0.000000,1.000000,0.000000,0.000000,0.000000,57.698101,20.499701,-14.700500,0.047771,-0.013570,0.015998,-15.666301,-52.738201,18.801300,-93.396698,0.129960,17.611099,-0.182931,-0.475644,-0.680147,0.526972,-1104.270996,1517.913574,-4602.371582,-1098.179077,1437.699585,-4614.534180,-1091.818726,1562.584106,-4628.143555,-1121.247559,1467.161987,-4564.754395,-1105.838867,1604.208984,-4602.054199,,,,,,,,,,,,,2616.251465,1567.767578,-3159.798340,,,,,,,,,,,,,253.915939,1484.856201,-4244.985840,,,,,,,,,,,,,,,,,,
5519,55.190000,0.000000,0.000000,0.000000,1.000000,0.000000,0.000000,0.000000,57.698101,20.499701,-14.700500,0.047771,-0.013570,0.015998,-15.666301,-52.738201,18.801300,-93.396698,0.129960,17.611099,-0.182931,-0.475644,-0.680147,0.526972,-1104.270996,1517.913574,-4602.371582,-1098.179077,1437.699585,-4614.534180,-1091.818726,1562.584106,-4628.143555,-1121.247559,1467.161987,-4564.754395,-1105.838867,1604.208984,-4602.054199,,,,,,,,,,,,,2616.267822,1567.794434,-3159.789062,,,,,,,,,,,,,256.318695,1484.617798,-4243.627930,,,,,,,,,,,,,,,,,,
5520,55.200000,0.000000,0.000000,0.000000,1.000000,0.000000,0.000000,0.000000,57.698101,20.499701,-14.700500,0.047771,-0.013570,0.015998,-15.666301,-52.738201,18.801300,-93.396698,0.129960,17.611099,-0.182931,-0.475644,-0.680147,0.526972,-1104.270996,1517.913574,-4602.371582,-1098.179077,1437.699585,-4614.534180,-1091.818726,1562.584106,-4628.143555,-1121.247559,1467.161987,-4564.754395,-1105.838867,1604.208984,-4602.054199,,,,,,,,,,,,,2616.268799,1567.762207,-3159.794189,,,,,,,,,,,,,258.256409,1484.360107,-4242.469238,,,,,,,,,,,,,,,,,,
5521,55.210000,0.000000,0.000000,0.000000,1.000000,0.000000,0.000000,0.000000,57.698101,20.499701,-14.700500,0.047771,-0.013570,0.015998,-15.666301,-52.738201,18.801300,-93.396698,0.129960,17.611099,-0.182931,-0.475644,-0.680147,0.526972,-1104.270996,1517.913574,-4602.371582,-1098.179077,1437.699585,-4614.534180,-1091.818726,1562.584106,-4628.143555,-1121.247559,1467.161987,-4564.754395,-1105.838867,1604.208984,-4602.054199,,,,,,,,,,,,,2616.313721,1567.742798,-3159.773193,,,,,,,,,,,,,261.189240,1484.518188,-4240.621094,,,,,,,,,,,,,,,,,,
5522,55.220000,0.000000,0.000000,0.000000,1.000000,0.000000,0.000000,0.000000,57.698101,20.499701,-14.700500,0.047771,-0.013570,0.015998,-15.666301,-52.738201,18.801300,-93.396698,0.129960,17.611099,-0.182931,-0.475644,-0.680147,0.526972,-1104.270996,1517.913574,-4602.371582,-1098.179077,1437.699585,-4614.534180,-1091.818726,1562.584106,-4628.143555,-1121.247559,1467.161987,-4564.754395,-1105.838867,1604.208984,-4602.054199,,,,,,,,,,,,,2616.273926,1567.710327,-3159.772217,,,,,,,,,,,,,264.602325,1484.857300,-4238.529297,,,,,,,,,,,,,,,,,,
5523,55.230000,0.000000,0.000000,0.000000,1.000000,0.000000,0.000000,0.000000,57.698101,20.499701,-14.700500,0.047771,-0.013570,0.015998,-15.666301,-52.738201,18.801300,-93.396698,0.129960,17.611099,-0.182931,-0.475644,-0.680147,0.526972,-1104.270996,1517.913574,-4602.371582,-1098.179077,1437.699585,-4614.534180,-1091.818726,1562.584106,-4628.143555,-1121.247559,1467.161987,-4564.754395,-1105.838867,1604.208984,-4602.054199,,,,,,,,,,,,,2616.317139,1567.733765,-3159.767578,,,,,,,,,,,,,267.569672,1485.012451,-4236.671387,,,,,,,,,,,,,,,,,,
5524,55.240000,0.000000,0.000000,0.000000,1.000000,0.000000,0.000000,0.000000,57.698101,20.499701,-14.700500,0.047771,-0.013570,0.015998,-15.666301,-52.738201,18.801300,-93.396698,0.129960,17.611099,-0.182931,-0.475644,-0.680147,0.526972,-1104.270996,1517.913574,-4602.371582,-1098.179077,1437.699585,-4614.534180,-1091.818726,1562.584106,-4628.143555,-1121.247559,1467.161987,-4564.754395,-1105.838867,1604.208984,-4602.054199,,,,,,,,,,,,,2616.286865,1567.722900,-3159.771240,,,,,,,,,,,,,269.858887,1484.845215,-4235.088379,,,,,,,,,,,,,,,,,,
5525,55.250000,0.000000,0.000000,0.000000,1.000000,0.000000,0.000000,0.000000,57.698101,20.499701,-14.700500,0.047771,-0.013570,0.015998,-15.666301,-52.738201,18.801300,-93.396698,0.129960,17.611099,-0.182931,-0.475644,-0.680147,0.526972,-1104.270996,1517.913574,-4602.371582,-1098.179077,1437.699585,-4614.534180,-1091.818726,1562.584106,-4628.143555,-1121.247559,1467.161987,-4564.754395,-1105.838867,1604.208984,-4602.054199,,,,,,,,,,,,,2616.311035,1567.742798,-3159.770508,,,,,,,,,,,,,272.266968,1484.684937,-4233.508789,,,,,,,,,,,,,,,,,,
5526,55.260000,0.000000,0.000000,0.000000,1.000000,0.000000,0.000000,0.000000,57.698101,20.499701,-14.700500,0.047771,-0.013570,0.015998,-15.666301,-52.738201,18.801300,-93.396698,0.129960,17.611099,-0.182931,-0.475644,-0.680147,0.526972,-1104.270996,1517.913574,-4602.371582,-1098.179077,1437.699585,-4614.534180,-1091.818726,1562.584106,-4628.143555,-1121.247559,1467.161987,-4564.754395,-1105.838867,1604.208984,-4602.054199,,,,,,,,,,,,,2616.290527,1567.721069,-3159.764404,,,,,,,,,,,,,274.648376,1484.654663,-4232.019043,,,,,,,,,,,,,,,,,,
5527,55.270000,0.000000,0.000000,0.000000,1.000000,0.000000,0.000000,0.000000,57.698101,20.499701,-14.700500,0.047771,-0.013570,0.015998,-15.666301,-52.738201,18.801300,-93.396698,0.129960,17.611099,-0.182931,-0.475644,-0.680147,0.526972,-1104.270996,1517.913574,-4602.371582,-1098.179077,1437.699585,-4614.534180,-1091.818726,1562.584106,-4628.143555,-1121.247559,1467.161987,-4564.754395,-1105.838867,1604.208984,-4602.054199,,,,,,,,,,,,,2616.288086,1567.729614,-3159.776611,,,,,,,,,,,,,278.028229,1485.031250,-4229.699707,,,,,,,,,,,,,,,,,,
5528,55.280000,0.000000,0.000000,0.000000,1.000000,0.000000,0.000000,0.000000,57.698101,20.499701,-14.700500,0.047771,-0.013570,0.015998,-15.666301,-52.738201,18.801300,-93.396698,0.129960,17.611099,-0.182931,-0.475644,-0.680147,0.526972,-1104.270996,1517.913574,-4602.371582,-1098.179077,1437.699585,-4614.534180,-1091.818726,1562.584106,-4628.143555,-1121.247559,1467.161987,-4564.754395,-1105.838867,1604.208984,-4602.054199,,,,,,,,,,,,,2616.289307,1567.784668,-3159.774902,,,,,,,,,,,,,281.271729,1485.363647,-4227.469238,,,,,,,,,,,,,,,,,,
5529,55.290000,0.000000,0.000000,0.000000,1.000000,0.000000,0.000000,0.000000,57.698101,20.499701,-14.700500,0.047771,-0.013570,0.015998,-15.666301,-52.738201,18.801300,-93.396698,0.129960,17.611099,-0.182931,-0.475644,-0.680147,0.526972,-1104.270996,1517.913574,-4602.371582,-1098.179077,1437.699585,-4614.534180,-1091.818726,1562.584106,-4628.143555,-1121.247559,1467.161987,-4564.754395,-1105.838867,1604.208984,-4602.054199,,,,,,,,,,,,,2616.287109,1567.696899,-3159.779053,,,,,,,,,,,,,284.080231,1485.567993,-4225.531738,,,,,,,,,,,,,,,,,,
5530,55.300000,0.000000,0.000000,0.000000,1.000000,0.000000,0.000000,0.000000,57.698101,20.499701,-14.700500,0.047771,-0.013570,0.015998,-15.666301,-52.738201,18.801300,-93.396698,0.129960,17.611099,-0.182931,-0.475644,-0.680147,0.526972,-1104.270996,1517.913574,-4602.371582,-1098.179077,1437.699585,-4614.534180,-1091.818726,1562.584106,-4628.143555,-1121.247559,1467.161987,-4564.754395,-1105.838867,1604.208984,-4602.054199,,,,,,,,,,,,,2616.336670,1567.691528,-3159.756592,,,,,,,,,,,,,285.721619,1485.198486,-4224.225098,,,,,,,,,,,,,,,,,,
5531,55.310000,0.000000,0.000000,0.000000,1.000000,0.000000,0.000000,0.000000,57.698101,20.499701,-14.700500,0.047771,-0.013570,0.015998,-15.666301,-52.738201,18.801300,-93.396698,0.129960,17.611099,-0.182931,-0.475644,-0.680147,0.526972,-1104.270996,1517.913574,-4602.371582,-1098.179077,1437.699585,-4614.534180,-1091.818726,1562.584106,-4628.143555,-1121.247559,1467.161987,-4564.754395,-1105.838867,1604.208984,-4602.054199,,,,,,,,,,,,,2616.327148,1567.726685,-3159.755127,,,,,,,,,,,,,288.164124,1485.261963,-4222.277832,,,,,,,,,,,,,,,,,,
5532,55.320000,0.000000,0.000000,0.000000,1.000000,0.000000,0.000000,0.000000,57.698101,20.499701,-14.700500,0.047771,-0.013570,0.015998,-15.666301,-52.738201,18.801300,-93.396698,0.129960,17.611099,-0.182931,-0.475644,-0.680147,0.526972,-1104.270996,1517.913574,-4602.371582,-1098.179077,1437.699585,-4614.534180,-1091.818726,1562.584106,-4628.143555,-1121.247559,1467.161987,-4564.754395,-1105.838867,1604.208984,-4602.054199,,,,,,,,,,,,,2616.252197,1567.746948,-3159.792480,,,,,,,,,,,,,290.709229,1485.514771,-4220.134766,,,,,,,,,,,,,,,,,,
5533,55.330000,0.000000,0.000000,0.000000,1.000000,0.000000,0.000000,0.000000,57.698101,20.499701,-14.700500,0.047771,-0.013570,0.015998,-15.666301,-52.738201,18.801300,-93.396698,0.129960,17.611099,-0.182931,-0.475644,-0.680147,0.526972,-1104.270996,1517.913574,-4602.371582,-1098.179077,1437.699585,-4614.534180,-1091.818726,1562.584106,-4628.143555,-1121.247559,1467.161987,-4564.754395,-1105.838867,1604.208984,-4602.054199,,,,,,,,,,,,,2616.281982,1567.768066,-3159.796387,,,,,,,,,,,,,293.454132,1485.981323,-4217.693359,,,,,,,,,,,,,,,,,,
5534,55.340000,0.000000,0.000000,0.000000,1.000000,0.000000,0.000000,0.000000,57.698101,20.499701,-14.700500,0.047771,-0.013570,0.015998,-15.666301,-52.738201,18.801300,-93.396698,0.129960,17.611099,-0.182931,-0.475644,-0.680147,0.526972,-1104.270996,1517.913574,-4602.371582,-1098.179077,1437.699585,-4614.534180,-1091.818726,1562.584106,-4628.143555,-1121.247559,1467.161987,-4564.754395,-1105.838867,1604.208984,-4602.054199,,,,,,,,,,,,,2616.300537,1567.719604,-3159.776367,,,,,,,,,,,,,296.832672,1486.634033,-4214.890137,,,,,,,,,,,,,,,,,,
5535,55.350000,0.000000,0.000000,0.000000,1.000000,0.000000,0.000000,0.000000,57.698101,20.499701,-14.700500,0.047771,-0.013570,0.015998,-15.666301,-52.738201,18.801300,-93.396698,0.129960,17.611099,-0.182931,-0.475644,-0.680147,0.526972,-1104.270996,1517.913574,-4602.371582,-1098.179077,1437.699585,-4614.534180,-1091.818726,1562.584106,-4628.143555,-1121.247559,1467.161987,-4564.754395,-1105.838867,1604.208984,-4602.054199,,,,,,,,,,,,,2616.277832,1567.728516,-3159.775879,,,,,,,,,,,,,299.766907,1487.154175,-4212.433594,,,,,,,,,,,,,,,,,,
5536,55.360000,0.000000,0.000000,0.000000,1.000000,0.000000,0.000000,0.000000,57.698101,20.499701,-14.700500,0.047771,-0.013570,0.015998,-15.666301,-52.738201,18.801300,-93.396698,0.129960,17.611099,-0.182931,-0.475644,-0.680147,0.526972,-1104.270996,1517.913574,-4602.371582,-1098.179077,1437.699585,-4614.534180,-1091.818726,1562.584106,-4628.143555,-1121.247559,1467.161987,-4564.754395,-1105.838867,1604.208984,-4602.054199,,,,,,,,,,,,,2616.297607,1567.747192,-3159.782959,,,,,,,,,,,,,302.094940,1487.557617,-4210.268555,,,,,,,,,,,,,,,,,,
5537,55.370000,0.000000,0.000000,0.000000,1.000000,0.000000,0.000000,0.000000,57.698101,20.499701,-14.700500,0.047771,-0.013570,0.015998,-15.666301,-52.738201,18.801300,-93.396698,0.129960,17.611099,-0.182931,-0.475644,-0.680147,0.526972,-1104.270996,1517.913574,-4602.371582,-1098.179077,1437.699585,-4614.534180,-1091.818726,1562.584106,-4628.143555,-1121.247559,1467.161987,-4564.754395,-1105.838867,1604.208984,-4602.054199,,,,,,,,,,,,,2616.288330,1567.749756,-3159.787354,,,,,,,,,,,,,303.980438,1487.737671,-4208.043945,,,,,,,,,,,,,,,,,,
5538,55.380000,0.000000,0.000000,0.000000,1.000000,0.000000,0.000000,0.000000,57.698101,20.499701,-14.700500,0.047771,-0.013570,0.015998,-15.666301,-52.738201,18.801300,-93.396698,0.129960,17.611099,-0.182931,-0.475644,-0.680147,0.526972,-1104.270996,1517.913574,-4602.371582,-1098.179077,1437.699585,-4614.534180,-1091.818726,1562.584106,-4628.143555,-1121.247559,1467.161987,-4564.754395,-1105.838867,1604.208984,-4602.054199,,,,,,,,,,,,,2616.308594,1567.755005,-3159.787842,,,,,,,,,,,,,306.534119,1488.154297,-4205.665039,,,,,,,,,,,,,,,,,,
5539,55.390000,0.000000,0.000000,0.000000,1.000000,0.000000,0.000000,0.000000,57.698101,20.499701,-14.700500,0.047771,-0.013570,0.015998,-15.666301,-52.738201,18.801300,-93.396698,0.129960,17.611099,-0.182931,-0.475644,-0.680147,0.526972,-1104.270996,1517.913574,-4602.371582,-1098.179077,1437.699585,-4614.534180,-1091.818726,1562.584106,-4628.143555,-1121.247559,1467.161987,-4564.754395,-1105.838867,1604.208984,-4602.054199,,,,,,,,,,,,,2616.277100,1567.744995,-3159.780029,,,,,,,,,,,,,309.279510,1488.683350,-4203.083008,,,,,,,,,,,,,,,,,,
5540,55.400000,0.000000,0.000000,0.000000,1.000000,0.000000,0.000000,0.000000,57.698101,20.499701,-14.700500,0.047771,-0.013570,0.015998,-15.666301,-52.738201,18.801300,-93.396698,0.129960,17.611099,-0.182931,-0.475644,-0.680147,0.526972,-1104.270996,1517.913574,-4602.371582,-1098.179077,1437.699585,-4614.534180,-1091.818726,1562.584106,-4628.143555,-1121.247559,1467.161987,-4564.754395,-1105.838867,1604.208984,-4602.054199,,,,,,,,,,,,,2616.286377,1567.756470,-3159.798096,,,,,,,,,,,,,312.385986,1489.314575,-4200.296387,,,,,,,,,,,,,,,,,,
5541,55.410000,0.000000,0.000000,0.000000,1.000000,0.000000,0.000000,0.000000,57.698101,20.499701,-14.700500,0.047771,-0.013570,0.015998,-15.666301,-52.738201,18.801300,-93.396698,0.129960,17.611099,-0.182931,-0.475644,-0.680147,0.526972,-1104.270996,1517.913574,-4602.371582,-1098.179077,1437.699585,-4614.534180,-1091.818726,1562.584106,-4628.143555,-1121.247559,1467.161987,-4564.754395,-1105.838867,1604.208984,-4602.054199,,,,,,,,,,,,,2616.271240,1567.738525,-3159.786621,,,,,,,,,,,,,315.450684,1490.013306,-4197.361328,,,,,,,,,,,,,,,,,,
5542,55.420000,0.000000,0.000000,0.000000,1.000000,0.000000,0.000000,0.000000,57.698101,20.499701,-14.700500,0.047771,-0.013570,0.015998,-15.666301,-52.738201,18.801300,-93.396698,0.129960,17.611099,-0.182931,-0.475644,-0.680147,0.526972,-1104.270996,1517.913574,-4602.371582,-1098.179077,1437.699585,-4614.534180,-1091.818726,1562.584106,-4628.143555,-1121.247559,1467.161987,-4564.754395,-1105.838867,1604.208984,-4602.054199,,,,,,,,,,,,,2616.289307,1567.757202,-3159.780029,,,,,,,,,,,,,318.584686,1490.661011,-4194.368164,,,,,,,,,,,,,,,,,,
5543,55.430000,0.000000,0.000000,0.000000,1.000000,0.000000,0.000000,0.000000,57.698101,20.499701,-14.700500,0.047771,-0.013570,0.015998,-15.666301,-52.738201,18.801300,-93.396698,0.129960,17.611099,-0.182931,-0.475644,-0.680147,0.526972,-1104.270996,1517.913574,-4602.371582,-1098.179077,1437.699585,-4614.534180,-1091.818726,1562.584106,-4628.143555,-1121.247559,1467.161987,-4564.754395,-1105.838867,1604.208984,-4602.054199,,,,,,,,,,,,,2616.299805,1567.749023,-3159.773193,,,,,,,,,,,,,320.832306,1490.966187,-4192.025879,,,,,,,,,,,,,,,,,,
5544,55.440000,0.000000,0.000000,0.000000,1.000000,0.000000,0.000000,0.000000,57.698101,20.499701,-14.700500,0.047771,-0.013570,0.015998,-15.666301,-52.738201,18.801300,-93.396698,0.129960,17.611099,-0.182931,-0.475644,-0.680147,0.526972,-1104.270996,1517.913574,-4602.371582,-1098.179077,1437.699585,-4614.534180,-1091.818726,1562.584106,-4628.143555,-1121.247559,1467.161987,-4564.754395,-1105.838867,1604.208984,-4602.054199,,,,,,,,,,,,,2616.269043,1567.748169,-3159.781738,,,,,,,,,,,,,322.912109,1491.340210,-4189.649902,,,,,,,,,,,,,,,,,,
5545,55.450000,0.000000,0.000000,0.000000,1.000000,0.000000,0.000000,0.000000,57.698101,20.499701,-14.700500,0.047771,-0.013570,0.015998,-15.666301,-52.738201,18.801300,-93.396698,0.129960,17.611099,-0.182931,-0.475644,-0.680147,0.526972,-1104.270996,1517.913574,-4602.371582,-1098.179077,1437.699585,-4614.534180,-1091.818726,1562.584106,-4628.143555,-1121.247559,1467.161987,-4564.754395,-1105.838867,1604.208984,-4602.054199,,,,,,,,,,,,,2616.282471,1567.733643,-3159.774414,,,,,,,,,,,,,325.532715,1491.868530,-4186.956055,,,,,,,,,,,,,,,,,,
5546,55.460000,0.000000,0.000000,0.000000,1.000000,0.000000,0.000000,0.000000,57.698101,20.499701,-14.700500,0.047771,-0.013570,0.015998,-15.666301,-52.738201,18.801300,-93.396698,0.129960,17.611099,-0.182931,-0.475644,-0.680147,0.526972,-1104.270996,1517.913574,-4602.371582,-1098.179077,1437.699585,-4614.534180,-1091.818726,1562.584106,-4628.143555,-1121.247559,1467.161987,-4564.754395,-1105.838867,1604.208984,-4602.054199,,,,,,,,,,,,,2616.285400,1567.734009,-3159.774902,,,,,,,,,,,,,328.797516,1492.446655,-4184.103027,,,,,,,,,,,,,,,,,,
5547,55.470000,0.000000,0.000000,0.000000,1.000000,0.000000,0.000000,0.000000,57.698101,20.499701,-14.700500,0.047771,-0.013570,0.015998,-15.666301,-52.738201,18.801300,-93.396698,0.129960,17.611099,-0.182931,-0.475644,-0.680147,0.526972,-1104.270996,1517.913574,-4602.371582,-1098.179077,1437.699585,-4614.534180,-1091.818726,1562.584106,-4628.143555,-1121.247559,1467.161987,-4564.754395,-1105.838867,1604.208984,-4602.054199,,,,,,,,,,,,,2616.270508,1567.783447,-3159.783203,,,,,,,,,,,,,332.022400,1493.101196,-4181.290527,,,,,,,,,,,,,,,,,,
5548,55.480000,0.000000,0.000000,0.000000,1.000000,0.000000,0.000000,0.000000,57.698101,20.499701,-14.700500,0.047771,-0.013570,0.015998,-15.666301,-52.738201,18.801300,-93.396698,0.129960,17.611099,-0.182931,-0.475644,-0.680147,0.526972,-1104.270996,1517.913574,-4602.371582,-1098.179077,1437.699585,-4614.534180,-1091.818726,1562.584106,-4628.143555,-1121.247559,1467.161987,-4564.754395,-1105.838867,1604.208984,-4602.054199,,,,,,,,,,,,,2616.301270,1567.731079,-3159.778564,,,,,,,,,,,,,335.260406,1493.703003,-4178.599609,,,,,,,,,,,,,,,,,,
5549,55.490000,0.000000,0.000000,0.000000,1.000000,0.000000,0.000000,0.000000,57.698101,20.499701,-14.700500,0.047771,-0.013570,0.015998,-15.666301,-52.738201,18.801300,-93.396698,0.129960,17.611099,-0.182931,-0.475644,-0.680147,0.526972,-1104.270996,1517.913574,-4602.371582,-1098.179077,1437.699585,-4614.534180,-1091.818726,1562.584106,-4628.143555,-1121.247559,1467.161987,-4564.754395,-1105.838867,1604.208984,-4602.054199,,,,,,,,,,,,,2616.297852,1567.733154,-3159.761230,,,,,,,,,,,,,338.195312,1494.227661,-4175.904297,,,,,,,,,,,,,,,,,,
5550,55.500000,0.000000,0.000000,0.000000,1.000000,0.000000,0.000000,0.000000,57.698101,20.499701,-14.700500,0.047771,-0.013570,0.015998,-15.666301,-52.738201,18.801300,-93.396698,0.129960,17.611099,-0.182931,-0.475644,-0.680147,0.526972,-1104.270996,1517.913574,-4602.371582,-1098.179077,1437.699585,-4614.534180,-1091.818726,1562.584106,-4628.143555,-1121.247559,1467.161987,-4564.754395,-1105.838867,1604.208984,-4602.054199,,,,,,,,,,,,,2616.317871,1567.745850,-3159.770264,,,,,,,,,,,,,340.730591,1494.609619,-4173.534180,,,,,,,,,,,,,,,,,,
5551,55.510000,0.000000,0.000000,0.000000,1.000000,0.000000,0.000000,0.000000,57.698101,20.499701,-14.700500,0.047771,-0.013570,0.015998,-15.666301,-52.738201,18.801300,-93.396698,0.129960,17.611099,-0.182931,-0.475644,-0.680147,0.526972,-1104.270996,1517.913574,-4602.371582,-1098.179077,1437.699585,-4614.534180,-1091.818726,1562.584106,-4628.143555,-1121.247559,1467.161987,-4564.754395,-1105.838867,1604.208984,-4602.054199,,,,,,,,,,,,,2616.287109,1567.757080,-3159.779297,,,,,,,,,,,,,343.187714,1495.024414,-4171.286621,,,,,,,,,,,,,,,,,,
5552,55.520000,0.000000,0.000000,0.000000,1.000000,0.000000,0.000000,0.000000,57.698101,20.499701,-14.700500,0.047771,-0.013570,0.015998,-15.666301,-52.738201,18.801300,-93.396698,0.129960,17.611099,-0.182931,-0.475644,-0.680147,0.526972,-1104.270996,1517.913574,-4602.371582,-1098.179077,1437.699585,-4614.534180,-1091.818726,1562.584106,-4628.143555,-1121.247559,1467.161987,-4564.754395,-1105.838867,1604.208984,-4602.054199,,,,,,,,,,,,,2616.305420,1567.742920,-3159.768311,,,,,,,,,,,,,346.191681,1495.679565,-4168.728516,,,,,,,,,,,,,,,,,,
5553,55.530000,0.000000,0.000000,0.000000,1.000000,0.000000,0.000000,0.000000,57.698101,20.499701,-14.700500,0.047771,-0.013570,0.015998,-15.666301,-52.738201,18.801300,-93.396698,0.129960,17.611099,-0.182931,-0.475644,-0.680147,0.526972,-1104.270996,1517.913574,-4602.371582,-1098.179077,1437.699585,-4614.534180,-1091.818726,1562.584106,-4628.143555,-1121.247559,1467.161987,-4564.754395,-1105.838867,1604.208984,-4602.054199,,,,,,,,,,,,,2616.289795,1567.745117,-3159.786133,,,,,,,,,,,,,350.109589,1496.761475,-4165.559570,,,,,,,,,,,,,,,,,,
5554,55.540000,0.000000,0.000000,0.000000,1.000000,0.000000,0.000000,0.000000,57.698101,20.499701,-14.700500,0.047771,-0.013570,0.015998,-15.666301,-52.738201,18.801300,-93.396698,0.129960,17.611099,-0.182931,-0.475644,-0.680147,0.526972,-1104.270996,1517.913574,-4602.371582,-1098.179077,1437.699585,-4614.534180,-1091.818726,1562.584106,-4628.143555,-1121.247559,1467.161987,-4564.754395,-1105.838867,1604.208984,-4602.054199,,,,,,,,,,,,,2616.276123,1567.757935,-3159.777100,,,,,,,,,,,,,353.265625,1497.611816,-4162.890625,,,,,,,,,,,,,,,,,,
5555,55.550000,0.000000,0.000000,0.000000,1.000000,0.000000,0.000000,0.000000,57.698101,20.499701,-14.700500,0.047771,-0.013570,0.015998,-15.666301,-52.738201,18.801300,-93.396698,0.129960,17.611099,-0.182931,-0.475644,-0.680147,0.526972,-1104.270996,1517.913574,-4602.371582,-1098.179077,1437.699585,-4614.534180,-1091.818726,1562.584106,-4628.143555,-1121.247559,1467.161987,-4564.754395,-1105.838867,1604.208984,-4602.054199,,,,,,,,,,,,,2616.272217,1567.745972,-3159.792480,,,,,,,,,,,,,355.272614,1497.853882,-4160.757324,,,,,,,,,,,,,,,,,,
5556,55.560000,0.000000,0.000000,0.000000,1.000000,0.000000,0.000000,0.000000,57.698101,20.499701,-14.700500,0.047771,-0.013570,0.015998,-15.666301,-52.738201,18.801300,-93.396698,0.129960,17.611099,-0.182931,-0.475644,-0.680147,0.526972,-1104.270996,1517.913574,-4602.371582,-1098.179077,1437.699585,-4614.534180,-1091.818726,1562.584106,-4628.143555,-1121.247559,1467.161987,-4564.754395,-1105.838867,1604.208984,-4602.054199,,,,,,,,,,,,,2616.273926,1567.746826,-3159.793457,,,,,,,,,,,,,357.731171,1498.262695,-4158.646484,,,,,,,,,,,,,,,,,,
5557,55.570000,0.000000,0.000000,0.000000,1.000000,0.000000,0.000000,0.000000,57.698101,20.499701,-14.700500,0.047771,-0.013570,0.015998,-15.666301,-52.738201,18.801300,-93.396698,0.129960,17.611099,-0.182931,-0.475644,-0.680147,0.526972,-1104.270996,1517.913574,-4602.371582,-1098.179077,1437.699585,-4614.534180,-1091.818726,1562.584106,-4628.143555,-1121.247559,1467.161987,-4564.754395,-1105.838867,1604.208984,-4602.054199,,,,,,,,,,,,,2616.293457,1567.715820,-3159.778809,,,,,,,,,,,,,360.413544,1498.447388,-4156.598145,,,,,,,,,,,,,,,,,,
5558,55.580000,0.000000,0.000000,0.000000,1.000000,0.000000,0.000000,0.000000,57.698101,20.499701,-14.700500,0.047771,-0.013570,0.015998,-15.666301,-52.738201,18.801300,-93.396698,0.129960,17.611099,-0.182931,-0.475644,-0.680147,0.526972,-1104.270996,1517.913574,-4602.371582,-1098.179077,1437.699585,-4614.534180,-1091.818726,1562.584106,-4628.143555,-1121.247559,1467.161987,-4564.754395,-1105.838867,1604.208984,-4602.054199,,,,,,,,,,,,,2616.312012,1567.731689,-3159.765625,,,,,,,,,,,,,364.498291,1499.808350,-4153.301270,,,,,,,,,,,,,,,,,,
5559,55.590000,0.000000,0.000000,0.000000,1.000000,0.000000,0.000000,0.000000,57.698101,20.499701,-14.700500,0.047771,-0.013570,0.015998,-15.666301,-52.738201,18.801300,-93.396698,0.129960,17.611099,-0.182931,-0.475644,-0.680147,0.526972,-1104.270996,1517.913574,-4602.371582,-1098.179077,1437.699585,-4614.534180,-1091.818726,1562.584106,-4628.143555,-1121.247559,1467.161987,-4564.754395,-1105.838867,1604.208984,-4602.054199,,,,,,,,,,,,,2616.250732,1567.728882,-3159.794434,,,,,,,,,,,,,367.616089,1500.797974,-4150.680664,,,,,,,,,,,,,,,,,,
5560,55.600000,0.000000,0.000000,0.000000,1.000000,0.000000,0.000000,0.000000,57.698101,20.499701,-14.700500,0.047771,-0.013570,0.015998,-15.666301,-52.738201,18.801300,-93.396698,0.129960,17.611099,-0.182931,-0.475644,-0.680147,0.526972,-1104.270996,1517.913574,-4602.371582,-1098.179077,1437.699585,-4614.534180,-1091.818726,1562.584106,-4628.143555,-1121.247559,1467.161987,-4564.754395,-1105.838867,1604.208984,-4602.054199,,,,,,,,,,,,,2616.276855,1567.733887,-3159.784424,,,,,,,,,,,,,369.997406,1501.323364,-4148.528809,,,,,,,,,,,,,,,,,,
5561,55.610000,0.000000,0.000000,0.000000,1.000000,0.000000,0.000000,0.000000,57.698101,20.499701,-14.700500,0.047771,-0.013570,0.015998,-15.666301,-52.738201,18.801300,-93.396698,0.129960,17.611099,-0.182931,-0.475644,-0.680147,0.526972,-1104.270996,1517.913574,-4602.371582,-1098.179077,1437.699585,-4614.534180,-1091.818726,1562.584106,-4628.143555,-1121.247559,1467.161987,-4564.754395,-1105.838867,1604.208984,-4602.054199,,,,,,,,,,,,,2616.316895,1567.771484,-3159.781982,,,,,,,,,,,,,372.235901,1501.692017,-4146.533203,,,,,,,,,,,,,,,,,,
5562,55.620000,0.000000,0.000000,0.000000,1.000000,0.000000,0.000000,0.000000,57.698101,20.499701,-14.700500,0.047771,-0.013570,0.015998,-15.666301,-52.738201,18.801300,-93.396698,0.129960,17.611099,-0.182931,-0.475644,-0.680147,0.526972,-1104.270996,1517.913574,-4602.371582,-1098.179077,1437.699585,-4614.534180,-1091.818726,1562.584106,-4628.143555,-1121.247559,1467.161987,-4564.754395,-1105.838867,1604.208984,-4602.054199,,,,,,,,,,,,,2616.277100,1567.740234,-3159.783691,,,,,,,,,,,,,374.642639,1502.230835,-4144.286133,,,,,,,,,,,,,,,,,,
5563,55.630000,0.000000,0.000000,0.000000,1.000000,0.000000,0.000000,0.000000,57.698101,20.499701,-14.700500,0.047771,-0.013570,0.015998,-15.666301,-52.738201,18.801300,-93.396698,0.129960,17.611099,-0.182931,-0.475644,-0.680147,0.526972,-1104.270996,1517.913574,-4602.371582,-1098.179077,1437.699585,-4614.534180,-1091.818726,1562.584106,-4628.143555,-1121.247559,1467.161987,-4564.754395,-1105.838867,1604.208984,-4602.054199,,,,,,,,,,,,,2616.287109,1567.730347,-3159.781494,,,,,,,,,,,,,377.567688,1502.860352,-4141.856934,,,,,,,,,,,,,,,,,,
5564,55.640000,0.000000,0.000000,0.000000,1.000000,0.000000,0.000000,0.000000,57.698101,20.499701,-14.700500,0.047771,-0.013570,0.015998,-15.666301,-52.738201,18.801300,-93.396698,0.129960,17.611099,-0.182931,-0.475644,-0.680147,0.526972,-1104.270996,1517.913574,-4602.371582,-1098.179077,1437.699585,-4614.534180,-1091.818726,1562.584106,-4628.143555,-1121.247559,1467.161987,-4564.754395,-1105.838867,1604.208984,-4602.054199,,,,,,,,,,,,,2616.295654,1567.774780,-3159.782715,,,,,,,,,,,,,381.001190,1503.683594,-4138.889160,,,,,,,,,,,,,,,,,,
5565,55.650000,0.000000,0.000000,0.000000,1.000000,0.000000,0.000000,0.000000,57.698101,20.499701,-14.700500,0.047771,-0.013570,0.015998,-15.666301,-52.738201,18.801300,-93.396698,0.129960,17.611099,-0.182931,-0.475644,-0.680147,0.526972,-1104.270996,1517.913574,-4602.371582,-1098.179077,1437.699585,-4614.534180,-1091.818726,1562.584106,-4628.143555,-1121.247559,1467.161987,-4564.754395,-1105.838867,1604.208984,-4602.054199,,,,,,,,,,,,,2616.283203,1567.784180,-3159.806641,,,,,,,,,,,,,383.881744,1504.266479,-4136.214844,,,,,,,,,,,,,,,,,,
5566,55.660000,0.000000,0.000000,0.000000,1.000000,0.000000,0.000000,0.000000,57.698101,20.499701,-14.700500,0.047771,-0.013570,0.015998,-15.666301,-52.738201,18.801300,-93.396698,0.129960,17.611099,-0.182931,-0.475644,-0.680147,0.526972,-1104.270996,1517.913574,-4602.371582,-1098.179077,1437.699585,-4614.534180,-1091.818726,1562.584106,-4628.143555,-1121.247559,1467.161987,-4564.754395,-1105.838867,1604.208984,-4602.054199,,,,,,,,,,,,,2616.303711,1567.767944,-3159.785400,,,,,,,,,,,,,386.185699,1504.443237,-4134.080566,,,,,,,,,,,,,,,,,,
5567,55.670000,0.000000,0.000000,0.000000,1.000000,0.000000,0.000000,0.000000,57.698101,20.499701,-14.700500,0.047771,-0.013570,0.015998,-15.666301,-52.738201,18.801300,-93.396698,0.129960,17.611099,-0.182931,-0.475644,-0.680147,0.526972,-1104.270996,1517.913574,-4602.371582,-1098.179077,1437.699585,-4614.534180,-1091.818726,1562.584106,-4628.143555,-1121.247559,1467.161987,-4564.754395,-1105.838867,1604.208984,-4602.054199,,,,,,,,,,,,,2616.318848,1567.719849,-3159.769531,,,,,,,,,,,,,387.977417,1504.317627,-4132.062988,,,,,,,,,,,,,,,,,,
5568,55.680000,0.000000,0.000000,0.000000,1.000000,0.000000,0.000000,0.000000,57.698101,20.499701,-14.700500,0.047771,-0.013570,0.015998,-15.666301,-52.738201,18.801300,-93.396698,0.129960,17.611099,-0.182931,-0.475644,-0.680147,0.526972,-1104.270996,1517.913574,-4602.371582,-1098.179077,1437.699585,-4614.534180,-1091.818726,1562.584106,-4628.143555,-1121.247559,1467.161987,-4564.754395,-1105.838867,1604.208984,-4602.054199,,,,,,,,,,,,,2616.291016,1567.750244,-3159.772949,,,,,,,,,,,,,390.321808,1504.312988,-4129.757324,,,,,,,,,,,,,,,,,,
5569,55.690000,0.000000,0.000000,0.000000,1.000000,0.000000,0.000000,0.000000,57.698101,20.499701,-14.700500,0.047771,-0.013570,0.015998,-15.666301,-52.738201,18.801300,-93.396698,0.129960,17.611099,-0.182931,-0.475644,-0.680147,0.526972,-1104.270996,1517.913574,-4602.371582,-1098.179077,1437.699585,-4614.534180,-1091.818726,1562.584106,-4628.143555,-1121.247559,1467.161987,-4564.754395,-1105.838867,1604.208984,-4602.054199,,,,,,,,,,,,,2616.300049,1567.781128,-3159.785645,,,,,,,,,,,,,392.593842,1504.414795,-4127.312012,,,,,,,,,,,,,,,,,,
5570,55.700000,0.000000,0.000000,0.000000,1.000000,0.000000,0.000000,0.000000,57.698101,20.499701,-14.700500,0.047771,-0.013570,0.015998,-15.666301,-52.738201,18.801300,-93.396698,0.129960,17.611099,-0.182931,-0.475644,-0.680147,0.526972,-1104.270996,1517.913574,-4602.371582,-1098.179077,1437.699585,-4614.534180,-1091.818726,1562.584106,-4628.143555,-1121.247559,1467.161987,-4564.754395,-1105.838867,1604.208984,-4602.054199,,,,,,,,,,,,,2616.294922,1567.756592,-3159.783936,,,,,,,,,,,,,394.746185,1504.499023,-4125.074219,,,,,,,,,,,,,,,,,,
5571,55.710000,0.000000,0.000000,0.000000,1.000000,0.000000,0.000000,0.000000,57.698101,20.499701,-14.700500,0.047771,-0.013570,0.015998,-15.666301,-52.738201,18.801300,-93.396698,0.129960,17.611099,-0.182931,-0.475644,-0.680147,0.526972,-1104.270996,1517.913574,-4602.371582,-1098.179077,1437.699585,-4614.534180,-1091.818726,1562.584106,-4628.143555,-1121.247559,1467.161987,-4564.754395,-1105.838867,1604.208984,-4602.054199,,,,,,,,,,,,,2616.272217,1567.736572,-3159.783936,,,,,,,,,,,,,396.893616,1504.155884,-4122.773438,,,,,,,,,,,,,,,,,,
5572,55.720000,0.000000,0.000000,0.000000,1.000000,0.000000,0.000000,0.000000,57.698101,20.499701,-14.700500,0.047771,-0.013570,0.015998,-15.666301,-52.738201,18.801300,-93.396698,0.129960,17.611099,-0.182931,-0.475644,-0.680147,0.526972,-1104.270996,1517.913574,-4602.371582,-1098.179077,1437.699585,-4614.534180,-1091.818726,1562.584106,-4628.143555,-1121.247559,1467.161987,-4564.754395,-1105.838867,1604.208984,-4602.054199,,,,,,,,,,,,,2616.273438,1567.788208,-3159.791992,,,,,,,,,,,,,400.035858,1504.332031,-4119.739258,,,,,,,,,,,,,,,,,,
5573,55.730000,0.000000,0.000000,0.000000,1.000000,0.000000,0.000000,0.000000,57.698101,20.499701,-14.700500,0.047771,-0.013570,0.015998,-15.666301,-52.738201,18.801300,-93.396698,0.129960,17.611099,-0.182931,-0.475644,-0.680147,0.526972,-1104.270996,1517.913574,-4602.371582,-1098.179077,1437.699585,-4614.534180,-1091.818726,1562.584106,-4628.143555,-1121.247559,1467.161987,-4564.754395,-1105.838867,1604.208984,-4602.054199,,,,,,,,,,,,,2616.269043,1567.747070,-3159.787109,,,,,,,,,,,,,401.860901,1503.810913,-4117.680176,,,,,,,,,,,,,,,,,,
5574,55.740000,0.000000,0.000000,0.000000,1.000000,0.000000,0.000000,0.000000,57.698101,20.499701,-14.700500,0.047771,-0.013570,0.015998,-15.666301,-52.738201,18.801300,-93.396698,0.129960,17.611099,-0.182931,-0.475644,-0.680147,0.526972,-1104.270996,1517.913574,-4602.371582,-1098.179077,1437.699585,-4614.534180,-1091.818726,1562.584106,-4628.143555,-1121.247559,1467.161987,-4564.754395,-1105.838867,1604.208984,-4602.054199,,,,,,,,,,,,,2616.290283,1567.741943,-3159.772217,,,,,,,,,,,,,404.855896,1504.042236,-4114.732910,,,,,,,,,,,,,,,,,,
5575,55.750000,0.000000,0.000000,0.000000,1.000000,0.000000,0.000000,0.000000,57.698101,20.499701,-14.700500,0.047771,-0.013570,0.015998,-15.666301,-52.738201,18.801300,-93.396698,0.129960,17.611099,-0.182931,-0.475644,-0.680147,0.526972,-1104.270996,1517.913574,-4602.371582,-1098.179077,1437.699585,-4614.534180,-1091.818726,1562.584106,-4628.143555,-1121.247559,1467.161987,-4564.754395,-1105.838867,1604.208984,-4602.054199,,,,,,,,,,,,,2616.312256,1567.765137,-3159.775146,,,,,,,,,,,,,407.157349,1503.853271,-4112.017090,,,,,,,,,,,,,,,,,,
5576,55.760000,0.000000,0.000000,0.000000,1.000000,0.000000,0.000000,0.000000,57.698101,20.499701,-14.700500,0.047771,-0.013570,0.015998,-15.666301,-52.738201,18.801300,-93.396698,0.129960,17.611099,-0.182931,-0.475644,-0.680147,0.526972,-1104.270996,1517.913574,-4602.371582,-1098.179077,1437.699585,-4614.534180,-1091.818726,1562.584106,-4628.143555,-1121.247559,1467.161987,-4564.754395,-1105.838867,1604.208984,-4602.054199,,,,,,,,,,,,,2616.309082,1567.761353,-3159.778320,,,,,,,,,,,,,409.663300,1503.779907,-4109.385254,,,,,,,,,,,,,,,,,,
5577,55.770000,0.000000,0.000000,0.000000,1.000000,0.000000,0.000000,0.000000,57.698101,20.499701,-14.700500,0.047771,-0.013570,0.015998,-15.666301,-52.738201,18.801300,-93.396698,0.129960,17.611099,-0.182931,-0.475644,-0.680147,0.526972,-1104.270996,1517.913574,-4602.371582,-1098.179077,1437.699585,-4614.534180,-1091.818726,1562.584106,-4628.143555,-1121.247559,1467.161987,-4564.754395,-1105.838867,1604.208984,-4602.054199,,,,,,,,,,,,,2616.291260,1567.805054,-3159.785889,,,,,,,,,,,,,411.819000,1503.544556,-4106.941895,,,,,,,,,,,,,,,,,,
5578,55.780000,0.000000,0.000000,0.000000,1.000000,0.000000,0.000000,0.000000,57.698101,20.499701,-14.700500,0.047771,-0.013570,0.015998,-15.666301,-52.738201,18.801300,-93.396698,0.129960,17.611099,-0.182931,-0.475644,-0.680147,0.526972,-1104.270996,1517.913574,-4602.371582,-1098.179077,1437.699585,-4614.534180,-1091.818726,1562.584106,-4628.143555,-1121.247559,1467.161987,-4564.754395,-1105.838867,1604.208984,-4602.054199,,,,,,,,,,,,,2616.244385,1567.787354,-3159.805908,,,,,,,,,,,,,414.010834,1503.223022,-4104.440918,,,,,,,,,,,,,,,,,,
5579,55.790000,0.000000,0.000000,0.000000,1.000000,0.000000,0.000000,0.000000,57.698101,20.499701,-14.700500,0.047771,-0.013570,0.015998,-15.666301,-52.738201,18.801300,-93.396698,0.129960,17.611099,-0.182931,-0.475644,-0.680147,0.526972,-1104.270996,1517.913574,-4602.371582,-1098.179077,1437.699585,-4614.534180,-1091.818726,1562.584106,-4628.143555,-1121.247559,1467.161987,-4564.754395,-1105.838867,1604.208984,-4602.054199,,,,,,,,,,,,,2616.238281,1567.781006,-3159.805176,,,,,,,,,,,,,416.169403,1502.742432,-4102.073242,,,,,,,,,,,,,,,,,,
5580,55.800000,0.000000,0.000000,0.000000,1.000000,0.000000,0.000000,0.000000,57.698101,20.499701,-14.700500,0.047771,-0.013570,0.015998,-15.666301,-52.738201,18.801300,-93.396698,0.129960,17.611099,-0.182931,-0.475644,-0.680147,0.526972,-1104.270996,1517.913574,-4602.371582,-1098.179077,1437.699585,-4614.534180,-1091.818726,1562.584106,-4628.143555,-1121.247559,1467.161987,-4564.754395,-1105.838867,1604.208984,-4602.054199,,,,,,,,,,,,,2616.260742,1567.726562,-3159.794922,,,,,,,,,,,,,418.099121,1502.135254,-4099.909668,,,,,,,,,,,,,,,,,,
5581,55.810000,0.000000,0.000000,0.000000,1.000000,0.000000,0.000000,0.000000,57.698101,20.499701,-14.700500,0.047771,-0.013570,0.015998,-15.666301,-52.738201,18.801300,-93.396698,0.129960,17.611099,-0.182931,-0.475644,-0.680147,0.526972,-1104.270996,1517.913574,-4602.371582,-1098.179077,1437.699585,-4614.534180,-1091.818726,1562.584106,-4628.143555,-1121.247559,1467.161987,-4564.754395,-1105.838867,1604.208984,-4602.054199,,,,,,,,,,,,,2616.300293,1567.717773,-3159.767090,,,,,,,,,,,,,420.048523,1501.760986,-4097.694824,,,,,,,,,,,,,,,,,,
5582,55.820000,0.000000,0.000000,0.000000,1.000000,0.000000,0.000000,0.000000,57.698101,20.499701,-14.700500,0.047771,-0.013570,0.015998,-15.666301,-52.738201,18.801300,-93.396698,0.129960,17.611099,-0.182931,-0.475644,-0.680147,0.526972,-1104.270996,1517.913574,-4602.371582,-1098.179077,1437.699585,-4614.534180,-1091.818726,1562.584106,-4628.143555,-1121.247559,1467.161987,-4564.754395,-1105.838867,1604.208984,-4602.054199,,,,,,,,,,,,,2616.279053,1567.745361,-3159.779785,,,,,,,,,,,,,421.807068,1501.452759,-4095.457520,,,,,,,,,,,,,,,,,,
5583,55.830000,0.000000,0.000000,0.000000,1.000000,0.000000,0.000000,0.000000,57.698101,20.499701,-14.700500,0.047771,-0.013570,0.015998,-15.666301,-52.738201,18.801300,-93.396698,0.129960,17.611099,-0.182931,-0.475644,-0.680147,0.526972,-1104.270996,1517.913574,-4602.371582,-1098.179077,1437.699585,-4614.534180,-1091.818726,1562.584106,-4628.143555,-1121.247559,1467.161987,-4564.754395,-1105.838867,1604.208984,-4602.054199,,,,,,,,,,,,,2616.291260,1567.783691,-3159.795166,,,,,,,,,,,,,423.377075,1500.974731,-4093.645020,,,,,,,,,,,,,,,,,,
5584,55.840000,0.000000,0.000000,0.000000,1.000000,0.000000,0.000000,0.000000,57.698101,20.499701,-14.700500,0.047771,-0.013570,0.015998,-15.666301,-52.738201,18.801300,-93.396698,0.129960,17.611099,-0.182931,-0.475644,-0.680147,0.526972,-1104.270996,1517.913574,-4602.371582,-1098.179077,1437.699585,-4614.534180,-1091.818726,1562.584106,-4628.143555,-1121.247559,1467.161987,-4564.754395,-1105.838867,1604.208984,-4602.054199,,,,,,,,,,,,,2616.281738,1567.756226,-3159.790771,,,,,,,,,,,,,425.628326,1500.610718,-4091.185059,,,,,,,,,,,,,,,,,,
5585,55.850000,0.000000,0.000000,0.000000,1.000000,0.000000,0.000000,0.000000,57.698101,20.499701,-14.700500,0.047771,-0.013570,0.015998,-15.666301,-52.738201,18.801300,-93.396698,0.129960,17.611099,-0.182931,-0.475644,-0.680147,0.526972,-1104.270996,1517.913574,-4602.371582,-1098.179077,1437.699585,-4614.534180,-1091.818726,1562.584106,-4628.143555,-1121.247559,1467.161987,-4564.754395,-1105.838867,1604.208984,-4602.054199,,,,,,,,,,,,,2616.302002,1567.740845,-3159.774658,,,,,,,,,,,,,427.734436,1500.223755,-4089.073730,,,,,,,,,,,,,,,,,,
5586,55.860000,0.000000,0.000000,0.000000,1.000000,0.000000,0.000000,0.000000,57.698101,20.499701,-14.700500,0.047771,-0.013570,0.015998,-15.666301,-52.738201,18.801300,-93.396698,0.129960,17.611099,-0.182931,-0.475644,-0.680147,0.526972,-1104.270996,1517.913574,-4602.371582,-1098.179077,1437.699585,-4614.534180,-1091.818726,1562.584106,-4628.143555,-1121.247559,1467.161987,-4564.754395,-1105.838867,1604.208984,-4602.054199,,,,,,,,,,,,,2616.316162,1567.719604,-3159.764648,,,,,,,,,,,,,429.762451,1500.017822,-4086.921631,,,,,,,,,,,,,,,,,,
5587,55.870000,0.000000,0.000000,0.000000,1.000000,0.000000,0.000000,0.000000,57.698101,20.499701,-14.700500,0.047771,-0.013570,0.015998,-15.666301,-52.738201,18.801300,-93.396698,0.129960,17.611099,-0.182931,-0.475644,-0.680147,0.526972,-1104.270996,1517.913574,-4602.371582,-1098.179077,1437.699585,-4614.534180,-1091.818726,1562.584106,-4628.143555,-1121.247559,1467.161987,-4564.754395,-1105.838867,1604.208984,-4602.054199,,,,,,,,,,,,,2616.281250,1567.715454,-3159.772461,,,,,,,,,,,,,431.621155,1499.923584,-4084.832275,,,,,,,,,,,,,,,,,,
5588,55.880000,0.000000,0.000000,0.000000,1.000000,0.000000,0.000000,0.000000,57.698101,20.499701,-14.700500,0.047771,-0.013570,0.015998,-15.666301,-52.738201,18.801300,-93.396698,0.129960,17.611099,-0.182931,-0.475644,-0.680147,0.526972,-1104.270996,1517.913574,-4602.371582,-1098.179077,1437.699585,-4614.534180,-1091.818726,1562.584106,-4628.143555,-1121.247559,1467.161987,-4564.754395,-1105.838867,1604.208984,-4602.054199,,,,,,,,,,,,,2616.304932,1567.767090,-3159.784912,,,,,,,,,,,,,433.591888,1499.833252,-4082.595703,,,,,,,,,,,,,,,,,,
5589,55.890000,0.000000,0.000000,0.000000,1.000000,0.000000,0.000000,0.000000,57.698101,20.499701,-14.700500,0.047771,-0.013570,0.015998,-15.666301,-52.738201,18.801300,-93.396698,0.129960,17.611099,-0.182931,-0.475644,-0.680147,0.526972,-1104.270996,1517.913574,-4602.371582,-1098.179077,1437.699585,-4614.534180,-1091.818726,1562.584106,-4628.143555,-1121.247559,1467.161987,-4564.754395,-1105.838867,1604.208984,-4602.054199,,,,,,,,,,,,,2616.278809,1567.745117,-3159.793701,,,,,,,,,,,,,435.687286,1499.691650,-4080.593994,,,,,,,,,,,,,,,,,,
5590,55.900000,0.000000,0.000000,0.000000,1.000000,0.000000,0.000000,0.000000,57.698101,20.499701,-14.700500,0.047771,-0.013570,0.015998,-15.666301,-52.738201,18.801300,-93.396698,0.129960,17.611099,-0.182931,-0.475644,-0.680147,0.526972,-1104.270996,1517.913574,-4602.371582,-1098.179077,1437.699585,-4614.534180,-1091.818726,1562.584106,-4628.143555,-1121.247559,1467.161987,-4564.754395,-1105.838867,1604.208984,-4602.054199,,,,,,,,,,,,,2616.307617,1567.742432,-3159.771973,,,,,,,,,,,,,438.093811,1499.560547,-4078.466797,,,,,,,,,,,,,,,,,,
5591,55.910000,0.000000,0.000000,0.000000,1.000000,0.000000,0.000000,0.000000,57.698101,20.499701,-14.700500,0.047771,-0.013570,0.015998,-15.666301,-52.738201,18.801300,-93.396698,0.129960,17.611099,-0.182931,-0.475644,-0.680147,0.526972,-1104.270996,1517.913574,-4602.371582,-1098.179077,1437.699585,-4614.534180,-1091.818726,1562.584106,-4628.143555,-1121.247559,1467.161987,-4564.754395,-1105.838867,1604.208984,-4602.054199,,,,,,,,,,,,,2616.298584,1567.753540,-3159.771973,,,,,,,,,,,,,440.159210,1499.431396,-4076.569092,,,,,,,,,,,,,,,,,,
5592,55.920000,0.000000,0.000000,0.000000,1.000000,0.000000,0.000000,0.000000,57.698101,20.499701,-14.700500,0.047771,-0.013570,0.015998,-15.666301,-52.738201,18.801300,-93.396698,0.129960,17.611099,-0.182931,-0.475644,-0.680147,0.526972,-1104.270996,1517.913574,-4602.371582,-1098.179077,1437.699585,-4614.534180,-1091.818726,1562.584106,-4628.143555,-1121.247559,1467.161987,-4564.754395,-1105.838867,1604.208984,-4602.054199,,,,,,,,,,,,,2616.285400,1567.730225,-3159.778564,,,,,,,,,,,,,442.403107,1499.357544,-4074.522461,,,,,,,,,,,,,,,,,,
5593,55.930000,0.000000,0.000000,0.000000,1.000000,0.000000,0.000000,0.000000,57.698101,20.499701,-14.700500,0.047771,-0.013570,0.015998,-15.666301,-52.738201,18.801300,-93.396698,0.129960,17.611099,-0.182931,-0.475644,-0.680147,0.526972,-1104.270996,1517.913574,-4602.371582,-1098.179077,1437.699585,-4614.534180,-1091.818726,1562.584106,-4628.143555,-1121.247559,1467.161987,-4564.754395,-1105.838867,1604.208984,-4602.054199,,,,,,,,,,,,,2616.297607,1567.757080,-3159.785156,,,,,,,,,,,,,444.491364,1499.263062,-4072.541260,,,,,,,,,,,,,,,,,,
5594,55.940000,0.000000,0.000000,0.000000,1.000000,0.000000,0.000000,0.000000,57.698101,20.499701,-14.700500,0.047771,-0.013570,0.015998,-15.666301,-52.738201,18.801300,-93.396698,0.129960,17.611099,-0.182931,-0.475644,-0.680147,0.526972,-1104.270996,1517.913574,-4602.371582,-1098.179077,1437.699585,-4614.534180,-1091.818726,1562.584106,-4628.143555,-1121.247559,1467.161987,-4564.754395,-1105.838867,1604.208984,-4602.054199,,,,,,,,,,,,,2616.276367,1567.767700,-3159.792236,,,,,,,,,,,,,445.576935,1498.560669,-4071.507080,,,,,,,,,,,,,,,,,,
5595,55.950000,0.000000,0.000000,0.000000,1.000000,0.000000,0.000000,0.000000,57.698101,20.499701,-14.700500,0.047771,-0.013570,0.015998,-15.666301,-52.738201,18.801300,-93.396698,0.129960,17.611099,-0.182931,-0.475644,-0.680147,0.526972,-1104.270996,1517.913574,-4602.371582,-1098.179077,1437.699585,-4614.534180,-1091.818726,1562.584106,-4628.143555,-1121.247559,1467.161987,-4564.754395,-1105.838867,1604.208984,-4602.054199,,,,,,,,,,,,,2616.273438,1567.776489,-3159.800537,,,,,,,,,,,,,448.382080,1498.902832,-4069.052246,,,,,,,,,,,,,,,,,,
5596,55.960000,0.000000,0.000000,0.000000,1.000000,0.000000,0.000000,0.000000,57.698101,20.499701,-14.700500,0.047771,-0.013570,0.015998,-15.666301,-52.738201,18.801300,-93.396698,0.129960,17.611099,-0.182931,-0.475644,-0.680147,0.526972,-1104.270996,1517.913574,-4602.371582,-1098.179077,1437.699585,-4614.534180,-1091.818726,1562.584106,-4628.143555,-1121.247559,1467.161987,-4564.754395,-1105.838867,1604.208984,-4602.054199,,,,,,,,,,,,,2616.281250,1567.758179,-3159.792480,,,,,,,,,,,,,448.976257,1498.056030,-4068.302246,,,,,,,,,,,,,,,,,,
5597,55.970000,0.000000,0.000000,0.000000,1.000000,0.000000,0.000000,0.000000,57.698101,20.499701,-14.700500,0.047771,-0.013570,0.015998,-15.666301,-52.738201,18.801300,-93.396698,0.129960,17.611099,-0.182931,-0.475644,-0.680147,0.526972,-1104.270996,1517.913574,-4602.371582,-1098.179077,1437.699585,-4614.534180,-1091.818726,1562.584106,-4628.143555,-1121.247559,1467.161987,-4564.754395,-1105.838867,1604.208984,-4602.054199,,,,,,,,,,,,,2616.287109,1567.718506,-3159.776855,,,,,,,,,,,,,450.454346,1497.450562,-4066.818359,,,,,,,,,,,,,,,,,,
5598,55.980000,0.000000,0.000000,0.000000,1.000000,0.000000,0.000000,0.000000,57.698101,20.499701,-14.700500,0.047771,-0.013570,0.015998,-15.666301,-52.738201,18.801300,-93.396698,0.129960,17.611099,-0.182931,-0.475644,-0.680147,0.526972,-1104.270996,1517.913574,-4602.371582,-1098.179077,1437.699585,-4614.534180,-1091.818726,1562.584106,-4628.143555,-1121.247559,1467.161987,-4564.754395,-1105.838867,1604.208984,-4602.054199,,,,,,,,,,,,,2616.283936,1567.718262,-3159.775146,,,,,,,,,,,,,453.033783,1497.750732,-4064.548584,,,,,,,,,,,,,,,,,,
5599,55.990000,0.000000,0.000000,0.000000,1.000000,0.000000,0.000000,0.000000,57.698101,20.499701,-14.700500,0.047771,-0.013570,0.015998,-15.666301,-52.738201,18.801300,-93.396698,0.129960,17.611099,-0.182931,-0.475644,-0.680147,0.526972,-1104.270996,1517.913574,-4602.371582,-1098.179077,1437.699585,-4614.534180,-1091.818726,1562.584106,-4628.143555,-1121.247559,1467.161987,-4564.754395,-1105.838867,1604.208984,-4602.054199,,,,,,,,,,,,,2616.270996,1567.741821,-3159.775635,,,,,,,,,,,,,454.915588,1497.673828,-4062.935303,,,,,,,,,,,,,,,,,,
5600,56.000000,0.000000,0.000000,0.000000,1.000000,0.000000,0.000000,0.000000,57.698101,20.499701,-14.700500,0.047771,-0.013570,0.015998,-15.666301,-52.738201,18.801300,-93.396698,0.129960,17.611099,-0.182931,-0.475644,-0.680147,0.526972,-1104.270996,1517.913574,-4602.371582,-1098.179077,1437.699585,-4614.534180,-1091.818726,1562.584106,-4628.143555,-1121.247559,1467.161987,-4564.754395,-1105.838867,1604.208984,-4602.054199,,,,,,,,,,,,,2616.284912,1567.779297,-3159.798096,,,,,,,,,,,,,456.640259,1497.498657,-4061.537354,,,,,,,,,,,,,,,,,,
5601,56.010000,0.000000,0.000000,0.000000,1.000000,0.000000,0.000000,0.000000,57.698101,20.499701,-14.700500,0.047771,-0.013570,0.015998,-15.666301,-52.738201,18.801300,-93.396698,0.129960,17.611099,-0.182931,-0.475644,-0.680147,0.526972,-1104.270996,1517.913574,-4602.371582,-1098.179077,1437.699585,-4614.534180,-1091.818726,1562.584106,-4628.143555,-1121.247559,1467.161987,-4564.754395,-1105.838867,1604.208984,-4602.054199,,,,,,,,,,,,,2616.281494,1567.762573,-3159.788574,,,,,,,,,,,,,458.601196,1497.481201,-4059.920410,,,,,,,,,,,,,,,,,,
5602,56.020000,0.000000,0.000000,0.000000,1.000000,0.000000,0.000000,0.000000,57.698101,20.499701,-14.700500,0.047771,-0.013570,0.015998,-15.666301,-52.738201,18.801300,-93.396698,0.129960,17.611099,-0.182931,-0.475644,-0.680147,0.526972,-1104.270996,1517.913574,-4602.371582,-1098.179077,1437.699585,-4614.534180,-1091.818726,1562.584106,-4628.143555,-1121.247559,1467.161987,-4564.754395,-1105.838867,1604.208984,-4602.054199,,,,,,,,,,,,,2616.299805,1567.741455,-3159.785156,,,,,,,,,,,,,460.797760,1497.531128,-4058.145996,,,,,,,,,,,,,,,,,,
5603,56.030000,0.000000,0.000000,0.000000,1.000000,0.000000,0.000000,0.000000,57.698101,20.499701,-14.700500,0.047771,-0.013570,0.015998,-15.666301,-52.738201,18.801300,-93.396698,0.129960,17.611099,-0.182931,-0.475644,-0.680147,0.526972,-1104.270996,1517.913574,-4602.371582,-1098.179077,1437.699585,-4614.534180,-1091.818726,1562.584106,-4628.143555,-1121.247559,1467.161987,-4564.754395,-1105.838867,1604.208984,-4602.054199,,,,,,,,,,,,,2616.282471,1567.759521,-3159.781006,,,,,,,,,,,,,463.172333,1497.442505,-4056.343506,,,,,,,,,,,,,,,,,,
5604,56.040000,0.000000,0.000000,0.000000,1.000000,0.000000,0.000000,0.000000,57.698101,20.499701,-14.700500,0.047771,-0.013570,0.015998,-15.666301,-52.738201,18.801300,-93.396698,0.129960,17.611099,-0.182931,-0.475644,-0.680147,0.526972,-1104.270996,1517.913574,-4602.371582,-1098.179077,1437.699585,-4614.534180,-1091.818726,1562.584106,-4628.143555,-1121.247559,1467.161987,-4564.754395,-1105.838867,1604.208984,-4602.054199,,,,,,,,,,,,,2616.306641,1567.741455,-3159.762207,,,,,,,,,,,,,465.485260,1497.344849,-4054.677979,,,,,,,,,,,,,,,,,,
5605,56.050000,0.000000,0.000000,0.000000,1.000000,0.000000,0.000000,0.000000,57.698101,20.499701,-14.700500,0.047771,-0.013570,0.015998,-15.666301,-52.738201,18.801300,-93.396698,0.129960,17.611099,-0.182931,-0.475644,-0.680147,0.526972,-1104.270996,1517.913574,-4602.371582,-1098.179077,1437.699585,-4614.534180,-1091.818726,1562.584106,-4628.143555,-1121.247559,1467.161987,-4564.754395,-1105.838867,1604.208984,-4602.054199,,,,,,,,,,,,,2616.319580,1567.751221,-3159.774902,,,,,,,,,,,,,467.579529,1497.138184,-4053.248779,,,,,,,,,,,,,,,,,,
5606,56.060000,0.000000,0.000000,0.000000,1.000000,0.000000,0.000000,0.000000,57.698101,20.499701,-14.700500,0.047771,-0.013570,0.015998,-15.666301,-52.738201,18.801300,-93.396698,0.129960,17.611099,-0.182931,-0.475644,-0.680147,0.526972,-1104.270996,1517.913574,-4602.371582,-1098.179077,1437.699585,-4614.534180,-1091.818726,1562.584106,-4628.143555,-1121.247559,1467.161987,-4564.754395,-1105.838867,1604.208984,-4602.054199,,,,,,,,,,,,,2616.303711,1567.780029,-3159.779541,,,,,,,,,,,,,469.420868,1496.851562,-4051.873291,,,,,,,,,,,,,,,,,,
5607,56.070000,0.000000,0.000000,0.000000,1.000000,0.000000,0.000000,0.000000,57.698101,20.499701,-14.700500,0.047771,-0.013570,0.015998,-15.666301,-52.738201,18.801300,-93.396698,0.129960,17.611099,-0.182931,-0.475644,-0.680147,0.526972,-1104.270996,1517.913574,-4602.371582,-1098.179077,1437.699585,-4614.534180,-1091.818726,1562.584106,-4628.143555,-1121.247559,1467.161987,-4564.754395,-1105.838867,1604.208984,-4602.054199,,,,,,,,,,,,,2616.284424,1567.772339,-3159.791260,,,,,,,,,,,,,470.980225,1496.483887,-4050.890869,,,,,,,,,,,,,,,,,,
5608,56.080000,0.000000,0.000000,0.000000,1.000000,0.000000,0.000000,0.000000,57.698101,20.499701,-14.700500,0.047771,-0.013570,0.015998,-15.666301,-52.738201,18.801300,-93.396698,0.129960,17.611099,-0.182931,-0.475644,-0.680147,0.526972,-1104.270996,1517.913574,-4602.371582,-1098.179077,1437.699585,-4614.534180,-1091.818726,1562.584106,-4628.143555,-1121.247559,1467.161987,-4564.754395,-1105.838867,1604.208984,-4602.054199,,,,,,,,,,,,,2616.261719,1567.783813,-3159.795166,,,,,,,,,,,,,472.324341,1496.116333,-4049.954834,,,,,,,,,,,,,,,,,,
5609,56.090000,0.000000,0.000000,0.000000,1.000000,0.000000,0.000000,0.000000,57.698101,20.499701,-14.700500,0.047771,-0.013570,0.015998,-15.666301,-52.738201,18.801300,-93.396698,0.129960,17.611099,-0.182931,-0.475644,-0.680147,0.526972,-1104.270996,1517.913574,-4602.371582,-1098.179077,1437.699585,-4614.534180,-1091.818726,1562.584106,-4628.143555,-1121.247559,1467.161987,-4564.754395,-1105.838867,1604.208984,-4602.054199,,,,,,,,,,,,,2616.276367,1567.765015,-3159.790527,,,,,,,,,,,,,474.446259,1495.899902,-4048.520020,,,,,,,,,,,,,,,,,,
5610,56.100000,0.000000,0.000000,0.000000,1.000000,0.000000,0.000000,0.000000,57.698101,20.499701,-14.700500,0.047771,-0.013570,0.015998,-15.666301,-52.738201,18.801300,-93.396698,0.129960,17.611099,-0.182931,-0.475644,-0.680147,0.526972,-1104.270996,1517.913574,-4602.371582,-1098.179077,1437.699585,-4614.534180,-1091.818726,1562.584106,-4628.143555,-1121.247559,1467.161987,-4564.754395,-1105.838867,1604.208984,-4602.054199,,,,,,,,,,,,,2616.312500,1567.737549,-3159.785889,,,,,,,,,,,,,477.085083,1495.815430,-4046.800049,,,,,,,,,,,,,,,,,,
5611,56.110000,0.000000,0.000000,0.000000,1.000000,0.000000,0.000000,0.000000,57.698101,20.499701,-14.700500,0.047771,-0.013570,0.015998,-15.666301,-52.738201,18.801300,-93.396698,0.129960,17.611099,-0.182931,-0.475644,-0.680147,0.526972,-1104.270996,1517.913574,-4602.371582,-1098.179077,1437.699585,-4614.534180,-1091.818726,1562.584106,-4628.143555,-1121.247559,1467.161987,-4564.754395,-1105.838867,1604.208984,-4602.054199,,,,,,,,,,,,,2616.265869,1567.745361,-3159.778320,,,,,,,,,,,,,479.652618,1495.759399,-4045.167480,,,,,,,,,,,,,,,,,,
5612,56.120000,0.000000,0.000000,0.000000,1.000000,0.000000,0.000000,0.000000,57.698101,20.499701,-14.700500,0.047771,-0.013570,0.015998,-15.666301,-52.738201,18.801300,-93.396698,0.129960,17.611099,-0.182931,-0.475644,-0.680147,0.526972,-1104.270996,1517.913574,-4602.371582,-1098.179077,1437.699585,-4614.534180,-1091.818726,1562.584106,-4628.143555,-1121.247559,1467.161987,-4564.754395,-1105.838867,1604.208984,-4602.054199,,,,,,,,,,,,,2616.302246,1567.764648,-3159.788330,,,,,,,,,,,,,481.944672,1495.533936,-4043.811768,,,,,,,,,,,,,,,,,,
5613,56.130000,0.000000,0.000000,0.000000,1.000000,0.000000,0.000000,0.000000,57.698101,20.499701,-14.700500,0.047771,-0.013570,0.015998,-15.666301,-52.738201,18.801300,-93.396698,0.129960,17.611099,-0.182931,-0.475644,-0.680147,0.526972,-1104.270996,1517.913574,-4602.371582,-1098.179077,1437.699585,-4614.534180,-1091.818726,1562.584106,-4628.143555,-1121.247559,1467.161987,-4564.754395,-1105.838867,1604.208984,-4602.054199,,,,,,,,,,,,,2616.319824,1567.742310,-3159.770264,,,,,,,,,,,,,484.263214,1495.402100,-4042.352783,,,,,,,,,,,,,,,,,,
5614,56.140000,0.000000,0.000000,0.000000,1.000000,0.000000,0.000000,0.000000,57.698101,20.499701,-14.700500,0.047771,-0.013570,0.015998,-15.666301,-52.738201,18.801300,-93.396698,0.129960,17.611099,-0.182931,-0.475644,-0.680147,0.526972,-1104.270996,1517.913574,-4602.371582,-1098.179077,1437.699585,-4614.534180,-1091.818726,1562.584106,-4628.143555,-1121.247559,1467.161987,-4564.754395,-1105.838867,1604.208984,-4602.054199,,,,,,,,,,,,,2616.340820,1567.735107,-3159.755615,,,,,,,,,,,,,485.997223,1495.062744,-4041.240234,,,,,,,,,,,,,,,,,,
5615,56.150000,0.000000,0.000000,0.000000,1.000000,0.000000,0.000000,0.000000,57.698101,20.499701,-14.700500,0.047771,-0.013570,0.015998,-15.666301,-52.738201,18.801300,-93.396698,0.129960,17.611099,-0.182931,-0.475644,-0.680147,0.526972,-1104.270996,1517.913574,-4602.371582,-1098.179077,1437.699585,-4614.534180,-1091.818726,1562.584106,-4628.143555,-1121.247559,1467.161987,-4564.754395,-1105.838867,1604.208984,-4602.054199,,,,,,,,,,,,,2616.272217,1567.764648,-3159.775146,,,,,,,,,,,,,487.445312,1494.463623,-4040.321777,,,,,,,,,,,,,,,,,,
5616,56.160000,0.000000,0.000000,0.000000,1.000000,0.000000,0.000000,0.000000,57.698101,20.499701,-14.700500,0.047771,-0.013570,0.015998,-15.666301,-52.738201,18.801300,-93.396698,0.129960,17.611099,-0.182931,-0.475644,-0.680147,0.526972,-1104.270996,1517.913574,-4602.371582,-1098.179077,1437.699585,-4614.534180,-1091.818726,1562.584106,-4628.143555,-1121.247559,1467.161987,-4564.754395,-1105.838867,1604.208984,-4602.054199,,,,,,,,,,,,,2616.260010,1567.752930,-3159.794678,,,,,,,,,,,,,489.209717,1493.803589,-4039.297607,,,,,,,,,,,,,,,,,,
5617,56.170000,0.000000,0.000000,0.000000,1.000000,0.000000,0.000000,0.000000,57.698101,20.499701,-14.700500,0.047771,-0.013570,0.015998,-15.666301,-52.738201,18.801300,-93.396698,0.129960,17.611099,-0.182931,-0.475644,-0.680147,0.526972,-1104.270996,1517.913574,-4602.371582,-1098.179077,1437.699585,-4614.534180,-1091.818726,1562.584106,-4628.143555,-1121.247559,1467.161987,-4564.754395,-1105.838867,1604.208984,-4602.054199,,,,,,,,,,,,,2616.275635,1567.767700,-3159.790283,,,,,,,,,,,,,491.693451,1493.615356,-4037.820312,,,,,,,,,,,,,,,,,,
5618,56.180000,0.000000,0.000000,0.000000,1.000000,0.000000,0.000000,0.000000,57.698101,20.499701,-14.700500,0.047771,-0.013570,0.015998,-15.666301,-52.738201,18.801300,-93.396698,0.129960,17.611099,-0.182931,-0.475644,-0.680147,0.526972,-1104.270996,1517.913574,-4602.371582,-1098.179077,1437.699585,-4614.534180,-1091.818726,1562.584106,-4628.143555,-1121.247559,1467.161987,-4564.754395,-1105.838867,1604.208984,-4602.054199,,,,,,,,,,,,,2616.255615,1567.719604,-3159.785156,,,,,,,,,,,,,493.428589,1493.313354,-4037.098389,,,,,,,,,,,,,,,,,,
5619,56.190000,0.000000,0.000000,0.000000,1.000000,0.000000,0.000000,0.000000,57.698101,20.499701,-14.700500,0.047771,-0.013570,0.015998,-15.666301,-52.738201,18.801300,-93.396698,0.129960,17.611099,-0.182931,-0.475644,-0.680147,0.526972,-1104.270996,1517.913574,-4602.371582,-1098.179077,1437.699585,-4614.534180,-1091.818726,1562.584106,-4628.143555,-1121.247559,1467.161987,-4564.754395,-1105.838867,1604.208984,-4602.054199,,,,,,,,,,,,,2616.308350,1567.741821,-3159.776855,,,,,,,,,,,,,495.695557,1492.951782,-4035.923584,,,,,,,,,,,,,,,,,,
5620,56.200000,0.000000,0.000000,0.000000,1.000000,0.000000,0.000000,0.000000,57.698101,20.499701,-14.700500,0.047771,-0.013570,0.015998,-15.666301,-52.738201,18.801300,-93.396698,0.129960,17.611099,-0.182931,-0.475644,-0.680147,0.526972,-1104.270996,1517.913574,-4602.371582,-1098.179077,1437.699585,-4614.534180,-1091.818726,1562.584106,-4628.143555,-1121.247559,1467.161987,-4564.754395,-1105.838867,1604.208984,-4602.054199,,,,,,,,,,,,,2616.253418,1567.710815,-3159.784180,,,,,,,,,,,,,499.024872,1493.383179,-4034.032227,,,,,,,,,,,,,,,,,,
5621,56.210000,0.000000,0.000000,0.000000,1.000000,0.000000,0.000000,0.000000,57.698101,20.499701,-14.700500,0.047771,-0.013570,0.015998,-15.666301,-52.738201,18.801300,-93.396698,0.129960,17.611099,-0.182931,-0.475644,-0.680147,0.526972,-1104.270996,1517.913574,-4602.371582,-1098.179077,1437.699585,-4614.534180,-1091.818726,1562.584106,-4628.143555,-1121.247559,1467.161987,-4564.754395,-1105.838867,1604.208984,-4602.054199,,,,,,,,,,,,,2616.285645,1567.743896,-3159.780518,,,,,,,,,,,,,499.753326,1492.670776,-4034.032227,,,,,,,,,,,,,,,,,,
5622,56.220000,0.000000,0.000000,0.000000,1.000000,0.000000,0.000000,0.000000,57.698101,20.499701,-14.700500,0.047771,-0.013570,0.015998,-15.666301,-52.738201,18.801300,-93.396698,0.129960,17.611099,-0.182931,-0.475644,-0.680147,0.526972,-1104.270996,1517.913574,-4602.371582,-1098.179077,1437.699585,-4614.534180,-1091.818726,1562.584106,-4628.143555,-1121.247559,1467.161987,-4564.754395,-1105.838867,1604.208984,-4602.054199,,,,,,,,,,,,,2616.289307,1567.704224,-3159.765137,,,,,,,,,,,,,501.653320,1492.432251,-4032.927002,,,,,,,,,,,,,,,,,,
5623,56.230000,0.000000,0.000000,0.000000,1.000000,0.000000,0.000000,0.000000,57.698101,20.499701,-14.700500,0.047771,-0.013570,0.015998,-15.666301,-52.738201,18.801300,-93.396698,0.129960,17.611099,-0.182931,-0.475644,-0.680147,0.526972,-1104.270996,1517.913574,-4602.371582,-1098.179077,1437.699585,-4614.534180,-1091.818726,1562.584106,-4628.143555,-1121.247559,1467.161987,-4564.754395,-1105.838867,1604.208984,-4602.054199,,,,,,,,,,,,,2616.301514,1567.759766,-3159.766113,,,,,,,,,,,,,503.829773,1492.848389,-4031.762695,,,,,,,,,,,,,,,,,,
5624,56.240000,0.000000,0.000000,0.000000,1.000000,0.000000,0.000000,0.000000,57.698101,20.499701,-14.700500,0.047771,-0.013570,0.015998,-15.666301,-52.738201,18.801300,-93.396698,0.129960,17.611099,-0.182931,-0.475644,-0.680147,0.526972,-1104.270996,1517.913574,-4602.371582,-1098.179077,1437.699585,-4614.534180,-1091.818726,1562.584106,-4628.143555,-1121.247559,1467.161987,-4564.754395,-1105.838867,1604.208984,-4602.054199,,,,,,,,,,,,,2616.310547,1567.720947,-3159.782471,,,,,,,,,,,,,505.821655,1493.257080,-4030.627686,,,,,,,,,,,,,,,,,,
5625,56.250000,0.000000,0.000000,0.000000,1.000000,0.000000,0.000000,0.000000,57.698101,20.499701,-14.700500,0.047771,-0.013570,0.015998,-15.666301,-52.738201,18.801300,-93.396698,0.129960,17.611099,-0.182931,-0.475644,-0.680147,0.526972,-1104.270996,1517.913574,-4602.371582,-1098.179077,1437.699585,-4614.534180,-1091.818726,1562.584106,-4628.143555,-1121.247559,1467.161987,-4564.754395,-1105.838867,1604.208984,-4602.054199,,,,,,,,,,,,,2616.263428,1567.727051,-3159.781494,,,,,,,,,,,,,508.233185,1493.781372,-4029.343994,,,,,,,,,,,,,,,,,,
5626,56.260000,0.000000,0.000000,0.000000,1.000000,0.000000,0.000000,0.000000,57.698101,20.499701,-14.700500,0.047771,-0.013570,0.015998,-15.666301,-52.738201,18.801300,-93.396698,0.129960,17.611099,-0.182931,-0.475644,-0.680147,0.526972,-1104.270996,1517.913574,-4602.371582,-1098.179077,1437.699585,-4614.534180,-1091.818726,1562.584106,-4628.143555,-1121.247559,1467.161987,-4564.754395,-1105.838867,1604.208984,-4602.054199,,,,,,,,,,,,,2616.263428,1567.726074,-3159.780029,,,,,,,,,,,,,510.262665,1494.289795,-4028.252686,,,,,,,,,,,,,,,,,,
5627,56.270000,0.000000,0.000000,0.000000,1.000000,0.000000,0.000000,0.000000,57.698101,20.499701,-14.700500,0.047771,-0.013570,0.015998,-15.666301,-52.738201,18.801300,-93.396698,0.129960,17.611099,-0.182931,-0.475644,-0.680147,0.526972,-1104.270996,1517.913574,-4602.371582,-1098.179077,1437.699585,-4614.534180,-1091.818726,1562.584106,-4628.143555,-1121.247559,1467.161987,-4564.754395,-1105.838867,1604.208984,-4602.054199,,,,,,,,,,,,,2616.250732,1567.770996,-3159.791992,,,,,,,,,,,,,511.790924,1494.682251,-4027.401367,,,,,,,,,,,,,,,,,,
5628,56.280000,0.000000,0.000000,0.000000,1.000000,0.000000,0.000000,0.000000,57.698101,20.499701,-14.700500,0.047771,-0.013570,0.015998,-15.666301,-52.738201,18.801300,-93.396698,0.129960,17.611099,-0.182931,-0.475644,-0.680147,0.526972,-1104.270996,1517.913574,-4602.371582,-1098.179077,1437.699585,-4614.534180,-1091.818726,1562.584106,-4628.143555,-1121.247559,1467.161987,-4564.754395,-1105.838867,1604.208984,-4602.054199,,,,,,,,,,,,,2616.266113,1567.771606,-3159.794678,,,,,,,,,,,,,512.984070,1495.041504,-4026.682861,,,,,,,,,,,,,,,,,,
5629,56.290000,0.000000,0.000000,0.000000,1.000000,0.000000,0.000000,0.000000,57.698101,20.499701,-14.700500,0.047771,-0.013570,0.015998,-15.666301,-52.738201,18.801300,-93.396698,0.129960,17.611099,-0.182931,-0.475644,-0.680147,0.526972,-1104.270996,1517.913574,-4602.371582,-1098.179077,1437.699585,-4614.534180,-1091.818726,1562.584106,-4628.143555,-1121.247559,1467.161987,-4564.754395,-1105.838867,1604.208984,-4602.054199,,,,,,,,,,,,,2616.297852,1567.701050,-3159.770508,,,,,,,,,,,,,513.827209,1495.701416,-4026.097656,,,,,,,,,,,,,,,,,,
5630,56.300000,0.000000,0.000000,0.000000,1.000000,0.000000,0.000000,0.000000,57.698101,20.499701,-14.700500,0.047771,-0.013570,0.015998,-15.666301,-52.738201,18.801300,-93.396698,0.129960,17.611099,-0.182931,-0.475644,-0.680147,0.526972,-1104.270996,1517.913574,-4602.371582,-1098.179077,1437.699585,-4614.534180,-1091.818726,1562.584106,-4628.143555,-1121.247559,1467.161987,-4564.754395,-1105.838867,1604.208984,-4602.054199,,,,,,,,,,,,,2616.353271,1567.758789,-3159.757568,,,,,,,,,,,,,515.150024,1496.146729,-4025.096436,,,,,,,,,,,,,,,,,,
5631,56.310000,0.000000,0.000000,0.000000,1.000000,0.000000,0.000000,0.000000,57.698101,20.499701,-14.700500,0.047771,-0.013570,0.015998,-15.666301,-52.738201,18.801300,-93.396698,0.129960,17.611099,-0.182931,-0.475644,-0.680147,0.526972,-1104.270996,1517.913574,-4602.371582,-1098.179077,1437.699585,-4614.534180,-1091.818726,1562.584106,-4628.143555,-1121.247559,1467.161987,-4564.754395,-1105.838867,1604.208984,-4602.054199,,,,,,,,,,,,,2616.297119,1567.733643,-3159.772217,,,,,,,,,,,,,516.871338,1496.708008,-4024.026367,,,,,,,,,,,,,,,,,,
5632,56.320000,0.000000,0.000000,0.000000,1.000000,0.000000,0.000000,0.000000,57.698101,20.499701,-14.700500,0.047771,-0.013570,0.015998,-15.666301,-52.738201,18.801300,-93.396698,0.129960,17.611099,-0.182931,-0.475644,-0.680147,0.526972,-1104.270996,1517.913574,-4602.371582,-1098.179077,1437.699585,-4614.534180,-1091.818726,1562.584106,-4628.143555,-1121.247559,1467.161987,-4564.754395,-1105.838867,1604.208984,-4602.054199,,,,,,,,,,,,,2616.264160,1567.720825,-3159.785400,,,,,,,,,,,,,518.902283,1497.508789,-4022.731201,,,,,,,,,,,,,,,,,,
5633,56.330000,0.000000,0.000000,0.000000,1.000000,0.000000,0.000000,0.000000,57.698101,20.499701,-14.700500,0.047771,-0.013570,0.015998,-15.666301,-52.738201,18.801300,-93.396698,0.129960,17.611099,-0.182931,-0.475644,-0.680147,0.526972,-1104.270996,1517.913574,-4602.371582,-1098.179077,1437.699585,-4614.534180,-1091.818726,1562.584106,-4628.143555,-1121.247559,1467.161987,-4564.754395,-1105.838867,1604.208984,-4602.054199,,,,,,,,,,,,,2616.268799,1567.731323,-3159.788818,,,,,,,,,,,,,520.790710,1498.299927,-4021.536377,,,,,,,,,,,,,,,,,,
5634,56.340000,0.000000,0.000000,0.000000,1.000000,0.000000,0.000000,0.000000,57.698101,20.499701,-14.700500,0.047771,-0.013570,0.015998,-15.666301,-52.738201,18.801300,-93.396698,0.129960,17.611099,-0.182931,-0.475644,-0.680147,0.526972,-1104.270996,1517.913574,-4602.371582,-1098.179077,1437.699585,-4614.534180,-1091.818726,1562.584106,-4628.143555,-1121.247559,1467.161987,-4564.754395,-1105.838867,1604.208984,-4602.054199,,,,,,,,,,,,,2616.306152,1567.750000,-3159.782227,,,,,,,,,,,,,522.444336,1498.968506,-4020.483887,,,,,,,,,,,,,,,,,,
5635,56.350000,0.000000,0.000000,0.000000,1.000000,0.000000,0.000000,0.000000,57.698101,20.499701,-14.700500,0.047771,-0.013570,0.015998,-15.666301,-52.738201,18.801300,-93.396698,0.129960,17.611099,-0.182931,-0.475644,-0.680147,0.526972,-1104.270996,1517.913574,-4602.371582,-1098.179077,1437.699585,-4614.534180,-1091.818726,1562.584106,-4628.143555,-1121.247559,1467.161987,-4564.754395,-1105.838867,1604.208984,-4602.054199,,,,,,,,,,,,,2616.310303,1567.741455,-3159.770020,,,,,,,,,,,,,523.344666,1499.216309,-4019.904053,,,,,,,,,,,,,,,,,,
5636,56.360000,0.000000,0.000000,0.000000,1.000000,0.000000,0.000000,0.000000,57.698101,20.499701,-14.700500,0.047771,-0.013570,0.015998,-15.666301,-52.738201,18.801300,-93.396698,0.129960,17.611099,-0.182931,-0.475644,-0.680147,0.526972,-1104.270996,1517.913574,-4602.371582,-1098.179077,1437.699585,-4614.534180,-1091.818726,1562.584106,-4628.143555,-1121.247559,1467.161987,-4564.754395,-1105.838867,1604.208984,-4602.054199,,,,,,,,,,,,,2616.301758,1567.735840,-3159.771973,,,,,,,,,,,,,524.202087,1499.493530,-4019.353027,,,,,,,,,,,,,,,,,,
5637,56.370000,0.000000,0.000000,0.000000,1.000000,0.000000,0.000000,0.000000,57.698101,20.499701,-14.700500,0.047771,-0.013570,0.015998,-15.666301,-52.738201,18.801300,-93.396698,0.129960,17.611099,-0.182931,-0.475644,-0.680147,0.526972,-1104.270996,1517.913574,-4602.371582,-1098.179077,1437.699585,-4614.534180,-1091.818726,1562.584106,-4628.143555,-1121.247559,1467.161987,-4564.754395,-1105.838867,1604.208984,-4602.054199,,,,,,,,,,,,,2616.284180,1567.751221,-3159.785645,,,,,,,,,,,,,525.543030,1500.123901,-4018.566162,,,,,,,,,,,,,,,,,,
5638,56.380000,0.000000,0.000000,0.000000,1.000000,0.000000,0.000000,0.000000,57.698101,20.499701,-14.700500,0.047771,-0.013570,0.015998,-15.666301,-52.738201,18.801300,-93.396698,0.129960,17.611099,-0.182931,-0.475644,-0.680147,0.526972,-1104.270996,1517.913574,-4602.371582,-1098.179077,1437.699585,-4614.534180,-1091.818726,1562.584106,-4628.143555,-1121.247559,1467.161987,-4564.754395,-1105.838867,1604.208984,-4602.054199,,,,,,,,,,,,,2616.294434,1567.774170,-3159.781494,,,,,,,,,,,,,527.372437,1500.405518,-4017.489014,,,,,,,,,,,,,,,,,,
5639,56.390000,0.000000,0.000000,0.000000,1.000000,0.000000,0.000000,0.000000,57.698101,20.499701,-14.700500,0.047771,-0.013570,0.015998,-15.666301,-52.738201,18.801300,-93.396698,0.129960,17.611099,-0.182931,-0.475644,-0.680147,0.526972,-1104.270996,1517.913574,-4602.371582,-1098.179077,1437.699585,-4614.534180,-1091.818726,1562.584106,-4628.143555,-1121.247559,1467.161987,-4564.754395,-1105.838867,1604.208984,-4602.054199,,,,,,,,,,,,,2616.278076,1567.758545,-3159.784912,,,,,,,,,,,,,530.005127,1501.003052,-4015.923096,,,,,,,,,,,,,,,,,,
5640,56.400000,0.000000,0.000000,0.000000,1.000000,0.000000,0.000000,0.000000,57.698101,20.499701,-14.700500,0.047771,-0.013570,0.015998,-15.666301,-52.738201,18.801300,-93.396698,0.129960,17.611099,-0.182931,-0.475644,-0.680147,0.526972,-1104.270996,1517.913574,-4602.371582,-1098.179077,1437.699585,-4614.534180,-1091.818726,1562.584106,-4628.143555,-1121.247559,1467.161987,-4564.754395,-1105.838867,1604.208984,-4602.054199,,,,,,,,,,,,,2616.292480,1567.731079,-3159.767822,,,,,,,,,,,,,532.166260,1501.486694,-4014.683838,,,,,,,,,,,,,,,,,,
5641,56.410000,0.000000,0.000000,0.000000,1.000000,0.000000,0.000000,0.000000,57.698101,20.499701,-14.700500,0.047771,-0.013570,0.015998,-15.666301,-52.738201,18.801300,-93.396698,0.129960,17.611099,-0.182931,-0.475644,-0.680147,0.526972,-1104.270996,1517.913574,-4602.371582,-1098.179077,1437.699585,-4614.534180,-1091.818726,1562.584106,-4628.143555,-1121.247559,1467.161987,-4564.754395,-1105.838867,1604.208984,-4602.054199,,,,,,,,,,,,,2616.311035,1567.738159,-3159.766357,,,,,,,,,,,,,533.973022,1501.815186,-4013.631836,,,,,,,,,,,,,,,,,,
5642,56.420000,0.000000,0.000000,0.000000,1.000000,0.000000,0.000000,0.000000,57.698101,20.499701,-14.700500,0.047771,-0.013570,0.015998,-15.666301,-52.738201,18.801300,-93.396698,0.129960,17.611099,-0.182931,-0.475644,-0.680147,0.526972,-1104.270996,1517.913574,-4602.371582,-1098.179077,1437.699585,-4614.534180,-1091.818726,1562.584106,-4628.143555,-1121.247559,1467.161987,-4564.754395,-1105.838867,1604.208984,-4602.054199,,,,,,,,,,,,,2616.274658,1567.745361,-3159.783936,,,,,,,,,,,,,535.151367,1501.617676,-4013.064453,,,,,,,,,,,,,,,,,,
5643,56.430000,0.000000,0.000000,0.000000,1.000000,0.000000,0.000000,0.000000,57.698101,20.499701,-14.700500,0.047771,-0.013570,0.015998,-15.666301,-52.738201,18.801300,-93.396698,0.129960,17.611099,-0.182931,-0.475644,-0.680147,0.526972,-1104.270996,1517.913574,-4602.371582,-1098.179077,1437.699585,-4614.534180,-1091.818726,1562.584106,-4628.143555,-1121.247559,1467.161987,-4564.754395,-1105.838867,1604.208984,-4602.054199,,,,,,,,,,,,,2616.263184,1567.761963,-3159.788818,,,,,,,,,,,,,536.600525,1501.497925,-4012.309570,,,,,,,,,,,,,,,,,,
5644,56.440000,0.000000,0.000000,0.000000,1.000000,0.000000,0.000000,0.000000,57.698101,20.499701,-14.700500,0.047771,-0.013570,0.015998,-15.666301,-52.738201,18.801300,-93.396698,0.129960,17.611099,-0.182931,-0.475644,-0.680147,0.526972,-1104.270996,1517.913574,-4602.371582,-1098.179077,1437.699585,-4614.534180,-1091.818726,1562.584106,-4628.143555,-1121.247559,1467.161987,-4564.754395,-1105.838867,1604.208984,-4602.054199,,,,,,,,,,,,,2616.253418,1567.755249,-3159.795410,,,,,,,,,,,,,538.763611,1501.564453,-4011.166504,,,,,,,,,,,,,,,,,,
5645,56.450000,0.000000,0.000000,0.000000,1.000000,0.000000,0.000000,0.000000,57.698101,20.499701,-14.700500,0.047771,-0.013570,0.015998,-15.666301,-52.738201,18.801300,-93.396698,0.129960,17.611099,-0.182931,-0.475644,-0.680147,0.526972,-1104.270996,1517.913574,-4602.371582,-1098.179077,1437.699585,-4614.534180,-1091.818726,1562.584106,-4628.143555,-1121.247559,1467.161987,-4564.754395,-1105.838867,1604.208984,-4602.054199,,,,,,,,,,,,,2616.273438,1567.758545,-3159.790771,,,,,,,,,,,,,540.815918,1502.114502,-4010.103271,,,,,,,,,,,,,,,,,,
5646,56.460000,0.000000,0.000000,0.000000,1.000000,0.000000,0.000000,0.000000,57.698101,20.499701,-14.700500,0.047771,-0.013570,0.015998,-15.666301,-52.738201,18.801300,-93.396698,0.129960,17.611099,-0.182931,-0.475644,-0.680147,0.526972,-1104.270996,1517.913574,-4602.371582,-1098.179077,1437.699585,-4614.534180,-1091.818726,1562.584106,-4628.143555,-1121.247559,1467.161987,-4564.754395,-1105.838867,1604.208984,-4602.054199,,,,,,,,,,,,,2616.260986,1567.754639,-3159.791992,,,,,,,,,,,,,543.453491,1502.349243,-4008.537842,,,,,,,,,,,,,,,,,,
5647,56.470000,0.000000,0.000000,0.000000,1.000000,0.000000,0.000000,0.000000,57.698101,20.499701,-14.700500,0.047771,-0.013570,0.015998,-15.666301,-52.738201,18.801300,-93.396698,0.129960,17.611099,-0.182931,-0.475644,-0.680147,0.526972,-1104.270996,1517.913574,-4602.371582,-1098.179077,1437.699585,-4614.534180,-1091.818726,1562.584106,-4628.143555,-1121.247559,1467.161987,-4564.754395,-1105.838867,1604.208984,-4602.054199,,,,,,,,,,,,,2616.290527,1567.716919,-3159.776855,,,,,,,,,,,,,545.913269,1502.362549,-4007.385254,,,,,,,,,,,,,,,,,,
5648,56.480000,0.000000,0.000000,0.000000,1.000000,0.000000,0.000000,0.000000,57.698101,20.499701,-14.700500,0.047771,-0.013570,0.015998,-15.666301,-52.738201,18.801300,-93.396698,0.129960,17.611099,-0.182931,-0.475644,-0.680147,0.526972,-1104.270996,1517.913574,-4602.371582,-1098.179077,1437.699585,-4614.534180,-1091.818726,1562.584106,-4628.143555,-1121.247559,1467.161987,-4564.754395,-1105.838867,1604.208984,-4602.054199,,,,,,,,,,,,,2616.301758,1567.733887,-3159.768555,,,,,,,,,,,,,547.048950,1502.092285,-4007.131104,,,,,,,,,,,,,,,,,,
5649,56.490000,0.000000,0.000000,0.000000,1.000000,0.000000,0.000000,0.000000,57.698101,20.499701,-14.700500,0.047771,-0.013570,0.015998,-15.666301,-52.738201,18.801300,-93.396698,0.129960,17.611099,-0.182931,-0.475644,-0.680147,0.526972,-1104.270996,1517.913574,-4602.371582,-1098.179077,1437.699585,-4614.534180,-1091.818726,1562.584106,-4628.143555,-1121.247559,1467.161987,-4564.754395,-1105.838867,1604.208984,-4602.054199,,,,,,,,,,,,,2616.304932,1567.754517,-3159.786865,,,,,,,,,,,,,548.853333,1501.463745,-4006.160645,,,,,,,,,,,,,,,,,,
5650,56.500000,0.000000,0.000000,0.000000,1.000000,0.000000,0.000000,0.000000,57.698101,20.499701,-14.700500,0.047771,-0.013570,0.015998,-15.666301,-52.738201,18.801300,-93.396698,0.129960,17.611099,-0.182931,-0.475644,-0.680147,0.526972,-1104.270996,1517.913574,-4602.371582,-1098.179077,1437.699585,-4614.534180,-1091.818726,1562.584106,-4628.143555,-1121.247559,1467.161987,-4564.754395,-1105.838867,1604.208984,-4602.054199,,,,,,,,,,,,,2616.277344,1567.770996,-3159.784180,,,,,,,,,,,,,551.198975,1501.103027,-4005.163574,,,,,,,,,,,,,,,,,,
5651,56.510000,0.000000,0.000000,0.000000,1.000000,0.000000,0.000000,0.000000,57.698101,20.499701,-14.700500,0.047771,-0.013570,0.015998,-15.666301,-52.738201,18.801300,-93.396698,0.129960,17.611099,-0.182931,-0.475644,-0.680147,0.526972,-1104.270996,1517.913574,-4602.371582,-1098.179077,1437.699585,-4614.534180,-1091.818726,1562.584106,-4628.143555,-1121.247559,1467.161987,-4564.754395,-1105.838867,1604.208984,-4602.054199,,,,,,,,,,,,,2616.262451,1567.799072,-3159.793213,,,,,,,,,,,,,553.824768,1501.163574,-4003.810303,,,,,,,,,,,,,,,,,,
5652,56.520000,0.000000,0.000000,0.000000,1.000000,0.000000,0.000000,0.000000,57.698101,20.499701,-14.700500,0.047771,-0.013570,0.015998,-15.666301,-52.738201,18.801300,-93.396698,0.129960,17.611099,-0.182931,-0.475644,-0.680147,0.526972,-1104.270996,1517.913574,-4602.371582,-1098.179077,1437.699585,-4614.534180,-1091.818726,1562.584106,-4628.143555,-1121.247559,1467.161987,-4564.754395,-1105.838867,1604.208984,-4602.054199,,,,,,,,,,,,,2616.282471,1567.735962,-3159.785645,,,,,,,,,,,,,556.412476,1501.352661,-4002.542969,,,,,,,,,,,,,,,,,,
5653,56.530000,0.000000,0.000000,0.000000,1.000000,0.000000,0.000000,0.000000,57.698101,20.499701,-14.700500,0.047771,-0.013570,0.015998,-15.666301,-52.738201,18.801300,-93.396698,0.129960,17.611099,-0.182931,-0.475644,-0.680147,0.526972,-1104.270996,1517.913574,-4602.371582,-1098.179077,1437.699585,-4614.534180,-1091.818726,1562.584106,-4628.143555,-1121.247559,1467.161987,-4564.754395,-1105.838867,1604.208984,-4602.054199,,,,,,,,,,,,,2616.305664,1567.760132,-3159.775146,,,,,,,,,,,,,558.822388,1501.401245,-4001.355225,,,,,,,,,,,,,,,,,,
5654,56.540000,0.000000,0.000000,0.000000,1.000000,0.000000,0.000000,0.000000,57.698101,20.499701,-14.700500,0.047771,-0.013570,0.015998,-15.666301,-52.738201,18.801300,-93.396698,0.129960,17.611099,-0.182931,-0.475644,-0.680147,0.526972,-1104.270996,1517.913574,-4602.371582,-1098.179077,1437.699585,-4614.534180,-1091.818726,1562.584106,-4628.143555,-1121.247559,1467.161987,-4564.754395,-1105.838867,1604.208984,-4602.054199,,,,,,,,,,,,,2616.301270,1567.786377,-3159.780029,,,,,,,,,,,,,560.463013,1500.812134,-4000.632324,,,,,,,,,,,,,,,,,,
5655,56.550000,0.000000,0.000000,0.000000,1.000000,0.000000,0.000000,0.000000,57.698101,20.499701,-14.700500,0.047771,-0.013570,0.015998,-15.666301,-52.738201,18.801300,-93.396698,0.129960,17.611099,-0.182931,-0.475644,-0.680147,0.526972,-1104.270996,1517.913574,-4602.371582,-1098.179077,1437.699585,-4614.534180,-1091.818726,1562.584106,-4628.143555,-1121.247559,1467.161987,-4564.754395,-1105.838867,1604.208984,-4602.054199,,,,,,,,,,,,,2616.268555,1567.740479,-3159.775635,,,,,,,,,,,,,562.078064,1500.145142,-3999.847900,,,,,,,,,,,,,,,,,,
5656,56.560000,0.000000,0.000000,0.000000,1.000000,0.000000,0.000000,0.000000,57.698101,20.499701,-14.700500,0.047771,-0.013570,0.015998,-15.666301,-52.738201,18.801300,-93.396698,0.129960,17.611099,-0.182931,-0.475644,-0.680147,0.526972,-1104.270996,1517.913574,-4602.371582,-1098.179077,1437.699585,-4614.534180,-1091.818726,1562.584106,-4628.143555,-1121.247559,1467.161987,-4564.754395,-1105.838867,1604.208984,-4602.054199,,,,,,,,,,,,,2616.297852,1567.769287,-3159.784912,,,,,,,,,,,,,564.263977,1499.683228,-3998.757080,,,,,,,,,,,,,,,,,,
5657,56.570000,0.000000,0.000000,0.000000,1.000000,0.000000,0.000000,0.000000,57.698101,20.499701,-14.700500,0.047771,-0.013570,0.015998,-15.666301,-52.738201,18.801300,-93.396698,0.129960,17.611099,-0.182931,-0.475644,-0.680147,0.526972,-1104.270996,1517.913574,-4602.371582,-1098.179077,1437.699585,-4614.534180,-1091.818726,1562.584106,-4628.143555,-1121.247559,1467.161987,-4564.754395,-1105.838867,1604.208984,-4602.054199,,,,,,,,,,,,,2616.303223,1567.758423,-3159.765869,,,,,,,,,,,,,566.692505,1499.539185,-3997.497559,,,,,,,,,,,,,,,,,,
5658,56.580000,0.000000,0.000000,0.000000,1.000000,0.000000,0.000000,0.000000,57.698101,20.499701,-14.700500,0.047771,-0.013570,0.015998,-15.666301,-52.738201,18.801300,-93.396698,0.129960,17.611099,-0.182931,-0.475644,-0.680147,0.526972,-1104.270996,1517.913574,-4602.371582,-1098.179077,1437.699585,-4614.534180,-1091.818726,1562.584106,-4628.143555,-1121.247559,1467.161987,-4564.754395,-1105.838867,1604.208984,-4602.054199,,,,,,,,,,,,,2616.291504,1567.733643,-3159.780762,,,,,,,,,,,,,569.279419,1499.510254,-3996.162354,,,,,,,,,,,,,,,,,,
5659,56.590000,0.000000,0.000000,0.000000,1.000000,0.000000,0.000000,0.000000,57.698101,20.499701,-14.700500,0.047771,-0.013570,0.015998,-15.666301,-52.738201,18.801300,-93.396698,0.129960,17.611099,-0.182931,-0.475644,-0.680147,0.526972,-1104.270996,1517.913574,-4602.371582,-1098.179077,1437.699585,-4614.534180,-1091.818726,1562.584106,-4628.143555,-1121.247559,1467.161987,-4564.754395,-1105.838867,1604.208984,-4602.054199,,,,,,,,,,,,,2616.295166,1567.720093,-3159.779297,,,,,,,,,,,,,571.979980,1499.366577,-3994.800293,,,,,,,,,,,,,,,,,,
5660,56.600000,0.000000,0.000000,0.000000,1.000000,0.000000,0.000000,0.000000,57.698101,20.499701,-14.700500,0.047771,-0.013570,0.015998,-15.666301,-52.738201,18.801300,-93.396698,0.129960,17.611099,-0.182931,-0.475644,-0.680147,0.526972,-1104.270996,1517.913574,-4602.371582,-1098.179077,1437.699585,-4614.534180,-1091.818726,1562.584106,-4628.143555,-1121.247559,1467.161987,-4564.754395,-1105.838867,1604.208984,-4602.054199,,,,,,,,,,,,,2616.284424,1567.739990,-3159.778076,,,,,,,,,,,,,574.301514,1498.855835,-3993.589844,,,,,,,,,,,,,,,,,,
5661,56.610000,0.000000,0.000000,0.000000,1.000000,0.000000,0.000000,0.000000,57.698101,20.499701,-14.700500,0.047771,-0.013570,0.015998,-15.666301,-52.738201,18.801300,-93.396698,0.129960,17.611099,-0.182931,-0.475644,-0.680147,0.526972,-1104.270996,1517.913574,-4602.371582,-1098.179077,1437.699585,-4614.534180,-1091.818726,1562.584106,-4628.143555,-1121.247559,1467.161987,-4564.754395,-1105.838867,1604.208984,-4602.054199,,,,,,,,,,,,,2616.301758,1567.763672,-3159.790283,,,,,,,,,,,,,576.053345,1497.917480,-3992.793945,,,,,,,,,,,,,,,,,,
5662,56.620000,0.000000,0.000000,0.000000,1.000000,0.000000,0.000000,0.000000,57.698101,20.499701,-14.700500,0.047771,-0.013570,0.015998,-15.666301,-52.738201,18.801300,-93.396698,0.129960,17.611099,-0.182931,-0.475644,-0.680147,0.526972,-1104.270996,1517.913574,-4602.371582,-1098.179077,1437.699585,-4614.534180,-1091.818726,1562.584106,-4628.143555,-1121.247559,1467.161987,-4564.754395,-1105.838867,1604.208984,-4602.054199,,,,,,,,,,,,,2616.275391,1567.750122,-3159.782715,,,,,,,,,,,,,577.938538,1497.153320,-3992.026367,,,,,,,,,,,,,,,,,,
5663,56.630000,0.000000,0.000000,0.000000,1.000000,0.000000,0.000000,0.000000,57.698101,20.499701,-14.700500,0.047771,-0.013570,0.015998,-15.666301,-52.738201,18.801300,-93.396698,0.129960,17.611099,-0.182931,-0.475644,-0.680147,0.526972,-1104.270996,1517.913574,-4602.371582,-1098.179077,1437.699585,-4614.534180,-1091.818726,1562.584106,-4628.143555,-1121.247559,1467.161987,-4564.754395,-1105.838867,1604.208984,-4602.054199,,,,,,,,,,,,,2616.281250,1567.749756,-3159.783936,,,,,,,,,,,,,580.546997,1496.576660,-3990.742920,,,,,,,,,,,,,,,,,,
5664,56.640000,0.000000,0.000000,0.000000,1.000000,0.000000,0.000000,0.000000,57.698101,20.499701,-14.700500,0.047771,-0.013570,0.015998,-15.666301,-52.738201,18.801300,-93.396698,0.129960,17.611099,-0.182931,-0.475644,-0.680147,0.526972,-1104.270996,1517.913574,-4602.371582,-1098.179077,1437.699585,-4614.534180,-1091.818726,1562.584106,-4628.143555,-1121.247559,1467.161987,-4564.754395,-1105.838867,1604.208984,-4602.054199,,,,,,,,,,,,,2616.299072,1567.724976,-3159.775879,,,,,,,,,,,,,584.030212,1496.252563,-3989.038818,,,,,,,,,,,,,,,,,,
5665,56.650000,0.000000,0.000000,0.000000,1.000000,0.000000,0.000000,0.000000,57.698101,20.499701,-14.700500,0.047771,-0.013570,0.015998,-15.666301,-52.738201,18.801300,-93.396698,0.129960,17.611099,-0.182931,-0.475644,-0.680147,0.526972,-1104.270996,1517.913574,-4602.371582,-1098.179077,1437.699585,-4614.534180,-1091.818726,1562.584106,-4628.143555,-1121.247559,1467.161987,-4564.754395,-1105.838867,1604.208984,-4602.054199,,,,,,,,,,,,,2616.315918,1567.726196,-3159.770264,,,,,,,,,,,,,587.060852,1495.637573,-3987.685791,,,,,,,,,,,,,,,,,,
5666,56.660000,0.000000,0.000000,0.000000,1.000000,0.000000,0.000000,0.000000,57.698101,20.499701,-14.700500,0.047771,-0.013570,0.015998,-15.666301,-52.738201,18.801300,-93.396698,0.129960,17.611099,-0.182931,-0.475644,-0.680147,0.526972,-1104.270996,1517.913574,-4602.371582,-1098.179077,1437.699585,-4614.534180,-1091.818726,1562.584106,-4628.143555,-1121.247559,1467.161987,-4564.754395,-1105.838867,1604.208984,-4602.054199,,,,,,,,,,,,,2616.295898,1567.735596,-3159.781982,,,,,,,,,,,,,589.727539,1494.917480,-3986.525879,,,,,,,,,,,,,,,,,,
5667,56.670000,0.000000,0.000000,0.000000,1.000000,0.000000,0.000000,0.000000,57.698101,20.499701,-14.700500,0.047771,-0.013570,0.015998,-15.666301,-52.738201,18.801300,-93.396698,0.129960,17.611099,-0.182931,-0.475644,-0.680147,0.526972,-1104.270996,1517.913574,-4602.371582,-1098.179077,1437.699585,-4614.534180,-1091.818726,1562.584106,-4628.143555,-1121.247559,1467.161987,-4564.754395,-1105.838867,1604.208984,-4602.054199,,,,,,,,,,,,,2616.277100,1567.705933,-3159.777344,,,,,,,,,,,,,591.614807,1493.519775,-3985.952881,,,,,,,,,,,,,,,,,,
5668,56.680000,0.000000,0.000000,0.000000,1.000000,0.000000,0.000000,0.000000,57.698101,20.499701,-14.700500,0.047771,-0.013570,0.015998,-15.666301,-52.738201,18.801300,-93.396698,0.129960,17.611099,-0.182931,-0.475644,-0.680147,0.526972,-1104.270996,1517.913574,-4602.371582,-1098.179077,1437.699585,-4614.534180,-1091.818726,1562.584106,-4628.143555,-1121.247559,1467.161987,-4564.754395,-1105.838867,1604.208984,-4602.054199,,,,,,,,,,,,,2616.296875,1567.763794,-3159.782471,,,,,,,,,,,,,594.512085,1492.394897,-3984.822510,,,,,,,,,,,,,,,,,,
5669,56.690000,0.000000,0.000000,0.000000,1.000000,0.000000,0.000000,0.000000,57.698101,20.499701,-14.700500,0.047771,-0.013570,0.015998,-15.666301,-52.738201,18.801300,-93.396698,0.129960,17.611099,-0.182931,-0.475644,-0.680147,0.526972,-1104.270996,1517.913574,-4602.371582,-1098.179077,1437.699585,-4614.534180,-1091.818726,1562.584106,-4628.143555,-1121.247559,1467.161987,-4564.754395,-1105.838867,1604.208984,-4602.054199,,,,,,,,,,,,,2616.258301,1567.742065,-3159.790039,,,,,,,,,,,,,597.859680,1491.732300,-3983.393311,,,,,,,,,,,,,,,,,,
5670,56.700000,0.000000,0.000000,0.000000,1.000000,0.000000,0.000000,0.000000,57.698101,20.499701,-14.700500,0.047771,-0.013570,0.015998,-15.666301,-52.738201,18.801300,-93.396698,0.129960,17.611099,-0.182931,-0.475644,-0.680147,0.526972,-1104.270996,1517.913574,-4602.371582,-1098.179077,1437.699585,-4614.534180,-1091.818726,1562.584106,-4628.143555,-1121.247559,1467.161987,-4564.754395,-1105.838867,1604.208984,-4602.054199,,,,,,,,,,,,,2616.260986,1567.733398,-3159.790771,,,,,,,,,,,,,601.335449,1491.087158,-3981.891357,,,,,,,,,,,,,,,,,,
5671,56.710000,0.000000,0.000000,0.000000,1.000000,0.000000,0.000000,0.000000,57.698101,20.499701,-14.700500,0.047771,-0.013570,0.015998,-15.666301,-52.738201,18.801300,-93.396698,0.129960,17.611099,-0.182931,-0.475644,-0.680147,0.526972,-1104.270996,1517.913574,-4602.371582,-1098.179077,1437.699585,-4614.534180,-1091.818726,1562.584106,-4628.143555,-1121.247559,1467.161987,-4564.754395,-1105.838867,1604.208984,-4602.054199,,,,,,,,,,,,,2616.297119,1567.758545,-3159.777832,,,,,,,,,,,,,604.482178,1489.979370,-3980.676270,,,,,,,,,,,,,,,,,,
5672,56.720000,0.000000,0.000000,0.000000,1.000000,0.000000,0.000000,0.000000,57.698101,20.499701,-14.700500,0.047771,-0.013570,0.015998,-15.666301,-52.738201,18.801300,-93.396698,0.129960,17.611099,-0.182931,-0.475644,-0.680147,0.526972,-1104.270996,1517.913574,-4602.371582,-1098.179077,1437.699585,-4614.534180,-1091.818726,1562.584106,-4628.143555,-1121.247559,1467.161987,-4564.754395,-1105.838867,1604.208984,-4602.054199,,,,,,,,,,,,,2616.251221,1567.727295,-3159.782227,,,,,,,,,,,,,606.466858,1488.477539,-3980.115967,,,,,,,,,,,,,,,,,,
5673,56.730000,0.000000,0.000000,0.000000,1.000000,0.000000,0.000000,0.000000,57.698101,20.499701,-14.700500,0.047771,-0.013570,0.015998,-15.666301,-52.738201,18.801300,-93.396698,0.129960,17.611099,-0.182931,-0.475644,-0.680147,0.526972,-1104.270996,1517.913574,-4602.371582,-1098.179077,1437.699585,-4614.534180,-1091.818726,1562.584106,-4628.143555,-1121.247559,1467.161987,-4564.754395,-1105.838867,1604.208984,-4602.054199,,,,,,,,,,,,,2616.287842,1567.778320,-3159.784424,,,,,,,,,,,,,609.369568,1487.327148,-3978.991211,,,,,,,,,,,,,,,,,,
5674,56.740000,0.000000,0.000000,0.000000,1.000000,0.000000,0.000000,0.000000,57.698101,20.499701,-14.700500,0.047771,-0.013570,0.015998,-15.666301,-52.738201,18.801300,-93.396698,0.129960,17.611099,-0.182931,-0.475644,-0.680147,0.526972,-1104.270996,1517.913574,-4602.371582,-1098.179077,1437.699585,-4614.534180,-1091.818726,1562.584106,-4628.143555,-1121.247559,1467.161987,-4564.754395,-1105.838867,1604.208984,-4602.054199,,,,,,,,,,,,,2616.285889,1567.728882,-3159.780029,,,,,,,,,,,,,612.646729,1486.267334,-3977.876709,,,,,,,,,,,,,,,,,,
5675,56.750000,0.000000,0.000000,0.000000,1.000000,0.000000,0.000000,0.000000,57.698101,20.499701,-14.700500,0.047771,-0.013570,0.015998,-15.666301,-52.738201,18.801300,-93.396698,0.129960,17.611099,-0.182931,-0.475644,-0.680147,0.526972,-1104.270996,1517.913574,-4602.371582,-1098.179077,1437.699585,-4614.534180,-1091.818726,1562.584106,-4628.143555,-1121.247559,1467.161987,-4564.754395,-1105.838867,1604.208984,-4602.054199,,,,,,,,,,,,,2616.331543,1567.730591,-3159.758789,,,,,,,,,,,,,615.548035,1485.621094,-3977.153564,,,,,,,,,,,,,,,,,,
5676,56.760000,0.000000,0.000000,0.000000,1.000000,0.000000,0.000000,0.000000,57.698101,20.499701,-14.700500,0.047771,-0.013570,0.015998,-15.666301,-52.738201,18.801300,-93.396698,0.129960,17.611099,-0.182931,-0.475644,-0.680147,0.526972,-1104.270996,1517.913574,-4602.371582,-1098.179077,1437.699585,-4614.534180,-1091.818726,1562.584106,-4628.143555,-1121.247559,1467.161987,-4564.754395,-1105.838867,1604.208984,-4602.054199,,,,,,,,,,,,,2616.315430,1567.704102,-3159.763672,,,,,,,,,,,,,619.441284,1484.853027,-3975.327881,635.429626,1622.911743,-4009.858154,,,,,,,,,,,,,,,
5677,56.770000,0.000000,0.000000,0.000000,1.000000,0.000000,0.000000,0.000000,57.698101,20.499701,-14.700500,0.047771,-0.013570,0.015998,-15.666301,-52.738201,18.801300,-93.396698,0.129960,17.611099,-0.182931,-0.475644,-0.680147,0.526972,-1104.270996,1517.913574,-4602.371582,-1098.179077,1437.699585,-4614.534180,-1091.818726,1562.584106,-4628.143555,-1121.247559,1467.161987,-4564.754395,-1105.838867,1604.208984,-4602.054199,,,,,,,,,,,,,2616.264404,1567.742432,-3159.780762,,,,,,,,,,,,,621.497620,1483.369385,-3975.107178,639.350342,1621.129517,-4008.761963,,,,,,,,,,,,,,,
5678,56.780000,0.000000,0.000000,0.000000,1.000000,0.000000,0.000000,0.000000,57.698101,20.499701,-14.700500,0.047771,-0.013570,0.015998,-15.666301,-52.738201,18.801300,-93.396698,0.129960,17.611099,-0.182931,-0.475644,-0.680147,0.526972,-1104.270996,1517.913574,-4602.371582,-1098.179077,1437.699585,-4614.534180,-1091.818726,1562.584106,-4628.143555,-1121.247559,1467.161987,-4564.754395,-1105.838867,1604.208984,-4602.054199,,,,,,,,,,,,,2616.239746,1567.747314,-3159.795410,,,,,,,,,,,,,624.848999,1482.528198,-3973.987305,642.272522,1620.133789,-4008.083252,,,,,,,,,,,,,,,
5679,56.790000,0.000000,0.000000,0.000000,1.000000,0.000000,0.000000,0.000000,57.698101,20.499701,-14.700500,0.047771,-0.013570,0.015998,-15.666301,-52.738201,18.801300,-93.396698,0.129960,17.611099,-0.182931,-0.475644,-0.680147,0.526972,-1104.270996,1517.913574,-4602.371582,-1098.179077,1437.699585,-4614.534180,-1091.818726,1562.584106,-4628.143555,-1121.247559,1467.161987,-4564.754395,-1105.838867,1604.208984,-4602.054199,,,,,,,,,,,,,2616.291260,1567.737061,-3159.790283,,,,,,,,,,,,,629.010132,1482.185425,-3972.640381,645.565796,1619.414795,-4007.492920,,,,,,,,,,,,,,,
5680,56.800000,0.000000,0.000000,0.000000,1.000000,0.000000,0.000000,0.000000,57.698101,20.499701,-14.700500,0.047771,-0.013570,0.015998,-15.666301,-52.738201,18.801300,-93.396698,0.129960,17.611099,-0.182931,-0.475644,-0.680147,0.526972,-1104.270996,1517.913574,-4602.371582,-1098.179077,1437.699585,-4614.534180,-1091.818726,1562.584106,-4628.143555,-1121.247559,1467.161987,-4564.754395,-1105.838867,1604.208984,-4602.054199,,,,,,,,,,,,,2616.295410,1567.750854,-3159.771484,,,,,,,,,,,,,632.340088,1481.661499,-3971.722900,649.257629,1619.004639,-4006.894531,,,,,,,,,,,,,,,
5681,56.810000,0.000000,0.000000,0.000000,1.000000,0.000000,0.000000,0.000000,57.698101,20.499701,-14.700500,0.047771,-0.013570,0.015998,-15.666301,-52.738201,18.801300,-93.396698,0.129960,17.611099,-0.182931,-0.475644,-0.680147,0.526972,-1104.270996,1517.913574,-4602.371582,-1098.179077,1437.699585,-4614.534180,-1091.818726,1562.584106,-4628.143555,-1121.247559,1467.161987,-4564.754395,-1105.838867,1604.208984,-4602.054199,,,,,,,,,,,,,2616.267822,1567.733398,-3159.788330,,,,,,,,,,,,,634.764160,1480.894775,-3971.355469,652.520386,1618.327515,-4006.239990,,,,,,,,,,,,,,,
5682,56.820000,0.000000,0.000000,0.000000,1.000000,0.000000,0.000000,0.000000,57.698101,20.499701,-14.700500,0.047771,-0.013570,0.015998,-15.666301,-52.738201,18.801300,-93.396698,0.129960,17.611099,-0.182931,-0.475644,-0.680147,0.526972,-1104.270996,1517.913574,-4602.371582,-1098.179077,1437.699585,-4614.534180,-1091.818726,1562.584106,-4628.143555,-1121.247559,1467.161987,-4564.754395,-1105.838867,1604.208984,-4602.054199,,,,,,,,,,,,,2616.305420,1567.734863,-3159.777832,,,,,,,,,,,,,639.364868,1480.870850,-3969.942383,656.083313,1617.944946,-4005.728271,,,,,,,,,,,,,,,
5683,56.830000,0.000000,0.000000,0.000000,1.000000,0.000000,0.000000,0.000000,57.698101,20.499701,-14.700500,0.047771,-0.013570,0.015998,-15.666301,-52.738201,18.801300,-93.396698,0.129960,17.611099,-0.182931,-0.475644,-0.680147,0.526972,-1104.270996,1517.913574,-4602.371582,-1098.179077,1437.699585,-4614.534180,-1091.818726,1562.584106,-4628.143555,-1121.247559,1467.161987,-4564.754395,-1105.838867,1604.208984,-4602.054199,,,,,,,,,,,,,2616.293213,1567.715088,-3159.766113,,,,,,,,,,,,,642.800354,1480.710815,-3969.421631,660.521179,1617.958618,-4004.640137,,,,,,,,,,,,,,,
5684,56.840000,0.000000,0.000000,0.000000,1.000000,0.000000,0.000000,0.000000,57.698101,20.499701,-14.700500,0.047771,-0.013570,0.015998,-15.666301,-52.738201,18.801300,-93.396698,0.129960,17.611099,-0.182931,-0.475644,-0.680147,0.526972,-1104.270996,1517.913574,-4602.371582,-1098.179077,1437.699585,-4614.534180,-1091.818726,1562.584106,-4628.143555,-1121.247559,1467.161987,-4564.754395,-1105.838867,1604.208984,-4602.054199,,,,,,,,,,,,,2616.279541,1567.730713,-3159.770752,,,,,,,,,,,,,645.694092,1480.336182,-3969.253418,663.569214,1617.467529,-4004.522705,,,,,,,,,,,,,,,
5685,56.850000,0.000000,0.000000,0.000000,1.000000,0.000000,0.000000,0.000000,57.698101,20.499701,-14.700500,0.047771,-0.013570,0.015998,-15.666301,-52.738201,18.801300,-93.396698,0.129960,17.611099,-0.182931,-0.475644,-0.680147,0.526972,-1104.270996,1517.913574,-4602.371582,-1098.179077,1437.699585,-4614.534180,-1091.818726,1562.584106,-4628.143555,-1121.247559,1467.161987,-4564.754395,-1105.838867,1604.208984,-4602.054199,,,,,,,,,,,,,2616.252686,1567.719727,-3159.783203,,,,,,,,,,,,,649.865601,1480.931763,-3968.576904,668.000549,1617.729248,-4003.646973,,,,,,,,,,,,,,,
5686,56.860000,0.000000,0.000000,0.000000,1.000000,0.000000,0.000000,0.000000,57.698101,20.499701,-14.700500,0.047771,-0.013570,0.015998,-15.666301,-52.738201,18.801300,-93.396698,0.129960,17.611099,-0.182931,-0.475644,-0.680147,0.526972,-1104.270996,1517.913574,-4602.371582,-1098.179077,1437.699585,-4614.534180,-1091.818726,1562.584106,-4628.143555,-1121.247559,1467.161987,-4564.754395,-1105.838867,1604.208984,-4602.054199,,,,,,,,,,,,,2616.266602,1567.756348,-3159.792725,,,,,,,,,,,,,652.956299,1481.203735,-3967.972900,671.082642,1617.709106,-4003.500488,,,,,,,,,,,,,,,
5687,56.870000,0.000000,0.000000,0.000000,1.000000,0.000000,0.000000,0.000000,57.698101,20.499701,-14.700500,0.047771,-0.013570,0.015998,-15.666301,-52.738201,18.801300,-93.396698,0.129960,17.611099,-0.182931,-0.475644,-0.680147,0.526972,-1104.270996,1517.913574,-4602.371582,-1098.179077,1437.699585,-4614.534180,-1091.818726,1562.584106,-4628.143555,-1121.247559,1467.161987,-4564.754395,-1105.838867,1604.208984,-4602.054199,,,,,,,,,,,,,2616.280518,1567.758545,-3159.798828,,,,,,,,,,,,,657.913940,1481.434204,-3966.852783,675.417908,1618.182251,-4002.813721,,,,,,,,,,,,,,,
5688,56.880000,0.000000,0.000000,0.000000,1.000000,0.000000,0.000000,0.000000,57.698101,20.499701,-14.700500,0.047771,-0.013570,0.015998,-15.666301,-52.738201,18.801300,-93.396698,0.129960,17.611099,-0.182931,-0.475644,-0.680147,0.526972,-1104.270996,1517.913574,-4602.371582,-1098.179077,1437.699585,-4614.534180,-1091.818726,1562.584106,-4628.143555,-1121.247559,1467.161987,-4564.754395,-1105.838867,1604.208984,-4602.054199,,,,,,,,,,,,,2616.319824,1567.766113,-3159.783936,,,,,,,,,,,,,661.330078,1481.498657,-3966.820801,679.193359,1618.682251,-4002.351318,,,,,,,,,,,,,,,
5689,56.890000,0.000000,0.000000,0.000000,1.000000,0.000000,0.000000,0.000000,57.698101,20.499701,-14.700500,0.047771,-0.013570,0.015998,-15.666301,-52.738201,18.801300,-93.396698,0.129960,17.611099,-0.182931,-0.475644,-0.680147,0.526972,-1104.270996,1517.913574,-4602.371582,-1098.179077,1437.699585,-4614.534180,-1091.818726,1562.584106,-4628.143555,-1121.247559,1467.161987,-4564.754395,-1105.838867,1604.208984,-4602.054199,,,,,,,,,,,,,2616.287109,1567.729858,-3159.777100,,,,,,,,,,,,,665.198608,1482.486694,-3966.108154,682.923645,1619.202881,-4002.003174,,,,,,,,,,,,,,,
5690,56.900000,0.000000,0.000000,0.000000,1.000000,0.000000,0.000000,0.000000,57.698101,20.499701,-14.700500,0.047771,-0.013570,0.015998,-15.666301,-52.738201,18.801300,-93.396698,0.129960,17.611099,-0.182931,-0.475644,-0.680147,0.526972,-1104.270996,1517.913574,-4602.371582,-1098.179077,1437.699585,-4614.534180,-1091.818726,1562.584106,-4628.143555,-1121.247559,1467.161987,-4564.754395,-1105.838867,1604.208984,-4602.054199,,,,,,,,,,,,,2616.286621,1567.731567,-3159.780518,,,,,,,,,,,,,669.001526,1483.452759,-3965.817871,686.928284,1619.964844,-4001.427246,,,,,,,,,,,,,,,
5691,56.910000,0.000000,0.000000,0.000000,1.000000,0.000000,0.000000,0.000000,57.698101,20.499701,-14.700500,0.047771,-0.013570,0.015998,-15.666301,-52.738201,18.801300,-93.396698,0.129960,17.611099,-0.182931,-0.475644,-0.680147,0.526972,-1104.270996,1517.913574,-4602.371582,-1098.179077,1437.699585,-4614.534180,-1091.818726,1562.584106,-4628.143555,-1121.247559,1467.161987,-4564.754395,-1105.838867,1604.208984,-4602.054199,,,,,,,,,,,,,2616.305908,1567.721436,-3159.779053,,,,,,,,,,,,,672.948975,1483.556152,-3965.191650,690.292358,1620.562012,-4001.042480,,,,,,,,,,,,,,,
5692,56.920000,0.000000,0.000000,0.000000,1.000000,0.000000,0.000000,0.000000,57.698101,20.499701,-14.700500,0.047771,-0.013570,0.015998,-15.666301,-52.738201,18.801300,-93.396698,0.129960,17.611099,-0.182931,-0.475644,-0.680147,0.526972,-1104.270996,1517.913574,-4602.371582,-1098.179077,1437.699585,-4614.534180,-1091.818726,1562.584106,-4628.143555,-1121.247559,1467.161987,-4564.754395,-1105.838867,1604.208984,-4602.054199,,,,,,,,,,,,,2616.313721,1567.698608,-3159.756836,,,,,,,,,,,,,677.990356,1484.242920,-3964.024414,695.052673,1621.513550,-3999.899902,,,,,,,,,,,,,,,
5693,56.930000,0.000000,0.000000,0.000000,1.000000,0.000000,0.000000,0.000000,57.698101,20.499701,-14.700500,0.047771,-0.013570,0.015998,-15.666301,-52.738201,18.801300,-93.396698,0.129960,17.611099,-0.182931,-0.475644,-0.680147,0.526972,-1104.270996,1517.913574,-4602.371582,-1098.179077,1437.699585,-4614.534180,-1091.818726,1562.584106,-4628.143555,-1121.247559,1467.161987,-4564.754395,-1105.838867,1604.208984,-4602.054199,,,,,,,,,,,,,2616.321777,1567.713501,-3159.761475,,,,,,,,,,,,,681.376038,1484.597046,-3963.786865,698.070557,1621.728394,-3999.751221,,,,,,,,,,,,,,,
5694,56.940000,0.000000,0.000000,0.000000,1.000000,0.000000,0.000000,0.000000,57.698101,20.499701,-14.700500,0.047771,-0.013570,0.015998,-15.666301,-52.738201,18.801300,-93.396698,0.129960,17.611099,-0.182931,-0.475644,-0.680147,0.526972,-1104.270996,1517.913574,-4602.371582,-1098.179077,1437.699585,-4614.534180,-1091.818726,1562.584106,-4628.143555,-1121.247559,1467.161987,-4564.754395,-1105.838867,1604.208984,-4602.054199,,,,,,,,,,,,,2616.275391,1567.707031,-3159.776611,,,,,,,,,,,,,685.481445,1485.746582,-3963.439453,702.701477,1622.679688,-3998.736572,,,,,,,,,,,,,,,
5695,56.950000,0.000000,0.000000,0.000000,1.000000,0.000000,0.000000,0.000000,57.698101,20.499701,-14.700500,0.047771,-0.013570,0.015998,-15.666301,-52.738201,18.801300,-93.396698,0.129960,17.611099,-0.182931,-0.475644,-0.680147,0.526972,-1104.270996,1517.913574,-4602.371582,-1098.179077,1437.699585,-4614.534180,-1091.818726,1562.584106,-4628.143555,-1121.247559,1467.161987,-4564.754395,-1105.838867,1604.208984,-4602.054199,,,,,,,,,,,,,2616.264893,1567.760620,-3159.791748,,,,,,,,,,,,,689.377747,1486.635864,-3962.380371,705.964417,1623.511108,-3998.252441,,,,,,,,,,,,,,,
5696,56.960000,0.000000,0.000000,0.000000,1.000000,0.000000,0.000000,0.000000,57.698101,20.499701,-14.700500,0.047771,-0.013570,0.015998,-15.666301,-52.738201,18.801300,-93.396698,0.129960,17.611099,-0.182931,-0.475644,-0.680147,0.526972,-1104.270996,1517.913574,-4602.371582,-1098.179077,1437.699585,-4614.534180,-1091.818726,1562.584106,-4628.143555,-1121.247559,1467.161987,-4564.754395,-1105.838867,1604.208984,-4602.054199,,,,,,,,,,,,,2616.287109,1567.754150,-3159.786377,,,,,,,,,,,,,694.573730,1487.590332,-3961.101562,710.393127,1624.562012,-3997.335693,,,,,,,,,,,,,,,
5697,56.970000,0.000000,0.000000,0.000000,1.000000,0.000000,0.000000,0.000000,57.698101,20.499701,-14.700500,0.047771,-0.013570,0.015998,-15.666301,-52.738201,18.801300,-93.396698,0.129960,17.611099,-0.182931,-0.475644,-0.680147,0.526972,-1104.270996,1517.913574,-4602.371582,-1098.179077,1437.699585,-4614.534180,-1091.818726,1562.584106,-4628.143555,-1121.247559,1467.161987,-4564.754395,-1105.838867,1604.208984,-4602.054199,,,,,,,,,,,,,2616.308350,1567.723022,-3159.758301,,,,,,,,,,,,,697.766418,1487.693604,-3961.050049,713.685974,1625.139282,-3996.850830,,,,,,,,,,,,,,,
5698,56.980000,0.000000,0.000000,0.000000,1.000000,0.000000,0.000000,0.000000,57.698101,20.499701,-14.700500,0.047771,-0.013570,0.015998,-15.666301,-52.738201,18.801300,-93.396698,0.129960,17.611099,-0.182931,-0.475644,-0.680147,0.526972,-1104.270996,1517.913574,-4602.371582,-1098.179077,1437.699585,-4614.534180,-1091.818726,1562.584106,-4628.143555,-1121.247559,1467.161987,-4564.754395,-1105.838867,1604.208984,-4602.054199,,,,,,,,,,,,,2616.309814,1567.739136,-3159.755371,,,,,,,,,,,,,701.946289,1488.597412,-3960.428955,718.516357,1626.112183,-3995.629395,,,,,,,,,,,,,,,
5699,56.990000,0.000000,0.000000,0.000000,1.000000,0.000000,0.000000,0.000000,57.698101,20.499701,-14.700500,0.047771,-0.013570,0.015998,-15.666301,-52.738201,18.801300,-93.396698,0.129960,17.611099,-0.182931,-0.475644,-0.680147,0.526972,-1104.270996,1517.913574,-4602.371582,-1098.179077,1437.699585,-4614.534180,-1091.818726,1562.584106,-4628.143555,-1121.247559,1467.161987,-4564.754395,-1105.838867,1604.208984,-4602.054199,,,,,,,,,,,,,2616.306152,1567.711304,-3159.771729,,,,,,,,,,,,,706.239319,1489.372681,-3959.083984,721.768250,1626.435059,-3995.190186,,,,,,,,,,,,,,,
5700,57.000000,0.000000,0.000000,0.000000,1.000000,0.000000,0.000000,0.000000,57.698101,20.499701,-14.700500,0.047771,-0.013570,0.015998,-15.666301,-52.738201,18.801300,-93.396698,0.129960,17.611099,-0.182931,-0.475644,-0.680147,0.526972,-1104.270996,1517.913574,-4602.371582,-1098.179077,1437.699585,-4614.534180,-1091.818726,1562.584106,-4628.143555,-1121.247559,1467.161987,-4564.754395,-1105.838867,1604.208984,-4602.054199,,,,,,,,,,,,,2616.289062,1567.700806,-3159.766602,,,,,,,,,,,,,710.732422,1490.785156,-3958.377441,726.752563,1627.447021,-3993.807373,,,,,,,,,,,,,,,
5701,57.010000,0.000000,0.000000,0.000000,1.000000,0.000000,0.000000,0.000000,57.698101,20.499701,-14.700500,0.047771,-0.013570,0.015998,-15.666301,-52.738201,18.801300,-93.396698,0.129960,17.611099,-0.182931,-0.475644,-0.680147,0.526972,-1104.270996,1517.913574,-4602.371582,-1098.179077,1437.699585,-4614.534180,-1091.818726,1562.584106,-4628.143555,-1121.247559,1467.161987,-4564.754395,-1105.838867,1604.208984,-4602.054199,,,,,,,,,,,,,2616.284180,1567.749023,-3159.771484,,,,,,,,,,,,,714.076111,1490.911499,-3957.662842,730.142639,1627.996216,-3993.160889,,,,,,,,,,,,,,,
5702,57.020000,0.000000,0.000000,0.000000,1.000000,0.000000,0.000000,0.000000,57.698101,20.499701,-14.700500,0.047771,-0.013570,0.015998,-15.666301,-52.738201,18.801300,-93.396698,0.129960,17.611099,-0.182931,-0.475644,-0.680147,0.526972,-1104.270996,1517.913574,-4602.371582,-1098.179077,1437.699585,-4614.534180,-1091.818726,1562.584106,-4628.143555,-1121.247559,1467.161987,-4564.754395,-1105.838867,1604.208984,-4602.054199,,,,,,,,,,,,,2616.317383,1567.782104,-3159.783203,,,,,,,,,,,,,718.412720,1491.100098,-3956.855225,734.627686,1628.945679,-3991.820068,,,,,,,,,,,,,,,
5703,57.030000,0.000000,0.000000,0.000000,1.000000,0.000000,0.000000,0.000000,57.698101,20.499701,-14.700500,0.047771,-0.013570,0.015998,-15.666301,-52.738201,18.801300,-93.396698,0.129960,17.611099,-0.182931,-0.475644,-0.680147,0.526972,-1104.270996,1517.913574,-4602.371582,-1098.179077,1437.699585,-4614.534180,-1091.818726,1562.584106,-4628.143555,-1121.247559,1467.161987,-4564.754395,-1105.838867,1604.208984,-4602.054199,,,,,,,,,,,,,2616.284668,1567.765991,-3159.784912,,,,,,,,,,,,,722.896667,1491.926758,-3955.298340,738.358765,1629.641235,-3990.915039,,,,,,,,,,,,,,,
5704,57.040000,0.000000,0.000000,0.000000,1.000000,0.000000,0.000000,0.000000,57.698101,20.499701,-14.700500,0.047771,-0.013570,0.015998,-15.666301,-52.738201,18.801300,-93.396698,0.129960,17.611099,-0.182931,-0.475644,-0.680147,0.526972,-1104.270996,1517.913574,-4602.371582,-1098.179077,1437.699585,-4614.534180,-1091.818726,1562.584106,-4628.143555,-1121.247559,1467.161987,-4564.754395,-1105.838867,1604.208984,-4602.054199,,,,,,,,,,,,,2616.272949,1567.733276,-3159.786865,,,,,,,,,,,,,727.766602,1492.864502,-3953.952148,742.480042,1630.162598,-3989.847168,,,,,,,,,,,,,,,
5705,57.050000,0.000000,0.000000,0.000000,1.000000,0.000000,0.000000,0.000000,57.698101,20.499701,-14.700500,0.047771,-0.013570,0.015998,-15.666301,-52.738201,18.801300,-93.396698,0.129960,17.611099,-0.182931,-0.475644,-0.680147,0.526972,-1104.270996,1517.913574,-4602.371582,-1098.179077,1437.699585,-4614.534180,-1091.818726,1562.584106,-4628.143555,-1121.247559,1467.161987,-4564.754395,-1105.838867,1604.208984,-4602.054199,,,,,,,,,,,,,2616.271729,1567.729858,-3159.766113,,,,,,,,,,,,,730.870605,1493.315796,-3953.509521,747.120544,1630.661377,-3988.470215,,,,,,,,,,,,,,,
5706,57.060000,0.000000,0.000000,0.000000,1.000000,0.000000,0.000000,0.000000,57.698101,20.499701,-14.700500,0.047771,-0.013570,0.015998,-15.666301,-52.738201,18.801300,-93.396698,0.129960,17.611099,-0.182931,-0.475644,-0.680147,0.526972,-1104.270996,1517.913574,-4602.371582,-1098.179077,1437.699585,-4614.534180,-1091.818726,1562.584106,-4628.143555,-1121.247559,1467.161987,-4564.754395,-1105.838867,1604.208984,-4602.054199,,,,,,,,,,,,,2616.293945,1567.777344,-3159.776611,,,,,,,,,,,,,735.576904,1493.777832,-3951.910889,750.641968,1630.762329,-3987.655762,,,,,,,,,,,,,,,
5707,57.070000,0.000000,0.000000,0.000000,1.000000,0.000000,0.000000,0.000000,57.698101,20.499701,-14.700500,0.047771,-0.013570,0.015998,-15.666301,-52.738201,18.801300,-93.396698,0.129960,17.611099,-0.182931,-0.475644,-0.680147,0.526972,-1104.270996,1517.913574,-4602.371582,-1098.179077,1437.699585,-4614.534180,-1091.818726,1562.584106,-4628.143555,-1121.247559,1467.161987,-4564.754395,-1105.838867,1604.208984,-4602.054199,,,,,,,,,,,,,2616.278076,1567.737305,-3159.781006,,,,,,,,,,,,,739.950195,1494.069214,-3950.541504,755.497437,1631.387207,-3986.052002,,,,,,,,,,,,,,,
5708,57.080000,0.000000,0.000000,0.000000,1.000000,0.000000,0.000000,0.000000,57.698101,20.499701,-14.700500,0.047771,-0.013570,0.015998,-15.666301,-52.738201,18.801300,-93.396698,0.129960,17.611099,-0.182931,-0.475644,-0.680147,0.526972,-1104.270996,1517.913574,-4602.371582,-1098.179077,1437.699585,-4614.534180,-1091.818726,1562.584106,-4628.143555,-1121.247559,1467.161987,-4564.754395,-1105.838867,1604.208984,-4602.054199,,,,,,,,,,,,,2616.266846,1567.779541,-3159.781982,,,,,,,,,,,,,743.368774,1493.943848,-3949.845459,758.633301,1631.257446,-3985.538574,,,,,,,,,,,,,,,
5709,57.090000,0.000000,0.000000,0.000000,1.000000,0.000000,0.000000,0.000000,57.698101,20.499701,-14.700500,0.047771,-0.013570,0.015998,-15.666301,-52.738201,18.801300,-93.396698,0.129960,17.611099,-0.182931,-0.475644,-0.680147,0.526972,-1104.270996,1517.913574,-4602.371582,-1098.179077,1437.699585,-4614.534180,-1091.818726,1562.584106,-4628.143555,-1121.247559,1467.161987,-4564.754395,-1105.838867,1604.208984,-4602.054199,,,,,,,,,,,,,2616.271240,1567.779907,-3159.795166,,,,,,,,,,,,,747.589539,1494.687134,-3948.768311,763.338318,1631.665649,-3983.939697,,,,,,,,,,,,,,,
5710,57.100000,0.000000,0.000000,0.000000,1.000000,0.000000,0.000000,0.000000,57.698101,20.499701,-14.700500,0.047771,-0.013570,0.015998,-15.666301,-52.738201,18.801300,-93.396698,0.129960,17.611099,-0.182931,-0.475644,-0.680147,0.526972,-1104.270996,1517.913574,-4602.371582,-1098.179077,1437.699585,-4614.534180,-1091.818726,1562.584106,-4628.143555,-1121.247559,1467.161987,-4564.754395,-1105.838867,1604.208984,-4602.054199,,,,,,,,,,,,,2616.275879,1567.726074,-3159.777100,,,,,,,,,,,,,750.817993,1494.397705,-3947.942627,767.015686,1631.802124,-3982.852295,,,,,,,,,,,,,,,
5711,57.110000,0.000000,0.000000,0.000000,1.000000,0.000000,0.000000,0.000000,57.698101,20.499701,-14.700500,0.047771,-0.013570,0.015998,-15.666301,-52.738201,18.801300,-93.396698,0.129960,17.611099,-0.182931,-0.475644,-0.680147,0.526972,-1104.270996,1517.913574,-4602.371582,-1098.179077,1437.699585,-4614.534180,-1091.818726,1562.584106,-4628.143555,-1121.247559,1467.161987,-4564.754395,-1105.838867,1604.208984,-4602.054199,,,,,,,,,,,,,2616.311035,1567.744019,-3159.779297,,,,,,,,,,,,,754.936462,1494.593994,-3946.879883,771.063171,1632.202881,-3981.413818,,,,,,,,,,,,,,,
5712,57.120000,0.000000,0.000000,0.000000,1.000000,0.000000,0.000000,0.000000,57.698101,20.499701,-14.700500,0.047771,-0.013570,0.015998,-15.666301,-52.738201,18.801300,-93.396698,0.129960,17.611099,-0.182931,-0.475644,-0.680147,0.526972,-1104.270996,1517.913574,-4602.371582,-1098.179077,1437.699585,-4614.534180,-1091.818726,1562.584106,-4628.143555,-1121.247559,1467.161987,-4564.754395,-1105.838867,1604.208984,-4602.054199,,,,,,,,,,,,,2616.276123,1567.745972,-3159.782715,,,,,,,,,,,,,759.705994,1495.127808,-3944.840820,775.302917,1632.699097,-3979.815430,,,,,,,,,,,,,,,
5713,57.130000,0.000000,0.000000,0.000000,1.000000,0.000000,0.000000,0.000000,57.698101,20.499701,-14.700500,0.047771,-0.013570,0.015998,-15.666301,-52.738201,18.801300,-93.396698,0.129960,17.611099,-0.182931,-0.475644,-0.680147,0.526972,-1104.270996,1517.913574,-4602.371582,-1098.179077,1437.699585,-4614.534180,-1091.818726,1562.584106,-4628.143555,-1121.247559,1467.161987,-4564.754395,-1105.838867,1604.208984,-4602.054199,,,,,,,,,,,,,2616.278809,1567.778198,-3159.782471,,,,,,,,,,,,,762.891479,1494.951294,-3944.014893,778.429382,1632.312866,-3978.975830,,,,,,,,,,,,,,,
5714,57.140000,0.000000,0.000000,0.000000,1.000000,0.000000,0.000000,0.000000,57.698101,20.499701,-14.700500,0.047771,-0.013570,0.015998,-15.666301,-52.738201,18.801300,-93.396698,0.129960,17.611099,-0.182931,-0.475644,-0.680147,0.526972,-1104.270996,1517.913574,-4602.371582,-1098.179077,1437.699585,-4614.534180,-1091.818726,1562.584106,-4628.143555,-1121.247559,1467.161987,-4564.754395,-1105.838867,1604.208984,-4602.054199,,,,,,,,,,,,,2616.291992,1567.763428,-3159.781006,,,,,,,,,,,,,767.820984,1495.437500,-3942.371094,782.844604,1632.602173,-3977.363281,,,,,,,,,,,,,,,
5715,57.150000,0.000000,0.000000,0.000000,1.000000,0.000000,0.000000,0.000000,57.698101,20.499701,-14.700500,0.047771,-0.013570,0.015998,-15.666301,-52.738201,18.801300,-93.396698,0.129960,17.611099,-0.182931,-0.475644,-0.680147,0.526972,-1104.270996,1517.913574,-4602.371582,-1098.179077,1437.699585,-4614.534180,-1091.818726,1562.584106,-4628.143555,-1121.247559,1467.161987,-4564.754395,-1105.838867,1604.208984,-4602.054199,,,,,,,,,,,,,2616.279785,1567.731934,-3159.784912,,,,,,,,,,,,,770.437927,1495.321411,-3941.995361,786.466675,1632.895386,-3976.173828,,,,,,,,,,,,,,,
5716,57.160000,0.000000,0.000000,0.000000,1.000000,0.000000,0.000000,0.000000,57.698101,20.499701,-14.700500,0.047771,-0.013570,0.015998,-15.666301,-52.738201,18.801300,-93.396698,0.129960,17.611099,-0.182931,-0.475644,-0.680147,0.526972,-1104.270996,1517.913574,-4602.371582,-1098.179077,1437.699585,-4614.534180,-1091.818726,1562.584106,-4628.143555,-1121.247559,1467.161987,-4564.754395,-1105.838867,1604.208984,-4602.054199,,,,,,,,,,,,,2616.296387,1567.785522,-3159.794434,,,,,,,,,,,,,774.406799,1495.325439,-3940.938965,789.609985,1633.115112,-3975.134033,,,,,,,,,,,,,,,
5717,57.170000,0.000000,0.000000,0.000000,1.000000,0.000000,0.000000,0.000000,57.698101,20.499701,-14.700500,0.047771,-0.013570,0.015998,-15.666301,-52.738201,18.801300,-93.396698,0.129960,17.611099,-0.182931,-0.475644,-0.680147,0.526972,-1104.270996,1517.913574,-4602.371582,-1098.179077,1437.699585,-4614.534180,-1091.818726,1562.584106,-4628.143555,-1121.247559,1467.161987,-4564.754395,-1105.838867,1604.208984,-4602.054199,,,,,,,,,,,,,2616.286865,1567.779785,-3159.788086,,,,,,,,,,,,,777.584045,1495.354736,-3940.368896,793.991272,1633.528076,-3973.532227,,,,,,,,,,,,,,,
5718,57.180000,0.000000,0.000000,0.000000,1.000000,0.000000,0.000000,0.000000,57.698101,20.499701,-14.700500,0.047771,-0.013570,0.015998,-15.666301,-52.738201,18.801300,-93.396698,0.129960,17.611099,-0.182931,-0.475644,-0.680147,0.526972,-1104.270996,1517.913574,-4602.371582,-1098.179077,1437.699585,-4614.534180,-1091.818726,1562.584106,-4628.143555,-1121.247559,1467.161987,-4564.754395,-1105.838867,1604.208984,-4602.054199,,,,,,,,,,,,,2616.296875,1567.748169,-3159.778564,,,,,,,,,,,,,781.124390,1495.734863,-3938.947266,797.069092,1633.334473,-3972.579590,,,,,,,,,,,,,,,
5719,57.190000,0.000000,0.000000,0.000000,1.000000,0.000000,0.000000,0.000000,57.698101,20.499701,-14.700500,0.047771,-0.013570,0.015998,-15.666301,-52.738201,18.801300,-93.396698,0.129960,17.611099,-0.182931,-0.475644,-0.680147,0.526972,-1104.270996,1517.913574,-4602.371582,-1098.179077,1437.699585,-4614.534180,-1091.818726,1562.584106,-4628.143555,-1121.247559,1467.161987,-4564.754395,-1105.838867,1604.208984,-4602.054199,,,,,,,,,,,,,2616.322510,1567.736694,-3159.758789,,,,,,,,,,,,,785.849365,1496.267578,-3937.187012,800.847351,1633.662842,-3971.250244,,,,,,,,,,,,,,,
5720,57.200000,0.000000,0.000000,0.000000,1.000000,0.000000,0.000000,0.000000,57.698101,20.499701,-14.700500,0.047771,-0.013570,0.015998,-15.666301,-52.738201,18.801300,-93.396698,0.129960,17.611099,-0.182931,-0.475644,-0.680147,0.526972,-1104.270996,1517.913574,-4602.371582,-1098.179077,1437.699585,-4614.534180,-1091.818726,1562.584106,-4628.143555,-1121.247559,1467.161987,-4564.754395,-1105.838867,1604.208984,-4602.054199,,,,,,,,,,,,,2616.274170,1567.745483,-3159.776611,,,,,,,,,,,,,789.229126,1496.219360,-3936.475830,804.920776,1634.222534,-3969.750000,,,,,,,,,,,,,,,
5721,57.210000,0.000000,0.000000,0.000000,1.000000,0.000000,0.000000,0.000000,57.698101,20.499701,-14.700500,0.047771,-0.013570,0.015998,-15.666301,-52.738201,18.801300,-93.396698,0.129960,17.611099,-0.182931,-0.475644,-0.680147,0.526972,-1104.270996,1517.913574,-4602.371582,-1098.179077,1437.699585,-4614.534180,-1091.818726,1562.584106,-4628.143555,-1121.247559,1467.161987,-4564.754395,-1105.838867,1604.208984,-4602.054199,,,,,,,,,,,,,2616.310303,1567.740601,-3159.782227,,,,,,,,,,,,,791.849243,1496.477417,-3936.178467,807.373718,1634.036377,-3969.233398,,,,,,,,,,,,,,,
5722,57.220000,0.000000,0.000000,0.000000,1.000000,0.000000,0.000000,0.000000,57.698101,20.499701,-14.700500,0.047771,-0.013570,0.015998,-15.666301,-52.738201,18.801300,-93.396698,0.129960,17.611099,-0.182931,-0.475644,-0.680147,0.526972,-1104.270996,1517.913574,-4602.371582,-1098.179077,1437.699585,-4614.534180,-1091.818726,1562.584106,-4628.143555,-1121.247559,1467.161987,-4564.754395,-1105.838867,1604.208984,-4602.054199,,,,,,,,,,,,,2616.306396,1567.775391,-3159.779297,,,,,,,,,,,,,796.299561,1496.914429,-3934.742432,811.221985,1634.365479,-3967.954346,,,,,,,,,,,,,,,
5723,57.230000,0.000000,0.000000,0.000000,1.000000,0.000000,0.000000,0.000000,57.698101,20.499701,-14.700500,0.047771,-0.013570,0.015998,-15.666301,-52.738201,18.801300,-93.396698,0.129960,17.611099,-0.182931,-0.475644,-0.680147,0.526972,-1104.270996,1517.913574,-4602.371582,-1098.179077,1437.699585,-4614.534180,-1091.818726,1562.584106,-4628.143555,-1121.247559,1467.161987,-4564.754395,-1105.838867,1604.208984,-4602.054199,,,,,,,,,,,,,2616.270752,1567.751221,-3159.787109,,,,,,,,,,,,,798.480286,1496.498047,-3934.779541,815.006409,1634.814575,-3966.676758,,,,,,,,,,,,,,,
5724,57.240000,0.000000,0.000000,0.000000,1.000000,0.000000,0.000000,0.000000,57.698101,20.499701,-14.700500,0.047771,-0.013570,0.015998,-15.666301,-52.738201,18.801300,-93.396698,0.129960,17.611099,-0.182931,-0.475644,-0.680147,0.526972,-1104.270996,1517.913574,-4602.371582,-1098.179077,1437.699585,-4614.534180,-1091.818726,1562.584106,-4628.143555,-1121.247559,1467.161987,-4564.754395,-1105.838867,1604.208984,-4602.054199,,,,,,,,,,,,,2616.302246,1567.767334,-3159.792236,,,,,,,,,,,,,801.721008,1496.354858,-3933.931641,817.610229,1634.820312,-3966.000977,,,,,,,,,,,,,,,
5725,57.250000,0.000000,0.000000,0.000000,1.000000,0.000000,0.000000,0.000000,57.698101,20.499701,-14.700500,0.047771,-0.013570,0.015998,-15.666301,-52.738201,18.801300,-93.396698,0.129960,17.611099,-0.182931,-0.475644,-0.680147,0.526972,-1104.270996,1517.913574,-4602.371582,-1098.179077,1437.699585,-4614.534180,-1091.818726,1562.584106,-4628.143555,-1121.247559,1467.161987,-4564.754395,-1105.838867,1604.208984,-4602.054199,,,,,,,,,,,,,2616.288818,1567.724976,-3159.769531,,,,,,,,,,,,,806.620483,1497.321777,-3931.950928,821.217590,1635.234619,-3964.848389,,,,,,,,,,,,,,,
5726,57.260000,0.000000,0.000000,0.000000,1.000000,0.000000,0.000000,0.000000,57.698101,20.499701,-14.700500,0.047771,-0.013570,0.015998,-15.666301,-52.738201,18.801300,-93.396698,0.129960,17.611099,-0.182931,-0.475644,-0.680147,0.526972,-1104.270996,1517.913574,-4602.371582,-1098.179077,1437.699585,-4614.534180,-1091.818726,1562.584106,-4628.143555,-1121.247559,1467.161987,-4564.754395,-1105.838867,1604.208984,-4602.054199,,,,,,,,,,,,,2616.311279,1567.737549,-3159.765625,,,,,,,,,,,,,808.889832,1497.106445,-3931.845947,824.701599,1635.787720,-3963.508057,,,,,,,,,,,,,,,
5727,57.270000,0.000000,0.000000,0.000000,1.000000,0.000000,0.000000,0.000000,57.698101,20.499701,-14.700500,0.047771,-0.013570,0.015998,-15.666301,-52.738201,18.801300,-93.396698,0.129960,17.611099,-0.182931,-0.475644,-0.680147,0.526972,-1104.270996,1517.913574,-4602.371582,-1098.179077,1437.699585,-4614.534180,-1091.818726,1562.584106,-4628.143555,-1121.247559,1467.161987,-4564.754395,-1105.838867,1604.208984,-4602.054199,,,,,,,,,,,,,2616.281738,1567.737793,-3159.778320,,,,,,,,,,,,,811.961060,1497.295166,-3931.396484,826.953857,1635.658325,-3963.201660,,,,,,,,,,,,,,,
5728,57.280000,0.000000,0.000000,0.000000,1.000000,0.000000,0.000000,0.000000,57.698101,20.499701,-14.700500,0.047771,-0.013570,0.015998,-15.666301,-52.738201,18.801300,-93.396698,0.129960,17.611099,-0.182931,-0.475644,-0.680147,0.526972,-1104.270996,1517.913574,-4602.371582,-1098.179077,1437.699585,-4614.534180,-1091.818726,1562.584106,-4628.143555,-1121.247559,1467.161987,-4564.754395,-1105.838867,1604.208984,-4602.054199,,,,,,,,,,,,,2616.314453,1567.744385,-3159.773926,,,,,,,,,,,,,815.067017,1498.076904,-3930.923340,830.736084,1636.004150,-3961.878662,,,,,,,,,,,,,,,
5729,57.290000,0.000000,0.000000,0.000000,1.000000,0.000000,0.000000,0.000000,57.698101,20.499701,-14.700500,0.047771,-0.013570,0.015998,-15.666301,-52.738201,18.801300,-93.396698,0.129960,17.611099,-0.182931,-0.475644,-0.680147,0.526972,-1104.270996,1517.913574,-4602.371582,-1098.179077,1437.699585,-4614.534180,-1091.818726,1562.584106,-4628.143555,-1121.247559,1467.161987,-4564.754395,-1105.838867,1604.208984,-4602.054199,,,,,,,,,,,,,2616.296875,1567.723633,-3159.770020,,,,,,,,,,,,,817.693665,1498.180176,-3930.271484,833.970825,1636.455688,-3960.849365,,,,,,,,,,,,,,,
5730,57.300000,0.000000,0.000000,0.000000,1.000000,0.000000,0.000000,0.000000,57.698101,20.499701,-14.700500,0.047771,-0.013570,0.015998,-15.666301,-52.738201,18.801300,-93.396698,0.129960,17.611099,-0.182931,-0.475644,-0.680147,0.526972,-1104.270996,1517.913574,-4602.371582,-1098.179077,1437.699585,-4614.534180,-1091.818726,1562.584106,-4628.143555,-1121.247559,1467.161987,-4564.754395,-1105.838867,1604.208984,-4602.054199,,,,,,,,,,,,,2616.292480,1567.764648,-3159.777344,,,,,,,,,,,,,821.496277,1498.237183,-3929.033447,836.124329,1636.541138,-3960.428223,,,,,,,,,,,,,,,
5731,57.310000,0.000000,0.000000,0.000000,1.000000,0.000000,0.000000,0.000000,57.698101,20.499701,-14.700500,0.047771,-0.013570,0.015998,-15.666301,-52.738201,18.801300,-93.396698,0.129960,17.611099,-0.182931,-0.475644,-0.680147,0.526972,-1104.270996,1517.913574,-4602.371582,-1098.179077,1437.699585,-4614.534180,-1091.818726,1562.584106,-4628.143555,-1121.247559,1467.161987,-4564.754395,-1105.838867,1604.208984,-4602.054199,,,,,,,,,,,,,2616.283936,1567.770386,-3159.793457,,,,,,,,,,,,,824.035034,1498.291016,-3929.394287,839.513000,1637.104248,-3959.293945,,,,,,,,,,,,,,,
5732,57.320000,0.000000,0.000000,0.000000,1.000000,0.000000,0.000000,0.000000,57.698101,20.499701,-14.700500,0.047771,-0.013570,0.015998,-15.666301,-52.738201,18.801300,-93.396698,0.129960,17.611099,-0.182931,-0.475644,-0.680147,0.526972,-1104.270996,1517.913574,-4602.371582,-1098.179077,1437.699585,-4614.534180,-1091.818726,1562.584106,-4628.143555,-1121.247559,1467.161987,-4564.754395,-1105.838867,1604.208984,-4602.054199,,,,,,,,,,,,,2616.262207,1567.779907,-3159.802734,,,,,,,,,,,,,826.812073,1498.744995,-3928.552246,842.823669,1637.725220,-3958.299316,,,,,,,,,,,,,,,
5733,57.330000,0.000000,0.000000,0.000000,1.000000,0.000000,0.000000,0.000000,57.698101,20.499701,-14.700500,0.047771,-0.013570,0.015998,-15.666301,-52.738201,18.801300,-93.396698,0.129960,17.611099,-0.182931,-0.475644,-0.680147,0.526972,-1104.270996,1517.913574,-4602.371582,-1098.179077,1437.699585,-4614.534180,-1091.818726,1562.584106,-4628.143555,-1121.247559,1467.161987,-4564.754395,-1105.838867,1604.208984,-4602.054199,,,,,,,,,,,,,2616.269287,1567.771729,-3159.789307,,,,,,,,,,,,,830.425354,1499.251099,-3927.574219,844.589478,1637.441284,-3958.344971,,,,,,,,,,,,,,,
5734,57.340000,0.000000,0.000000,0.000000,1.000000,0.000000,0.000000,0.000000,57.698101,20.499701,-14.700500,0.047771,-0.013570,0.015998,-15.666301,-52.738201,18.801300,-93.396698,0.129960,17.611099,-0.182931,-0.475644,-0.680147,0.526972,-1104.270996,1517.913574,-4602.371582,-1098.179077,1437.699585,-4614.534180,-1091.818726,1562.584106,-4628.143555,-1121.247559,1467.161987,-4564.754395,-1105.838867,1604.208984,-4602.054199,,,,,,,,,,,,,2616.300293,1567.770630,-3159.777832,,,,,,,,,,,,,833.996155,1499.743652,-3926.551025,848.119934,1637.812988,-3957.463135,,,,,,,,,,,,,,,
5735,57.350000,0.000000,0.000000,0.000000,1.000000,0.000000,0.000000,0.000000,57.698101,20.499701,-14.700500,0.047771,-0.013570,0.015998,-15.666301,-52.738201,18.801300,-93.396698,0.129960,17.611099,-0.182931,-0.475644,-0.680147,0.526972,-1104.270996,1517.913574,-4602.371582,-1098.179077,1437.699585,-4614.534180,-1091.818726,1562.584106,-4628.143555,-1121.247559,1467.161987,-4564.754395,-1105.838867,1604.208984,-4602.054199,,,,,,,,,,,,,2616.272217,1567.740479,-3159.778564,,,,,,,,,,,,,835.839844,1499.253174,-3926.734131,851.183594,1638.270630,-3956.723145,,,,,,,,,,,,,,,
5736,57.360000,0.000000,0.000000,0.000000,1.000000,0.000000,0.000000,0.000000,57.698101,20.499701,-14.700500,0.047771,-0.013570,0.015998,-15.666301,-52.738201,18.801300,-93.396698,0.129960,17.611099,-0.182931,-0.475644,-0.680147,0.526972,-1104.270996,1517.913574,-4602.371582,-1098.179077,1437.699585,-4614.534180,-1091.818726,1562.584106,-4628.143555,-1121.247559,1467.161987,-4564.754395,-1105.838867,1604.208984,-4602.054199,,,,,,,,,,,,,2616.268066,1567.755127,-3159.797119,,,,,,,,,,,,,838.729675,1499.738281,-3926.430420,853.312622,1638.390747,-3956.466797,,,,,,,,,,,,,,,
5737,57.370000,0.000000,0.000000,0.000000,1.000000,0.000000,0.000000,0.000000,57.698101,20.499701,-14.700500,0.047771,-0.013570,0.015998,-15.666301,-52.738201,18.801300,-93.396698,0.129960,17.611099,-0.182931,-0.475644,-0.680147,0.526972,-1104.270996,1517.913574,-4602.371582,-1098.179077,1437.699585,-4614.534180,-1091.818726,1562.584106,-4628.143555,-1121.247559,1467.161987,-4564.754395,-1105.838867,1604.208984,-4602.054199,,,,,,,,,,,,,2616.268555,1567.761353,-3159.795166,,,,,,,,,,,,,841.453247,1500.339966,-3926.170898,856.124939,1638.773560,-3955.857910,,,,,,,,,,,,,,,
5738,57.380000,0.000000,0.000000,0.000000,1.000000,0.000000,0.000000,0.000000,57.698101,20.499701,-14.700500,0.047771,-0.013570,0.015998,-15.666301,-52.738201,18.801300,-93.396698,0.129960,17.611099,-0.182931,-0.475644,-0.680147,0.526972,-1104.270996,1517.913574,-4602.371582,-1098.179077,1437.699585,-4614.534180,-1091.818726,1562.584106,-4628.143555,-1121.247559,1467.161987,-4564.754395,-1105.838867,1604.208984,-4602.054199,,,,,,,,,,,,,2616.272705,1567.766113,-3159.789062,,,,,,,,,,,,,843.928467,1500.338623,-3925.213867,859.312805,1639.307861,-3955.004395,,,,,,,,,,,,,,,
5739,57.390000,0.000000,0.000000,0.000000,1.000000,0.000000,0.000000,0.000000,57.698101,20.499701,-14.700500,0.047771,-0.013570,0.015998,-15.666301,-52.738201,18.801300,-93.396698,0.129960,17.611099,-0.182931,-0.475644,-0.680147,0.526972,-1104.270996,1517.913574,-4602.371582,-1098.179077,1437.699585,-4614.534180,-1091.818726,1562.584106,-4628.143555,-1121.247559,1467.161987,-4564.754395,-1105.838867,1604.208984,-4602.054199,,,,,,,,,,,,,2616.282471,1567.736816,-3159.787842,,,,,,,,,,,,,846.717957,1500.368286,-3924.461426,861.449219,1639.078491,-3954.823242,,,,,,,,,,,,,,,
5740,57.400000,0.000000,0.000000,0.000000,1.000000,0.000000,0.000000,0.000000,57.698101,20.499701,-14.700500,0.047771,-0.013570,0.015998,-15.666301,-52.738201,18.801300,-93.396698,0.129960,17.611099,-0.182931,-0.475644,-0.680147,0.526972,-1104.270996,1517.913574,-4602.371582,-1098.179077,1437.699585,-4614.534180,-1091.818726,1562.584106,-4628.143555,-1121.247559,1467.161987,-4564.754395,-1105.838867,1604.208984,-4602.054199,,,,,,,,,,,,,2616.313721,1567.756714,-3159.771484,,,,,,,,,,,,,850.166321,1500.692261,-3923.391846,864.032776,1638.996094,-3954.317139,,,,,,,,,,,,,,,
5741,57.410000,0.000000,0.000000,0.000000,1.000000,0.000000,0.000000,0.000000,57.698101,20.499701,-14.700500,0.047771,-0.013570,0.015998,-15.666301,-52.738201,18.801300,-93.396698,0.129960,17.611099,-0.182931,-0.475644,-0.680147,0.526972,-1104.270996,1517.913574,-4602.371582,-1098.179077,1437.699585,-4614.534180,-1091.818726,1562.584106,-4628.143555,-1121.247559,1467.161987,-4564.754395,-1105.838867,1604.208984,-4602.054199,,,,,,,,,,,,,2616.289551,1567.743164,-3159.788574,,,,,,,,,,,,,852.592834,1500.641479,-3922.988770,867.135681,1639.247070,-3953.410400,,,,,,,,,,,,,,,
5742,57.420000,0.000000,0.000000,0.000000,1.000000,0.000000,0.000000,0.000000,57.698101,20.499701,-14.700500,0.047771,-0.013570,0.015998,-15.666301,-52.738201,18.801300,-93.396698,0.129960,17.611099,-0.182931,-0.475644,-0.680147,0.526972,-1104.270996,1517.913574,-4602.371582,-1098.179077,1437.699585,-4614.534180,-1091.818726,1562.584106,-4628.143555,-1121.247559,1467.161987,-4564.754395,-1105.838867,1604.208984,-4602.054199,,,,,,,,,,,,,2616.270752,1567.753052,-3159.789062,,,,,,,,,,,,,854.225952,1500.657349,-3922.859131,869.651306,1639.369629,-3952.806396,,,,,,,,,,,,,,,
5743,57.430000,0.000000,0.000000,0.000000,1.000000,0.000000,0.000000,0.000000,57.698101,20.499701,-14.700500,0.047771,-0.013570,0.015998,-15.666301,-52.738201,18.801300,-93.396698,0.129960,17.611099,-0.182931,-0.475644,-0.680147,0.526972,-1104.270996,1517.913574,-4602.371582,-1098.179077,1437.699585,-4614.534180,-1091.818726,1562.584106,-4628.143555,-1121.247559,1467.161987,-4564.754395,-1105.838867,1604.208984,-4602.054199,,,,,,,,,,,,,2616.270508,1567.754395,-3159.796631,,,,,,,,,,,,,856.551758,1501.050659,-3922.225830,871.473877,1639.244507,-3952.502686,,,,,,,,,,,,,,,
5744,57.440000,0.000000,0.000000,0.000000,1.000000,0.000000,0.000000,0.000000,57.698101,20.499701,-14.700500,0.047771,-0.013570,0.015998,-15.666301,-52.738201,18.801300,-93.396698,0.129960,17.611099,-0.182931,-0.475644,-0.680147,0.526972,-1104.270996,1517.913574,-4602.371582,-1098.179077,1437.699585,-4614.534180,-1091.818726,1562.584106,-4628.143555,-1121.247559,1467.161987,-4564.754395,-1105.838867,1604.208984,-4602.054199,,,,,,,,,,,,,2616.275879,1567.728760,-3159.795410,,,,,,,,,,,,,859.440735,1501.159302,-3921.152100,873.949097,1639.326904,-3951.859619,,,,,,,,,,,,,,,
5745,57.450000,0.000000,0.000000,0.000000,1.000000,0.000000,0.000000,0.000000,57.698101,20.499701,-14.700500,0.047771,-0.013570,0.015998,-15.666301,-52.738201,18.801300,-93.396698,0.129960,17.611099,-0.182931,-0.475644,-0.680147,0.526972,-1104.270996,1517.913574,-4602.371582,-1098.179077,1437.699585,-4614.534180,-1091.818726,1562.584106,-4628.143555,-1121.247559,1467.161987,-4564.754395,-1105.838867,1604.208984,-4602.054199,,,,,,,,,,,,,2616.282959,1567.715210,-3159.780762,,,,,,,,,,,,,861.186768,1500.966797,-3921.128174,876.779175,1639.494263,-3950.903809,,,,,,,,,,,,,,,
5746,57.460000,0.000000,0.000000,0.000000,1.000000,0.000000,0.000000,0.000000,57.698101,20.499701,-14.700500,0.047771,-0.013570,0.015998,-15.666301,-52.738201,18.801300,-93.396698,0.129960,17.611099,-0.182931,-0.475644,-0.680147,0.526972,-1104.270996,1517.913574,-4602.371582,-1098.179077,1437.699585,-4614.534180,-1091.818726,1562.584106,-4628.143555,-1121.247559,1467.161987,-4564.754395,-1105.838867,1604.208984,-4602.054199,,,,,,,,,,,,,2616.288086,1567.732056,-3159.774902,,,,,,,,,,,,,863.030090,1500.684692,-3920.237305,879.282227,1639.349121,-3950.137451,,,,,,,,,,,,,,,
5747,57.470000,0.000000,0.000000,0.000000,1.000000,0.000000,0.000000,0.000000,57.698101,20.499701,-14.700500,0.047771,-0.013570,0.015998,-15.666301,-52.738201,18.801300,-93.396698,0.129960,17.611099,-0.182931,-0.475644,-0.680147,0.526972,-1104.270996,1517.913574,-4602.371582,-1098.179077,1437.699585,-4614.534180,-1091.818726,1562.584106,-4628.143555,-1121.247559,1467.161987,-4564.754395,-1105.838867,1604.208984,-4602.054199,,,,,,,,,,,,,2616.278320,1567.726440,-3159.767334,,,,,,,,,,,,,865.329285,1500.329590,-3919.214600,880.876709,1638.827637,-3949.784912,,,,,,,,,,,,,,,
5748,57.480000,0.000000,0.000000,0.000000,1.000000,0.000000,0.000000,0.000000,57.698101,20.499701,-14.700500,0.047771,-0.013570,0.015998,-15.666301,-52.738201,18.801300,-93.396698,0.129960,17.611099,-0.182931,-0.475644,-0.680147,0.526972,-1104.270996,1517.913574,-4602.371582,-1098.179077,1437.699585,-4614.534180,-1091.818726,1562.584106,-4628.143555,-1121.247559,1467.161987,-4564.754395,-1105.838867,1604.208984,-4602.054199,,,,,,,,,,,,,2616.276855,1567.716797,-3159.785889,,,,,,,,,,,,,867.675537,1500.160767,-3918.277588,882.834351,1638.646851,-3949.006592,,,,,,,,,,,,,,,
5749,57.490000,0.000000,0.000000,0.000000,1.000000,0.000000,0.000000,0.000000,57.698101,20.499701,-14.700500,0.047771,-0.013570,0.015998,-15.666301,-52.738201,18.801300,-93.396698,0.129960,17.611099,-0.182931,-0.475644,-0.680147,0.526972,-1104.270996,1517.913574,-4602.371582,-1098.179077,1437.699585,-4614.534180,-1091.818726,1562.584106,-4628.143555,-1121.247559,1467.161987,-4564.754395,-1105.838867,1604.208984,-4602.054199,,,,,,,,,,,,,2616.300049,1567.749146,-3159.779785,,,,,,,,,,,,,869.083496,1499.895752,-3918.000000,885.153076,1638.727539,-3947.992432,,,,,,,,,,,,,,,
5750,57.500000,0.000000,0.000000,0.000000,1.000000,0.000000,0.000000,0.000000,57.698101,20.499701,-14.700500,0.047771,-0.013570,0.015998,-15.666301,-52.738201,18.801300,-93.396698,0.129960,17.611099,-0.182931,-0.475644,-0.680147,0.526972,-1104.270996,1517.913574,-4602.371582,-1098.179077,1437.699585,-4614.534180,-1091.818726,1562.584106,-4628.143555,-1121.247559,1467.161987,-4564.754395,-1105.838867,1604.208984,-4602.054199,,,,,,,,,,,,,2616.262207,1567.732788,-3159.786377,,,,,,,,,,,,,872.194824,1500.477539,-3916.030762,887.401001,1638.873413,-3946.841309,,,,,,,,,,,,,,,
5751,57.510000,0.000000,0.000000,0.000000,1.000000,0.000000,0.000000,0.000000,57.698101,20.499701,-14.700500,0.047771,-0.013570,0.015998,-15.666301,-52.738201,18.801300,-93.396698,0.129960,17.611099,-0.182931,-0.475644,-0.680147,0.526972,-1104.270996,1517.913574,-4602.371582,-1098.179077,1437.699585,-4614.534180,-1091.818726,1562.584106,-4628.143555,-1121.247559,1467.161987,-4564.754395,-1105.838867,1604.208984,-4602.054199,,,,,,,,,,,,,2616.287109,1567.750977,-3159.770508,,,,,,,,,,,,,873.953186,1500.336060,-3915.193604,889.611084,1638.907104,-3945.737793,,,,,,,,,,,,,,,
5752,57.520000,0.000000,0.000000,0.000000,1.000000,0.000000,0.000000,0.000000,57.698101,20.499701,-14.700500,0.047771,-0.013570,0.015998,-15.666301,-52.738201,18.801300,-93.396698,0.129960,17.611099,-0.182931,-0.475644,-0.680147,0.526972,-1104.270996,1517.913574,-4602.371582,-1098.179077,1437.699585,-4614.534180,-1091.818726,1562.584106,-4628.143555,-1121.247559,1467.161987,-4564.754395,-1105.838867,1604.208984,-4602.054199,,,,,,,,,,,,,2616.308350,1567.721069,-3159.766113,,,,,,,,,,,,,875.061340,1499.787720,-3914.839111,891.453796,1638.551758,-3944.822998,,,,,,,,,,,,,,,
5753,57.530000,0.000000,0.000000,0.000000,1.000000,0.000000,0.000000,0.000000,57.698101,20.499701,-14.700500,0.047771,-0.013570,0.015998,-15.666301,-52.738201,18.801300,-93.396698,0.129960,17.611099,-0.182931,-0.475644,-0.680147,0.526972,-1104.270996,1517.913574,-4602.371582,-1098.179077,1437.699585,-4614.534180,-1091.818726,1562.584106,-4628.143555,-1121.247559,1467.161987,-4564.754395,-1105.838867,1604.208984,-4602.054199,,,,,,,,,,,,,2616.309082,1567.741333,-3159.761230,,,,,,,,,,,,,876.464600,1499.338379,-3914.269043,892.669250,1637.896240,-3944.330078,,,,,,,,,,,,,,,
5754,57.540000,0.000000,0.000000,0.000000,1.000000,0.000000,0.000000,0.000000,57.698101,20.499701,-14.700500,0.047771,-0.013570,0.015998,-15.666301,-52.738201,18.801300,-93.396698,0.129960,17.611099,-0.182931,-0.475644,-0.680147,0.526972,-1104.270996,1517.913574,-4602.371582,-1098.179077,1437.699585,-4614.534180,-1091.818726,1562.584106,-4628.143555,-1121.247559,1467.161987,-4564.754395,-1105.838867,1604.208984,-4602.054199,,,,,,,,,,,,,2616.329102,1567.756470,-3159.757080,,,,,,,,,,,,,878.246521,1498.970215,-3913.278320,894.232178,1637.545288,-3943.561523,,,,,,,,,,,,,,,
5755,57.550000,0.000000,0.000000,0.000000,1.000000,0.000000,0.000000,0.000000,57.698101,20.499701,-14.700500,0.047771,-0.013570,0.015998,-15.666301,-52.738201,18.801300,-93.396698,0.129960,17.611099,-0.182931,-0.475644,-0.680147,0.526972,-1104.270996,1517.913574,-4602.371582,-1098.179077,1437.699585,-4614.534180,-1091.818726,1562.584106,-4628.143555,-1121.247559,1467.161987,-4564.754395,-1105.838867,1604.208984,-4602.054199,,,,,,,,,,,,,2616.297852,1567.756104,-3159.771729,,,,,,,,,,,,,880.341736,1498.857544,-3912.074707,896.027832,1637.455200,-3942.527344,,,,,,,,,,,,,,,
5756,57.560000,0.000000,0.000000,0.000000,1.000000,0.000000,0.000000,0.000000,57.698101,20.499701,-14.700500,0.047771,-0.013570,0.015998,-15.666301,-52.738201,18.801300,-93.396698,0.129960,17.611099,-0.182931,-0.475644,-0.680147,0.526972,-1104.270996,1517.913574,-4602.371582,-1098.179077,1437.699585,-4614.534180,-1091.818726,1562.584106,-4628.143555,-1121.247559,1467.161987,-4564.754395,-1105.838867,1604.208984,-4602.054199,,,,,,,,,,,,,2616.304932,1567.711548,-3159.771484,,,,,,,,,,,,,881.971985,1498.753540,-3911.242676,897.817322,1637.416870,-3941.488525,,,,,,,,,,,,,,,
5757,57.570000,0.000000,0.000000,0.000000,1.000000,0.000000,0.000000,0.000000,57.698101,20.499701,-14.700500,0.047771,-0.013570,0.015998,-15.666301,-52.738201,18.801300,-93.396698,0.129960,17.611099,-0.182931,-0.475644,-0.680147,0.526972,-1104.270996,1517.913574,-4602.371582,-1098.179077,1437.699585,-4614.534180,-1091.818726,1562.584106,-4628.143555,-1121.247559,1467.161987,-4564.754395,-1105.838867,1604.208984,-4602.054199,,,,,,,,,,,,,2616.301514,1567.720581,-3159.771484,,,,,,,,,,,,,883.894165,1498.741577,-3910.190918,899.827087,1637.317139,-3940.273682,,,,,,,,,,,,,,,
5758,57.580000,0.000000,0.000000,0.000000,1.000000,0.000000,0.000000,0.000000,57.698101,20.499701,-14.700500,0.047771,-0.013570,0.015998,-15.666301,-52.738201,18.801300,-93.396698,0.129960,17.611099,-0.182931,-0.475644,-0.680147,0.526972,-1104.270996,1517.913574,-4602.371582,-1098.179077,1437.699585,-4614.534180,-1091.818726,1562.584106,-4628.143555,-1121.247559,1467.161987,-4564.754395,-1105.838867,1604.208984,-4602.054199,,,,,,,,,,,,,2616.286377,1567.709351,-3159.768799,,,,,,,,,,,,,885.781494,1498.592651,-3908.976562,901.760010,1636.921997,-3939.223145,,,,,,,,,,,,,,,
5759,57.590000,0.000000,0.000000,0.000000,1.000000,0.000000,0.000000,0.000000,57.698101,20.499701,-14.700500,0.047771,-0.013570,0.015998,-15.666301,-52.738201,18.801300,-93.396698,0.129960,17.611099,-0.182931,-0.475644,-0.680147,0.526972,-1104.270996,1517.913574,-4602.371582,-1098.179077,1437.699585,-4614.534180,-1091.818726,1562.584106,-4628.143555,-1121.247559,1467.161987,-4564.754395,-1105.838867,1604.208984,-4602.054199,,,,,,,,,,,,,2616.301270,1567.723999,-3159.764160,,,,,,,,,,,,,887.311035,1498.173706,-3908.011719,903.629578,1636.433105,-3938.130371,,,,,,,,,,,,,,,
5760,57.600000,0.000000,0.000000,0.000000,1.000000,0.000000,0.000000,0.000000,57.698101,20.499701,-14.700500,0.047771,-0.013570,0.015998,-15.666301,-52.738201,18.801300,-93.396698,0.129960,17.611099,-0.182931,-0.475644,-0.680147,0.526972,-1104.270996,1517.913574,-4602.371582,-1098.179077,1437.699585,-4614.534180,-1091.818726,1562.584106,-4628.143555,-1121.247559,1467.161987,-4564.754395,-1105.838867,1604.208984,-4602.054199,,,,,,,,,,,,,2616.278564,1567.732300,-3159.774902,,,,,,,,,,,,,888.674072,1497.613892,-3907.088623,905.203674,1635.982300,-3937.278809,,,,,,,,,,,,,,,
5761,57.610000,0.000000,0.000000,0.000000,1.000000,0.000000,0.000000,0.000000,57.698101,20.499701,-14.700500,0.047771,-0.013570,0.015998,-15.666301,-52.738201,18.801300,-93.396698,0.129960,17.611099,-0.182931,-0.475644,-0.680147,0.526972,-1104.270996,1517.913574,-4602.371582,-1098.179077,1437.699585,-4614.534180,-1091.818726,1562.584106,-4628.143555,-1121.247559,1467.161987,-4564.754395,-1105.838867,1604.208984,-4602.054199,,,,,,,,,,,,,2616.290283,1567.786377,-3159.790283,,,,,,,,,,,,,890.017761,1497.100464,-3906.064453,906.664551,1635.624023,-3936.344971,,,,,,,,,,,,,,,
5762,57.620000,0.000000,0.000000,0.000000,1.000000,0.000000,0.000000,0.000000,57.698101,20.499701,-14.700500,0.047771,-0.013570,0.015998,-15.666301,-52.738201,18.801300,-93.396698,0.129960,17.611099,-0.182931,-0.475644,-0.680147,0.526972,-1104.270996,1517.913574,-4602.371582,-1098.179077,1437.699585,-4614.534180,-1091.818726,1562.584106,-4628.143555,-1121.247559,1467.161987,-4564.754395,-1105.838867,1604.208984,-4602.054199,,,,,,,,,,,,,2616.295654,1567.762695,-3159.784424,,,,,,,,,,,,,891.368774,1496.605835,-3905.162598,907.872864,1635.223633,-3935.593262,,,,,,,,,,,,,,,
5763,57.630000,0.000000,0.000000,0.000000,1.000000,0.000000,0.000000,0.000000,57.698101,20.499701,-14.700500,0.047771,-0.013570,0.015998,-15.666301,-52.738201,18.801300,-93.396698,0.129960,17.611099,-0.182931,-0.475644,-0.680147,0.526972,-1104.270996,1517.913574,-4602.371582,-1098.179077,1437.699585,-4614.534180,-1091.818726,1562.584106,-4628.143555,-1121.247559,1467.161987,-4564.754395,-1105.838867,1604.208984,-4602.054199,,,,,,,,,,,,,2616.286865,1567.731201,-3159.786133,,,,,,,,,,,,,892.627014,1496.254150,-3904.405518,909.517700,1634.853394,-3934.632568,,,,,,,,,,,,,,,
5764,57.640000,0.000000,0.000000,0.000000,1.000000,0.000000,0.000000,0.000000,57.698101,20.499701,-14.700500,0.047771,-0.013570,0.015998,-15.666301,-52.738201,18.801300,-93.396698,0.129960,17.611099,-0.182931,-0.475644,-0.680147,0.526972,-1104.270996,1517.913574,-4602.371582,-1098.179077,1437.699585,-4614.534180,-1091.818726,1562.584106,-4628.143555,-1121.247559,1467.161987,-4564.754395,-1105.838867,1604.208984,-4602.054199,,,,,,,,,,,,,2616.299805,1567.756714,-3159.775146,,,,,,,,,,,,,894.093079,1496.100830,-3903.366211,911.659180,1634.506104,-3933.497070,,,,,,,,,,,,,,,
5765,57.650000,0.000000,0.000000,0.000000,1.000000,0.000000,0.000000,0.000000,57.698101,20.499701,-14.700500,0.047771,-0.013570,0.015998,-15.666301,-52.738201,18.801300,-93.396698,0.129960,17.611099,-0.182931,-0.475644,-0.680147,0.526972,-1104.270996,1517.913574,-4602.371582,-1098.179077,1437.699585,-4614.534180,-1091.818726,1562.584106,-4628.143555,-1121.247559,1467.161987,-4564.754395,-1105.838867,1604.208984,-4602.054199,,,,,,,,,,,,,2616.287842,1567.748291,-3159.775635,,,,,,,,,,,,,895.722656,1495.894897,-3902.261475,913.651733,1634.170898,-3932.451172,,,,,,,,,,,,,,,
5766,57.660000,0.000000,0.000000,0.000000,1.000000,0.000000,0.000000,0.000000,57.698101,20.499701,-14.700500,0.047771,-0.013570,0.015998,-15.666301,-52.738201,18.801300,-93.396698,0.129960,17.611099,-0.182931,-0.475644,-0.680147,0.526972,-1104.270996,1517.913574,-4602.371582,-1098.179077,1437.699585,-4614.534180,-1091.818726,1562.584106,-4628.143555,-1121.247559,1467.161987,-4564.754395,-1105.838867,1604.208984,-4602.054199,,,,,,,,,,,,,2616.280029,1567.743530,-3159.793213,,,,,,,,,,,,,897.557129,1495.593506,-3901.156982,915.492920,1634.021729,-3931.302490,,,,,,,,,,,,,,,
5767,57.670000,0.000000,0.000000,0.000000,1.000000,0.000000,0.000000,0.000000,57.698101,20.499701,-14.700500,0.047771,-0.013570,0.015998,-15.666301,-52.738201,18.801300,-93.396698,0.129960,17.611099,-0.182931,-0.475644,-0.680147,0.526972,-1104.270996,1517.913574,-4602.371582,-1098.179077,1437.699585,-4614.534180,-1091.818726,1562.584106,-4628.143555,-1121.247559,1467.161987,-4564.754395,-1105.838867,1604.208984,-4602.054199,,,,,,,,,,,,,2616.298828,1567.744385,-3159.791504,,,,,,,,,,,,,899.365784,1495.353271,-3899.898193,917.139526,1633.904907,-3930.268799,,,,,,,,,,,,,,,
5768,57.680000,0.000000,0.000000,0.000000,1.000000,0.000000,0.000000,0.000000,57.698101,20.499701,-14.700500,0.047771,-0.013570,0.015998,-15.666301,-52.738201,18.801300,-93.396698,0.129960,17.611099,-0.182931,-0.475644,-0.680147,0.526972,-1104.270996,1517.913574,-4602.371582,-1098.179077,1437.699585,-4614.534180,-1091.818726,1562.584106,-4628.143555,-1121.247559,1467.161987,-4564.754395,-1105.838867,1604.208984,-4602.054199,,,,,,,,,,,,,2616.308350,1567.731934,-3159.777832,,,,,,,,,,,,,901.214478,1495.227783,-3898.382324,918.762634,1633.834961,-3929.062744,,,,,,,,,,,,,,,
5769,57.690000,0.000000,0.000000,0.000000,1.000000,0.000000,0.000000,0.000000,57.698101,20.499701,-14.700500,0.047771,-0.013570,0.015998,-15.666301,-52.738201,18.801300,-93.396698,0.129960,17.611099,-0.182931,-0.475644,-0.680147,0.526972,-1104.270996,1517.913574,-4602.371582,-1098.179077,1437.699585,-4614.534180,-1091.818726,1562.584106,-4628.143555,-1121.247559,1467.161987,-4564.754395,-1105.838867,1604.208984,-4602.054199,,,,,,,,,,,,,2616.285400,1567.726074,-3159.789307,,,,,,,,,,,,,902.843567,1495.153564,-3896.997559,920.347351,1633.569214,-3927.863281,,,,,,,,,,,,,,,
5770,57.700000,0.000000,0.000000,0.000000,1.000000,0.000000,0.000000,0.000000,57.698101,20.499701,-14.700500,0.047771,-0.013570,0.015998,-15.666301,-52.738201,18.801300,-93.396698,0.129960,17.611099,-0.182931,-0.475644,-0.680147,0.526972,-1104.270996,1517.913574,-4602.371582,-1098.179077,1437.699585,-4614.534180,-1091.818726,1562.584106,-4628.143555,-1121.247559,1467.161987,-4564.754395,-1105.838867,1604.208984,-4602.054199,,,,,,,,,,,,,2616.306885,1567.737427,-3159.774902,,,,,,,,,,,,,904.486206,1495.132812,-3895.552490,921.758240,1632.947632,-3926.744141,,,,,,,,,,,,,,,
5771,57.710000,0.000000,0.000000,0.000000,1.000000,0.000000,0.000000,0.000000,57.698101,20.499701,-14.700500,0.047771,-0.013570,0.015998,-15.666301,-52.738201,18.801300,-93.396698,0.129960,17.611099,-0.182931,-0.475644,-0.680147,0.526972,-1104.270996,1517.913574,-4602.371582,-1098.179077,1437.699585,-4614.534180,-1091.818726,1562.584106,-4628.143555,-1121.247559,1467.161987,-4564.754395,-1105.838867,1604.208984,-4602.054199,,,,,,,,,,,,,2616.307617,1567.718506,-3159.768311,,,,,,,,,,,,,905.874512,1494.844482,-3894.330078,923.135071,1632.351440,-3925.648193,,,,,,,,,,,,,,,
5772,57.720000,0.000000,0.000000,0.000000,1.000000,0.000000,0.000000,0.000000,57.698101,20.499701,-14.700500,0.047771,-0.013570,0.015998,-15.666301,-52.738201,18.801300,-93.396698,0.129960,17.611099,-0.182931,-0.475644,-0.680147,0.526972,-1104.270996,1517.913574,-4602.371582,-1098.179077,1437.699585,-4614.534180,-1091.818726,1562.584106,-4628.143555,-1121.247559,1467.161987,-4564.754395,-1105.838867,1604.208984,-4602.054199,,,,,,,,,,,,,2616.325439,1567.722412,-3159.760254,,,,,,,,,,,,,907.053223,1494.319092,-3893.475586,924.584717,1631.944580,-3924.439697,,,,,,,,,,,,,,,
5773,57.730000,0.000000,0.000000,0.000000,1.000000,0.000000,0.000000,0.000000,57.698101,20.499701,-14.700500,0.047771,-0.013570,0.015998,-15.666301,-52.738201,18.801300,-93.396698,0.129960,17.611099,-0.182931,-0.475644,-0.680147,0.526972,-1104.270996,1517.913574,-4602.371582,-1098.179077,1437.699585,-4614.534180,-1091.818726,1562.584106,-4628.143555,-1121.247559,1467.161987,-4564.754395,-1105.838867,1604.208984,-4602.054199,,,,,,,,,,,,,2616.299316,1567.742676,-3159.778320,,,,,,,,,,,,,908.409546,1493.793579,-3892.510742,926.186646,1631.764893,-3923.182129,,,,,,,,,,,,,,,
5774,57.740000,0.000000,0.000000,0.000000,1.000000,0.000000,0.000000,0.000000,57.698101,20.499701,-14.700500,0.047771,-0.013570,0.015998,-15.666301,-52.738201,18.801300,-93.396698,0.129960,17.611099,-0.182931,-0.475644,-0.680147,0.526972,-1104.270996,1517.913574,-4602.371582,-1098.179077,1437.699585,-4614.534180,-1091.818726,1562.584106,-4628.143555,-1121.247559,1467.161987,-4564.754395,-1105.838867,1604.208984,-4602.054199,,,,,,,,,,,,,2616.279541,1567.755981,-3159.785156,,,,,,,,,,,,,909.747131,1493.294678,-3891.619873,927.781982,1631.687256,-3921.941895,,,,,,,,,,,,,,,
5775,57.750000,0.000000,0.000000,0.000000,1.000000,0.000000,0.000000,0.000000,57.698101,20.499701,-14.700500,0.047771,-0.013570,0.015998,-15.666301,-52.738201,18.801300,-93.396698,0.129960,17.611099,-0.182931,-0.475644,-0.680147,0.526972,-1104.270996,1517.913574,-4602.371582,-1098.179077,1437.699585,-4614.534180,-1091.818726,1562.584106,-4628.143555,-1121.247559,1467.161987,-4564.754395,-1105.838867,1604.208984,-4602.054199,,,,,,,,,,,,,2616.273438,1567.750244,-3159.786621,,,,,,,,,,,,,911.191406,1493.311890,-3890.911133,929.473816,1631.716431,-3920.723145,,,,,,,,,,,,,,,
5776,57.760000,0.000000,0.000000,0.000000,1.000000,0.000000,0.000000,0.000000,57.698101,20.499701,-14.700500,0.047771,-0.013570,0.015998,-15.666301,-52.738201,18.801300,-93.396698,0.129960,17.611099,-0.182931,-0.475644,-0.680147,0.526972,-1104.270996,1517.913574,-4602.371582,-1098.179077,1437.699585,-4614.534180,-1091.818726,1562.584106,-4628.143555,-1121.247559,1467.161987,-4564.754395,-1105.838867,1604.208984,-4602.054199,,,,,,,,,,,,,2616.273438,1567.722168,-3159.783936,,,,,,,,,,,,,913.054932,1493.307739,-3889.731934,931.459961,1631.859497,-3919.367432,,,,,,,,,,,,,,,
5777,57.770000,0.000000,0.000000,0.000000,1.000000,0.000000,0.000000,0.000000,57.698101,20.499701,-14.700500,0.047771,-0.013570,0.015998,-15.666301,-52.738201,18.801300,-93.396698,0.129960,17.611099,-0.182931,-0.475644,-0.680147,0.526972,-1104.270996,1517.913574,-4602.371582,-1098.179077,1437.699585,-4614.534180,-1091.818726,1562.584106,-4628.143555,-1121.247559,1467.161987,-4564.754395,-1105.838867,1604.208984,-4602.054199,,,,,,,,,,,,,2616.292725,1567.752563,-3159.776611,,,,,,,,,,,,,915.350647,1493.400146,-3888.415039,933.321655,1631.815552,-3918.318604,,,,,,,,,,,,,,,
5778,57.780000,0.000000,0.000000,0.000000,1.000000,0.000000,0.000000,0.000000,57.698101,20.499701,-14.700500,0.047771,-0.013570,0.015998,-15.666301,-52.738201,18.801300,-93.396698,0.129960,17.611099,-0.182931,-0.475644,-0.680147,0.526972,-1104.270996,1517.913574,-4602.371582,-1098.179077,1437.699585,-4614.534180,-1091.818726,1562.584106,-4628.143555,-1121.247559,1467.161987,-4564.754395,-1105.838867,1604.208984,-4602.054199,,,,,,,,,,,,,2616.296875,1567.772217,-3159.776611,,,,,,,,,,,,,916.790771,1493.058960,-3888.191895,935.186768,1631.739136,-3917.225342,,,,,,,,,,,,,,,
5779,57.790000,0.000000,0.000000,0.000000,1.000000,0.000000,0.000000,0.000000,57.698101,20.499701,-14.700500,0.047771,-0.013570,0.015998,-15.666301,-52.738201,18.801300,-93.396698,0.129960,17.611099,-0.182931,-0.475644,-0.680147,0.526972,-1104.270996,1517.913574,-4602.371582,-1098.179077,1437.699585,-4614.534180,-1091.818726,1562.584106,-4628.143555,-1121.247559,1467.161987,-4564.754395,-1105.838867,1604.208984,-4602.054199,,,,,,,,,,,,,2616.274170,1567.764160,-3159.786133,,,,,,,,,,,,,918.603699,1493.030518,-3887.228027,936.551880,1631.443359,-3916.639893,,,,,,,,,,,,,,,
5780,57.800000,0.000000,0.000000,0.000000,1.000000,0.000000,0.000000,0.000000,57.698101,20.499701,-14.700500,0.047771,-0.013570,0.015998,-15.666301,-52.738201,18.801300,-93.396698,0.129960,17.611099,-0.182931,-0.475644,-0.680147,0.526972,-1104.270996,1517.913574,-4602.371582,-1098.179077,1437.699585,-4614.534180,-1091.818726,1562.584106,-4628.143555,-1121.247559,1467.161987,-4564.754395,-1105.838867,1604.208984,-4602.054199,,,,,,,,,,,,,2616.272949,1567.748291,-3159.792725,,,,,,,,,,,,,921.149231,1493.279053,-3885.528809,938.018982,1631.320190,-3915.958252,,,,,,,,,,,,,,,
5781,57.810000,0.000000,0.000000,0.000000,1.000000,0.000000,0.000000,0.000000,57.698101,20.499701,-14.700500,0.047771,-0.013570,0.015998,-15.666301,-52.738201,18.801300,-93.396698,0.129960,17.611099,-0.182931,-0.475644,-0.680147,0.526972,-1104.270996,1517.913574,-4602.371582,-1098.179077,1437.699585,-4614.534180,-1091.818726,1562.584106,-4628.143555,-1121.247559,1467.161987,-4564.754395,-1105.838867,1604.208984,-4602.054199,,,,,,,,,,,,,2616.303223,1567.743530,-3159.768066,,,,,,,,,,,,,922.283569,1492.780029,-3885.391113,940.100464,1631.558472,-3914.956543,,,,,,,,,,,,,,,
5782,57.820000,0.000000,0.000000,0.000000,1.000000,0.000000,0.000000,0.000000,57.698101,20.499701,-14.700500,0.047771,-0.013570,0.015998,-15.666301,-52.738201,18.801300,-93.396698,0.129960,17.611099,-0.182931,-0.475644,-0.680147,0.526972,-1104.270996,1517.913574,-4602.371582,-1098.179077,1437.699585,-4614.534180,-1091.818726,1562.584106,-4628.143555,-1121.247559,1467.161987,-4564.754395,-1105.838867,1604.208984,-4602.054199,,,,,,,,,,,,,2616.275635,1567.747803,-3159.783691,,,,,,,,,,,,,924.591309,1492.873291,-3884.454102,942.400574,1631.982300,-3913.887939,,,,,,,,,,,,,,,
5783,57.830000,0.000000,0.000000,0.000000,1.000000,0.000000,0.000000,0.000000,57.698101,20.499701,-14.700500,0.047771,-0.013570,0.015998,-15.666301,-52.738201,18.801300,-93.396698,0.129960,17.611099,-0.182931,-0.475644,-0.680147,0.526972,-1104.270996,1517.913574,-4602.371582,-1098.179077,1437.699585,-4614.534180,-1091.818726,1562.584106,-4628.143555,-1121.247559,1467.161987,-4564.754395,-1105.838867,1604.208984,-4602.054199,,,,,,,,,,,,,2616.276855,1567.740112,-3159.779785,,,,,,,,,,,,,927.837585,1493.605103,-3882.698486,944.691345,1632.450684,-3912.930664,,,,,,,,,,,,,,,
5784,57.840000,0.000000,0.000000,0.000000,1.000000,0.000000,0.000000,0.000000,57.698101,20.499701,-14.700500,0.047771,-0.013570,0.015998,-15.666301,-52.738201,18.801300,-93.396698,0.129960,17.611099,-0.182931,-0.475644,-0.680147,0.526972,-1104.270996,1517.913574,-4602.371582,-1098.179077,1437.699585,-4614.534180,-1091.818726,1562.584106,-4628.143555,-1121.247559,1467.161987,-4564.754395,-1105.838867,1604.208984,-4602.054199,,,,,,,,,,,,,2616.284668,1567.764282,-3159.786621,,,,,,,,,,,,,930.252441,1494.128906,-3881.448486,946.362549,1632.463379,-3912.500488,,,,,,,,,,,,,,,
5785,57.850000,0.000000,0.000000,0.000000,1.000000,0.000000,0.000000,0.000000,57.698101,20.499701,-14.700500,0.047771,-0.013570,0.015998,-15.666301,-52.738201,18.801300,-93.396698,0.129960,17.611099,-0.182931,-0.475644,-0.680147,0.526972,-1104.270996,1517.913574,-4602.371582,-1098.179077,1437.699585,-4614.534180,-1091.818726,1562.584106,-4628.143555,-1121.247559,1467.161987,-4564.754395,-1105.838867,1604.208984,-4602.054199,,,,,,,,,,,,,2616.314453,1567.756226,-3159.789795,,,,,,,,,,,,,931.394592,1493.966431,-3881.071533,947.998352,1632.274902,-3912.084473,,,,,,,,,,,,,,,
5786,57.860000,0.000000,0.000000,0.000000,1.000000,0.000000,0.000000,0.000000,57.698101,20.499701,-14.700500,0.047771,-0.013570,0.015998,-15.666301,-52.738201,18.801300,-93.396698,0.129960,17.611099,-0.182931,-0.475644,-0.680147,0.526972,-1104.270996,1517.913574,-4602.371582,-1098.179077,1437.699585,-4614.534180,-1091.818726,1562.584106,-4628.143555,-1121.247559,1467.161987,-4564.754395,-1105.838867,1604.208984,-4602.054199,,,,,,,,,,,,,2616.275635,1567.716431,-3159.769775,,,,,,,,,,,,,933.260254,1494.053711,-3880.443115,950.839722,1632.324951,-3911.189941,,,,,,,,,,,,,,,
5787,57.870000,0.000000,0.000000,0.000000,1.000000,0.000000,0.000000,0.000000,57.698101,20.499701,-14.700500,0.047771,-0.013570,0.015998,-15.666301,-52.738201,18.801300,-93.396698,0.129960,17.611099,-0.182931,-0.475644,-0.680147,0.526972,-1104.270996,1517.913574,-4602.371582,-1098.179077,1437.699585,-4614.534180,-1091.818726,1562.584106,-4628.143555,-1121.247559,1467.161987,-4564.754395,-1105.838867,1604.208984,-4602.054199,,,,,,,,,,,,,2616.297119,1567.750977,-3159.778076,,,,,,,,,,,,,936.071655,1494.399902,-3879.246826,953.558167,1632.663086,-3910.189453,,,,,,,,,,,,,,,
5788,57.880000,0.000000,0.000000,0.000000,1.000000,0.000000,0.000000,0.000000,57.698101,20.499701,-14.700500,0.047771,-0.013570,0.015998,-15.666301,-52.738201,18.801300,-93.396698,0.129960,17.611099,-0.182931,-0.475644,-0.680147,0.526972,-1104.270996,1517.913574,-4602.371582,-1098.179077,1437.699585,-4614.534180,-1091.818726,1562.584106,-4628.143555,-1121.247559,1467.161987,-4564.754395,-1105.838867,1604.208984,-4602.054199,,,,,,,,,,,,,2616.272217,1567.757568,-3159.777832,,,,,,,,,,,,,938.410278,1495.005859,-3878.467041,955.521301,1632.742798,-3909.716553,,,,,,,,,,,,,,,
5789,57.890000,0.000000,0.000000,0.000000,1.000000,0.000000,0.000000,0.000000,57.698101,20.499701,-14.700500,0.047771,-0.013570,0.015998,-15.666301,-52.738201,18.801300,-93.396698,0.129960,17.611099,-0.182931,-0.475644,-0.680147,0.526972,-1104.270996,1517.913574,-4602.371582,-1098.179077,1437.699585,-4614.534180,-1091.818726,1562.584106,-4628.143555,-1121.247559,1467.161987,-4564.754395,-1105.838867,1604.208984,-4602.054199,,,,,,,,,,,,,2616.310059,1567.726318,-3159.770020,,,,,,,,,,,,,941.148865,1494.998413,-3876.696289,957.094849,1632.702148,-3909.298828,,,,,,,,,,,,,,,
5790,57.900000,0.000000,0.000000,0.000000,1.000000,0.000000,0.000000,0.000000,57.698101,20.499701,-14.700500,0.047771,-0.013570,0.015998,-15.666301,-52.738201,18.801300,-93.396698,0.129960,17.611099,-0.182931,-0.475644,-0.680147,0.526972,-1104.270996,1517.913574,-4602.371582,-1098.179077,1437.699585,-4614.534180,-1091.818726,1562.584106,-4628.143555,-1121.247559,1467.161987,-4564.754395,-1105.838867,1604.208984,-4602.054199,,,,,,,,,,,,,2616.314697,1567.738770,-3159.762207,,,,,,,,,,,,,942.842529,1494.674561,-3876.040283,959.655518,1632.951416,-3908.351807,,,,,,,,,,,,,,,
5791,57.910000,0.000000,0.000000,0.000000,1.000000,0.000000,0.000000,0.000000,57.698101,20.499701,-14.700500,0.047771,-0.013570,0.015998,-15.666301,-52.738201,18.801300,-93.396698,0.129960,17.611099,-0.182931,-0.475644,-0.680147,0.526972,-1104.270996,1517.913574,-4602.371582,-1098.179077,1437.699585,-4614.534180,-1091.818726,1562.584106,-4628.143555,-1121.247559,1467.161987,-4564.754395,-1105.838867,1604.208984,-4602.054199,,,,,,,,,,,,,2616.265137,1567.751465,-3159.788086,,,,,,,,,,,,,945.059753,1494.996948,-3875.112793,962.211365,1633.126099,-3907.383545,,,,,,,,,,,,,,,
5792,57.920000,0.000000,0.000000,0.000000,1.000000,0.000000,0.000000,0.000000,57.698101,20.499701,-14.700500,0.047771,-0.013570,0.015998,-15.666301,-52.738201,18.801300,-93.396698,0.129960,17.611099,-0.182931,-0.475644,-0.680147,0.526972,-1104.270996,1517.913574,-4602.371582,-1098.179077,1437.699585,-4614.534180,-1091.818726,1562.584106,-4628.143555,-1121.247559,1467.161987,-4564.754395,-1105.838867,1604.208984,-4602.054199,,,,,,,,,,,,,2616.298584,1567.763550,-3159.791992,,,,,,,,,,,,,948.237671,1495.263428,-3873.406738,965.021057,1633.033813,-3906.156006,,,,,,,,,,,,,,,
5793,57.930000,0.000000,0.000000,0.000000,1.000000,0.000000,0.000000,0.000000,57.698101,20.499701,-14.700500,0.047771,-0.013570,0.015998,-15.666301,-52.738201,18.801300,-93.396698,0.129960,17.611099,-0.182931,-0.475644,-0.680147,0.526972,-1104.270996,1517.913574,-4602.371582,-1098.179077,1437.699585,-4614.534180,-1091.818726,1562.584106,-4628.143555,-1121.247559,1467.161987,-4564.754395,-1105.838867,1604.208984,-4602.054199,,,,,,,,,,,,,2616.275879,1567.745972,-3159.790283,,,,,,,,,,,,,951.062439,1495.226685,-3871.730713,966.766663,1632.385864,-3905.618896,,,,,,,,,,,,,,,
5794,57.940000,0.000000,0.000000,0.000000,1.000000,0.000000,0.000000,0.000000,57.698101,20.499701,-14.700500,0.047771,-0.013570,0.015998,-15.666301,-52.738201,18.801300,-93.396698,0.129960,17.611099,-0.182931,-0.475644,-0.680147,0.526972,-1104.270996,1517.913574,-4602.371582,-1098.179077,1437.699585,-4614.534180,-1091.818726,1562.584106,-4628.143555,-1121.247559,1467.161987,-4564.754395,-1105.838867,1604.208984,-4602.054199,,,,,,,,,,,,,2616.284180,1567.735474,-3159.791016,,,,,,,,,,,,,953.052551,1494.691162,-3870.659912,968.907410,1632.400269,-3904.562500,,,,,,,,,,,,,,,
5795,57.950000,0.000000,0.000000,0.000000,1.000000,0.000000,0.000000,0.000000,57.698101,20.499701,-14.700500,0.047771,-0.013570,0.015998,-15.666301,-52.738201,18.801300,-93.396698,0.129960,17.611099,-0.182931,-0.475644,-0.680147,0.526972,-1104.270996,1517.913574,-4602.371582,-1098.179077,1437.699585,-4614.534180,-1091.818726,1562.584106,-4628.143555,-1121.247559,1467.161987,-4564.754395,-1105.838867,1604.208984,-4602.054199,,,,,,,,,,,,,2616.310547,1567.729004,-3159.779053,,,,,,,,,,,,,955.019958,1494.168701,-3869.399658,971.204041,1632.419189,-3903.250000,,,,,,,,,,,,,,,
5796,57.960000,0.000000,0.000000,0.000000,1.000000,0.000000,0.000000,0.000000,57.698101,20.499701,-14.700500,0.047771,-0.013570,0.015998,-15.666301,-52.738201,18.801300,-93.396698,0.129960,17.611099,-0.182931,-0.475644,-0.680147,0.526972,-1104.270996,1517.913574,-4602.371582,-1098.179077,1437.699585,-4614.534180,-1091.818726,1562.584106,-4628.143555,-1121.247559,1467.161987,-4564.754395,-1105.838867,1604.208984,-4602.054199,,,,,,,,,,,,,2616.320557,1567.744629,-3159.769775,,,,,,,,,,,,,957.314514,1493.940796,-3867.751709,974.123230,1632.243774,-3901.571045,,,,,,,,,,,,,,,
5797,57.970000,0.000000,0.000000,0.000000,1.000000,0.000000,0.000000,0.000000,57.698101,20.499701,-14.700500,0.047771,-0.013570,0.015998,-15.666301,-52.738201,18.801300,-93.396698,0.129960,17.611099,-0.182931,-0.475644,-0.680147,0.526972,-1104.270996,1517.913574,-4602.371582,-1098.179077,1437.699585,-4614.534180,-1091.818726,1562.584106,-4628.143555,-1121.247559,1467.161987,-4564.754395,-1105.838867,1604.208984,-4602.054199,,,,,,,,,,,,,2616.261963,1567.783691,-3159.795410,,,,,,,,,,,,,960.094666,1493.858521,-3865.748779,976.864502,1631.624023,-3899.882324,,,,,,,,,,,,,,,
5798,57.980000,0.000000,0.000000,0.000000,1.000000,0.000000,0.000000,0.000000,57.698101,20.499701,-14.700500,0.047771,-0.013570,0.015998,-15.666301,-52.738201,18.801300,-93.396698,0.129960,17.611099,-0.182931,-0.475644,-0.680147,0.526972,-1104.270996,1517.913574,-4602.371582,-1098.179077,1437.699585,-4614.534180,-1091.818726,1562.584106,-4628.143555,-1121.247559,1467.161987,-4564.754395,-1105.838867,1604.208984,-4602.054199,,,,,,,,,,,,,2616.255859,1567.745728,-3159.796143,,,,,,,,,,,,,962.971008,1493.546753,-3863.670898,979.146606,1630.895386,-3898.452393,,,,,,,,,,,,,,,
5799,57.990000,0.000000,0.000000,0.000000,1.000000,0.000000,0.000000,0.000000,57.698101,20.499701,-14.700500,0.047771,-0.013570,0.015998,-15.666301,-52.738201,18.801300,-93.396698,0.129960,17.611099,-0.182931,-0.475644,-0.680147,0.526972,-1104.270996,1517.913574,-4602.371582,-1098.179077,1437.699585,-4614.534180,-1091.818726,1562.584106,-4628.143555,-1121.247559,1467.161987,-4564.754395,-1105.838867,1604.208984,-4602.054199,,,,,,,,,,,,,2616.289307,1567.726074,-3159.781006,,,,,,,,,,,,,965.756470,1493.086182,-3861.677002,981.001892,1630.609375,-3896.955566,,,,,,,,,,,,,,,
5800,58.000000,0.000000,0.000000,0.000000,1.000000,0.000000,0.000000,0.000000,57.698101,20.499701,-14.700500,0.047771,-0.013570,0.015998,-15.666301,-52.738201,18.801300,-93.396698,0.129960,17.611099,-0.182931,-0.475644,-0.680147,0.526972,-1104.270996,1517.913574,-4602.371582,-1098.179077,1437.699585,-4614.534180,-1091.818726,1562.584106,-4628.143555,-1121.247559,1467.161987,-4564.754395,-1105.838867,1604.208984,-4602.054199,,,,,,,,,,,,,2616.327881,1567.708984,-3159.758301,,,,,,,,,,,,,968.411377,1492.829956,-3859.550537,983.103333,1630.070923,-3895.138672,,,,,,,,,,,,,,,
5801,58.010000,0.000000,0.000000,0.000000,1.000000,0.000000,0.000000,0.000000,57.698101,20.499701,-14.700500,0.047771,-0.013570,0.015998,-15.666301,-52.738201,18.801300,-93.396698,0.129960,17.611099,-0.182931,-0.475644,-0.680147,0.526972,-1104.270996,1517.913574,-4602.371582,-1098.179077,1437.699585,-4614.534180,-1091.818726,1562.584106,-4628.143555,-1121.247559,1467.161987,-4564.754395,-1105.838867,1604.208984,-4602.054199,,,,,,,,,,,,,2616.289062,1567.735962,-3159.766846,,,,,,,,,,,,,970.607788,1492.308228,-3857.301270,986.016479,1629.232178,-3892.934570,,,,,,,,,,,,,,,
5802,58.020000,0.000000,0.000000,0.000000,1.000000,0.000000,0.000000,0.000000,57.698101,20.499701,-14.700500,0.047771,-0.013570,0.015998,-15.666301,-52.738201,18.801300,-93.396698,0.129960,17.611099,-0.182931,-0.475644,-0.680147,0.526972,-1104.270996,1517.913574,-4602.371582,-1098.179077,1437.699585,-4614.534180,-1091.818726,1562.584106,-4628.143555,-1121.247559,1467.161987,-4564.754395,-1105.838867,1604.208984,-4602.054199,,,,,,,,,,,,,2616.279053,1567.752686,-3159.788086,,,,,,,,,,,,,972.866455,1491.252197,-3855.529541,988.983215,1628.762451,-3890.407959,,,,,,,,,,,,,,,
5803,58.030000,0.000000,0.000000,0.000000,1.000000,0.000000,0.000000,0.000000,57.698101,20.499701,-14.700500,0.047771,-0.013570,0.015998,-15.666301,-52.738201,18.801300,-93.396698,0.129960,17.611099,-0.182931,-0.475644,-0.680147,0.526972,-1104.270996,1517.913574,-4602.371582,-1098.179077,1437.699585,-4614.534180,-1091.818726,1562.584106,-4628.143555,-1121.247559,1467.161987,-4564.754395,-1105.838867,1604.208984,-4602.054199,,,,,,,,,,,,,2616.292969,1567.726440,-3159.778320,,,,,,,,,,,,,975.339661,1490.485718,-3853.551025,991.664490,1628.817017,-3888.020996,,,,,,,,,,,,,,,
5804,58.040000,0.000000,0.000000,0.000000,1.000000,0.000000,0.000000,0.000000,57.698101,20.499701,-14.700500,0.047771,-0.013570,0.015998,-15.666301,-52.738201,18.801300,-93.396698,0.129960,17.611099,-0.182931,-0.475644,-0.680147,0.526972,-1104.270996,1517.913574,-4602.371582,-1098.179077,1437.699585,-4614.534180,-1091.818726,1562.584106,-4628.143555,-1121.247559,1467.161987,-4564.754395,-1105.838867,1604.208984,-4602.054199,,,,,,,,,,,,,2616.269775,1567.740234,-3159.784424,,,,,,,,,,,,,978.140686,1490.112915,-3850.928955,994.572449,1628.195435,-3885.452148,,,,,,,,,,,,,,,
5805,58.050000,0.000000,0.000000,0.000000,1.000000,0.000000,0.000000,0.000000,57.698101,20.499701,-14.700500,0.047771,-0.013570,0.015998,-15.666301,-52.738201,18.801300,-93.396698,0.129960,17.611099,-0.182931,-0.475644,-0.680147,0.526972,-1104.270996,1517.913574,-4602.371582,-1098.179077,1437.699585,-4614.534180,-1091.818726,1562.584106,-4628.143555,-1121.247559,1467.161987,-4564.754395,-1105.838867,1604.208984,-4602.054199,,,,,,,,,,,,,2616.245850,1567.791382,-3159.807617,,,,,,,,,,,,,981.415588,1489.686523,-3848.303467,997.780579,1627.341675,-3882.769531,,,,,,,,,,,,,,,
5806,58.060000,0.000000,0.000000,0.000000,1.000000,0.000000,0.000000,0.000000,57.698101,20.499701,-14.700500,0.047771,-0.013570,0.015998,-15.666301,-52.738201,18.801300,-93.396698,0.129960,17.611099,-0.182931,-0.475644,-0.680147,0.526972,-1104.270996,1517.913574,-4602.371582,-1098.179077,1437.699585,-4614.534180,-1091.818726,1562.584106,-4628.143555,-1121.247559,1467.161987,-4564.754395,-1105.838867,1604.208984,-4602.054199,,,,,,,,,,,,,2616.240723,1567.748657,-3159.802246,,,,,,,,,,,,,984.533020,1488.874023,-3846.068848,1000.387573,1626.438110,-3880.548828,,,,,,,,,,,,,,,
5807,58.070000,0.000000,0.000000,0.000000,1.000000,0.000000,0.000000,0.000000,57.698101,20.499701,-14.700500,0.047771,-0.013570,0.015998,-15.666301,-52.738201,18.801300,-93.396698,0.129960,17.611099,-0.182931,-0.475644,-0.680147,0.526972,-1104.270996,1517.913574,-4602.371582,-1098.179077,1437.699585,-4614.534180,-1091.818726,1562.584106,-4628.143555,-1121.247559,1467.161987,-4564.754395,-1105.838867,1604.208984,-4602.054199,,,,,,,,,,,,,2616.302002,1567.766113,-3159.784424,,,,,,,,,,,,,987.863037,1488.486572,-3843.432617,1002.838257,1625.683960,-3878.214600,,,,,,,,,,,,,,,
5808,58.080000,0.000000,0.000000,0.000000,1.000000,0.000000,0.000000,0.000000,57.698101,20.499701,-14.700500,0.047771,-0.013570,0.015998,-15.666301,-52.738201,18.801300,-93.396698,0.129960,17.611099,-0.182931,-0.475644,-0.680147,0.526972,-1104.270996,1517.913574,-4602.371582,-1098.179077,1437.699585,-4614.534180,-1091.818726,1562.584106,-4628.143555,-1121.247559,1467.161987,-4564.754395,-1105.838867,1604.208984,-4602.054199,,,,,,,,,,,,,2616.324951,1567.744019,-3159.760742,,,,,,,,,,,,,990.281860,1488.082886,-3841.418701,1006.079651,1624.979980,-3875.606934,,,,,,,,,,,,,,,
5809,58.090000,0.000000,0.000000,0.000000,1.000000,0.000000,0.000000,0.000000,57.698101,20.499701,-14.700500,0.047771,-0.013570,0.015998,-15.666301,-52.738201,18.801300,-93.396698,0.129960,17.611099,-0.182931,-0.475644,-0.680147,0.526972,-1104.270996,1517.913574,-4602.371582,-1098.179077,1437.699585,-4614.534180,-1091.818726,1562.584106,-4628.143555,-1121.247559,1467.161987,-4564.754395,-1105.838867,1604.208984,-4602.054199,,,,,,,,,,,,,2616.308350,1567.730347,-3159.769043,,,,,,,,,,,,,993.172974,1486.826172,-3839.174316,1009.585754,1624.611938,-3872.960693,,,,,,,,,,,,,,,
5810,58.100000,0.000000,0.000000,0.000000,1.000000,0.000000,0.000000,0.000000,57.698101,20.499701,-14.700500,0.047771,-0.013570,0.015998,-15.666301,-52.738201,18.801300,-93.396698,0.129960,17.611099,-0.182931,-0.475644,-0.680147,0.526972,-1104.270996,1517.913574,-4602.371582,-1098.179077,1437.699585,-4614.534180,-1091.818726,1562.584106,-4628.143555,-1121.247559,1467.161987,-4564.754395,-1105.838867,1604.208984,-4602.054199,,,,,,,,,,,,,2616.310791,1567.750732,-3159.780273,,,,,,,,,,,,,996.245667,1486.068237,-3837.162598,1012.823364,1624.854370,-3870.265869,,,,,,,,,,,,,,,
5811,58.110000,0.000000,0.000000,0.000000,1.000000,0.000000,0.000000,0.000000,57.698101,20.499701,-14.700500,0.047771,-0.013570,0.015998,-15.666301,-52.738201,18.801300,-93.396698,0.129960,17.611099,-0.182931,-0.475644,-0.680147,0.526972,-1104.270996,1517.913574,-4602.371582,-1098.179077,1437.699585,-4614.534180,-1091.818726,1562.584106,-4628.143555,-1121.247559,1467.161987,-4564.754395,-1105.838867,1604.208984,-4602.054199,,,,,,,,,,,,,2616.303467,1567.737183,-3159.776123,,,,,,,,,,,,,999.924072,1486.281738,-3834.445557,1016.325928,1624.173950,-3867.481445,,,,,,,,,,,,,,,
5812,58.120000,0.000000,0.000000,0.000000,1.000000,0.000000,0.000000,0.000000,57.698101,20.499701,-14.700500,0.047771,-0.013570,0.015998,-15.666301,-52.738201,18.801300,-93.396698,0.129960,17.611099,-0.182931,-0.475644,-0.680147,0.526972,-1104.270996,1517.913574,-4602.371582,-1098.179077,1437.699585,-4614.534180,-1091.818726,1562.584106,-4628.143555,-1121.247559,1467.161987,-4564.754395,-1105.838867,1604.208984,-4602.054199,,,,,,,,,,,,,2616.299072,1567.766479,-3159.780029,,,,,,,,,,,,,1003.795715,1485.834229,-3831.635986,1018.986084,1623.125244,-3865.546631,,,,,,,,,,,,,,,
5813,58.130000,0.000000,0.000000,0.000000,1.000000,0.000000,0.000000,0.000000,57.698101,20.499701,-14.700500,0.047771,-0.013570,0.015998,-15.666301,-52.738201,18.801300,-93.396698,0.129960,17.611099,-0.182931,-0.475644,-0.680147,0.526972,-1104.270996,1517.913574,-4602.371582,-1098.179077,1437.699585,-4614.534180,-1091.818726,1562.584106,-4628.143555,-1121.247559,1467.161987,-4564.754395,-1105.838867,1604.208984,-4602.054199,,,,,,,,,,,,,2616.267822,1567.722778,-3159.797852,,,,,,,,,,,,,1006.728271,1485.484131,-3829.542236,1021.934631,1622.602173,-3863.263428,,,,,,,,,,,,,,,
5814,58.140000,0.000000,0.000000,0.000000,1.000000,0.000000,0.000000,0.000000,57.698101,20.499701,-14.700500,0.047771,-0.013570,0.015998,-15.666301,-52.738201,18.801300,-93.396698,0.129960,17.611099,-0.182931,-0.475644,-0.680147,0.526972,-1104.270996,1517.913574,-4602.371582,-1098.179077,1437.699585,-4614.534180,-1091.818726,1562.584106,-4628.143555,-1121.247559,1467.161987,-4564.754395,-1105.838867,1604.208984,-4602.054199,,,,,,,,,,,,,2616.277344,1567.729248,-3159.784668,,,,,,,,,,,,,1009.141113,1484.686646,-3827.637695,1025.279175,1622.487305,-3860.618896,,,,,,,,,,,,,,,
5815,58.150000,0.000000,0.000000,0.000000,1.000000,0.000000,0.000000,0.000000,57.698101,20.499701,-14.700500,0.047771,-0.013570,0.015998,-15.666301,-52.738201,18.801300,-93.396698,0.129960,17.611099,-0.182931,-0.475644,-0.680147,0.526972,-1104.270996,1517.913574,-4602.371582,-1098.179077,1437.699585,-4614.534180,-1091.818726,1562.584106,-4628.143555,-1121.247559,1467.161987,-4564.754395,-1105.838867,1604.208984,-4602.054199,,,,,,,,,,,,,2616.296143,1567.758423,-3159.776367,,,,,,,,,,,,,1012.628174,1484.554688,-3825.122070,1028.976807,1622.488037,-3857.830322,,,,,,,,,,,,,,,
5816,58.160000,0.000000,0.000000,0.000000,1.000000,0.000000,0.000000,0.000000,57.698101,20.499701,-14.700500,0.047771,-0.013570,0.015998,-15.666301,-52.738201,18.801300,-93.396698,0.129960,17.611099,-0.182931,-0.475644,-0.680147,0.526972,-1104.270996,1517.913574,-4602.371582,-1098.179077,1437.699585,-4614.534180,-1091.818726,1562.584106,-4628.143555,-1121.247559,1467.161987,-4564.754395,-1105.838867,1604.208984,-4602.054199,,,,,,,,,,,,,2616.286133,1567.749268,-3159.787109,,,,,,,,,,,,,1016.049866,1484.264038,-3822.658936,1032.268555,1622.444214,-3855.242432,,,,,,,,,,,,,,,
5817,58.170000,0.000000,0.000000,0.000000,1.000000,0.000000,0.000000,0.000000,57.698101,20.499701,-14.700500,0.047771,-0.013570,0.015998,-15.666301,-52.738201,18.801300,-93.396698,0.129960,17.611099,-0.182931,-0.475644,-0.680147,0.526972,-1104.270996,1517.913574,-4602.371582,-1098.179077,1437.699585,-4614.534180,-1091.818726,1562.584106,-4628.143555,-1121.247559,1467.161987,-4564.754395,-1105.838867,1604.208984,-4602.054199,,,,,,,,,,,,,2616.285889,1567.738770,-3159.786133,,,,,,,,,,,,,1019.629150,1484.418945,-3819.905029,1034.803711,1622.201416,-3853.133057,,,,,,,,,,,,,,,
5818,58.180000,0.000000,0.000000,0.000000,1.000000,0.000000,0.000000,0.000000,57.698101,20.499701,-14.700500,0.047771,-0.013570,0.015998,-15.666301,-52.738201,18.801300,-93.396698,0.129960,17.611099,-0.182931,-0.475644,-0.680147,0.526972,-1104.270996,1517.913574,-4602.371582,-1098.179077,1437.699585,-4614.534180,-1091.818726,1562.584106,-4628.143555,-1121.247559,1467.161987,-4564.754395,-1105.838867,1604.208984,-4602.054199,,,,,,,,,,,,,2616.275146,1567.728394,-3159.788574,,,,,,,,,,,,,1022.378662,1484.346313,-3817.705566,1037.541870,1622.195923,-3850.743164,,,,,,,,,,,,,,,
5819,58.190000,0.000000,0.000000,0.000000,1.000000,0.000000,0.000000,0.000000,57.698101,20.499701,-14.700500,0.047771,-0.013570,0.015998,-15.666301,-52.738201,18.801300,-93.396698,0.129960,17.611099,-0.182931,-0.475644,-0.680147,0.526972,-1104.270996,1517.913574,-4602.371582,-1098.179077,1437.699585,-4614.534180,-1091.818726,1562.584106,-4628.143555,-1121.247559,1467.161987,-4564.754395,-1105.838867,1604.208984,-4602.054199,,,,,,,,,,,,,2616.285400,1567.751587,-3159.785400,,,,,,,,,,,,,1024.819092,1484.149902,-3815.575439,1041.267578,1622.409424,-3847.879883,,,,,,,,,,,,,,,
5820,58.200000,0.000000,0.000000,0.000000,1.000000,0.000000,0.000000,0.000000,57.698101,20.499701,-14.700500,0.047771,-0.013570,0.015998,-15.666301,-52.738201,18.801300,-93.396698,0.129960,17.611099,-0.182931,-0.475644,-0.680147,0.526972,-1104.270996,1517.913574,-4602.371582,-1098.179077,1437.699585,-4614.534180,-1091.818726,1562.584106,-4628.143555,-1121.247559,1467.161987,-4564.754395,-1105.838867,1604.208984,-4602.054199,,,,,,,,,,,,,2616.281250,1567.761841,-3159.789551,,,,,,,,,,,,,1027.815674,1484.240112,-3813.019043,1044.583740,1622.622925,-3845.387451,,,,,,,,,,,,,,,
5821,58.210000,0.000000,0.000000,0.000000,1.000000,0.000000,0.000000,0.000000,57.698101,20.499701,-14.700500,0.047771,-0.013570,0.015998,-15.666301,-52.738201,18.801300,-93.396698,0.129960,17.611099,-0.182931,-0.475644,-0.680147,0.526972,-1104.270996,1517.913574,-4602.371582,-1098.179077,1437.699585,-4614.534180,-1091.818726,1562.584106,-4628.143555,-1121.247559,1467.161987,-4564.754395,-1105.838867,1604.208984,-4602.054199,,,,,,,,,,,,,2616.291260,1567.755859,-3159.790527,,,,,,,,,,,,,1031.534790,1484.846680,-3809.973389,1047.549194,1622.856812,-3842.932129,,,,,,,,,,,,,,,
5822,58.220000,0.000000,0.000000,0.000000,1.000000,0.000000,0.000000,0.000000,57.698101,20.499701,-14.700500,0.047771,-0.013570,0.015998,-15.666301,-52.738201,18.801300,-93.396698,0.129960,17.611099,-0.182931,-0.475644,-0.680147,0.526972,-1104.270996,1517.913574,-4602.371582,-1098.179077,1437.699585,-4614.534180,-1091.818726,1562.584106,-4628.143555,-1121.247559,1467.161987,-4564.754395,-1105.838867,1604.208984,-4602.054199,,,,,,,,,,,,,2616.290527,1567.715942,-3159.781250,,,,,,,,,,,,,1034.758911,1485.834961,-3807.301514,1049.899902,1622.946411,-3840.841553,,,,,,,,,,,,,,,
5823,58.230000,0.000000,0.000000,0.000000,1.000000,0.000000,0.000000,0.000000,57.698101,20.499701,-14.700500,0.047771,-0.013570,0.015998,-15.666301,-52.738201,18.801300,-93.396698,0.129960,17.611099,-0.182931,-0.475644,-0.680147,0.526972,-1104.270996,1517.913574,-4602.371582,-1098.179077,1437.699585,-4614.534180,-1091.818726,1562.584106,-4628.143555,-1121.247559,1467.161987,-4564.754395,-1105.838867,1604.208984,-4602.054199,,,,,,,,,,,,,2616.306641,1567.710938,-3159.773682,,,,,,,,,,,,,1037.067383,1485.968628,-3805.021729,1052.911255,1623.434082,-3838.351318,,,,,,,,,,,,,,,
5824,58.240000,0.000000,0.000000,0.000000,1.000000,0.000000,0.000000,0.000000,57.698101,20.499701,-14.700500,0.047771,-0.013570,0.015998,-15.666301,-52.738201,18.801300,-93.396698,0.129960,17.611099,-0.182931,-0.475644,-0.680147,0.526972,-1104.270996,1517.913574,-4602.371582,-1098.179077,1437.699585,-4614.534180,-1091.818726,1562.584106,-4628.143555,-1121.247559,1467.161987,-4564.754395,-1105.838867,1604.208984,-4602.054199,,,,,,,,,,,,,2616.305176,1567.730225,-3159.774902,,,,,,,,,,,,,1039.328979,1486.033447,-3802.776123,1056.088745,1624.102173,-3835.755127,,,,,,,,,,,,,,,
5825,58.250000,0.000000,0.000000,0.000000,1.000000,0.000000,0.000000,0.000000,57.698101,20.499701,-14.700500,0.047771,-0.013570,0.015998,-15.666301,-52.738201,18.801300,-93.396698,0.129960,17.611099,-0.182931,-0.475644,-0.680147,0.526972,-1104.270996,1517.913574,-4602.371582,-1098.179077,1437.699585,-4614.534180,-1091.818726,1562.584106,-4628.143555,-1121.247559,1467.161987,-4564.754395,-1105.838867,1604.208984,-4602.054199,,,,,,,,,,,,,2616.273438,1567.721924,-3159.785156,,,,,,,,,,,,,1042.111816,1486.362427,-3800.207031,1059.030884,1624.715942,-3833.229004,,,,,,,,,,,,,,,
5826,58.260000,0.000000,0.000000,0.000000,1.000000,0.000000,0.000000,0.000000,57.698101,20.499701,-14.700500,0.047771,-0.013570,0.015998,-15.666301,-52.738201,18.801300,-93.396698,0.129960,17.611099,-0.182931,-0.475644,-0.680147,0.526972,-1104.270996,1517.913574,-4602.371582,-1098.179077,1437.699585,-4614.534180,-1091.818726,1562.584106,-4628.143555,-1121.247559,1467.161987,-4564.754395,-1105.838867,1604.208984,-4602.054199,,,,,,,,,,,,,2616.305908,1567.732300,-3159.779053,,,,,,,,,,,,,1045.399414,1487.083740,-3797.445557,1061.436768,1625.009521,-3830.804199,,,,,,,,,,,,,,,
5827,58.270000,0.000000,0.000000,0.000000,1.000000,0.000000,0.000000,0.000000,57.698101,20.499701,-14.700500,0.047771,-0.013570,0.015998,-15.666301,-52.738201,18.801300,-93.396698,0.129960,17.611099,-0.182931,-0.475644,-0.680147,0.526972,-1104.270996,1517.913574,-4602.371582,-1098.179077,1437.699585,-4614.534180,-1091.818726,1562.584106,-4628.143555,-1121.247559,1467.161987,-4564.754395,-1105.838867,1604.208984,-4602.054199,,,,,,,,,,,,,2616.306885,1567.756470,-3159.771729,,,,,,,,,,,,,1048.671021,1488.046387,-3794.212402,1063.664062,1625.278076,-3828.565430,,,,,,,,,,,,,,,
5828,58.280000,0.000000,0.000000,0.000000,1.000000,0.000000,0.000000,0.000000,57.698101,20.499701,-14.700500,0.047771,-0.013570,0.015998,-15.666301,-52.738201,18.801300,-93.396698,0.129960,17.611099,-0.182931,-0.475644,-0.680147,0.526972,-1104.270996,1517.913574,-4602.371582,-1098.179077,1437.699585,-4614.534180,-1091.818726,1562.584106,-4628.143555,-1121.247559,1467.161987,-4564.754395,-1105.838867,1604.208984,-4602.054199,,,,,,,,,,,,,2616.290527,1567.746948,-3159.772949,,,,,,,,,,,,,1051.148071,1488.879028,-3791.718994,1066.348022,1625.918945,-3825.923584,,,,,,,,,,,,,,,
5829,58.290000,0.000000,0.000000,0.000000,1.000000,0.000000,0.000000,0.000000,57.698101,20.499701,-14.700500,0.047771,-0.013570,0.015998,-15.666301,-52.738201,18.801300,-93.396698,0.129960,17.611099,-0.182931,-0.475644,-0.680147,0.526972,-1104.270996,1517.913574,-4602.371582,-1098.179077,1437.699585,-4614.534180,-1091.818726,1562.584106,-4628.143555,-1121.247559,1467.161987,-4564.754395,-1105.838867,1604.208984,-4602.054199,,,,,,,,,,,,,2616.299316,1567.751099,-3159.780762,,,,,,,,,,,,,1052.980347,1488.885376,-3789.637451,1069.108765,1626.788330,-3823.269043,,,,,,,,,,,,,,,
5830,58.300000,0.000000,0.000000,0.000000,1.000000,0.000000,0.000000,0.000000,57.698101,20.499701,-14.700500,0.047771,-0.013570,0.015998,-15.666301,-52.738201,18.801300,-93.396698,0.129960,17.611099,-0.182931,-0.475644,-0.680147,0.526972,-1104.270996,1517.913574,-4602.371582,-1098.179077,1437.699585,-4614.534180,-1091.818726,1562.584106,-4628.143555,-1121.247559,1467.161987,-4564.754395,-1105.838867,1604.208984,-4602.054199,,,,,,,,,,,,,2616.308350,1567.760986,-3159.777100,,,,,,,,,,,,,1055.297607,1489.283325,-3787.327393,1071.803955,1627.725342,-3820.428711,,,,,,,,,,,,,,,
5831,58.310000,0.000000,0.000000,0.000000,1.000000,0.000000,0.000000,0.000000,57.698101,20.499701,-14.700500,0.047771,-0.013570,0.015998,-15.666301,-52.738201,18.801300,-93.396698,0.129960,17.611099,-0.182931,-0.475644,-0.680147,0.526972,-1104.270996,1517.913574,-4602.371582,-1098.179077,1437.699585,-4614.534180,-1091.818726,1562.584106,-4628.143555,-1121.247559,1467.161987,-4564.754395,-1105.838867,1604.208984,-4602.054199,,,,,,,,,,,,,2616.279785,1567.745117,-3159.778076,,,,,,,,,,,,,1058.108643,1490.120239,-3784.527344,1074.077393,1628.734253,-3818.168457,,,,,,,,,,,,,,,
5832,58.320000,0.000000,0.000000,0.000000,1.000000,0.000000,0.000000,0.000000,57.698101,20.499701,-14.700500,0.047771,-0.013570,0.015998,-15.666301,-52.738201,18.801300,-93.396698,0.129960,17.611099,-0.182931,-0.475644,-0.680147,0.526972,-1104.270996,1517.913574,-4602.371582,-1098.179077,1437.699585,-4614.534180,-1091.818726,1562.584106,-4628.143555,-1121.247559,1467.161987,-4564.754395,-1105.838867,1604.208984,-4602.054199,,,,,,,,,,,,,2616.253906,1567.764648,-3159.801758,,,,,,,,,,,,,1060.890625,1490.979614,-3782.013184,1075.846069,1628.832520,-3816.104248,,,,,,,,,,,,,,,
5833,58.330000,0.000000,0.000000,0.000000,1.000000,0.000000,0.000000,0.000000,57.698101,20.499701,-14.700500,0.047771,-0.013570,0.015998,-15.666301,-52.738201,18.801300,-93.396698,0.129960,17.611099,-0.182931,-0.475644,-0.680147,0.526972,-1104.270996,1517.913574,-4602.371582,-1098.179077,1437.699585,-4614.534180,-1091.818726,1562.584106,-4628.143555,-1121.247559,1467.161987,-4564.754395,-1105.838867,1604.208984,-4602.054199,,,,,,,,,,,,,2616.270752,1567.776245,-3159.802002,,,,,,,,,,,,,1063.635498,1491.764160,-3779.500000,1078.187744,1629.472900,-3813.557617,,,,,,,,,,,,,,,
5834,58.340000,0.000000,0.000000,0.000000,1.000000,0.000000,0.000000,0.000000,57.698101,20.499701,-14.700500,0.047771,-0.013570,0.015998,-15.666301,-52.738201,18.801300,-93.396698,0.129960,17.611099,-0.182931,-0.475644,-0.680147,0.526972,-1104.270996,1517.913574,-4602.371582,-1098.179077,1437.699585,-4614.534180,-1091.818726,1562.584106,-4628.143555,-1121.247559,1467.161987,-4564.754395,-1105.838867,1604.208984,-4602.054199,,,,,,,,,,,,,2616.265869,1567.729980,-3159.790527,,,,,,,,,,,,,1065.640747,1492.064209,-3777.232178,1080.469727,1629.818726,-3811.392090,,,,,,,,,,,,,,,
5835,58.350000,0.000000,0.000000,0.000000,1.000000,0.000000,0.000000,0.000000,57.698101,20.499701,-14.700500,0.047771,-0.013570,0.015998,-15.666301,-52.738201,18.801300,-93.396698,0.129960,17.611099,-0.182931,-0.475644,-0.680147,0.526972,-1104.270996,1517.913574,-4602.371582,-1098.179077,1437.699585,-4614.534180,-1091.818726,1562.584106,-4628.143555,-1121.247559,1467.161987,-4564.754395,-1105.838867,1604.208984,-4602.054199,,,,,,,,,,,,,2616.287842,1567.733765,-3159.769775,,,,,,,,,,,,,1067.950684,1492.849609,-3774.889160,1083.537842,1630.482788,-3808.773926,,,,,,,,,,,,,,,
5836,58.360000,0.000000,0.000000,0.000000,1.000000,0.000000,0.000000,0.000000,57.698101,20.499701,-14.700500,0.047771,-0.013570,0.015998,-15.666301,-52.738201,18.801300,-93.396698,0.129960,17.611099,-0.182931,-0.475644,-0.680147,0.526972,-1104.270996,1517.913574,-4602.371582,-1098.179077,1437.699585,-4614.534180,-1091.818726,1562.584106,-4628.143555,-1121.247559,1467.161987,-4564.754395,-1105.838867,1604.208984,-4602.054199,,,,,,,,,,,,,2616.302734,1567.758057,-3159.778564,,,,,,,,,,,,,1069.663452,1492.896973,-3773.265381,1085.868530,1631.077393,-3806.591064,,,,,,,,,,,,,,,
5837,58.370000,0.000000,0.000000,0.000000,1.000000,0.000000,0.000000,0.000000,57.698101,20.499701,-14.700500,0.047771,-0.013570,0.015998,-15.666301,-52.738201,18.801300,-93.396698,0.129960,17.611099,-0.182931,-0.475644,-0.680147,0.526972,-1104.270996,1517.913574,-4602.371582,-1098.179077,1437.699585,-4614.534180,-1091.818726,1562.584106,-4628.143555,-1121.247559,1467.161987,-4564.754395,-1105.838867,1604.208984,-4602.054199,,,,,,,,,,,,,2616.277100,1567.728149,-3159.784668,,,,,,,,,,,,,1072.383789,1493.567261,-3770.931152,1087.933228,1631.730713,-3804.517578,,,,,,,,,,,,,,,
5838,58.380000,0.000000,0.000000,0.000000,1.000000,0.000000,0.000000,0.000000,57.698101,20.499701,-14.700500,0.047771,-0.013570,0.015998,-15.666301,-52.738201,18.801300,-93.396698,0.129960,17.611099,-0.182931,-0.475644,-0.680147,0.526972,-1104.270996,1517.913574,-4602.371582,-1098.179077,1437.699585,-4614.534180,-1091.818726,1562.584106,-4628.143555,-1121.247559,1467.161987,-4564.754395,-1105.838867,1604.208984,-4602.054199,,,,,,,,,,,,,2616.315918,1567.737671,-3159.767334,,,,,,,,,,,,,1075.003906,1494.544067,-3768.535156,1089.543091,1632.133301,-3802.791504,,,,,,,,,,,,,,,
5839,58.390000,0.000000,0.000000,0.000000,1.000000,0.000000,0.000000,0.000000,57.698101,20.499701,-14.700500,0.047771,-0.013570,0.015998,-15.666301,-52.738201,18.801300,-93.396698,0.129960,17.611099,-0.182931,-0.475644,-0.680147,0.526972,-1104.270996,1517.913574,-4602.371582,-1098.179077,1437.699585,-4614.534180,-1091.818726,1562.584106,-4628.143555,-1121.247559,1467.161987,-4564.754395,-1105.838867,1604.208984,-4602.054199,,,,,,,,,,,,,2616.299561,1567.733765,-3159.772949,,,,,,,,,,,,,1077.579468,1495.523315,-3766.039795,1091.766235,1632.743042,-3800.825439,,,,,,,,,,,,,,,
5840,58.400000,0.000000,0.000000,0.000000,1.000000,0.000000,0.000000,0.000000,57.698101,20.499701,-14.700500,0.047771,-0.013570,0.015998,-15.666301,-52.738201,18.801300,-93.396698,0.129960,17.611099,-0.182931,-0.475644,-0.680147,0.526972,-1104.270996,1517.913574,-4602.371582,-1098.179077,1437.699585,-4614.534180,-1091.818726,1562.584106,-4628.143555,-1121.247559,1467.161987,-4564.754395,-1105.838867,1604.208984,-4602.054199,,,,,,,,,,,,,2616.290527,1567.719971,-3159.778076,,,,,,,,,,,,,1079.175537,1495.961182,-3764.388916,1094.004028,1633.588867,-3798.824951,,,,,,,,,,,,,,,
5841,58.410000,0.000000,0.000000,0.000000,1.000000,0.000000,0.000000,0.000000,57.698101,20.499701,-14.700500,0.047771,-0.013570,0.015998,-15.666301,-52.738201,18.801300,-93.396698,0.129960,17.611099,-0.182931,-0.475644,-0.680147,0.526972,-1104.270996,1517.913574,-4602.371582,-1098.179077,1437.699585,-4614.534180,-1091.818726,1562.584106,-4628.143555,-1121.247559,1467.161987,-4564.754395,-1105.838867,1604.208984,-4602.054199,,,,,,,,,,,,,2616.296143,1567.745972,-3159.780273,,,,,,,,,,,,,1080.695923,1496.403442,-3762.715820,1096.462891,1634.532715,-3796.625000,,,,,,,,,,,,,,,
5842,58.420000,0.000000,0.000000,0.000000,1.000000,0.000000,0.000000,0.000000,57.698101,20.499701,-14.700500,0.047771,-0.013570,0.015998,-15.666301,-52.738201,18.801300,-93.396698,0.129960,17.611099,-0.182931,-0.475644,-0.680147,0.526972,-1104.270996,1517.913574,-4602.371582,-1098.179077,1437.699585,-4614.534180,-1091.818726,1562.584106,-4628.143555,-1121.247559,1467.161987,-4564.754395,-1105.838867,1604.208984,-4602.054199,,,,,,,,,,,,,2616.262207,1567.753174,-3159.781982,,,,,,,,,,,,,1082.894165,1497.235718,-3760.377930,1098.773926,1635.442017,-3794.307373,,,,,,,,,,,,,,,
5843,58.430000,0.000000,0.000000,0.000000,1.000000,0.000000,0.000000,0.000000,57.698101,20.499701,-14.700500,0.047771,-0.013570,0.015998,-15.666301,-52.738201,18.801300,-93.396698,0.129960,17.611099,-0.182931,-0.475644,-0.680147,0.526972,-1104.270996,1517.913574,-4602.371582,-1098.179077,1437.699585,-4614.534180,-1091.818726,1562.584106,-4628.143555,-1121.247559,1467.161987,-4564.754395,-1105.838867,1604.208984,-4602.054199,,,,,,,,,,,,,2616.278564,1567.771973,-3159.800537,,,,,,,,,,,,,1085.229492,1498.130859,-3758.149658,1100.385620,1635.950928,-3792.627441,,,,,,,,,,,,,,,
5844,58.440000,0.000000,0.000000,0.000000,1.000000,0.000000,0.000000,0.000000,57.698101,20.499701,-14.700500,0.047771,-0.013570,0.015998,-15.666301,-52.738201,18.801300,-93.396698,0.129960,17.611099,-0.182931,-0.475644,-0.680147,0.526972,-1104.270996,1517.913574,-4602.371582,-1098.179077,1437.699585,-4614.534180,-1091.818726,1562.584106,-4628.143555,-1121.247559,1467.161987,-4564.754395,-1105.838867,1604.208984,-4602.054199,,,,,,,,,,,,,2616.281006,1567.742798,-3159.791260,,,,,,,,,,,,,1087.692383,1499.048584,-3755.935547,1101.685913,1636.307373,-3791.267822,,,,,,,,,,,,,,,
5845,58.450000,0.000000,0.000000,0.000000,1.000000,0.000000,0.000000,0.000000,57.698101,20.499701,-14.700500,0.047771,-0.013570,0.015998,-15.666301,-52.738201,18.801300,-93.396698,0.129960,17.611099,-0.182931,-0.475644,-0.680147,0.526972,-1104.270996,1517.913574,-4602.371582,-1098.179077,1437.699585,-4614.534180,-1091.818726,1562.584106,-4628.143555,-1121.247559,1467.161987,-4564.754395,-1105.838867,1604.208984,-4602.054199,,,,,,,,,,,,,2616.280273,1567.739258,-3159.785156,,,,,,,,,,,,,1090.051636,1499.909424,-3753.677002,1103.647339,1636.962646,-3789.366943,,,,,,,,,,,,,,,
5846,58.460000,0.000000,0.000000,0.000000,1.000000,0.000000,0.000000,0.000000,57.698101,20.499701,-14.700500,0.047771,-0.013570,0.015998,-15.666301,-52.738201,18.801300,-93.396698,0.129960,17.611099,-0.182931,-0.475644,-0.680147,0.526972,-1104.270996,1517.913574,-4602.371582,-1098.179077,1437.699585,-4614.534180,-1091.818726,1562.584106,-4628.143555,-1121.247559,1467.161987,-4564.754395,-1105.838867,1604.208984,-4602.054199,,,,,,,,,,,,,2616.302490,1567.735352,-3159.779053,,,,,,,,,,,,,1091.506592,1500.236572,-3752.017578,1105.755249,1637.735107,-3787.263184,,,,,,,,,,,,,,,
5847,58.470000,0.000000,0.000000,0.000000,1.000000,0.000000,0.000000,0.000000,57.698101,20.499701,-14.700500,0.047771,-0.013570,0.015998,-15.666301,-52.738201,18.801300,-93.396698,0.129960,17.611099,-0.182931,-0.475644,-0.680147,0.526972,-1104.270996,1517.913574,-4602.371582,-1098.179077,1437.699585,-4614.534180,-1091.818726,1562.584106,-4628.143555,-1121.247559,1467.161987,-4564.754395,-1105.838867,1604.208984,-4602.054199,,,,,,,,,,,,,2616.284668,1567.766602,-3159.793457,,,,,,,,,,,,,1093.114990,1500.752075,-3750.109375,1107.778564,1638.493774,-3785.258301,,,,,,,,,,,,,,,
5848,58.480000,0.000000,0.000000,0.000000,1.000000,0.000000,0.000000,0.000000,57.698101,20.499701,-14.700500,0.047771,-0.013570,0.015998,-15.666301,-52.738201,18.801300,-93.396698,0.129960,17.611099,-0.182931,-0.475644,-0.680147,0.526972,-1104.270996,1517.913574,-4602.371582,-1098.179077,1437.699585,-4614.534180,-1091.818726,1562.584106,-4628.143555,-1121.247559,1467.161987,-4564.754395,-1105.838867,1604.208984,-4602.054199,,,,,,,,,,,,,2616.297363,1567.742798,-3159.788330,,,,,,,,,,,,,1094.614746,1501.205200,-3748.317627,1109.732056,1639.282471,-3783.175293,,,,,,,,,,,,,,,
5849,58.490000,0.000000,0.000000,0.000000,1.000000,0.000000,0.000000,0.000000,57.698101,20.499701,-14.700500,0.047771,-0.013570,0.015998,-15.666301,-52.738201,18.801300,-93.396698,0.129960,17.611099,-0.182931,-0.475644,-0.680147,0.526972,-1104.270996,1517.913574,-4602.371582,-1098.179077,1437.699585,-4614.534180,-1091.818726,1562.584106,-4628.143555,-1121.247559,1467.161987,-4564.754395,-1105.838867,1604.208984,-4602.054199,,,,,,,,,,,,,2616.314453,1567.791138,-3159.786865,,,,,,,,,,,,,1096.465088,1501.784180,-3746.381836,1111.593628,1639.981934,-3781.195801,,,,,,,,,,,,,,,
5850,58.500000,0.000000,0.000000,0.000000,1.000000,0.000000,0.000000,0.000000,57.698101,20.499701,-14.700500,0.047771,-0.013570,0.015998,-15.666301,-52.738201,18.801300,-93.396698,0.129960,17.611099,-0.182931,-0.475644,-0.680147,0.526972,-1104.270996,1517.913574,-4602.371582,-1098.179077,1437.699585,-4614.534180,-1091.818726,1562.584106,-4628.143555,-1121.247559,1467.161987,-4564.754395,-1105.838867,1604.208984,-4602.054199,,,,,,,,,,,,,2616.293213,1567.741577,-3159.793457,,,,,,,,,,,,,1098.572876,1502.431274,-3744.418701,1112.911133,1640.349243,-3779.555664,,,,,,,,,,,,,,,
5851,58.510000,0.000000,0.000000,0.000000,1.000000,0.000000,0.000000,0.000000,57.698101,20.499701,-14.700500,0.047771,-0.013570,0.015998,-15.666301,-52.738201,18.801300,-93.396698,0.129960,17.611099,-0.182931,-0.475644,-0.680147,0.526972,-1104.270996,1517.913574,-4602.371582,-1098.179077,1437.699585,-4614.534180,-1091.818726,1562.584106,-4628.143555,-1121.247559,1467.161987,-4564.754395,-1105.838867,1604.208984,-4602.054199,,,,,,,,,,,,,2616.295898,1567.756714,-3159.777344,,,,,,,,,,,,,1100.905518,1503.140625,-3742.097900,1114.305176,1640.734619,-3777.852051,,,,,,,,,,,,,,,
5852,58.520000,0.000000,0.000000,0.000000,1.000000,0.000000,0.000000,0.000000,57.698101,20.499701,-14.700500,0.047771,-0.013570,0.015998,-15.666301,-52.738201,18.801300,-93.396698,0.129960,17.611099,-0.182931,-0.475644,-0.680147,0.526972,-1104.270996,1517.913574,-4602.371582,-1098.179077,1437.699585,-4614.534180,-1091.818726,1562.584106,-4628.143555,-1121.247559,1467.161987,-4564.754395,-1105.838867,1604.208984,-4602.054199,,,,,,,,,,,,,2616.261719,1567.721436,-3159.788574,,,,,,,,,,,,,1103.059448,1503.818237,-3739.977295,1115.713379,1641.133545,-3775.973145,,,,,,,,,,,,,,,
5853,58.530000,0.000000,0.000000,0.000000,1.000000,0.000000,0.000000,0.000000,57.698101,20.499701,-14.700500,0.047771,-0.013570,0.015998,-15.666301,-52.738201,18.801300,-93.396698,0.129960,17.611099,-0.182931,-0.475644,-0.680147,0.526972,-1104.270996,1517.913574,-4602.371582,-1098.179077,1437.699585,-4614.534180,-1091.818726,1562.584106,-4628.143555,-1121.247559,1467.161987,-4564.754395,-1105.838867,1604.208984,-4602.054199,,,,,,,,,,,,,2616.304932,1567.728027,-3159.778076,,,,,,,,,,,,,1104.815918,1504.259888,-3738.166260,1116.946777,1641.433472,-3774.326660,,,,,,,,,,,,,,,
5854,58.540000,0.000000,0.000000,0.000000,1.000000,0.000000,0.000000,0.000000,57.698101,20.499701,-14.700500,0.047771,-0.013570,0.015998,-15.666301,-52.738201,18.801300,-93.396698,0.129960,17.611099,-0.182931,-0.475644,-0.680147,0.526972,-1104.270996,1517.913574,-4602.371582,-1098.179077,1437.699585,-4614.534180,-1091.818726,1562.584106,-4628.143555,-1121.247559,1467.161987,-4564.754395,-1105.838867,1604.208984,-4602.054199,,,,,,,,,,,,,2616.321045,1567.730957,-3159.762695,,,,,,,,,,,,,1106.328491,1504.485229,-3736.449463,1118.660767,1641.893311,-3772.265137,,,,,,,,,,,,,,,
5855,58.550000,0.000000,0.000000,0.000000,1.000000,0.000000,0.000000,0.000000,57.698101,20.499701,-14.700500,0.047771,-0.013570,0.015998,-15.666301,-52.738201,18.801300,-93.396698,0.129960,17.611099,-0.182931,-0.475644,-0.680147,0.526972,-1104.270996,1517.913574,-4602.371582,-1098.179077,1437.699585,-4614.534180,-1091.818726,1562.584106,-4628.143555,-1121.247559,1467.161987,-4564.754395,-1105.838867,1604.208984,-4602.054199,,,,,,,,,,,,,2616.292969,1567.752930,-3159.767334,,,,,,,,,,,,,1107.671875,1504.652710,-3734.769531,1120.469238,1642.374878,-3770.031494,,,,,,,,,,,,,,,
5856,58.560000,0.000000,0.000000,0.000000,1.000000,0.000000,0.000000,0.000000,57.698101,20.499701,-14.700500,0.047771,-0.013570,0.015998,-15.666301,-52.738201,18.801300,-93.396698,0.129960,17.611099,-0.182931,-0.475644,-0.680147,0.526972,-1104.270996,1517.913574,-4602.371582,-1098.179077,1437.699585,-4614.534180,-1091.818726,1562.584106,-4628.143555,-1121.247559,1467.161987,-4564.754395,-1105.838867,1604.208984,-4602.054199,,,,,,,,,,,,,2616.283936,1567.761719,-3159.777100,,,,,,,,,,,,,1109.283936,1504.970093,-3732.974609,1122.222168,1642.758301,-3768.218750,,,,,,,,,,,,,,,
5857,58.570000,0.000000,0.000000,0.000000,1.000000,0.000000,0.000000,0.000000,57.698101,20.499701,-14.700500,0.047771,-0.013570,0.015998,-15.666301,-52.738201,18.801300,-93.396698,0.129960,17.611099,-0.182931,-0.475644,-0.680147,0.526972,-1104.270996,1517.913574,-4602.371582,-1098.179077,1437.699585,-4614.534180,-1091.818726,1562.584106,-4628.143555,-1121.247559,1467.161987,-4564.754395,-1105.838867,1604.208984,-4602.054199,,,,,,,,,,,,,2616.270020,1567.767334,-3159.785156,,,,,,,,,,,,,1111.017578,1505.344116,-3731.221191,1123.997314,1643.185913,-3766.098877,,,,,,,,,,,,,,,
5858,58.580000,0.000000,0.000000,0.000000,1.000000,0.000000,0.000000,0.000000,57.698101,20.499701,-14.700500,0.047771,-0.013570,0.015998,-15.666301,-52.738201,18.801300,-93.396698,0.129960,17.611099,-0.182931,-0.475644,-0.680147,0.526972,-1104.270996,1517.913574,-4602.371582,-1098.179077,1437.699585,-4614.534180,-1091.818726,1562.584106,-4628.143555,-1121.247559,1467.161987,-4564.754395,-1105.838867,1604.208984,-4602.054199,,,,,,,,,,,,,2616.302002,1567.745850,-3159.780518,,,,,,,,,,,,,1112.942627,1505.708252,-3729.422607,1125.853271,1643.641724,-3763.844482,,,,,,,,,,,,,,,
5859,58.590000,0.000000,0.000000,0.000000,1.000000,0.000000,0.000000,0.000000,57.698101,20.499701,-14.700500,0.047771,-0.013570,0.015998,-15.666301,-52.738201,18.801300,-93.396698,0.129960,17.611099,-0.182931,-0.475644,-0.680147,0.526972,-1104.270996,1517.913574,-4602.371582,-1098.179077,1437.699585,-4614.534180,-1091.818726,1562.584106,-4628.143555,-1121.247559,1467.161987,-4564.754395,-1105.838867,1604.208984,-4602.054199,,,,,,,,,,,,,2616.314453,1567.741455,-3159.760742,,,,,,,,,,,,,1115.197266,1506.106689,-3727.342773,1127.535278,1644.053345,-3761.990479,,,,,,,,,,,,,,,
5860,58.600000,0.000000,0.000000,0.000000,1.000000,0.000000,0.000000,0.000000,57.698101,20.499701,-14.700500,0.047771,-0.013570,0.015998,-15.666301,-52.738201,18.801300,-93.396698,0.129960,17.611099,-0.182931,-0.475644,-0.680147,0.526972,-1104.270996,1517.913574,-4602.371582,-1098.179077,1437.699585,-4614.534180,-1091.818726,1562.584106,-4628.143555,-1121.247559,1467.161987,-4564.754395,-1105.838867,1604.208984,-4602.054199,,,,,,,,,,,,,2616.336914,1567.749146,-3159.768799,,,,,,,,,,,,,1117.535889,1506.378540,-3725.342773,1129.085938,1644.365112,-3760.185303,,,,,,,,,,,,,,,
5861,58.610000,0.000000,0.000000,0.000000,1.000000,0.000000,0.000000,0.000000,57.698101,20.499701,-14.700500,0.047771,-0.013570,0.015998,-15.666301,-52.738201,18.801300,-93.396698,0.129960,17.611099,-0.182931,-0.475644,-0.680147,0.526972,-1104.270996,1517.913574,-4602.371582,-1098.179077,1437.699585,-4614.534180,-1091.818726,1562.584106,-4628.143555,-1121.247559,1467.161987,-4564.754395,-1105.838867,1604.208984,-4602.054199,,,,,,,,,,,,,2616.304932,1567.731567,-3159.769287,,,,,,,,,,,,,1119.415161,1506.378906,-3723.698486,1130.412720,1644.457275,-3758.652588,,,,,,,,,,,,,,,
5862,58.620000,0.000000,0.000000,0.000000,1.000000,0.000000,0.000000,0.000000,57.698101,20.499701,-14.700500,0.047771,-0.013570,0.015998,-15.666301,-52.738201,18.801300,-93.396698,0.129960,17.611099,-0.182931,-0.475644,-0.680147,0.526972,-1104.270996,1517.913574,-4602.371582,-1098.179077,1437.699585,-4614.534180,-1091.818726,1562.584106,-4628.143555,-1121.247559,1467.161987,-4564.754395,-1105.838867,1604.208984,-4602.054199,,,,,,,,,,,,,2616.275879,1567.743652,-3159.794678,,,,,,,,,,,,,1121.127808,1506.320557,-3722.130615,1131.989258,1644.535156,-3756.879639,,,,,,,,,,,,,,,
5863,58.630000,0.000000,0.000000,0.000000,1.000000,0.000000,0.000000,0.000000,57.698101,20.499701,-14.700500,0.047771,-0.013570,0.015998,-15.666301,-52.738201,18.801300,-93.396698,0.129960,17.611099,-0.182931,-0.475644,-0.680147,0.526972,-1104.270996,1517.913574,-4602.371582,-1098.179077,1437.699585,-4614.534180,-1091.818726,1562.584106,-4628.143555,-1121.247559,1467.161987,-4564.754395,-1105.838867,1604.208984,-4602.054199,,,,,,,,,,,,,2616.302246,1567.776245,-3159.792969,,,,,,,,,,,,,1122.630981,1506.221436,-3720.813721,1133.645752,1644.473999,-3755.399902,,,,,,,,,,,,,,,
5864,58.640000,0.000000,0.000000,0.000000,1.000000,0.000000,0.000000,0.000000,57.698101,20.499701,-14.700500,0.047771,-0.013570,0.015998,-15.666301,-52.738201,18.801300,-93.396698,0.129960,17.611099,-0.182931,-0.475644,-0.680147,0.526972,-1104.270996,1517.913574,-4602.371582,-1098.179077,1437.699585,-4614.534180,-1091.818726,1562.584106,-4628.143555,-1121.247559,1467.161987,-4564.754395,-1105.838867,1604.208984,-4602.054199,,,,,,,,,,,,,2616.302979,1567.743774,-3159.770996,,,,,,,,,,,,,1124.201172,1506.268677,-3719.275391,1135.806641,1644.386963,-3753.754395,,,,,,,,,,,,,,,
5865,58.650000,0.000000,0.000000,0.000000,1.000000,0.000000,0.000000,0.000000,57.698101,20.499701,-14.700500,0.047771,-0.013570,0.015998,-15.666301,-52.738201,18.801300,-93.396698,0.129960,17.611099,-0.182931,-0.475644,-0.680147,0.526972,-1104.270996,1517.913574,-4602.371582,-1098.179077,1437.699585,-4614.534180,-1091.818726,1562.584106,-4628.143555,-1121.247559,1467.161987,-4564.754395,-1105.838867,1604.208984,-4602.054199,,,,,,,,,,,,,2616.268799,1567.716553,-3159.774902,,,,,,,,,,,,,1126.186401,1506.373047,-3717.632812,1138.460205,1644.354004,-3751.860840,,,,,,,,,,,,,,,
5866,58.660000,0.000000,0.000000,0.000000,1.000000,0.000000,0.000000,0.000000,57.698101,20.499701,-14.700500,0.047771,-0.013570,0.015998,-15.666301,-52.738201,18.801300,-93.396698,0.129960,17.611099,-0.182931,-0.475644,-0.680147,0.526972,-1104.270996,1517.913574,-4602.371582,-1098.179077,1437.699585,-4614.534180,-1091.818726,1562.584106,-4628.143555,-1121.247559,1467.161987,-4564.754395,-1105.838867,1604.208984,-4602.054199,,,,,,,,,,,,,2616.289551,1567.725342,-3159.781250,,,,,,,,,,,,,1128.511108,1506.519287,-3715.866211,1140.735229,1644.448853,-3750.196289,,,,,,,,,,,,,,,
5867,58.670000,0.000000,0.000000,0.000000,1.000000,0.000000,0.000000,0.000000,57.698101,20.499701,-14.700500,0.047771,-0.013570,0.015998,-15.666301,-52.738201,18.801300,-93.396698,0.129960,17.611099,-0.182931,-0.475644,-0.680147,0.526972,-1104.270996,1517.913574,-4602.371582,-1098.179077,1437.699585,-4614.534180,-1091.818726,1562.584106,-4628.143555,-1121.247559,1467.161987,-4564.754395,-1105.838867,1604.208984,-4602.054199,,,,,,,,,,,,,2616.324951,1567.774292,-3159.770996,,,,,,,,,,,,,1131.034546,1506.653198,-3714.071777,1143.002441,1644.640991,-3748.526855,,,,,,,,,,,,,,,
5868,58.680000,0.000000,0.000000,0.000000,1.000000,0.000000,0.000000,0.000000,57.698101,20.499701,-14.700500,0.047771,-0.013570,0.015998,-15.666301,-52.738201,18.801300,-93.396698,0.129960,17.611099,-0.182931,-0.475644,-0.680147,0.526972,-1104.270996,1517.913574,-4602.371582,-1098.179077,1437.699585,-4614.534180,-1091.818726,1562.584106,-4628.143555,-1121.247559,1467.161987,-4564.754395,-1105.838867,1604.208984,-4602.054199,,,,,,,,,,,,,2616.292725,1567.734863,-3159.784180,,,,,,,,,,,,,1133.293335,1506.578735,-3712.417480,1144.767212,1644.562744,-3747.145996,,,,,,,,,,,,,,,
5869,58.690000,0.000000,0.000000,0.000000,1.000000,0.000000,0.000000,0.000000,57.698101,20.499701,-14.700500,0.047771,-0.013570,0.015998,-15.666301,-52.738201,18.801300,-93.396698,0.129960,17.611099,-0.182931,-0.475644,-0.680147,0.526972,-1104.270996,1517.913574,-4602.371582,-1098.179077,1437.699585,-4614.534180,-1091.818726,1562.584106,-4628.143555,-1121.247559,1467.161987,-4564.754395,-1105.838867,1604.208984,-4602.054199,,,,,,,,,,,,,2616.296631,1567.728394,-3159.767090,,,,,,,,,,,,,1135.302124,1506.379883,-3710.890869,1146.427856,1644.213379,-3746.178223,,,,,,,,,,,,,,,
5870,58.700000,0.000000,0.000000,0.000000,1.000000,0.000000,0.000000,0.000000,57.698101,20.499701,-14.700500,0.047771,-0.013570,0.015998,-15.666301,-52.738201,18.801300,-93.396698,0.129960,17.611099,-0.182931,-0.475644,-0.680147,0.526972,-1104.270996,1517.913574,-4602.371582,-1098.179077,1437.699585,-4614.534180,-1091.818726,1562.584106,-4628.143555,-1121.247559,1467.161987,-4564.754395,-1105.838867,1604.208984,-4602.054199,,,,,,,,,,,,,2616.306885,1567.764526,-3159.782227,,,,,,,,,,,,,1136.870117,1506.058716,-3709.613770,1148.778076,1643.916504,-3744.712891,,,,,,,,,,,,,,,
5871,58.710000,0.000000,0.000000,0.000000,1.000000,0.000000,0.000000,0.000000,57.698101,20.499701,-14.700500,0.047771,-0.013570,0.015998,-15.666301,-52.738201,18.801300,-93.396698,0.129960,17.611099,-0.182931,-0.475644,-0.680147,0.526972,-1104.270996,1517.913574,-4602.371582,-1098.179077,1437.699585,-4614.534180,-1091.818726,1562.584106,-4628.143555,-1121.247559,1467.161987,-4564.754395,-1105.838867,1604.208984,-4602.054199,,,,,,,,,,,,,2616.276855,1567.737915,-3159.793945,,,,,,,,,,,,,1138.353027,1505.749268,-3708.376221,1151.499268,1643.735718,-3743.104248,,,,,,,,,,,,,,,
5872,58.720000,0.000000,0.000000,0.000000,1.000000,0.000000,0.000000,0.000000,57.698101,20.499701,-14.700500,0.047771,-0.013570,0.015998,-15.666301,-52.738201,18.801300,-93.396698,0.129960,17.611099,-0.182931,-0.475644,-0.680147,0.526972,-1104.270996,1517.913574,-4602.371582,-1098.179077,1437.699585,-4614.534180,-1091.818726,1562.584106,-4628.143555,-1121.247559,1467.161987,-4564.754395,-1105.838867,1604.208984,-4602.054199,,,,,,,,,,,,,2616.264648,1567.729736,-3159.792480,,,,,,,,,,,,,1140.451660,1505.545532,-3706.843506,1153.923828,1643.666382,-3741.561523,,,,,,,,,,,,,,,
5873,58.730000,0.000000,0.000000,0.000000,1.000000,0.000000,0.000000,0.000000,57.698101,20.499701,-14.700500,0.047771,-0.013570,0.015998,-15.666301,-52.738201,18.801300,-93.396698,0.129960,17.611099,-0.182931,-0.475644,-0.680147,0.526972,-1104.270996,1517.913574,-4602.371582,-1098.179077,1437.699585,-4614.534180,-1091.818726,1562.584106,-4628.143555,-1121.247559,1467.161987,-4564.754395,-1105.838867,1604.208984,-4602.054199,,,,,,,,,,,,,2616.302002,1567.743652,-3159.788818,,,,,,,,,,,,,1142.922852,1505.377075,-3705.225586,1156.228271,1643.690796,-3739.987793,,,,,,,,,,,,,,,
5874,58.740000,0.000000,0.000000,0.000000,1.000000,0.000000,0.000000,0.000000,57.698101,20.499701,-14.700500,0.047771,-0.013570,0.015998,-15.666301,-52.738201,18.801300,-93.396698,0.129960,17.611099,-0.182931,-0.475644,-0.680147,0.526972,-1104.270996,1517.913574,-4602.371582,-1098.179077,1437.699585,-4614.534180,-1091.818726,1562.584106,-4628.143555,-1121.247559,1467.161987,-4564.754395,-1105.838867,1604.208984,-4602.054199,,,,,,,,,,,,,2616.305908,1567.727783,-3159.777100,,,,,,,,,,,,,1145.593994,1505.352173,-3703.437988,1157.855225,1643.372192,-3738.984131,,,,,,,,,,,,,,,
5875,58.750000,0.000000,0.000000,0.000000,1.000000,0.000000,0.000000,0.000000,57.698101,20.499701,-14.700500,0.047771,-0.013570,0.015998,-15.666301,-52.738201,18.801300,-93.396698,0.129960,17.611099,-0.182931,-0.475644,-0.680147,0.526972,-1104.270996,1517.913574,-4602.371582,-1098.179077,1437.699585,-4614.534180,-1091.818726,1562.584106,-4628.143555,-1121.247559,1467.161987,-4564.754395,-1105.838867,1604.208984,-4602.054199,,,,,,,,,,,,,2616.296143,1567.724854,-3159.768066,,,,,,,,,,,,,1147.906128,1505.383423,-3701.798340,1159.788452,1642.765259,-3737.802002,,,,,,,,,,,,,,,
5876,58.760000,0.000000,0.000000,0.000000,1.000000,0.000000,0.000000,0.000000,57.698101,20.499701,-14.700500,0.047771,-0.013570,0.015998,-15.666301,-52.738201,18.801300,-93.396698,0.129960,17.611099,-0.182931,-0.475644,-0.680147,0.526972,-1104.270996,1517.913574,-4602.371582,-1098.179077,1437.699585,-4614.534180,-1091.818726,1562.584106,-4628.143555,-1121.247559,1467.161987,-4564.754395,-1105.838867,1604.208984,-4602.054199,,,,,,,,,,,,,2616.296631,1567.731323,-3159.783936,,,,,,,,,,,,,1150.009277,1505.346558,-3700.202148,1162.484131,1642.326172,-3736.257080,,,,,,,,,,,,,,,
5877,58.770000,0.000000,0.000000,0.000000,1.000000,0.000000,0.000000,0.000000,57.698101,20.499701,-14.700500,0.047771,-0.013570,0.015998,-15.666301,-52.738201,18.801300,-93.396698,0.129960,17.611099,-0.182931,-0.475644,-0.680147,0.526972,-1104.270996,1517.913574,-4602.371582,-1098.179077,1437.699585,-4614.534180,-1091.818726,1562.584106,-4628.143555,-1121.247559,1467.161987,-4564.754395,-1105.838867,1604.208984,-4602.054199,,,,,,,,,,,,,2616.288574,1567.740723,-3159.775146,,,,,,,,,,,,,1151.630737,1504.888672,-3699.038818,1164.945312,1642.310669,-3734.670654,,,,,,,,,,,,,,,
5878,58.780000,0.000000,0.000000,0.000000,1.000000,0.000000,0.000000,0.000000,57.698101,20.499701,-14.700500,0.047771,-0.013570,0.015998,-15.666301,-52.738201,18.801300,-93.396698,0.129960,17.611099,-0.182931,-0.475644,-0.680147,0.526972,-1104.270996,1517.913574,-4602.371582,-1098.179077,1437.699585,-4614.534180,-1091.818726,1562.584106,-4628.143555,-1121.247559,1467.161987,-4564.754395,-1105.838867,1604.208984,-4602.054199,,,,,,,,,,,,,2616.288330,1567.743042,-3159.799316,,,,,,,,,,,,,1153.510986,1504.266479,-3697.731934,1167.406250,1642.387451,-3732.968262,,,,,,,,,,,,,,,
5879,58.790000,0.000000,0.000000,0.000000,1.000000,0.000000,0.000000,0.000000,57.698101,20.499701,-14.700500,0.047771,-0.013570,0.015998,-15.666301,-52.738201,18.801300,-93.396698,0.129960,17.611099,-0.182931,-0.475644,-0.680147,0.526972,-1104.270996,1517.913574,-4602.371582,-1098.179077,1437.699585,-4614.534180,-1091.818726,1562.584106,-4628.143555,-1121.247559,1467.161987,-4564.754395,-1105.838867,1604.208984,-4602.054199,,,,,,,,,,,,,2616.315430,1567.767212,-3159.776855,,,,,,,,,,,,,1155.629272,1503.846558,-3696.333008,1169.671387,1642.186768,-3731.643066,,,,,,,,,,,,,,,
5880,58.800000,0.000000,0.000000,0.000000,1.000000,0.000000,0.000000,0.000000,57.698101,20.499701,-14.700500,0.047771,-0.013570,0.015998,-15.666301,-52.738201,18.801300,-93.396698,0.129960,17.611099,-0.182931,-0.475644,-0.680147,0.526972,-1104.270996,1517.913574,-4602.371582,-1098.179077,1437.699585,-4614.534180,-1091.818726,1562.584106,-4628.143555,-1121.247559,1467.161987,-4564.754395,-1105.838867,1604.208984,-4602.054199,,,,,,,,,,,,,2616.280518,1567.739502,-3159.789795,,,,,,,,,,,,,1157.857544,1503.714355,-3694.778320,1171.743286,1641.455200,-3730.421631,,,,,,,,,,,,,,,
5881,58.810000,0.000000,0.000000,0.000000,1.000000,0.000000,0.000000,0.000000,57.698101,20.499701,-14.700500,0.047771,-0.013570,0.015998,-15.666301,-52.738201,18.801300,-93.396698,0.129960,17.611099,-0.182931,-0.475644,-0.680147,0.526972,-1104.270996,1517.913574,-4602.371582,-1098.179077,1437.699585,-4614.534180,-1091.818726,1562.584106,-4628.143555,-1121.247559,1467.161987,-4564.754395,-1105.838867,1604.208984,-4602.054199,,,,,,,,,,,,,2616.286377,1567.738159,-3159.787354,,,,,,,,,,,,,1160.316895,1503.772095,-3693.059326,1173.698608,1640.752441,-3729.404053,,,,,,,,,,,,,,,
5882,58.820000,0.000000,0.000000,0.000000,1.000000,0.000000,0.000000,0.000000,57.698101,20.499701,-14.700500,0.047771,-0.013570,0.015998,-15.666301,-52.738201,18.801300,-93.396698,0.129960,17.611099,-0.182931,-0.475644,-0.680147,0.526972,-1104.270996,1517.913574,-4602.371582,-1098.179077,1437.699585,-4614.534180,-1091.818726,1562.584106,-4628.143555,-1121.247559,1467.161987,-4564.754395,-1105.838867,1604.208984,-4602.054199,,,,,,,,,,,,,2616.281738,1567.726929,-3159.776123,,,,,,,,,,,,,1162.741943,1503.712158,-3691.513184,1176.183472,1640.515503,-3727.852051,,,,,,,,,,,,,,,
5883,58.830000,0.000000,0.000000,0.000000,1.000000,0.000000,0.000000,0.000000,57.698101,20.499701,-14.700500,0.047771,-0.013570,0.015998,-15.666301,-52.738201,18.801300,-93.396698,0.129960,17.611099,-0.182931,-0.475644,-0.680147,0.526972,-1104.270996,1517.913574,-4602.371582,-1098.179077,1437.699585,-4614.534180,-1091.818726,1562.584106,-4628.143555,-1121.247559,1467.161987,-4564.754395,-1105.838867,1604.208984,-4602.054199,,,,,,,,,,,,,2616.285400,1567.750000,-3159.782959,,,,,,,,,,,,,1164.650513,1503.252197,-3690.149902,1178.797852,1640.542236,-3726.231934,,,,,,,,,,,,,,,
5884,58.840000,0.000000,0.000000,0.000000,1.000000,0.000000,0.000000,0.000000,57.698101,20.499701,-14.700500,0.047771,-0.013570,0.015998,-15.666301,-52.738201,18.801300,-93.396698,0.129960,17.611099,-0.182931,-0.475644,-0.680147,0.526972,-1104.270996,1517.913574,-4602.371582,-1098.179077,1437.699585,-4614.534180,-1091.818726,1562.584106,-4628.143555,-1121.247559,1467.161987,-4564.754395,-1105.838867,1604.208984,-4602.054199,,,,,,,,,,,,,2616.286377,1567.754517,-3159.779785,,,,,,,,,,,,,1166.499268,1502.737427,-3688.919434,1181.134155,1640.457031,-3724.922852,,,,,,,,,,,,,,,
5885,58.850000,0.000000,0.000000,0.000000,1.000000,0.000000,0.000000,0.000000,57.698101,20.499701,-14.700500,0.047771,-0.013570,0.015998,-15.666301,-52.738201,18.801300,-93.396698,0.129960,17.611099,-0.182931,-0.475644,-0.680147,0.526972,-1104.270996,1517.913574,-4602.371582,-1098.179077,1437.699585,-4614.534180,-1091.818726,1562.584106,-4628.143555,-1121.247559,1467.161987,-4564.754395,-1105.838867,1604.208984,-4602.054199,,,,,,,,,,,,,2616.286865,1567.700806,-3159.768555,,,,,,,,,,,,,1168.107422,1502.338379,-3687.753418,1183.345947,1640.119629,-3723.686035,,,,,,,,,,,,,,,
5886,58.860000,0.000000,0.000000,0.000000,1.000000,0.000000,0.000000,0.000000,57.698101,20.499701,-14.700500,0.047771,-0.013570,0.015998,-15.666301,-52.738201,18.801300,-93.396698,0.129960,17.611099,-0.182931,-0.475644,-0.680147,0.526972,-1104.270996,1517.913574,-4602.371582,-1098.179077,1437.699585,-4614.534180,-1091.818726,1562.584106,-4628.143555,-1121.247559,1467.161987,-4564.754395,-1105.838867,1604.208984,-4602.054199,,,,,,,,,,,,,2616.298828,1567.722290,-3159.771729,,,,,,,,,,,,,1170.113037,1502.354370,-3686.376953,1185.016357,1639.560181,-3722.752930,,,,,,,,,,,,,,,
5887,58.870000,0.000000,0.000000,0.000000,1.000000,0.000000,0.000000,0.000000,57.698101,20.499701,-14.700500,0.047771,-0.013570,0.015998,-15.666301,-52.738201,18.801300,-93.396698,0.129960,17.611099,-0.182931,-0.475644,-0.680147,0.526972,-1104.270996,1517.913574,-4602.371582,-1098.179077,1437.699585,-4614.534180,-1091.818726,1562.584106,-4628.143555,-1121.247559,1467.161987,-4564.754395,-1105.838867,1604.208984,-4602.054199,,,,,,,,,,,,,2616.283936,1567.722778,-3159.767822,,,,,,,,,,,,,1172.323120,1502.516602,-3684.962158,1187.126587,1639.522583,-3721.532227,,,,,,,,,,,,,,,
5888,58.880000,0.000000,0.000000,0.000000,1.000000,0.000000,0.000000,0.000000,57.698101,20.499701,-14.700500,0.047771,-0.013570,0.015998,-15.666301,-52.738201,18.801300,-93.396698,0.129960,17.611099,-0.182931,-0.475644,-0.680147,0.526972,-1104.270996,1517.913574,-4602.371582,-1098.179077,1437.699585,-4614.534180,-1091.818726,1562.584106,-4628.143555,-1121.247559,1467.161987,-4564.754395,-1105.838867,1604.208984,-4602.054199,,,,,,,,,,,,,2616.296143,1567.733398,-3159.776367,,,,,,,,,,,,,1175.064087,1502.750244,-3683.260498,1189.609863,1639.772461,-3719.978760,,,,,,,,,,,,,,,
5889,58.890000,0.000000,0.000000,0.000000,1.000000,0.000000,0.000000,0.000000,57.698101,20.499701,-14.700500,0.047771,-0.013570,0.015998,-15.666301,-52.738201,18.801300,-93.396698,0.129960,17.611099,-0.182931,-0.475644,-0.680147,0.526972,-1104.270996,1517.913574,-4602.371582,-1098.179077,1437.699585,-4614.534180,-1091.818726,1562.584106,-4628.143555,-1121.247559,1467.161987,-4564.754395,-1105.838867,1604.208984,-4602.054199,,,,,,,,,,,,,2616.258545,1567.731689,-3159.796387,,,,,,,,,,,,,1177.276978,1502.705078,-3681.893799,1192.003296,1640.012939,-3718.622070,,,,,,,,,,,,,,,
5890,58.900000,0.000000,0.000000,0.000000,1.000000,0.000000,0.000000,0.000000,57.698101,20.499701,-14.700500,0.047771,-0.013570,0.015998,-15.666301,-52.738201,18.801300,-93.396698,0.129960,17.611099,-0.182931,-0.475644,-0.680147,0.526972,-1104.270996,1517.913574,-4602.371582,-1098.179077,1437.699585,-4614.534180,-1091.818726,1562.584106,-4628.143555,-1121.247559,1467.161987,-4564.754395,-1105.838867,1604.208984,-4602.054199,,,,,,,,,,,,,2616.279297,1567.745850,-3159.789795,,,,,,,,,,,,,1179.147949,1502.588867,-3680.703125,1194.290649,1640.019531,-3717.379883,,,,,,,,,,,,,,,
5891,58.910000,0.000000,0.000000,0.000000,1.000000,0.000000,0.000000,0.000000,57.698101,20.499701,-14.700500,0.047771,-0.013570,0.015998,-15.666301,-52.738201,18.801300,-93.396698,0.129960,17.611099,-0.182931,-0.475644,-0.680147,0.526972,-1104.270996,1517.913574,-4602.371582,-1098.179077,1437.699585,-4614.534180,-1091.818726,1562.584106,-4628.143555,-1121.247559,1467.161987,-4564.754395,-1105.838867,1604.208984,-4602.054199,,,,,,,,,,,,,2616.243652,1567.713989,-3159.791260,,,,,,,,,,,,,1180.656372,1502.455200,-3679.793213,1196.116943,1639.785278,-3716.332031,,,,,,,,,,,,,,,
5892,58.920000,0.000000,0.000000,0.000000,1.000000,0.000000,0.000000,0.000000,57.698101,20.499701,-14.700500,0.047771,-0.013570,0.015998,-15.666301,-52.738201,18.801300,-93.396698,0.129960,17.611099,-0.182931,-0.475644,-0.680147,0.526972,-1104.270996,1517.913574,-4602.371582,-1098.179077,1437.699585,-4614.534180,-1091.818726,1562.584106,-4628.143555,-1121.247559,1467.161987,-4564.754395,-1105.838867,1604.208984,-4602.054199,,,,,,,,,,,,,2616.266357,1567.766235,-3159.791748,,,,,,,,,,,,,1182.975830,1502.709717,-3678.348145,1197.997192,1639.683838,-3715.237793,,,,,,,,,,,,,,,
5893,58.930000,0.000000,0.000000,0.000000,1.000000,0.000000,0.000000,0.000000,57.698101,20.499701,-14.700500,0.047771,-0.013570,0.015998,-15.666301,-52.738201,18.801300,-93.396698,0.129960,17.611099,-0.182931,-0.475644,-0.680147,0.526972,-1104.270996,1517.913574,-4602.371582,-1098.179077,1437.699585,-4614.534180,-1091.818726,1562.584106,-4628.143555,-1121.247559,1467.161987,-4564.754395,-1105.838867,1604.208984,-4602.054199,,,,,,,,,,,,,2616.280273,1567.757690,-3159.794678,,,,,,,,,,,,,1185.570557,1503.115356,-3676.866211,1200.490479,1640.010376,-3713.760498,,,,,,,,,,,,,,,
5894,58.940000,0.000000,0.000000,0.000000,1.000000,0.000000,0.000000,0.000000,57.698101,20.499701,-14.700500,0.047771,-0.013570,0.015998,-15.666301,-52.738201,18.801300,-93.396698,0.129960,17.611099,-0.182931,-0.475644,-0.680147,0.526972,-1104.270996,1517.913574,-4602.371582,-1098.179077,1437.699585,-4614.534180,-1091.818726,1562.584106,-4628.143555,-1121.247559,1467.161987,-4564.754395,-1105.838867,1604.208984,-4602.054199,,,,,,,,,,,,,2616.274902,1567.737305,-3159.784180,,,,,,,,,,,,,1188.191650,1503.528564,-3675.369141,1203.079346,1640.477783,-3712.258057,,,,,,,,,,,,,,,
5895,58.950000,0.000000,0.000000,0.000000,1.000000,0.000000,0.000000,0.000000,57.698101,20.499701,-14.700500,0.047771,-0.013570,0.015998,-15.666301,-52.738201,18.801300,-93.396698,0.129960,17.611099,-0.182931,-0.475644,-0.680147,0.526972,-1104.270996,1517.913574,-4602.371582,-1098.179077,1437.699585,-4614.534180,-1091.818726,1562.584106,-4628.143555,-1121.247559,1467.161987,-4564.754395,-1105.838867,1604.208984,-4602.054199,,,,,,,,,,,,,2616.289795,1567.748047,-3159.784424,,,,,,,,,,,,,1190.049561,1503.410767,-3674.419678,1205.406128,1640.873779,-3710.860596,,,,,,,,,,,,,,,
5896,58.960000,0.000000,0.000000,0.000000,1.000000,0.000000,0.000000,0.000000,57.698101,20.499701,-14.700500,0.047771,-0.013570,0.015998,-15.666301,-52.738201,18.801300,-93.396698,0.129960,17.611099,-0.182931,-0.475644,-0.680147,0.526972,-1104.270996,1517.913574,-4602.371582,-1098.179077,1437.699585,-4614.534180,-1091.818726,1562.584106,-4628.143555,-1121.247559,1467.161987,-4564.754395,-1105.838867,1604.208984,-4602.054199,,,,,,,,,,,,,2616.279541,1567.747803,-3159.789795,,,,,,,,,,,,,1191.686523,1503.254395,-3673.705078,1207.071289,1640.822998,-3710.014648,,,,,,,,,,,,,,,
5897,58.970000,0.000000,0.000000,0.000000,1.000000,0.000000,0.000000,0.000000,57.698101,20.499701,-14.700500,0.047771,-0.013570,0.015998,-15.666301,-52.738201,18.801300,-93.396698,0.129960,17.611099,-0.182931,-0.475644,-0.680147,0.526972,-1104.270996,1517.913574,-4602.371582,-1098.179077,1437.699585,-4614.534180,-1091.818726,1562.584106,-4628.143555,-1121.247559,1467.161987,-4564.754395,-1105.838867,1604.208984,-4602.054199,,,,,,,,,,,,,2616.296143,1567.748535,-3159.786377,,,,,,,,,,,,,1194.347046,1503.513428,-3672.517822,1209.329834,1640.904907,-3708.929932,,,,,,,,,,,,,,,
5898,58.980000,0.000000,0.000000,0.000000,1.000000,0.000000,0.000000,0.000000,57.698101,20.499701,-14.700500,0.047771,-0.013570,0.015998,-15.666301,-52.738201,18.801300,-93.396698,0.129960,17.611099,-0.182931,-0.475644,-0.680147,0.526972,-1104.270996,1517.913574,-4602.371582,-1098.179077,1437.699585,-4614.534180,-1091.818726,1562.584106,-4628.143555,-1121.247559,1467.161987,-4564.754395,-1105.838867,1604.208984,-4602.054199,,,,,,,,,,,,,2616.315918,1567.755981,-3159.777100,,,,,,,,,,,,,1197.248169,1504.147217,-3671.152100,1212.302734,1641.264526,-3707.457275,,,,,,,,,,,,,,,
5899,58.990000,0.000000,0.000000,0.000000,1.000000,0.000000,0.000000,0.000000,57.698101,20.499701,-14.700500,0.047771,-0.013570,0.015998,-15.666301,-52.738201,18.801300,-93.396698,0.129960,17.611099,-0.182931,-0.475644,-0.680147,0.526972,-1104.270996,1517.913574,-4602.371582,-1098.179077,1437.699585,-4614.534180,-1091.818726,1562.584106,-4628.143555,-1121.247559,1467.161987,-4564.754395,-1105.838867,1604.208984,-4602.054199,,,,,,,,,,,,,2616.260498,1567.727661,-3159.788330,,,,,,,,,,,,,1199.375244,1504.471924,-3670.331787,1214.884766,1641.684082,-3706.102295,,,,,,,,,,,,,,,
5900,59.000000,0.000000,0.000000,0.000000,1.000000,0.000000,0.000000,0.000000,57.698101,20.499701,-14.700500,0.047771,-0.013570,0.015998,-15.666301,-52.738201,18.801300,-93.396698,0.129960,17.611099,-0.182931,-0.475644,-0.680147,0.526972,-1104.270996,1517.913574,-4602.371582,-1098.179077,1437.699585,-4614.534180,-1091.818726,1562.584106,-4628.143555,-1121.247559,1467.161987,-4564.754395,-1105.838867,1604.208984,-4602.054199,,,,,,,,,,,,,2616.251709,1567.758789,-3159.798340,,,,,,,,,,,,,1200.771729,1504.271240,-3670.050781,1216.544312,1641.749268,-3705.312744,,,,,,,,,,,,,,,
5901,59.010000,0.000000,0.000000,0.000000,1.000000,0.000000,0.000000,0.000000,57.698101,20.499701,-14.700500,0.047771,-0.013570,0.015998,-15.666301,-52.738201,18.801300,-93.396698,0.129960,17.611099,-0.182931,-0.475644,-0.680147,0.526972,-1104.270996,1517.913574,-4602.371582,-1098.179077,1437.699585,-4614.534180,-1091.818726,1562.584106,-4628.143555,-1121.247559,1467.161987,-4564.754395,-1105.838867,1604.208984,-4602.054199,,,,,,,,,,,,,2616.242920,1567.763916,-3159.808105,,,,,,,,,,,,,1203.823486,1504.654053,-3668.882568,1218.791016,1642.119263,-3704.332031,,,,,,,,,,,,,,,
5902,59.020000,0.000000,0.000000,0.000000,1.000000,0.000000,0.000000,0.000000,57.698101,20.499701,-14.700500,0.047771,-0.013570,0.015998,-15.666301,-52.738201,18.801300,-93.396698,0.129960,17.611099,-0.182931,-0.475644,-0.680147,0.526972,-1104.270996,1517.913574,-4602.371582,-1098.179077,1437.699585,-4614.534180,-1091.818726,1562.584106,-4628.143555,-1121.247559,1467.161987,-4564.754395,-1105.838867,1604.208984,-4602.054199,,,,,,,,,,,,,2616.246582,1567.754028,-3159.811768,,,,,,,,,,,,,1206.999390,1505.234863,-3667.610596,1221.491943,1642.712769,-3703.196533,,,,,,,,,,,,,,,
5903,59.030000,0.000000,0.000000,0.000000,1.000000,0.000000,0.000000,0.000000,57.698101,20.499701,-14.700500,0.047771,-0.013570,0.015998,-15.666301,-52.738201,18.801300,-93.396698,0.129960,17.611099,-0.182931,-0.475644,-0.680147,0.526972,-1104.270996,1517.913574,-4602.371582,-1098.179077,1437.699585,-4614.534180,-1091.818726,1562.584106,-4628.143555,-1121.247559,1467.161987,-4564.754395,-1105.838867,1604.208984,-4602.054199,,,,,,,,,,,,,2616.286133,1567.756592,-3159.792725,,,,,,,,,,,,,1208.836670,1505.108398,-3667.216309,1224.074341,1643.211304,-3702.098633,,,,,,,,,,,,,,,
5904,59.040000,0.000000,0.000000,0.000000,1.000000,0.000000,0.000000,0.000000,57.698101,20.499701,-14.700500,0.047771,-0.013570,0.015998,-15.666301,-52.738201,18.801300,-93.396698,0.129960,17.611099,-0.182931,-0.475644,-0.680147,0.526972,-1104.270996,1517.913574,-4602.371582,-1098.179077,1437.699585,-4614.534180,-1091.818726,1562.584106,-4628.143555,-1121.247559,1467.161987,-4564.754395,-1105.838867,1604.208984,-4602.054199,,,,,,,,,,,,,2616.279541,1567.722168,-3159.784912,,,,,,,,,,,,,1210.584106,1505.093384,-3666.856445,1225.878052,1642.985474,-3701.695068,,,,,,,,,,,,,,,
5905,59.050000,0.000000,0.000000,0.000000,1.000000,0.000000,0.000000,0.000000,57.698101,20.499701,-14.700500,0.047771,-0.013570,0.015998,-15.666301,-52.738201,18.801300,-93.396698,0.129960,17.611099,-0.182931,-0.475644,-0.680147,0.526972,-1104.270996,1517.913574,-4602.371582,-1098.179077,1437.699585,-4614.534180,-1091.818726,1562.584106,-4628.143555,-1121.247559,1467.161987,-4564.754395,-1105.838867,1604.208984,-4602.054199,,,,,,,,,,,,,2616.288330,1567.743530,-3159.775879,,,,,,,,,,,,,1213.480957,1505.579468,-3665.878906,1228.333252,1642.972290,-3701.096436,,,,,,,,,,,,,,,
5906,59.060000,0.000000,0.000000,0.000000,1.000000,0.000000,0.000000,0.000000,57.698101,20.499701,-14.700500,0.047771,-0.013570,0.015998,-15.666301,-52.738201,18.801300,-93.396698,0.129960,17.611099,-0.182931,-0.475644,-0.680147,0.526972,-1104.270996,1517.913574,-4602.371582,-1098.179077,1437.699585,-4614.534180,-1091.818726,1562.584106,-4628.143555,-1121.247559,1467.161987,-4564.754395,-1105.838867,1604.208984,-4602.054199,,,,,,,,,,,,,2616.268799,1567.719604,-3159.784912,,,,,,,,,,,,,1216.322754,1506.102661,-3664.968750,1231.131836,1643.384521,-3700.107422,,,,,,,,,,,,,,,
5907,59.070000,0.000000,0.000000,0.000000,1.000000,0.000000,0.000000,0.000000,57.698101,20.499701,-14.700500,0.047771,-0.013570,0.015998,-15.666301,-52.738201,18.801300,-93.396698,0.129960,17.611099,-0.182931,-0.475644,-0.680147,0.526972,-1104.270996,1517.913574,-4602.371582,-1098.179077,1437.699585,-4614.534180,-1091.818726,1562.584106,-4628.143555,-1121.247559,1467.161987,-4564.754395,-1105.838867,1604.208984,-4602.054199,,,,,,,,,,,,,2616.303223,1567.744019,-3159.774658,,,,,,,,,,,,,1217.927979,1505.734375,-3664.894287,1233.331177,1643.590454,-3699.747070,,,,,,,,,,,,,,,
5908,59.080000,0.000000,0.000000,0.000000,1.000000,0.000000,0.000000,0.000000,57.698101,20.499701,-14.700500,0.047771,-0.013570,0.015998,-15.666301,-52.738201,18.801300,-93.396698,0.129960,17.611099,-0.182931,-0.475644,-0.680147,0.526972,-1104.270996,1517.913574,-4602.371582,-1098.179077,1437.699585,-4614.534180,-1091.818726,1562.584106,-4628.143555,-1121.247559,1467.161987,-4564.754395,-1105.838867,1604.208984,-4602.054199,,,,,,,,,,,,,2616.294189,1567.756592,-3159.785645,,,,,,,,,,,,,1220.049072,1505.535278,-3664.596436,1234.998047,1643.552490,-3699.656006,,,,,,,,,,,,,,,
5909,59.090000,0.000000,0.000000,0.000000,1.000000,0.000000,0.000000,0.000000,57.698101,20.499701,-14.700500,0.047771,-0.013570,0.015998,-15.666301,-52.738201,18.801300,-93.396698,0.129960,17.611099,-0.182931,-0.475644,-0.680147,0.526972,-1104.270996,1517.913574,-4602.371582,-1098.179077,1437.699585,-4614.534180,-1091.818726,1562.584106,-4628.143555,-1121.247559,1467.161987,-4564.754395,-1105.838867,1604.208984,-4602.054199,,,,,,,,,,,,,2616.275879,1567.768799,-3159.795654,,,,,,,,,,,,,1223.255981,1505.864502,-3663.699707,1237.920044,1643.745361,-3698.882324,,,,,,,,,,,,,,,
5910,59.100000,0.000000,0.000000,0.000000,1.000000,0.000000,0.000000,0.000000,57.698101,20.499701,-14.700500,0.047771,-0.013570,0.015998,-15.666301,-52.738201,18.801300,-93.396698,0.129960,17.611099,-0.182931,-0.475644,-0.680147,0.526972,-1104.270996,1517.913574,-4602.371582,-1098.179077,1437.699585,-4614.534180,-1091.818726,1562.584106,-4628.143555,-1121.247559,1467.161987,-4564.754395,-1105.838867,1604.208984,-4602.054199,,,,,,,,,,,,,2616.299561,1567.789185,-3159.793701,,,,,,,,,,,,,1225.698486,1505.860107,-3663.131836,1240.770996,1643.753418,-3698.341309,,,,,,,,,,,,,,,
5911,59.110000,0.000000,0.000000,0.000000,1.000000,0.000000,0.000000,0.000000,57.698101,20.499701,-14.700500,0.047771,-0.013570,0.015998,-15.666301,-52.738201,18.801300,-93.396698,0.129960,17.611099,-0.182931,-0.475644,-0.680147,0.526972,-1104.270996,1517.913574,-4602.371582,-1098.179077,1437.699585,-4614.534180,-1091.818726,1562.584106,-4628.143555,-1121.247559,1467.161987,-4564.754395,-1105.838867,1604.208984,-4602.054199,,,,,,,,,,,,,2616.292480,1567.737305,-3159.786377,,,,,,,,,,,,,1227.277832,1505.506226,-3663.090332,1242.654419,1643.061157,-3698.487061,,,,,,,,,,,,,,,
5912,59.120000,0.000000,0.000000,0.000000,1.000000,0.000000,0.000000,0.000000,57.698101,20.499701,-14.700500,0.047771,-0.013570,0.015998,-15.666301,-52.738201,18.801300,-93.396698,0.129960,17.611099,-0.182931,-0.475644,-0.680147,0.526972,-1104.270996,1517.913574,-4602.371582,-1098.179077,1437.699585,-4614.534180,-1091.818726,1562.584106,-4628.143555,-1121.247559,1467.161987,-4564.754395,-1105.838867,1604.208984,-4602.054199,,,,,,,,,,,,,2616.261719,1567.754761,-3159.791992,,,,,,,,,,,,,1229.941528,1505.614258,-3662.498779,1245.128174,1642.768555,-3698.418701,,,,,,,,,,,,,,,
5913,59.130000,0.000000,0.000000,0.000000,1.000000,0.000000,0.000000,0.000000,57.698101,20.499701,-14.700500,0.047771,-0.013570,0.015998,-15.666301,-52.738201,18.801300,-93.396698,0.129960,17.611099,-0.182931,-0.475644,-0.680147,0.526972,-1104.270996,1517.913574,-4602.371582,-1098.179077,1437.699585,-4614.534180,-1091.818726,1562.584106,-4628.143555,-1121.247559,1467.161987,-4564.754395,-1105.838867,1604.208984,-4602.054199,,,,,,,,,,,,,2616.285400,1567.773804,-3159.788330,,,,,,,,,,,,,1233.231812,1505.832275,-3661.568115,1248.095215,1642.914062,-3697.891113,,,,,,,,,,,,,,,
5914,59.140000,0.000000,0.000000,0.000000,1.000000,0.000000,0.000000,0.000000,57.698101,20.499701,-14.700500,0.047771,-0.013570,0.015998,-15.666301,-52.738201,18.801300,-93.396698,0.129960,17.611099,-0.182931,-0.475644,-0.680147,0.526972,-1104.270996,1517.913574,-4602.371582,-1098.179077,1437.699585,-4614.534180,-1091.818726,1562.584106,-4628.143555,-1121.247559,1467.161987,-4564.754395,-1105.838867,1604.208984,-4602.054199,,,,,,,,,,,,,2616.271240,1567.752441,-3159.786865,,,,,,,,,,,,,1235.200439,1505.161743,-3661.465332,1250.295654,1642.716064,-3697.800781,,,,,,,,,,,,,,,
5915,59.150000,0.000000,0.000000,0.000000,1.000000,0.000000,0.000000,0.000000,57.698101,20.499701,-14.700500,0.047771,-0.013570,0.015998,-15.666301,-52.738201,18.801300,-93.396698,0.129960,17.611099,-0.182931,-0.475644,-0.680147,0.526972,-1104.270996,1517.913574,-4602.371582,-1098.179077,1437.699585,-4614.534180,-1091.818726,1562.584106,-4628.143555,-1121.247559,1467.161987,-4564.754395,-1105.838867,1604.208984,-4602.054199,,,,,,,,,,,,,2616.298584,1567.771240,-3159.784912,,,,,,,,,,,,,1236.900391,1504.695801,-3661.456543,1252.232300,1641.974243,-3698.081543,,,,,,,,,,,,,,,
5916,59.160000,0.000000,0.000000,0.000000,1.000000,0.000000,0.000000,0.000000,57.698101,20.499701,-14.700500,0.047771,-0.013570,0.015998,-15.666301,-52.738201,18.801300,-93.396698,0.129960,17.611099,-0.182931,-0.475644,-0.680147,0.526972,-1104.270996,1517.913574,-4602.371582,-1098.179077,1437.699585,-4614.534180,-1091.818726,1562.584106,-4628.143555,-1121.247559,1467.161987,-4564.754395,-1105.838867,1604.208984,-4602.054199,,,,,,,,,,,,,2616.280029,1567.742188,-3159.785645,,,,,,,,,,,,,1239.792725,1504.696411,-3660.716797,1255.220215,1641.751465,-3697.645508,,,,,,,,,,,,,,,
5917,59.170000,0.000000,0.000000,0.000000,1.000000,0.000000,0.000000,0.000000,57.698101,20.499701,-14.700500,0.047771,-0.013570,0.015998,-15.666301,-52.738201,18.801300,-93.396698,0.129960,17.611099,-0.182931,-0.475644,-0.680147,0.526972,-1104.270996,1517.913574,-4602.371582,-1098.179077,1437.699585,-4614.534180,-1091.818726,1562.584106,-4628.143555,-1121.247559,1467.161987,-4564.754395,-1105.838867,1604.208984,-4602.054199,,,,,,,,,,,,,2616.277832,1567.738037,-3159.794922,,,,,,,,,,,,,1242.867676,1504.810303,-3659.703613,1257.970215,1641.608643,-3697.265869,,,,,,,,,,,,,,,
5918,59.180000,0.000000,0.000000,0.000000,1.000000,0.000000,0.000000,0.000000,57.698101,20.499701,-14.700500,0.047771,-0.013570,0.015998,-15.666301,-52.738201,18.801300,-93.396698,0.129960,17.611099,-0.182931,-0.475644,-0.680147,0.526972,-1104.270996,1517.913574,-4602.371582,-1098.179077,1437.699585,-4614.534180,-1091.818726,1562.584106,-4628.143555,-1121.247559,1467.161987,-4564.754395,-1105.838867,1604.208984,-4602.054199,,,,,,,,,,,,,2616.280518,1567.740112,-3159.792480,,,,,,,,,,,,,1245.180176,1504.684326,-3658.677002,1259.864868,1640.950806,-3697.245117,,,,,,,,,,,,,,,
5919,59.190000,0.000000,0.000000,0.000000,1.000000,0.000000,0.000000,0.000000,57.698101,20.499701,-14.700500,0.047771,-0.013570,0.015998,-15.666301,-52.738201,18.801300,-93.396698,0.129960,17.611099,-0.182931,-0.475644,-0.680147,0.526972,-1104.270996,1517.913574,-4602.371582,-1098.179077,1437.699585,-4614.534180,-1091.818726,1562.584106,-4628.143555,-1121.247559,1467.161987,-4564.754395,-1105.838867,1604.208984,-4602.054199,,,,,,,,,,,,,2616.286133,1567.732910,-3159.783203,,,,,,,,,,,,,1247.130981,1504.187134,-3657.984375,1262.417847,1640.230591,-3696.932373,,,,,,,,,,,,,,,
5920,59.200000,0.000000,0.000000,0.000000,1.000000,0.000000,0.000000,0.000000,57.698101,20.499701,-14.700500,0.047771,-0.013570,0.015998,-15.666301,-52.738201,18.801300,-93.396698,0.129960,17.611099,-0.182931,-0.475644,-0.680147,0.526972,-1104.270996,1517.913574,-4602.371582,-1098.179077,1437.699585,-4614.534180,-1091.818726,1562.584106,-4628.143555,-1121.247559,1467.161987,-4564.754395,-1105.838867,1604.208984,-4602.054199,,,,,,,,,,,,,2616.300781,1567.724976,-3159.778809,,,,,,,,,,,,,1249.637329,1504.009766,-3657.335449,1265.517334,1639.907593,-3696.264404,,,,,,,,,,,,,,,
5921,59.210000,0.000000,0.000000,0.000000,1.000000,0.000000,0.000000,0.000000,57.698101,20.499701,-14.700500,0.047771,-0.013570,0.015998,-15.666301,-52.738201,18.801300,-93.396698,0.129960,17.611099,-0.182931,-0.475644,-0.680147,0.526972,-1104.270996,1517.913574,-4602.371582,-1098.179077,1437.699585,-4614.534180,-1091.818726,1562.584106,-4628.143555,-1121.247559,1467.161987,-4564.754395,-1105.838867,1604.208984,-4602.054199,,,,,,,,,,,,,2616.307861,1567.726685,-3159.782959,,,,,,,,,,,,,1252.563354,1503.609985,-3656.847412,1268.106934,1639.602417,-3695.733643,,,,,,,,,,,,,,,
5922,59.220000,0.000000,0.000000,0.000000,1.000000,0.000000,0.000000,0.000000,57.698101,20.499701,-14.700500,0.047771,-0.013570,0.015998,-15.666301,-52.738201,18.801300,-93.396698,0.129960,17.611099,-0.182931,-0.475644,-0.680147,0.526972,-1104.270996,1517.913574,-4602.371582,-1098.179077,1437.699585,-4614.534180,-1091.818726,1562.584106,-4628.143555,-1121.247559,1467.161987,-4564.754395,-1105.838867,1604.208984,-4602.054199,,,,,,,,,,,,,2616.279297,1567.732788,-3159.784668,,,,,,,,,,,,,1254.855957,1502.901978,-3656.159912,1269.808228,1638.713135,-3695.753906,,,,,,,,,,,,,,,
5923,59.230000,0.000000,0.000000,0.000000,1.000000,0.000000,0.000000,0.000000,57.698101,20.499701,-14.700500,0.047771,-0.013570,0.015998,-15.666301,-52.738201,18.801300,-93.396698,0.129960,17.611099,-0.182931,-0.475644,-0.680147,0.526972,-1104.270996,1517.913574,-4602.371582,-1098.179077,1437.699585,-4614.534180,-1091.818726,1562.584106,-4628.143555,-1121.247559,1467.161987,-4564.754395,-1105.838867,1604.208984,-4602.054199,,,,,,,,,,,,,2616.264404,1567.748291,-3159.800293,,,,,,,,,,,,,1256.904541,1502.260010,-3655.368408,1272.555176,1637.965088,-3695.004883,,,,,,,,,,,,,,,
5924,59.240000,0.000000,0.000000,0.000000,1.000000,0.000000,0.000000,0.000000,57.698101,20.499701,-14.700500,0.047771,-0.013570,0.015998,-15.666301,-52.738201,18.801300,-93.396698,0.129960,17.611099,-0.182931,-0.475644,-0.680147,0.526972,-1104.270996,1517.913574,-4602.371582,-1098.179077,1437.699585,-4614.534180,-1091.818726,1562.584106,-4628.143555,-1121.247559,1467.161987,-4564.754395,-1105.838867,1604.208984,-4602.054199,,,,,,,,,,,,,2616.281006,1567.756714,-3159.797607,,,,,,,,,,,,,1259.193359,1501.799805,-3654.589355,1275.462524,1637.617188,-3694.168213,,,,,,,,,,,,,,,
5925,59.250000,0.000000,0.000000,0.000000,1.000000,0.000000,0.000000,0.000000,57.698101,20.499701,-14.700500,0.047771,-0.013570,0.015998,-15.666301,-52.738201,18.801300,-93.396698,0.129960,17.611099,-0.182931,-0.475644,-0.680147,0.526972,-1104.270996,1517.913574,-4602.371582,-1098.179077,1437.699585,-4614.534180,-1091.818726,1562.584106,-4628.143555,-1121.247559,1467.161987,-4564.754395,-1105.838867,1604.208984,-4602.054199,,,,,,,,,,,,,2616.280762,1567.749023,-3159.801270,,,,,,,,,,,,,1262.085571,1501.315186,-3653.910889,1278.153442,1637.296875,-3693.256348,,,,,,,,,,,,,,,
5926,59.260000,0.000000,0.000000,0.000000,1.000000,0.000000,0.000000,0.000000,57.698101,20.499701,-14.700500,0.047771,-0.013570,0.015998,-15.666301,-52.738201,18.801300,-93.396698,0.129960,17.611099,-0.182931,-0.475644,-0.680147,0.526972,-1104.270996,1517.913574,-4602.371582,-1098.179077,1437.699585,-4614.534180,-1091.818726,1562.584106,-4628.143555,-1121.247559,1467.161987,-4564.754395,-1105.838867,1604.208984,-4602.054199,,,,,,,,,,,,,2616.281738,1567.750977,-3159.789062,,,,,,,,,,,,,1264.849487,1500.620361,-3653.181641,1280.239380,1636.295654,-3692.792480,,,,,,,,,,,,,,,
5927,59.270000,0.000000,0.000000,0.000000,1.000000,0.000000,0.000000,0.000000,57.698101,20.499701,-14.700500,0.047771,-0.013570,0.015998,-15.666301,-52.738201,18.801300,-93.396698,0.129960,17.611099,-0.182931,-0.475644,-0.680147,0.526972,-1104.270996,1517.913574,-4602.371582,-1098.179077,1437.699585,-4614.534180,-1091.818726,1562.584106,-4628.143555,-1121.247559,1467.161987,-4564.754395,-1105.838867,1604.208984,-4602.054199,,,,,,,,,,,,,2616.239014,1567.715698,-3159.794678,,,,,,,,,,,,,1266.981812,1499.924927,-3652.323242,1282.513062,1635.438354,-3692.104004,,,,,,,,,,,,,,,
5928,59.280000,0.000000,0.000000,0.000000,1.000000,0.000000,0.000000,0.000000,57.698101,20.499701,-14.700500,0.047771,-0.013570,0.015998,-15.666301,-52.738201,18.801300,-93.396698,0.129960,17.611099,-0.182931,-0.475644,-0.680147,0.526972,-1104.270996,1517.913574,-4602.371582,-1098.179077,1437.699585,-4614.534180,-1091.818726,1562.584106,-4628.143555,-1121.247559,1467.161987,-4564.754395,-1105.838867,1604.208984,-4602.054199,,,,,,,,,,,,,2616.269775,1567.736084,-3159.794678,,,,,,,,,,,,,1269.133911,1499.075562,-3651.451660,1285.524536,1635.050415,-3690.899902,,,,,,,,,,,,,,,
5929,59.290000,0.000000,0.000000,0.000000,1.000000,0.000000,0.000000,0.000000,57.698101,20.499701,-14.700500,0.047771,-0.013570,0.015998,-15.666301,-52.738201,18.801300,-93.396698,0.129960,17.611099,-0.182931,-0.475644,-0.680147,0.526972,-1104.270996,1517.913574,-4602.371582,-1098.179077,1437.699585,-4614.534180,-1091.818726,1562.584106,-4628.143555,-1121.247559,1467.161987,-4564.754395,-1105.838867,1604.208984,-4602.054199,,,,,,,,,,,,,2616.255127,1567.760498,-3159.804199,,,,,,,,,,,,,1271.969482,1498.395508,-3650.665039,1288.393188,1634.711792,-3689.625977,,,,,,,,,,,,,,,
5930,59.300000,0.000000,0.000000,0.000000,1.000000,0.000000,0.000000,0.000000,57.698101,20.499701,-14.700500,0.047771,-0.013570,0.015998,-15.666301,-52.738201,18.801300,-93.396698,0.129960,17.611099,-0.182931,-0.475644,-0.680147,0.526972,-1104.270996,1517.913574,-4602.371582,-1098.179077,1437.699585,-4614.534180,-1091.818726,1562.584106,-4628.143555,-1121.247559,1467.161987,-4564.754395,-1105.838867,1604.208984,-4602.054199,,,,,,,,,,,,,2616.282715,1567.785522,-3159.801025,,,,,,,,,,,,,1275.011475,1497.953491,-3649.912109,1290.676758,1633.791138,-3688.867676,,,,,,,,,,,,,,,
5931,59.310000,0.000000,0.000000,0.000000,1.000000,0.000000,0.000000,0.000000,57.698101,20.499701,-14.700500,0.047771,-0.013570,0.015998,-15.666301,-52.738201,18.801300,-93.396698,0.129960,17.611099,-0.182931,-0.475644,-0.680147,0.526972,-1104.270996,1517.913574,-4602.371582,-1098.179077,1437.699585,-4614.534180,-1091.818726,1562.584106,-4628.143555,-1121.247559,1467.161987,-4564.754395,-1105.838867,1604.208984,-4602.054199,,,,,,,,,,,,,2616.300537,1567.754761,-3159.791748,,,,,,,,,,,,,1277.568481,1497.369385,-3649.073486,1292.741699,1633.004761,-3688.182373,,,,,,,,,,,,,,,
5932,59.320000,0.000000,0.000000,0.000000,1.000000,0.000000,0.000000,0.000000,57.698101,20.499701,-14.700500,0.047771,-0.013570,0.015998,-15.666301,-52.738201,18.801300,-93.396698,0.129960,17.611099,-0.182931,-0.475644,-0.680147,0.526972,-1104.270996,1517.913574,-4602.371582,-1098.179077,1437.699585,-4614.534180,-1091.818726,1562.584106,-4628.143555,-1121.247559,1467.161987,-4564.754395,-1105.838867,1604.208984,-4602.054199,,,,,,,,,,,,,2616.281006,1567.737671,-3159.791992,,,,,,,,,,,,,1279.960938,1496.466553,-3648.239258,1295.749756,1632.668213,-3686.904785,,,,,,,,,,,,,,,
5933,59.330000,0.000000,0.000000,0.000000,1.000000,0.000000,0.000000,0.000000,57.698101,20.499701,-14.700500,0.047771,-0.013570,0.015998,-15.666301,-52.738201,18.801300,-93.396698,0.129960,17.611099,-0.182931,-0.475644,-0.680147,0.526972,-1104.270996,1517.913574,-4602.371582,-1098.179077,1437.699585,-4614.534180,-1091.818726,1562.584106,-4628.143555,-1121.247559,1467.161987,-4564.754395,-1105.838867,1604.208984,-4602.054199,,,,,,,,,,,,,2616.313232,1567.765991,-3159.793701,,,,,,,,,,,,,1282.805786,1495.904663,-3647.419434,1298.885254,1632.316284,-3685.766602,,,,,,,,,,,,,,,
5934,59.340000,0.000000,0.000000,0.000000,1.000000,0.000000,0.000000,0.000000,57.698101,20.499701,-14.700500,0.047771,-0.013570,0.015998,-15.666301,-52.738201,18.801300,-93.396698,0.129960,17.611099,-0.182931,-0.475644,-0.680147,0.526972,-1104.270996,1517.913574,-4602.371582,-1098.179077,1437.699585,-4614.534180,-1091.818726,1562.584106,-4628.143555,-1121.247559,1467.161987,-4564.754395,-1105.838867,1604.208984,-4602.054199,,,,,,,,,,,,,2616.256104,1567.772339,-3159.807861,,,,,,,,,,,,,1285.910767,1495.695801,-3646.673340,1301.644287,1631.769653,-3684.796143,,,,,,,,,,,,,,,
5935,59.350000,0.000000,0.000000,0.000000,1.000000,0.000000,0.000000,0.000000,57.698101,20.499701,-14.700500,0.047771,-0.013570,0.015998,-15.666301,-52.738201,18.801300,-93.396698,0.129960,17.611099,-0.182931,-0.475644,-0.680147,0.526972,-1104.270996,1517.913574,-4602.371582,-1098.179077,1437.699585,-4614.534180,-1091.818726,1562.584106,-4628.143555,-1121.247559,1467.161987,-4564.754395,-1105.838867,1604.208984,-4602.054199,,,,,,,,,,,,,2616.250977,1567.772827,-3159.802002,,,,,,,,,,,,,1288.584717,1495.091553,-3645.923828,1303.776978,1631.111206,-3684.361572,,,,,,,,,,,,,,,
5936,59.360000,0.000000,0.000000,0.000000,1.000000,0.000000,0.000000,0.000000,57.698101,20.499701,-14.700500,0.047771,-0.013570,0.015998,-15.666301,-52.738201,18.801300,-93.396698,0.129960,17.611099,-0.182931,-0.475644,-0.680147,0.526972,-1104.270996,1517.913574,-4602.371582,-1098.179077,1437.699585,-4614.534180,-1091.818726,1562.584106,-4628.143555,-1121.247559,1467.161987,-4564.754395,-1105.838867,1604.208984,-4602.054199,,,,,,,,,,,,,2616.309570,1567.729370,-3159.786621,,,,,,,,,,,,,1290.966919,1494.371948,-3645.125732,1306.814209,1630.891968,-3683.233154,1315.781982,1464.911011,-3694.371582,,,,,,,,,,,,
5937,59.370000,0.000000,0.000000,0.000000,1.000000,0.000000,0.000000,0.000000,57.698101,20.499701,-14.700500,0.047771,-0.013570,0.015998,-15.666301,-52.738201,18.801300,-93.396698,0.129960,17.611099,-0.182931,-0.475644,-0.680147,0.526972,-1104.270996,1517.913574,-4602.371582,-1098.179077,1437.699585,-4614.534180,-1091.818726,1562.584106,-4628.143555,-1121.247559,1467.161987,-4564.754395,-1105.838867,1604.208984,-4602.054199,,,,,,,,,,,,,2616.317871,1567.740845,-3159.766602,,,,,,,,,,,,,1294.118408,1494.270508,-3644.478027,1310.102173,1630.664062,-3682.093262,1318.454956,1464.309570,-3693.737061,,,,,,,,,,,,
5938,59.380000,0.000000,0.000000,0.000000,1.000000,0.000000,0.000000,0.000000,57.698101,20.499701,-14.700500,0.047771,-0.013570,0.015998,-15.666301,-52.738201,18.801300,-93.396698,0.129960,17.611099,-0.182931,-0.475644,-0.680147,0.526972,-1104.270996,1517.913574,-4602.371582,-1098.179077,1437.699585,-4614.534180,-1091.818726,1562.584106,-4628.143555,-1121.247559,1467.161987,-4564.754395,-1105.838867,1604.208984,-4602.054199,,,,,,,,,,,,,2616.334961,1567.711426,-3159.753418,,,,,,,,,,,,,1297.322754,1494.077637,-3643.817871,1312.360474,1630.035889,-3681.569336,1321.091064,1464.171997,-3693.052246,,,,,,,,,,,,
5939,59.390000,0.000000,0.000000,0.000000,1.000000,0.000000,0.000000,0.000000,57.698101,20.499701,-14.700500,0.047771,-0.013570,0.015998,-15.666301,-52.738201,18.801300,-93.396698,0.129960,17.611099,-0.182931,-0.475644,-0.680147,0.526972,-1104.270996,1517.913574,-4602.371582,-1098.179077,1437.699585,-4614.534180,-1091.818726,1562.584106,-4628.143555,-1121.247559,1467.161987,-4564.754395,-1105.838867,1604.208984,-4602.054199,,,,,,,,,,,,,2616.298340,1567.728149,-3159.773682,,,,,,,,,,,,,1299.876587,1493.354004,-3643.207275,1314.942505,1629.755371,-3680.849365,1324.507202,1464.275269,-3692.509277,,,,,,,,,,,,
5940,59.400000,0.000000,0.000000,0.000000,1.000000,0.000000,0.000000,0.000000,57.698101,20.499701,-14.700500,0.047771,-0.013570,0.015998,-15.666301,-52.738201,18.801300,-93.396698,0.129960,17.611099,-0.182931,-0.475644,-0.680147,0.526972,-1104.270996,1517.913574,-4602.371582,-1098.179077,1437.699585,-4614.534180,-1091.818726,1562.584106,-4628.143555,-1121.247559,1467.161987,-4564.754395,-1105.838867,1604.208984,-4602.054199,,,,,,,,,,,,,2616.281982,1567.740601,-3159.797852,,,,,,,,,,,,,1302.852173,1493.089722,-3642.620850,1318.008301,1629.814697,-3679.701904,1327.432495,1463.840820,-3691.929199,,,,,,,,,,,,
5941,59.410000,0.000000,0.000000,0.000000,1.000000,0.000000,0.000000,0.000000,57.698101,20.499701,-14.700500,0.047771,-0.013570,0.015998,-15.666301,-52.738201,18.801300,-93.396698,0.129960,17.611099,-0.182931,-0.475644,-0.680147,0.526972,-1104.270996,1517.913574,-4602.371582,-1098.179077,1437.699585,-4614.534180,-1091.818726,1562.584106,-4628.143555,-1121.247559,1467.161987,-4564.754395,-1105.838867,1604.208984,-4602.054199,,,,,,,,,,,,,2616.322998,1567.762451,-3159.783936,,,,,,,,,,,,,1306.236206,1493.180176,-3642.055420,1320.781494,1629.726807,-3678.879395,1330.310425,1463.667725,-3691.385986,,,,,,,,,,,,
5942,59.420000,0.000000,0.000000,0.000000,1.000000,0.000000,0.000000,0.000000,57.698101,20.499701,-14.700500,0.047771,-0.013570,0.015998,-15.666301,-52.738201,18.801300,-93.396698,0.129960,17.611099,-0.182931,-0.475644,-0.680147,0.526972,-1104.270996,1517.913574,-4602.371582,-1098.179077,1437.699585,-4614.534180,-1091.818726,1562.584106,-4628.143555,-1121.247559,1467.161987,-4564.754395,-1105.838867,1604.208984,-4602.054199,,,,,,,,,,,,,2616.306152,1567.713257,-3159.767334,,,,,,,,,,,,,1308.838745,1492.747803,-3641.501465,1322.835938,1629.213989,-3678.486572,1333.806885,1463.943237,-3690.971191,,,,,,,,,,,,
5943,59.430000,0.000000,0.000000,0.000000,1.000000,0.000000,0.000000,0.000000,57.698101,20.499701,-14.700500,0.047771,-0.013570,0.015998,-15.666301,-52.738201,18.801300,-93.396698,0.129960,17.611099,-0.182931,-0.475644,-0.680147,0.526972,-1104.270996,1517.913574,-4602.371582,-1098.179077,1437.699585,-4614.534180,-1091.818726,1562.584106,-4628.143555,-1121.247559,1467.161987,-4564.754395,-1105.838867,1604.208984,-4602.054199,,,,,,,,,,,,,2616.294189,1567.745728,-3159.777832,,,,,,,,,,,,,1312.165039,1492.627441,-3641.090820,1326.167236,1629.356934,-3677.458008,1336.543213,1463.866943,-3690.552979,,,,,,,,,,,,
5944,59.440000,0.000000,0.000000,0.000000,1.000000,0.000000,0.000000,0.000000,57.698101,20.499701,-14.700500,0.047771,-0.013570,0.015998,-15.666301,-52.738201,18.801300,-93.396698,0.129960,17.611099,-0.182931,-0.475644,-0.680147,0.526972,-1104.270996,1517.913574,-4602.371582,-1098.179077,1437.699585,-4614.534180,-1091.818726,1562.584106,-4628.143555,-1121.247559,1467.161987,-4564.754395,-1105.838867,1604.208984,-4602.054199,,,,,,,,,,,,,2616.311279,1567.722168,-3159.778076,,,,,,,,,,,,,1315.657227,1492.684937,-3640.666504,1329.537720,1629.813110,-3676.394531,1340.062134,1463.961426,-3690.261963,,,,,,,,,,,,
5945,59.450000,0.000000,0.000000,0.000000,1.000000,0.000000,0.000000,0.000000,57.698101,20.499701,-14.700500,0.047771,-0.013570,0.015998,-15.666301,-52.738201,18.801300,-93.396698,0.129960,17.611099,-0.182931,-0.475644,-0.680147,0.526972,-1104.270996,1517.913574,-4602.371582,-1098.179077,1437.699585,-4614.534180,-1091.818726,1562.584106,-4628.143555,-1121.247559,1467.161987,-4564.754395,-1105.838867,1604.208984,-4602.054199,,,,,,,,,,,,,2616.314453,1567.705566,-3159.759033,,,,,,,,,,,,,1318.309448,1492.576660,-3640.205078,1331.656738,1629.447388,-3676.395508,1343.357422,1463.964722,-3689.973389,,,,,,,,,,,,
5946,59.460000,0.000000,0.000000,0.000000,1.000000,0.000000,0.000000,0.000000,57.698101,20.499701,-14.700500,0.047771,-0.013570,0.015998,-15.666301,-52.738201,18.801300,-93.396698,0.129960,17.611099,-0.182931,-0.475644,-0.680147,0.526972,-1104.270996,1517.913574,-4602.371582,-1098.179077,1437.699585,-4614.534180,-1091.818726,1562.584106,-4628.143555,-1121.247559,1467.161987,-4564.754395,-1105.838867,1604.208984,-4602.054199,,,,,,,,,,,,,2616.302734,1567.730347,-3159.767822,,,,,,,,,,,,,1322.183960,1492.886963,-3640.013184,1335.529053,1629.654785,-3675.373535,1346.230347,1464.149658,-3689.775391,,,,,,,,,,,,
5947,59.470000,0.000000,0.000000,0.000000,1.000000,0.000000,0.000000,0.000000,57.698101,20.499701,-14.700500,0.047771,-0.013570,0.015998,-15.666301,-52.738201,18.801300,-93.396698,0.129960,17.611099,-0.182931,-0.475644,-0.680147,0.526972,-1104.270996,1517.913574,-4602.371582,-1098.179077,1437.699585,-4614.534180,-1091.818726,1562.584106,-4628.143555,-1121.247559,1467.161987,-4564.754395,-1105.838867,1604.208984,-4602.054199,,,,,,,,,,,,,2616.290527,1567.765991,-3159.788330,,,,,,,,,,,,,1325.199097,1492.626953,-3639.687012,1338.643311,1629.945801,-3674.907227,1349.656738,1464.582397,-3689.625977,,,,,,,,,,,,
5948,59.480000,0.000000,0.000000,0.000000,1.000000,0.000000,0.000000,0.000000,57.698101,20.499701,-14.700500,0.047771,-0.013570,0.015998,-15.666301,-52.738201,18.801300,-93.396698,0.129960,17.611099,-0.182931,-0.475644,-0.680147,0.526972,-1104.270996,1517.913574,-4602.371582,-1098.179077,1437.699585,-4614.534180,-1091.818726,1562.584106,-4628.143555,-1121.247559,1467.161987,-4564.754395,-1105.838867,1604.208984,-4602.054199,,,,,,,,,,,,,2616.273926,1567.776489,-3159.807129,,,,,,,,,,,,,1328.593994,1492.856567,-3639.427246,1341.458984,1630.203491,-3674.695557,1352.591309,1464.511963,-3689.419189,,,,,,,,,,,,
5949,59.490000,0.000000,0.000000,0.000000,1.000000,0.000000,0.000000,0.000000,57.698101,20.499701,-14.700500,0.047771,-0.013570,0.015998,-15.666301,-52.738201,18.801300,-93.396698,0.129960,17.611099,-0.182931,-0.475644,-0.680147,0.526972,-1104.270996,1517.913574,-4602.371582,-1098.179077,1437.699585,-4614.534180,-1091.818726,1562.584106,-4628.143555,-1121.247559,1467.161987,-4564.754395,-1105.838867,1604.208984,-4602.054199,,,,,,,,,,,,,2616.276123,1567.751587,-3159.786621,,,,,,,,,,,,,1331.974731,1493.182129,-3639.179932,1345.313599,1630.600830,-3673.986328,1356.459351,1464.867065,-3689.377441,,,,,,,,,,,,
5950,59.500000,0.000000,0.000000,0.000000,1.000000,0.000000,0.000000,0.000000,57.698101,20.499701,-14.700500,0.047771,-0.013570,0.015998,-15.666301,-52.738201,18.801300,-93.396698,0.129960,17.611099,-0.182931,-0.475644,-0.680147,0.526972,-1104.270996,1517.913574,-4602.371582,-1098.179077,1437.699585,-4614.534180,-1091.818726,1562.584106,-4628.143555,-1121.247559,1467.161987,-4564.754395,-1105.838867,1604.208984,-4602.054199,,,,,,,,,,,,,2616.280029,1567.742432,-3159.784912,,,,,,,,,,,,,1335.157104,1493.303711,-3638.915039,1348.048950,1630.774780,-3673.658203,1359.287231,1464.932739,-3689.132080,,,,,,,,,,,,
5951,59.510000,0.000000,0.000000,0.000000,1.000000,0.000000,0.000000,0.000000,57.698101,20.499701,-14.700500,0.047771,-0.013570,0.015998,-15.666301,-52.738201,18.801300,-93.396698,0.129960,17.611099,-0.182931,-0.475644,-0.680147,0.526972,-1104.270996,1517.913574,-4602.371582,-1098.179077,1437.699585,-4614.534180,-1091.818726,1562.584106,-4628.143555,-1121.247559,1467.161987,-4564.754395,-1105.838867,1604.208984,-4602.054199,,,,,,,,,,,,,2616.272949,1567.719238,-3159.790039,,,,,,,,,,,,,1338.836670,1493.412476,-3638.766113,1351.717407,1631.344604,-3673.332764,1362.787598,1465.431152,-3688.925781,,,,,,,,,,,,
5952,59.520000,0.000000,0.000000,0.000000,1.000000,0.000000,0.000000,0.000000,57.698101,20.499701,-14.700500,0.047771,-0.013570,0.015998,-15.666301,-52.738201,18.801300,-93.396698,0.129960,17.611099,-0.182931,-0.475644,-0.680147,0.526972,-1104.270996,1517.913574,-4602.371582,-1098.179077,1437.699585,-4614.534180,-1091.818726,1562.584106,-4628.143555,-1121.247559,1467.161987,-4564.754395,-1105.838867,1604.208984,-4602.054199,,,,,,,,,,,,,2616.304688,1567.760742,-3159.788330,,,,,,,,,,,,,1341.952393,1493.388428,-3638.452393,1354.556152,1631.512207,-3673.007568,1366.065186,1465.670288,-3688.702393,,,,,,,,,,,,
5953,59.530000,0.000000,0.000000,0.000000,1.000000,0.000000,0.000000,0.000000,57.698101,20.499701,-14.700500,0.047771,-0.013570,0.015998,-15.666301,-52.738201,18.801300,-93.396698,0.129960,17.611099,-0.182931,-0.475644,-0.680147,0.526972,-1104.270996,1517.913574,-4602.371582,-1098.179077,1437.699585,-4614.534180,-1091.818726,1562.584106,-4628.143555,-1121.247559,1467.161987,-4564.754395,-1105.838867,1604.208984,-4602.054199,,,,,,,,,,,,,2616.297607,1567.756958,-3159.782227,,,,,,,,,,,,,1345.579956,1494.083130,-3638.249023,1358.050537,1631.899292,-3672.828369,1369.263184,1465.659790,-3688.367676,,,,,,,,,,,,
5954,59.540000,0.000000,0.000000,0.000000,1.000000,0.000000,0.000000,0.000000,57.698101,20.499701,-14.700500,0.047771,-0.013570,0.015998,-15.666301,-52.738201,18.801300,-93.396698,0.129960,17.611099,-0.182931,-0.475644,-0.680147,0.526972,-1104.270996,1517.913574,-4602.371582,-1098.179077,1437.699585,-4614.534180,-1091.818726,1562.584106,-4628.143555,-1121.247559,1467.161987,-4564.754395,-1105.838867,1604.208984,-4602.054199,,,,,,,,,,,,,2616.305664,1567.747070,-3159.785889,,,,,,,,,,,,,1348.391602,1494.102783,-3637.798096,1361.438477,1632.034546,-3672.512939,1373.014282,1466.118408,-3688.053955,,,,,,,,,,,,
5955,59.550000,0.000000,0.000000,0.000000,1.000000,0.000000,0.000000,0.000000,57.698101,20.499701,-14.700500,0.047771,-0.013570,0.015998,-15.666301,-52.738201,18.801300,-93.396698,0.129960,17.611099,-0.182931,-0.475644,-0.680147,0.526972,-1104.270996,1517.913574,-4602.371582,-1098.179077,1437.699585,-4614.534180,-1091.818726,1562.584106,-4628.143555,-1121.247559,1467.161987,-4564.754395,-1105.838867,1604.208984,-4602.054199,,,,,,,,,,,,,2616.285156,1567.758423,-3159.793701,,,,,,,,,,,,,1352.129395,1494.676636,-3637.481934,1364.732910,1632.141357,-3672.290039,1375.738647,1466.204956,-3687.601074,,,,,,,,,,,,
5956,59.560000,0.000000,0.000000,0.000000,1.000000,0.000000,0.000000,0.000000,57.698101,20.499701,-14.700500,0.047771,-0.013570,0.015998,-15.666301,-52.738201,18.801300,-93.396698,0.129960,17.611099,-0.182931,-0.475644,-0.680147,0.526972,-1104.270996,1517.913574,-4602.371582,-1098.179077,1437.699585,-4614.534180,-1091.818726,1562.584106,-4628.143555,-1121.247559,1467.161987,-4564.754395,-1105.838867,1604.208984,-4602.054199,,,,,,,,,,,,,2616.320068,1567.786743,-3159.784180,,,,,,,,,,,,,1355.231201,1494.847168,-3637.154053,1368.257446,1632.725708,-3671.991211,1379.415283,1466.847046,-3687.130371,,,,,,,,,,,,
5957,59.570000,0.000000,0.000000,0.000000,1.000000,0.000000,0.000000,0.000000,57.698101,20.499701,-14.700500,0.047771,-0.013570,0.015998,-15.666301,-52.738201,18.801300,-93.396698,0.129960,17.611099,-0.182931,-0.475644,-0.680147,0.526972,-1104.270996,1517.913574,-4602.371582,-1098.179077,1437.699585,-4614.534180,-1091.818726,1562.584106,-4628.143555,-1121.247559,1467.161987,-4564.754395,-1105.838867,1604.208984,-4602.054199,,,,,,,,,,,,,2616.302979,1567.761597,-3159.784912,,,,,,,,,,,,,1358.115723,1495.037109,-3636.549072,1370.961670,1632.904053,-3671.625488,1382.433105,1466.857300,-3686.577881,,,,,,,,,,,,
5958,59.580000,0.000000,0.000000,0.000000,1.000000,0.000000,0.000000,0.000000,57.698101,20.499701,-14.700500,0.047771,-0.013570,0.015998,-15.666301,-52.738201,18.801300,-93.396698,0.129960,17.611099,-0.171967,-0.474862,-0.678835,0.533026,1377.798218,1547.075928,-3672.771484,1385.571899,1467.171143,-3685.967529,1389.561523,1592.331177,-3697.837402,1361.540771,1495.490601,-3635.979980,1374.518433,1633.311279,-3671.300781,1385.598145,1466.898926,-3685.950195,1389.529297,1592.300293,-3697.841553,1361.565796,1495.695923,-3636.086426,1374.506836,1633.398560,-3671.214111,2616.308105,1567.757690,-3159.773193,,,,,,,,,,,,,,,,,,,,,,,,,,,,,,,,,
5959,59.590000,0.000000,0.000000,0.000000,1.000000,0.000000,0.000000,0.000000,57.698101,20.499701,-14.700500,0.047771,-0.013570,0.015998,-15.666301,-52.738201,18.801300,-93.396698,0.129960,17.611099,-0.166544,-0.479101,-0.679623,0.529941,1380.810913,1547.300659,-3672.177246,1388.908691,1467.404663,-3685.230713,1392.879517,1592.567505,-3697.076660,1364.081787,1495.699707,-3635.619873,1377.373291,1633.531128,-3670.781982,1389.023438,1467.489868,-3685.308350,1392.829102,1592.587402,-3697.203613,1363.953125,1495.771484,-3635.488770,1377.437988,1633.350586,-3670.698730,2616.273926,1567.766602,-3159.784912,,,,,,,,,,,,,,,,,,,,,,,,,,,,,,,,,
5960,59.600000,0.000000,0.000000,0.000000,1.000000,0.000000,0.000000,0.000000,57.698101,20.499701,-14.700500,0.047771,-0.013570,0.015998,-15.666301,-52.738201,18.801300,-93.396698,0.129960,17.611099,-0.171140,-0.476817,-0.679654,0.530498,1383.727783,1547.520752,-3671.544922,1391.351074,1467.569580,-3684.546631,1395.767578,1592.695312,-3696.625000,1367.107056,1496.050537,-3634.754395,1380.685425,1633.767578,-3670.253662,1391.389526,1467.559937,-3684.546387,1395.673828,1592.614380,-3696.567139,1367.113770,1496.269043,-3634.847412,1380.729736,1633.657837,-3670.226074,2616.276367,1567.744385,-3159.792480,,,,,,,,,,,,,,,,,,,,,,,,,,,,,,,,,
5961,59.610000,0.000000,0.000000,0.000000,1.000000,0.000000,0.000000,0.000000,57.698101,20.499701,-14.700500,0.047771,-0.013570,0.015998,-15.666301,-52.738201,18.801300,-93.396698,0.129960,17.611099,-0.168607,-0.478669,-0.680125,0.529035,1387.001343,1547.968140,-3670.898438,1394.759888,1468.022827,-3683.855957,1399.190186,1593.152466,-3695.888672,1370.153687,1496.484375,-3634.230469,1383.901733,1634.213135,-3669.618408,1394.750122,1468.095947,-3683.849121,1399.238281,1593.173340,-3695.966064,1370.141968,1496.467896,-3634.201172,1383.875977,1634.135620,-3669.579102,2616.303467,1567.762085,-3159.781250,,,,,,,,,,,,,,,,,,,,,,,,,,,,,,,,,
5962,59.620000,0.000000,0.000000,0.000000,1.000000,0.000000,0.000000,0.000000,57.698101,20.499701,-14.700500,0.047771,-0.013570,0.015998,-15.666301,-52.738201,18.801300,-93.396698,0.129960,17.611099,-0.164681,-0.481297,-0.680334,0.527617,1389.620850,1548.090698,-3670.136475,1397.702393,1468.169067,-3683.042480,1401.934814,1593.313110,-3694.996094,1372.552368,1496.553589,-3633.645752,1386.293945,1634.327271,-3668.861084,1397.725220,1468.160278,-3683.058105,1401.970215,1593.475464,-3695.121094,1372.486328,1496.469849,-3633.539551,1386.299805,1634.269775,-3668.832764,2616.292480,1567.733521,-3159.768066,,,,,,,,,,,,,,,,,,,,,,,,,,,,,,,,,
5963,59.630000,0.000000,0.000000,0.000000,1.000000,0.000000,0.000000,0.000000,57.698101,20.499701,-14.700500,0.047771,-0.013570,0.015998,-15.666301,-52.738201,18.801300,-93.396698,0.129960,17.611099,-0.167931,-0.479423,-0.680597,0.527960,1392.505249,1548.332642,-3669.369629,1400.216675,1468.376343,-3682.287109,1404.814453,1593.498413,-3694.334473,1375.496460,1496.874878,-3632.739502,1389.493286,1634.581177,-3668.117432,1400.288208,1468.111694,-3682.304443,1404.694580,1593.545288,-3694.263916,1375.478638,1496.977783,-3632.783203,1389.564819,1634.666748,-3668.126709,2616.310303,1567.762695,-3159.770996,,,,,,,,,,,,,,,,,,,,,,,,,,,,,,,,,
5964,59.640000,0.000000,0.000000,0.000000,1.000000,0.000000,0.000000,0.000000,57.698101,20.499701,-14.700500,0.047771,-0.013570,0.015998,-15.666301,-52.738201,18.801300,-93.396698,0.129960,17.611099,-0.165767,-0.480793,-0.681098,0.526750,1395.547119,1548.614624,-3668.613281,1403.361084,1468.667480,-3681.525635,1407.982666,1593.797241,-3693.484863,1378.347656,1497.132690,-3632.106201,1392.497070,1634.861450,-3667.335693,1403.347412,1468.595215,-3681.582764,1408.043213,1593.850342,-3693.475098,1378.368896,1497.357422,-3632.087158,1392.423584,1634.658203,-3667.302246,2616.300049,1567.764893,-3159.780029,,,,,,,,,,,,,,,,,,,,,,,,,,,,,,,,,
5965,59.650000,0.000000,0.000000,0.000000,1.000000,0.000000,0.000000,0.000000,57.698101,20.499701,-14.700500,0.047771,-0.013570,0.015998,-15.666301,-52.738201,18.801300,-93.396698,0.129960,17.611099,-0.163095,-0.482565,-0.681966,0.524837,1398.067505,1548.589966,-3667.834229,1405.950806,1468.647705,-3680.734863,1410.708862,1593.782959,-3692.583008,1380.571167,1497.092407,-3631.490723,1395.038940,1634.837036,-3666.528320,1405.979248,1468.869873,-3680.789062,1410.762085,1593.727295,-3692.692383,1380.523804,1497.189941,-3631.412354,1395.002319,1634.557129,-3666.437256,2616.301025,1567.780151,-3159.786865,,,,,,,,,,,,,,,,,,,,,,,,,,,,,,,,,
5966,59.660000,0.000000,0.000000,0.000000,1.000000,0.000000,0.000000,0.000000,57.698101,20.499701,-14.700500,0.047771,-0.013570,0.015998,-15.666301,-52.738201,18.801300,-93.396698,0.129960,17.611099,-0.166230,-0.479754,-0.682348,0.525933,1400.724731,1548.796509,-3667.028076,1408.274414,1468.848877,-3680.093506,1413.292725,1593.985107,-3691.822510,1383.378662,1497.302368,-3630.607910,1397.953125,1635.050171,-3665.588867,1408.320190,1468.875366,-3680.060059,1413.184570,1593.917114,-3691.810791,1383.361816,1497.331299,-3630.668213,1398.027466,1635.058472,-3665.572510,2616.289795,1567.712891,-3159.786621,,,,,,,,,,,,,,,,,,,,,,,,,,,,,,,,,
5967,59.670000,0.000000,0.000000,0.000000,1.000000,0.000000,0.000000,0.000000,57.698101,20.499701,-14.700500,0.047771,-0.013570,0.015998,-15.666301,-52.738201,18.801300,-93.396698,0.129960,17.611099,-0.164652,-0.479873,-0.682584,0.526014,1403.671997,1549.174194,-3666.268311,1411.364746,1469.260254,-3679.456299,1416.232300,1594.423828,-3690.954590,1386.315918,1497.591797,-3629.977783,1400.774658,1635.421143,-3664.684570,1411.267578,1469.161621,-3679.400391,1416.343872,1594.483276,-3690.962402,1386.401978,1497.629272,-3630.049316,1400.673706,1635.420288,-3664.659668,2616.308838,1567.746460,-3159.771484,,,,,,,,,,,,,,,,,,,,,,,,,,,,,,,,,
5968,59.680000,0.000000,0.000000,0.000000,1.000000,0.000000,0.000000,0.000000,57.698101,20.499701,-14.700500,0.047771,-0.013570,0.015998,-15.666301,-52.738201,18.801300,-93.396698,0.129960,17.611099,-0.160880,-0.481581,-0.682670,0.525509,1406.013794,1549.213013,-3665.506104,1414.077026,1469.346436,-3678.759033,1418.603638,1594.543701,-3690.028320,1388.563599,1497.515381,-3629.425537,1402.810913,1635.447144,-3663.811279,1414.117798,1469.287598,-3678.784180,1418.620728,1594.686279,-3690.148926,1388.502686,1497.558838,-3629.352783,1402.814087,1635.326660,-3663.742676,2616.295654,1567.748413,-3159.779053,,,,,,,,,,,,,,,,,,,,,,,,,,,,,,,,,
5969,59.690000,0.000000,0.000000,0.000000,1.000000,0.000000,0.000000,0.000000,57.698101,20.499701,-14.700500,0.047771,-0.013570,0.015998,-15.666301,-52.738201,18.801300,-93.396698,0.129960,17.611099,-0.163057,-0.479487,-0.683184,0.526085,1408.429321,1549.311401,-3664.742432,1416.216797,1469.441406,-3678.139648,1420.997070,1594.640991,-3689.277832,1391.049316,1497.612427,-3628.629639,1405.453857,1635.551147,-3662.922363,1416.314819,1469.279175,-3678.186523,1420.885864,1594.701416,-3689.271484,1390.988647,1497.747681,-3628.616455,1405.529663,1635.512451,-3662.898193,2616.284912,1567.726929,-3159.788330,,,,,,,,,,,,,,,,,,,,,,,,,,,,,,,,,
5970,59.700000,0.000000,0.000000,0.000000,1.000000,0.000000,0.000000,0.000000,57.698101,20.499701,-14.700500,0.047771,-0.013570,0.015998,-15.666301,-52.738201,18.801300,-93.396698,0.129960,17.611099,-0.164178,-0.477798,-0.683500,0.526861,1411.339355,1549.614868,-3664.096436,1419.002075,1469.760620,-3677.658447,1423.851074,1594.974487,-3688.604980,1394.055664,1497.870728,-3628.002197,1408.448730,1635.854004,-3662.119385,1418.982666,1469.696777,-3677.671143,1423.863892,1594.925415,-3688.549561,1394.114136,1498.099243,-3628.078857,1408.403442,1635.765869,-3662.094482,2616.309570,1567.706421,-3159.771729,,,,,,,,,,,,,,,,,,,,,,,,,,,,,,,,,
5971,59.710000,0.000000,0.000000,0.000000,1.000000,0.000000,0.000000,0.000000,57.698101,20.499701,-14.700500,0.047771,-0.013570,0.015998,-15.666301,-52.738201,18.801300,-93.396698,0.129960,17.611099,-0.160808,-0.479190,-0.683807,0.526237,1413.822754,1549.672852,-3663.446777,1421.777222,1469.861694,-3677.094482,1426.386230,1595.106201,-3687.791504,1396.424927,1497.822754,-3627.559814,1410.702759,1635.900879,-3661.340576,1421.734375,1470.088013,-3677.118896,1426.479858,1595.035767,-3687.825684,1396.444702,1497.910522,-3627.535400,1410.618896,1635.645630,-3661.304688,2616.291016,1567.733887,-3159.770508,,,,,,,,,,,,,,,,,,,,,,,,,,,,,,,,,
5972,59.720000,0.000000,0.000000,0.000000,1.000000,0.000000,0.000000,0.000000,57.698101,20.499701,-14.700500,0.047771,-0.013570,0.015998,-15.666301,-52.738201,18.801300,-93.396698,0.129960,17.611099,-0.161275,-0.477943,-0.684122,0.526818,1416.087769,1549.714233,-3662.823730,1423.978271,1469.923462,-3676.626465,1428.610229,1595.184204,-3687.121338,1398.756104,1497.809814,-3626.983398,1413.006226,1635.939697,-3660.562988,1424.079468,1470.041870,-3676.638916,1428.496826,1595.141724,-3687.183594,1398.654663,1497.715454,-3626.921875,1413.118286,1635.958008,-3660.549805,2616.268311,1567.688843,-3159.778076,,,,,,,,,,,,,,,,,,,,,,,,,,,,,,,,,
5973,59.730000,0.000000,0.000000,0.000000,1.000000,0.000000,0.000000,0.000000,57.698101,20.499701,-14.700500,0.047771,-0.013570,0.015998,-15.666301,-52.738201,18.801300,-93.396698,0.129960,17.611099,-0.162733,-0.476770,-0.684509,0.526931,1418.812744,1549.913208,-3662.284180,1426.497192,1470.113159,-3676.149902,1431.349121,1595.369263,-3686.600586,1401.491333,1498.026733,-3626.412842,1415.913208,1636.143677,-3659.973145,1426.500488,1469.883911,-3676.105713,1431.303345,1595.446289,-3686.574951,1401.516479,1498.099121,-3626.495605,1415.931152,1636.199463,-3659.957031,2616.318848,1567.752197,-3159.777832,,,,,,,,,,,,,,,,,,,,,,,,,,,,,,,,,
5974,59.740000,0.000000,0.000000,0.000000,1.000000,0.000000,0.000000,0.000000,57.698101,20.499701,-14.700500,0.047771,-0.013570,0.015998,-15.666301,-52.738201,18.801300,-93.396698,0.129960,17.611099,-0.161072,-0.477584,-0.684351,0.526909,1421.529053,1550.061768,-3661.778809,1429.415039,1470.283936,-3675.658447,1434.050537,1595.554321,-3686.034424,1404.199463,1498.123901,-3625.986084,1418.451172,1636.285278,-3659.435547,1429.463013,1470.200195,-3675.703125,1434.030640,1595.630249,-3686.069336,1404.159668,1498.289673,-3625.952637,1418.461548,1636.126953,-3659.384033,2616.278564,1567.718750,-3159.790039,,,,,,,,,,,,,,,,,,,,,,,,,,,,,,,,,
5975,59.750000,0.000000,0.000000,0.000000,1.000000,0.000000,0.000000,0.000000,57.698101,20.499701,-14.700500,0.047771,-0.013570,0.015998,-15.666301,-52.738201,18.801300,-93.396698,0.129960,17.611099,-0.159529,-0.478667,-0.685040,0.525498,1423.737183,1549.878418,-3661.228760,1431.623413,1470.098755,-3675.098145,1436.413452,1595.368896,-3685.407959,1406.191895,1497.942627,-3625.538086,1420.719849,1636.103516,-3658.870117,1431.691528,1470.215698,-3675.177979,1436.425049,1595.380371,-3685.508301,1406.103760,1498.026733,-3625.413086,1420.727295,1635.878174,-3658.804443,2616.236572,1567.741089,-3159.806885,,,,,,,,,,,,,,,,,,,,,,,,,,,,,,,,,
5976,59.760000,0.000000,0.000000,0.000000,1.000000,0.000000,0.000000,0.000000,57.698101,20.499701,-14.700500,0.047771,-0.013570,0.015998,-15.666301,-52.738201,18.801300,-93.396698,0.129960,17.611099,-0.162328,-0.476964,-0.685510,0.525577,1426.192627,1549.871826,-3660.718262,1433.713867,1470.062500,-3674.619873,1438.898438,1595.313354,-3684.973877,1408.658447,1498.004028,-3624.923584,1423.499634,1636.107544,-3658.355469,1433.751221,1470.089844,-3674.617188,1438.821411,1595.237671,-3684.947754,1408.649536,1498.092407,-3624.966309,1423.544189,1636.066284,-3658.341064,2616.270996,1567.749390,-3159.802979,,,,,,,,,,,,,,,,,,,,,,,,,,,,,,,,,
5977,59.770000,0.000000,0.000000,0.000000,1.000000,0.000000,0.000000,0.000000,57.698101,20.499701,-14.700500,0.047771,-0.013570,0.015998,-15.666301,-52.738201,18.801300,-93.396698,0.129960,17.611099,-0.162214,-0.476710,-0.685260,0.526169,1428.966187,1550.041138,-3660.264893,1436.564697,1470.245972,-3674.206055,1441.603638,1595.506836,-3684.511230,1411.516235,1498.139038,-3624.478760,1426.180054,1636.272827,-3657.863770,1436.490601,1470.281006,-3674.174316,1441.690796,1595.473877,-3684.505127,1411.589355,1498.208130,-3624.538330,1426.093750,1636.201782,-3657.842529,2616.275635,1567.707397,-3159.787109,,,,,,,,,,,,,,,,,,,,,,,,,,,,,,,,,
5978,59.780000,0.000000,0.000000,0.000000,1.000000,0.000000,0.000000,0.000000,57.698101,20.499701,-14.700500,0.047771,-0.013570,0.015998,-15.666301,-52.738201,18.801300,-93.396698,0.129960,17.611099,-0.158589,-0.478967,-0.685107,0.525422,1431.167969,1549.870728,-3659.771240,1439.143311,1470.106079,-3673.676514,1443.847900,1595.386475,-3683.900879,1413.604858,1497.898560,-3624.142334,1428.075806,1636.091919,-3657.364746,1439.102173,1470.087158,-3673.649902,1443.926025,1595.479248,-3683.960938,1413.628174,1497.932495,-3624.152344,1428.016968,1635.983032,-3657.323486,2616.300537,1567.750732,-3159.773926,,,,,,,,,,,,,,,,,,,,,,,,,,,,,,,,,
5979,59.790000,0.000000,0.000000,0.000000,1.000000,0.000000,0.000000,0.000000,57.698101,20.499701,-14.700500,0.047771,-0.013570,0.015998,-15.666301,-52.738201,18.801300,-93.396698,0.129960,17.611099,-0.158644,-0.479531,-0.685333,0.524596,1433.368042,1549.733887,-3659.266113,1441.263428,1469.947388,-3673.090576,1446.137817,1595.212646,-3683.418213,1415.691162,1497.814941,-3623.616211,1430.379883,1635.960938,-3656.939697,1441.411987,1469.777466,-3673.178711,1446.022583,1595.228394,-3683.467773,1415.580322,1497.929810,-3623.543945,1430.464844,1635.988770,-3656.880127,2616.298096,1567.757812,-3159.784668,,,,,,,,,,,,,,,,,,,,,,,,,,,,,,,,,
5980,59.800000,0.000000,0.000000,0.000000,1.000000,0.000000,0.000000,0.000000,57.698101,20.499701,-14.700500,0.047771,-0.013570,0.015998,-15.666301,-52.738201,18.801300,-93.396698,0.129960,17.611099,-0.160099,-0.479020,-0.686053,0.523678,1435.978760,1549.684448,-3658.864746,1443.569458,1469.864258,-3672.666016,1448.876465,1595.107056,-3683.054443,1418.167236,1497.843872,-3623.167480,1433.301758,1635.922607,-3656.570801,1443.618774,1469.761475,-3672.667969,1448.801025,1595.120728,-3683.046143,1418.153809,1498.008789,-3623.217285,1433.342529,1635.855957,-3656.530518,2616.306885,1567.723999,-3159.781982,,,,,,,,,,,,,,,,,,,,,,,,,,,,,,,,,
5981,59.810000,0.000000,0.000000,0.000000,1.000000,0.000000,0.000000,0.000000,57.698101,20.499701,-14.700500,0.047771,-0.013570,0.015998,-15.666301,-52.738201,18.801300,-93.396698,0.129960,17.611099,-0.157965,-0.480513,-0.685558,0.523607,1438.498779,1549.616699,-3658.401855,1446.384888,1469.815186,-3672.144531,1451.369019,1595.069824,-3682.549072,1420.682861,1497.734741,-3622.767090,1435.557983,1635.847290,-3656.147217,1446.365356,1469.981323,-3672.192871,1451.422363,1595.022217,-3682.535400,1420.701782,1497.916016,-3622.747070,1435.493164,1635.514648,-3656.131592,2616.282227,1567.730103,-3159.779053,,,,,,,,,,,,,,,,,,,,,,,,,,,,,,,,,
5982,59.820000,0.000000,0.000000,0.000000,1.000000,0.000000,0.000000,0.000000,57.698101,20.499701,-14.700500,0.047771,-0.013570,0.015998,-15.666301,-52.738201,18.801300,-93.396698,0.129960,17.611099,-0.157649,-0.480532,-0.685371,0.523930,1440.534668,1549.402710,-3657.980957,1448.497803,1469.611816,-3671.740723,1453.364014,1594.873413,-3682.116455,1422.765137,1497.495972,-3622.359375,1437.511963,1635.629883,-3655.706787,1448.515137,1469.708740,-3671.732910,1453.354980,1594.840576,-3682.160156,1422.751709,1497.571045,-3622.368652,1437.517822,1635.484009,-3655.657471,2616.280762,1567.759521,-3159.793457,,,,,,,,,,,,,,,,,,,,,,,,,,,,,,,,,
5983,59.830000,0.000000,0.000000,0.000000,1.000000,0.000000,0.000000,0.000000,57.698101,20.499701,-14.700500,0.047771,-0.013570,0.015998,-15.666301,-52.738201,18.801300,-93.396698,0.129960,17.611099,-0.157585,-0.481225,-0.686034,0.522443,1442.895142,1549.238770,-3657.510742,1450.696167,1469.418823,-3671.194336,1455.895020,1594.660645,-3681.646973,1424.911011,1497.401245,-3621.895752,1440.078369,1635.474854,-3655.305420,1450.768066,1469.265137,-3671.189209,1455.803101,1594.773193,-3681.683594,1424.851196,1497.361938,-3621.877686,1440.161133,1635.553223,-3655.293213,2616.269287,1567.764648,-3159.794189,,,,,,,,,,,,,,,,,,,,,,,,,,,,,,,,,
5984,59.840000,0.000000,0.000000,0.000000,1.000000,0.000000,0.000000,0.000000,57.698101,20.499701,-14.700500,0.047771,-0.013570,0.015998,-15.666301,-52.738201,18.801300,-93.396698,0.129960,17.611099,-0.157880,-0.481059,-0.686547,0.521833,1445.427856,1549.200562,-3657.152832,1453.094727,1469.370239,-3670.852783,1458.509399,1594.605469,-3681.277100,1427.349243,1497.385864,-3621.552734,1442.758057,1635.440674,-3654.928955,1453.106323,1469.149170,-3670.827393,1458.521851,1594.793213,-3681.367188,1427.339233,1497.478882,-3621.569092,1442.746338,1635.375610,-3654.853516,2616.297852,1567.781250,-3159.788086,,,,,,,,,,,,,,,,,,,,,,,,,,,,,,,,,
5985,59.850000,0.000000,0.000000,0.000000,1.000000,0.000000,0.000000,0.000000,57.698101,20.499701,-14.700500,0.047771,-0.013570,0.015998,-15.666301,-52.738201,18.801300,-93.396698,0.129960,17.611099,-0.155884,-0.482333,-0.686206,0.521705,1447.811768,1549.002319,-3656.688232,1455.734253,1469.191040,-3670.353760,1460.878174,1594.439209,-3680.760742,1429.717407,1497.143677,-3621.159912,1444.916992,1635.235596,-3654.478516,1455.737671,1469.250366,-3670.393799,1460.926758,1594.375732,-3680.797119,1429.729370,1497.422119,-3621.163086,1444.842651,1634.956421,-3654.383545,2616.283203,1567.819092,-3159.797607,,,,,,,,,,,,,,,,,,,,,,,,,,,,,,,,,
5986,59.860000,0.000000,0.000000,0.000000,1.000000,0.000000,0.000000,0.000000,57.698101,20.499701,-14.700500,0.047771,-0.013570,0.015998,-15.666301,-52.738201,18.801300,-93.396698,0.129960,17.611099,-0.156859,-0.481078,-0.687122,0.521367,1449.884766,1548.787842,-3656.255127,1457.559692,1468.975586,-3670.054443,1463.027222,1594.224243,-3680.286621,1431.719971,1496.926392,-3620.766602,1447.232056,1635.025391,-3653.912109,1457.623901,1469.149170,-3670.106934,1462.947876,1594.098633,-3680.245605,1431.683350,1497.024780,-3620.747314,1447.287476,1634.879761,-3653.922363,2616.274902,1567.762085,-3159.794434,,,,,,,,,,,,,,,,,,,,,,,,,,,,,,,,,
5987,59.870000,0.000000,0.000000,0.000000,1.000000,0.000000,0.000000,0.000000,57.698101,20.499701,-14.700500,0.047771,-0.013570,0.015998,-15.666301,-52.738201,18.801300,-93.396698,0.129960,17.611099,-0.157130,-0.480875,-0.688154,0.520109,1452.225830,1548.680542,-3655.804688,1459.664062,1468.852783,-3669.644531,1465.533203,1594.089844,-3679.796631,1433.865234,1496.855225,-3620.364746,1449.840698,1634.924561,-3653.412598,1459.702759,1468.810181,-3669.644043,1465.481934,1594.154297,-3679.816162,1433.809448,1496.712891,-3620.317139,1449.907837,1635.042603,-3653.439209,2616.291748,1567.772949,-3159.780029,,,,,,,,,,,,,,,,,,,,,,,,,,,,,,,,,
5988,59.880000,0.000000,0.000000,0.000000,1.000000,0.000000,0.000000,0.000000,57.698101,20.499701,-14.700500,0.047771,-0.013570,0.015998,-15.666301,-52.738201,18.801300,-93.396698,0.129960,17.611099,-0.156322,-0.480560,-0.688083,0.520737,1454.701172,1548.683105,-3655.406250,1462.270630,1468.886841,-3669.357178,1467.938965,1594.147461,-3679.332520,1436.418823,1496.778320,-3620.041748,1452.176392,1634.919678,-3652.893555,1462.211304,1468.692017,-3669.357666,1468.040771,1594.286011,-3679.352295,1436.455322,1496.802124,-3620.038086,1452.097778,1634.942871,-3652.877930,2616.282471,1567.752075,-3159.782227,,,,,,,,,,,,,,,,,,,,,,,,,,,,,,,,,
5989,59.890000,0.000000,0.000000,0.000000,1.000000,0.000000,0.000000,0.000000,57.698101,20.499701,-14.700500,0.047771,-0.013570,0.015998,-15.666301,-52.738201,18.801300,-93.396698,0.129960,17.611099,-0.155047,-0.481105,-0.687882,0.520880,1456.973145,1548.594116,-3654.981445,1464.716064,1468.817749,-3668.950195,1470.179810,1594.092651,-3678.859863,1438.709351,1496.641357,-3619.677979,1454.287476,1634.824951,-3652.437256,1464.743164,1468.760498,-3668.947754,1470.171631,1594.066772,-3678.919434,1438.706665,1496.844360,-3619.723145,1454.269897,1634.720581,-3652.332764,2616.280273,1567.756592,-3159.788574,,,,,,,,,,,,,,,,,,,,,,,,,,,,,,,,,
5990,59.900000,0.000000,0.000000,0.000000,1.000000,0.000000,0.000000,0.000000,57.698101,20.499701,-14.700500,0.047771,-0.013570,0.015998,-15.666301,-52.738201,18.801300,-93.396698,0.129960,17.611099,-0.155459,-0.480526,-0.689326,0.519381,1459.042847,1548.330200,-3654.557129,1466.465210,1468.540527,-3668.623535,1472.455078,1593.804199,-3678.367432,1440.538574,1496.408081,-3619.334229,1456.712769,1634.568115,-3651.903564,1466.604004,1468.634766,-3668.697266,1472.293457,1593.715576,-3678.354492,1440.439941,1496.549072,-3619.288330,1456.835571,1634.420166,-3651.888672,2616.290527,1567.751709,-3159.794189,,,,,,,,,,,,,,,,,,,,,,,,,,,,,,,,,
5991,59.910000,0.000000,0.000000,0.000000,1.000000,0.000000,0.000000,0.000000,57.698101,20.499701,-14.700500,0.047771,-0.013570,0.015998,-15.666301,-52.738201,18.801300,-93.396698,0.129960,17.611099,-0.156467,-0.479819,-0.690541,0.518117,1461.361572,1548.303955,-3654.160156,1468.441895,1468.493774,-3668.286377,1474.951660,1593.738159,-3677.945801,1442.658325,1496.435181,-3618.963623,1459.394287,1634.549072,-3651.444824,1468.482544,1468.484375,-3668.302490,1474.942139,1593.802856,-3678.022705,1442.602295,1496.419067,-3618.906494,1459.417480,1634.511841,-3651.410645,2616.300049,1567.710571,-3159.776611,,,,,,,,,,,,,,,,,,,,,,,,,,,,,,,,,
5992,59.920000,0.000000,0.000000,0.000000,1.000000,0.000000,0.000000,0.000000,57.698101,20.499701,-14.700500,0.047771,-0.013570,0.015998,-15.666301,-52.738201,18.801300,-93.396698,0.129960,17.611099,-0.155978,-0.478842,-0.690099,0.519755,1463.755615,1548.359863,-3653.823730,1471.036865,1468.598022,-3668.119873,1477.165894,1593.879272,-3677.548340,1445.274170,1496.369019,-3618.690430,1461.545288,1634.593384,-3650.936279,1470.915283,1468.634033,-3668.107178,1477.371216,1593.951660,-3677.576660,1445.361328,1496.441284,-3618.697510,1461.370605,1634.397339,-3650.913818,2616.301270,1567.732422,-3159.771973,,,,,,,,,,,,,,,,,,,,,,,,,,,,,,,,,
5993,59.930000,0.000000,0.000000,0.000000,1.000000,0.000000,0.000000,0.000000,57.698101,20.499701,-14.700500,0.047771,-0.013570,0.015998,-15.666301,-52.738201,18.801300,-93.396698,0.129960,17.611099,-0.155259,-0.478970,-0.689731,0.520340,1465.852295,1548.198608,-3653.421631,1473.292969,1468.456665,-3667.746338,1479.185913,1593.753052,-3677.122070,1447.454712,1496.158325,-3618.317383,1463.475342,1634.426636,-3650.500732,1473.288330,1468.491211,-3667.716064,1479.175537,1593.768066,-3677.134766,1447.463745,1496.197510,-3618.352295,1463.481812,1634.333740,-3650.483154,2616.287109,1567.748169,-3159.778809,,,,,,,,,,,,,,,,,,,,,,,,,,,,,,,,,
5994,59.940000,0.000000,0.000000,0.000000,1.000000,0.000000,0.000000,0.000000,57.698101,20.499701,-14.700500,0.047771,-0.013570,0.015998,-15.666301,-52.738201,18.801300,-93.396698,0.129960,17.611099,-0.154698,-0.479587,-0.691260,0.517904,1467.969604,1548.049805,-3653.079346,1475.134155,1468.283325,-3667.408203,1481.595459,1593.557861,-3676.702637,1449.204346,1496.072510,-3618.076416,1465.944458,1634.285767,-3650.129639,1475.319702,1468.137207,-3667.453613,1481.360107,1593.623901,-3676.727051,1449.065430,1496.086060,-3618.027344,1466.139160,1634.349243,-3650.113037,2616.300781,1567.769653,-3159.791748,,,,,,,,,,,,,,,,,,,,,,,,,,,,,,,,,
5995,59.950000,0.000000,0.000000,0.000000,1.000000,0.000000,0.000000,0.000000,57.698101,20.499701,-14.700500,0.047771,-0.013570,0.015998,-15.666301,-52.738201,18.801300,-93.396698,0.129960,17.611099,-0.155276,-0.479658,-0.692308,0.516263,1470.237427,1547.995483,-3652.723877,1477.108765,1468.198853,-3667.028564,1484.067627,1593.445435,-3676.340088,1451.229248,1496.098511,-3617.732666,1468.543945,1634.239258,-3649.793457,1477.092285,1468.056030,-3667.035156,1484.131714,1593.591309,-3676.399902,1451.235596,1496.195435,-3617.721680,1468.491821,1634.140137,-3649.740723,2616.298340,1567.738281,-3159.782959,,,,,,,,,,,,,,,,,,,,,,,,,,,,,,,,,
5996,59.960000,0.000000,0.000000,0.000000,1.000000,0.000000,0.000000,0.000000,57.698101,20.499701,-14.700500,0.047771,-0.013570,0.015998,-15.666301,-52.738201,18.801300,-93.396698,0.129960,17.611099,-0.155065,-0.479199,-0.691814,0.517413,1472.477051,1547.910767,-3652.425293,1479.500244,1468.139771,-3666.798828,1486.175049,1593.407837,-3676.028076,1453.631470,1495.947266,-3617.445312,1470.601318,1634.148560,-3649.428955,1479.420898,1468.235474,-3666.806641,1486.309814,1593.313965,-3676.027100,1453.753052,1496.319946,-3617.526123,1470.413574,1633.761963,-3649.336914,2616.294922,1567.713379,-3159.774902,,,,,,,,,,,,,,,,,,,,,,,,,,,,,,,,,
5997,59.970000,0.000000,0.000000,0.000000,1.000000,0.000000,0.000000,0.000000,57.698101,20.499701,-14.700500,0.047771,-0.013570,0.015998,-15.666301,-52.738201,18.801300,-93.396698,0.129960,17.611099,-0.155552,-0.478559,-0.691696,0.518018,1474.423584,1547.821655,-3652.012939,1481.442017,1468.059326,-3666.436768,1488.062012,1593.333496,-3675.621582,1455.661499,1495.836670,-3617.019531,1472.528442,1634.057373,-3648.973389,1481.461426,1468.271973,-3666.412598,1487.981812,1593.128052,-3675.564453,1455.689697,1495.994385,-3617.112549,1472.558228,1633.893433,-3648.959473,2616.307373,1567.746704,-3159.766357,,,,,,,,,,,,,,,,,,,,,,,,,,,,,,,,,
5998,59.980000,0.000000,0.000000,0.000000,1.000000,0.000000,0.000000,0.000000,57.698101,20.499701,-14.700500,0.047771,-0.013570,0.015998,-15.666301,-52.738201,18.801300,-93.396698,0.129960,17.611099,-0.154651,-0.478971,-0.693061,0.516078,1476.472290,1547.760132,-3651.671875,1483.299927,1467.991577,-3666.153320,1490.345337,1593.254272,-3675.177490,1457.410645,1495.796509,-3616.808838,1474.833008,1633.998169,-3648.547363,1483.379761,1468.031006,-3666.155029,1490.244873,1593.264771,-3675.216309,1457.324951,1495.696289,-3616.764648,1474.936890,1634.045288,-3648.550049,2616.282471,1567.753418,-3159.784912,,,,,,,,,,,,,,,,,,,,,,,,,,,,,,,,,
5999,59.990000,0.000000,0.000000,0.000000,1.000000,0.000000,0.000000,0.000000,57.698101,20.499701,-14.700500,0.047771,-0.013570,0.015998,-15.666301,-52.738201,18.801300,-93.396698,0.129960,17.611099,-0.155060,-0.479027,-0.693611,0.515164,1478.532959,1547.656250,-3651.281738,1485.192017,1467.869141,-3665.739258,1492.519165,1593.113770,-3674.791504,1459.337891,1495.744019,-3616.416016,1477.082520,1633.898438,-3648.180420,1485.148926,1467.653442,-3665.750977,1492.625854,1593.383301,-3674.843018,1459.335693,1495.684937,-3616.357666,1477.034424,1633.920898,-3648.184814,2616.296875,1567.752686,-3159.789307,,,,,,,,,,,,,,,,,,,,,,,,,,,,,,,,,
6000,60.000000,0.000000,0.000000,0.000000,1.000000,0.000000,0.000000,0.000000,57.698101,20.499701,-14.700500,0.047771,-0.013570,0.015998,-15.666301,-52.738201,18.801300,-93.396698,0.129960,17.611099,-0.154648,-0.479126,-0.693334,0.515568,1480.557739,1547.559082,-3650.944092,1487.321533,1467.782715,-3665.411621,1494.490845,1593.037842,-3674.444336,1461.421875,1495.617310,-3616.089600,1478.996948,1633.798950,-3647.830322,1487.292236,1467.656372,-3665.420410,1494.568848,1593.145264,-3674.490723,1461.460571,1495.853882,-3616.112305,1478.904785,1633.582764,-3647.746826,2616.309326,1567.750122,-3159.777832,,,,,,,,,,,,,,,,,,,,,,,,,,,,,,,,,
6001,60.010000,0.000000,0.000000,0.000000,1.000000,0.000000,0.000000,0.000000,57.698101,20.499701,-14.700500,0.047771,-0.013570,0.015998,-15.666301,-52.738201,18.801300,-93.396698,0.129960,17.611099,-0.154366,-0.479251,-0.693277,0.515613,1482.624023,1547.494507,-3650.584961,1489.428589,1467.722168,-3665.055664,1496.548462,1592.980957,-3674.075439,1463.494263,1495.541870,-3615.743164,1481.024780,1633.733521,-3647.465332,1489.471802,1467.811646,-3665.104980,1496.505005,1592.837280,-3674.044678,1463.504272,1495.901611,-3615.782715,1481.013794,1633.444580,-3647.403809,2616.280273,1567.746704,-3159.781738,,,,,,,,,,,,,,,,,,,,,,,,,,,,,,,,,
6002,60.020000,0.000000,0.000000,0.000000,1.000000,0.000000,0.000000,0.000000,57.698101,20.499701,-14.700500,0.047771,-0.013570,0.015998,-15.666301,-52.738201,18.801300,-93.396698,0.129960,17.611099,-0.154608,-0.479036,-0.694134,0.514586,1484.468018,1547.485840,-3650.199463,1491.074707,1467.703979,-3664.709717,1498.527100,1592.948853,-3673.655029,1465.178833,1495.563843,-3615.399902,1483.091309,1633.726807,-3647.032959,1491.220703,1467.867554,-3664.726562,1498.301392,1592.745850,-3673.648193,1465.099976,1495.690552,-3615.426514,1483.237305,1633.624756,-3646.995361,2616.283447,1567.788818,-3159.799072,,,,,,,,,,,,,,,,,,,,,,,,,,,,,,,,,
6003,60.030000,0.000000,0.000000,0.000000,1.000000,0.000000,0.000000,0.000000,57.698101,20.499701,-14.700500,0.047771,-0.013570,0.015998,-15.666301,-52.738201,18.801300,-93.396698,0.129960,17.611099,-0.154344,-0.479066,-0.695333,0.513016,1486.306763,1547.454102,-3649.837402,1492.695068,1467.664673,-3664.404053,1500.562256,1592.893433,-3673.220459,1466.775024,1495.562256,-3615.128174,1485.194580,1633.696289,-3646.596924,1492.723877,1467.709351,-3664.455566,1500.582153,1592.976074,-3673.256348,1466.695679,1495.404541,-3614.987061,1485.216187,1633.709595,-3646.634521,2616.266602,1567.717773,-3159.790771,,,,,,,,,,,,,,,,,,,,,,,,,,,,,,,,,
6004,60.040000,0.000000,0.000000,0.000000,1.000000,0.000000,0.000000,0.000000,57.698101,20.499701,-14.700500,0.047771,-0.013570,0.015998,-15.666301,-52.738201,18.801300,-93.396698,0.129960,17.611099,-0.155300,-0.477906,-0.694663,0.514715,1488.151123,1547.377930,-3649.449951,1494.617310,1467.607544,-3664.085938,1502.223999,1592.854370,-3672.871094,1468.862915,1495.433838,-3614.683105,1486.900024,1633.616333,-3646.159912,1494.481934,1467.534180,-3664.046875,1502.408936,1593.005371,-3672.868652,1468.959229,1495.442993,-3614.713623,1486.759888,1633.537476,-3646.169434,2616.318115,1567.713257,-3159.761230,,,,,,,,,,,,,,,,,,,,,,,,,,,,,,,,,
6005,60.050000,0.000000,0.000000,0.000000,1.000000,0.000000,0.000000,0.000000,57.698101,20.499701,-14.700500,0.047771,-0.013570,0.015998,-15.666301,-52.738201,18.801300,-93.396698,0.129960,17.611099,-0.154225,-0.478176,-0.694288,0.515294,1490.093018,1547.394409,-3649.123535,1496.759033,1467.647217,-3663.796143,1504.086914,1592.916138,-3672.503906,1470.886108,1495.386719,-3614.406250,1488.639771,1633.627808,-3645.787109,1496.734253,1467.584595,-3663.759521,1504.104980,1592.904419,-3672.522461,1470.924805,1495.455322,-3614.471924,1488.608398,1633.635742,-3645.741211,2616.312744,1567.712280,-3159.754639,,,,,,,,,,,,,,,,,,,,,,,,,,,,,,,,,
6006,60.060000,0.000000,0.000000,0.000000,1.000000,0.000000,0.000000,0.000000,57.698101,20.499701,-14.700500,0.047771,-0.013570,0.015998,-15.666301,-52.738201,18.801300,-93.396698,0.129960,17.611099,-0.154790,-0.477835,-0.694430,0.515249,1491.968872,1547.314575,-3648.728271,1498.551392,1467.561890,-3663.408936,1505.977173,1592.824585,-3672.123047,1472.754028,1495.322876,-3613.991699,1490.592896,1633.549072,-3645.389648,1498.659180,1467.559570,-3663.399658,1505.745850,1592.690674,-3672.064697,1472.718994,1495.532837,-3614.093994,1490.725464,1633.476440,-3645.356445,2616.307373,1567.743896,-3159.767334,,,,,,,,,,,,,,,,,,,,,,,,,,,,,,,,,
6007,60.070000,0.000000,0.000000,0.000000,1.000000,0.000000,0.000000,0.000000,57.698101,20.499701,-14.700500,0.047771,-0.013570,0.015998,-15.666301,-52.738201,18.801300,-93.396698,0.129960,17.611099,-0.153583,-0.479255,-0.696023,0.512133,1493.801514,1547.252808,-3648.374756,1500.131836,1467.469360,-3662.999268,1508.163208,1592.696777,-3671.683350,1474.130005,1495.352051,-3613.757812,1492.780762,1633.493164,-3645.058350,1500.270630,1467.422119,-3663.039551,1508.033203,1592.732178,-3671.772949,1474.006958,1495.401611,-3613.693848,1492.893066,1633.456055,-3644.994141,2616.311768,1567.736572,-3159.776367,,,,,,,,,,,,,,,,,,,,,,,,,,,,,,,,,
6008,60.080000,0.000000,0.000000,0.000000,1.000000,0.000000,0.000000,0.000000,57.698101,20.499701,-14.700500,0.047771,-0.013570,0.015998,-15.666301,-52.738201,18.801300,-93.396698,0.129960,17.611099,-0.154350,-0.478836,-0.696717,0.511349,1495.551758,1547.255005,-3647.993896,1501.661621,1467.458252,-3662.639160,1510.022095,1592.665771,-3671.300049,1475.760498,1495.399170,-3613.377930,1494.762573,1633.497070,-3644.657959,1501.613770,1467.416382,-3662.703125,1510.211304,1592.837036,-3671.374756,1475.768311,1495.495605,-3613.275635,1494.619385,1633.266846,-3644.622314,2616.284180,1567.762573,-3159.786377,,,,,,,,,,,,,,,,,,,,,,,,,,,,,,,,,
6009,60.090000,0.000000,0.000000,0.000000,1.000000,0.000000,0.000000,0.000000,57.698101,20.499701,-14.700500,0.047771,-0.013570,0.015998,-15.666301,-52.738201,18.801300,-93.396698,0.129960,17.611099,-0.154824,-0.477880,-0.695891,0.513221,1497.333008,1547.350098,-3647.666504,1503.604492,1467.579346,-3662.385254,1511.594604,1592.814453,-3670.996582,1477.809814,1495.419067,-3613.011230,1496.323242,1633.587646,-3644.272461,1503.527954,1467.604126,-3662.405273,1511.769775,1592.798218,-3671.046631,1477.896973,1495.680664,-3613.025635,1496.126831,1633.300049,-3644.175781,2616.292236,1567.751221,-3159.790039,,,,,,,,,,,,,,,,,,,,,,,,,,,,,,,,,
6010,60.100000,0.000000,0.000000,0.000000,1.000000,0.000000,0.000000,0.000000,57.698101,20.499701,-14.700500,0.047771,-0.013570,0.015998,-15.666301,-52.738201,18.801300,-93.396698,0.129960,17.611099,-0.155425,-0.476750,-0.695347,0.514826,1499.178955,1547.450317,-3647.311279,1505.544800,1467.705078,-3662.127686,1513.269287,1592.963013,-3670.651611,1479.880981,1495.450806,-3612.632568,1498.020874,1633.682617,-3643.833008,1505.596558,1467.844116,-3662.127197,1513.138428,1592.768433,-3670.571045,1479.892212,1495.651001,-3612.718750,1498.080078,1633.532227,-3643.826172,2616.265869,1567.720093,-3159.780518,,,,,,,,,,,,,,,,,,,,,,,,,,,,,,,,,
6011,60.110000,0.000000,0.000000,0.000000,1.000000,0.000000,0.000000,0.000000,57.698101,20.499701,-14.700500,0.047771,-0.013570,0.015998,-15.666301,-52.738201,18.801300,-93.396698,0.129960,17.611099,-0.155393,-0.476835,-0.695904,0.514003,1500.997803,1547.549438,-3646.954834,1507.247314,1467.796631,-3661.779541,1515.189087,1593.043091,-3670.270996,1481.575562,1495.575562,-3612.307129,1499.979004,1633.782837,-3643.461182,1507.313721,1467.862427,-3661.728760,1515.036743,1592.981079,-3670.266602,1481.538452,1495.544556,-3612.363770,1500.097656,1633.808350,-3643.458252,2616.279297,1567.765381,-3159.785400,,,,,,,,,,,,,,,,,,,,,,,,,,,,,,,,,
6012,60.120000,0.000000,0.000000,0.000000,1.000000,0.000000,0.000000,0.000000,57.698101,20.499701,-14.700500,0.047771,-0.013570,0.015998,-15.666301,-52.738201,18.801300,-93.396698,0.129960,17.611099,-0.154298,-0.477794,-0.696580,0.512525,1502.764648,1547.564209,-3646.601318,1508.963013,1467.802246,-3661.398682,1517.116333,1593.037231,-3669.859619,1483.126343,1495.618530,-3612.032959,1501.853149,1633.799194,-3643.113525,1508.962280,1467.752075,-3661.385254,1517.154541,1593.278564,-3669.945801,1483.072021,1495.454956,-3611.953125,1501.869141,1633.791382,-3643.124756,2616.307373,1567.737061,-3159.780762,,,,,,,,,,,,,,,,,,,,,,,,,,,,,,,,,
6013,60.130000,0.000000,0.000000,0.000000,1.000000,0.000000,0.000000,0.000000,57.698101,20.499701,-14.700500,0.047771,-0.013570,0.015998,-15.666301,-52.738201,18.801300,-93.396698,0.129960,17.611099,-0.155538,-0.477319,-0.696153,0.513172,1504.511963,1547.557983,-3646.189453,1510.667114,1467.783936,-3660.939697,1518.794067,1593.011963,-3669.527588,1484.976807,1495.640503,-3611.520508,1503.609863,1633.795654,-3642.769775,1510.617065,1467.542969,-3660.946045,1518.928467,1593.281494,-3669.619385,1484.997803,1495.753784,-3611.500000,1503.513672,1633.660889,-3642.702637,2616.276367,1567.730469,-3159.784180,,,,,,,,,,,,,,,,,,,,,,,,,,,,,,,,,
6014,60.140000,0.000000,0.000000,0.000000,1.000000,0.000000,0.000000,0.000000,57.698101,20.499701,-14.700500,0.047771,-0.013570,0.015998,-15.666301,-52.738201,18.801300,-93.396698,0.129960,17.611099,-0.155069,-0.477715,-0.695462,0.513882,1506.430420,1547.700928,-3645.862549,1512.768799,1467.933594,-3660.571289,1520.613281,1593.175293,-3669.221436,1487.007080,1495.756836,-3611.170410,1505.332275,1633.938110,-3642.486816,1512.738770,1467.885864,-3660.593506,1520.688232,1593.204102,-3669.238281,1487.068359,1496.086670,-3611.207275,1505.216553,1633.631958,-3642.401611,2616.303467,1567.771851,-3159.780029,,,,,,,,,,,,,,,,,,,,,,,,,,,,,,,,,
6015,60.150000,0.000000,0.000000,0.000000,1.000000,0.000000,0.000000,0.000000,57.698101,20.499701,-14.700500,0.047771,-0.013570,0.015998,-15.666301,-52.738201,18.801300,-93.396698,0.129960,17.611099,-0.155575,-0.477618,-0.695631,0.513591,1508.381592,1547.843628,-3645.413330,1514.625977,1468.064819,-3660.100342,1522.603027,1593.295044,-3668.793213,1488.918213,1495.931763,-3610.695801,1507.379028,1634.082886,-3642.064453,1514.756348,1468.196167,-3660.127686,1522.397339,1593.084961,-3668.767578,1488.859375,1496.163330,-3610.742432,1507.496582,1633.922363,-3642.014648,2616.302246,1567.747070,-3159.787842,,,,,,,,,,,,,,,,,,,,,,,,,,,,,,,,,
6016,60.160000,0.000000,0.000000,0.000000,1.000000,0.000000,0.000000,0.000000,57.698101,20.499701,-14.700500,0.047771,-0.013570,0.015998,-15.666301,-52.738201,18.801300,-93.396698,0.129960,17.611099,-0.155100,-0.478226,-0.696497,0.511991,1510.173950,1548.006592,-3644.994873,1516.266357,1468.212158,-3659.660400,1524.579712,1593.421997,-3668.331787,1490.475220,1496.144043,-3610.336426,1509.374390,1634.248291,-3641.651123,1516.355225,1468.295654,-3659.692139,1524.512939,1593.424194,-3668.398926,1490.387939,1496.162842,-3610.270996,1509.442871,1634.142944,-3641.615967,2616.314941,1567.765381,-3159.774658,,,,,,,,,,,,,,,,,,,,,,,,,,,,,,,,,
6017,60.170000,0.000000,0.000000,0.000000,1.000000,0.000000,0.000000,0.000000,57.698101,20.499701,-14.700500,0.047771,-0.013570,0.015998,-15.666301,-52.738201,18.801300,-93.396698,0.129960,17.611099,-0.155041,-0.478083,-0.696711,0.511852,1511.902100,1548.075317,-3644.525146,1517.964478,1468.284668,-3659.223145,1526.329224,1593.494873,-3667.841064,1492.177856,1496.206177,-3609.890869,1511.136597,1634.315796,-3641.145020,1517.881348,1468.316772,-3659.262695,1526.604370,1593.700684,-3667.973633,1492.178223,1496.104736,-3609.743896,1510.982056,1634.200562,-3641.134033,2616.301514,1567.767212,-3159.777100,,,,,,,,,,,,,,,,,,,,,,,,,,,,,,,,,
6018,60.180000,0.000000,0.000000,0.000000,1.000000,0.000000,0.000000,0.000000,57.698101,20.499701,-14.700500,0.047771,-0.013570,0.015998,-15.666301,-52.738201,18.801300,-93.396698,0.129960,17.611099,-0.157334,-0.476304,-0.695526,0.514416,1513.814819,1548.195312,-3644.091309,1519.924805,1468.414062,-3658.820801,1527.966187,1593.639282,-3667.528564,1494.468506,1496.293457,-3609.293457,1512.899780,1634.434937,-3640.722412,1519.800781,1468.395630,-3658.735840,1528.088745,1593.713623,-3667.532471,1494.583862,1496.361206,-3609.399170,1512.783936,1634.309204,-3640.699219,2616.299072,1567.740723,-3159.786133,,,,,,,,,,,,,,,,,,,,,,,,,,,,,,,,,
6019,60.190000,0.000000,0.000000,0.000000,1.000000,0.000000,0.000000,0.000000,57.698101,20.499701,-14.700500,0.047771,-0.013570,0.015998,-15.666301,-52.738201,18.801300,-93.396698,0.129960,17.611099,-0.157307,-0.476505,-0.695088,0.514831,1515.929932,1548.338013,-3643.559814,1522.124878,1468.555664,-3658.248047,1530.023682,1593.785034,-3667.025391,1496.651733,1496.433350,-3608.728516,1514.919434,1634.578369,-3640.236816,1522.174927,1468.600708,-3658.224609,1529.874634,1593.671143,-3666.950684,1496.651001,1496.522461,-3608.813232,1515.005127,1634.549683,-3640.246094,2616.302002,1567.757080,-3159.776367,,,,,,,,,,,,,,,,,,,,,,,,,,,,,,,,,
6020,60.200000,0.000000,0.000000,0.000000,1.000000,0.000000,0.000000,0.000000,57.698101,20.499701,-14.700500,0.047771,-0.013570,0.015998,-15.666301,-52.738201,18.801300,-93.396698,0.129960,17.611099,-0.156684,-0.477627,-0.695755,0.513077,1517.881836,1548.365601,-3643.087891,1523.960083,1468.557617,-3657.685547,1532.166138,1593.762207,-3666.536133,1498.354736,1496.532227,-3608.288818,1517.046509,1634.610596,-3639.840820,1524.062012,1468.518799,-3657.679932,1532.023560,1593.807373,-3666.580078,1498.267822,1496.505615,-3608.273193,1517.172485,1634.632935,-3639.818604,2616.289551,1567.725586,-3159.783691,,,,,,,,,,,,,,,,,,,,,,,,,,,,,,,,,
6021,60.210000,0.000000,0.000000,0.000000,1.000000,0.000000,0.000000,0.000000,57.698101,20.499701,-14.700500,0.047771,-0.013570,0.015998,-15.666301,-52.738201,18.801300,-93.396698,0.129960,17.611099,-0.155493,-0.479361,-0.696113,0.511332,1519.780762,1548.370483,-3642.464600,1525.845825,1468.535522,-3656.919189,1534.237915,1593.718262,-3665.901367,1500.014526,1496.607544,-3607.695801,1519.024902,1634.620728,-3639.342041,1525.887207,1468.430176,-3657.002441,1534.333252,1593.923340,-3666.058838,1499.926514,1496.652100,-3607.534668,1518.981812,1634.497803,-3639.270752,2616.315430,1567.733032,-3159.771484,,,,,,,,,,,,,,,,,,,,,,,,,,,,,,,,,
6022,60.220000,0.000000,0.000000,0.000000,1.000000,0.000000,0.000000,0.000000,57.698101,20.499701,-14.700500,0.047771,-0.013570,0.015998,-15.666301,-52.738201,18.801300,-93.396698,0.129960,17.611099,-0.157454,-0.478514,-0.695660,0.512143,1521.608154,1548.436401,-3641.841797,1527.564087,1468.583618,-3656.243408,1535.984131,1593.752563,-3665.389404,1501.970703,1496.719360,-3606.932129,1520.913574,1634.690308,-3638.802734,1527.494141,1468.563843,-3656.294434,1536.160767,1593.760742,-3665.418213,1502.048828,1496.989136,-3606.914062,1520.718872,1634.426270,-3638.727295,2616.284912,1567.756958,-3159.784912,,,,,,,,,,,,,,,,,,,,,,,,,,,,,,,,,
6023,60.230000,0.000000,0.000000,0.000000,1.000000,0.000000,0.000000,0.000000,57.698101,20.499701,-14.700500,0.047771,-0.013570,0.015998,-15.666301,-52.738201,18.801300,-93.396698,0.129960,17.611099,-0.158750,-0.477598,-0.694659,0.513954,1523.725830,1548.715210,-3641.144775,1529.773682,1468.868164,-3655.539551,1537.897461,1594.049805,-3664.780518,1504.360229,1496.974365,-3606.118652,1522.871948,1634.968872,-3638.139893,1529.811890,1468.898071,-3655.517090,1537.774048,1593.867676,-3664.723633,1504.406128,1497.312378,-3606.284912,1522.906982,1634.817627,-3638.075928,2616.289307,1567.746216,-3159.793945,,,,,,,,,,,,,,,,,,,,,,,,,,,,,,,,,
6024,60.240000,0.000000,0.000000,0.000000,1.000000,0.000000,0.000000,0.000000,57.698101,20.499701,-14.700500,0.047771,-0.013570,0.015998,-15.666301,-52.738201,18.801300,-93.396698,0.129960,17.611099,-0.158376,-0.478096,-0.694834,0.513368,1525.736084,1548.964722,-3640.429199,1531.769409,1469.110107,-3654.788086,1539.968384,1594.284790,-3664.056396,1506.287964,1497.244629,-3605.418213,1524.918579,1635.219727,-3637.454102,1531.829712,1469.235107,-3654.774170,1539.812134,1594.164062,-3663.972412,1506.276123,1497.319336,-3605.481201,1525.017456,1635.131348,-3637.482910,2616.314697,1567.756714,-3159.783691,,,,,,,,,,,,,,,,,,,,,,,,,,,,,,,,,
6025,60.250000,0.000000,0.000000,0.000000,1.000000,0.000000,0.000000,0.000000,57.698101,20.499701,-14.700500,0.047771,-0.013570,0.015998,-15.666301,-52.738201,18.801300,-93.396698,0.129960,17.611099,-0.156457,-0.479686,-0.695149,0.512045,1527.648438,1549.095947,-3639.632080,1533.776855,1469.237183,-3653.927734,1542.006348,1594.410034,-3663.194336,1508.011353,1497.384888,-3604.713135,1526.799072,1635.351929,-3636.692627,1533.783203,1469.305054,-3653.912354,1542.054199,1594.569092,-3663.317139,1507.942139,1497.203003,-3604.615479,1526.811035,1635.304565,-3636.685547,2616.270264,1567.791870,-3159.794434,,,,,,,,,,,,,,,,,,,,,,,,,,,,,,,,,
6026,60.260000,0.000000,0.000000,0.000000,1.000000,0.000000,0.000000,0.000000,57.698101,20.499701,-14.700500,0.047771,-0.013570,0.015998,-15.666301,-52.738201,18.801300,-93.396698,0.129960,17.611099,-0.157004,-0.479411,-0.694372,0.513188,1529.540649,1549.189209,-3638.738525,1535.776855,1469.333374,-3653.003906,1543.761963,1594.515381,-3662.360596,1510.078491,1497.463257,-3603.744141,1528.545166,1635.445068,-3635.845703,1535.711792,1469.309204,-3652.990967,1543.898193,1594.712158,-3662.419678,1510.096558,1497.406372,-3603.701416,1528.470459,1635.350586,-3635.850586,2616.260986,1567.748291,-3159.799805,,,,,,,,,,,,,,,,,,,,,,,,,,,,,,,,,
6027,60.270000,0.000000,0.000000,0.000000,1.000000,0.000000,0.000000,0.000000,57.698101,20.499701,-14.700500,0.047771,-0.013570,0.015998,-15.666301,-52.738201,18.801300,-93.396698,0.129960,17.611099,-0.158213,-0.478775,-0.693787,0.514201,1531.630493,1549.359863,-3637.904541,1537.868896,1469.499634,-3652.144043,1545.739868,1594.681152,-3661.603271,1512.324219,1497.642334,-3602.811523,1530.588989,1635.616943,-3635.059814,1537.815186,1469.296631,-3652.132080,1545.794800,1594.768433,-3661.586914,1512.394897,1497.821899,-3602.879639,1530.518311,1635.550537,-3635.024414,2616.291748,1567.735840,-3159.783936,,,,,,,,,,,,,,,,,,,,,,,,,,,,,,,,,
6028,60.280000,0.000000,0.000000,0.000000,1.000000,0.000000,0.000000,0.000000,57.698101,20.499701,-14.700500,0.047771,-0.013570,0.015998,-15.666301,-52.738201,18.801300,-93.396698,0.129960,17.611099,-0.158939,-0.478479,-0.693454,0.514702,1533.862915,1549.613159,-3636.979248,1540.094116,1469.747314,-3651.190674,1547.916138,1594.926025,-3660.727295,1514.635986,1497.908203,-3601.823975,1532.805420,1635.871338,-3634.175293,1540.251343,1469.719849,-3651.168945,1547.587646,1594.766724,-3660.680176,1514.569458,1498.127075,-3601.948975,1533.001465,1635.831177,-3634.119873,2616.305420,1567.727661,-3159.766113,,,,,,,,,,,,,,,,,,,,,,,,,,,,,,,,,
6029,60.290000,0.000000,0.000000,0.000000,1.000000,0.000000,0.000000,0.000000,57.698101,20.499701,-14.700500,0.047771,-0.013570,0.015998,-15.666301,-52.738201,18.801300,-93.396698,0.129960,17.611099,-0.157259,-0.480062,-0.693870,0.513181,1535.919312,1549.756714,-3636.000244,1542.195068,1469.880493,-3650.132568,1550.123291,1595.050415,-3659.694580,1516.475586,1498.079590,-3600.923340,1534.883179,1636.016846,-3633.249756,1542.343506,1469.998657,-3650.187744,1549.987915,1594.985107,-3659.767090,1516.354614,1498.166992,-3600.856201,1534.997192,1635.877319,-3633.189697,2616.324951,1567.720947,-3159.761963,,,,,,,,,,,,,,,,,,,,,,,,,,,,,,,,,
6030,60.300000,0.000000,0.000000,0.000000,1.000000,0.000000,0.000000,0.000000,57.698101,20.499701,-14.700500,0.047771,-0.013570,0.015998,-15.666301,-52.738201,18.801300,-93.396698,0.129960,17.611099,-0.157239,-0.480080,-0.694176,0.512757,1537.854370,1549.889526,-3635.004883,1544.067749,1470.009888,-3649.146729,1552.111206,1595.174561,-3658.684570,1518.345947,1498.223877,-3599.947021,1536.892334,1636.150146,-3632.241455,1544.040649,1470.121826,-3649.217041,1552.284424,1595.307739,-3658.793457,1518.311157,1498.221558,-3599.791504,1536.782715,1635.890137,-3632.221191,2616.316650,1567.738647,-3159.776855,,,,,,,,,,,,,,,,,,,,,,,,,,,,,,,,,
6031,60.310000,0.000000,0.000000,0.000000,1.000000,0.000000,0.000000,0.000000,57.698101,20.499701,-14.700500,0.047771,-0.013570,0.015998,-15.666301,-52.738201,18.801300,-93.396698,0.129960,17.611099,-0.160201,-0.477666,-0.693123,0.515512,1539.942627,1550.071289,-3634.013184,1546.124390,1470.202148,-3648.227783,1553.913330,1595.378662,-3657.820312,1520.837646,1498.374512,-3598.779297,1538.894897,1636.329956,-3631.225586,1546.004028,1470.197510,-3648.193848,1554.085938,1595.470947,-3657.833496,1520.940063,1498.480347,-3598.825439,1538.735229,1636.123535,-3631.199463,2616.290527,1567.766235,-3159.776367,,,,,,,,,,,,,,,,,,,,,,,,,,,,,,,,,
6032,60.320000,0.000000,0.000000,0.000000,1.000000,0.000000,0.000000,0.000000,57.698101,20.499701,-14.700500,0.047771,-0.013570,0.015998,-15.666301,-52.738201,18.801300,-93.396698,0.129960,17.611099,-0.161154,-0.476609,-0.692131,0.517521,1542.228149,1550.267212,-3632.981201,1548.548096,1470.416626,-3647.239014,1555.972046,1595.614258,-3656.844727,1523.419556,1498.515625,-3597.668701,1540.972534,1636.522583,-3630.172852,1548.572388,1470.491699,-3647.161133,1555.835205,1595.476440,-3656.789795,1523.458252,1498.663330,-3597.840332,1541.039551,1636.441406,-3630.145508,2616.269287,1567.737061,-3159.785889,,,,,,,,,,,,,,,,,,,,,,,,,,,,,,,,,
6033,60.330000,0.000000,0.000000,0.000000,1.000000,0.000000,0.000000,0.000000,57.698101,20.499701,-14.700500,0.047771,-0.013570,0.015998,-15.666301,-52.738201,18.801300,-93.396698,0.129960,17.611099,-0.159959,-0.477642,-0.692255,0.516772,1544.524170,1550.403442,-3631.932373,1550.918091,1470.550293,-3646.142822,1558.337158,1595.747192,-3655.761963,1525.608765,1498.657227,-3596.668701,1543.232544,1636.659302,-3629.155518,1551.008057,1470.496094,-3646.118408,1558.163452,1595.797119,-3655.750488,1525.538574,1498.585815,-3596.681641,1543.385864,1636.742554,-3629.178467,2616.255371,1567.726562,-3159.782471,,,,,,,,,,,,,,,,,,,,,,,,,,,,,,,,,
6034,60.340000,0.000000,0.000000,0.000000,1.000000,0.000000,0.000000,0.000000,57.698101,20.499701,-14.700500,0.047771,-0.013570,0.015998,-15.666301,-52.738201,18.801300,-93.396698,0.129960,17.611099,-0.158673,-0.479337,-0.692252,0.515602,1546.672485,1550.423340,-3630.854248,1553.144287,1470.551514,-3644.923096,1560.589355,1595.736084,-3654.682617,1527.600952,1498.723511,-3595.606689,1545.355103,1636.682739,-3628.203857,1553.211670,1470.401611,-3645.028076,1560.624512,1595.984985,-3654.784668,1527.492432,1498.731079,-3595.424561,1545.361450,1636.598267,-3628.184326,2616.279053,1567.740234,-3159.789062,,,,,,,,,,,,,,,,,,,,,,,,,,,,,,,,,
6035,60.350000,0.000000,0.000000,0.000000,1.000000,0.000000,0.000000,0.000000,57.698101,20.499701,-14.700500,0.047771,-0.013570,0.015998,-15.666301,-52.738201,18.801300,-93.396698,0.129960,17.611099,-0.161681,-0.477206,-0.691674,0.517418,1548.849976,1550.423828,-3629.777588,1555.169312,1470.547363,-3643.889404,1562.589111,1595.727173,-3653.726562,1530.048096,1498.736938,-3594.366699,1547.593140,1636.684204,-3627.127930,1555.097046,1470.435913,-3643.940674,1562.768921,1595.790649,-3653.770264,1530.124390,1499.026733,-3594.354004,1547.401611,1636.450073,-3627.034912,2616.273926,1567.782227,-3159.799805,,,,,,,,,,,,,,,,,,,,,,,,,,,,,,,,,
6036,60.360000,0.000000,0.000000,0.000000,1.000000,0.000000,0.000000,0.000000,57.698101,20.499701,-14.700500,0.047771,-0.013570,0.015998,-15.666301,-52.738201,18.801300,-93.396698,0.129960,17.611099,-0.163567,-0.475912,-0.690818,0.519158,1551.371338,1550.532959,-3628.693115,1557.693237,1470.657227,-3642.808838,1564.920654,1595.840942,-3652.741211,1532.833862,1498.840820,-3593.150879,1550.037476,1636.792969,-3626.071533,1557.696777,1470.756226,-3642.805908,1564.901855,1595.662598,-3652.719482,1532.882446,1499.105957,-3593.248291,1550.007324,1636.618652,-3626.005371,2616.283203,1567.763672,-3159.808594,,,,,,,,,,,,,,,,,,,,,,,,,,,,,,,,,
6037,60.370000,0.000000,0.000000,0.000000,1.000000,0.000000,0.000000,0.000000,57.698101,20.499701,-14.700500,0.047771,-0.013570,0.015998,-15.666301,-52.738201,18.801300,-93.396698,0.129960,17.611099,-0.163319,-0.476114,-0.690584,0.519361,1553.729370,1550.573242,-3627.555664,1560.121460,1470.700317,-3641.655518,1567.248047,1595.888184,-3651.607910,1535.224609,1498.872192,-3592.009277,1552.323608,1636.832642,-3624.949707,1560.224243,1470.883423,-3641.623047,1567.073853,1595.756104,-3651.623291,1535.160645,1498.848389,-3592.037109,1552.457886,1636.809082,-3624.936523,2616.274414,1567.753662,-3159.794678,,,,,,,,,,,,,,,,,,,,,,,,,,,,,,,,,
6038,60.380000,0.000000,0.000000,0.000000,1.000000,0.000000,0.000000,0.000000,57.698101,20.499701,-14.700500,0.047771,-0.013570,0.015998,-15.666301,-52.738201,18.801300,-93.396698,0.129960,17.611099,-0.161149,-0.477993,-0.690576,0.518323,1556.093750,1550.500488,-3626.380859,1562.669434,1470.626099,-3640.387207,1569.698120,1595.815918,-3650.384033,1537.442871,1498.800537,-3590.909180,1554.564209,1636.759766,-3623.843262,1562.690063,1470.589844,-3640.403564,1569.745728,1595.989380,-3650.511230,1537.365845,1498.653931,-3590.786377,1554.569458,1636.773682,-3623.824707,2616.267334,1567.770386,-3159.783447,,,,,,,,,,,,,,,,,,,,,,,,,,,,,,,,,
6039,60.390000,0.000000,0.000000,0.000000,1.000000,0.000000,0.000000,0.000000,57.698101,20.499701,-14.700500,0.047771,-0.013570,0.015998,-15.666301,-52.738201,18.801300,-93.396698,0.129960,17.611099,-0.163164,-0.477183,-0.689532,0.519826,1558.455811,1550.370605,-3625.186279,1565.033691,1470.481934,-3639.109619,1571.886353,1595.663452,-3649.329346,1540.047119,1498.705322,-3589.537842,1556.856079,1636.631958,-3622.767822,1564.938232,1470.303101,-3639.132324,1572.086426,1595.855591,-3649.380127,1540.117920,1498.883179,-3589.525635,1556.683716,1636.441528,-3622.706543,2616.311279,1567.767456,-3159.778076,,,,,,,,,,,,,,,,,,,,,,,,,,,,,,,,,
6040,60.400000,0.000000,0.000000,0.000000,1.000000,0.000000,0.000000,0.000000,57.698101,20.499701,-14.700500,0.047771,-0.013570,0.015998,-15.666301,-52.738201,18.801300,-93.396698,0.129960,17.611099,-0.164555,-0.476750,-0.688736,0.520840,1561.149292,1550.249390,-3623.979004,1567.737671,1470.347778,-3637.823975,1574.458496,1595.521362,-3648.228271,1542.908081,1498.615845,-3588.198975,1559.492554,1636.512695,-3621.665283,1567.718384,1470.375366,-3637.839600,1574.501465,1595.454102,-3648.227051,1542.965454,1498.923706,-3588.262207,1559.409424,1636.258179,-3621.586426,2616.302246,1567.736084,-3159.772949,,,,,,,,,,,,,,,,,,,,,,,,,,,,,,,,,
6041,60.410000,0.000000,0.000000,0.000000,1.000000,0.000000,0.000000,0.000000,57.698101,20.499701,-14.700500,0.047771,-0.013570,0.015998,-15.666301,-52.738201,18.801300,-93.396698,0.129960,17.611099,-0.164676,-0.476436,-0.688508,0.521389,1563.678345,1550.102905,-3622.712402,1570.313599,1470.210327,-3636.585938,1576.926025,1595.391724,-3646.963867,1545.516357,1498.445801,-3586.926270,1561.957520,1636.364258,-3620.373535,1570.427612,1470.391602,-3636.564941,1576.731567,1595.239868,-3646.966553,1545.451782,1498.475708,-3586.962158,1562.098755,1636.301025,-3620.352783,2616.306885,1567.753662,-3159.778564,,,,,,,,,,,,,,,,,,,,,,,,,,,,,,,,,
6042,60.420000,0.000000,0.000000,0.000000,1.000000,0.000000,0.000000,0.000000,57.698101,20.499701,-14.700500,0.047771,-0.013570,0.015998,-15.666301,-52.738201,18.801300,-93.396698,0.129960,17.611099,-0.163366,-0.477258,-0.688491,0.521073,1566.285400,1549.894409,-3621.409424,1573.049561,1470.010742,-3635.272217,1579.554810,1595.200684,-3645.616455,1548.074585,1498.213135,-3585.682861,1564.462524,1636.153564,-3619.065674,1573.094360,1470.036011,-3635.285156,1579.550293,1595.358154,-3645.734863,1547.964844,1497.994507,-3585.538330,1564.512695,1636.170776,-3619.068604,2616.287109,1567.729248,-3159.775635,,,,,,,,,,,,,,,,,,,,,,,,,,,,,,,,,
6043,60.430000,0.000000,0.000000,0.000000,1.000000,0.000000,0.000000,0.000000,57.698101,20.499701,-14.700500,0.047771,-0.013570,0.015998,-15.666301,-52.738201,18.801300,-93.396698,0.129960,17.611099,-0.164935,-0.476384,-0.687478,0.522714,1568.813354,1549.624023,-3620.075684,1575.630981,1469.738770,-3633.903564,1581.892822,1594.929443,-3644.387207,1550.859497,1497.945801,-3584.214844,1566.869873,1635.882080,-3617.797119,1575.572021,1469.507446,-3633.914307,1582.020508,1595.126343,-3644.442627,1550.902344,1498.100342,-3584.214355,1566.761353,1635.758057,-3617.734375,2616.287354,1567.750732,-3159.781494,,,,,,,,,,,,,,,,,,,,,,,,,,,,,,,,,
6044,60.440000,0.000000,0.000000,0.000000,1.000000,0.000000,0.000000,0.000000,57.698101,20.499701,-14.700500,0.047771,-0.013570,0.015998,-15.666301,-52.738201,18.801300,-93.396698,0.129960,17.611099,-0.165692,-0.475576,-0.686714,0.524211,1571.702515,1549.324829,-3618.741943,1578.620239,1469.453735,-3632.601074,1584.610596,1594.656738,-3643.095947,1553.973145,1497.610352,-3582.822021,1569.605957,1635.579102,-3616.448975,1578.570068,1469.470337,-3632.605225,1584.702271,1594.601929,-3643.108154,1554.051270,1497.880493,-3582.887451,1569.484497,1635.355835,-3616.365479,2616.296631,1567.720093,-3159.772949,,,,,,,,,,,,,,,,,,,,,,,,,,,,,,,,,
6045,60.450000,0.000000,0.000000,0.000000,1.000000,0.000000,0.000000,0.000000,57.698101,20.499701,-14.700500,0.047771,-0.013570,0.015998,-15.666301,-52.738201,18.801300,-93.396698,0.129960,17.611099,-0.165965,-0.475064,-0.686658,0.524662,1574.517700,1549.015625,-3617.376953,1581.436401,1469.153320,-3631.286621,1587.381348,1594.363159,-3641.725342,1556.850098,1497.278198,-3581.459473,1572.402954,1635.268188,-3615.036621,1581.544922,1469.334595,-3631.250977,1587.169189,1594.223633,-3641.701904,1556.790283,1497.273315,-3581.507324,1572.561646,1635.229614,-3615.041504,2616.322510,1567.731812,-3159.771973,,,,,,,,,,,,,,,,,,,,,,,,,,,,,,,,,
6046,60.460000,0.000000,0.000000,0.000000,1.000000,0.000000,0.000000,0.000000,57.698101,20.499701,-14.700500,0.047771,-0.013570,0.015998,-15.666301,-52.738201,18.801300,-93.396698,0.129960,17.611099,-0.164712,-0.476113,-0.686819,0.523894,1577.363403,1548.706177,-3615.972656,1584.357300,1468.842896,-3629.838867,1590.300415,1594.052246,-3640.284668,1559.582642,1496.971313,-3580.107178,1575.213135,1634.958496,-3613.659912,1584.444824,1468.724854,-3629.886963,1590.253296,1594.185059,-3640.384277,1559.474609,1496.901245,-3579.990234,1575.274048,1635.010254,-3613.630615,2616.303711,1567.739014,-3159.772949,,,,,,,,,,,,,,,,,,,,,,,,,,,,,,,,,
6047,60.470000,0.000000,0.000000,0.000000,1.000000,0.000000,0.000000,0.000000,57.698101,20.499701,-14.700500,0.047771,-0.013570,0.015998,-15.666301,-52.738201,18.801300,-93.396698,0.129960,17.611099,-0.166924,-0.474241,-0.686235,0.525655,1580.263184,1548.324463,-3614.545654,1587.186157,1468.467163,-3628.481934,1593.019043,1593.681396,-3638.933105,1562.745117,1496.574219,-3578.573242,1578.102051,1634.575439,-3612.193848,1587.089111,1468.257935,-3628.459717,1593.151978,1593.817261,-3638.942871,1562.847534,1496.805420,-3578.651367,1577.963501,1634.420044,-3612.130615,2616.280762,1567.737793,-3159.787109,,,,,,,,,,,,,,,,,,,,,,,,,,,,,,,,,
6048,60.480000,0.000000,0.000000,0.000000,1.000000,0.000000,0.000000,0.000000,57.698101,20.499701,-14.700500,0.047771,-0.013570,0.015998,-15.666301,-52.738201,18.801300,-93.396698,0.129960,17.611099,-0.167905,-0.473195,-0.686370,0.526109,1583.412598,1547.931030,-3613.129150,1590.232422,1468.077759,-3627.139404,1596.135620,1593.294434,-3637.521973,1565.955200,1496.170166,-3577.142822,1581.327271,1634.182251,-3610.712646,1590.247070,1468.243408,-3627.129639,1596.090698,1593.186401,-3637.490723,1565.967407,1496.299927,-3577.197021,1581.347534,1633.991943,-3610.698242,2616.290283,1567.750488,-3159.790039,,,,,,,,,,,,,,,,,,,,,,,,,,,,,,,,,
6049,60.490000,0.000000,0.000000,0.000000,1.000000,0.000000,0.000000,0.000000,57.698101,20.499701,-14.700500,0.047771,-0.013570,0.015998,-15.666301,-52.738201,18.801300,-93.396698,0.129960,17.611099,-0.167398,-0.473453,-0.687013,0.525198,1586.436401,1547.613892,-3611.616943,1593.176147,1467.758179,-3625.651855,1599.270996,1592.971558,-3635.961426,1568.834961,1495.859497,-3575.691162,1584.463501,1633.866577,-3609.162598,1593.294800,1467.820190,-3625.654541,1599.091431,1592.956909,-3635.977051,1568.728271,1495.759155,-3575.654053,1584.628296,1633.918945,-3609.181641,2616.293213,1567.747437,-3159.780273,,,,,,,,,,,,,,,,,,,,,,,,,,,,,,,,,
6050,60.500000,0.000000,0.000000,0.000000,1.000000,0.000000,0.000000,0.000000,57.698101,20.499701,-14.700500,0.047771,-0.013570,0.015998,-15.666301,-52.738201,18.801300,-93.396698,0.129960,17.611099,-0.168338,-0.472777,-0.687031,0.525483,1589.529785,1547.369751,-3610.141846,1596.178223,1467.509766,-3624.196045,1602.342896,1592.719238,-3634.513184,1571.971313,1495.626465,-3574.179199,1587.626587,1633.623779,-3607.678711,1596.162842,1467.315186,-3624.224365,1602.423096,1592.892334,-3634.583496,1571.973145,1495.736450,-3574.145508,1587.564087,1633.533569,-3607.620605,2616.288574,1567.751099,-3159.784180,,,,,,,,,,,,,,,,,,,,,,,,,,,,,,,,,
6051,60.510000,0.000000,0.000000,0.000000,1.000000,0.000000,0.000000,0.000000,57.698101,20.499701,-14.700500,0.047771,-0.013570,0.015998,-15.666301,-52.738201,18.801300,-93.396698,0.129960,17.611099,-0.171177,-0.470532,-0.687066,0.526535,1592.730469,1547.004150,-3608.599121,1599.114624,1467.137817,-3622.739746,1605.458984,1592.339478,-3633.041016,1575.327759,1495.278809,-3572.535156,1591.020630,1633.260620,-3606.080811,1599.048828,1467.129028,-3622.719727,1605.526123,1592.343994,-3633.003418,1575.431030,1495.553833,-3572.644287,1590.917480,1632.994995,-3606.041504,2616.327881,1567.734619,-3159.769775,,,,,,,,,,,,,,,,,,,,,,,,,,,,,,,,,
6052,60.520000,0.000000,0.000000,0.000000,1.000000,0.000000,0.000000,0.000000,57.698101,20.499701,-14.700500,0.047771,-0.013570,0.015998,-15.666301,-52.738201,18.801300,-93.396698,0.129960,17.611099,-0.170961,-0.470599,-0.687469,0.526018,1595.904663,1546.859985,-3607.063721,1602.230347,1466.992676,-3621.225098,1608.698608,1592.192017,-3631.477539,1578.419189,1495.138306,-3571.034424,1594.270630,1633.117065,-3604.517822,1602.345093,1467.123169,-3621.222900,1608.476685,1592.017212,-3631.419189,1578.357666,1495.146606,-3571.068115,1594.425781,1633.138306,-3604.537109,2616.310547,1567.727417,-3159.768555,,,,,,,,,,,,,,,,,,,,,,,,,,,,,,,,,
6053,60.530000,0.000000,0.000000,0.000000,1.000000,0.000000,0.000000,0.000000,57.698101,20.499701,-14.700500,0.047771,-0.013570,0.015998,-15.666301,-52.738201,18.801300,-93.396698,0.129960,17.611099,-0.168468,-0.472567,-0.688233,0.524056,1598.957886,1546.697021,-3605.415771,1605.352539,1466.826172,-3619.525879,1611.958984,1592.021973,-3629.733154,1581.173950,1494.985107,-3569.518799,1597.346069,1632.955078,-3602.885254,1605.421753,1466.703247,-3619.571777,1611.944580,1592.153564,-3629.847168,1581.090942,1494.994873,-3569.424316,1597.373413,1632.939575,-3602.828613,2616.316406,1567.741089,-3159.781738,,,,,,,,,,,,,,,,,,,,,,,,,,,,,,,,,
6054,60.540000,0.000000,0.000000,0.000000,1.000000,0.000000,0.000000,0.000000,57.698101,20.499701,-14.700500,0.047771,-0.013570,0.015998,-15.666301,-52.738201,18.801300,-93.396698,0.129960,17.611099,-0.171824,-0.470098,-0.688098,0.525362,1602.037109,1546.551514,-3603.799561,1608.146729,1466.670410,-3617.978027,1614.924805,1591.854492,-3628.218018,1584.451660,1494.869141,-3567.762695,1600.624878,1632.812134,-3601.239746,1608.068115,1466.503906,-3617.954834,1615.032349,1591.958862,-3628.235352,1584.550171,1495.148926,-3567.854980,1600.496094,1632.605103,-3601.157227,2616.277100,1567.746216,-3159.792236,,,,,,,,,,,,,,,,,,,,,,,,,,,,,,,,,
6055,60.550000,0.000000,0.000000,0.000000,1.000000,0.000000,0.000000,0.000000,57.698101,20.499701,-14.700500,0.047771,-0.013570,0.015998,-15.666301,-52.738201,18.801300,-93.396698,0.129960,17.611099,-0.172628,-0.469697,-0.688133,0.525411,1605.246460,1546.579224,-3602.139160,1611.265015,1466.689575,-3616.307861,1618.135132,1591.865234,-3626.588623,1587.672729,1494.920898,-3566.062256,1603.912720,1632.841675,-3599.597900,1611.386353,1466.835449,-3616.280518,1617.873169,1591.655151,-3626.521484,1587.623535,1495.032593,-3566.157715,1604.076660,1632.770508,-3599.587646,2616.237061,1567.729370,-3159.786865,,,,,,,,,,,,,,,,,,,,,,,,,,,,,,,,,
6056,60.560000,0.000000,0.000000,0.000000,1.000000,0.000000,0.000000,0.000000,57.698101,20.499701,-14.700500,0.047771,-0.013570,0.015998,-15.666301,-52.738201,18.801300,-93.396698,0.129960,17.611099,-0.170050,-0.471781,-0.688520,0.523876,1608.239258,1546.662231,-3600.474365,1614.410889,1466.771729,-3614.572510,1621.278442,1591.948242,-3624.843750,1590.434326,1495.004517,-3564.509766,1606.833618,1632.924683,-3597.971191,1614.472046,1466.890991,-3614.620605,1621.271851,1591.989014,-3624.937744,1590.331299,1494.877319,-3564.362305,1606.872559,1632.886108,-3597.964844,2616.287109,1567.766113,-3159.784668,,,,,,,,,,,,,,,,,,,,,,,,,,,,,,,,,
6057,60.570000,0.000000,0.000000,0.000000,1.000000,0.000000,0.000000,0.000000,57.698101,20.499701,-14.700500,0.047771,-0.013570,0.015998,-15.666301,-52.738201,18.801300,-93.396698,0.129960,17.611099,-0.171167,-0.471387,-0.687972,0.524587,1611.194824,1546.818848,-3598.764404,1617.356201,1466.917847,-3612.807617,1624.148804,1592.087524,-3623.211182,1593.509766,1495.187256,-3562.703369,1609.764404,1633.083008,-3596.335449,1617.362427,1466.721436,-3612.868408,1624.210449,1592.213623,-3623.268555,1593.497803,1495.324219,-3562.647705,1609.711060,1633.010376,-3596.277832,2616.299316,1567.750122,-3159.775146,,,,,,,,,,,,,,,,,,,,,,,,,,,,,,,,,
6058,60.580000,0.000000,0.000000,0.000000,1.000000,0.000000,0.000000,0.000000,57.698101,20.499701,-14.700500,0.047771,-0.013570,0.015998,-15.666301,-52.738201,18.801300,-93.396698,0.129960,17.611099,-0.174984,-0.469076,-0.687976,0.525393,1614.293213,1546.971802,-3597.062988,1620.073608,1467.043579,-3611.113037,1627.189087,1592.184692,-3621.643555,1596.743652,1495.417847,-3560.825439,1613.166504,1633.241455,-3594.670410,1620.121094,1466.946167,-3611.119629,1627.068237,1592.112305,-3621.552002,1596.758057,1495.645264,-3560.929443,1613.218628,1633.205688,-3594.657959,2616.279785,1567.713257,-3159.769775,,,,,,,,,,,,,,,,,,,,,,,,,,,,,,,,,
6059,60.590000,0.000000,0.000000,0.000000,1.000000,0.000000,0.000000,0.000000,57.698101,20.499701,-14.700500,0.047771,-0.013570,0.015998,-15.666301,-52.738201,18.801300,-93.396698,0.129960,17.611099,-0.172212,-0.471212,-0.688443,0.523783,1617.307617,1547.132690,-3595.293945,1623.247803,1467.206177,-3609.286621,1630.364136,1592.350220,-3619.781006,1599.511353,1495.572754,-3559.185303,1616.107178,1633.401978,-3592.923096,1623.351440,1467.443115,-3609.312256,1630.268311,1592.278076,-3619.836914,1599.426025,1495.580688,-3559.131836,1616.200684,1633.245239,-3592.896973,2616.291260,1567.781982,-3159.780273,,,,,,,,,,,,,,,,,,,,,,,,,,,,,,,,,
6060,60.600000,0.000000,0.000000,0.000000,1.000000,0.000000,0.000000,0.000000,57.698101,20.499701,-14.700500,0.047771,-0.013570,0.015998,-15.666301,-52.738201,18.801300,-93.396698,0.129960,17.611099,-0.171056,-0.472133,-0.688842,0.522807,1620.168701,1547.346802,-3593.501221,1626.130859,1467.417847,-3607.470947,1633.329590,1592.559204,-3617.941650,1602.223755,1495.793945,-3557.456299,1618.990356,1633.616577,-3591.136230,1626.063232,1467.557861,-3607.466309,1633.521973,1592.720581,-3618.093018,1602.215576,1495.658813,-3557.342041,1618.890381,1633.458862,-3591.116455,2616.299316,1567.765015,-3159.784424,,,,,,,,,,,,,,,,,,,,,,,,,,,,,,,,,
6061,60.610000,0.000000,0.000000,0.000000,1.000000,0.000000,0.000000,0.000000,57.698101,20.499701,-14.700500,0.047771,-0.013570,0.015998,-15.666301,-52.738201,18.801300,-93.396698,0.129960,17.611099,-0.174795,-0.469802,-0.688253,0.524444,1623.055176,1547.648926,-3591.729004,1628.770630,1467.701660,-3605.697754,1636.053101,1592.825317,-3616.322754,1605.372803,1496.147095,-3555.481689,1622.024292,1633.921875,-3589.413330,1628.754639,1467.496094,-3605.616699,1636.017334,1592.909546,-3616.318848,1605.415405,1496.249146,-3555.607666,1622.033813,1633.926880,-3589.373535,2616.309326,1567.752930,-3159.779297,,,,,,,,,,,,,,,,,,,,,,,,,,,,,,,,,
6062,60.620000,0.000000,0.000000,0.000000,1.000000,0.000000,0.000000,0.000000,57.698101,20.499701,-14.700500,0.047771,-0.013570,0.015998,-15.666301,-52.738201,18.801300,-93.396698,0.129960,17.611099,-0.174833,-0.470114,-0.688234,0.524176,1625.921021,1547.926880,-3589.959717,1631.621460,1467.969971,-3603.878906,1638.944092,1593.085449,-3614.572998,1608.205444,1496.450928,-3553.691650,1624.912720,1634.201538,-3587.694580,1631.747803,1467.820435,-3603.889648,1638.735840,1593.108032,-3614.538818,1608.139282,1496.599731,-3553.738770,1625.054443,1634.177734,-3587.670898,2616.295410,1567.741821,-3159.774902,,,,,,,,,,,,,,,,,,,,,,,,,,,,,,,,,
6063,60.630000,0.000000,0.000000,0.000000,1.000000,0.000000,0.000000,0.000000,57.698101,20.499701,-14.700500,0.047771,-0.013570,0.015998,-15.666301,-52.738201,18.801300,-93.396698,0.129960,17.611099,-0.171136,-0.473294,-0.688931,0.521612,1628.736206,1548.133179,-3588.213623,1634.616577,1468.167847,-3602.009277,1642.016602,1593.277710,-3612.714844,1610.636841,1496.678223,-3552.105957,1627.674927,1634.408936,-3586.024414,1634.694214,1468.282104,-3602.124512,1642.066895,1593.398438,-3612.872559,1610.502075,1496.687256,-3551.869873,1627.673462,1634.152222,-3585.970459,2616.288330,1567.747192,-3159.780273,,,,,,,,,,,,,,,,,,,,,,,,,,,,,,,,,
6064,60.640000,0.000000,0.000000,0.000000,1.000000,0.000000,0.000000,0.000000,57.698101,20.499701,-14.700500,0.047771,-0.013570,0.015998,-15.666301,-52.738201,18.801300,-93.396698,0.129960,17.611099,-0.174746,-0.471099,-0.688789,0.522589,1631.500732,1548.382324,-3586.509766,1637.053467,1468.394287,-3600.309326,1644.699341,1593.478149,-3611.144287,1613.561890,1496.995117,-3550.225830,1630.688110,1634.661743,-3584.359375,1637.027588,1468.526978,-3600.352051,1644.786377,1593.454346,-3611.180664,1613.574219,1497.093262,-3550.178467,1630.604004,1634.437378,-3584.325195,2616.298828,1567.758545,-3159.783691,,,,,,,,,,,,,,,,,,,,,,,,,,,,,,,,,
6065,60.650000,0.000000,0.000000,0.000000,1.000000,0.000000,0.000000,0.000000,57.698101,20.499701,-14.700500,0.047771,-0.013570,0.015998,-15.666301,-52.738201,18.801300,-93.396698,0.129960,17.611099,-0.178573,-0.468310,-0.688075,0.524738,1634.193481,1548.691895,-3584.791748,1639.531860,1468.697998,-3598.641846,1647.173218,1593.774292,-3609.566895,1616.590332,1497.323120,-3548.317627,1633.478638,1634.972168,-3582.640381,1639.544556,1468.651367,-3598.576416,1647.026123,1593.682129,-3609.427246,1616.645508,1497.459961,-3548.508789,1633.547363,1634.980713,-3582.661621,2616.242188,1567.742432,-3159.796387,,,,,,,,,,,,,,,,,,,,,,,,,,,,,,,,,
6066,60.660000,0.000000,0.000000,0.000000,1.000000,0.000000,0.000000,0.000000,57.698101,20.499701,-14.700500,0.047771,-0.013570,0.015998,-15.666301,-52.738201,18.801300,-93.396698,0.129960,17.611099,-0.174581,-0.471232,-0.688044,0.523504,1636.884033,1548.978638,-3583.075439,1642.605591,1468.997803,-3596.847900,1649.962891,1594.094238,-3607.737793,1619.087646,1497.565796,-3546.757812,1635.879517,1635.256958,-3580.958252,1642.656372,1468.978027,-3596.858643,1649.911621,1594.127563,-3607.773438,1619.040649,1497.573975,-3546.731934,1635.927002,1635.235596,-3580.937744,2616.295166,1567.759521,-3159.787842,,,,,,,,,,,,,,,,,,,,,,,,,,,,,,,,,
6067,60.670000,0.000000,0.000000,0.000000,1.000000,0.000000,0.000000,0.000000,57.698101,20.499701,-14.700500,0.047771,-0.013570,0.015998,-15.666301,-52.738201,18.801300,-93.396698,0.129960,17.611099,-0.172437,-0.473132,-0.688145,0.522367,1639.411865,1549.259888,-3581.343506,1645.297485,1469.275757,-3595.026855,1652.594116,1594.372314,-3605.956543,1621.448364,1497.853271,-3545.099365,1638.307617,1635.538574,-3579.290527,1645.394897,1469.197021,-3595.159424,1652.611450,1594.528687,-3606.093262,1621.315308,1497.937134,-3544.885254,1638.317871,1635.387451,-3579.226562,2616.294678,1567.764771,-3159.772949,,,,,,,,,,,,,,,,,,,,,,,,,,,,,,,,,
6068,60.680000,0.000000,0.000000,0.000000,1.000000,0.000000,0.000000,0.000000,57.698101,20.499701,-14.700500,0.047771,-0.013570,0.015998,-15.666301,-52.738201,18.801300,-93.396698,0.129960,17.611099,-0.176434,-0.470782,-0.688198,0.523085,1642.057129,1549.567505,-3579.678955,1647.532104,1469.553711,-3593.359863,1655.191650,1594.615845,-3604.434814,1624.218872,1498.249634,-3543.247559,1641.286011,1635.850952,-3577.673584,1647.593628,1469.453979,-3593.404541,1655.138306,1594.658569,-3604.451172,1624.180420,1498.421753,-3543.231445,1641.317627,1635.741211,-3577.626709,2616.286865,1567.740967,-3159.786865,,,,,,,,,,,,,,,,,,,,,,,,,,,,,,,,,
6069,60.690000,0.000000,0.000000,0.000000,1.000000,0.000000,0.000000,0.000000,57.698101,20.499701,-14.700500,0.047771,-0.013570,0.015998,-15.666301,-52.738201,18.801300,-93.396698,0.129960,17.611099,-0.178824,-0.469086,-0.687873,0.524224,1644.646973,1549.790039,-3578.027344,1649.960938,1469.770142,-3591.736328,1657.668945,1594.824341,-3602.867920,1626.988403,1498.491577,-3541.481201,1643.969604,1636.074341,-3576.023682,1650.023926,1469.795898,-3591.730225,1657.507568,1594.653320,-3602.782959,1626.986450,1498.669067,-3541.588623,1644.048828,1636.036743,-3576.007568,2616.266846,1567.746460,-3159.783936,,,,,,,,,,,,,,,,,,,,,,,,,,,,,,,,,
6070,60.700000,0.000000,0.000000,0.000000,1.000000,0.000000,0.000000,0.000000,57.698101,20.499701,-14.700500,0.047771,-0.013570,0.015998,-15.666301,-52.738201,18.801300,-93.396698,0.129960,17.611099,-0.176316,-0.470589,-0.687808,0.523812,1647.212769,1550.035889,-3576.420410,1652.791992,1470.033936,-3590.128174,1660.260498,1595.110107,-3601.174805,1629.480225,1498.682129,-3539.987793,1646.318115,1636.317505,-3574.390381,1652.780396,1470.270386,-3590.129639,1660.303101,1595.091431,-3601.221680,1629.473633,1498.694214,-3539.956787,1646.288574,1636.088623,-3574.372070,2616.289795,1567.759033,-3159.784180,,,,,,,,,,,,,,,,,,,,,,,,,,,,,,,,,
6071,60.710000,0.000000,0.000000,0.000000,1.000000,0.000000,0.000000,0.000000,57.698101,20.499701,-14.700500,0.047771,-0.013570,0.015998,-15.666301,-52.738201,18.801300,-93.396698,0.129960,17.611099,-0.174767,-0.471666,-0.688123,0.522948,1649.678223,1550.284058,-3574.823975,1655.340454,1470.285767,-3588.518799,1662.814941,1595.365601,-3599.517578,1631.809937,1498.919800,-3538.472656,1648.747437,1636.565063,-3572.786377,1655.349976,1470.359985,-3588.555176,1662.918579,1595.531494,-3599.691406,1631.730957,1498.796143,-3538.300537,1648.717407,1636.453735,-3572.750977,2616.254639,1567.757568,-3159.786865,,,,,,,,,,,,,,,,,,,,,,,,,,,,,,,,,
6072,60.720000,0.000000,0.000000,0.000000,1.000000,0.000000,0.000000,0.000000,57.698101,20.499701,-14.700500,0.047771,-0.013570,0.015998,-15.666301,-52.738201,18.801300,-93.396698,0.129960,17.611099,-0.177462,-0.469843,-0.687707,0.524227,1652.162476,1550.574097,-3573.266357,1657.650513,1470.566772,-3586.979980,1665.171143,1595.636597,-3598.062500,1634.497437,1499.236572,-3536.778320,1651.330688,1636.856567,-3571.244385,1657.756836,1470.364624,-3587.018555,1665.050537,1595.717041,-3598.083252,1634.427368,1499.332153,-3536.759277,1651.419678,1636.867065,-3571.208496,2616.289307,1567.753052,-3159.789062,,,,,,,,,,,,,,,,,,,,,,,,,,,,,,,,,
6073,60.730000,0.000000,0.000000,0.000000,1.000000,0.000000,0.000000,0.000000,57.698101,20.499701,-14.700500,0.047771,-0.013570,0.015998,-15.666301,-52.738201,18.801300,-93.396698,0.129960,17.611099,-0.180098,-0.467917,-0.687660,0.525111,1654.562500,1550.799561,-3571.748291,1659.809448,1470.784302,-3585.509033,1667.495361,1595.841431,-3596.621826,1637.037354,1499.489746,-3535.153809,1653.907593,1637.083130,-3569.708008,1659.877197,1470.547119,-3585.481201,1667.324097,1595.820435,-3596.525879,1637.048340,1499.713623,-3535.306396,1653.995850,1637.117920,-3569.687500,2616.311279,1567.755615,-3159.763184,,,,,,,,,,,,,,,,,,,,,,,,,,,,,,,,,
6074,60.740000,0.000000,0.000000,0.000000,1.000000,0.000000,0.000000,0.000000,57.698101,20.499701,-14.700500,0.047771,-0.013570,0.015998,-15.666301,-52.738201,18.801300,-93.396698,0.129960,17.611099,-0.177253,-0.469721,-0.687905,0.524147,1657.055298,1551.040161,-3570.276855,1662.534058,1471.039551,-3584.032227,1670.078979,1596.114014,-3595.044434,1639.370605,1499.685791,-3533.821777,1656.237305,1637.321655,-3568.208252,1662.593018,1471.069702,-3584.074707,1670.059204,1596.144897,-3595.122559,1639.310303,1499.792969,-3533.759766,1656.256958,1637.142578,-3568.140137,2616.299805,1567.759399,-3159.776123,,,,,,,,,,,,,,,,,,,,,,,,,,,,,,,,,
6075,60.750000,0.000000,0.000000,0.000000,1.000000,0.000000,0.000000,0.000000,57.698101,20.499701,-14.700500,0.047771,-0.013570,0.015998,-15.666301,-52.738201,18.801300,-93.396698,0.129960,17.611099,-0.176122,-0.470572,-0.688418,0.523091,1659.369507,1551.191040,-3568.797119,1664.848267,1471.188721,-3582.542725,1672.510986,1596.259888,-3593.511719,1641.520874,1499.843384,-3532.413086,1658.597778,1637.472900,-3566.720947,1664.914795,1471.436401,-3582.637451,1672.570435,1596.306519,-3593.684082,1641.397583,1499.775024,-3532.189209,1658.592285,1637.252075,-3566.668701,2616.291260,1567.733521,-3159.777344,,,,,,,,,,,,,,,,,,,,,,,,,,,,,,,,,
6076,60.760000,0.000000,0.000000,0.000000,1.000000,0.000000,0.000000,0.000000,57.698101,20.499701,-14.700500,0.047771,-0.013570,0.015998,-15.666301,-52.738201,18.801300,-93.396698,0.129960,17.611099,-0.179743,-0.467650,-0.687867,0.525201,1661.865234,1551.502197,-3567.405273,1667.126465,1471.500977,-3581.242432,1674.796631,1596.569946,-3592.232422,1644.340210,1500.154663,-3530.863770,1661.197632,1637.783691,-3565.281982,1667.153687,1471.616089,-3581.218262,1674.755127,1596.506470,-3592.263672,1644.323730,1500.159546,-3530.882324,1661.229736,1637.730835,-3565.255127,2616.276855,1567.737427,-3159.775879,,,,,,,,,,,,,,,,,,,,,,,,,,,,,,,,,
6077,60.770000,0.000000,0.000000,0.000000,1.000000,0.000000,0.000000,0.000000,57.698101,20.499701,-14.700500,0.047771,-0.013570,0.015998,-15.666301,-52.738201,18.801300,-93.396698,0.129960,17.611099,-0.182125,-0.465688,-0.687505,0.526595,1664.150024,1551.750854,-3566.010498,1669.266602,1471.751343,-3579.911377,1676.941650,1596.819336,-3590.908691,1646.840210,1500.401123,-3529.369629,1663.551514,1638.031982,-3563.851807,1669.305664,1471.613037,-3579.848389,1676.799316,1596.800415,-3590.838623,1646.850586,1500.465332,-3529.502197,1663.641479,1638.122681,-3563.851562,2616.280762,1567.738037,-3159.784668,,,,,,,,,,,,,,,,,,,,,,,,,,,,,,,,,
6078,60.780000,0.000000,0.000000,0.000000,1.000000,0.000000,0.000000,0.000000,57.698101,20.499701,-14.700500,0.047771,-0.013570,0.015998,-15.666301,-52.738201,18.801300,-93.396698,0.129960,17.611099,-0.179086,-0.467935,-0.687583,0.525542,1666.417236,1552.014160,-3564.631592,1671.807983,1472.022949,-3578.477051,1679.301147,1597.104736,-3589.441895,1648.939941,1500.634766,-3528.111816,1665.619873,1638.294189,-3562.495605,1671.865356,1471.822144,-3578.515381,1679.280518,1597.237183,-3589.521973,1648.886597,1500.706055,-3528.061035,1665.639526,1638.279907,-3562.437256,2616.296631,1567.719238,-3159.772705,,,,,,,,,,,,,,,,,,,,,,,,,,,,,,,,,
6079,60.790000,0.000000,0.000000,0.000000,1.000000,0.000000,0.000000,0.000000,57.698101,20.499701,-14.700500,0.047771,-0.013570,0.015998,-15.666301,-52.738201,18.801300,-93.396698,0.129960,17.611099,-0.177563,-0.469057,-0.687703,0.524901,1668.675415,1552.273071,-3563.263672,1674.185913,1472.285522,-3577.082764,1681.619507,1597.372803,-3588.026123,1651.097168,1500.881714,-3526.809570,1667.798950,1638.552490,-3561.135986,1674.333374,1472.266602,-3577.196045,1681.547852,1597.487915,-3588.177734,1650.923828,1500.913452,-3526.603760,1667.884277,1638.429932,-3561.068604,2616.296631,1567.719849,-3159.768555,,,,,,,,,,,,,,,,,,,,,,,,,,,,,,,,,
6080,60.800000,0.000000,0.000000,0.000000,1.000000,0.000000,0.000000,0.000000,57.698101,20.499701,-14.700500,0.047771,-0.013570,0.015998,-15.666301,-52.738201,18.801300,-93.396698,0.129960,17.611099,-0.180714,-0.466930,-0.687780,0.525621,1671.006958,1552.496338,-3561.986572,1676.193481,1472.493042,-3575.840088,1683.898193,1597.558472,-3586.844727,1653.548218,1501.156006,-3525.403320,1670.387573,1638.777954,-3559.858643,1676.306396,1472.521118,-3575.890381,1683.769409,1597.508911,-3586.872070,1653.465820,1501.277710,-3525.370117,1670.483521,1638.677612,-3559.812988,2616.274170,1567.722168,-3159.772461,,,,,,,,,,,,,,,,,,,,,,,,,,,,,,,,,
6081,60.810000,0.000000,0.000000,0.000000,1.000000,0.000000,0.000000,0.000000,57.698101,20.499701,-14.700500,0.047771,-0.013570,0.015998,-15.666301,-52.738201,18.801300,-93.396698,0.129960,17.611099,-0.183947,-0.464864,-0.687419,0.526801,1673.241211,1552.590698,-3560.679443,1678.177856,1472.572144,-3574.535156,1686.016357,1597.618530,-3585.659180,1655.979980,1501.298096,-3523.935791,1672.790649,1638.874390,-3558.587402,1678.196777,1472.653687,-3574.492188,1685.915527,1597.469116,-3585.583008,1656.012817,1501.433105,-3524.068604,1672.833740,1638.806274,-3558.578613,2616.252197,1567.726562,-3159.782471,,,,,,,,,,,,,,,,,,,,,,,,,,,,,,,,,
6082,60.820000,0.000000,0.000000,0.000000,1.000000,0.000000,0.000000,0.000000,57.698101,20.499701,-14.700500,0.047771,-0.013570,0.015998,-15.666301,-52.738201,18.801300,-93.396698,0.129960,17.611099,-0.183141,-0.465652,-0.687218,0.526649,1675.356934,1552.687256,-3559.400391,1680.404785,1472.667236,-3573.208008,1688.135254,1597.716553,-3584.375977,1658.075439,1501.394165,-3522.666992,1674.812256,1638.971436,-3557.350098,1680.346558,1472.786987,-3573.149902,1688.172974,1597.697144,-3584.356201,1658.131592,1501.421143,-3522.738037,1674.771118,1638.845581,-3557.355469,2616.273926,1567.759399,-3159.775635,,,,,,,,,,,,,,,,,,,,,,,,,,,,,,,,,
6083,60.830000,0.000000,0.000000,0.000000,1.000000,0.000000,0.000000,0.000000,57.698101,20.499701,-14.700500,0.047771,-0.013570,0.015998,-15.666301,-52.738201,18.801300,-93.396698,0.129960,17.611099,-0.179403,-0.468588,-0.687468,0.525002,1677.571411,1552.919678,-3558.146240,1682.917358,1472.903564,-3571.864990,1690.503784,1597.963379,-3583.016357,1660.032837,1501.608398,-3521.560547,1676.831543,1639.203369,-3556.143066,1682.959595,1472.988281,-3571.952148,1690.581665,1598.040283,-3583.175049,1659.932129,1501.536743,-3521.351807,1676.808105,1639.113159,-3556.096924,2616.276611,1567.779419,-3159.793945,,,,,,,,,,,,,,,,,,,,,,,,,,,,,,,,,
6084,60.840000,0.000000,0.000000,0.000000,1.000000,0.000000,0.000000,0.000000,57.698101,20.499701,-14.700500,0.047771,-0.013570,0.015998,-15.666301,-52.738201,18.801300,-93.396698,0.129960,17.611099,-0.181221,-0.467649,-0.687145,0.525638,1679.706177,1553.116943,-3556.894775,1684.928467,1473.087036,-3570.580566,1692.571289,1598.132690,-3581.850342,1662.279053,1501.845459,-3520.199951,1679.046021,1639.402588,-3554.948242,1685.048584,1472.948608,-3570.659668,1692.485229,1598.238647,-3581.935303,1662.163086,1501.879883,-3520.084229,1679.126343,1639.397095,-3554.904053,2616.263184,1567.742188,-3159.794678,,,,,,,,,,,,,,,,,,,,,,,,,,,,,,,,,
6085,60.850000,0.000000,0.000000,0.000000,1.000000,0.000000,0.000000,0.000000,57.698101,20.499701,-14.700500,0.047771,-0.013570,0.015998,-15.666301,-52.738201,18.801300,-93.396698,0.129960,17.611099,-0.184369,-0.465674,-0.686719,0.526852,1681.852051,1553.265747,-3555.656982,1686.845459,1473.220459,-3569.337646,1694.594238,1598.247925,-3580.735596,1664.628662,1502.041382,-3518.800537,1681.339966,1639.553345,-3553.753662,1686.964966,1473.007202,-3569.350098,1694.395508,1598.265259,-3580.687988,1664.573730,1502.181152,-3518.855225,1681.472534,1639.596191,-3553.733398,2616.278809,1567.740967,-3159.783447,,,,,,,,,,,,,,,,,,,,,,,,,,,,,,,,,
6086,60.860000,0.000000,0.000000,0.000000,1.000000,0.000000,0.000000,0.000000,57.698101,20.499701,-14.700500,0.047771,-0.013570,0.015998,-15.666301,-52.738201,18.801300,-93.396698,0.129960,17.611099,-0.186464,-0.464224,-0.686445,0.527750,1683.805420,1553.243652,-3554.377930,1688.648438,1473.191772,-3568.073730,1696.456787,1598.210083,-3579.531006,1666.729858,1502.041016,-3517.422852,1683.386719,1639.531982,-3552.484619,1688.687134,1473.073364,-3568.029053,1696.325562,1598.190430,-3579.453613,1666.751343,1502.234253,-3517.574707,1683.453857,1639.494751,-3552.466309,2616.323975,1567.739868,-3159.767578,,,,,,,,,,,,,,,,,,,,,,,,,,,,,,,,,
6087,60.870000,0.000000,0.000000,0.000000,1.000000,0.000000,0.000000,0.000000,57.698101,20.499701,-14.700500,0.047771,-0.013570,0.015998,-15.666301,-52.738201,18.801300,-93.396698,0.129960,17.611099,-0.184396,-0.466061,-0.686467,0.526828,1685.925171,1553.292725,-3553.087646,1690.950684,1473.238281,-3566.702637,1698.659058,1598.259277,-3578.198730,1668.708618,1502.092041,-3516.195312,1685.382202,1639.581665,-3551.253906,1690.893188,1473.309937,-3566.695557,1698.758911,1598.247314,-3578.225830,1668.760620,1502.196899,-3516.216797,1685.281372,1639.402710,-3551.209473,2616.291260,1567.746460,-3159.770752,,,,,,,,,,,,,,,,,,,,,,,,,,,,,,,,,
6088,60.880000,0.000000,0.000000,0.000000,1.000000,0.000000,0.000000,0.000000,57.698101,20.499701,-14.700500,0.047771,-0.013570,0.015998,-15.666301,-52.738201,18.801300,-93.396698,0.129960,17.611099,-0.181906,-0.468089,-0.686650,0.525656,1688.034912,1553.435059,-3551.812256,1693.253052,1473.381348,-3565.358887,1700.880249,1598.407227,-3576.856445,1670.635742,1502.227905,-3515.014404,1687.370483,1639.723999,-3550.018799,1693.238647,1473.575195,-3565.420898,1701.013916,1598.506714,-3576.988525,1670.579956,1502.108276,-3514.826172,1687.307983,1639.551392,-3550.011230,2616.226318,1567.740234,-3159.794922,,,,,,,,,,,,,,,,,,,,,,,,,,,,,,,,,
6089,60.890000,0.000000,0.000000,0.000000,1.000000,0.000000,0.000000,0.000000,57.698101,20.499701,-14.700500,0.047771,-0.013570,0.015998,-15.666301,-52.738201,18.801300,-93.396698,0.129960,17.611099,-0.183249,-0.467549,-0.686004,0.526513,1690.078369,1553.532959,-3550.464600,1695.282104,1473.468262,-3563.952148,1702.819092,1598.486084,-3575.596436,1672.827026,1502.354370,-3513.557861,1689.385254,1639.823364,-3548.751953,1695.338623,1473.469238,-3564.004883,1702.801392,1598.558960,-3575.667236,1672.747925,1502.314819,-3513.443115,1689.419922,1639.789795,-3548.738525,2616.267578,1567.781982,-3159.806152,,,,,,,,,,,,,,,,,,,,,,,,,,,,,,,,,
6090,60.900000,0.000000,0.000000,0.000000,1.000000,0.000000,0.000000,0.000000,57.698101,20.499701,-14.700500,0.047771,-0.013570,0.015998,-15.666301,-52.738201,18.801300,-93.396698,0.129960,17.611099,-0.185116,-0.466491,-0.685179,0.527872,1692.116089,1553.586914,-3549.070557,1697.297119,1473.514771,-3562.522217,1704.697754,1598.527832,-3574.304199,1675.089478,1502.427246,-3512.033447,1691.380127,1639.878296,-3547.422363,1697.417236,1473.289551,-3562.586426,1704.564575,1598.542847,-3574.298340,1675.019287,1502.544312,-3512.014648,1691.473877,1639.949219,-3547.389160,2616.292236,1567.751465,-3159.787598,,,,,,,,,,,,,,,,,,,,,,,,,,,,,,,,,
6091,60.910000,0.000000,0.000000,0.000000,1.000000,0.000000,0.000000,0.000000,57.698101,20.499701,-14.700500,0.047771,-0.013570,0.015998,-15.666301,-52.738201,18.801300,-93.396698,0.129960,17.611099,-0.187169,-0.465281,-0.684711,0.528822,1693.983276,1553.557373,-3547.644775,1699.049561,1473.474365,-3561.075439,1706.460205,1598.476196,-3572.969727,1677.118652,1502.429199,-3510.489990,1693.304688,1639.849976,-3546.044434,1699.083740,1473.231323,-3561.059570,1706.370728,1598.457153,-3572.906494,1677.147461,1502.665527,-3510.624023,1693.336426,1639.878052,-3546.005859,2616.279541,1567.716431,-3159.771484,,,,,,,,,,,,,,,,,,,,,,,,,,,,,,,,,
6092,60.920000,0.000000,0.000000,0.000000,1.000000,0.000000,0.000000,0.000000,57.698101,20.499701,-14.700500,0.047771,-0.013570,0.015998,-15.666301,-52.738201,18.801300,-93.396698,0.129960,17.611099,-0.185732,-0.466594,-0.685078,0.527695,1695.954224,1553.446411,-3546.167480,1701.073242,1473.358032,-3559.545898,1708.550659,1598.354858,-3571.451172,1678.915771,1502.333374,-3509.071289,1695.277100,1639.739746,-3544.600830,1701.058228,1473.312744,-3559.512695,1708.554688,1598.382568,-3571.459229,1678.946655,1502.447998,-3509.141113,1695.258423,1639.645996,-3544.559814,2616.299805,1567.714355,-3159.755615,,,,,,,,,,,,,,,,,,,,,,,,,,,,,,,,,
6093,60.930000,0.000000,0.000000,0.000000,1.000000,0.000000,0.000000,0.000000,57.698101,20.499701,-14.700500,0.047771,-0.013570,0.015998,-15.666301,-52.738201,18.801300,-93.396698,0.129960,17.611099,-0.183576,-0.468255,-0.685297,0.526693,1697.982910,1553.356201,-3544.701172,1703.260376,1473.270874,-3558.036621,1710.677856,1598.273315,-3569.920410,1680.784668,1502.231812,-3507.694336,1697.208618,1639.649048,-3543.153320,1703.203369,1473.444336,-3558.047363,1710.822998,1598.309814,-3570.018311,1680.799194,1502.246460,-3507.636719,1697.097412,1639.406738,-3543.105469,2616.276367,1567.743286,-3159.774902,,,,,,,,,,,,,,,,,,,,,,,,,,,,,,,,,
6094,60.940000,0.000000,0.000000,0.000000,1.000000,0.000000,0.000000,0.000000,57.698101,20.499701,-14.700500,0.047771,-0.013570,0.015998,-15.666301,-52.738201,18.801300,-93.396698,0.129960,17.611099,-0.181547,-0.469658,-0.685538,0.525832,1699.979614,1553.232910,-3543.191162,1705.404419,1473.154541,-3556.508789,1712.760498,1598.165527,-3568.339111,1682.641113,1502.087158,-3506.279785,1699.112793,1639.524658,-3541.636963,1705.446411,1473.282349,-3556.560059,1712.807861,1598.308960,-3568.496338,1682.539551,1501.987427,-3506.097168,1699.120728,1639.350586,-3541.607422,2616.296143,1567.765259,-3159.801025,,,,,,,,,,,,,,,,,,,,,,,,,,,,,,,,,
6095,60.950000,0.000000,0.000000,0.000000,1.000000,0.000000,0.000000,0.000000,57.698101,20.499701,-14.700500,0.047771,-0.013570,0.015998,-15.666301,-52.738201,18.801300,-93.396698,0.129960,17.611099,-0.181952,-0.469294,-0.685390,0.526210,1701.899170,1553.135986,-3541.653320,1707.318848,1473.059448,-3554.984131,1714.638672,1598.072510,-3566.815186,1684.618652,1501.984741,-3504.722412,1701.020386,1639.427490,-3540.091797,1707.447510,1472.979614,-3555.058350,1714.539673,1598.233032,-3566.927490,1684.466431,1501.929321,-3504.557617,1701.126831,1639.406982,-3540.068115,2616.284180,1567.741699,-3159.775146,,,,,,,,,,,,,,,,,,,,,,,,,,,,,,,,,
6096,60.960000,0.000000,0.000000,0.000000,1.000000,0.000000,0.000000,0.000000,57.698101,20.499701,-14.700500,0.047771,-0.013570,0.015998,-15.666301,-52.738201,18.801300,-93.396698,0.129960,17.611099,-0.183132,-0.468233,-0.685035,0.527207,1703.767456,1552.976440,-3540.070557,1709.156250,1472.904419,-3553.441406,1716.400146,1597.922241,-3565.269775,1686.639893,1501.812012,-3503.086670,1702.873291,1639.267456,-3538.484619,1709.313599,1472.750122,-3553.510742,1716.213501,1597.954834,-3565.276611,1686.529907,1501.899658,-3503.037842,1703.016724,1639.292847,-3538.461426,2616.277588,1567.754761,-3159.781494,,,,,,,,,,,,,,,,,,,,,,,,,,,,,,,,,
6097,60.970000,0.000000,0.000000,0.000000,1.000000,0.000000,0.000000,0.000000,57.698101,20.499701,-14.700500,0.047771,-0.013570,0.015998,-15.666301,-52.738201,18.801300,-93.396698,0.129960,17.611099,-0.185026,-0.466454,-0.684999,0.528169,1705.729004,1552.758911,-3538.532471,1710.959961,1472.691406,-3551.992432,1718.274170,1597.710327,-3563.765381,1688.746094,1501.584595,-3501.495361,1704.935791,1639.049561,-3536.876709,1711.006714,1472.652100,-3551.953125,1718.132446,1597.668457,-3563.695801,1688.747803,1501.709961,-3501.612793,1705.019775,1639.011475,-3536.871338,2616.249512,1567.725586,-3159.781738,,,,,,,,,,,,,,,,,,,,,,,,,,,,,,,,,
6098,60.980000,0.000000,0.000000,0.000000,1.000000,0.000000,0.000000,0.000000,57.698101,20.499701,-14.700500,0.047771,-0.013570,0.015998,-15.666301,-52.738201,18.801300,-93.396698,0.129960,17.611099,-0.184808,-0.466042,-0.685263,0.528267,1707.614380,1552.373535,-3536.953613,1712.836182,1472.320068,-3550.500732,1720.160400,1597.350952,-3562.139648,1690.631592,1501.160889,-3499.969482,1706.829590,1638.662476,-3535.204590,1712.870361,1472.405273,-3550.441162,1720.016602,1597.211060,-3562.050293,1690.655640,1501.302124,-3500.127930,1706.905029,1638.575439,-3535.200439,2616.290771,1567.733521,-3159.781982,,,,,,,,,,,,,,,,,,,,,,,,,,,,,,,,,
6099,60.990000,0.000000,0.000000,0.000000,1.000000,0.000000,0.000000,0.000000,57.698101,20.499701,-14.700500,0.047771,-0.013570,0.015998,-15.666301,-52.738201,18.801300,-93.396698,0.129960,17.611099,-0.183134,-0.466769,-0.685700,0.527641,1709.484497,1552.086548,-3535.376465,1714.798584,1472.048706,-3548.979248,1722.103271,1597.094238,-3560.471924,1692.386963,1500.830322,-3498.505859,1708.648804,1638.373413,-3533.548828,1714.761963,1472.008667,-3548.940186,1722.133179,1597.121948,-3560.473877,1692.440796,1500.968384,-3498.590820,1708.602905,1638.250977,-3533.505371,2616.279297,1567.750854,-3159.791748,,,,,,,,,,,,,,,,,,,,,,,,,,,,,,,,,
6100,61.000000,0.000000,0.000000,0.000000,1.000000,0.000000,0.000000,0.000000,57.698101,20.499701,-14.700500,0.047771,-0.013570,0.015998,-15.666301,-52.738201,18.801300,-93.396698,0.129960,17.611099,-0.180112,-0.468462,-0.686106,0.526652,1711.384766,1551.939575,-3533.786377,1716.926758,1471.922729,-3547.421631,1724.104248,1596.990356,-3558.753174,1694.114746,1500.622437,-3497.081299,1710.393188,1638.223145,-3531.888672,1716.971924,1471.832642,-3547.508301,1724.157715,1597.074585,-3558.878662,1694.050171,1500.722778,-3496.954102,1710.358521,1638.134644,-3531.802246,2616.263184,1567.744995,-3159.791992,,,,,,,,,,,,,,,,,,,,,,,,,,,,,,,,,
6101,61.010000,0.000000,0.000000,0.000000,1.000000,0.000000,0.000000,0.000000,57.698101,20.499701,-14.700500,0.047771,-0.013570,0.015998,-15.666301,-52.738201,18.801300,-93.396698,0.129960,17.611099,-0.178364,-0.469207,-0.686404,0.526195,1713.284424,1551.791382,-3532.250000,1718.954468,1471.792725,-3545.939209,1726.052979,1596.877808,-3557.127441,1695.927612,1500.423218,-3495.657227,1712.202271,1638.072266,-3530.275635,1719.071655,1471.817383,-3546.051514,1726.040894,1596.992065,-3557.313721,1695.760742,1500.401367,-3495.418945,1712.248047,1637.960693,-3530.204834,2616.282227,1567.776489,-3159.797607,,,,,,,,,,,,,,,,,,,,,,,,,,,,,,,,,
6102,61.020000,0.000000,0.000000,0.000000,1.000000,0.000000,0.000000,0.000000,57.698101,20.499701,-14.700500,0.047771,-0.013570,0.015998,-15.666301,-52.738201,18.801300,-93.396698,0.129960,17.611099,-0.179278,-0.468121,-0.686972,0.526110,1715.249390,1551.523438,-3530.758789,1720.733643,1471.528076,-3544.542480,1728.053955,1596.610474,-3555.616943,1697.869263,1500.151489,-3494.182373,1714.340820,1637.804199,-3528.693359,1720.866943,1471.667847,-3544.644775,1727.992065,1596.648804,-3555.745117,1697.701782,1500.078369,-3493.967773,1714.427368,1637.700439,-3528.662842,2616.284180,1567.711670,-3159.775635,,,,,,,,,,,,,,,,,,,,,,,,,,,,,,,,,
6103,61.030000,0.000000,0.000000,0.000000,1.000000,0.000000,0.000000,0.000000,57.698101,20.499701,-14.700500,0.047771,-0.013570,0.015998,-15.666301,-52.738201,18.801300,-93.396698,0.129960,17.611099,-0.181545,-0.465977,-0.687309,0.526796,1717.237549,1551.242188,-3529.308838,1722.455933,1471.249878,-3543.213867,1729.999390,1596.327637,-3554.191650,1699.954712,1499.869263,-3492.687988,1716.540039,1637.522339,-3527.141846,1722.533691,1471.419189,-3543.215820,1729.900024,1596.276001,-3554.215820,1699.893555,1499.847168,-3492.665283,1716.630371,1637.435547,-3527.139404,2616.322266,1567.740234,-3159.762939,,,,,,,,,,,,,,,,,,,,,,,,,,,,,,,,,
6104,61.040000,0.000000,0.000000,0.000000,1.000000,0.000000,0.000000,0.000000,57.698101,20.499701,-14.700500,0.047771,-0.013570,0.015998,-15.666301,-52.738201,18.801300,-93.396698,0.129960,17.611099,-0.182658,-0.464436,-0.687126,0.528009,1719.129028,1551.073853,-3527.883301,1724.307861,1471.099976,-3541.908203,1731.770630,1596.192993,-3552.766602,1702.019165,1499.651733,-3491.250000,1718.418457,1637.351196,-3525.608398,1724.411011,1471.114258,-3541.894531,1731.559692,1596.094360,-3552.717529,1701.968994,1499.737183,-3491.317627,1718.559692,1637.340698,-3525.599121,2616.294922,1567.769653,-3159.781250,,,,,,,,,,,,,,,,,,,,,,,,,,,,,,,,,
6105,61.050000,0.000000,0.000000,0.000000,1.000000,0.000000,0.000000,0.000000,57.698101,20.499701,-14.700500,0.047771,-0.013570,0.015998,-15.666301,-52.738201,18.801300,-93.396698,0.129960,17.611099,-0.182769,-0.463847,-0.687281,0.528286,1720.949463,1550.928467,-3526.437256,1726.106445,1470.967163,-3540.542236,1733.571289,1596.069458,-3551.290527,1703.870117,1499.473755,-3489.835449,1720.249756,1637.203613,-3524.080811,1726.193359,1470.704712,-3540.545410,1733.404297,1596.040283,-3551.208008,1703.857422,1499.670044,-3489.942139,1720.343140,1637.283936,-3524.058105,2616.303467,1567.763062,-3159.791504,,,,,,,,,,,,,,,,,,,,,,,,,,,,,,,,,
6106,61.060000,0.000000,0.000000,0.000000,1.000000,0.000000,0.000000,0.000000,57.698101,20.499701,-14.700500,0.047771,-0.013570,0.015998,-15.666301,-52.738201,18.801300,-93.396698,0.129960,17.611099,-0.181711,-0.464102,-0.687718,0.527858,1722.694946,1550.825806,-3525.051758,1727.886230,1470.879028,-3539.226318,1735.372437,1595.992432,-3549.830078,1705.533447,1499.333496,-3488.541504,1721.987671,1637.098511,-3522.609131,1727.880371,1470.634521,-3539.233398,1735.371338,1596.109619,-3549.808350,1705.558228,1499.496704,-3488.584229,1721.971680,1637.049194,-3522.585205,2616.263428,1567.781860,-3159.789795,,,,,,,,,,,,,,,,,,,,,,,,,,,,,,,,,
6107,61.070000,0.000000,0.000000,0.000000,1.000000,0.000000,0.000000,0.000000,57.698101,20.499701,-14.700500,0.047771,-0.013570,0.015998,-15.666301,-52.738201,18.801300,-93.396698,0.129960,17.611099,-0.179593,-0.464829,-0.688113,0.527429,1724.584595,1550.682129,-3523.703613,1729.933594,1470.762451,-3537.971191,1737.311157,1595.900024,-3548.363037,1707.332275,1499.116211,-3487.340332,1723.761230,1636.950317,-3521.139404,1729.917847,1470.736572,-3538.006348,1737.411865,1596.029663,-3548.455566,1707.324341,1499.204102,-3487.270996,1723.685181,1636.751465,-3521.080566,2616.280518,1567.775391,-3159.794922,,,,,,,,,,,,,,,,,,,,,,,,,,,,,,,,,
6108,61.080000,0.000000,0.000000,0.000000,1.000000,0.000000,0.000000,0.000000,57.698101,20.499701,-14.700500,0.047771,-0.013570,0.015998,-15.666301,-52.738201,18.801300,-93.396698,0.129960,17.611099,-0.178359,-0.465071,-0.688769,0.526777,1726.373169,1550.445312,-3522.359619,1731.733887,1470.542969,-3536.719482,1739.184448,1595.691650,-3546.922607,1709.001099,1498.836670,-3486.114258,1725.573242,1636.710327,-3519.681885,1731.739380,1470.748779,-3536.790527,1739.301270,1595.779663,-3547.068359,1708.934448,1498.774170,-3485.927979,1725.515991,1636.473511,-3519.650879,2616.274902,1567.785400,-3159.790527,,,,,,,,,,,,,,,,,,,,,,,,,,,,,,,,,
6109,61.090000,0.000000,0.000000,0.000000,1.000000,0.000000,0.000000,0.000000,57.698101,20.499701,-14.700500,0.047771,-0.013570,0.015998,-15.666301,-52.738201,18.801300,-93.396698,0.129960,17.611099,-0.179384,-0.463745,-0.689183,0.527056,1728.177246,1550.265015,-3521.069092,1733.377686,1470.372681,-3535.542969,1740.983765,1595.522705,-3545.613770,1710.834595,1498.637451,-3484.836670,1727.512695,1636.527710,-3518.282715,1733.424561,1470.637695,-3535.617676,1741.019531,1595.492798,-3545.714844,1710.756958,1498.583984,-3484.683838,1727.508789,1636.368286,-3518.259521,2616.254883,1567.738037,-3159.791016,,,,,,,,,,,,,,,,,,,,,,,,,,,,,,,,,
6110,61.100000,0.000000,0.000000,0.000000,1.000000,0.000000,0.000000,0.000000,57.698101,20.499701,-14.700500,0.047771,-0.013570,0.015998,-15.666301,-52.738201,18.801300,-93.396698,0.129960,17.611099,-0.180295,-0.462630,-0.689287,0.527590,1729.892700,1550.159912,-3519.820801,1735.001831,1470.276855,-3534.378418,1742.656372,1595.431030,-3544.363281,1712.622925,1498.511719,-3483.582764,1729.289795,1636.420532,-3516.958008,1735.100220,1470.299072,-3534.428223,1742.558105,1595.381714,-3544.405273,1712.545410,1498.582886,-3483.534912,1729.365112,1636.376953,-3516.915039,2616.288086,1567.733032,-3159.779053,,,,,,,,,,,,,,,,,,,,,,,,,,,,,,,,,
6111,61.110000,0.000000,0.000000,0.000000,1.000000,0.000000,0.000000,0.000000,57.698101,20.499701,-14.700500,0.047771,-0.013570,0.015998,-15.666301,-52.738201,18.801300,-93.396698,0.129960,17.611099,-0.181498,-0.460990,-0.689231,0.528685,1731.583008,1550.060181,-3518.641602,1736.616455,1470.195923,-3533.328857,1744.244385,1595.362183,-3543.179932,1714.466309,1498.365845,-3482.396729,1731.004761,1636.316895,-3515.661133,1736.759399,1469.982910,-3533.345703,1744.012207,1595.293091,-3543.140137,1714.405396,1498.579956,-3482.480469,1731.147461,1636.378906,-3515.603516,2616.333008,1567.724365,-3159.756592,,,,,,,,,,,,,,,,,,,,,,,,,,,,,,,,,
6112,61.120000,0.000000,0.000000,0.000000,1.000000,0.000000,0.000000,0.000000,57.698101,20.499701,-14.700500,0.047771,-0.013570,0.015998,-15.666301,-52.738201,18.801300,-93.396698,0.129960,17.611099,-0.183334,-0.458960,-0.689309,0.529715,1733.228149,1549.933228,-3517.472168,1738.091919,1470.082764,-3532.291016,1745.801514,1595.253418,-3542.021973,1716.258179,1498.210205,-3481.199219,1732.761108,1636.186646,-3514.376709,1738.118530,1469.855469,-3532.258057,1745.672241,1595.233765,-3541.892334,1716.304199,1498.435913,-3481.371826,1732.815674,1636.213745,-3514.378906,2616.337891,1567.717896,-3159.753662,,,,,,,,,,,,,,,,,,,,,,,,,,,,,,,,,
6113,61.130000,0.000000,0.000000,0.000000,1.000000,0.000000,0.000000,0.000000,57.698101,20.499701,-14.700500,0.047771,-0.013570,0.015998,-15.666301,-52.738201,18.801300,-93.396698,0.129960,17.611099,-0.182043,-0.459472,-0.689714,0.529188,1734.916138,1549.769531,-3516.389160,1739.840942,1469.932617,-3531.260498,1747.552002,1595.113037,-3540.863770,1717.850220,1498.012451,-3480.209717,1734.421021,1636.020142,-3513.222412,1739.814209,1469.862305,-3531.224365,1747.554688,1595.213989,-3540.834717,1717.880127,1498.052490,-3480.260498,1734.415527,1635.951660,-3513.236084,2616.316406,1567.744751,-3159.769043,,,,,,,,,,,,,,,,,,,,,,,,,,,,,,,,,
6114,61.140000,0.000000,0.000000,0.000000,1.000000,0.000000,0.000000,0.000000,57.698101,20.499701,-14.700500,0.047771,-0.013570,0.015998,-15.666301,-52.738201,18.801300,-93.396698,0.129960,17.611099,-0.179800,-0.460758,-0.690049,0.528400,1736.578735,1549.595703,-3515.407959,1741.669434,1469.773560,-3530.302246,1749.294922,1594.968140,-3539.787354,1719.377686,1497.797607,-3479.351807,1735.972900,1635.843750,-3512.190918,1741.611206,1469.917847,-3530.307861,1749.438477,1595.067749,-3539.875244,1719.389648,1497.792725,-3479.286621,1735.869629,1635.584595,-3512.169434,2616.278564,1567.731201,-3159.776123,,,,,,,,,,,,,,,,,,,,,,,,,,,,,,,,,
6115,61.150000,0.000000,0.000000,0.000000,1.000000,0.000000,0.000000,0.000000,57.698101,20.499701,-14.700500,0.047771,-0.013570,0.015998,-15.666301,-52.738201,18.801300,-93.396698,0.129960,17.611099,-0.178992,-0.461454,-0.690340,0.527686,1738.201050,1549.424683,-3514.432617,1743.306763,1469.599487,-3529.306152,1750.994385,1594.791016,-3538.782715,1720.890381,1497.635132,-3478.416504,1737.612427,1635.673218,-3511.225098,1743.338501,1469.873779,-3529.381592,1751.074219,1594.794678,-3538.927002,1720.806641,1497.542725,-3478.227295,1737.583252,1635.506104,-3511.191895,2616.296875,1567.730713,-3159.773193,,,,,,,,,,,,,,,,,,,,,,,,,,,,,,,,,
6116,61.160000,0.000000,0.000000,0.000000,1.000000,0.000000,0.000000,0.000000,57.698101,20.499701,-14.700500,0.047771,-0.013570,0.015998,-15.666301,-52.738201,18.801300,-93.396698,0.129960,17.611099,-0.179812,-0.461125,-0.690155,0.527937,1739.811401,1549.359863,-3513.512695,1744.864136,1469.525635,-3528.355957,1752.576538,1594.710083,-3537.907959,1722.547485,1497.593872,-3477.440430,1739.257324,1635.610229,-3510.346436,1744.954102,1469.615356,-3528.472656,1752.576172,1594.700317,-3538.017578,1722.430420,1497.579834,-3477.245361,1739.278198,1635.549683,-3510.305420,2616.276123,1567.742065,-3159.773438,,,,,,,,,,,,,,,,,,,,,,,,,,,,,,,,,
6117,61.170000,0.000000,0.000000,0.000000,1.000000,0.000000,0.000000,0.000000,57.698101,20.499701,-14.700500,0.047771,-0.013570,0.015998,-15.666301,-52.738201,18.801300,-93.396698,0.129960,17.611099,-0.181190,-0.460130,-0.689566,0.529102,1741.380005,1549.301270,-3512.640137,1746.417847,1469.467041,-3527.488525,1754.014282,1594.654053,-3537.098633,1724.300415,1497.532227,-3476.484619,1740.787231,1635.551880,-3509.489258,1746.576050,1469.303223,-3527.591064,1753.857056,1594.656250,-3537.117920,1724.187012,1497.642822,-3476.407715,1740.906250,1635.592407,-3509.450439,2616.272217,1567.740601,-3159.785156,,,,,,,,,,,,,,,,,,,,,,,,,,,,,,,,,
6118,61.180000,0.000000,0.000000,0.000000,1.000000,0.000000,0.000000,0.000000,57.698101,20.499701,-14.700500,0.047771,-0.013570,0.015998,-15.666301,-52.738201,18.801300,-93.396698,0.129960,17.611099,-0.183762,-0.458103,-0.688885,0.530859,1742.984863,1549.284424,-3511.794434,1747.913818,1469.451782,-3526.686768,1755.432007,1594.639771,-3536.343506,1726.181152,1497.511719,-3475.514893,1742.412476,1635.534790,-3508.631836,1748.047485,1469.231934,-3526.717529,1755.198486,1594.593018,-3536.254639,1726.127686,1497.700439,-3475.586426,1742.557373,1635.600830,-3508.616943,2616.304932,1567.736816,-3159.776123,,,,,,,,,,,,,,,,,,,,,,,,,,,,,,,,,
6119,61.190000,0.000000,0.000000,0.000000,1.000000,0.000000,0.000000,0.000000,57.698101,20.499701,-14.700500,0.047771,-0.013570,0.015998,-15.666301,-52.738201,18.801300,-93.396698,0.129960,17.611099,-0.184350,-0.457731,-0.688522,0.531446,1744.452515,1549.228638,-3510.918213,1749.394775,1469.395142,-3525.801758,1756.829956,1594.584839,-3535.500977,1727.743774,1497.455566,-3474.595459,1743.841309,1635.479492,-3507.774414,1749.423950,1469.255127,-3525.785889,1756.739502,1594.649780,-3535.432129,1727.747925,1497.562134,-3474.665527,1743.895386,1635.448120,-3507.788086,2616.274414,1567.756958,-3159.769531,,,,,,,,,,,,,,,,,,,,,,,,,,,,,,,,,
6120,61.200000,0.000000,0.000000,0.000000,1.000000,0.000000,0.000000,0.000000,57.698101,20.499701,-14.700500,0.047771,-0.013570,0.015998,-15.666301,-52.738201,18.801300,-93.396698,0.129960,17.611099,-0.182314,-0.459026,-0.688608,0.530921,1746.056396,1549.183228,-3510.126709,1751.190552,1469.361328,-3525.008057,1758.479980,1594.564941,-3534.639648,1729.256470,1497.374878,-3473.896484,1745.298706,1635.432129,-3506.963135,1751.214478,1469.417969,-3524.984131,1758.465576,1594.667847,-3534.721924,1729.221069,1497.375732,-3473.875488,1745.327393,1635.262085,-3506.927002,2616.283691,1567.734985,-3159.777100,,,,,,,,,,,,,,,,,,,,,,,,,,,,,,,,,
6121,61.210000,0.000000,0.000000,0.000000,1.000000,0.000000,0.000000,0.000000,57.698101,20.499701,-14.700500,0.047771,-0.013570,0.015998,-15.666301,-52.738201,18.801300,-93.396698,0.129960,17.611099,-0.180670,-0.460209,-0.688619,0.530443,1747.718872,1549.115479,-3509.274170,1753.013428,1469.299438,-3524.130859,1760.181763,1594.511719,-3533.739746,1730.841431,1497.287354,-3473.108154,1746.839111,1635.363281,-3506.118164,1753.025635,1469.565918,-3524.194336,1760.270752,1594.575928,-3533.868164,1730.774902,1497.215576,-3472.934570,1746.801392,1635.105347,-3506.099854,2616.290527,1567.722534,-3159.780518,,,,,,,,,,,,,,,,,,,,,,,,,,,,,,,,,
6122,61.220000,0.000000,0.000000,0.000000,1.000000,0.000000,0.000000,0.000000,57.698101,20.499701,-14.700500,0.047771,-0.013570,0.015998,-15.666301,-52.738201,18.801300,-93.396698,0.129960,17.611099,-0.181104,-0.460568,-0.688581,0.530033,1749.328247,1549.083496,-3508.478027,1754.561401,1469.246338,-3523.242920,1761.830811,1594.442017,-3532.993408,1732.404175,1497.310059,-3472.255371,1748.516479,1635.335693,-3505.419922,1754.627563,1469.415283,-3523.335449,1761.858765,1594.457397,-3533.121094,1732.302612,1497.277222,-3472.069336,1748.521606,1635.189697,-3505.377930,2616.298828,1567.764282,-3159.762207,,,,,,,,,,,,,,,,,,,,,,,,,,,,,,,,,
6123,61.230000,0.000000,0.000000,0.000000,1.000000,0.000000,0.000000,0.000000,57.698101,20.499701,-14.700500,0.047771,-0.013570,0.015998,-15.666301,-52.738201,18.801300,-93.396698,0.129960,17.611099,-0.182549,-0.459687,-0.688200,0.530796,1750.997314,1549.109253,-3507.687988,1756.159546,1469.265381,-3522.441162,1763.416138,1594.455566,-3532.268066,1734.199707,1497.353271,-3471.381592,1750.213623,1635.362793,-3504.661133,1756.273438,1469.254517,-3522.492188,1763.303101,1594.398315,-3532.334229,1734.110962,1497.439087,-3471.334473,1750.298340,1635.345215,-3504.592773,2616.290527,1567.738403,-3159.786865,,,,,,,,,,,,,,,,,,,,,,,,,,,,,,,,,
6124,61.240000,0.000000,0.000000,0.000000,1.000000,0.000000,0.000000,0.000000,57.698101,20.499701,-14.700500,0.047771,-0.013570,0.015998,-15.666301,-52.738201,18.801300,-93.396698,0.129960,17.611099,-0.184344,-0.458526,-0.687479,0.532112,1752.600464,1549.101074,-3506.902100,1757.726318,1469.252563,-3521.642822,1764.869141,1594.441650,-3531.568604,1736.017090,1497.354736,-3470.484131,1751.789185,1635.355713,-3503.913330,1757.871094,1469.063843,-3521.716797,1764.655518,1594.326538,-3531.495605,1735.951782,1497.607910,-3470.525146,1751.910278,1635.406006,-3503.875244,2616.318359,1567.733398,-3159.766846,,,,,,,,,,,,,,,,,,,,,,,,,,,,,,,,,
6125,61.250000,0.000000,0.000000,0.000000,1.000000,0.000000,0.000000,0.000000,57.698101,20.499701,-14.700500,0.047771,-0.013570,0.015998,-15.666301,-52.738201,18.801300,-93.396698,0.129960,17.611099,-0.185362,-0.457604,-0.687565,0.532441,1754.088379,1549.106567,-3506.121094,1759.102173,1469.259155,-3520.906006,1766.333130,1594.445435,-3530.802490,1737.554443,1497.361328,-3469.679199,1753.363892,1635.360718,-3503.097168,1759.114380,1469.056641,-3520.878662,1766.279663,1594.458740,-3530.765381,1737.589844,1497.578125,-3469.801758,1753.375977,1635.341431,-3503.052979,2616.304932,1567.720947,-3159.760010,,,,,,,,,,,,,,,,,,,,,,,,,,,,,,,,,
6126,61.260000,0.000000,0.000000,0.000000,1.000000,0.000000,0.000000,0.000000,57.698101,20.499701,-14.700500,0.047771,-0.013570,0.015998,-15.666301,-52.738201,18.801300,-93.396698,0.129960,17.611099,-0.183769,-0.458794,-0.687710,0.531782,1755.765503,1549.119263,-3505.316895,1760.907104,1469.275269,-3520.076660,1768.073730,1594.467041,-3529.950195,1739.125122,1497.361938,-3468.940430,1754.956299,1635.372925,-3502.300537,1760.884277,1469.203735,-3520.092285,1768.148315,1594.658447,-3530.001465,1739.124268,1497.397949,-3468.893311,1754.910889,1635.228271,-3502.286865,2616.278076,1567.727417,-3159.769531,,,,,,,,,,,,,,,,,,,,,,,,,,,,,,,,,
6127,61.270000,0.000000,0.000000,0.000000,1.000000,0.000000,0.000000,0.000000,57.698101,20.499701,-14.700500,0.047771,-0.013570,0.015998,-15.666301,-52.738201,18.801300,-93.396698,0.129960,17.611099,-0.182675,-0.459720,-0.687706,0.531365,1757.385864,1549.094238,-3504.547119,1762.631592,1469.250366,-3519.270752,1769.729492,1594.444946,-3529.156982,1740.681152,1497.333618,-3468.204590,1756.501099,1635.348022,-3501.556152,1762.678467,1469.382202,-3519.312744,1769.746582,1594.601562,-3529.285400,1740.584106,1497.237671,-3468.041016,1756.531006,1635.149780,-3501.546875,2616.298096,1567.715454,-3159.770752,,,,,,,,,,,,,,,,,,,,,,,,,,,,,,,,,
6128,61.280000,0.000000,0.000000,0.000000,1.000000,0.000000,0.000000,0.000000,57.698101,20.499701,-14.700500,0.047771,-0.013570,0.015998,-15.666301,-52.738201,18.801300,-93.396698,0.129960,17.611099,-0.183904,-0.458982,-0.688269,0.530849,1759.096313,1549.043213,-3503.800049,1764.099365,1469.185913,-3518.535889,1771.518433,1594.361450,-3528.430420,1742.316772,1497.326660,-3467.429688,1758.450439,1635.298950,-3500.804443,1764.170288,1469.375610,-3518.589600,1771.493286,1594.430054,-3528.514648,1742.218018,1497.258911,-3467.284912,1758.506470,1635.104980,-3500.807373,2616.343018,1567.745728,-3159.745117,,,,,,,,,,,,,,,,,,,,,,,,,,,,,,,,,
6129,61.290000,0.000000,0.000000,0.000000,1.000000,0.000000,0.000000,0.000000,57.698101,20.499701,-14.700500,0.047771,-0.013570,0.015998,-15.666301,-52.738201,18.801300,-93.396698,0.129960,17.611099,-0.185965,-0.457853,-0.687810,0.531700,1760.795654,1549.006958,-3503.062256,1765.673462,1469.135620,-3517.763428,1773.124146,1594.298828,-3527.787842,1744.164185,1497.328247,-3466.569824,1760.220459,1635.265259,-3500.127441,1765.762207,1469.227905,-3517.822510,1773.027222,1594.175293,-3527.791016,1744.103638,1497.394531,-3466.528809,1760.286499,1635.227417,-3500.109375,2616.287109,1567.726562,-3159.767334,,,,,,,,,,,,,,,,,,,,,,,,,,,,,,,,,
6130,61.300000,0.000000,0.000000,0.000000,1.000000,0.000000,0.000000,0.000000,57.698101,20.499701,-14.700500,0.047771,-0.013570,0.015998,-15.666301,-52.738201,18.801300,-93.396698,0.129960,17.611099,-0.187644,-0.456732,-0.687043,0.533064,1762.361328,1548.960815,-3502.325195,1767.224121,1469.086670,-3517.015869,1774.531738,1594.250977,-3527.132568,1745.952026,1497.286011,-3465.727295,1761.737183,1635.219971,-3499.425293,1767.349487,1468.956177,-3517.029541,1774.304077,1594.132935,-3527.072266,1745.901123,1497.504761,-3465.821533,1761.870483,1635.251953,-3499.379150,2616.273438,1567.711060,-3159.770264,,,,,,,,,,,,,,,,,,,,,,,,,,,,,,,,,
6131,61.310000,0.000000,0.000000,0.000000,1.000000,0.000000,0.000000,0.000000,57.698101,20.499701,-14.700500,0.047771,-0.013570,0.015998,-15.666301,-52.738201,18.801300,-93.396698,0.129960,17.611099,-0.187646,-0.456732,-0.686967,0.533162,1763.851074,1548.891479,-3501.564453,1768.729370,1469.017700,-3516.252930,1776.008667,1594.183228,-3526.374756,1747.457275,1497.214355,-3464.962646,1763.208740,1635.150513,-3498.667725,1768.748291,1468.774048,-3516.284912,1775.974609,1594.195068,-3526.324463,1747.480469,1497.440796,-3465.024658,1763.206543,1635.151855,-3498.636963,2616.282471,1567.727051,-3159.782227,,,,,,,,,,,,,,,,,,,,,,,,,,,,,,,,,
6132,61.320000,0.000000,0.000000,0.000000,1.000000,0.000000,0.000000,0.000000,57.698101,20.499701,-14.700500,0.047771,-0.013570,0.015998,-15.666301,-52.738201,18.801300,-93.396698,0.129960,17.611099,-0.186923,-0.457516,-0.686966,0.532744,1765.466431,1548.873169,-3500.804932,1770.407593,1468.994629,-3515.445557,1777.661621,1594.158203,-3525.609375,1749.011475,1497.206787,-3464.215332,1764.784912,1635.133423,-3497.949463,1770.387939,1468.809204,-3515.500977,1777.763916,1594.320801,-3525.690186,1749.010986,1497.316162,-3464.147949,1764.708252,1635.047241,-3497.888428,2616.285889,1567.773193,-3159.779785,,,,,,,,,,,,,,,,,,,,,,,,,,,,,,,,,
6133,61.330000,0.000000,0.000000,0.000000,1.000000,0.000000,0.000000,0.000000,57.698101,20.499701,-14.700500,0.047771,-0.013570,0.015998,-15.666301,-52.738201,18.801300,-93.396698,0.129960,17.611099,-0.185487,-0.458261,-0.687152,0.532366,1767.113647,1548.791992,-3500.025146,1772.171265,1468.925659,-3514.692627,1779.348145,1594.100952,-3524.766113,1750.587646,1497.091553,-3463.515869,1766.347534,1635.050049,-3497.125732,1772.244873,1468.945801,-3514.761719,1779.327393,1594.264160,-3524.877197,1750.468262,1497.000122,-3463.331055,1766.400391,1634.961670,-3497.120605,2616.275146,1567.716553,-3159.776123,,,,,,,,,,,,,,,,,,,,,,,,,,,,,,,,,
6134,61.340000,0.000000,0.000000,0.000000,1.000000,0.000000,0.000000,0.000000,57.698101,20.499701,-14.700500,0.047771,-0.013570,0.015998,-15.666301,-52.738201,18.801300,-93.396698,0.129960,17.611099,-0.187541,-0.457186,-0.686949,0.532832,1768.818726,1548.662598,-3499.219482,1773.697021,1468.778442,-3513.851074,1781.007080,1593.936035,-3524.047852,1752.382568,1497.011963,-3462.599121,1768.188477,1634.923706,-3496.379395,1773.807739,1468.916626,-3513.903076,1780.914795,1594.044434,-3524.137939,1752.233765,1496.855591,-3462.421387,1768.306519,1634.824097,-3496.400635,2616.305176,1567.755737,-3159.769287,,,,,,,,,,,,,,,,,,,,,,,,,,,,,,,,,
6135,61.350000,0.000000,0.000000,0.000000,1.000000,0.000000,0.000000,0.000000,57.698101,20.499701,-14.700500,0.047771,-0.013570,0.015998,-15.666301,-52.738201,18.801300,-93.396698,0.129960,17.611099,-0.189076,-0.456222,-0.686827,0.533273,1770.488892,1548.528198,-3498.421875,1775.232422,1468.635498,-3513.050293,1782.634644,1593.782959,-3523.305664,1754.130859,1496.904053,-3461.729248,1769.957397,1634.790649,-3495.601807,1775.340332,1468.764771,-3513.063477,1782.500854,1593.726440,-3523.351074,1754.046143,1496.895264,-3461.695312,1770.072388,1634.729492,-3495.580566,2616.314697,1567.731567,-3159.772705,,,,,,,,,,,,,,,,,,,,,,,,,,,,,,,,,
6136,61.360000,0.000000,0.000000,0.000000,1.000000,0.000000,0.000000,0.000000,57.698101,20.499701,-14.700500,0.047771,-0.013570,0.015998,-15.666301,-52.738201,18.801300,-93.396698,0.129960,17.611099,-0.190234,-0.455263,-0.686406,0.534222,1772.121216,1548.341919,-3497.604736,1776.838135,1468.451660,-3512.255127,1784.161255,1593.601929,-3522.530029,1755.914062,1496.710205,-3460.855957,1771.571289,1634.604004,-3494.777832,1776.934326,1468.452148,-3512.272705,1783.993042,1593.438110,-3522.498291,1755.871460,1496.885742,-3460.916504,1771.665649,1634.587402,-3494.731445,2616.289551,1567.737305,-3159.766357,,,,,,,,,,,,,,,,,,,,,,,,,,,,,,,,,
6137,61.370000,0.000000,0.000000,0.000000,1.000000,0.000000,0.000000,0.000000,57.698101,20.499701,-14.700500,0.047771,-0.013570,0.015998,-15.666301,-52.738201,18.801300,-93.396698,0.129960,17.611099,-0.189822,-0.455758,-0.686095,0.534346,1773.704834,1548.118042,-3496.742676,1778.519653,1468.225830,-3511.350830,1785.718262,1593.379150,-3521.679199,1757.520996,1496.486572,-3459.983398,1773.060669,1634.380859,-3493.957275,1778.550903,1468.050903,-3511.392334,1785.697632,1593.367798,-3521.680664,1757.523560,1496.713013,-3460.012939,1773.052002,1634.352539,-3493.892578,2616.299561,1567.736450,-3159.775391,,,,,,,,,,,,,,,,,,,,,,,,,,,,,,,,,
6138,61.380000,0.000000,0.000000,0.000000,1.000000,0.000000,0.000000,0.000000,57.698101,20.499701,-14.700500,0.047771,-0.013570,0.015998,-15.666301,-52.738201,18.801300,-93.396698,0.129960,17.611099,-0.189293,-0.455968,-0.686528,0.533798,1775.330322,1547.941528,-3495.902588,1780.116455,1468.052979,-3510.540039,1787.413452,1593.206421,-3520.798340,1759.053345,1496.303711,-3459.193115,1774.737915,1634.203491,-3493.078125,1780.097778,1467.845215,-3510.577637,1787.497192,1593.361816,-3520.874023,1759.058105,1496.420654,-3459.153076,1774.671631,1634.132812,-3493.011719,2616.264893,1567.741333,-3159.784912,,,,,,,,,,,,,,,,,,,,,,,,,,,,,,,,,
6139,61.390000,0.000000,0.000000,0.000000,1.000000,0.000000,0.000000,0.000000,57.698101,20.499701,-14.700500,0.047771,-0.013570,0.015998,-15.666301,-52.738201,18.801300,-93.396698,0.129960,17.611099,-0.188645,-0.456082,-0.686756,0.533637,1777.127441,1547.731445,-3495.037842,1781.945435,1467.853638,-3509.723877,1789.233643,1593.015137,-3519.887695,1760.813721,1496.065674,-3458.384033,1776.516724,1633.991211,-3492.155273,1781.985840,1467.848755,-3509.781738,1789.257324,1593.158203,-3519.998535,1760.730835,1495.989502,-3458.226562,1776.529175,1633.935425,-3492.138672,2616.298096,1567.739014,-3159.784912,,,,,,,,,,,,,,,,,,,,,,,,,,,,,,,,,
6140,61.400000,0.000000,0.000000,0.000000,1.000000,0.000000,0.000000,0.000000,57.698101,20.499701,-14.700500,0.047771,-0.013570,0.015998,-15.666301,-52.738201,18.801300,-93.396698,0.129960,17.611099,-0.189957,-0.455148,-0.686932,0.533743,1779.047852,1547.445557,-3494.214355,1783.697144,1467.561523,-3508.920410,1791.155762,1592.712158,-3519.094727,1762.755737,1495.802734,-3457.518799,1778.582520,1633.705933,-3491.323242,1783.802368,1467.757935,-3508.966553,1791.067627,1592.737793,-3519.161377,1762.634644,1495.683472,-3457.382812,1778.688599,1633.607910,-3491.340332,2616.318359,1567.735962,-3159.770020,,,,,,,,,,,,,,,,,,,,,,,,,,,,,,,,,
6141,61.410000,0.000000,0.000000,0.000000,1.000000,0.000000,0.000000,0.000000,57.698101,20.499701,-14.700500,0.047771,-0.013570,0.015998,-15.666301,-52.738201,18.801300,-93.396698,0.129960,17.611099,-0.191259,-0.454408,-0.686913,0.533933,1780.900635,1547.137573,-3493.433594,1785.414673,1467.243408,-3508.126709,1792.993530,1592.381958,-3518.361816,1764.648560,1495.525879,-3456.676514,1780.545532,1633.399536,-3490.568604,1785.532959,1467.335938,-3508.173584,1792.850708,1592.260864,-3518.389893,1764.566772,1495.604980,-3456.645508,1780.647827,1633.344604,-3490.528076,2616.281738,1567.719360,-3159.777588,,,,,,,,,,,,,,,,,,,,,,,,,,,,,,,,,
6142,61.420000,0.000000,0.000000,0.000000,1.000000,0.000000,0.000000,0.000000,57.698101,20.499701,-14.700500,0.047771,-0.013570,0.015998,-15.666301,-52.738201,18.801300,-93.396698,0.129960,17.611099,-0.192533,-0.453083,-0.686489,0.535144,1782.689209,1546.829346,-3492.616211,1787.174194,1466.945190,-3507.372314,1794.651245,1592.092529,-3517.573242,1766.623413,1495.190430,-3455.815674,1782.307983,1633.089600,-3489.703369,1787.285156,1466.825562,-3507.432861,1794.477783,1591.980713,-3517.502686,1766.577637,1495.457275,-3455.864014,1782.400879,1633.071411,-3489.667725,2616.274902,1567.743652,-3159.772461,,,,,,,,,,,,,,,,,,,,,,,,,,,,,,,,,
6143,61.430000,0.000000,0.000000,0.000000,1.000000,0.000000,0.000000,0.000000,57.698101,20.499701,-14.700500,0.047771,-0.013570,0.015998,-15.666301,-52.738201,18.801300,-93.396698,0.129960,17.611099,-0.193184,-0.452355,-0.686615,0.535364,1784.457642,1546.477905,-3491.814697,1788.859497,1466.598022,-3506.618896,1796.406006,1591.745239,-3516.770752,1768.422607,1494.831787,-3455.010742,1784.142456,1632.736816,-3488.857666,1788.840332,1466.468140,-3506.629883,1796.438232,1591.778320,-3516.773438,1768.451416,1494.959229,-3455.037842,1784.100830,1632.705566,-3488.819580,2616.272217,1567.780640,-3159.785645,,,,,,,,,,,,,,,,,,,,,,,,,,,,,,,,,
6144,61.440000,0.000000,0.000000,0.000000,1.000000,0.000000,0.000000,0.000000,57.698101,20.499701,-14.700500,0.047771,-0.013570,0.015998,-15.666301,-52.738201,18.801300,-93.396698,0.129960,17.611099,-0.192885,-0.452425,-0.687238,0.534612,1786.372192,1546.097534,-3491.088379,1790.682861,1466.218872,-3505.926025,1798.418945,1591.360352,-3516.005371,1770.213013,1494.455688,-3454.332520,1786.173584,1632.355347,-3488.089111,1790.623291,1466.174805,-3505.914307,1798.567749,1591.604614,-3516.111816,1770.229004,1494.438232,-3454.281982,1786.085083,1632.199341,-3488.061768,2616.303711,1567.760986,-3159.782715,,,,,,,,,,,,,,,,,,,,,,,,,,,,,,,,,
6145,61.450000,0.000000,0.000000,0.000000,1.000000,0.000000,0.000000,0.000000,57.698101,20.499701,-14.700500,0.047771,-0.013570,0.015998,-15.666301,-52.738201,18.801300,-93.396698,0.129960,17.611099,-0.192615,-0.452805,-0.688087,0.533296,1788.396973,1545.710083,-3490.371094,1792.555908,1465.822021,-3505.201416,1800.606201,1590.945435,-3515.258789,1772.033325,1494.105103,-3453.654053,1788.392212,1631.968018,-3487.369629,1792.643799,1466.000977,-3505.270264,1800.567505,1591.035645,-3515.352539,1771.915649,1494.028076,-3453.478516,1788.461792,1631.770142,-3487.374756,2616.289551,1567.750488,-3159.770752,,,,,,,,,,,,,,,,,,,,,,,,,,,,,,,,,
6146,61.460000,0.000000,0.000000,0.000000,1.000000,0.000000,0.000000,0.000000,57.698101,20.499701,-14.700500,0.047771,-0.013570,0.015998,-15.666301,-52.738201,18.801300,-93.396698,0.129960,17.611099,-0.193397,-0.452797,-0.687381,0.533929,1790.379028,1545.392090,-3489.683350,1794.582520,1465.489746,-3504.424316,1802.498901,1590.608154,-3514.649902,1774.133545,1493.817017,-3452.872070,1790.301147,1631.653564,-3486.787109,1794.721191,1465.567261,-3504.532959,1802.388184,1590.501221,-3514.719482,1774.015747,1493.879517,-3452.748535,1790.387939,1631.624146,-3486.735840,2616.291260,1567.750244,-3159.772217,,,,,,,,,,,,,,,,,,,,,,,,,,,,,,,,,
6147,61.470000,0.000000,0.000000,0.000000,1.000000,0.000000,0.000000,0.000000,57.698101,20.499701,-14.700500,0.047771,-0.013570,0.015998,-15.666301,-52.738201,18.801300,-93.396698,0.129960,17.611099,-0.194464,-0.451715,-0.686055,0.536159,1792.211548,1545.080444,-3489.052246,1796.586304,1465.191650,-3503.816162,1804.062622,1590.333862,-3514.080078,1776.315674,1493.455200,-3452.158691,1791.881592,1631.341309,-3486.154053,1796.736084,1465.039795,-3503.877686,1803.851196,1590.208008,-3514.058105,1776.236084,1493.672852,-3452.188965,1792.011230,1631.398804,-3486.087646,2616.282715,1567.729736,-3159.770264,,,,,,,,,,,,,,,,,,,,,,,,,,,,,,,,,
6148,61.480000,0.000000,0.000000,0.000000,1.000000,0.000000,0.000000,0.000000,57.698101,20.499701,-14.700500,0.047771,-0.013570,0.015998,-15.666301,-52.738201,18.801300,-93.396698,0.129960,17.611099,-0.194926,-0.451340,-0.685625,0.536855,1793.989136,1544.753906,-3488.445068,1798.405029,1464.867310,-3503.209229,1805.755615,1590.014893,-3513.499023,1778.205078,1493.118896,-3451.517334,1793.590942,1631.014648,-3485.554688,1798.417603,1464.688232,-3503.210938,1805.721313,1590.101074,-3513.467041,1778.210693,1493.219849,-3451.553467,1793.606689,1630.997070,-3485.548828,2616.293457,1567.769531,-3159.779785,,,,,,,,,,,,,,,,,,,,,,,,,,,,,,,,,
6149,61.490000,0.000000,0.000000,0.000000,1.000000,0.000000,0.000000,0.000000,57.698101,20.499701,-14.700500,0.047771,-0.013570,0.015998,-15.666301,-52.738201,18.801300,-93.396698,0.129960,17.611099,-0.194316,-0.452358,-0.684854,0.537204,1795.788086,1544.412109,-3487.876465,1800.403198,1464.516602,-3502.530762,1807.485474,1589.667114,-3512.973877,1780.071777,1492.789673,-3450.902344,1795.191528,1630.675537,-3485.098877,1800.364014,1464.521606,-3502.515625,1807.597046,1589.895874,-3513.085693,1780.067871,1492.726318,-3450.836670,1795.137085,1630.527710,-3485.083008,2616.277832,1567.755615,-3159.788086,,,,,,,,,,,,,,,,,,,,,,,,,,,,,,,,,
6150,61.500000,0.000000,0.000000,0.000000,1.000000,0.000000,0.000000,0.000000,57.698101,20.499701,-14.700500,0.047771,-0.013570,0.015998,-15.666301,-52.738201,18.801300,-93.396698,0.129960,17.611099,-0.192596,-0.454612,-0.684589,0.536259,1797.800293,1544.153564,-3487.407471,1802.609741,1464.237915,-3501.888184,1809.572266,1589.378784,-3512.523438,1781.953003,1492.576782,-3450.425293,1797.066162,1630.421021,-3484.792725,1802.703369,1464.420288,-3501.995850,1809.553955,1589.411255,-3512.633301,1781.832520,1492.550415,-3450.223145,1797.111328,1630.235840,-3484.767334,2616.327148,1567.751831,-3159.772461,,,,,,,,,,,,,,,,,,,,,,,,,,,,,,,,,
6151,61.510000,0.000000,0.000000,0.000000,1.000000,0.000000,0.000000,0.000000,57.698101,20.499701,-14.700500,0.047771,-0.013570,0.015998,-15.666301,-52.738201,18.801300,-93.396698,0.129960,17.611099,-0.193670,-0.455036,-0.683212,0.537267,1799.792236,1543.890381,-3486.950439,1804.729736,1463.947266,-3501.235596,1811.409790,1589.073975,-3512.212402,1784.141602,1492.377808,-3449.795410,1798.888062,1630.162598,-3484.557861,1804.870972,1463.935181,-3501.339355,1811.292969,1589.020630,-3512.286865,1784.023438,1492.508057,-3449.689453,1798.978394,1630.104126,-3484.484131,2616.298096,1567.755493,-3159.778320,,,,,,,,,,,,,,,,,,,,,,,,,,,,,,,,,
6152,61.520000,0.000000,0.000000,0.000000,1.000000,0.000000,0.000000,0.000000,57.698101,20.499701,-14.700500,0.047771,-0.013570,0.015998,-15.666301,-52.738201,18.801300,-93.396698,0.129960,17.611099,-0.195278,-0.454097,-0.681713,0.539379,1801.626709,1543.632324,-3486.479248,1806.696045,1463.688354,-3500.713867,1812.979004,1588.821533,-3511.851807,1786.325928,1492.115234,-3449.185059,1800.505615,1629.904175,-3484.166504,1806.817627,1463.543579,-3500.761719,1812.772217,1588.727295,-3511.756592,1786.271606,1492.296509,-3449.236328,1800.631348,1629.956543,-3484.159180,2616.290771,1567.755615,-3159.778564,,,,,,,,,,,,,,,,,,,,,,,,,,,,,,,,,
6153,61.530000,0.000000,0.000000,0.000000,1.000000,0.000000,0.000000,0.000000,57.698101,20.499701,-14.700500,0.047771,-0.013570,0.015998,-15.666301,-52.738201,18.801300,-93.396698,0.129960,17.611099,-0.195744,-0.454132,-0.681069,0.539995,1803.341919,1543.336060,-3485.994629,1808.481201,1463.385254,-3500.164795,1814.607666,1588.515259,-3511.423340,1788.151611,1491.835205,-3448.632812,1802.126831,1629.608643,-3483.757324,1808.464233,1463.251709,-3500.131592,1814.611572,1588.564575,-3511.420654,1788.173218,1491.856201,-3448.681152,1802.117554,1629.662231,-3483.742432,2616.304932,1567.763550,-3159.770752,,,,,,,,,,,,,,,,,,,,,,,,,,,,,,,,,
6154,61.540000,0.000000,0.000000,0.000000,1.000000,0.000000,0.000000,0.000000,57.698101,20.499701,-14.700500,0.047771,-0.013570,0.015998,-15.666301,-52.738201,18.801300,-93.396698,0.129960,17.611099,-0.193295,-0.456609,-0.681023,0.538843,1805.357910,1543.118896,-3485.508545,1810.730469,1463.159668,-3499.543945,1816.726929,1588.286133,-3510.912598,1789.991089,1491.638184,-3448.191406,1803.983032,1629.391968,-3483.385498,1810.692505,1463.225220,-3499.585449,1816.890503,1588.487915,-3511.058838,1789.963623,1491.519775,-3448.018066,1803.903076,1629.254028,-3483.375977,2616.274658,1567.751343,-3159.785156,,,,,,,,,,,,,,,,,,,,,,,,,,,,,,,,,
6155,61.550000,0.000000,0.000000,0.000000,1.000000,0.000000,0.000000,0.000000,57.698101,20.499701,-14.700500,0.047771,-0.013570,0.015998,-15.666301,-52.738201,18.801300,-93.396698,0.129960,17.611099,-0.193076,-0.457945,-0.680875,0.537975,1807.507324,1542.921509,-3485.110840,1812.889771,1462.932007,-3498.968506,1818.953003,1588.032959,-3510.579590,1792.032349,1491.522217,-3447.726318,1806.153931,1629.199219,-3483.168457,1812.992432,1463.016968,-3499.046387,1818.890259,1588.104858,-3510.683838,1791.912842,1491.524902,-3447.572754,1806.232178,1629.034668,-3483.133545,2616.267090,1567.736328,-3159.778564,,,,,,,,,,,,,,,,,,,,,,,,,,,,,,,,,
6156,61.560000,0.000000,0.000000,0.000000,1.000000,0.000000,0.000000,0.000000,57.698101,20.499701,-14.700500,0.047771,-0.013570,0.015998,-15.666301,-52.738201,18.801300,-93.396698,0.129960,17.611099,-0.194527,-0.457656,-0.680131,0.538639,1809.652344,1542.723877,-3484.645996,1815.011963,1462.713745,-3498.393555,1821.005005,1587.797607,-3510.223145,1794.310059,1491.380249,-3447.130371,1808.282104,1629.004272,-3482.836914,1815.140259,1462.608887,-3498.491455,1820.868652,1587.747192,-3510.212891,1794.224976,1491.586182,-3447.088379,1808.371460,1628.963989,-3482.793945,2616.272949,1567.757080,-3159.785645,,,,,,,,,,,,,,,,,,,,,,,,,,,,,,,,,
6157,61.570000,0.000000,0.000000,0.000000,1.000000,0.000000,0.000000,0.000000,57.698101,20.499701,-14.700500,0.047771,-0.013570,0.015998,-15.666301,-52.738201,18.801300,-93.396698,0.129960,17.611099,-0.194952,-0.457557,-0.680039,0.538686,1811.435059,1542.512329,-3484.144531,1816.763184,1462.495483,-3497.864990,1822.780151,1587.573120,-3509.747559,1796.108032,1491.187256,-3446.597412,1810.089111,1628.793701,-3482.367676,1816.807251,1462.318848,-3497.893799,1822.718628,1587.580078,-3509.710205,1796.098145,1491.330688,-3446.629883,1810.118896,1628.812134,-3482.348145,2616.275635,1567.760132,-3159.785889,,,,,,,,,,,,,,,,,,,,,,,,,,,,,,,,,
6158,61.580000,0.000000,0.000000,0.000000,1.000000,0.000000,0.000000,0.000000,57.698101,20.499701,-14.700500,0.047771,-0.013570,0.015998,-15.666301,-52.738201,18.801300,-93.396698,0.129960,17.611099,-0.194031,-0.458438,-0.680462,0.537734,1813.465698,1542.419556,-3483.643311,1818.793091,1462.397095,-3497.331055,1824.918945,1587.469116,-3509.218262,1797.988159,1491.110352,-3446.136230,1812.162598,1628.702026,-3481.887695,1818.776123,1462.299438,-3497.360107,1825.022583,1587.651733,-3509.343262,1797.968384,1491.089111,-3446.040771,1812.107666,1628.658325,-3481.842529,2616.272949,1567.747192,-3159.794678,,,,,,,,,,,,,,,,,,,,,,,,,,,,,,,,,
6159,61.590000,0.000000,0.000000,0.000000,1.000000,0.000000,0.000000,0.000000,57.698101,20.499701,-14.700500,0.047771,-0.013570,0.015998,-15.666301,-52.738201,18.801300,-93.396698,0.129960,17.611099,-0.193219,-0.459428,-0.680919,0.536602,1815.701172,1542.335449,-3483.138184,1821.002319,1462.301514,-3496.768799,1827.281616,1587.362061,-3508.696045,1800.050415,1491.058838,-3445.658447,1814.470215,1628.619995,-3481.429199,1821.104980,1462.423828,-3496.828125,1827.213623,1587.412598,-3508.807861,1799.910278,1490.898926,-3445.475830,1814.560181,1628.594849,-3481.423584,2616.310547,1567.747070,-3159.783936,,,,,,,,,,,,,,,,,,,,,,,,,,,,,,,,,
6160,61.600000,0.000000,0.000000,0.000000,1.000000,0.000000,0.000000,0.000000,57.698101,20.499701,-14.700500,0.047771,-0.013570,0.015998,-15.666301,-52.738201,18.801300,-93.396698,0.129960,17.611099,-0.194704,-0.458667,-0.681134,0.536442,1817.803101,1542.175781,-3482.653320,1822.900146,1462.125122,-3496.263672,1829.411743,1587.166992,-3508.260742,1802.142090,1490.947998,-3445.111328,1816.758423,1628.463379,-3480.977783,1823.000488,1462.166260,-3496.303467,1829.291382,1587.097778,-3508.288086,1802.070435,1491.052246,-3445.090820,1816.847290,1628.385498,-3480.931641,2616.264404,1567.773804,-3159.797119,,,,,,,,,,,,,,,,,,,,,,,,,,,,,,,,,
6161,61.610000,0.000000,0.000000,0.000000,1.000000,0.000000,0.000000,0.000000,57.698101,20.499701,-14.700500,0.047771,-0.013570,0.015998,-15.666301,-52.738201,18.801300,-93.396698,0.129960,17.611099,-0.195600,-0.458316,-0.680790,0.536854,1819.755005,1541.991089,-3482.127197,1824.821045,1461.931641,-3495.697266,1831.310791,1586.965698,-3507.787598,1804.171753,1490.787598,-3444.519287,1818.716187,1628.279785,-3480.504395,1824.901367,1461.846069,-3495.758789,1831.210083,1586.922485,-3507.750977,1804.137207,1491.099609,-3444.549316,1818.769287,1628.133545,-3480.452637,2616.278320,1567.754150,-3159.790039,,,,,,,,,,,,,,,,,,,,,,,,,,,,,,,,,
6162,61.620000,0.000000,0.000000,0.000000,1.000000,0.000000,0.000000,0.000000,57.698101,20.499701,-14.700500,0.047771,-0.013570,0.015998,-15.666301,-52.738201,18.801300,-93.396698,0.129960,17.611099,-0.194743,-0.459205,-0.682374,0.534389,1821.728149,1542.011963,-3481.593750,1826.547852,1461.935791,-3495.154785,1833.588379,1586.945679,-3507.187012,1805.756348,1490.863037,-3444.074951,1821.019653,1628.303711,-3479.958496,1826.515503,1461.772339,-3495.200684,1833.702515,1587.076782,-3507.265869,1805.764771,1490.937866,-3444.013672,1820.935303,1628.260132,-3479.903564,2616.271729,1567.714722,-3159.783691,,,,,,,,,,,,,,,,,,,,,,,,,,,,,,,,,
6163,61.630000,0.000000,0.000000,0.000000,1.000000,0.000000,0.000000,0.000000,57.698101,20.499701,-14.700500,0.047771,-0.013570,0.015998,-15.666301,-52.738201,18.801300,-93.396698,0.129960,17.611099,-0.194709,-0.459300,-0.682663,0.533952,1823.824097,1542.084839,-3481.062988,1828.585693,1462.004517,-3494.621094,1835.738892,1587.008545,-3506.647949,1807.784546,1490.949097,-3443.554688,1823.186890,1628.377197,-3479.427734,1828.734131,1461.974854,-3494.720703,1835.631714,1587.104980,-3506.783203,1807.580933,1490.741699,-3443.295654,1823.318481,1628.488770,-3479.417480,2616.279785,1567.761597,-3159.784424,,,,,,,,,,,,,,,,,,,,,,,,,,,,,,,,,
6164,61.640000,0.000000,0.000000,0.000000,1.000000,0.000000,0.000000,0.000000,57.698101,20.499701,-14.700500,0.047771,-0.013570,0.015998,-15.666301,-52.738201,18.801300,-93.396698,0.129960,17.611099,-0.196190,-0.457885,-0.682339,0.535036,1825.983643,1542.129639,-3480.550781,1830.675415,1462.055420,-3494.168701,1837.783203,1587.064575,-3506.169678,1810.114624,1490.977539,-3442.992676,1825.361450,1628.421143,-3478.871826,1830.731567,1462.122681,-3494.161865,1837.703369,1587.073486,-3506.195068,1810.061401,1490.923218,-3442.969727,1825.438110,1628.400024,-3478.876465,2616.256592,1567.757080,-3159.788330,,,,,,,,,,,,,,,,,,,,,,,,,,,,,,,,,
6165,61.650000,0.000000,0.000000,0.000000,1.000000,0.000000,0.000000,0.000000,57.698101,20.499701,-14.700500,0.047771,-0.013570,0.015998,-15.666301,-52.738201,18.801300,-93.396698,0.129960,17.611099,-0.197875,-0.456304,-0.682415,0.535670,1827.936523,1542.109741,-3480.025391,1832.455688,1462.038452,-3493.718262,1839.681641,1587.045654,-3505.667480,1812.167480,1490.954102,-3442.429688,1827.441162,1628.400879,-3478.285889,1832.417603,1462.120605,-3493.675049,1839.711548,1587.031372,-3505.667236,1812.217407,1491.076050,-3442.510254,1827.395630,1628.201172,-3478.250000,2616.283691,1567.780884,-3159.791748,,,,,,,,,,,,,,,,,,,,,,,,,,,,,,,,,
6166,61.660000,0.000000,0.000000,0.000000,1.000000,0.000000,0.000000,0.000000,57.698101,20.499701,-14.700500,0.047771,-0.013570,0.015998,-15.666301,-52.738201,18.801300,-93.396698,0.129960,17.611099,-0.197816,-0.456958,-0.683702,0.533490,1830.023682,1542.188843,-3479.472412,1834.263916,1462.092773,-3493.109375,1842.034302,1587.063599,-3505.098877,1813.924805,1491.117065,-3441.902588,1829.871460,1628.482300,-3477.778320,1834.249634,1462.056763,-3493.109131,1842.087280,1587.180786,-3505.164551,1813.921387,1491.134521,-3441.872314,1829.839111,1628.388794,-3477.747559,2616.245850,1567.755493,-3159.798340,,,,,,,,,,,,,,,,,,,,,,,,,,,,,,,,,
6167,61.670000,0.000000,0.000000,0.000000,1.000000,0.000000,0.000000,0.000000,57.698101,20.499701,-14.700500,0.047771,-0.013570,0.015998,-15.666301,-52.738201,18.801300,-93.396698,0.129960,17.611099,-0.197287,-0.457650,-0.684290,0.532336,1832.019897,1542.395386,-3478.946045,1836.181641,1462.288940,-3492.547363,1844.165894,1587.244873,-3504.552734,1815.743896,1491.358398,-3441.405273,1831.988037,1628.689453,-3477.278320,1836.308350,1462.219116,-3492.644775,1844.071045,1587.267212,-3504.630127,1815.621216,1491.372681,-3441.269043,1832.076782,1628.719727,-3477.238770,2616.308838,1567.741089,-3159.784424,,,,,,,,,,,,,,,,,,,,,,,,,,,,,,,,,
6168,61.680000,0.000000,0.000000,0.000000,1.000000,0.000000,0.000000,0.000000,57.698101,20.499701,-14.700500,0.047771,-0.013570,0.015998,-15.666301,-52.738201,18.801300,-93.396698,0.129960,17.611099,-0.198296,-0.456764,-0.682791,0.534643,1833.979492,1542.619629,-3478.382324,1838.351562,1462.523682,-3491.979248,1845.840576,1587.502563,-3504.063965,1818.070068,1491.538818,-3440.744385,1833.655640,1628.913574,-3476.741699,1838.526489,1462.490234,-3492.104248,1845.639893,1587.334717,-3504.061279,1817.952759,1491.787354,-3440.687988,1833.778809,1628.875732,-3476.675537,2616.293945,1567.730713,-3159.780518,,,,,,,,,,,,,,,,,,,,,,,,,,,,,,,,,
6169,61.690000,0.000000,0.000000,0.000000,1.000000,0.000000,0.000000,0.000000,57.698101,20.499701,-14.700500,0.047771,-0.013570,0.015998,-15.666301,-52.738201,18.801300,-93.396698,0.129960,17.611099,-0.198321,-0.456589,-0.683233,0.534218,1835.864868,1542.834229,-3477.818359,1840.149902,1462.739502,-3491.449707,1847.786133,1587.715088,-3503.475586,1819.884155,1491.754883,-3440.208496,1835.639404,1629.127808,-3476.139160,1840.186646,1462.628418,-3491.477783,1847.752808,1587.723511,-3503.485596,1819.868408,1491.890991,-3440.216553,1835.653076,1629.097290,-3476.094238,2616.297363,1567.776978,-3159.773682,,,,,,,,,,,,,,,,,,,,,,,,,,,,,,,,,
6170,61.700000,0.000000,0.000000,0.000000,1.000000,0.000000,0.000000,0.000000,57.698101,20.499701,-14.700500,0.047771,-0.013570,0.015998,-15.666301,-52.738201,18.801300,-93.396698,0.129960,17.611099,-0.199795,-0.455624,-0.683938,0.533589,1837.704834,1543.087769,-3477.172852,1841.692383,1462.980957,-3490.824219,1849.719604,1587.932129,-3502.850342,1821.635864,1492.056763,-3439.535156,1837.771118,1629.381348,-3475.481689,1841.690308,1462.813110,-3490.832764,1849.743652,1588.128418,-3502.893066,1821.612427,1491.988281,-3439.477783,1837.774658,1629.425781,-3475.491943,2616.302979,1567.744263,-3159.783691,,,,,,,,,,,,,,,,,,,,,,,,,,,,,,,,,
6171,61.710000,0.000000,0.000000,0.000000,1.000000,0.000000,0.000000,0.000000,57.698101,20.499701,-14.700500,0.047771,-0.013570,0.015998,-15.666301,-52.738201,18.801300,-93.396698,0.129960,17.611099,-0.199143,-0.456031,-0.684303,0.533017,1839.592651,1543.338989,-3476.465576,1843.574097,1463.233887,-3490.128174,1851.677368,1588.184570,-3502.108154,1823.427612,1492.305542,-3438.872070,1839.691650,1629.632080,-3474.753174,1843.699829,1463.286255,-3490.172852,1851.544067,1588.302124,-3502.193848,1823.260254,1492.094360,-3438.694824,1839.841797,1629.651855,-3474.781738,2616.285645,1567.768433,-3159.776367,,,,,,,,,,,,,,,,,,,,,,,,,,,,,,,,,
6172,61.720000,0.000000,0.000000,0.000000,1.000000,0.000000,0.000000,0.000000,57.698101,20.499701,-14.700500,0.047771,-0.013570,0.015998,-15.666301,-52.738201,18.801300,-93.396698,0.129960,17.611099,-0.198989,-0.455486,-0.683840,0.534134,1841.496460,1543.616089,-3475.806641,1845.612183,1463.531738,-3489.550537,1853.453491,1588.508911,-3501.426514,1825.489868,1492.516235,-3438.235840,1841.430298,1629.907593,-3474.013916,1845.686279,1463.708618,-3489.584961,1853.368530,1588.436279,-3501.425537,1825.435181,1492.517822,-3438.195068,1841.503418,1629.811768,-3474.025146,2616.288574,1567.753296,-3159.788330,,,,,,,,,,,,,,,,,,,,,,,,,,,,,,,,,
6173,61.730000,0.000000,0.000000,0.000000,1.000000,0.000000,0.000000,0.000000,57.698101,20.499701,-14.700500,0.047771,-0.013570,0.015998,-15.666301,-52.738201,18.801300,-93.396698,0.129960,17.611099,-0.199575,-0.454821,-0.683467,0.534959,1843.283691,1543.929810,-3475.115967,1847.424561,1463.852173,-3488.891846,1855.146118,1588.838379,-3500.752197,1827.405029,1492.808105,-3437.520508,1843.158813,1630.220825,-3473.299561,1847.423950,1464.004272,-3488.871338,1855.142822,1588.758789,-3500.763916,1827.423218,1492.928955,-3437.572266,1843.143799,1630.023438,-3473.252686,2616.275146,1567.741699,-3159.786621,,,,,,,,,,,,,,,,,,,,,,,,,,,,,,,,,
6174,61.740000,0.000000,0.000000,0.000000,1.000000,0.000000,0.000000,0.000000,57.698101,20.499701,-14.700500,0.047771,-0.013570,0.015998,-15.666301,-52.738201,18.801300,-93.396698,0.129960,17.611099,-0.198154,-0.455861,-0.684492,0.533288,1845.107056,1544.283569,-3474.438721,1849.182617,1464.204102,-3488.223145,1857.172241,1589.181396,-3499.998779,1828.955811,1493.175049,-3436.941650,1845.117554,1630.573853,-3472.590820,1849.175537,1464.194946,-3488.235352,1857.222534,1589.286255,-3500.063721,1828.945679,1493.202393,-3436.896484,1845.086304,1630.450195,-3472.560059,2616.303955,1567.782227,-3159.780762,,,,,,,,,,,,,,,,,,,,,,,,,,,,,,,,,
6175,61.750000,0.000000,0.000000,0.000000,1.000000,0.000000,0.000000,0.000000,57.698101,20.499701,-14.700500,0.047771,-0.013570,0.015998,-15.666301,-52.738201,18.801300,-93.396698,0.129960,17.611099,-0.197826,-0.456288,-0.684668,0.532819,1846.786743,1544.604614,-3473.697754,1850.852661,1464.520142,-3487.455566,1858.904053,1589.491455,-3499.252441,1830.564209,1493.511841,-3436.209961,1846.825928,1630.895508,-3471.872314,1850.961060,1464.410889,-3487.549561,1858.836304,1589.538086,-3499.335938,1830.456909,1493.531494,-3436.078857,1846.892090,1630.932373,-3471.826660,2616.303467,1567.754272,-3159.789551,,,,,,,,,,,,,,,,,,,,,,,,,,,,,,,,,
6176,61.760000,0.000000,0.000000,0.000000,1.000000,0.000000,0.000000,0.000000,57.698101,20.499701,-14.700500,0.047771,-0.013570,0.015998,-15.666301,-52.738201,18.801300,-93.396698,0.129960,17.611099,-0.197310,-0.456217,-0.683870,0.534094,1848.495117,1545.035400,-3473.018311,1852.792725,1464.969360,-3486.813721,1860.454224,1589.969604,-3498.564453,1832.459961,1493.877563,-3435.538818,1848.273560,1631.325073,-3471.156494,1852.991089,1464.924072,-3486.923340,1860.244995,1589.917480,-3498.627930,1832.304443,1493.998291,-3435.434814,1848.435303,1631.302124,-3471.090820,2616.266113,1567.731079,-3159.779053,,,,,,,,,,,,,,,,,,,,,,,,,,,,,,,,,
6177,61.770000,0.000000,0.000000,0.000000,1.000000,0.000000,0.000000,0.000000,57.698101,20.499701,-14.700500,0.047771,-0.013570,0.015998,-15.666301,-52.738201,18.801300,-93.396698,0.129960,17.611099,-0.197243,-0.455252,-0.682944,0.536124,1850.119263,1545.361572,-3472.340332,1854.648926,1465.329468,-3486.257568,1861.842773,1590.370972,-3497.863281,1834.378662,1494.098389,-3434.879639,1849.606445,1631.647461,-3470.361084,1854.737305,1465.254639,-3486.331299,1861.744385,1590.283203,-3497.848145,1834.335815,1494.383911,-3434.888428,1849.654663,1631.557129,-3470.296387,2616.258545,1567.715698,-3159.781006,,,,,,,,,,,,,,,,,,,,,,,,,,,,,,,,,
6178,61.780000,0.000000,0.000000,0.000000,1.000000,0.000000,0.000000,0.000000,57.698101,20.499701,-14.700500,0.047771,-0.013570,0.015998,-15.666301,-52.738201,18.801300,-93.396698,0.129960,17.611099,-0.197731,-0.454466,-0.683142,0.536358,1851.738647,1545.747681,-3471.667480,1856.193604,1465.724121,-3485.657959,1863.449463,1590.770508,-3497.172607,1836.026489,1494.463867,-3434.223145,1851.285034,1632.032227,-3469.616455,1856.207764,1465.555298,-3485.684570,1863.465210,1590.841675,-3497.224854,1836.017578,1494.575439,-3434.209473,1851.265625,1632.009399,-3469.553955,2616.275879,1567.732300,-3159.791016,,,,,,,,,,,,,,,,,,,,,,,,,,,,,,,,,
6179,61.790000,0.000000,0.000000,0.000000,1.000000,0.000000,0.000000,0.000000,57.698101,20.499701,-14.700500,0.047771,-0.013570,0.015998,-15.666301,-52.738201,18.801300,-93.396698,0.129960,17.611099,-0.197542,-0.454188,-0.683595,0.536086,1853.305054,1546.086182,-3471.008301,1857.701904,1466.071655,-3485.067871,1865.061523,1591.122314,-3496.468994,1837.537720,1494.781860,-3433.615479,1852.919189,1632.369263,-3468.880859,1857.680908,1465.916504,-3485.071533,1865.111572,1591.294312,-3496.508057,1837.531616,1494.714966,-3433.568604,1852.899780,1632.422241,-3468.887695,2616.271729,1567.769409,-3159.778809,,,,,,,,,,,,,,,,,,,,,,,,,,,,,,,,,
6180,61.800000,0.000000,0.000000,0.000000,1.000000,0.000000,0.000000,0.000000,57.698101,20.499701,-14.700500,0.047771,-0.013570,0.015998,-15.666301,-52.738201,18.801300,-93.396698,0.129960,17.611099,-0.196217,-0.454825,-0.683146,0.536604,1854.955688,1546.447510,-3470.349609,1859.589966,1466.449707,-3484.428467,1866.639893,1591.523438,-3495.772949,1839.255127,1495.088623,-3433.003418,1854.337646,1632.728516,-3468.193115,1859.730591,1466.444092,-3484.472656,1866.485718,1591.642700,-3495.876709,1839.075073,1494.867432,-3432.826416,1854.505005,1632.816162,-3468.205078,2616.287842,1567.768799,-3159.791748,,,,,,,,,,,,,,,,,,,,,,,,,,,,,,,,,
6181,61.810000,0.000000,0.000000,0.000000,1.000000,0.000000,0.000000,0.000000,57.698101,20.499701,-14.700500,0.047771,-0.013570,0.015998,-15.666301,-52.738201,18.801300,-93.396698,0.129960,17.611099,-0.196811,-0.453732,-0.682161,0.538561,1856.551880,1546.742676,-3469.786621,1861.348511,1466.768188,-3483.943359,1868.005981,1591.869141,-3495.225098,1841.148438,1495.313599,-3432.413330,1855.704712,1633.020020,-3467.564453,1861.425659,1466.857666,-3483.960938,1867.903442,1591.885864,-3495.236328,1841.078003,1495.272217,-3432.365479,1855.802734,1632.955933,-3467.584961,2616.311035,1567.763672,-3159.785645,,,,,,,,,,,,,,,,,,,,,,,,,,,,,,,,,
6182,61.820000,0.000000,0.000000,0.000000,1.000000,0.000000,0.000000,0.000000,57.698101,20.499701,-14.700500,0.047771,-0.013570,0.015998,-15.666301,-52.738201,18.801300,-93.396698,0.129960,17.611099,-0.198037,-0.452643,-0.681155,0.540299,1858.108276,1546.936157,-3469.195557,1862.989624,1466.969971,-3483.370605,1869.353149,1592.082642,-3494.691895,1842.983521,1495.480347,-3431.745605,1857.106689,1633.211914,-3466.974609,1863.028687,1467.028076,-3483.321289,1869.247314,1592.038452,-3494.661133,1842.976807,1495.567017,-3431.841064,1857.179443,1633.109131,-3466.961914,2616.309082,1567.750366,-3159.771240,,,,,,,,,,,,,,,,,,,,,,,,,,,,,,,,,
6183,61.830000,0.000000,0.000000,0.000000,1.000000,0.000000,0.000000,0.000000,57.698101,20.499701,-14.700500,0.047771,-0.013570,0.015998,-15.666301,-52.738201,18.801300,-93.396698,0.129960,17.611099,-0.196159,-0.454265,-0.681463,0.539234,1859.665161,1547.092163,-3468.653320,1864.667603,1467.124268,-3482.775635,1871.022339,1592.236816,-3494.103027,1844.367188,1495.639893,-3431.268799,1858.603394,1633.368164,-3466.465576,1864.612305,1467.125610,-3482.782715,1871.135498,1592.312744,-3494.140625,1844.407715,1495.735107,-3431.259033,1858.502808,1633.182007,-3466.428955,2616.288574,1567.728149,-3159.769043,,,,,,,,,,,,,,,,,,,,,,,,,,,,,,,,,
6184,61.840000,0.000000,0.000000,0.000000,1.000000,0.000000,0.000000,0.000000,57.698101,20.499701,-14.700500,0.047771,-0.013570,0.015998,-15.666301,-52.738201,18.801300,-93.396698,0.129960,17.611099,-0.195663,-0.455159,-0.681709,0.538349,1861.358643,1547.233398,-3468.116455,1866.343262,1467.250732,-3482.161865,1872.810791,1592.349731,-3493.573730,1845.931152,1495.821533,-3430.729492,1860.349243,1633.511719,-3466.000977,1866.420776,1467.230469,-3482.259033,1872.797852,1592.456421,-3493.685059,1845.833740,1495.886475,-3430.567871,1860.377319,1633.362183,-3465.946533,2616.251709,1567.760742,-3159.789551,,,,,,,,,,,,,,,,,,,,,,,,,,,,,,,,,
6185,61.850000,0.000000,0.000000,0.000000,1.000000,0.000000,0.000000,0.000000,57.698101,20.499701,-14.700500,0.047771,-0.013570,0.015998,-15.666301,-52.738201,18.801300,-93.396698,0.129960,17.611099,-0.194641,-0.456107,-0.681242,0.538508,1863.164917,1547.426880,-3467.664307,1868.340332,1467.446655,-3481.654297,1874.578979,1592.552246,-3493.122559,1847.763306,1496.004639,-3430.280762,1861.976685,1633.704102,-3465.599121,1868.499512,1467.432861,-3481.780762,1874.442505,1592.503662,-3493.175293,1847.630859,1496.140015,-3430.156006,1862.084351,1633.638794,-3465.544189,2616.280518,1567.746338,-3159.792480,,,,,,,,,,,,,,,,,,,,,,,,,,,,,,,,,
6186,61.860000,0.000000,0.000000,0.000000,1.000000,0.000000,0.000000,0.000000,57.698101,20.499701,-14.700500,0.047771,-0.013570,0.015998,-15.666301,-52.738201,18.801300,-93.396698,0.129960,17.611099,-0.196672,-0.454639,-0.680008,0.540567,1864.862793,1547.569092,-3467.206299,1870.081177,1467.590576,-3481.190430,1876.028687,1592.700562,-3492.763428,1849.800293,1496.140015,-3429.694092,1863.540894,1633.845215,-3465.176514,1870.240479,1467.515625,-3481.238281,1875.802856,1592.620850,-3492.764404,1849.699097,1496.357178,-3429.714600,1863.693726,1633.789062,-3465.108643,2616.295410,1567.715698,-3159.781006,,,,,,,,,,,,,,,,,,,,,,,,,,,,,,,,,
6187,61.870000,0.000000,0.000000,0.000000,1.000000,0.000000,0.000000,0.000000,57.698101,20.499701,-14.700500,0.047771,-0.013570,0.015998,-15.666301,-52.738201,18.801300,-93.396698,0.129960,17.611099,-0.196268,-0.454808,-0.679865,0.540751,1866.383911,1547.596436,-3466.751221,1871.676514,1467.624512,-3480.744873,1877.524902,1592.741211,-3492.296143,1851.345581,1496.149170,-3429.254883,1864.988525,1633.871216,-3464.709473,1871.661621,1467.597412,-3480.748535,1877.536987,1592.716064,-3492.264160,1851.379761,1496.292847,-3429.306152,1864.959229,1633.789795,-3464.690186,2616.281494,1567.740601,-3159.787598,,,,,,,,,,,,,,,,,,,,,,,,,,,,,,,,,
6188,61.880000,0.000000,0.000000,0.000000,1.000000,0.000000,0.000000,0.000000,57.698101,20.499701,-14.700500,0.047771,-0.013570,0.015998,-15.666301,-52.738201,18.801300,-93.396698,0.129960,17.611099,-0.196195,-0.455588,-0.679977,0.539980,1868.178101,1547.734497,-3466.332764,1873.430542,1467.741821,-3480.222656,1879.398193,1592.840210,-3491.911865,1853.035400,1496.343628,-3428.800537,1866.848267,1634.012695,-3464.395264,1873.367065,1467.674927,-3480.199707,1879.532959,1593.017822,-3492.009033,1853.053467,1496.215454,-3428.744873,1866.775513,1634.043945,-3464.385986,2616.293701,1567.726074,-3159.773193,,,,,,,,,,,,,,,,,,,,,,,,,,,,,,,,,
6189,61.890000,0.000000,0.000000,0.000000,1.000000,0.000000,0.000000,0.000000,57.698101,20.499701,-14.700500,0.047771,-0.013570,0.015998,-15.666301,-52.738201,18.801300,-93.396698,0.129960,17.611099,-0.194600,-0.457378,-0.679858,0.539193,1870.063721,1547.864990,-3465.940430,1875.479492,1467.863281,-3479.714844,1881.351074,1592.955444,-3491.516846,1854.804443,1496.498047,-3428.423096,1868.619995,1634.143555,-3464.106934,1875.570801,1467.941162,-3479.733887,1881.263550,1593.052368,-3491.623047,1854.670410,1496.271484,-3428.271484,1868.729492,1634.169922,-3464.117188,2616.284668,1567.756470,-3159.785400,,,,,,,,,,,,,,,,,,,,,,,,,,,,,,,,,
6190,61.900000,0.000000,0.000000,0.000000,1.000000,0.000000,0.000000,0.000000,57.698101,20.499701,-14.700500,0.047771,-0.013570,0.015998,-15.666301,-52.738201,18.801300,-93.396698,0.129960,17.611099,-0.195546,-0.457536,-0.679146,0.539614,1871.974854,1547.876221,-3465.584717,1877.408936,1467.853760,-3479.230957,1883.192383,1592.928589,-3491.258789,1856.809814,1496.565796,-3427.951904,1870.487915,1634.157104,-3463.897217,1877.510376,1467.897217,-3479.264160,1883.067261,1592.891113,-3491.286865,1856.732178,1496.619995,-3427.920410,1870.589355,1634.094727,-3463.867676,2616.278076,1567.735107,-3159.776123,,,,,,,,,,,,,,,,,,,,,,,,,,,,,,,,,
6191,61.910000,0.000000,0.000000,0.000000,1.000000,0.000000,0.000000,0.000000,57.698101,20.499701,-14.700500,0.047771,-0.013570,0.015998,-15.666301,-52.738201,18.801300,-93.396698,0.129960,17.611099,-0.195066,-0.458669,-0.678702,0.539384,1873.835083,1547.790527,-3465.160645,1879.379150,1467.753174,-3478.674805,1885.054565,1592.815674,-3490.881592,1858.651855,1496.521240,-3427.479004,1872.254639,1634.072144,-3463.606934,1879.449707,1467.722046,-3478.716309,1884.945190,1592.727661,-3490.828125,1858.628906,1496.826904,-3427.541748,1872.311157,1633.919434,-3463.560791,2616.316650,1567.725464,-3159.772705,,,,,,,,,,,,,,,,,,,,,,,,,,,,,,,,,
6192,61.920000,0.000000,0.000000,0.000000,1.000000,0.000000,0.000000,0.000000,57.698101,20.499701,-14.700500,0.047771,-0.013570,0.015998,-15.666301,-52.738201,18.801300,-93.396698,0.129960,17.611099,-0.194785,-0.459733,-0.679421,0.537672,1875.635132,1547.823486,-3464.760010,1881.030396,1467.757324,-3478.163818,1887.050903,1592.791504,-3490.494385,1860.200317,1496.634644,-3427.071289,1874.259033,1634.110474,-3463.310547,1881.009399,1467.613647,-3478.211670,1887.158203,1592.981445,-3490.588867,1860.200439,1496.773682,-3427.003906,1874.176025,1633.930664,-3463.239014,2616.305176,1567.759033,-3159.769531,,,,,,,,,,,,,,,,,,,,,,,,,,,,,,,,,
6193,61.930000,0.000000,0.000000,0.000000,1.000000,0.000000,0.000000,0.000000,57.698101,20.499701,-14.700500,0.047771,-0.013570,0.015998,-15.666301,-52.738201,18.801300,-93.396698,0.129960,17.611099,-0.192811,-0.461691,-0.679576,0.536509,1877.567993,1547.930542,-3464.317383,1883.108887,1467.857666,-3477.620605,1889.098511,1592.886353,-3490.022217,1861.952637,1496.760864,-3426.677002,1876.111816,1634.217651,-3462.949463,1883.234741,1467.844849,-3477.681152,1888.992676,1593.047852,-3490.161133,1861.785522,1496.622192,-3426.482666,1876.230835,1634.203857,-3462.932617,2616.295898,1567.717529,-3159.780518,,,,,,,,,,,,,,,,,,,,,,,,,,,,,,,,,
6194,61.940000,0.000000,0.000000,0.000000,1.000000,0.000000,0.000000,0.000000,57.698101,20.499701,-14.700500,0.047771,-0.013570,0.015998,-15.666301,-52.738201,18.801300,-93.396698,0.129960,17.611099,-0.193800,-0.461097,-0.678592,0.537907,1879.479736,1548.083496,-3463.936523,1885.117310,1468.012573,-3477.210205,1890.834717,1593.044067,-3489.710938,1864.094971,1496.909180,-3426.207764,1877.871948,1634.368652,-3462.616943,1885.237061,1468.054199,-3477.237793,1890.674927,1593.057983,-3489.742188,1863.990112,1496.872925,-3426.149414,1878.014526,1634.349854,-3462.618408,2616.312500,1567.734375,-3159.766602,,,,,,,,,,,,,,,,,,,,,,,,,,,,,,,,,
6195,61.950000,0.000000,0.000000,0.000000,1.000000,0.000000,0.000000,0.000000,57.698101,20.499701,-14.700500,0.047771,-0.013570,0.015998,-15.666301,-52.738201,18.801300,-93.396698,0.129960,17.611099,-0.194399,-0.460854,-0.677928,0.538737,1881.269165,1548.078247,-3463.486572,1886.974609,1468.005981,-3476.723877,1892.516357,1593.036621,-3489.312256,1866.024658,1496.908447,-3425.694824,1879.561157,1634.362183,-3462.215576,1886.971558,1468.042358,-3476.685547,1892.475220,1593.032837,-3489.265381,1866.046631,1496.979370,-3425.773926,1879.585205,1634.256836,-3462.225586,2616.295410,1567.727417,-3159.765381,,,,,,,,,,,,,,,,,,,,,,,,,,,,,,,,,
6196,61.960000,0.000000,0.000000,0.000000,1.000000,0.000000,0.000000,0.000000,57.698101,20.499701,-14.700500,0.047771,-0.013570,0.015998,-15.666301,-52.738201,18.801300,-93.396698,0.129960,17.611099,-0.192284,-0.462909,-0.678605,0.536878,1883.130737,1548.047363,-3463.069092,1888.889038,1467.964233,-3476.217529,1894.582642,1592.984497,-3488.841797,1867.594116,1496.908203,-3425.354980,1881.457275,1634.332886,-3461.862549,1888.823364,1467.910645,-3476.183350,1894.698486,1593.140625,-3488.906982,1867.625122,1496.855957,-3425.341797,1881.386230,1634.298706,-3461.850342,2616.274170,1567.723999,-3159.771484,,,,,,,,,,,,,,,,,,,,,,,,,,,,,,,,,
6197,61.970000,0.000000,0.000000,0.000000,1.000000,0.000000,0.000000,0.000000,57.698101,20.499701,-14.700500,0.047771,-0.013570,0.015998,-15.666301,-52.738201,18.801300,-93.396698,0.129960,17.611099,-0.191276,-0.464591,-0.678959,0.535335,1884.994629,1548.017944,-3462.647217,1890.743164,1467.910522,-3475.650879,1896.608887,1592.906982,-3488.430908,1869.233521,1496.948120,-3424.931885,1883.393066,1634.306641,-3461.574707,1890.860352,1467.845459,-3475.749512,1896.527588,1592.952271,-3488.495117,1869.110229,1496.920532,-3424.778076,1883.475830,1634.347900,-3461.559326,2616.278320,1567.753906,-3159.780273,,,,,,,,,,,,,,,,,,,,,,,,,,,,,,,,,
6198,61.980000,0.000000,0.000000,0.000000,1.000000,0.000000,0.000000,0.000000,57.698101,20.499701,-14.700500,0.047771,-0.013570,0.015998,-15.666301,-52.738201,18.801300,-93.396698,0.129960,17.611099,-0.189640,-0.466038,-0.678610,0.535102,1886.867310,1548.102173,-3462.222656,1892.836548,1467.999146,-3475.153564,1898.485229,1592.999756,-3487.989746,1871.069702,1497.022217,-3424.536133,1885.077759,1634.387817,-3461.210693,1893.003174,1468.062622,-3475.271729,1898.349487,1592.942993,-3488.066895,1870.921021,1497.105713,-3424.396240,1885.194824,1634.304810,-3461.155273,2616.257812,1567.762573,-3159.794678,,,,,,,,,,,,,,,,,,,,,,,,,,,,,,,,,
6199,61.990000,0.000000,0.000000,0.000000,1.000000,0.000000,0.000000,0.000000,57.698101,20.499701,-14.700500,0.047771,-0.013570,0.015998,-15.666301,-52.738201,18.801300,-93.396698,0.129960,17.611099,-0.191350,-0.464412,-0.677717,0.537035,1888.497681,1548.106201,-3461.839600,1894.496216,1468.014893,-3474.829834,1899.894165,1593.026611,-3487.665771,1873.004028,1496.994385,-3424.070557,1886.596436,1634.389038,-3460.792480,1894.597534,1468.034424,-3474.883057,1899.756348,1592.940918,-3487.641357,1872.943604,1497.245850,-3424.089111,1886.687134,1634.214355,-3460.741943,2616.284424,1567.763916,-3159.788574,,,,,,,,,,,,,,,,,,,,,,,,,,,,,,,,,
6200,62.000000,0.000000,0.000000,0.000000,1.000000,0.000000,0.000000,0.000000,57.698101,20.499701,-14.700500,0.047771,-0.013570,0.015998,-15.666301,-52.738201,18.801300,-93.396698,0.129960,17.611099,-0.190530,-0.465029,-0.677688,0.536828,1890.110718,1548.095947,-3461.406982,1896.194702,1468.008423,-3474.380371,1901.523926,1593.023315,-3487.213379,1874.581421,1496.974976,-3423.665039,1888.142700,1634.377441,-3460.368896,1896.133789,1467.967407,-3474.356934,1901.619507,1593.083008,-3487.243896,1874.638672,1497.093628,-3423.709717,1888.050049,1634.236816,-3460.316162,2616.256592,1567.744995,-3159.785889,,,,,,,,,,,,,,,,,,,,,,,,,,,,,,,,,
6201,62.010000,0.000000,0.000000,0.000000,1.000000,0.000000,0.000000,0.000000,57.698101,20.499701,-14.700500,0.047771,-0.013570,0.015998,-15.666301,-52.738201,18.801300,-93.396698,0.129960,17.611099,-0.189248,-0.465567,-0.677711,0.536787,1891.701416,1548.121094,-3461.031006,1897.921387,1468.050171,-3474.042236,1903.116455,1593.080444,-3486.781006,1876.150513,1496.954956,-3423.359131,1889.617432,1634.399170,-3459.941406,1897.881836,1468.056152,-3474.035156,1903.222412,1593.238647,-3486.876465,1876.150146,1496.876709,-3423.292236,1889.563477,1634.326294,-3459.928467,2616.292236,1567.764526,-3159.785889,,,,,,,,,,,,,,,,,,,,,,,,,,,,,,,,,
6202,62.020000,0.000000,0.000000,0.000000,1.000000,0.000000,0.000000,0.000000,57.698101,20.499701,-14.700500,0.047771,-0.013570,0.015998,-15.666301,-52.738201,18.801300,-93.396698,0.129960,17.611099,-0.187242,-0.466941,-0.677304,0.536811,1893.393921,1548.147949,-3460.622559,1899.894775,1468.094116,-3473.601807,1904.783691,1593.137695,-3486.330566,1877.837891,1496.940308,-3423.009277,1891.058960,1634.419800,-3459.548584,1899.968140,1468.164917,-3473.621338,1904.720337,1593.211914,-3486.421143,1877.725220,1496.732666,-3422.873047,1891.146240,1634.458252,-3459.560547,2616.281006,1567.757080,-3159.793945,,,,,,,,,,,,,,,,,,,,,,,,,,,,,,,,,
6203,62.030000,0.000000,0.000000,0.000000,1.000000,0.000000,0.000000,0.000000,57.698101,20.499701,-14.700500,0.047771,-0.013570,0.015998,-15.666301,-52.738201,18.801300,-93.396698,0.129960,17.611099,-0.187916,-0.465834,-0.676905,0.538039,1895.039429,1548.059448,-3460.273926,1901.580078,1468.023804,-3473.344482,1906.294678,1593.083374,-3485.981445,1879.665039,1496.803223,-3422.652344,1892.617798,1634.327881,-3459.117432,1901.739380,1467.951660,-3473.413818,1906.106567,1593.051880,-3486.006348,1879.539795,1496.796875,-3422.575684,1892.775513,1634.438232,-3459.102539,2616.246582,1567.768188,-3159.798584,,,,,,,,,,,,,,,,,,,,,,,,,,,,,,,,,
6204,62.040000,0.000000,0.000000,0.000000,1.000000,0.000000,0.000000,0.000000,57.698101,20.499701,-14.700500,0.047771,-0.013570,0.015998,-15.666301,-52.738201,18.801300,-93.396698,0.129960,17.611099,-0.187648,-0.465734,-0.675791,0.539617,1896.610962,1547.903442,-3459.903564,1903.414185,1467.890991,-3472.983154,1907.664551,1592.966309,-3485.630371,1881.479980,1496.593872,-3422.255859,1893.885254,1634.162842,-3458.744873,1903.524902,1467.740723,-3473.017578,1907.508789,1592.875000,-3485.595947,1881.432007,1496.860718,-3422.328613,1893.969727,1634.155762,-3458.680664,2616.287354,1567.779663,-3159.783691,,,,,,,,,,,,,,,,,,,,,,,,,,,,,,,,,
6205,62.050000,0.000000,0.000000,0.000000,1.000000,0.000000,0.000000,0.000000,57.698101,20.499701,-14.700500,0.047771,-0.013570,0.015998,-15.666301,-52.738201,18.801300,-93.396698,0.129960,17.611099,-0.187897,-0.464397,-0.676187,0.540187,1898.087158,1547.732056,-3459.506104,1904.830566,1467.745117,-3472.770264,1909.102783,1592.845215,-3485.160889,1883.017334,1496.348633,-3421.934570,1895.397949,1633.989868,-3458.158203,1904.838135,1467.665649,-3472.768555,1909.081421,1592.850952,-3485.137207,1883.035767,1496.526123,-3421.999512,1895.395508,1633.899292,-3458.124756,2616.287109,1567.765015,-3159.785156,,,,,,,,,,,,,,,,,,,,,,,,,,,,,,,,,
6206,62.060000,0.000000,0.000000,0.000000,1.000000,0.000000,0.000000,0.000000,57.698101,20.499701,-14.700500,0.047771,-0.013570,0.015998,-15.666301,-52.738201,18.801300,-93.396698,0.129960,17.611099,-0.184958,-0.465559,-0.675799,0.540685,1899.783691,1547.690063,-3459.123291,1906.929199,1467.751465,-3472.469727,1910.725342,1592.886475,-3484.663086,1884.759644,1496.188721,-3421.695068,1896.720703,1633.933594,-3457.665771,1906.940796,1467.828369,-3472.511963,1910.795532,1593.040405,-3484.807373,1884.705322,1496.191162,-3421.565186,1896.695312,1633.685181,-3457.611816,2616.284180,1567.741455,-3159.787354,,,,,,,,,,,,,,,,,,,,,,,,,,,,,,,,,
6207,62.070000,0.000000,0.000000,0.000000,1.000000,0.000000,0.000000,0.000000,57.698101,20.499701,-14.700500,0.047771,-0.013570,0.015998,-15.666301,-52.738201,18.801300,-93.396698,0.129960,17.611099,-0.184813,-0.464137,-0.675892,0.541840,1901.439697,1547.598877,-3458.751221,1908.638428,1467.703003,-3472.321777,1912.272095,1592.872925,-3484.199463,1886.559814,1495.984741,-3421.420898,1898.288086,1633.834961,-3457.062500,1908.673584,1467.809082,-3472.369385,1912.300659,1593.014648,-3484.335205,1886.467041,1495.834839,-3421.233887,1898.308838,1633.732422,-3457.055420,2616.283691,1567.735596,-3159.780273,,,,,,,,,,,,,,,,,,,,,,,,,,,,,,,,,
6208,62.080000,0.000000,0.000000,0.000000,1.000000,0.000000,0.000000,0.000000,57.698101,20.499701,-14.700500,0.047771,-0.013570,0.015998,-15.666301,-52.738201,18.801300,-93.396698,0.129960,17.611099,-0.186873,-0.461634,-0.675053,0.544313,1903.247070,1547.576416,-3458.438965,1910.448486,1467.708252,-3472.170654,1913.809204,1592.898438,-3483.915527,1888.743042,1495.893433,-3421.056152,1899.987793,1633.805786,-3456.613037,1910.498901,1467.666504,-3472.149170,1913.716431,1592.989746,-3483.930664,1888.700439,1495.859253,-3421.056152,1900.069092,1633.796265,-3456.619873,2616.277100,1567.703735,-3159.766602,,,,,,,,,,,,,,,,,,,,,,,,,,,,,,,,,
6209,62.090000,0.000000,0.000000,0.000000,1.000000,0.000000,0.000000,0.000000,57.698101,20.499701,-14.700500,0.047771,-0.013570,0.015998,-15.666301,-52.738201,18.801300,-93.396698,0.129960,17.611099,-0.187512,-0.460006,-0.674968,0.545576,1905.073242,1547.476562,-3458.067871,1912.269531,1467.638794,-3471.978760,1915.510620,1592.853149,-3483.498779,1890.743408,1495.714111,-3420.727783,1901.769653,1633.700195,-3456.066162,1912.359863,1467.393066,-3471.966797,1915.353271,1592.905518,-3483.442139,1890.709839,1495.814575,-3420.798584,1901.872559,1633.771362,-3456.061035,2616.307129,1567.739990,-3159.773193,,,,,,,,,,,,,,,,,,,,,,,,,,,,,,,,,
6210,62.100000,0.000000,0.000000,0.000000,1.000000,0.000000,0.000000,0.000000,57.698101,20.499701,-14.700500,0.047771,-0.013570,0.015998,-15.666301,-52.738201,18.801300,-93.396698,0.129960,17.611099,-0.184711,-0.461432,-0.675460,0.544717,1907.024170,1547.378784,-3457.754395,1914.421143,1467.569092,-3471.719727,1917.557373,1592.802246,-3483.061768,1892.532349,1495.548950,-3420.570557,1903.585571,1633.595093,-3455.665039,1914.485840,1467.484497,-3471.823975,1917.584473,1592.853149,-3483.188232,1892.452637,1495.638062,-3420.424805,1903.571533,1633.543701,-3455.578369,2616.287354,1567.751953,-3159.782959,,,,,,,,,,,,,,,,,,,,,,,,,,,,,,,,,
6211,62.110000,0.000000,0.000000,0.000000,1.000000,0.000000,0.000000,0.000000,57.698101,20.499701,-14.700500,0.047771,-0.013570,0.015998,-15.666301,-52.738201,18.801300,-93.396698,0.129960,17.611099,-0.183630,-0.461529,-0.675298,0.545201,1909.052612,1547.355713,-3457.435791,1916.613281,1467.575073,-3471.479248,1919.527832,1592.826050,-3482.683105,1894.618164,1495.458984,-3420.323486,1905.451050,1633.563232,-3455.257324,1916.700806,1467.669434,-3471.595459,1919.534180,1592.891479,-3482.843018,1894.493164,1495.510620,-3420.111816,1905.475708,1633.344727,-3455.176514,2616.235840,1567.733276,-3159.777344,,,,,,,,,,,,,,,,,,,,,,,,,,,,,,,,,
6212,62.120000,0.000000,0.000000,0.000000,1.000000,0.000000,0.000000,0.000000,57.698101,20.499701,-14.700500,0.047771,-0.013570,0.015998,-15.666301,-52.738201,18.801300,-93.396698,0.129960,17.611099,-0.188394,-0.457364,-0.674813,0.547679,1911.170776,1547.470459,-3457.140137,1918.377808,1467.687134,-3471.354004,1921.399292,1592.942017,-3482.486328,1897.129639,1495.569702,-3419.882568,1907.776123,1633.683105,-3454.838135,1918.349731,1467.743652,-3471.316406,1921.406006,1592.897095,-3482.462158,1897.173340,1495.691650,-3419.972900,1907.755615,1633.552856,-3454.815918,2616.256836,1567.772339,-3159.802246,,,,,,,,,,,,,,,,,,,,,,,,,,,,,,,,,
6213,62.130000,0.000000,0.000000,0.000000,1.000000,0.000000,0.000000,0.000000,57.698101,20.499701,-14.700500,0.047771,-0.013570,0.015998,-15.666301,-52.738201,18.801300,-93.396698,0.129960,17.611099,-0.188477,-0.457044,-0.674552,0.548240,1913.180664,1547.544556,-3456.835693,1920.440063,1467.771851,-3471.082275,1923.343384,1593.032837,-3482.178467,1899.223511,1495.620361,-3419.579346,1909.715698,1633.753662,-3454.502930,1920.482178,1467.822632,-3471.019043,1923.212280,1593.014648,-3482.129639,1899.203979,1495.568970,-3419.653320,1909.820801,1633.771851,-3454.539307,2616.277100,1567.765137,-3159.792236,,,,,,,,,,,,,,,,,,,,,,,,,,,,,,,,,
6214,62.140000,0.000000,0.000000,0.000000,1.000000,0.000000,0.000000,0.000000,57.698101,20.499701,-14.700500,0.047771,-0.013570,0.015998,-15.666301,-52.738201,18.801300,-93.396698,0.129960,17.611099,-0.184648,-0.459651,-0.674866,0.546976,1915.286621,1547.702881,-3456.507324,1922.872437,1467.955322,-3470.723877,1925.573853,1593.228394,-3481.732422,1901.110352,1495.726074,-3419.407227,1911.590088,1633.902100,-3454.165283,1922.930908,1467.989136,-3470.788086,1925.577515,1593.347656,-3481.869385,1901.014282,1495.679199,-3419.242432,1911.616943,1633.798950,-3454.124268,2616.285400,1567.767700,-3159.784912,,,,,,,,,,,,,,,,,,,,,,,,,,,,,,,,,
6215,62.150000,0.000000,0.000000,0.000000,1.000000,0.000000,0.000000,0.000000,57.698101,20.499701,-14.700500,0.047771,-0.013570,0.015998,-15.666301,-52.738201,18.801300,-93.396698,0.129960,17.611099,-0.185907,-0.459271,-0.674159,0.547740,1917.511963,1547.889648,-3456.185791,1925.094360,1468.128418,-3470.327881,1927.698242,1593.389282,-3481.498535,1903.476196,1495.951538,-3418.978516,1913.778809,1634.089844,-3453.938477,1925.197754,1467.937500,-3470.408936,1927.616333,1593.483276,-3481.531250,1903.397339,1496.054199,-3418.906006,1913.840088,1634.071289,-3453.904541,2616.261230,1567.757935,-3159.789062,,,,,,,,,,,,,,,,,,,,,,,,,,,,,,,,,
6216,62.160000,0.000000,0.000000,0.000000,1.000000,0.000000,0.000000,0.000000,57.698101,20.499701,-14.700500,0.047771,-0.013570,0.015998,-15.666301,-52.738201,18.801300,-93.396698,0.129960,17.611099,-0.187599,-0.458137,-0.674332,0.547899,1919.678467,1547.960327,-3455.808350,1927.054321,1468.182861,-3469.968750,1929.862183,1593.437256,-3481.162842,1905.675659,1496.053345,-3418.544678,1916.121582,1634.167847,-3453.557129,1927.154541,1468.011353,-3469.959473,1929.693970,1593.465698,-3481.127197,1905.626709,1496.137817,-3418.600342,1916.238525,1634.217163,-3453.543701,2616.304443,1567.752563,-3159.785156,,,,,,,,,,,,,,,,,,,,,,,,,,,,,,,,,
6217,62.170000,0.000000,0.000000,0.000000,1.000000,0.000000,0.000000,0.000000,57.698101,20.499701,-14.700500,0.047771,-0.013570,0.015998,-15.666301,-52.738201,18.801300,-93.396698,0.129960,17.611099,-0.184726,-0.460581,-0.674037,0.547188,1921.849731,1548.073975,-3455.492188,1929.558105,1468.309082,-3469.544434,1932.080566,1593.563477,-3480.805420,1907.734131,1496.151733,-3418.292725,1918.026001,1634.272217,-3453.326172,1929.664551,1468.451904,-3469.642822,1932.011230,1593.525024,-3480.865967,1907.623901,1496.158203,-3418.151123,1918.103027,1634.171875,-3453.307373,2616.300537,1567.766846,-3159.773682,,,,,,,,,,,,,,,,,,,,,,,,,,,,,,,,,
6218,62.180000,0.000000,0.000000,0.000000,1.000000,0.000000,0.000000,0.000000,57.698101,20.499701,-14.700500,0.047771,-0.013570,0.015998,-15.666301,-52.738201,18.801300,-93.396698,0.129960,17.611099,-0.184465,-0.461033,-0.673891,0.547077,1923.996460,1548.240234,-3455.074219,1931.750732,1468.471436,-3469.079834,1934.230957,1593.721313,-3480.401123,1909.869263,1496.330444,-3417.861816,1920.134766,1634.437866,-3452.954834,1931.740234,1468.658203,-3469.132080,1934.321167,1593.758667,-3480.516602,1909.834229,1496.305054,-3417.733398,1920.087646,1634.235840,-3452.916504,2616.307373,1567.727051,-3159.770752,,,,,,,,,,,,,,,,,,,,,,,,,,,,,,,,,
6219,62.190000,0.000000,0.000000,0.000000,1.000000,0.000000,0.000000,0.000000,57.698101,20.499701,-14.700500,0.047771,-0.013570,0.015998,-15.666301,-52.738201,18.801300,-93.396698,0.129960,17.611099,-0.186935,-0.459537,-0.672820,0.548811,1926.135742,1548.498413,-3454.696777,1933.846802,1468.720459,-3468.673828,1936.162720,1593.960083,-3480.141113,1912.303345,1496.617798,-3417.333008,1922.230103,1634.695557,-3452.639404,1933.873535,1468.773071,-3468.618652,1936.062134,1593.928345,-3480.094971,1912.300537,1496.642944,-3417.420166,1922.304321,1634.647705,-3452.653320,2616.280518,1567.757202,-3159.766846,,,,,,,,,,,,,,,,,,,,,,,,,,,,,,,,,
6220,62.200000,0.000000,0.000000,0.000000,1.000000,0.000000,0.000000,0.000000,57.698101,20.499701,-14.700500,0.047771,-0.013570,0.015998,-15.666301,-52.738201,18.801300,-93.396698,0.129960,17.611099,-0.184561,-0.461187,-0.672515,0.548605,1928.142456,1548.721802,-3454.233643,1936.152222,1468.966553,-3468.172852,1938.168701,1594.212769,-3479.625732,1914.268555,1496.800537,-3416.941895,1923.980103,1634.907349,-3452.194336,1936.284790,1469.013550,-3468.184814,1937.967651,1594.189697,-3479.636475,1914.163574,1496.757080,-3416.913086,1924.151123,1634.927490,-3452.201904,2616.265869,1567.734497,-3159.781494,,,,,,,,,,,,,,,,,,,,,,,,,,,,,,,,,
6221,62.210000,0.000000,0.000000,0.000000,1.000000,0.000000,0.000000,0.000000,57.698101,20.499701,-14.700500,0.047771,-0.013570,0.015998,-15.666301,-52.738201,18.801300,-93.396698,0.129960,17.611099,-0.181636,-0.463548,-0.672066,0.548142,1930.216919,1548.937500,-3453.727295,1938.595215,1469.202881,-3467.566650,1940.258911,1594.449097,-3479.076172,1916.268799,1496.989014,-3416.500977,1925.744629,1635.109375,-3451.764648,1938.661621,1469.082031,-3467.666992,1940.283325,1594.618530,-3479.216064,1916.178833,1497.058838,-3416.336426,1925.742920,1635.002686,-3451.694092,2616.292236,1567.753418,-3159.771729,,,,,,,,,,,,,,,,,,,,,,,,,,,,,,,,,
6222,62.220000,0.000000,0.000000,0.000000,1.000000,0.000000,0.000000,0.000000,57.698101,20.499701,-14.700500,0.047771,-0.013570,0.015998,-15.666301,-52.738201,18.801300,-93.396698,0.129960,17.611099,-0.184445,-0.461457,-0.671358,0.549832,1932.347412,1549.113892,-3453.245117,1940.591187,1469.372314,-3467.125488,1942.203247,1594.614380,-3478.686768,1918.677246,1497.181274,-3415.894043,1927.917847,1635.287720,-3451.274170,1940.615601,1469.117432,-3467.158691,1942.219482,1594.688721,-3478.736572,1918.669556,1497.352539,-3415.895752,1927.887573,1635.276123,-3451.193604,2616.301758,1567.763794,-3159.778320,,,,,,,,,,,,,,,,,,,,,,,,,,,,,,,,,
6223,62.230000,0.000000,0.000000,0.000000,1.000000,0.000000,0.000000,0.000000,57.698101,20.499701,-14.700500,0.047771,-0.013570,0.015998,-15.666301,-52.738201,18.801300,-93.396698,0.129960,17.611099,-0.185577,-0.460596,-0.671619,0.549855,1934.494141,1549.224487,-3452.684082,1942.575562,1469.471924,-3466.596924,1944.362793,1594.713135,-3478.142090,1920.829346,1497.308105,-3415.308594,1930.208862,1635.405151,-3450.688965,1942.673584,1469.378174,-3466.597412,1944.199463,1594.657471,-3478.107910,1920.777100,1497.338379,-3415.344971,1930.327148,1635.523926,-3450.682373,2616.316406,1567.754761,-3159.772461,,,,,,,,,,,,,,,,,,,,,,,,,,,,,,,,,
6224,62.240000,0.000000,0.000000,0.000000,1.000000,0.000000,0.000000,0.000000,57.698101,20.499701,-14.700500,0.047771,-0.013570,0.015998,-15.666301,-52.738201,18.801300,-93.396698,0.129960,17.611099,-0.182662,-0.462372,-0.671527,0.549453,1936.579712,1549.315796,-3452.069824,1944.979248,1469.595337,-3465.978027,1946.473755,1594.848022,-3477.439697,1922.834229,1497.337646,-3414.809814,1932.031494,1635.482422,-3450.051514,1945.109985,1469.793213,-3466.023438,1946.340088,1594.841919,-3477.522949,1922.700928,1497.259644,-3414.690674,1932.174438,1635.377808,-3450.040039,2616.287598,1567.739990,-3159.771240,,,,,,,,,,,,,,,,,,,,,,,,,,,,,,,,,
6225,62.250000,0.000000,0.000000,0.000000,1.000000,0.000000,0.000000,0.000000,57.698101,20.499701,-14.700500,0.047771,-0.013570,0.015998,-15.666301,-52.738201,18.801300,-93.396698,0.129960,17.611099,-0.182878,-0.461525,-0.671370,0.550284,1938.701782,1549.498413,-3451.444336,1947.134766,1469.799316,-3465.454346,1948.508545,1595.065063,-3476.786377,1925.072998,1497.470215,-3414.211182,1934.090698,1635.659302,-3449.325684,1947.092529,1469.924927,-3465.477051,1948.618164,1595.171265,-3476.876221,1925.069336,1497.459106,-3414.123779,1934.025024,1635.422974,-3449.304688,2616.290039,1567.752319,-3159.779053,,,,,,,,,,,,,,,,,,,,,,,,,,,,,,,,,
6226,62.260000,0.000000,0.000000,0.000000,1.000000,0.000000,0.000000,0.000000,57.698101,20.499701,-14.700500,0.047771,-0.013570,0.015998,-15.666301,-52.738201,18.801300,-93.396698,0.129960,17.611099,-0.184690,-0.459807,-0.671126,0.551413,1940.805664,1549.679688,-3450.699463,1949.120850,1469.983276,-3464.795166,1950.497559,1595.254028,-3476.071777,1927.353394,1497.639771,-3413.418701,1936.250854,1635.841797,-3448.512451,1949.105835,1469.871582,-3464.761230,1950.493896,1595.326660,-3476.054443,1927.384155,1497.772827,-3413.497803,1936.239746,1635.750854,-3448.488281,2616.236328,1567.729858,-3159.790039,,,,,,,,,,,,,,,,,,,,,,,,,,,,,,,,,
6227,62.270000,0.000000,0.000000,0.000000,1.000000,0.000000,0.000000,0.000000,57.698101,20.499701,-14.700500,0.047771,-0.013570,0.015998,-15.666301,-52.738201,18.801300,-93.396698,0.129960,17.611099,-0.182890,-0.460775,-0.671444,0.550818,1942.905273,1549.833618,-3449.919434,1951.347778,1470.155273,-3464.040527,1952.662964,1595.435669,-3475.216797,1929.343506,1497.753906,-3412.734131,1938.266846,1635.990112,-3447.686279,1951.529541,1469.997925,-3464.095703,1952.411255,1595.428589,-3475.180176,1929.229980,1497.818115,-3412.718262,1938.454956,1636.081665,-3447.685303,2616.276123,1567.742920,-3159.796631,,,,,,,,,,,,,,,,,,,,,,,,,,,,,,,,,
6228,62.280000,0.000000,0.000000,0.000000,1.000000,0.000000,0.000000,0.000000,57.698101,20.499701,-14.700500,0.047771,-0.013570,0.015998,-15.666301,-52.738201,18.801300,-93.396698,0.129960,17.611099,-0.179319,-0.462849,-0.672070,0.549488,1945.024292,1549.941528,-3449.098633,1953.712769,1470.294067,-3463.245361,1954.925293,1595.590210,-3474.255615,1931.227905,1497.794312,-3412.094482,1940.230835,1636.087769,-3446.798828,1953.891357,1470.265259,-3463.365723,1954.791626,1595.685547,-3474.394287,1931.026489,1497.711670,-3411.856934,1940.364990,1636.096069,-3446.760986,2616.305420,1567.745117,-3159.785400,,,,,,,,,,,,,,,,,,,,,,,,,,,,,,,,,
6229,62.290000,0.000000,0.000000,0.000000,1.000000,0.000000,0.000000,0.000000,57.698101,20.499701,-14.700500,0.047771,-0.013570,0.015998,-15.666301,-52.738201,18.801300,-93.396698,0.129960,17.611099,-0.181041,-0.460584,-0.672178,0.550694,1947.184570,1549.985596,-3448.260498,1955.717285,1470.354370,-3462.592041,1956.979004,1595.667847,-3473.398438,1933.558594,1497.788452,-3411.263672,1942.483154,1636.132202,-3445.787598,1955.661743,1470.350220,-3462.618652,1957.117798,1595.763428,-3473.467529,1933.583618,1497.846680,-3411.210205,1942.377686,1635.976807,-3445.746826,2616.271729,1567.738281,-3159.786621,,,,,,,,,,,,,,,,,,,,,,,,,,,,,,,,,
6230,62.300000,0.000000,0.000000,0.000000,1.000000,0.000000,0.000000,0.000000,57.698101,20.499701,-14.700500,0.047771,-0.013570,0.015998,-15.666301,-52.738201,18.801300,-93.396698,0.129960,17.611099,-0.182515,-0.459179,-0.672844,0.550567,1949.385742,1550.028320,-3447.339355,1957.652344,1470.385742,-3461.763916,1959.227051,1595.704346,-3472.470215,1935.732544,1497.838013,-3410.342773,1944.930908,1636.185425,-3444.780029,1957.603882,1470.442139,-3461.710693,1959.252686,1595.688354,-3472.445557,1935.786621,1497.923584,-3410.434326,1944.899170,1636.059814,-3444.770508,2616.289307,1567.756836,-3159.783203,,,,,,,,,,,,,,,,,,,,,,,,,,,,,,,,,
6231,62.310000,0.000000,0.000000,0.000000,1.000000,0.000000,0.000000,0.000000,57.698101,20.499701,-14.700500,0.047771,-0.013570,0.015998,-15.666301,-52.738201,18.801300,-93.396698,0.129960,17.611099,-0.180173,-0.460169,-0.673407,0.549823,1951.536011,1550.165771,-3446.411377,1959.947754,1470.552246,-3460.911865,1961.465332,1595.887939,-3471.423584,1937.739868,1497.908203,-3409.562988,1946.991211,1636.314941,-3443.747070,1960.065186,1470.677124,-3460.903564,1961.262695,1595.796753,-3471.406006,1937.659180,1497.893677,-3409.575195,1947.155273,1636.294312,-3443.758789,2616.287354,1567.765869,-3159.785400,,,,,,,,,,,,,,,,,,,,,,,,,,,,,,,,,
6232,62.320000,0.000000,0.000000,0.000000,1.000000,0.000000,0.000000,0.000000,57.698101,20.499701,-14.700500,0.047771,-0.013570,0.015998,-15.666301,-52.738201,18.801300,-93.396698,0.129960,17.611099,-0.176947,-0.461942,-0.674285,0.548306,1953.634888,1550.268066,-3445.445557,1962.210571,1470.680176,-3459.990967,1963.736450,1596.031616,-3470.312500,1939.575806,1497.949951,-3408.783203,1949.016724,1636.410767,-3442.695312,1962.303223,1470.611816,-3460.078857,1963.713623,1596.127686,-3470.448730,1939.465210,1497.965454,-3408.626221,1949.051514,1636.371338,-3442.627930,2616.282227,1567.761719,-3159.790527,,,,,,,,,,,,,,,,,,,,,,,,,,,,,,,,,
6233,62.330000,0.000000,0.000000,0.000000,1.000000,0.000000,0.000000,0.000000,57.698101,20.499701,-14.700500,0.047771,-0.013570,0.015998,-15.666301,-52.738201,18.801300,-93.396698,0.129960,17.611099,-0.177398,-0.460876,-0.674488,0.548808,1955.718872,1550.332031,-3444.513428,1964.235962,1470.760498,-3459.181641,1965.782104,1596.124756,-3469.342285,1941.721436,1497.970825,-3407.888916,1951.135986,1636.472534,-3441.640381,1964.314087,1470.515137,-3459.253662,1965.753174,1596.243774,-3469.410889,1941.662354,1498.117798,-3407.829590,1951.151367,1636.432983,-3441.568848,2616.284424,1567.747437,-3159.787109,,,,,,,,,,,,,,,,,,,,,,,,,,,,,,,,,
6234,62.340000,0.000000,0.000000,0.000000,1.000000,0.000000,0.000000,0.000000,57.698101,20.499701,-14.700500,0.047771,-0.013570,0.015998,-15.666301,-52.738201,18.801300,-93.396698,0.129960,17.611099,-0.179067,-0.458954,-0.674996,0.549250,1957.926514,1550.347046,-3443.627441,1966.202271,1470.777588,-3458.444336,1967.975708,1596.152222,-3468.438965,1943.982788,1497.965454,-3407.011475,1953.545044,1636.493286,-3440.614502,1966.206665,1470.633057,-3458.404297,1967.926514,1596.157227,-3468.385010,1944.011475,1498.050659,-3407.114014,1953.563110,1636.542114,-3440.609375,2616.282227,1567.721680,-3159.782471,,,,,,,,,,,,,,,,,,,,,,,,,,,,,,,,,
6235,62.350000,0.000000,0.000000,0.000000,1.000000,0.000000,0.000000,0.000000,57.698101,20.499701,-14.700500,0.047771,-0.013570,0.015998,-15.666301,-52.738201,18.801300,-93.396698,0.129960,17.611099,-0.176641,-0.459914,-0.675858,0.548173,1960.166992,1550.337402,-3442.712646,1968.539795,1470.795654,-3457.624023,1970.347656,1596.188232,-3467.385986,1946.026733,1497.888672,-3406.268555,1955.753540,1636.477417,-3439.571533,1968.643433,1470.954834,-3457.590088,1970.159302,1596.057617,-3467.382324,1945.960938,1497.876831,-3406.307861,1955.901123,1636.459473,-3439.565918,2616.317871,1567.759277,-3159.779541,,,,,,,,,,,,,,,,,,,,,,,,,,,,,,,,,
6236,62.360000,0.000000,0.000000,0.000000,1.000000,0.000000,0.000000,0.000000,57.698101,20.499701,-14.700500,0.047771,-0.013570,0.015998,-15.666301,-52.738201,18.801300,-93.396698,0.129960,17.611099,-0.174322,-0.461036,-0.677385,0.546084,1962.246948,1550.375977,-3441.795410,1970.565308,1470.843018,-3456.784180,1972.685791,1596.248047,-3466.320801,1947.755127,1497.893799,-3405.538086,1957.981201,1636.519043,-3438.538330,1970.598267,1471.016235,-3456.838623,1972.716919,1596.359619,-3466.441406,1947.671631,1497.810425,-3405.370117,1957.999268,1636.310791,-3438.526855,2616.271729,1567.740601,-3159.788818,,,,,,,,,,,,,,,,,,,,,,,,,,,,,,,,,
6237,62.370000,0.000000,0.000000,0.000000,1.000000,0.000000,0.000000,0.000000,57.698101,20.499701,-14.700500,0.047771,-0.013570,0.015998,-15.666301,-52.738201,18.801300,-93.396698,0.129960,17.611099,-0.174404,-0.460554,-0.677648,0.546138,1964.310181,1550.450317,-3440.923096,1972.583130,1470.926025,-3455.982666,1974.755371,1596.337769,-3465.416992,1949.816040,1497.944946,-3404.700439,1960.085815,1636.592773,-3437.592529,1972.602783,1470.861084,-3456.049316,1974.798340,1596.457886,-3465.480713,1949.778320,1498.013428,-3404.601807,1960.061157,1636.472534,-3437.559570,2616.248047,1567.718628,-3159.770752,,,,,,,,,,,,,,,,,,,,,,,,,,,,,,,,,
6238,62.380000,0.000000,0.000000,0.000000,1.000000,0.000000,0.000000,0.000000,57.698101,20.499701,-14.700500,0.047771,-0.013570,0.015998,-15.666301,-52.738201,18.801300,-93.396698,0.129960,17.611099,-0.176084,-0.458738,-0.677957,0.546744,1966.502808,1550.550171,-3440.105469,1974.569580,1471.029053,-3455.292725,1976.910645,1596.447510,-3464.596680,1952.090088,1498.028809,-3403.873779,1962.440674,1636.695801,-3436.658691,1974.622925,1470.706543,-3455.264648,1976.806030,1596.498169,-3464.541016,1952.098267,1498.218018,-3403.996826,1962.489502,1636.746094,-3436.625977,2616.253662,1567.726562,-3159.776123,,,,,,,,,,,,,,,,,,,,,,,,,,,,,,,,,
6239,62.390000,0.000000,0.000000,0.000000,1.000000,0.000000,0.000000,0.000000,57.698101,20.499701,-14.700500,0.047771,-0.013570,0.015998,-15.666301,-52.738201,18.801300,-93.396698,0.129960,17.611099,-0.173599,-0.460156,-0.678489,0.545685,1968.697998,1550.544189,-3439.344727,1976.917725,1471.042969,-3454.554688,1979.219360,1596.471680,-3463.730469,1954.105591,1497.978638,-3403.248779,1964.549316,1636.683472,-3435.844238,1977.040039,1470.991211,-3454.560059,1979.040283,1596.466187,-3463.748047,1954.021484,1498.028442,-3403.256836,1964.687866,1636.689453,-3435.812988,2616.309570,1567.711182,-3159.773438,,,,,,,,,,,,,,,,,,,,,,,,,,,,,,,,,
6240,62.400000,0.000000,0.000000,0.000000,1.000000,0.000000,0.000000,0.000000,57.698101,20.499701,-14.700500,0.047771,-0.013570,0.015998,-15.666301,-52.738201,18.801300,-93.396698,0.129960,17.611099,-0.171985,-0.460932,-0.679588,0.544172,1970.752563,1550.446777,-3438.594971,1978.926636,1470.951538,-3453.860840,1981.459839,1596.387329,-3462.875244,1955.908081,1497.860352,-3402.632812,1966.715698,1636.588013,-3435.011719,1978.956665,1471.061768,-3453.921875,1981.501587,1596.440918,-3462.985107,1955.842407,1497.845337,-3402.497070,1966.708008,1636.436035,-3434.973633,2616.305664,1567.719971,-3159.769043,,,,,,,,,,,,,,,,,,,,,,,,,,,,,,,,,
6241,62.410000,0.000000,0.000000,0.000000,1.000000,0.000000,0.000000,0.000000,57.698101,20.499701,-14.700500,0.047771,-0.013570,0.015998,-15.666301,-52.738201,18.801300,-93.396698,0.129960,17.611099,-0.172491,-0.460427,-0.680049,0.543862,1972.796021,1550.375610,-3437.867920,1980.833496,1470.874634,-3453.176025,1983.555786,1596.310547,-3462.135498,1957.897827,1497.796021,-3401.917725,1968.896606,1636.521362,-3434.242188,1980.811157,1471.030029,-3453.197510,1983.625488,1596.325439,-3462.196533,1957.887085,1497.774170,-3401.849121,1968.856934,1636.374023,-3434.230469,2616.286377,1567.746948,-3159.780518,,,,,,,,,,,,,,,,,,,,,,,,,,,,,,,,,
6242,62.420000,0.000000,0.000000,0.000000,1.000000,0.000000,0.000000,0.000000,57.698101,20.499701,-14.700500,0.047771,-0.013570,0.015998,-15.666301,-52.738201,18.801300,-93.396698,0.129960,17.611099,-0.174744,-0.458613,-0.680025,0.544706,1974.906006,1550.458740,-3437.192627,1982.732910,1470.950073,-3452.569824,1985.594360,1596.384277,-3461.509766,1960.137085,1497.891724,-3401.171143,1971.159302,1636.609375,-3433.520020,1982.806763,1470.939941,-3452.525391,1985.400635,1596.313965,-3461.435059,1960.111206,1497.968384,-3401.279541,1971.288940,1636.608887,-3433.527588,2616.289551,1567.766724,-3159.782959,,,,,,,,,,,,,,,,,,,,,,,,,,,,,,,,,
6243,62.430000,0.000000,0.000000,0.000000,1.000000,0.000000,0.000000,0.000000,57.698101,20.499701,-14.700500,0.047771,-0.013570,0.015998,-15.666301,-52.738201,18.801300,-93.396698,0.129960,17.611099,-0.171743,-0.460711,-0.680360,0.543470,1977.018921,1550.505859,-3436.632324,1985.077271,1471.013062,-3451.971924,1987.826172,1596.453857,-3460.854004,1962.051758,1497.906982,-3400.739502,1973.120483,1636.649902,-3432.963867,1985.188232,1470.923218,-3452.011963,1987.693970,1596.490601,-3460.868896,1961.969971,1497.971313,-3400.708496,1973.224121,1636.636230,-3432.941650,2616.276855,1567.757446,-3159.778564,,,,,,,,,,,,,,,,,,,,,,,,,,,,,,,,,
6244,62.440000,0.000000,0.000000,0.000000,1.000000,0.000000,0.000000,0.000000,57.698101,20.499701,-14.700500,0.047771,-0.013570,0.015998,-15.666301,-52.738201,18.801300,-93.396698,0.129960,17.611099,-0.169621,-0.462258,-0.680749,0.542335,1978.998169,1550.362305,-3435.985352,1987.185913,1470.876465,-3451.291748,1989.920532,1596.320190,-3460.136963,1963.852417,1497.749390,-3400.187744,1975.033813,1636.503662,-3432.324707,1987.294678,1470.813965,-3451.375488,1989.864502,1596.452271,-3460.257080,1963.728882,1497.789673,-3400.040527,1975.097778,1636.400024,-3432.266357,2616.276855,1567.739624,-3159.778320,,,,,,,,,,,,,,,,,,,,,,,,,,,,,,,,,
6245,62.450000,0.000000,0.000000,0.000000,1.000000,0.000000,0.000000,0.000000,57.698101,20.499701,-14.700500,0.047771,-0.013570,0.015998,-15.666301,-52.738201,18.801300,-93.396698,0.129960,17.611099,-0.170483,-0.461656,-0.681537,0.541588,1981.004150,1550.180176,-3435.443604,1988.950073,1470.676514,-3450.785645,1992.037476,1596.115112,-3459.588135,1965.738281,1497.598022,-3399.651855,1977.290527,1636.331177,-3431.748535,1989.009155,1470.761597,-3450.851318,1992.035400,1596.155762,-3459.684570,1965.653442,1497.582275,-3399.517822,1977.316162,1636.220947,-3431.715332,2616.288818,1567.754883,-3159.781006,,,,,,,,,,,,,,,,,,,,,,,,,,,,,,,,,
6246,62.460000,0.000000,0.000000,0.000000,1.000000,0.000000,0.000000,0.000000,57.698101,20.499701,-14.700500,0.047771,-0.013570,0.015998,-15.666301,-52.738201,18.801300,-93.396698,0.129960,17.611099,-0.173920,-0.459143,-0.681388,0.542817,1983.094482,1550.076416,-3435.000732,1990.734009,1470.555420,-3450.408447,1994.020752,1595.986816,-3459.240234,1968.021362,1497.528076,-3399.077637,1979.601562,1636.235352,-3431.276123,1990.777344,1470.599854,-3450.349121,1993.873535,1595.937500,-3459.174561,1968.012817,1497.562378,-3399.178711,1979.706055,1636.202148,-3431.297363,2616.281982,1567.743774,-3159.788818,,,,,,,,,,,,,,,,,,,,,,,,,,,,,,,,,
6247,62.470000,0.000000,0.000000,0.000000,1.000000,0.000000,0.000000,0.000000,57.698101,20.499701,-14.700500,0.047771,-0.013570,0.015998,-15.666301,-52.738201,18.801300,-93.396698,0.129960,17.611099,-0.171654,-0.460764,-0.681646,0.541839,1985.218262,1550.077148,-3434.558105,1993.029663,1470.566528,-3449.932617,1996.238403,1596.002563,-3458.726807,1969.990112,1497.507935,-3398.731445,1981.614868,1636.232056,-3430.841553,1993.037720,1470.648926,-3449.880371,1996.199829,1595.992310,-3458.744141,1969.987183,1497.514160,-3398.778809,1981.649902,1636.154907,-3430.826416,2616.309082,1567.746704,-3159.777588,,,,,,,,,,,,,,,,,,,,,,,,,,,,,,,,,
6248,62.480000,0.000000,0.000000,0.000000,1.000000,0.000000,0.000000,0.000000,57.698101,20.499701,-14.700500,0.047771,-0.013570,0.015998,-15.666301,-52.738201,18.801300,-93.396698,0.129960,17.611099,-0.169783,-0.462330,-0.682160,0.540447,1987.097778,1549.904297,-3434.076904,1994.981567,1470.390381,-3449.397461,1998.264404,1595.824829,-3458.187256,1971.655273,1497.342163,-3398.331543,1983.489746,1636.060181,-3430.390381,1995.072144,1470.311646,-3449.469238,1998.219482,1595.940186,-3458.283203,1971.557251,1497.400269,-3398.217773,1983.538574,1635.969360,-3430.337402,2616.297607,1567.751343,-3159.777588,,,,,,,,,,,,,,,,,,,,,,,,,,,,,,,,,
6249,62.490000,0.000000,0.000000,0.000000,1.000000,0.000000,0.000000,0.000000,57.698101,20.499701,-14.700500,0.047771,-0.013570,0.015998,-15.666301,-52.738201,18.801300,-93.396698,0.129960,17.611099,-0.170563,-0.462669,-0.682416,0.539586,1989.107544,1549.725220,-3433.720703,1996.830322,1470.174438,-3448.931641,2000.373169,1595.589722,-3457.891357,1973.550171,1497.243530,-3397.906738,1985.676147,1635.893188,-3430.152100,1996.968628,1470.024170,-3449.025879,2000.252441,1595.632568,-3457.921143,1973.442139,1497.304932,-3397.816406,1985.773071,1635.928711,-3430.124268,2616.261963,1567.743408,-3159.786377,,,,,,,,,,,,,,,,,,,,,,,,,,,,,,,,,
6250,62.500000,0.000000,0.000000,0.000000,1.000000,0.000000,0.000000,0.000000,57.698101,20.499701,-14.700500,0.047771,-0.013570,0.015998,-15.666301,-52.738201,18.801300,-93.396698,0.129960,17.611099,-0.173433,-0.460739,-0.682808,0.539828,1991.149414,1549.507935,-3433.360596,1998.508423,1469.931274,-3448.616211,2002.423706,1595.333740,-3457.601074,1975.631836,1497.079834,-3397.451416,1988.033447,1635.687256,-3429.773926,1998.575806,1469.886597,-3448.615723,2002.279297,1595.233032,-3457.534424,1975.611450,1497.201172,-3397.525146,1988.117920,1635.709106,-3429.765625,2616.279785,1567.750732,-3159.782715,,,,,,,,,,,,,,,,,,,,,,,,,,,,,,,,,
6251,62.510000,0.000000,0.000000,0.000000,1.000000,0.000000,0.000000,0.000000,57.698101,20.499701,-14.700500,0.047771,-0.013570,0.015998,-15.666301,-52.738201,18.801300,-93.396698,0.129960,17.611099,-0.171785,-0.462139,-0.682928,0.539005,1993.253540,1549.394043,-3433.061035,2000.741699,1469.818237,-3448.258301,2004.604126,1595.220825,-3457.263916,1977.611694,1496.965332,-3397.206787,1990.056641,1635.572021,-3429.515137,2000.702393,1469.918213,-3448.232178,2004.661987,1595.282227,-3457.302734,1977.631470,1497.016357,-3397.213379,1990.012573,1635.331543,-3429.493408,2616.256836,1567.736450,-3159.784180,,,,,,,,,,,,,,,,,,,,,,,,,,,,,,,,,
6252,62.520000,0.000000,0.000000,0.000000,1.000000,0.000000,0.000000,0.000000,57.698101,20.499701,-14.700500,0.047771,-0.013570,0.015998,-15.666301,-52.738201,18.801300,-93.396698,0.129960,17.611099,-0.171267,-0.462844,-0.683040,0.538424,1995.143677,1549.269043,-3432.723389,2002.647583,1469.684204,-3447.865479,2006.552490,1595.081543,-3456.925781,1979.418457,1496.861328,-3396.874756,1991.956055,1635.449585,-3429.226807,2002.644043,1469.815430,-3447.822021,2006.569336,1595.156250,-3457.019287,1979.392944,1496.781128,-3396.847900,1991.968750,1635.327515,-3429.204102,2616.287842,1567.751221,-3159.787354,,,,,,,,,,,,,,,,,,,,,,,,,,,,,,,,,
6253,62.530000,0.000000,0.000000,0.000000,1.000000,0.000000,0.000000,0.000000,57.698101,20.499701,-14.700500,0.047771,-0.013570,0.015998,-15.666301,-52.738201,18.801300,-93.396698,0.129960,17.611099,-0.171220,-0.463743,-0.683505,0.537072,1997.071045,1549.111572,-3432.422119,2004.452759,1469.493652,-3447.449707,2008.630493,1594.871826,-3456.652100,1981.153564,1496.778809,-3396.549072,1994.047241,1635.302368,-3429.037842,2004.597168,1469.376953,-3447.515625,2008.478394,1594.971436,-3456.696777,1981.019653,1496.719238,-3396.438477,1994.187378,1635.375244,-3429.037354,2616.290283,1567.752197,-3159.781982,,,,,,,,,,,,,,,,,,,,,,,,,,,,,,,,,
6254,62.540000,0.000000,0.000000,0.000000,1.000000,0.000000,0.000000,0.000000,57.698101,20.499701,-14.700500,0.047771,-0.013570,0.015998,-15.666301,-52.738201,18.801300,-93.396698,0.129960,17.611099,-0.172603,-0.463371,-0.683412,0.537070,1999.013672,1548.882568,-3432.150146,2006.256104,1469.239136,-3447.110107,2010.576782,1594.601929,-3456.455566,1983.110962,1496.608887,-3396.184326,1996.110840,1635.080811,-3428.850342,2006.343628,1469.053955,-3447.134033,2010.456787,1594.586670,-3456.430420,1983.078613,1496.829346,-3396.243164,1996.176514,1635.067017,-3428.800537,2616.316406,1567.729370,-3159.773193,,,,,,,,,,,,,,,,,,,,,,,,,,,,,,,,,
6255,62.550000,0.000000,0.000000,0.000000,1.000000,0.000000,0.000000,0.000000,57.698101,20.499701,-14.700500,0.047771,-0.013570,0.015998,-15.666301,-52.738201,18.801300,-93.396698,0.129960,17.611099,-0.171671,-0.464245,-0.683807,0.536109,2001.008057,1548.664795,-3431.889160,2008.253052,1469.014771,-3446.812744,2012.676025,1594.373413,-3456.164062,1984.958862,1496.406006,-3395.966553,1998.143921,1634.865112,-3428.612549,2008.203247,1468.968750,-3446.836426,2012.800171,1594.405029,-3456.213135,1985.008057,1496.617920,-3395.969238,1998.015503,1634.667480,-3428.528809,2616.263916,1567.745972,-3159.784668,,,,,,,,,,,,,,,,,,,,,,,,,,,,,,,,,
6256,62.560000,0.000000,0.000000,0.000000,1.000000,0.000000,0.000000,0.000000,57.698101,20.499701,-14.700500,0.047771,-0.013570,0.015998,-15.666301,-52.738201,18.801300,-93.396698,0.129960,17.611099,-0.170279,-0.465467,-0.683850,0.535439,2002.910400,1548.492920,-3431.600342,2010.272705,1468.842896,-3446.466553,2014.637451,1594.201416,-3455.847168,1986.762207,1496.235229,-3395.720703,1999.968994,1634.692261,-3428.366943,2010.298706,1469.016968,-3446.458740,2014.641724,1594.246704,-3455.949463,1986.712158,1496.198364,-3395.661865,1999.993286,1634.507812,-3428.330078,2616.267334,1567.763794,-3159.802246,,,,,,,,,,,,,,,,,,,,,,,,,,,,,,,,,
6257,62.570000,0.000000,0.000000,0.000000,1.000000,0.000000,0.000000,0.000000,57.698101,20.499701,-14.700500,0.047771,-0.013570,0.015998,-15.666301,-52.738201,18.801300,-93.396698,0.129960,17.611099,-0.171113,-0.465217,-0.684030,0.535161,2004.656494,1548.336792,-3431.313477,2011.888550,1468.669067,-3446.149658,2016.422729,1594.016846,-3455.594971,1988.472412,1496.119507,-3395.391113,2001.842529,1634.541870,-3428.117920,2012.035156,1468.782227,-3446.159424,2016.211304,1594.011108,-3455.626221,1988.337524,1496.001221,-3395.328857,2002.038940,1634.552368,-3428.140137,2616.253906,1567.770264,-3159.792725,,,,,,,,,,,,,,,,,,,,,,,,,,,,,,,,,
6258,62.580000,0.000000,0.000000,0.000000,1.000000,0.000000,0.000000,0.000000,57.698101,20.499701,-14.700500,0.047771,-0.013570,0.015998,-15.666301,-52.738201,18.801300,-93.396698,0.129960,17.611099,-0.170845,-0.466091,-0.683874,0.534684,2006.460449,1548.184082,-3431.053467,2013.722412,1468.498779,-3445.780273,2018.265015,1593.835327,-3455.370361,1990.218872,1496.009521,-3395.095215,2003.635376,1634.392700,-3427.967529,2013.842285,1468.379761,-3445.786621,2018.092407,1593.880127,-3455.385254,1990.137817,1496.036255,-3395.095947,2003.771118,1634.437378,-3427.945801,2616.284668,1567.769409,-3159.786865,,,,,,,,,,,,,,,,,,,,,,,,,,,,,,,,,
6259,62.590000,0.000000,0.000000,0.000000,1.000000,0.000000,0.000000,0.000000,57.698101,20.499701,-14.700500,0.047771,-0.013570,0.015998,-15.666301,-52.738201,18.801300,-93.396698,0.129960,17.611099,-0.170935,-0.466417,-0.684055,0.534140,2008.253296,1547.961426,-3430.842285,2015.454590,1468.261475,-3445.519043,2020.118652,1593.588379,-3455.175537,1991.935791,1495.821777,-3394.867920,2005.504395,1634.174438,-3427.807129,2015.402588,1468.066162,-3445.520752,2020.205200,1593.679932,-3455.192383,1991.995483,1496.024536,-3394.914551,2005.409668,1634.076294,-3427.744385,2616.295898,1567.753296,-3159.778320,,,,,,,,,,,,,,,,,,,,,,,,,,,,,,,,,
6260,62.600000,0.000000,0.000000,0.000000,1.000000,0.000000,0.000000,0.000000,57.698101,20.499701,-14.700500,0.047771,-0.013570,0.015998,-15.666301,-52.738201,18.801300,-93.396698,0.129960,17.611099,-0.169506,-0.467883,-0.684079,0.533282,2010.078369,1547.676514,-3430.621826,2017.393555,1467.970215,-3445.207031,2022.020142,1593.292847,-3454.937744,1993.638306,1495.553467,-3394.678955,2007.261719,1633.890015,-3427.663086,2017.380493,1468.013428,-3445.241943,2022.104004,1593.251587,-3455.007568,1993.650024,1495.743652,-3394.658447,2007.173096,1633.688354,-3427.567627,2616.260742,1567.729492,-3159.783691,,,,,,,,,,,,,,,,,,,,,,,,,,,,,,,,,
6261,62.610000,0.000000,0.000000,0.000000,1.000000,0.000000,0.000000,0.000000,57.698101,20.499701,-14.700500,0.047771,-0.013570,0.015998,-15.666301,-52.738201,18.801300,-93.396698,0.129960,17.611099,-0.170123,-0.467768,-0.684288,0.532917,2011.760742,1547.458252,-3430.395508,2018.960938,1467.735962,-3444.950684,2023.750122,1593.047974,-3454.737549,1995.270752,1495.372803,-3394.421387,2009.061157,1633.676636,-3427.472656,2019.060669,1467.914429,-3444.991943,2023.641113,1592.961426,-3454.759033,1995.193115,1495.415039,-3394.375977,2009.156982,1633.547485,-3427.458984,2616.272949,1567.726929,-3159.784424,,,,,,,,,,,,,,,,,,,,,,,,,,,,,,,,,
6262,62.620000,0.000000,0.000000,0.000000,1.000000,0.000000,0.000000,0.000000,57.698101,20.499701,-14.700500,0.047771,-0.013570,0.015998,-15.666301,-52.738201,18.801300,-93.396698,0.129960,17.611099,-0.170079,-0.468107,-0.684437,0.532443,2013.321655,1547.198975,-3430.116211,2020.483276,1467.465698,-3444.629639,2025.362915,1592.770264,-3454.467285,1996.764771,1495.140015,-3394.134277,2010.675415,1633.420410,-3427.233154,2020.638672,1467.607788,-3444.623535,2025.134277,1592.759399,-3454.510742,1996.617798,1494.976196,-3394.074463,2010.892578,1633.450806,-3427.257080,2616.273926,1567.707031,-3159.779297,,,,,,,,,,,,,,,,,,,,,,,,,,,,,,,,,
6263,62.630000,0.000000,0.000000,0.000000,1.000000,0.000000,0.000000,0.000000,57.698101,20.499701,-14.700500,0.047771,-0.013570,0.015998,-15.666301,-52.738201,18.801300,-93.396698,0.129960,17.611099,-0.169273,-0.468575,-0.684244,0.532537,2014.908081,1546.918945,-3429.914307,2022.190308,1467.195679,-3444.422607,2026.927734,1592.506836,-3454.244873,1998.364136,1494.836792,-3393.959717,2012.150269,1633.136841,-3427.029297,2022.221069,1467.093506,-3444.429688,2026.893555,1592.602905,-3454.261719,1998.332520,1494.805298,-3393.934082,2012.184570,1633.173584,-3427.032227,2616.303711,1567.721802,-3159.763916,,,,,,,,,,,,,,,,,,,,,,,,,,,,,,,,,
6264,62.640000,0.000000,0.000000,0.000000,1.000000,0.000000,0.000000,0.000000,57.698101,20.499701,-14.700500,0.047771,-0.013570,0.015998,-15.666301,-52.738201,18.801300,-93.396698,0.129960,17.611099,-0.169290,-0.468390,-0.684248,0.532688,2016.507446,1546.581909,-3429.599121,2023.794189,1466.863647,-3444.133301,2028.512695,1592.178345,-3453.920898,1999.982788,1494.487305,-3393.653564,2013.739868,1632.798584,-3426.688232,2023.756470,1466.645996,-3444.119141,2028.573975,1592.301270,-3453.951660,2000.028076,1494.673584,-3393.706543,2013.669922,1632.701782,-3426.620117,2616.317383,1567.716675,-3159.769287,,,,,,,,,,,,,,,,,,,,,,,,,,,,,,,,,
6265,62.650000,0.000000,0.000000,0.000000,1.000000,0.000000,0.000000,0.000000,57.698101,20.499701,-14.700500,0.047771,-0.013570,0.015998,-15.666301,-52.738201,18.801300,-93.396698,0.129960,17.611099,-0.167751,-0.469112,-0.684499,0.532217,2018.094360,1546.185547,-3429.362793,2025.492432,1466.483521,-3443.930176,2030.146851,1591.808960,-3453.610352,2001.487915,1494.051880,-3393.511719,2015.250000,1632.397949,-3426.398682,2025.463867,1466.455322,-3443.973877,2030.236694,1591.807739,-3453.631104,2001.523438,1494.281372,-3393.503418,2015.146973,1632.202759,-3426.333740,2616.304688,1567.736816,-3159.769043,,,,,,,,,,,,,,,,,,,,,,,,,,,,,,,,,
6266,62.660000,0.000000,0.000000,0.000000,1.000000,0.000000,0.000000,0.000000,57.698101,20.499701,-14.700500,0.047771,-0.013570,0.015998,-15.666301,-52.738201,18.801300,-93.396698,0.129960,17.611099,-0.168072,-0.468268,-0.684964,0.532261,2019.684814,1545.778931,-3429.075684,2026.983765,1466.087891,-3443.752686,2031.754272,1591.420654,-3453.280273,2003.069214,1493.616821,-3393.270508,2016.932007,1631.990234,-3425.999268,2027.062622,1466.275513,-3443.787354,2031.679810,1591.316040,-3453.315674,2003.010986,1493.722290,-3393.244141,2016.993774,1631.800781,-3425.954590,2616.297607,1567.758423,-3159.794922,,,,,,,,,,,,,,,,,,,,,,,,,,,,,,,,,
6267,62.670000,0.000000,0.000000,0.000000,1.000000,0.000000,0.000000,0.000000,57.698101,20.499701,-14.700500,0.047771,-0.013570,0.015998,-15.666301,-52.738201,18.801300,-93.396698,0.129960,17.611099,-0.168863,-0.466951,-0.685193,0.532872,2021.059692,1545.381470,-3428.803955,2028.267578,1465.706543,-3443.612793,2033.083862,1591.049561,-3452.981445,2004.520142,1493.179810,-3393.020996,2018.367310,1631.590088,-3425.600098,2028.405396,1465.883789,-3443.599365,2032.848389,1590.990723,-3452.966309,2004.416260,1493.103516,-3393.011475,2018.572144,1631.553101,-3425.638672,2616.282471,1567.736206,-3159.779297,,,,,,,,,,,,,,,,,,,,,,,,,,,,,,,,,
6268,62.680000,0.000000,0.000000,0.000000,1.000000,0.000000,0.000000,0.000000,57.698101,20.499701,-14.700500,0.047771,-0.013570,0.015998,-15.666301,-52.738201,18.801300,-93.396698,0.129960,17.611099,-0.168365,-0.466487,-0.685637,0.532865,2022.508911,1544.911499,-3428.507812,2029.707886,1465.258789,-3443.439941,2034.549194,1590.615601,-3452.609131,2005.947632,1492.656250,-3392.813232,2019.830200,1631.115479,-3425.168701,2029.868896,1465.275391,-3443.461426,2034.303467,1590.636719,-3452.613770,2005.810059,1492.571167,-3392.760254,2020.047241,1631.166016,-3425.197021,2616.321289,1567.747437,-3159.767578,,,,,,,,,,,,,,,,,,,,,,,,,,,,,,,,,
6269,62.690000,0.000000,0.000000,0.000000,1.000000,0.000000,0.000000,0.000000,57.698101,20.499701,-14.700500,0.047771,-0.013570,0.015998,-15.666301,-52.738201,18.801300,-93.396698,0.129960,17.611099,-0.167927,-0.466390,-0.685912,0.532734,2024.005859,1544.403564,-3428.214600,2031.207764,1464.762329,-3443.206299,2036.067993,1590.125977,-3452.270020,2007.414062,1492.120972,-3392.574219,2021.333496,1630.604980,-3424.807373,2031.287231,1464.569946,-3443.265137,2036.000000,1590.192871,-3452.277344,2007.361938,1492.217651,-3392.539795,2021.379028,1630.616943,-3424.781494,2616.316650,1567.770874,-3159.771240,,,,,,,,,,,,,,,,,,,,,,,,,,,,,,,,,
6270,62.700000,0.000000,0.000000,0.000000,1.000000,0.000000,0.000000,0.000000,57.698101,20.499701,-14.700500,0.047771,-0.013570,0.015998,-15.666301,-52.738201,18.801300,-93.396698,0.129960,17.611099,-0.168972,-0.464766,-0.686814,0.532662,2025.536499,1543.812500,-3427.875244,2032.490967,1464.182129,-3443.040527,2037.649414,1589.550293,-3451.876221,2008.909424,1491.503906,-3392.289551,2023.096069,1630.013794,-3424.294434,2032.426392,1464.048462,-3443.042969,2037.768555,1589.627808,-3451.913818,2008.979614,1491.737061,-3392.331299,2022.967773,1629.843994,-3424.210938,2616.290527,1567.743164,-3159.767578,,,,,,,,,,,,,,,,,,,,,,,,,,,,,,,,,
6271,62.710000,0.000000,0.000000,0.000000,1.000000,0.000000,0.000000,0.000000,57.698101,20.499701,-14.700500,0.047771,-0.013570,0.015998,-15.666301,-52.738201,18.801300,-93.396698,0.129960,17.611099,-0.168608,-0.463905,-0.686993,0.533295,2027.067139,1543.255127,-3427.523438,2034.065186,1463.659546,-3442.850586,2039.124268,1589.048340,-3451.446533,2010.511597,1490.865234,-3392.024170,2024.567627,1629.447510,-3423.772217,2033.979858,1463.692017,-3442.829590,2039.267822,1589.107910,-3451.488281,2010.585815,1491.020386,-3392.057129,2024.426270,1629.171143,-3423.713135,2616.269287,1567.738403,-3159.778809,,,,,,,,,,,,,,,,,,,,,,,,,,,,,,,,,
6272,62.720000,0.000000,0.000000,0.000000,1.000000,0.000000,0.000000,0.000000,57.698101,20.499701,-14.700500,0.047771,-0.013570,0.015998,-15.666301,-52.738201,18.801300,-93.396698,0.129960,17.611099,-0.168006,-0.463081,-0.687438,0.533628,2028.498169,1542.747559,-3427.088623,2035.513916,1463.189331,-3442.600586,2040.538086,1588.598999,-3450.908936,2011.964111,1490.271973,-3391.706787,2025.976685,1628.930420,-3423.138916,2035.500000,1463.277954,-3442.558838,2040.554077,1588.667603,-3450.958740,2011.963379,1490.276978,-3391.715576,2025.975220,1628.756226,-3423.118408,2616.265625,1567.718750,-3159.781006,,,,,,,,,,,,,,,,,,,,,,,,,,,,,,,,,
6273,62.730000,0.000000,0.000000,0.000000,1.000000,0.000000,0.000000,0.000000,57.698101,20.499701,-14.700500,0.047771,-0.013570,0.015998,-15.666301,-52.738201,18.801300,-93.396698,0.129960,17.611099,-0.167715,-0.462332,-0.688156,0.533444,2029.911011,1542.202515,-3426.643799,2036.847412,1462.667603,-3442.310059,2041.997192,1588.087891,-3450.374756,2013.323975,1489.674683,-3391.363770,2027.475586,1628.379883,-3422.526367,2036.925537,1462.652344,-3442.316162,2041.899658,1588.139160,-3450.422119,2013.248657,1489.633911,-3391.326660,2027.567139,1628.385864,-3422.511963,2616.271973,1567.766479,-3159.782959,,,,,,,,,,,,,,,,,,,,,,,,,,,,,,,,,
6274,62.740000,0.000000,0.000000,0.000000,1.000000,0.000000,0.000000,0.000000,57.698101,20.499701,-14.700500,0.047771,-0.013570,0.015998,-15.666301,-52.738201,18.801300,-93.396698,0.129960,17.611099,-0.166759,-0.462696,-0.689055,0.532266,2031.416626,1541.592407,-3426.148682,2038.276245,1462.061523,-3441.869385,2043.648193,1587.481323,-3449.798096,2014.637695,1489.057129,-3390.970459,2029.104248,1627.769531,-3421.956299,2038.459961,1461.989990,-3441.932861,2043.422485,1587.485352,-3449.827637,2014.495361,1489.083374,-3390.904297,2029.288818,1627.809326,-3421.932617,2616.293457,1567.750000,-3159.777100,,,,,,,,,,,,,,,,,,,,,,,,,,,,,,,,,
6275,62.750000,0.000000,0.000000,0.000000,1.000000,0.000000,0.000000,0.000000,57.698101,20.499701,-14.700500,0.047771,-0.013570,0.015998,-15.666301,-52.738201,18.801300,-93.396698,0.129960,17.611099,-0.167171,-0.461066,-0.689954,0.532386,2032.876221,1540.947998,-3425.585938,2039.565796,1461.448120,-3441.534180,2045.136963,1586.879272,-3449.138428,2016.081299,1488.347534,-3390.513428,2030.720947,1627.117676,-3421.157959,2039.756958,1461.525513,-3441.613037,2044.914307,1586.816040,-3449.173584,2015.927368,1488.378296,-3390.420898,2030.906006,1627.072021,-3421.140625,2616.278809,1567.744995,-3159.781494,,,,,,,,,,,,,,,,,,,,,,,,,,,,,,,,,
6276,62.760000,0.000000,0.000000,0.000000,1.000000,0.000000,0.000000,0.000000,57.698101,20.499701,-14.700500,0.047771,-0.013570,0.015998,-15.666301,-52.738201,18.801300,-93.396698,0.129960,17.611099,-0.167377,-0.459862,-0.690680,0.532423,2034.392822,1540.457275,-3425.081543,2040.956299,1460.982666,-3441.207764,2046.681885,1586.422241,-3448.552734,2017.576172,1487.804443,-3390.097900,2032.356689,1626.619995,-3420.467529,2040.999878,1461.052246,-3441.178467,2046.610840,1586.486206,-3448.588379,2017.524048,1487.718262,-3390.080078,2032.435669,1626.571533,-3420.478760,2616.285400,1567.753174,-3159.781494,,,,,,,,,,,,,,,,,,,,,,,,,,,,,,,,,
6277,62.770000,0.000000,0.000000,0.000000,1.000000,0.000000,0.000000,0.000000,57.698101,20.499701,-14.700500,0.047771,-0.013570,0.015998,-15.666301,-52.738201,18.801300,-93.396698,0.129960,17.611099,-0.167144,-0.459165,-0.690919,0.532786,2035.899902,1540.038940,-3424.541504,2042.470459,1460.590942,-3440.795410,2048.162598,1586.043091,-3447.949707,2019.119019,1487.328003,-3389.628174,2033.847290,1626.193848,-3419.792480,2042.403198,1460.592407,-3440.764648,2048.271484,1586.145996,-3447.991943,2019.155518,1487.297119,-3389.626465,2033.774170,1626.126343,-3419.785156,2616.298340,1567.749268,-3159.772949,,,,,,,,,,,,,,,,,,,,,,,,,,,,,,,,,
6278,62.780000,0.000000,0.000000,0.000000,1.000000,0.000000,0.000000,0.000000,57.698101,20.499701,-14.700500,0.047771,-0.013570,0.015998,-15.666301,-52.738201,18.801300,-93.396698,0.129960,17.611099,-0.166650,-0.458815,-0.691300,0.532748,2037.411011,1539.506958,-3423.949951,2043.979370,1460.080078,-3440.307617,2049.690430,1585.541016,-3447.290527,2020.607178,1486.751099,-3389.115479,2035.366821,1625.655640,-3419.085938,2043.956543,1459.948364,-3440.255615,2049.717041,1585.638550,-3447.349609,2020.646362,1486.946533,-3389.205322,2035.323608,1625.497437,-3418.989990,2616.266602,1567.744141,-3159.781006,,,,,,,,,,,,,,,,,,,,,,,,,,,,,,,,,
6279,62.790000,0.000000,0.000000,0.000000,1.000000,0.000000,0.000000,0.000000,57.698101,20.499701,-14.700500,0.047771,-0.013570,0.015998,-15.666301,-52.738201,18.801300,-93.396698,0.129960,17.611099,-0.166020,-0.458942,-0.692157,0.531723,2039.011719,1538.965088,-3423.361572,2045.480957,1459.542480,-3439.779541,2051.421875,1585.000000,-3446.631104,2022.040161,1486.205444,-3388.614502,2037.103882,1625.112671,-3418.420898,2045.495483,1459.473267,-3439.800049,2051.422607,1585.044067,-3446.649414,2022.045898,1486.454224,-3388.635010,2037.080322,1624.894775,-3418.355713,2616.298584,1567.750244,-3159.781982,,,,,,,,,,,,,,,,,,,,,,,,,,,,,,,,,
6280,62.800000,0.000000,0.000000,0.000000,1.000000,0.000000,0.000000,0.000000,57.698101,20.499701,-14.700500,0.047771,-0.013570,0.015998,-15.666301,-52.738201,18.801300,-93.396698,0.129960,17.611099,-0.165765,-0.458926,-0.692947,0.530786,2040.580078,1538.501953,-3422.742188,2046.921753,1459.078735,-3439.206787,2053.112061,1584.529663,-3445.960938,2023.457031,1485.750366,-3388.057129,2038.829346,1624.649536,-3417.743164,2047.009277,1459.213623,-3439.230225,2053.014160,1584.437744,-3445.991455,2023.396973,1485.844238,-3388.040283,2038.904663,1624.510742,-3417.706299,2616.298096,1567.756836,-3159.783447,,,,,,,,,,,,,,,,,,,,,,,,,,,,,,,,,
6281,62.810000,0.000000,0.000000,0.000000,1.000000,0.000000,0.000000,0.000000,57.698101,20.499701,-14.700500,0.047771,-0.013570,0.015998,-15.666301,-52.738201,18.801300,-93.396698,0.129960,17.611099,-0.166683,-0.457747,-0.693598,0.530666,2042.003174,1538.114014,-3422.096680,2048.142334,1458.697876,-3438.671875,2054.580566,1584.143677,-3445.287109,2024.846069,1485.356079,-3387.438232,2040.443604,1624.258911,-3416.989258,2048.263184,1458.824707,-3438.659912,2054.381348,1584.033813,-3445.290283,2024.763550,1485.324219,-3387.445801,2040.601440,1624.271606,-3416.990723,2616.292725,1567.724854,-3159.778809,,,,,,,,,,,,,,,,,,,,,,,,,,,,,,,,,
6282,62.820000,0.000000,0.000000,0.000000,1.000000,0.000000,0.000000,0.000000,57.698101,20.499701,-14.700500,0.047771,-0.013570,0.015998,-15.666301,-52.738201,18.801300,-93.396698,0.129960,17.611099,-0.165995,-0.458211,-0.694164,0.529740,2043.351440,1537.728882,-3421.421875,2049.444336,1458.310913,-3438.005127,2056.036621,1583.751465,-3444.567139,2026.050293,1484.979492,-3386.822021,2041.874146,1623.873779,-3416.292480,2049.523438,1458.404541,-3437.974609,2055.895264,1583.764038,-3444.570068,2025.974243,1484.849976,-3386.813232,2042.011230,1623.895020,-3416.329346,2616.295166,1567.749146,-3159.780029,,,,,,,,,,,,,,,,,,,,,,,,,,,,,,,,,
6283,62.830000,0.000000,0.000000,0.000000,1.000000,0.000000,0.000000,0.000000,57.698101,20.499701,-14.700500,0.047771,-0.013570,0.015998,-15.666301,-52.738201,18.801300,-93.396698,0.129960,17.611099,-0.164894,-0.459359,-0.694888,0.528139,2044.863403,1537.292480,-3420.710449,2050.903320,1457.859985,-3437.243408,2057.725342,1583.287842,-3443.812744,2027.323975,1484.581177,-3386.172852,2043.501099,1623.441162,-3415.613281,2050.998047,1457.842163,-3437.283936,2057.646973,1583.399780,-3443.895508,2027.219482,1484.576904,-3386.079102,2043.584351,1623.354858,-3415.583496,2616.271484,1567.778931,-3159.797363,,,,,,,,,,,,,,,,,,,,,,,,,,,,,,,,,
6284,62.840000,0.000000,0.000000,0.000000,1.000000,0.000000,0.000000,0.000000,57.698101,20.499701,-14.700500,0.047771,-0.013570,0.015998,-15.666301,-52.738201,18.801300,-93.396698,0.129960,17.611099,-0.163872,-0.460329,-0.695532,0.526762,2046.352417,1536.837891,-3419.977295,2052.350830,1457.395142,-3436.476318,2059.366211,1582.812866,-3443.034668,2028.607178,1484.154663,-3385.501709,2045.085205,1622.989014,-3414.896240,2052.430908,1457.308228,-3436.570557,2059.370605,1582.900269,-3443.149414,2028.518677,1484.306396,-3385.375732,2045.084961,1622.841187,-3414.804688,2616.265137,1567.748901,-3159.797852,,,,,,,,,,,,,,,,,,,,,,,,,,,,,,,,,
6285,62.850000,0.000000,0.000000,0.000000,1.000000,0.000000,0.000000,0.000000,57.698101,20.499701,-14.700500,0.047771,-0.013570,0.015998,-15.666301,-52.738201,18.801300,-93.396698,0.129960,17.611099,-0.164880,-0.459707,-0.695706,0.526761,2047.725220,1536.500854,-3419.223877,2053.586182,1457.049561,-3435.731689,2060.753418,1582.457764,-3442.309082,2029.979736,1483.842285,-3384.710693,2046.581543,1622.653687,-3414.143555,2053.516602,1456.945068,-3435.744385,2060.902588,1582.564697,-3442.364990,2030.043091,1484.041260,-3384.716553,2046.435547,1622.450317,-3414.065918,2616.290771,1567.729126,-3159.785645,,,,,,,,,,,,,,,,,,,,,,,,,,,,,,,,,
6286,62.860000,0.000000,0.000000,0.000000,1.000000,0.000000,0.000000,0.000000,57.698101,20.499701,-14.700500,0.047771,-0.013570,0.015998,-15.666301,-52.738201,18.801300,-93.396698,0.129960,17.611099,-0.166291,-0.458271,-0.695777,0.527474,2049.162354,1536.284546,-3418.468506,2054.887207,1456.841919,-3435.064453,2062.135010,1582.249146,-3441.569824,2031.513672,1483.613159,-3383.925537,2048.113281,1622.434204,-3413.313965,2054.821533,1456.732544,-3435.004395,2062.190430,1582.349487,-3441.572266,2031.581665,1483.702393,-3384.011475,2048.056641,1622.354004,-3413.286621,2616.277588,1567.763672,-3159.774902,,,,,,,,,,,,,,,,,,,,,,,,,,,,,,,,,
6287,62.870000,0.000000,0.000000,0.000000,1.000000,0.000000,0.000000,0.000000,57.698101,20.499701,-14.700500,0.047771,-0.013570,0.015998,-15.666301,-52.738201,18.801300,-93.396698,0.129960,17.611099,-0.165990,-0.458358,-0.696042,0.527144,2050.592773,1536.080933,-3417.673340,2056.298340,1456.641357,-3434.290527,2063.605957,1582.047607,-3440.747803,2032.890137,1483.405762,-3383.163574,2049.576172,1622.229492,-3412.490967,2056.266357,1456.608887,-3434.203369,2063.579102,1582.102905,-3440.721680,2032.930176,1483.384521,-3383.265625,2049.595215,1622.226318,-3412.503418,2616.279785,1567.760132,-3159.792236,,,,,,,,,,,,,,,,,,,,,,,,,,,,,,,,,
6288,62.880000,0.000000,0.000000,0.000000,1.000000,0.000000,0.000000,0.000000,57.698101,20.499701,-14.700500,0.047771,-0.013570,0.015998,-15.666301,-52.738201,18.801300,-93.396698,0.129960,17.611099,-0.165988,-0.458656,-0.696457,0.526337,2052.044189,1535.848877,-3416.855225,2057.653320,1456.395996,-3433.441895,2065.152100,1581.789551,-3439.927979,2034.223267,1483.209961,-3382.351074,2051.147461,1622.000244,-3411.700195,2057.698975,1456.444336,-3433.399658,2065.017578,1581.762939,-3439.870361,2034.201416,1483.166992,-3382.405273,2051.255127,1622.020630,-3411.743652,2616.286865,1567.748901,-3159.776123,,,,,,,,,,,,,,,,,,,,,,,,,,,,,,,,,
6289,62.890000,0.000000,0.000000,0.000000,1.000000,0.000000,0.000000,0.000000,57.698101,20.499701,-14.700500,0.047771,-0.013570,0.015998,-15.666301,-52.738201,18.801300,-93.396698,0.129960,17.611099,-0.164749,-0.459752,-0.697264,0.524699,2053.432617,1535.520752,-3415.955322,2058.989502,1456.058350,-3432.513916,2066.722900,1581.439209,-3438.967773,2035.365845,1482.912109,-3381.533203,2052.652588,1621.673706,-3410.806396,2059.113037,1456.108154,-3432.532959,2066.521973,1581.312012,-3438.946777,2035.297852,1483.056030,-3381.562500,2052.782959,1621.600342,-3410.777832,2616.299561,1567.733154,-3159.780762,,,,,,,,,,,,,,,,,,,,,,,,,,,,,,,,,
6290,62.900000,0.000000,0.000000,0.000000,1.000000,0.000000,0.000000,0.000000,57.698101,20.499701,-14.700500,0.047771,-0.013570,0.015998,-15.666301,-52.738201,18.801300,-93.396698,0.129960,17.611099,-0.163932,-0.460769,-0.697929,0.523176,2054.847412,1535.240234,-3415.039551,2060.329590,1455.760742,-3431.541260,2068.305176,1581.125122,-3438.021484,2036.557861,1482.678467,-3380.663086,2054.197021,1621.396606,-3409.932129,2060.488281,1455.761230,-3431.628906,2068.137695,1581.091309,-3438.041016,2036.439941,1482.875610,-3380.596191,2054.323242,1621.239258,-3409.887695,2616.274414,1567.726074,-3159.770996,,,,,,,,,,,,,,,,,,,,,,,,,,,,,,,,,
6291,62.910000,0.000000,0.000000,0.000000,1.000000,0.000000,0.000000,0.000000,57.698101,20.499701,-14.700500,0.047771,-0.013570,0.015998,-15.666301,-52.738201,18.801300,-93.396698,0.129960,17.611099,-0.163242,-0.461162,-0.698513,0.522266,2056.239258,1535.112305,-3414.125244,2061.672363,1455.633545,-3430.646484,2069.803467,1580.991577,-3437.055908,2037.808472,1482.556763,-3379.814697,2055.672852,1621.267334,-3408.983643,2061.738281,1455.597046,-3430.744873,2069.826416,1581.083252,-3437.152344,2037.727539,1482.702637,-3379.676270,2055.658691,1621.062500,-3408.913818,2616.261230,1567.800415,-3159.804932,,,,,,,,,,,,,,,,,,,,,,,,,,,,,,,,,
6292,62.920000,0.000000,0.000000,0.000000,1.000000,0.000000,0.000000,0.000000,57.698101,20.499701,-14.700500,0.047771,-0.013570,0.015998,-15.666301,-52.738201,18.801300,-93.396698,0.129960,17.611099,-0.163643,-0.460628,-0.699270,0.521598,2057.591064,1535.028564,-3413.187744,2062.839844,1455.551147,-3429.774414,2071.253418,1580.895508,-3436.084717,2039.049683,1482.487427,-3378.914795,2057.221191,1621.180542,-3407.976562,2062.877930,1455.612915,-3429.811768,2071.292725,1581.053833,-3436.213135,2038.956177,1482.387695,-3378.765381,2057.232666,1621.062866,-3407.958984,2616.252197,1567.776978,-3159.808838,,,,,,,,,,,,,,,,,,,,,,,,,,,,,,,,,
6293,62.930000,0.000000,0.000000,0.000000,1.000000,0.000000,0.000000,0.000000,57.698101,20.499701,-14.700500,0.047771,-0.013570,0.015998,-15.666301,-52.738201,18.801300,-93.396698,0.129960,17.611099,-0.165783,-0.459350,-0.699423,0.521845,2058.978027,1534.947876,-3412.206299,2063.976807,1455.455444,-3428.798584,2072.638184,1580.779541,-3435.175293,2040.475586,1482.455200,-3377.838379,2058.821777,1621.101440,-3407.013184,2064.012939,1455.479126,-3428.783936,2072.588867,1580.880737,-3435.211426,2040.416504,1482.337524,-3377.796875,2058.887695,1621.091431,-3407.032471,2616.274414,1567.752686,-3159.793457,,,,,,,,,,,,,,,,,,,,,,,,,,,,,,,,,
6294,62.940000,0.000000,0.000000,0.000000,1.000000,0.000000,0.000000,0.000000,57.698101,20.499701,-14.700500,0.047771,-0.013570,0.015998,-15.666301,-52.738201,18.801300,-93.396698,0.129960,17.611099,-0.167567,-0.458273,-0.699756,0.521774,2060.436768,1534.877197,-3411.270508,2065.184082,1455.371582,-3427.873535,2074.129639,1580.673828,-3434.290039,2041.924438,1482.432251,-3376.835205,2060.508789,1621.031250,-3406.083496,2065.201660,1455.379028,-3427.816650,2074.044434,1580.688843,-3434.261230,2041.912598,1482.329712,-3376.889404,2060.590088,1621.111084,-3406.118652,2616.266113,1567.739990,-3159.789062,,,,,,,,,,,,,,,,,,,,,,,,,,,,,,,,,
6295,62.950000,0.000000,0.000000,0.000000,1.000000,0.000000,0.000000,0.000000,57.698101,20.499701,-14.700500,0.047771,-0.013570,0.015998,-15.666301,-52.738201,18.801300,-93.396698,0.129960,17.611099,-0.168431,-0.458326,-0.699900,0.521256,2061.865479,1534.801758,-3410.271729,2066.471436,1455.271606,-3426.796875,2075.619385,1580.552246,-3433.345947,2043.288696,1482.422485,-3375.770996,2062.082764,1620.960815,-3405.172363,2066.469727,1455.289551,-3426.694580,2075.509277,1580.524536,-3433.275146,2043.332153,1482.464478,-3375.933350,2062.149414,1620.931152,-3405.189453,2616.277832,1567.742188,-3159.782471,,,,,,,,,,,,,,,,,,,,,,,,,,,,,,,,,
6296,62.960000,0.000000,0.000000,0.000000,1.000000,0.000000,0.000000,0.000000,57.698101,20.499701,-14.700500,0.047771,-0.013570,0.015998,-15.666301,-52.738201,18.801300,-93.396698,0.129960,17.611099,-0.168341,-0.459168,-0.699677,0.520844,2063.283203,1534.790649,-3409.253906,2067.912354,1455.237061,-3425.659424,2077.066162,1580.508423,-3432.375732,2044.662476,1482.460205,-3374.702881,2063.491699,1620.957031,-3404.277344,2067.975586,1455.276245,-3425.616943,2076.899658,1580.388428,-3432.329834,2044.664673,1482.660400,-3374.834717,2063.582031,1620.843872,-3404.242676,2616.290771,1567.755615,-3159.781982,,,,,,,,,,,,,,,,,,,,,,,,,,,,,,,,,
6297,62.970000,0.000000,0.000000,0.000000,1.000000,0.000000,0.000000,0.000000,57.698101,20.499701,-14.700500,0.047771,-0.013570,0.015998,-15.666301,-52.738201,18.801300,-93.396698,0.129960,17.611099,-0.166075,-0.461819,-0.699733,0.519150,2064.671875,1534.864014,-3408.228271,2069.466553,1455.282593,-3424.449707,2078.603271,1580.546265,-3431.331055,2045.820190,1482.588013,-3373.720215,2064.796631,1621.039673,-3403.411377,2069.566162,1455.284790,-3424.490967,2078.489014,1580.536133,-3431.346680,2045.757080,1482.813843,-3373.710938,2064.875977,1620.823120,-3403.357910,2616.282471,1567.721069,-3159.767090,,,,,,,,,,,,,,,,,,,,,,,,,,,,,,,,,
6298,62.980000,0.000000,0.000000,0.000000,1.000000,0.000000,0.000000,0.000000,57.698101,20.499701,-14.700500,0.047771,-0.013570,0.015998,-15.666301,-52.738201,18.801300,-93.396698,0.129960,17.611099,-0.164572,-0.463472,-0.699796,0.518069,2065.963135,1535.021729,-3407.139893,2070.864746,1455.425049,-3423.253906,2079.989990,1580.684692,-3430.223389,2046.963257,1482.775269,-3372.668213,2066.034180,1621.202515,-3402.413330,2070.909912,1455.416748,-3423.304443,2080.008301,1580.750244,-3430.314209,2046.915527,1482.952148,-3372.597168,2066.011719,1620.951294,-3402.325684,2616.246094,1567.746582,-3159.784912,,,,,,,,,,,,,,,,,,,,,,,,,,,,,,,,,
6299,62.990000,0.000000,0.000000,0.000000,1.000000,0.000000,0.000000,0.000000,57.698101,20.499701,-14.700500,0.047771,-0.013570,0.015998,-15.666301,-52.738201,18.801300,-93.396698,0.129960,17.611099,-0.164654,-0.463769,-0.700056,0.517425,2067.282959,1535.222900,-3406.009277,2072.107178,1455.612915,-3422.081787,2081.382568,1580.858765,-3429.102051,2048.192871,1483.014404,-3371.529785,2067.448975,1621.405640,-3401.323242,2072.198730,1455.611816,-3422.150391,2081.371338,1580.961182,-3429.251953,2048.076660,1483.065552,-3371.388672,2067.479248,1621.254272,-3401.241699,2616.280762,1567.747803,-3159.790283,,,,,,,,,,,,,,,,,,,,,,,,,,,,,,,,,
6300,63.000000,0.000000,0.000000,0.000000,1.000000,0.000000,0.000000,0.000000,57.698101,20.499701,-14.700500,0.047771,-0.013570,0.015998,-15.666301,-52.738201,18.801300,-93.396698,0.129960,17.611099,-0.164799,-0.463663,-0.700515,0.516852,2068.476074,1535.418213,-3404.829590,2073.190918,1455.805176,-3420.918945,2082.650146,1581.039062,-3427.906250,2049.297607,1483.229492,-3370.369385,2068.764893,1621.599609,-3400.123291,2073.287598,1455.829590,-3420.965332,2082.572754,1581.149170,-3427.973389,2049.179443,1483.177246,-3370.252930,2068.856445,1621.517334,-3400.122070,2616.286133,1567.711914,-3159.780762,,,,,,,,,,,,,,,,,,,,,,,,,,,,,,,,,
6301,63.010000,0.000000,0.000000,0.000000,1.000000,0.000000,0.000000,0.000000,57.698101,20.499701,-14.700500,0.047771,-0.013570,0.015998,-15.666301,-52.738201,18.801300,-93.396698,0.129960,17.611099,-0.164762,-0.463462,-0.700851,0.516590,2069.710693,1535.637573,-3403.614502,2074.369629,1456.029785,-3419.746338,2083.923584,1581.260498,-3426.663574,2050.486816,1483.444336,-3369.186523,2070.063232,1621.816040,-3398.861084,2074.439453,1456.073120,-3419.764893,2083.835938,1581.322266,-3426.670654,2050.399902,1483.324463,-3369.115234,2070.163574,1621.824219,-3398.904053,2616.300781,1567.765259,-3159.770752,,,,,,,,,,,,,,,,,,,,,,,,,,,,,,,,,
6302,63.020000,0.000000,0.000000,0.000000,1.000000,0.000000,0.000000,0.000000,57.698101,20.499701,-14.700500,0.047771,-0.013570,0.015998,-15.666301,-52.738201,18.801300,-93.396698,0.129960,17.611099,-0.165300,-0.462592,-0.700973,0.517032,2070.985840,1535.855835,-3402.380615,2075.588623,1456.261597,-3418.595215,2085.165283,1581.495728,-3425.416504,2051.816162,1483.636475,-3367.962158,2071.373047,1622.029785,-3397.548584,2075.623535,1456.260742,-3418.569092,2085.075928,1581.520508,-3425.393799,2051.786621,1483.569580,-3367.981934,2071.455566,1622.074097,-3397.578613,2616.280273,1567.740845,-3159.780273,,,,,,,,,,,,,,,,,,,,,,,,,,,,,,,,,
6303,63.030000,0.000000,0.000000,0.000000,1.000000,0.000000,0.000000,0.000000,57.698101,20.499701,-14.700500,0.047771,-0.013570,0.015998,-15.666301,-52.738201,18.801300,-93.396698,0.129960,17.611099,-0.164972,-0.462007,-0.701181,0.517377,2072.202393,1536.050903,-3401.149170,2076.829102,1456.482300,-3417.482422,2086.355469,1581.729858,-3424.123779,2053.066162,1483.773804,-3366.799561,2072.558838,1622.217773,-3396.191162,2076.838623,1456.468140,-3417.407715,2086.249023,1581.711792,-3424.065186,2053.088623,1483.779053,-3366.916504,2072.630371,1622.244141,-3396.209229,2616.285400,1567.747803,-3159.774658,,,,,,,,,,,,,,,,,,,,,,,,,,,,,,,,,
6304,63.040000,0.000000,0.000000,0.000000,1.000000,0.000000,0.000000,0.000000,57.698101,20.499701,-14.700500,0.047771,-0.013570,0.015998,-15.666301,-52.738201,18.801300,-93.396698,0.129960,17.611099,-0.164071,-0.461808,-0.701391,0.517556,2073.437500,1536.347534,-3399.933838,2078.143555,1456.806641,-3416.378906,2087.575928,1582.071411,-3422.827637,2054.310059,1484.004883,-3365.679199,2073.719971,1622.507324,-3394.849121,2078.121826,1456.843506,-3416.301514,2087.514404,1582.013306,-3422.759277,2054.371094,1484.073120,-3365.819580,2073.744385,1622.465210,-3394.861816,2616.295166,1567.753662,-3159.778809,,,,,,,,,,,,,,,,,,,,,,,,,,,,,,,,,
6305,63.050000,0.000000,0.000000,0.000000,1.000000,0.000000,0.000000,0.000000,57.698101,20.499701,-14.700500,0.047771,-0.013570,0.015998,-15.666301,-52.738201,18.801300,-93.396698,0.129960,17.611099,-0.162238,-0.462323,-0.701652,0.517321,2074.645264,1536.622437,-3398.745117,2079.507812,1457.109741,-3415.280273,2088.803955,1582.394775,-3421.529541,2055.467529,1484.209839,-3364.625977,2074.801758,1622.775513,-3393.544189,2079.497314,1457.219727,-3415.239014,2088.794678,1582.370117,-3421.529541,2055.491211,1484.281494,-3364.677734,2074.797119,1622.613403,-3393.532471,2616.265137,1567.727661,-3159.792236,,,,,,,,,,,,,,,,,,,,,,,,,,,,,,,,,
6306,63.060000,0.000000,0.000000,0.000000,1.000000,0.000000,0.000000,0.000000,57.698101,20.499701,-14.700500,0.047771,-0.013570,0.015998,-15.666301,-52.738201,18.801300,-93.396698,0.129960,17.611099,-0.160620,-0.462452,-0.702303,0.516827,2075.757812,1536.879272,-3397.592285,2080.684814,1457.399536,-3414.266357,2089.978516,1582.697998,-3420.244629,2056.484375,1484.397705,-3363.633545,2075.883057,1623.022339,-3392.224609,2080.662842,1457.531006,-3414.232666,2090.019775,1582.724976,-3420.291260,2056.494629,1484.430786,-3363.639893,2075.847656,1622.813843,-3392.200195,2616.300537,1567.763428,-3159.780029,,,,,,,,,,,,,,,,,,,,,,,,,,,,,,,,,
6307,63.070000,0.000000,0.000000,0.000000,1.000000,0.000000,0.000000,0.000000,57.698101,20.499701,-14.700500,0.047771,-0.013570,0.015998,-15.666301,-52.738201,18.801300,-93.396698,0.129960,17.611099,-0.159623,-0.462542,-0.702518,0.516763,2076.847656,1537.118530,-3396.510010,2081.852783,1457.659912,-3413.262207,2091.075439,1582.970825,-3419.089844,2057.552734,1484.587769,-3362.639648,2076.909180,1623.255737,-3391.048828,2081.867188,1457.746704,-3413.289062,2091.118164,1582.965942,-3419.160645,2057.537842,1484.718628,-3362.597656,2076.861084,1623.020874,-3390.982666,2616.260010,1567.745117,-3159.788818,,,,,,,,,,,,,,,,,,,,,,,,,,,,,,,,,
6308,63.080000,0.000000,0.000000,0.000000,1.000000,0.000000,0.000000,0.000000,57.698101,20.499701,-14.700500,0.047771,-0.013570,0.015998,-15.666301,-52.738201,18.801300,-93.396698,0.129960,17.611099,-0.159373,-0.462020,-0.702740,0.517005,2077.952148,1537.365112,-3395.478027,2082.965332,1457.928833,-3412.333008,2092.164551,1583.248657,-3418.004150,2058.678223,1484.787842,-3361.667969,2078.000488,1623.495239,-3389.907227,2083.017578,1457.986328,-3412.416016,2092.204102,1583.248291,-3418.101318,2058.617920,1484.940918,-3361.552490,2077.960449,1623.274292,-3389.826172,2616.275391,1567.746460,-3159.787598,,,,,,,,,,,,,,,,,,,,,,,,,,,,,,,,,
6309,63.090000,0.000000,0.000000,0.000000,1.000000,0.000000,0.000000,0.000000,57.698101,20.499701,-14.700500,0.047771,-0.013570,0.015998,-15.666301,-52.738201,18.801300,-93.396698,0.129960,17.611099,-0.160193,-0.460508,-0.702805,0.518012,2079.065186,1537.672974,-3394.554688,2084.025635,1458.265259,-3411.559326,2093.190674,1583.595337,-3417.055908,2059.919434,1485.037720,-3360.762207,2079.124756,1623.793823,-3388.840820,2084.126953,1458.264282,-3411.634277,2093.149170,1583.571899,-3417.163330,2059.828857,1485.194824,-3360.671387,2079.151855,1623.666382,-3388.740234,2616.321777,1567.737183,-3159.772705,,,,,,,,,,,,,,,,,,,,,,,,,,,,,,,,,
6310,63.100000,0.000000,0.000000,0.000000,1.000000,0.000000,0.000000,0.000000,57.698101,20.499701,-14.700500,0.047771,-0.013570,0.015998,-15.666301,-52.738201,18.801300,-93.396698,0.129960,17.611099,-0.162649,-0.457773,-0.702408,0.520203,2080.188721,1538.020386,-3393.665771,2085.033203,1458.642456,-3410.841797,2094.108398,1583.984619,-3416.210205,2061.346680,1485.322998,-3359.799316,2080.266602,1624.131836,-3387.812012,2085.099609,1458.570923,-3410.898193,2094.053223,1583.941528,-3416.229980,2061.317627,1485.569702,-3359.790771,2080.282715,1624.024292,-3387.741211,2616.338867,1567.752808,-3159.760254,,,,,,,,,,,,,,,,,,,,,,,,,,,,,,,,,
6311,63.110000,0.000000,0.000000,0.000000,1.000000,0.000000,0.000000,0.000000,57.698101,20.499701,-14.700500,0.047771,-0.013570,0.015998,-15.666301,-52.738201,18.801300,-93.396698,0.129960,17.611099,-0.164733,-0.455371,-0.701826,0.522438,2081.377441,1538.376099,-3392.865479,2086.173584,1459.027466,-3410.189697,2095.075684,1584.386475,-3415.451172,2062.851074,1485.611450,-3358.929688,2081.409668,1624.479248,-3386.891113,2086.244385,1458.915039,-3410.172363,2094.894287,1584.252930,-3415.380371,2062.860596,1485.851685,-3359.071045,2081.495117,1624.499146,-3386.847656,2616.303711,1567.719971,-3159.763672,,,,,,,,,,,,,,,,,,,,,,,,,,,,,,,,,
6312,63.120000,0.000000,0.000000,0.000000,1.000000,0.000000,0.000000,0.000000,57.698101,20.499701,-14.700500,0.047771,-0.013570,0.015998,-15.666301,-52.738201,18.801300,-93.396698,0.129960,17.611099,-0.164707,-0.454362,-0.701367,0.523938,2082.618164,1538.667725,-3392.044434,2087.550781,1459.356445,-3409.501465,2096.154541,1584.743408,-3414.594971,2064.297852,1485.809570,-3358.142334,2082.469971,1624.761597,-3385.939453,2087.676514,1459.334595,-3409.514160,2095.916504,1584.610962,-3414.544434,2064.237305,1485.937988,-3358.194336,2082.619141,1624.775757,-3385.920166,2616.264648,1567.744995,-3159.789551,,,,,,,,,,,,,,,,,,,,,,,,,,,,,,,,,
6313,63.130000,0.000000,0.000000,0.000000,1.000000,0.000000,0.000000,0.000000,57.698101,20.499701,-14.700500,0.047771,-0.013570,0.015998,-15.666301,-52.738201,18.801300,-93.396698,0.129960,17.611099,-0.164579,-0.453718,-0.700926,0.525125,2083.889404,1538.948120,-3391.256348,2088.953125,1459.665039,-3408.803467,2097.293213,1585.074463,-3413.782471,2065.734863,1486.018188,-3357.376953,2083.576904,1625.035278,-3385.062256,2089.062744,1459.772217,-3408.818604,2097.146973,1585.001953,-3413.801758,2065.656006,1486.034912,-3357.354492,2083.693115,1624.982910,-3385.051514,2616.277344,1567.756592,-3159.793457,,,,,,,,,,,,,,,,,,,,,,,,,,,,,,,,,
6314,63.140000,0.000000,0.000000,0.000000,1.000000,0.000000,0.000000,0.000000,57.698101,20.499701,-14.700500,0.047771,-0.013570,0.015998,-15.666301,-52.738201,18.801300,-93.396698,0.129960,17.611099,-0.164958,-0.452908,-0.701025,0.525573,2085.104980,1539.160400,-3390.444580,2090.130859,1459.894043,-3408.077637,2098.473145,1585.307373,-3412.948975,2067.005371,1486.198853,-3356.584961,2084.810547,1625.241455,-3384.166016,2090.114990,1459.978271,-3408.068115,2098.539551,1585.375122,-3413.031006,2066.993652,1486.176880,-3356.542725,2084.772705,1625.108276,-3384.139160,2616.287109,1567.722046,-3159.778809,,,,,,,,,,,,,,,,,,,,,,,,,,,,,,,,,
6315,63.150000,0.000000,0.000000,0.000000,1.000000,0.000000,0.000000,0.000000,57.698101,20.499701,-14.700500,0.047771,-0.013570,0.015998,-15.666301,-52.738201,18.801300,-93.396698,0.129960,17.611099,-0.166380,-0.451934,-0.700733,0.526352,2086.349609,1539.368896,-3389.603027,2091.291504,1460.099121,-3407.244385,2099.641602,1585.510010,-3412.165039,2068.368408,1486.415894,-3355.667480,2086.097412,1625.450806,-3383.335449,2091.276123,1460.234863,-3407.249023,2099.730469,1585.620361,-3412.265625,2068.327148,1486.274658,-3355.556641,2086.066650,1625.345947,-3383.338867,2616.253418,1567.711426,-3159.783691,,,,,,,,,,,,,,,,,,,,,,,,,,,,,,,,,
6316,63.160000,0.000000,0.000000,0.000000,1.000000,0.000000,0.000000,0.000000,57.698101,20.499701,-14.700500,0.047771,-0.013570,0.015998,-15.666301,-52.738201,18.801300,-93.396698,0.129960,17.611099,-0.168030,-0.451018,-0.700153,0.527385,2087.729492,1539.594360,-3388.781738,2092.614502,1460.314697,-3406.394531,2100.909668,1585.724609,-3411.431152,2069.911621,1486.658325,-3354.733643,2087.482178,1625.680176,-3382.567627,2092.600342,1460.352051,-3406.382080,2100.947754,1585.788330,-3411.473633,2069.905029,1486.612305,-3354.708740,2087.466309,1625.626465,-3382.564209,2616.285889,1567.721802,-3159.776367,,,,,,,,,,,,,,,,,,,,,,,,,,,,,,,,,
6317,63.170000,0.000000,0.000000,0.000000,1.000000,0.000000,0.000000,0.000000,57.698101,20.499701,-14.700500,0.047771,-0.013570,0.015998,-15.666301,-52.738201,18.801300,-93.396698,0.129960,17.611099,-0.170361,-0.449947,-0.699686,0.528171,2089.169189,1539.777100,-3387.909180,2093.892822,1460.473511,-3405.458740,2102.270020,1585.870483,-3410.679199,2071.485107,1486.894409,-3353.708740,2089.029053,1625.869873,-3381.790039,2093.915039,1460.410645,-3405.389893,2102.170898,1585.890991,-3410.653809,2071.494385,1486.950562,-3353.818115,2089.094482,1625.858032,-3381.777100,2616.303955,1567.749023,-3159.769043,,,,,,,,,,,,,,,,,,,,,,,,,,,,,,,,,
6318,63.180000,0.000000,0.000000,0.000000,1.000000,0.000000,0.000000,0.000000,57.698101,20.499701,-14.700500,0.047771,-0.013570,0.015998,-15.666301,-52.738201,18.801300,-93.396698,0.129960,17.611099,-0.170709,-0.450571,-0.698810,0.528686,2090.648682,1539.854980,-3386.988281,2095.484375,1460.526489,-3404.393555,2103.664551,1585.926392,-3409.851074,2073.066162,1487.008545,-3352.679199,2090.378906,1625.958740,-3381.028320,2095.563477,1460.510132,-3404.367920,2103.495117,1585.890381,-3409.816162,2073.036621,1487.160034,-3352.763184,2090.490234,1625.862793,-3381.006836,2616.307861,1567.738037,-3159.772705,,,,,,,,,,,,,,,,,,,,,,,,,,,,,,,,,
6319,63.190000,0.000000,0.000000,0.000000,1.000000,0.000000,0.000000,0.000000,57.698101,20.499701,-14.700500,0.047771,-0.013570,0.015998,-15.666301,-52.738201,18.801300,-93.396698,0.129960,17.611099,-0.169432,-0.452412,-0.698135,0.528417,2092.092773,1539.858398,-3385.977539,2097.161377,1460.507080,-3403.211914,2105.097168,1585.913330,-3408.880127,2074.493652,1487.040649,-3351.633057,2091.618896,1625.972656,-3380.184570,2097.301270,1460.545044,-3403.251465,2104.891357,1585.826660,-3408.863037,2074.409180,1487.237793,-3351.639893,2091.760986,1625.822998,-3380.153076,2616.282715,1567.748535,-3159.778320,,,,,,,,,,,,,,,,,,,,,,,,,,,,,,,,,
6320,63.200000,0.000000,0.000000,0.000000,1.000000,0.000000,0.000000,0.000000,57.698101,20.499701,-14.700500,0.047771,-0.013570,0.015998,-15.666301,-52.738201,18.801300,-93.396698,0.129960,17.611099,-0.168642,-0.454299,-0.697458,0.527944,2093.549805,1539.873535,-3384.922607,2098.786621,1460.485352,-3401.935547,2106.564697,1585.887695,-3407.900879,2075.911865,1487.119385,-3350.500244,2092.935791,1626.001587,-3379.353027,2098.888184,1460.523071,-3401.977539,2106.463867,1585.881104,-3407.947754,2075.833496,1487.280029,-3350.461426,2093.016113,1625.802612,-3379.296387,2616.269531,1567.765503,-3159.790527,,,,,,,,,,,,,,,,,,,,,,,,,,,,,,,,,
6321,63.210000,0.000000,0.000000,0.000000,1.000000,0.000000,0.000000,0.000000,57.698101,20.499701,-14.700500,0.047771,-0.013570,0.015998,-15.666301,-52.738201,18.801300,-93.396698,0.129960,17.611099,-0.168065,-0.455667,-0.696950,0.527619,2094.947998,1539.895508,-3383.785889,2100.310059,1460.481445,-3400.637939,2107.968506,1585.880615,-3406.819580,2077.284668,1487.187134,-3349.306885,2094.229004,1626.033203,-3378.379395,2100.340332,1460.567139,-3400.682129,2108.032715,1586.020142,-3406.967773,2077.207275,1487.155273,-3349.161377,2094.211914,1625.833496,-3378.334229,2616.267822,1567.720947,-3159.784424,,,,,,,,,,,,,,,,,,,,,,,,,,,,,,,,,
6322,63.220000,0.000000,0.000000,0.000000,1.000000,0.000000,0.000000,0.000000,57.698101,20.499701,-14.700500,0.047771,-0.013570,0.015998,-15.666301,-52.738201,18.801300,-93.396698,0.129960,17.611099,-0.169150,-0.455818,-0.696240,0.528080,2096.416016,1539.916870,-3382.560547,2101.780273,1460.474121,-3399.276611,2109.369141,1585.865234,-3405.705322,2078.845947,1487.264282,-3347.948730,2095.668457,1626.064087,-3377.311523,2101.764404,1460.573364,-3399.282959,2109.465332,1586.040039,-3405.819092,2078.797119,1487.096802,-3347.819092,2095.642578,1625.958618,-3377.320312,2616.321777,1567.710083,-3159.758301,,,,,,,,,,,,,,,,,,,,,,,,,,,,,,,,,
6323,63.230000,0.000000,0.000000,0.000000,1.000000,0.000000,0.000000,0.000000,57.698101,20.499701,-14.700500,0.047771,-0.013570,0.015998,-15.666301,-52.738201,18.801300,-93.396698,0.129960,17.611099,-0.170518,-0.455492,-0.695195,0.529296,2097.950195,1539.909546,-3381.306396,2103.367188,1460.449097,-3397.920654,2110.751221,1585.840942,-3404.569092,2080.584717,1487.285034,-3346.549072,2097.097900,1626.063599,-3376.186279,2103.356689,1460.472046,-3397.891602,2110.761963,1585.963867,-3404.596680,2080.572021,1487.201172,-3346.532227,2097.110840,1626.005859,-3376.207031,2616.338135,1567.755981,-3159.756592,,,,,,,,,,,,,,,,,,,,,,,,,,,,,,,,,
6324,63.240000,0.000000,0.000000,0.000000,1.000000,0.000000,0.000000,0.000000,57.698101,20.499701,-14.700500,0.047771,-0.013570,0.015998,-15.666301,-52.738201,18.801300,-93.396698,0.129960,17.611099,-0.170821,-0.456084,-0.694684,0.529360,2099.575928,1539.809448,-3379.999268,2105.036377,1460.325684,-3396.487549,2112.350586,1585.710938,-3403.335205,2082.240479,1487.230591,-3345.157959,2098.676025,1625.970947,-3375.015869,2105.046387,1460.185791,-3396.454346,2112.280029,1585.769165,-3403.275879,2082.255615,1487.277954,-3345.231445,2098.719482,1625.998657,-3375.031250,2616.312500,1567.731567,-3159.769287,,,,,,,,,,,,,,,,,,,,,,,,,,,,,,,,,
6325,63.250000,0.000000,0.000000,0.000000,1.000000,0.000000,0.000000,0.000000,57.698101,20.499701,-14.700500,0.047771,-0.013570,0.015998,-15.666301,-52.738201,18.801300,-93.396698,0.129960,17.611099,-0.170411,-0.457093,-0.694495,0.528869,2101.286377,1539.570801,-3378.598389,2106.798828,1460.066895,-3394.971924,2114.097412,1585.444824,-3401.968506,2083.893066,1487.033203,-3343.723633,2100.356201,1625.738525,-3373.729736,2106.884766,1459.916138,-3394.977539,2113.937988,1585.432617,-3401.914062,2083.865234,1487.201294,-3343.795166,2100.452148,1625.735107,-3373.709473,2616.266846,1567.749512,-3159.783447,,,,,,,,,,,,,,,,,,,,,,,,,,,,,,,,,
6326,63.260000,0.000000,0.000000,0.000000,1.000000,0.000000,0.000000,0.000000,57.698101,20.499701,-14.700500,0.047771,-0.013570,0.015998,-15.666301,-52.738201,18.801300,-93.396698,0.129960,17.611099,-0.169538,-0.458046,-0.694317,0.528560,2102.999512,1539.295166,-3377.143555,2108.621826,1459.785400,-3393.450195,2115.827148,1585.164917,-3400.513184,2085.567139,1486.765625,-3342.276123,2101.981445,1625.465332,-3372.334717,2108.751465,1459.835205,-3393.460449,2115.614502,1585.060547,-3400.500244,2085.494385,1486.946167,-3342.318848,2102.125244,1625.334595,-3372.293701,2616.271240,1567.698730,-3159.784912,,,,,,,,,,,,,,,,,,,,,,,,,,,,,,,,,
6327,63.270000,0.000000,0.000000,0.000000,1.000000,0.000000,0.000000,0.000000,57.698101,20.499701,-14.700500,0.047771,-0.013570,0.015998,-15.666301,-52.738201,18.801300,-93.396698,0.129960,17.611099,-0.169165,-0.458286,-0.694362,0.528412,2104.681885,1539.065674,-3375.654785,2110.333008,1459.557617,-3391.960205,2117.523438,1584.938721,-3399.010010,2087.226562,1486.531372,-3340.805908,2103.644775,1625.235474,-3370.842529,2110.412109,1459.730225,-3391.946533,2117.429932,1584.933228,-3399.059326,2087.162354,1486.544922,-3340.787109,2103.738525,1625.050903,-3370.823975,2616.323730,1567.730225,-3159.756104,,,,,,,,,,,,,,,,,,,,,,,,,,,,,,,,,
6328,63.280000,0.000000,0.000000,0.000000,1.000000,0.000000,0.000000,0.000000,57.698101,20.499701,-14.700500,0.047771,-0.013570,0.015998,-15.666301,-52.738201,18.801300,-93.396698,0.129960,17.611099,-0.169377,-0.457817,-0.694571,0.528475,2106.362793,1538.860840,-3374.141357,2111.962646,1459.360352,-3390.502197,2119.208252,1584.742554,-3397.477295,2088.908936,1486.312622,-3339.312744,2105.371338,1625.027954,-3369.273193,2111.939697,1459.504150,-3390.463379,2119.277344,1584.851562,-3397.587891,2088.888916,1486.224731,-3339.266113,2105.346680,1624.866211,-3369.251709,2616.294434,1567.715820,-3159.760742,,,,,,,,,,,,,,,,,,,,,,,,,,,,,,,,,
6329,63.290000,0.000000,0.000000,0.000000,1.000000,0.000000,0.000000,0.000000,57.698101,20.499701,-14.700500,0.047771,-0.013570,0.015998,-15.666301,-52.738201,18.801300,-93.396698,0.129960,17.611099,-0.169060,-0.458139,-0.694972,0.527770,2108.111084,1538.595947,-3372.552002,2113.656494,1459.090210,-3388.905273,2121.039062,1584.465088,-3395.866943,2090.550293,1486.064697,-3337.751709,2107.198486,1624.763794,-3367.683594,2113.719238,1459.096680,-3388.936279,2121.008789,1584.593994,-3395.962891,2090.466553,1486.057251,-3337.657715,2107.246094,1624.638184,-3367.651367,2616.298828,1567.765625,-3159.779053,,,,,,,,,,,,,,,,,,,,,,,,,,,,,,,,,
6330,63.300000,0.000000,0.000000,0.000000,1.000000,0.000000,0.000000,0.000000,57.698101,20.499701,-14.700500,0.047771,-0.013570,0.015998,-15.666301,-52.738201,18.801300,-93.396698,0.129960,17.611099,-0.170294,-0.457617,-0.695428,0.527225,2110.064941,1538.278320,-3370.991211,2115.381836,1458.753174,-3387.325928,2123.072266,1584.106445,-3394.343018,2092.426514,1485.803955,-3336.144531,2109.379639,1624.449951,-3366.151367,2115.479736,1458.656860,-3387.388672,2122.998291,1584.166748,-3394.407959,2092.346436,1485.970581,-3336.084961,2109.435303,1624.322021,-3366.079102,2616.263916,1567.762085,-3159.796631,,,,,,,,,,,,,,,,,,,,,,,,,,,,,,,,,
6331,63.310000,0.000000,0.000000,0.000000,1.000000,0.000000,0.000000,0.000000,57.698101,20.499701,-14.700500,0.047771,-0.013570,0.015998,-15.666301,-52.738201,18.801300,-93.396698,0.129960,17.611099,-0.172985,-0.455002,-0.695845,0.528062,2111.971436,1537.998169,-3369.465088,2116.961914,1458.483521,-3385.953125,2124.932617,1583.826538,-3392.842041,2094.443359,1485.518921,-3334.569824,2111.547363,1624.164062,-3364.495117,2116.982178,1458.419556,-3385.948242,2124.903320,1583.819214,-3392.858398,2094.449219,1485.675415,-3334.617676,2111.551758,1624.089233,-3364.437988,2616.256836,1567.719360,-3159.792236,,,,,,,,,,,,,,,,,,,,,,,,,,,,,,,,,
6332,63.320000,0.000000,0.000000,0.000000,1.000000,0.000000,0.000000,0.000000,57.698101,20.499701,-14.700500,0.047771,-0.013570,0.015998,-15.666301,-52.738201,18.801300,-93.396698,0.129960,17.611099,-0.174527,-0.453033,-0.695674,0.529470,2113.813477,1537.821655,-3367.940918,2118.716309,1458.331177,-3384.571289,2126.642090,1583.684326,-3391.323486,2096.482422,1485.291016,-3333.024414,2113.412598,1623.980225,-3362.844238,2118.743896,1458.292969,-3384.499756,2126.507324,1583.644775,-3391.253662,2096.498291,1485.342773,-3333.159912,2113.497314,1624.006592,-3362.852539,2616.289307,1567.749146,-3159.769531,,,,,,,,,,,,,,,,,,,,,,,,,,,,,,,,,
6333,63.330000,0.000000,0.000000,0.000000,1.000000,0.000000,0.000000,0.000000,57.698101,20.499701,-14.700500,0.047771,-0.013570,0.015998,-15.666301,-52.738201,18.801300,-93.396698,0.129960,17.611099,-0.174334,-0.452588,-0.695483,0.530165,2115.621094,1537.651001,-3366.407471,2120.603516,1458.181274,-3383.113037,2128.374023,1583.549683,-3389.760498,2098.384033,1485.068604,-3331.522461,2115.122559,1623.804443,-3361.233154,2120.636475,1458.228394,-3383.045898,2128.248291,1583.511597,-3389.707764,2098.383789,1485.088257,-3331.623047,2115.210938,1623.774170,-3361.251953,2616.319336,1567.744263,-3159.781494,,,,,,,,,,,,,,,,,,,,,,,,,,,,,,,,,
6334,63.340000,0.000000,0.000000,0.000000,1.000000,0.000000,0.000000,0.000000,57.698101,20.499701,-14.700500,0.047771,-0.013570,0.015998,-15.666301,-52.738201,18.801300,-93.396698,0.129960,17.611099,-0.173245,-0.453579,-0.695867,0.529171,2117.551514,1537.439087,-3364.905762,2122.557617,1457.963379,-3381.576172,2130.409668,1583.326782,-3388.223145,2100.164795,1484.872437,-3330.071533,2117.073975,1623.593994,-3359.752686,2122.642578,1457.947266,-3381.598877,2130.313232,1583.375732,-3388.263184,2100.097168,1484.971069,-3330.044678,2117.154785,1623.458252,-3359.713379,2616.312012,1567.717285,-3159.767578,,,,,,,,,,,,,,,,,,,,,,,,,,,,,,,,,
6335,63.350000,0.000000,0.000000,0.000000,1.000000,0.000000,0.000000,0.000000,57.698101,20.499701,-14.700500,0.047771,-0.013570,0.015998,-15.666301,-52.738201,18.801300,-93.396698,0.129960,17.611099,-0.172911,-0.454108,-0.696086,0.528537,2119.469727,1537.167725,-3363.385254,2124.453613,1457.682129,-3380.014893,2132.395508,1583.037842,-3386.699463,2101.991699,1484.626099,-3328.558838,2119.037598,1623.324829,-3358.267578,2124.550537,1457.735840,-3380.097412,2132.367188,1583.114502,-3386.821533,2101.877686,1484.700317,-3328.407959,2119.080322,1623.109985,-3358.201660,2616.292969,1567.745728,-3159.773682,,,,,,,,,,,,,,,,,,,,,,,,,,,,,,,,,
6336,63.360000,0.000000,0.000000,0.000000,1.000000,0.000000,0.000000,0.000000,57.698101,20.499701,-14.700500,0.047771,-0.013570,0.015998,-15.666301,-52.738201,18.801300,-93.396698,0.129960,17.611099,-0.174405,-0.452754,-0.696526,0.528629,2121.410889,1537.082397,-3361.895264,2126.165527,1457.598633,-3378.600342,2134.355469,1582.941895,-3385.220215,2103.939209,1484.552856,-3327.047607,2121.182617,1623.236572,-3356.712891,2126.255859,1457.677124,-3378.661865,2134.333496,1583.006958,-3385.368408,2103.812500,1484.480713,-3326.881104,2121.230957,1623.163696,-3356.663330,2616.243164,1567.765747,-3159.802002,,,,,,,,,,,,,,,,,,,,,,,,,,,,,,,,,
6337,63.370000,0.000000,0.000000,0.000000,1.000000,0.000000,0.000000,0.000000,57.698101,20.499701,-14.700500,0.047771,-0.013570,0.015998,-15.666301,-52.738201,18.801300,-93.396698,0.129960,17.611099,-0.177061,-0.450430,-0.696154,0.530219,2123.332031,1537.091919,-3360.372559,2127.909180,1457.616089,-3377.164795,2136.124023,1582.958740,-3383.767334,2106.098145,1484.550537,-3325.424561,2123.196533,1623.242798,-3355.133301,2127.958252,1457.683838,-3377.127441,2136.022705,1582.954956,-3383.766113,2106.056396,1484.471069,-3325.442627,2123.289551,1623.258301,-3355.154053,2616.246094,1567.761475,-3159.802734,,,,,,,,,,,,,,,,,,,,,,,,,,,,,,,,,
6338,63.380000,0.000000,0.000000,0.000000,1.000000,0.000000,0.000000,0.000000,57.698101,20.499701,-14.700500,0.047771,-0.013570,0.015998,-15.666301,-52.738201,18.801300,-93.396698,0.129960,17.611099,-0.178345,-0.449418,-0.696240,0.530535,2125.251221,1537.070557,-3358.816650,2129.683594,1457.593384,-3375.641846,2138.024170,1582.927979,-3382.240234,2108.065186,1484.540649,-3323.827393,2125.232422,1623.220215,-3353.556641,2129.702637,1457.582764,-3375.569824,2137.935059,1582.978760,-3382.219971,2108.064941,1484.551147,-3323.914307,2125.301514,1623.170532,-3353.562500,2616.279297,1567.753662,-3159.785156,,,,,,,,,,,,,,,,,,,,,,,,,,,,,,,,,
6339,63.390000,0.000000,0.000000,0.000000,1.000000,0.000000,0.000000,0.000000,57.698101,20.499701,-14.700500,0.047771,-0.013570,0.015998,-15.666301,-52.738201,18.801300,-93.396698,0.129960,17.611099,-0.178538,-0.449902,-0.696589,0.529600,2127.181641,1536.948853,-3357.240479,2131.500977,1457.449341,-3373.989014,2140.059326,1582.763672,-3380.689697,2109.865234,1484.479248,-3322.225098,2127.300781,1623.103149,-3352.057617,2131.567627,1457.376099,-3373.983643,2139.935547,1582.787720,-3380.664551,2109.839111,1484.646973,-3322.282715,2127.382568,1622.991821,-3352.032227,2616.291016,1567.747070,-3159.774902,,,,,,,,,,,,,,,,,,,,,,,,,,,,,,,,,
6340,63.400000,0.000000,0.000000,0.000000,1.000000,0.000000,0.000000,0.000000,57.698101,20.499701,-14.700500,0.047771,-0.013570,0.015998,-15.666301,-52.738201,18.801300,-93.396698,0.129960,17.611099,-0.176926,-0.451735,-0.697016,0.528016,2129.300781,1536.938843,-3355.693848,2133.672363,1457.419800,-3372.335693,2142.339111,1582.722412,-3379.115479,2111.753662,1484.514893,-3320.724854,2129.438232,1623.098389,-3350.599121,2133.734619,1457.454224,-3372.406982,2142.336182,1582.798950,-3379.198486,2111.682129,1484.633057,-3320.611328,2129.447754,1622.848022,-3350.545898,2616.273438,1567.723755,-3159.780029,,,,,,,,,,,,,,,,,,,,,,,,,,,,,,,,,
6341,63.410000,0.000000,0.000000,0.000000,1.000000,0.000000,0.000000,0.000000,57.698101,20.499701,-14.700500,0.047771,-0.013570,0.015998,-15.666301,-52.738201,18.801300,-93.396698,0.129960,17.611099,-0.177322,-0.452018,-0.697337,0.527218,2131.339844,1537.056396,-3354.188965,2135.584961,1457.516724,-3370.764160,2144.469971,1582.798828,-3377.639648,2113.682861,1484.690796,-3319.188477,2131.621338,1623.219727,-3349.163330,2135.708740,1457.657715,-3370.851074,2144.413086,1582.845093,-3377.763916,2113.529053,1484.617798,-3318.992188,2131.700928,1623.106689,-3349.136475,2616.288818,1567.706909,-3159.775635,,,,,,,,,,,,,,,,,,,,,,,,,,,,,,,,,
6342,63.420000,0.000000,0.000000,0.000000,1.000000,0.000000,0.000000,0.000000,57.698101,20.499701,-14.700500,0.047771,-0.013570,0.015998,-15.666301,-52.738201,18.801300,-93.396698,0.129960,17.611099,-0.179877,-0.450988,-0.696898,0.527814,2133.240479,1537.243652,-3352.681885,2137.287598,1457.674316,-3369.164551,2146.307861,1582.934082,-3376.268555,2115.698486,1484.952881,-3317.511475,2133.667480,1623.413574,-3347.782471,2137.375488,1457.811523,-3369.148926,2146.193848,1582.948120,-3376.312012,2115.596191,1484.772095,-3317.452393,2133.792725,1623.434814,-3347.808838,2616.285645,1567.729126,-3159.772217,,,,,,,,,,,,,,,,,,,,,,,,,,,,,,,,,
6343,63.430000,0.000000,0.000000,0.000000,1.000000,0.000000,0.000000,0.000000,57.698101,20.499701,-14.700500,0.047771,-0.013570,0.015998,-15.666301,-52.738201,18.801300,-93.396698,0.129960,17.611099,-0.181697,-0.450616,-0.696168,0.528471,2135.146729,1537.440674,-3351.184570,2139.124512,1457.840942,-3367.537354,2148.128662,1583.086670,-3374.904053,2117.733398,1485.215942,-3315.852783,2135.599609,1623.619263,-3346.443848,2139.140625,1457.927124,-3367.471680,2148.061035,1583.056396,-3374.895996,2117.731689,1485.190796,-3315.918945,2135.652588,1623.591553,-3346.449463,2616.265625,1567.708984,-3159.792725,,,,,,,,,,,,,,,,,,,,,,,,,,,,,,,,,
6344,63.440000,0.000000,0.000000,0.000000,1.000000,0.000000,0.000000,0.000000,57.698101,20.499701,-14.700500,0.047771,-0.013570,0.015998,-15.666301,-52.738201,18.801300,-93.396698,0.129960,17.611099,-0.182056,-0.451856,-0.695711,0.527890,2137.073975,1537.584717,-3349.690674,2141.055176,1457.939819,-3365.821289,2150.092773,1583.163208,-3373.519531,2119.609131,1485.459961,-3314.236816,2137.538574,1623.775879,-3345.184814,2141.047119,1457.932983,-3365.781006,2150.084473,1583.173218,-3373.531006,2119.639160,1485.592163,-3314.315186,2137.527588,1623.641968,-3345.138916,2616.218506,1567.731201,-3159.787354,,,,,,,,,,,,,,,,,,,,,,,,,,,,,,,,,
6345,63.450000,0.000000,0.000000,0.000000,1.000000,0.000000,0.000000,0.000000,57.698101,20.499701,-14.700500,0.047771,-0.013570,0.015998,-15.666301,-52.738201,18.801300,-93.396698,0.129960,17.611099,-0.181537,-0.454049,-0.695862,0.525984,2139.148193,1537.786377,-3348.214355,2143.083252,1458.086548,-3364.082275,2152.352295,1583.271606,-3372.119385,2121.432129,1485.797363,-3312.686035,2139.724854,1623.990234,-3343.969727,2143.164307,1458.056885,-3364.140869,2152.295410,1583.283203,-3372.174316,2121.364502,1485.914185,-3312.624023,2139.768555,1623.894165,-3343.913818,2616.248779,1567.765869,-3159.799561,,,,,,,,,,,,,,,,,,,,,,,,,,,,,,,,,
6346,63.460000,0.000000,0.000000,0.000000,1.000000,0.000000,0.000000,0.000000,57.698101,20.499701,-14.700500,0.047771,-0.013570,0.015998,-15.666301,-52.738201,18.801300,-93.396698,0.129960,17.611099,-0.181101,-0.455911,-0.695862,0.524522,2141.154541,1538.005127,-3346.705566,2145.074219,1458.259521,-3362.345947,2154.495605,1583.413818,-3370.680176,2123.250000,1486.127930,-3311.108398,2141.798340,1624.219238,-3342.688232,2145.257812,1458.364990,-3362.475830,2154.368652,1583.359985,-3370.784424,2123.077637,1486.165405,-3310.924561,2141.912842,1624.140747,-3342.635254,2616.296143,1567.764404,-3159.787598,,,,,,,,,,,,,,,,,,,,,,,,,,,,,,,,,
6347,63.470000,0.000000,0.000000,0.000000,1.000000,0.000000,0.000000,0.000000,57.698101,20.499701,-14.700500,0.047771,-0.013570,0.015998,-15.666301,-52.738201,18.801300,-93.396698,0.129960,17.611099,-0.182571,-0.455901,-0.694997,0.525168,2142.997559,1538.313965,-3345.206299,2146.907959,1458.537842,-3360.692139,2156.246338,1583.678833,-3369.314453,2125.222412,1486.502930,-3309.448242,2143.612793,1624.536621,-3341.370361,2147.051758,1458.621216,-3360.769287,2156.107910,1583.595337,-3369.371094,2125.113037,1486.616943,-3309.371338,2143.717529,1624.424683,-3341.314453,2616.313477,1567.761963,-3159.769775,,,,,,,,,,,,,,,,,,,,,,,,,,,,,,,,,
6348,63.480000,0.000000,0.000000,0.000000,1.000000,0.000000,0.000000,0.000000,57.698101,20.499701,-14.700500,0.047771,-0.013570,0.015998,-15.666301,-52.738201,18.801300,-93.396698,0.129960,17.611099,-0.184161,-0.455116,-0.693976,0.526643,2144.790283,1538.627075,-3343.728271,2148.737549,1458.841187,-3359.155273,2157.861572,1583.986572,-3367.943359,2127.257324,1486.826294,-3307.835938,2145.304199,1624.854248,-3339.979004,2148.763672,1458.953613,-3359.146973,2157.826416,1583.903198,-3367.956787,2127.260254,1486.969604,-3307.876953,2145.312012,1624.678223,-3339.930908,2616.290527,1567.736450,-3159.769775,,,,,,,,,,,,,,,,,,,,,,,,,,,,,,,,,
6349,63.490000,0.000000,0.000000,0.000000,1.000000,0.000000,0.000000,0.000000,57.698101,20.499701,-14.700500,0.047771,-0.013570,0.015998,-15.666301,-52.738201,18.801300,-93.396698,0.129960,17.611099,-0.184430,-0.455638,-0.693927,0.526161,2146.632568,1538.953857,-3342.258301,2150.536133,1459.146484,-3357.584473,2159.748779,1584.274902,-3366.521240,2129.043457,1487.209229,-3306.312500,2147.201904,1625.185303,-3338.614502,2150.492676,1459.205200,-3357.526367,2159.798096,1584.332520,-3366.558838,2129.069336,1487.181396,-3306.343262,2147.168701,1625.097412,-3338.602295,2616.296631,1567.750977,-3159.784668,,,,,,,,,,,,,,,,,,,,,,,,,,,,,,,,,
6350,63.500000,0.000000,0.000000,0.000000,1.000000,0.000000,0.000000,0.000000,57.698101,20.499701,-14.700500,0.047771,-0.013570,0.015998,-15.666301,-52.738201,18.801300,-93.396698,0.129960,17.611099,-0.185068,-0.456195,-0.694024,0.525326,2148.460205,1539.241211,-3340.839111,2152.240234,1459.402222,-3356.030762,2161.662598,1584.500244,-3365.170654,2130.768555,1487.585205,-3304.816162,2149.168945,1625.477417,-3337.338623,2152.237305,1459.389160,-3355.989990,2161.651855,1584.594604,-3365.195557,2130.747559,1487.437744,-3304.809326,2149.202393,1625.536621,-3337.362549,2616.299316,1567.731201,-3159.783203,,,,,,,,,,,,,,,,,,,,,,,,,,,,,,,,,
6351,63.510000,0.000000,0.000000,0.000000,1.000000,0.000000,0.000000,0.000000,57.698101,20.499701,-14.700500,0.047771,-0.013570,0.015998,-15.666301,-52.738201,18.801300,-93.396698,0.129960,17.611099,-0.183818,-0.458340,-0.693999,0.523929,2150.293945,1539.416992,-3339.461426,2154.155029,1459.544800,-3354.456543,2163.623047,1584.622681,-3363.822998,2132.414062,1487.840088,-3303.418213,2150.982910,1625.660767,-3336.147217,2154.279785,1459.578613,-3354.513428,2163.499512,1584.668335,-3363.876709,2132.280273,1487.763550,-3303.297363,2151.108398,1625.653931,-3336.151611,2616.302734,1567.766235,-3159.773926,,,,,,,,,,,,,,,,,,,,,,,,,,,,,,,,,
6352,63.520000,0.000000,0.000000,0.000000,1.000000,0.000000,0.000000,0.000000,57.698101,20.499701,-14.700500,0.047771,-0.013570,0.015998,-15.666301,-52.738201,18.801300,-93.396698,0.129960,17.611099,-0.184024,-0.459213,-0.693379,0.523911,2152.081543,1539.508179,-3338.141846,2156.009521,1459.609009,-3352.975830,2165.386719,1584.675049,-3362.588379,2134.225586,1487.989990,-3302.002930,2152.704102,1625.759033,-3335.000244,2156.151123,1459.614380,-3353.072998,2165.266113,1584.641846,-3362.644775,2134.107422,1488.094604,-3301.897705,2152.800049,1625.687256,-3334.950684,2616.277100,1567.767090,-3159.779541,,,,,,,,,,,,,,,,,,,,,,,,,,,,,,,,,
6353,63.530000,0.000000,0.000000,0.000000,1.000000,0.000000,0.000000,0.000000,57.698101,20.499701,-14.700500,0.047771,-0.013570,0.015998,-15.666301,-52.738201,18.801300,-93.396698,0.129960,17.611099,-0.185664,-0.458846,-0.692675,0.524586,2153.836426,1539.678467,-3336.920898,2157.714844,1459.755615,-3351.640137,2167.053711,1584.806274,-3361.486816,2136.110596,1488.217773,-3300.636230,2154.467041,1625.934082,-3333.920166,2157.827637,1459.738037,-3351.673340,2166.903076,1584.767578,-3361.504395,2136.044678,1488.472290,-3300.658936,2154.566650,1625.746704,-3333.844482,2616.290283,1567.749268,-3159.789062,,,,,,,,,,,,,,,,,,,,,,,,,,,,,,,,,
6354,63.540000,0.000000,0.000000,0.000000,1.000000,0.000000,0.000000,0.000000,57.698101,20.499701,-14.700500,0.047771,-0.013570,0.015998,-15.666301,-52.738201,18.801300,-93.396698,0.129960,17.611099,-0.187463,-0.458628,-0.692425,0.524468,2155.573242,1539.876221,-3335.748535,2159.281250,1459.920044,-3350.329346,2168.797363,1584.936768,-3360.434082,2137.861572,1488.512207,-3299.320312,2156.352539,1626.136230,-3332.909912,2159.329834,1459.933838,-3350.342529,2168.732422,1584.948486,-3360.437256,2137.832764,1488.617188,-3299.323730,2156.399170,1626.000366,-3332.888672,2616.282227,1567.747437,-3159.770508,,,,,,,,,,,,,,,,,,,,,,,,,,,,,,,,,
6355,63.550000,0.000000,0.000000,0.000000,1.000000,0.000000,0.000000,0.000000,57.698101,20.499701,-14.700500,0.047771,-0.013570,0.015998,-15.666301,-52.738201,18.801300,-93.396698,0.129960,17.611099,-0.189299,-0.458648,-0.692119,0.524194,2157.299561,1540.057861,-3334.602051,2160.834229,1460.061523,-3349.004639,2170.542725,1585.037598,-3359.424561,2139.585938,1488.809937,-3298.011719,2158.235107,1626.322754,-3331.967285,2160.820801,1460.041260,-3348.962158,2170.561768,1585.192627,-3359.478027,2139.572510,1488.716064,-3298.000488,2158.244629,1626.293213,-3331.972168,2616.280762,1567.722412,-3159.768799,,,,,,,,,,,,,,,,,,,,,,,,,,,,,,,,,
6356,63.560000,0.000000,0.000000,0.000000,1.000000,0.000000,0.000000,0.000000,57.698101,20.499701,-14.700500,0.047771,-0.013570,0.015998,-15.666301,-52.738201,18.801300,-93.396698,0.129960,17.611099,-0.189976,-0.459248,-0.691380,0.524399,2158.970947,1540.237183,-3333.430420,2162.547607,1460.212646,-3347.664551,2172.165039,1585.172363,-3358.359375,2141.319824,1489.055908,-3296.717041,2159.851074,1626.508057,-3330.980957,2162.582520,1460.235229,-3347.653076,2172.112061,1585.296143,-3358.381836,2141.258789,1488.914673,-3296.662354,2159.922852,1626.498291,-3331.023193,2616.290527,1567.758057,-3159.777832,,,,,,,,,,,,,,,,,,,,,,,,,,,,,,,,,
6357,63.570000,0.000000,0.000000,0.000000,1.000000,0.000000,0.000000,0.000000,57.698101,20.499701,-14.700500,0.047771,-0.013570,0.015998,-15.666301,-52.738201,18.801300,-93.396698,0.129960,17.611099,-0.189576,-0.460715,-0.690843,0.523964,2160.658691,1540.343628,-3332.209717,2164.338623,1460.290161,-3346.254150,2173.869873,1585.233887,-3357.210449,2142.968750,1489.229980,-3295.420654,2161.457031,1626.620605,-3329.953857,2164.424316,1460.352905,-3346.305176,2173.798584,1585.309082,-3357.256592,2142.852295,1489.094849,-3295.279541,2161.548340,1626.606689,-3329.984863,2616.281006,1567.726196,-3159.782471,,,,,,,,,,,,,,,,,,,,,,,,,,,,,,,,,
6358,63.580000,0.000000,0.000000,0.000000,1.000000,0.000000,0.000000,0.000000,57.698101,20.499701,-14.700500,0.047771,-0.013570,0.015998,-15.666301,-52.738201,18.801300,-93.396698,0.129960,17.611099,-0.189687,-0.461724,-0.690154,0.523944,2162.371094,1540.413086,-3331.012695,2166.138672,1460.333252,-3344.882324,2175.555176,1585.262451,-3356.101074,2144.706787,1489.361572,-3294.125244,2163.083984,1626.695557,-3328.942139,2166.194336,1460.332520,-3344.923584,2175.522217,1585.283813,-3356.152832,2144.659912,1489.484375,-3294.082275,2163.107178,1626.548584,-3328.885010,2616.268066,1567.729370,-3159.784424,,,,,,,,,,,,,,,,,,,,,,,,,,,,,,,,,
6359,63.590000,0.000000,0.000000,0.000000,1.000000,0.000000,0.000000,0.000000,57.698101,20.499701,-14.700500,0.047771,-0.013570,0.015998,-15.666301,-52.738201,18.801300,-93.396698,0.129960,17.611099,-0.190393,-0.462160,-0.690002,0.523503,2164.116699,1540.541138,-3329.809570,2167.806641,1460.435059,-3343.547852,2177.338623,1585.336670,-3354.974365,2146.410645,1489.567017,-3292.835205,2164.910645,1626.826172,-3327.881592,2167.907471,1460.354492,-3343.593994,2177.218994,1585.332520,-3354.985840,2146.347656,1489.743042,-3292.827637,2164.991455,1626.743286,-3327.830322,2616.305176,1567.741333,-3159.777832,,,,,,,,,,,,,,,,,,,,,,,,,,,,,,,,,
6360,63.600000,0.000000,0.000000,0.000000,1.000000,0.000000,0.000000,0.000000,57.698101,20.499701,-14.700500,0.047771,-0.013570,0.015998,-15.666301,-52.738201,18.801300,-93.396698,0.129960,17.611099,-0.190920,-0.462582,-0.690546,0.522220,2165.803467,1540.753296,-3328.581787,2169.295166,1460.622192,-3342.226318,2179.172607,1585.485107,-3353.781738,2147.920654,1489.868042,-3291.570068,2166.825195,1627.037842,-3326.749268,2169.363525,1460.537354,-3342.237793,2179.110596,1585.580444,-3353.866455,2147.862061,1489.966309,-3291.547119,2166.876709,1626.929443,-3326.676270,2616.282471,1567.735962,-3159.776611,,,,,,,,,,,,,,,,,,,,,,,,,,,,,,,,,
6361,63.610000,0.000000,0.000000,0.000000,1.000000,0.000000,0.000000,0.000000,57.698101,20.499701,-14.700500,0.047771,-0.013570,0.015998,-15.666301,-52.738201,18.801300,-93.396698,0.129960,17.611099,-0.192225,-0.462081,-0.690439,0.522327,2167.312256,1540.903931,-3327.291992,2170.678955,1460.759033,-3340.886475,2180.669922,1585.602173,-3352.557373,2149.462891,1490.066040,-3290.198975,2168.436768,1627.188721,-3325.525146,2170.685791,1460.688965,-3340.880127,2180.670166,1585.745483,-3352.593994,2149.445557,1490.076050,-3290.180664,2168.447266,1627.114014,-3325.515625,2616.274658,1567.763672,-3159.787109,,,,,,,,,,,,,,,,,,,,,,,,,,,,,,,,,
6362,63.620000,0.000000,0.000000,0.000000,1.000000,0.000000,0.000000,0.000000,57.698101,20.499701,-14.700500,0.047771,-0.013570,0.015998,-15.666301,-52.738201,18.801300,-93.396698,0.129960,17.611099,-0.191692,-0.462752,-0.690229,0.522206,2168.823730,1541.046631,-3325.968018,2172.274658,1460.896240,-3339.508545,2182.182861,1585.740112,-3351.241211,2150.960693,1490.217041,-3288.870361,2169.876465,1627.333252,-3324.252197,2172.279785,1460.868530,-3339.495117,2182.180420,1585.895142,-3351.272705,2150.931152,1490.137085,-3288.832031,2169.902100,1627.297363,-3324.273682,2616.279297,1567.750000,-3159.787842,,,,,,,,,,,,,,,,,,,,,,,,,,,,,,,,,
6363,63.630000,0.000000,0.000000,0.000000,1.000000,0.000000,0.000000,0.000000,57.698101,20.499701,-14.700500,0.047771,-0.013570,0.015998,-15.666301,-52.738201,18.801300,-93.396698,0.129960,17.611099,-0.190847,-0.463405,-0.690006,0.522232,2170.298340,1541.127319,-3324.648193,2173.877197,1460.978638,-3338.165283,2183.643066,1585.832886,-3349.907715,2152.437012,1490.282593,-3287.570557,2171.235840,1627.415649,-3322.949219,2173.927734,1461.048950,-3338.186523,2183.618408,1585.949097,-3349.985107,2152.344238,1490.133911,-3287.445801,2171.291992,1627.368896,-3322.966064,2616.285645,1567.774414,-3159.802979,,,,,,,,,,,,,,,,,,,,,,,,,,,,,,,,,
6364,63.640000,0.000000,0.000000,0.000000,1.000000,0.000000,0.000000,0.000000,57.698101,20.499701,-14.700500,0.047771,-0.013570,0.015998,-15.666301,-52.738201,18.801300,-93.396698,0.129960,17.611099,-0.191083,-0.463357,-0.689717,0.522569,2171.833984,1541.172607,-3323.368408,2175.444580,1461.021484,-3336.862549,2185.134766,1585.877075,-3348.652832,2154.029297,1490.330200,-3286.260010,2172.726807,1627.462036,-3321.697510,2175.475586,1461.045044,-3336.866699,2185.116699,1585.947632,-3348.710693,2153.979736,1490.269043,-3286.204834,2172.760254,1627.428833,-3321.690918,2616.279785,1567.740723,-3159.792969,,,,,,,,,,,,,,,,,,,,,,,,,,,,,,,,,
6365,63.650000,0.000000,0.000000,0.000000,1.000000,0.000000,0.000000,0.000000,57.698101,20.499701,-14.700500,0.047771,-0.013570,0.015998,-15.666301,-52.738201,18.801300,-93.396698,0.129960,17.611099,-0.191287,-0.463551,-0.689549,0.522544,2173.426758,1541.222778,-3322.110352,2177.037842,1461.062988,-3335.553223,2186.723633,1585.911133,-3347.425537,2155.627930,1490.404053,-3284.967285,2174.317871,1627.513306,-3320.495605,2177.096436,1461.015747,-3335.579590,2186.674072,1585.878174,-3347.477295,2155.586670,1490.486450,-3284.951904,2174.349854,1627.512329,-3320.433105,2616.292725,1567.718140,-3159.783936,,,,,,,,,,,,,,,,,,,,,,,,,,,,,,,,,
6366,63.660000,0.000000,0.000000,0.000000,1.000000,0.000000,0.000000,0.000000,57.698101,20.499701,-14.700500,0.047771,-0.013570,0.015998,-15.666301,-52.738201,18.801300,-93.396698,0.129960,17.611099,-0.191928,-0.463332,-0.689723,0.522274,2174.989258,1541.233643,-3320.825195,2178.490723,1461.065308,-3334.245850,2188.320801,1585.897827,-3346.164551,2157.157227,1490.448242,-3283.652100,2175.988037,1627.523438,-3319.237793,2178.568604,1460.967285,-3334.295166,2188.257568,1585.903198,-3346.213623,2157.101807,1490.584961,-3283.621094,2176.029297,1627.482788,-3319.170654,2616.294922,1567.733887,-3159.779053,,,,,,,,,,,,,,,,,,,,,,,,,,,,,,,,,
6367,63.670000,0.000000,0.000000,0.000000,1.000000,0.000000,0.000000,0.000000,57.698101,20.499701,-14.700500,0.047771,-0.013570,0.015998,-15.666301,-52.738201,18.801300,-93.396698,0.129960,17.611099,-0.192883,-0.462524,-0.690337,0.521826,2176.435303,1541.265015,-3319.520020,2179.719727,1461.095337,-3332.987305,2189.838135,1585.909546,-3344.856689,2158.534668,1490.504272,-3282.345947,2177.647949,1627.551270,-3317.889893,2179.790039,1461.031250,-3333.032471,2189.778320,1585.980957,-3344.897949,2158.475342,1490.604980,-3282.296631,2177.697754,1627.442627,-3317.851562,2616.287842,1567.726074,-3159.780762,,,,,,,,,,,,,,,,,,,,,,,,,,,,,,,,,
6368,63.680000,0.000000,0.000000,0.000000,1.000000,0.000000,0.000000,0.000000,57.698101,20.499701,-14.700500,0.047771,-0.013570,0.015998,-15.666301,-52.738201,18.801300,-93.396698,0.129960,17.611099,-0.194043,-0.461277,-0.690368,0.522458,2177.766357,1541.259399,-3318.199707,2180.946533,1461.097900,-3331.741211,2191.113281,1585.914185,-3343.547852,2159.958740,1490.482300,-3281.003418,2179.046631,1627.543457,-3316.506104,2180.973145,1461.067261,-3331.762451,2191.092529,1586.016235,-3343.562256,2159.929199,1490.517334,-3280.965332,2179.070557,1627.436768,-3316.507812,2616.272217,1567.775879,-3159.782715,,,,,,,,,,,,,,,,,,,,,,,,,,,,,,,,,
6369,63.690000,0.000000,0.000000,0.000000,1.000000,0.000000,0.000000,0.000000,57.698101,20.499701,-14.700500,0.047771,-0.013570,0.015998,-15.666301,-52.738201,18.801300,-93.396698,0.129960,17.611099,-0.194451,-0.460461,-0.690284,0.523138,2179.104980,1541.209717,-3316.918213,2182.283936,1461.061401,-3330.537109,2192.384277,1585.891357,-3342.254395,2161.391846,1490.393799,-3279.729980,2180.360107,1627.492676,-3315.150879,2182.296875,1461.049805,-3330.522705,2192.383789,1586.020630,-3342.321289,2161.351562,1490.306396,-3279.683105,2180.384521,1627.468750,-3315.148438,2616.271484,1567.728394,-3159.787354,,,,,,,,,,,,,,,,,,,,,,,,,,,,,,,,,
6370,63.700000,0.000000,0.000000,0.000000,1.000000,0.000000,0.000000,0.000000,57.698101,20.499701,-14.700500,0.047771,-0.013570,0.015998,-15.666301,-52.738201,18.801300,-93.396698,0.129960,17.611099,-0.194643,-0.459830,-0.690199,0.523732,2180.455566,1541.078369,-3315.642822,2183.652832,1460.942749,-3329.332520,2193.674805,1585.787354,-3340.962158,2162.822998,1490.223145,-3278.469971,2181.671143,1627.360352,-3313.806641,2183.675293,1460.980469,-3329.300781,2193.666016,1585.926880,-3341.066895,2162.757812,1490.049438,-3278.403564,2181.713623,1627.350586,-3313.802734,2616.288574,1567.741211,-3159.791748,,,,,,,,,,,,,,,,,,,,,,,,,,,,,,,,,
6371,63.710000,0.000000,0.000000,0.000000,1.000000,0.000000,0.000000,0.000000,57.698101,20.499701,-14.700500,0.047771,-0.013570,0.015998,-15.666301,-52.738201,18.801300,-93.396698,0.129960,17.611099,-0.194117,-0.459884,-0.690298,0.523750,2181.885254,1540.905029,-3314.376953,2185.127686,1460.778687,-3328.110107,2195.105957,1585.634155,-3339.659668,2164.244385,1490.020996,-3277.247314,2183.062744,1627.186523,-3312.489746,2185.194336,1460.794312,-3328.154785,2195.081543,1585.706665,-3339.766357,2164.154053,1489.980347,-3277.130371,2183.104492,1627.140137,-3312.454102,2616.288330,1567.744995,-3159.775146,,,,,,,,,,,,,,,,,,,,,,,,,,,,,,,,,
6372,63.720000,0.000000,0.000000,0.000000,1.000000,0.000000,0.000000,0.000000,57.698101,20.499701,-14.700500,0.047771,-0.013570,0.015998,-15.666301,-52.738201,18.801300,-93.396698,0.129960,17.611099,-0.193947,-0.459944,-0.690398,0.523628,2183.421875,1540.724609,-3313.084961,2186.662842,1460.599854,-3326.828125,2196.658203,1585.456055,-3338.355957,2165.759766,1489.837036,-3275.970703,2184.606445,1627.005859,-3311.185547,2186.758789,1460.613770,-3326.930420,2196.603271,1585.407471,-3338.402832,2165.681396,1489.980835,-3275.872070,2184.643066,1626.906860,-3311.130371,2616.298828,1567.748169,-3159.769287,,,,,,,,,,,,,,,,,,,,,,,,,,,,,,,,,
6373,63.730000,0.000000,0.000000,0.000000,1.000000,0.000000,0.000000,0.000000,57.698101,20.499701,-14.700500,0.047771,-0.013570,0.015998,-15.666301,-52.738201,18.801300,-93.396698,0.129960,17.611099,-0.195017,-0.459182,-0.690478,0.523795,2184.966553,1540.656006,-3311.829590,2188.083984,1460.528564,-3325.585938,2198.192871,1585.374146,-3337.128906,2167.335693,1489.785767,-3274.676270,2186.253662,1626.935547,-3309.927002,2188.254639,1460.588257,-3325.674072,2197.983643,1585.313965,-3337.123779,2167.219238,1489.981445,-3274.623535,2186.409424,1626.736816,-3309.894287,2616.279053,1567.741577,-3159.781006,,,,,,,,,,,,,,,,,,,,,,,,,,,,,,,,,
6374,63.740000,0.000000,0.000000,0.000000,1.000000,0.000000,0.000000,0.000000,57.698101,20.499701,-14.700500,0.047771,-0.013570,0.015998,-15.666301,-52.738201,18.801300,-93.396698,0.129960,17.611099,-0.195746,-0.458190,-0.691051,0.523635,2186.441162,1540.587158,-3310.567383,2189.385010,1460.468872,-3324.414307,2199.708984,1585.307495,-3335.841064,2168.777344,1489.710449,-3273.438965,2187.893555,1626.862183,-3308.574951,2189.493408,1460.503662,-3324.445557,2199.566162,1585.306519,-3335.852539,2168.704102,1489.845947,-3273.427246,2188.004395,1626.683105,-3308.541016,2616.280029,1567.744263,-3159.784912,,,,,,,,,,,,,,,,,,,,,,,,,,,,,,,,,
6375,63.750000,0.000000,0.000000,0.000000,1.000000,0.000000,0.000000,0.000000,57.698101,20.499701,-14.700500,0.047771,-0.013570,0.015998,-15.666301,-52.738201,18.801300,-93.396698,0.129960,17.611099,-0.196242,-0.457313,-0.691418,0.523732,2187.861572,1540.456909,-3309.309326,2190.699951,1460.350342,-3323.246338,2201.137207,1585.190308,-3334.555908,2170.201660,1489.559082,-3272.208008,2189.407471,1626.728027,-3307.226807,2190.758301,1460.382690,-3323.241211,2201.063965,1585.277344,-3334.601562,2170.142090,1489.541626,-3272.175781,2189.482178,1626.624512,-3307.219727,2616.285889,1567.752563,-3159.778076,,,,,,,,,,,,,,,,,,,,,,,,,,,,,,,,,
6376,63.760000,0.000000,0.000000,0.000000,1.000000,0.000000,0.000000,0.000000,57.698101,20.499701,-14.700500,0.047771,-0.013570,0.015998,-15.666301,-52.738201,18.801300,-93.396698,0.129960,17.611099,-0.197057,-0.456358,-0.691493,0.524159,2189.206299,1540.282104,-3308.032471,2191.960938,1460.183716,-3322.032715,2202.446533,1585.025146,-3333.280518,2171.607666,1489.368896,-3270.923096,2190.810303,1626.550903,-3305.893311,2191.967041,1460.197998,-3321.982422,2202.412109,1585.125122,-3333.295898,2171.589844,1489.283203,-3270.938965,2190.853760,1626.524536,-3305.914551,2616.260742,1567.760864,-3159.793945,,,,,,,,,,,,,,,,,,,,,,,,,,,,,,,,,
6377,63.770000,0.000000,0.000000,0.000000,1.000000,0.000000,0.000000,0.000000,57.698101,20.499701,-14.700500,0.047771,-0.013570,0.015998,-15.666301,-52.738201,18.801300,-93.396698,0.129960,17.611099,-0.196521,-0.456940,-0.691782,0.523473,2190.654297,1540.051147,-3306.733887,2193.395508,1459.947876,-3320.708252,2203.970947,1584.780762,-3331.965332,2172.950928,1489.156616,-3269.648438,2192.299316,1626.319580,-3304.612793,2193.398438,1459.924316,-3320.694824,2203.962646,1584.871582,-3331.975098,2172.934570,1489.098022,-3269.633057,2192.321045,1626.314087,-3304.633057,2616.273193,1567.752808,-3159.792969,,,,,,,,,,,,,,,,,,,,,,,,,,,,,,,,,
6378,63.780000,0.000000,0.000000,0.000000,1.000000,0.000000,0.000000,0.000000,57.698101,20.499701,-14.700500,0.047771,-0.013570,0.015998,-15.666301,-52.738201,18.801300,-93.396698,0.129960,17.611099,-0.195042,-0.458313,-0.692386,0.522025,2192.056396,1539.800781,-3305.444580,2194.808594,1459.690186,-3319.375732,2205.533447,1584.511108,-3330.624756,2174.128174,1488.933105,-3268.430420,2193.755127,1626.068726,-3303.346924,2194.867188,1459.621338,-3319.432373,2205.509033,1584.567871,-3330.687988,2174.070312,1489.009766,-3268.357178,2193.778076,1626.005615,-3303.299316,2616.335693,1567.794922,-3159.773682,,,,,,,,,,,,,,,,,,,,,,,,,,,,,,,,,
6379,63.790000,0.000000,0.000000,0.000000,1.000000,0.000000,0.000000,0.000000,57.698101,20.499701,-14.700500,0.047771,-0.013570,0.015998,-15.666301,-52.738201,18.801300,-93.396698,0.129960,17.611099,-0.195523,-0.457613,-0.692942,0.521721,2193.387939,1539.601685,-3304.194092,2195.989990,1459.498535,-3318.196533,2206.918945,1584.310547,-3329.348633,2175.406006,1488.733154,-3267.207520,2195.236572,1625.864746,-3302.024414,2196.046143,1459.490723,-3318.299561,2206.919434,1584.309326,-3329.388428,2175.354980,1488.878174,-3267.099365,2195.227783,1625.734375,-3301.979248,2616.294678,1567.747192,-3159.783447,,,,,,,,,,,,,,,,,,,,,,,,,,,,,,,,,
6380,63.800000,0.000000,0.000000,0.000000,1.000000,0.000000,0.000000,0.000000,57.698101,20.499701,-14.700500,0.047771,-0.013570,0.015998,-15.666301,-52.738201,18.801300,-93.396698,0.129960,17.611099,-0.195746,-0.457015,-0.693250,0.521753,2194.743164,1539.526001,-3302.939453,2197.276123,1459.433594,-3317.015137,2208.285156,1584.247559,-3328.065186,2176.755859,1488.637329,-3265.982910,2196.655518,1625.785767,-3300.694336,2197.417236,1459.467285,-3317.113281,2208.148193,1584.256958,-3328.087402,2176.635742,1488.704346,-3265.867188,2196.773682,1625.676392,-3300.687988,2616.258545,1567.714355,-3159.780273,,,,,,,,,,,,,,,,,,,,,,,,,,,,,,,,,
6381,63.810000,0.000000,0.000000,0.000000,1.000000,0.000000,0.000000,0.000000,57.698101,20.499701,-14.700500,0.047771,-0.013570,0.015998,-15.666301,-52.738201,18.801300,-93.396698,0.129960,17.611099,-0.196129,-0.456227,-0.693370,0.522138,2196.170166,1539.491211,-3301.729492,2198.659668,1459.411621,-3315.885742,2209.681396,1584.233276,-3326.835205,2178.231445,1488.571777,-3264.791748,2198.107666,1625.748291,-3299.405029,2198.798340,1459.488403,-3315.952881,2209.528076,1584.199219,-3326.860107,2178.111816,1488.552612,-3264.696777,2198.241943,1625.725952,-3299.408936,2616.307617,1567.720459,-3159.775391,,,,,,,,,,,,,,,,,,,,,,,,,,,,,,,,,
6382,63.820000,0.000000,0.000000,0.000000,1.000000,0.000000,0.000000,0.000000,57.698101,20.499701,-14.700500,0.047771,-0.013570,0.015998,-15.666301,-52.738201,18.801300,-93.396698,0.129960,17.611099,-0.196497,-0.455606,-0.693688,0.522121,2197.596191,1539.443604,-3300.540039,2199.996338,1459.372559,-3314.759766,2211.123779,1584.192139,-3325.625488,2179.647461,1488.512817,-3263.622803,2199.616699,1625.697144,-3298.152100,2200.080566,1459.446899,-3314.719482,2210.993164,1584.202271,-3325.675537,2179.566650,1488.405151,-3263.618408,2199.741699,1625.719360,-3298.147217,2616.312012,1567.780884,-3159.770752,,,,,,,,,,,,,,,,,,,,,,,,,,,,,,,,,
6383,63.830000,0.000000,0.000000,0.000000,1.000000,0.000000,0.000000,0.000000,57.698101,20.499701,-14.700500,0.047771,-0.013570,0.015998,-15.666301,-52.738201,18.801300,-93.396698,0.129960,17.611099,-0.196853,-0.454839,-0.694317,0.521818,2199.033447,1539.339600,-3299.375732,2201.286377,1459.280884,-3313.688965,2212.618164,1584.093750,-3324.420166,2181.026367,1488.397095,-3262.503174,2201.202881,1625.586670,-3296.890381,2201.305420,1459.331909,-3313.658447,2212.571289,1584.113159,-3324.416260,2181.004150,1488.316284,-3262.511475,2201.253174,1625.595093,-3296.916748,2616.268799,1567.784424,-3159.786377,,,,,,,,,,,,,,,,,,,,,,,,,,,,,,,,,
6384,63.840000,0.000000,0.000000,0.000000,1.000000,0.000000,0.000000,0.000000,57.698101,20.499701,-14.700500,0.047771,-0.013570,0.015998,-15.666301,-52.738201,18.801300,-93.396698,0.129960,17.611099,-0.196774,-0.454658,-0.694744,0.521438,2200.403320,1539.173828,-3298.187012,2202.584473,1459.121216,-3312.545166,2214.042236,1583.929199,-3323.199951,2182.330566,1488.227905,-3261.351318,2202.655518,1625.417358,-3295.651367,2202.642090,1459.163818,-3312.551270,2213.970703,1583.904663,-3323.226562,2182.294434,1488.302124,-3261.353760,2202.706055,1625.322144,-3295.615479,2616.284180,1567.755493,-3159.795654,,,,,,,,,,,,,,,,,,,,,,,,,,,,,,,,,
6385,63.850000,0.000000,0.000000,0.000000,1.000000,0.000000,0.000000,0.000000,57.698101,20.499701,-14.700500,0.047771,-0.013570,0.015998,-15.666301,-52.738201,18.801300,-93.396698,0.129960,17.611099,-0.196432,-0.454827,-0.695238,0.520760,2201.713867,1539.048218,-3297.003418,2203.829834,1458.997559,-3311.382812,2215.437744,1583.796387,-3321.982910,2183.532471,1488.110718,-3260.209717,2204.055420,1625.288452,-3294.438477,2203.909180,1458.943359,-3311.458252,2215.385498,1583.806152,-3322.027344,2183.475830,1488.312744,-3260.151123,2204.084473,1625.139404,-3294.367676,2616.283936,1567.747803,-3159.777588,,,,,,,,,,,,,,,,,,,,,,,,,,,,,,,,,
6386,63.860000,0.000000,0.000000,0.000000,1.000000,0.000000,0.000000,0.000000,57.698101,20.499701,-14.700500,0.047771,-0.013570,0.015998,-15.666301,-52.738201,18.801300,-93.396698,0.129960,17.611099,-0.196548,-0.454507,-0.695473,0.520681,2202.901367,1539.027588,-3295.862793,2204.965576,1458.983032,-3310.283203,2216.643066,1583.780273,-3320.823975,2184.702393,1488.082031,-3259.088867,2205.294434,1625.265137,-3293.254639,2205.064697,1458.908325,-3310.369385,2216.565674,1583.815186,-3320.862549,2184.630127,1488.304199,-3259.020264,2205.346436,1625.090088,-3293.188477,2616.273926,1567.754028,-3159.791260,,,,,,,,,,,,,,,,,,,,,,,,,,,,,,,,,
6387,63.870000,0.000000,0.000000,0.000000,1.000000,0.000000,0.000000,0.000000,57.698101,20.499701,-14.700500,0.047771,-0.013570,0.015998,-15.666301,-52.738201,18.801300,-93.396698,0.129960,17.611099,-0.196962,-0.453955,-0.695410,0.521092,2203.994141,1539.037842,-3294.699951,2206.039551,1458.999756,-3309.158936,2217.695312,1583.802246,-3319.662598,2185.854248,1488.075195,-3257.920166,2206.387207,1625.274292,-3292.057617,2206.094238,1458.958130,-3309.218506,2217.663086,1583.881470,-3319.693115,2185.802002,1488.159912,-3257.847168,2206.416748,1625.150391,-3292.038330,2616.312988,1567.775879,-3159.781006,,,,,,,,,,,,,,,,,,,,,,,,,,,,,,,,,
6388,63.880000,0.000000,0.000000,0.000000,1.000000,0.000000,0.000000,0.000000,57.698101,20.499701,-14.700500,0.047771,-0.013570,0.015998,-15.666301,-52.738201,18.801300,-93.396698,0.129960,17.611099,-0.197750,-0.453229,-0.695458,0.521360,2205.143311,1539.049561,-3293.553467,2207.104248,1459.015015,-3308.043701,2218.822998,1583.813110,-3318.529297,2187.045166,1488.086792,-3256.753174,2207.600342,1625.283447,-3290.886963,2207.132568,1458.964722,-3308.069092,2218.812500,1583.960815,-3318.568359,2187.002686,1488.091064,-3256.690430,2207.625000,1625.190430,-3290.887207,2616.272217,1567.737915,-3159.782959,,,,,,,,,,,,,,,,,,,,,,,,,,,,,,,,,
6389,63.890000,0.000000,0.000000,0.000000,1.000000,0.000000,0.000000,0.000000,57.698101,20.499701,-14.700500,0.047771,-0.013570,0.015998,-15.666301,-52.738201,18.801300,-93.396698,0.129960,17.611099,-0.198129,-0.452728,-0.695734,0.521283,2206.325195,1539.061401,-3292.449951,2208.198730,1459.032715,-3306.983643,2220.025146,1583.825073,-3317.414551,2188.211670,1488.096436,-3255.660889,2208.865723,1625.291748,-3289.740723,2208.247070,1459.017212,-3306.971436,2219.967041,1583.958618,-3317.478271,2188.138672,1487.992310,-3255.607422,2208.938721,1625.281982,-3289.744629,2616.282715,1567.766479,-3159.783447,,,,,,,,,,,,,,,,,,,,,,,,,,,,,,,,,
6390,63.900000,0.000000,0.000000,0.000000,1.000000,0.000000,0.000000,0.000000,57.698101,20.499701,-14.700500,0.047771,-0.013570,0.015998,-15.666301,-52.738201,18.801300,-93.396698,0.129960,17.611099,-0.198682,-0.452281,-0.695706,0.521499,2207.476562,1539.101196,-3291.354492,2209.301270,1459.073364,-3305.899170,2221.156006,1583.862793,-3316.333984,2189.398193,1488.138794,-3254.544434,2210.050781,1625.330322,-3288.639893,2209.362549,1459.078857,-3305.928467,2221.085449,1583.936035,-3316.343994,2189.306641,1487.974121,-3254.443359,2210.144287,1625.403564,-3288.693359,2616.266357,1567.758911,-3159.796875,,,,,,,,,,,,,,,,,,,,,,,,,,,,,,,,,
6391,63.910000,0.000000,0.000000,0.000000,1.000000,0.000000,0.000000,0.000000,57.698101,20.499701,-14.700500,0.047771,-0.013570,0.015998,-15.666301,-52.738201,18.801300,-93.396698,0.129960,17.611099,-0.198300,-0.452857,-0.695880,0.520912,2208.756104,1539.215942,-3290.275146,2210.572021,1459.180298,-3304.778320,2222.498047,1583.959717,-3315.252197,2190.592529,1488.278687,-3253.472168,2211.362305,1625.445068,-3287.597168,2210.681396,1459.271484,-3304.824219,2222.364014,1583.978271,-3315.242920,2190.480957,1488.168579,-3253.375244,2211.497314,1625.442261,-3287.655029,2616.262207,1567.737427,-3159.794189,,,,,,,,,,,,,,,,,,,,,,,,,,,,,,,,,
6392,63.920000,0.000000,0.000000,0.000000,1.000000,0.000000,0.000000,0.000000,57.698101,20.499701,-14.700500,0.047771,-0.013570,0.015998,-15.666301,-52.738201,18.801300,-93.396698,0.129960,17.611099,-0.198572,-0.452667,-0.696136,0.520631,2209.976807,1539.298584,-3289.230469,2211.711182,1459.262573,-3303.742188,2223.756836,1584.031494,-3314.206055,2191.771484,1488.375366,-3252.428467,2212.667969,1625.524902,-3286.544434,2211.829102,1459.289185,-3303.774170,2223.610840,1584.043701,-3314.240723,2191.675293,1488.393921,-3252.378906,2212.792236,1625.466675,-3286.528320,2616.299316,1567.745117,-3159.776367,,,,,,,,,,,,,,,,,,,,,,,,,,,,,,,,,
6393,63.930000,0.000000,0.000000,0.000000,1.000000,0.000000,0.000000,0.000000,57.698101,20.499701,-14.700500,0.047771,-0.013570,0.015998,-15.666301,-52.738201,18.801300,-93.396698,0.129960,17.611099,-0.198345,-0.453071,-0.695985,0.520568,2211.137695,1539.374634,-3288.184570,2212.917236,1459.332397,-3302.656250,2224.916748,1584.101318,-3313.172119,2192.927246,1488.461548,-3251.371338,2213.789551,1625.603394,-3285.538574,2213.014160,1459.298096,-3302.706787,2224.803955,1584.109009,-3313.183838,2192.861572,1488.595581,-3251.340332,2213.871582,1625.498169,-3285.505615,2616.279541,1567.781982,-3159.790039,,,,,,,,,,,,,,,,,,,,,,,,,,,,,,,,,
6394,63.940000,0.000000,0.000000,0.000000,1.000000,0.000000,0.000000,0.000000,57.698101,20.499701,-14.700500,0.047771,-0.013570,0.015998,-15.666301,-52.738201,18.801300,-93.396698,0.129960,17.611099,-0.198308,-0.453415,-0.695809,0.520517,2212.230957,1539.489624,-3287.169434,2214.038818,1459.439087,-3301.590576,2226.006836,1584.204712,-3312.179443,2194.020752,1488.594238,-3250.331543,2214.857422,1625.720825,-3284.576172,2214.103027,1459.370605,-3301.628174,2225.951172,1584.245239,-3312.225586,2193.979980,1488.783569,-3250.314697,2214.889648,1625.562622,-3284.502441,2616.276611,1567.735596,-3159.793457,,,,,,,,,,,,,,,,,,,,,,,,,,,,,,,,,
6395,63.950000,0.000000,0.000000,0.000000,1.000000,0.000000,0.000000,0.000000,57.698101,20.499701,-14.700500,0.047771,-0.013570,0.015998,-15.666301,-52.738201,18.801300,-93.396698,0.129960,17.611099,-0.198363,-0.453345,-0.695897,0.520441,2213.240967,1539.639771,-3286.161377,2215.026123,1459.589966,-3300.589844,2227.027832,1584.353271,-3311.167969,2195.018311,1488.746216,-3249.327393,2215.891113,1625.870117,-3283.560303,2215.132812,1459.515381,-3300.661377,2226.946777,1584.395020,-3311.252930,2194.932617,1488.932861,-3249.255859,2215.949707,1625.720337,-3283.467041,2616.319580,1567.761841,-3159.774902,,,,,,,,,,,,,,,,,,,,,,,,,,,,,,,,,
6396,63.960000,0.000000,0.000000,0.000000,1.000000,0.000000,0.000000,0.000000,57.698101,20.499701,-14.700500,0.047771,-0.013570,0.015998,-15.666301,-52.738201,18.801300,-93.396698,0.129960,17.611099,-0.198697,-0.453087,-0.695703,0.520797,2214.196533,1539.858032,-3285.161377,2215.988525,1459.808350,-3299.590088,2227.941895,1584.574951,-3310.184814,2196.030518,1488.959839,-3248.305664,2216.824219,1626.089111,-3282.565430,2216.052002,1459.802124,-3299.662842,2227.915283,1584.608765,-3310.234131,2195.973633,1489.082886,-3248.220947,2216.842773,1625.934937,-3282.519775,2616.287109,1567.716187,-3159.769531,,,,,,,,,,,,,,,,,,,,,,,,,,,,,,,,,
6397,63.970000,0.000000,0.000000,0.000000,1.000000,0.000000,0.000000,0.000000,57.698101,20.499701,-14.700500,0.047771,-0.013570,0.015998,-15.666301,-52.738201,18.801300,-93.396698,0.129960,17.611099,-0.199396,-0.452758,-0.695750,0.520753,2215.147705,1540.061890,-3284.223145,2216.851807,1460.007080,-3298.634033,2228.901123,1584.760498,-3309.274658,2196.983643,1489.188721,-3247.331787,2217.854248,1626.291260,-3281.651855,2216.923340,1459.981445,-3298.677490,2228.859619,1584.810303,-3309.370605,2196.914795,1489.274048,-3247.262695,2217.890381,1626.181641,-3281.578857,2616.302490,1567.773804,-3159.776367,,,,,,,,,,,,,,,,,,,,,,,,,,,,,,,,,
6398,63.980000,0.000000,0.000000,0.000000,1.000000,0.000000,0.000000,0.000000,57.698101,20.499701,-14.700500,0.047771,-0.013570,0.015998,-15.666301,-52.738201,18.801300,-93.396698,0.129960,17.611099,-0.200665,-0.452118,-0.695707,0.520878,2216.088135,1540.271240,-3283.244629,2217.660400,1460.208618,-3297.626465,2229.830078,1584.943237,-3308.350098,2197.958252,1489.435059,-3246.285645,2218.903320,1626.498413,-3280.716064,2217.729004,1460.154297,-3297.663330,2229.744385,1584.970581,-3308.350342,2197.899414,1489.433838,-3246.242432,2218.979980,1626.526733,-3280.723389,2616.274902,1567.758911,-3159.794922,,,,,,,,,,,,,,,,,,,,,,,,,,,,,,,,,
6399,63.990000,0.000000,0.000000,0.000000,1.000000,0.000000,0.000000,0.000000,57.698101,20.499701,-14.700500,0.047771,-0.013570,0.015998,-15.666301,-52.738201,18.801300,-93.396698,0.129960,17.611099,-0.201099,-0.451928,-0.695801,0.520750,2217.004150,1540.515259,-3282.314209,2218.507568,1460.449219,-3296.684814,2230.762939,1585.173096,-3307.435547,2198.860352,1489.698242,-3245.335693,2219.885254,1626.740845,-3279.801025,2218.596924,1460.425049,-3296.713867,2230.639160,1585.175293,-3307.436035,2198.778320,1489.639526,-3245.287598,2220.002441,1626.824097,-3279.819824,2616.279297,1567.753662,-3159.792725,,,,,,,,,,,,,,,,,,,,,,,,,,,,,,,,,
6400,64.000000,0.000000,0.000000,0.000000,1.000000,0.000000,0.000000,0.000000,57.698101,20.499701,-14.700500,0.047771,-0.013570,0.015998,-15.666301,-52.738201,18.801300,-93.396698,0.129960,17.611099,-0.201525,-0.451676,-0.695705,0.520933,2218.003906,1540.819458,-3281.406982,2219.481445,1460.751709,-3295.770508,2231.742188,1585.472778,-3306.547363,2199.893066,1490.008667,-3244.403564,2220.899170,1627.044678,-3278.905762,2219.578613,1460.740356,-3295.800781,2231.626709,1585.523926,-3306.585205,2199.771729,1489.847534,-3244.300781,2221.032959,1627.159302,-3278.933838,2616.304932,1567.726440,-3159.779297,,,,,,,,,,,,,,,,,,,,,,,,,,,,,,,,,
6401,64.010000,0.000000,0.000000,0.000000,1.000000,0.000000,0.000000,0.000000,57.698101,20.499701,-14.700500,0.047771,-0.013570,0.015998,-15.666301,-52.738201,18.801300,-93.396698,0.129960,17.611099,-0.201378,-0.451847,-0.695661,0.520901,2218.995361,1541.188599,-3280.568848,2220.494629,1461.119141,-3294.920654,2232.734375,1585.841309,-3305.709961,2200.880127,1490.379395,-3243.565918,2221.872070,1627.414795,-3278.078613,2220.547363,1461.125854,-3294.906250,2232.654053,1585.943970,-3305.737061,2200.799561,1490.212036,-3243.512451,2221.970947,1627.464111,-3278.117676,2616.302002,1567.737915,-3159.768555,,,,,,,,,,,,,,,,,,,,,,,,,,,,,,,,,
6402,64.020000,0.000000,0.000000,0.000000,1.000000,0.000000,0.000000,0.000000,57.698101,20.499701,-14.700500,0.047771,-0.013570,0.015998,-15.666301,-52.738201,18.801300,-93.396698,0.129960,17.611099,-0.201509,-0.451538,-0.695187,0.521749,2219.933105,1541.524170,-3279.699951,2221.526123,1461.459839,-3294.070801,2233.571289,1586.201660,-3304.852051,2201.944580,1490.681396,-3242.680908,2222.690186,1627.754028,-3277.196289,2221.562988,1461.507324,-3294.064941,2233.541748,1586.278931,-3304.911621,2201.885742,1490.583740,-3242.623535,2222.737061,1627.724487,-3277.198975,2616.290771,1567.757568,-3159.773682,,,,,,,,,,,,,,,,,,,,,,,,,,,,,,,,,
6403,64.030000,0.000000,0.000000,0.000000,1.000000,0.000000,0.000000,0.000000,57.698101,20.499701,-14.700500,0.047771,-0.013570,0.015998,-15.666301,-52.738201,18.801300,-93.396698,0.129960,17.611099,-0.202221,-0.451002,-0.694863,0.522369,2220.770020,1541.848145,-3278.858643,2222.358398,1461.783936,-3293.229736,2234.336914,1586.529419,-3304.042725,2202.881836,1491.000732,-3241.797363,2223.503418,1628.079102,-3276.364258,2222.383789,1461.811279,-3293.228271,2234.296631,1586.590698,-3304.036133,2202.850586,1490.953369,-3241.773682,2223.548340,1628.037598,-3276.396484,2616.267090,1567.757935,-3159.787354,,,,,,,,,,,,,,,,,,,,,,,,,,,,,,,,,
6404,64.040000,0.000000,0.000000,0.000000,1.000000,0.000000,0.000000,0.000000,57.698101,20.499701,-14.700500,0.047771,-0.013570,0.015998,-15.666301,-52.738201,18.801300,-93.396698,0.129960,17.611099,-0.202467,-0.450848,-0.694614,0.522738,2221.554932,1542.173828,-3278.020264,2223.168945,1462.108643,-3292.383545,2235.076416,1586.858643,-3303.222656,2203.726318,1491.322144,-3240.936523,2224.248291,1628.406250,-3275.538818,2223.195068,1462.186890,-3292.369873,2235.041260,1586.924805,-3303.235840,2203.691406,1491.262329,-3240.910645,2224.292480,1628.320312,-3275.565430,2616.278564,1567.744629,-3159.781250,,,,,,,,,,,,,,,,,,,,,,,,,,,,,,,,,
6405,64.050000,0.000000,0.000000,0.000000,1.000000,0.000000,0.000000,0.000000,57.698101,20.499701,-14.700500,0.047771,-0.013570,0.015998,-15.666301,-52.738201,18.801300,-93.396698,0.129960,17.611099,-0.202584,-0.450944,-0.694620,0.522601,2222.345947,1542.471191,-3277.231445,2223.939453,1462.401123,-3291.570068,2235.880615,1587.144653,-3302.446533,2204.501465,1491.635620,-3240.133057,2225.062012,1628.703735,-3274.776123,2223.954346,1462.469238,-3291.561523,2235.870361,1587.190918,-3302.471924,2204.479248,1491.608398,-3240.111084,2225.079834,1628.615234,-3274.781494,2616.269775,1567.758911,-3159.784424,,,,,,,,,,,,,,,,,,,,,,,,,,,,,,,,,
6406,64.060000,0.000000,0.000000,0.000000,1.000000,0.000000,0.000000,0.000000,57.698101,20.499701,-14.700500,0.047771,-0.013570,0.015998,-15.666301,-52.738201,18.801300,-93.396698,0.129960,17.611099,-0.202363,-0.451473,-0.694343,0.522599,2223.119385,1542.752441,-3276.462158,2224.780029,1462.672729,-3290.738770,2236.641846,1587.416260,-3301.700684,2205.282959,1491.932129,-3239.338867,2225.773193,1628.988647,-3274.069824,2224.783691,1462.752563,-3290.745117,2236.658691,1587.470337,-3301.724121,2205.266846,1491.911377,-3239.298828,2225.769043,1628.871338,-3274.081055,2616.289062,1567.732788,-3159.778320,,,,,,,,,,,,,,,,,,,,,,,,,,,,,,,,,
6407,64.070000,0.000000,0.000000,0.000000,1.000000,0.000000,0.000000,0.000000,57.698101,20.499701,-14.700500,0.047771,-0.013570,0.015998,-15.666301,-52.738201,18.801300,-93.396698,0.129960,17.611099,-0.203147,-0.451021,-0.694022,0.523110,2223.871826,1543.050293,-3275.771484,2225.514160,1462.966919,-3290.029785,2237.333008,1587.709351,-3301.051270,2206.123047,1492.237549,-3238.595703,2226.517334,1629.287476,-3273.408447,2225.545898,1463.034058,-3290.025635,2237.314697,1587.719971,-3301.114990,2206.088867,1492.227173,-3238.569580,2226.538574,1629.220093,-3273.375977,2616.305176,1567.727905,-3159.766357,,,,,,,,,,,,,,,,,,,,,,,,,,,,,,,,,
6408,64.080000,0.000000,0.000000,0.000000,1.000000,0.000000,0.000000,0.000000,57.698101,20.499701,-14.700500,0.047771,-0.013570,0.015998,-15.666301,-52.738201,18.801300,-93.396698,0.129960,17.611099,-0.203158,-0.451568,-0.694040,0.522610,2224.683838,1543.374023,-3275.088867,2226.300293,1463.276245,-3289.268799,2238.192871,1588.002197,-3300.397949,2206.871826,1492.605835,-3237.882568,2227.370117,1629.612183,-3272.805664,2226.373779,1463.350220,-3289.296631,2238.119385,1588.037231,-3300.429443,2206.790039,1492.530640,-3237.802246,2227.449707,1629.576416,-3272.823486,2616.286377,1567.759766,-3159.778809,,,,,,,,,,,,,,,,,,,,,,,,,,,,,,,,,
6409,64.090000,0.000000,0.000000,0.000000,1.000000,0.000000,0.000000,0.000000,57.698101,20.499701,-14.700500,0.047771,-0.013570,0.015998,-15.666301,-52.738201,18.801300,-93.396698,0.129960,17.611099,-0.204592,-0.450854,-0.693994,0.522728,2225.496826,1543.643677,-3274.472900,2226.962891,1463.536743,-3288.617188,2238.994629,1588.240479,-3299.843018,2207.721680,1492.918701,-3237.190186,2228.307861,1629.879272,-3272.241211,2227.081055,1463.543335,-3288.673828,2238.862305,1588.242920,-3299.878662,2207.604004,1492.849487,-3237.089600,2228.436523,1629.937622,-3272.247314,2616.291748,1567.765259,-3159.790039,,,,,,,,,,,,,,,,,,,,,,,,,,,,,,,,,
6410,64.100000,0.000000,0.000000,0.000000,1.000000,0.000000,0.000000,0.000000,57.698101,20.499701,-14.700500,0.047771,-0.013570,0.015998,-15.666301,-52.738201,18.801300,-93.396698,0.129960,17.611099,-0.205445,-0.450889,-0.693504,0.523014,2226.372314,1543.928345,-3273.893555,2227.827881,1463.803711,-3287.938721,2239.822266,1588.495117,-3299.341797,2208.664795,1493.247803,-3236.518311,2229.173584,1630.167114,-3271.775146,2227.942871,1463.773315,-3287.968018,2239.655029,1588.515503,-3299.340820,2208.565186,1493.198730,-3236.470215,2229.324951,1630.229248,-3271.795898,2616.307373,1567.796021,-3159.789062,,,,,,,,,,,,,,,,,,,,,,,,,,,,,,,,,
6411,64.110000,0.000000,0.000000,0.000000,1.000000,0.000000,0.000000,0.000000,57.698101,20.499701,-14.700500,0.047771,-0.013570,0.015998,-15.666301,-52.738201,18.801300,-93.396698,0.129960,17.611099,-0.205606,-0.451254,-0.693080,0.523198,2227.218994,1544.218750,-3273.322266,2228.728760,1464.081421,-3287.289307,2240.633301,1588.770020,-3298.816406,2209.554199,1493.562500,-3235.894287,2229.960205,1630.461426,-3271.289062,2228.788574,1464.016235,-3287.326416,2240.556641,1588.802368,-3298.805908,2209.512695,1493.629272,-3235.871582,2230.018311,1630.427246,-3271.286133,2616.283691,1567.754028,-3159.786133,,,,,,,,,,,,,,,,,,,,,,,,,,,,,,,,,
6412,64.120000,0.000000,0.000000,0.000000,1.000000,0.000000,0.000000,0.000000,57.698101,20.499701,-14.700500,0.047771,-0.013570,0.015998,-15.666301,-52.738201,18.801300,-93.396698,0.129960,17.611099,-0.205769,-0.451727,-0.692571,0.523399,2228.083252,1544.501221,-3272.809082,2229.660156,1464.348389,-3286.679688,2241.456299,1589.033203,-3298.358398,2210.466309,1493.874756,-3235.317871,2230.750732,1630.748535,-3270.879883,2229.736328,1464.328369,-3286.703857,2241.360596,1589.010254,-3298.382812,2210.420654,1494.005737,-3235.320801,2230.814453,1630.663696,-3270.828125,2616.280518,1567.770020,-3159.786621,,,,,,,,,,,,,,,,,,,,,,,,,,,,,,,,,
6413,64.130000,0.000000,0.000000,0.000000,1.000000,0.000000,0.000000,0.000000,57.698101,20.499701,-14.700500,0.047771,-0.013570,0.015998,-15.666301,-52.738201,18.801300,-93.396698,0.129960,17.611099,-0.205936,-0.452375,-0.691860,0.523714,2228.930908,1544.743652,-3272.268555,2230.609619,1464.571167,-3286.012451,2242.242920,1589.252441,-3297.890137,2211.384521,1494.153931,-3234.695068,2231.486816,1630.997437,-3270.476562,2230.662109,1464.533325,-3286.059814,2242.195312,1589.232300,-3297.903320,2211.357422,1494.318970,-3234.679688,2231.508545,1630.899902,-3270.427490,2616.263428,1567.698486,-3159.786621,,,,,,,,,,,,,,,,,,,,,,,,,,,,,,,,,
6414,64.140000,0.000000,0.000000,0.000000,1.000000,0.000000,0.000000,0.000000,57.698101,20.499701,-14.700500,0.047771,-0.013570,0.015998,-15.666301,-52.738201,18.801300,-93.396698,0.129960,17.611099,-0.205243,-0.453491,-0.691732,0.523190,2229.711914,1544.951294,-3271.771484,2231.465332,1464.763916,-3285.418701,2243.067139,1589.437256,-3297.410156,2212.094727,1494.396118,-3234.184570,2232.220703,1631.208252,-3270.072266,2231.523682,1464.714722,-3285.509033,2243.054688,1589.424072,-3297.461426,2212.048340,1494.554932,-3234.101074,2232.218994,1631.121582,-3270.006348,2616.288086,1567.733154,-3159.773682,,,,,,,,,,,,,,,,,,,,,,,,,,,,,,,,,
6415,64.150000,0.000000,0.000000,0.000000,1.000000,0.000000,0.000000,0.000000,57.698101,20.499701,-14.700500,0.047771,-0.013570,0.015998,-15.666301,-52.738201,18.801300,-93.396698,0.129960,17.611099,-0.205434,-0.454166,-0.691219,0.523208,2230.512939,1545.142944,-3271.236572,2232.322510,1464.935059,-3284.755859,2243.843994,1589.596924,-3296.943359,2212.921143,1494.635864,-3233.572998,2232.963623,1631.404175,-3269.674072,2232.442871,1464.930176,-3284.887939,2243.789551,1589.556763,-3297.044922,2212.816162,1494.823242,-3233.427002,2232.999756,1631.275269,-3269.573975,2616.284424,1567.730469,-3159.777100,,,,,,,,,,,,,,,,,,,,,,,,,,,,,,,,,
6416,64.160000,0.000000,0.000000,0.000000,1.000000,0.000000,0.000000,0.000000,57.698101,20.499701,-14.700500,0.047771,-0.013570,0.015998,-15.666301,-52.738201,18.801300,-93.396698,0.129960,17.611099,-0.205740,-0.454318,-0.690990,0.523258,2231.308105,1545.380493,-3270.737793,2233.119629,1465.163086,-3284.200195,2244.624268,1589.817139,-3296.482178,2213.736328,1494.898804,-3233.030762,2233.751221,1631.643066,-3269.238281,2233.228760,1465.175781,-3284.331299,2244.570557,1589.832642,-3296.538818,2213.633789,1495.023682,-3232.873779,2233.798584,1631.494873,-3269.197266,2616.267578,1567.739502,-3159.785645,,,,,,,,,,,,,,,,,,,,,,,,,,,,,,,,,
6417,64.170000,0.000000,0.000000,0.000000,1.000000,0.000000,0.000000,0.000000,57.698101,20.499701,-14.700500,0.047771,-0.013570,0.015998,-15.666301,-52.738201,18.801300,-93.396698,0.129960,17.611099,-0.206840,-0.453950,-0.690899,0.523265,2232.089600,1545.607422,-3270.256348,2233.791016,1465.378540,-3283.664062,2245.402344,1590.011597,-3296.058350,2214.538574,1495.171387,-3232.478516,2234.625977,1631.868530,-3268.823975,2233.925537,1465.346436,-3283.780273,2245.281494,1590.048096,-3296.081055,2214.419434,1495.242310,-3232.342041,2234.731201,1631.795776,-3268.818359,2616.286133,1567.725220,-3159.770264,,,,,,,,,,,,,,,,,,,,,,,,,,,,,,,,,
6418,64.180000,0.000000,0.000000,0.000000,1.000000,0.000000,0.000000,0.000000,57.698101,20.499701,-14.700500,0.047771,-0.013570,0.015998,-15.666301,-52.738201,18.801300,-93.396698,0.129960,17.611099,-0.207892,-0.453532,-0.690531,0.523696,2232.912354,1545.845093,-3269.746826,2234.569580,1465.606934,-3283.104248,2246.168701,1590.229736,-3295.611328,2215.446045,1495.437378,-3231.892090,2235.464844,1632.106812,-3268.379150,2234.740967,1465.587769,-3283.204102,2245.972168,1590.221680,-3295.629883,2215.302490,1495.458252,-3231.775391,2235.631348,1632.112915,-3268.378906,2616.287842,1567.717651,-3159.763916,,,,,,,,,,,,,,,,,,,,,,,,,,,,,,,,,
6419,64.190000,0.000000,0.000000,0.000000,1.000000,0.000000,0.000000,0.000000,57.698101,20.499701,-14.700500,0.047771,-0.013570,0.015998,-15.666301,-52.738201,18.801300,-93.396698,0.129960,17.611099,-0.207779,-0.453535,-0.690630,0.523606,2233.855225,1546.094238,-3269.321533,2235.506348,1465.858032,-3282.691650,2247.124512,1590.481567,-3295.175049,2216.372070,1495.682373,-3231.480225,2236.417969,1632.355225,-3267.938721,2235.602295,1465.792603,-3282.776611,2247.001709,1590.516602,-3295.120605,2216.296631,1495.718384,-3231.405273,2236.519287,1632.348022,-3267.984131,2616.280029,1567.758179,-3159.779541,,,,,,,,,,,,,,,,,,,,,,,,,,,,,,,,,
6420,64.200000,0.000000,0.000000,0.000000,1.000000,0.000000,0.000000,0.000000,57.698101,20.499701,-14.700500,0.047771,-0.013570,0.015998,-15.666301,-52.738201,18.801300,-93.396698,0.129960,17.611099,-0.207829,-0.453211,-0.690328,0.524266,2234.829590,1546.326172,-3268.907227,2236.549561,1466.097046,-3282.311279,2248.022949,1590.737549,-3294.758301,2217.442139,1495.881104,-3231.066162,2237.303711,1632.589233,-3267.493164,2236.615479,1466.061768,-3282.361328,2247.944580,1590.773926,-3294.743652,2217.390381,1495.927856,-3231.019531,2237.368408,1632.541748,-3267.505371,2616.290527,1567.765503,-3159.796875,,,,,,,,,,,,,,,,,,,,,,,,,,,,,,,,,
6421,64.210000,0.000000,0.000000,0.000000,1.000000,0.000000,0.000000,0.000000,57.698101,20.499701,-14.700500,0.047771,-0.013570,0.015998,-15.666301,-52.738201,18.801300,-93.396698,0.129960,17.611099,-0.207168,-0.453371,-0.690097,0.524692,2235.738525,1546.527344,-3268.479980,2237.586426,1466.306763,-3281.918213,2248.880859,1590.969849,-3294.303711,2218.403809,1496.039795,-3230.671631,2238.082764,1632.793457,-3267.026611,2237.628418,1466.362549,-3281.955811,2248.862793,1590.987061,-3294.346680,2218.360840,1496.064575,-3230.609619,2238.102783,1632.692749,-3267.006836,2616.279785,1567.789307,-3159.783203,,,,,,,,,,,,,,,,,,,,,,,,,,,,,,,,,
6422,64.220000,0.000000,0.000000,0.000000,1.000000,0.000000,0.000000,0.000000,57.698101,20.499701,-14.700500,0.047771,-0.013570,0.015998,-15.666301,-52.738201,18.801300,-93.396698,0.129960,17.611099,-0.206919,-0.452998,-0.690194,0.524986,2236.523682,1546.646851,-3268.070068,2238.398193,1466.440186,-3281.587891,2249.642090,1591.119629,-3293.853271,2219.218262,1496.115356,-3230.306641,2238.835693,1632.912231,-3266.532227,2238.406982,1466.494019,-3281.625977,2249.665771,1591.172119,-3293.874756,2219.196289,1496.117432,-3230.237305,2238.824463,1632.798950,-3266.541748,2616.271973,1567.729980,-3159.781982,,,,,,,,,,,,,,,,,,,,,,,,,,,,,,,,,
6423,64.230000,0.000000,0.000000,0.000000,1.000000,0.000000,0.000000,0.000000,57.698101,20.499701,-14.700500,0.047771,-0.013570,0.015998,-15.666301,-52.738201,18.801300,-93.396698,0.129960,17.611099,-0.207340,-0.452276,-0.690298,0.525305,2237.370605,1546.808838,-3267.690918,2239.195557,1466.612183,-3281.274414,2250.463623,1591.297241,-3293.460205,2220.107422,1496.253906,-3229.939697,2239.715332,1633.072266,-3266.089355,2239.221191,1466.691528,-3281.278320,2250.461426,1591.375610,-3293.526123,2220.060547,1496.187378,-3229.872314,2239.737549,1632.980225,-3266.086670,2616.286377,1567.756592,-3159.783203,,,,,,,,,,,,,,,,,,,,,,,,,,,,,,,,,
6424,64.240000,0.000000,0.000000,0.000000,1.000000,0.000000,0.000000,0.000000,57.698101,20.499701,-14.700500,0.047771,-0.013570,0.015998,-15.666301,-52.738201,18.801300,-93.396698,0.129960,17.611099,-0.207638,-0.451792,-0.690353,0.525530,2238.219238,1546.990845,-3267.357910,2240.011719,1466.800537,-3280.982910,2251.293945,1591.489136,-3293.119385,2220.986816,1496.420898,-3229.612549,2240.584717,1633.252930,-3265.716064,2240.045410,1466.886475,-3281.001221,2251.293457,1591.579468,-3293.197021,2220.917480,1496.294678,-3229.501221,2240.614258,1633.197754,-3265.725098,2616.276855,1567.755493,-3159.777100,,,,,,,,,,,,,,,,,,,,,,,,,,,,,,,,,
6425,64.250000,0.000000,0.000000,0.000000,1.000000,0.000000,0.000000,0.000000,57.698101,20.499701,-14.700500,0.047771,-0.013570,0.015998,-15.666301,-52.738201,18.801300,-93.396698,0.129960,17.611099,-0.207622,-0.451426,-0.690443,0.525735,2239.068848,1547.123047,-3267.079590,2240.858643,1466.942261,-3280.760986,2252.127930,1591.639893,-3292.817139,2221.857910,1496.526245,-3229.360596,2241.430420,1633.384277,-3265.379639,2240.902344,1466.975342,-3280.803223,2252.094971,1591.712524,-3292.830811,2221.778076,1496.356689,-3229.232666,2241.490967,1633.429443,-3265.438477,2616.295654,1567.737793,-3159.770508,,,,,,,,,,,,,,,,,,,,,,,,,,,,,,,,,
6426,64.260000,0.000000,0.000000,0.000000,1.000000,0.000000,0.000000,0.000000,57.698101,20.499701,-14.700500,0.047771,-0.013570,0.015998,-15.666301,-52.738201,18.801300,-93.396698,0.129960,17.611099,-0.208191,-0.450815,-0.690536,0.525911,2239.932861,1547.285767,-3266.841797,2241.651367,1467.109497,-3280.558350,2252.979736,1591.804688,-3292.581787,2222.749023,1496.684570,-3229.116455,2242.350830,1633.544678,-3265.110840,2241.740479,1467.068726,-3280.597412,2252.872314,1591.860107,-3292.603271,2222.640381,1496.538086,-3229.012695,2242.475098,1633.673096,-3265.148682,2616.301514,1567.706421,-3159.771484,,,,,,,,,,,,,,,,,,,,,,,,,,,,,,,,,
6427,64.270000,0.000000,0.000000,0.000000,1.000000,0.000000,0.000000,0.000000,57.698101,20.499701,-14.700500,0.047771,-0.013570,0.015998,-15.666301,-52.738201,18.801300,-93.396698,0.129960,17.611099,-0.208933,-0.450237,-0.690260,0.526474,2240.869873,1547.443359,-3266.659912,2242.570068,1467.267334,-3280.380371,2253.851562,1591.964600,-3292.428955,2223.779297,1496.839111,-3228.896240,2243.278076,1633.702637,-3264.934082,2242.655029,1467.175781,-3280.381348,2253.738281,1592.017212,-3292.480957,2223.701172,1496.793335,-3228.867920,2243.387207,1633.790649,-3264.910645,2616.313721,1567.751587,-3159.775391,,,,,,,,,,,,,,,,,,,,,,,,,,,,,,,,,
6428,64.280000,0.000000,0.000000,0.000000,1.000000,0.000000,0.000000,0.000000,57.698101,20.499701,-14.700500,0.047771,-0.013570,0.015998,-15.666301,-52.738201,18.801300,-93.396698,0.129960,17.611099,-0.208586,-0.450171,-0.690168,0.526788,2241.857178,1547.613281,-3266.548096,2243.624268,1467.445557,-3280.309082,2254.805176,1592.157959,-3292.293457,2224.804688,1496.976196,-3228.811523,2244.195312,1633.873535,-3264.778320,2243.690674,1467.388428,-3280.321045,2254.729736,1592.216553,-3292.347168,2224.745117,1496.990601,-3228.779785,2244.262939,1633.858521,-3264.745850,2616.276367,1567.718018,-3159.781494,,,,,,,,,,,,,,,,,,,,,,,,,,,,,,,,,
6429,64.290000,0.000000,0.000000,0.000000,1.000000,0.000000,0.000000,0.000000,57.698101,20.499701,-14.700500,0.047771,-0.013570,0.015998,-15.666301,-52.738201,18.801300,-93.396698,0.129960,17.611099,-0.208469,-0.449908,-0.689999,0.527281,2242.758789,1547.729126,-3266.451904,2244.585449,1467.570435,-3280.257080,2255.652344,1592.298706,-3292.181396,2225.773193,1497.057129,-3228.731689,2245.024170,1633.990479,-3264.636963,2244.641846,1467.481445,-3280.295410,2255.598389,1592.334351,-3292.208984,2225.734131,1497.172119,-3228.708984,2245.061279,1633.929932,-3264.593994,2616.266357,1567.743652,-3159.787842,,,,,,,,,,,,,,,,,,,,,,,,,,,,,,,,,
6430,64.300000,0.000000,0.000000,0.000000,1.000000,0.000000,0.000000,0.000000,57.698101,20.499701,-14.700500,0.047771,-0.013570,0.015998,-15.666301,-52.738201,18.801300,-93.396698,0.129960,17.611099,-0.207762,-0.450180,-0.690180,0.527090,2243.686279,1547.843872,-3266.380127,2245.557617,1467.691895,-3280.218750,2256.605469,1592.428955,-3292.069824,2226.658691,1497.149658,-3228.708496,2245.923340,1634.104980,-3264.522705,2245.666016,1467.592041,-3280.335449,2256.550537,1592.470825,-3292.165527,2226.557373,1497.287598,-3228.571289,2245.968750,1634.030151,-3264.443848,2616.259277,1567.735718,-3159.774902,,,,,,,,,,,,,,,,,,,,,,,,,,,,,,,,,
6431,64.310000,0.000000,0.000000,0.000000,1.000000,0.000000,0.000000,0.000000,57.698101,20.499701,-14.700500,0.047771,-0.013570,0.015998,-15.666301,-52.738201,18.801300,-93.396698,0.129960,17.611099,-0.207942,-0.450213,-0.689967,0.527271,2244.606689,1548.000610,-3266.379150,2246.497559,1467.844360,-3280.190674,2257.499512,1592.580933,-3292.090576,2227.613281,1497.314087,-3228.682129,2246.816650,1634.263184,-3264.552979,2246.628418,1467.766724,-3280.322754,2257.429932,1592.633911,-3292.207520,2227.488281,1497.475586,-3228.515137,2246.876709,1634.133789,-3264.460693,2616.278076,1567.717163,-3159.771973,,,,,,,,,,,,,,,,,,,,,,,,,,,,,,,,,
6432,64.320000,0.000000,0.000000,0.000000,1.000000,0.000000,0.000000,0.000000,57.698101,20.499701,-14.700500,0.047771,-0.013570,0.015998,-15.666301,-52.738201,18.801300,-93.396698,0.129960,17.611099,-0.209309,-0.449524,-0.689972,0.527311,2245.550537,1548.224976,-3266.447754,2247.287598,1468.059692,-3280.226562,2258.440674,1592.774170,-3292.214355,2228.582520,1497.581177,-3228.681885,2247.891846,1634.484985,-3264.668457,2247.437012,1468.075317,-3280.349609,2258.318848,1592.797485,-3292.278564,2228.443359,1497.643677,-3228.517334,2248.001953,1634.387329,-3264.640381,2616.284424,1567.733398,-3159.777100,,,,,,,,,,,,,,,,,,,,,,,,,,,,,,,,,
6433,64.330000,0.000000,0.000000,0.000000,1.000000,0.000000,0.000000,0.000000,57.698101,20.499701,-14.700500,0.047771,-0.013570,0.015998,-15.666301,-52.738201,18.801300,-93.396698,0.129960,17.611099,-0.211393,-0.448131,-0.689499,0.528282,2246.541748,1548.576660,-3266.602539,2248.154297,1468.406372,-3280.366699,2259.319580,1593.110474,-3292.451660,2229.747314,1497.954468,-3228.730225,2248.945801,1634.835815,-3264.861328,2248.256836,1468.343994,-3280.386719,2259.160400,1593.134033,-3292.443848,2229.679443,1498.034058,-3228.731934,2249.066406,1634.794678,-3264.846924,2616.285889,1567.740845,-3159.778076,,,,,,,,,,,,,,,,,,,,,,,,,,,,,,,,,
6434,64.340000,0.000000,0.000000,0.000000,1.000000,0.000000,0.000000,0.000000,57.698101,20.499701,-14.700500,0.047771,-0.013570,0.015998,-15.666301,-52.738201,18.801300,-93.396698,0.129960,17.611099,-0.210490,-0.449001,-0.688750,0.528881,2247.682617,1548.963623,-3266.868652,2249.537109,1468.788940,-3280.577148,2260.369873,1593.515869,-3292.730469,2230.979980,1498.319702,-3228.984619,2249.843262,1635.230347,-3265.181885,2249.582275,1468.792114,-3280.601318,2260.326904,1593.593262,-3292.758057,2230.942383,1498.409180,-3228.953125,2249.879883,1635.046631,-3265.158691,2616.290039,1567.723389,-3159.775146,,,,,,,,,,,,,,,,,,,,,,,,,,,,,,,,,
6435,64.350000,0.000000,0.000000,0.000000,1.000000,0.000000,0.000000,0.000000,57.698101,20.499701,-14.700500,0.047771,-0.013570,0.015998,-15.666301,-52.738201,18.801300,-93.396698,0.129960,17.611099,-0.210280,-0.450026,-0.687824,0.529300,2248.753174,1549.213501,-3267.119141,2250.790527,1469.017944,-3280.678711,2261.358887,1593.745483,-3293.055664,2232.137451,1498.603394,-3229.151855,2250.725098,1635.487671,-3265.590088,2250.847168,1469.131226,-3280.760986,2261.337891,1593.768188,-3293.073242,2232.082764,1498.658203,-3229.044922,2250.749023,1635.284790,-3265.597412,2616.300049,1567.723633,-3159.777588,,,,,,,,,,,,,,,,,,,,,,,,,,,,,,,,,
6436,64.360000,0.000000,0.000000,0.000000,1.000000,0.000000,0.000000,0.000000,57.698101,20.499701,-14.700500,0.047771,-0.013570,0.015998,-15.666301,-52.738201,18.801300,-93.396698,0.129960,17.611099,-0.211020,-0.450841,-0.686905,0.529504,2249.710449,1549.481934,-3267.364502,2251.812988,1469.252686,-3280.713379,2262.256348,1593.956787,-3293.427979,2233.169678,1498.957031,-3229.251465,2251.603271,1635.761597,-3266.065186,2251.870850,1469.393921,-3280.774902,2262.253906,1593.996826,-3293.524170,2233.093994,1498.933472,-3229.116943,2251.624023,1635.602051,-3266.038086,2616.321777,1567.728516,-3159.766602,,,,,,,,,,,,,,,,,,,,,,,,,,,,,,,,,
6437,64.370000,0.000000,0.000000,0.000000,1.000000,0.000000,0.000000,0.000000,57.698101,20.499701,-14.700500,0.047771,-0.013570,0.015998,-15.666301,-52.738201,18.801300,-93.396698,0.129960,17.611099,-0.213228,-0.450728,-0.686184,0.529650,2250.747070,1549.781494,-3267.644043,2252.715576,1469.513306,-3280.777588,2263.246582,1594.170288,-3293.875488,2234.288818,1499.380127,-3229.332031,2252.736572,1636.062256,-3266.590576,2252.811279,1469.580566,-3280.816162,2263.149658,1594.212769,-3293.935059,2234.184570,1499.301147,-3229.227051,2252.836914,1636.029297,-3266.594238,2616.271484,1567.734985,-3159.772217,,,,,,,,,,,,,,,,,,,,,,,,,,,,,,,,,
6438,64.380000,0.000000,0.000000,0.000000,1.000000,0.000000,0.000000,0.000000,57.698101,20.499701,-14.700500,0.047771,-0.013570,0.015998,-15.666301,-52.738201,18.801300,-93.396698,0.129960,17.611099,-0.214948,-0.450851,-0.685126,0.530220,2251.969971,1550.076416,-3267.972168,2253.929688,1469.773804,-3280.895264,2264.367676,1594.399170,-3294.363281,2235.655029,1499.772217,-3229.471680,2253.927734,1636.360474,-3267.158447,2253.990723,1469.757446,-3280.884766,2264.249268,1594.411377,-3294.335205,2235.620605,1499.822510,-3229.506348,2254.015625,1636.313721,-3267.161621,2616.281738,1567.746094,-3159.793457,,,,,,,,,,,,,,,,,,,,,,,,,,,,,,,,,
6439,64.390000,0.000000,0.000000,0.000000,1.000000,0.000000,0.000000,0.000000,57.698101,20.499701,-14.700500,0.047771,-0.013570,0.015998,-15.666301,-52.738201,18.801300,-93.396698,0.129960,17.611099,-0.214065,-0.452521,-0.684511,0.529949,2253.223877,1550.349854,-3268.254395,2255.365723,1470.024902,-3281.008789,2265.620117,1594.641602,-3294.698242,2236.885254,1500.094238,-3229.700439,2255.024414,1636.638794,-3267.609619,2255.404053,1470.088257,-3281.026367,2265.600098,1594.717651,-3294.760010,2236.836670,1500.083984,-3229.636230,2255.054932,1636.504761,-3267.594238,2616.267578,1567.725708,-3159.790283,,,,,,,,,,,,,,,,,,,,,,,,,,,,,,,,,
6440,64.400000,0.000000,0.000000,0.000000,1.000000,0.000000,0.000000,0.000000,57.698101,20.499701,-14.700500,0.047771,-0.013570,0.015998,-15.666301,-52.738201,18.801300,-93.396698,0.129960,17.611099,-0.214055,-0.453911,-0.683856,0.529610,2254.312988,1550.544678,-3268.427246,2256.541016,1470.188354,-3280.967041,2266.712402,1594.776978,-3294.968750,2237.957764,1500.376953,-3229.765869,2256.040771,1636.836548,-3268.006592,2256.567627,1470.294800,-3280.962646,2266.716797,1594.871704,-3295.072266,2237.901855,1500.277222,-3229.682617,2256.064209,1636.735352,-3267.991699,2616.279053,1567.752930,-3159.782227,,,,,,,,,,,,,,,,,,,,,,,,,,,,,,,,,
6441,64.410000,0.000000,0.000000,0.000000,1.000000,0.000000,0.000000,0.000000,57.698101,20.499701,-14.700500,0.047771,-0.013570,0.015998,-15.666301,-52.738201,18.801300,-93.396698,0.129960,17.611099,-0.214322,-0.455002,-0.683723,0.528737,2255.520264,1550.735352,-3268.578613,2257.700684,1470.349121,-3280.932617,2267.997070,1594.896973,-3295.201660,2239.064453,1500.669067,-3229.828613,2257.319092,1637.026489,-3268.351074,2257.762695,1470.367432,-3280.955322,2267.930908,1594.987793,-3295.243408,2238.976318,1500.532104,-3229.724854,2257.401611,1637.045166,-3268.382812,2616.285645,1567.736084,-3159.771240,,,,,,,,,,,,,,,,,,,,,,,,,,,,,,,,,
6442,64.420000,0.000000,0.000000,0.000000,1.000000,0.000000,0.000000,0.000000,57.698101,20.499701,-14.700500,0.047771,-0.013570,0.015998,-15.666301,-52.738201,18.801300,-93.396698,0.129960,17.611099,-0.215302,-0.455465,-0.683296,0.528491,2256.762451,1550.894775,-3268.750244,2258.886230,1470.480591,-3280.932129,2269.242920,1594.991577,-3295.478760,2240.309326,1500.921997,-3229.878662,2258.611084,1637.185059,-3268.710938,2258.971680,1470.425049,-3280.941162,2269.105957,1595.053711,-3295.467041,2240.232178,1500.855469,-3229.845215,2258.739990,1637.249878,-3268.747803,2616.285645,1567.714478,-3159.779785,,,,,,,,,,,,,,,,,,,,,,,,,,,,,,,,,
6443,64.430000,0.000000,0.000000,0.000000,1.000000,0.000000,0.000000,0.000000,57.698101,20.499701,-14.700500,0.047771,-0.013570,0.015998,-15.666301,-52.738201,18.801300,-93.396698,0.129960,17.611099,-0.215799,-0.456293,-0.682670,0.528383,2258.080811,1551.042725,-3268.900146,2260.238525,1470.601929,-3280.898926,2270.543457,1595.083862,-3295.728760,2241.647217,1501.151611,-3229.915527,2259.893555,1637.333618,-3269.057129,2260.254639,1470.437378,-3280.869873,2270.498047,1595.190552,-3295.727539,2241.638916,1501.180054,-3229.949463,2259.929688,1637.353149,-3269.050293,2616.263672,1567.719238,-3159.779541,,,,,,,,,,,,,,,,,,,,,,,,,,,,,,,,,
6444,64.440000,0.000000,0.000000,0.000000,1.000000,0.000000,0.000000,0.000000,57.698101,20.499701,-14.700500,0.047771,-0.013570,0.015998,-15.666301,-52.738201,18.801300,-93.396698,0.129960,17.611099,-0.214688,-0.457706,-0.682506,0.527826,2259.353516,1551.156494,-3268.995850,2261.635742,1470.704468,-3280.895020,2271.863037,1595.179810,-3295.831787,2242.837158,1501.293091,-3230.010742,2261.077393,1637.449097,-3269.245605,2261.705078,1470.668091,-3280.945557,2271.807861,1595.206055,-3295.882324,2242.778809,1501.391846,-3229.957031,2261.121338,1637.361572,-3269.195312,2616.294434,1567.730347,-3159.776367,,,,,,,,,,,,,,,,,,,,,,,,,,,,,,,,,
6445,64.450000,0.000000,0.000000,0.000000,1.000000,0.000000,0.000000,0.000000,57.698101,20.499701,-14.700500,0.047771,-0.013570,0.015998,-15.666301,-52.738201,18.801300,-93.396698,0.129960,17.611099,-0.214011,-0.459290,-0.682579,0.526629,2260.634521,1551.247070,-3269.078125,2262.927490,1470.771729,-3280.816406,2273.262207,1595.214355,-3295.950439,2243.952393,1501.464233,-3230.060547,2262.395264,1637.538452,-3269.484619,2263.023682,1470.724487,-3280.948975,2273.235107,1595.175537,-3296.042480,2243.856445,1501.552124,-3229.900879,2262.419434,1637.540894,-3269.416748,2616.265381,1567.744385,-3159.778809,,,,,,,,,,,,,,,,,,,,,,,,,,,,,,,,,
6446,64.460000,0.000000,0.000000,0.000000,1.000000,0.000000,0.000000,0.000000,57.698101,20.499701,-14.700500,0.047771,-0.013570,0.015998,-15.666301,-52.738201,18.801300,-93.396698,0.129960,17.611099,-0.215382,-0.459530,-0.682566,0.525876,2261.916016,1551.329956,-3269.168701,2264.023438,1470.825195,-3280.739258,2274.613770,1595.213013,-3296.145508,2245.162842,1501.665771,-3230.030762,2263.863525,1637.616211,-3269.758789,2264.178467,1470.799683,-3280.883057,2274.487793,1595.162598,-3296.194092,2245.020508,1501.693237,-3229.857422,2263.973877,1637.664551,-3269.737549,2616.276855,1567.721069,-3159.789062,,,,,,,,,,,,,,,,,,,,,,,,,,,,,,,,,
6447,64.470000,0.000000,0.000000,0.000000,1.000000,0.000000,0.000000,0.000000,57.698101,20.499701,-14.700500,0.047771,-0.013570,0.015998,-15.666301,-52.738201,18.801300,-93.396698,0.129960,17.611099,-0.217465,-0.458566,-0.682181,0.526360,2263.185303,1551.409668,-3269.254639,2265.139648,1470.890625,-3280.752441,2275.817871,1595.249146,-3296.332764,2246.544434,1501.806641,-3229.991699,2265.239014,1637.692749,-3269.941895,2265.230713,1470.862061,-3280.807861,2275.702393,1595.262085,-3296.319824,2246.482178,1501.928467,-3229.961182,2265.325195,1637.587036,-3269.927979,2616.256836,1567.742554,-3159.784180,,,,,,,,,,,,,,,,,,,,,,,,,,,,,,,,,
6448,64.480000,0.000000,0.000000,0.000000,1.000000,0.000000,0.000000,0.000000,57.698101,20.499701,-14.700500,0.047771,-0.013570,0.015998,-15.666301,-52.738201,18.801300,-93.396698,0.129960,17.611099,-0.217179,-0.458691,-0.682518,0.525933,2264.594971,1551.456177,-3269.327881,2266.511719,1470.938843,-3280.843994,2277.283691,1595.294678,-3296.381592,2247.881592,1501.853516,-3230.095215,2266.703125,1637.738159,-3269.990967,2266.540527,1470.926392,-3280.882324,2277.272705,1595.414307,-3296.407959,2247.852783,1501.960815,-3230.046143,2266.712891,1637.503540,-3269.970947,2616.278809,1567.764526,-3159.788330,,,,,,,,,,,,,,,,,,,,,,,,,,,,,,,,,
6449,64.490000,0.000000,0.000000,0.000000,1.000000,0.000000,0.000000,0.000000,57.698101,20.499701,-14.700500,0.047771,-0.013570,0.015998,-15.666301,-52.738201,18.801300,-93.396698,0.129960,17.611099,-0.216617,-0.459381,-0.682178,0.526003,2265.911865,1551.475708,-3269.378906,2267.945312,1470.953613,-3280.841553,2278.579590,1595.313354,-3296.443848,2249.211426,1501.876587,-3230.136230,2267.911133,1637.759766,-3270.093994,2267.986572,1471.000122,-3280.866455,2278.556641,1595.410889,-3296.502930,2249.154785,1501.849121,-3230.056396,2267.948730,1637.640869,-3270.090576,2616.254150,1567.753662,-3159.796387,,,,,,,,,,,,,,,,,,,,,,,,,,,,,,,,,
6450,64.500000,0.000000,0.000000,0.000000,1.000000,0.000000,0.000000,0.000000,57.698101,20.499701,-14.700500,0.047771,-0.013570,0.015998,-15.666301,-52.738201,18.801300,-93.396698,0.129960,17.611099,-0.216771,-0.459732,-0.682372,0.525381,2267.220947,1551.425049,-3269.369141,2269.179688,1470.892578,-3280.771240,2279.956299,1595.229492,-3296.455811,2250.436768,1501.872192,-3230.103760,2269.311279,1637.706543,-3270.145508,2269.265869,1470.929565,-3280.785645,2279.863525,1595.348999,-3296.541504,2250.318115,1501.717163,-3229.983643,2269.420166,1637.696655,-3270.159424,2616.306152,1567.750732,-3159.776855,,,,,,,,,,,,,,,,,,,,,,,,,,,,,,,,,
6451,64.510000,0.000000,0.000000,0.000000,1.000000,0.000000,0.000000,0.000000,57.698101,20.499701,-14.700500,0.047771,-0.013570,0.015998,-15.666301,-52.738201,18.801300,-93.396698,0.129960,17.611099,-0.216823,-0.460075,-0.682770,0.524542,2268.552490,1551.309448,-3269.309570,2270.407715,1470.768188,-3280.667236,2281.385254,1595.081055,-3296.403320,2251.647461,1501.801636,-3230.039062,2270.769531,1637.587280,-3270.128174,2270.538574,1470.710083,-3280.720459,2281.232910,1595.177002,-3296.454346,2251.495361,1501.655151,-3229.893066,2270.933594,1637.689941,-3270.160400,2616.323486,1567.755493,-3159.758789,,,,,,,,,,,,,,,,,,,,,,,,,,,,,,,,,
6452,64.520000,0.000000,0.000000,0.000000,1.000000,0.000000,0.000000,0.000000,57.698101,20.499701,-14.700500,0.047771,-0.013570,0.015998,-15.666301,-52.738201,18.801300,-93.396698,0.129960,17.611099,-0.216557,-0.460673,-0.682970,0.523866,2269.866699,1551.099976,-3269.250244,2271.690430,1470.550171,-3280.552979,2282.772949,1594.846069,-3296.350586,2252.863525,1501.628174,-3229.976562,2272.139648,1637.375854,-3270.120850,2271.776123,1470.424316,-3280.601074,2282.684570,1594.877319,-3296.381836,2252.792480,1501.651855,-3229.920898,2272.218994,1637.440552,-3270.099121,2616.302246,1567.742920,-3159.772217,,,,,,,,,,,,,,,,,,,,,,,,,,,,,,,,,
6453,64.530000,0.000000,0.000000,0.000000,1.000000,0.000000,0.000000,0.000000,57.698101,20.499701,-14.700500,0.047771,-0.013570,0.015998,-15.666301,-52.738201,18.801300,-93.396698,0.129960,17.611099,-0.217028,-0.460395,-0.683365,0.523401,2271.139648,1550.909668,-3269.173096,2272.830322,1470.357544,-3280.480225,2284.106934,1594.636230,-3296.275635,2254.070557,1501.463257,-3229.896240,2273.550781,1637.181763,-3270.040283,2272.836914,1470.225342,-3280.506592,2284.133789,1594.700684,-3296.337891,2254.065674,1501.591797,-3229.878906,2273.520996,1637.119507,-3269.968994,2616.262451,1567.760986,-3159.782715,,,,,,,,,,,,,,,,,,,,,,,,,,,,,,,,,
6454,64.540000,0.000000,0.000000,0.000000,1.000000,0.000000,0.000000,0.000000,57.698101,20.499701,-14.700500,0.047771,-0.013570,0.015998,-15.666301,-52.738201,18.801300,-93.396698,0.129960,17.611099,-0.216574,-0.460553,-0.683899,0.522751,2272.380127,1550.759399,-3269.080566,2274.011963,1470.211182,-3280.422607,2285.433350,1594.486206,-3296.141602,2255.200195,1501.311035,-3229.854492,2274.875244,1637.029663,-3269.903320,2274.023926,1470.187500,-3280.479736,2285.478027,1594.581299,-3296.205811,2255.179443,1501.429077,-3229.777588,2274.835449,1636.829224,-3269.851807,2616.250244,1567.757324,-3159.797363,,,,,,,,,,,,,,,,,,,,,,,,,,,,,,,,,
6455,64.550000,0.000000,0.000000,0.000000,1.000000,0.000000,0.000000,0.000000,57.698101,20.499701,-14.700500,0.047771,-0.013570,0.015998,-15.666301,-52.738201,18.801300,-93.396698,0.129960,17.611099,-0.216065,-0.460860,-0.683909,0.522678,2273.597900,1550.670898,-3268.980957,2275.281494,1470.124390,-3280.328857,2286.658936,1594.406494,-3296.023682,2256.399414,1501.210449,-3229.778320,2276.051758,1636.942261,-3269.793213,2275.387451,1470.193359,-3280.402588,2286.567627,1594.481201,-3296.072754,2256.299805,1501.268799,-3229.667725,2276.143066,1636.724487,-3269.777832,2616.243408,1567.765015,-3159.796631,,,,,,,,,,,,,,,,,,,,,,,,,,,,,,,,,
6456,64.560000,0.000000,0.000000,0.000000,1.000000,0.000000,0.000000,0.000000,57.698101,20.499701,-14.700500,0.047771,-0.013570,0.015998,-15.666301,-52.738201,18.801300,-93.396698,0.129960,17.611099,-0.216270,-0.460491,-0.684079,0.522696,2274.699463,1550.461060,-3268.818604,2276.335693,1469.918823,-3280.203857,2287.765869,1594.202393,-3295.849365,2257.500000,1500.991455,-3229.627930,2277.196045,1636.731567,-3269.593262,2276.465576,1469.973511,-3280.242920,2287.614746,1594.284180,-3295.911133,2257.367432,1500.925903,-3229.519775,2277.344238,1636.659912,-3269.599365,2616.285645,1567.732300,-3159.776123,,,,,,,,,,,,,,,,,,,,,,,,,,,,,,,,,
6457,64.570000,0.000000,0.000000,0.000000,1.000000,0.000000,0.000000,0.000000,57.698101,20.499701,-14.700500,0.047771,-0.013570,0.015998,-15.666301,-52.738201,18.801300,-93.396698,0.129960,17.611099,-0.215657,-0.460649,-0.684290,0.522535,2275.798340,1550.218750,-3268.661621,2277.464111,1469.683228,-3280.088867,2288.890137,1593.977417,-3295.651855,2258.559814,1500.724365,-3229.519287,2278.279053,1636.490234,-3269.385498,2277.603027,1469.729004,-3280.136963,2288.711914,1594.007812,-3295.669434,2258.412354,1500.578491,-3229.397461,2278.458008,1636.552734,-3269.435303,2616.272949,1567.740356,-3159.780273,,,,,,,,,,,,,,,,,,,,,,,,,,,,,,,,,
6458,64.580000,0.000000,0.000000,0.000000,1.000000,0.000000,0.000000,0.000000,57.698101,20.499701,-14.700500,0.047771,-0.013570,0.015998,-15.666301,-52.738201,18.801300,-93.396698,0.129960,17.611099,-0.214749,-0.461462,-0.684105,0.522432,2276.895264,1549.880371,-3268.484619,2278.685059,1469.342529,-3279.877930,2289.989746,1593.645142,-3295.464111,2259.635742,1500.379395,-3229.359863,2279.270752,1636.154541,-3269.236328,2278.777832,1469.320557,-3279.915283,2289.877441,1593.714844,-3295.487061,2259.527100,1500.259644,-3229.255371,2279.392822,1636.222412,-3269.274902,2616.256348,1567.732788,-3159.787109,,,,,,,,,,,,,,,,,,,,,,,,,,,,,,,,,
6459,64.590000,0.000000,0.000000,0.000000,1.000000,0.000000,0.000000,0.000000,57.698101,20.499701,-14.700500,0.047771,-0.013570,0.015998,-15.666301,-52.738201,18.801300,-93.396698,0.129960,17.611099,-0.213939,-0.462070,-0.684408,0.521831,2278.071045,1549.554565,-3268.292236,2279.877930,1469.017090,-3279.684082,2291.236572,1593.318604,-3295.238281,2260.709717,1500.054443,-3229.211426,2280.459473,1635.828491,-3269.035156,2279.949219,1468.897949,-3279.739746,2291.180908,1593.425659,-3295.288818,2260.634766,1500.068848,-3229.121582,2280.516602,1635.824219,-3269.020996,2616.315674,1567.763062,-3159.784424,,,,,,,,,,,,,,,,,,,,,,,,,,,,,,,,,
6460,64.600000,0.000000,0.000000,0.000000,1.000000,0.000000,0.000000,0.000000,57.698101,20.499701,-14.700500,0.047771,-0.013570,0.015998,-15.666301,-52.738201,18.801300,-93.396698,0.129960,17.611099,-0.213899,-0.461835,-0.684891,0.521421,2279.140869,1549.237671,-3268.094482,2280.861572,1468.705444,-3279.536621,2292.366455,1593.004028,-3295.007568,2261.708496,1499.732544,-3229.052002,2281.627197,1635.509399,-3268.781738,2280.824219,1468.549194,-3279.590088,2292.467773,1593.108643,-3295.048340,2261.731445,1499.860107,-3229.005371,2281.541016,1635.431274,-3268.736816,2616.297119,1567.750000,-3159.775635,,,,,,,,,,,,,,,,,,,,,,,,,,,,,,,,,
6461,64.610000,0.000000,0.000000,0.000000,1.000000,0.000000,0.000000,0.000000,57.698101,20.499701,-14.700500,0.047771,-0.013570,0.015998,-15.666301,-52.738201,18.801300,-93.396698,0.129960,17.611099,-0.213252,-0.462080,-0.685159,0.521116,2280.187012,1548.960815,-3267.843506,2281.925537,1468.433716,-3279.319824,2293.453613,1592.739380,-3294.716064,2262.694580,1499.437744,-3228.850342,2282.673584,1635.232666,-3268.487549,2281.894775,1468.399902,-3279.332764,2293.534912,1592.838379,-3294.763428,2262.728760,1499.613892,-3228.852051,2282.583008,1634.971802,-3268.417236,2616.290771,1567.755737,-3159.777100,,,,,,,,,,,,,,,,,,,,,,,,,,,,,,,,,
6462,64.620000,0.000000,0.000000,0.000000,1.000000,0.000000,0.000000,0.000000,57.698101,20.499701,-14.700500,0.047771,-0.013570,0.015998,-15.666301,-52.738201,18.801300,-93.396698,0.129960,17.611099,-0.212877,-0.461775,-0.685633,0.520917,2281.213623,1548.714600,-3267.532715,2282.914307,1468.199951,-3279.101562,2294.520020,1592.516968,-3294.346924,2263.671387,1499.155884,-3228.607422,2283.748047,1634.985962,-3268.074951,2282.949219,1468.205078,-3279.096924,2294.480225,1592.610718,-3294.389160,2263.645508,1499.255005,-3228.611328,2283.779297,1634.767456,-3268.030518,2616.288574,1567.744873,-3159.771729,,,,,,,,,,,,,,,,,,,,,,,,,,,,,,,,,
6463,64.630000,0.000000,0.000000,0.000000,1.000000,0.000000,0.000000,0.000000,57.698101,20.499701,-14.700500,0.047771,-0.013570,0.015998,-15.666301,-52.738201,18.801300,-93.396698,0.129960,17.611099,-0.212225,-0.461643,-0.685957,0.520873,2282.216064,1548.446411,-3267.261719,2283.939941,1467.945190,-3278.920898,2295.541016,1592.281372,-3294.013428,2264.644775,1498.840698,-3228.409180,2284.738281,1634.718628,-3267.703369,2283.996094,1467.993652,-3278.925537,2295.468018,1592.373535,-3294.035645,2264.591553,1498.841553,-3228.376465,2284.811523,1634.569702,-3267.711182,2616.289795,1567.740356,-3159.780518,,,,,,,,,,,,,,,,,,,,,,,,,,,,,,,,,
6464,64.640000,0.000000,0.000000,0.000000,1.000000,0.000000,0.000000,0.000000,57.698101,20.499701,-14.700500,0.047771,-0.013570,0.015998,-15.666301,-52.738201,18.801300,-93.396698,0.129960,17.611099,-0.211402,-0.461833,-0.686414,0.520438,2283.155762,1548.090210,-3266.953857,2284.883301,1467.598389,-3278.677002,2296.542236,1591.944336,-3293.643555,2265.498291,1498.456299,-3228.176758,2285.698730,1634.362061,-3267.318604,2284.943604,1467.619141,-3278.641357,2296.439453,1592.022583,-3293.676758,2265.435547,1498.372192,-3228.170898,2285.800293,1634.348145,-3267.328857,2616.267822,1567.747803,-3159.787842,,,,,,,,,,,,,,,,,,,,,,,,,,,,,,,,,
6465,64.650000,0.000000,0.000000,0.000000,1.000000,0.000000,0.000000,0.000000,57.698101,20.499701,-14.700500,0.047771,-0.013570,0.015998,-15.666301,-52.738201,18.801300,-93.396698,0.129960,17.611099,-0.209884,-0.462459,-0.686816,0.519965,2284.114258,1547.725708,-3266.644531,2285.929443,1467.245483,-3278.433350,2297.563721,1591.611572,-3293.249756,2266.357422,1498.046509,-3227.970947,2286.606689,1633.999390,-3266.923584,2286.018311,1467.218506,-3278.438232,2297.433105,1591.600342,-3293.268555,2266.270752,1497.944214,-3227.933838,2286.738281,1634.147095,-3266.937256,2616.293701,1567.741699,-3159.776855,,,,,,,,,,,,,,,,,,,,,,,,,,,,,,,,,
6466,64.660000,0.000000,0.000000,0.000000,1.000000,0.000000,0.000000,0.000000,57.698101,20.499701,-14.700500,0.047771,-0.013570,0.015998,-15.666301,-52.738201,18.801300,-93.396698,0.129960,17.611099,-0.208393,-0.463345,-0.687213,0.519252,2285.019043,1547.345581,-3266.352783,2286.907959,1466.870728,-3278.166992,2298.553711,1591.247070,-3292.889404,2267.133301,1497.644531,-3227.767090,2287.481445,1633.620361,-3266.587891,2287.023193,1466.813721,-3278.222900,2298.412354,1591.161133,-3292.906250,2267.042236,1497.630493,-3227.711670,2287.604492,1633.784180,-3266.571045,2616.287109,1567.741333,-3159.777832,,,,,,,,,,,,,,,,,,,,,,,,,,,,,,,,,
6467,64.670000,0.000000,0.000000,0.000000,1.000000,0.000000,0.000000,0.000000,57.698101,20.499701,-14.700500,0.047771,-0.013570,0.015998,-15.666301,-52.738201,18.801300,-93.396698,0.129960,17.611099,-0.207508,-0.463667,-0.687934,0.518362,2285.803223,1547.052368,-3265.979980,2287.641846,1466.584839,-3277.851318,2299.453613,1590.960449,-3292.446289,2267.763916,1497.339844,-3227.480469,2288.354248,1633.324707,-3266.141846,2287.824463,1466.492920,-3277.941895,2299.251221,1590.959229,-3292.495605,2267.614990,1497.388672,-3227.378906,2288.523438,1633.365967,-3266.106689,2616.275146,1567.778320,-3159.780029,,,,,,,,,,,,,,,,,,,,,,,,,,,,,,,,,
6468,64.680000,0.000000,0.000000,0.000000,1.000000,0.000000,0.000000,0.000000,57.698101,20.499701,-14.700500,0.047771,-0.013570,0.015998,-15.666301,-52.738201,18.801300,-93.396698,0.129960,17.611099,-0.206871,-0.463577,-0.688619,0.517789,2286.640381,1546.822388,-3265.697754,2288.421875,1466.367188,-3277.661377,2300.374268,1590.748779,-3292.090088,2268.492432,1497.081543,-3227.285889,2289.272949,1633.092407,-3265.753174,2288.542725,1466.310425,-3277.754150,2300.277100,1590.833740,-3292.151367,2268.376709,1497.155640,-3227.158936,2289.362549,1632.992554,-3265.722900,2616.257324,1567.756714,-3159.782959,,,,,,,,,,,,,,,,,,,,,,,,,,,,,,,,,
6469,64.690000,0.000000,0.000000,0.000000,1.000000,0.000000,0.000000,0.000000,57.698101,20.499701,-14.700500,0.047771,-0.013570,0.015998,-15.666301,-52.738201,18.801300,-93.396698,0.129960,17.611099,-0.206839,-0.462653,-0.689292,0.517731,2287.422607,1546.597534,-3265.421631,2289.106445,1466.163330,-3277.539551,2301.190918,1590.558472,-3291.738281,2269.240723,1496.803955,-3227.094238,2290.152588,1632.864380,-3265.314453,2289.181885,1466.122070,-3277.603760,2301.143555,1590.669189,-3291.802979,2269.166260,1496.912109,-3227.003906,2290.197510,1632.680908,-3265.270508,2616.281250,1567.731201,-3159.770752,,,,,,,,,,,,,,,,,,,,,,,,,,,,,,,,,
6470,64.700000,0.000000,0.000000,0.000000,1.000000,0.000000,0.000000,0.000000,57.698101,20.499701,-14.700500,0.047771,-0.013570,0.015998,-15.666301,-52.738201,18.801300,-93.396698,0.129960,17.611099,-0.205958,-0.462134,-0.690043,0.517546,2288.215332,1546.438110,-3265.121338,2289.878662,1466.030640,-3277.417969,2302.032959,1590.452148,-3291.323242,2269.967529,1496.566528,-3226.926758,2290.982422,1632.703247,-3264.816895,2289.903076,1465.953247,-3277.468994,2302.057617,1590.608154,-3291.390381,2269.927246,1496.635010,-3226.840576,2290.973877,1632.561523,-3264.786621,2616.255127,1567.716064,-3159.767090,,,,,,,,,,,,,,,,,,,,,,,,,,,,,,,,,
6471,64.710000,0.000000,0.000000,0.000000,1.000000,0.000000,0.000000,0.000000,57.698101,20.499701,-14.700500,0.047771,-0.013570,0.015998,-15.666301,-52.738201,18.801300,-93.396698,0.129960,17.611099,-0.205668,-0.461470,-0.690228,0.518007,2288.993408,1546.284912,-3264.889404,2290.684082,1465.897583,-3277.313965,2302.774902,1590.346313,-3291.030762,2270.791748,1496.345093,-3226.761963,2291.722656,1632.550781,-3264.450928,2290.701172,1465.848267,-3277.329834,2302.784424,1590.468506,-3291.089844,2270.768555,1496.416260,-3226.727051,2291.719238,1632.405640,-3264.411865,2616.274170,1567.693359,-3159.766602,,,,,,,,,,,,,,,,,,,,,,,,,,,,,,,,,
6472,64.720000,0.000000,0.000000,0.000000,1.000000,0.000000,0.000000,0.000000,57.698101,20.499701,-14.700500,0.047771,-0.013570,0.015998,-15.666301,-52.738201,18.801300,-93.396698,0.129960,17.611099,-0.205662,-0.460378,-0.690612,0.518470,2289.802246,1546.187012,-3264.695557,2291.459229,1465.825195,-3277.287842,2303.556396,1590.299438,-3290.765381,2271.643555,1496.172607,-3226.645996,2292.549805,1632.451294,-3264.083496,2291.494141,1465.810059,-3277.275146,2303.507812,1590.348389,-3290.800049,2271.617432,1496.215576,-3226.655029,2292.588867,1632.372559,-3264.052002,2616.288330,1567.719849,-3159.755127,,,,,,,,,,,,,,,,,,,,,,,,,,,,,,,,,
6473,64.730000,0.000000,0.000000,0.000000,1.000000,0.000000,0.000000,0.000000,57.698101,20.499701,-14.700500,0.047771,-0.013570,0.015998,-15.666301,-52.738201,18.801300,-93.396698,0.129960,17.611099,-0.205142,-0.459984,-0.691274,0.518143,2290.606689,1546.074219,-3264.551270,2292.208740,1465.730835,-3277.267334,2304.420166,1590.215942,-3290.540039,2272.373535,1496.015381,-3226.595459,2293.424561,1632.335205,-3263.802002,2292.224609,1465.756958,-3277.251221,2304.403320,1590.247925,-3290.573730,2272.358398,1496.023560,-3226.597900,2293.441406,1632.266724,-3263.781250,2616.247070,1567.762329,-3159.773682,,,,,,,,,,,,,,,,,,,,,,,,,,,,,,,,,
6474,64.740000,0.000000,0.000000,0.000000,1.000000,0.000000,0.000000,0.000000,57.698101,20.499701,-14.700500,0.047771,-0.013570,0.015998,-15.666301,-52.738201,18.801300,-93.396698,0.129960,17.611099,-0.205082,-0.459746,-0.691741,0.517753,2291.315186,1545.984497,-3264.479492,2292.836426,1465.647827,-3277.247803,2305.185547,1590.128540,-3290.433594,2273.013916,1495.920044,-3226.563721,2294.224609,1632.241821,-3263.672119,2292.862061,1465.646851,-3277.248047,2305.149902,1590.139526,-3290.442139,2272.984863,1495.877686,-3226.546875,2294.262939,1632.274170,-3263.679932,2616.265381,1567.768433,-3159.785889,,,,,,,,,,,,,,,,,,,,,,,,,,,,,,,,,
6475,64.750000,0.000000,0.000000,0.000000,1.000000,0.000000,0.000000,0.000000,57.698101,20.499701,-14.700500,0.047771,-0.013570,0.015998,-15.666301,-52.738201,18.801300,-93.396698,0.129960,17.611099,-0.204873,-0.459862,-0.692041,0.517333,2292.023193,1545.924683,-3264.471680,2293.503662,1465.588989,-3277.251709,2305.946289,1590.063843,-3290.406250,2273.654541,1495.866211,-3226.581055,2294.988037,1632.179932,-3263.647949,2293.545654,1465.512085,-3277.272461,2305.892090,1590.054443,-3290.407471,2273.622559,1495.869385,-3226.566406,2295.036133,1632.263550,-3263.640869,2616.241455,1567.783569,-3159.793701,,,,,,,,,,,,,,,,,,,,,,,,,,,,,,,,,
6476,64.760000,0.000000,0.000000,0.000000,1.000000,0.000000,0.000000,0.000000,57.698101,20.499701,-14.700500,0.047771,-0.013570,0.015998,-15.666301,-52.738201,18.801300,-93.396698,0.129960,17.611099,-0.204457,-0.460164,-0.692323,0.516851,2292.689941,1545.874390,-3264.495850,2294.152832,1465.538940,-3277.279541,2306.670654,1590.009033,-3290.406738,2274.243896,1495.821411,-3226.635498,2295.692871,1632.128296,-3263.661377,2294.252930,1465.487061,-3277.314941,2306.529785,1589.953369,-3290.405273,2274.165527,1495.796875,-3226.602783,2295.816406,1632.267090,-3263.661377,2616.269531,1567.754761,-3159.782715,,,,,,,,,,,,,,,,,,,,,,,,,,,,,,,,,
6477,64.770000,0.000000,0.000000,0.000000,1.000000,0.000000,0.000000,0.000000,57.698101,20.499701,-14.700500,0.047771,-0.013570,0.015998,-15.666301,-52.738201,18.801300,-93.396698,0.129960,17.611099,-0.204038,-0.460596,-0.692329,0.516624,2293.208984,1545.847778,-3264.531494,2294.707031,1465.509521,-3277.292969,2307.211182,1589.979370,-3290.436035,2274.728027,1495.799927,-3226.681152,2296.189941,1632.102661,-3263.715088,2294.828613,1465.469238,-3277.331787,2307.060303,1589.936646,-3290.476318,2274.630127,1495.798950,-3226.634521,2296.318359,1632.187012,-3263.683838,2616.281982,1567.732544,-3159.774902,,,,,,,,,,,,,,,,,,,,,,,,,,,,,,,,,
6478,64.780000,0.000000,0.000000,0.000000,1.000000,0.000000,0.000000,0.000000,57.698101,20.499701,-14.700500,0.047771,-0.013570,0.015998,-15.666301,-52.738201,18.801300,-93.396698,0.129960,17.611099,-0.203372,-0.461378,-0.692414,0.516075,2293.683594,1545.872437,-3264.598145,2295.217285,1465.527466,-3277.312988,2307.740479,1589.991211,-3290.494873,2275.121094,1495.843384,-3226.762939,2296.655273,1632.128052,-3263.821533,2295.335205,1465.436646,-3277.364502,2307.621582,1590.017822,-3290.561523,2275.015869,1495.857056,-3226.687988,2296.763184,1632.176270,-3263.779785,2616.264160,1567.705444,-3159.778076,,,,,,,,,,,,,,,,,,,,,,,,,,,,,,,,,
6479,64.790000,0.000000,0.000000,0.000000,1.000000,0.000000,0.000000,0.000000,57.698101,20.499701,-14.700500,0.047771,-0.013570,0.015998,-15.666301,-52.738201,18.801300,-93.396698,0.129960,17.611099,-0.202490,-0.462265,-0.692375,0.515680,2294.058594,1545.894043,-3264.677490,2295.677734,1465.543457,-3277.347168,2308.150635,1590.008911,-3290.562012,2275.435303,1495.872192,-3226.862549,2296.970947,1632.151855,-3263.938232,2295.801270,1465.451538,-3277.432617,2308.058838,1590.072266,-3290.651367,2275.310547,1495.893677,-3226.731445,2297.060303,1632.156494,-3263.894531,2616.310303,1567.760986,-3159.772705,,,,,,,,,,,,,,,,,,,,,,,,,,,,,,,,,
6480,64.800000,0.000000,0.000000,0.000000,1.000000,0.000000,0.000000,0.000000,57.698101,20.499701,-14.700500,0.047771,-0.013570,0.015998,-15.666301,-52.738201,18.801300,-93.396698,0.129960,17.611099,-0.202001,-0.462913,-0.692157,0.515584,2294.408203,1545.928223,-3264.804688,2296.109131,1465.571045,-3277.420898,2308.499512,1590.038086,-3290.697998,2275.774414,1495.915161,-3226.983398,2297.250000,1632.188965,-3264.115967,2296.183105,1465.436890,-3277.509766,2308.488037,1590.166748,-3290.798584,2275.681152,1495.943726,-3226.839600,2297.278809,1632.166260,-3264.074219,2616.281982,1567.708252,-3159.765381,,,,,,,,,,,,,,,,,,,,,,,,,,,,,,,,,
6481,64.810000,0.000000,0.000000,0.000000,1.000000,0.000000,0.000000,0.000000,57.698101,20.499701,-14.700500,0.047771,-0.013570,0.015998,-15.666301,-52.738201,18.801300,-93.396698,0.129960,17.611099,-0.201879,-0.463320,-0.691848,0.515680,2294.695557,1545.951904,-3264.943604,2296.459717,1465.587402,-3277.504395,2308.764404,1590.054321,-3290.861816,2276.083984,1495.951172,-3227.095215,2297.474121,1632.214966,-3264.312988,2296.498779,1465.513916,-3277.594971,2308.800781,1590.148560,-3290.944092,2276.018555,1495.977539,-3226.950195,2297.462646,1632.171265,-3264.282715,2616.287842,1567.726318,-3159.760010,,,,,,,,,,,,,,,,,,,,,,,,,,,,,,,,,
6482,64.820000,0.000000,0.000000,0.000000,1.000000,0.000000,0.000000,0.000000,57.698101,20.499701,-14.700500,0.047771,-0.013570,0.015998,-15.666301,-52.738201,18.801300,-93.396698,0.129960,17.611099,-0.201994,-0.463622,-0.691349,0.516032,2294.946777,1545.960938,-3265.112793,2296.787842,1465.587524,-3277.605225,2308.960938,1590.055176,-3291.074219,2276.400146,1495.973877,-3227.214355,2297.637939,1632.227295,-3264.557373,2296.815918,1465.522583,-3277.668945,2308.994629,1590.146240,-3291.152588,2276.351807,1496.007812,-3227.108643,2297.624268,1632.171509,-3264.521484,2616.278076,1567.731934,-3159.765625,,,,,,,,,,,,,,,,,,,,,,,,,,,,,,,,,
6483,64.830000,0.000000,0.000000,0.000000,1.000000,0.000000,0.000000,0.000000,57.698101,20.499701,-14.700500,0.047771,-0.013570,0.015998,-15.666301,-52.738201,18.801300,-93.396698,0.129960,17.611099,-0.202224,-0.463992,-0.690741,0.516424,2295.178711,1545.951416,-3265.309326,2297.102051,1465.565674,-3277.710205,2309.129883,1590.031250,-3291.329102,2276.708008,1495.987549,-3227.343018,2297.774658,1632.221313,-3264.854736,2297.119873,1465.492310,-3277.748779,2309.167236,1590.100464,-3291.418945,2276.676025,1496.033325,-3227.274658,2297.752686,1632.182373,-3264.796875,2616.299316,1567.736816,-3159.773682,,,,,,,,,,,,,,,,,,,,,,,,,,,,,,,,,
6484,64.840000,0.000000,0.000000,0.000000,1.000000,0.000000,0.000000,0.000000,57.698101,20.499701,-14.700500,0.047771,-0.013570,0.015998,-15.666301,-52.738201,18.801300,-93.396698,0.129960,17.611099,-0.201643,-0.465136,-0.690079,0.516507,2295.387695,1545.915283,-3265.528564,2297.476074,1465.513794,-3277.800537,2309.302246,1589.979492,-3291.594482,2276.944824,1495.977539,-3227.514648,2297.827637,1632.190308,-3265.204590,2297.507324,1465.436523,-3277.848877,2309.333496,1590.065063,-3291.701660,2276.901855,1496.067505,-3227.436523,2297.806885,1632.094971,-3265.126953,2616.276123,1567.743530,-3159.776611,,,,,,,,,,,,,,,,,,,,,,,,,,,,,,,,,
6485,64.850000,0.000000,0.000000,0.000000,1.000000,0.000000,0.000000,0.000000,57.698101,20.499701,-14.700500,0.047771,-0.013570,0.015998,-15.666301,-52.738201,18.801300,-93.396698,0.129960,17.611099,-0.201445,-0.466123,-0.689311,0.516720,2295.577881,1545.859619,-3265.734863,2297.809814,1465.440063,-3277.861572,2309.439209,1589.900513,-3291.868652,2277.188232,1495.958984,-3227.646240,2297.873535,1632.139038,-3265.562988,2297.823975,1465.360962,-3277.918945,2309.481689,1589.978271,-3291.926514,2277.170654,1496.093140,-3227.583252,2297.833008,1632.006348,-3265.505615,2616.286133,1567.755981,-3159.773926,,,,,,,,,,,,,,,,,,,,,,,,,,,,,,,,,
6486,64.860000,0.000000,0.000000,0.000000,1.000000,0.000000,0.000000,0.000000,57.698101,20.499701,-14.700500,0.047771,-0.013570,0.015998,-15.666301,-52.738201,18.801300,-93.396698,0.129960,17.611099,-0.201427,-0.466750,-0.688632,0.517066,2295.753418,1545.815430,-3265.924561,2298.102783,1465.383057,-3277.943359,2309.553467,1589.841309,-3292.115967,2277.433350,1495.939331,-3227.770508,2297.924316,1632.098267,-3265.867920,2298.100830,1465.314209,-3277.994629,2309.603027,1589.925049,-3292.145508,2277.432617,1496.074585,-3227.722412,2297.874268,1631.946167,-3265.830566,2616.292725,1567.737061,-3159.774414,,,,,,,,,,,,,,,,,,,,,,,,,,,,,,,,,
6487,64.870000,0.000000,0.000000,0.000000,1.000000,0.000000,0.000000,0.000000,57.698101,20.499701,-14.700500,0.047771,-0.013570,0.015998,-15.666301,-52.738201,18.801300,-93.396698,0.129960,17.611099,-0.201170,-0.467400,-0.688053,0.517350,2295.926514,1545.764160,-3266.071777,2298.402344,1465.322754,-3278.004395,2309.674561,1589.782959,-3292.302490,2277.660645,1495.901245,-3227.874756,2297.968506,1632.050293,-3266.105469,2298.434326,1465.318848,-3278.049561,2309.673096,1589.840210,-3292.338867,2277.635254,1496.050293,-3227.832520,2297.959961,1631.832520,-3266.056641,2616.282959,1567.747559,-3159.775635,,,,,,,,,,,,,,,,,,,,,,,,,,,,,,,,,
6488,64.880000,0.000000,0.000000,0.000000,1.000000,0.000000,0.000000,0.000000,57.698101,20.499701,-14.700500,0.047771,-0.013570,0.015998,-15.666301,-52.738201,18.801300,-93.396698,0.129960,17.611099,-0.201139,-0.467761,-0.687487,0.517787,2296.147705,1545.724365,-3266.188721,2298.730469,1465.276611,-3278.055908,2309.830078,1589.740234,-3292.458496,2277.958252,1495.867798,-3227.946777,2298.072510,1632.013062,-3266.292969,2298.771973,1465.284912,-3278.101318,2309.816895,1589.794800,-3292.499756,2277.926758,1496.037842,-3227.906982,2298.072998,1631.758057,-3266.233887,2616.280273,1567.724731,-3159.785889,,,,,,,,,,,,,,,,,,,,,,,,,,,,,,,,,
6489,64.890000,0.000000,0.000000,0.000000,1.000000,0.000000,0.000000,0.000000,57.698101,20.499701,-14.700500,0.047771,-0.013570,0.015998,-15.666301,-52.738201,18.801300,-93.396698,0.129960,17.611099,-0.201046,-0.468197,-0.687007,0.518067,2296.400635,1545.642212,-3266.256592,2299.076904,1465.187500,-3278.056152,2310.035645,1589.651733,-3292.561523,2278.263184,1495.796997,-3227.975098,2298.226318,1631.932983,-3266.433350,2299.135010,1465.215576,-3278.095947,2309.994629,1589.682739,-3292.604248,2278.220947,1495.961670,-3227.945312,2298.252197,1631.689697,-3266.369629,2616.293701,1567.760376,-3159.780029,,,,,,,,,,,,,,,,,,,,,,,,,,,,,,,,,
6490,64.900000,0.000000,0.000000,0.000000,1.000000,0.000000,0.000000,0.000000,57.698101,20.499701,-14.700500,0.047771,-0.013570,0.015998,-15.666301,-52.738201,18.801300,-93.396698,0.129960,17.611099,-0.201083,-0.468470,-0.686853,0.518009,2296.694336,1545.579102,-3266.270264,2299.385498,1465.117920,-3278.022217,2310.328369,1589.575439,-3292.597656,2278.556152,1495.753296,-3227.963867,2298.507080,1631.869873,-3266.496582,2299.434082,1465.182983,-3278.038086,2310.295166,1589.613770,-3292.656494,2278.518799,1495.876099,-3227.946045,2298.530762,1631.613403,-3266.430420,2616.295166,1567.739990,-3159.774658,,,,,,,,,,,,,,,,,,,,,,,,,,,,,,,,,
6491,64.910000,0.000000,0.000000,0.000000,1.000000,0.000000,0.000000,0.000000,57.698101,20.499701,-14.700500,0.047771,-0.013570,0.015998,-15.666301,-52.738201,18.801300,-93.396698,0.129960,17.611099,-0.200919,-0.468836,-0.686767,0.517856,2296.992188,1545.520264,-3266.227051,2299.706543,1465.054199,-3277.938965,2310.637451,1589.506470,-3292.565918,2278.835693,1495.709473,-3227.910156,2298.789551,1631.811401,-3266.493164,2299.766846,1465.136841,-3277.946289,2310.582275,1589.546875,-3292.625488,2278.788086,1495.797974,-3227.892822,2298.838135,1631.572632,-3266.436768,2616.301270,1567.737793,-3159.761963,,,,,,,,,,,,,,,,,,,,,,,,,,,,,,,,,
6492,64.920000,0.000000,0.000000,0.000000,1.000000,0.000000,0.000000,0.000000,57.698101,20.499701,-14.700500,0.047771,-0.013570,0.015998,-15.666301,-52.738201,18.801300,-93.396698,0.129960,17.611099,-0.200824,-0.469154,-0.686775,0.517594,2297.331055,1545.450806,-3266.127930,2300.041504,1464.979126,-3277.802734,2311.001465,1589.423584,-3292.475830,2279.139648,1495.659302,-3227.802002,2299.141602,1631.741455,-3266.430420,2300.111816,1465.056763,-3277.801514,2310.918701,1589.475586,-3292.525391,2279.083252,1495.708740,-3227.786621,2299.218506,1631.544678,-3266.395508,2616.257080,1567.745361,-3159.769531,,,,,,,,,,,,,,,,,,,,,,,,,,,,,,,,,
6493,64.930000,0.000000,0.000000,0.000000,1.000000,0.000000,0.000000,0.000000,57.698101,20.499701,-14.700500,0.047771,-0.013570,0.015998,-15.666301,-52.738201,18.801300,-93.396698,0.129960,17.611099,-0.200876,-0.469089,-0.686935,0.517422,2297.748291,1545.412842,-3265.986328,2300.421143,1464.941284,-3277.670654,2311.442139,1589.382202,-3292.328369,2279.530029,1495.625732,-3227.667969,2299.599854,1631.702637,-3266.278809,2300.483887,1464.967773,-3277.656982,2311.347900,1589.453369,-3292.359131,2279.483643,1495.686646,-3227.677246,2299.681152,1631.530518,-3266.250488,2616.257568,1567.730591,-3159.762451,,,,,,,,,,,,,,,,,,,,,,,,,,,,,,,,,
6494,64.940000,0.000000,0.000000,0.000000,1.000000,0.000000,0.000000,0.000000,57.698101,20.499701,-14.700500,0.047771,-0.013570,0.015998,-15.666301,-52.738201,18.801300,-93.396698,0.129960,17.611099,-0.200751,-0.469049,-0.686996,0.517425,2298.206299,1545.341553,-3265.807373,2300.884521,1464.872803,-3277.510742,2311.902344,1589.317627,-3292.136475,2279.984131,1495.544189,-3227.503662,2300.054199,1631.631470,-3266.078369,2300.950439,1464.886719,-3277.508545,2311.802490,1589.375977,-3292.150146,2279.935547,1495.593994,-3227.504639,2300.138672,1631.502441,-3266.065674,2616.300293,1567.768188,-3159.763184,,,,,,,,,,,,,,,,,,,,,,,,,,,,,,,,,
6495,64.950000,0.000000,0.000000,0.000000,1.000000,0.000000,0.000000,0.000000,57.698101,20.499701,-14.700500,0.047771,-0.013570,0.015998,-15.666301,-52.738201,18.801300,-93.396698,0.129960,17.611099,-0.200028,-0.469356,-0.687144,0.517229,2298.703857,1545.260620,-3265.588379,2301.430664,1464.797607,-3277.318359,2312.423828,1589.252197,-3291.879150,2280.441406,1495.441650,-3227.332275,2300.519775,1631.551392,-3265.823242,2301.499756,1464.796631,-3277.322510,2312.326172,1589.337769,-3291.901123,2280.380127,1495.452759,-3227.308594,2300.609375,1631.454712,-3265.822266,2616.274902,1567.767456,-3159.757812,,,,,,,,,,,,,,,,,,,,,,,,,,,,,,,,,
6496,64.960000,0.000000,0.000000,0.000000,1.000000,0.000000,0.000000,0.000000,57.698101,20.499701,-14.700500,0.047771,-0.013570,0.015998,-15.666301,-52.738201,18.801300,-93.396698,0.129960,17.611099,-0.199670,-0.469492,-0.687291,0.517050,2299.219971,1545.180786,-3265.310791,2301.956055,1464.720581,-3277.058594,2312.962891,1589.178833,-3291.578857,2280.924072,1495.352417,-3227.083008,2301.036865,1631.471680,-3265.522461,2302.050293,1464.733276,-3277.056885,2312.798828,1589.237549,-3291.557861,2280.847900,1495.321045,-3227.070312,2301.180420,1631.433594,-3265.557617,2616.226318,1567.724609,-3159.761475,,,,,,,,,,,,,,,,,,,,,,,,,,,,,,,,,
6497,64.970000,0.000000,0.000000,0.000000,1.000000,0.000000,0.000000,0.000000,57.698101,20.499701,-14.700500,0.047771,-0.013570,0.015998,-15.666301,-52.738201,18.801300,-93.396698,0.129960,17.611099,-0.198991,-0.469786,-0.687510,0.516753,2299.756348,1545.059326,-3264.970947,2302.521240,1464.604004,-3276.745605,2313.536133,1589.069092,-3291.200195,2281.405273,1495.213989,-3226.791748,2301.562744,1631.350342,-3265.146729,2302.610107,1464.547119,-3276.732666,2313.369385,1589.111816,-3291.175781,2281.330078,1495.133911,-3226.789062,2301.716309,1631.453125,-3265.187500,2616.256836,1567.756836,-3159.775879,,,,,,,,,,,,,,,,,,,,,,,,,,,,,,,,,
6498,64.980000,0.000000,0.000000,0.000000,1.000000,0.000000,0.000000,0.000000,57.698101,20.499701,-14.700500,0.047771,-0.013570,0.015998,-15.666301,-52.738201,18.801300,-93.396698,0.129960,17.611099,-0.198417,-0.470113,-0.687778,0.516319,2300.337158,1544.931030,-3264.626709,2303.104736,1464.477783,-3276.414551,2314.168945,1588.943848,-3290.823242,2281.913086,1495.081055,-3226.488770,2302.161377,1631.221802,-3264.780029,2303.206055,1464.349365,-3276.430420,2314.031250,1588.994995,-3290.843750,2281.822510,1495.018188,-3226.447266,2302.297119,1631.366821,-3264.786865,2616.287842,1567.770874,-3159.762939,,,,,,,,,,,,,,,,,,,,,,,,,,,,,,,,,
6499,64.990000,0.000000,0.000000,0.000000,1.000000,0.000000,0.000000,0.000000,57.698101,20.499701,-14.700500,0.047771,-0.013570,0.015998,-15.666301,-52.738201,18.801300,-93.396698,0.129960,17.611099,-0.197761,-0.470535,-0.687951,0.515956,2300.938477,1544.801880,-3264.267090,2303.735352,1464.350220,-3276.059326,2314.811279,1588.819092,-3290.434326,2282.453125,1494.945435,-3226.167236,2302.753906,1631.092773,-3264.407471,2303.818604,1464.151978,-3276.098633,2314.712891,1588.883789,-3290.437744,2282.375488,1494.882202,-3226.107666,2302.861572,1631.289185,-3264.429688,2616.272949,1567.734131,-3159.747559,,,,,,,,,,,,,,,,,,,,,,,,,,,,,,,,,
6500,65.000000,0.000000,0.000000,0.000000,1.000000,0.000000,0.000000,0.000000,57.698101,20.499701,-14.700500,0.047771,-0.013570,0.015998,-15.666301,-52.738201,18.801300,-93.396698,0.129960,17.611099,-0.196976,-0.470969,-0.688278,0.515425,2301.562744,1544.690063,-3263.850098,2304.372314,1464.241577,-3275.661377,2315.499023,1588.713257,-3289.973633,2282.987305,1494.824707,-3225.805664,2303.392090,1630.980713,-3263.959717,2304.391846,1464.121094,-3275.707520,2315.501953,1588.792358,-3289.983643,2282.944824,1494.748291,-3225.720215,2303.412109,1631.094727,-3263.989746,2616.286377,1567.734131,-3159.763428,,,,,,,,,,,,,,,,,,,,,,,,,,,,,,,,,
6501,65.010000,0.000000,0.000000,0.000000,1.000000,0.000000,0.000000,0.000000,57.698101,20.499701,-14.700500,0.047771,-0.013570,0.015998,-15.666301,-52.738201,18.801300,-93.396698,0.129960,17.611099,-0.196537,-0.471077,-0.688773,0.514831,2302.145508,1544.584717,-3263.381104,2304.902344,1464.140259,-3275.231201,2316.158447,1588.609863,-3289.460449,2283.470703,1494.715332,-3225.390625,2304.050293,1630.873901,-3263.441650,2304.926514,1464.038086,-3275.253662,2316.167480,1588.717285,-3289.529541,2283.418457,1494.644165,-3225.310303,2304.068604,1630.938232,-3263.431152,2616.280029,1567.733643,-3159.767090,,,,,,,,,,,,,,,,,,,,,,,,,,,,,,,,,
6502,65.020000,0.000000,0.000000,0.000000,1.000000,0.000000,0.000000,0.000000,57.698101,20.499701,-14.700500,0.047771,-0.013570,0.015998,-15.666301,-52.738201,18.801300,-93.396698,0.129960,17.611099,-0.196211,-0.471092,-0.689149,0.514439,2302.739014,1544.482422,-3262.917236,2305.458008,1464.042480,-3274.806152,2316.804443,1588.512329,-3288.960205,2283.996338,1494.604980,-3224.970947,2304.696533,1630.770386,-3262.931396,2305.482910,1463.925049,-3274.836182,2316.832275,1588.694824,-3289.060547,2283.934814,1494.552002,-3224.867676,2304.705566,1630.769653,-3262.912354,2616.270020,1567.757080,-3159.774170,,,,,,,,,,,,,,,,,,,,,,,,,,,,,,,,,
6503,65.030000,0.000000,0.000000,0.000000,1.000000,0.000000,0.000000,0.000000,57.698101,20.499701,-14.700500,0.047771,-0.013570,0.015998,-15.666301,-52.738201,18.801300,-93.396698,0.129960,17.611099,-0.195529,-0.471350,-0.689541,0.513936,2303.396484,1544.356689,-3262.425781,2306.109131,1463.921875,-3274.351562,2317.525391,1588.395142,-3288.420166,2284.566895,1494.466187,-3224.540039,2305.384521,1630.643921,-3262.391846,2306.109863,1463.871704,-3274.388672,2317.586182,1588.568237,-3288.487549,2284.531982,1494.452393,-3224.443359,2305.362305,1630.549683,-3262.387451,2616.263672,1567.768066,-3159.780029,,,,,,,,,,,,,,,,,,,,,,,,,,,,,,,,,
6504,65.040000,0.000000,0.000000,0.000000,1.000000,0.000000,0.000000,0.000000,57.698101,20.499701,-14.700500,0.047771,-0.013570,0.015998,-15.666301,-52.738201,18.801300,-93.396698,0.129960,17.611099,-0.194917,-0.471366,-0.689842,0.513750,2304.058838,1544.256104,-3261.925049,2306.786621,1463.831055,-3273.913330,2318.216797,1588.315918,-3287.867188,2285.186279,1494.334229,-3224.101562,2306.045410,1630.543335,-3261.817871,2306.812744,1463.808716,-3273.936523,2318.247070,1588.458862,-3287.979980,2285.136963,1494.364502,-3224.023926,2306.039062,1630.396118,-3261.763184,2616.251465,1567.764648,-3159.795898,,,,,,,,,,,,,,,,,,,,,,,,,,,,,,,,,
6505,65.050000,0.000000,0.000000,0.000000,1.000000,0.000000,0.000000,0.000000,57.698101,20.499701,-14.700500,0.047771,-0.013570,0.015998,-15.666301,-52.738201,18.801300,-93.396698,0.129960,17.611099,-0.194071,-0.471421,-0.690099,0.513674,2304.698730,1544.198242,-3261.425293,2307.479492,1463.786621,-3273.490723,2318.873047,1588.290527,-3287.303223,2285.795898,1494.229858,-3223.678467,2306.646240,1630.486206,-3261.228760,2307.545166,1463.818848,-3273.539062,2318.847656,1588.393311,-3287.386719,2285.722412,1494.308716,-3223.588867,2306.679199,1630.252197,-3261.179443,2616.262695,1567.782349,-3159.791748,,,,,,,,,,,,,,,,,,,,,,,,,,,,,,,,,
6506,65.060000,0.000000,0.000000,0.000000,1.000000,0.000000,0.000000,0.000000,57.698101,20.499701,-14.700500,0.047771,-0.013570,0.015998,-15.666301,-52.738201,18.801300,-93.396698,0.129960,17.611099,-0.193448,-0.471287,-0.690464,0.513542,2305.365234,1544.161987,-3260.896973,2308.156250,1463.763794,-3273.049561,2319.566162,1588.282959,-3286.711426,2286.424072,1494.151978,-3223.224609,2307.314697,1630.449707,-3260.602051,2308.236572,1463.805176,-3273.093994,2319.500977,1588.356079,-3286.762207,2286.352783,1494.262329,-3223.163818,2307.375244,1630.198608,-3260.561035,2616.284424,1567.728149,-3159.747070,,,,,,,,,,,,,,,,,,,,,,,,,,,,,,,,,
6507,65.070000,0.000000,0.000000,0.000000,1.000000,0.000000,0.000000,0.000000,57.698101,20.499701,-14.700500,0.047771,-0.013570,0.015998,-15.666301,-52.738201,18.801300,-93.396698,0.129960,17.611099,-0.192766,-0.471394,-0.690692,0.513394,2305.991455,1544.116455,-3260.391113,2308.817627,1463.727539,-3272.597168,2320.214600,1588.259277,-3286.156006,2287.014160,1494.075073,-3222.778564,2307.918945,1630.404297,-3260.032227,2308.893799,1463.803345,-3272.618652,2320.150391,1588.278564,-3286.222168,2286.952393,1494.164307,-3222.744629,2307.974121,1630.203491,-3259.972412,2616.253662,1567.759033,-3159.676025,,,,,,,,,,,,,,,,,,,,,,,,,,,,,,,,,
6508,65.080000,0.000000,0.000000,0.000000,1.000000,0.000000,0.000000,0.000000,57.698101,20.499701,-14.700500,0.047771,-0.013570,0.015998,-15.666301,-52.738201,18.801300,-93.396698,0.129960,17.611099,-0.192338,-0.471237,-0.691113,0.513133,2306.630615,1544.086182,-3259.913574,2309.431152,1463.707764,-3272.193848,2320.895264,1588.247070,-3285.624756,2287.599609,1494.017456,-3222.364990,2308.596680,1630.372925,-3259.471191,2309.455078,1463.758789,-3272.199219,2320.879395,1588.292725,-3285.654297,2287.578125,1494.068115,-3222.349609,2308.610596,1630.210938,-3259.449707,2616.281250,1567.711670,-3159.753418,,,,,,,,,,,,,,,,,,,,,,,,,,,,,,,,,
6509,65.090000,0.000000,0.000000,0.000000,1.000000,0.000000,0.000000,0.000000,57.698101,20.499701,-14.700500,0.047771,-0.013570,0.015998,-15.666301,-52.738201,18.801300,-93.396698,0.129960,17.611099,-0.192116,-0.470918,-0.691464,0.513035,2307.290527,1544.088257,-3259.435547,2310.060547,1463.720581,-3271.792725,2321.578613,1588.267944,-3285.101074,2288.231201,1493.991211,-3221.938965,2309.291748,1630.373657,-3258.909668,2310.075928,1463.722778,-3271.778320,2321.544922,1588.280518,-3285.101318,2288.235840,1494.086304,-3221.980713,2309.307129,1630.261353,-3258.882812,2616.288818,1567.783447,-3159.766357,,,,,,,,,,,,,,,,,,,,,,,,,,,,,,,,,
6510,65.100000,0.000000,0.000000,0.000000,1.000000,0.000000,0.000000,0.000000,57.698101,20.499701,-14.700500,0.047771,-0.013570,0.015998,-15.666301,-52.738201,18.801300,-93.396698,0.129960,17.611099,-0.191308,-0.471325,-0.691623,0.512749,2307.920898,1544.085693,-3258.982178,2310.742920,1463.722778,-3271.358643,2322.240723,1588.278442,-3284.607422,2288.809814,1493.970337,-3221.536377,2309.890381,1630.371704,-3258.426025,2310.762451,1463.682739,-3271.335693,2322.188721,1588.280029,-3284.599365,2288.812988,1494.041382,-3221.591064,2309.920166,1630.341919,-3258.404785,2616.278809,1567.731812,-3159.777100,,,,,,,,,,,,,,,,,,,,,,,,,,,,,,,,,
6511,65.110000,0.000000,0.000000,0.000000,1.000000,0.000000,0.000000,0.000000,57.698101,20.499701,-14.700500,0.047771,-0.013570,0.015998,-15.666301,-52.738201,18.801300,-93.396698,0.129960,17.611099,-0.190440,-0.471806,-0.692008,0.512110,2308.522949,1544.153564,-3258.562256,2311.353027,1463.794067,-3270.959473,2322.917480,1588.350952,-3284.137451,2289.306396,1494.030762,-3221.180420,2310.514648,1630.438721,-3257.971680,2311.388916,1463.751343,-3270.938965,2322.829590,1588.314575,-3284.111816,2289.295410,1494.051880,-3221.229736,2310.575928,1630.496826,-3257.968018,2616.321533,1567.751831,-3159.752441,,,,,,,,,,,,,,,,,,,,,,,,,,,,,,,,,
6512,65.120000,0.000000,0.000000,0.000000,1.000000,0.000000,0.000000,0.000000,57.698101,20.499701,-14.700500,0.047771,-0.013570,0.015998,-15.666301,-52.738201,18.801300,-93.396698,0.129960,17.611099,-0.189785,-0.472081,-0.692327,0.511668,2309.087646,1544.229980,-3258.152344,2311.921875,1463.875122,-3270.578369,2323.536133,1588.435181,-3283.683838,2289.795898,1494.095459,-3220.824951,2311.097168,1630.514526,-3257.521973,2311.960693,1463.789062,-3270.561035,2323.445312,1588.390259,-3283.659668,2289.786865,1494.136353,-3220.880371,2311.157715,1630.604126,-3257.506592,2616.307617,1567.752686,-3159.766602,,,,,,,,,,,,,,,,,,,,,,,,,,,,,,,,,
6513,65.130000,0.000000,0.000000,0.000000,1.000000,0.000000,0.000000,0.000000,57.698101,20.499701,-14.700500,0.047771,-0.013570,0.015998,-15.666301,-52.738201,18.801300,-93.396698,0.129960,17.611099,-0.189368,-0.472346,-0.692492,0.511355,2309.626465,1544.387451,-3257.780029,2312.467041,1464.033447,-3270.210449,2324.110596,1588.593506,-3283.289795,2290.284424,1494.251343,-3220.480957,2311.644287,1630.671631,-3257.138916,2312.524414,1463.915405,-3270.193604,2323.995850,1588.537842,-3283.273438,2290.262451,1494.280396,-3220.533691,2311.729004,1630.819580,-3257.115723,2616.274170,1567.744385,-3159.781250,,,,,,,,,,,,,,,,,,,,,,,,,,,,,,,,,
6514,65.140000,0.000000,0.000000,0.000000,1.000000,0.000000,0.000000,0.000000,57.698101,20.499701,-14.700500,0.047771,-0.013570,0.015998,-15.666301,-52.738201,18.801300,-93.396698,0.129960,17.611099,-0.188551,-0.472806,-0.692726,0.510915,2310.140625,1544.579224,-3257.434814,2313.015137,1464.228760,-3269.879883,2324.673828,1588.793335,-3282.903076,2290.724854,1494.431885,-3220.189209,2312.148682,1630.863403,-3256.767578,2313.069336,1464.099121,-3269.876953,2324.581543,1588.770264,-3282.895020,2290.696289,1494.444824,-3220.213867,2312.222900,1631.004517,-3256.751465,2616.263184,1567.751587,-3159.732910,,,,,,,,,,,,,,,,,,,,,,,,,,,,,,,,,
6515,65.150000,0.000000,0.000000,0.000000,1.000000,0.000000,0.000000,0.000000,57.698101,20.499701,-14.700500,0.047771,-0.013570,0.015998,-15.666301,-52.738201,18.801300,-93.396698,0.129960,17.611099,-0.187355,-0.473439,-0.693040,0.510342,2310.630615,1544.808228,-3257.138672,2313.562500,1464.463867,-3269.608887,2325.228027,1589.036743,-3282.544922,2291.117188,1494.640137,-3219.972168,2312.614746,1631.092651,-3256.428711,2313.581299,1464.310547,-3269.615479,2325.204590,1589.099976,-3282.553467,2291.092773,1494.599365,-3219.953857,2312.647949,1631.219971,-3256.434082,2616.261230,1567.778931,-3159.771484,,,,,,,,,,,,,,,,,,,,,,,,,,,,,,,,,
6516,65.160000,0.000000,0.000000,0.000000,1.000000,0.000000,0.000000,0.000000,57.698101,20.499701,-14.700500,0.047771,-0.013570,0.015998,-15.666301,-52.738201,18.801300,-93.396698,0.129960,17.611099,-0.187146,-0.473269,-0.693180,0.510387,2311.010010,1545.021362,-3256.893311,2313.947998,1464.684570,-3269.411621,2325.608154,1589.265869,-3282.271240,2291.494873,1494.829834,-3219.759277,2312.989502,1631.305420,-3256.131348,2313.968750,1464.548828,-3269.433105,2325.594971,1589.293945,-3282.285645,2291.466309,1494.785034,-3219.725342,2313.013672,1631.461060,-3256.130859,2616.235352,1567.776367,-3159.801270,,,,,,,,,,,,,,,,,,,,,,,,,,,,,,,,,
6517,65.170000,0.000000,0.000000,0.000000,1.000000,0.000000,0.000000,0.000000,57.698101,20.499701,-14.700500,0.047771,-0.013570,0.015998,-15.666301,-52.738201,18.801300,-93.396698,0.129960,17.611099,-0.186836,-0.473287,-0.693278,0.510351,2311.422119,1545.284058,-3256.714111,2314.378418,1464.952271,-3269.260498,2326.026855,1589.540161,-3282.067871,2291.895020,1495.075928,-3219.608887,2313.388184,1631.568237,-3255.919189,2314.397705,1464.892578,-3269.266602,2326.016846,1589.554077,-3282.101318,2291.863037,1495.009644,-3219.575928,2313.411865,1631.684082,-3255.910400,2616.285889,1567.760254,-3159.804688,,,,,,,,,,,,,,,,,,,,,,,,,,,,,,,,,
6518,65.180000,0.000000,0.000000,0.000000,1.000000,0.000000,0.000000,0.000000,57.698101,20.499701,-14.700500,0.047771,-0.013570,0.015998,-15.666301,-52.738201,18.801300,-93.396698,0.129960,17.611099,-0.186220,-0.473553,-0.693142,0.510514,2311.820557,1545.591309,-3256.576172,2314.872559,1465.265137,-3269.135254,2326.402100,1589.867554,-3281.907715,2292.312012,1495.355591,-3219.498291,2313.695312,1631.877319,-3255.762695,2314.927246,1465.265503,-3269.169678,2326.365479,1589.867554,-3281.950195,2292.238770,1495.266113,-3219.415527,2313.748047,1631.963135,-3255.762695,2616.279785,1567.746216,-3159.769775,,,,,,,,,,,,,,,,,,,,,,,,,,,,,,,,,
6519,65.190000,0.000000,0.000000,0.000000,1.000000,0.000000,0.000000,0.000000,57.698101,20.499701,-14.700500,0.047771,-0.013570,0.015998,-15.666301,-52.738201,18.801300,-93.396698,0.129960,17.611099,-0.185277,-0.474192,-0.692901,0.510590,2312.237305,1545.880371,-3256.500732,2315.430908,1465.557251,-3269.044189,2326.798828,1590.175049,-3281.811768,2292.736572,1495.620239,-3219.451904,2313.982666,1632.169067,-3255.694824,2315.496338,1465.567383,-3269.086914,2326.764648,1590.200317,-3281.878174,2292.644287,1495.526611,-3219.342529,2314.036621,1632.219727,-3255.687012,2616.315918,1567.745361,-3159.773193,,,,,,,,,,,,,,,,,,,,,,,,,,,,,,,,,
6520,65.200000,0.000000,0.000000,0.000000,1.000000,0.000000,0.000000,0.000000,57.698101,20.499701,-14.700500,0.047771,-0.013570,0.015998,-15.666301,-52.738201,18.801300,-93.396698,0.129960,17.611099,-0.184878,-0.474379,-0.692452,0.511170,2312.651855,1546.191040,-3256.478760,2315.983154,1465.872803,-3269.017334,2327.138428,1590.509033,-3281.792236,2293.236084,1495.900024,-3219.427246,2314.249756,1632.482788,-3255.678223,2316.040039,1465.854614,-3269.066406,2327.095703,1590.517578,-3281.807373,2293.167480,1495.836792,-3219.342773,2314.303467,1632.553711,-3255.694092,2616.300293,1567.760376,-3159.782715,,,,,,,,,,,,,,,,,,,,,,,,,,,,,,,,,
6521,65.210000,0.000000,0.000000,0.000000,1.000000,0.000000,0.000000,0.000000,57.698101,20.499701,-14.700500,0.047771,-0.013570,0.015998,-15.666301,-52.738201,18.801300,-93.396698,0.129960,17.611099,-0.184697,-0.474423,-0.691917,0.511918,2313.010010,1546.450317,-3256.501953,2316.475830,1466.136719,-3269.033936,2327.402588,1590.791260,-3281.828857,2293.706055,1496.129028,-3219.433350,2314.455566,1632.744751,-3255.711670,2316.501709,1466.062256,-3269.049316,2327.380859,1590.816772,-3281.843506,2293.683350,1496.139404,-3219.415771,2314.476074,1632.780396,-3255.699951,2616.262939,1567.718384,-3159.786621,,,,,,,,,,,,,,,,,,,,,,,,,,,,,,,,,
6522,65.220000,0.000000,0.000000,0.000000,1.000000,0.000000,0.000000,0.000000,57.698101,20.499701,-14.700500,0.047771,-0.013570,0.015998,-15.666301,-52.738201,18.801300,-93.396698,0.129960,17.611099,-0.185076,-0.474115,-0.691184,0.513057,2313.386719,1546.745972,-3256.559326,2316.973877,1466.435913,-3269.079834,2327.641602,1591.107422,-3281.928223,2294.257080,1496.397827,-3219.436523,2314.674072,1633.043213,-3255.792480,2316.956543,1466.362671,-3269.047363,2327.644043,1591.137451,-3281.933594,2294.285400,1496.461914,-3219.493408,2314.660889,1633.022339,-3255.764648,2616.300781,1567.740845,-3159.772949,,,,,,,,,,,,,,,,,,,,,,,,,,,,,,,,,
6523,65.230000,0.000000,0.000000,0.000000,1.000000,0.000000,0.000000,0.000000,57.698101,20.499701,-14.700500,0.047771,-0.013570,0.015998,-15.666301,-52.738201,18.801300,-93.396698,0.129960,17.611099,-0.185294,-0.474116,-0.690757,0.513552,2313.792969,1547.021240,-3256.659668,2317.442139,1466.708862,-3269.147949,2327.983643,1591.384277,-3282.061523,2294.743896,1496.672119,-3219.496826,2315.001953,1633.319824,-3255.932617,2317.457031,1466.609131,-3269.107178,2327.926514,1591.432617,-3282.055176,2294.745117,1496.697510,-3219.553223,2315.042969,1633.342407,-3255.921875,2616.252197,1567.744751,-3159.774902,,,,,,,,,,,,,,,,,,,,,,,,,,,,,,,,,
6524,65.240000,0.000000,0.000000,0.000000,1.000000,0.000000,0.000000,0.000000,57.698101,20.499701,-14.700500,0.047771,-0.013570,0.015998,-15.666301,-52.738201,18.801300,-93.396698,0.129960,17.611099,-0.185249,-0.474284,-0.690461,0.513810,2314.157715,1547.268555,-3256.762695,2317.866699,1466.954346,-3269.221436,2328.311523,1591.632935,-3282.182617,2295.151611,1496.918701,-3219.579102,2315.300781,1633.568237,-3256.067871,2317.891357,1466.835083,-3269.209473,2328.255371,1591.714233,-3282.168945,2295.135498,1496.919434,-3219.592529,2315.348389,1633.601685,-3256.078125,2616.256592,1567.734497,-3159.793213,,,,,,,,,,,,,,,,,,,,,,,,,,,,,,,,,
6525,65.250000,0.000000,0.000000,0.000000,1.000000,0.000000,0.000000,0.000000,57.698101,20.499701,-14.700500,0.047771,-0.013570,0.015998,-15.666301,-52.738201,18.801300,-93.396698,0.129960,17.611099,-0.185262,-0.474442,-0.690110,0.514131,2314.520508,1547.509888,-3256.896240,2318.294434,1467.193359,-3269.320312,2328.628906,1591.875122,-3282.340332,2295.568115,1497.160400,-3219.684326,2315.590332,1633.811035,-3256.239990,2318.344727,1467.088989,-3269.330078,2328.543701,1591.929688,-3282.315918,2295.535156,1497.176514,-3219.684326,2315.659424,1633.841919,-3256.254639,2616.275879,1567.738525,-3159.776123,,,,,,,,,,,,,,,,,,,,,,,,,,,,,,,,,
6526,65.260000,0.000000,0.000000,0.000000,1.000000,0.000000,0.000000,0.000000,57.698101,20.499701,-14.700500,0.047771,-0.013570,0.015998,-15.666301,-52.738201,18.801300,-93.396698,0.129960,17.611099,-0.184959,-0.474952,-0.689992,0.513928,2314.941406,1547.714722,-3257.013916,2318.754395,1467.392212,-3269.387207,2329.063477,1592.069580,-3282.468018,2295.964600,1497.380859,-3219.793457,2315.983154,1634.016479,-3256.406250,2318.771973,1467.281494,-3269.374512,2329.011963,1592.147583,-3282.442627,2295.949463,1497.345459,-3219.801514,2316.033203,1634.084351,-3256.435547,2616.317871,1567.743042,-3159.770996,,,,,,,,,,,,,,,,,,,,,,,,,,,,,,,,,
6527,65.270000,0.000000,0.000000,0.000000,1.000000,0.000000,0.000000,0.000000,57.698101,20.499701,-14.700500,0.047771,-0.013570,0.015998,-15.666301,-52.738201,18.801300,-93.396698,0.129960,17.611099,-0.184352,-0.475614,-0.689824,0.513759,2315.368896,1547.919678,-3257.127197,2319.262939,1467.593750,-3269.453613,2329.498535,1592.272339,-3282.581299,2296.370117,1497.590332,-3219.912109,2316.343994,1634.222412,-3256.562256,2319.257812,1467.521729,-3269.422363,2329.471436,1592.377075,-3282.560547,2296.362793,1497.496704,-3219.919189,2316.383057,1634.285034,-3256.606934,2616.295654,1567.763428,-3159.782715,,,,,,,,,,,,,,,,,,,,,,,,,,,,,,,,,
6528,65.280000,0.000000,0.000000,0.000000,1.000000,0.000000,0.000000,0.000000,57.698101,20.499701,-14.700500,0.047771,-0.013570,0.015998,-15.666301,-52.738201,18.801300,-93.396698,0.129960,17.611099,-0.183788,-0.476118,-0.689441,0.514008,2315.794678,1548.039795,-3257.217285,2319.817383,1467.714966,-3269.508301,2329.882812,1592.403076,-3282.675537,2296.835205,1497.697266,-3219.999512,2316.643555,1634.344116,-3256.685059,2319.850098,1467.662354,-3269.485596,2329.788086,1592.466919,-3282.631836,2296.801758,1497.591309,-3220.006592,2316.739258,1634.444458,-3256.747314,2616.287842,1567.747559,-3159.796875,,,,,,,,,,,,,,,,,,,,,,,,,,,,,,,,,
6529,65.290000,0.000000,0.000000,0.000000,1.000000,0.000000,0.000000,0.000000,57.698101,20.499701,-14.700500,0.047771,-0.013570,0.015998,-15.666301,-52.738201,18.801300,-93.396698,0.129960,17.611099,-0.181865,-0.477557,-0.689146,0.513754,2316.284180,1548.151855,-3257.318848,2320.544678,1467.831909,-3269.561523,2330.378174,1592.537964,-3282.733887,2297.282715,1497.779663,-3220.162842,2316.930908,1634.458130,-3256.816406,2320.628662,1467.861694,-3269.572998,2330.265137,1592.573853,-3282.750244,2297.187012,1497.651123,-3220.097900,2317.052246,1634.515625,-3256.850342,2616.300537,1567.741821,-3159.776367,,,,,,,,,,,,,,,,,,,,,,,,,,,,,,,,,
6530,65.300000,0.000000,0.000000,0.000000,1.000000,0.000000,0.000000,0.000000,57.698101,20.499701,-14.700500,0.047771,-0.013570,0.015998,-15.666301,-52.738201,18.801300,-93.396698,0.129960,17.611099,-0.180852,-0.478314,-0.688767,0.513915,2316.780029,1548.219360,-3257.422363,2321.212891,1467.903564,-3269.632568,2330.839600,1592.623779,-3282.824707,2297.802002,1497.823242,-3220.287109,2317.265869,1634.526855,-3256.945312,2321.294189,1467.967163,-3269.653320,2330.764648,1592.641846,-3282.888672,2297.703857,1497.721924,-3220.203369,2317.352051,1634.541504,-3256.940674,2616.290771,1567.717651,-3159.773926,,,,,,,,,,,,,,,,,,,,,,,,,,,,,,,,,
6531,65.310000,0.000000,0.000000,0.000000,1.000000,0.000000,0.000000,0.000000,57.698101,20.499701,-14.700500,0.047771,-0.013570,0.015998,-15.666301,-52.738201,18.801300,-93.396698,0.129960,17.611099,-0.180774,-0.478320,-0.688352,0.514492,2317.290039,1548.274658,-3257.520752,2321.819824,1467.963379,-3269.724121,2331.277100,1592.694458,-3282.936279,2298.399170,1497.858276,-3220.368164,2317.664062,1634.582764,-3257.053955,2321.877686,1467.986694,-3269.745361,2331.229492,1592.665771,-3282.986816,2298.342529,1497.842285,-3220.325928,2317.709473,1634.603638,-3257.024902,2616.289795,1567.731812,-3159.769531,,,,,,,,,,,,,,,,,,,,,,,,,,,,,,,,,
6532,65.320000,0.000000,0.000000,0.000000,1.000000,0.000000,0.000000,0.000000,57.698101,20.499701,-14.700500,0.047771,-0.013570,0.015998,-15.666301,-52.738201,18.801300,-93.396698,0.129960,17.611099,-0.180592,-0.478162,-0.688254,0.514835,2317.772217,1548.289307,-3257.606934,2322.353760,1467.986450,-3269.846680,2331.721436,1592.729858,-3283.007080,2298.926270,1497.843750,-3220.471436,2318.086914,1634.597412,-3257.102783,2322.369629,1468.010742,-3269.881348,2331.741211,1592.668457,-3283.041504,2298.909424,1497.864990,-3220.433594,2318.068848,1634.611572,-3257.072754,2616.323242,1567.753174,-3159.773682,,,,,,,,,,,,,,,,,,,,,,,,,,,,,,,,,
6533,65.330000,0.000000,0.000000,0.000000,1.000000,0.000000,0.000000,0.000000,57.698101,20.499701,-14.700500,0.047771,-0.013570,0.015998,-15.666301,-52.738201,18.801300,-93.396698,0.129960,17.611099,-0.180746,-0.477690,-0.688096,0.515429,2318.276855,1548.280884,-3257.678467,2322.895508,1467.987915,-3269.968994,2332.163086,1592.744629,-3283.072510,2299.513672,1497.802246,-3220.545898,2318.535156,1634.588867,-3257.126465,2322.906738,1468.027100,-3269.994141,2332.163330,1592.593506,-3283.069336,2299.525146,1497.896729,-3220.563721,2318.512207,1634.597290,-3257.087402,2616.288574,1567.760132,-3159.776367,,,,,,,,,,,,,,,,,,,,,,,,,,,,,,,,,
6534,65.340000,0.000000,0.000000,0.000000,1.000000,0.000000,0.000000,0.000000,57.698101,20.499701,-14.700500,0.047771,-0.013570,0.015998,-15.666301,-52.738201,18.801300,-93.396698,0.129960,17.611099,-0.180415,-0.477562,-0.688077,0.515689,2318.820801,1548.257568,-3257.712646,2323.492188,1467.974854,-3270.050049,2332.679688,1592.745483,-3283.079102,2300.087646,1497.744751,-3220.611328,2319.022949,1634.565430,-3257.109619,2323.480469,1468.010010,-3270.065430,2332.700928,1592.599854,-3283.055420,2300.130371,1497.885986,-3220.659668,2318.976074,1634.534180,-3257.071289,2616.279541,1567.728516,-3159.784668,,,,,,,,,,,,,,,,,,,,,,,,,,,,,,,,,
6535,65.350000,0.000000,0.000000,0.000000,1.000000,0.000000,0.000000,0.000000,57.698101,20.499701,-14.700500,0.047771,-0.013570,0.015998,-15.666301,-52.738201,18.801300,-93.396698,0.129960,17.611099,-0.179826,-0.477648,-0.688041,0.515863,2319.327148,1548.198975,-3257.710205,2324.077393,1467.926758,-3270.085938,2333.165771,1592.711914,-3283.043945,2300.611328,1497.650635,-3220.648438,2319.453857,1634.506592,-3257.062500,2324.081543,1467.955811,-3270.094482,2333.169189,1592.623169,-3283.049316,2300.628174,1497.761230,-3220.679688,2319.430176,1634.457153,-3257.018799,2616.310791,1567.712769,-3159.764160,,,,,,,,,,,,,,,,,,,,,,,,,,,,,,,,,
6536,65.360000,0.000000,0.000000,0.000000,1.000000,0.000000,0.000000,0.000000,57.698101,20.499701,-14.700500,0.047771,-0.013570,0.015998,-15.666301,-52.738201,18.801300,-93.396698,0.129960,17.611099,-0.179198,-0.477777,-0.688083,0.515905,2319.852051,1548.119995,-3257.687012,2324.667480,1467.857422,-3270.100342,2333.685791,1592.655396,-3282.984131,2301.133545,1497.540039,-3220.669922,2319.921143,1634.427368,-3256.993652,2324.664062,1467.872803,-3270.114014,2333.702148,1592.603271,-3282.984131,2301.157471,1497.681274,-3220.698486,2319.884521,1634.327881,-3256.952148,2616.307861,1567.710815,-3159.759766,,,,,,,,,,,,,,,,,,,,,,,,,,,,,,,,,
6537,65.370000,0.000000,0.000000,0.000000,1.000000,0.000000,0.000000,0.000000,57.698101,20.499701,-14.700500,0.047771,-0.013570,0.015998,-15.666301,-52.738201,18.801300,-93.396698,0.129960,17.611099,-0.178859,-0.477569,-0.688250,0.515994,2320.478516,1547.999146,-3257.647705,2325.312500,1467.747925,-3270.126465,2334.309082,1592.558228,-3282.904541,2301.761719,1497.384766,-3220.677002,2320.530273,1634.305908,-3256.883057,2325.312988,1467.775024,-3270.122314,2334.295654,1592.529297,-3282.884766,2301.788574,1497.534180,-3220.731934,2320.518066,1634.159912,-3256.854980,2616.281250,1567.737427,-3159.771240,,,,,,,,,,,,,,,,,,,,,,,,,,,,,,,,,
6538,65.380000,0.000000,0.000000,0.000000,1.000000,0.000000,0.000000,0.000000,57.698101,20.499701,-14.700500,0.047771,-0.013570,0.015998,-15.666301,-52.738201,18.801300,-93.396698,0.129960,17.611099,-0.177935,-0.477678,-0.688584,0.515767,2321.173828,1547.900024,-3257.599854,2326.050781,1467.663208,-3270.153809,2335.036377,1592.489136,-3282.786377,2302.406982,1497.242188,-3220.714111,2321.201416,1634.206055,-3256.745117,2326.104736,1467.770874,-3270.166016,2334.972412,1592.490967,-3282.794189,2302.369385,1497.306885,-3220.703857,2321.258301,1634.018433,-3256.734619,2616.298096,1567.744751,-3159.781982,,,,,,,,,,,,,,,,,,,,,,,,,,,,,,,,,
6539,65.390000,0.000000,0.000000,0.000000,1.000000,0.000000,0.000000,0.000000,57.698101,20.499701,-14.700500,0.047771,-0.013570,0.015998,-15.666301,-52.738201,18.801300,-93.396698,0.129960,17.611099,-0.177418,-0.477403,-0.689099,0.515512,2321.889404,1547.774536,-3257.502930,2326.738037,1467.551880,-3270.157959,2335.794922,1592.389771,-3282.619141,2303.066406,1497.077515,-3220.699707,2321.958008,1634.079224,-3256.535156,2326.819580,1467.629761,-3270.162842,2335.700928,1592.492920,-3282.677734,2302.984619,1497.084961,-3220.653076,2322.059570,1633.875122,-3256.519775,2616.277832,1567.766846,-3159.786621,,,,,,,,,,,,,,,,,,,,,,,,,,,,,,,,,
6540,65.400000,0.000000,0.000000,0.000000,1.000000,0.000000,0.000000,0.000000,57.698101,20.499701,-14.700500,0.047771,-0.013570,0.015998,-15.666301,-52.738201,18.801300,-93.396698,0.129960,17.611099,-0.176677,-0.477257,-0.689539,0.515313,2322.560547,1547.624023,-3257.397461,2327.418701,1467.417603,-3270.152100,2336.500000,1592.271362,-3282.437744,2303.689209,1496.879883,-3220.683838,2322.634277,1633.927368,-3256.315674,2327.516357,1467.456421,-3270.177979,2336.397949,1592.475098,-3282.518555,2303.562256,1496.810425,-3220.567383,2322.757324,1633.757690,-3256.327881,2616.276367,1567.721924,-3159.793945,,,,,,,,,,,,,,,,,,,,,,,,,,,,,,,,,
6541,65.410000,0.000000,0.000000,0.000000,1.000000,0.000000,0.000000,0.000000,57.698101,20.499701,-14.700500,0.047771,-0.013570,0.015998,-15.666301,-52.738201,18.801300,-93.396698,0.129960,17.611099,-0.176070,-0.477321,-0.689423,0.515616,2323.218018,1547.509155,-3257.276855,2328.175293,1467.315186,-3270.071289,2337.120850,1592.185791,-3282.285400,2304.383545,1496.724121,-3220.601074,2323.192871,1633.812012,-3256.149170,2328.301514,1467.239136,-3270.099854,2336.956055,1592.372803,-3282.331299,2304.245605,1496.635620,-3220.502930,2323.354004,1633.801025,-3256.173340,2616.291504,1567.736816,-3159.776611,,,,,,,,,,,,,,,,,,,,,,,,,,,,,,,,,
6542,65.420000,0.000000,0.000000,0.000000,1.000000,0.000000,0.000000,0.000000,57.698101,20.499701,-14.700500,0.047771,-0.013570,0.015998,-15.666301,-52.738201,18.801300,-93.396698,0.129960,17.611099,-0.175312,-0.477573,-0.689377,0.515702,2323.894531,1547.376953,-3257.154297,2328.945312,1467.193359,-3269.976318,2337.783691,1592.077637,-3282.127441,2305.065430,1496.558105,-3220.522705,2323.783447,1633.679321,-3255.990234,2329.056396,1467.058716,-3269.977295,2337.611572,1592.282593,-3282.153320,2304.946289,1496.428101,-3220.458008,2323.953125,1633.752197,-3256.030273,2616.283936,1567.750488,-3159.789795,,,,,,,,,,,,,,,,,,,,,,,,,,,,,,,,,
6543,65.430000,0.000000,0.000000,0.000000,1.000000,0.000000,0.000000,0.000000,57.698101,20.499701,-14.700500,0.047771,-0.013570,0.015998,-15.666301,-52.738201,18.801300,-93.396698,0.129960,17.611099,-0.175295,-0.477385,-0.689336,0.515937,2324.579590,1547.275513,-3257.005127,2329.650635,1467.097534,-3269.854980,2338.444336,1591.988403,-3281.969727,2305.781250,1496.438965,-3220.382324,2324.441406,1633.577393,-3255.813721,2329.737305,1466.972900,-3269.804688,2338.270508,1592.172974,-3281.994873,2305.699951,1496.336426,-3220.388672,2324.601562,1633.636108,-3255.833984,2616.270020,1567.738159,-3159.796875,,,,,,,,,,,,,,,,,,,,,,,,,,,,,,,,,
6544,65.440000,0.000000,0.000000,0.000000,1.000000,0.000000,0.000000,0.000000,57.698101,20.499701,-14.700500,0.047771,-0.013570,0.015998,-15.666301,-52.738201,18.801300,-93.396698,0.129960,17.611099,-0.175383,-0.477252,-0.689349,0.516013,2325.218262,1547.205688,-3256.833984,2330.281982,1467.029175,-3269.696289,2339.076416,1591.921509,-3281.797119,2306.430176,1496.364990,-3220.211426,2325.083984,1633.507324,-3255.630859,2330.320557,1466.964966,-3269.662109,2338.997314,1591.996704,-3281.814453,2306.396729,1496.321777,-3220.228760,2325.157471,1633.542236,-3255.630859,2616.310303,1567.741577,-3159.764648,,,,,,,,,,,,,,,,,,,,,,,,,,,,,,,,,
6545,65.450000,0.000000,0.000000,0.000000,1.000000,0.000000,0.000000,0.000000,57.698101,20.499701,-14.700500,0.047771,-0.013570,0.015998,-15.666301,-52.738201,18.801300,-93.396698,0.129960,17.611099,-0.174953,-0.477805,-0.689403,0.515575,2325.814453,1547.105835,-3256.623047,2330.894531,1466.923584,-3269.443604,2339.715332,1591.810181,-3281.582764,2306.965088,1496.281494,-3220.009277,2325.683105,1633.407959,-3255.456543,2330.888672,1466.867676,-3269.457520,2339.732422,1591.801880,-3281.580078,2306.973389,1496.309937,-3220.007324,2325.663086,1633.442749,-3255.446777,2616.303223,1567.720093,-3159.755859,,,,,,,,,,,,,,,,,,,,,,,,,,,,,,,,,
6546,65.460000,0.000000,0.000000,0.000000,1.000000,0.000000,0.000000,0.000000,57.698101,20.499701,-14.700500,0.047771,-0.013570,0.015998,-15.666301,-52.738201,18.801300,-93.396698,0.129960,17.611099,-0.174589,-0.478512,-0.689530,0.514872,2326.412842,1547.011841,-3256.373291,2331.477051,1466.817871,-3269.125977,2340.385010,1591.691284,-3281.338135,2307.466553,1496.223511,-3219.759766,2326.322754,1633.314941,-3255.269531,2331.472412,1466.808105,-3269.137939,2340.385498,1591.588867,-3281.304932,2307.491211,1496.281372,-3219.789062,2326.302979,1633.365356,-3255.260010,2616.289062,1567.734619,-3159.770020,,,,,,,,,,,,,,,,,,,,,,,,,,,,,,,,,
6547,65.470000,0.000000,0.000000,0.000000,1.000000,0.000000,0.000000,0.000000,57.698101,20.499701,-14.700500,0.047771,-0.013570,0.015998,-15.666301,-52.738201,18.801300,-93.396698,0.129960,17.611099,-0.174146,-0.478952,-0.689672,0.514424,2327.026611,1546.903442,-3256.066406,2332.095703,1466.706421,-3268.797119,2341.045410,1591.575928,-3281.017334,2308.014160,1496.125122,-3219.473145,2326.950928,1633.206665,-3254.977539,2332.075928,1466.691528,-3268.799805,2341.063232,1591.431030,-3280.982666,2308.069824,1496.259033,-3219.544434,2326.903564,1633.233276,-3254.941406,2616.283691,1567.744873,-3159.790527,,,,,,,,,,,,,,,,,,,,,,,,,,,,,,,,,
6548,65.480000,0.000000,0.000000,0.000000,1.000000,0.000000,0.000000,0.000000,57.698101,20.499701,-14.700500,0.047771,-0.013570,0.015998,-15.666301,-52.738201,18.801300,-93.396698,0.129960,17.611099,-0.173346,-0.479428,-0.689886,0.513962,2327.558350,1546.806030,-3255.728760,2332.660156,1466.611938,-3268.465820,2341.626465,1591.484741,-3280.640625,2308.472656,1496.018433,-3219.186279,2327.473877,1633.109009,-3254.622070,2332.650391,1466.598755,-3268.470703,2341.621826,1591.420288,-3280.594971,2308.516113,1496.168335,-3219.247559,2327.448486,1633.048706,-3254.604980,2616.308594,1567.755127,-3159.780762,,,,,,,,,,,,,,,,,,,,,,,,,,,,,,,,,
6549,65.490000,0.000000,0.000000,0.000000,1.000000,0.000000,0.000000,0.000000,57.698101,20.499701,-14.700500,0.047771,-0.013570,0.015998,-15.666301,-52.738201,18.801300,-93.396698,0.129960,17.611099,-0.172778,-0.479870,-0.690024,0.513556,2328.068604,1546.700684,-3255.377441,2333.191406,1466.506226,-3268.103027,2342.178223,1591.378540,-3280.267578,2308.921387,1495.914551,-3218.865479,2327.982666,1633.003784,-3254.273926,2333.216797,1466.530273,-3268.118652,2342.132568,1591.339722,-3280.233643,2308.926025,1496.062378,-3218.898926,2327.998779,1632.873291,-3254.259277,2616.315186,1567.716309,-3159.767822,,,,,,,,,,,,,,,,,,,,,,,,,,,,,,,,,
6550,65.500000,0.000000,0.000000,0.000000,1.000000,0.000000,0.000000,0.000000,57.698101,20.499701,-14.700500,0.047771,-0.013570,0.015998,-15.666301,-52.738201,18.801300,-93.396698,0.129960,17.611099,-0.171977,-0.480537,-0.690051,0.513165,2328.655518,1546.588257,-3255.013428,2333.840576,1466.393311,-3267.711182,2342.800293,1591.267090,-3279.881836,2309.450928,1495.801392,-3218.532471,2328.530029,1632.891479,-3253.927979,2333.866943,1466.452148,-3267.739014,2342.777344,1591.239380,-3279.871338,2309.446533,1495.957031,-3218.539062,2328.531738,1632.697144,-3253.902100,2616.293701,1567.711060,-3159.762451,,,,,,,,,,,,,,,,,,,,,,,,,,,,,,,,,
6551,65.510000,0.000000,0.000000,0.000000,1.000000,0.000000,0.000000,0.000000,57.698101,20.499701,-14.700500,0.047771,-0.013570,0.015998,-15.666301,-52.738201,18.801300,-93.396698,0.129960,17.611099,-0.171329,-0.480638,-0.690492,0.512693,2329.287109,1546.508301,-3254.644775,2334.456787,1466.321167,-3267.397705,2343.491455,1591.200317,-3279.455322,2310.001465,1495.701294,-3218.234863,2329.198242,1632.810669,-3253.491455,2334.495361,1466.370117,-3267.395020,2343.444824,1591.201294,-3279.480957,2309.981445,1495.823364,-3218.256104,2329.228516,1632.626099,-3253.443848,2616.275146,1567.709839,-3159.771240,,,,,,,,,,,,,,,,,,,,,,,,,,,,,,,,,
6552,65.520000,0.000000,0.000000,0.000000,1.000000,0.000000,0.000000,0.000000,57.698101,20.499701,-14.700500,0.047771,-0.013570,0.015998,-15.666301,-52.738201,18.801300,-93.396698,0.129960,17.611099,-0.171040,-0.480539,-0.690797,0.512471,2329.860352,1546.432739,-3254.280029,2335.007812,1466.251953,-3267.081787,2344.097168,1591.135498,-3279.052734,2310.533203,1495.609253,-3217.915039,2329.803467,1632.734375,-3253.070557,2335.053955,1466.302490,-3267.068115,2344.020264,1591.199097,-3279.064209,2310.505371,1495.719849,-3217.939209,2329.868408,1632.478027,-3253.046143,2616.265625,1567.749268,-3159.787842,,,,,,,,,,,,,,,,,,,,,,,,,,,,,,,,,
6553,65.530000,0.000000,0.000000,0.000000,1.000000,0.000000,0.000000,0.000000,57.698101,20.499701,-14.700500,0.047771,-0.013570,0.015998,-15.666301,-52.738201,18.801300,-93.396698,0.129960,17.611099,-0.170478,-0.480835,-0.691024,0.512074,2330.439209,1546.416626,-3253.933838,2335.595459,1466.238281,-3266.747803,2344.720459,1591.123535,-3278.673340,2311.049316,1495.586914,-3217.611328,2330.392578,1632.718018,-3252.702881,2335.664551,1466.256226,-3266.744629,2344.625732,1591.248657,-3278.715088,2310.983398,1495.622925,-3217.588379,2330.486572,1632.526855,-3252.688721,2616.264404,1567.753906,-3159.792480,,,,,,,,,,,,,,,,,,,,,,,,,,,,,,,,,
6554,65.540000,0.000000,0.000000,0.000000,1.000000,0.000000,0.000000,0.000000,57.698101,20.499701,-14.700500,0.047771,-0.013570,0.015998,-15.666301,-52.738201,18.801300,-93.396698,0.129960,17.611099,-0.170374,-0.480661,-0.691233,0.511990,2330.994629,1546.372803,-3253.575684,2336.128906,1466.199585,-3266.430420,2345.291260,1591.088379,-3278.290283,2311.585449,1495.529785,-3217.281494,2330.972656,1632.673462,-3252.299805,2336.199707,1466.187134,-3266.428711,2345.215576,1591.272583,-3278.381348,2311.499023,1495.519165,-3217.226074,2331.059814,1632.520142,-3252.273438,2616.298340,1567.724976,-3159.779785,,,,,,,,,,,,,,,,,,,,,,,,,,,,,,,,,
6555,65.550000,0.000000,0.000000,0.000000,1.000000,0.000000,0.000000,0.000000,57.698101,20.499701,-14.700500,0.047771,-0.013570,0.015998,-15.666301,-52.738201,18.801300,-93.396698,0.129960,17.611099,-0.170701,-0.480158,-0.691495,0.512000,2331.521973,1546.321899,-3253.249268,2336.585449,1466.152954,-3266.157715,2345.830078,1591.042114,-3277.948975,2312.107422,1495.470825,-3216.969238,2331.564941,1632.621826,-3251.920410,2336.685547,1466.097168,-3266.129883,2345.676758,1591.243652,-3278.033936,2312.006592,1495.437256,-3216.943848,2331.708984,1632.528687,-3251.897705,2616.316162,1567.746582,-3159.762207,,,,,,,,,,,,,,,,,,,,,,,,,,,,,,,,,
6556,65.560000,0.000000,0.000000,0.000000,1.000000,0.000000,0.000000,0.000000,57.698101,20.499701,-14.700500,0.047771,-0.013570,0.015998,-15.666301,-52.738201,18.801300,-93.396698,0.129960,17.611099,-0.170968,-0.479744,-0.691557,0.512216,2332.061768,1546.297974,-3252.928955,2337.099609,1466.133789,-3265.877197,2346.352783,1591.026611,-3277.623535,2312.674561,1495.434570,-3216.652100,2332.120117,1632.597290,-3251.562988,2337.227539,1466.057495,-3265.842529,2346.136963,1591.208740,-3277.687012,2312.556152,1495.369751,-3216.636963,2332.312744,1632.575073,-3251.555420,2616.292480,1567.737305,-3159.778809,,,,,,,,,,,,,,,,,,,,,,,,,,,,,,,,,
6557,65.570000,0.000000,0.000000,0.000000,1.000000,0.000000,0.000000,0.000000,57.698101,20.499701,-14.700500,0.047771,-0.013570,0.015998,-15.666301,-52.738201,18.801300,-93.396698,0.129960,17.611099,-0.171283,-0.479384,-0.691583,0.512412,2332.569336,1546.317505,-3252.601318,2337.580078,1466.155762,-3265.576172,2346.844238,1591.050171,-3277.297852,2313.208496,1495.447754,-3216.319092,2332.644775,1632.616455,-3251.212402,2337.707764,1466.073120,-3265.544922,2346.631348,1591.230103,-3277.358643,2313.080322,1495.331787,-3216.288818,2332.844238,1632.651367,-3251.219238,2616.278320,1567.744019,-3159.779297,,,,,,,,,,,,,,,,,,,,,,,,,,,,,,,,,
6558,65.580000,0.000000,0.000000,0.000000,1.000000,0.000000,0.000000,0.000000,57.698101,20.499701,-14.700500,0.047771,-0.013570,0.015998,-15.666301,-52.738201,18.801300,-93.396698,0.129960,17.611099,-0.171728,-0.478879,-0.691715,0.512557,2333.062988,1546.347412,-3252.281006,2338.014648,1466.188477,-3265.295166,2347.331299,1591.082764,-3276.976318,2313.719238,1495.472778,-3215.996338,2333.186035,1632.645752,-3250.855957,2338.126709,1466.124146,-3265.260498,2347.151855,1591.230591,-3277.048096,2313.596436,1495.327393,-3215.962646,2333.364746,1632.716431,-3250.856689,2616.274902,1567.750732,-3159.787109,,,,,,,,,,,,,,,,,,,,,,,,,,,,,,,,,
6559,65.590000,0.000000,0.000000,0.000000,1.000000,0.000000,0.000000,0.000000,57.698101,20.499701,-14.700500,0.047771,-0.013570,0.015998,-15.666301,-52.738201,18.801300,-93.396698,0.129960,17.611099,-0.171654,-0.478838,-0.691887,0.512388,2333.557617,1546.363281,-3251.971680,2338.484863,1466.205688,-3265.003662,2347.848877,1591.099487,-3276.652344,2314.185791,1495.486816,-3215.704346,2333.710938,1632.661133,-3250.525879,2338.596680,1466.176392,-3264.977295,2347.676514,1591.217896,-3276.720459,2314.072998,1495.397461,-3215.676758,2333.874268,1632.668579,-3250.515869,2616.334473,1567.757324,-3159.765137,,,,,,,,,,,,,,,,,,,,,,,,,,,,,,,,,
6560,65.600000,0.000000,0.000000,0.000000,1.000000,0.000000,0.000000,0.000000,57.698101,20.499701,-14.700500,0.047771,-0.013570,0.015998,-15.666301,-52.738201,18.801300,-93.396698,0.129960,17.611099,-0.172109,-0.478290,-0.691935,0.512682,2334.009277,1546.394043,-3251.653564,2338.895996,1466.240845,-3264.728027,2348.276367,1591.137329,-3276.335449,2314.676758,1495.506836,-3215.380615,2334.187500,1632.691284,-3250.170166,2338.950928,1466.200073,-3264.708008,2348.192627,1591.190063,-3276.373291,2314.622314,1495.448975,-3215.373535,2334.269287,1632.739258,-3250.160156,2616.279053,1567.710938,-3159.772217,,,,,,,,,,,,,,,,,,,,,,,,,,,,,,,,,
6561,65.610000,0.000000,0.000000,0.000000,1.000000,0.000000,0.000000,0.000000,57.698101,20.499701,-14.700500,0.047771,-0.013570,0.015998,-15.666301,-52.738201,18.801300,-93.396698,0.129960,17.611099,-0.172782,-0.477674,-0.691807,0.513203,2334.456299,1546.427612,-3251.332764,2339.315186,1466.277344,-3264.435059,2348.671387,1591.176270,-3276.034912,2315.200195,1495.532471,-3215.030273,2334.637939,1632.724487,-3249.831055,2339.334961,1466.246094,-3264.430908,2348.638428,1591.154663,-3276.038818,2315.186279,1495.512573,-3215.036377,2334.665283,1632.800293,-3249.824707,2616.280762,1567.746826,-3159.769531,,,,,,,,,,,,,,,,,,,,,,,,,,,,,,,,,
6562,65.620000,0.000000,0.000000,0.000000,1.000000,0.000000,0.000000,0.000000,57.698101,20.499701,-14.700500,0.047771,-0.013570,0.015998,-15.666301,-52.738201,18.801300,-93.396698,0.129960,17.611099,-0.173157,-0.477504,-0.691676,0.513411,2334.935303,1546.467651,-3251.007080,2339.782227,1466.314819,-3264.097656,2349.127197,1591.211304,-3275.731445,2315.713135,1495.579956,-3214.676270,2335.118164,1632.764771,-3249.522705,2339.812012,1466.322266,-3264.092285,2349.070312,1591.117920,-3275.727051,2315.704346,1495.600342,-3214.705078,2335.151123,1632.826416,-3249.502686,2616.288330,1567.730591,-3159.781982,,,,,,,,,,,,,,,,,,,,,,,,,,,,,,,,,
6563,65.630000,0.000000,0.000000,0.000000,1.000000,0.000000,0.000000,0.000000,57.698101,20.499701,-14.700500,0.047771,-0.013570,0.015998,-15.666301,-52.738201,18.801300,-93.396698,0.129960,17.611099,-0.173489,-0.477428,-0.691553,0.513536,2335.391357,1546.463989,-3250.664307,2340.225586,1466.306763,-3263.733398,2349.567871,1591.199341,-3275.412354,2316.192627,1495.588257,-3214.304199,2335.578857,1632.761597,-3249.206787,2340.225098,1466.294800,-3263.702881,2349.539307,1591.112183,-3275.403564,2316.216797,1495.625488,-3214.372314,2335.584229,1632.822510,-3249.179199,2616.291260,1567.757935,-3159.777344,,,,,,,,,,,,,,,,,,,,,,,,,,,,,,,,,
6564,65.640000,0.000000,0.000000,0.000000,1.000000,0.000000,0.000000,0.000000,57.698101,20.499701,-14.700500,0.047771,-0.013570,0.015998,-15.666301,-52.738201,18.801300,-93.396698,0.129960,17.611099,-0.173449,-0.477684,-0.691495,0.513388,2335.826660,1546.444580,-3250.320068,2340.665283,1466.281738,-3263.353271,2350.014893,1591.169312,-3275.080566,2316.611084,1495.584473,-3213.947021,2336.015137,1632.742798,-3248.898682,2340.643799,1466.315552,-3263.329834,2350.029785,1591.034912,-3275.077881,2316.654541,1495.644653,-3214.014648,2335.980957,1632.776489,-3248.860352,2616.295166,1567.739014,-3159.783936,,,,,,,,,,,,,,,,,,,,,,,,,,,,,,,,,
6565,65.650000,0.000000,0.000000,0.000000,1.000000,0.000000,0.000000,0.000000,57.698101,20.499701,-14.700500,0.047771,-0.013570,0.015998,-15.666301,-52.738201,18.801300,-93.396698,0.129960,17.611099,-0.174025,-0.477544,-0.691339,0.513535,2336.245117,1546.436768,-3249.944092,2341.050049,1466.266479,-3262.943115,2350.415771,1591.145996,-3274.743164,2317.058838,1495.599243,-3213.524170,2336.455566,1632.735718,-3248.565674,2341.018555,1466.320557,-3262.941406,2350.458252,1591.016968,-3274.727539,2317.110840,1495.695557,-3213.574463,2336.397217,1632.711060,-3248.534668,2616.291748,1567.757690,-3159.776367,,,,,,,,,,,,,,,,,,,,,,,,,,,,,,,,,
6566,65.660000,0.000000,0.000000,0.000000,1.000000,0.000000,0.000000,0.000000,57.698101,20.499701,-14.700500,0.047771,-0.013570,0.015998,-15.666301,-52.738201,18.801300,-93.396698,0.129960,17.611099,-0.174485,-0.477548,-0.691074,0.513730,2336.670654,1546.397583,-3249.525146,2341.472168,1466.219238,-3262.475342,2350.814209,1591.091797,-3274.366699,2317.522705,1495.582275,-3213.053955,2336.873291,1632.697388,-3248.204346,2341.454102,1466.246948,-3262.476562,2350.837158,1590.989380,-3274.351807,2317.573242,1495.746338,-3213.116455,2336.821533,1632.615845,-3248.158691,2616.271729,1567.747559,-3159.783447,,,,,,,,,,,,,,,,,,,,,,,,,,,,,,,,,
6567,65.670000,0.000000,0.000000,0.000000,1.000000,0.000000,0.000000,0.000000,57.698101,20.499701,-14.700500,0.047771,-0.013570,0.015998,-15.666301,-52.738201,18.801300,-93.396698,0.129960,17.611099,-0.174060,-0.478109,-0.690882,0.513612,2337.121338,1546.368652,-3249.071045,2341.989258,1466.185913,-3261.970215,2351.266357,1591.057739,-3273.920654,2317.961426,1495.561646,-3212.594482,2337.267578,1632.669189,-3247.798584,2342.025879,1466.228394,-3261.959473,2351.198975,1590.968750,-3273.918945,2317.966309,1495.727905,-3212.666016,2337.293701,1632.554688,-3247.744141,2616.305176,1567.753052,-3159.772705,,,,,,,,,,,,,,,,,,,,,,,,,,,,,,,,,
6568,65.680000,0.000000,0.000000,0.000000,1.000000,0.000000,0.000000,0.000000,57.698101,20.499701,-14.700500,0.047771,-0.013570,0.015998,-15.666301,-52.738201,18.801300,-93.396698,0.129960,17.611099,-0.173810,-0.478268,-0.690840,0.513605,2337.554932,1546.298096,-3248.589600,2342.455811,1466.117065,-3261.485840,2351.697998,1590.991821,-3273.432373,2318.393799,1495.485107,-3212.122314,2337.672119,1632.598877,-3247.317627,2342.489014,1466.142456,-3261.496826,2351.643066,1590.930908,-3273.412109,2318.396973,1495.661621,-3212.168701,2337.690674,1632.464478,-3247.281250,2616.285889,1567.754639,-3159.778564,,,,,,,,,,,,,,,,,,,,,,,,,,,,,,,,,
6569,65.690000,0.000000,0.000000,0.000000,1.000000,0.000000,0.000000,0.000000,57.698101,20.499701,-14.700500,0.047771,-0.013570,0.015998,-15.666301,-52.738201,18.801300,-93.396698,0.129960,17.611099,-0.174057,-0.478004,-0.690826,0.513787,2338.031738,1546.224731,-3248.033447,2342.917480,1466.045410,-3260.946777,2352.157715,1590.921509,-3272.880371,2318.896240,1495.406982,-3211.559326,2338.155518,1632.525146,-3246.747803,2342.951660,1466.098999,-3260.969482,2352.109619,1590.885742,-3272.854248,2318.894043,1495.585571,-3211.584717,2338.174072,1632.322510,-3246.725586,2616.256592,1567.769165,-3159.797363,,,,,,,,,,,,,,,,,,,,,,,,,,,,,,,,,
6570,65.700000,0.000000,0.000000,0.000000,1.000000,0.000000,0.000000,0.000000,57.698101,20.499701,-14.700500,0.047771,-0.013570,0.015998,-15.666301,-52.738201,18.801300,-93.396698,0.129960,17.611099,-0.173465,-0.478213,-0.691019,0.513533,2338.562744,1546.135132,-3247.405518,2343.472900,1465.961670,-3260.345215,2352.718018,1590.843506,-3272.214600,2319.382568,1495.300659,-3210.978271,2338.677002,1632.435181,-3246.083740,2343.518555,1466.030273,-3260.333252,2352.628906,1590.849487,-3272.194824,2319.369141,1495.438477,-3211.026367,2338.740723,1632.201050,-3246.067871,2616.252930,1567.741577,-3159.791748,,,,,,,,,,,,,,,,,,,,,,,,,,,,,,,,,
6571,65.710000,0.000000,0.000000,0.000000,1.000000,0.000000,0.000000,0.000000,57.698101,20.499701,-14.700500,0.047771,-0.013570,0.015998,-15.666301,-52.738201,18.801300,-93.396698,0.129960,17.611099,-0.173003,-0.477863,-0.691361,0.513553,2339.104248,1546.040894,-3246.745117,2344.019287,1465.884155,-3259.786865,2353.269043,1590.781250,-3271.490967,2319.910400,1495.159302,-3210.390869,2339.218262,1632.339111,-3245.311768,2344.030518,1465.867065,-3259.748291,2353.210449,1590.851318,-3271.474609,2319.931152,1495.333740,-3210.481201,2339.249268,1632.098145,-3245.281738,2616.283203,1567.716675,-3159.776123,,,,,,,,,,,,,,,,,,,,,,,,,,,,,,,,,
6572,65.720000,0.000000,0.000000,0.000000,1.000000,0.000000,0.000000,0.000000,57.698101,20.499701,-14.700500,0.047771,-0.013570,0.015998,-15.666301,-52.738201,18.801300,-93.396698,0.129960,17.611099,-0.172638,-0.477340,-0.691589,0.513855,2339.640137,1545.933105,-3246.037842,2344.580078,1465.796753,-3259.194336,2353.783447,1590.713501,-3270.723633,2320.472900,1494.993164,-3209.751221,2339.724121,1632.229248,-3244.481689,2344.588379,1465.746094,-3259.159668,2353.728027,1590.793457,-3270.699219,2320.490479,1495.118408,-3209.825684,2339.755371,1632.073486,-3244.469727,2616.288818,1567.736816,-3159.770508,,,,,,,,,,,,,,,,,,,,,,,,,,,,,,,,,
6573,65.730000,0.000000,0.000000,0.000000,1.000000,0.000000,0.000000,0.000000,57.698101,20.499701,-14.700500,0.047771,-0.013570,0.015998,-15.666301,-52.738201,18.801300,-93.396698,0.129960,17.611099,-0.171685,-0.477392,-0.691982,0.513596,2340.195801,1545.860229,-3245.277344,2345.172119,1465.740356,-3258.520752,2354.375000,1590.672363,-3269.885010,2320.973633,1494.873901,-3209.085205,2340.262939,1632.154297,-3243.618408,2345.194824,1465.678345,-3258.455566,2354.290039,1590.788696,-3269.894775,2320.973877,1494.965942,-3209.172119,2340.324463,1632.006836,-3243.588379,2616.314941,1567.769897,-3159.764893,,,,,,,,,,,,,,,,,,,,,,,,,,,,,,,,,
6574,65.740000,0.000000,0.000000,0.000000,1.000000,0.000000,0.000000,0.000000,57.698101,20.499701,-14.700500,0.047771,-0.013570,0.015998,-15.666301,-52.738201,18.801300,-93.396698,0.129960,17.611099,-0.171957,-0.476025,-0.692544,0.514018,2340.713379,1545.759277,-3244.512695,2345.605225,1465.666504,-3257.949951,2354.875732,1590.617676,-3269.045654,2321.526123,1494.703857,-3208.399414,2340.845947,1632.049438,-3242.656006,2345.621582,1465.599487,-3257.898682,2354.797607,1590.743164,-3269.031250,2321.524902,1494.751709,-3208.462158,2340.906006,1631.946045,-3242.658447,2616.284424,1567.753784,-3159.780273,,,,,,,,,,,,,,,,,,,,,,,,,,,,,,,,,
6575,65.750000,0.000000,0.000000,0.000000,1.000000,0.000000,0.000000,0.000000,57.698101,20.499701,-14.700500,0.047771,-0.013570,0.015998,-15.666301,-52.738201,18.801300,-93.396698,0.129960,17.611099,-0.171678,-0.475061,-0.693158,0.514175,2341.251221,1545.679810,-3243.740479,2346.097168,1465.615234,-3257.361328,2355.421875,1590.586670,-3268.179688,2322.058838,1494.552124,-3207.732178,2341.426270,1631.965454,-3241.688721,2346.114014,1465.571167,-3257.327881,2355.363037,1590.695068,-3268.172607,2322.046143,1494.543823,-3207.757812,2341.479492,1631.915283,-3241.703613,2616.261963,1567.748901,-3159.782227,,,,,,,,,,,,,,,,,,,,,,,,,,,,,,,,,
6576,65.760000,0.000000,0.000000,0.000000,1.000000,0.000000,0.000000,0.000000,57.698101,20.499701,-14.700500,0.047771,-0.013570,0.015998,-15.666301,-52.738201,18.801300,-93.396698,0.129960,17.611099,-0.170574,-0.475009,-0.693747,0.513796,2341.789795,1545.556519,-3242.950195,2346.655762,1465.513916,-3256.692139,2356.014648,1590.501953,-3267.286865,2322.519043,1494.372070,-3207.064941,2341.969238,1631.838623,-3240.756836,2346.658691,1465.484619,-3256.642334,2355.991699,1590.592896,-3267.325439,2322.513428,1494.362549,-3207.097168,2341.994873,1631.789917,-3240.736328,2616.294922,1567.757690,-3159.778809,,,,,,,,,,,,,,,,,,,,,,,,,,,,,,,,,
6577,65.770000,0.000000,0.000000,0.000000,1.000000,0.000000,0.000000,0.000000,57.698101,20.499701,-14.700500,0.047771,-0.013570,0.015998,-15.666301,-52.738201,18.801300,-93.396698,0.129960,17.611099,-0.170045,-0.474538,-0.694245,0.513734,2342.317139,1545.457397,-3242.223145,2347.169434,1465.436279,-3256.094727,2356.565186,1590.439209,-3266.478760,2323.016357,1494.218628,-3206.431396,2342.517334,1631.735718,-3239.887207,2347.204834,1465.394409,-3256.091553,2356.542969,1590.504028,-3266.549561,2322.979980,1494.255249,-3206.416748,2342.539795,1631.677124,-3239.835693,2616.268066,1567.735474,-3159.778320,,,,,,,,,,,,,,,,,,,,,,,,,,,,,,,,,
6578,65.780000,0.000000,0.000000,0.000000,1.000000,0.000000,0.000000,0.000000,57.698101,20.499701,-14.700500,0.047771,-0.013570,0.015998,-15.666301,-52.738201,18.801300,-93.396698,0.129960,17.611099,-0.170365,-0.473552,-0.694718,0.513899,2342.797119,1545.332031,-3241.500000,2347.557373,1465.328247,-3255.501953,2357.050293,1590.338501,-3265.706787,2323.502197,1494.055420,-3205.759277,2343.078369,1631.606445,-3239.031006,2347.577881,1465.277344,-3255.539795,2357.064697,1590.301758,-3265.742432,2323.491455,1494.148193,-3205.737305,2343.054199,1631.604126,-3238.979004,2616.283447,1567.758911,-3159.777100,,,,,,,,,,,,,,,,,,,,,,,,,,,,,,,,,
6579,65.790000,0.000000,0.000000,0.000000,1.000000,0.000000,0.000000,0.000000,57.698101,20.499701,-14.700500,0.047771,-0.013570,0.015998,-15.666301,-52.738201,18.801300,-93.396698,0.129960,17.611099,-0.170210,-0.472828,-0.695165,0.514012,2343.274902,1545.185181,-3240.799561,2347.996094,1465.202393,-3254.934326,2357.534424,1590.225220,-3264.940186,2323.976562,1493.858154,-3205.133301,2343.592285,1631.455322,-3238.190674,2348.054443,1465.217529,-3254.973145,2357.512207,1590.156128,-3265.016357,2323.928467,1493.939453,-3205.093750,2343.601562,1631.427979,-3238.116211,2616.322021,1567.741577,-3159.777100,,,,,,,,,,,,,,,,,,,,,,,,,,,,,,,,,
6580,65.800000,0.000000,0.000000,0.000000,1.000000,0.000000,0.000000,0.000000,57.698101,20.499701,-14.700500,0.047771,-0.013570,0.015998,-15.666301,-52.738201,18.801300,-93.396698,0.129960,17.611099,-0.170674,-0.471515,-0.695477,0.514641,2343.757080,1545.005249,-3240.188965,2348.416504,1465.047119,-3254.483887,2357.971680,1590.085327,-3264.281250,2324.530518,1493.618408,-3204.570312,2344.109619,1631.270264,-3237.420898,2348.465332,1465.087036,-3254.518555,2357.965820,1590.072266,-3264.360107,2324.479980,1493.674438,-3204.514160,2344.115967,1631.185547,-3237.360352,2616.279541,1567.755615,-3159.775879,,,,,,,,,,,,,,,,,,,,,,,,,,,,,,,,,
6581,65.810000,0.000000,0.000000,0.000000,1.000000,0.000000,0.000000,0.000000,57.698101,20.499701,-14.700500,0.047771,-0.013570,0.015998,-15.666301,-52.738201,18.801300,-93.396698,0.129960,17.611099,-0.171689,-0.469889,-0.695747,0.515426,2344.241455,1544.815796,-3239.639160,2348.791260,1464.879517,-3254.090088,2358.397705,1589.927856,-3263.705811,2325.111816,1493.380249,-3204.038086,2344.664551,1631.075562,-3236.721924,2348.833984,1464.933105,-3254.109131,2358.384277,1589.960083,-3263.773438,2325.067627,1493.437988,-3203.995117,2344.680664,1630.920898,-3236.674561,2616.272461,1567.713379,-3159.777588,,,,,,,,,,,,,,,,,,,,,,,,,,,,,,,,,
6582,65.820000,0.000000,0.000000,0.000000,1.000000,0.000000,0.000000,0.000000,57.698101,20.499701,-14.700500,0.047771,-0.013570,0.015998,-15.666301,-52.738201,18.801300,-93.396698,0.129960,17.611099,-0.172626,-0.468693,-0.696008,0.515849,2344.743652,1544.580200,-3239.190430,2349.174805,1464.655396,-3253.741211,2358.875488,1589.704712,-3263.248291,2325.665283,1493.124634,-3203.591064,2345.259521,1630.836426,-3236.180664,2349.222168,1464.763062,-3253.750977,2358.851318,1589.752075,-3263.315186,2325.610352,1493.130737,-3203.538574,2345.295166,1630.665161,-3236.155029,2616.307617,1567.757202,-3159.774902,,,,,,,,,,,,,,,,,,,,,,,,,,,,,,,,,
6583,65.830000,0.000000,0.000000,0.000000,1.000000,0.000000,0.000000,0.000000,57.698101,20.499701,-14.700500,0.047771,-0.013570,0.015998,-15.666301,-52.738201,18.801300,-93.396698,0.129960,17.611099,-0.173649,-0.467744,-0.696147,0.516180,2345.219971,1544.347534,-3238.781250,2349.534668,1464.425903,-3253.384521,2359.331299,1589.470581,-3262.853516,2326.186768,1492.892212,-3203.157471,2345.827393,1630.601562,-3235.729248,2349.570068,1464.556519,-3253.382324,2359.318848,1589.559082,-3262.922363,2326.128906,1492.836792,-3203.093506,2345.864990,1630.432983,-3235.727783,2616.296631,1567.755615,-3159.791016,,,,,,,,,,,,,,,,,,,,,,,,,,,,,,,,,
6584,65.840000,0.000000,0.000000,0.000000,1.000000,0.000000,0.000000,0.000000,57.698101,20.499701,-14.700500,0.047771,-0.013570,0.015998,-15.666301,-52.738201,18.801300,-93.396698,0.129960,17.611099,-0.175421,-0.466260,-0.696260,0.516769,2345.700684,1544.135254,-3238.413086,2349.832031,1464.215454,-3253.079102,2359.769531,1589.250854,-3262.524414,2326.752686,1492.688354,-3202.731934,2346.448730,1630.386597,-3235.316650,2349.875977,1464.297852,-3253.059814,2359.717529,1589.369263,-3262.577637,2326.689453,1492.608154,-3202.687744,2346.520020,1630.264282,-3235.329346,2616.302979,1567.706177,-3159.765625,,,,,,,,,,,,,,,,,,,,,,,,,,,,,,,,,
6585,65.850000,0.000000,0.000000,0.000000,1.000000,0.000000,0.000000,0.000000,57.698101,20.499701,-14.700500,0.047771,-0.013570,0.015998,-15.666301,-52.738201,18.801300,-93.396698,0.129960,17.611099,-0.176553,-0.465337,-0.696465,0.516941,2346.177734,1543.942871,-3238.117676,2350.162598,1464.022949,-3252.823730,2360.244629,1589.048340,-3262.249268,2327.253662,1492.508545,-3202.405762,2347.050537,1630.192017,-3234.991943,2350.193848,1464.058594,-3252.783203,2360.189209,1589.207886,-3262.298828,2327.197510,1492.395142,-3202.380859,2347.125244,1630.115479,-3235.011230,2616.294922,1567.742310,-3159.764648,,,,,,,,,,,,,,,,,,,,,,,,,,,,,,,,,
6586,65.860000,0.000000,0.000000,0.000000,1.000000,0.000000,0.000000,0.000000,57.698101,20.499701,-14.700500,0.047771,-0.013570,0.015998,-15.666301,-52.738201,18.801300,-93.396698,0.129960,17.611099,-0.177430,-0.464751,-0.696733,0.516806,2346.648193,1543.722290,-3237.851807,2350.490234,1463.798218,-3252.572998,2360.743164,1588.809448,-3262.000977,2327.704834,1492.312134,-3202.114990,2347.654297,1629.969604,-3234.718018,2350.550293,1463.787964,-3252.527344,2360.624023,1588.972168,-3262.036621,2327.624023,1492.158813,-3202.098877,2347.782227,1629.975464,-3234.748779,2616.302490,1567.713013,-3159.779541,,,,,,,,,,,,,,,,,,,,,,,,,,,,,,,,,
6587,65.870000,0.000000,0.000000,0.000000,1.000000,0.000000,0.000000,0.000000,57.698101,20.499701,-14.700500,0.047771,-0.013570,0.015998,-15.666301,-52.738201,18.801300,-93.396698,0.129960,17.611099,-0.178218,-0.464456,-0.697095,0.516312,2347.114746,1543.554810,-3237.583008,2350.793213,1463.619995,-3252.287842,2361.275635,1588.609375,-3261.754395,2328.103027,1492.189331,-3201.818115,2348.287354,1629.800781,-3234.470947,2350.885010,1463.572876,-3252.279785,2361.135254,1588.719971,-3261.788086,2327.995850,1492.045166,-3201.769043,2348.435547,1629.883179,-3234.494873,2616.314453,1567.729248,-3159.772705,,,,,,,,,,,,,,,,,,,,,,,,,,,,,,,,,
6588,65.880000,0.000000,0.000000,0.000000,1.000000,0.000000,0.000000,0.000000,57.698101,20.499701,-14.700500,0.047771,-0.013570,0.015998,-15.666301,-52.738201,18.801300,-93.396698,0.129960,17.611099,-0.179155,-0.464073,-0.697465,0.515832,2347.580078,1543.448242,-3237.332031,2351.077393,1463.502197,-3252.020264,2361.806396,1588.467285,-3261.531250,2328.502930,1492.131226,-3201.532715,2348.933105,1629.692383,-3234.243896,2351.210449,1463.445435,-3252.059814,2361.643311,1588.592651,-3261.576416,2328.358887,1492.035400,-3201.430176,2349.096191,1629.722412,-3234.260742,2616.312500,1567.736694,-3159.766357,,,,,,,,,,,,,,,,,,,,,,,,,,,,,,,,,
6589,65.890000,0.000000,0.000000,0.000000,1.000000,0.000000,0.000000,0.000000,57.698101,20.499701,-14.700500,0.047771,-0.013570,0.015998,-15.666301,-52.738201,18.801300,-93.396698,0.129960,17.611099,-0.179589,-0.464269,-0.697786,0.515071,2348.008301,1543.350220,-3237.112793,2351.374023,1463.388062,-3251.743896,2362.322510,1588.327759,-3261.337402,2328.827881,1492.091187,-3201.285645,2349.509277,1629.594238,-3234.084229,2351.474854,1463.277588,-3251.811768,2362.248535,1588.408569,-3261.403564,2328.720215,1492.072998,-3201.177246,2349.587891,1629.636597,-3234.058838,2616.277100,1567.764526,-3159.792725,,,,,,,,,,,,,,,,,,,,,,,,,,,,,,,,,
6590,65.900000,0.000000,0.000000,0.000000,1.000000,0.000000,0.000000,0.000000,57.698101,20.499701,-14.700500,0.047771,-0.013570,0.015998,-15.666301,-52.738201,18.801300,-93.396698,0.129960,17.611099,-0.180441,-0.464241,-0.698125,0.514338,2348.446533,1543.304077,-3236.963867,2351.632080,1463.323364,-3251.533203,2362.848633,1588.231323,-3261.229736,2329.169434,1492.114990,-3201.088135,2350.136230,1629.546875,-3234.003662,2351.741699,1463.267212,-3251.586182,2362.747803,1588.254517,-3261.292236,2329.066895,1492.121216,-3201.009277,2350.228516,1629.572632,-3233.967529,2616.295654,1567.756226,-3159.795898,,,,,,,,,,,,,,,,,,,,,,,,,,,,,,,,,
6591,65.910000,0.000000,0.000000,0.000000,1.000000,0.000000,0.000000,0.000000,57.698101,20.499701,-14.700500,0.047771,-0.013570,0.015998,-15.666301,-52.738201,18.801300,-93.396698,0.129960,17.611099,-0.181471,-0.464222,-0.698252,0.513819,2348.778564,1543.251343,-3236.848877,2351.804932,1463.249023,-3251.333008,2363.239258,1588.125610,-3261.177734,2329.441895,1492.137085,-3200.899170,2350.627686,1629.494141,-3233.985352,2351.890869,1463.209839,-3251.384521,2363.164551,1588.124878,-3261.219482,2329.363037,1492.147827,-3200.831299,2350.695068,1629.522339,-3233.959229,2616.283936,1567.782227,-3159.801270,,,,,,,,,,,,,,,,,,,,,,,,,,,,,,,,,
6592,65.920000,0.000000,0.000000,0.000000,1.000000,0.000000,0.000000,0.000000,57.698101,20.499701,-14.700500,0.047771,-0.013570,0.015998,-15.666301,-52.738201,18.801300,-93.396698,0.129960,17.611099,-0.182371,-0.464484,-0.698236,0.513287,2349.067627,1543.282715,-3236.780762,2351.969727,1463.254272,-3251.146484,2363.582031,1588.099121,-3261.184326,2329.674072,1492.250854,-3200.744873,2351.044678,1629.526978,-3234.047607,2352.041748,1463.226562,-3251.201904,2363.517578,1588.014893,-3261.207031,2329.624512,1492.313354,-3200.706299,2351.086670,1629.574585,-3234.008789,2616.258789,1567.732666,-3159.798096,,,,,,,,,,,,,,,,,,,,,,,,,,,,,,,,,
6593,65.930000,0.000000,0.000000,0.000000,1.000000,0.000000,0.000000,0.000000,57.698101,20.499701,-14.700500,0.047771,-0.013570,0.015998,-15.666301,-52.738201,18.801300,-93.396698,0.129960,17.611099,-0.183298,-0.464821,-0.698046,0.512909,2349.289551,1543.331421,-3236.719238,2352.096680,1463.275024,-3250.947754,2363.835693,1588.089844,-3261.209961,2329.865479,1492.382935,-3200.581543,2351.360840,1629.578003,-3234.136963,2352.166016,1463.270508,-3251.000977,2363.780518,1588.035889,-3261.241699,2329.814453,1492.467041,-3200.538086,2351.395264,1629.554565,-3234.095947,2616.252197,1567.765015,-3159.798828,,,,,,,,,,,,,,,,,,,,,,,,,,,,,,,,,
6594,65.940000,0.000000,0.000000,0.000000,1.000000,0.000000,0.000000,0.000000,57.698101,20.499701,-14.700500,0.047771,-0.013570,0.015998,-15.666301,-52.738201,18.801300,-93.396698,0.129960,17.611099,-0.184223,-0.465271,-0.697714,0.512620,2349.460938,1543.456177,-3236.686523,2352.197266,1463.369629,-3250.757568,2364.024170,1588.154663,-3261.276367,2330.022705,1492.594482,-3200.434326,2351.599121,1629.706299,-3234.277588,2352.249756,1463.360229,-3250.800293,2363.986816,1588.111328,-3261.305176,2329.987549,1492.685059,-3200.403809,2351.618408,1629.671509,-3234.235352,2616.264404,1567.759766,-3159.796875,,,,,,,,,,,,,,,,,,,,,,,,,,,,,,,,,
6595,65.950000,0.000000,0.000000,0.000000,1.000000,0.000000,0.000000,0.000000,57.698101,20.499701,-14.700500,0.047771,-0.013570,0.015998,-15.666301,-52.738201,18.801300,-93.396698,0.129960,17.611099,-0.185190,-0.465728,-0.697283,0.512444,2349.580322,1543.589966,-3236.678955,2352.261475,1463.472656,-3250.584717,2364.145996,1588.229004,-3261.375000,2330.146729,1492.814819,-3200.302979,2351.766846,1629.843750,-3234.452393,2352.301025,1463.464355,-3250.628418,2364.124023,1588.148071,-3261.397461,2330.127441,1492.919922,-3200.283691,2351.767334,1629.830200,-3234.405518,2616.302490,1567.738281,-3159.779785,,,,,,,,,,,,,,,,,,,,,,,,,,,,,,,,,
6596,65.960000,0.000000,0.000000,0.000000,1.000000,0.000000,0.000000,0.000000,57.698101,20.499701,-14.700500,0.047771,-0.013570,0.015998,-15.666301,-52.738201,18.801300,-93.396698,0.129960,17.611099,-0.186156,-0.466130,-0.696802,0.512382,2349.613037,1543.729736,-3236.687256,2352.251953,1463.583618,-3250.433594,2364.167969,1588.313843,-3261.489014,2330.200439,1493.034790,-3200.188477,2351.831543,1629.987061,-3234.637451,2352.290039,1463.550903,-3250.458008,2364.130371,1588.221313,-3261.510254,2330.188477,1493.139038,-3200.199463,2351.841064,1630.008667,-3234.582520,2616.304199,1567.714355,-3159.767578,,,,,,,,,,,,,,,,,,,,,,,,,,,,,,,,,
6597,65.970000,0.000000,0.000000,0.000000,1.000000,0.000000,0.000000,0.000000,57.698101,20.499701,-14.700500,0.047771,-0.013570,0.015998,-15.666301,-52.738201,18.801300,-93.396698,0.129960,17.611099,-0.187204,-0.466288,-0.696342,0.512482,2349.561035,1543.899658,-3236.707031,2352.154053,1463.729614,-3250.322266,2364.090576,1588.437378,-3261.606689,2330.190186,1493.272339,-3200.092529,2351.809082,1630.159668,-3234.806396,2352.180908,1463.670898,-3250.332031,2364.062988,1588.398682,-3261.630371,2330.177246,1493.323364,-3200.100342,2351.822021,1630.205566,-3234.764404,2616.289551,1567.746460,-3159.779053,,,,,,,,,,,,,,,,,,,,,,,,,,,,,,,,,
6598,65.980000,0.000000,0.000000,0.000000,1.000000,0.000000,0.000000,0.000000,57.698101,20.499701,-14.700500,0.047771,-0.013570,0.015998,-15.666301,-52.738201,18.801300,-93.396698,0.129960,17.611099,-0.187982,-0.466602,-0.695870,0.512553,2349.478027,1544.101562,-3236.731934,2352.055664,1463.909180,-3250.217773,2363.983887,1588.597778,-3261.719727,2330.142822,1493.535278,-3200.014648,2351.730225,1630.364502,-3234.975830,2352.063965,1463.817505,-3250.211914,2363.965820,1588.589722,-3261.726807,2330.142334,1493.551392,-3200.034424,2351.741699,1630.447388,-3234.952881,2616.281006,1567.715088,-3159.777588,,,,,,,,,,,,,,,,,,,,,,,,,,,,,,,,,
6599,65.990000,0.000000,0.000000,0.000000,1.000000,0.000000,0.000000,0.000000,57.698101,20.499701,-14.700500,0.047771,-0.013570,0.015998,-15.666301,-52.738201,18.801300,-93.396698,0.129960,17.611099,-0.188644,-0.466810,-0.695317,0.512871,2349.288574,1544.251953,-3236.746094,2351.887207,1464.042358,-3250.125732,2363.743164,1588.720825,-3261.812012,2330.021484,1493.726562,-3199.936279,2351.501953,1630.518188,-3235.110352,2351.907227,1463.988892,-3250.110107,2363.701660,1588.715820,-3261.817627,2330.016357,1493.762085,-3199.968994,2351.528564,1630.540283,-3235.087158,2616.287354,1567.754517,-3159.781982,,,,,,,,,,,,,,,,,,,,,,,,,,,,,,,,,
6600,66.000000,0.000000,0.000000,0.000000,1.000000,0.000000,0.000000,0.000000,57.698101,20.499701,-14.700500,0.047771,-0.013570,0.015998,-15.666301,-52.738201,18.801300,-93.396698,0.129960,17.611099,-0.189034,-0.467084,-0.694988,0.512924,2349.030518,1544.417969,-3236.758057,2351.635498,1464.194580,-3250.052979,2363.467529,1588.862183,-3261.877441,2329.787109,1493.929199,-3199.885742,2351.231934,1630.686279,-3235.215332,2351.656006,1464.148193,-3250.048096,2363.435547,1588.869141,-3261.887695,2329.775635,1493.953857,-3199.898682,2351.254639,1630.700195,-3235.197266,2616.281006,1567.756104,-3159.772461,,,,,,,,,,,,,,,,,,,,,,,,,,,,,,,,,
6601,66.010000,0.000000,0.000000,0.000000,1.000000,0.000000,0.000000,0.000000,57.698101,20.499701,-14.700500,0.047771,-0.013570,0.015998,-15.666301,-52.738201,18.801300,-93.396698,0.129960,17.611099,-0.189466,-0.467084,-0.694721,0.513126,2348.704102,1544.617798,-3236.763428,2351.309570,1464.386597,-3250.011230,2363.112061,1589.048584,-3261.923340,2329.501221,1494.148804,-3199.843262,2350.893799,1630.887329,-3235.275879,2351.322510,1464.382935,-3250.008545,2363.101807,1589.115723,-3261.946045,2329.478760,1494.125122,-3199.821777,2350.913086,1630.848999,-3235.278320,2616.295654,1567.761841,-3159.774658,,,,,,,,,,,,,,,,,,,,,,,,,,,,,,,,,
6602,66.020000,0.000000,0.000000,0.000000,1.000000,0.000000,0.000000,0.000000,57.698101,20.499701,-14.700500,0.047771,-0.013570,0.015998,-15.666301,-52.738201,18.801300,-93.396698,0.129960,17.611099,-0.189784,-0.466966,-0.694303,0.513680,2348.297607,1544.789795,-3236.761230,2350.955322,1464.556396,-3249.984863,2362.635986,1589.224365,-3261.954346,2329.183594,1494.317017,-3199.800049,2350.415039,1631.061646,-3235.305908,2350.984619,1464.577271,-3249.972168,2362.600830,1589.353149,-3261.994385,2329.137207,1494.261963,-3199.764404,2350.465332,1630.970703,-3235.317627,2616.251221,1567.773071,-3159.795898,,,,,,,,,,,,,,,,,,,,,,,,,,,,,,,,,
6603,66.030000,0.000000,0.000000,0.000000,1.000000,0.000000,0.000000,0.000000,57.698101,20.499701,-14.700500,0.047771,-0.013570,0.015998,-15.666301,-52.738201,18.801300,-93.396698,0.129960,17.611099,-0.189582,-0.467110,-0.693991,0.514046,2347.868896,1544.969360,-3236.740234,2350.612061,1464.736816,-3249.952393,2362.158936,1589.415527,-3261.939941,2328.810303,1494.481445,-3199.770996,2349.894043,1631.243652,-3235.297119,2350.665039,1464.770874,-3249.962402,2362.102539,1589.541504,-3261.977051,2328.744141,1494.445923,-3199.711670,2349.962646,1631.118652,-3235.312256,2616.242676,1567.776123,-3159.808105,,,,,,,,,,,,,,,,,,,,,,,,,,,,,,,,,
6604,66.040000,0.000000,0.000000,0.000000,1.000000,0.000000,0.000000,0.000000,57.698101,20.499701,-14.700500,0.047771,-0.013570,0.015998,-15.666301,-52.738201,18.801300,-93.396698,0.129960,17.611099,-0.189290,-0.466890,-0.693761,0.514664,2347.452881,1545.152588,-3236.717285,2350.292969,1464.931885,-3249.980957,2361.673584,1589.632812,-3261.896240,2328.477051,1494.617188,-3199.770508,2349.367920,1631.428467,-3235.221436,2350.345703,1464.997314,-3249.992188,2361.631104,1589.782471,-3261.954834,2328.406494,1494.588623,-3199.697754,2349.429932,1631.233154,-3235.228271,2616.266846,1567.749146,-3159.790039,,,,,,,,,,,,,,,,,,,,,,,,,,,,,,,,,
6605,66.050000,0.000000,0.000000,0.000000,1.000000,0.000000,0.000000,0.000000,57.698101,20.499701,-14.700500,0.047771,-0.013570,0.015998,-15.666301,-52.738201,18.801300,-93.396698,0.129960,17.611099,-0.189193,-0.466514,-0.693680,0.515150,2347.012451,1545.273193,-3236.685303,2349.899414,1465.064331,-3250.009521,2361.183350,1589.781860,-3261.842285,2328.099609,1494.697510,-3199.761475,2348.867920,1631.549316,-3235.127930,2349.998535,1465.115845,-3250.036133,2361.085938,1589.958130,-3261.927002,2327.984375,1494.676880,-3199.659668,2348.979980,1631.334961,-3235.121338,2616.287354,1567.717529,-3159.764648,,,,,,,,,,,,,,,,,,,,,,,,,,,,,,,,,
6606,66.060000,0.000000,0.000000,0.000000,1.000000,0.000000,0.000000,0.000000,57.698101,20.499701,-14.700500,0.047771,-0.013570,0.015998,-15.666301,-52.738201,18.801300,-93.396698,0.129960,17.611099,-0.189331,-0.465755,-0.693664,0.515806,2346.614258,1545.437256,-3236.682861,2349.520752,1465.244995,-3250.103516,2360.722656,1589.981934,-3261.811279,2327.785889,1494.809570,-3199.786865,2348.427979,1631.712402,-3235.029785,2349.618652,1465.308960,-3250.138428,2360.644287,1590.140869,-3261.911621,2327.666016,1494.775635,-3199.666260,2348.526123,1631.518433,-3235.015625,2616.312012,1567.731812,-3159.757080,,,,,,,,,,,,,,,,,,,,,,,,,,,,,,,,,
6607,66.070000,0.000000,0.000000,0.000000,1.000000,0.000000,0.000000,0.000000,57.698101,20.499701,-14.700500,0.047771,-0.013570,0.015998,-15.666301,-52.738201,18.801300,-93.396698,0.129960,17.611099,-0.189462,-0.464759,-0.693784,0.516496,2346.184326,1545.564209,-3236.687744,2349.093262,1465.394897,-3250.243408,2360.232178,1590.154297,-3261.769287,2327.439453,1494.870605,-3199.839600,2347.972168,1631.837280,-3234.898193,2349.152344,1465.445068,-3250.272461,2360.218506,1590.325073,-3261.888184,2327.343994,1494.821899,-3199.716309,2348.017822,1631.665527,-3234.875732,2616.277588,1567.720581,-3159.765625,,,,,,,,,,,,,,,,,,,,,,,,,,,,,,,,,
6608,66.080000,0.000000,0.000000,0.000000,1.000000,0.000000,0.000000,0.000000,57.698101,20.499701,-14.700500,0.047771,-0.013570,0.015998,-15.666301,-52.738201,18.801300,-93.396698,0.129960,17.611099,-0.189883,-0.463592,-0.693786,0.517386,2345.732422,1545.693604,-3236.723145,2348.637695,1465.546143,-3250.408447,2359.696777,1590.327515,-3261.773682,2327.104248,1494.936646,-3199.903564,2347.490723,1631.964722,-3234.807129,2348.682861,1465.555908,-3250.437744,2359.680176,1590.463745,-3261.842529,2327.040527,1494.937378,-3199.820068,2347.525146,1631.817139,-3234.793457,2616.265381,1567.735840,-3159.787354,,,,,,,,,,,,,,,,,,,,,,,,,,,,,,,,,
6609,66.090000,0.000000,0.000000,0.000000,1.000000,0.000000,0.000000,0.000000,57.698101,20.499701,-14.700500,0.047771,-0.013570,0.015998,-15.666301,-52.738201,18.801300,-93.396698,0.129960,17.611099,-0.190011,-0.462679,-0.693818,0.518112,2345.294189,1545.787720,-3236.781006,2348.215820,1465.661499,-3250.586914,2359.191406,1590.464722,-3261.792236,2326.757324,1494.968140,-3200.001465,2347.012207,1632.056763,-3234.743652,2348.292969,1465.640015,-3250.636719,2359.126709,1590.542725,-3261.836670,2326.677734,1494.989502,-3199.918701,2347.076660,1631.979980,-3234.730713,2616.264404,1567.752808,-3159.791748,,,,,,,,,,,,,,,,,,,,,,,,,,,,,,,,,
6610,66.100000,0.000000,0.000000,0.000000,1.000000,0.000000,0.000000,0.000000,57.698101,20.499701,-14.700500,0.047771,-0.013570,0.015998,-15.666301,-52.738201,18.801300,-93.396698,0.129960,17.611099,-0.190380,-0.461646,-0.693834,0.518877,2344.833984,1545.913696,-3236.867432,2347.748779,1465.807373,-3250.788574,2358.660156,1590.628906,-3261.849365,2326.397217,1495.038452,-3200.114746,2346.530029,1632.180420,-3234.716553,2347.829346,1465.761353,-3250.829590,2358.564209,1590.639893,-3261.855469,2326.334961,1495.078735,-3200.077637,2346.606934,1632.174072,-3234.707764,2616.309082,1567.776978,-3159.775635,,,,,,,,,,,,,,,,,,,,,,,,,,,,,,,,,
6611,66.110000,0.000000,0.000000,0.000000,1.000000,0.000000,0.000000,0.000000,57.698101,20.499701,-14.700500,0.047771,-0.013570,0.015998,-15.666301,-52.738201,18.801300,-93.396698,0.129960,17.611099,-0.190661,-0.460709,-0.693652,0.519849,2344.378174,1545.967163,-3236.954102,2347.334229,1465.880371,-3250.979248,2358.104980,1590.725342,-3261.914307,2326.073730,1495.030640,-3200.220215,2346.000000,1632.232788,-3234.703125,2347.403809,1465.808838,-3251.002197,2358.019287,1590.725586,-3261.933594,2326.026123,1495.090332,-3200.210449,2346.063965,1632.242554,-3234.671143,2616.294922,1567.744385,-3159.775391,,,,,,,,,,,,,,,,,,,,,,,,,,,,,,,,,
6612,66.120000,0.000000,0.000000,0.000000,1.000000,0.000000,0.000000,0.000000,57.698101,20.499701,-14.700500,0.047771,-0.013570,0.015998,-15.666301,-52.738201,18.801300,-93.396698,0.129960,17.611099,-0.190197,-0.460478,-0.693403,0.520556,2343.939209,1546.019531,-3237.085693,2347.016846,1465.949341,-3251.179199,2357.586914,1590.820312,-3262.012451,2325.728027,1495.023071,-3200.388184,2345.425537,1632.285767,-3234.762207,2347.085693,1465.861938,-3251.211670,2357.512451,1590.799316,-3262.037598,2325.682861,1495.096313,-3200.374756,2345.478516,1632.318359,-3234.719238,2616.267090,1567.720825,-3159.769287,,,,,,,,,,,,,,,,,,,,,,,,,,,,,,,,,
6613,66.130000,0.000000,0.000000,0.000000,1.000000,0.000000,0.000000,0.000000,57.698101,20.499701,-14.700500,0.047771,-0.013570,0.015998,-15.666301,-52.738201,18.801300,-93.396698,0.129960,17.611099,-0.189550,-0.460638,-0.693266,0.520832,2343.503418,1546.071411,-3237.266113,2346.686279,1466.010986,-3251.391846,2357.116943,1590.899048,-3262.163330,2325.324463,1495.037842,-3200.604492,2344.885986,1632.338135,-3234.904541,2346.747314,1465.895142,-3251.435547,2357.065918,1590.896851,-3262.192871,2325.281738,1495.110352,-3200.576416,2344.922363,1632.377563,-3234.860840,2616.287109,1567.757080,-3159.771729,,,,,,,,,,,,,,,,,,,,,,,,,,,,,,,,,
6614,66.140000,0.000000,0.000000,0.000000,1.000000,0.000000,0.000000,0.000000,57.698101,20.499701,-14.700500,0.047771,-0.013570,0.015998,-15.666301,-52.738201,18.801300,-93.396698,0.129960,17.611099,-0.189806,-0.460156,-0.692995,0.521524,2343.039307,1546.072510,-3237.467285,2346.265625,1466.020630,-3251.631348,2356.575928,1590.921509,-3262.367676,2324.960938,1495.008667,-3200.798096,2344.354736,1632.339355,-3235.072021,2346.336426,1465.896851,-3251.704834,2356.525879,1590.936890,-3262.387939,2324.908203,1495.109497,-3200.740967,2344.389404,1632.342529,-3235.038086,2616.286377,1567.771362,-3159.778809,,,,,,,,,,,,,,,,,,,,,,,,,,,,,,,,,
6615,66.150000,0.000000,0.000000,0.000000,1.000000,0.000000,0.000000,0.000000,57.698101,20.499701,-14.700500,0.047771,-0.013570,0.015998,-15.666301,-52.738201,18.801300,-93.396698,0.129960,17.611099,-0.189708,-0.460216,-0.692634,0.521986,2342.654541,1546.061279,-3237.719482,2345.966064,1466.010986,-3251.873779,2356.131348,1590.922119,-3262.630859,2324.647217,1494.982178,-3201.036377,2343.873047,1632.329956,-3235.336670,2346.028076,1465.850342,-3251.922852,2356.080078,1590.994751,-3262.658203,2324.602051,1495.090088,-3201.002441,2343.909424,1632.302124,-3235.298828,2616.308594,1567.755615,-3159.775635,,,,,,,,,,,,,,,,,,,,,,,,,,,,,,,,,
6616,66.160000,0.000000,0.000000,0.000000,1.000000,0.000000,0.000000,0.000000,57.698101,20.499701,-14.700500,0.047771,-0.013570,0.015998,-15.666301,-52.738201,18.801300,-93.396698,0.129960,17.611099,-0.189467,-0.460722,-0.692297,0.522075,2342.251465,1546.002197,-3238.006348,2345.643555,1465.944702,-3252.100586,2355.705078,1590.856934,-3262.941650,2324.265625,1494.933594,-3201.298096,2343.391846,1632.273560,-3235.685303,2345.736084,1465.741089,-3252.121338,2355.591309,1590.945923,-3262.969971,2324.205322,1495.025879,-3201.294434,2343.478027,1632.280518,-3235.642334,2616.298340,1567.762085,-3159.777100,,,,,,,,,,,,,,,,,,,,,,,,,,,,,,,,,
6617,66.170000,0.000000,0.000000,0.000000,1.000000,0.000000,0.000000,0.000000,57.698101,20.499701,-14.700500,0.047771,-0.013570,0.015998,-15.666301,-52.738201,18.801300,-93.396698,0.129960,17.611099,-0.189341,-0.461262,-0.691872,0.522208,2341.875488,1545.910767,-3238.306885,2345.349854,1465.843140,-3252.322754,2355.297607,1590.754272,-3263.279053,2323.921387,1494.860352,-3201.557861,2342.933105,1632.185303,-3236.068115,2345.392578,1465.640259,-3252.325928,2355.244629,1590.878784,-3263.307129,2323.898438,1494.987305,-3201.576172,2342.967041,1632.127441,-3236.021729,2616.288086,1567.767700,-3159.779053,,,,,,,,,,,,,,,,,,,,,,,,,,,,,,,,,
6618,66.180000,0.000000,0.000000,0.000000,1.000000,0.000000,0.000000,0.000000,57.698101,20.499701,-14.700500,0.047771,-0.013570,0.015998,-15.666301,-52.738201,18.801300,-93.396698,0.129960,17.611099,-0.189239,-0.461943,-0.691495,0.522141,2341.474854,1545.827026,-3238.634521,2345.012207,1465.744751,-3252.550781,2354.886719,1590.649292,-3263.650391,2323.525635,1494.809448,-3201.837891,2342.474121,1632.104980,-3236.499023,2345.064941,1465.573853,-3252.529053,2354.791992,1590.758423,-3263.658203,2323.497559,1494.883423,-3201.876709,2342.543213,1632.085449,-3236.473389,2616.285400,1567.757935,-3159.783447,,,,,,,,,,,,,,,,,,,,,,,,,,,,,,,,,
6619,66.190000,0.000000,0.000000,0.000000,1.000000,0.000000,0.000000,0.000000,57.698101,20.499701,-14.700500,0.047771,-0.013570,0.015998,-15.666301,-52.738201,18.801300,-93.396698,0.129960,17.611099,-0.189055,-0.462559,-0.691330,0.521881,2341.105469,1545.752319,-3238.974121,2344.675049,1465.658203,-3252.813477,2354.534912,1590.554565,-3264.016357,2323.127686,1494.764282,-3202.150146,2342.084229,1632.032349,-3236.916016,2344.728760,1465.517334,-3252.802979,2354.464600,1590.680420,-3264.063721,2323.086426,1494.817505,-3202.154541,2342.141846,1631.992554,-3236.877441,2616.318604,1567.763062,-3159.772949,,,,,,,,,,,,,,,,,,,,,,,,,,,,,,,,,
6620,66.200000,0.000000,0.000000,0.000000,1.000000,0.000000,0.000000,0.000000,57.698101,20.499701,-14.700500,0.047771,-0.013570,0.015998,-15.666301,-52.738201,18.801300,-93.396698,0.129960,17.611099,-0.189398,-0.462855,-0.691162,0.521717,2340.708252,1545.623535,-3239.312988,2344.256104,1465.514893,-3253.073975,2354.147217,1590.397705,-3264.400146,2322.720215,1494.676392,-3202.437500,2341.709229,1631.905273,-3237.340088,2344.341064,1465.330688,-3253.065430,2354.023438,1590.519897,-3264.434082,2322.662842,1494.739502,-3202.450439,2341.805176,1631.895874,-3237.303223,2616.274658,1567.769531,-3159.781982,,,,,,,,,,,,,,,,,,,,,,,,,,,,,,,,,
6621,66.210000,0.000000,0.000000,0.000000,1.000000,0.000000,0.000000,0.000000,57.698101,20.499701,-14.700500,0.047771,-0.013570,0.015998,-15.666301,-52.738201,18.801300,-93.396698,0.129960,17.611099,-0.188965,-0.463825,-0.690831,0.521452,2340.306641,1545.458618,-3239.692139,2343.938232,1465.334961,-3253.343018,2353.755371,1590.210327,-3264.814453,2322.292725,1494.545898,-3202.781982,2341.239746,1631.743652,-3237.829346,2344.012939,1465.162842,-3253.330322,2353.633301,1590.358032,-3264.828613,2322.241211,1494.593140,-3202.795654,2341.335938,1631.717773,-3237.814209,2616.264160,1567.784302,-3159.783447,,,,,,,,,,,,,,,,,,,,,,,,,,,,,,,,,
6622,66.220000,0.000000,0.000000,0.000000,1.000000,0.000000,0.000000,0.000000,57.698101,20.499701,-14.700500,0.047771,-0.013570,0.015998,-15.666301,-52.738201,18.801300,-93.396698,0.129960,17.611099,-0.188602,-0.464744,-0.690650,0.521004,2339.969971,1545.302368,-3240.070801,2343.646240,1465.162842,-3253.616455,2353.452881,1590.026611,-3265.223389,2321.902344,1494.430420,-3203.130371,2340.877686,1631.589844,-3238.312500,2343.731689,1465.035767,-3253.584473,2353.310791,1590.187866,-3265.268066,2321.831299,1494.415283,-3203.135498,2341.000488,1631.579468,-3238.296631,2616.267578,1567.757812,-3159.792725,,,,,,,,,,,,,,,,,,,,,,,,,,,,,,,,,
6623,66.230000,0.000000,0.000000,0.000000,1.000000,0.000000,0.000000,0.000000,57.698101,20.499701,-14.700500,0.047771,-0.013570,0.015998,-15.666301,-52.738201,18.801300,-93.396698,0.129960,17.611099,-0.188313,-0.465601,-0.690530,0.520501,2339.560547,1545.091309,-3240.430664,2343.261719,1464.935913,-3253.875244,2353.085693,1589.785889,-3265.613037,2321.430664,1494.262695,-3203.461182,2340.463623,1631.380737,-3238.772949,2343.348145,1464.811523,-3253.840332,2352.951172,1589.945312,-3265.678955,2321.355225,1494.240356,-3203.461670,2340.583008,1631.376831,-3238.744141,2616.295166,1567.738525,-3159.774414,,,,,,,,,,,,,,,,,,,,,,,,,,,,,,,,,
6624,66.240000,0.000000,0.000000,0.000000,1.000000,0.000000,0.000000,0.000000,57.698101,20.499701,-14.700500,0.047771,-0.013570,0.015998,-15.666301,-52.738201,18.801300,-93.396698,0.129960,17.611099,-0.188130,-0.466561,-0.690493,0.519758,2339.194092,1544.862549,-3240.804443,2342.884766,1464.686035,-3254.125488,2352.788330,1589.514526,-3266.025635,2320.969727,1494.095825,-3203.796387,2340.133545,1631.153931,-3239.270020,2342.982666,1464.604736,-3254.118652,2352.641602,1589.676392,-3266.071533,2320.867188,1494.013550,-3203.750244,2340.274658,1631.166504,-3239.280518,2616.314453,1567.738770,-3159.768799,,,,,,,,,,,,,,,,,,,,,,,,,,,,,,,,,
6625,66.250000,0.000000,0.000000,0.000000,1.000000,0.000000,0.000000,0.000000,57.698101,20.499701,-14.700500,0.047771,-0.013570,0.015998,-15.666301,-52.738201,18.801300,-93.396698,0.129960,17.611099,-0.187483,-0.467562,-0.690471,0.519121,2338.774658,1544.596802,-3241.185303,2342.508545,1464.407959,-3254.419434,2352.427002,1589.225952,-3266.415283,2320.463379,1493.863647,-3204.174072,2339.699707,1630.889771,-3239.731934,2342.633301,1464.341431,-3254.426514,2352.256836,1589.359619,-3266.474365,2320.330811,1493.754150,-3204.100586,2339.867188,1630.937134,-3239.739746,2616.276855,1567.704956,-3159.771484,,,,,,,,,,,,,,,,,,,,,,,,,,,,,,,,,
6626,66.260000,0.000000,0.000000,0.000000,1.000000,0.000000,0.000000,0.000000,57.698101,20.499701,-14.700500,0.047771,-0.013570,0.015998,-15.666301,-52.738201,18.801300,-93.396698,0.129960,17.611099,-0.187268,-0.468060,-0.690498,0.518713,2338.395508,1544.358398,-3241.538818,2342.129150,1464.160889,-3254.720947,2352.087158,1588.969849,-3266.779053,2320.029541,1493.650879,-3204.519531,2339.336426,1630.651978,-3240.135742,2342.254395,1464.089966,-3254.728516,2351.922607,1589.111694,-3266.850830,2319.892090,1493.533081,-3204.438721,2339.501465,1630.704102,-3240.137695,2616.248291,1567.732300,-3159.786133,,,,,,,,,,,,,,,,,,,,,,,,,,,,,,,,,
6627,66.270000,0.000000,0.000000,0.000000,1.000000,0.000000,0.000000,0.000000,57.698101,20.499701,-14.700500,0.047771,-0.013570,0.015998,-15.666301,-52.738201,18.801300,-93.396698,0.129960,17.611099,-0.187340,-0.468201,-0.690548,0.518494,2337.987061,1544.079468,-3241.886719,2341.694580,1463.876587,-3255.043213,2351.701904,1588.678101,-3267.136475,2319.592041,1493.390137,-3204.857178,2338.959229,1630.373169,-3240.509521,2341.758057,1463.765747,-3255.027100,2351.605469,1588.846802,-3267.178223,2319.514893,1493.284668,-3204.817871,2339.062988,1630.428833,-3240.524414,2616.260010,1567.776367,-3159.794434,,,,,,,,,,,,,,,,,,,,,,,,,,,,,,,,,
6628,66.280000,0.000000,0.000000,0.000000,1.000000,0.000000,0.000000,0.000000,57.698101,20.499701,-14.700500,0.047771,-0.013570,0.015998,-15.666301,-52.738201,18.801300,-93.396698,0.129960,17.611099,-0.187152,-0.468571,-0.690692,0.518034,2337.585205,1543.760132,-3242.229736,2341.270020,1463.550903,-3255.354004,2351.349609,1588.343506,-3267.479980,2319.124756,1493.092529,-3205.202881,2338.596680,1630.053833,-3240.881836,2341.315674,1463.417358,-3255.317871,2351.262451,1588.500244,-3267.508545,2319.067871,1492.979614,-3205.192871,2338.692383,1630.148682,-3240.900391,2616.278076,1567.742554,-3159.783447,,,,,,,,,,,,,,,,,,,,,,,,,,,,,,,,,
6629,66.290000,0.000000,0.000000,0.000000,1.000000,0.000000,0.000000,0.000000,57.698101,20.499701,-14.700500,0.047771,-0.013570,0.015998,-15.666301,-52.738201,18.801300,-93.396698,0.129960,17.611099,-0.186922,-0.468722,-0.690567,0.518148,2337.165527,1543.378662,-3242.563232,2340.899170,1463.171021,-3255.682617,2350.913330,1587.968628,-3267.811035,2318.721436,1492.702515,-3205.540283,2338.128174,1629.672974,-3241.218994,2340.954102,1463.032837,-3255.639648,2350.801514,1588.101318,-3267.827393,2318.676514,1492.660767,-3205.563232,2338.229004,1629.723755,-3241.221191,2616.316406,1567.739868,-3159.767822,,,,,,,,,,,,,,,,,,,,,,,,,,,,,,,,,
6630,66.300000,0.000000,0.000000,0.000000,1.000000,0.000000,0.000000,0.000000,57.698101,20.499701,-14.700500,0.047771,-0.013570,0.015998,-15.666301,-52.738201,18.801300,-93.396698,0.129960,17.611099,-0.186234,-0.469240,-0.690660,0.517802,2336.732666,1542.978394,-3242.923096,2340.511719,1462.771118,-3256.031738,2350.515137,1587.570801,-3268.147461,2318.233643,1492.298950,-3205.931641,2337.669922,1629.273071,-3241.581055,2340.566895,1462.652466,-3255.984619,2350.382324,1587.704834,-3268.132568,2318.191650,1492.251831,-3205.965820,2337.786133,1629.312012,-3241.605957,2616.294189,1567.726318,-3159.776123,,,,,,,,,,,,,,,,,,,,,,,,,,,,,,,,,
6631,66.310000,0.000000,0.000000,0.000000,1.000000,0.000000,0.000000,0.000000,57.698101,20.499701,-14.700500,0.047771,-0.013570,0.015998,-15.666301,-52.738201,18.801300,-93.396698,0.129960,17.611099,-0.185757,-0.469573,-0.690914,0.517333,2336.291992,1542.562378,-3243.282959,2340.063965,1462.354980,-3256.393799,2350.128418,1587.152588,-3268.481689,2317.718994,1491.885498,-3206.325195,2337.256592,1628.856567,-3241.930908,2340.109863,1462.202026,-3256.358398,2350.026123,1587.266113,-3268.475830,2317.693115,1491.907349,-3206.366943,2337.336426,1628.869873,-3241.927979,2616.280518,1567.713623,-3159.769287,,,,,,,,,,,,,,,,,,,,,,,,,,,,,,,,,
6632,66.320000,0.000000,0.000000,0.000000,1.000000,0.000000,0.000000,0.000000,57.698101,20.499701,-14.700500,0.047771,-0.013570,0.015998,-15.666301,-52.738201,18.801300,-93.396698,0.129960,17.611099,-0.185395,-0.470019,-0.691081,0.516835,2335.883789,1542.117310,-3243.637939,2339.646973,1461.905151,-3256.721680,2349.773682,1586.695923,-3268.828125,2317.237549,1491.457153,-3206.694336,2336.877197,1628.411499,-3242.307861,2339.676025,1461.744751,-3256.687256,2349.706299,1586.784424,-3268.836670,2317.229736,1491.532837,-3206.750488,2336.921631,1628.400146,-3242.277588,2616.289062,1567.740112,-3159.781250,,,,,,,,,,,,,,,,,,,,,,,,,,,,,,,,,
6633,66.330000,0.000000,0.000000,0.000000,1.000000,0.000000,0.000000,0.000000,57.698101,20.499701,-14.700500,0.047771,-0.013570,0.015998,-15.666301,-52.738201,18.801300,-93.396698,0.129960,17.611099,-0.184454,-0.470814,-0.691166,0.516333,2335.422607,1541.634644,-3243.973389,2339.251953,1461.420898,-3257.028564,2349.360596,1586.212891,-3269.137451,2316.699463,1490.975586,-3207.066895,2336.377930,1627.929565,-3242.660645,2339.266846,1461.293457,-3256.996338,2349.312500,1586.298340,-3269.137451,2316.706055,1491.083496,-3207.130127,2336.404053,1627.863647,-3242.630859,2616.294189,1567.750854,-3159.784424,,,,,,,,,,,,,,,,,,,,,,,,,,,,,,,,,
6634,66.340000,0.000000,0.000000,0.000000,1.000000,0.000000,0.000000,0.000000,57.698101,20.499701,-14.700500,0.047771,-0.013570,0.015998,-15.666301,-52.738201,18.801300,-93.396698,0.129960,17.611099,-0.183533,-0.471567,-0.691422,0.515632,2334.910156,1541.162354,-3244.345459,2338.769043,1460.946899,-3257.380859,2348.922852,1585.736572,-3269.475098,2316.079102,1490.508911,-3207.486084,2335.869629,1627.457397,-3243.039307,2338.808350,1460.804688,-3257.354980,2348.855469,1585.797119,-3269.498535,2316.061035,1490.570557,-3207.527588,2335.916992,1627.469360,-3242.999756,2616.269531,1567.726318,-3159.780029,,,,,,,,,,,,,,,,,,,,,,,,,,,,,,,,,
6635,66.350000,0.000000,0.000000,0.000000,1.000000,0.000000,0.000000,0.000000,57.698101,20.499701,-14.700500,0.047771,-0.013570,0.015998,-15.666301,-52.738201,18.801300,-93.396698,0.129960,17.611099,-0.182460,-0.472504,-0.691775,0.514680,2334.367432,1540.708374,-3244.686279,2338.245605,1460.489014,-3257.692139,2348.481934,1585.272949,-3269.776123,2315.392090,1490.068726,-3207.882324,2335.350342,1627.003296,-3243.394531,2338.307129,1460.399048,-3257.695557,2348.412109,1585.317017,-3269.820801,2315.331299,1490.020630,-3207.853516,2335.423340,1627.098022,-3243.375488,2616.296631,1567.723999,-3159.785889,,,,,,,,,,,,,,,,,,,,,,,,,,,,,,,,,
6636,66.360000,0.000000,0.000000,0.000000,1.000000,0.000000,0.000000,0.000000,57.698101,20.499701,-14.700500,0.047771,-0.013570,0.015998,-15.666301,-52.738201,18.801300,-93.396698,0.129960,17.611099,-0.181328,-0.473423,-0.692089,0.513812,2333.787598,1540.235107,-3245.024658,2337.701172,1460.013672,-3258.006836,2347.993896,1584.794800,-3270.071289,2314.679443,1489.602295,-3208.280029,2334.776367,1626.530151,-3243.740479,2337.780762,1460.014526,-3258.038086,2347.933838,1584.826172,-3270.148438,2314.579590,1489.514404,-3208.185791,2334.850098,1626.580566,-3243.721436,2616.277832,1567.766968,-3159.789795,,,,,,,,,,,,,,,,,,,,,,,,,,,,,,,,,
6637,66.370000,0.000000,0.000000,0.000000,1.000000,0.000000,0.000000,0.000000,57.698101,20.499701,-14.700500,0.047771,-0.013570,0.015998,-15.666301,-52.738201,18.801300,-93.396698,0.129960,17.611099,-0.181034,-0.473836,-0.692273,0.513288,2333.137695,1539.706177,-3245.375977,2337.030518,1459.479126,-3258.329590,2347.400391,1584.251831,-3270.415283,2313.953613,1489.093140,-3208.643555,2334.166504,1626.000977,-3244.114990,2337.112793,1459.456787,-3258.356201,2347.324951,1584.251465,-3270.480469,2313.858398,1488.998901,-3208.566895,2334.253418,1626.118408,-3244.095459,2616.258789,1567.731445,-3159.794434,,,,,,,,,,,,,,,,,,,,,,,,,,,,,,,,,
6638,66.380000,0.000000,0.000000,0.000000,1.000000,0.000000,0.000000,0.000000,57.698101,20.499701,-14.700500,0.047771,-0.013570,0.015998,-15.666301,-52.738201,18.801300,-93.396698,0.129960,17.611099,-0.181332,-0.473987,-0.692449,0.512806,2332.473877,1539.130127,-3245.752930,2336.283447,1458.892090,-3258.663818,2346.791260,1583.647217,-3270.812012,2313.225830,1488.557007,-3208.999268,2333.595215,1625.424438,-3244.536865,2336.297363,1458.807007,-3258.653564,2346.755371,1583.695068,-3270.801758,2313.207275,1488.489868,-3208.996826,2333.638184,1625.531372,-3244.561035,2616.316895,1567.751587,-3159.774414,,,,,,,,,,,,,,,,,,,,,,,,,,,,,,,,,
6639,66.390000,0.000000,0.000000,0.000000,1.000000,0.000000,0.000000,0.000000,57.698101,20.499701,-14.700500,0.047771,-0.013570,0.015998,-15.666301,-52.738201,18.801300,-93.396698,0.129960,17.611099,-0.181033,-0.474264,-0.692392,0.512732,2331.758301,1538.558960,-3246.132324,2335.604736,1458.320312,-3259.027832,2346.079102,1583.076904,-3271.187500,2312.499756,1487.984985,-3209.385010,2332.849365,1624.853882,-3244.928955,2335.610596,1458.219116,-3258.994385,2346.044922,1583.089600,-3271.188965,2312.501709,1487.966187,-3209.425293,2332.878418,1624.962036,-3244.917969,2616.301025,1567.746948,-3159.775635,,,,,,,,,,,,,,,,,,,,,,,,,,,,,,,,,
6640,66.400000,0.000000,0.000000,0.000000,1.000000,0.000000,0.000000,0.000000,57.698101,20.499701,-14.700500,0.047771,-0.013570,0.015998,-15.666301,-52.738201,18.801300,-93.396698,0.129960,17.611099,-0.180033,-0.475349,-0.692103,0.512469,2331.013672,1537.959351,-3246.509033,2334.996338,1457.714722,-3259.326172,2345.343994,1582.474487,-3271.564209,2311.722412,1487.391968,-3209.770020,2331.991943,1624.256470,-3245.375977,2334.977295,1457.631226,-3259.305664,2345.357666,1582.437500,-3271.569580,2311.756104,1487.450195,-3209.824463,2331.963867,1624.319702,-3245.336670,2616.291992,1567.752930,-3159.781494,,,,,,,,,,,,,,,,,,,,,,,,,,,,,,,,,
6641,66.410000,0.000000,0.000000,0.000000,1.000000,0.000000,0.000000,0.000000,57.698101,20.499701,-14.700500,0.047771,-0.013570,0.015998,-15.666301,-52.738201,18.801300,-93.396698,0.129960,17.611099,-0.178584,-0.476567,-0.692094,0.511857,2330.304199,1537.429688,-3246.895508,2334.414307,1457.183472,-3259.662598,2344.687012,1581.947998,-3271.914795,2310.921875,1486.859253,-3210.208740,2331.193604,1623.728271,-3245.795898,2334.375732,1457.158447,-3259.651855,2344.744141,1581.839355,-3271.920898,2310.985840,1486.983765,-3210.277588,2331.117432,1623.741821,-3245.735840,2616.283447,1567.755737,-3159.784912,,,,,,,,,,,,,,,,,,,,,,,,,,,,,,,,,
6642,66.420000,0.000000,0.000000,0.000000,1.000000,0.000000,0.000000,0.000000,57.698101,20.499701,-14.700500,0.047771,-0.013570,0.015998,-15.666301,-52.738201,18.801300,-93.396698,0.129960,17.611099,-0.177223,-0.477742,-0.692328,0.510917,2329.542236,1536.868896,-3247.268066,2333.718262,1456.619019,-3259.990479,2344.018799,1581.381226,-3272.243896,2310.019775,1486.307739,-3210.642822,2330.411865,1623.167969,-3246.194580,2333.749268,1456.630615,-3260.012695,2344.005127,1581.250366,-3272.282959,2310.001709,1486.336792,-3210.634521,2330.411133,1623.251709,-3246.142334,2616.316895,1567.736694,-3159.768311,,,,,,,,,,,,,,,,,,,,,,,,,,,,,,,,,
6643,66.430000,0.000000,0.000000,0.000000,1.000000,0.000000,0.000000,0.000000,57.698101,20.499701,-14.700500,0.047771,-0.013570,0.015998,-15.666301,-52.738201,18.801300,-93.396698,0.129960,17.611099,-0.175548,-0.479087,-0.692608,0.509855,2328.739746,1536.348145,-3247.623291,2333.002686,1456.096313,-3260.304443,2343.321777,1580.858643,-3272.540771,2309.057373,1485.790039,-3211.079102,2329.576660,1622.647705,-3246.568115,2333.080322,1456.085327,-3260.379150,2343.295654,1580.793701,-3272.607910,2308.974365,1485.778320,-3210.976562,2329.606445,1622.734863,-3246.527100,2616.294434,1567.735962,-3159.761719,,,,,,,,,,,,,,,,,,,,,,,,,,,,,,,,,
6644,66.440000,0.000000,0.000000,0.000000,1.000000,0.000000,0.000000,0.000000,57.698101,20.499701,-14.700500,0.047771,-0.013570,0.015998,-15.666301,-52.738201,18.801300,-93.396698,0.129960,17.611099,-0.175421,-0.479233,-0.692589,0.509788,2327.930908,1535.811279,-3248.007568,2332.206787,1455.558472,-3260.677979,2342.518311,1580.320312,-3272.924561,2308.239746,1485.255615,-3211.465088,2328.759033,1622.111206,-3246.962158,2332.282715,1455.530273,-3260.739258,2342.466553,1580.235474,-3272.961914,2308.168213,1485.228760,-3211.390869,2328.808350,1622.256714,-3246.936523,2616.299805,1567.737915,-3159.769043,,,,,,,,,,,,,,,,,,,,,,,,,,,,,,,,,
6645,66.450000,0.000000,0.000000,0.000000,1.000000,0.000000,0.000000,0.000000,57.698101,20.499701,-14.700500,0.047771,-0.013570,0.015998,-15.666301,-52.738201,18.801300,-93.396698,0.129960,17.611099,-0.175633,-0.478855,-0.692672,0.509958,2327.031494,1535.276855,-3248.422607,2331.282227,1455.028931,-3261.132568,2341.606934,1579.794312,-3273.331787,2307.360840,1484.708374,-3211.886963,2327.876465,1621.576050,-3247.339600,2331.286865,1454.927246,-3261.134766,2341.604492,1579.808350,-3273.341797,2307.346680,1484.637451,-3211.869385,2327.889893,1621.744507,-3247.343750,2616.276367,1567.756958,-3159.796143,,,,,,,,,,,,,,,,,,,,,,,,,,,,,,,,,
6646,66.460000,0.000000,0.000000,0.000000,1.000000,0.000000,0.000000,0.000000,57.698101,20.499701,-14.700500,0.047771,-0.013570,0.015998,-15.666301,-52.738201,18.801300,-93.396698,0.129960,17.611099,-0.175949,-0.478342,-0.692315,0.510815,2326.078369,1534.757812,-3248.851562,2330.390381,1454.518921,-3261.597412,2340.558594,1579.299438,-3273.772949,2306.531494,1484.155762,-3212.295898,2326.833252,1621.057495,-3247.739746,2330.347168,1454.453857,-3261.547607,2340.583496,1579.280518,-3273.773193,2306.575684,1484.133911,-3212.360107,2326.804199,1621.166748,-3247.723877,2616.279785,1567.756104,-3159.788330,,,,,,,,,,,,,,,,,,,,,,,,,,,,,,,,,
6647,66.470000,0.000000,0.000000,0.000000,1.000000,0.000000,0.000000,0.000000,57.698101,20.499701,-14.700500,0.047771,-0.013570,0.015998,-15.666301,-52.738201,18.801300,-93.396698,0.129960,17.611099,-0.174954,-0.479011,-0.692092,0.510832,2325.222900,1534.263306,-3249.281250,2329.675537,1454.029053,-3262.009033,2339.687988,1578.822876,-3274.179199,2305.677002,1483.637207,-3212.758057,2325.851562,1620.564087,-3248.177979,2329.617920,1453.984741,-3261.965820,2339.732910,1578.808838,-3274.164551,2305.748047,1483.705078,-3212.842773,2325.795654,1620.558105,-3248.155762,2616.278320,1567.748657,-3159.776611,,,,,,,,,,,,,,,,,,,,,,,,,,,,,,,,,
6648,66.480000,0.000000,0.000000,0.000000,1.000000,0.000000,0.000000,0.000000,57.698101,20.499701,-14.700500,0.047771,-0.013570,0.015998,-15.666301,-52.738201,18.801300,-93.396698,0.129960,17.611099,-0.174440,-0.479441,-0.692114,0.510573,2324.404053,1533.839966,-3249.721924,2328.895264,1453.605225,-3262.432373,2338.892578,1578.399780,-3274.605957,2304.819824,1483.213867,-3213.219482,2325.008057,1620.141113,-3248.630371,2328.891846,1453.563721,-3262.391357,2338.865967,1578.366943,-3274.606445,2304.836670,1483.209961,-3213.278564,2325.022461,1620.221558,-3248.611084,2616.262939,1567.740112,-3159.787598,,,,,,,,,,,,,,,,,,,,,,,,,,,,,,,,,
6649,66.490000,0.000000,0.000000,0.000000,1.000000,0.000000,0.000000,0.000000,57.698101,20.499701,-14.700500,0.047771,-0.013570,0.015998,-15.666301,-52.738201,18.801300,-93.396698,0.129960,17.611099,-0.173405,-0.480516,-0.692169,0.509840,2323.518555,1533.407227,-3250.212158,2328.074951,1453.165771,-3262.856934,2338.074707,1577.955566,-3275.077393,2303.830566,1482.798584,-3213.741211,2324.093506,1619.709229,-3249.173096,2328.118164,1453.147827,-3262.861816,2338.032715,1577.984741,-3275.115967,2303.772705,1482.707397,-3213.694824,2324.149414,1619.787354,-3249.173340,2616.285156,1567.728149,-3159.785156,,,,,,,,,,,,,,,,,,,,,,,,,,,,,,,,,
6650,66.500000,0.000000,0.000000,0.000000,1.000000,0.000000,0.000000,0.000000,57.698101,20.499701,-14.700500,0.047771,-0.013570,0.015998,-15.666301,-52.738201,18.801300,-93.396698,0.129960,17.611099,-0.172684,-0.481245,-0.692396,0.509088,2322.689941,1533.066162,-3250.644043,2327.252441,1452.819214,-3263.251709,2337.323975,1577.601929,-3275.486084,2302.892822,1482.475342,-3214.207520,2323.290771,1619.368286,-3249.630615,2327.327881,1452.810181,-3263.262695,2337.244629,1577.636963,-3275.541504,2302.793701,1482.333862,-3214.131592,2323.389648,1619.478394,-3249.634521,2616.281494,1567.769409,-3159.779785,,,,,,,,,,,,,,,,,,,,,,,,,,,,,,,,,
6651,66.510000,0.000000,0.000000,0.000000,1.000000,0.000000,0.000000,0.000000,57.698101,20.499701,-14.700500,0.047771,-0.013570,0.015998,-15.666301,-52.738201,18.801300,-93.396698,0.129960,17.611099,-0.173389,-0.481082,-0.692253,0.509198,2321.836182,1532.717407,-3251.094482,2326.347168,1452.461060,-3263.660645,2336.457275,1577.232056,-3275.981934,2302.064453,1482.156860,-3214.602295,2322.476074,1619.019775,-3250.133301,2326.444580,1452.499146,-3263.663086,2336.328613,1577.229126,-3276.024170,2301.968994,1482.075317,-3214.561768,2322.599854,1619.065430,-3250.128662,2616.286377,1567.749146,-3159.781494,,,,,,,,,,,,,,,,,,,,,,,,,,,,,,,,,
6652,66.520000,0.000000,0.000000,0.000000,1.000000,0.000000,0.000000,0.000000,57.698101,20.499701,-14.700500,0.047771,-0.013570,0.015998,-15.666301,-52.738201,18.801300,-93.396698,0.129960,17.611099,-0.173634,-0.480952,-0.692413,0.509019,2320.899414,1532.410156,-3251.557861,2325.352051,1452.151001,-3264.126953,2335.545410,1576.915283,-3276.447754,2301.101562,1481.862549,-3215.062012,2321.599121,1618.712036,-3250.594727,2325.386475,1452.089233,-3264.112305,2335.477051,1577.001953,-3276.448730,2301.066650,1481.821167,-3215.058350,2321.665283,1618.731689,-3250.611328,2616.295166,1567.739136,-3159.768066,,,,,,,,,,,,,,,,,,,,,,,,,,,,,,,,,
6653,66.530000,0.000000,0.000000,0.000000,1.000000,0.000000,0.000000,0.000000,57.698101,20.499701,-14.700500,0.047771,-0.013570,0.015998,-15.666301,-52.738201,18.801300,-93.396698,0.129960,17.611099,-0.173934,-0.481006,-0.692197,0.509160,2319.975342,1532.126587,-3251.968506,2324.432129,1451.861206,-3264.496826,2334.600342,1576.620361,-3276.891113,2300.205811,1481.595703,-3215.434082,2320.663330,1618.429077,-3251.052734,2324.446045,1451.759399,-3264.450195,2334.536865,1576.717407,-3276.885010,2300.204590,1481.618774,-3215.487793,2320.710693,1618.411133,-3251.048828,2616.287354,1567.756470,-3159.774902,,,,,,,,,,,,,,,,,,,,,,,,,,,,,,,,,
6654,66.540000,0.000000,0.000000,0.000000,1.000000,0.000000,0.000000,0.000000,57.698101,20.499701,-14.700500,0.047771,-0.013570,0.015998,-15.666301,-52.738201,18.801300,-93.396698,0.129960,17.611099,-0.172991,-0.482107,-0.691933,0.508798,2319.055908,1531.913330,-3252.359375,2323.631104,1451.640991,-3264.799805,2333.700684,1576.398926,-3277.284424,2299.241455,1481.396118,-3215.830322,2319.649902,1618.217407,-3251.522949,2323.666992,1451.542969,-3264.764648,2333.609619,1576.499512,-3277.276367,2299.235596,1481.520508,-3215.899414,2319.710449,1618.092896,-3251.497559,2616.261475,1567.742310,-3159.787354,,,,,,,,,,,,,,,,,,,,,,,,,,,,,,,,,
6655,66.550000,0.000000,0.000000,0.000000,1.000000,0.000000,0.000000,0.000000,57.698101,20.499701,-14.700500,0.047771,-0.013570,0.015998,-15.666301,-52.738201,18.801300,-93.396698,0.129960,17.611099,-0.172334,-0.482482,-0.692111,0.508424,2318.126953,1531.793701,-3252.769531,2322.728516,1451.524048,-3265.217529,2332.811523,1576.285278,-3277.660889,2298.253418,1481.268188,-3216.283936,2318.713867,1618.097656,-3251.915527,2322.746094,1451.401489,-3265.190430,2332.762207,1576.431030,-3277.664307,2298.261719,1481.444092,-3216.348145,2318.739258,1617.898071,-3251.876221,2616.273682,1567.746216,-3159.773438,,,,,,,,,,,,,,,,,,,,,,,,,,,,,,,,,
6656,66.560000,0.000000,0.000000,0.000000,1.000000,0.000000,0.000000,0.000000,57.698101,20.499701,-14.700500,0.047771,-0.013570,0.015998,-15.666301,-52.738201,18.801300,-93.396698,0.129960,17.611099,-0.171817,-0.483191,-0.692318,0.507642,2317.189453,1531.721313,-3253.152100,2321.775146,1451.442749,-3265.547607,2331.955078,1576.191650,-3278.033447,2297.205566,1481.225830,-3216.685303,2317.822021,1618.025391,-3252.342041,2321.846191,1451.432983,-3265.535889,2331.836182,1576.325684,-3278.052246,2297.152344,1481.319702,-3216.696533,2317.926758,1617.786743,-3252.323242,2616.279541,1567.730591,-3159.775879,,,,,,,,,,,,,,,,,,,,,,,,,,,,,,,,,
6657,66.570000,0.000000,0.000000,0.000000,1.000000,0.000000,0.000000,0.000000,57.698101,20.499701,-14.700500,0.047771,-0.013570,0.015998,-15.666301,-52.738201,18.801300,-93.396698,0.129960,17.611099,-0.171539,-0.483954,-0.692367,0.506942,2316.249268,1531.695801,-3253.578613,2320.818848,1451.403076,-3265.887939,2331.082520,1576.134888,-3278.475586,2296.173340,1481.245361,-3217.100098,2316.922607,1618.000244,-3252.850830,2320.925049,1451.472168,-3265.884766,2330.927246,1576.261475,-3278.507568,2296.082764,1481.280640,-3217.075928,2317.075684,1617.743286,-3252.848389,2616.304932,1567.759888,-3159.785889,,,,,,,,,,,,,,,,,,,,,,,,,,,,,,,,,
6658,66.580000,0.000000,0.000000,0.000000,1.000000,0.000000,0.000000,0.000000,57.698101,20.499701,-14.700500,0.047771,-0.013570,0.015998,-15.666301,-52.738201,18.801300,-93.396698,0.129960,17.611099,-0.171077,-0.484452,-0.692523,0.506411,2315.326660,1531.686646,-3254.003418,2319.895020,1451.389404,-3266.284668,2330.214844,1576.115234,-3278.886230,2295.174316,1481.251099,-3217.546387,2316.022705,1617.991089,-3253.296387,2319.978516,1451.486328,-3266.290771,2330.113770,1576.279297,-3278.932373,2295.077637,1481.209961,-3217.476807,2316.144775,1617.756836,-3253.318848,2616.276367,1567.714722,-3159.780762,,,,,,,,,,,,,,,,,,,,,,,,,,,,,,,,,
6659,66.590000,0.000000,0.000000,0.000000,1.000000,0.000000,0.000000,0.000000,57.698101,20.499701,-14.700500,0.047771,-0.013570,0.015998,-15.666301,-52.738201,18.801300,-93.396698,0.129960,17.611099,-0.170474,-0.485631,-0.692187,0.505943,2314.440674,1531.701660,-3254.466553,2319.092773,1451.389160,-3266.615723,2329.357666,1576.103027,-3279.381104,2294.236328,1481.307251,-3217.981445,2315.076416,1618.007568,-3253.887939,2319.157959,1451.483887,-3266.625977,2329.296143,1576.225708,-3279.434570,2294.147949,1481.238525,-3217.902100,2315.161377,1617.853882,-3253.903320,2616.291504,1567.710938,-3159.775879,,,,,,,,,,,,,,,,,,,,,,,,,,,,,,,,,
6660,66.600000,0.000000,0.000000,0.000000,1.000000,0.000000,0.000000,0.000000,57.698101,20.499701,-14.700500,0.047771,-0.013570,0.015998,-15.666301,-52.738201,18.801300,-93.396698,0.129960,17.611099,-0.170576,-0.485830,-0.691841,0.506191,2313.506104,1531.710205,-3254.916016,2318.207764,1451.393066,-3267.015869,2328.385986,1576.105469,-3279.862793,2293.345947,1481.325439,-3218.393066,2314.084717,1618.016846,-3254.391846,2318.200195,1451.389526,-3267.025391,2328.421143,1576.172485,-3279.888428,2293.336182,1481.309204,-3218.357910,2314.068604,1617.971313,-3254.393066,2616.299805,1567.726807,-3159.775391,,,,,,,,,,,,,,,,,,,,,,,,,,,,,,,,,
6661,66.610000,0.000000,0.000000,0.000000,1.000000,0.000000,0.000000,0.000000,57.698101,20.499701,-14.700500,0.047771,-0.013570,0.015998,-15.666301,-52.738201,18.801300,-93.396698,0.129960,17.611099,-0.170921,-0.485799,-0.691366,0.506753,2312.467529,1531.706421,-3255.352539,2317.227539,1451.386841,-3267.411865,2327.276611,1576.100952,-3280.343018,2292.397949,1481.324463,-3218.775879,2312.968018,1618.013916,-3254.878662,2317.172852,1451.320190,-3267.368896,2327.310547,1576.112061,-3280.321289,2292.448486,1481.290161,-3218.829590,2312.935547,1618.103882,-3254.890381,2616.283936,1567.772705,-3159.786133,,,,,,,,,,,,,,,,,,,,,,,,,,,,,,,,,
6662,66.620000,0.000000,0.000000,0.000000,1.000000,0.000000,0.000000,0.000000,57.698101,20.499701,-14.700500,0.047771,-0.013570,0.015998,-15.666301,-52.738201,18.801300,-93.396698,0.129960,17.611099,-0.171270,-0.485982,-0.690966,0.507006,2311.421143,1531.736450,-3255.759521,2316.211426,1451.408203,-3267.749023,2326.191895,1576.115356,-3280.800293,2291.400391,1481.378174,-3219.123535,2311.880615,1618.044556,-3255.364746,2316.134521,1451.327026,-3267.665283,2326.205566,1576.100830,-3280.740967,2291.501953,1481.413452,-3219.268799,2311.846436,1618.102783,-3255.370361,2616.291260,1567.736816,-3159.781738,,,,,,,,,,,,,,,,,,,,,,,,,,,,,,,,,
6663,66.630000,0.000000,0.000000,0.000000,1.000000,0.000000,0.000000,0.000000,57.698101,20.499701,-14.700500,0.047771,-0.013570,0.015998,-15.666301,-52.738201,18.801300,-93.396698,0.129960,17.611099,-0.170586,-0.486877,-0.690870,0.506507,2310.431152,1531.858276,-3256.157959,2315.279785,1451.522095,-3268.071533,2325.242920,1576.222656,-3281.200439,2290.345215,1481.521973,-3219.527588,2310.857178,1618.166748,-3255.831787,2315.227539,1451.447144,-3268.028076,2325.274414,1576.199829,-3281.180908,2290.422119,1481.623657,-3219.629150,2310.805420,1618.169434,-3255.801025,2616.293457,1567.698364,-3159.769043,,,,,,,,,,,,,,,,,,,,,,,,,,,,,,,,,
6664,66.640000,0.000000,0.000000,0.000000,1.000000,0.000000,0.000000,0.000000,57.698101,20.499701,-14.700500,0.047771,-0.013570,0.015998,-15.666301,-52.738201,18.801300,-93.396698,0.129960,17.611099,-0.169432,-0.488140,-0.690787,0.505791,2309.417725,1532.030273,-3256.542236,2314.360352,1451.686523,-3268.366211,2324.289307,1576.381592,-3281.572021,2289.234619,1481.713745,-3219.937744,2309.786621,1618.339355,-3256.292236,2314.412109,1451.556152,-3268.368896,2324.225342,1576.424316,-3281.592285,2289.212158,1481.848267,-3219.967041,2309.822754,1618.292725,-3256.242432,2616.296143,1567.729614,-3159.767578,,,,,,,,,,,,,,,,,,,,,,,,,,,,,,,,,
6665,66.650000,0.000000,0.000000,0.000000,1.000000,0.000000,0.000000,0.000000,57.698101,20.499701,-14.700500,0.047771,-0.013570,0.015998,-15.666301,-52.738201,18.801300,-93.396698,0.129960,17.611099,-0.168854,-0.488785,-0.690899,0.505209,2308.365967,1532.286255,-3256.861328,2313.322021,1451.937378,-3268.643555,2323.295166,1576.625854,-3281.878174,2288.100830,1481.987061,-3220.279053,2308.746094,1618.595337,-3256.644775,2313.462891,1451.855713,-3268.663330,2323.109863,1576.737183,-3281.923828,2287.992676,1482.098511,-3220.259033,2308.897461,1618.452759,-3256.600098,2616.288330,1567.762939,-3159.785645,,,,,,,,,,,,,,,,,,,,,,,,,,,,,,,,,
6666,66.660000,0.000000,0.000000,0.000000,1.000000,0.000000,0.000000,0.000000,57.698101,20.499701,-14.700500,0.047771,-0.013570,0.015998,-15.666301,-52.738201,18.801300,-93.396698,0.129960,17.611099,-0.168660,-0.489152,-0.690943,0.504858,2307.247070,1532.537842,-3257.182129,2312.197754,1452.183228,-3268.928223,2322.210693,1576.864380,-3282.201172,2286.934570,1482.256958,-3220.600342,2307.645508,1618.846924,-3256.998535,2312.296631,1452.180176,-3268.953613,2322.069824,1577.018188,-3282.207275,2286.842529,1482.287109,-3220.549561,2307.780762,1618.660767,-3257.020508,2616.303711,1567.788818,-3159.788574,,,,,,,,,,,,,,,,,,,,,,,,,,,,,,,,,
6667,66.670000,0.000000,0.000000,0.000000,1.000000,0.000000,0.000000,0.000000,57.698101,20.499701,-14.700500,0.047771,-0.013570,0.015998,-15.666301,-52.738201,18.801300,-93.396698,0.129960,17.611099,-0.168169,-0.489374,-0.690913,0.504848,2306.161865,1532.766602,-3257.481934,2311.168945,1452.416626,-3269.235840,2321.122559,1577.105591,-3282.480469,2285.844971,1482.468506,-3220.926270,2306.510742,1619.075806,-3257.284424,2311.253662,1452.481079,-3269.248535,2321.043945,1577.240723,-3282.564941,2285.733398,1482.397095,-3220.835205,2306.611572,1618.946533,-3257.279297,2616.299072,1567.756104,-3159.784912,,,,,,,,,,,,,,,,,,,,,,,,,,,,,,,,,
6668,66.680000,0.000000,0.000000,0.000000,1.000000,0.000000,0.000000,0.000000,57.698101,20.499701,-14.700500,0.047771,-0.013570,0.015998,-15.666301,-52.738201,18.801300,-93.396698,0.129960,17.611099,-0.166955,-0.489899,-0.690533,0.505261,2305.056396,1532.934448,-3257.792480,2310.269287,1452.599487,-3269.559570,2319.956055,1577.314697,-3282.754150,2284.795166,1482.579468,-3221.284424,2305.204590,1619.244263,-3257.571533,2310.266357,1452.683105,-3269.566406,2320.002686,1577.326660,-3282.815674,2284.775635,1482.549683,-3221.240723,2305.180664,1619.179565,-3257.548340,2616.314453,1567.737915,-3159.769531,,,,,,,,,,,,,,,,,,,,,,,,,,,,,,,,,
6669,66.690000,0.000000,0.000000,0.000000,1.000000,0.000000,0.000000,0.000000,57.698101,20.499701,-14.700500,0.047771,-0.013570,0.015998,-15.666301,-52.738201,18.801300,-93.396698,0.129960,17.611099,-0.167206,-0.489290,-0.690025,0.506462,2303.835205,1533.051270,-3258.092285,2309.159180,1452.731079,-3269.911133,2318.600830,1577.469360,-3283.066650,2283.745117,1482.643677,-3221.562500,2303.835449,1619.361084,-3257.829346,2309.125000,1452.731812,-3269.862549,2318.635498,1577.438599,-3283.103516,2283.785156,1482.678223,-3221.625732,2303.795410,1619.357300,-3257.778320,2616.313232,1567.726807,-3159.763428,,,,,,,,,,,,,,,,,,,,,,,,,,,,,,,,,
6670,66.700000,0.000000,0.000000,0.000000,1.000000,0.000000,0.000000,0.000000,57.698101,20.499701,-14.700500,0.047771,-0.013570,0.015998,-15.666301,-52.738201,18.801300,-93.396698,0.129960,17.611099,-0.166990,-0.488923,-0.689983,0.506944,2302.630127,1533.194214,-3258.349854,2308.011719,1452.888428,-3270.239502,2317.346680,1577.645142,-3283.294678,2282.600586,1482.739746,-3221.851318,2302.562012,1619.503662,-3258.013672,2307.937988,1452.809326,-3270.161377,2317.398926,1577.646851,-3283.306641,2282.693115,1482.835938,-3221.979248,2302.492676,1619.489380,-3257.958984,2616.318848,1567.723145,-3159.762451,,,,,,,,,,,,,,,,,,,,,,,,,,,,,,,,,
6671,66.710000,0.000000,0.000000,0.000000,1.000000,0.000000,0.000000,0.000000,57.698101,20.499701,-14.700500,0.047771,-0.013570,0.015998,-15.666301,-52.738201,18.801300,-93.396698,0.129960,17.611099,-0.166299,-0.489141,-0.689857,0.507132,2301.452881,1533.425537,-3258.653809,2306.936768,1453.130005,-3270.565430,2316.142334,1577.901733,-3283.569824,2281.446045,1482.936035,-3222.191406,2301.286133,1619.734741,-3258.288574,2306.950928,1453.010620,-3270.529297,2316.070801,1577.960083,-3283.535400,2281.466064,1483.049072,-3222.276611,2301.323242,1619.685425,-3258.276855,2616.313477,1567.757935,-3159.767578,,,,,,,,,,,,,,,,,,,,,,,,,,,,,,,,,
6672,66.720000,0.000000,0.000000,0.000000,1.000000,0.000000,0.000000,0.000000,57.698101,20.499701,-14.700500,0.047771,-0.013570,0.015998,-15.666301,-52.738201,18.801300,-93.396698,0.129960,17.611099,-0.165374,-0.489714,-0.690096,0.506557,2300.220215,1533.606567,-3258.923828,2305.738770,1453.313599,-3270.836914,2314.969238,1578.088257,-3283.794434,2280.125488,1483.108887,-3222.520996,2300.047607,1619.915771,-3258.542480,2305.870605,1453.179688,-3270.827148,2314.782471,1578.271729,-3283.864746,2280.022705,1483.196167,-3222.517578,2300.200684,1619.783691,-3258.489502,2616.290527,1567.770386,-3159.794434,,,,,,,,,,,,,,,,,,,,,,,,,,,,,,,,,
6673,66.730000,0.000000,0.000000,0.000000,1.000000,0.000000,0.000000,0.000000,57.698101,20.499701,-14.700500,0.047771,-0.013570,0.015998,-15.666301,-52.738201,18.801300,-93.396698,0.129960,17.611099,-0.164857,-0.489666,-0.690100,0.506765,2298.966309,1533.786865,-3259.241455,2304.552490,1453.506104,-3271.205078,2313.692627,1578.296509,-3284.075684,2278.893799,1483.249512,-3222.881348,2298.726562,1620.095581,-3258.803223,2304.705322,1453.545532,-3271.257812,2313.509033,1578.423828,-3284.108154,2278.749268,1483.276489,-3222.787842,2298.906494,1619.891968,-3258.812744,2616.278809,1567.810913,-3159.795166,,,,,,,,,,,,,,,,,,,,,,,,,,,,,,,,,
6674,66.740000,0.000000,0.000000,0.000000,1.000000,0.000000,0.000000,0.000000,57.698101,20.499701,-14.700500,0.047771,-0.013570,0.015998,-15.666301,-52.738201,18.801300,-93.396698,0.129960,17.611099,-0.164327,-0.489399,-0.689965,0.507379,2297.675781,1533.941040,-3259.603027,2303.373535,1453.679932,-3271.646240,2312.334229,1578.495605,-3284.396729,2277.681641,1483.339966,-3223.288818,2297.313965,1620.248901,-3259.080322,2303.404541,1453.790283,-3271.706787,2312.370117,1578.529663,-3284.454834,2277.629639,1483.380127,-3223.191162,2297.296875,1620.051270,-3259.055908,2616.309814,1567.764038,-3159.781006,,,,,,,,,,,,,,,,,,,,,,,,,,,,,,,,,
6675,66.750000,0.000000,0.000000,0.000000,1.000000,0.000000,0.000000,0.000000,57.698101,20.499701,-14.700500,0.047771,-0.013570,0.015998,-15.666301,-52.738201,18.801300,-93.396698,0.129960,17.611099,-0.163686,-0.489156,-0.689333,0.508677,2296.369385,1533.997925,-3259.956299,2302.295898,1453.763672,-3272.068115,2310.874268,1578.615723,-3284.726807,2276.556396,1483.308716,-3223.665527,2295.750977,1620.303833,-3259.364746,2302.296387,1453.899292,-3272.096680,2310.914551,1578.541138,-3284.757568,2276.554443,1483.369751,-3223.642090,2295.710205,1620.181396,-3259.330322,2616.273926,1567.746460,-3159.771484,,,,,,,,,,,,,,,,,,,,,,,,,,,,,,,,,
6676,66.760000,0.000000,0.000000,0.000000,1.000000,0.000000,0.000000,0.000000,57.698101,20.499701,-14.700500,0.047771,-0.013570,0.015998,-15.666301,-52.738201,18.801300,-93.396698,0.129960,17.611099,-0.165204,-0.487555,-0.689096,0.510044,2295.100830,1533.997681,-3260.394775,2300.974365,1453.774780,-3272.607422,2309.473389,1578.638794,-3285.200439,2275.480469,1483.274170,-3224.047119,2294.475586,1620.302856,-3259.724365,2300.964600,1453.805908,-3272.609619,2309.470947,1578.496948,-3285.160889,2275.510010,1483.302734,-3224.083740,2294.458008,1620.374878,-3259.721191,2616.260254,1567.761108,-3159.785156,,,,,,,,,,,,,,,,,,,,,,,,,,,,,,,,,
6677,66.770000,0.000000,0.000000,0.000000,1.000000,0.000000,0.000000,0.000000,57.698101,20.499701,-14.700500,0.047771,-0.013570,0.015998,-15.666301,-52.738201,18.801300,-93.396698,0.129960,17.611099,-0.166031,-0.486534,-0.689072,0.510782,2293.853516,1533.983643,-3260.835449,2299.683105,1453.769775,-3273.127686,2308.158203,1578.642822,-3285.647461,2274.333740,1483.233521,-3224.470703,2293.239014,1620.288330,-3260.095459,2299.636719,1453.747681,-3273.081299,2308.164795,1578.593628,-3285.599609,2274.395508,1483.231079,-3224.554932,2293.218262,1620.362549,-3260.108154,2616.305420,1567.735229,-3159.783447,,,,,,,,,,,,,,,,,,,,,,,,,,,,,,,,,
6678,66.780000,0.000000,0.000000,0.000000,1.000000,0.000000,0.000000,0.000000,57.698101,20.499701,-14.700500,0.047771,-0.013570,0.015998,-15.666301,-52.738201,18.801300,-93.396698,0.129960,17.611099,-0.165873,-0.486203,-0.689288,0.510857,2292.612549,1534.007202,-3261.314209,2298.434814,1453.803589,-3273.676025,2306.917480,1578.686523,-3286.089844,2273.093506,1483.227661,-3224.990479,2292.004639,1620.311401,-3260.500488,2298.472412,1453.730469,-3273.628662,2306.827637,1578.760986,-3286.107422,2273.060303,1483.158081,-3225.017822,2292.088867,1620.382812,-3260.503418,2616.268555,1567.736328,-3159.780273,,,,,,,,,,,,,,,,,,,,,,,,,,,,,,,,,
6679,66.790000,0.000000,0.000000,0.000000,1.000000,0.000000,0.000000,0.000000,57.698101,20.499701,-14.700500,0.047771,-0.013570,0.015998,-15.666301,-52.738201,18.801300,-93.396698,0.129960,17.611099,-0.164521,-0.486944,-0.689331,0.510530,2291.310791,1533.962036,-3261.767822,2297.255127,1453.768188,-3274.135498,2305.641113,1578.663818,-3286.488281,2271.738525,1483.151123,-3225.516602,2290.608398,1620.265259,-3260.930664,2297.382812,1453.669800,-3274.138916,2305.463135,1578.868774,-3286.553955,2271.614502,1483.118896,-3225.461426,2290.770508,1620.208740,-3260.923828,2616.286865,1567.736450,-3159.783203,,,,,,,,,,,,,,,,,,,,,,,,,,,,,,,,,
6680,66.800000,0.000000,0.000000,0.000000,1.000000,0.000000,0.000000,0.000000,57.698101,20.499701,-14.700500,0.047771,-0.013570,0.015998,-15.666301,-52.738201,18.801300,-93.396698,0.129960,17.611099,-0.164438,-0.486772,-0.689082,0.511057,2290.019531,1533.929199,-3262.315674,2296.036133,1453.744507,-3274.707764,2304.288818,1578.651611,-3287.034180,2270.522217,1483.089478,-3226.064697,2289.230713,1620.231567,-3261.456299,2296.138184,1453.682251,-3274.768066,2304.236572,1578.850830,-3287.155273,2270.399902,1483.167114,-3225.943115,2289.297363,1620.021973,-3261.395996,2616.269287,1567.763306,-3159.788574,,,,,,,,,,,,,,,,,,,,,,,,,,,,,,,,,
6681,66.810000,0.000000,0.000000,0.000000,1.000000,0.000000,0.000000,0.000000,57.698101,20.499701,-14.700500,0.047771,-0.013570,0.015998,-15.666301,-52.738201,18.801300,-93.396698,0.129960,17.611099,-0.165053,-0.486065,-0.688689,0.512061,2288.702148,1533.900024,-3262.896729,2294.762207,1453.724731,-3275.328369,2302.862549,1578.643311,-3287.640137,2269.350586,1483.031006,-3226.608398,2287.833740,1620.201172,-3262.009766,2294.818115,1453.808960,-3275.364014,2302.839111,1578.661621,-3287.699219,2269.299316,1483.172485,-3226.568604,2287.853027,1619.927002,-3261.942871,2616.270752,1567.752319,-3159.795166,,,,,,,,,,,,,,,,,,,,,,,,,,,,,,,,,
6682,66.820000,0.000000,0.000000,0.000000,1.000000,0.000000,0.000000,0.000000,57.698101,20.499701,-14.700500,0.047771,-0.013570,0.015998,-15.666301,-52.738201,18.801300,-93.396698,0.129960,17.611099,-0.165935,-0.485218,-0.688503,0.512827,2287.408691,1533.886841,-3263.543945,2293.441406,1453.716309,-3276.019775,2301.492676,1578.639893,-3288.312988,2268.167236,1483.003662,-3227.217041,2286.533203,1620.187622,-3262.625488,2293.522949,1453.839355,-3276.043701,2301.399658,1578.552734,-3288.334229,2268.117188,1483.119873,-3227.216553,2286.598389,1620.030884,-3262.579102,2616.324463,1567.755737,-3159.768311,,,,,,,,,,,,,,,,,,,,,,,,,,,,,,,,,
6683,66.830000,0.000000,0.000000,0.000000,1.000000,0.000000,0.000000,0.000000,57.698101,20.499701,-14.700500,0.047771,-0.013570,0.015998,-15.666301,-52.738201,18.801300,-93.396698,0.129960,17.611099,-0.167030,-0.484716,-0.688347,0.513155,2286.176270,1533.802490,-3264.190674,2292.129395,1453.622437,-3276.642822,2300.228516,1578.535034,-3289.014893,2266.990479,1482.948364,-3227.793701,2285.356201,1620.104370,-3263.311279,2292.145508,1453.637329,-3276.626465,2300.189697,1578.398193,-3289.018799,2267.011230,1483.072021,-3227.871338,2285.356445,1620.101807,-3263.252930,2616.287598,1567.735962,-3159.768066,,,,,,,,,,,,,,,,,,,,,,,,,,,,,,,,,
6684,66.840000,0.000000,0.000000,0.000000,1.000000,0.000000,0.000000,0.000000,57.698101,20.499701,-14.700500,0.047771,-0.013570,0.015998,-15.666301,-52.738201,18.801300,-93.396698,0.129960,17.611099,-0.167462,-0.484548,-0.688396,0.513109,2284.979736,1533.713867,-3264.882080,2290.877197,1453.528076,-3277.324219,2299.040771,1578.433716,-3289.724121,2265.789795,1482.877441,-3228.462402,2284.211182,1620.016235,-3264.017578,2290.825195,1453.488892,-3277.291504,2299.104248,1578.330688,-3289.734131,2265.854736,1482.923706,-3228.534912,2284.135498,1620.113770,-3263.967529,2616.285645,1567.734863,-3159.781006,,,,,,,,,,,,,,,,,,,,,,,,,,,,,,,,,
6685,66.850000,0.000000,0.000000,0.000000,1.000000,0.000000,0.000000,0.000000,57.698101,20.499701,-14.700500,0.047771,-0.013570,0.015998,-15.666301,-52.738201,18.801300,-93.396698,0.129960,17.611099,-0.167158,-0.484685,-0.688110,0.513463,2283.705566,1533.579102,-3265.583496,2289.694336,1453.399536,-3278.021973,2297.719482,1578.313843,-3290.425293,2264.568115,1482.722656,-3229.164307,2282.840088,1619.880615,-3264.722168,2289.682617,1453.429932,-3278.002197,2297.748291,1578.280518,-3290.472900,2264.570068,1482.681274,-3229.166992,2282.820801,1619.924316,-3264.692871,2616.282471,1567.737061,-3159.771484,,,,,,,,,,,,,,,,,,,,,,,,,,,,,,,,,
6686,66.860000,0.000000,0.000000,0.000000,1.000000,0.000000,0.000000,0.000000,57.698101,20.499701,-14.700500,0.047771,-0.013570,0.015998,-15.666301,-52.738201,18.801300,-93.396698,0.129960,17.611099,-0.166503,-0.484936,-0.688037,0.513535,2282.407959,1533.422607,-3266.249512,2288.481689,1453.251831,-3278.703857,2296.408447,1578.176880,-3291.063721,2263.277344,1482.538818,-3229.864746,2281.464600,1619.723022,-3265.364990,2288.542725,1453.260010,-3278.693115,2296.348145,1578.272949,-3291.155518,2263.190918,1482.434082,-3229.805176,2281.540771,1619.722900,-3265.345459,2616.292969,1567.769653,-3159.785400,,,,,,,,,,,,,,,,,,,,,,,,,,,,,,,,,
6687,66.870000,0.000000,0.000000,0.000000,1.000000,0.000000,0.000000,0.000000,57.698101,20.499701,-14.700500,0.047771,-0.013570,0.015998,-15.666301,-52.738201,18.801300,-93.396698,0.129960,17.611099,-0.166651,-0.484945,-0.687659,0.513985,2281.127197,1533.281250,-3266.963135,2287.260986,1453.111084,-3279.392090,2295.069824,1578.038086,-3291.805176,2262.068359,1482.394653,-3230.544922,2280.109619,1619.581177,-3266.110596,2287.321289,1453.066895,-3279.383545,2295.009033,1578.185425,-3291.897217,2262.000244,1482.406982,-3230.512207,2280.175049,1619.473511,-3266.066162,2616.244141,1567.729248,-3159.783936,,,,,,,,,,,,,,,,,,,,,,,,,,,,,,,,,
6688,66.880000,0.000000,0.000000,0.000000,1.000000,0.000000,0.000000,0.000000,57.698101,20.499701,-14.700500,0.047771,-0.013570,0.015998,-15.666301,-52.738201,18.801300,-93.396698,0.129960,17.611099,-0.167517,-0.484420,-0.687758,0.514066,2279.876709,1533.124512,-3267.656982,2285.907715,1452.947754,-3280.092773,2293.820312,1577.866333,-3292.525879,2260.831299,1482.258911,-3231.202637,2278.947266,1619.425537,-3266.806885,2285.990723,1452.863892,-3280.082275,2293.676758,1577.961060,-3292.527588,2260.782959,1482.398560,-3231.242676,2279.054443,1619.274780,-3266.775391,2616.299561,1567.764771,-3159.782471,,,,,,,,,,,,,,,,,,,,,,,,,,,,,,,,,
6689,66.890000,0.000000,0.000000,0.000000,1.000000,0.000000,0.000000,0.000000,57.698101,20.499701,-14.700500,0.047771,-0.013570,0.015998,-15.666301,-52.738201,18.801300,-93.396698,0.129960,17.611099,-0.169223,-0.483255,-0.688076,0.514178,2278.600586,1533.025146,-3268.403076,2284.409912,1452.837646,-3280.875488,2292.555176,1577.740845,-3293.312744,2259.572021,1482.194580,-3231.890869,2277.865723,1619.327759,-3267.532959,2284.481689,1452.773438,-3280.862549,2292.422119,1577.839233,-3293.307373,2259.534180,1482.358887,-3231.939941,2277.965332,1619.124390,-3267.501953,2616.263672,1567.746704,-3159.784912,,,,,,,,,,,,,,,,,,,,,,,,,,,,,,,,,
6690,66.900000,0.000000,0.000000,0.000000,1.000000,0.000000,0.000000,0.000000,57.698101,20.499701,-14.700500,0.047771,-0.013570,0.015998,-15.666301,-52.738201,18.801300,-93.396698,0.129960,17.611099,-0.169134,-0.483482,-0.688333,0.513649,2277.300781,1532.914673,-3269.114258,2283.055420,1452.720459,-3281.569092,2291.316162,1577.614868,-3294.017334,2258.195068,1482.105347,-3232.612549,2276.636719,1619.218018,-3268.258057,2283.090332,1452.724487,-3281.554688,2291.227051,1577.678223,-3293.983887,2258.190186,1482.265625,-3232.671631,2276.699951,1618.970093,-3268.250000,2616.274902,1567.719238,-3159.778320,,,,,,,,,,,,,,,,,,,,,,,,,,,,,,,,,
6691,66.910000,0.000000,0.000000,0.000000,1.000000,0.000000,0.000000,0.000000,57.698101,20.499701,-14.700500,0.047771,-0.013570,0.015998,-15.666301,-52.738201,18.801300,-93.396698,0.129960,17.611099,-0.168946,-0.483613,-0.688724,0.513064,2275.944580,1532.779175,-3269.836426,2281.633789,1452.581787,-3282.300293,2290.030762,1577.470581,-3294.715576,2256.749268,1481.981812,-3233.365234,2275.364014,1619.083008,-3268.964355,2281.684326,1452.666504,-3282.322266,2289.989746,1577.455688,-3294.744385,2256.711182,1482.071777,-3233.347656,2275.396729,1618.913452,-3268.927490,2616.291504,1567.745728,-3159.770508,,,,,,,,,,,,,,,,,,,,,,,,,,,,,,,,,
6692,66.920000,0.000000,0.000000,0.000000,1.000000,0.000000,0.000000,0.000000,57.698101,20.499701,-14.700500,0.047771,-0.013570,0.015998,-15.666301,-52.738201,18.801300,-93.396698,0.129960,17.611099,-0.168066,-0.484401,-0.688655,0.512703,2274.476807,1532.528931,-3270.609619,2280.250732,1452.330811,-3283.030273,2288.590576,1577.220703,-3295.472168,2255.230957,1481.731689,-3234.165039,2273.834717,1618.832642,-3269.770752,2280.270996,1452.431641,-3283.110840,2288.662354,1577.206543,-3295.543213,2255.187744,1481.785156,-3234.052002,2273.782471,1618.689697,-3269.729980,2616.287354,1567.725342,-3159.774902,,,,,,,,,,,,,,,,,,,,,,,,,,,,,,,,,
6693,66.930000,0.000000,0.000000,0.000000,1.000000,0.000000,0.000000,0.000000,57.698101,20.499701,-14.700500,0.047771,-0.013570,0.015998,-15.666301,-52.738201,18.801300,-93.396698,0.129960,17.611099,-0.168471,-0.483866,-0.688358,0.513474,2273.055664,1532.320923,-3271.346680,2278.869141,1452.131104,-3283.802002,2287.085205,1577.031250,-3296.223633,2253.921387,1481.497925,-3234.879150,2272.346436,1618.623901,-3270.481445,2278.950684,1452.232544,-3283.904053,2287.073486,1576.942017,-3296.277832,2253.842773,1481.576294,-3234.767334,2272.356201,1618.542603,-3270.437500,2616.290039,1567.720337,-3159.772217,,,,,,,,,,,,,,,,,,,,,,,,,,,,,,,,,
6694,66.940000,0.000000,0.000000,0.000000,1.000000,0.000000,0.000000,0.000000,57.698101,20.499701,-14.700500,0.047771,-0.013570,0.015998,-15.666301,-52.738201,18.801300,-93.396698,0.129960,17.611099,-0.169901,-0.482634,-0.688231,0.514330,2271.663574,1532.040405,-3272.206787,2277.386719,1451.852539,-3284.717285,2285.613281,1576.753540,-3297.123779,2252.654297,1481.212280,-3235.681152,2271.000732,1618.343262,-3271.304932,2277.424805,1451.852905,-3284.766602,2285.597900,1576.661987,-3297.134521,2252.626953,1481.252563,-3235.645508,2271.004150,1618.390991,-3271.281006,2616.284424,1567.709717,-3159.766357,,,,,,,,,,,,,,,,,,,,,,,,,,,,,,,,,
6695,66.950000,0.000000,0.000000,0.000000,1.000000,0.000000,0.000000,0.000000,57.698101,20.499701,-14.700500,0.047771,-0.013570,0.015998,-15.666301,-52.738201,18.801300,-93.396698,0.129960,17.611099,-0.172247,-0.480861,-0.688276,0.515150,2270.163330,1531.799438,-3273.052490,2275.670166,1451.606079,-3285.623779,2284.047119,1576.496460,-3298.034912,2251.276611,1480.992432,-3236.434082,2269.659424,1618.103027,-3272.116943,2275.639404,1451.479614,-3285.558105,2284.016846,1576.536743,-3297.987549,2251.321777,1480.983398,-3236.527588,2269.675049,1618.191528,-3272.135254,2616.294922,1567.721436,-3159.763184,,,,,,,,,,,,,,,,,,,,,,,,,,,,,,,,,
6696,66.960000,0.000000,0.000000,0.000000,1.000000,0.000000,0.000000,0.000000,57.698101,20.499701,-14.700500,0.047771,-0.013570,0.015998,-15.666301,-52.738201,18.801300,-93.396698,0.129960,17.611099,-0.173005,-0.480155,-0.688217,0.515634,2268.734131,1531.649170,-3273.865479,2274.192871,1451.458252,-3286.473389,2282.572510,1576.350342,-3298.865479,2249.917480,1480.835693,-3237.219727,2268.253906,1617.952637,-3272.902832,2274.215088,1451.294922,-3286.382568,2282.444336,1576.490479,-3298.825684,2249.924561,1480.859131,-3237.331055,2268.344238,1617.951782,-3272.913818,2616.304199,1567.727905,-3159.763428,,,,,,,,,,,,,,,,,,,,,,,,,,,,,,,,,
6697,66.970000,0.000000,0.000000,0.000000,1.000000,0.000000,0.000000,0.000000,57.698101,20.499701,-14.700500,0.047771,-0.013570,0.015998,-15.666301,-52.738201,18.801300,-93.396698,0.129960,17.611099,-0.172413,-0.480761,-0.688378,0.515052,2267.132080,1531.378174,-3274.713867,2272.601318,1451.182861,-3287.288818,2281.030273,1576.069946,-3299.697510,2248.230469,1480.578125,-3238.093018,2266.666016,1617.682007,-3273.775391,2272.679443,1451.124878,-3287.282471,2280.916016,1576.272827,-3299.748535,2248.149170,1480.562866,-3238.055176,2266.777832,1617.568604,-3273.774902,2616.312500,1567.703979,-3159.768311,,,,,,,,,,,,,,,,,,,,,,,,,,,,,,,,,
6698,66.980000,0.000000,0.000000,0.000000,1.000000,0.000000,0.000000,0.000000,57.698101,20.499701,-14.700500,0.047771,-0.013570,0.015998,-15.666301,-52.738201,18.801300,-93.396698,0.129960,17.611099,-0.173616,-0.480063,-0.688331,0.515362,2265.408691,1531.128540,-3275.493164,2270.770264,1450.925415,-3288.065430,2279.281006,1575.802124,-3300.523926,2246.558838,1480.353882,-3238.810791,2265.024902,1617.432983,-3274.572266,2270.863281,1450.988159,-3288.101318,2279.185059,1575.900269,-3300.567627,2246.470215,1480.425293,-3238.747314,2265.125244,1617.171753,-3274.553711,2616.302734,1567.698975,-3159.759277,,,,,,,,,,,,,,,,,,,,,,,,,,,,,,,,,
6699,66.990000,0.000000,0.000000,0.000000,1.000000,0.000000,0.000000,0.000000,57.698101,20.499701,-14.700500,0.047771,-0.013570,0.015998,-15.666301,-52.738201,18.801300,-93.396698,0.129960,17.611099,-0.175161,-0.478938,-0.688615,0.515505,2263.811768,1530.914307,-3276.246582,2268.973633,1450.704346,-3288.858643,2277.688721,1575.567627,-3301.311035,2244.984131,1480.166504,-3239.515869,2263.600830,1617.219116,-3275.300781,2269.070312,1450.774658,-3288.864258,2277.530029,1575.544189,-3301.296143,2244.929199,1480.310303,-3239.547852,2263.720459,1617.012085,-3275.275391,2616.272949,1567.736938,-3159.762695,,,,,,,,,,,,,,,,,,,,,,,,,,,,,,,,,
6700,67.000000,0.000000,0.000000,0.000000,1.000000,0.000000,0.000000,0.000000,57.698101,20.499701,-14.700500,0.047771,-0.013570,0.015998,-15.666301,-52.738201,18.801300,-93.396698,0.129960,17.611099,-0.176408,-0.478006,-0.689004,0.515425,2262.208008,1530.728394,-3277.062988,2267.175781,1450.512451,-3289.714844,2276.113770,1575.361938,-3302.146484,2243.367676,1480.006226,-3240.302979,2262.174805,1617.032959,-3276.087158,2267.186523,1450.474976,-3289.715576,2276.088379,1575.391968,-3302.130859,2243.375977,1480.119385,-3240.334961,2262.182129,1616.928467,-3276.071289,2616.272217,1567.767578,-3159.789795,,,,,,,,,,,,,,,,,,,,,,,,,,,,,,,,,
6701,67.010000,0.000000,0.000000,0.000000,1.000000,0.000000,0.000000,0.000000,57.698101,20.499701,-14.700500,0.047771,-0.013570,0.015998,-15.666301,-52.738201,18.801300,-93.396698,0.129960,17.611099,-0.176224,-0.477993,-0.689395,0.514977,2260.603271,1530.506836,-3277.816406,2265.512939,1450.292114,-3290.498291,2274.567139,1575.139282,-3302.869629,2241.690186,1479.785156,-3241.093262,2260.642578,1616.811035,-3276.803955,2265.525879,1450.282837,-3290.516113,2274.574707,1575.079590,-3302.897461,2241.677490,1479.780273,-3241.073730,2260.634277,1616.886353,-3276.777344,2616.268555,1567.729126,-3159.791748,,,,,,,,,,,,,,,,,,,,,,,,,,,,,,,,,
6702,67.020000,0.000000,0.000000,0.000000,1.000000,0.000000,0.000000,0.000000,57.698101,20.499701,-14.700500,0.047771,-0.013570,0.015998,-15.666301,-52.738201,18.801300,-93.396698,0.129960,17.611099,-0.174715,-0.478750,-0.689372,0.514819,2258.860107,1530.209717,-3278.495117,2263.929443,1450.007935,-3291.196777,2272.831543,1574.874023,-3303.487061,2239.914062,1479.443604,-3241.850586,2258.765625,1616.513428,-3277.445557,2263.992676,1450.058594,-3291.244629,2272.812500,1574.809204,-3303.564209,2239.842285,1479.413696,-3241.766846,2258.791016,1616.555176,-3277.404053,2616.300293,1567.756226,-3159.781006,,,,,,,,,,,,,,,,,,,,,,,,,,,,,,,,,
6703,67.030000,0.000000,0.000000,0.000000,1.000000,0.000000,0.000000,0.000000,57.698101,20.499701,-14.700500,0.047771,-0.013570,0.015998,-15.666301,-52.738201,18.801300,-93.396698,0.129960,17.611099,-0.175738,-0.477521,-0.689526,0.515406,2257.058350,1529.939697,-3279.218994,2262.026367,1449.746826,-3292.016357,2270.983887,1574.618286,-3304.210938,2238.190430,1479.151367,-3242.564697,2257.032959,1616.242310,-3278.083252,2262.063232,1449.692383,-3292.028076,2270.966553,1574.662354,-3304.271484,2238.149414,1479.154175,-3242.530273,2257.054688,1616.250122,-3278.047119,2616.291504,1567.746216,-3159.786621,,,,,,,,,,,,,,,,,,,,,,,,,,,,,,,,,
6704,67.040000,0.000000,0.000000,0.000000,1.000000,0.000000,0.000000,0.000000,57.698101,20.499701,-14.700500,0.047771,-0.013570,0.015998,-15.666301,-52.738201,18.801300,-93.396698,0.129960,17.611099,-0.178218,-0.475588,-0.689972,0.515746,2255.347656,1529.802612,-3279.952881,2260.000244,1449.603516,-3292.829590,2269.269531,1574.455322,-3304.993408,2236.530029,1479.047485,-3243.226807,2255.590820,1616.104126,-3278.761475,2260.030518,1449.438232,-3292.788330,2269.215820,1574.560181,-3305.041016,2236.513916,1479.094971,-3243.267822,2255.630615,1616.108765,-3278.713135,2616.295410,1567.752197,-3159.783203,,,,,,,,,,,,,,,,,,,,,,,,,,,,,,,,,
6705,67.050000,0.000000,0.000000,0.000000,1.000000,0.000000,0.000000,0.000000,57.698101,20.499701,-14.700500,0.047771,-0.013570,0.015998,-15.666301,-52.738201,18.801300,-93.396698,0.129960,17.611099,-0.179287,-0.475149,-0.690531,0.515030,2253.636475,1529.692871,-3280.671631,2258.055908,1449.478638,-3293.535400,2267.654053,1574.301880,-3305.736572,2234.718262,1478.997559,-3243.914551,2254.116943,1615.993774,-3279.499512,2258.101562,1449.416260,-3293.478516,2267.547119,1574.416260,-3305.760742,2234.692139,1479.040283,-3243.972656,2254.203125,1615.901489,-3279.474365,2616.317383,1567.759888,-3159.777832,,,,,,,,,,,,,,,,,,,,,,,,,,,,,,,,,
6706,67.060000,0.000000,0.000000,0.000000,1.000000,0.000000,0.000000,0.000000,57.698101,20.499701,-14.700500,0.047771,-0.013570,0.015998,-15.666301,-52.738201,18.801300,-93.396698,0.129960,17.611099,-0.178525,-0.476038,-0.691311,0.513425,2251.774170,1529.453003,-3281.410400,2256.083496,1449.226440,-3294.235352,2265.974365,1574.027222,-3306.434570,2232.617432,1478.805542,-3244.711182,2252.420898,1615.753174,-3280.260254,2256.161133,1449.336914,-3294.246094,2265.918457,1574.139404,-3306.536865,2232.524902,1478.793091,-3244.633301,2252.497559,1615.526978,-3280.225586,2616.302246,1567.734863,-3159.780029,,,,,,,,,,,,,,,,,,,,,,,,,,,,,,,,,
6707,67.070000,0.000000,0.000000,0.000000,1.000000,0.000000,0.000000,0.000000,57.698101,20.499701,-14.700500,0.047771,-0.013570,0.015998,-15.666301,-52.738201,18.801300,-93.396698,0.129960,17.611099,-0.180112,-0.475029,-0.691136,0.514041,2249.844727,1529.126221,-3282.135010,2254.037109,1448.893799,-3294.962158,2263.985352,1573.683838,-3307.222168,2230.788330,1478.501343,-3245.352539,2250.568359,1615.425781,-3281.002930,2254.119873,1448.995483,-3294.998535,2263.916504,1573.629028,-3307.273926,2230.737793,1478.717407,-3245.344238,2250.608398,1615.146118,-3280.910400,2616.281494,1567.759644,-3159.787842,,,,,,,,,,,,,,,,,,,,,,,,,,,,,,,,,
6708,67.080000,0.000000,0.000000,0.000000,1.000000,0.000000,0.000000,0.000000,57.698101,20.499701,-14.700500,0.047771,-0.013570,0.015998,-15.666301,-52.738201,18.801300,-93.396698,0.129960,17.611099,-0.181563,-0.473958,-0.691563,0.513945,2248.060059,1528.884644,-3282.893066,2252.028076,1448.647339,-3295.760742,2262.232666,1573.418213,-3308.004883,2228.990234,1478.291260,-3246.074219,2248.988525,1615.182007,-3281.732910,2252.016602,1448.606079,-3295.774170,2262.250732,1573.385010,-3307.990723,2229.030273,1478.469238,-3246.119141,2248.944092,1615.094116,-3281.691650,2616.271729,1567.723877,-3159.777832,,,,,,,,,,,,,,,,,,,,,,,,,,,,,,,,,
6709,67.090000,0.000000,0.000000,0.000000,1.000000,0.000000,0.000000,0.000000,57.698101,20.499701,-14.700500,0.047771,-0.013570,0.015998,-15.666301,-52.738201,18.801300,-93.396698,0.129960,17.611099,-0.181094,-0.474832,-0.691617,0.513231,2246.341553,1528.662354,-3283.670166,2250.315674,1448.411987,-3296.453857,2260.583252,1573.168457,-3308.791748,2227.175049,1478.108643,-3246.846924,2247.291992,1614.960449,-3282.588135,2250.291748,1448.326782,-3296.429199,2260.614258,1573.174316,-3308.821533,2227.202148,1478.156982,-3246.886963,2247.256836,1614.989624,-3282.542236,2616.286377,1567.762695,-3159.771729,,,,,,,,,,,,,,,,,,,,,,,,,,,,,,,,,
6710,67.100000,0.000000,0.000000,0.000000,1.000000,0.000000,0.000000,0.000000,57.698101,20.499701,-14.700500,0.047771,-0.013570,0.015998,-15.666301,-52.738201,18.801300,-93.396698,0.129960,17.611099,-0.181054,-0.474942,-0.692057,0.512549,2244.386963,1528.390991,-3284.437744,2248.267822,1448.136230,-3297.222412,2258.711670,1572.879883,-3309.542480,2225.117920,1477.860474,-3247.636230,2245.449951,1614.687744,-3283.349609,2248.316406,1448.067871,-3297.209473,2258.644531,1572.911255,-3309.578857,2225.060303,1477.751831,-3247.613525,2245.529785,1614.839966,-3283.347412,2616.261475,1567.744751,-3159.787842,,,,,,,,,,,,,,,,,,,,,,,,,,,,,,,,,
6711,67.110000,0.000000,0.000000,0.000000,1.000000,0.000000,0.000000,0.000000,57.698101,20.499701,-14.700500,0.047771,-0.013570,0.015998,-15.666301,-52.738201,18.801300,-93.396698,0.129960,17.611099,-0.183481,-0.473331,-0.692015,0.513232,2242.352783,1528.177612,-3285.138916,2246.008545,1447.914917,-3297.940918,2256.619141,1572.638062,-3310.327148,2223.197021,1477.685425,-3248.225830,2243.585938,1614.472290,-3284.061523,2246.041016,1447.873901,-3297.943359,2256.565674,1572.668091,-3310.321777,2223.179688,1477.740845,-3248.237549,2243.624023,1614.427979,-3284.052490,2616.248779,1567.752930,-3159.783203,,,,,,,,,,,,,,,,,,,,,,,,,,,,,,,,,
6712,67.120000,0.000000,0.000000,0.000000,1.000000,0.000000,0.000000,0.000000,57.698101,20.499701,-14.700500,0.047771,-0.013570,0.015998,-15.666301,-52.738201,18.801300,-93.396698,0.129960,17.611099,-0.183941,-0.473308,-0.692516,0.512414,2240.384277,1527.979858,-3285.874268,2243.876221,1447.706299,-3298.653809,2254.751465,1572.403564,-3311.070312,2221.112061,1477.537720,-3248.953613,2241.797607,1614.271973,-3284.819824,2243.884766,1447.804932,-3298.661133,2254.754150,1572.456665,-3311.081055,2221.104736,1477.606812,-3248.939209,2241.793213,1614.017456,-3284.814941,2616.258545,1567.760498,-3159.787354,,,,,,,,,,,,,,,,,,,,,,,,,,,,,,,,,
6713,67.130000,0.000000,0.000000,0.000000,1.000000,0.000000,0.000000,0.000000,57.698101,20.499701,-14.700500,0.047771,-0.013570,0.015998,-15.666301,-52.738201,18.801300,-93.396698,0.129960,17.611099,-0.184195,-0.474035,-0.693237,0.510671,2238.529541,1527.653687,-3286.599854,2241.799805,1447.354126,-3299.272949,2253.093506,1572.001343,-3311.816650,2219.014404,1477.317505,-3249.662109,2240.209961,1613.942261,-3285.647461,2241.894287,1447.414185,-3299.284424,2252.964844,1572.051025,-3311.831787,2218.939697,1477.352661,-3249.638428,2240.325439,1613.787109,-3285.645752,2616.276123,1567.763672,-3159.791504,,,,,,,,,,,,,,,,,,,,,,,,,,,,,,,,,
6714,67.140000,0.000000,0.000000,0.000000,1.000000,0.000000,0.000000,0.000000,57.698101,20.499701,-14.700500,0.047771,-0.013570,0.015998,-15.666301,-52.738201,18.801300,-93.396698,0.129960,17.611099,-0.185009,-0.473890,-0.693800,0.509746,2236.537354,1527.144165,-3287.299561,2239.589844,1446.830566,-3299.938477,2251.215576,1571.441528,-3312.538574,2216.894531,1476.876587,-3250.336182,2238.449707,1613.428345,-3286.385254,2239.717285,1446.815552,-3299.959961,2251.061523,1571.515503,-3312.603516,2216.783447,1476.908081,-3250.287109,2238.585938,1613.337891,-3286.349854,2616.297363,1567.769409,-3159.767334,,,,,,,,,,,,,,,,,,,,,,,,,,,,,,,,,
6715,67.150000,0.000000,0.000000,0.000000,1.000000,0.000000,0.000000,0.000000,57.698101,20.499701,-14.700500,0.047771,-0.013570,0.015998,-15.666301,-52.738201,18.801300,-93.396698,0.129960,17.611099,-0.186159,-0.473132,-0.693589,0.510319,2234.536621,1526.617065,-3288.030518,2237.522461,1446.300903,-3300.669678,2249.155029,1570.906372,-3313.318359,2214.986328,1476.360596,-3251.002930,2236.482666,1612.900635,-3287.131592,2237.575195,1446.296509,-3300.685059,2249.076172,1570.924561,-3313.305176,2214.968506,1476.549927,-3251.032471,2236.528564,1612.691895,-3287.097656,2616.291748,1567.763672,-3159.767822,,,,,,,,,,,,,,,,,,,,,,,,,,,,,,,,,
6716,67.160000,0.000000,0.000000,0.000000,1.000000,0.000000,0.000000,0.000000,57.698101,20.499701,-14.700500,0.047771,-0.013570,0.015998,-15.666301,-52.738201,18.801300,-93.396698,0.129960,17.611099,-0.185322,-0.474002,-0.694065,0.509167,2232.700195,1526.226685,-3288.768799,2235.649902,1445.903442,-3301.371338,2247.445068,1570.493408,-3314.022217,2212.978271,1476.001343,-3251.789551,2234.726807,1612.508545,-3287.891602,2235.662598,1445.887085,-3301.372314,2247.431396,1570.510132,-3314.032471,2212.975098,1476.062622,-3251.799561,2234.731689,1612.446411,-3287.869873,2616.281494,1567.750854,-3159.777344,,,,,,,,,,,,,,,,,,,,,,,,,,,,,,,,,
6717,67.170000,0.000000,0.000000,0.000000,1.000000,0.000000,0.000000,0.000000,57.698101,20.499701,-14.700500,0.047771,-0.013570,0.015998,-15.666301,-52.738201,18.801300,-93.396698,0.129960,17.611099,-0.185348,-0.474443,-0.695014,0.507450,2230.626221,1525.798828,-3289.493164,2233.348145,1445.461792,-3302.058594,2245.573486,1570.008423,-3314.727783,2210.654785,1475.651123,-3252.542480,2232.927734,1612.074097,-3288.643066,2233.363770,1445.401855,-3302.031006,2245.571045,1570.037354,-3314.815186,2210.615723,1475.546753,-3252.522705,2232.953369,1612.215576,-3288.600586,2616.274414,1567.739990,-3159.771729,,,,,,,,,,,,,,,,,,,,,,,,,,,,,,,,,
6718,67.180000,0.000000,0.000000,0.000000,1.000000,0.000000,0.000000,0.000000,57.698101,20.499701,-14.700500,0.047771,-0.013570,0.015998,-15.666301,-52.738201,18.801300,-93.396698,0.129960,17.611099,-0.187046,-0.473760,-0.694859,0.507677,2228.485840,1525.466187,-3290.181885,2231.054199,1445.114990,-3302.688965,2243.410889,1569.633911,-3315.503174,2208.567871,1475.377197,-3253.123047,2230.910400,1611.738892,-3289.411865,2231.109131,1445.122192,-3302.704590,2243.341553,1569.468140,-3315.535645,2208.542969,1475.436768,-3253.138916,2230.943848,1611.825562,-3289.348877,2616.282959,1567.748657,-3159.777344,,,,,,,,,,,,,,,,,,,,,,,,,,,,,,,,,
6719,67.190000,0.000000,0.000000,0.000000,1.000000,0.000000,0.000000,0.000000,57.698101,20.499701,-14.700500,0.047771,-0.013570,0.015998,-15.666301,-52.738201,18.801300,-93.396698,0.129960,17.611099,-0.187118,-0.473832,-0.695012,0.507375,2226.356934,1525.122925,-3290.867432,2228.879883,1444.768311,-3303.362305,2241.317139,1569.277710,-3316.190186,2206.396484,1475.051514,-3253.807861,2228.834473,1611.394165,-3290.108643,2228.873047,1444.803833,-3303.395996,2241.357910,1569.218628,-3316.197754,2206.428711,1475.236572,-3253.817383,2228.765625,1611.235107,-3290.054199,2616.274658,1567.712158,-3159.770996,,,,,,,,,,,,,,,,,,,,,,,,,,,,,,,,,
6720,67.200000,0.000000,0.000000,0.000000,1.000000,0.000000,0.000000,0.000000,57.698101,20.499701,-14.700500,0.047771,-0.013570,0.015998,-15.666301,-52.738201,18.801300,-93.396698,0.129960,17.611099,-0.186909,-0.474348,-0.695766,0.505934,2224.269531,1524.723389,-3291.553955,2226.632324,1444.358887,-3304.016602,2239.396973,1568.834229,-3316.854248,2204.098877,1474.711914,-3254.527344,2226.950195,1610.988892,-3290.817383,2226.730225,1444.346802,-3304.044678,2239.293945,1568.936401,-3316.913086,2203.987793,1474.658569,-3254.440918,2227.058594,1610.953979,-3290.816162,2616.320312,1567.736328,-3159.756836,,,,,,,,,,,,,,,,,,,,,,,,,,,,,,,,,
6721,67.210000,0.000000,0.000000,0.000000,1.000000,0.000000,0.000000,0.000000,57.698101,20.499701,-14.700500,0.047771,-0.013570,0.015998,-15.666301,-52.738201,18.801300,-93.396698,0.129960,17.611099,-0.188447,-0.473396,-0.696104,0.505789,2222.202393,1524.227661,-3292.215576,2224.339844,1443.858276,-3304.687500,2237.361572,1568.303589,-3317.557373,2202.019043,1474.262329,-3255.133301,2225.088379,1610.486328,-3291.483887,2224.422119,1443.740723,-3304.663574,2237.215576,1568.431641,-3317.574463,2201.958496,1474.285889,-3255.150879,2225.209473,1610.456299,-3291.472900,2616.279785,1567.738647,-3159.770996,,,,,,,,,,,,,,,,,,,,,,,,,,,,,,,,,
6722,67.220000,0.000000,0.000000,0.000000,1.000000,0.000000,0.000000,0.000000,57.698101,20.499701,-14.700500,0.047771,-0.013570,0.015998,-15.666301,-52.738201,18.801300,-93.396698,0.129960,17.611099,-0.187484,-0.473674,-0.695807,0.506296,2220.181641,1523.749878,-3292.903076,2222.494873,1443.391235,-3305.412842,2235.278076,1567.868896,-3318.207520,2200.061279,1473.725464,-3255.866699,2222.892578,1610.013916,-3292.125732,2222.540527,1443.384521,-3305.387695,2235.175537,1567.965088,-3318.191162,2200.047852,1473.874390,-3255.927246,2222.965820,1609.751587,-3292.108154,2616.299561,1567.736206,-3159.768311,,,,,,,,,,,,,,,,,,,,,,,,,,,,,,,,,
6723,67.230000,0.000000,0.000000,0.000000,1.000000,0.000000,0.000000,0.000000,57.698101,20.499701,-14.700500,0.047771,-0.013570,0.015998,-15.666301,-52.738201,18.801300,-93.396698,0.129960,17.611099,-0.186483,-0.474048,-0.696769,0.504991,2218.162842,1523.262695,-3293.569824,2220.381592,1442.911743,-3306.145264,2233.419434,1567.379272,-3318.782471,2197.832520,1473.238892,-3256.647217,2221.017578,1609.521362,-3292.704102,2220.413818,1442.935181,-3306.105713,2233.366211,1567.583374,-3318.838867,2197.782471,1473.192139,-3256.631592,2221.088135,1609.347778,-3292.710449,2616.287354,1567.762695,-3159.774170,,,,,,,,,,,,,,,,,,,,,,,,,,,,,,,,,
6724,67.240000,0.000000,0.000000,0.000000,1.000000,0.000000,0.000000,0.000000,57.698101,20.499701,-14.700500,0.047771,-0.013570,0.015998,-15.666301,-52.738201,18.801300,-93.396698,0.129960,17.611099,-0.187586,-0.472986,-0.697475,0.504604,2216.082764,1522.875732,-3294.210205,2218.060059,1442.530396,-3306.861084,2231.408447,1566.973389,-3319.413818,2195.691162,1472.873901,-3257.291748,2219.172119,1609.125610,-3293.273682,2218.126953,1442.454590,-3306.845947,2231.304688,1567.038086,-3319.446533,2195.637695,1472.878540,-3257.297119,2219.261963,1609.133545,-3293.251465,2616.295410,1567.764893,-3159.768066,,,,,,,,,,,,,,,,,,,,,,,,,,,,,,,,,
6725,67.250000,0.000000,0.000000,0.000000,1.000000,0.000000,0.000000,0.000000,57.698101,20.499701,-14.700500,0.047771,-0.013570,0.015998,-15.666301,-52.738201,18.801300,-93.396698,0.129960,17.611099,-0.187357,-0.472596,-0.697594,0.504889,2213.942139,1522.504395,-3294.828125,2215.943604,1442.172363,-3307.559814,2229.244629,1566.632568,-3319.992432,2193.578613,1472.458862,-3257.953369,2217.001221,1608.754395,-3293.806885,2215.969971,1442.276123,-3307.574951,2229.214600,1566.486816,-3319.989014,2193.592041,1472.597168,-3257.988525,2216.990723,1608.657104,-3293.760498,2616.263672,1567.739868,-3159.776123,,,,,,,,,,,,,,,,,,,,,,,,,,,,,,,,,
6726,67.260000,0.000000,0.000000,0.000000,1.000000,0.000000,0.000000,0.000000,57.698101,20.499701,-14.700500,0.047771,-0.013570,0.015998,-15.666301,-52.738201,18.801300,-93.396698,0.129960,17.611099,-0.186845,-0.472226,-0.698158,0.504646,2211.859131,1522.187866,-3295.444580,2213.825195,1441.873535,-3308.293213,2227.206299,1566.344360,-3320.531738,2191.438965,1472.099365,-3258.659668,2214.966309,1608.434326,-3294.293457,2213.859131,1441.998779,-3308.368408,2227.224854,1566.235229,-3320.551270,2191.414307,1472.156128,-3258.589355,2214.940674,1608.366577,-3294.273438,2616.282715,1567.738281,-3159.775391,,,,,,,,,,,,,,,,,,,,,,,,,,,,,,,,,
6727,67.270000,0.000000,0.000000,0.000000,1.000000,0.000000,0.000000,0.000000,57.698101,20.499701,-14.700500,0.047771,-0.013570,0.015998,-15.666301,-52.738201,18.801300,-93.396698,0.129960,17.611099,-0.188137,-0.470630,-0.699096,0.504357,2209.769531,1521.778931,-3296.100098,2211.445068,1441.480835,-3309.090332,2225.186279,1565.929443,-3321.155273,2189.293213,1471.692627,-3259.343506,2213.153076,1608.013184,-3294.811279,2211.507812,1441.351196,-3309.138672,2225.138916,1566.006348,-3321.189941,2189.220703,1471.664429,-3259.266357,2213.212402,1608.087769,-3294.806641,2616.297852,1567.746460,-3159.769287,,,,,,,,,,,,,,,,,,,,,,,,,,,,,,,,,
6728,67.280000,0.000000,0.000000,0.000000,1.000000,0.000000,0.000000,0.000000,57.698101,20.499701,-14.700500,0.047771,-0.013570,0.015998,-15.666301,-52.738201,18.801300,-93.396698,0.129960,17.611099,-0.188652,-0.469429,-0.698958,0.505475,2207.771484,1521.372192,-3296.800049,2209.468994,1441.094238,-3309.911865,2223.078369,1565.570801,-3321.837891,2187.445068,1471.216919,-3260.054199,2211.093262,1607.607056,-3295.396240,2209.531494,1441.026001,-3309.901367,2222.965820,1565.581543,-3321.835938,2187.422607,1471.351440,-3260.108154,2211.164062,1607.535034,-3295.355957,2616.263672,1567.732422,-3159.767578,,,,,,,,,,,,,,,,,,,,,,,,,,,,,,,,,
6729,67.290000,0.000000,0.000000,0.000000,1.000000,0.000000,0.000000,0.000000,57.698101,20.499701,-14.700500,0.047771,-0.013570,0.015998,-15.666301,-52.738201,18.801300,-93.396698,0.129960,17.611099,-0.187221,-0.469420,-0.699247,0.505615,2205.916504,1520.990234,-3297.475830,2207.739746,1440.738037,-3310.727295,2221.217529,1565.252441,-3322.404541,2185.580322,1470.744263,-3260.859375,2209.127930,1607.226440,-3295.911865,2207.792969,1440.725342,-3310.727295,2221.163086,1565.363770,-3322.461914,2185.534424,1470.831299,-3260.844971,2209.175537,1607.027466,-3295.866455,2616.262695,1567.742676,-3159.777832,,,,,,,,,,,,,,,,,,,,,,,,,,,,,,,,,
6730,67.300000,0.000000,0.000000,0.000000,1.000000,0.000000,0.000000,0.000000,57.698101,20.499701,-14.700500,0.047771,-0.013570,0.015998,-15.666301,-52.738201,18.801300,-93.396698,0.129960,17.611099,-0.187628,-0.468569,-0.700520,0.504491,2204.046387,1520.589478,-3298.195801,2205.585449,1440.351929,-3311.571777,2219.507812,1564.835571,-3323.054199,2183.527832,1470.359497,-3261.659424,2207.564697,1606.811157,-3296.497559,2205.658203,1440.289429,-3311.568848,2219.444336,1565.089966,-3323.179688,2183.407471,1470.244019,-3261.559326,2207.658203,1606.761230,-3296.484863,2616.265381,1567.776489,-3159.784912,,,,,,,,,,,,,,,,,,,,,,,,,,,,,,,,,
6731,67.310000,0.000000,0.000000,0.000000,1.000000,0.000000,0.000000,0.000000,57.698101,20.499701,-14.700500,0.047771,-0.013570,0.015998,-15.666301,-52.738201,18.801300,-93.396698,0.129960,17.611099,-0.189137,-0.467164,-0.700923,0.504670,2202.158447,1520.324585,-3298.933350,2203.481689,1440.096069,-3312.385742,2217.624512,1564.560425,-3323.807129,2181.664062,1470.104980,-3262.368896,2205.863770,1606.537231,-3297.171143,2203.568115,1440.097290,-3312.388672,2217.499512,1564.640259,-3323.828857,2181.591553,1470.119873,-3262.348389,2205.974121,1606.439819,-3297.168457,2616.241455,1567.760132,-3159.794434,,,,,,,,,,,,,,,,,,,,,,,,,,,,,,,,,
6732,67.320000,0.000000,0.000000,0.000000,1.000000,0.000000,0.000000,0.000000,57.698101,20.499701,-14.700500,0.047771,-0.013570,0.015998,-15.666301,-52.738201,18.801300,-93.396698,0.129960,17.611099,-0.189268,-0.466438,-0.701001,0.505185,2200.246582,1520.118530,-3299.684814,2201.571045,1439.905884,-3313.231689,2215.667480,1564.386719,-3324.528809,2179.814697,1469.851685,-3263.150391,2203.933105,1606.329956,-3297.828125,2201.622559,1440.075073,-3313.233887,2215.593262,1564.282715,-3324.510742,2179.813477,1469.991333,-3263.190430,2203.961182,1606.119019,-3297.802002,2616.287842,1567.742554,-3159.779297,,,,,,,,,,,,,,,,,,,,,,,,,,,,,,,,,
6733,67.330000,0.000000,0.000000,0.000000,1.000000,0.000000,0.000000,0.000000,57.698101,20.499701,-14.700500,0.047771,-0.013570,0.015998,-15.666301,-52.738201,18.801300,-93.396698,0.129960,17.611099,-0.189071,-0.466248,-0.701241,0.505100,2198.448486,1520.015015,-3300.447754,2199.756104,1439.811035,-3314.047119,2213.886719,1564.295776,-3325.258789,2177.994385,1469.729248,-3263.951660,2202.156006,1606.224243,-3298.533447,2199.787842,1439.909912,-3314.054199,2213.862549,1564.187134,-3325.289795,2178.003662,1469.901611,-3263.986328,2202.138916,1606.060181,-3298.458252,2616.310791,1567.742065,-3159.762451,,,,,,,,,,,,,,,,,,,,,,,,,,,,,,,,,
6734,67.340000,0.000000,0.000000,0.000000,1.000000,0.000000,0.000000,0.000000,57.698101,20.499701,-14.700500,0.047771,-0.013570,0.015998,-15.666301,-52.738201,18.801300,-93.396698,0.129960,17.611099,-0.188875,-0.466449,-0.701632,0.504445,2196.597900,1519.901367,-3301.225342,2197.837891,1439.696411,-3314.825684,2212.113525,1564.166626,-3326.015625,2176.045898,1469.636230,-3264.756104,2200.393799,1606.106689,-3299.303711,2197.913330,1439.659180,-3314.860352,2212.049561,1564.230591,-3326.072754,2175.968506,1469.649292,-3264.691895,2200.457275,1606.067993,-3299.277832,2616.246582,1567.741089,-3159.775391,,,,,,,,,,,,,,,,,,,,,,,,,,,,,,,,,
6735,67.350000,0.000000,0.000000,0.000000,1.000000,0.000000,0.000000,0.000000,57.698101,20.499701,-14.700500,0.047771,-0.013570,0.015998,-15.666301,-52.738201,18.801300,-93.396698,0.129960,17.611099,-0.189639,-0.466031,-0.702307,0.503604,2194.859863,1519.817383,-3302.028076,2195.874756,1439.611084,-3315.639160,2210.485107,1564.043335,-3326.819824,2174.187500,1469.603760,-3265.556152,2198.892334,1606.011597,-3300.097168,2195.944092,1439.428711,-3315.644775,2210.407715,1564.206055,-3326.887451,2174.108154,1469.568970,-3265.511475,2198.979492,1606.064331,-3300.074219,2616.250977,1567.770142,-3159.786621,,,,,,,,,,,,,,,,,,,,,,,,,,,,,,,,,
6736,67.360000,0.000000,0.000000,0.000000,1.000000,0.000000,0.000000,0.000000,57.698101,20.499701,-14.700500,0.047771,-0.013570,0.015998,-15.666301,-52.738201,18.801300,-93.396698,0.129960,17.611099,-0.190292,-0.465085,-0.701907,0.504788,2193.199707,1519.717041,-3302.798584,2194.259766,1439.522095,-3316.472656,2208.698975,1563.978516,-3327.605713,2172.696045,1469.453735,-3266.299805,2197.143555,1605.914307,-3300.815674,2194.353271,1439.401733,-3316.482422,2208.538330,1563.984619,-3327.586426,2172.647461,1469.552856,-3266.331543,2197.255615,1605.925659,-3300.793213,2616.287354,1567.769897,-3159.784912,,,,,,,,,,,,,,,,,,,,,,,,,,,,,,,,,
6737,67.370000,0.000000,0.000000,0.000000,1.000000,0.000000,0.000000,0.000000,57.698101,20.499701,-14.700500,0.047771,-0.013570,0.015998,-15.666301,-52.738201,18.801300,-93.396698,0.129960,17.611099,-0.190235,-0.465107,-0.701826,0.504903,2191.474609,1519.707275,-3303.654541,2192.558838,1439.512573,-3317.328125,2206.959473,1563.973389,-3328.462646,2170.987793,1469.437866,-3267.154541,2195.392334,1605.905762,-3301.672119,2192.600098,1439.543213,-3317.300781,2206.857422,1563.956787,-3328.428711,2170.987061,1469.541626,-3267.226562,2195.453613,1605.785156,-3301.663330,2616.291504,1567.742676,-3159.772461,,,,,,,,,,,,,,,,,,,,,,,,,,,,,,,,,
6738,67.380000,0.000000,0.000000,0.000000,1.000000,0.000000,0.000000,0.000000,57.698101,20.499701,-14.700500,0.047771,-0.013570,0.015998,-15.666301,-52.738201,18.801300,-93.396698,0.129960,17.611099,-0.189710,-0.465931,-0.702491,0.503413,2189.720947,1519.743408,-3304.504639,2190.691650,1439.538818,-3318.129150,2205.372070,1563.964722,-3329.288330,2169.018555,1469.535278,-3268.041748,2193.801270,1605.935059,-3302.559082,2190.682373,1439.682007,-3318.120361,2205.385742,1563.885864,-3329.283203,2169.060303,1469.672119,-3268.089111,2193.750977,1605.728271,-3302.524414,2616.295410,1567.697876,-3159.763428,,,,,,,,,,,,,,,,,,,,,,,,,,,,,,,,,
6739,67.390000,0.000000,0.000000,0.000000,1.000000,0.000000,0.000000,0.000000,57.698101,20.499701,-14.700500,0.047771,-0.013570,0.015998,-15.666301,-52.738201,18.801300,-93.396698,0.129960,17.611099,-0.189521,-0.466722,-0.702944,0.502118,2187.911377,1519.859253,-3305.293701,2188.770752,1439.639526,-3318.836670,2203.702393,1564.027710,-3330.083008,2167.029541,1469.724487,-3268.832275,2192.142334,1606.045410,-3303.423340,2188.821289,1439.712158,-3318.905273,2203.714600,1564.003296,-3330.146240,2166.976562,1469.773071,-3268.735596,2192.131836,1605.950317,-3303.384033,2616.290527,1567.730713,-3159.778076,,,,,,,,,,,,,,,,,,,,,,,,,,,,,,,,,
6740,67.400000,0.000000,0.000000,0.000000,1.000000,0.000000,0.000000,0.000000,57.698101,20.499701,-14.700500,0.047771,-0.013570,0.015998,-15.666301,-52.738201,18.801300,-93.396698,0.129960,17.611099,-0.190463,-0.466585,-0.702701,0.502229,2186.068848,1520.047241,-3306.127930,2186.863281,1439.814453,-3319.596924,2201.842285,1564.183960,-3330.984619,2165.220947,1469.957886,-3269.584961,2190.348389,1606.232788,-3304.345703,2186.906250,1439.694214,-3319.654053,2201.833496,1564.289917,-3331.027588,2165.151611,1469.915894,-3269.484131,2190.381836,1606.283447,-3304.346436,2616.290771,1567.774780,-3159.788574,,,,,,,,,,,,,,,,,,,,,,,,,,,,,,,,,
6741,67.410000,0.000000,0.000000,0.000000,1.000000,0.000000,0.000000,0.000000,57.698101,20.499701,-14.700500,0.047771,-0.013570,0.015998,-15.666301,-52.738201,18.801300,-93.396698,0.129960,17.611099,-0.190878,-0.466343,-0.701807,0.503545,2184.294434,1520.167358,-3307.039062,2185.238525,1439.931030,-3320.477051,2199.908203,1564.329468,-3331.951416,2163.647949,1470.046021,-3270.425537,2188.382812,1606.363159,-3305.302002,2185.334473,1439.801025,-3320.479980,2199.750000,1564.359253,-3331.948730,2163.590820,1470.113647,-3270.448486,2188.502197,1606.390869,-3305.277832,2616.282715,1567.774902,-3159.788086,,,,,,,,,,,,,,,,,,,,,,,,,,,,,,,,,
6742,67.420000,0.000000,0.000000,0.000000,1.000000,0.000000,0.000000,0.000000,57.698101,20.499701,-14.700500,0.047771,-0.013570,0.015998,-15.666301,-52.738201,18.801300,-93.396698,0.129960,17.611099,-0.191037,-0.466265,-0.701501,0.503982,2182.514404,1520.326294,-3307.934082,2183.507324,1440.088379,-3321.359619,2198.074707,1564.495850,-3332.866699,2161.935303,1470.195801,-3271.295166,2186.540039,1606.525269,-3306.214844,2183.578125,1440.075439,-3321.344971,2197.947266,1564.515991,-3332.862793,2161.901367,1470.297729,-3271.338379,2186.629639,1606.413818,-3306.189697,2616.275635,1567.746216,-3159.781006,,,,,,,,,,,,,,,,,,,,,,,,,,,,,,,,,
6743,67.430000,0.000000,0.000000,0.000000,1.000000,0.000000,0.000000,0.000000,57.698101,20.499701,-14.700500,0.047771,-0.013570,0.015998,-15.666301,-52.738201,18.801300,-93.396698,0.129960,17.611099,-0.190668,-0.467240,-0.701576,0.503113,2180.671631,1520.528442,-3308.797363,2181.649414,1440.273193,-3322.119385,2196.315918,1564.657593,-3333.749023,2159.978027,1470.456055,-3272.143555,2184.743408,1606.727295,-3307.177002,2181.651123,1440.426270,-3322.116211,2196.319580,1564.605469,-3333.744141,2160.009766,1470.604248,-3272.181885,2184.702148,1606.459839,-3307.144775,2616.289307,1567.722168,-3159.765137,,,,,,,,,,,,,,,,,,,,,,,,,,,,,,,,,
6744,67.440000,0.000000,0.000000,0.000000,1.000000,0.000000,0.000000,0.000000,57.698101,20.499701,-14.700500,0.047771,-0.013570,0.015998,-15.666301,-52.738201,18.801300,-93.396698,0.129960,17.611099,-0.190617,-0.468026,-0.701552,0.502435,2178.750977,1520.813843,-3309.644531,2179.701904,1440.540283,-3322.858398,2194.458008,1564.900635,-3334.631348,2157.973877,1470.802246,-3272.954834,2182.870361,1607.012451,-3308.132812,2179.755127,1440.624512,-3322.897217,2194.444336,1564.876343,-3334.693604,2157.921143,1470.818604,-3272.888916,2182.884277,1606.938232,-3308.097656,2616.305664,1567.750488,-3159.763428,,,,,,,,,,,,,,,,,,,,,,,,,,,,,,,,,
6745,67.450000,0.000000,0.000000,0.000000,1.000000,0.000000,0.000000,0.000000,57.698101,20.499701,-14.700500,0.047771,-0.013570,0.015998,-15.666301,-52.738201,18.801300,-93.396698,0.129960,17.611099,-0.191508,-0.467704,-0.701241,0.502831,2176.795898,1521.123657,-3310.514160,2177.712646,1440.842407,-3323.683105,2192.455322,1565.194458,-3335.559326,2156.090088,1471.135254,-3273.752686,2180.925781,1607.322754,-3309.061523,2177.778809,1440.669922,-3323.736328,2192.407959,1565.288330,-3335.603760,2156.017578,1471.132324,-3273.677002,2180.983887,1607.392212,-3309.044189,2616.290283,1567.732910,-3159.778076,,,,,,,,,,,,,,,,,,,,,,,,,,,,,,,,,
6746,67.460000,0.000000,0.000000,0.000000,1.000000,0.000000,0.000000,0.000000,57.698101,20.499701,-14.700500,0.047771,-0.013570,0.015998,-15.666301,-52.738201,18.801300,-93.396698,0.129960,17.611099,-0.192194,-0.467204,-0.700161,0.504536,2174.938232,1521.332520,-3311.401367,2176.021240,1441.049316,-3324.545898,2190.393799,1565.435791,-3336.515869,2154.492432,1471.302368,-3274.551270,2178.845215,1607.542725,-3309.992432,2176.138672,1440.930420,-3324.576660,2190.232666,1565.477783,-3336.529053,2154.406738,1471.347534,-3274.528076,2178.976318,1607.570923,-3309.973633,2616.278809,1567.763672,-3159.781738,,,,,,,,,,,,,,,,,,,,,,,,,,,,,,,,,
6747,67.470000,0.000000,0.000000,0.000000,1.000000,0.000000,0.000000,0.000000,57.698101,20.499701,-14.700500,0.047771,-0.013570,0.015998,-15.666301,-52.738201,18.801300,-93.396698,0.129960,17.611099,-0.192528,-0.467103,-0.699582,0.505305,2173.085693,1521.609253,-3312.282715,2174.254150,1441.321899,-3325.393555,2188.445557,1565.721680,-3337.439941,2152.760986,1471.568848,-3275.379639,2176.882080,1607.825195,-3310.917725,2174.299805,1441.395142,-3325.393311,2188.373291,1565.709717,-3337.423828,2152.752686,1471.701172,-3275.414307,2176.921631,1607.616455,-3310.899170,2616.269287,1567.787720,-3159.794189,,,,,,,,,,,,,,,,,,,,,,,,,,,,,,,,,
6748,67.480000,0.000000,0.000000,0.000000,1.000000,0.000000,0.000000,0.000000,57.698101,20.499701,-14.700500,0.047771,-0.013570,0.015998,-15.666301,-52.738201,18.801300,-93.396698,0.129960,17.611099,-0.192440,-0.467509,-0.699414,0.505196,2171.189941,1522.005981,-3313.127197,2172.386719,1441.709961,-3326.183105,2186.552734,1566.105225,-3338.305664,2150.857178,1471.985352,-3276.201660,2174.963379,1608.223755,-3311.818604,2172.398926,1441.836426,-3326.168945,2186.550293,1566.040039,-3338.339844,2150.876709,1472.128296,-3276.245361,2174.932373,1608.009888,-3311.748535,2616.287109,1567.753296,-3159.783691,,,,,,,,,,,,,,,,,,,,,,,,,,,,,,,,,
6749,67.490000,0.000000,0.000000,0.000000,1.000000,0.000000,0.000000,0.000000,57.698101,20.499701,-14.700500,0.047771,-0.013570,0.015998,-15.666301,-52.738201,18.801300,-93.396698,0.129960,17.611099,-0.192355,-0.467652,-0.699360,0.505170,2169.152588,1522.369019,-3313.913086,2170.364746,1442.070801,-3326.954590,2184.515137,1566.466187,-3339.094971,2148.817627,1472.351685,-3276.984375,2172.912354,1608.587524,-3312.618164,2170.424316,1441.990356,-3327.004883,2184.481445,1566.557007,-3339.143066,2148.746826,1472.354614,-3276.899902,2172.955078,1608.574341,-3312.605225,2616.281494,1567.708130,-3159.770264,,,,,,,,,,,,,,,,,,,,,,,,,,,,,,,,,
6750,67.500000,0.000000,0.000000,0.000000,1.000000,0.000000,0.000000,0.000000,57.698101,20.499701,-14.700500,0.047771,-0.013570,0.015998,-15.666301,-52.738201,18.801300,-93.396698,0.129960,17.611099,-0.193612,-0.467012,-0.698866,0.505966,2167.220215,1522.631348,-3314.673828,2168.404297,1442.326538,-3327.676758,2182.490234,1566.718140,-3339.930176,2147.018311,1472.629883,-3277.650879,2170.967773,1608.851318,-3313.437500,2168.507080,1442.177490,-3327.723877,2182.382324,1566.894653,-3339.979980,2146.898926,1472.570801,-3277.545654,2171.085938,1608.885742,-3313.447998,2616.295654,1567.747192,-3159.766357,,,,,,,,,,,,,,,,,,,,,,,,,,,,,,,,,
6751,67.510000,0.000000,0.000000,0.000000,1.000000,0.000000,0.000000,0.000000,57.698101,20.499701,-14.700500,0.047771,-0.013570,0.015998,-15.666301,-52.738201,18.801300,-93.396698,0.129960,17.611099,-0.194523,-0.466271,-0.698002,0.507489,2165.359131,1522.871460,-3315.459473,2166.643555,1442.567627,-3328.458496,2180.451416,1566.983887,-3340.777832,2145.390381,1472.836426,-3278.355469,2168.950439,1609.098267,-3314.245850,2166.781250,1442.608032,-3328.476807,2180.245605,1566.987305,-3340.777588,2145.296143,1472.891113,-3278.343018,2169.112793,1608.993774,-3314.239746,2616.270752,1567.795776,-3159.793945,,,,,,,,,,,,,,,,,,,,,,,,,,,,,,,,,
6752,67.520000,0.000000,0.000000,0.000000,1.000000,0.000000,0.000000,0.000000,57.698101,20.499701,-14.700500,0.047771,-0.013570,0.015998,-15.666301,-52.738201,18.801300,-93.396698,0.129960,17.611099,-0.193432,-0.467008,-0.697761,0.507560,2163.482178,1523.216309,-3316.225098,2164.926758,1442.913208,-3329.211670,2178.555176,1567.350586,-3341.517090,2143.517822,1473.152710,-3279.157227,2166.928955,1609.449097,-3315.014404,2164.924072,1443.093750,-3329.217529,2178.581543,1567.258179,-3341.534912,2143.547852,1473.296509,-3279.182373,2166.868896,1609.207275,-3314.959473,2616.223145,1567.726196,-3159.798828,,,,,,,,,,,,,,,,,,,,,,,,,,,,,,,,,
6753,67.530000,0.000000,0.000000,0.000000,1.000000,0.000000,0.000000,0.000000,57.698101,20.499701,-14.700500,0.047771,-0.013570,0.015998,-15.666301,-52.738201,18.801300,-93.396698,0.129960,17.611099,-0.193413,-0.467048,-0.697301,0.508163,2161.654541,1523.656372,-3316.931885,2163.197998,1443.352173,-3329.900879,2176.651123,1567.804932,-3342.244141,2141.782227,1473.574585,-3279.839111,2164.986328,1609.894043,-3315.743408,2163.243652,1443.390869,-3329.945312,2176.629150,1567.733032,-3342.279785,2141.756836,1473.686768,-3279.811035,2164.986572,1609.817505,-3315.689697,2616.263184,1567.739014,-3159.794189,,,,,,,,,,,,,,,,,,,,,,,,,,,,,,,,,
6754,67.540000,0.000000,0.000000,0.000000,1.000000,0.000000,0.000000,0.000000,57.698101,20.499701,-14.700500,0.047771,-0.013570,0.015998,-15.666301,-52.738201,18.801300,-93.396698,0.129960,17.611099,-0.193429,-0.467355,-0.697208,0.508002,2159.832275,1523.928101,-3317.614014,2161.378906,1443.616211,-3330.534912,2174.840332,1568.061157,-3342.946533,2139.943604,1473.868896,-3280.499512,2163.166016,1610.166260,-3316.475342,2161.453125,1443.526001,-3330.562012,2174.769775,1568.178833,-3343.006592,2139.854248,1473.822388,-3280.422119,2163.246338,1610.187012,-3316.466309,2616.278809,1567.751587,-3159.774658,,,,,,,,,,,,,,,,,,,,,,,,,,,,,,,,,
6755,67.550000,0.000000,0.000000,0.000000,1.000000,0.000000,0.000000,0.000000,57.698101,20.499701,-14.700500,0.047771,-0.013570,0.015998,-15.666301,-52.738201,18.801300,-93.396698,0.129960,17.611099,-0.194188,-0.466990,-0.697085,0.508217,2157.987061,1524.044556,-3318.277832,2159.478027,1443.728149,-3331.177490,2172.971436,1568.163818,-3343.648438,2138.139648,1474.004639,-3281.114990,2161.359375,1610.281738,-3317.170166,2159.575928,1443.589478,-3331.160400,2172.826172,1568.280029,-3343.704102,2138.047363,1473.950928,-3281.097412,2161.500000,1610.362427,-3317.151611,2616.312256,1567.757690,-3159.774414,,,,,,,,,,,,,,,,,,,,,,,,,,,,,,,,,
6756,67.560000,0.000000,0.000000,0.000000,1.000000,0.000000,0.000000,0.000000,57.698101,20.499701,-14.700500,0.047771,-0.013570,0.015998,-15.666301,-52.738201,18.801300,-93.396698,0.129960,17.611099,-0.194623,-0.466589,-0.696536,0.509170,2156.239014,1524.325806,-3318.887695,2157.809082,1444.011230,-3331.788574,2171.111328,1568.464233,-3344.291016,2136.536621,1474.260864,-3281.681885,2159.499512,1610.567505,-3317.789307,2157.891602,1444.082031,-3331.826904,2171.006348,1568.459351,-3344.271240,2136.481689,1474.323730,-3281.652344,2159.581543,1610.431641,-3317.801514,2616.292480,1567.716309,-3159.774902,,,,,,,,,,,,,,,,,,,,,,,,,,,,,,,,,
6757,67.570000,0.000000,0.000000,0.000000,1.000000,0.000000,0.000000,0.000000,57.698101,20.499701,-14.700500,0.047771,-0.013570,0.015998,-15.666301,-52.738201,18.801300,-93.396698,0.129960,17.611099,-0.194247,-0.467143,-0.696286,0.509148,2154.508301,1524.685059,-3319.478027,2156.154541,1444.363525,-3332.326416,2169.371338,1568.819214,-3344.894287,2134.807861,1474.627808,-3282.260498,2157.699707,1610.929810,-3318.430908,2156.153076,1444.462280,-3332.332764,2169.385986,1568.736938,-3344.900146,2134.837402,1474.768677,-3282.293701,2157.655518,1610.769775,-3318.383057,2616.313965,1567.763062,-3159.762939,,,,,,,,,,,,,,,,,,,,,,,,,,,,,,,,,
6758,67.580000,0.000000,0.000000,0.000000,1.000000,0.000000,0.000000,0.000000,57.698101,20.499701,-14.700500,0.047771,-0.013570,0.015998,-15.666301,-52.738201,18.801300,-93.396698,0.129960,17.611099,-0.193877,-0.467440,-0.696019,0.509381,2152.861328,1525.051270,-3320.052246,2154.598877,1444.729004,-3332.884033,2167.690186,1569.196045,-3345.469482,2133.195068,1474.980591,-3282.834473,2155.960693,1611.299561,-3319.020264,2154.652100,1444.727661,-3332.888184,2167.629150,1569.166138,-3345.511475,2133.165527,1475.075928,-3282.848145,2155.997803,1611.236450,-3318.961182,2616.283447,1567.723022,-3159.766357,,,,,,,,,,,,,,,,,,,,,,,,,,,,,,,,,
6759,67.590000,0.000000,0.000000,0.000000,1.000000,0.000000,0.000000,0.000000,57.698101,20.499701,-14.700500,0.047771,-0.013570,0.015998,-15.666301,-52.738201,18.801300,-93.396698,0.129960,17.611099,-0.193838,-0.467504,-0.696397,0.508819,2151.290283,1525.280640,-3320.543701,2152.948975,1444.957642,-3333.381348,2166.187988,1569.411133,-3345.945557,2131.539062,1475.228394,-3283.346191,2154.484131,1611.525269,-3319.501953,2153.052734,1444.836914,-3333.430664,2166.081543,1569.504761,-3345.988525,2131.437744,1475.216553,-3283.265381,2154.588623,1611.561279,-3319.492676,2616.303467,1567.730469,-3159.767578,,,,,,,,,,,,,,,,,,,,,,,,,,,,,,,,,
6760,67.600000,0.000000,0.000000,0.000000,1.000000,0.000000,0.000000,0.000000,57.698101,20.499701,-14.700500,0.047771,-0.013570,0.015998,-15.666301,-52.738201,18.801300,-93.396698,0.129960,17.611099,-0.194751,-0.466790,-0.696798,0.508579,2149.587402,1525.347778,-3321.014404,2151.075195,1445.026245,-3333.882324,2164.526611,1569.459351,-3346.425049,2129.802979,1475.319824,-3283.802002,2152.944580,1611.586060,-3319.947998,2151.190430,1444.851318,-3333.958984,2164.413574,1569.585083,-3346.452148,2129.683350,1475.280884,-3283.686035,2153.064453,1611.664795,-3319.962158,2616.281494,1567.724731,-3159.773926,,,,,,,,,,,,,,,,,,,,,,,,,,,,,,,,,
6761,67.610000,0.000000,0.000000,0.000000,1.000000,0.000000,0.000000,0.000000,57.698101,20.499701,-14.700500,0.047771,-0.013570,0.015998,-15.666301,-52.738201,18.801300,-93.396698,0.129960,17.611099,-0.194993,-0.466466,-0.696647,0.508989,2148.066162,1525.603516,-3321.431885,2149.569824,1445.285400,-3334.319580,2162.960938,1569.726196,-3346.849121,2128.341797,1475.559814,-3284.208984,2151.392578,1611.842773,-3320.349609,2149.677002,1445.364258,-3334.364014,2162.831299,1569.711060,-3346.846436,2128.265137,1475.613525,-3284.166504,2151.496582,1611.722046,-3320.352051,2616.279785,1567.756958,-3159.773438,,,,,,,,,,,,,,,,,,,,,,,,,,,,,,,,,
6762,67.620000,0.000000,0.000000,0.000000,1.000000,0.000000,0.000000,0.000000,57.698101,20.499701,-14.700500,0.047771,-0.013570,0.015998,-15.666301,-52.738201,18.801300,-93.396698,0.129960,17.611099,-0.194238,-0.466700,-0.696905,0.508711,2146.543701,1525.932739,-3321.869629,2148.080078,1445.622314,-3334.801025,2161.473877,1570.072266,-3347.236816,2126.765137,1475.864868,-3284.708008,2149.855713,1612.171875,-3320.732666,2148.083496,1445.811646,-3334.829346,2161.525391,1569.958618,-3347.292236,2126.775146,1475.966797,-3284.689453,2149.787109,1611.990234,-3320.665283,2616.274658,1567.754150,-3159.783203,,,,,,,,,,,,,,,,,,,,,,,,,,,,,,,,,
6763,67.630000,0.000000,0.000000,0.000000,1.000000,0.000000,0.000000,0.000000,57.698101,20.499701,-14.700500,0.047771,-0.013570,0.015998,-15.666301,-52.738201,18.801300,-93.396698,0.129960,17.611099,-0.194451,-0.466138,-0.697140,0.508822,2145.076660,1526.349609,-3322.224854,2146.561279,1446.049194,-3335.224121,2160.006836,1570.502808,-3347.568848,2125.305664,1476.260864,-3285.087402,2148.432861,1612.586182,-3321.019287,2146.589355,1446.114990,-3335.287354,2160.026611,1570.406860,-3347.603027,2125.292725,1476.373901,-3285.039062,2148.397461,1612.504883,-3320.968262,2616.276855,1567.739136,-3159.773193,,,,,,,,,,,,,,,,,,,,,,,,,,,,,,,,,
6764,67.640000,0.000000,0.000000,0.000000,1.000000,0.000000,0.000000,0.000000,57.698101,20.499701,-14.700500,0.047771,-0.013570,0.015998,-15.666301,-52.738201,18.801300,-93.396698,0.129960,17.611099,-0.193892,-0.466007,-0.697275,0.508970,2143.654785,1526.667725,-3322.597900,2145.190186,1446.380249,-3335.671387,2158.575195,1570.852539,-3347.892090,2123.890137,1476.533569,-3285.518311,2146.963867,1612.904785,-3321.309814,2145.293945,1446.363892,-3335.710938,2158.467529,1570.859863,-3347.944336,2123.809570,1476.621460,-3285.476562,2147.048340,1612.825684,-3321.258789,2616.298340,1567.714966,-3159.753174,,,,,,,,,,,,,,,,,,,,,,,,,,,,,,,,,
6765,67.650000,0.000000,0.000000,0.000000,1.000000,0.000000,0.000000,0.000000,57.698101,20.499701,-14.700500,0.047771,-0.013570,0.015998,-15.666301,-52.738201,18.801300,-93.396698,0.129960,17.611099,-0.194405,-0.464919,-0.698222,0.508471,2142.281494,1526.879883,-3322.911865,2143.598389,1446.610962,-3336.122070,2157.290283,1571.068848,-3348.146484,2122.425049,1476.734009,-3285.897217,2145.812744,1613.105957,-3321.481934,2143.690918,1446.519531,-3336.160645,2157.194824,1571.187256,-3348.198975,2122.320557,1476.687866,-3285.808838,2145.914062,1613.126587,-3321.479736,2616.319824,1567.746826,-3159.752930,,,,,,,,,,,,,,,,,,,,,,,,,,,,,,,,,
6766,67.660000,0.000000,0.000000,0.000000,1.000000,0.000000,0.000000,0.000000,57.698101,20.499701,-14.700500,0.047771,-0.013570,0.015998,-15.666301,-52.738201,18.801300,-93.396698,0.129960,17.611099,-0.195025,-0.463624,-0.698961,0.508401,2140.777832,1527.062866,-3323.255615,2141.915527,1446.815918,-3336.615234,2155.825439,1571.269287,-3348.436279,2120.892334,1476.887329,-3286.296631,2144.477783,1613.279175,-3321.673584,2142.029053,1446.781006,-3336.635986,2155.677246,1571.322632,-3348.475586,2120.774414,1476.802002,-3286.229492,2144.626465,1613.347412,-3321.679932,2616.272705,1567.739868,-3159.772949,,,,,,,,,,,,,,,,,,,,,,,,,,,,,,,,,
6767,67.670000,0.000000,0.000000,0.000000,1.000000,0.000000,0.000000,0.000000,57.698101,20.499701,-14.700500,0.047771,-0.013570,0.015998,-15.666301,-52.738201,18.801300,-93.396698,0.129960,17.611099,-0.195454,-0.462695,-0.699242,0.508695,2139.339600,1527.379395,-3323.601562,2140.403564,1447.148438,-3337.062500,2154.372559,1571.607300,-3348.753174,2119.485352,1477.170654,-3286.670898,2143.097412,1613.591309,-3321.919189,2140.532227,1447.313843,-3337.111816,2154.232422,1571.562378,-3348.763184,2119.397705,1477.221436,-3286.617188,2143.210693,1613.418579,-3321.917480,2616.291504,1567.771973,-3159.777588,,,,,,,,,,,,,,,,,,,,,,,,,,,,,,,,,
6768,67.680000,0.000000,0.000000,0.000000,1.000000,0.000000,0.000000,0.000000,57.698101,20.499701,-14.700500,0.047771,-0.013570,0.015998,-15.666301,-52.738201,18.801300,-93.396698,0.129960,17.611099,-0.195259,-0.462139,-0.699609,0.508773,2137.927490,1527.780029,-3324.021484,2138.964111,1447.567017,-3337.590576,2152.968262,1572.037231,-3349.117188,2118.066406,1477.527710,-3287.154053,2141.711426,1613.988525,-3322.224121,2139.003174,1447.739624,-3337.631348,2152.957031,1571.950684,-3349.134766,2118.054688,1477.639404,-3287.129883,2141.696777,1613.787964,-3322.189697,2616.301025,1567.763306,-3159.785400,,,,,,,,,,,,,,,,,,,,,,,,,,,,,,,,,
6769,67.690000,0.000000,0.000000,0.000000,1.000000,0.000000,0.000000,0.000000,57.698101,20.499701,-14.700500,0.047771,-0.013570,0.015998,-15.666301,-52.738201,18.801300,-93.396698,0.129960,17.611099,-0.195114,-0.461197,-0.699847,0.509354,2136.640137,1528.223145,-3324.460693,2137.687256,1448.036377,-3338.184570,2151.635742,1572.533325,-3349.489746,2116.839844,1477.893677,-3287.665527,2140.397217,1614.429199,-3322.503174,2137.748047,1448.051025,-3338.234619,2151.597168,1572.518433,-3349.528809,2116.801025,1478.043457,-3287.626709,2140.413330,1614.280273,-3322.445557,2616.302979,1567.736572,-3159.768311,,,,,,,,,,,,,,,,,,,,,,,,,,,,,,,,,
6770,67.700000,0.000000,0.000000,0.000000,1.000000,0.000000,0.000000,0.000000,57.698101,20.499701,-14.700500,0.047771,-0.013570,0.015998,-15.666301,-52.738201,18.801300,-93.396698,0.129960,17.611099,-0.195490,-0.460359,-0.700304,0.509341,2135.399658,1528.600464,-3324.932129,2136.337402,1448.429199,-3338.753906,2150.416504,1572.923462,-3349.925537,2115.584961,1478.249634,-3288.174072,2139.259033,1614.799683,-3322.874756,2136.423340,1448.304688,-3338.783936,2150.316650,1572.968262,-3349.959717,2115.525635,1478.347900,-3288.158691,2139.334473,1614.777588,-3322.828369,2616.313477,1567.766846,-3159.771484,,,,,,,,,,,,,,,,,,,,,,,,,,,,,,,,,
6771,67.710000,0.000000,0.000000,0.000000,1.000000,0.000000,0.000000,0.000000,57.698101,20.499701,-14.700500,0.047771,-0.013570,0.015998,-15.666301,-52.738201,18.801300,-93.396698,0.129960,17.611099,-0.196471,-0.459297,-0.701025,0.508931,2134.122559,1528.916626,-3325.485596,2134.825195,1448.756958,-3339.388428,2149.211182,1573.224854,-3350.461914,2114.241699,1478.581421,-3288.742188,2138.212158,1615.103394,-3323.350098,2134.851074,1448.649414,-3339.419434,2149.208740,1573.338745,-3350.505859,2114.207031,1478.615479,-3288.692871,2138.224365,1615.064819,-3323.328857,2616.289551,1567.768311,-3159.770264,,,,,,,,,,,,,,,,,,,,,,,,,,,,,,,,,
6772,67.720000,0.000000,0.000000,0.000000,1.000000,0.000000,0.000000,0.000000,57.698101,20.499701,-14.700500,0.047771,-0.013570,0.015998,-15.666301,-52.738201,18.801300,-93.396698,0.129960,17.611099,-0.197723,-0.458508,-0.701576,0.508396,2132.856689,1529.312134,-3326.044678,2133.311279,1449.152710,-3339.958496,2148.021729,1573.581665,-3351.043213,2112.904297,1479.027466,-3289.270508,2137.188965,1615.486938,-3323.905762,2133.341553,1449.233643,-3339.940186,2148.008057,1573.657593,-3351.112305,2112.858643,1478.969604,-3289.233154,2137.219727,1615.387451,-3323.893555,2616.266846,1567.748657,-3159.774902,,,,,,,,,,,,,,,,,,,,,,,,,,,,,,,,,
6773,67.730000,0.000000,0.000000,0.000000,1.000000,0.000000,0.000000,0.000000,57.698101,20.499701,-14.700500,0.047771,-0.013570,0.015998,-15.666301,-52.738201,18.801300,-93.396698,0.129960,17.611099,-0.199068,-0.458355,-0.701713,0.507821,2131.465332,1529.692261,-3326.610596,2131.720215,1449.514648,-3340.424561,2146.692871,1573.896362,-3351.687012,2111.454590,1479.498535,-3289.744385,2135.993896,1615.859863,-3324.586426,2131.772949,1449.545288,-3340.450928,2146.653564,1573.979004,-3351.724121,2111.385742,1479.451904,-3289.666992,2136.046387,1615.792480,-3324.598145,2616.282471,1567.756348,-3159.776855,,,,,,,,,,,,,,,,,,,,,,,,,,,,,,,,,
6774,67.740000,0.000000,0.000000,0.000000,1.000000,0.000000,0.000000,0.000000,57.698101,20.499701,-14.700500,0.047771,-0.013570,0.015998,-15.666301,-52.738201,18.801300,-93.396698,0.129960,17.611099,-0.200042,-0.458896,-0.701206,0.507650,2130.103516,1530.240845,-3327.237305,2130.314453,1450.031860,-3340.868652,2145.327393,1574.381470,-3352.427734,2110.104004,1480.139526,-3290.239258,2134.668457,1616.411011,-3325.413818,2130.436035,1449.981445,-3340.939941,2145.197021,1574.403931,-3352.451172,2109.989746,1480.122803,-3290.141602,2134.791016,1616.454712,-3325.416016,2616.275391,1567.784424,-3159.797119,,,,,,,,,,,,,,,,,,,,,,,,,,,,,,,,,
6775,67.750000,0.000000,0.000000,0.000000,1.000000,0.000000,0.000000,0.000000,57.698101,20.499701,-14.700500,0.047771,-0.013570,0.015998,-15.666301,-52.738201,18.801300,-93.396698,0.129960,17.611099,-0.199891,-0.460106,-0.700346,0.507801,2128.854492,1530.728271,-3327.864746,2129.215332,1450.488892,-3341.313477,2144.027100,1574.837402,-3353.140625,2108.905273,1480.676880,-3290.771973,2133.270508,1616.909912,-3326.232422,2129.359863,1450.365723,-3341.406738,2143.873779,1574.893433,-3353.159180,2108.766602,1480.648315,-3290.648438,2133.421631,1617.001221,-3326.245117,2616.285645,1567.768677,-3159.789795,,,,,,,,,,,,,,,,,,,,,,,,,,,,,,,,,
6776,67.760000,0.000000,0.000000,0.000000,1.000000,0.000000,0.000000,0.000000,57.698101,20.499701,-14.700500,0.047771,-0.013570,0.015998,-15.666301,-52.738201,18.801300,-93.396698,0.129960,17.611099,-0.200537,-0.460552,-0.699441,0.508389,2127.656494,1531.186401,-3328.497070,2128.105469,1450.922607,-3341.795654,2142.736084,1575.268188,-3353.876709,2107.823730,1481.178467,-3291.283691,2131.960205,1617.376831,-3327.032715,2128.237793,1450.830078,-3341.832031,2142.556152,1575.285156,-3353.897217,2107.719727,1481.187500,-3291.244385,2132.114990,1617.443481,-3327.017334,2616.276611,1567.744507,-3159.780273,,,,,,,,,,,,,,,,,,,,,,,,,,,,,,,,,
6777,67.770000,0.000000,0.000000,0.000000,1.000000,0.000000,0.000000,0.000000,57.698101,20.499701,-14.700500,0.047771,-0.013570,0.015998,-15.666301,-52.738201,18.801300,-93.396698,0.129960,17.611099,-0.201216,-0.460999,-0.698941,0.508403,2126.433594,1531.720825,-3329.111084,2126.879883,1451.433716,-3342.267822,2141.491943,1575.758789,-3354.579102,2106.631592,1481.777344,-3291.794922,2130.731445,1617.914062,-3327.802490,2126.929443,1451.479614,-3342.264893,2141.426025,1575.743530,-3354.598877,2106.601807,1481.820190,-3291.802246,2130.778320,1617.838013,-3327.778076,2616.302979,1567.723755,-3159.768066,,,,,,,,,,,,,,,,,,,,,,,,,,,,,,,,,
6778,67.780000,0.000000,0.000000,0.000000,1.000000,0.000000,0.000000,0.000000,57.698101,20.499701,-14.700500,0.047771,-0.013570,0.015998,-15.666301,-52.738201,18.801300,-93.396698,0.129960,17.611099,-0.201364,-0.462771,-0.698414,0.507457,2125.208740,1532.262817,-3329.666016,2125.667480,1451.929932,-3342.541260,2140.333984,1576.208374,-3355.253906,2105.311768,1482.454102,-3292.220703,2129.521973,1618.459106,-3328.648926,2125.682617,1452.132935,-3342.553955,2140.343506,1576.108276,-3355.275146,2105.326416,1482.571899,-3292.231689,2129.480469,1618.233521,-3328.600342,2616.313721,1567.789185,-3159.780762,,,,,,,,,,,,,,,,,,,,,,,,,,,,,,,,,
6779,67.790000,0.000000,0.000000,0.000000,1.000000,0.000000,0.000000,0.000000,57.698101,20.499701,-14.700500,0.047771,-0.013570,0.015998,-15.666301,-52.738201,18.801300,-93.396698,0.129960,17.611099,-0.200612,-0.464590,-0.697640,0.507158,2123.950928,1532.861450,-3330.191162,2124.590576,1452.496338,-3342.854492,2139.070312,1576.767212,-3355.850342,2104.036377,1483.114868,-3292.672363,2128.106689,1619.067749,-3329.386963,2124.635254,1452.597656,-3342.910156,2139.073975,1576.667725,-3355.910645,2104.020752,1483.295288,-3292.638672,2128.070801,1618.883423,-3329.295898,2616.259521,1567.781860,-3159.789307,,,,,,,,,,,,,,,,,,,,,,,,,,,,,,,,,
6780,67.800000,0.000000,0.000000,0.000000,1.000000,0.000000,0.000000,0.000000,57.698101,20.499701,-14.700500,0.047771,-0.013570,0.015998,-15.666301,-52.738201,18.801300,-93.396698,0.129960,17.611099,-0.201089,-0.464981,-0.696793,0.507775,2122.656738,1533.471436,-3330.652100,2123.396973,1453.087402,-3343.190186,2137.682861,1577.358521,-3356.397949,2102.857910,1483.755371,-3293.031738,2126.689941,1619.684814,-3329.988037,2123.457031,1452.981689,-3343.237305,2137.646240,1577.408936,-3356.455811,2102.805420,1483.844116,-3292.979980,2126.718994,1619.649902,-3329.935547,2616.295898,1567.742310,-3159.780029,,,,,,,,,,,,,,,,,,,,,,,,,,,,,,,,,
6781,67.810000,0.000000,0.000000,0.000000,1.000000,0.000000,0.000000,0.000000,57.698101,20.499701,-14.700500,0.047771,-0.013570,0.015998,-15.666301,-52.738201,18.801300,-93.396698,0.129960,17.611099,-0.201110,-0.465764,-0.696544,0.507390,2121.416504,1533.942017,-3331.083740,2122.170166,1453.539307,-3343.500732,2136.468506,1577.790649,-3356.880127,2101.579590,1484.282104,-3293.409424,2125.447998,1620.156250,-3330.544922,2122.160400,1453.406738,-3343.467285,2136.500732,1577.984863,-3356.971680,2101.560059,1484.254517,-3293.394043,2125.447754,1620.138428,-3330.512207,2616.288818,1567.738403,-3159.768799,,,,,,,,,,,,,,,,,,,,,,,,,,,,,,,,,
6782,67.820000,0.000000,0.000000,0.000000,1.000000,0.000000,0.000000,0.000000,57.698101,20.499701,-14.700500,0.047771,-0.013570,0.015998,-15.666301,-52.738201,18.801300,-93.396698,0.129960,17.611099,-0.201270,-0.466735,-0.696422,0.506601,2120.190186,1534.388794,-3331.489258,2120.902832,1453.961548,-3343.748535,2135.311523,1578.176025,-3357.349121,2100.262207,1484.816895,-3293.747070,2124.283936,1620.600952,-3331.112305,2120.909180,1453.956665,-3343.750488,2135.354004,1578.346436,-3357.442627,2100.216064,1484.751099,-3293.668457,2124.283203,1620.515503,-3331.101318,2616.281982,1567.720093,-3159.761963,,,,,,,,,,,,,,,,,,,,,,,,,,,,,,,,,
6783,67.830000,0.000000,0.000000,0.000000,1.000000,0.000000,0.000000,0.000000,57.698101,20.499701,-14.700500,0.047771,-0.013570,0.015998,-15.666301,-52.738201,18.801300,-93.396698,0.129960,17.611099,-0.201352,-0.467613,-0.696254,0.505990,2118.893311,1534.903931,-3331.856445,2119.589111,1454.455444,-3343.977539,2134.065674,1578.640869,-3357.771729,2098.897217,1485.404663,-3294.054932,2123.021484,1621.114990,-3331.621582,2119.707520,1454.525635,-3344.027832,2133.979980,1578.695312,-3357.883301,2098.763184,1485.359131,-3293.925049,2123.115967,1621.035767,-3331.586182,2616.283691,1567.767456,-3159.770020,,,,,,,,,,,,,,,,,,,,,,,,,,,,,,,,,
6784,67.840000,0.000000,0.000000,0.000000,1.000000,0.000000,0.000000,0.000000,57.698101,20.499701,-14.700500,0.047771,-0.013570,0.015998,-15.666301,-52.738201,18.801300,-93.396698,0.129960,17.611099,-0.201728,-0.467945,-0.695742,0.506237,2117.642822,1535.414795,-3332.182373,2118.382812,1454.952148,-3344.205322,2132.770752,1579.129639,-3358.160400,2097.702148,1485.948975,-3294.308105,2121.715820,1621.628784,-3332.055420,2118.520996,1454.989136,-3344.291016,2132.646484,1579.072754,-3358.216797,2097.563232,1485.890137,-3294.173584,2121.835938,1621.704956,-3332.044189,2616.268066,1567.794312,-3159.787109,,,,,,,,,,,,,,,,,,,,,,,,,,,,,,,,,
6785,67.850000,0.000000,0.000000,0.000000,1.000000,0.000000,0.000000,0.000000,57.698101,20.499701,-14.700500,0.047771,-0.013570,0.015998,-15.666301,-52.738201,18.801300,-93.396698,0.129960,17.611099,-0.201141,-0.468488,-0.695217,0.506690,2116.513672,1535.851685,-3332.494385,2117.417480,1455.385010,-3344.479004,2131.576416,1579.583496,-3358.482178,2096.640869,1486.365234,-3294.611572,2120.420166,1622.073364,-3332.405273,2117.540283,1455.349731,-3344.542236,2131.454590,1579.569336,-3358.535889,2096.518555,1486.320557,-3294.508789,2120.540527,1622.167603,-3332.388916,2616.277100,1567.749390,-3159.786865,,,,,,,,,,,,,,,,,,,,,,,,,,,,,,,,,
6786,67.860000,0.000000,0.000000,0.000000,1.000000,0.000000,0.000000,0.000000,57.698101,20.499701,-14.700500,0.047771,-0.013570,0.015998,-15.666301,-52.738201,18.801300,-93.396698,0.129960,17.611099,-0.201051,-0.468462,-0.694830,0.507280,2115.468750,1536.182861,-3332.815674,2116.468994,1455.717407,-3344.801025,2130.458984,1579.934082,-3358.812256,2095.682617,1486.670776,-3294.920654,2119.264404,1622.409424,-3332.728271,2116.554688,1455.573120,-3344.790283,2130.358398,1580.080566,-3358.910156,2095.596191,1486.653076,-3294.886230,2119.364746,1622.429199,-3332.682373,2616.300293,1567.773804,-3159.767578,,,,,,,,,,,,,,,,,,,,,,,,,,,,,,,,,
6787,67.870000,0.000000,0.000000,0.000000,1.000000,0.000000,0.000000,0.000000,57.698101,20.499701,-14.700500,0.047771,-0.013570,0.015998,-15.666301,-52.738201,18.801300,-93.396698,0.129960,17.611099,-0.200941,-0.468414,-0.694593,0.507693,2114.424072,1536.480103,-3333.068604,2115.491943,1456.016968,-3345.064209,2129.365234,1580.247925,-3359.065430,2094.696533,1486.945557,-3295.172119,2118.142090,1622.710083,-3332.972168,2115.556396,1455.892090,-3345.092041,2129.300537,1580.390137,-3359.108887,2094.634033,1486.988159,-3295.123535,2118.203857,1622.653076,-3332.953369,2616.295898,1567.757446,-3159.777832,,,,,,,,,,,,,,,,,,,,,,,,,,,,,,,,,
6788,67.880000,0.000000,0.000000,0.000000,1.000000,0.000000,0.000000,0.000000,57.698101,20.499701,-14.700500,0.047771,-0.013570,0.015998,-15.666301,-52.738201,18.801300,-93.396698,0.129960,17.611099,-0.201287,-0.468221,-0.694865,0.507361,2113.336914,1536.829224,-3333.313721,2114.310059,1456.365479,-3345.312500,2128.321289,1580.581055,-3359.312744,2093.562744,1487.315796,-3295.414307,2117.153076,1623.054932,-3333.215088,2114.318115,1456.351074,-3345.314697,2128.331543,1580.684082,-3359.353760,2093.554199,1487.394653,-3295.403564,2117.142090,1622.876099,-3333.181396,2616.285400,1567.749512,-3159.779297,,,,,,,,,,,,,,,,,,,,,,,,,,,,,,,,,
6789,67.890000,0.000000,0.000000,0.000000,1.000000,0.000000,0.000000,0.000000,57.698101,20.499701,-14.700500,0.047771,-0.013570,0.015998,-15.666301,-52.738201,18.801300,-93.396698,0.129960,17.611099,-0.201837,-0.468256,-0.695188,0.506667,2112.270508,1537.162842,-3333.551025,2113.100098,1456.690430,-3345.502930,2127.334717,1580.872437,-3359.574707,2092.405762,1487.707031,-3295.623535,2116.241699,1623.381470,-3333.502441,2113.096680,1456.782104,-3345.482178,2127.355225,1580.871338,-3359.620850,2092.424072,1487.812988,-3295.656006,2116.201416,1623.164429,-3333.437256,2616.313232,1567.758057,-3159.781006,,,,,,,,,,,,,,,,,,,,,,,,,,,,,,,,,
6790,67.900000,0.000000,0.000000,0.000000,1.000000,0.000000,0.000000,0.000000,57.698101,20.499701,-14.700500,0.047771,-0.013570,0.015998,-15.666301,-52.738201,18.801300,-93.396698,0.129960,17.611099,-0.201838,-0.468647,-0.695632,0.505695,2111.160645,1537.433960,-3333.703857,2111.875488,1456.954102,-3345.612549,2126.335449,1581.105225,-3359.728027,2091.158447,1488.030640,-3295.780273,2115.273438,1623.646118,-3333.694336,2111.879395,1456.961548,-3345.671875,2126.390381,1581.075195,-3359.767578,2091.162598,1488.166748,-3295.731934,2115.207764,1623.534546,-3333.636963,2616.323242,1567.748413,-3159.770508,,,,,,,,,,,,,,,,,,,,,,,,,,,,,,,,,
6791,67.910000,0.000000,0.000000,0.000000,1.000000,0.000000,0.000000,0.000000,57.698101,20.499701,-14.700500,0.047771,-0.013570,0.015998,-15.666301,-52.738201,18.801300,-93.396698,0.129960,17.611099,-0.201912,-0.468843,-0.695738,0.505337,2109.994629,1537.658691,-3333.837646,2110.667236,1457.173706,-3345.714600,2125.207520,1581.310669,-3359.871826,2089.945068,1488.282227,-3295.904053,2114.158936,1623.868286,-3333.860107,2110.716309,1457.067017,-3345.800293,2125.209961,1581.347656,-3359.921387,2089.880859,1488.294678,-3295.789062,2114.171143,1623.918457,-3333.839844,2616.313477,1567.724121,-3159.770752,,,,,,,,,,,,,,,,,,,,,,,,,,,,,,,,,
6792,67.920000,0.000000,0.000000,0.000000,1.000000,0.000000,0.000000,0.000000,57.698101,20.499701,-14.700500,0.047771,-0.013570,0.015998,-15.666301,-52.738201,18.801300,-93.396698,0.129960,17.611099,-0.201245,-0.469056,-0.695620,0.505569,2108.898682,1537.942505,-3333.981201,2109.674561,1457.462646,-3345.886475,2124.083984,1581.621460,-3359.986328,2088.872559,1488.529297,-3296.083252,2112.963379,1624.156982,-3333.968994,2109.776855,1457.351318,-3345.936035,2123.969727,1581.689087,-3360.010742,2088.756104,1488.431152,-3295.981934,2113.095703,1624.298828,-3333.993896,2616.304932,1567.736328,-3159.771729,,,,,,,,,,,,,,,,,,,,,,,,,,,,,,,,,
6793,67.930000,0.000000,0.000000,0.000000,1.000000,0.000000,0.000000,0.000000,57.698101,20.499701,-14.700500,0.047771,-0.013570,0.015998,-15.666301,-52.738201,18.801300,-93.396698,0.129960,17.611099,-0.201114,-0.468717,-0.695269,0.506417,2107.904785,1538.108154,-3334.123291,2108.790039,1457.636841,-3346.079102,2122.995117,1581.826050,-3360.118164,2087.995605,1488.641113,-3296.233887,2111.838135,1624.328613,-3334.062256,2108.909668,1457.521606,-3346.115967,2122.830811,1581.903564,-3360.122559,2087.885498,1488.593994,-3296.171143,2111.996094,1624.416138,-3334.086182,2616.272705,1567.747559,-3159.772705,,,,,,,,,,,,,,,,,,,,,,,,,,,,,,,,,
6794,67.940000,0.000000,0.000000,0.000000,1.000000,0.000000,0.000000,0.000000,57.698101,20.499701,-14.700500,0.047771,-0.013570,0.015998,-15.666301,-52.738201,18.801300,-93.396698,0.129960,17.611099,-0.200074,-0.469157,-0.695112,0.506638,2106.954590,1538.283203,-3334.274170,2107.989502,1457.818115,-3346.259033,2122.016113,1582.035522,-3360.227539,2087.063965,1488.769531,-3296.435547,2110.748291,1624.509888,-3334.173584,2108.075439,1457.687744,-3346.279053,2121.892822,1582.126831,-3360.229980,2086.999756,1488.815552,-3296.419189,2110.849854,1624.499756,-3334.169434,2616.288818,1567.757202,-3159.780762,,,,,,,,,,,,,,,,,,,,,,,,,,,,,,,,,
6795,67.950000,0.000000,0.000000,0.000000,1.000000,0.000000,0.000000,0.000000,57.698101,20.499701,-14.700500,0.047771,-0.013570,0.015998,-15.666301,-52.738201,18.801300,-93.396698,0.129960,17.611099,-0.199309,-0.469399,-0.695226,0.506559,2105.909912,1538.481567,-3334.412842,2107.009277,1458.023315,-3346.437744,2120.982910,1582.256104,-3360.322510,2085.994385,1488.936768,-3296.628418,2109.652832,1624.710449,-3334.262695,2107.043213,1457.945190,-3346.399902,2120.924072,1582.367188,-3360.372314,2085.976074,1489.032715,-3296.672607,2109.695312,1624.580444,-3334.205811,2616.263672,1567.731812,-3159.781494,,,,,,,,,,,,,,,,,,,,,,,,,,,,,,,,,
6796,67.960000,0.000000,0.000000,0.000000,1.000000,0.000000,0.000000,0.000000,57.698101,20.499701,-14.700500,0.047771,-0.013570,0.015998,-15.666301,-52.738201,18.801300,-93.396698,0.129960,17.611099,-0.199483,-0.469401,-0.695387,0.506267,2104.886475,1538.699219,-3334.555420,2105.928223,1458.238525,-3346.568604,2119.994141,1582.459106,-3360.469727,2084.931152,1489.174438,-3296.765869,2108.692383,1624.925415,-3334.416992,2105.912598,1458.259521,-3346.549805,2120.029785,1582.529663,-3360.509277,2084.961670,1489.325073,-3296.803955,2108.636963,1624.650635,-3334.352295,2616.296143,1567.766357,-3159.774414,,,,,,,,,,,,,,,,,,,,,,,,,,,,,,,,,
6797,67.970000,0.000000,0.000000,0.000000,1.000000,0.000000,0.000000,0.000000,57.698101,20.499701,-14.700500,0.047771,-0.013570,0.015998,-15.666301,-52.738201,18.801300,-93.396698,0.129960,17.611099,-0.199398,-0.469657,-0.695759,0.505551,2103.913086,1538.876343,-3334.721680,2104.873291,1458.411865,-3346.716797,2119.104004,1582.612671,-3360.626709,2083.853516,1489.383057,-3296.945557,2107.821777,1625.097900,-3334.596680,2104.882080,1458.507080,-3346.722412,2119.124268,1582.618652,-3360.671387,2083.855225,1489.481812,-3296.941895,2107.786621,1624.875244,-3334.542969,2616.266846,1567.746216,-3159.784912,,,,,,,,,,,,,,,,,,,,,,,,,,,,,,,,,
6798,67.980000,0.000000,0.000000,0.000000,1.000000,0.000000,0.000000,0.000000,57.698101,20.499701,-14.700500,0.047771,-0.013570,0.015998,-15.666301,-52.738201,18.801300,-93.396698,0.129960,17.611099,-0.199200,-0.470045,-0.696388,0.504401,2102.822266,1538.973022,-3334.917236,2103.653809,1458.504272,-3346.894287,2118.147705,1582.674927,-3360.801270,2082.593506,1489.525757,-3297.171387,2106.894043,1625.186890,-3334.802490,2103.656494,1458.505005,-3346.909424,2118.178955,1582.713745,-3360.845703,2082.592041,1489.609741,-3297.152832,2106.859131,1625.057251,-3334.757080,2616.309814,1567.770874,-3159.776123,,,,,,,,,,,,,,,,,,,,,,,,,,,,,,,,,
6799,67.990000,0.000000,0.000000,0.000000,1.000000,0.000000,0.000000,0.000000,57.698101,20.499701,-14.700500,0.047771,-0.013570,0.015998,-15.666301,-52.738201,18.801300,-93.396698,0.129960,17.611099,-0.199342,-0.470190,-0.696519,0.504029,2101.719727,1539.024170,-3335.117188,2102.497070,1458.550415,-3347.063721,2117.085693,1582.705322,-3361.011719,2081.441895,1489.605713,-3297.359863,2105.853760,1625.235229,-3335.032715,2102.556885,1458.491333,-3347.119141,2117.056396,1582.711548,-3361.065430,2081.375244,1489.605957,-3297.278320,2105.889160,1625.286133,-3335.003906,2616.312988,1567.784180,-3159.777100,,,,,,,,,,,,,,,,,,,,,,,,,,,,,,,,,
6800,68.000000,0.000000,0.000000,0.000000,1.000000,0.000000,0.000000,0.000000,57.698101,20.499701,-14.700500,0.047771,-0.013570,0.015998,-15.666301,-52.738201,18.801300,-93.396698,0.129960,17.611099,-0.199527,-0.469869,-0.696509,0.504269,2100.671143,1539.116821,-3335.343018,2101.442383,1458.647339,-3347.318359,2116.014404,1582.807739,-3361.235107,2080.425781,1489.684448,-3297.586670,2104.801758,1625.328125,-3335.231934,2101.536133,1458.567505,-3347.412354,2115.941406,1582.812744,-3361.249023,2080.326416,1489.653687,-3297.463135,2104.883057,1625.430908,-3335.245117,2616.259033,1567.757202,-3159.784912,,,,,,,,,,,,,,,,,,,,,,,,,,,,,,,,,
6801,68.010000,0.000000,0.000000,0.000000,1.000000,0.000000,0.000000,0.000000,57.698101,20.499701,-14.700500,0.047771,-0.013570,0.015998,-15.666301,-52.738201,18.801300,-93.396698,0.129960,17.611099,-0.198698,-0.469896,-0.696371,0.504762,2099.697266,1539.217773,-3335.639404,2100.606689,1458.760132,-3347.683838,2114.987061,1582.955933,-3361.483398,2079.507080,1489.720093,-3297.939209,2103.688477,1625.435425,-3335.451172,2100.733154,1458.639771,-3347.752930,2114.845947,1583.004517,-3361.499512,2079.391113,1489.701172,-3297.847900,2103.824707,1625.523071,-3335.459473,2616.277100,1567.774780,-3159.795898,,,,,,,,,,,,,,,,,,,,,,,,,,,,,,,,,
6802,68.020000,0.000000,0.000000,0.000000,1.000000,0.000000,0.000000,0.000000,57.698101,20.499701,-14.700500,0.047771,-0.013570,0.015998,-15.666301,-52.738201,18.801300,-93.396698,0.129960,17.611099,-0.197979,-0.470152,-0.696109,0.505167,2098.780273,1539.287109,-3335.974609,2099.827881,1458.834351,-3348.041260,2114.019531,1583.057007,-3361.794189,2078.640137,1489.746216,-3298.304199,2102.632812,1625.510986,-3335.758789,2099.924072,1458.651489,-3348.086670,2113.904541,1583.179565,-3361.805908,2078.552979,1489.745728,-3298.242676,2102.743164,1625.563354,-3335.768066,2616.263672,1567.758667,-3159.791016,,,,,,,,,,,,,,,,,,,,,,,,,,,,,,,,,
6803,68.030000,0.000000,0.000000,0.000000,1.000000,0.000000,0.000000,0.000000,57.698101,20.499701,-14.700500,0.047771,-0.013570,0.015998,-15.666301,-52.738201,18.801300,-93.396698,0.129960,17.611099,-0.197912,-0.469948,-0.695889,0.505686,2097.833496,1539.308228,-3336.323242,2098.947510,1458.860596,-3348.418701,2113.014404,1583.101318,-3362.137939,2077.765381,1489.735474,-3298.656250,2101.606201,1625.535522,-3336.079834,2099.011475,1458.718262,-3348.440918,2112.941895,1583.282837,-3362.172363,2077.705811,1489.792603,-3298.617188,2101.673584,1625.445435,-3336.066406,2616.269287,1567.734741,-3159.782471,,,,,,,,,,,,,,,,,,,,,,,,,,,,,,,,,
6804,68.040000,0.000000,0.000000,0.000000,1.000000,0.000000,0.000000,0.000000,57.698101,20.499701,-14.700500,0.047771,-0.013570,0.015998,-15.666301,-52.738201,18.801300,-93.396698,0.129960,17.611099,-0.197689,-0.470097,-0.696016,0.505460,2096.843750,1539.368896,-3336.740234,2097.952393,1458.921753,-3348.838867,2112.051270,1583.160522,-3362.541992,2076.739746,1489.797852,-3299.090332,2100.631592,1625.595581,-3336.489990,2097.960449,1458.803833,-3348.827148,2112.048584,1583.317261,-3362.585205,2076.733643,1489.895752,-3299.100342,2100.632568,1625.460449,-3336.448486,2616.320312,1567.771118,-3159.767334,,,,,,,,,,,,,,,,,,,,,,,,,,,,,,,,,
6805,68.050000,0.000000,0.000000,0.000000,1.000000,0.000000,0.000000,0.000000,57.698101,20.499701,-14.700500,0.047771,-0.013570,0.015998,-15.666301,-52.738201,18.801300,-93.396698,0.129960,17.611099,-0.198694,-0.469753,-0.696096,0.505275,2095.936523,1539.502441,-3337.168945,2096.912354,1459.047363,-3349.226074,2111.166504,1583.258667,-3363.017578,2075.820312,1489.980103,-3299.461426,2099.847168,1625.723755,-3336.970459,2096.932129,1459.028687,-3349.239746,2111.163818,1583.356445,-3363.052246,2075.806885,1490.095947,-3299.447021,2099.841553,1625.512573,-3336.931641,2616.318359,1567.755249,-3159.775146,,,,,,,,,,,,,,,,,,,,,,,,,,,,,,,,,
6806,68.060000,0.000000,0.000000,0.000000,1.000000,0.000000,0.000000,0.000000,57.698101,20.499701,-14.700500,0.047771,-0.013570,0.015998,-15.666301,-52.738201,18.801300,-93.396698,0.129960,17.611099,-0.198179,-0.470364,-0.696577,0.504244,2094.956055,1539.541138,-3337.630371,2095.865967,1459.081421,-3349.661865,2110.302734,1583.271729,-3363.453369,2074.686768,1490.053833,-3299.958984,2098.969238,1625.757812,-3337.447021,2095.872559,1459.140991,-3349.694336,2110.345947,1583.355957,-3363.496826,2074.671631,1490.123779,-3299.902832,2098.929688,1625.514771,-3337.424316,2616.282959,1567.734009,-3159.773682,,,,,,,,,,,,,,,,,,,,,,,,,,,,,,,,,
6807,68.070000,0.000000,0.000000,0.000000,1.000000,0.000000,0.000000,0.000000,57.698101,20.499701,-14.700500,0.047771,-0.013570,0.015998,-15.666301,-52.738201,18.801300,-93.396698,0.129960,17.611099,-0.197827,-0.471133,-0.696748,0.503429,2093.903809,1539.554810,-3338.107422,2094.784668,1459.083984,-3350.066406,2109.333984,1583.252441,-3363.936523,2073.521973,1490.114258,-3300.435303,2097.974365,1625.768921,-3337.991211,2094.843994,1459.100220,-3350.130371,2109.328369,1583.322632,-3364.008789,2073.450684,1490.161621,-3300.327881,2097.989502,1625.631592,-3337.957275,2616.276367,1567.751587,-3159.781738,,,,,,,,,,,,,,,,,,,,,,,,,,,,,,,,,
6808,68.080000,0.000000,0.000000,0.000000,1.000000,0.000000,0.000000,0.000000,57.698101,20.499701,-14.700500,0.047771,-0.013570,0.015998,-15.666301,-52.738201,18.801300,-93.396698,0.129960,17.611099,-0.198743,-0.470825,-0.696506,0.503690,2092.930176,1539.591553,-3338.610596,2093.757568,1459.113037,-3350.521484,2108.326904,1583.267334,-3364.496582,2072.602539,1490.181885,-3300.868652,2097.033203,1625.804077,-3338.555908,2093.842529,1459.100708,-3350.616943,2108.273926,1583.265625,-3364.512939,2072.519287,1490.210205,-3300.753662,2097.083008,1625.791016,-3338.556641,2616.262939,1567.749512,-3159.790771,,,,,,,,,,,,,,,,,,,,,,,,,,,,,,,,,
6809,68.090000,0.000000,0.000000,0.000000,1.000000,0.000000,0.000000,0.000000,57.698101,20.499701,-14.700500,0.047771,-0.013570,0.015998,-15.666301,-52.738201,18.801300,-93.396698,0.129960,17.611099,-0.198479,-0.471045,-0.696393,0.503745,2091.973877,1539.611572,-3339.186279,2092.849609,1459.132080,-3351.086670,2107.360352,1583.292114,-3365.069824,2071.653564,1490.196167,-3301.447998,2096.031738,1625.826294,-3339.140137,2092.961914,1459.116211,-3351.159912,2107.261475,1583.249146,-3365.116943,2071.545654,1490.177246,-3301.345947,2096.125244,1625.903564,-3339.119629,2616.270508,1567.751953,-3159.784424,,,,,,,,,,,,,,,,,,,,,,,,,,,,,,,,,
6810,68.100000,0.000000,0.000000,0.000000,1.000000,0.000000,0.000000,0.000000,57.698101,20.499701,-14.700500,0.047771,-0.013570,0.015998,-15.666301,-52.738201,18.801300,-93.396698,0.129960,17.611099,-0.198058,-0.471245,-0.696026,0.504232,2091.057129,1539.663086,-3339.770752,2092.057617,1459.184937,-3351.670410,2106.381836,1583.366821,-3365.652100,2070.805176,1490.216797,-3302.036133,2094.983643,1625.883789,-3339.724609,2092.177979,1459.120483,-3351.761475,2106.280029,1583.313599,-3365.696045,2070.694092,1490.215332,-3301.926514,2095.079346,1626.003906,-3339.698242,2616.282959,1567.769165,-3159.778076,,,,,,,,,,,,,,,,,,,,,,,,,,,,,,,,,
6811,68.110000,0.000000,0.000000,0.000000,1.000000,0.000000,0.000000,0.000000,57.698101,20.499701,-14.700500,0.047771,-0.013570,0.015998,-15.666301,-52.738201,18.801300,-93.396698,0.129960,17.611099,-0.197582,-0.471157,-0.695718,0.504925,2090.240234,1539.699585,-3340.376709,2091.374512,1459.230225,-3352.323730,2105.485840,1583.444336,-3366.235352,2070.079590,1490.197021,-3302.666992,2094.020996,1625.926880,-3340.280518,2091.476318,1459.170166,-3352.391846,2105.391357,1583.429932,-3366.267334,2069.990723,1490.223145,-3302.589111,2094.103516,1625.973389,-3340.258301,2616.295410,1567.760742,-3159.783447,,,,,,,,,,,,,,,,,,,,,,,,,,,,,,,,,
6812,68.120000,0.000000,0.000000,0.000000,1.000000,0.000000,0.000000,0.000000,57.698101,20.499701,-14.700500,0.047771,-0.013570,0.015998,-15.666301,-52.738201,18.801300,-93.396698,0.129960,17.611099,-0.197041,-0.471045,-0.695640,0.505348,2089.404541,1539.689453,-3341.003418,2090.632324,1459.230957,-3353.014160,2104.606201,1583.472046,-3366.824219,2069.291992,1490.134155,-3303.337402,2093.087646,1625.920776,-3340.837891,2090.691406,1459.102295,-3353.026367,2104.540771,1583.555298,-3366.867188,2069.240723,1490.167236,-3303.315674,2093.146240,1625.927856,-3340.807617,2616.302246,1567.731812,-3159.772217,,,,,,,,,,,,,,,,,,,,,,,,,,,,,,,,,
6813,68.130000,0.000000,0.000000,0.000000,1.000000,0.000000,0.000000,0.000000,57.698101,20.499701,-14.700500,0.047771,-0.013570,0.015998,-15.666301,-52.738201,18.801300,-93.396698,0.129960,17.611099,-0.197037,-0.470729,-0.695427,0.505937,2088.608398,1539.662598,-3341.658203,2089.898438,1459.210938,-3353.708252,2103.745361,1583.471313,-3367.472412,2068.577148,1490.071167,-3303.996338,2092.212891,1625.897217,-3341.455322,2089.932129,1459.030029,-3353.712646,2103.705811,1583.639160,-3367.506836,2068.543213,1490.115967,-3303.980713,2092.251953,1625.863403,-3341.437012,2616.315674,1567.752197,-3159.760254,,,,,,,,,,,,,,,,,,,,,,,,,,,,,,,,,
6814,68.140000,0.000000,0.000000,0.000000,1.000000,0.000000,0.000000,0.000000,57.698101,20.499701,-14.700500,0.047771,-0.013570,0.015998,-15.666301,-52.738201,18.801300,-93.396698,0.129960,17.611099,-0.196508,-0.470792,-0.695496,0.505989,2087.814453,1539.637085,-3342.382080,2089.156250,1459.192627,-3354.474609,2102.948486,1583.467651,-3368.161133,2067.780029,1490.014893,-3304.762695,2091.373535,1625.873413,-3342.130127,2089.180664,1459.009644,-3354.459717,2102.921387,1583.646362,-3368.217529,2067.760254,1490.113159,-3304.773926,2091.395996,1625.779297,-3342.080322,2616.260742,1567.757080,-3159.786865,,,,,,,,,,,,,,,,,,,,,,,,,,,,,,,,,
6815,68.150000,0.000000,0.000000,0.000000,1.000000,0.000000,0.000000,0.000000,57.698101,20.499701,-14.700500,0.047771,-0.013570,0.015998,-15.666301,-52.738201,18.801300,-93.396698,0.129960,17.611099,-0.196463,-0.470591,-0.695577,0.506082,2087.010986,1539.642334,-3343.091309,2088.351318,1459.203125,-3355.219238,2102.139404,1583.484253,-3368.854004,2066.984375,1490.003418,-3305.489258,2090.569336,1625.878662,-3342.802246,2088.362549,1459.092285,-3355.225342,2102.150146,1583.612305,-3368.908447,2066.972412,1490.100342,-3305.478271,2090.559814,1625.765503,-3342.753418,2616.290527,1567.760864,-3159.787842,,,,,,,,,,,,,,,,,,,,,,,,,,,,,,,,,
6816,68.160000,0.000000,0.000000,0.000000,1.000000,0.000000,0.000000,0.000000,57.698101,20.499701,-14.700500,0.047771,-0.013570,0.015998,-15.666301,-52.738201,18.801300,-93.396698,0.129960,17.611099,-0.197156,-0.469842,-0.695841,0.506146,2086.240479,1539.646118,-3343.818848,2087.469727,1459.213013,-3355.998291,2101.375000,1583.486938,-3369.580322,2066.221191,1490.006714,-3306.213867,2089.896240,1625.878174,-3343.482910,2087.481445,1459.183838,-3355.971436,2101.360840,1583.603638,-3369.628662,2066.218994,1490.117065,-3306.245361,2089.899902,1625.665771,-3343.427979,2616.286377,1567.768188,-3159.778076,,,,,,,,,,,,,,,,,,,,,,,,,,,,,,,,,
6817,68.170000,0.000000,0.000000,0.000000,1.000000,0.000000,0.000000,0.000000,57.698101,20.499701,-14.700500,0.047771,-0.013570,0.015998,-15.666301,-52.738201,18.801300,-93.396698,0.129960,17.611099,-0.197330,-0.469598,-0.696165,0.505859,2085.461182,1539.654297,-3344.587158,2086.609863,1459.224243,-3356.795166,2100.636475,1583.489136,-3370.334473,2065.396240,1490.021362,-3306.997803,2089.201904,1625.882446,-3344.221191,2086.604004,1459.290405,-3356.797607,2100.668945,1583.542480,-3370.363525,2065.408447,1490.129028,-3306.997070,2089.156738,1625.619629,-3344.183838,2616.277344,1567.744629,-3159.780762,,,,,,,,,,,,,,,,,,,,,,,,,,,,,,,,,
6818,68.180000,0.000000,0.000000,0.000000,1.000000,0.000000,0.000000,0.000000,57.698101,20.499701,-14.700500,0.047771,-0.013570,0.015998,-15.666301,-52.738201,18.801300,-93.396698,0.129960,17.611099,-0.196858,-0.469860,-0.696368,0.505520,2084.668457,1539.650024,-3345.340332,2085.822754,1459.221924,-3357.560059,2099.883545,1583.487427,-3371.059814,2064.547607,1490.013428,-3307.785889,2088.419922,1625.877808,-3344.954834,2085.847412,1459.337646,-3357.592773,2099.899170,1583.513794,-3371.099854,2064.525146,1490.082275,-3307.737549,2088.400146,1625.642700,-3344.927002,2616.278076,1567.752563,-3159.775146,,,,,,,,,,,,,,,,,,,,,,,,,,,,,,,,,
6819,68.190000,0.000000,0.000000,0.000000,1.000000,0.000000,0.000000,0.000000,57.698101,20.499701,-14.700500,0.047771,-0.013570,0.015998,-15.666301,-52.738201,18.801300,-93.396698,0.129960,17.611099,-0.196654,-0.469614,-0.696566,0.505554,2083.791992,1539.576538,-3346.109619,2084.942627,1459.157471,-3358.389648,2099.011719,1583.432251,-3371.795166,2063.665039,1489.912964,-3308.593994,2087.548584,1625.803711,-3345.659180,2084.997314,1459.203247,-3358.435059,2098.983154,1583.465088,-3371.831055,2063.614746,1489.972168,-3308.531738,2087.573975,1625.657593,-3345.638184,2616.276611,1567.752319,-3159.787354,,,,,,,,,,,,,,,,,,,,,,,,,,,,,,,,,
6820,68.200000,0.000000,0.000000,0.000000,1.000000,0.000000,0.000000,0.000000,57.698101,20.499701,-14.700500,0.047771,-0.013570,0.015998,-15.666301,-52.738201,18.801300,-93.396698,0.129960,17.611099,-0.196936,-0.469267,-0.696819,0.505419,2082.970947,1539.512207,-3346.857666,2084.047363,1459.096924,-3359.169189,2098.214355,1583.364746,-3372.534424,2062.821289,1489.851196,-3309.351074,2086.800293,1625.735962,-3346.376465,2084.145508,1459.091309,-3359.219727,2098.108887,1583.371582,-3372.555420,2062.744629,1489.916626,-3309.299561,2086.884766,1625.669556,-3346.356445,2616.285156,1567.716309,-3159.771484,,,,,,,,,,,,,,,,,,,,,,,,,,,,,,,,,
6821,68.210000,0.000000,0.000000,0.000000,1.000000,0.000000,0.000000,0.000000,57.698101,20.499701,-14.700500,0.047771,-0.013570,0.015998,-15.666301,-52.738201,18.801300,-93.396698,0.129960,17.611099,-0.196455,-0.469276,-0.697015,0.505326,2082.115479,1539.428589,-3347.674072,2083.212402,1459.021240,-3360.034668,2097.375000,1583.299072,-3373.310791,2061.940674,1489.741821,-3310.215088,2085.933594,1625.652588,-3347.135986,2083.333984,1458.999756,-3360.109131,2097.260254,1583.266357,-3373.352539,2061.834717,1489.766235,-3310.125732,2086.031494,1625.681763,-3347.109375,2616.280762,1567.733643,-3159.772705,,,,,,,,,,,,,,,,,,,,,,,,,,,,,,,,,
6822,68.220000,0.000000,0.000000,0.000000,1.000000,0.000000,0.000000,0.000000,57.698101,20.499701,-14.700500,0.047771,-0.013570,0.015998,-15.666301,-52.738201,18.801300,-93.396698,0.129960,17.611099,-0.196084,-0.469181,-0.696910,0.505704,2081.249512,1539.347046,-3348.491699,2082.422852,1458.947510,-3360.896973,2096.468262,1583.246216,-3374.103516,2061.120850,1489.620361,-3311.060791,2084.986328,1625.574341,-3347.905273,2082.537842,1458.867188,-3360.993164,2096.373047,1583.215332,-3374.134521,2061.018555,1489.645386,-3310.955078,2085.072510,1625.658569,-3347.884277,2616.322998,1567.780273,-3159.770508,,,,,,,,,,,,,,,,,,,,,,,,,,,,,,,,,
6823,68.230000,0.000000,0.000000,0.000000,1.000000,0.000000,0.000000,0.000000,57.698101,20.499701,-14.700500,0.047771,-0.013570,0.015998,-15.666301,-52.738201,18.801300,-93.396698,0.129960,17.611099,-0.195492,-0.469206,-0.696919,0.505898,2080.386475,1539.288208,-3349.344971,2081.634277,1458.897705,-3361.801514,2095.586182,1583.216553,-3374.917969,2060.273682,1489.520508,-3311.959961,2084.051514,1625.518066,-3348.699951,2081.707031,1458.789673,-3361.860107,2095.535156,1583.217285,-3374.963379,2060.203613,1489.527344,-3311.887695,2084.104980,1625.616577,-3348.668457,2616.272949,1567.755127,-3159.779785,,,,,,,,,,,,,,,,,,,,,,,,,,,,,,,,,
6824,68.240000,0.000000,0.000000,0.000000,1.000000,0.000000,0.000000,0.000000,57.698101,20.499701,-14.700500,0.047771,-0.013570,0.015998,-15.666301,-52.738201,18.801300,-93.396698,0.129960,17.611099,-0.194993,-0.469205,-0.696777,0.506287,2079.533936,1539.218872,-3350.197754,2080.878174,1458.836548,-3362.696289,2094.690186,1583.178223,-3375.743652,2059.468262,1489.408447,-3312.844482,2083.099609,1625.452637,-3349.506592,2080.936279,1458.748779,-3362.750244,2094.656494,1583.246338,-3375.783203,2059.394287,1489.372070,-3312.750732,2083.148193,1625.504028,-3349.505371,2616.276855,1567.758057,-3159.788818,,,,,,,,,,,,,,,,,,,,,,,,,,,,,,,,,
6825,68.250000,0.000000,0.000000,0.000000,1.000000,0.000000,0.000000,0.000000,57.698101,20.499701,-14.700500,0.047771,-0.013570,0.015998,-15.666301,-52.738201,18.801300,-93.396698,0.129960,17.611099,-0.194248,-0.469414,-0.696611,0.506607,2078.770020,1539.156494,-3351.115723,2080.237061,1458.781494,-3363.647705,2093.887207,1583.147705,-3376.629150,2058.740967,1489.302002,-3313.801514,2082.214600,1625.394653,-3350.384277,2080.280762,1458.638794,-3363.692383,2093.881348,1583.274414,-3376.698975,2058.680176,1489.309326,-3313.719971,2082.237549,1625.401123,-3350.357666,2616.243164,1567.743652,-3159.793457,,,,,,,,,,,,,,,,,,,,,,,,,,,,,,,,,
6826,68.260000,0.000000,0.000000,0.000000,1.000000,0.000000,0.000000,0.000000,57.698101,20.499701,-14.700500,0.047771,-0.013570,0.015998,-15.666301,-52.738201,18.801300,-93.396698,0.129960,17.611099,-0.193771,-0.469400,-0.696260,0.507284,2077.987061,1539.074463,-3352.023682,2079.592773,1458.707520,-3364.590820,2093.024414,1583.103149,-3377.519531,2058.049316,1489.168823,-3314.728760,2081.281494,1625.318237,-3351.254883,2079.615479,1458.591064,-3364.595459,2093.002930,1583.238403,-3377.549072,2058.025146,1489.216064,-3314.714355,2081.304199,1625.254395,-3351.237549,2616.282471,1567.748291,-3159.779297,,,,,,,,,,,,,,,,,,,,,,,,,,,,,,,,,
6827,68.270000,0.000000,0.000000,0.000000,1.000000,0.000000,0.000000,0.000000,57.698101,20.499701,-14.700500,0.047771,-0.013570,0.015998,-15.666301,-52.738201,18.801300,-93.396698,0.129960,17.611099,-0.192831,-0.469642,-0.696219,0.507475,2077.214600,1538.938477,-3352.939209,2078.940918,1458.582031,-3365.556396,2092.230225,1583.003174,-3378.385986,2057.290283,1488.983154,-3315.703857,2080.397461,1625.185913,-3352.109863,2078.960449,1458.449219,-3365.531250,2092.200195,1583.162964,-3378.433350,2057.271973,1489.040161,-3315.719482,2080.425049,1625.105225,-3352.074463,2616.286865,1567.731567,-3159.774902,,,,,,,,,,,,,,,,,,,,,,,,,,,,,,,,,
6828,68.280000,0.000000,0.000000,0.000000,1.000000,0.000000,0.000000,0.000000,57.698101,20.499701,-14.700500,0.047771,-0.013570,0.015998,-15.666301,-52.738201,18.801300,-93.396698,0.129960,17.611099,-0.192671,-0.469440,-0.696211,0.507734,2076.433838,1538.836792,-3353.834961,2078.192383,1458.487915,-3366.495850,2091.424316,1582.921753,-3379.261475,2056.540039,1488.852783,-3316.622070,2079.578857,1625.085205,-3352.960205,2078.201172,1458.364868,-3366.502441,2091.441895,1583.097168,-3379.321289,2056.518799,1488.904541,-3316.592529,2079.575439,1624.988647,-3352.928467,2616.289307,1567.747559,-3159.769531,,,,,,,,,,,,,,,,,,,,,,,,,,,,,,,,,
6829,68.290000,0.000000,0.000000,0.000000,1.000000,0.000000,0.000000,0.000000,57.698101,20.499701,-14.700500,0.047771,-0.013570,0.015998,-15.666301,-52.738201,18.801300,-93.396698,0.129960,17.611099,-0.192411,-0.469176,-0.696555,0.507605,2075.676514,1538.718262,-3354.731201,2077.408203,1458.380127,-3367.464355,2090.692627,1582.820312,-3380.112793,2055.750488,1488.708130,-3317.570801,2078.854248,1624.964600,-3353.777344,2077.430420,1458.334473,-3367.428955,2090.656738,1582.965210,-3380.165771,2055.729492,1488.750977,-3317.589111,2078.889404,1624.823120,-3353.743164,2616.287109,1567.750977,-3159.775635,,,,,,,,,,,,,,,,,,,,,,,,,,,,,,,,,
6830,68.300000,0.000000,0.000000,0.000000,1.000000,0.000000,0.000000,0.000000,57.698101,20.499701,-14.700500,0.047771,-0.013570,0.015998,-15.666301,-52.738201,18.801300,-93.396698,0.129960,17.611099,-0.192428,-0.468959,-0.696963,0.507239,2074.944336,1538.613770,-3355.613281,2076.597168,1458.280640,-3368.388184,2090.011963,1582.713989,-3380.967529,2054.957520,1488.604492,-3318.484131,2078.210205,1624.856323,-3354.612793,2076.604248,1458.267456,-3368.372070,2090.015137,1582.859985,-3381.013672,2054.946289,1488.660034,-3318.481689,2078.212402,1624.657227,-3354.586914,2616.289795,1567.708252,-3159.769775,,,,,,,,,,,,,,,,,,,,,,,,,,,,,,,,,
6831,68.310000,0.000000,0.000000,0.000000,1.000000,0.000000,0.000000,0.000000,57.698101,20.499701,-14.700500,0.047771,-0.013570,0.015998,-15.666301,-52.738201,18.801300,-93.396698,0.129960,17.611099,-0.191985,-0.468775,-0.697461,0.506893,2074.231689,1538.508057,-3356.468506,2075.845215,1458.187256,-3369.325439,2089.351562,1582.624756,-3381.762695,2054.177490,1488.473022,-3319.410156,2077.551758,1624.747437,-3355.375244,2075.866211,1458.249634,-3369.273193,2089.315430,1582.712524,-3381.815186,2054.164062,1488.516602,-3319.445557,2077.583496,1624.530762,-3355.335205,2616.293213,1567.750854,-3159.767578,,,,,,,,,,,,,,,,,,,,,,,,,,,,,,,,,
6832,68.320000,0.000000,0.000000,0.000000,1.000000,0.000000,0.000000,0.000000,57.698101,20.499701,-14.700500,0.047771,-0.013570,0.015998,-15.666301,-52.738201,18.801300,-93.396698,0.129960,17.611099,-0.192369,-0.468308,-0.697696,0.506855,2073.481445,1538.361084,-3357.318604,2075.017090,1458.044922,-3370.214355,2088.615967,1582.477051,-3382.605713,2053.418701,1488.325317,-3320.266113,2076.874512,1624.597046,-3356.188232,2075.010742,1458.124756,-3370.193604,2088.627197,1582.537109,-3382.622070,2053.428467,1488.383057,-3320.281738,2076.857422,1624.373169,-3356.175537,2616.295166,1567.748535,-3159.782715,,,,,,,,,,,,,,,,,,,,,,,,,,,,,,,,,
6833,68.330000,0.000000,0.000000,0.000000,1.000000,0.000000,0.000000,0.000000,57.698101,20.499701,-14.700500,0.047771,-0.013570,0.015998,-15.666301,-52.738201,18.801300,-93.396698,0.129960,17.611099,-0.191768,-0.468477,-0.698265,0.506143,2072.755127,1538.259521,-3358.174805,2074.239258,1457.950073,-3371.118652,2087.979004,1582.377197,-3383.405273,2052.574951,1488.219482,-3321.192139,2076.227051,1624.491577,-3356.983398,2074.245605,1458.073364,-3371.065186,2087.957764,1582.365723,-3383.431885,2052.590576,1488.294678,-3321.255859,2076.228271,1624.292847,-3356.938721,2616.318115,1567.768188,-3159.766113,,,,,,,,,,,,,,,,,,,,,,,,,,,,,,,,,
6834,68.340000,0.000000,0.000000,0.000000,1.000000,0.000000,0.000000,0.000000,57.698101,20.499701,-14.700500,0.047771,-0.013570,0.015998,-15.666301,-52.738201,18.801300,-93.396698,0.129960,17.611099,-0.191803,-0.468505,-0.698513,0.505761,2072.006836,1538.078247,-3358.992432,2073.431885,1457.767700,-3371.936279,2087.277344,1582.183838,-3384.215576,2051.770508,1488.054077,-3322.018799,2075.547852,1624.307373,-3357.798340,2073.477051,1457.896973,-3371.948242,2087.239746,1582.160645,-3384.235107,2051.747314,1488.129517,-3322.010498,2075.568848,1624.114868,-3357.772949,2616.304199,1567.733521,-3159.770508,,,,,,,,,,,,,,,,,,,,,,,,,,,,,,,,,
6835,68.350000,0.000000,0.000000,0.000000,1.000000,0.000000,0.000000,0.000000,57.698101,20.499701,-14.700500,0.047771,-0.013570,0.015998,-15.666301,-52.738201,18.801300,-93.396698,0.129960,17.611099,-0.190663,-0.469342,-0.699025,0.504708,2071.278320,1537.928833,-3359.782959,2072.702148,1457.618408,-3372.726562,2086.666260,1582.026733,-3384.947998,2050.877930,1487.914551,-3322.885986,2074.866455,1624.155884,-3358.571045,2072.822998,1457.764038,-3372.779297,2086.558838,1581.992676,-3384.990723,2050.783936,1487.953979,-3322.814941,2074.958252,1624.007202,-3358.549072,2616.318115,1567.757080,-3159.764404,,,,,,,,,,,,,,,,,,,,,,,,,,,,,,,,,
6836,68.360000,0.000000,0.000000,0.000000,1.000000,0.000000,0.000000,0.000000,57.698101,20.499701,-14.700500,0.047771,-0.013570,0.015998,-15.666301,-52.738201,18.801300,-93.396698,0.129960,17.611099,-0.190762,-0.469349,-0.699059,0.504617,2070.456299,1537.747681,-3360.568604,2071.859375,1457.435425,-3373.503174,2085.854736,1581.838989,-3385.739014,2050.044434,1487.742798,-3323.665283,2074.066406,1623.973999,-3359.366455,2072.009521,1457.553589,-3373.611816,2085.740479,1581.792969,-3385.779541,2049.917725,1487.792236,-3323.533203,2074.163818,1623.861084,-3359.350830,2616.289795,1567.733276,-3159.776123,,,,,,,,,,,,,,,,,,,,,,,,,,,,,,,,,
6837,68.370000,0.000000,0.000000,0.000000,1.000000,0.000000,0.000000,0.000000,57.698101,20.499701,-14.700500,0.047771,-0.013570,0.015998,-15.666301,-52.738201,18.801300,-93.396698,0.129960,17.611099,-0.190197,-0.469892,-0.699088,0.504283,2069.675781,1537.597290,-3361.295410,2071.119629,1457.281616,-3374.204346,2085.105469,1581.684937,-3386.453125,2049.214600,1487.598145,-3324.411621,2073.263184,1623.824707,-3360.112305,2071.259766,1457.383057,-3374.297607,2084.997314,1581.625122,-3386.506592,2049.098877,1487.655884,-3324.300781,2073.350342,1623.732666,-3360.079102,2616.280029,1567.746460,-3159.786865,,,,,,,,,,,,,,,,,,,,,,,,,,,,,,,,,
6838,68.380000,0.000000,0.000000,0.000000,1.000000,0.000000,0.000000,0.000000,57.698101,20.499701,-14.700500,0.047771,-0.013570,0.015998,-15.666301,-52.738201,18.801300,-93.396698,0.129960,17.611099,-0.189533,-0.470400,-0.699115,0.504023,2068.864502,1537.457642,-3362.023682,2070.364746,1457.140991,-3374.921143,2084.317871,1581.549072,-3387.160156,2048.362549,1487.453857,-3325.169189,2072.413086,1623.686646,-3360.844238,2070.475830,1457.192505,-3375.019287,2084.246338,1581.443604,-3387.211670,2048.278564,1487.569336,-3325.077637,2072.454834,1623.631348,-3360.787598,2616.288330,1567.728394,-3159.775879,,,,,,,,,,,,,,,,,,,,,,,,,,,,,,,,,
6839,68.390000,0.000000,0.000000,0.000000,1.000000,0.000000,0.000000,0.000000,57.698101,20.499701,-14.700500,0.047771,-0.013570,0.015998,-15.666301,-52.738201,18.801300,-93.396698,0.129960,17.611099,-0.189007,-0.470470,-0.699199,0.504039,2068.062256,1537.311890,-3362.670898,2069.609863,1457.002808,-3375.608398,2083.516113,1581.423462,-3387.771973,2047.552856,1487.279785,-3325.859131,2071.570068,1623.542114,-3361.444092,2069.673096,1457.024780,-3375.680908,2083.501465,1581.395508,-3387.825195,2047.493652,1487.346802,-3325.772461,2071.579834,1623.484619,-3361.402588,2616.262939,1567.714966,-3159.773682,,,,,,,,,,,,,,,,,,,,,,,,,,,,,,,,,
6840,68.400000,0.000000,0.000000,0.000000,1.000000,0.000000,0.000000,0.000000,57.698101,20.499701,-14.700500,0.047771,-0.013570,0.015998,-15.666301,-52.738201,18.801300,-93.396698,0.129960,17.611099,-0.188309,-0.470555,-0.699494,0.503811,2067.302246,1537.219238,-3363.336182,2068.873535,1456.920288,-3376.333984,2082.787842,1581.351440,-3388.381592,2046.745361,1487.157104,-3326.591553,2070.802246,1623.448730,-3362.037354,2068.904785,1456.852295,-3376.382568,2082.797607,1581.396729,-3388.429688,2046.711182,1487.225586,-3326.532471,2070.795410,1623.403931,-3361.999268,2616.313477,1567.746460,-3159.767334,,,,,,,,,,,,,,,,,,,,,,,,,,,,,,,,,
6841,68.410000,0.000000,0.000000,0.000000,1.000000,0.000000,0.000000,0.000000,57.698101,20.499701,-14.700500,0.047771,-0.013570,0.015998,-15.666301,-52.738201,18.801300,-93.396698,0.129960,17.611099,-0.188464,-0.469965,-0.699531,0.504253,2066.588867,1537.129150,-3363.978027,2068.161377,1456.841797,-3377.047852,2082.034668,1581.286255,-3389.003662,2046.087280,1487.030640,-3327.252197,2070.072266,1623.358154,-3362.608643,2068.163086,1456.717285,-3377.073242,2082.061768,1581.367432,-3389.037842,2046.088745,1487.148193,-3327.238037,2070.042480,1623.283325,-3362.563721,2616.298340,1567.756958,-3159.770508,,,,,,,,,,,,,,,,,,,,,,,,,,,,,,,,,
6842,68.420000,0.000000,0.000000,0.000000,1.000000,0.000000,0.000000,0.000000,57.698101,20.499701,-14.700500,0.047771,-0.013570,0.015998,-15.666301,-52.738201,18.801300,-93.396698,0.129960,17.611099,-0.187101,-0.470270,-0.699818,0.504077,2065.884521,1537.032715,-3364.611328,2067.559082,1456.761841,-3377.769531,2081.354492,1581.231934,-3389.547852,2045.334839,1486.874268,-3327.994385,2069.290039,1623.263062,-3363.133789,2067.570068,1456.626343,-3377.761719,2081.339111,1581.314697,-3389.573975,2045.333618,1486.966553,-3328.017578,2069.295654,1623.219360,-3363.093750,2616.280029,1567.732544,-3159.776855,,,,,,,,,,,,,,,,,,,,,,,,,,,,,,,,,
6843,68.430000,0.000000,0.000000,0.000000,1.000000,0.000000,0.000000,0.000000,57.698101,20.499701,-14.700500,0.047771,-0.013570,0.015998,-15.666301,-52.738201,18.801300,-93.396698,0.129960,17.611099,-0.186662,-0.470068,-0.700161,0.503952,2065.153564,1536.929810,-3365.229980,2066.821777,1456.671997,-3378.467285,2080.647949,1581.151123,-3390.111816,2044.570435,1486.738525,-3328.676758,2068.573975,1623.157959,-3363.664062,2066.838135,1456.476196,-3378.439453,2080.596191,1581.257324,-3390.114502,2044.568481,1486.803589,-3328.722656,2068.610596,1623.167480,-3363.641357,2616.307373,1567.753418,-3159.768555,,,,,,,,,,,,,,,,,,,,,,,,,,,,,,,,,
6844,68.440000,0.000000,0.000000,0.000000,1.000000,0.000000,0.000000,0.000000,57.698101,20.499701,-14.700500,0.047771,-0.013570,0.015998,-15.666301,-52.738201,18.801300,-93.396698,0.129960,17.611099,-0.185902,-0.470128,-0.700487,0.503724,2064.403564,1536.822632,-3365.858154,2066.098389,1456.576904,-3379.165527,2079.930176,1581.067749,-3390.677490,2043.771729,1486.596558,-3329.380371,2067.813721,1623.049683,-3364.209229,2066.115479,1456.388184,-3379.120605,2079.873047,1581.199463,-3390.695312,2043.765503,1486.646973,-3329.432373,2067.857422,1623.045898,-3364.181641,2616.277832,1567.708984,-3159.773682,,,,,,,,,,,,,,,,,,,,,,,,,,,,,,,,,
6845,68.450000,0.000000,0.000000,0.000000,1.000000,0.000000,0.000000,0.000000,57.698101,20.499701,-14.700500,0.047771,-0.013570,0.015998,-15.666301,-52.738201,18.801300,-93.396698,0.129960,17.611099,-0.185381,-0.469997,-0.701119,0.503159,2063.618408,1536.725830,-3366.482422,2065.252197,1456.493042,-3379.875244,2079.222412,1580.982788,-3391.232178,2042.887207,1486.480347,-3330.087646,2067.111572,1622.947632,-3364.734619,2065.300537,1456.338013,-3379.864014,2079.128174,1581.072876,-3391.222412,2042.857910,1486.513672,-3330.111328,2067.187256,1622.971313,-3364.730957,2616.305176,1567.729980,-3159.765869,,,,,,,,,,,,,,,,,,,,,,,,,,,,,,,,,
6846,68.460000,0.000000,0.000000,0.000000,1.000000,0.000000,0.000000,0.000000,57.698101,20.499701,-14.700500,0.047771,-0.013570,0.015998,-15.666301,-52.738201,18.801300,-93.396698,0.129960,17.611099,-0.184655,-0.470223,-0.701750,0.502335,2062.810303,1536.627563,-3367.132080,2064.392578,1456.402466,-3380.577637,2078.515625,1580.885742,-3391.815674,2041.945923,1486.377686,-3330.819580,2066.387695,1622.844482,-3365.315918,2064.472656,1456.327881,-3380.576904,2078.398926,1580.991089,-3391.842529,2041.863403,1486.324097,-3330.787598,2066.503662,1622.871338,-3365.322754,2616.291748,1567.721069,-3159.766846,,,,,,,,,,,,,,,,,,,,,,,,,,,,,,,,,
6847,68.470000,0.000000,0.000000,0.000000,1.000000,0.000000,0.000000,0.000000,57.698101,20.499701,-14.700500,0.047771,-0.013570,0.015998,-15.666301,-52.738201,18.801300,-93.396698,0.129960,17.611099,-0.183926,-0.470274,-0.702417,0.501621,2061.863037,1536.503906,-3367.782715,2063.394043,1456.291260,-3381.307373,2077.660156,1580.772095,-3392.389648,2040.877563,1486.237305,-3331.563232,2065.520020,1622.715332,-3365.871094,2063.457275,1456.279785,-3381.314941,2077.584229,1580.861206,-3392.421387,2040.808716,1486.207031,-3331.521484,2065.599121,1622.670532,-3365.875000,2616.297119,1567.735352,-3159.764160,,,,,,,,,,,,,,,,,,,,,,,,,,,,,,,,,
6848,68.480000,0.000000,0.000000,0.000000,1.000000,0.000000,0.000000,0.000000,57.698101,20.499701,-14.700500,0.047771,-0.013570,0.015998,-15.666301,-52.738201,18.801300,-93.396698,0.129960,17.611099,-0.183749,-0.469841,-0.702896,0.501420,2060.886719,1536.420654,-3368.431885,2062.359619,1456.222534,-3382.049072,2076.721680,1580.705566,-3392.984131,2039.856689,1486.127808,-3332.274414,2064.608643,1622.627197,-3366.419189,2062.475098,1456.368164,-3382.068604,2076.618408,1580.741821,-3393.058350,2039.738647,1486.064087,-3332.188721,2064.718994,1622.510986,-3366.410156,2616.290039,1567.769287,-3159.782959,,,,,,,,,,,,,,,,,,,,,,,,,,,,,,,,,
6849,68.490000,0.000000,0.000000,0.000000,1.000000,0.000000,0.000000,0.000000,57.698101,20.499701,-14.700500,0.047771,-0.013570,0.015998,-15.666301,-52.738201,18.801300,-93.396698,0.129960,17.611099,-0.183166,-0.469734,-0.703258,0.501227,2059.904053,1536.314575,-3369.130371,2061.381104,1456.130005,-3382.826904,2075.770020,1580.621948,-3393.621826,2038.830811,1485.988281,-3333.045166,2063.634521,1622.518433,-3367.027588,2061.551514,1456.337036,-3382.902100,2075.635742,1580.614502,-3393.690674,2038.674805,1485.959351,-3332.907227,2063.768311,1622.358643,-3367.021484,2616.280762,1567.764893,-3159.780762,,,,,,,,,,,,,,,,,,,,,,,,,,,,,,,,,
6850,68.500000,0.000000,0.000000,0.000000,1.000000,0.000000,0.000000,0.000000,57.698101,20.499701,-14.700500,0.047771,-0.013570,0.015998,-15.666301,-52.738201,18.801300,-93.396698,0.129960,17.611099,-0.183519,-0.468912,-0.703420,0.501640,2058.898193,1536.226318,-3369.833984,2060.335449,1456.056641,-3383.621338,2074.732910,1580.557373,-3394.302490,2037.873535,1485.864502,-3333.769775,2062.650879,1622.427002,-3367.641602,2060.459473,1456.194336,-3383.694336,2074.629883,1580.532959,-3394.327637,2037.782715,1485.959229,-3333.689453,2062.734619,1622.211426,-3367.625244,2616.300781,1567.768921,-3159.790771,,,,,,,,,,,,,,,,,,,,,,,,,,,,,,,,,
6851,68.510000,0.000000,0.000000,0.000000,1.000000,0.000000,0.000000,0.000000,57.698101,20.499701,-14.700500,0.047771,-0.013570,0.015998,-15.666301,-52.738201,18.801300,-93.396698,0.129960,17.611099,-0.183325,-0.468405,-0.703686,0.501811,2057.959229,1536.174438,-3370.628418,2059.389893,1456.021606,-3384.514160,2073.788086,1580.534790,-3395.047607,2036.943970,1485.769287,-3334.619385,2061.715088,1622.372314,-3368.332031,2059.438477,1456.119995,-3384.566406,2073.780273,1580.491943,-3395.084473,2036.924316,1485.960083,-3334.583496,2061.690674,1622.110962,-3368.268066,2616.305664,1567.761475,-3159.776367,,,,,,,,,,,,,,,,,,,,,,,,,,,,,,,,,
6852,68.520000,0.000000,0.000000,0.000000,1.000000,0.000000,0.000000,0.000000,57.698101,20.499701,-14.700500,0.047771,-0.013570,0.015998,-15.666301,-52.738201,18.801300,-93.396698,0.129960,17.611099,-0.183510,-0.467661,-0.704201,0.501715,2057.065186,1536.136108,-3371.420166,2058.397461,1456.000000,-3385.411621,2072.925049,1580.511108,-3395.792969,2036.020508,1485.707031,-3335.461914,2060.917725,1622.326782,-3369.013672,2058.378906,1456.028809,-3385.459229,2073.020996,1580.481079,-3395.844971,2036.051758,1485.894897,-3335.428467,2060.800293,1622.132568,-3368.936035,2616.303467,1567.744141,-3159.767578,,,,,,,,,,,,,,,,,,,,,,,,,,,,,,,,,
6853,68.530000,0.000000,0.000000,0.000000,1.000000,0.000000,0.000000,0.000000,57.698101,20.499701,-14.700500,0.047771,-0.013570,0.015998,-15.666301,-52.738201,18.801300,-93.396698,0.129960,17.611099,-0.184128,-0.466725,-0.704659,0.501717,2056.142578,1536.144531,-3372.281982,2057.341309,1456.022339,-3386.366211,2072.023682,1580.525024,-3396.631104,2035.087402,1485.703857,-3336.345947,2060.117676,1622.327026,-3369.785156,2057.344971,1455.974854,-3386.401855,2072.062256,1580.531738,-3396.673340,2035.093262,1485.842163,-3336.323975,2060.066650,1622.234131,-3369.724121,2616.319824,1567.744141,-3159.769775,,,,,,,,,,,,,,,,,,,,,,,,,,,,,,,,,
6854,68.540000,0.000000,0.000000,0.000000,1.000000,0.000000,0.000000,0.000000,57.698101,20.499701,-14.700500,0.047771,-0.013570,0.015998,-15.666301,-52.738201,18.801300,-93.396698,0.129960,17.611099,-0.184507,-0.465806,-0.704734,0.502326,2055.291748,1536.145874,-3373.197998,2056.469482,1456.041138,-3387.381348,2071.120117,1580.557373,-3397.524902,2034.312988,1485.659912,-3337.281006,2059.264160,1622.325684,-3370.604736,2056.466553,1455.932617,-3387.400391,2071.120361,1580.598389,-3397.507812,2034.340820,1485.829956,-3337.308350,2059.239746,1622.230103,-3370.577393,2616.325928,1567.747681,-3159.766113,,,,,,,,,,,,,,,,,,,,,,,,,,,,,,,,,
6855,68.550000,0.000000,0.000000,0.000000,1.000000,0.000000,0.000000,0.000000,57.698101,20.499701,-14.700500,0.047771,-0.013570,0.015998,-15.666301,-52.738201,18.801300,-93.396698,0.129960,17.611099,-0.185091,-0.464784,-0.704877,0.502857,2054.430908,1536.060303,-3374.214600,2055.550781,1455.971924,-3388.495117,2070.217529,1580.495483,-3398.525146,2033.518555,1485.538452,-3338.309326,2058.436523,1622.235596,-3371.528564,2055.555664,1455.778809,-3388.495117,2070.195557,1580.579712,-3398.520996,2033.537109,1485.694092,-3338.354004,2058.437500,1622.183594,-3371.491699,2616.293701,1567.726685,-3159.769043,,,,,,,,,,,,,,,,,,,,,,,,,,,,,,,,,
6856,68.560000,0.000000,0.000000,0.000000,1.000000,0.000000,0.000000,0.000000,57.698101,20.499701,-14.700500,0.047771,-0.013570,0.015998,-15.666301,-52.738201,18.801300,-93.396698,0.129960,17.611099,-0.185601,-0.464299,-0.705004,0.502939,2053.477051,1535.987427,-3375.240479,2054.526123,1455.902832,-3389.548096,2069.263184,1580.419800,-3399.556396,2032.575317,1485.467896,-3339.325684,2057.543213,1622.159180,-3372.531982,2054.544922,1455.711304,-3389.531982,2069.215820,1580.542236,-3399.563232,2032.565308,1485.524902,-3339.353271,2057.580811,1622.158691,-3372.512451,2616.279053,1567.792358,-3159.783203,,,,,,,,,,,,,,,,,,,,,,,,,,,,,,,,,
6857,68.570000,0.000000,0.000000,0.000000,1.000000,0.000000,0.000000,0.000000,57.698101,20.499701,-14.700500,0.047771,-0.013570,0.015998,-15.666301,-52.738201,18.801300,-93.396698,0.129960,17.611099,-0.186916,-0.463525,-0.705165,0.502941,2052.500488,1535.905396,-3376.329834,2053.379150,1455.818115,-3390.633545,2068.298096,1580.309570,-3400.690186,2031.607178,1485.423706,-3340.357178,2056.717529,1622.070435,-3373.638916,2053.408691,1455.732422,-3390.601074,2068.220703,1580.370117,-3400.685303,2031.588501,1485.420776,-3340.394043,2056.784180,1622.098633,-3373.636963,2616.270264,1567.778931,-3159.789062,,,,,,,,,,,,,,,,,,,,,,,,,,,,,,,,,
6858,68.580000,0.000000,0.000000,0.000000,1.000000,0.000000,0.000000,0.000000,57.698101,20.499701,-14.700500,0.047771,-0.013570,0.015998,-15.666301,-52.738201,18.801300,-93.396698,0.129960,17.611099,-0.188222,-0.462893,-0.705456,0.502628,2051.518799,1535.824707,-3377.489014,2052.193115,1455.731689,-3391.772705,2067.362793,1580.187622,-3401.894043,2030.590332,1485.398315,-3341.458984,2055.929443,1621.981079,-3374.830322,2052.225830,1455.719482,-3391.741211,2067.301270,1580.250732,-3401.918213,2030.548584,1485.323364,-3341.461914,2055.998291,1622.005737,-3374.835449,2616.281738,1567.736328,-3159.787598,,,,,,,,,,,,,,,,,,,,,,,,,,,,,,,,,
6859,68.590000,0.000000,0.000000,0.000000,1.000000,0.000000,0.000000,0.000000,57.698101,20.499701,-14.700500,0.047771,-0.013570,0.015998,-15.666301,-52.738201,18.801300,-93.396698,0.129960,17.611099,-0.189007,-0.463055,-0.705552,0.502048,2050.460938,1535.743408,-3378.633789,2051.003174,1455.633179,-3392.825684,2066.365723,1580.053345,-3403.095459,2029.466187,1485.391479,-3342.538086,2055.008545,1621.895630,-3376.075439,2051.028809,1455.703491,-3392.829590,2066.353271,1580.115356,-3403.119629,2029.414673,1485.285645,-3342.477539,2055.044434,1621.864258,-3376.104736,2616.317627,1567.738281,-3159.766846,,,,,,,,,,,,,,,,,,,,,,,,,,,,,,,,,
6860,68.600000,0.000000,0.000000,0.000000,1.000000,0.000000,0.000000,0.000000,57.698101,20.499701,-14.700500,0.047771,-0.013570,0.015998,-15.666301,-52.738201,18.801300,-93.396698,0.129960,17.611099,-0.189610,-0.463524,-0.705199,0.501885,2049.375244,1535.625854,-3379.834717,2049.891846,1455.492188,-3393.894287,2065.282471,1579.891113,-3404.375488,2028.380615,1485.339111,-3343.648193,2053.946045,1621.781128,-3377.420654,2049.997559,1455.586792,-3393.918457,2065.170410,1579.892090,-3404.415039,2028.282593,1485.293823,-3343.583984,2054.052002,1621.732178,-3377.421143,2616.297852,1567.715210,-3159.764648,,,,,,,,,,,,,,,,,,,,,,,,,,,,,,,,,
6861,68.610000,0.000000,0.000000,0.000000,1.000000,0.000000,0.000000,0.000000,57.698101,20.499701,-14.700500,0.047771,-0.013570,0.015998,-15.666301,-52.738201,18.801300,-93.396698,0.129960,17.611099,-0.190636,-0.463762,-0.704807,0.501827,2048.227051,1535.504028,-3380.996338,2048.681396,1455.345459,-3394.916016,2064.126465,1579.717529,-3405.635254,2027.252197,1485.292358,-3344.694336,2052.848145,1621.660889,-3378.739014,2048.808105,1455.394775,-3394.966309,2064.008545,1579.726318,-3405.702393,2027.139648,1485.315674,-3344.610596,2052.952148,1621.580200,-3378.705078,2616.305908,1567.723633,-3159.769775,,,,,,,,,,,,,,,,,,,,,,,,,,,,,,,,,
6862,68.620000,0.000000,0.000000,0.000000,1.000000,0.000000,0.000000,0.000000,57.698101,20.499701,-14.700500,0.047771,-0.013570,0.015998,-15.666301,-52.738201,18.801300,-93.396698,0.129960,17.611099,-0.191665,-0.464166,-0.704145,0.501991,2047.040894,1535.364014,-3382.130371,2047.482910,1455.175903,-3395.878174,2062.900635,1579.525879,-3406.887451,2026.123535,1485.228760,-3345.690186,2051.656982,1621.525879,-3380.065430,2047.621460,1455.230347,-3395.942871,2062.748535,1579.530396,-3406.903564,2026.015747,1485.287964,-3345.615479,2051.782227,1621.405029,-3380.060791,2616.277588,1567.738403,-3159.772705,,,,,,,,,,,,,,,,,,,,,,,,,,,,,,,,,
6863,68.630000,0.000000,0.000000,0.000000,1.000000,0.000000,0.000000,0.000000,57.698101,20.499701,-14.700500,0.047771,-0.013570,0.015998,-15.666301,-52.738201,18.801300,-93.396698,0.129960,17.611099,-0.192291,-0.464867,-0.703580,0.501895,2045.892700,1535.278198,-3383.283936,2046.339966,1455.060303,-3396.857178,2061.739502,1579.387939,-3408.142090,2024.992188,1485.219849,-3346.728027,2050.499023,1621.444946,-3381.407959,2046.447510,1455.098267,-3396.922363,2061.638672,1579.401611,-3408.163574,2024.913086,1485.339233,-3346.663574,2050.576172,1621.266602,-3381.383301,2616.260498,1567.727295,-3159.783447,,,,,,,,,,,,,,,,,,,,,,,,,,,,,,,,,
6864,68.640000,0.000000,0.000000,0.000000,1.000000,0.000000,0.000000,0.000000,57.698101,20.499701,-14.700500,0.047771,-0.013570,0.015998,-15.666301,-52.738201,18.801300,-93.396698,0.129960,17.611099,-0.192099,-0.465889,-0.702770,0.502155,2044.765991,1535.264160,-3384.342041,2045.363892,1455.021484,-3397.762451,2060.553711,1579.354248,-3409.271973,2023.926025,1485.238770,-3347.706787,2049.219971,1621.442139,-3382.626221,2045.406128,1454.994263,-3397.848877,2060.571289,1579.370972,-3409.315674,2023.891479,1485.396851,-3347.619385,2049.189941,1621.297607,-3382.573975,2616.271240,1567.759277,-3159.788330,,,,,,,,,,,,,,,,,,,,,,,,,,,,,,,,,
6865,68.650000,0.000000,0.000000,0.000000,1.000000,0.000000,0.000000,0.000000,57.698101,20.499701,-14.700500,0.047771,-0.013570,0.015998,-15.666301,-52.738201,18.801300,-93.396698,0.129960,17.611099,-0.191817,-0.466851,-0.701858,0.502646,2043.670898,1535.290161,-3385.399170,2044.455811,1455.026001,-3398.680420,2059.373779,1579.372314,-3410.396729,2022.922485,1485.281616,-3348.688721,2047.931152,1621.480835,-3383.830078,2044.474121,1454.937622,-3398.733643,2059.399170,1579.399658,-3410.439453,2022.914185,1485.434692,-3348.650391,2047.894775,1621.393433,-3383.768555,2616.272705,1567.759766,-3159.783936,,,,,,,,,,,,,,,,,,,,,,,,,,,,,,,,,
6866,68.660000,0.000000,0.000000,0.000000,1.000000,0.000000,0.000000,0.000000,57.698101,20.499701,-14.700500,0.047771,-0.013570,0.015998,-15.666301,-52.738201,18.801300,-93.396698,0.129960,17.611099,-0.191857,-0.467568,-0.701052,0.503088,2042.561279,1535.323608,-3386.421143,2043.479492,1455.039429,-3399.571777,2058.189453,1579.391113,-3411.491699,2021.898560,1485.340454,-3349.628418,2046.677856,1621.523682,-3384.993164,2043.489502,1454.881470,-3399.561279,2058.183838,1579.518188,-3411.541016,2021.886353,1485.398193,-3349.634033,2046.686401,1621.492432,-3384.952148,2616.284424,1567.748657,-3159.781006,,,,,,,,,,,,,,,,,,,,,,,,,,,,,,,,,
6867,68.670000,0.000000,0.000000,0.000000,1.000000,0.000000,0.000000,0.000000,57.698101,20.499701,-14.700500,0.047771,-0.013570,0.015998,-15.666301,-52.738201,18.801300,-93.396698,0.129960,17.611099,-0.192142,-0.467876,-0.700735,0.503135,2041.398071,1535.396973,-3387.331787,2042.331665,1455.099854,-3400.402588,2057.009521,1579.443115,-3412.450195,2020.756470,1485.445679,-3350.483887,2045.494507,1621.599487,-3385.990479,2042.360107,1454.948486,-3400.385498,2056.958252,1579.576050,-3412.472168,2020.734131,1485.489746,-3350.498535,2045.538696,1621.570679,-3385.970459,2616.262207,1567.725220,-3159.776123,,,,,,,,,,,,,,,,,,,,,,,,,,,,,,,,,
6868,68.680000,0.000000,0.000000,0.000000,1.000000,0.000000,0.000000,0.000000,57.698101,20.499701,-14.700500,0.047771,-0.013570,0.015998,-15.666301,-52.738201,18.801300,-93.396698,0.129960,17.611099,-0.192686,-0.468210,-0.700815,0.502503,2040.194946,1535.478149,-3388.208252,2041.023071,1455.164429,-3401.183594,2055.870605,1579.473511,-3413.375732,2019.478760,1485.598267,-3351.305176,2044.407349,1621.676514,-3386.968018,2041.025635,1455.103882,-3401.170898,2055.852295,1579.542603,-3413.370605,2019.483521,1485.651123,-3351.328857,2044.418091,1621.615112,-3386.961914,2616.292725,1567.754517,-3159.776123,,,,,,,,,,,,,,,,,,,,,,,,,,,,,,,,,
6869,68.690000,0.000000,0.000000,0.000000,1.000000,0.000000,0.000000,0.000000,57.698101,20.499701,-14.700500,0.047771,-0.013570,0.015998,-15.666301,-52.738201,18.801300,-93.396698,0.129960,17.611099,-0.192134,-0.469335,-0.700994,0.501414,2038.878906,1535.538208,-3389.007812,2039.685059,1455.207397,-3401.878662,2054.662842,1579.489624,-3414.184082,2018.014893,1485.721069,-3352.103516,2043.152832,1621.734863,-3387.864990,2039.735596,1455.276123,-3401.899658,2054.616455,1579.496216,-3414.197754,2017.969360,1485.716553,-3352.064941,2043.197144,1621.664307,-3387.869873,2616.257812,1567.760742,-3159.784912,,,,,,,,,,,,,,,,,,,,,,,,,,,,,,,,,
6870,68.700000,0.000000,0.000000,0.000000,1.000000,0.000000,0.000000,0.000000,57.698101,20.499701,-14.700500,0.047771,-0.013570,0.015998,-15.666301,-52.738201,18.801300,-93.396698,0.129960,17.611099,-0.191840,-0.469901,-0.701136,0.500798,2037.399292,1535.465210,-3389.726074,2038.184937,1455.126343,-3402.547119,2053.246582,1579.393433,-3414.903320,2016.450195,1485.681152,-3352.825684,2041.715576,1621.660522,-3388.628174,2038.288330,1455.189941,-3402.602051,2053.160889,1579.395752,-3414.950195,2016.356445,1485.698364,-3352.741943,2041.793823,1621.578369,-3388.610352,2616.327637,1567.745850,-3159.776611,,,,,,,,,,,,,,,,,,,,,,,,,,,,,,,,,
6871,68.710000,0.000000,0.000000,0.000000,1.000000,0.000000,0.000000,0.000000,57.698101,20.499701,-14.700500,0.047771,-0.013570,0.015998,-15.666301,-52.738201,18.801300,-93.396698,0.129960,17.611099,-0.191925,-0.470079,-0.700759,0.501126,2035.906738,1535.421265,-3390.406250,2036.753662,1455.075806,-3403.182373,2051.707764,1579.348267,-3415.614258,2015.013184,1485.640625,-3353.469482,2040.152344,1621.620483,-3389.358398,2036.874512,1455.136353,-3403.260742,2051.595703,1579.332520,-3415.630127,2014.922607,1485.738770,-3353.391602,2040.239380,1621.476562,-3389.341553,2616.301758,1567.722656,-3159.758545,,,,,,,,,,,,,,,,,,,,,,,,,,,,,,,,,
6872,68.720000,0.000000,0.000000,0.000000,1.000000,0.000000,0.000000,0.000000,57.698101,20.499701,-14.700500,0.047771,-0.013570,0.015998,-15.666301,-52.738201,18.801300,-93.396698,0.129960,17.611099,-0.190777,-0.470601,-0.700439,0.501521,2034.439575,1535.498657,-3391.128906,2035.480469,1455.158569,-3403.925537,2050.187012,1579.466431,-3416.299561,2013.593018,1485.663086,-3354.239990,2038.497681,1621.706665,-3390.051270,2035.477661,1455.171753,-3403.970459,2050.244629,1579.488281,-3416.331299,2013.593628,1485.755859,-3354.190186,2038.438599,1621.572632,-3390.019531,2616.269043,1567.714600,-3159.771973,,,,,,,,,,,,,,,,,,,,,,,,,,,,,,,,,
6873,68.730000,0.000000,0.000000,0.000000,1.000000,0.000000,0.000000,0.000000,57.698101,20.499701,-14.700500,0.047771,-0.013570,0.015998,-15.666301,-52.738201,18.801300,-93.396698,0.129960,17.611099,-0.190483,-0.470223,-0.699737,0.502966,2033.067261,1535.665039,-3391.793945,2034.317505,1455.337524,-3404.649414,2048.648926,1579.695679,-3416.958008,2012.422119,1485.743774,-3354.907227,2036.880493,1621.883545,-3390.660645,2034.309204,1455.188477,-3404.638428,2048.666016,1579.778687,-3416.998047,2012.431641,1485.825439,-3354.927490,2036.862671,1621.861328,-3390.612305,2616.270996,1567.752075,-3159.784912,,,,,,,,,,,,,,,,,,,,,,,,,,,,,,,,,
6874,68.740000,0.000000,0.000000,0.000000,1.000000,0.000000,0.000000,0.000000,57.698101,20.499701,-14.700500,0.047771,-0.013570,0.015998,-15.666301,-52.738201,18.801300,-93.396698,0.129960,17.611099,-0.190119,-0.469886,-0.699427,0.503849,2031.555908,1535.827637,-3392.432861,2032.937744,1455.513794,-3405.360352,2047.040283,1579.907715,-3417.570068,2011.027588,1485.837524,-3355.574463,2035.218018,1622.051636,-3391.226562,2032.932007,1455.364014,-3405.304199,2046.998779,1580.049805,-3417.563965,2011.035156,1485.854614,-3355.632568,2035.253296,1622.040649,-3391.225830,2616.292725,1567.760254,-3159.791260,,,,,,,,,,,,,,,,,,,,,,,,,,,,,,,,,
6875,68.750000,0.000000,0.000000,0.000000,1.000000,0.000000,0.000000,0.000000,57.698101,20.499701,-14.700500,0.047771,-0.013570,0.015998,-15.666301,-52.738201,18.801300,-93.396698,0.129960,17.611099,-0.189796,-0.469704,-0.699560,0.503956,2029.932739,1536.006714,-3393.000977,2031.337524,1455.702881,-3405.988281,2045.411621,1580.109497,-3418.102051,2009.408691,1485.984131,-3356.184326,2033.573120,1622.230591,-3391.729736,2031.376099,1455.687622,-3405.938477,2045.323120,1580.163574,-3418.120361,2009.382935,1485.980591,-3356.229004,2033.647583,1622.196045,-3391.715576,2616.284912,1567.755249,-3159.790283,,,,,,,,,,,,,,,,,,,,,,,,,,,,,,,,,
6876,68.760000,0.000000,0.000000,0.000000,1.000000,0.000000,0.000000,0.000000,57.698101,20.499701,-14.700500,0.047771,-0.013570,0.015998,-15.666301,-52.738201,18.801300,-93.396698,0.129960,17.611099,-0.189177,-0.470024,-0.699526,0.503937,2028.039185,1536.052612,-3393.523438,2029.516479,1455.751587,-3406.519775,2043.516602,1580.169800,-3418.599854,2007.506836,1486.010254,-3356.738037,2031.616943,1622.278931,-3392.235840,2029.645264,1455.944092,-3406.562500,2043.391235,1580.089844,-3418.639648,2007.423584,1486.085571,-3356.695068,2031.711060,1622.091675,-3392.198730,2616.281982,1567.750366,-3159.778564,,,,,,,,,,,,,,,,,,,,,,,,,,,,,,,,,
6877,68.770000,0.000000,0.000000,0.000000,1.000000,0.000000,0.000000,0.000000,57.698101,20.499701,-14.700500,0.047771,-0.013570,0.015998,-15.666301,-52.738201,18.801300,-93.396698,0.129960,17.611099,-0.188193,-0.470418,-0.699475,0.504010,2026.259399,1536.099243,-3394.028076,2027.857056,1455.805542,-3407.055664,2041.724976,1580.245972,-3419.060059,2005.726562,1486.016235,-3357.298340,2029.729126,1622.329346,-3392.698486,2027.888794,1455.897827,-3407.146484,2041.782349,1580.233398,-3419.124268,2005.692261,1486.142090,-3357.188232,2029.665894,1622.112061,-3392.643555,2616.294678,1567.731934,-3159.784912,,,,,,,,,,,,,,,,,,,,,,,,,,,,,,,,,
6878,68.780000,0.000000,0.000000,0.000000,1.000000,0.000000,0.000000,0.000000,57.698101,20.499701,-14.700500,0.047771,-0.013570,0.015998,-15.666301,-52.738201,18.801300,-93.396698,0.129960,17.611099,-0.188697,-0.469102,-0.699204,0.505421,2024.592651,1536.362305,-3394.551025,2026.247559,1456.091797,-3407.713379,2039.915039,1580.568970,-3419.564941,2004.250977,1486.194092,-3357.831299,2027.956665,1622.594604,-3393.094238,2026.230835,1456.012085,-3407.760986,2039.980225,1580.589600,-3419.585938,2004.268188,1486.307739,-3357.798340,2027.890869,1622.541382,-3393.056641,2616.306152,1567.745117,-3159.782715,,,,,,,,,,,,,,,,,,,,,,,,,,,,,,,,,
6879,68.790000,0.000000,0.000000,0.000000,1.000000,0.000000,0.000000,0.000000,57.698101,20.499701,-14.700500,0.047771,-0.013570,0.015998,-15.666301,-52.738201,18.801300,-93.396698,0.129960,17.611099,-0.188332,-0.468424,-0.698597,0.507023,2022.952759,1536.558472,-3395.083984,2024.818604,1456.311035,-3408.358154,2038.097412,1580.843750,-3420.067139,2002.828857,1486.281128,-3358.393311,2026.066284,1622.798340,-3393.516846,2024.864624,1456.084106,-3408.375488,2038.015381,1580.939575,-3420.037354,2002.807617,1486.366333,-3358.409424,2026.124268,1622.821899,-3393.514404,2616.264404,1567.757080,-3159.781250,,,,,,,,,,,,,,,,,,,,,,,,,,,,,,,,,
6880,68.800000,0.000000,0.000000,0.000000,1.000000,0.000000,0.000000,0.000000,57.698101,20.499701,-14.700500,0.047771,-0.013570,0.015998,-15.666301,-52.738201,18.801300,-93.396698,0.129960,17.611099,-0.187248,-0.468066,-0.698496,0.507894,2021.145874,1536.608032,-3395.522949,2023.192139,1456.389282,-3408.943359,2036.200317,1580.972168,-3420.420410,2001.121582,1486.219238,-3358.930664,2024.069092,1622.851318,-3393.796631,2023.245605,1456.310547,-3408.906982,2036.088501,1581.026245,-3420.426270,2001.090576,1486.244873,-3358.976562,2024.156616,1622.850952,-3393.779785,2616.290039,1567.763184,-3159.791748,,,,,,,,,,,,,,,,,,,,,,,,,,,,,,,,,
6881,68.810000,0.000000,0.000000,0.000000,1.000000,0.000000,0.000000,0.000000,57.698101,20.499701,-14.700500,0.047771,-0.013570,0.015998,-15.666301,-52.738201,18.801300,-93.396698,0.129960,17.611099,-0.185801,-0.468325,-0.698719,0.507880,2019.148560,1536.614990,-3395.990234,2021.323486,1456.416504,-3409.510742,2034.208740,1581.029907,-3420.793457,1999.098145,1486.154297,-3359.511719,2021.963867,1622.859497,-3394.144287,2021.411133,1456.618774,-3409.496826,2034.104370,1581.014648,-3420.823242,1999.034302,1486.138306,-3359.496582,2022.060669,1622.695923,-3394.142578,2616.297607,1567.743042,-3159.778564,,,,,,,,,,,,,,,,,,,,,,,,,,,,,,,,,
6882,68.820000,0.000000,0.000000,0.000000,1.000000,0.000000,0.000000,0.000000,57.698101,20.499701,-14.700500,0.047771,-0.013570,0.015998,-15.666301,-52.738201,18.801300,-93.396698,0.129960,17.611099,-0.186358,-0.467758,-0.699333,0.507353,2017.384277,1536.750732,-3396.401367,2019.382935,1456.555908,-3409.972168,2032.521729,1581.148926,-3421.187500,1997.251221,1486.310059,-3359.940674,2020.380981,1622.988037,-3394.505127,2019.401611,1456.665405,-3410.002441,2032.556519,1581.125244,-3421.252197,1997.233154,1486.376099,-3359.893799,2020.344482,1622.827637,-3394.453125,2616.271973,1567.756714,-3159.781982,,,,,,,,,,,,,,,,,,,,,,,,,,,,,,,,,
6883,68.830000,0.000000,0.000000,0.000000,1.000000,0.000000,0.000000,0.000000,57.698101,20.499701,-14.700500,0.047771,-0.013570,0.015998,-15.666301,-52.738201,18.801300,-93.396698,0.129960,17.611099,-0.186609,-0.466961,-0.699498,0.507767,2015.610474,1536.929810,-3396.862305,2017.579346,1456.750854,-3410.529785,2030.716431,1581.355347,-3421.618896,1995.525635,1486.448853,-3360.430908,2018.620483,1623.164551,-3394.869629,2017.580566,1456.703979,-3410.527588,2030.717651,1581.329346,-3421.637207,1995.540161,1486.535767,-3360.459961,2018.603516,1623.154419,-3394.824219,2616.279541,1567.765381,-3159.786621,,,,,,,,,,,,,,,,,,,,,,,,,,,,,,,,,
6884,68.840000,0.000000,0.000000,0.000000,1.000000,0.000000,0.000000,0.000000,57.698101,20.499701,-14.700500,0.047771,-0.013570,0.015998,-15.666301,-52.738201,18.801300,-93.396698,0.129960,17.611099,-0.184800,-0.466847,-0.699019,0.509191,2013.827026,1537.066895,-3397.304199,2016.138794,1456.925415,-3411.136719,2028.772095,1581.605835,-3421.954834,1993.917847,1486.427856,-3360.996338,2016.479492,1623.308838,-3395.129639,2016.156494,1456.800659,-3411.130859,2028.746826,1581.628906,-3421.977783,1993.922363,1486.552002,-3361.036865,2016.483765,1623.285889,-3395.074219,2616.279541,1567.735962,-3159.778564,,,,,,,,,,,,,,,,,,,,,,,,,,,,,,,,,
6885,68.850000,0.000000,0.000000,0.000000,1.000000,0.000000,0.000000,0.000000,57.698101,20.499701,-14.700500,0.047771,-0.013570,0.015998,-15.666301,-52.738201,18.801300,-93.396698,0.129960,17.611099,-0.182926,-0.467480,-0.698834,0.509541,2011.913818,1536.983643,-3397.733154,2014.478638,1456.862061,-3411.636963,2026.810669,1581.586304,-3422.297119,1992.035400,1486.255981,-3361.531738,2014.330444,1623.230225,-3395.466797,2014.583862,1456.797119,-3411.666016,2026.665405,1581.569946,-3422.302002,1991.970093,1486.363525,-3361.532227,2014.431763,1623.204590,-3395.432373,2616.302246,1567.730469,-3159.771240,,,,,,,,,,,,,,,,,,,,,,,,,,,,,,,,,
6886,68.860000,0.000000,0.000000,0.000000,1.000000,0.000000,0.000000,0.000000,57.698101,20.499701,-14.700500,0.047771,-0.013570,0.015998,-15.666301,-52.738201,18.801300,-93.396698,0.129960,17.611099,-0.182251,-0.467369,-0.699704,0.508690,2010.157837,1537.015625,-3398.232178,2012.630981,1456.909180,-3412.238770,2025.168701,1581.629150,-3422.707031,1990.133789,1486.269165,-3362.137695,2012.697876,1623.255371,-3395.844971,2012.750366,1456.913940,-3412.259766,2025.039429,1581.723755,-3422.791016,1989.996826,1486.179810,-3362.043945,2012.833374,1623.244751,-3395.833008,2616.286133,1567.724609,-3159.771973,,,,,,,,,,,,,,,,,,,,,,,,,,,,,,,,,
6887,68.870000,0.000000,0.000000,0.000000,1.000000,0.000000,0.000000,0.000000,57.698101,20.499701,-14.700500,0.047771,-0.013570,0.015998,-15.666301,-52.738201,18.801300,-93.396698,0.129960,17.611099,-0.183312,-0.466305,-0.700337,0.508413,2008.432617,1537.079956,-3398.700928,2010.683594,1456.980469,-3412.784668,2023.500244,1581.679199,-3423.166992,1988.361206,1486.349243,-3362.610596,2011.185669,1623.311157,-3396.241699,2010.700195,1456.978394,-3412.760742,2023.476807,1581.753418,-3423.205078,1988.333374,1486.304077,-3362.603760,2011.218506,1623.286987,-3396.235352,2616.288330,1567.724365,-3159.767578,,,,,,,,,,,,,,,,,,,,,,,,,,,,,,,,,
6888,68.880000,0.000000,0.000000,0.000000,1.000000,0.000000,0.000000,0.000000,57.698101,20.499701,-14.700500,0.047771,-0.013570,0.015998,-15.666301,-52.738201,18.801300,-93.396698,0.129960,17.611099,-0.182655,-0.466084,-0.700284,0.508924,2006.641113,1537.139282,-3399.230957,2008.998901,1457.058594,-3413.403564,2021.655518,1581.785278,-3423.644287,1986.628662,1486.342285,-3363.201172,2009.281372,1623.371216,-3396.674805,2008.959106,1457.163452,-3413.378906,2021.710693,1581.778076,-3423.656982,1986.679565,1486.456177,-3363.243896,2009.205322,1623.139404,-3396.641113,2616.282959,1567.764160,-3159.773682,,,,,,,,,,,,,,,,,,,,,,,,,,,,,,,,,
6889,68.890000,0.000000,0.000000,0.000000,1.000000,0.000000,0.000000,0.000000,57.698101,20.499701,-14.700500,0.047771,-0.013570,0.015998,-15.666301,-52.738201,18.801300,-93.396698,0.129960,17.611099,-0.180895,-0.466689,-0.699952,0.509456,2004.746216,1537.144043,-3399.727539,2007.374756,1457.082520,-3413.960449,2019.689087,1581.854492,-3424.066895,1984.794678,1486.258423,-3363.789307,2007.126099,1623.381226,-3397.093750,2007.427246,1457.222046,-3413.978760,2019.628296,1581.683350,-3424.073730,1984.797852,1486.474121,-3363.832520,2007.130615,1623.197510,-3397.025391,2616.276123,1567.775757,-3159.791016,,,,,,,,,,,,,,,,,,,,,,,,,,,,,,,,,
6890,68.900000,0.000000,0.000000,0.000000,1.000000,0.000000,0.000000,0.000000,57.698101,20.499701,-14.700500,0.047771,-0.013570,0.015998,-15.666301,-52.738201,18.801300,-93.396698,0.129960,17.611099,-0.179113,-0.467515,-0.700333,0.508805,2003.012695,1537.146973,-3400.257080,2005.752563,1457.098267,-3414.541504,2018.024902,1581.886230,-3424.500488,1982.948486,1486.219971,-3364.440186,2005.324341,1623.383545,-3397.546387,2005.908203,1457.109619,-3414.615723,2017.884033,1581.893555,-3424.577881,1982.806274,1486.253540,-3364.330811,2005.448608,1623.333130,-3397.503662,2616.288330,1567.755859,-3159.786865,,,,,,,,,,,,,,,,,,,,,,,,,,,,,,,,,
6891,68.910000,0.000000,0.000000,0.000000,1.000000,0.000000,0.000000,0.000000,57.698101,20.499701,-14.700500,0.047771,-0.013570,0.015998,-15.666301,-52.738201,18.801300,-93.396698,0.129960,17.611099,-0.179950,-0.466235,-0.701067,0.508673,2001.286499,1537.022217,-3400.830811,2003.822266,1456.990479,-3415.247070,2016.345459,1581.767090,-3425.034668,1981.186401,1486.082397,-3365.052246,2003.791626,1623.249146,-3397.988770,2003.940308,1456.820435,-3415.302979,2016.224609,1581.901123,-3425.080566,1981.065796,1486.035767,-3364.957031,2003.916504,1623.326172,-3397.985352,2616.307373,1567.736938,-3159.766846,,,,,,,,,,,,,,,,,,,,,,,,,,,,,,,,,
6892,68.920000,0.000000,0.000000,0.000000,1.000000,0.000000,0.000000,0.000000,57.698101,20.499701,-14.700500,0.047771,-0.013570,0.015998,-15.666301,-52.738201,18.801300,-93.396698,0.129960,17.611099,-0.180436,-0.465505,-0.701161,0.509040,1999.637939,1536.842651,-3401.465088,2002.125000,1456.820923,-3415.945557,2014.668213,1581.601196,-3425.661865,1979.584717,1485.882080,-3365.689941,2002.173706,1623.066772,-3398.563232,2002.088501,1456.641846,-3415.927979,2014.725464,1581.785767,-3425.700684,1979.594971,1485.888184,-3365.688721,2002.145996,1623.057739,-3398.546631,2616.291748,1567.733887,-3159.774658,,,,,,,,,,,,,,,,,,,,,,,,,,,,,,,,,
6893,68.930000,0.000000,0.000000,0.000000,1.000000,0.000000,0.000000,0.000000,57.698101,20.499701,-14.700500,0.047771,-0.013570,0.015998,-15.666301,-52.738201,18.801300,-93.396698,0.129960,17.611099,-0.180204,-0.464565,-0.701310,0.509776,1997.850464,1536.613892,-3402.084473,2000.379761,1456.622559,-3416.724609,2012.816406,1581.431152,-3426.212158,1977.880981,1485.568115,-3366.383789,2000.324463,1622.834106,-3399.016602,2000.327881,1456.676025,-3416.673096,2012.854370,1581.417603,-3426.201660,1977.954224,1485.679199,-3366.475830,2000.263672,1622.680908,-3398.991455,2616.305908,1567.756470,-3159.780273,,,,,,,,,,,,,,,,,,,,,,,,,,,,,,,,,
6894,68.940000,0.000000,0.000000,0.000000,1.000000,0.000000,0.000000,0.000000,57.698101,20.499701,-14.700500,0.047771,-0.013570,0.015998,-15.666301,-52.738201,18.801300,-93.396698,0.129960,17.611099,-0.179562,-0.464660,-0.701893,0.509112,1996.038208,1536.340332,-3402.761230,1998.522583,1456.358887,-3417.462891,2011.088135,1581.164062,-3426.824707,1975.958008,1485.283081,-3367.139404,1998.583740,1622.555786,-3399.617920,1998.585815,1456.591797,-3417.448486,2010.983765,1581.076904,-3426.789307,1975.935669,1485.320679,-3367.162842,1998.657593,1622.379272,-3399.642090,2616.308594,1567.750244,-3159.774658,,,,,,,,,,,,,,,,,,,,,,,,,,,,,,,,,
6895,68.950000,0.000000,0.000000,0.000000,1.000000,0.000000,0.000000,0.000000,57.698101,20.499701,-14.700500,0.047771,-0.013570,0.015998,-15.666301,-52.738201,18.801300,-93.396698,0.129960,17.611099,-0.178358,-0.466046,-0.702460,0.507484,1994.388550,1536.128296,-3403.422852,1996.843994,1456.132324,-3418.050293,2009.610229,1580.914429,-3427.448242,1974.073242,1485.123901,-3367.858643,1997.026733,1622.342773,-3400.334229,1996.995361,1456.351562,-3418.112793,2009.475464,1580.856445,-3427.489258,1973.947754,1485.106201,-3367.757324,1997.149658,1622.215942,-3400.335693,2616.339600,1567.750000,-3159.769531,,,,,,,,,,,,,,,,,,,,,,,,,,,,,,,,,
6896,68.960000,0.000000,0.000000,0.000000,1.000000,0.000000,0.000000,0.000000,57.698101,20.499701,-14.700500,0.047771,-0.013570,0.015998,-15.666301,-52.738201,18.801300,-93.396698,0.129960,17.611099,-0.179560,-0.465054,-0.702852,0.507427,1992.653931,1535.858276,-3404.156738,1994.916504,1455.865356,-3418.831543,2007.902832,1580.627075,-3428.197021,1972.328125,1484.875122,-3368.567871,1995.468140,1622.065918,-3401.030029,1994.962280,1455.826660,-3418.881104,2007.875244,1580.653076,-3428.210693,1972.293701,1484.972412,-3368.524170,1995.484619,1621.982300,-3401.007568,2616.278809,1567.732788,-3159.768311,,,,,,,,,,,,,,,,,,,,,,,,,,,,,,,,,
6897,68.970000,0.000000,0.000000,0.000000,1.000000,0.000000,0.000000,0.000000,57.698101,20.499701,-14.700500,0.047771,-0.013570,0.015998,-15.666301,-52.738201,18.801300,-93.396698,0.129960,17.611099,-0.178987,-0.465183,-0.702409,0.508125,1990.771240,1535.551147,-3404.875732,1993.196533,1455.566528,-3419.569580,2005.933228,1580.356201,-3428.903320,1970.543335,1484.518799,-3369.301758,1993.411743,1621.763428,-3401.728271,1993.149048,1455.486572,-3419.548096,2005.986206,1580.399292,-3428.906494,1970.622925,1484.744507,-3369.385254,1993.327026,1621.584595,-3401.667236,2616.290039,1567.783081,-3159.786621,,,,,,,,,,,,,,,,,,,,,,,,,,,,,,,,,
6898,68.980000,0.000000,0.000000,0.000000,1.000000,0.000000,0.000000,0.000000,57.698101,20.499701,-14.700500,0.047771,-0.013570,0.015998,-15.666301,-52.738201,18.801300,-93.396698,0.129960,17.611099,-0.177903,-0.465405,-0.702274,0.508487,1989.007935,1535.163086,-3405.608887,1991.591919,1455.194336,-3420.362793,2004.124878,1580.013428,-3429.580322,1968.820190,1484.067261,-3370.103027,1991.494629,1621.377197,-3402.389404,1991.673950,1455.153076,-3420.391602,2004.021362,1579.988770,-3429.592773,1968.780884,1484.265747,-3370.118652,1991.553711,1621.255737,-3402.330811,2616.300537,1567.728027,-3159.784912,,,,,,,,,,,,,,,,,,,,,,,,,,,,,,,,,
6899,68.990000,0.000000,0.000000,0.000000,1.000000,0.000000,0.000000,0.000000,57.698101,20.499701,-14.700500,0.047771,-0.013570,0.015998,-15.666301,-52.738201,18.801300,-93.396698,0.129960,17.611099,-0.176162,-0.466550,-0.702846,0.507254,1987.287842,1534.789185,-3406.353027,1989.922241,1454.823608,-3421.114502,2002.536255,1579.641357,-3430.237549,1966.909668,1483.690308,-3370.960938,1989.783081,1621.001953,-3403.099121,1990.075806,1454.749146,-3421.180664,2002.390625,1579.738037,-3430.318359,1966.752441,1483.664185,-3370.839355,1989.925415,1621.005249,-3403.072754,2616.312500,1567.744995,-3159.765137,,,,,,,,,,,,,,,,,,,,,,,,,,,,,,,,,
6900,69.000000,0.000000,0.000000,0.000000,1.000000,0.000000,0.000000,0.000000,57.698101,20.499701,-14.700500,0.047771,-0.013570,0.015998,-15.666301,-52.738201,18.801300,-93.396698,0.129960,17.611099,-0.176806,-0.466020,-0.703224,0.506993,1985.582520,1534.315796,-3407.116455,1988.078247,1454.351440,-3421.908691,2000.874512,1579.152954,-3431.001465,1965.163452,1483.235718,-3371.720459,1988.213623,1620.523438,-3403.834473,1988.140381,1454.171631,-3421.909180,2000.794189,1579.288574,-3431.043945,1965.101440,1483.207764,-3371.698975,1988.296631,1620.590576,-3403.817139,2616.284668,1567.745972,-3159.776123,,,,,,,,,,,,,,,,,,,,,,,,,,,,,,,,,
6901,69.010000,0.000000,0.000000,0.000000,1.000000,0.000000,0.000000,0.000000,57.698101,20.499701,-14.700500,0.047771,-0.013570,0.015998,-15.666301,-52.738201,18.801300,-93.396698,0.129960,17.611099,-0.176968,-0.465426,-0.703367,0.507282,1983.864990,1533.818115,-3407.885010,1986.337036,1453.866943,-3422.752441,1999.136475,1578.675415,-3431.745605,1963.478027,1482.708008,-3372.514160,1986.508423,1620.022461,-3404.527832,1986.297241,1453.712158,-3422.732178,1999.184937,1578.787598,-3431.767334,1963.512329,1482.786011,-3372.547363,1986.465576,1619.982422,-3404.494141,2616.280273,1567.760254,-3159.780518,,,,,,,,,,,,,,,,,,,,,,,,,,,,,,,,,
6902,69.020000,0.000000,0.000000,0.000000,1.000000,0.000000,0.000000,0.000000,57.698101,20.499701,-14.700500,0.047771,-0.013570,0.015998,-15.666301,-52.738201,18.801300,-93.396698,0.129960,17.611099,-0.176086,-0.465760,-0.703291,0.507388,1982.076538,1533.331665,-3408.648926,1984.663452,1453.389282,-3423.544189,1997.330322,1578.216064,-3432.469727,1961.697754,1482.183838,-3373.327637,1984.614380,1619.537720,-3405.254150,1984.669067,1453.472900,-3423.531738,1997.317017,1578.196289,-3432.465576,1961.708374,1482.251465,-3373.352783,1984.611816,1619.400269,-3405.245361,2616.279297,1567.753052,-3159.783691,,,,,,,,,,,,,,,,,,,,,,,,,,,,,,,,,
6903,69.030000,0.000000,0.000000,0.000000,1.000000,0.000000,0.000000,0.000000,57.698101,20.499701,-14.700500,0.047771,-0.013570,0.015998,-15.666301,-52.738201,18.801300,-93.396698,0.129960,17.611099,-0.175340,-0.466475,-0.704246,0.505662,1980.386719,1532.909790,-3409.388428,1982.833252,1452.961670,-3424.276855,1995.838989,1577.757202,-3433.150635,1959.751343,1481.811035,-3374.145264,1983.123291,1619.109253,-3405.981201,1982.965332,1453.168701,-3424.274170,1995.681519,1577.712891,-3433.190918,1959.642700,1481.739624,-3374.102783,1983.267334,1619.031128,-3405.986572,2616.311523,1567.772095,-3159.776611,,,,,,,,,,,,,,,,,,,,,,,,,,,,,,,,,
6904,69.040000,0.000000,0.000000,0.000000,1.000000,0.000000,0.000000,0.000000,57.698101,20.499701,-14.700500,0.047771,-0.013570,0.015998,-15.666301,-52.738201,18.801300,-93.396698,0.129960,17.611099,-0.175359,-0.466410,-0.704942,0.504745,1978.867798,1532.586914,-3410.184326,1981.166382,1452.639893,-3425.102295,1994.435181,1577.412354,-3433.913086,1958.092896,1481.516357,-3374.982422,1981.776367,1618.779297,-3406.739746,1981.231934,1452.749756,-3425.128174,1994.387939,1577.391357,-3433.952148,1958.032471,1481.508179,-3374.928223,1981.822754,1618.702515,-3406.728760,2616.335938,1567.741943,-3159.761963,,,,,,,,,,,,,,,,,,,,,,,,,,,,,,,,,
6905,69.050000,0.000000,0.000000,0.000000,1.000000,0.000000,0.000000,0.000000,57.698101,20.499701,-14.700500,0.047771,-0.013570,0.015998,-15.666301,-52.738201,18.801300,-93.396698,0.129960,17.611099,-0.176096,-0.465904,-0.705017,0.504852,1977.159668,1532.151245,-3410.967529,1979.370850,1452.203613,-3425.895264,1992.723999,1576.966187,-3434.717773,1956.401611,1481.094360,-3375.735840,1980.141968,1618.340942,-3407.521240,1979.331055,1452.205566,-3425.878418,1992.771973,1577.017334,-3434.710205,1956.460083,1481.241821,-3375.784424,1980.072388,1618.125610,-3407.499268,2616.307373,1567.765747,-3159.765137,,,,,,,,,,,,,,,,,,,,,,,,,,,,,,,,,
6906,69.060000,0.000000,0.000000,0.000000,1.000000,0.000000,0.000000,0.000000,57.698101,20.499701,-14.700500,0.047771,-0.013570,0.015998,-15.666301,-52.738201,18.801300,-93.396698,0.129960,17.611099,-0.175380,-0.466122,-0.704875,0.505098,1975.420044,1531.785645,-3411.710693,1977.744263,1451.846313,-3426.666016,1990.951538,1576.628540,-3435.429688,1954.691650,1480.689941,-3376.517578,1978.292603,1617.977783,-3408.229492,1977.719604,1451.903320,-3426.673096,1990.987793,1576.568970,-3435.410156,1954.772949,1480.986816,-3376.587158,1978.197388,1617.682861,-3408.174561,2616.273682,1567.760132,-3159.772217,,,,,,,,,,,,,,,,,,,,,,,,,,,,,,,,,
6907,69.070000,0.000000,0.000000,0.000000,1.000000,0.000000,0.000000,0.000000,57.698101,20.499701,-14.700500,0.047771,-0.013570,0.015998,-15.666301,-52.738201,18.801300,-93.396698,0.129960,17.611099,-0.173729,-0.467292,-0.705201,0.504131,1973.722656,1531.471802,-3412.465576,1976.135010,1451.532959,-3427.408691,1989.349976,1576.318359,-3436.114746,1952.848267,1480.371582,-3377.365479,1976.557373,1617.664673,-3408.972900,1976.253296,1451.639038,-3427.476074,1989.240601,1576.224365,-3436.138184,1952.771362,1480.495728,-3377.311279,1976.628296,1617.531860,-3408.937744,2616.303223,1567.749023,-3159.784180,,,,,,,,,,,,,,,,,,,,,,,,,,,,,,,,,
6908,69.080000,0.000000,0.000000,0.000000,1.000000,0.000000,0.000000,0.000000,57.698101,20.499701,-14.700500,0.047771,-0.013570,0.015998,-15.666301,-52.738201,18.801300,-93.396698,0.129960,17.611099,-0.172251,-0.468389,-0.705551,0.503130,1972.139038,1531.238525,-3413.184570,1974.614746,1451.298462,-3428.111084,1987.866577,1576.083252,-3436.770752,1951.115723,1480.140991,-3378.169678,1974.958862,1617.431763,-3409.686768,1974.774902,1451.357178,-3428.198242,1987.757690,1576.086670,-3436.878906,1950.955322,1480.157227,-3378.023193,1975.063965,1617.357178,-3409.634277,2616.309326,1567.723145,-3159.762695,,,,,,,,,,,,,,,,,,,,,,,,,,,,,,,,,
6909,69.090000,0.000000,0.000000,0.000000,1.000000,0.000000,0.000000,0.000000,57.698101,20.499701,-14.700500,0.047771,-0.013570,0.015998,-15.666301,-52.738201,18.801300,-93.396698,0.129960,17.611099,-0.173253,-0.467133,-0.705780,0.503631,1970.485352,1531.055420,-3413.898438,1972.843506,1451.130493,-3428.924316,1986.180664,1575.913208,-3437.481201,1949.523804,1479.936401,-3378.877930,1973.393311,1617.241943,-3410.310303,1972.898926,1450.945312,-3428.963379,1986.122070,1575.996460,-3437.490234,1949.475586,1479.951538,-3378.843506,1973.450195,1617.313965,-3410.301270,2616.282227,1567.759155,-3159.779297,,,,,,,,,,,,,,,,,,,,,,,,,,,,,,,,,
6910,69.100000,0.000000,0.000000,0.000000,1.000000,0.000000,0.000000,0.000000,57.698101,20.499701,-14.700500,0.047771,-0.013570,0.015998,-15.666301,-52.738201,18.801300,-93.396698,0.129960,17.611099,-0.173331,-0.466705,-0.705625,0.504218,1968.838745,1530.855713,-3414.641113,1971.240601,1450.941284,-3429.716553,1984.472900,1575.739136,-3438.215576,1947.956177,1479.700195,-3379.626709,1971.684937,1617.042236,-3411.005615,1971.151855,1450.752197,-3429.684326,1984.576904,1575.899414,-3438.220459,1948.017212,1479.742188,-3379.664062,1971.608887,1617.024292,-3410.992920,2616.281738,1567.788818,-3159.793701,,,,,,,,,,,,,,,,,,,,,,,,,,,,,,,,,
6911,69.110000,0.000000,0.000000,0.000000,1.000000,0.000000,0.000000,0.000000,57.698101,20.499701,-14.700500,0.047771,-0.013570,0.015998,-15.666301,-52.738201,18.801300,-93.396698,0.129960,17.611099,-0.172105,-0.466883,-0.705826,0.504192,1967.135986,1530.649780,-3415.243896,1969.645630,1450.755371,-3430.407227,1982.773926,1575.575806,-3438.734863,1946.232910,1479.433472,-3380.330811,1969.891602,1616.834717,-3411.502686,1969.620117,1450.800415,-3430.324219,1982.762817,1575.606323,-3438.747070,1946.271729,1479.475342,-3380.424561,1969.890259,1616.713135,-3411.478516,2616.270264,1567.745483,-3159.795654,,,,,,,,,,,,,,,,,,,,,,,,,,,,,,,,,
6912,69.120000,0.000000,0.000000,0.000000,1.000000,0.000000,0.000000,0.000000,57.698101,20.499701,-14.700500,0.047771,-0.013570,0.015998,-15.666301,-52.738201,18.801300,-93.396698,0.129960,17.611099,-0.171597,-0.467223,-0.706581,0.502991,1965.404541,1530.546387,-3415.944580,1967.802002,1450.652344,-3431.127686,1981.183472,1575.450806,-3439.382568,1944.320679,1479.357910,-3381.099365,1968.311646,1616.724976,-3412.168457,1967.925903,1450.848877,-3431.115723,1981.006958,1575.387085,-3439.387939,1944.239258,1479.339111,-3381.094482,1968.456299,1616.619507,-3412.180176,2616.288086,1567.748901,-3159.771240,,,,,,,,,,,,,,,,,,,,,,,,,,,,,,,,,
6913,69.130000,0.000000,0.000000,0.000000,1.000000,0.000000,0.000000,0.000000,57.698101,20.499701,-14.700500,0.047771,-0.013570,0.015998,-15.666301,-52.738201,18.801300,-93.396698,0.129960,17.611099,-0.170202,-0.468550,-0.707223,0.501327,1963.876831,1530.562866,-3416.587402,1966.252441,1450.659180,-3431.723145,1979.830444,1575.437134,-3439.964600,1942.552856,1479.416138,-3381.827148,1966.871704,1616.739380,-3412.834473,1966.416870,1450.878540,-3431.773438,1979.682373,1575.345459,-3440.030029,1942.429077,1479.439819,-3381.748047,1966.993652,1616.602173,-3412.802734,2616.285889,1567.764282,-3159.787109,,,,,,,,,,,,,,,,,,,,,,,,,,,,,,,,,
6914,69.140000,0.000000,0.000000,0.000000,1.000000,0.000000,0.000000,0.000000,57.698101,20.499701,-14.700500,0.047771,-0.013570,0.015998,-15.666301,-52.738201,18.801300,-93.396698,0.129960,17.611099,-0.170467,-0.468517,-0.707206,0.501291,1962.233276,1530.572754,-3417.301514,1964.579834,1450.664673,-3432.418457,1978.191040,1575.436646,-3440.695801,1940.907593,1479.440796,-3382.520508,1965.254761,1616.749268,-3413.570801,1964.664429,1450.696899,-3432.467041,1978.125244,1575.389893,-3440.740967,1940.855957,1479.620850,-3382.488525,1965.286499,1616.586548,-3413.501953,2616.273193,1567.790405,-3159.787354,,,,,,,,,,,,,,,,,,,,,,,,,,,,,,,,,
6915,69.150000,0.000000,0.000000,0.000000,1.000000,0.000000,0.000000,0.000000,57.698101,20.499701,-14.700500,0.047771,-0.013570,0.015998,-15.666301,-52.738201,18.801300,-93.396698,0.129960,17.611099,-0.170637,-0.468020,-0.706821,0.502239,1960.443359,1530.611328,-3418.009033,1962.874878,1450.713989,-3433.169922,1976.297241,1575.508911,-3441.409180,1939.250366,1479.432373,-3383.216064,1963.350952,1616.790039,-3414.240967,1962.810181,1450.596313,-3433.163574,1976.385620,1575.559204,-3441.416748,1939.341431,1479.665771,-3383.280762,1963.235352,1616.635742,-3414.177002,2616.278320,1567.741089,-3159.784912,,,,,,,,,,,,,,,,,,,,,,,,,,,,,,,,,
6916,69.160000,0.000000,0.000000,0.000000,1.000000,0.000000,0.000000,0.000000,57.698101,20.499701,-14.700500,0.047771,-0.013570,0.015998,-15.666301,-52.738201,18.801300,-93.396698,0.129960,17.611099,-0.169195,-0.468437,-0.706555,0.502713,1958.738281,1530.698120,-3418.669922,1961.393066,1450.818604,-3433.887207,1974.528076,1575.652100,-3442.004883,1937.602905,1479.440918,-3383.957031,1961.429199,1616.880737,-3414.830322,1961.401489,1450.684937,-3433.874512,1974.510498,1575.737061,-3442.026367,1937.613403,1479.576782,-3383.997559,1961.428833,1616.793945,-3414.782471,2616.267578,1567.773438,-3159.792236,,,,,,,,,,,,,,,,,,,,,,,,,,,,,,,,,
6917,69.170000,0.000000,0.000000,0.000000,1.000000,0.000000,0.000000,0.000000,57.698101,20.499701,-14.700500,0.047771,-0.013570,0.015998,-15.666301,-52.738201,18.801300,-93.396698,0.129960,17.611099,-0.169031,-0.468466,-0.706636,0.502626,1956.964966,1530.769653,-3419.423096,1959.622192,1450.892700,-3434.653076,1972.765137,1575.727051,-3442.744629,1935.814453,1479.507568,-3384.727051,1959.658081,1616.951660,-3415.567627,1959.710205,1450.878540,-3434.633789,1972.612061,1575.747559,-3442.756836,1935.736450,1479.434570,-3384.729248,1959.800171,1617.021973,-3415.573730,2616.297363,1567.773315,-3159.778320,,,,,,,,,,,,,,,,,,,,,,,,,,,,,,,,,
6918,69.180000,0.000000,0.000000,0.000000,1.000000,0.000000,0.000000,0.000000,57.698101,20.499701,-14.700500,0.047771,-0.013570,0.015998,-15.666301,-52.738201,18.801300,-93.396698,0.129960,17.611099,-0.168636,-0.469197,-0.707134,0.501376,1955.322266,1531.010986,-3420.125977,1957.887695,1451.120728,-3435.301758,1971.257935,1575.928467,-3443.432373,1933.995972,1479.804443,-3385.455322,1958.147461,1617.190552,-3416.314453,1958.007202,1451.264038,-3435.292236,1971.101929,1575.917480,-3443.466553,1933.880615,1479.683594,-3385.411621,1958.300293,1617.180786,-3416.332275,2616.306885,1567.730957,-3159.765137,,,,,,,,,,,,,,,,,,,,,,,,,,,,,,,,,
6919,69.190000,0.000000,0.000000,0.000000,1.000000,0.000000,0.000000,0.000000,57.698101,20.499701,-14.700500,0.047771,-0.013570,0.015998,-15.666301,-52.738201,18.801300,-93.396698,0.129960,17.611099,-0.168409,-0.469684,-0.707073,0.501083,1953.737305,1531.208740,-3420.849854,1956.320679,1451.309204,-3435.973633,1969.696655,1576.112305,-3444.166992,1932.375366,1480.023071,-3386.170410,1956.556274,1617.390869,-3417.088379,1956.424927,1451.474365,-3436.031738,1969.635742,1576.030762,-3444.231445,1932.296875,1480.104492,-3386.097168,1956.598755,1617.230713,-3417.039062,2616.313721,1567.707031,-3159.754883,,,,,,,,,,,,,,,,,,,,,,,,,,,,,,,,,
6920,69.200000,0.000000,0.000000,0.000000,1.000000,0.000000,0.000000,0.000000,57.698101,20.499701,-14.700500,0.047771,-0.013570,0.015998,-15.666301,-52.738201,18.801300,-93.396698,0.129960,17.611099,-0.168349,-0.469828,-0.706495,0.501781,1951.898926,1531.330566,-3421.575928,1954.606567,1451.428711,-3436.665527,1967.768799,1576.250122,-3444.923096,1930.644165,1480.125000,-3386.860107,1954.576294,1617.518921,-3417.854980,1954.618164,1451.454956,-3436.718262,1967.820190,1576.203979,-3444.970947,1930.660889,1480.390259,-3386.833740,1954.485474,1617.274780,-3417.762695,2616.321777,1567.740479,-3159.771484,,,,,,,,,,,,,,,,,,,,,,,,,,,,,,,,,
6921,69.210000,0.000000,0.000000,0.000000,1.000000,0.000000,0.000000,0.000000,57.698101,20.499701,-14.700500,0.047771,-0.013570,0.015998,-15.666301,-52.738201,18.801300,-93.396698,0.129960,17.611099,-0.168554,-0.469456,-0.705829,0.502998,1950.078491,1531.545044,-3422.255859,1952.920776,1451.650391,-3437.359131,1965.807739,1576.499756,-3445.630371,1929.000244,1480.291992,-3387.502197,1952.584839,1617.738403,-3418.531250,1952.867188,1451.547241,-3437.355713,1965.875244,1576.550537,-3445.622803,1929.077271,1480.491333,-3387.558105,1952.494263,1617.599365,-3418.488770,2616.282471,1567.740234,-3159.784912,,,,,,,,,,,,,,,,,,,,,,,,,,,,,,,,,
6922,69.220000,0.000000,0.000000,0.000000,1.000000,0.000000,0.000000,0.000000,57.698101,20.499701,-14.700500,0.047771,-0.013570,0.015998,-15.666301,-52.738201,18.801300,-93.396698,0.129960,17.611099,-0.168432,-0.469212,-0.705580,0.503615,1948.335205,1531.743774,-3422.964600,1951.258545,1451.859131,-3438.105225,1963.995483,1576.726929,-3446.331055,1927.341675,1480.450928,-3388.218262,1950.744873,1617.938232,-3419.203613,1951.323853,1451.773315,-3438.091309,1963.857544,1576.744263,-3446.302490,1927.302002,1480.440430,-3388.248291,1950.858398,1618.020386,-3419.214355,2616.244873,1567.741333,-3159.794678,,,,,,,,,,,,,,,,,,,,,,,,,,,,,,,,,
6923,69.230000,0.000000,0.000000,0.000000,1.000000,0.000000,0.000000,0.000000,57.698101,20.499701,-14.700500,0.047771,-0.013570,0.015998,-15.666301,-52.738201,18.801300,-93.396698,0.129960,17.611099,-0.168036,-0.469961,-0.705737,0.502828,1946.632568,1531.987793,-3423.618652,1949.536377,1452.089600,-3438.691162,1962.370972,1576.942505,-3446.986572,1925.533081,1480.735596,-3388.876709,1949.089966,1618.183594,-3419.919434,1949.657715,1452.185913,-3438.667969,1962.188843,1576.968994,-3447.020020,1925.404175,1480.569458,-3388.839111,1949.274780,1618.221680,-3419.946533,2616.290771,1567.752808,-3159.797852,,,,,,,,,,,,,,,,,,,,,,,,,,,,,,,,,
6924,69.240000,0.000000,0.000000,0.000000,1.000000,0.000000,0.000000,0.000000,57.698101,20.499701,-14.700500,0.047771,-0.013570,0.015998,-15.666301,-52.738201,18.801300,-93.396698,0.129960,17.611099,-0.167565,-0.470717,-0.705922,0.502017,1945.004395,1532.249268,-3424.288818,1947.891113,1452.338745,-3439.299561,1960.823853,1577.177856,-3447.652588,1923.794067,1481.034546,-3389.559082,1947.508301,1618.446045,-3420.643799,1947.955688,1452.495850,-3439.347900,1960.815552,1577.159546,-3447.715820,1923.724121,1481.035522,-3389.467285,1947.526001,1618.312622,-3420.623047,2616.293457,1567.736938,-3159.771240,,,,,,,,,,,,,,,,,,,,,,,,,,,,,,,,,
6925,69.250000,0.000000,0.000000,0.000000,1.000000,0.000000,0.000000,0.000000,57.698101,20.499701,-14.700500,0.047771,-0.013570,0.015998,-15.666301,-52.738201,18.801300,-93.396698,0.129960,17.611099,-0.167457,-0.470831,-0.705408,0.502669,1943.333130,1532.456909,-3424.941895,1946.338135,1452.546265,-3439.928711,1959.069702,1577.402954,-3448.328125,1922.221680,1481.219727,-3390.184814,1945.703003,1618.658691,-3421.325439,1946.368164,1452.624634,-3440.000244,1959.130981,1577.298340,-3448.413818,1922.211182,1481.447876,-3390.123047,1945.613770,1618.455200,-3421.214844,2616.311279,1567.738037,-3159.766846,,,,,,,,,,,,,,,,,,,,,,,,,,,,,,,,,
6926,69.260000,0.000000,0.000000,0.000000,1.000000,0.000000,0.000000,0.000000,57.698101,20.499701,-14.700500,0.047771,-0.013570,0.015998,-15.666301,-52.738201,18.801300,-93.396698,0.129960,17.611099,-0.167970,-0.470456,-0.704526,0.504083,1941.588867,1532.733276,-3425.554443,1944.734619,1452.824585,-3440.522461,1957.159424,1577.706909,-3448.999023,1920.688721,1481.460449,-3390.722656,1943.772705,1618.941528,-3421.973877,1944.665527,1452.696777,-3440.522217,1957.269409,1577.750854,-3449.024414,1920.782837,1481.714355,-3390.781738,1943.635986,1618.785522,-3421.890137,2616.314453,1567.721313,-3159.766113,,,,,,,,,,,,,,,,,,,,,,,,,,,,,,,,,
6927,69.270000,0.000000,0.000000,0.000000,1.000000,0.000000,0.000000,0.000000,57.698101,20.499701,-14.700500,0.047771,-0.013570,0.015998,-15.666301,-52.738201,18.801300,-93.396698,0.129960,17.611099,-0.168694,-0.469491,-0.704369,0.504960,1939.919922,1532.981445,-3426.143066,1943.053711,1453.085571,-3441.182129,1955.405640,1577.979370,-3449.597412,1919.139893,1481.673340,-3391.291260,1942.080444,1619.187744,-3422.501709,1943.050415,1452.904419,-3441.170166,1955.363647,1578.018921,-3449.550049,1919.184204,1481.848755,-3391.377686,1942.085327,1619.156494,-3422.482910,2616.320312,1567.740845,-3159.773193,,,,,,,,,,,,,,,,,,,,,,,,,,,,,,,,,
6928,69.280000,0.000000,0.000000,0.000000,1.000000,0.000000,0.000000,0.000000,57.698101,20.499701,-14.700500,0.047771,-0.013570,0.015998,-15.666301,-52.738201,18.801300,-93.396698,0.129960,17.611099,-0.168642,-0.469819,-0.704352,0.504696,1938.316650,1533.214355,-3426.725586,1941.444580,1453.310181,-3441.721436,1953.826294,1578.197144,-3450.192871,1917.504028,1481.928345,-3391.860840,1940.491699,1619.422119,-3423.127441,1941.519043,1453.271606,-3441.662354,1953.648804,1578.199097,-3450.187012,1917.457520,1481.885376,-3391.927979,1940.639282,1619.505981,-3423.123779,2616.293457,1567.759521,-3159.780029,,,,,,,,,,,,,,,,,,,,,,,,,,,,,,,,,
6929,69.290000,0.000000,0.000000,0.000000,1.000000,0.000000,0.000000,0.000000,57.698101,20.499701,-14.700500,0.047771,-0.013570,0.015998,-15.666301,-52.738201,18.801300,-93.396698,0.129960,17.611099,-0.167872,-0.470904,-0.705032,0.502989,1936.747559,1533.528931,-3427.266602,1939.775635,1453.608276,-3442.194824,1952.441162,1578.464233,-3450.702148,1915.692627,1482.308838,-3392.450684,1939.080688,1619.734497,-3423.718750,1939.888428,1453.710815,-3442.206055,1952.293945,1578.466553,-3450.717041,1915.573730,1482.171509,-3392.386475,1939.232178,1619.762573,-3423.755127,2616.295410,1567.741333,-3159.776855,,,,,,,,,,,,,,,,,,,,,,,,,,,,,,,,,
6930,69.300000,0.000000,0.000000,0.000000,1.000000,0.000000,0.000000,0.000000,57.698101,20.499701,-14.700500,0.047771,-0.013570,0.015998,-15.666301,-52.738201,18.801300,-93.396698,0.129960,17.611099,-0.167017,-0.472427,-0.704787,0.502189,1935.239136,1533.840820,-3427.753174,1938.352539,1453.894897,-3442.528564,1950.993286,1578.741089,-3451.215332,1914.087646,1482.673584,-3392.917725,1937.523071,1620.053589,-3424.351318,1938.483398,1454.068970,-3442.590088,1950.910278,1578.681763,-3451.300049,1913.978516,1482.730835,-3392.824707,1937.595581,1619.888062,-3424.298828,2616.288086,1567.727051,-3159.772217,,,,,,,,,,,,,,,,,,,,,,,,,,,,,,,,,
6931,69.310000,0.000000,0.000000,0.000000,1.000000,0.000000,0.000000,0.000000,57.698101,20.499701,-14.700500,0.047771,-0.013570,0.015998,-15.666301,-52.738201,18.801300,-93.396698,0.129960,17.611099,-0.166823,-0.472641,-0.703983,0.503179,1933.586548,1534.153442,-3428.232910,1936.885986,1454.207520,-3442.967529,1949.213501,1579.079712,-3451.730469,1912.585815,1482.953369,-3393.354736,1935.661133,1620.373535,-3424.878906,1936.904907,1454.212402,-3443.039307,1949.255493,1579.094604,-3451.754150,1912.576050,1483.141357,-3393.289307,1935.600708,1620.158081,-3424.836914,2616.331543,1567.752808,-3159.766846,,,,,,,,,,,,,,,,,,,,,,,,,,,,,,,,,
6932,69.320000,0.000000,0.000000,0.000000,1.000000,0.000000,0.000000,0.000000,57.698101,20.499701,-14.700500,0.047771,-0.013570,0.015998,-15.666301,-52.738201,18.801300,-93.396698,0.129960,17.611099,-0.167881,-0.471637,-0.703164,0.504911,1931.955688,1534.489624,-3428.623047,1935.343994,1454.552368,-3443.384521,1947.392212,1579.449585,-3452.182129,1911.207642,1483.243774,-3393.660645,1933.878784,1620.713013,-3425.264648,1935.266968,1454.347778,-3443.351074,1947.479248,1579.552612,-3452.202393,1911.303589,1483.473877,-3393.753662,1933.772705,1620.588623,-3425.188232,2616.291992,1567.750854,-3159.776611,,,,,,,,,,,,,,,,,,,,,,,,,,,,,,,,,
6933,69.330000,0.000000,0.000000,0.000000,1.000000,0.000000,0.000000,0.000000,57.698101,20.499701,-14.700500,0.047771,-0.013570,0.015998,-15.666301,-52.738201,18.801300,-93.396698,0.129960,17.611099,-0.167723,-0.471858,-0.702815,0.505243,1930.324585,1534.717529,-3429.025146,1933.796387,1454.778442,-3443.757324,1945.714600,1579.684692,-3452.600830,1909.629517,1483.463013,-3394.044189,1932.157715,1620.944092,-3425.698486,1933.782715,1454.647827,-3443.724365,1945.662842,1579.706909,-3452.530762,1909.682861,1483.588013,-3394.149170,1932.171753,1620.932007,-3425.701660,2616.290283,1567.706787,-3159.777100,,,,,,,,,,,,,,,,,,,,,,,,,,,,,,,,,
6934,69.340000,0.000000,0.000000,0.000000,1.000000,0.000000,0.000000,0.000000,57.698101,20.499701,-14.700500,0.047771,-0.013570,0.015998,-15.666301,-52.738201,18.801300,-93.396698,0.129960,17.611099,-0.167290,-0.472593,-0.703106,0.504294,1928.785645,1535.105103,-3429.341553,1932.214355,1455.153198,-3444.014404,1944.274658,1580.042236,-3452.909668,1907.958740,1483.893311,-3394.376465,1930.694946,1621.331909,-3426.065674,1932.305054,1455.214355,-3443.948730,1944.058960,1580.030396,-3452.883789,1907.907715,1483.871460,-3394.449463,1930.863892,1621.303345,-3426.080322,2616.289307,1567.751099,-3159.761475,,,,,,,,,,,,,,,,,,,,,,,,,,,,,,,,,
6935,69.350000,0.000000,0.000000,0.000000,1.000000,0.000000,0.000000,0.000000,57.698101,20.499701,-14.700500,0.047771,-0.013570,0.015998,-15.666301,-52.738201,18.801300,-93.396698,0.129960,17.611099,-0.165680,-0.474450,-0.703176,0.502982,1927.191895,1535.474121,-3429.618652,1930.717529,1455.503174,-3444.164062,1942.797852,1580.382812,-3453.163818,1906.187744,1484.305054,-3394.697021,1929.064209,1621.705811,-3426.449707,1930.827148,1455.746704,-3444.234131,1942.738525,1580.313843,-3453.210693,1906.085327,1484.281006,-3394.584473,1929.127319,1621.580566,-3426.449463,2616.298584,1567.752441,-3159.774902,,,,,,,,,,,,,,,,,,,,,,,,,,,,,,,,,
6936,69.360000,0.000000,0.000000,0.000000,1.000000,0.000000,0.000000,0.000000,57.698101,20.499701,-14.700500,0.047771,-0.013570,0.015998,-15.666301,-52.738201,18.801300,-93.396698,0.129960,17.611099,-0.164324,-0.475333,-0.702247,0.503891,1925.603638,1535.918579,-3429.885498,1929.456055,1455.955078,-3444.387939,1941.077515,1580.875366,-3453.425781,1904.736938,1484.686157,-3394.974121,1927.143799,1622.158203,-3426.753174,1929.539551,1456.130005,-3444.483398,1941.101074,1580.772705,-3453.539307,1904.656250,1484.786621,-3394.849365,1927.119507,1621.991455,-3426.668945,2616.295898,1567.751221,-3159.781494,,,,,,,,,,,,,,,,,,,,,,,,,,,,,,,,,
6937,69.370000,0.000000,0.000000,0.000000,1.000000,0.000000,0.000000,0.000000,57.698101,20.499701,-14.700500,0.047771,-0.013570,0.015998,-15.666301,-52.738201,18.801300,-93.396698,0.129960,17.611099,-0.164164,-0.474903,-0.701484,0.505408,1924.002441,1536.322266,-3430.129883,1928.060059,1456.377930,-3444.683105,1939.300537,1581.336548,-3453.675293,1903.351440,1485.010498,-3395.206787,1925.297485,1622.564209,-3426.953857,1928.044922,1456.330566,-3444.716064,1939.397217,1581.422974,-3453.751221,1903.357178,1485.150635,-3395.163330,1925.207031,1622.379028,-3426.881836,2616.298828,1567.751831,-3159.776367,,,,,,,,,,,,,,,,,,,,,,,,,,,,,,,,,
6938,69.380000,0.000000,0.000000,0.000000,1.000000,0.000000,0.000000,0.000000,57.698101,20.499701,-14.700500,0.047771,-0.013570,0.015998,-15.666301,-52.738201,18.801300,-93.396698,0.129960,17.611099,-0.166808,-0.472587,-0.700981,0.507407,1922.394775,1536.555054,-3430.362305,1926.337280,1456.621948,-3445.008301,1937.499634,1581.587646,-3453.997070,1902.029785,1485.216064,-3395.311523,1923.712280,1622.794678,-3427.131836,1926.319702,1456.469116,-3444.962402,1937.469604,1581.601074,-3453.973633,1902.094116,1485.404419,-3395.440186,1923.703369,1622.758179,-3427.086426,2616.339111,1567.717529,-3159.750977,,,,,,,,,,,,,,,,,,,,,,,,,,,,,,,,,
6939,69.390000,0.000000,0.000000,0.000000,1.000000,0.000000,0.000000,0.000000,57.698101,20.499701,-14.700500,0.047771,-0.013570,0.015998,-15.666301,-52.738201,18.801300,-93.396698,0.129960,17.611099,-0.166922,-0.472377,-0.701058,0.507460,1920.932739,1536.875732,-3430.570312,1924.854858,1456.945923,-3445.239502,1936.036499,1581.911987,-3454.198975,1900.572388,1485.531006,-3395.525391,1922.267334,1623.114258,-3427.317139,1924.889038,1456.980957,-3445.149658,1935.842163,1581.849365,-3454.096191,1900.599731,1485.595947,-3395.693115,1922.385620,1623.074219,-3427.343750,2616.314209,1567.757690,-3159.769043,,,,,,,,,,,,,,,,,,,,,,,,,,,,,,,,,
6940,69.400000,0.000000,0.000000,0.000000,1.000000,0.000000,0.000000,0.000000,57.698101,20.499701,-14.700500,0.047771,-0.013570,0.015998,-15.666301,-52.738201,18.801300,-93.396698,0.129960,17.611099,-0.165936,-0.473201,-0.701596,0.506270,1919.418091,1537.226929,-3430.766846,1923.311279,1457.292603,-3445.418701,1934.650269,1582.246948,-3454.343994,1898.882568,1485.904297,-3395.791504,1920.828125,1623.464233,-3427.512695,1923.376343,1457.481934,-3445.366943,1934.544800,1582.170410,-3454.377686,1898.839966,1485.859619,-3395.820068,1920.915527,1623.410522,-3427.498291,2616.262207,1567.744385,-3159.787598,,,,,,,,,,,,,,,,,,,,,,,,,,,,,,,,,
6941,69.410000,0.000000,0.000000,0.000000,1.000000,0.000000,0.000000,0.000000,57.698101,20.499701,-14.700500,0.047771,-0.013570,0.015998,-15.666301,-52.738201,18.801300,-93.396698,0.129960,17.611099,-0.164116,-0.474263,-0.701505,0.505995,1917.794312,1537.604736,-3430.876465,1921.886475,1457.679932,-3445.527100,1933.037109,1582.655884,-3454.387207,1897.215576,1486.239258,-3395.989746,1919.038086,1623.843750,-3427.602051,1921.947632,1457.852661,-3445.589844,1933.069092,1582.648926,-3454.498535,1897.126221,1486.210449,-3395.853516,1919.034302,1623.714600,-3427.561279,2616.297363,1567.770630,-3159.780762,,,,,,,,,,,,,,,,,,,,,,,,,,,,,,,,,
6942,69.420000,0.000000,0.000000,0.000000,1.000000,0.000000,0.000000,0.000000,57.698101,20.499701,-14.700500,0.047771,-0.013570,0.015998,-15.666301,-52.738201,18.801300,-93.396698,0.129960,17.611099,-0.163049,-0.474730,-0.700634,0.507108,1916.297485,1538.005493,-3431.000000,1920.687134,1458.095581,-3445.644775,1931.392456,1583.110596,-3454.502686,1895.882202,1486.567383,-3396.124023,1917.228027,1624.248657,-3427.728027,1920.757568,1458.172241,-3445.718262,1931.428589,1583.165771,-3454.646484,1895.784912,1486.637573,-3395.981934,1917.213501,1624.035034,-3427.643555,2616.296387,1567.753174,-3159.769531,,,,,,,,,,,,,,,,,,,,,,,,,,,,,,,,,
6943,69.430000,0.000000,0.000000,0.000000,1.000000,0.000000,0.000000,0.000000,57.698101,20.499701,-14.700500,0.047771,-0.013570,0.015998,-15.666301,-52.738201,18.801300,-93.396698,0.129960,17.611099,-0.164932,-0.472623,-0.700309,0.508912,1914.799805,1538.263794,-3431.118652,1919.122925,1458.375000,-3445.897949,1929.722412,1583.405762,-3454.660889,1894.634521,1486.771851,-3396.177002,1915.719238,1624.502930,-3427.739014,1919.181396,1458.298218,-3445.905518,1929.659180,1583.391602,-3454.707031,1894.609497,1486.945190,-3396.206055,1915.748657,1624.430298,-3427.656250,2616.289307,1567.733887,-3159.775146,,,,,,,,,,,,,,,,,,,,,,,,,,,,,,,,,
6944,69.440000,0.000000,0.000000,0.000000,1.000000,0.000000,0.000000,0.000000,57.698101,20.499701,-14.700500,0.047771,-0.013570,0.015998,-15.666301,-52.738201,18.801300,-93.396698,0.129960,17.611099,-0.166641,-0.471342,-0.700239,0.509641,1913.331177,1538.513062,-3431.221924,1917.513550,1458.623657,-3446.038330,1928.192505,1583.646240,-3454.819336,1893.271362,1487.032227,-3396.203613,1914.347168,1624.750488,-3427.826660,1917.555054,1458.514893,-3445.979980,1928.010010,1583.609863,-3454.717041,1893.297852,1487.157715,-3396.359863,1914.449585,1624.774414,-3427.833496,2616.317871,1567.797607,-3159.778076,,,,,,,,,,,,,,,,,,,,,,,,,,,,,,,,,
6945,69.450000,0.000000,0.000000,0.000000,1.000000,0.000000,0.000000,0.000000,57.698101,20.499701,-14.700500,0.047771,-0.013570,0.015998,-15.666301,-52.738201,18.801300,-93.396698,0.129960,17.611099,-0.165834,-0.472046,-0.700468,0.508936,1911.849365,1538.841431,-3431.301270,1916.052124,1458.948364,-3446.092041,1926.781860,1583.967041,-3454.868652,1891.687500,1487.371460,-3396.325684,1912.875854,1625.079224,-3427.919189,1916.092163,1459.031860,-3446.033936,1926.653809,1583.908447,-3454.830566,1891.686157,1487.407593,-3396.414307,1912.961670,1625.016479,-3427.924072,2616.286621,1567.774170,-3159.793213,,,,,,,,,,,,,,,,,,,,,,,,,,,,,,,,,
6946,69.460000,0.000000,0.000000,0.000000,1.000000,0.000000,0.000000,0.000000,57.698101,20.499701,-14.700500,0.047771,-0.013570,0.015998,-15.666301,-52.738201,18.801300,-93.396698,0.129960,17.611099,-0.163694,-0.473401,-0.700644,0.508127,1910.224854,1539.270142,-3431.338379,1914.596924,1459.384644,-3446.121094,1925.227539,1584.417358,-3454.819336,1889.940918,1487.770508,-3396.476807,1911.134155,1625.508423,-3427.935547,1914.618896,1459.545654,-3446.132080,1925.259888,1584.381104,-3454.904297,1889.912598,1487.804932,-3396.435059,1911.108765,1625.347290,-3427.879883,2616.267578,1567.746460,-3159.780762,,,,,,,,,,,,,,,,,,,,,,,,,,,,,,,,,
6947,69.470000,0.000000,0.000000,0.000000,1.000000,0.000000,0.000000,0.000000,57.698101,20.499701,-14.700500,0.047771,-0.013570,0.015998,-15.666301,-52.738201,18.801300,-93.396698,0.129960,17.611099,-0.162254,-0.474409,-0.699901,0.508673,1908.636230,1539.708862,-3431.346436,1913.298706,1459.830933,-3446.081055,1923.547241,1584.892944,-3454.814941,1888.438354,1488.160767,-3396.506836,1909.260498,1625.951172,-3427.982910,1913.353149,1459.955322,-3446.155029,1923.590820,1584.911011,-3454.921875,1888.359375,1488.201172,-3396.372803,1909.238770,1625.761353,-3427.929199,2616.295898,1567.751953,-3159.784912,,,,,,,,,,,,,,,,,,,,,,,,,,,,,,,,,
6948,69.480000,0.000000,0.000000,0.000000,1.000000,0.000000,0.000000,0.000000,57.698101,20.499701,-14.700500,0.047771,-0.013570,0.015998,-15.666301,-52.738201,18.801300,-93.396698,0.129960,17.611099,-0.162312,-0.474256,-0.699139,0.509845,1907.234131,1540.162598,-3431.413818,1912.057617,1460.292847,-3446.141357,1922.003174,1585.376465,-3454.914551,1887.210938,1488.574341,-3396.532227,1907.664429,1626.406738,-3428.067383,1912.165405,1460.306885,-3446.195068,1921.950439,1585.388306,-3455.041504,1887.105469,1488.672852,-3396.444336,1907.712280,1626.281860,-3427.969482,2616.293701,1567.760742,-3159.776123,,,,,,,,,,,,,,,,,,,,,,,,,,,,,,,,,
6949,69.490000,0.000000,0.000000,0.000000,1.000000,0.000000,0.000000,0.000000,57.698101,20.499701,-14.700500,0.047771,-0.013570,0.015998,-15.666301,-52.738201,18.801300,-93.396698,0.129960,17.611099,-0.164131,-0.472680,-0.698922,0.511021,1905.843994,1540.414551,-3431.493164,1910.559082,1460.550781,-3446.287598,1920.504272,1585.635376,-3455.048340,1885.988159,1488.815552,-3396.532227,1906.324341,1626.656738,-3428.103760,1910.682129,1460.475098,-3446.283936,1920.258667,1585.572632,-3454.997070,1885.933472,1488.947754,-3396.602783,1906.483032,1626.659424,-3428.084229,2616.302734,1567.757446,-3159.774902,,,,,,,,,,,,,,,,,,,,,,,,,,,,,,,,,
6950,69.500000,0.000000,0.000000,0.000000,1.000000,0.000000,0.000000,0.000000,57.698101,20.499701,-14.700500,0.047771,-0.013570,0.015998,-15.666301,-52.738201,18.801300,-93.396698,0.129960,17.611099,-0.165423,-0.471991,-0.698884,0.511292,1904.387207,1540.751831,-3431.599609,1908.979004,1460.878784,-3446.382812,1919.028687,1585.950317,-3455.209473,1884.575439,1489.183838,-3396.568115,1904.965698,1626.994629,-3428.237793,1908.987915,1460.807495,-3446.310791,1918.898193,1585.968994,-3455.113770,1884.618042,1489.278198,-3396.717773,1905.040527,1626.960327,-3428.260742,2616.304688,1567.747925,-3159.767578,,,,,,,,,,,,,,,,,,,,,,,,,,,,,,,,,
6951,69.510000,0.000000,0.000000,0.000000,1.000000,0.000000,0.000000,0.000000,57.698101,20.499701,-14.700500,0.047771,-0.013570,0.015998,-15.666301,-52.738201,18.801300,-93.396698,0.129960,17.611099,-0.165072,-0.472579,-0.698937,0.510791,1902.888306,1541.170288,-3431.677246,1907.485107,1461.287476,-3446.406982,1917.577393,1586.351807,-3455.290039,1883.009277,1489.627075,-3396.647217,1903.481201,1627.414795,-3428.364746,1907.473511,1461.409790,-3446.354004,1917.565186,1586.289185,-3455.301025,1883.036377,1489.672729,-3396.713135,1903.477661,1627.313721,-3428.338379,2616.291992,1567.752686,-3159.775879,,,,,,,,,,,,,,,,,,,,,,,,,,,,,,,,,
6952,69.520000,0.000000,0.000000,0.000000,1.000000,0.000000,0.000000,0.000000,57.698101,20.499701,-14.700500,0.047771,-0.013570,0.015998,-15.666301,-52.738201,18.801300,-93.396698,0.129960,17.611099,-0.163551,-0.473914,-0.698639,0.510451,1901.297363,1541.675293,-3431.804199,1906.085205,1461.790283,-3446.460205,1915.996826,1586.865356,-3455.394287,1881.376343,1490.122925,-3396.811768,1901.730835,1627.922974,-3428.550537,1906.070312,1461.907104,-3446.508545,1916.094727,1586.883789,-3455.449463,1881.363281,1490.145264,-3396.725830,1901.657104,1627.756836,-3428.533936,2616.327393,1567.734741,-3159.778320,,,,,,,,,,,,,,,,,,,,,,,,,,,,,,,,,
6953,69.530000,0.000000,0.000000,0.000000,1.000000,0.000000,0.000000,0.000000,57.698101,20.499701,-14.700500,0.047771,-0.013570,0.015998,-15.666301,-52.738201,18.801300,-93.396698,0.129960,17.611099,-0.163111,-0.474783,-0.698029,0.510618,1899.850708,1542.096802,-3431.938721,1904.779663,1462.200562,-3446.486084,1914.506958,1587.279175,-3455.570312,1879.970093,1490.558594,-3396.902344,1900.146240,1628.349365,-3428.795898,1904.823364,1462.231079,-3446.531006,1914.555420,1587.409668,-3455.712891,1879.884644,1490.555420,-3396.773438,1900.137817,1628.191895,-3428.738037,2616.308105,1567.768311,-3159.760742,,,,,,,,,,,,,,,,,,,,,,,,,,,,,,,,,
6954,69.540000,0.000000,0.000000,0.000000,1.000000,0.000000,0.000000,0.000000,57.698101,20.499701,-14.700500,0.047771,-0.013570,0.015998,-15.666301,-52.738201,18.801300,-93.396698,0.129960,17.611099,-0.163869,-0.474542,-0.697226,0.511696,1898.521729,1542.463501,-3432.119385,1903.535156,1462.562500,-3446.611816,1913.047729,1587.648193,-3455.826904,1878.810669,1490.924805,-3396.988037,1898.693726,1628.718994,-3429.050293,1903.637207,1462.548096,-3446.672607,1912.991699,1587.669434,-3455.923584,1878.714478,1491.033447,-3396.905273,1898.741699,1628.604248,-3428.970947,2616.293701,1567.709473,-3159.777832,,,,,,,,,,,,,,,,,,,,,,,,,,,,,,,,,
6955,69.550000,0.000000,0.000000,0.000000,1.000000,0.000000,0.000000,0.000000,57.698101,20.499701,-14.700500,0.047771,-0.013570,0.015998,-15.666301,-52.738201,18.801300,-93.396698,0.129960,17.611099,-0.166442,-0.473114,-0.696644,0.512978,1897.123169,1542.776978,-3432.357910,1902.000854,1462.862183,-3446.820801,1911.519409,1587.935547,-3456.194092,1877.612305,1491.275757,-3397.060303,1897.360107,1629.034668,-3429.356934,1902.100220,1462.835938,-3446.808838,1911.300781,1587.887573,-3456.130127,1877.573608,1491.418457,-3397.138672,1897.500610,1628.965088,-3429.351074,2616.308350,1567.750488,-3159.771729,,,,,,,,,,,,,,,,,,,,,,,,,,,,,,,,,
6956,69.560000,0.000000,0.000000,0.000000,1.000000,0.000000,0.000000,0.000000,57.698101,20.499701,-14.700500,0.047771,-0.013570,0.015998,-15.666301,-52.738201,18.801300,-93.396698,0.129960,17.611099,-0.168357,-0.472521,-0.696461,0.513149,1895.729370,1543.219116,-3432.570312,1900.430176,1463.278564,-3446.949219,1910.113403,1588.324951,-3456.513184,1876.260742,1491.793213,-3397.139893,1896.113159,1629.479980,-3429.678467,1900.435791,1463.332520,-3446.864014,1910.014648,1588.261353,-3456.470215,1876.301270,1491.875977,-3397.287842,1896.165649,1629.410767,-3429.666748,2616.311035,1567.742065,-3159.763916,,,,,,,,,,,,,,,,,,,,,,,,,,,,,,,,,
6957,69.570000,0.000000,0.000000,0.000000,1.000000,0.000000,0.000000,0.000000,57.698101,20.499701,-14.700500,0.047771,-0.013570,0.015998,-15.666301,-52.738201,18.801300,-93.396698,0.129960,17.611099,-0.168424,-0.473381,-0.695640,0.513448,1894.184082,1543.735840,-3432.741699,1899.006836,1463.774658,-3446.964600,1908.506714,1588.816528,-3456.769043,1874.783569,1492.349976,-3397.215820,1894.439209,1630.002563,-3430.017334,1898.944092,1463.767334,-3446.926514,1908.551880,1588.786987,-3456.728760,1874.869751,1492.456787,-3397.310547,1894.376099,1629.940063,-3430.007324,2616.301514,1567.731323,-3159.769287,,,,,,,,,,,,,,,,,,,,,,,,,,,,,,,,,
6958,69.580000,0.000000,0.000000,0.000000,1.000000,0.000000,0.000000,0.000000,57.698101,20.499701,-14.700500,0.047771,-0.013570,0.015998,-15.666301,-52.738201,18.801300,-93.396698,0.129960,17.611099,-0.167447,-0.474436,-0.695151,0.513456,1892.588745,1544.169067,-3432.930176,1897.587158,1464.203491,-3447.067627,1906.885010,1589.253052,-3456.966797,1873.199707,1492.781250,-3397.400879,1892.682861,1630.438721,-3430.285400,1897.606445,1464.150391,-3447.097900,1906.915771,1589.324219,-3457.036377,1873.169922,1492.837524,-3397.350098,1892.662964,1630.365723,-3430.237305,2616.308838,1567.730347,-3159.762207,,,,,,,,,,,,,,,,,,,,,,,,,,,,,,,,,
6959,69.590000,0.000000,0.000000,0.000000,1.000000,0.000000,0.000000,0.000000,57.698101,20.499701,-14.700500,0.047771,-0.013570,0.015998,-15.666301,-52.738201,18.801300,-93.396698,0.129960,17.611099,-0.166066,-0.476319,-0.694275,0.513346,1891.153687,1544.459717,-3433.104492,1896.418457,1464.479004,-3447.057861,1905.417114,1589.532349,-3457.181885,1871.772461,1493.093262,-3397.540039,1891.006714,1630.734497,-3430.638184,1896.450806,1464.469971,-3447.116699,1905.484741,1589.714844,-3457.309570,1871.697510,1493.120850,-3397.402100,1890.981934,1630.537476,-3430.590576,2616.303711,1567.744141,-3159.782959,,,,,,,,,,,,,,,,,,,,,,,,,,,,,,,,,
6960,69.600000,0.000000,0.000000,0.000000,1.000000,0.000000,0.000000,0.000000,57.698101,20.499701,-14.700500,0.047771,-0.013570,0.015998,-15.666301,-52.738201,18.801300,-93.396698,0.129960,17.611099,-0.168006,-0.475786,-0.693308,0.514515,1889.774292,1544.659424,-3433.316650,1895.021362,1464.656860,-3447.151855,1903.898071,1589.697266,-3457.541016,1870.590210,1493.345215,-3397.570312,1889.587646,1630.938232,-3431.003662,1895.189453,1464.652222,-3447.234375,1903.738770,1589.736206,-3457.607178,1870.441040,1493.431030,-3397.462891,1889.727539,1630.818970,-3430.959961,2616.297363,1567.756348,-3159.775391,,,,,,,,,,,,,,,,,,,,,,,,,,,,,,,,,
6961,69.610000,0.000000,0.000000,0.000000,1.000000,0.000000,0.000000,0.000000,57.698101,20.499701,-14.700500,0.047771,-0.013570,0.015998,-15.666301,-52.738201,18.801300,-93.396698,0.129960,17.611099,-0.169744,-0.475168,-0.692368,0.515781,1888.343994,1544.933228,-3433.545898,1893.597168,1464.915894,-3447.292969,1902.318115,1589.949219,-3457.897217,1869.367676,1493.652832,-3397.640381,1888.093262,1631.215088,-3431.352295,1893.751465,1464.945435,-3447.322998,1902.054077,1589.913818,-3457.842041,1869.273193,1493.771973,-3397.651611,1888.287964,1631.090576,-3431.362549,2616.288086,1567.747437,-3159.769043,,,,,,,,,,,,,,,,,,,,,,,,,,,,,,,,,
6962,69.620000,0.000000,0.000000,0.000000,1.000000,0.000000,0.000000,0.000000,57.698101,20.499701,-14.700500,0.047771,-0.013570,0.015998,-15.666301,-52.738201,18.801300,-93.396698,0.129960,17.611099,-0.171427,-0.474928,-0.692011,0.515924,1886.962402,1545.276001,-3433.705566,1892.087402,1465.229736,-3447.331787,1900.917358,1590.235107,-3458.172852,1868.030884,1494.077637,-3397.659668,1886.813721,1631.561768,-3431.657715,1892.113403,1465.211060,-3447.266846,1900.812012,1590.187378,-3458.151855,1868.041016,1494.117676,-3397.768555,1886.879395,1631.587769,-3431.637207,2616.297852,1567.753784,-3159.776367,,,,,,,,,,,,,,,,,,,,,,,,,,,,,,,,,
6963,69.630000,0.000000,0.000000,0.000000,1.000000,0.000000,0.000000,0.000000,57.698101,20.499701,-14.700500,0.047771,-0.013570,0.015998,-15.666301,-52.738201,18.801300,-93.396698,0.129960,17.611099,-0.172282,-0.475087,-0.690933,0.516936,1885.466553,1545.587036,-3433.827148,1890.700073,1465.525757,-3447.322998,1899.285034,1590.526978,-3458.406982,1866.709839,1494.419922,-3397.645996,1885.171143,1631.875854,-3431.932373,1890.637329,1465.505127,-3447.281250,1899.355591,1590.476807,-3458.416992,1866.799072,1494.579346,-3397.752197,1885.079346,1631.799927,-3431.865967,2616.293701,1567.755005,-3159.777344,,,,,,,,,,,,,,,,,,,,,,,,,,,,,,,,,
6964,69.640000,0.000000,0.000000,0.000000,1.000000,0.000000,0.000000,0.000000,57.698101,20.499701,-14.700500,0.047771,-0.013570,0.015998,-15.666301,-52.738201,18.801300,-93.396698,0.129960,17.611099,-0.171286,-0.476248,-0.690601,0.516643,1883.973145,1545.788330,-3433.920898,1889.346558,1465.720581,-3447.322998,1897.801147,1590.721558,-3458.507324,1865.182983,1494.632812,-3397.740479,1883.561646,1632.078491,-3432.112549,1889.317993,1465.693726,-3447.350098,1897.895142,1590.793213,-3458.552490,1865.195557,1494.705566,-3397.701416,1883.484253,1631.958252,-3432.078125,2616.258057,1567.736328,-3159.783691,,,,,,,,,,,,,,,,,,,,,,,,,,,,,,,,,
6965,69.650000,0.000000,0.000000,0.000000,1.000000,0.000000,0.000000,0.000000,57.698101,20.499701,-14.700500,0.047771,-0.013570,0.015998,-15.666301,-52.738201,18.801300,-93.396698,0.129960,17.611099,-0.170832,-0.477128,-0.689978,0.516812,1882.628296,1545.893677,-3434.007568,1888.146240,1465.817627,-3447.300781,1896.412598,1590.817627,-3458.635498,1863.878540,1494.754395,-3397.783447,1882.075806,1632.185303,-3432.310547,1888.213257,1465.855225,-3447.368408,1896.442993,1590.947144,-3458.796387,1863.770508,1494.783813,-3397.625488,1882.081543,1631.983643,-3432.235352,2616.257080,1567.742554,-3159.786133,,,,,,,,,,,,,,,,,,,,,,,,,,,,,,,,,
6966,69.660000,0.000000,0.000000,0.000000,1.000000,0.000000,0.000000,0.000000,57.698101,20.499701,-14.700500,0.047771,-0.013570,0.015998,-15.666301,-52.738201,18.801300,-93.396698,0.129960,17.611099,-0.171805,-0.477400,-0.689222,0.517249,1881.414062,1545.950806,-3434.096436,1886.953003,1465.851929,-3447.242676,1895.130859,1590.833984,-3458.835938,1862.755249,1494.872070,-3397.739990,1880.816895,1632.245361,-3432.566895,1887.166260,1465.996704,-3447.337891,1894.913330,1590.824585,-3458.889160,1862.570557,1494.899780,-3397.606689,1881.018677,1632.083740,-3432.554443,2616.263428,1567.730713,-3159.786865,,,,,,,,,,,,,,,,,,,,,,,,,,,,,,,,,
6967,69.670000,0.000000,0.000000,0.000000,1.000000,0.000000,0.000000,0.000000,57.698101,20.499701,-14.700500,0.047771,-0.013570,0.015998,-15.666301,-52.738201,18.801300,-93.396698,0.129960,17.611099,-0.174928,-0.475558,-0.688604,0.518719,1880.223022,1546.014282,-3434.212646,1885.583130,1465.900024,-3447.339600,1893.788208,1590.865356,-3459.093750,1861.801147,1494.981567,-3397.671387,1879.719604,1632.310547,-3432.745605,1885.729492,1465.937012,-3447.378174,1893.541016,1590.844727,-3459.030518,1861.707397,1495.073975,-3397.666260,1879.908325,1632.191040,-3432.772217,2616.276367,1567.780518,-3159.785889,,,,,,,,,,,,,,,,,,,,,,,,,,,,,,,,,
6968,69.680000,0.000000,0.000000,0.000000,1.000000,0.000000,0.000000,0.000000,57.698101,20.499701,-14.700500,0.047771,-0.013570,0.015998,-15.666301,-52.738201,18.801300,-93.396698,0.129960,17.611099,-0.177367,-0.474338,-0.688413,0.519260,1879.072144,1546.080933,-3434.330322,1884.219482,1465.946045,-3447.416748,1892.588379,1590.886597,-3459.319824,1860.748901,1495.112183,-3397.650146,1878.731812,1632.379150,-3432.934082,1884.265747,1465.837891,-3447.398926,1892.493652,1590.909790,-3459.301758,1860.739624,1495.234741,-3397.716309,1878.788696,1632.344727,-3432.906006,2616.285156,1567.758423,-3159.778809,,,,,,,,,,,,,,,,,,,,,,,,,,,,,,,,,
6969,69.690000,0.000000,0.000000,0.000000,1.000000,0.000000,0.000000,0.000000,57.698101,20.499701,-14.700500,0.047771,-0.013570,0.015998,-15.666301,-52.738201,18.801300,-93.396698,0.129960,17.611099,-0.177454,-0.474981,-0.687813,0.519438,1877.911255,1546.223755,-3434.404053,1883.141846,1466.074951,-3447.371338,1891.386108,1591.005981,-3459.457520,1859.633423,1495.290894,-3397.651611,1877.483154,1632.523560,-3433.135742,1883.088745,1466.043823,-3447.342041,1891.438477,1590.987793,-3459.443115,1859.704346,1495.408569,-3397.732178,1877.415894,1632.462402,-3433.104248,2616.309570,1567.767456,-3159.763672,,,,,,,,,,,,,,,,,,,,,,,,,,,,,,,,,
6970,69.700000,0.000000,0.000000,0.000000,1.000000,0.000000,0.000000,0.000000,57.698101,20.499701,-14.700500,0.047771,-0.013570,0.015998,-15.666301,-52.738201,18.801300,-93.396698,0.129960,17.611099,-0.177225,-0.475521,-0.687552,0.519368,1876.728271,1546.343262,-3434.427002,1882.016846,1466.187378,-3447.327393,1890.198486,1591.113770,-3459.503906,1858.448975,1495.428223,-3397.650635,1876.248779,1632.643677,-3433.226074,1881.951416,1466.260864,-3447.316650,1890.305664,1591.067505,-3459.525635,1858.505371,1495.488403,-3397.673584,1876.148438,1632.551392,-3433.190674,2616.326904,1567.758057,-3159.769043,,,,,,,,,,,,,,,,,,,,,,,,,,,,,,,,,
6971,69.710000,0.000000,0.000000,0.000000,1.000000,0.000000,0.000000,0.000000,57.698101,20.499701,-14.700500,0.047771,-0.013570,0.015998,-15.666301,-52.738201,18.801300,-93.396698,0.129960,17.611099,-0.177316,-0.475896,-0.687378,0.519225,1875.505493,1546.431519,-3434.429199,1880.800903,1466.265259,-3447.261230,1888.982788,1591.181885,-3459.538574,1857.215332,1495.546387,-3397.616943,1875.022949,1632.733032,-3433.299805,1880.793457,1466.435669,-3447.302490,1889.104858,1591.217896,-3459.688721,1857.176514,1495.530396,-3397.499023,1874.947998,1632.537231,-3433.231934,2616.279541,1567.758545,-3159.769287,,,,,,,,,,,,,,,,,,,,,,,,,,,,,,,,,
6972,69.720000,0.000000,0.000000,0.000000,1.000000,0.000000,0.000000,0.000000,57.698101,20.499701,-14.700500,0.047771,-0.013570,0.015998,-15.666301,-52.738201,18.801300,-93.396698,0.129960,17.611099,-0.178867,-0.475314,-0.687178,0.519490,1874.376587,1546.501221,-3434.405029,1879.543701,1466.317383,-3447.180420,1887.826538,1591.213745,-3459.596436,1856.142700,1495.669678,-3397.490723,1873.993164,1632.804077,-3433.352783,1879.669556,1466.437012,-3447.271729,1887.761475,1591.237671,-3459.702881,1855.997925,1495.649414,-3397.320312,1874.074829,1632.683350,-3433.317383,2616.272461,1567.723022,-3159.783691,,,,,,,,,,,,,,,,,,,,,,,,,,,,,,,,,
6973,69.730000,0.000000,0.000000,0.000000,1.000000,0.000000,0.000000,0.000000,57.698101,20.499701,-14.700500,0.047771,-0.013570,0.015998,-15.666301,-52.738201,18.801300,-93.396698,0.129960,17.611099,-0.180332,-0.474826,-0.686920,0.519771,1873.356445,1546.629395,-3434.380371,1878.413696,1466.428223,-3447.090332,1886.774536,1591.304565,-3459.654785,1855.182617,1495.851440,-3397.363037,1873.054688,1632.933594,-3433.413086,1878.547363,1466.428101,-3447.170898,1886.634766,1591.297852,-3459.667969,1855.069580,1495.890625,-3397.272705,1873.172974,1632.901733,-3433.409180,2616.302734,1567.778076,-3159.777100,,,,,,,,,,,,,,,,,,,,,,,,,,,,,,,,,
6974,69.740000,0.000000,0.000000,0.000000,1.000000,0.000000,0.000000,0.000000,57.698101,20.499701,-14.700500,0.047771,-0.013570,0.015998,-15.666301,-52.738201,18.801300,-93.396698,0.129960,17.611099,-0.181773,-0.474475,-0.686890,0.519629,1872.378174,1546.701782,-3434.344971,1877.274170,1466.478638,-3446.978516,1885.814209,1591.326904,-3459.698242,1854.202515,1495.994629,-3397.231934,1872.221802,1633.007446,-3433.471680,1877.356445,1466.314087,-3446.996094,1885.691284,1591.424683,-3459.681396,1854.150757,1496.058228,-3397.231201,1872.314819,1633.002686,-3433.471924,2616.260986,1567.756470,-3159.790527,,,,,,,,,,,,,,,,,,,,,,,,,,,,,,,,,
6975,69.750000,0.000000,0.000000,0.000000,1.000000,0.000000,0.000000,0.000000,57.698101,20.499701,-14.700500,0.047771,-0.013570,0.015998,-15.666301,-52.738201,18.801300,-93.396698,0.129960,17.611099,-0.183845,-0.473501,-0.686559,0.520226,1871.424805,1546.787842,-3434.287354,1876.170776,1466.547485,-3446.869385,1884.796875,1591.374268,-3459.742188,1853.359619,1496.135498,-3397.045410,1871.371948,1633.094360,-3433.492188,1876.145996,1466.364380,-3446.781738,1884.748535,1591.524292,-3459.699951,1853.402954,1496.200317,-3397.165771,1871.397217,1633.059448,-3433.496826,2616.307373,1567.753906,-3159.775879,,,,,,,,,,,,,,,,,,,,,,,,,,,,,,,,,
6976,69.760000,0.000000,0.000000,0.000000,1.000000,0.000000,0.000000,0.000000,57.698101,20.499701,-14.700500,0.047771,-0.013570,0.015998,-15.666301,-52.738201,18.801300,-93.396698,0.129960,17.611099,-0.182555,-0.475005,-0.686121,0.519887,1870.479614,1546.825928,-3434.213379,1875.410889,1466.578369,-3446.677490,1883.862061,1591.403809,-3459.677734,1852.373535,1496.188477,-3396.970703,1870.271973,1633.133057,-3433.527588,1875.393188,1466.469849,-3446.602051,1883.848877,1591.560303,-3459.708740,1852.396484,1496.256104,-3397.050781,1870.278809,1633.020752,-3433.490967,2616.268066,1567.700317,-3159.773193,,,,,,,,,,,,,,,,,,,,,,,,,,,,,,,,,
6977,69.770000,0.000000,0.000000,0.000000,1.000000,0.000000,0.000000,0.000000,57.698101,20.499701,-14.700500,0.047771,-0.013570,0.015998,-15.666301,-52.738201,18.801300,-93.396698,0.129960,17.611099,-0.181292,-0.476685,-0.685842,0.519158,1869.475098,1546.814941,-3434.100098,1874.545288,1466.553955,-3446.421631,1882.912109,1591.368774,-3459.577881,1851.273193,1496.214355,-3396.854492,1869.169678,1633.122803,-3433.547119,1874.532227,1466.478760,-3446.394775,1882.957031,1591.615479,-3459.665771,1851.261963,1496.229736,-3396.835449,1869.155396,1632.957520,-3433.514893,2616.314697,1567.768921,-3159.771484,,,,,,,,,,,,,,,,,,,,,,,,,,,,,,,,,
6978,69.780000,0.000000,0.000000,0.000000,1.000000,0.000000,0.000000,0.000000,57.698101,20.499701,-14.700500,0.047771,-0.013570,0.015998,-15.666301,-52.738201,18.801300,-93.396698,0.129960,17.611099,-0.180409,-0.478032,-0.685487,0.518696,1868.302002,1546.859741,-3433.930176,1873.493530,1466.586670,-3446.121094,1881.765991,1591.391357,-3459.432373,1850.045166,1496.293335,-3396.664795,1867.903076,1633.167969,-3433.501953,1873.523438,1466.638428,-3446.169678,1881.802612,1591.501099,-3459.525635,1849.980957,1496.278931,-3396.545654,1867.899780,1633.016724,-3433.478271,2616.289062,1567.743408,-3159.774902,,,,,,,,,,,,,,,,,,,,,,,,,,,,,,,,,
6979,69.790000,0.000000,0.000000,0.000000,1.000000,0.000000,0.000000,0.000000,57.698101,20.499701,-14.700500,0.047771,-0.013570,0.015998,-15.666301,-52.738201,18.801300,-93.396698,0.129960,17.611099,-0.180971,-0.478725,-0.685119,0.518347,1867.168335,1547.010742,-3433.695068,1872.330811,1466.711426,-3445.724121,1880.653320,1591.485840,-3459.284668,1848.886475,1496.526367,-3396.331055,1866.802734,1633.319824,-3433.440430,1872.455078,1466.843506,-3445.791748,1880.549438,1591.426880,-3459.343994,1848.773560,1496.528320,-3396.232910,1866.898438,1633.252197,-3433.413574,2616.293213,1567.775635,-3159.780273,,,,,,,,,,,,,,,,,,,,,,,,,,,,,,,,,
6980,69.800000,0.000000,0.000000,0.000000,1.000000,0.000000,0.000000,0.000000,57.698101,20.499701,-14.700500,0.047771,-0.013570,0.015998,-15.666301,-52.738201,18.801300,-93.396698,0.129960,17.611099,-0.182749,-0.478533,-0.685109,0.517914,1866.072266,1547.119263,-3433.479980,1871.019165,1466.786987,-3445.379639,1879.604858,1591.517700,-3459.177490,1847.755005,1496.743286,-3395.987061,1865.910278,1633.429199,-3433.375488,1871.056763,1466.791992,-3445.406250,1879.560669,1591.421631,-3459.170410,1847.740479,1496.822388,-3395.995117,1865.928223,1633.438843,-3433.348633,2616.295166,1567.757446,-3159.787354,,,,,,,,,,,,,,,,,,,,,,,,,,,,,,,,,
6981,69.810000,0.000000,0.000000,0.000000,1.000000,0.000000,0.000000,0.000000,57.698101,20.499701,-14.700500,0.047771,-0.013570,0.015998,-15.666301,-52.738201,18.801300,-93.396698,0.129960,17.611099,-0.183186,-0.479265,-0.684846,0.517430,1865.070801,1547.247925,-3433.260498,1869.980469,1466.890747,-3445.006104,1878.640869,1591.590576,-3459.034424,1846.706543,1496.952637,-3395.682373,1864.955444,1633.557861,-3433.318848,1869.983887,1466.872314,-3444.980225,1878.612427,1591.508667,-3459.027100,1846.731445,1497.037964,-3395.759033,1864.955933,1633.574707,-3433.279297,2616.284424,1567.759888,-3159.785400,,,,,,,,,,,,,,,,,,,,,,,,,,,,,,,,,
6982,69.820000,0.000000,0.000000,0.000000,1.000000,0.000000,0.000000,0.000000,57.698101,20.499701,-14.700500,0.047771,-0.013570,0.015998,-15.666301,-52.738201,18.801300,-93.396698,0.129960,17.611099,-0.182805,-0.480312,-0.684527,0.517016,1864.027588,1547.327759,-3433.001709,1869.000366,1466.955688,-3444.617920,1877.623535,1591.638672,-3458.816406,1845.618164,1497.079346,-3395.383057,1863.868286,1633.637573,-3433.189697,1869.004883,1466.980835,-3444.583008,1877.592773,1591.601196,-3458.818604,1845.638794,1497.177979,-3395.460938,1863.875854,1633.554688,-3433.148438,2616.302490,1567.740234,-3159.768799,,,,,,,,,,,,,,,,,,,,,,,,,,,,,,,,,
6983,69.830000,0.000000,0.000000,0.000000,1.000000,0.000000,0.000000,0.000000,57.698101,20.499701,-14.700500,0.047771,-0.013570,0.015998,-15.666301,-52.738201,18.801300,-93.396698,0.129960,17.611099,-0.180844,-0.482264,-0.684542,0.515868,1862.830811,1547.282104,-3432.674072,1867.951904,1466.902832,-3444.176514,1876.531982,1591.579712,-3458.456055,1844.253540,1497.054565,-3395.110107,1862.585693,1633.591553,-3432.953857,1867.990845,1466.939087,-3444.186035,1876.527344,1591.637939,-3458.552979,1844.201050,1497.068237,-3395.059814,1862.603638,1633.479980,-3432.898438,2616.308350,1567.747437,-3159.772705,,,,,,,,,,,,,,,,,,,,,,,,,,,,,,,,,
6984,69.840000,0.000000,0.000000,0.000000,1.000000,0.000000,0.000000,0.000000,57.698101,20.499701,-14.700500,0.047771,-0.013570,0.015998,-15.666301,-52.738201,18.801300,-93.396698,0.129960,17.611099,-0.178989,-0.484252,-0.684472,0.514744,1861.624634,1547.176270,-3432.301025,1866.894043,1466.787842,-3443.670898,1875.425171,1591.455200,-3458.062012,1842.887695,1496.977295,-3394.778076,1861.291382,1633.484863,-3432.693115,1866.997681,1466.860474,-3443.768555,1875.413452,1591.510498,-3458.200439,1842.750000,1496.985840,-3394.592529,1861.329834,1633.349487,-3432.632080,2616.289062,1567.739014,-3159.776855,,,,,,,,,,,,,,,,,,,,,,,,,,,,,,,,,
6985,69.850000,0.000000,0.000000,0.000000,1.000000,0.000000,0.000000,0.000000,57.698101,20.499701,-14.700500,0.047771,-0.013570,0.015998,-15.666301,-52.738201,18.801300,-93.396698,0.129960,17.611099,-0.180574,-0.483333,-0.684357,0.515207,1860.404541,1546.997925,-3431.947021,1865.543457,1466.600098,-3443.310059,1874.161377,1591.253296,-3457.771729,1841.747192,1496.831787,-3394.340820,1860.165894,1633.306763,-3432.365479,1865.602173,1466.574829,-3443.344238,1874.112427,1591.299316,-3457.804443,1841.694824,1496.899902,-3394.300293,1860.208496,1633.216553,-3432.337402,2616.304199,1567.749390,-3159.782715,,,,,,,,,,,,,,,,,,,,,,,,,,,,,,,,,
6986,69.860000,0.000000,0.000000,0.000000,1.000000,0.000000,0.000000,0.000000,57.698101,20.499701,-14.700500,0.047771,-0.013570,0.015998,-15.666301,-52.738201,18.801300,-93.396698,0.129960,17.611099,-0.182393,-0.482312,-0.684963,0.514718,1859.339478,1546.913086,-3431.629150,1864.171021,1466.497559,-3443.000977,1873.174072,1591.119629,-3457.496094,1840.617920,1496.813477,-3393.966309,1859.394897,1633.222168,-3432.052979,1864.171509,1466.356567,-3442.921387,1873.080200,1591.261841,-3457.438477,1840.638672,1496.834961,-3394.067871,1859.460205,1633.201538,-3432.081299,2616.274658,1567.749146,-3159.775635,,,,,,,,,,,,,,,,,,,,,,,,,,,,,,,,,
6987,69.870000,0.000000,0.000000,0.000000,1.000000,0.000000,0.000000,0.000000,57.698101,20.499701,-14.700500,0.047771,-0.013570,0.015998,-15.666301,-52.738201,18.801300,-93.396698,0.129960,17.611099,-0.181131,-0.482881,-0.685431,0.514006,1858.240601,1546.788696,-3431.285889,1863.105713,1466.380981,-3442.699707,1872.158569,1591.013062,-3457.077393,1839.398193,1496.662842,-3393.718018,1858.299927,1633.098145,-3431.648193,1863.116699,1466.274414,-3442.625488,1872.067017,1591.200562,-3457.053955,1839.399414,1496.680786,-3393.792725,1858.372437,1633.010742,-3431.666016,2616.307617,1567.760986,-3159.771973,,,,,,,,,,,,,,,,,,,,,,,,,,,,,,,,,
6988,69.880000,0.000000,0.000000,0.000000,1.000000,0.000000,0.000000,0.000000,57.698101,20.499701,-14.700500,0.047771,-0.013570,0.015998,-15.666301,-52.738201,18.801300,-93.396698,0.129960,17.611099,-0.178777,-0.484349,-0.686415,0.512132,1856.970093,1546.560547,-3430.926514,1861.851685,1466.156860,-3442.361328,1871.099854,1590.791504,-3456.591309,1837.829956,1496.423950,-3393.523926,1857.098755,1632.870117,-3431.229492,1861.890259,1466.101807,-3442.357178,1871.075439,1591.048828,-3456.686523,1837.755249,1496.351929,-3393.445068,1857.153687,1632.771362,-3431.227783,2616.298584,1567.749023,-3159.764648,,,,,,,,,,,,,,,,,,,,,,,,,,,,,,,,,
6989,69.890000,0.000000,0.000000,0.000000,1.000000,0.000000,0.000000,0.000000,57.698101,20.499701,-14.700500,0.047771,-0.013570,0.015998,-15.666301,-52.738201,18.801300,-93.396698,0.129960,17.611099,-0.179780,-0.483223,-0.686681,0.512488,1855.526123,1546.317505,-3430.581543,1860.282837,1465.918579,-3442.102295,1869.635742,1590.555298,-3456.245605,1836.431885,1496.169189,-3393.171143,1855.753906,1632.626953,-3430.807129,1860.343994,1465.907227,-3442.167969,1869.622559,1590.637451,-3456.307861,1836.361816,1496.257812,-3393.076660,1855.773682,1632.462036,-3430.767578,2616.289551,1567.726685,-3159.772461,,,,,,,,,,,,,,,,,,,,,,,,,,,,,,,,,
6990,69.900000,0.000000,0.000000,0.000000,1.000000,0.000000,0.000000,0.000000,57.698101,20.499701,-14.700500,0.047771,-0.013570,0.015998,-15.666301,-52.738201,18.801300,-93.396698,0.129960,17.611099,-0.182520,-0.480811,-0.687132,0.513184,1854.164429,1546.161011,-3430.231934,1858.600098,1465.761963,-3441.879395,1868.234375,1590.386841,-3455.938232,1835.171387,1496.025757,-3392.752930,1854.651978,1632.469727,-3430.357422,1858.660400,1465.728760,-3441.877441,1868.125488,1590.375122,-3455.921875,1835.154663,1496.217285,-3392.819580,1854.716309,1632.332397,-3430.312500,2616.312988,1567.784668,-3159.777100,,,,,,,,,,,,,,,,,,,,,,,,,,,,,,,,,
6991,69.910000,0.000000,0.000000,0.000000,1.000000,0.000000,0.000000,0.000000,57.698101,20.499701,-14.700500,0.047771,-0.013570,0.015998,-15.666301,-52.738201,18.801300,-93.396698,0.129960,17.611099,-0.182825,-0.480285,-0.687853,0.512601,1852.971191,1546.020020,-3429.966309,1857.242310,1465.622559,-3441.685791,1867.127319,1590.240112,-3455.635254,1833.881592,1495.890015,-3392.529053,1853.633545,1632.327637,-3430.014893,1857.271484,1465.656982,-3441.671387,1867.072998,1590.158203,-3455.642578,1833.888550,1496.035889,-3392.599609,1853.650757,1632.234009,-3429.955566,2616.303955,1567.750122,-3159.769531,,,,,,,,,,,,,,,,,,,,,,,,,,,,,,,,,
6992,69.920000,0.000000,0.000000,0.000000,1.000000,0.000000,0.000000,0.000000,57.698101,20.499701,-14.700500,0.047771,-0.013570,0.015998,-15.666301,-52.738201,18.801300,-93.396698,0.129960,17.611099,-0.182532,-0.480160,-0.689120,0.511119,1851.627441,1545.748901,-3429.731445,1855.674683,1465.352051,-3441.534180,1865.976074,1589.954224,-3455.318604,1832.301514,1495.635620,-3392.393066,1852.557373,1632.054077,-3429.679199,1855.698608,1465.456909,-3441.539307,1865.993896,1589.884277,-3455.410156,1832.272461,1495.630737,-3392.363037,1852.547241,1632.024658,-3429.617188,2616.298096,1567.716797,-3159.764893,,,,,,,,,,,,,,,,,,,,,,,,,,,,,,,,,
6993,69.930000,0.000000,0.000000,0.000000,1.000000,0.000000,0.000000,0.000000,57.698101,20.499701,-14.700500,0.047771,-0.013570,0.015998,-15.666301,-52.738201,18.801300,-93.396698,0.129960,17.611099,-0.181361,-0.480463,-0.689946,0.510136,1850.126587,1545.412964,-3429.487549,1854.133789,1465.026611,-3441.375244,1864.598877,1589.635498,-3454.975586,1830.634277,1495.273071,-3392.271484,1851.139404,1631.717041,-3429.327393,1854.189453,1465.192383,-3441.455078,1864.655151,1589.620239,-3455.118652,1830.548828,1495.280273,-3392.121094,1851.112793,1631.562134,-3429.254150,2616.327881,1567.757568,-3159.769287,,,,,,,,,,,,,,,,,,,,,,,,,,,,,,,,,
6994,69.940000,0.000000,0.000000,0.000000,1.000000,0.000000,0.000000,0.000000,57.698101,20.499701,-14.700500,0.047771,-0.013570,0.015998,-15.666301,-52.738201,18.801300,-93.396698,0.129960,17.611099,-0.184418,-0.477967,-0.690170,0.511080,1848.617676,1545.063110,-3429.251953,1852.311646,1464.676636,-3441.239502,1863.018677,1589.268066,-3454.810547,1829.269287,1494.944214,-3391.932861,1849.871094,1631.363892,-3429.024170,1852.322754,1464.634399,-3441.260742,1863.021362,1589.203979,-3454.824707,1829.295166,1495.174072,-3391.979248,1849.832153,1631.264648,-3428.944336,2616.330322,1567.773926,-3159.779785,,,,,,,,,,,,,,,,,,,,,,,,,,,,,,,,,
6995,69.950000,0.000000,0.000000,0.000000,1.000000,0.000000,0.000000,0.000000,57.698101,20.499701,-14.700500,0.047771,-0.013570,0.015998,-15.666301,-52.738201,18.801300,-93.396698,0.129960,17.611099,-0.184611,-0.477552,-0.690593,0.510827,1847.360718,1544.877808,-3429.085693,1850.961060,1464.495361,-3441.129883,1861.803711,1589.084106,-3454.618164,1827.967163,1494.754761,-3391.795410,1848.710938,1631.177002,-3428.799072,1850.959229,1464.488525,-3441.126465,1861.801880,1589.029785,-3454.615234,1827.992065,1494.858887,-3391.841064,1848.691284,1631.139893,-3428.762695,2616.249756,1567.726318,-3159.799316,,,,,,,,,,,,,,,,,,,,,,,,,,,,,,,,,
6996,69.960000,0.000000,0.000000,0.000000,1.000000,0.000000,0.000000,0.000000,57.698101,20.499701,-14.700500,0.047771,-0.013570,0.015998,-15.666301,-52.738201,18.801300,-93.396698,0.129960,17.611099,-0.183650,-0.477989,-0.691297,0.509812,1845.985962,1544.575073,-3428.915527,1849.538940,1464.197144,-3441.003174,1860.551636,1588.783447,-3454.374512,1826.428467,1494.447388,-3391.717529,1847.424927,1630.872559,-3428.566650,1849.640869,1464.251099,-3441.040527,1860.448242,1588.761475,-3454.417969,1826.318970,1494.350342,-3391.628906,1847.532837,1630.933960,-3428.570557,2616.281494,1567.751465,-3159.793945,,,,,,,,,,,,,,,,,,,,,,,,,,,,,,,,,
6997,69.970000,0.000000,0.000000,0.000000,1.000000,0.000000,0.000000,0.000000,57.698101,20.499701,-14.700500,0.047771,-0.013570,0.015998,-15.666301,-52.738201,18.801300,-93.396698,0.129960,17.611099,-0.184022,-0.477744,-0.691969,0.508996,1844.366211,1544.154053,-3428.764648,1847.740723,1463.771973,-3440.875488,1859.038208,1588.337158,-3454.206543,1824.685669,1494.059326,-3391.586914,1846.000122,1630.447998,-3428.389160,1847.809326,1463.694946,-3440.920166,1859.029541,1588.480591,-3454.339600,1824.568604,1493.957642,-3391.438721,1846.045410,1630.482910,-3428.357910,2616.281738,1567.737793,-3159.784912,,,,,,,,,,,,,,,,,,,,,,,,,,,,,,,,,
6998,69.980000,0.000000,0.000000,0.000000,1.000000,0.000000,0.000000,0.000000,57.698101,20.499701,-14.700500,0.047771,-0.013570,0.015998,-15.666301,-52.738201,18.801300,-93.396698,0.129960,17.611099,-0.186217,-0.476255,-0.691598,0.510094,1842.779663,1543.742432,-3428.643555,1846.024536,1463.356323,-3440.763428,1857.338501,1587.911499,-3454.174805,1823.275269,1493.666992,-3391.347168,1844.480103,1630.035034,-3428.288330,1846.005493,1463.189697,-3440.714355,1857.326538,1587.981201,-3454.174805,1823.316650,1493.792725,-3391.441650,1844.471436,1630.001831,-3428.246582,2616.317871,1567.782227,-3159.783691,,,,,,,,,,,,,,,,,,,,,,,,,,,,,,,,,
6999,69.990000,0.000000,0.000000,0.000000,1.000000,0.000000,0.000000,0.000000,57.698101,20.499701,-14.700500,0.047771,-0.013570,0.015998,-15.666301,-52.738201,18.801300,-93.396698,0.129960,17.611099,-0.185705,-0.476969,-0.691578,0.509642,1841.449585,1543.458984,-3428.578857,1844.729004,1463.065552,-3440.640381,1856.049438,1587.613403,-3454.111816,1821.883301,1493.405029,-3391.286377,1843.136719,1629.752075,-3428.276855,1844.756470,1462.916748,-3440.606689,1855.968140,1587.671143,-3454.088867,1821.879639,1493.446899,-3391.345215,1843.194092,1629.792114,-3428.271973,2616.296631,1567.704346,-3159.762939,,,,,,,,,,,,,,,,,,,,,,,,,,,,,,,,,
7000,70.000000,0.000000,0.000000,0.000000,1.000000,0.000000,0.000000,0.000000,57.698101,20.499701,-14.700500,0.047771,-0.013570,0.015998,-15.666301,-52.738201,18.801300,-93.396698,0.129960,17.611099,-0.185245,-0.477991,-0.692329,0.507828,1839.941772,1543.062988,-3428.523926,1843.067871,1462.650879,-3440.501221,1854.743896,1587.158447,-3454.042725,1820.115234,1493.091064,-3391.259033,1841.839722,1629.352051,-3428.293213,1843.170532,1462.579346,-3440.499268,1854.588257,1587.296509,-3454.072754,1819.994507,1492.946533,-3391.194092,1842.004639,1629.434204,-3428.330078,2616.339111,1567.735962,-3159.745117,,,,,,,,,,,,,,,,,,,,,,,,,,,,,,,,,
7001,70.010000,0.000000,0.000000,0.000000,1.000000,0.000000,0.000000,0.000000,57.698101,20.499701,-14.700500,0.047771,-0.013570,0.015998,-15.666301,-52.738201,18.801300,-93.396698,0.129960,17.611099,-0.186125,-0.478108,-0.692648,0.506960,1838.277588,1542.676758,-3428.494629,1841.215088,1462.244751,-3440.385986,1853.178345,1586.710327,-3454.062744,1818.340698,1492.791016,-3391.172852,1840.376099,1628.961304,-3428.356934,1841.250732,1462.145630,-3440.405029,1853.195312,1586.902710,-3454.183838,1818.271240,1492.763550,-3391.083252,1840.392944,1628.915039,-3428.318848,2616.313965,1567.729248,-3159.763428,,,,,,,,,,,,,,,,,,,,,,,,,,,,,,,,,
7002,70.020000,0.000000,0.000000,0.000000,1.000000,0.000000,0.000000,0.000000,57.698101,20.499701,-14.700500,0.047771,-0.013570,0.015998,-15.666301,-52.738201,18.801300,-93.396698,0.129960,17.611099,-0.186912,-0.478305,-0.691874,0.507541,1836.613892,1542.293701,-3428.444580,1839.604004,1461.845459,-3440.212891,1851.430176,1586.299927,-3454.108643,1816.787109,1492.449463,-3391.008789,1838.634033,1628.580200,-3428.447754,1839.625122,1461.867798,-3440.206787,1851.403564,1586.289673,-3454.128174,1816.803589,1492.677368,-3391.073730,1838.623901,1628.333008,-3428.366211,2616.300293,1567.765259,-3159.770752,,,,,,,,,,,,,,,,,,,,,,,,,,,,,,,,,
7003,70.030000,0.000000,0.000000,0.000000,1.000000,0.000000,0.000000,0.000000,57.698101,20.499701,-14.700500,0.047771,-0.013570,0.015998,-15.666301,-52.738201,18.801300,-93.396698,0.129960,17.611099,-0.187507,-0.478693,-0.691846,0.506994,1835.143311,1542.022583,-3428.449707,1838.041748,1461.555054,-3440.107422,1850.012451,1585.976318,-3454.172852,1815.256104,1492.252563,-3390.947266,1837.262817,1628.306641,-3428.571045,1838.079346,1461.656982,-3440.111572,1849.937500,1585.935913,-3454.126709,1815.266357,1492.445190,-3391.009521,1837.295776,1628.032104,-3428.553467,2616.290039,1567.739624,-3159.779785,,,,,,,,,,,,,,,,,,,,,,,,,,,,,,,,,
7004,70.040000,0.000000,0.000000,0.000000,1.000000,0.000000,0.000000,0.000000,57.698101,20.499701,-14.700500,0.047771,-0.013570,0.015998,-15.666301,-52.738201,18.801300,-93.396698,0.129960,17.611099,-0.186603,-0.480327,-0.692404,0.505017,1833.569092,1541.682617,-3428.501953,1836.378784,1461.191772,-3440.020264,1848.647095,1585.569092,-3454.218262,1813.403320,1492.007324,-3391.022705,1835.846924,1627.962402,-3428.746338,1836.456177,1461.318604,-3440.046875,1848.604004,1585.614502,-3454.303467,1813.317505,1491.993774,-3390.940918,1835.903564,1627.798828,-3428.713379,2616.307373,1567.723145,-3159.764648,,,,,,,,,,,,,,,,,,,,,,,,,,,,,,,,,
7005,70.050000,0.000000,0.000000,0.000000,1.000000,0.000000,0.000000,0.000000,57.698101,20.499701,-14.700500,0.047771,-0.013570,0.015998,-15.666301,-52.738201,18.801300,-93.396698,0.129960,17.611099,-0.187558,-0.480624,-0.692407,0.504376,1831.832886,1541.271240,-3428.509033,1834.501343,1460.757202,-3439.898926,1846.974854,1585.090576,-3454.302002,1811.598267,1491.690674,-3390.941650,1834.256958,1627.546387,-3428.893311,1834.509521,1460.722046,-3439.943359,1847.046387,1585.197876,-3454.393311,1811.568115,1491.758789,-3390.859863,1834.208008,1627.406738,-3428.838623,2616.350098,1567.754639,-3159.761963,,,,,,,,,,,,,,,,,,,,,,,,,,,,,,,,,
7006,70.060000,0.000000,0.000000,0.000000,1.000000,0.000000,0.000000,0.000000,57.698101,20.499701,-14.700500,0.047771,-0.013570,0.015998,-15.666301,-52.738201,18.801300,-93.396698,0.129960,17.611099,-0.188621,-0.480224,-0.691102,0.506146,1830.145142,1540.938599,-3428.543213,1832.976440,1460.419189,-3439.854980,1845.068359,1584.768433,-3454.446045,1810.192261,1491.347656,-3390.839355,1832.343506,1627.219482,-3429.032715,1832.979126,1460.533203,-3439.875732,1845.090942,1584.625366,-3454.462158,1810.232056,1491.574829,-3390.888184,1832.276978,1627.021973,-3428.944092,2616.293457,1567.758545,-3159.780029,,,,,,,,,,,,,,,,,,,,,,,,,,,,,,,,,
7007,70.070000,0.000000,0.000000,0.000000,1.000000,0.000000,0.000000,0.000000,57.698101,20.499701,-14.700500,0.047771,-0.013570,0.015998,-15.666301,-52.738201,18.801300,-93.396698,0.129960,17.611099,-0.188468,-0.481038,-0.690828,0.505806,1828.688599,1540.653931,-3428.628662,1831.555298,1460.119995,-3439.827148,1843.632935,1584.452393,-3454.572510,1808.701172,1491.109131,-3390.882324,1830.864990,1626.934570,-3429.232910,1831.600464,1460.203003,-3439.853271,1843.602417,1584.329834,-3454.608643,1808.679077,1491.186157,-3390.877197,1830.872070,1626.893433,-3429.177979,2616.264160,1567.756958,-3159.796143,,,,,,,,,,,,,,,,,,,,,,,,,,,,,,,,,
7008,70.080000,0.000000,0.000000,0.000000,1.000000,0.000000,0.000000,0.000000,57.698101,20.499701,-14.700500,0.047771,-0.013570,0.015998,-15.666301,-52.738201,18.801300,-93.396698,0.129960,17.611099,-0.188042,-0.482083,-0.691061,0.504649,1827.050171,1540.295044,-3428.744629,1829.865479,1459.744507,-3439.836182,1842.113525,1584.046143,-3454.698975,1806.904297,1490.817017,-3390.994629,1829.317627,1626.572510,-3429.447998,1829.921387,1459.680786,-3439.872559,1842.090576,1584.100586,-3454.770752,1806.818237,1490.723022,-3390.891846,1829.366333,1626.671631,-3429.437500,2616.281006,1567.757935,-3159.786621,,,,,,,,,,,,,,,,,,,,,,,,,,,,,,,,,
7009,70.090000,0.000000,0.000000,0.000000,1.000000,0.000000,0.000000,0.000000,57.698101,20.499701,-14.700500,0.047771,-0.013570,0.015998,-15.666301,-52.738201,18.801300,-93.396698,0.129960,17.611099,-0.189665,-0.481670,-0.690783,0.504816,1825.374268,1539.987305,-3428.773682,1828.059814,1459.419312,-3439.770996,1840.414429,1583.687134,-3454.827881,1805.279175,1490.581909,-3390.902100,1827.743530,1626.261108,-3429.593506,1828.006470,1459.224365,-3439.754639,1840.494995,1583.843872,-3454.861572,1805.286987,1490.490479,-3390.870117,1827.708008,1626.389038,-3429.608887,2616.295898,1567.739624,-3159.767578,,,,,,,,,,,,,,,,,,,,,,,,,,,,,,,,,
7010,70.100000,0.000000,0.000000,0.000000,1.000000,0.000000,0.000000,0.000000,57.698101,20.499701,-14.700500,0.047771,-0.013570,0.015998,-15.666301,-52.738201,18.801300,-93.396698,0.129960,17.611099,-0.190358,-0.481406,-0.689510,0.506544,1823.750122,1539.685791,-3428.827393,1826.632690,1459.116089,-3439.760986,1838.575195,1583.405518,-3454.971436,1803.926514,1490.256836,-3390.843506,1825.865967,1625.965332,-3429.733154,1826.686279,1458.988525,-3439.752441,1838.486328,1583.420288,-3454.974365,1803.909912,1490.385864,-3390.896484,1825.918579,1625.949341,-3429.688477,2616.329346,1567.720459,-3159.760986,,,,,,,,,,,,,,,,,,,,,,,,,,,,,,,,,
7011,70.110000,0.000000,0.000000,0.000000,1.000000,0.000000,0.000000,0.000000,57.698101,20.499701,-14.700500,0.047771,-0.013570,0.015998,-15.666301,-52.738201,18.801300,-93.396698,0.129960,17.611099,-0.189893,-0.481975,-0.689398,0.506331,1822.190796,1539.466553,-3428.878174,1825.127441,1458.892700,-3439.767334,1837.030762,1583.180176,-3455.023682,1802.338623,1490.046875,-3390.896729,1824.266113,1625.746460,-3429.824463,1825.178101,1458.743896,-3439.767334,1836.951538,1583.232178,-3455.022461,1802.323853,1490.203979,-3390.943359,1824.311157,1625.688110,-3429.782227,2616.311768,1567.724487,-3159.765381,,,,,,,,,,,,,,,,,,,,,,,,,,,,,,,,,
7012,70.120000,0.000000,0.000000,0.000000,1.000000,0.000000,0.000000,0.000000,57.698101,20.499701,-14.700500,0.047771,-0.013570,0.015998,-15.666301,-52.738201,18.801300,-93.396698,0.129960,17.611099,-0.189497,-0.482811,-0.690164,0.504636,1820.629883,1539.258301,-3428.879395,1823.407959,1458.670532,-3439.706299,1835.661987,1582.918823,-3455.004395,1800.532593,1489.911865,-3390.932129,1822.916626,1625.532471,-3429.875244,1823.531616,1458.604980,-3439.735596,1835.512695,1583.067139,-3455.060791,1800.381470,1489.780029,-3390.814941,1823.078857,1625.581421,-3429.902832,2616.288330,1567.745972,-3159.775879,,,,,,,,,,,,,,,,,,,,,,,,,,,,,,,,,
7013,70.130000,0.000000,0.000000,0.000000,1.000000,0.000000,0.000000,0.000000,57.698101,20.499701,-14.700500,0.047771,-0.013570,0.015998,-15.666301,-52.738201,18.801300,-93.396698,0.129960,17.611099,-0.190796,-0.482331,-0.690024,0.504799,1818.982422,1539.011353,-3428.857422,1821.647705,1458.412720,-3439.632568,1833.996338,1582.636841,-3455.051025,1798.927002,1489.713745,-3390.824219,1821.359009,1625.282227,-3429.921143,1821.699463,1458.372925,-3439.659180,1833.970581,1582.766357,-3455.126221,1798.857910,1489.716187,-3390.749023,1821.399048,1625.197266,-3429.897217,2616.302246,1567.725708,-3159.783691,,,,,,,,,,,,,,,,,,,,,,,,,,,,,,,,,
7014,70.140000,0.000000,0.000000,0.000000,1.000000,0.000000,0.000000,0.000000,57.698101,20.499701,-14.700500,0.047771,-0.013570,0.015998,-15.666301,-52.738201,18.801300,-93.396698,0.129960,17.611099,-0.191483,-0.481602,-0.689116,0.506470,1817.334961,1538.797363,-3428.844727,1820.144775,1458.205811,-3439.635986,1832.153809,1582.458862,-3455.089600,1797.530640,1489.451538,-3390.742676,1819.510864,1625.073608,-3429.910400,1820.210571,1458.348511,-3439.682861,1832.083130,1582.361694,-3455.071533,1797.515259,1489.677490,-3390.762207,1819.534912,1624.789795,-3429.858887,2616.306396,1567.744751,-3159.785400,,,,,,,,,,,,,,,,,,,,,,,,,,,,,,,,,
7015,70.150000,0.000000,0.000000,0.000000,1.000000,0.000000,0.000000,0.000000,57.698101,20.499701,-14.700500,0.047771,-0.013570,0.015998,-15.666301,-52.738201,18.801300,-93.396698,0.129960,17.611099,-0.191141,-0.481547,-0.689340,0.506347,1815.862305,1538.626099,-3428.846680,1818.671753,1458.040771,-3439.683838,1830.701172,1582.301758,-3455.056396,1796.030029,1489.259521,-3390.786133,1818.046387,1624.902588,-3429.859863,1818.717407,1458.208984,-3439.711914,1830.642090,1582.197876,-3455.025391,1796.034058,1489.455811,-3390.826416,1818.059692,1624.630127,-3429.822266,2616.253418,1567.754517,-3159.795410,,,,,,,,,,,,,,,,,,,,,,,,,,,,,,,,,
7016,70.160000,0.000000,0.000000,0.000000,1.000000,0.000000,0.000000,0.000000,57.698101,20.499701,-14.700500,0.047771,-0.013570,0.015998,-15.666301,-52.738201,18.801300,-93.396698,0.129960,17.611099,-0.189894,-0.482649,-0.689604,0.505407,1814.359009,1538.437012,-3428.812500,1817.214722,1457.847778,-3439.609619,1829.295898,1582.104126,-3454.980957,1794.383667,1489.083008,-3390.810791,1816.541870,1624.713257,-3429.848633,1817.285400,1457.969482,-3439.672852,1829.285034,1582.074951,-3455.063477,1794.302246,1489.075195,-3390.701660,1816.563721,1624.635132,-3429.810791,2616.292969,1567.762817,-3159.786377,,,,,,,,,,,,,,,,,,,,,,,,,,,,,,,,,
7017,70.170000,0.000000,0.000000,0.000000,1.000000,0.000000,0.000000,0.000000,57.698101,20.499701,-14.700500,0.047771,-0.013570,0.015998,-15.666301,-52.738201,18.801300,-93.396698,0.129960,17.611099,-0.190484,-0.482346,-0.689588,0.505496,1812.706787,1538.272095,-3428.757812,1815.505493,1457.679688,-3439.545654,1827.635742,1581.926880,-3454.951172,1792.750610,1488.935059,-3390.723877,1814.935425,1624.547119,-3429.810547,1815.549194,1457.616577,-3439.627930,1827.679688,1581.972900,-3455.050049,1792.668579,1488.895386,-3390.568604,1814.926147,1624.599121,-3429.778564,2616.280518,1567.720703,-3159.780518,,,,,,,,,,,,,,,,,,,,,,,,,,,,,,,,,
7018,70.180000,0.000000,0.000000,0.000000,1.000000,0.000000,0.000000,0.000000,57.698101,20.499701,-14.700500,0.047771,-0.013570,0.015998,-15.666301,-52.738201,18.801300,-93.396698,0.129960,17.611099,-0.191397,-0.480584,-0.688723,0.508003,1811.046997,1538.072388,-3428.728516,1814.006714,1457.505615,-3439.664062,1825.702759,1581.810791,-3454.936523,1791.448242,1488.618408,-3390.660645,1813.030029,1624.354858,-3429.652832,1813.988525,1457.447388,-3439.653809,1825.723389,1581.760010,-3454.942627,1791.488892,1488.731812,-3390.718994,1812.989258,1624.357788,-3429.601318,2616.282715,1567.762207,-3159.784912,,,,,,,,,,,,,,,,,,,,,,,,,,,,,,,,,
7019,70.190000,0.000000,0.000000,0.000000,1.000000,0.000000,0.000000,0.000000,57.698101,20.499701,-14.700500,0.047771,-0.013570,0.015998,-15.666301,-52.738201,18.801300,-93.396698,0.129960,17.611099,-0.190303,-0.480583,-0.688537,0.508666,1809.658691,1538.031494,-3428.734619,1812.800781,1457.484375,-3439.763428,1824.241089,1581.832520,-3454.878906,1790.136230,1488.490234,-3390.740967,1811.456543,1624.318970,-3429.554932,1812.788696,1457.372070,-3439.714844,1824.231323,1581.855225,-3454.895752,1790.169922,1488.594360,-3390.828857,1811.446655,1624.305176,-3429.501221,2616.304688,1567.736206,-3159.774902,,,,,,,,,,,,,,,,,,,,,,,,,,,,,,,,,
7020,70.200000,0.000000,0.000000,0.000000,1.000000,0.000000,0.000000,0.000000,57.698101,20.499701,-14.700500,0.047771,-0.013570,0.015998,-15.666301,-52.738201,18.801300,-93.396698,0.129960,17.611099,-0.190658,-0.480217,-0.688651,0.508725,1808.168701,1537.924561,-3428.746094,1811.259521,1457.378906,-3439.799561,1822.750854,1581.725220,-3454.891113,1788.653809,1488.382935,-3390.748779,1810.010376,1624.211304,-3429.544434,1811.357178,1457.230103,-3439.758057,1822.585449,1581.857422,-3454.938721,1788.570923,1488.330566,-3390.756348,1810.161377,1624.286987,-3429.532227,2616.291992,1567.753174,-3159.770020,,,,,,,,,,,,,,,,,,,,,,,,,,,,,,,,,
7021,70.210000,0.000000,0.000000,0.000000,1.000000,0.000000,0.000000,0.000000,57.698101,20.499701,-14.700500,0.047771,-0.013570,0.015998,-15.666301,-52.738201,18.801300,-93.396698,0.129960,17.611099,-0.189861,-0.480857,-0.689161,0.507727,1806.552368,1537.752808,-3428.726562,1809.604126,1457.204956,-3439.774414,1821.249023,1581.541748,-3454.827637,1786.883667,1488.227051,-3390.788574,1808.472656,1624.038086,-3429.516113,1809.663086,1457.087646,-3439.811768,1821.227417,1581.767700,-3454.923096,1786.776245,1488.117065,-3390.648438,1808.530396,1624.050659,-3429.523193,2616.272461,1567.750488,-3159.791992,,,,,,,,,,,,,,,,,,,,,,,,,,,,,,,,,
7022,70.220000,0.000000,0.000000,0.000000,1.000000,0.000000,0.000000,0.000000,57.698101,20.499701,-14.700500,0.047771,-0.013570,0.015998,-15.666301,-52.738201,18.801300,-93.396698,0.129960,17.611099,-0.191140,-0.479607,-0.688697,0.509058,1804.893555,1537.623901,-3428.756348,1807.943970,1457.083130,-3439.856689,1819.446533,1581.434082,-3454.901611,1785.425049,1488.067993,-3390.753906,1806.758423,1623.910522,-3429.512451,1807.972778,1457.094727,-3439.897949,1819.448364,1581.434692,-3454.932129,1785.405884,1488.191895,-3390.723389,1806.744629,1623.771973,-3429.464600,2616.273682,1567.744263,-3159.778076,,,,,,,,,,,,,,,,,,,,,,,,,,,,,,,,,
7023,70.230000,0.000000,0.000000,0.000000,1.000000,0.000000,0.000000,0.000000,57.698101,20.499701,-14.700500,0.047771,-0.013570,0.015998,-15.666301,-52.738201,18.801300,-93.396698,0.129960,17.611099,-0.191807,-0.478919,-0.687869,0.510571,1803.391235,1537.571655,-3428.820801,1806.567017,1457.037842,-3439.936279,1817.766846,1581.412598,-3455.012939,1784.151855,1487.974609,-3390.755615,1805.078857,1623.862061,-3429.578613,1806.626465,1457.140747,-3439.932129,1817.680664,1581.313477,-3455.027832,1784.140869,1488.170410,-3390.823242,1805.118042,1623.657959,-3429.498779,2616.313232,1567.764282,-3159.778320,,,,,,,,,,,,,,,,,,,,,,,,,,,,,,,,,
7024,70.240000,0.000000,0.000000,0.000000,1.000000,0.000000,0.000000,0.000000,57.698101,20.499701,-14.700500,0.047771,-0.013570,0.015998,-15.666301,-52.738201,18.801300,-93.396698,0.129960,17.611099,-0.191979,-0.478748,-0.687856,0.510684,1802.022827,1537.568726,-3428.942383,1805.187866,1457.035645,-3440.066650,1816.387573,1581.411133,-3455.137939,1782.800415,1487.969238,-3390.871826,1803.715454,1623.859009,-3429.693115,1805.200073,1457.176514,-3440.098389,1816.392090,1581.275391,-3455.133301,1782.821167,1488.139648,-3390.897217,1803.677002,1623.682373,-3429.639648,2616.320068,1567.727417,-3159.769775,,,,,,,,,,,,,,,,,,,,,,,,,,,,,,,,,
7025,70.250000,0.000000,0.000000,0.000000,1.000000,0.000000,0.000000,0.000000,57.698101,20.499701,-14.700500,0.047771,-0.013570,0.015998,-15.666301,-52.738201,18.801300,-93.396698,0.129960,17.611099,-0.190535,-0.479735,-0.687723,0.510478,1800.550781,1537.470703,-3429.073486,1803.880737,1456.941895,-3440.180420,1814.927002,1581.333862,-3455.228027,1781.288818,1487.843750,-3391.058838,1802.106567,1623.763550,-3429.826904,1803.992554,1457.035278,-3440.254150,1814.841309,1581.198730,-3455.289307,1781.196533,1487.868286,-3390.977051,1802.170776,1623.778442,-3429.780273,2616.278564,1567.730225,-3159.777100,,,,,,,,,,,,,,,,,,,,,,,,,,,,,,,,,
7026,70.260000,0.000000,0.000000,0.000000,1.000000,0.000000,0.000000,0.000000,57.698101,20.499701,-14.700500,0.047771,-0.013570,0.015998,-15.666301,-52.738201,18.801300,-93.396698,0.129960,17.611099,-0.190566,-0.479767,-0.687288,0.511023,1798.843506,1537.293945,-3429.138916,1802.260376,1456.765869,-3440.225098,1813.149658,1581.166504,-3455.315918,1779.666626,1487.655151,-3391.096680,1800.297119,1623.588379,-3429.917725,1802.335205,1456.729980,-3440.309814,1813.152466,1581.205933,-3455.427979,1779.562134,1487.634521,-3390.938965,1800.317139,1623.603394,-3429.873291,2616.289551,1567.775513,-3159.778076,,,,,,,,,,,,,,,,,,,,,,,,,,,,,,,,,
7027,70.270000,0.000000,0.000000,0.000000,1.000000,0.000000,0.000000,0.000000,57.698101,20.499701,-14.700500,0.047771,-0.013570,0.015998,-15.666301,-52.738201,18.801300,-93.396698,0.129960,17.611099,-0.192654,-0.477719,-0.686401,0.513345,1797.269043,1537.197632,-3429.201660,1800.707886,1456.682007,-3440.371094,1811.320190,1581.107666,-3455.453857,1778.444214,1487.506592,-3391.051758,1798.603638,1623.494385,-3429.929443,1800.707153,1456.565186,-3440.387207,1811.351440,1581.189819,-3455.497803,1778.435425,1487.542847,-3391.024170,1798.583374,1623.489380,-3429.900391,2616.301270,1567.741455,-3159.773438,,,,,,,,,,,,,,,,,,,,,,,,,,,,,,,,,
7028,70.280000,0.000000,0.000000,0.000000,1.000000,0.000000,0.000000,0.000000,57.698101,20.499701,-14.700500,0.047771,-0.013570,0.015998,-15.666301,-52.738201,18.801300,-93.396698,0.129960,17.611099,-0.192550,-0.477212,-0.686146,0.514195,1795.991699,1537.185547,-3429.385010,1799.523315,1456.684570,-3440.630371,1809.950439,1581.137573,-3455.616455,1777.282349,1487.435791,-3391.254883,1797.210449,1623.484619,-3430.038086,1799.517456,1456.525757,-3440.595215,1809.948242,1581.269653,-3455.648926,1777.279785,1487.427368,-3391.270020,1797.220825,1623.514404,-3430.024170,2616.293945,1567.741089,-3159.768066,,,,,,,,,,,,,,,,,,,,,,,,,,,,,,,,,
7029,70.290000,0.000000,0.000000,0.000000,1.000000,0.000000,0.000000,0.000000,57.698101,20.499701,-14.700500,0.047771,-0.013570,0.015998,-15.666301,-52.738201,18.801300,-93.396698,0.129960,17.611099,-0.192510,-0.477030,-0.685857,0.514765,1794.703125,1537.104858,-3429.550293,1798.310425,1456.610229,-3440.817627,1808.595215,1581.077637,-3455.782471,1776.075928,1487.326538,-3391.417480,1795.830811,1623.405396,-3430.183838,1798.353149,1456.411987,-3440.751953,1808.498413,1581.237061,-3455.818115,1776.047974,1487.336182,-3391.467285,1795.909668,1623.428345,-3430.158691,2616.307617,1567.749756,-3159.772217,,,,,,,,,,,,,,,,,,,,,,,,,,,,,,,,,
7030,70.300000,0.000000,0.000000,0.000000,1.000000,0.000000,0.000000,0.000000,57.698101,20.499701,-14.700500,0.047771,-0.013570,0.015998,-15.666301,-52.738201,18.801300,-93.396698,0.129960,17.611099,-0.191371,-0.477581,-0.686094,0.514362,1793.285767,1536.937500,-3429.674316,1796.962769,1456.450195,-3440.971436,1807.223999,1580.929932,-3455.848633,1774.584229,1487.131226,-3391.614502,1794.371826,1623.238770,-3430.262939,1796.986816,1456.377686,-3440.986572,1807.208130,1581.098389,-3455.876221,1774.541260,1487.100342,-3391.555664,1794.404663,1623.186768,-3430.281494,2616.292236,1567.746460,-3159.771973,,,,,,,,,,,,,,,,,,,,,,,,,,,,,,,,,
7031,70.310000,0.000000,0.000000,0.000000,1.000000,0.000000,0.000000,0.000000,57.698101,20.499701,-14.700500,0.047771,-0.013570,0.015998,-15.666301,-52.738201,18.801300,-93.396698,0.129960,17.611099,-0.191803,-0.477257,-0.685831,0.514852,1791.666870,1536.730835,-3429.780762,1795.359741,1456.244385,-3441.078125,1805.548218,1580.727295,-3455.978516,1773.042603,1486.919434,-3391.689453,1792.717041,1623.032593,-3430.376221,1795.463989,1456.324829,-3441.175537,1805.496094,1580.769653,-3456.044189,1772.922119,1486.913452,-3391.528076,1792.783325,1622.916138,-3430.366943,2616.322510,1567.764526,-3159.776855,,,,,,,,,,,,,,,,,,,,,,,,,,,,,,,,,
7032,70.320000,0.000000,0.000000,0.000000,1.000000,0.000000,0.000000,0.000000,57.698101,20.499701,-14.700500,0.047771,-0.013570,0.015998,-15.666301,-52.738201,18.801300,-93.396698,0.129960,17.611099,-0.193585,-0.475805,-0.685684,0.515725,1790.236816,1536.650024,-3429.919922,1793.801758,1456.164185,-3441.263184,1804.031494,1580.643188,-3456.169189,1771.751343,1486.842163,-3391.756836,1791.362671,1622.951050,-3430.490479,1793.874390,1456.224487,-3441.308105,1803.962524,1580.621582,-3456.187012,1771.702393,1486.976196,-3391.731689,1791.411499,1622.770752,-3430.448975,2616.269531,1567.699219,-3159.773193,,,,,,,,,,,,,,,,,,,,,,,,,,,,,,,,,
7033,70.330000,0.000000,0.000000,0.000000,1.000000,0.000000,0.000000,0.000000,57.698101,20.499701,-14.700500,0.047771,-0.013570,0.015998,-15.666301,-52.738201,18.801300,-93.396698,0.129960,17.611099,-0.193854,-0.475355,-0.685661,0.516069,1789.059937,1536.586548,-3430.117188,1792.616943,1456.106079,-3441.500732,1802.821045,1580.592407,-3456.362793,1770.622314,1486.760132,-3391.954834,1790.179443,1622.887695,-3430.650146,1792.631470,1456.235229,-3441.545410,1802.832153,1580.499756,-3456.362793,1770.621460,1486.853271,-3391.935791,1790.154297,1622.758545,-3430.624512,2616.257324,1567.746460,-3159.786621,,,,,,,,,,,,,,,,,,,,,,,,,,,,,,,,,
7034,70.340000,0.000000,0.000000,0.000000,1.000000,0.000000,0.000000,0.000000,57.698101,20.499701,-14.700500,0.047771,-0.013570,0.015998,-15.666301,-52.738201,18.801300,-93.396698,0.129960,17.611099,-0.194744,-0.474420,-0.685567,0.516718,1787.872192,1536.552612,-3430.327148,1791.379028,1456.077515,-3441.762939,1801.568359,1580.569214,-3456.588623,1769.531982,1486.710327,-3392.138672,1789.009277,1622.854004,-3430.818115,1791.394897,1456.162598,-3441.808105,1801.577271,1580.442139,-3456.591553,1769.534668,1486.819092,-3392.130127,1788.981812,1622.785767,-3430.779785,2616.262695,1567.758667,-3159.800537,,,,,,,,,,,,,,,,,,,,,,,,,,,,,,,,,
7035,70.350000,0.000000,0.000000,0.000000,1.000000,0.000000,0.000000,0.000000,57.698101,20.499701,-14.700500,0.047771,-0.013570,0.015998,-15.666301,-52.738201,18.801300,-93.396698,0.129960,17.611099,-0.193887,-0.474801,-0.685269,0.517085,1786.499512,1536.407593,-3430.530762,1790.161499,1455.941162,-3441.980713,1800.146729,1580.454224,-3456.767334,1768.205444,1486.524170,-3392.373779,1787.484131,1622.710815,-3431.001221,1790.224731,1455.947144,-3442.005127,1800.085449,1580.416138,-3456.807861,1768.158325,1486.584717,-3392.355225,1787.528320,1622.682983,-3430.955078,2616.266113,1567.757080,-3159.797363,,,,,,,,,,,,,,,,,,,,,,,,,,,,,,,,,
7036,70.360000,0.000000,0.000000,0.000000,1.000000,0.000000,0.000000,0.000000,57.698101,20.499701,-14.700500,0.047771,-0.013570,0.015998,-15.666301,-52.738201,18.801300,-93.396698,0.129960,17.611099,-0.192527,-0.475398,-0.685176,0.517170,1785.103027,1536.221558,-3430.688232,1788.931885,1455.767700,-3442.172119,1798.735840,1580.305786,-3456.868896,1766.805542,1486.286133,-3392.601074,1785.939087,1622.526611,-3431.110352,1789.004272,1455.765137,-3442.237549,1798.697266,1580.369873,-3456.922607,1766.725952,1486.324341,-3392.500000,1785.983276,1622.426514,-3431.089355,2616.287354,1567.715820,-3159.771484,,,,,,,,,,,,,,,,,,,,,,,,,,,,,,,,,
7037,70.370000,0.000000,0.000000,0.000000,1.000000,0.000000,0.000000,0.000000,57.698101,20.499701,-14.700500,0.047771,-0.013570,0.015998,-15.666301,-52.738201,18.801300,-93.396698,0.129960,17.611099,-0.193862,-0.474128,-0.684990,0.518082,1783.663818,1535.995117,-3430.865234,1787.420166,1455.546387,-3442.407959,1797.203613,1580.089111,-3457.077881,1765.505981,1486.045166,-3392.730469,1784.525513,1622.300171,-3431.244873,1787.530640,1455.446289,-3442.529297,1797.144165,1580.184570,-3457.127686,1765.387817,1486.086304,-3392.564453,1784.588745,1622.262573,-3431.236328,2616.268311,1567.742310,-3159.780762,,,,,,,,,,,,,,,,,,,,,,,,,,,,,,,,,
7038,70.380000,0.000000,0.000000,0.000000,1.000000,0.000000,0.000000,0.000000,57.698101,20.499701,-14.700500,0.047771,-0.013570,0.015998,-15.666301,-52.738201,18.801300,-93.396698,0.129960,17.611099,-0.195133,-0.473159,-0.685192,0.518223,1782.488647,1535.907715,-3431.099365,1786.084229,1455.456055,-3442.672852,1796.025391,1579.986816,-3457.338867,1764.358032,1485.976929,-3392.926514,1783.487183,1622.211304,-3431.459717,1786.111572,1455.296997,-3442.696533,1796.023804,1580.167969,-3457.397217,1764.306763,1485.927124,-3392.848389,1783.512207,1622.241943,-3431.461182,2616.323730,1567.786011,-3159.780762,,,,,,,,,,,,,,,,,,,,,,,,,,,,,,,,,
7039,70.390000,0.000000,0.000000,0.000000,1.000000,0.000000,0.000000,0.000000,57.698101,20.499701,-14.700500,0.047771,-0.013570,0.015998,-15.666301,-52.738201,18.801300,-93.396698,0.129960,17.611099,-0.195941,-0.472079,-0.685191,0.518904,1781.489624,1535.800171,-3431.362549,1785.031616,1455.358154,-3443.019043,1794.962036,1579.899780,-3457.600586,1763.455933,1485.839355,-3393.183350,1782.508789,1622.103882,-3431.647217,1785.075439,1455.202393,-3442.985352,1794.864624,1580.046631,-3457.595947,1763.420166,1485.804810,-3393.198975,1782.596191,1622.150391,-3431.666992,2616.255371,1567.746460,-3159.791260,,,,,,,,,,,,,,,,,,,,,,,,,,,,,,,,,
7040,70.400000,0.000000,0.000000,0.000000,1.000000,0.000000,0.000000,0.000000,57.698101,20.499701,-14.700500,0.047771,-0.013570,0.015998,-15.666301,-52.738201,18.801300,-93.396698,0.129960,17.611099,-0.195589,-0.471893,-0.685116,0.519306,1780.379639,1535.658569,-3431.585205,1783.991577,1455.228027,-3443.299072,1793.809814,1579.788574,-3457.793701,1762.394897,1485.654663,-3393.438965,1781.322266,1621.963379,-3431.809082,1783.998535,1455.134644,-3443.282715,1793.785156,1579.930176,-3457.793457,1762.384644,1485.656372,-3393.441895,1781.349487,1621.920898,-3431.822510,2616.293701,1567.782104,-3159.782227,,,,,,,,,,,,,,,,,,,,,,,,,,,,,,,,,
7041,70.410000,0.000000,0.000000,0.000000,1.000000,0.000000,0.000000,0.000000,57.698101,20.499701,-14.700500,0.047771,-0.013570,0.015998,-15.666301,-52.738201,18.801300,-93.396698,0.129960,17.611099,-0.195848,-0.471359,-0.685028,0.519808,1779.159302,1535.546021,-3431.777100,1782.780762,1455.123413,-3443.542236,1792.537964,1579.695435,-3457.979004,1761.244873,1485.514404,-3393.634033,1780.073486,1621.851196,-3431.952393,1782.769775,1455.111938,-3443.537354,1792.574707,1579.807983,-3458.024170,1761.240845,1485.527100,-3393.612305,1780.053589,1621.738403,-3431.936768,2616.273438,1567.739014,-3159.777100,,,,,,,,,,,,,,,,,,,,,,,,,,,,,,,,,
7042,70.420000,0.000000,0.000000,0.000000,1.000000,0.000000,0.000000,0.000000,57.698101,20.499701,-14.700500,0.047771,-0.013570,0.015998,-15.666301,-52.738201,18.801300,-93.396698,0.129960,17.611099,-0.195218,-0.471453,-0.685174,0.519767,1777.831177,1535.381592,-3431.937256,1781.499146,1454.968140,-3443.750977,1791.218750,1579.553589,-3458.096436,1759.897705,1485.317627,-3393.845459,1778.709106,1621.687134,-3432.055664,1781.550415,1455.115845,-3443.754150,1791.181152,1579.562988,-3458.160156,1759.848877,1485.323853,-3393.811035,1778.751831,1621.519897,-3432.021484,2616.313477,1567.753662,-3159.776367,,,,,,,,,,,,,,,,,,,,,,,,,,,,,,,,,
7043,70.430000,0.000000,0.000000,0.000000,1.000000,0.000000,0.000000,0.000000,57.698101,20.499701,-14.700500,0.047771,-0.013570,0.015998,-15.666301,-52.738201,18.801300,-93.396698,0.129960,17.611099,-0.196052,-0.470703,-0.685606,0.519564,1776.501953,1535.248413,-3432.066895,1780.006226,1454.834229,-3443.925293,1789.928345,1579.409180,-3458.225586,1758.537598,1485.198242,-3393.971924,1777.535278,1621.552368,-3432.144775,1780.096680,1454.989380,-3443.990479,1789.855469,1579.409180,-3458.248047,1758.451416,1485.187622,-3393.873047,1777.613403,1621.410645,-3432.158203,2616.333008,1567.751465,-3159.768311,,,,,,,,,,,,,,,,,,,,,,,,,,,,,,,,,
7044,70.440000,0.000000,0.000000,0.000000,1.000000,0.000000,0.000000,0.000000,57.698101,20.499701,-14.700500,0.047771,-0.013570,0.015998,-15.666301,-52.738201,18.801300,-93.396698,0.129960,17.611099,-0.197887,-0.469580,-0.685874,0.519531,1775.482178,1535.174438,-3432.249756,1778.744019,1454.750366,-3444.110107,1788.925781,1579.298340,-3458.461670,1757.528442,1485.173950,-3394.084717,1776.730469,1621.475586,-3432.342529,1778.818359,1454.855103,-3444.177490,1788.890381,1579.258179,-3458.520996,1757.458496,1485.212402,-3393.995361,1776.764160,1621.376465,-3432.305420,2616.320068,1567.763428,-3159.770996,,,,,,,,,,,,,,,,,,,,,,,,,,,,,,,,,
7045,70.450000,0.000000,0.000000,0.000000,1.000000,0.000000,0.000000,0.000000,57.698101,20.499701,-14.700500,0.047771,-0.013570,0.015998,-15.666301,-52.738201,18.801300,-93.396698,0.129960,17.611099,-0.198549,-0.468677,-0.686277,0.519561,1774.455933,1535.152100,-3432.475098,1777.588135,1454.734863,-3444.416504,1787.914551,1579.282227,-3458.668457,1756.499756,1485.140015,-3394.326172,1775.821289,1621.451538,-3432.489014,1777.618896,1454.820435,-3444.446533,1787.912720,1579.222168,-3458.717285,1756.473999,1485.183594,-3394.291748,1775.818726,1621.382935,-3432.445312,2616.296387,1567.723145,-3159.770020,,,,,,,,,,,,,,,,,,,,,,,,,,,,,,,,,
7046,70.460000,0.000000,0.000000,0.000000,1.000000,0.000000,0.000000,0.000000,57.698101,20.499701,-14.700500,0.047771,-0.013570,0.015998,-15.666301,-52.738201,18.801300,-93.396698,0.129960,17.611099,-0.198638,-0.468135,-0.686778,0.519354,1773.453003,1535.175049,-3432.651123,1776.493042,1454.766846,-3444.676758,1786.952515,1579.317749,-3458.802734,1755.452881,1485.143188,-3394.548828,1774.913452,1621.472778,-3432.575684,1776.530518,1454.804443,-3444.687012,1786.913330,1579.273438,-3458.826416,1755.430420,1485.199463,-3394.549805,1774.937622,1621.422852,-3432.540771,2616.296631,1567.790283,-3159.776123,,,,,,,,,,,,,,,,,,,,,,,,,,,,,,,,,
7047,70.470000,0.000000,0.000000,0.000000,1.000000,0.000000,0.000000,0.000000,57.698101,20.499701,-14.700500,0.047771,-0.013570,0.015998,-15.666301,-52.738201,18.801300,-93.396698,0.129960,17.611099,-0.198805,-0.467241,-0.686777,0.520096,1772.412109,1535.142090,-3432.804199,1775.470581,1454.751709,-3444.943848,1785.840698,1579.326660,-3458.921143,1754.507935,1485.049683,-3394.736084,1773.828857,1621.440430,-3432.615234,1775.530396,1454.736938,-3444.981934,1785.782837,1579.302002,-3458.940918,1754.469360,1485.167236,-3394.719482,1773.864746,1621.365967,-3432.571533,2616.276123,1567.734131,-3159.781982,,,,,,,,,,,,,,,,,,,,,,,,,,,,,,,,,
7048,70.480000,0.000000,0.000000,0.000000,1.000000,0.000000,0.000000,0.000000,57.698101,20.499701,-14.700500,0.047771,-0.013570,0.015998,-15.666301,-52.738201,18.801300,-93.396698,0.129960,17.611099,-0.198286,-0.467122,-0.687098,0.519976,1771.256714,1535.045776,-3432.947754,1774.320435,1454.666870,-3445.161865,1784.709717,1579.254517,-3459.010986,1753.317993,1484.918091,-3394.942627,1772.678589,1621.343750,-3432.674805,1774.394409,1454.599121,-3445.226318,1784.674805,1579.290161,-3459.087158,1753.245239,1484.985840,-3394.856689,1772.711426,1621.309204,-3432.620117,2616.284668,1567.778198,-3159.784912,,,,,,,,,,,,,,,,,,,,,,,,,,,,,,,,,
7049,70.490000,0.000000,0.000000,0.000000,1.000000,0.000000,0.000000,0.000000,57.698101,20.499701,-14.700500,0.047771,-0.013570,0.015998,-15.666301,-52.738201,18.801300,-93.396698,0.129960,17.611099,-0.198758,-0.466400,-0.687496,0.519920,1770.029785,1534.958496,-3433.124756,1772.981079,1454.586426,-3445.410889,1783.505737,1579.172974,-3459.166748,1752.075195,1484.820312,-3395.140869,1771.557251,1621.254395,-3432.780518,1773.109131,1454.500977,-3445.486572,1783.392334,1579.233032,-3459.238037,1751.959839,1484.884766,-3395.040527,1771.656372,1621.215332,-3432.735352,2616.279053,1567.784424,-3159.789062,,,,,,,,,,,,,,,,,,,,,,,,,,,,,,,,,
7050,70.500000,0.000000,0.000000,0.000000,1.000000,0.000000,0.000000,0.000000,57.698101,20.499701,-14.700500,0.047771,-0.013570,0.015998,-15.666301,-52.738201,18.801300,-93.396698,0.129960,17.611099,-0.200124,-0.465278,-0.688058,0.519657,1768.859253,1534.885498,-3433.318115,1771.564575,1454.512451,-3445.655029,1782.385864,1579.078247,-3459.370850,1750.868896,1484.774658,-3395.315186,1770.617554,1621.177002,-3432.931152,1771.643433,1454.364746,-3445.729736,1782.332642,1579.191772,-3459.415283,1750.789917,1484.813843,-3395.216064,1770.670776,1621.166626,-3432.915527,2616.271484,1567.735474,-3159.791992,,,,,,,,,,,,,,,,,,,,,,,,,,,,,,,,,
7051,70.510000,0.000000,0.000000,0.000000,1.000000,0.000000,0.000000,0.000000,57.698101,20.499701,-14.700500,0.047771,-0.013570,0.015998,-15.666301,-52.738201,18.801300,-93.396698,0.129960,17.611099,-0.201641,-0.464287,-0.688002,0.520030,1767.923584,1534.949219,-3433.593018,1770.486450,1454.571533,-3445.929932,1781.413940,1579.122070,-3459.697998,1750.003784,1484.864990,-3395.521729,1769.790039,1621.238403,-3433.222412,1770.535767,1454.461548,-3445.958984,1781.387939,1579.248047,-3459.773193,1749.939941,1484.843140,-3395.444580,1769.828979,1621.246948,-3433.199463,2616.294434,1567.747559,-3159.780029,,,,,,,,,,,,,,,,,,,,,,,,,,,,,,,,,
7052,70.520000,0.000000,0.000000,0.000000,1.000000,0.000000,0.000000,0.000000,57.698101,20.499701,-14.700500,0.047771,-0.013570,0.015998,-15.666301,-52.738201,18.801300,-93.396698,0.129960,17.611099,-0.202878,-0.463676,-0.688094,0.519973,1766.961792,1535.045410,-3433.945312,1769.370728,1454.659058,-3446.257080,1780.462769,1579.187134,-3460.097656,1749.049194,1485.003906,-3395.814453,1768.964478,1621.331665,-3433.612305,1769.385864,1454.647217,-3446.256104,1780.474243,1579.273682,-3460.177734,1749.013428,1484.964111,-3395.765869,1768.973145,1621.301514,-3433.585938,2616.302734,1567.749023,-3159.778320,,,,,,,,,,,,,,,,,,,,,,,,,,,,,,,,,
7053,70.530000,0.000000,0.000000,0.000000,1.000000,0.000000,0.000000,0.000000,57.698101,20.499701,-14.700500,0.047771,-0.013570,0.015998,-15.666301,-52.738201,18.801300,-93.396698,0.129960,17.611099,-0.204221,-0.463463,-0.688274,0.519398,1766.058716,1535.170166,-3434.318115,1768.264038,1454.764160,-3446.538818,1779.623169,1579.250000,-3460.541748,1748.086426,1485.214844,-3396.102539,1768.261108,1621.452026,-3434.088867,1768.269775,1454.794922,-3446.525391,1779.608032,1579.291626,-3460.542725,1748.080200,1485.210693,-3396.106445,1768.277344,1621.382202,-3434.097168,2616.310791,1567.754517,-3159.767090,,,,,,,,,,,,,,,,,,,,,,,,,,,,,,,,,
7054,70.540000,0.000000,0.000000,0.000000,1.000000,0.000000,0.000000,0.000000,57.698101,20.499701,-14.700500,0.047771,-0.013570,0.015998,-15.666301,-52.738201,18.801300,-93.396698,0.129960,17.611099,-0.205484,-0.463611,-0.688115,0.518979,1765.108765,1535.281372,-3434.657471,1767.176270,1454.849854,-3446.733643,1778.707153,1579.292358,-3460.979248,1747.108643,1485.423706,-3396.327637,1767.442749,1621.559937,-3434.589600,1767.185669,1454.941284,-3446.725342,1778.707275,1579.294312,-3461.011475,1747.100098,1485.437744,-3396.323486,1767.442261,1621.449707,-3434.567871,2616.274658,1567.720581,-3159.768555,,,,,,,,,,,,,,,,,,,,,,,,,,,,,,,,,
7055,70.550000,0.000000,0.000000,0.000000,1.000000,0.000000,0.000000,0.000000,57.698101,20.499701,-14.700500,0.047771,-0.013570,0.015998,-15.666301,-52.738201,18.801300,-93.396698,0.129960,17.611099,-0.206537,-0.463878,-0.687664,0.518920,1764.107300,1535.379761,-3434.986328,1766.120728,1454.924316,-3446.912109,1777.692505,1579.333984,-3461.409424,1746.133423,1485.603638,-3396.538330,1766.482666,1621.657227,-3435.085449,1766.169556,1454.980713,-3446.936523,1777.655273,1579.327393,-3461.450684,1746.099609,1485.702881,-3396.518555,1766.506470,1621.499878,-3435.034424,2616.315674,1567.757935,-3159.776855,,,,,,,,,,,,,,,,,,,,,,,,,,,,,,,,,
7056,70.560000,0.000000,0.000000,0.000000,1.000000,0.000000,0.000000,0.000000,57.698101,20.499701,-14.700500,0.047771,-0.013570,0.015998,-15.666301,-52.738201,18.801300,-93.396698,0.129960,17.611099,-0.206650,-0.464684,-0.687736,0.518057,1762.990967,1535.426392,-3435.294189,1764.939087,1454.951050,-3447.094971,1776.661377,1579.326538,-3461.763184,1744.907471,1485.727173,-3396.797852,1765.455566,1621.701050,-3435.520508,1765.021484,1454.972412,-3447.159424,1776.597778,1579.321167,-3461.802490,1744.843018,1485.849609,-3396.736572,1765.502930,1621.562012,-3435.472656,2616.302734,1567.756592,-3159.772217,,,,,,,,,,,,,,,,,,,,,,,,,,,,,,,,,
7057,70.570000,0.000000,0.000000,0.000000,1.000000,0.000000,0.000000,0.000000,57.698101,20.499701,-14.700500,0.047771,-0.013570,0.015998,-15.666301,-52.738201,18.801300,-93.396698,0.129960,17.611099,-0.207752,-0.464721,-0.687513,0.517880,1761.818481,1535.481323,-3435.537354,1763.667969,1454.986694,-3447.222168,1775.496460,1579.328369,-3462.090332,1743.738647,1485.857544,-3396.942383,1764.370972,1621.752930,-3435.894287,1763.735962,1454.897095,-3447.298340,1775.460571,1579.371826,-3462.135498,1743.680908,1485.987305,-3396.867920,1764.396606,1621.671753,-3435.845459,2616.266357,1567.715332,-3159.770752,,,,,,,,,,,,,,,,,,,,,,,,,,,,,,,,,
7058,70.580000,0.000000,0.000000,0.000000,1.000000,0.000000,0.000000,0.000000,57.698101,20.499701,-14.700500,0.047771,-0.013570,0.015998,-15.666301,-52.738201,18.801300,-93.396698,0.129960,17.611099,-0.208705,-0.464667,-0.687104,0.518087,1760.610962,1535.553345,-3435.767334,1762.424072,1455.044312,-3447.358398,1774.251831,1579.365601,-3462.396729,1742.587769,1485.979736,-3397.081543,1763.179932,1621.823975,-3436.233154,1762.511841,1454.950317,-3447.435791,1774.195557,1579.410645,-3462.461426,1742.500244,1486.015015,-3396.975342,1763.235352,1621.834595,-3436.198242,2616.292236,1567.715820,-3159.765869,,,,,,,,,,,,,,,,,,,,,,,,,,,,,,,,,
7059,70.590000,0.000000,0.000000,0.000000,1.000000,0.000000,0.000000,0.000000,57.698101,20.499701,-14.700500,0.047771,-0.013570,0.015998,-15.666301,-52.738201,18.801300,-93.396698,0.129960,17.611099,-0.207157,-0.466253,-0.686930,0.517515,1759.596069,1535.686646,-3436.031738,1761.578613,1455.169067,-3447.535889,1773.284058,1579.493286,-3462.646240,1741.483643,1486.123657,-3397.374023,1762.038208,1621.960571,-3436.570801,1761.687988,1455.009399,-3447.648926,1773.225098,1579.587280,-3462.720703,1741.362793,1486.126587,-3397.207275,1762.106934,1622.009033,-3436.549561,2616.282715,1567.773438,-3159.774170,,,,,,,,,,,,,,,,,,,,,,,,,,,,,,,,,
7060,70.600000,0.000000,0.000000,0.000000,1.000000,0.000000,0.000000,0.000000,57.698101,20.499701,-14.700500,0.047771,-0.013570,0.015998,-15.666301,-52.738201,18.801300,-93.396698,0.129960,17.611099,-0.207776,-0.465891,-0.686495,0.518169,1758.648315,1535.796265,-3436.363037,1760.657593,1455.276855,-3447.849121,1772.255249,1579.604126,-3463.017090,1740.644409,1486.232910,-3397.655029,1761.035645,1622.071533,-3436.930908,1760.707153,1455.153076,-3447.887939,1772.235596,1579.744385,-3463.095947,1740.578369,1486.224731,-3397.566406,1761.070312,1622.066406,-3436.907715,2616.271240,1567.761353,-3159.789551,,,,,,,,,,,,,,,,,,,,,,,,,,,,,,,,,
7061,70.610000,0.000000,0.000000,0.000000,1.000000,0.000000,0.000000,0.000000,57.698101,20.499701,-14.700500,0.047771,-0.013570,0.015998,-15.666301,-52.738201,18.801300,-93.396698,0.129960,17.611099,-0.208750,-0.465988,-0.686066,0.518259,1757.711426,1535.925049,-3436.670166,1759.679565,1455.387817,-3448.037842,1771.291504,1579.688599,-3463.410400,1739.750854,1486.425415,-3397.860596,1760.123657,1622.198608,-3437.371582,1759.697876,1455.356323,-3448.027344,1771.283813,1579.793823,-3463.475586,1739.718018,1486.397949,-3397.829834,1760.145142,1622.159058,-3437.351318,2616.268555,1567.752319,-3159.788086,,,,,,,,,,,,,,,,,,,,,,,,,,,,,,,,,
7062,70.620000,0.000000,0.000000,0.000000,1.000000,0.000000,0.000000,0.000000,57.698101,20.499701,-14.700500,0.047771,-0.013570,0.015998,-15.666301,-52.738201,18.801300,-93.396698,0.129960,17.611099,-0.209550,-0.466392,-0.686067,0.517571,1756.738770,1536.064697,-3436.961182,1758.583862,1455.505737,-3448.194580,1770.384399,1579.762817,-3463.774902,1738.704590,1486.657349,-3398.068359,1759.282227,1622.333252,-3437.806885,1758.572876,1455.496216,-3448.208008,1770.434082,1579.887695,-3463.817383,1738.693115,1486.647583,-3398.014648,1759.257935,1622.232544,-3437.807373,2616.296143,1567.738037,-3159.782227,,,,,,,,,,,,,,,,,,,,,,,,,,,,,,,,,
7063,70.630000,0.000000,0.000000,0.000000,1.000000,0.000000,0.000000,0.000000,57.698101,20.499701,-14.700500,0.047771,-0.013570,0.015998,-15.666301,-52.738201,18.801300,-93.396698,0.129960,17.611099,-0.210390,-0.466952,-0.686116,0.516659,1755.819702,1536.233521,-3437.313965,1757.519043,1455.649292,-3448.387695,1769.554199,1579.853271,-3464.209961,1737.682495,1486.936401,-3398.329346,1758.522949,1622.495361,-3438.329102,1757.535278,1455.662720,-3448.394531,1769.563354,1579.934082,-3464.273926,1737.659302,1486.978882,-3398.298096,1758.520508,1622.350220,-3438.289062,2616.277100,1567.758789,-3159.779785,,,,,,,,,,,,,,,,,,,,,,,,,,,,,,,,,
7064,70.640000,0.000000,0.000000,0.000000,1.000000,0.000000,0.000000,0.000000,57.698101,20.499701,-14.700500,0.047771,-0.013570,0.015998,-15.666301,-52.738201,18.801300,-93.396698,0.129960,17.611099,-0.211116,-0.467647,-0.685954,0.515949,1754.818726,1536.312378,-3437.639404,1756.425293,1455.702393,-3448.539062,1768.613647,1579.857544,-3464.625000,1736.610352,1487.121094,-3398.554443,1757.625366,1622.568481,-3438.839600,1756.447876,1455.681152,-3448.560059,1768.624268,1579.932373,-3464.697266,1736.584717,1487.207642,-3398.517578,1757.615967,1622.422729,-3438.779297,2616.290771,1567.735107,-3159.793457,,,,,,,,,,,,,,,,,,,,,,,,,,,,,,,,,
7065,70.650000,0.000000,0.000000,0.000000,1.000000,0.000000,0.000000,0.000000,57.698101,20.499701,-14.700500,0.047771,-0.013570,0.015998,-15.666301,-52.738201,18.801300,-93.396698,0.129960,17.611099,-0.211827,-0.468206,-0.685890,0.515235,1753.736816,1536.411499,-3437.923096,1755.237793,1455.779297,-3448.672363,1767.596802,1579.887939,-3464.986328,1735.453003,1487.317505,-3398.750977,1756.659668,1622.661499,-3439.283203,1755.261719,1455.711670,-3448.730957,1767.617920,1579.971680,-3465.033691,1735.427002,1487.440552,-3398.684814,1756.638672,1622.521362,-3439.238037,2616.278564,1567.756836,-3159.780518,,,,,,,,,,,,,,,,,,,,,,,,,,,,,,,,,
7066,70.660000,0.000000,0.000000,0.000000,1.000000,0.000000,0.000000,0.000000,57.698101,20.499701,-14.700500,0.047771,-0.013570,0.015998,-15.666301,-52.738201,18.801300,-93.396698,0.129960,17.611099,-0.212067,-0.468770,-0.685734,0.514831,1752.622437,1536.478271,-3438.194580,1754.098877,1455.831177,-3448.834717,1766.514282,1579.913086,-3465.307861,1734.297852,1487.443848,-3398.966797,1755.578735,1622.725220,-3439.668457,1754.170532,1455.754761,-3448.895508,1766.455811,1579.971313,-3465.337158,1734.236084,1487.531128,-3398.902100,1755.627197,1622.656982,-3439.642578,2616.299805,1567.783691,-3159.778076,,,,,,,,,,,,,,,,,,,,,,,,,,,,,,,,,
7067,70.670000,0.000000,0.000000,0.000000,1.000000,0.000000,0.000000,0.000000,57.698101,20.499701,-14.700500,0.047771,-0.013570,0.015998,-15.666301,-52.738201,18.801300,-93.396698,0.129960,17.611099,-0.211386,-0.469573,-0.685425,0.514791,1751.539551,1536.664551,-3438.443359,1753.134033,1456.011963,-3449.024170,1765.422607,1580.097656,-3465.564209,1733.210571,1487.635010,-3399.211914,1754.391235,1622.914062,-3439.973389,1753.268066,1455.953003,-3449.099854,1765.279297,1580.096558,-3465.596436,1733.093750,1487.645996,-3399.116943,1754.517578,1622.962036,-3439.961426,2616.297852,1567.752808,-3159.787598,,,,,,,,,,,,,,,,,,,,,,,,,,,,,,,,,
7068,70.680000,0.000000,0.000000,0.000000,1.000000,0.000000,0.000000,0.000000,57.698101,20.499701,-14.700500,0.047771,-0.013570,0.015998,-15.666301,-52.738201,18.801300,-93.396698,0.129960,17.611099,-0.209664,-0.470781,-0.684866,0.515136,1750.571899,1536.922607,-3438.668701,1752.454346,1456.272705,-3449.223145,1764.399414,1580.392456,-3465.758789,1732.279175,1487.845093,-3399.479980,1753.154297,1623.180298,-3440.212891,1752.579956,1456.186157,-3449.344971,1764.323242,1580.429565,-3465.828369,1732.140015,1487.828003,-3399.293945,1753.239014,1623.238647,-3440.198242,2616.300781,1567.777954,-3159.780273,,,,,,,,,,,,,,,,,,,,,,,,,,,,,,,,,
7069,70.690000,0.000000,0.000000,0.000000,1.000000,0.000000,0.000000,0.000000,57.698101,20.499701,-14.700500,0.047771,-0.013570,0.015998,-15.666301,-52.738201,18.801300,-93.396698,0.129960,17.611099,-0.209200,-0.470982,-0.684598,0.515496,1749.641724,1537.203247,-3438.948975,1751.632690,1456.556885,-3449.510498,1763.423828,1580.693726,-3466.029053,1731.397095,1488.098145,-3399.772217,1752.113281,1623.464355,-3440.483398,1751.722534,1456.399536,-3449.588135,1763.377319,1580.812500,-3466.121826,1731.290527,1488.084839,-3399.632324,1752.173706,1623.507446,-3440.455566,2616.260986,1567.749756,-3159.791504,,,,,,,,,,,,,,,,,,,,,,,,,,,,,,,,,
7070,70.700000,0.000000,0.000000,0.000000,1.000000,0.000000,0.000000,0.000000,57.698101,20.499701,-14.700500,0.047771,-0.013570,0.015998,-15.666301,-52.738201,18.801300,-93.396698,0.129960,17.611099,-0.208867,-0.471378,-0.684559,0.515322,1748.718506,1537.510986,-3439.243652,1750.742676,1456.861938,-3449.778320,1762.515625,1580.996948,-3466.323486,1730.448120,1488.412964,-3400.070312,1751.167358,1623.772339,-3440.802002,1750.778931,1456.821045,-3449.786621,1762.506714,1581.105347,-3466.421875,1730.401611,1488.444092,-3400.023926,1751.186157,1623.677734,-3440.745850,2616.277588,1567.747314,-3159.788818,,,,,,,,,,,,,,,,,,,,,,,,,,,,,,,,,
7071,70.710000,0.000000,0.000000,0.000000,1.000000,0.000000,0.000000,0.000000,57.698101,20.499701,-14.700500,0.047771,-0.013570,0.015998,-15.666301,-52.738201,18.801300,-93.396698,0.129960,17.611099,-0.208925,-0.471398,-0.684669,0.515134,1747.789917,1537.868286,-3439.526367,1749.782227,1457.217651,-3450.055908,1761.609619,1581.346802,-3466.606689,1729.492554,1488.780273,-3400.353027,1750.275024,1624.128418,-3441.089844,1749.787109,1457.271729,-3450.073975,1761.645142,1581.431641,-3466.665283,1729.478027,1488.839355,-3400.310547,1750.246826,1623.906006,-3441.052246,2616.311279,1567.755737,-3159.774414,,,,,,,,,,,,,,,,,,,,,,,,,,,,,,,,,
7072,70.720000,0.000000,0.000000,0.000000,1.000000,0.000000,0.000000,0.000000,57.698101,20.499701,-14.700500,0.047771,-0.013570,0.015998,-15.666301,-52.738201,18.801300,-93.396698,0.129960,17.611099,-0.209213,-0.471383,-0.684944,0.514665,1746.879639,1538.191772,-3439.812988,1748.776611,1457.536743,-3450.324951,1760.755615,1581.647827,-3466.900391,1728.517700,1489.134155,-3400.631836,1749.468750,1624.448608,-3441.394287,1748.810059,1457.612183,-3450.369629,1760.750610,1581.705811,-3466.927979,1728.487183,1489.228149,-3400.578613,1749.470581,1624.188721,-3441.370605,2616.266113,1567.718872,-3159.773926,,,,,,,,,,,,,,,,,,,,,,,,,,,,,,,,,
7073,70.730000,0.000000,0.000000,0.000000,1.000000,0.000000,0.000000,0.000000,57.698101,20.499701,-14.700500,0.047771,-0.013570,0.015998,-15.666301,-52.738201,18.801300,-93.396698,0.129960,17.611099,-0.208953,-0.471692,-0.685190,0.514159,1745.991943,1538.486328,-3440.192871,1747.855957,1457.828735,-3450.691650,1759.926758,1581.930908,-3467.268799,1727.552490,1489.444580,-3401.028320,1748.632446,1624.741455,-3441.782715,1747.896851,1457.898682,-3450.723145,1759.914429,1581.935181,-3467.322998,1727.526855,1489.595093,-3401.007324,1748.628296,1624.493164,-3441.704590,2616.323975,1567.700073,-3159.763672,,,,,,,,,,,,,,,,,,,,,,,,,,,,,,,,,
7074,70.740000,0.000000,0.000000,0.000000,1.000000,0.000000,0.000000,0.000000,57.698101,20.499701,-14.700500,0.047771,-0.013570,0.015998,-15.666301,-52.738201,18.801300,-93.396698,0.129960,17.611099,-0.208985,-0.471777,-0.685245,0.513996,1745.024780,1538.687744,-3440.552246,1746.868896,1458.027832,-3451.037109,1758.977539,1582.123901,-3467.632324,1726.563477,1489.657349,-3401.383301,1747.689209,1624.941772,-3442.155762,1746.895996,1458.038574,-3451.076904,1758.984131,1582.117676,-3467.679443,1726.551880,1489.835815,-3401.365967,1747.662354,1624.754761,-3442.074463,2616.283691,1567.746094,-3159.781982,,,,,,,,,,,,,,,,,,,,,,,,,,,,,,,,,
7075,70.750000,0.000000,0.000000,0.000000,1.000000,0.000000,0.000000,0.000000,57.698101,20.499701,-14.700500,0.047771,-0.013570,0.015998,-15.666301,-52.738201,18.801300,-93.396698,0.129960,17.611099,-0.209334,-0.471345,-0.685468,0.513952,1744.001465,1538.945068,-3440.946289,1745.772705,1458.288330,-3451.467041,1757.967651,1582.381592,-3468.018799,1725.531738,1489.912964,-3401.783936,1746.733765,1625.197754,-3442.515381,1745.811768,1458.185913,-3451.486816,1757.943604,1582.399780,-3468.073730,1725.504639,1490.010620,-3401.774902,1746.746460,1625.183105,-3442.450684,2616.277832,1567.777100,-3159.796387,,,,,,,,,,,,,,,,,,,,,,,,,,,,,,,,,
7076,70.760000,0.000000,0.000000,0.000000,1.000000,0.000000,0.000000,0.000000,57.698101,20.499701,-14.700500,0.047771,-0.013570,0.015998,-15.666301,-52.738201,18.801300,-93.396698,0.129960,17.611099,-0.208920,-0.471430,-0.685635,0.513821,1742.908813,1539.212769,-3441.413574,1744.695068,1458.560425,-3451.966064,1756.894653,1582.661499,-3468.456543,1724.409546,1490.163208,-3402.287109,1745.635986,1625.466309,-3442.944824,1744.715942,1458.374878,-3451.948242,1756.869385,1582.797852,-3468.505127,1724.373291,1490.107300,-3402.262939,1745.678711,1625.565918,-3442.939453,2616.272705,1567.768433,-3159.796387,,,,,,,,,,,,,,,,,,,,,,,,,,,,,,,,,
7077,70.770000,0.000000,0.000000,0.000000,1.000000,0.000000,0.000000,0.000000,57.698101,20.499701,-14.700500,0.047771,-0.013570,0.015998,-15.666301,-52.738201,18.801300,-93.396698,0.129960,17.611099,-0.208289,-0.471612,-0.685446,0.514160,1741.760254,1539.428101,-3441.858643,1743.660645,1458.782104,-3452.438721,1755.705933,1582.905151,-3468.876465,1723.300659,1490.339722,-3402.761719,1744.373657,1625.685669,-3443.356689,1743.716919,1458.573486,-3452.477539,1755.662720,1583.085327,-3468.924316,1723.213379,1490.226807,-3402.646973,1744.447754,1625.818604,-3443.386475,2616.294189,1567.786255,-3159.798828,,,,,,,,,,,,,,,,,,,,,,,,,,,,,,,,,
7078,70.780000,0.000000,0.000000,0.000000,1.000000,0.000000,0.000000,0.000000,57.698101,20.499701,-14.700500,0.047771,-0.013570,0.015998,-15.666301,-52.738201,18.801300,-93.396698,0.129960,17.611099,-0.207326,-0.472410,-0.685236,0.514098,1740.640869,1539.707153,-3442.390137,1742.674194,1459.060303,-3452.939941,1754.584106,1583.194580,-3469.392822,1722.166016,1490.606323,-3403.316406,1743.139160,1625.967773,-3443.911377,1742.788208,1458.971069,-3453.018066,1754.499756,1583.307251,-3469.480225,1722.013306,1490.485474,-3403.129639,1743.247803,1626.053467,-3443.917969,2616.275879,1567.765991,-3159.790283,,,,,,,,,,,,,,,,,,,,,,,,,,,,,,,,,
7079,70.790000,0.000000,0.000000,0.000000,1.000000,0.000000,0.000000,0.000000,57.698101,20.499701,-14.700500,0.047771,-0.013570,0.015998,-15.666301,-52.738201,18.801300,-93.396698,0.129960,17.611099,-0.207585,-0.472444,-0.684883,0.514432,1739.583008,1539.982178,-3442.957764,1741.655884,1459.331299,-3453.468262,1753.479370,1583.463989,-3469.993652,1721.167847,1490.890259,-3403.844482,1742.029175,1626.243530,-3444.524658,1741.767700,1459.368286,-3453.569824,1753.407471,1583.459595,-3470.051758,1721.052979,1490.899780,-3403.698486,1742.100342,1626.204224,-3444.506836,2616.283203,1567.722290,-3159.782715,,,,,,,,,,,,,,,,,,,,,,,,,,,,,,,,,
7080,70.800000,0.000000,0.000000,0.000000,1.000000,0.000000,0.000000,0.000000,57.698101,20.499701,-14.700500,0.047771,-0.013570,0.015998,-15.666301,-52.738201,18.801300,-93.396698,0.129960,17.611099,-0.207961,-0.472461,-0.684375,0.514941,1738.560791,1540.231689,-3443.575195,1740.691406,1459.575439,-3454.033447,1752.387085,1583.707275,-3470.656982,1720.234863,1491.150391,-3404.406738,1740.929810,1626.493896,-3445.203369,1740.819092,1459.716064,-3454.133301,1752.287598,1583.677368,-3470.692139,1720.127075,1491.201416,-3404.288818,1741.020264,1626.336914,-3445.187988,2616.301514,1567.736450,-3159.764893,,,,,,,,,,,,,,,,,,,,,,,,,,,,,,,,,
7081,70.810000,0.000000,0.000000,0.000000,1.000000,0.000000,0.000000,0.000000,57.698101,20.499701,-14.700500,0.047771,-0.013570,0.015998,-15.666301,-52.738201,18.801300,-93.396698,0.129960,17.611099,-0.207114,-0.473440,-0.684232,0.514573,1737.582153,1540.437256,-3444.255371,1739.807007,1459.775024,-3454.647217,1751.437866,1583.904175,-3471.335938,1719.201904,1491.369873,-3405.095215,1739.881836,1626.700317,-3445.943115,1739.892456,1459.978638,-3454.750977,1751.403687,1583.821899,-3471.369873,1719.140503,1491.494507,-3405.004883,1739.900024,1626.455811,-3445.896729,2616.299805,1567.756592,-3159.770752,,,,,,,,,,,,,,,,,,,,,,,,,,,,,,,,,
7082,70.820000,0.000000,0.000000,0.000000,1.000000,0.000000,0.000000,0.000000,57.698101,20.499701,-14.700500,0.047771,-0.013570,0.015998,-15.666301,-52.738201,18.801300,-93.396698,0.129960,17.611099,-0.207097,-0.473878,-0.683805,0.514744,1736.708740,1540.695557,-3444.907715,1739.005249,1460.025757,-3455.225586,1750.530396,1584.149658,-3472.026123,1718.365845,1491.647949,-3405.705078,1738.933594,1626.958984,-3446.673828,1739.041382,1460.150635,-3455.341064,1750.582275,1584.083496,-3472.087158,1718.329346,1491.778687,-3405.586182,1738.877197,1626.769287,-3446.610107,2616.263672,1567.745239,-3159.782471,,,,,,,,,,,,,,,,,,,,,,,,,,,,,,,,,
7083,70.830000,0.000000,0.000000,0.000000,1.000000,0.000000,0.000000,0.000000,57.698101,20.499701,-14.700500,0.047771,-0.013570,0.015998,-15.666301,-52.738201,18.801300,-93.396698,0.129960,17.611099,-0.206808,-0.474201,-0.683490,0.514981,1735.831787,1540.941895,-3445.628906,1738.217285,1460.270996,-3455.917969,1749.617432,1584.401245,-3472.757080,1717.526123,1491.888550,-3406.416260,1737.966187,1627.206909,-3447.424072,1738.247681,1460.296753,-3455.981934,1749.632690,1584.364014,-3472.797119,1717.496216,1491.954956,-3406.348145,1737.949829,1627.154419,-3447.386475,2616.276123,1567.713013,-3159.774414,,,,,,,,,,,,,,,,,,,,,,,,,,,,,,,,,
7084,70.840000,0.000000,0.000000,0.000000,1.000000,0.000000,0.000000,0.000000,57.698101,20.499701,-14.700500,0.047771,-0.013570,0.015998,-15.666301,-52.738201,18.801300,-93.396698,0.129960,17.611099,-0.206777,-0.474347,-0.683273,0.515148,1734.895630,1541.179688,-3446.311279,1737.324097,1460.507080,-3456.575928,1748.656250,1584.638184,-3473.453613,1716.618530,1492.128418,-3407.082520,1736.983154,1627.445312,-3448.133057,1737.350342,1460.374390,-3456.598877,1748.638184,1584.675049,-3473.471191,1716.596802,1492.161743,-3407.061523,1736.999146,1627.497925,-3448.114746,2616.282959,1567.739868,-3159.770752,,,,,,,,,,,,,,,,,,,,,,,,,,,,,,,,,
7085,70.850000,0.000000,0.000000,0.000000,1.000000,0.000000,0.000000,0.000000,57.698101,20.499701,-14.700500,0.047771,-0.013570,0.015998,-15.666301,-52.738201,18.801300,-93.396698,0.129960,17.611099,-0.206688,-0.474819,-0.683026,0.515075,1733.943604,1541.443848,-3447.019043,1736.413208,1460.763794,-3457.216309,1747.701050,1584.886230,-3474.188965,1715.665283,1492.416626,-3407.760742,1735.994751,1627.708862,-3448.910156,1736.453857,1460.563721,-3457.236816,1747.664917,1584.997437,-3474.220215,1715.630615,1492.468140,-3407.736084,1736.026733,1627.729248,-3448.887695,2616.320801,1567.762085,-3159.769287,,,,,,,,,,,,,,,,,,,,,,,,,,,,,,,,,
7086,70.860000,0.000000,0.000000,0.000000,1.000000,0.000000,0.000000,0.000000,57.698101,20.499701,-14.700500,0.047771,-0.013570,0.015998,-15.666301,-52.738201,18.801300,-93.396698,0.129960,17.611099,-0.206421,-0.475520,-0.683143,0.514380,1733.019409,1541.725952,-3447.723633,1735.464722,1461.036011,-3457.847412,1746.848511,1585.137695,-3474.906006,1714.644775,1492.742188,-3408.456055,1735.119385,1627.988281,-3449.684814,1735.497437,1460.859863,-3457.849365,1746.803101,1585.238770,-3474.916748,1714.626587,1492.829346,-3408.468262,1735.150635,1627.966064,-3449.661377,2616.282471,1567.721680,-3159.769531,,,,,,,,,,,,,,,,,,,,,,,,,,,,,,,,,
7087,70.870000,0.000000,0.000000,0.000000,1.000000,0.000000,0.000000,0.000000,57.698101,20.499701,-14.700500,0.047771,-0.013570,0.015998,-15.666301,-52.738201,18.801300,-93.396698,0.129960,17.611099,-0.206828,-0.476197,-0.683263,0.513431,1732.106689,1542.009644,-3448.475586,1734.439697,1461.299683,-3458.465820,1746.031860,1585.355957,-3475.713135,1713.614502,1493.117676,-3409.148926,1734.340698,1628.265259,-3450.574463,1734.469971,1461.203003,-3458.450195,1745.980347,1585.456421,-3475.730957,1713.596069,1493.187500,-3409.171143,1734.379761,1628.191772,-3450.550293,2616.293457,1567.770874,-3159.779541,,,,,,,,,,,,,,,,,,,,,,,,,,,,,,,,,
7088,70.880000,0.000000,0.000000,0.000000,1.000000,0.000000,0.000000,0.000000,57.698101,20.499701,-14.700500,0.047771,-0.013570,0.015998,-15.666301,-52.738201,18.801300,-93.396698,0.129960,17.611099,-0.205549,-0.477911,-0.683754,0.511694,1731.147705,1542.298340,-3449.217773,1733.457275,1461.573486,-3459.092285,1745.260132,1585.596558,-3476.435547,1712.398193,1493.474365,-3409.928467,1733.475342,1628.549072,-3451.414551,1733.457397,1461.556152,-3459.103760,1745.305054,1585.708008,-3476.507568,1712.382568,1493.515991,-3409.886475,1733.447266,1628.411499,-3451.373779,2616.271484,1567.772827,-3159.790039,,,,,,,,,,,,,,,,,,,,,,,,,,,,,,,,,
7089,70.890000,0.000000,0.000000,0.000000,1.000000,0.000000,0.000000,0.000000,57.698101,20.499701,-14.700500,0.047771,-0.013570,0.015998,-15.666301,-52.738201,18.801300,-93.396698,0.129960,17.611099,-0.205116,-0.479244,-0.683512,0.510945,1730.145142,1542.473755,-3450.012451,1732.494873,1461.730591,-3459.725830,1744.319580,1585.722290,-3477.277100,1711.303467,1493.721802,-3410.677734,1732.462524,1628.720581,-3452.368896,1732.548218,1461.761841,-3459.781982,1744.318115,1585.800049,-3477.363037,1711.237305,1493.780762,-3410.579102,1732.475098,1628.542725,-3452.319336,2616.295898,1567.731201,-3159.772949,,,,,,,,,,,,,,,,,,,,,,,,,,,,,,,,,
7090,70.900000,0.000000,0.000000,0.000000,1.000000,0.000000,0.000000,0.000000,57.698101,20.499701,-14.700500,0.047771,-0.013570,0.015998,-15.666301,-52.738201,18.801300,-93.396698,0.129960,17.611099,-0.204721,-0.480097,-0.683521,0.510289,1729.156006,1542.720459,-3450.833252,1731.511108,1461.966919,-3460.459229,1743.393921,1585.938599,-3478.113281,1710.225220,1494.012085,-3411.487305,1731.493652,1628.964478,-3453.273438,1731.558838,1461.921387,-3460.495361,1743.380493,1586.061768,-3478.191650,1710.155762,1493.998657,-3411.392334,1731.525513,1628.907471,-3453.254639,2616.299072,1567.751831,-3159.773926,,,,,,,,,,,,,,,,,,,,,,,,,,,,,,,,,
7091,70.910000,0.000000,0.000000,0.000000,1.000000,0.000000,0.000000,0.000000,57.698101,20.499701,-14.700500,0.047771,-0.013570,0.015998,-15.666301,-52.738201,18.801300,-93.396698,0.129960,17.611099,-0.204599,-0.480915,-0.683181,0.510024,1728.122559,1542.978394,-3451.645264,1730.523682,1462.212158,-3461.153320,1742.372070,1586.163818,-3478.970947,1709.169189,1494.317993,-3412.250977,1730.425415,1629.219849,-3454.206055,1730.571167,1462.130249,-3461.211914,1742.370605,1586.227417,-3479.037598,1709.084351,1494.214722,-3412.110352,1730.458618,1629.334106,-3454.211670,2616.273438,1567.753540,-3159.787354,,,,,,,,,,,,,,,,,,,,,,,,,,,,,,,,,
7092,70.920000,0.000000,0.000000,0.000000,1.000000,0.000000,0.000000,0.000000,57.698101,20.499701,-14.700500,0.047771,-0.013570,0.015998,-15.666301,-52.738201,18.801300,-93.396698,0.129960,17.611099,-0.204018,-0.481776,-0.683020,0.509659,1727.007690,1543.262207,-3452.495361,1729.473877,1462.489136,-3461.927002,1741.285889,1586.431641,-3479.831299,1708.005249,1494.625977,-3413.094971,1729.265869,1629.502686,-3455.127930,1729.499878,1462.381958,-3461.939697,1741.285522,1586.550293,-3479.900635,1707.933838,1494.464600,-3412.987305,1729.307373,1629.647705,-3455.147949,2616.294434,1567.703491,-3159.770752,,,,,,,,,,,,,,,,,,,,,,,,,,,,,,,,,
7093,70.930000,0.000000,0.000000,0.000000,1.000000,0.000000,0.000000,0.000000,57.698101,20.499701,-14.700500,0.047771,-0.013570,0.015998,-15.666301,-52.738201,18.801300,-93.396698,0.129960,17.611099,-0.202826,-0.483051,-0.682884,0.509110,1725.914307,1543.620117,-3453.325195,1728.497925,1462.841309,-3462.677002,1740.239746,1586.780518,-3480.650635,1706.829346,1494.998291,-3413.946777,1728.090332,1629.860474,-3456.026611,1728.579956,1462.640869,-3462.722656,1740.195801,1586.954956,-3480.757812,1706.709717,1494.889038,-3413.799805,1728.167603,1629.985107,-3456.020264,2616.304688,1567.725098,-3159.764893,,,,,,,,,,,,,,,,,,,,,,,,,,,,,,,,,
7094,70.940000,0.000000,0.000000,0.000000,1.000000,0.000000,0.000000,0.000000,57.698101,20.499701,-14.700500,0.047771,-0.013570,0.015998,-15.666301,-52.738201,18.801300,-93.396698,0.129960,17.611099,-0.202298,-0.483950,-0.682641,0.508793,1724.864502,1544.029297,-3454.188721,1727.520996,1463.242432,-3463.450684,1739.210571,1587.170776,-3481.532959,1705.740356,1495.435669,-3414.794434,1726.986084,1630.268188,-3456.976807,1727.638550,1463.121948,-3463.542725,1739.127197,1587.307129,-3481.601074,1705.604492,1495.417603,-3414.630859,1727.078735,1630.268188,-3456.976807,2616.281738,1567.746582,-3159.778564,,,,,,,,,,,,,,,,,,,,,,,,,,,,,,,,,
7095,70.950000,0.000000,0.000000,0.000000,1.000000,0.000000,0.000000,0.000000,57.698101,20.499701,-14.700500,0.047771,-0.013570,0.015998,-15.666301,-52.738201,18.801300,-93.396698,0.129960,17.611099,-0.201984,-0.484462,-0.682782,0.508240,1723.805664,1544.437988,-3455.086914,1726.444946,1463.645996,-3464.306885,1738.210693,1587.561157,-3482.429199,1704.601929,1495.870361,-3415.699463,1725.964966,1630.674805,-3457.911865,1726.623169,1463.689819,-3464.400146,1738.051758,1587.592773,-3482.519775,1704.426758,1495.873047,-3415.544434,1726.116211,1630.597778,-3457.879639,2616.256836,1567.758667,-3159.792236,,,,,,,,,,,,,,,,,,,,,,,,,,,,,,,,,
7096,70.960000,0.000000,0.000000,0.000000,1.000000,0.000000,0.000000,0.000000,57.698101,20.499701,-14.700500,0.047771,-0.013570,0.015998,-15.666301,-52.738201,18.801300,-93.396698,0.129960,17.611099,-0.201911,-0.484666,-0.682713,0.508167,1722.733765,1544.806030,-3455.992188,1725.386230,1464.011475,-3465.187012,1737.142944,1587.922729,-3483.342529,1703.522217,1496.247925,-3416.596924,1724.883423,1631.042236,-3458.842529,1725.519287,1464.176880,-3465.282227,1737.032471,1587.923584,-3483.365234,1703.406860,1496.280029,-3416.479492,1724.993042,1630.842041,-3458.845459,2616.260254,1567.746338,-3159.793457,,,,,,,,,,,,,,,,,,,,,,,,,,,,,,,,,
7097,70.970000,0.000000,0.000000,0.000000,1.000000,0.000000,0.000000,0.000000,57.698101,20.499701,-14.700500,0.047771,-0.013570,0.015998,-15.666301,-52.738201,18.801300,-93.396698,0.129960,17.611099,-0.201512,-0.484485,-0.682689,0.508529,1721.692749,1545.180054,-3456.955078,1724.412720,1464.394897,-3466.212402,1736.066162,1588.329956,-3484.271973,1702.521729,1496.575439,-3417.597412,1723.770752,1631.420410,-3459.738770,1724.467773,1464.532227,-3466.258057,1736.025024,1588.307983,-3484.280762,1702.478394,1496.610840,-3417.550781,1723.807129,1631.268555,-3459.732910,2616.276367,1567.773560,-3159.779541,,,,,,,,,,,,,,,,,,,,,,,,,,,,,,,,,
7098,70.980000,0.000000,0.000000,0.000000,1.000000,0.000000,0.000000,0.000000,57.698101,20.499701,-14.700500,0.047771,-0.013570,0.015998,-15.666301,-52.738201,18.801300,-93.396698,0.129960,17.611099,-0.201015,-0.484195,-0.682800,0.508855,1720.751831,1545.619263,-3457.913330,1723.528931,1464.846558,-3467.262451,1735.098145,1588.810181,-3485.179443,1701.610229,1496.956299,-3418.613281,1722.770020,1631.864014,-3460.598145,1723.531616,1464.863647,-3467.316650,1735.148071,1588.777710,-3485.208740,1701.600098,1496.994751,-3418.553467,1722.728394,1631.841309,-3460.574463,2616.278564,1567.770508,-3159.797363,,,,,,,,,,,,,,,,,,,,,,,,,,,,,,,,,
7099,70.990000,0.000000,0.000000,0.000000,1.000000,0.000000,0.000000,0.000000,57.698101,20.499701,-14.700500,0.047771,-0.013570,0.015998,-15.666301,-52.738201,18.801300,-93.396698,0.129960,17.611099,-0.199731,-0.484216,-0.683167,0.508847,1719.759766,1546.168579,-3458.930176,1722.625244,1465.413696,-3468.405762,1734.121216,1589.416382,-3486.098145,1700.584595,1497.425049,-3419.746338,1721.708130,1632.419312,-3461.470703,1722.647217,1465.247559,-3468.462158,1734.159790,1589.489502,-3486.168457,1700.551392,1497.489380,-3419.673096,1721.683350,1632.437500,-3461.422607,2616.277100,1567.760254,-3159.791016,,,,,,,,,,,,,,,,,,,,,,,,,,,,,,,,,
7100,71.000000,0.000000,0.000000,0.000000,1.000000,0.000000,0.000000,0.000000,57.698101,20.499701,-14.700500,0.047771,-0.013570,0.015998,-15.666301,-52.738201,18.801300,-93.396698,0.129960,17.611099,-0.199669,-0.483413,-0.683662,0.508970,1718.775879,1546.735474,-3459.915527,1721.586914,1465.995117,-3469.529297,1733.145264,1590.020630,-3487.019775,1699.597412,1497.937378,-3420.801758,1720.773926,1632.989258,-3462.311768,1721.638306,1465.780273,-3469.580322,1733.135498,1590.156128,-3487.090088,1699.546265,1498.034790,-3420.738281,1720.786621,1632.958862,-3462.262939,2616.314453,1567.736572,-3159.767090,,,,,,,,,,,,,,,,,,,,,,,,,,,,,,,,,
7101,71.010000,0.000000,0.000000,0.000000,1.000000,0.000000,0.000000,0.000000,57.698101,20.499701,-14.700500,0.047771,-0.013570,0.015998,-15.666301,-52.738201,18.801300,-93.396698,0.129960,17.611099,-0.200146,-0.482081,-0.684242,0.509266,1717.828247,1547.272217,-3460.970215,1720.524170,1466.548096,-3470.752197,1732.192871,1590.594849,-3488.016602,1698.672729,1498.417847,-3421.915039,1719.923218,1633.528198,-3463.196533,1720.572510,1466.547119,-3470.824463,1732.172729,1590.626587,-3488.021973,1698.639282,1498.591064,-3421.863037,1719.927002,1633.313965,-3463.163330,2616.328613,1567.720459,-3159.752197,,,,,,,,,,,,,,,,,,,,,,,,,,,,,,,,,
7102,71.020000,0.000000,0.000000,0.000000,1.000000,0.000000,0.000000,0.000000,57.698101,20.499701,-14.700500,0.047771,-0.013570,0.015998,-15.666301,-52.738201,18.801300,-93.396698,0.129960,17.611099,-0.200433,-0.481034,-0.685124,0.508958,1716.915527,1547.726562,-3462.118652,1719.440674,1467.015503,-3472.053467,1731.345581,1591.070679,-3489.095947,1697.693115,1498.838013,-3423.139404,1719.182617,1633.982178,-3464.185791,1719.526367,1467.121704,-3472.105469,1731.258789,1591.022461,-3489.100342,1697.643799,1498.993652,-3423.122559,1719.239868,1633.756836,-3464.141846,2616.303711,1567.730347,-3159.762695,,,,,,,,,,,,,,,,,,,,,,,,,,,,,,,,,
7103,71.030000,0.000000,0.000000,0.000000,1.000000,0.000000,0.000000,0.000000,57.698101,20.499701,-14.700500,0.047771,-0.013570,0.015998,-15.666301,-52.738201,18.801300,-93.396698,0.129960,17.611099,-0.200512,-0.480103,-0.685677,0.509061,1716.111938,1548.197510,-3463.307373,1718.557373,1467.501953,-3473.387207,1730.554565,1591.576660,-3490.221436,1696.883179,1499.256958,-3424.396484,1718.452393,1634.454590,-3465.224365,1718.603760,1467.647705,-3473.462402,1730.562866,1591.547485,-3490.263916,1696.844727,1499.365234,-3424.322021,1718.435303,1634.216797,-3465.175781,2616.266846,1567.716797,-3159.787354,,,,,,,,,,,,,,,,,,,,,,,,,,,,,,,,,
7104,71.040000,0.000000,0.000000,0.000000,1.000000,0.000000,0.000000,0.000000,57.698101,20.499701,-14.700500,0.047771,-0.013570,0.015998,-15.666301,-52.738201,18.801300,-93.396698,0.129960,17.611099,-0.200732,-0.479234,-0.686283,0.508976,1715.348755,1548.584106,-3464.571533,1717.681030,1467.900879,-3474.775879,1729.824463,1591.985352,-3491.432129,1696.090088,1499.609497,-3425.718262,1717.799194,1634.840942,-3466.359619,1717.673950,1467.975464,-3474.798828,1729.897095,1591.968384,-3491.516846,1696.084473,1499.648071,-3425.674561,1717.738647,1634.738647,-3466.295654,2616.276611,1567.728027,-3159.784668,,,,,,,,,,,,,,,,,,,,,,,,,,,,,,,,,
7105,71.050000,0.000000,0.000000,0.000000,1.000000,0.000000,0.000000,0.000000,57.698101,20.499701,-14.700500,0.047771,-0.013570,0.015998,-15.666301,-52.738201,18.801300,-93.396698,0.129960,17.611099,-0.200848,-0.478633,-0.686660,0.508988,1714.617188,1549.041992,-3465.910645,1716.885132,1468.368164,-3476.202881,1729.107178,1592.461548,-3492.733887,1695.347778,1500.039551,-3427.097900,1717.128540,1635.298950,-3467.607666,1716.904785,1468.307495,-3476.254639,1729.130249,1592.469849,-3492.773438,1695.324707,1500.099365,-3427.040771,1717.108887,1635.291626,-3467.573242,2616.282715,1567.742554,-3159.777588,,,,,,,,,,,,,,,,,,,,,,,,,,,,,,,,,
7106,71.060000,0.000000,0.000000,0.000000,1.000000,0.000000,0.000000,0.000000,57.698101,20.499701,-14.700500,0.047771,-0.013570,0.015998,-15.666301,-52.738201,18.801300,-93.396698,0.129960,17.611099,-0.201564,-0.478118,-0.686798,0.509003,1713.911865,1549.625122,-3467.266357,1716.083008,1468.950317,-3477.571289,1728.406372,1593.033203,-3494.105713,1694.650024,1500.637695,-3428.431152,1716.508057,1635.879761,-3468.957031,1716.166992,1468.793823,-3477.632568,1728.342529,1593.082520,-3494.149170,1694.577148,1500.692383,-3428.362305,1716.565186,1635.920410,-3468.924805,2616.308350,1567.735229,-3159.778809,,,,,,,,,,,,,,,,,,,,,,,,,,,,,,,,,
7107,71.070000,0.000000,0.000000,0.000000,1.000000,0.000000,0.000000,0.000000,57.698101,20.499701,-14.700500,0.047771,-0.013570,0.015998,-15.666301,-52.738201,18.801300,-93.396698,0.129960,17.611099,-0.201957,-0.478021,-0.687169,0.508437,1713.134766,1550.171631,-3468.641357,1715.179810,1469.491943,-3478.934814,1727.698853,1593.553101,-3495.486084,1693.793945,1501.219849,-3429.800049,1715.866455,1636.421753,-3470.343994,1715.279663,1469.432251,-3478.970703,1727.588867,1593.592041,-3495.529297,1693.706909,1501.244385,-3429.746826,1715.962646,1636.417358,-3470.319336,2616.287109,1567.777100,-3159.785889,,,,,,,,,,,,,,,,,,,,,,,,,,,,,,,,,
7108,71.080000,0.000000,0.000000,0.000000,1.000000,0.000000,0.000000,0.000000,57.698101,20.499701,-14.700500,0.047771,-0.013570,0.015998,-15.666301,-52.738201,18.801300,-93.396698,0.129960,17.611099,-0.202565,-0.478031,-0.687487,0.507755,1712.420898,1550.700806,-3470.046143,1714.317261,1470.011353,-3480.290771,1727.063477,1594.039185,-3496.917725,1692.991943,1501.808105,-3431.174561,1715.311035,1636.944702,-3471.801025,1714.449219,1470.087280,-3480.392578,1726.947144,1594.046387,-3496.929932,1692.862427,1501.783081,-3431.029297,1715.425171,1636.888184,-3471.828613,2616.262207,1567.767456,-3159.795166,,,,,,,,,,,,,,,,,,,,,,,,,,,,,,,,,
7109,71.090000,0.000000,0.000000,0.000000,1.000000,0.000000,0.000000,0.000000,57.698101,20.499701,-14.700500,0.047771,-0.013570,0.015998,-15.666301,-52.738201,18.801300,-93.396698,0.129960,17.611099,-0.203291,-0.478293,-0.687764,0.506842,1711.775146,1551.151855,-3471.477295,1713.502563,1470.446289,-3481.624756,1726.516479,1594.426758,-3498.397217,1692.232666,1502.347290,-3432.551758,1714.848999,1637.387329,-3473.334961,1713.595581,1470.436401,-3481.709229,1726.456055,1594.505371,-3498.441895,1692.115723,1502.300537,-3432.396973,1714.924194,1637.362305,-3473.351074,2616.292480,1567.751587,-3159.780518,,,,,,,,,,,,,,,,,,,,,,,,,,,,,,,,,
7110,71.100000,0.000000,0.000000,0.000000,1.000000,0.000000,0.000000,0.000000,57.698101,20.499701,-14.700500,0.047771,-0.013570,0.015998,-15.666301,-52.738201,18.801300,-93.396698,0.129960,17.611099,-0.203201,-0.478930,-0.687960,0.506010,1711.149414,1551.568481,-3472.929688,1712.812866,1470.851807,-3482.998779,1725.978394,1594.803467,-3499.865723,1691.494019,1502.820068,-3433.990967,1714.312500,1637.799072,-3474.863281,1712.896973,1470.820190,-3483.063721,1725.931641,1594.937622,-3499.946045,1691.382812,1502.794678,-3433.849121,1714.377563,1637.726929,-3474.855225,2616.296143,1567.742676,-3159.780029,,,,,,,,,,,,,,,,,,,,,,,,,,,,,,,,,
7111,71.110000,0.000000,0.000000,0.000000,1.000000,0.000000,0.000000,0.000000,57.698101,20.499701,-14.700500,0.047771,-0.013570,0.015998,-15.666301,-52.738201,18.801300,-93.396698,0.129960,17.611099,-0.203480,-0.479423,-0.687842,0.505592,1710.517090,1552.044189,-3474.429688,1712.142944,1471.314087,-3484.397705,1725.380981,1595.237793,-3501.412598,1690.817993,1503.354370,-3435.439453,1713.726074,1638.270508,-3476.468750,1712.199463,1471.217529,-3484.424072,1725.345459,1595.416992,-3501.492188,1690.713745,1503.219360,-3435.309814,1713.797119,1638.323486,-3476.486816,2616.296631,1567.744995,-3159.774414,,,,,,,,,,,,,,,,,,,,,,,,,,,,,,,,,
7112,71.120000,0.000000,0.000000,0.000000,1.000000,0.000000,0.000000,0.000000,57.698101,20.499701,-14.700500,0.047771,-0.013570,0.015998,-15.666301,-52.738201,18.801300,-93.396698,0.129960,17.611099,-0.203500,-0.480177,-0.687422,0.505440,1709.857544,1552.504517,-3475.881592,1711.531128,1471.760254,-3485.725342,1724.718994,1595.664673,-3502.919678,1690.155396,1503.864258,-3436.831299,1713.024780,1638.729370,-3478.049805,1711.530151,1471.609375,-3485.761963,1724.778076,1595.800903,-3502.992432,1690.096924,1503.712036,-3436.696045,1713.022583,1638.891724,-3478.070312,2616.288086,1567.752563,-3159.779541,,,,,,,,,,,,,,,,,,,,,,,,,,,,,,,,,
7113,71.130000,0.000000,0.000000,0.000000,1.000000,0.000000,0.000000,0.000000,57.698101,20.499701,-14.700500,0.047771,-0.013570,0.015998,-15.666301,-52.738201,18.801300,-93.396698,0.129960,17.611099,-0.202768,-0.481351,-0.687233,0.504874,1709.128906,1552.961914,-3477.319336,1710.876465,1472.206055,-3487.054932,1724.036743,1596.096069,-3504.373291,1689.351562,1504.360229,-3438.258789,1712.250732,1639.185791,-3479.589844,1710.920532,1471.974243,-3487.091064,1724.017944,1596.264648,-3504.429443,1689.267090,1504.238159,-3438.140625,1712.311035,1639.359375,-3479.615723,2616.303223,1567.746460,-3159.789062,,,,,,,,,,,,,,,,,,,,,,,,,,,,,,,,,
7114,71.140000,0.000000,0.000000,0.000000,1.000000,0.000000,0.000000,0.000000,57.698101,20.499701,-14.700500,0.047771,-0.013570,0.015998,-15.666301,-52.738201,18.801300,-93.396698,0.129960,17.611099,-0.202708,-0.481985,-0.686918,0.504721,1708.335571,1553.453369,-3478.767090,1710.124390,1472.686768,-3488.406494,1723.245239,1596.561768,-3505.860840,1688.549805,1504.889282,-3439.664307,1711.422729,1639.675781,-3481.136963,1710.202393,1472.435791,-3488.463135,1723.199829,1596.731689,-3505.934570,1688.453979,1504.860474,-3439.550293,1711.488770,1639.765015,-3481.127686,2616.264893,1567.749756,-3159.790283,,,,,,,,,,,,,,,,,,,,,,,,,,,,,,,,,
7115,71.150000,0.000000,0.000000,0.000000,1.000000,0.000000,0.000000,0.000000,57.698101,20.499701,-14.700500,0.047771,-0.013570,0.015998,-15.666301,-52.738201,18.801300,-93.396698,0.129960,17.611099,-0.202961,-0.482536,-0.686819,0.504228,1707.570068,1553.828125,-3480.177002,1709.316895,1473.048096,-3489.709473,1722.522949,1596.892212,-3507.317383,1687.730225,1505.327026,-3441.023682,1710.710327,1640.045532,-3482.657471,1709.362793,1472.876709,-3489.746094,1722.511841,1597.048340,-3507.393066,1687.662231,1505.310059,-3440.933594,1710.743286,1640.073730,-3482.641602,2616.318359,1567.746704,-3159.781982,,,,,,,,,,,,,,,,,,,,,,,,,,,,,,,,,
7116,71.160000,0.000000,0.000000,0.000000,1.000000,0.000000,0.000000,0.000000,57.698101,20.499701,-14.700500,0.047771,-0.013570,0.015998,-15.666301,-52.738201,18.801300,-93.396698,0.129960,17.611099,-0.202724,-0.483241,-0.686973,0.503438,1706.798218,1554.118408,-3481.624512,1708.504028,1473.328491,-3491.081055,1721.832886,1597.147217,-3508.775879,1686.850220,1505.666992,-3442.464355,1710.005615,1640.331177,-3484.176758,1708.539917,1473.223389,-3491.116455,1721.832153,1597.311646,-3508.840576,1686.785278,1505.634888,-3442.367188,1710.033081,1640.313110,-3484.176758,2616.272461,1567.753052,-3159.773926,,,,,,,,,,,,,,,,,,,,,,,,,,,,,,,,,
7117,71.170000,0.000000,0.000000,0.000000,1.000000,0.000000,0.000000,0.000000,57.698101,20.499701,-14.700500,0.047771,-0.013570,0.015998,-15.666301,-52.738201,18.801300,-93.396698,0.129960,17.611099,-0.202013,-0.483915,-0.687202,0.502763,1706.002686,1554.343872,-3483.052734,1707.715332,1473.551147,-3492.483887,1721.110962,1597.362549,-3510.178955,1685.951172,1505.906738,-3443.927734,1709.233276,1640.555298,-3485.620117,1707.744385,1473.490601,-3492.520996,1721.149658,1597.547852,-3510.294189,1685.875977,1505.856812,-3443.798828,1709.240112,1640.498657,-3485.601318,2616.299561,1567.751343,-3159.776123,,,,,,,,,,,,,,,,,,,,,,,,,,,,,,,,,
7118,71.180000,0.000000,0.000000,0.000000,1.000000,0.000000,0.000000,0.000000,57.698101,20.499701,-14.700500,0.047771,-0.013570,0.015998,-15.666301,-52.738201,18.801300,-93.396698,0.129960,17.611099,-0.201930,-0.484270,-0.687164,0.502507,1705.166138,1554.488037,-3484.462891,1706.878052,1473.690063,-3493.848877,1720.297363,1597.490723,-3511.602051,1685.082642,1506.073975,-3445.325928,1708.406250,1640.697876,-3487.074951,1706.884888,1473.648071,-3493.893799,1720.380249,1597.706177,-3511.711670,1685.023071,1506.029175,-3445.184814,1708.382935,1640.592896,-3487.066162,2616.266846,1567.733276,-3159.780273,,,,,,,,,,,,,,,,,,,,,,,,,,,,,,,,,
7119,71.190000,0.000000,0.000000,0.000000,1.000000,0.000000,0.000000,0.000000,57.698101,20.499701,-14.700500,0.047771,-0.013570,0.015998,-15.666301,-52.738201,18.801300,-93.396698,0.129960,17.611099,-0.202248,-0.484380,-0.687310,0.502073,1704.233276,1554.595703,-3485.891846,1705.865234,1473.791382,-3495.236572,1719.411987,1597.569336,-3513.050293,1684.095093,1506.221680,-3446.733398,1707.560791,1640.800781,-3488.546631,1705.846802,1473.714600,-3495.259277,1719.495728,1597.797241,-3513.114990,1684.060303,1506.137329,-3446.624512,1707.539551,1640.759644,-3488.570312,2616.249756,1567.761597,-3159.801758,,,,,,,,,,,,,,,,,,,,,,,,,,,,,,,,,
7120,71.200000,0.000000,0.000000,0.000000,1.000000,0.000000,0.000000,0.000000,57.698101,20.499701,-14.700500,0.047771,-0.013570,0.015998,-15.666301,-52.738201,18.801300,-93.396698,0.129960,17.611099,-0.201671,-0.484675,-0.687669,0.501528,1703.267944,1554.755127,-3487.320068,1704.881592,1473.952759,-3496.686523,1718.513062,1597.730225,-3514.439209,1683.039917,1506.377930,-3448.211914,1706.637085,1640.959595,-3489.943359,1704.865356,1473.873657,-3496.693848,1718.614624,1597.899048,-3514.572510,1683.005005,1506.313599,-3448.119629,1706.598633,1640.952515,-3489.908447,2616.287109,1567.721069,-3159.781494,,,,,,,,,,,,,,,,,,,,,,,,,,,,,,,,,
7121,71.210000,0.000000,0.000000,0.000000,1.000000,0.000000,0.000000,0.000000,57.698101,20.499701,-14.700500,0.047771,-0.013570,0.015998,-15.666301,-52.738201,18.801300,-93.396698,0.129960,17.611099,-0.201993,-0.484683,-0.687779,0.501239,1702.255005,1554.872070,-3488.691406,1703.801636,1474.065186,-3498.030029,1717.532104,1597.825439,-3515.826660,1681.991821,1506.524902,-3449.564209,1705.694336,1641.072876,-3491.344482,1703.844116,1473.926636,-3498.100342,1717.562866,1597.914062,-3515.923828,1681.906860,1506.462036,-3449.413574,1705.703491,1641.176880,-3491.323975,2616.327393,1567.742676,-3159.767578,,,,,,,,,,,,,,,,,,,,,,,,,,,,,,,,,
7122,71.220000,0.000000,0.000000,0.000000,1.000000,0.000000,0.000000,0.000000,57.698101,20.499701,-14.700500,0.047771,-0.013570,0.015998,-15.666301,-52.738201,18.801300,-93.396698,0.129960,17.611099,-0.201706,-0.485088,-0.687939,0.500744,1701.236694,1555.044556,-3490.088623,1702.763672,1474.234253,-3499.399902,1716.567505,1597.983276,-3517.217041,1680.901489,1506.717773,-3450.973633,1704.714111,1641.243042,-3492.764160,1702.847900,1474.042969,-3499.530029,1716.568848,1598.094360,-3517.294189,1680.774536,1506.674072,-3450.757812,1704.750000,1641.343140,-3492.764160,2616.293457,1567.742432,-3159.779053,,,,,,,,,,,,,,,,,,,,,,,,,,,,,,,,,
7123,71.230000,0.000000,0.000000,0.000000,1.000000,0.000000,0.000000,0.000000,57.698101,20.499701,-14.700500,0.047771,-0.013570,0.015998,-15.666301,-52.738201,18.801300,-93.396698,0.129960,17.611099,-0.201273,-0.485125,-0.688247,0.500458,1700.224365,1555.161499,-3491.484375,1701.739380,1474.356079,-3500.839600,1715.594604,1598.111450,-3518.572266,1679.836060,1506.818115,-3452.417969,1703.727539,1641.360596,-3494.107422,1701.828369,1474.197998,-3500.926758,1715.571045,1598.280884,-3518.677490,1679.695679,1506.734131,-3452.219727,1703.790039,1641.422485,-3494.104980,2616.299316,1567.732666,-3159.776611,,,,,,,,,,,,,,,,,,,,,,,,,,,,,,,,,
7124,71.240000,0.000000,0.000000,0.000000,1.000000,0.000000,0.000000,0.000000,57.698101,20.499701,-14.700500,0.047771,-0.013570,0.015998,-15.666301,-52.738201,18.801300,-93.396698,0.129960,17.611099,-0.201555,-0.484587,-0.688306,0.500785,1699.171387,1555.253540,-3492.868652,1700.666870,1474.453979,-3502.278320,1714.512939,1598.219482,-3519.947510,1678.825806,1506.886841,-3453.808594,1702.679932,1641.453979,-3495.440186,1700.763672,1474.375122,-3502.360107,1714.466797,1598.362183,-3520.040283,1678.688477,1506.831055,-3453.628906,1702.751587,1641.445801,-3495.436279,2616.275879,1567.711914,-3159.777344,,,,,,,,,,,,,,,,,,,,,,,,,,,,,,,,,
7125,71.250000,0.000000,0.000000,0.000000,1.000000,0.000000,0.000000,0.000000,57.698101,20.499701,-14.700500,0.047771,-0.013570,0.015998,-15.666301,-52.738201,18.801300,-93.396698,0.129960,17.611099,-0.201404,-0.484421,-0.688370,0.500919,1698.146606,1555.269409,-3494.214844,1699.657715,1474.474731,-3503.664551,1713.477905,1598.251831,-3521.273438,1677.813110,1506.879150,-3455.177246,1701.637695,1641.471924,-3496.743896,1699.733765,1474.434692,-3503.727051,1713.433838,1598.378174,-3521.332520,1677.705566,1506.827759,-3455.037598,1701.702759,1641.439331,-3496.754639,2616.259766,1567.737671,-3159.785156,,,,,,,,,,,,,,,,,,,,,,,,,,,,,,,,,
7126,71.260000,0.000000,0.000000,0.000000,1.000000,0.000000,0.000000,0.000000,57.698101,20.499701,-14.700500,0.047771,-0.013570,0.015998,-15.666301,-52.738201,18.801300,-93.396698,0.129960,17.611099,-0.201573,-0.484041,-0.688558,0.500959,1697.078247,1555.180908,-3495.580811,1698.547485,1474.390869,-3505.075928,1712.413208,1598.171509,-3522.624512,1676.745483,1506.778320,-3456.558350,1700.606567,1641.383179,-3498.064453,1698.624512,1474.366211,-3505.121826,1712.331665,1598.262085,-3522.636719,1676.656616,1506.733032,-3456.466797,1700.695190,1641.363281,-3498.095947,2616.290527,1567.727173,-3159.772461,,,,,,,,,,,,,,,,,,,,,,,,,,,,,,,,,
7127,71.270000,0.000000,0.000000,0.000000,1.000000,0.000000,0.000000,0.000000,57.698101,20.499701,-14.700500,0.047771,-0.013570,0.015998,-15.666301,-52.738201,18.801300,-93.396698,0.129960,17.611099,-0.201084,-0.483904,-0.688822,0.500925,1696.051025,1555.063965,-3496.915283,1697.535278,1474.282837,-3506.483887,1711.399536,1598.080933,-3523.909180,1675.697144,1506.623413,-3457.951172,1699.571899,1641.268799,-3499.317139,1697.637573,1474.330688,-3506.524658,1711.306641,1598.156006,-3523.973145,1675.577637,1506.558228,-3457.840088,1699.675537,1641.209351,-3499.319336,2616.297607,1567.790649,-3159.771973,,,,,,,,,,,,,,,,,,,,,,,,,,,,,,,,,
7128,71.280000,0.000000,0.000000,0.000000,1.000000,0.000000,0.000000,0.000000,57.698101,20.499701,-14.700500,0.047771,-0.013570,0.015998,-15.666301,-52.738201,18.801300,-93.396698,0.129960,17.611099,-0.201091,-0.483234,-0.688527,0.501975,1695.104980,1554.893311,-3498.222900,1696.690186,1474.124512,-3507.879150,1710.341553,1597.961182,-3525.198975,1674.892822,1506.381958,-3459.272949,1698.495239,1641.105713,-3500.540039,1696.790161,1474.200684,-3507.904297,1710.223267,1597.970947,-3525.226318,1674.807251,1506.371826,-3459.224854,1698.601562,1641.029541,-3500.536377,2616.317383,1567.711670,-3159.766602,,,,,,,,,,,,,,,,,,,,,,,,,,,,,,,,,
7129,71.290000,0.000000,0.000000,0.000000,1.000000,0.000000,0.000000,0.000000,57.698101,20.499701,-14.700500,0.047771,-0.013570,0.015998,-15.666301,-52.738201,18.801300,-93.396698,0.129960,17.611099,-0.200466,-0.483069,-0.688829,0.501969,1694.114136,1554.720215,-3499.565186,1695.725586,1473.962891,-3509.312744,1709.363159,1597.822266,-3526.479492,1673.880981,1506.159790,-3460.687500,1697.486816,1640.935913,-3501.781006,1695.818970,1474.033691,-3509.330566,1709.225220,1597.823486,-3526.463623,1673.820068,1506.206787,-3460.680664,1697.596069,1640.810059,-3501.785156,2616.317871,1567.744263,-3159.752197,,,,,,,,,,,,,,,,,,,,,,,,,,,,,,,,,
7130,71.300000,0.000000,0.000000,0.000000,1.000000,0.000000,0.000000,0.000000,57.698101,20.499701,-14.700500,0.047771,-0.013570,0.015998,-15.666301,-52.738201,18.801300,-93.396698,0.129960,17.611099,-0.200205,-0.482906,-0.688818,0.502244,1693.186157,1554.572998,-3500.844727,1694.843384,1473.822510,-3510.639648,1708.408325,1597.699707,-3527.735107,1672.983887,1505.978271,-3461.993896,1696.509033,1640.791992,-3503.010254,1694.937988,1473.857056,-3510.654541,1708.253784,1597.709473,-3527.704834,1672.932007,1506.091064,-3462.014893,1696.622192,1640.624268,-3503.002686,2616.279053,1567.724976,-3159.771240,,,,,,,,,,,,,,,,,,,,,,,,,,,,,,,,,
7131,71.310000,0.000000,0.000000,0.000000,1.000000,0.000000,0.000000,0.000000,57.698101,20.499701,-14.700500,0.047771,-0.013570,0.015998,-15.666301,-52.738201,18.801300,-93.396698,0.129960,17.611099,-0.199084,-0.483483,-0.688923,0.501991,1692.263184,1554.413940,-3502.125732,1694.013428,1473.667969,-3511.943115,1707.512939,1597.562500,-3528.965088,1672.009155,1505.788818,-3463.339844,1695.516968,1640.636475,-3504.254883,1694.064697,1473.672241,-3511.995850,1707.469849,1597.562378,-3528.956787,1671.987915,1505.977539,-3463.327881,1695.531006,1640.441650,-3504.217529,2616.267822,1567.757568,-3159.788086,,,,,,,,,,,,,,,,,,,,,,,,,,,,,,,,,
7132,71.320000,0.000000,0.000000,0.000000,1.000000,0.000000,0.000000,0.000000,57.698101,20.499701,-14.700500,0.047771,-0.013570,0.015998,-15.666301,-52.738201,18.801300,-93.396698,0.129960,17.611099,-0.198361,-0.483435,-0.689495,0.501538,1691.405640,1554.264038,-3503.465088,1693.130005,1473.528687,-3513.373779,1706.721069,1597.436035,-3530.229248,1671.063843,1505.604370,-3464.768555,1694.707642,1640.487305,-3505.488525,1693.176392,1473.537964,-3513.460449,1706.733521,1597.392700,-3530.268799,1671.034790,1505.793945,-3464.703857,1694.673218,1640.340576,-3505.416992,2616.288330,1567.744141,-3159.791992,,,,,,,,,,,,,,,,,,,,,,,,,,,,,,,,,
7133,71.330000,0.000000,0.000000,0.000000,1.000000,0.000000,0.000000,0.000000,57.698101,20.499701,-14.700500,0.047771,-0.013570,0.015998,-15.666301,-52.738201,18.801300,-93.396698,0.129960,17.611099,-0.198088,-0.483677,-0.689960,0.500773,1690.523560,1554.092285,-3504.777588,1692.169556,1473.355835,-3514.690918,1705.930298,1597.248779,-3531.514404,1670.065552,1505.452881,-3466.116943,1693.928589,1640.311890,-3506.788330,1692.175903,1473.308960,-3514.759521,1705.999878,1597.193604,-3531.575439,1670.082397,1505.716919,-3466.090576,1693.829590,1640.171387,-3506.671387,2616.287354,1567.744751,-3159.781738,,,,,,,,,,,,,,,,,,,,,,,,,,,,,,,,,
7134,71.340000,0.000000,0.000000,0.000000,1.000000,0.000000,0.000000,0.000000,57.698101,20.499701,-14.700500,0.047771,-0.013570,0.015998,-15.666301,-52.738201,18.801300,-93.396698,0.129960,17.611099,-0.198367,-0.483530,-0.690285,0.500355,1689.691284,1553.932739,-3506.093994,1691.237915,1473.195190,-3516.012939,1705.151245,1597.072266,-3532.827637,1669.173462,1505.315796,-3467.436768,1693.202515,1640.148193,-3508.098389,1691.234131,1473.145264,-3516.083984,1705.223267,1597.014771,-3532.860840,1669.202271,1505.566895,-3467.414795,1693.101807,1640.026001,-3508.006348,2616.272217,1567.734985,-3159.778320,,,,,,,,,,,,,,,,,,,,,,,,,,,,,,,,,
7135,71.350000,0.000000,0.000000,0.000000,1.000000,0.000000,0.000000,0.000000,57.698101,20.499701,-14.700500,0.047771,-0.013570,0.015998,-15.666301,-52.738201,18.801300,-93.396698,0.129960,17.611099,-0.198600,-0.482931,-0.690890,0.500007,1688.872070,1553.793823,-3507.458984,1690.290283,1473.064209,-3517.462402,1704.389648,1596.937012,-3534.153076,1668.292236,1505.168457,-3468.845215,1692.516113,1640.005737,-3509.374756,1690.297485,1473.065308,-3517.539551,1704.442017,1596.847900,-3534.167969,1668.323364,1505.457642,-3468.832275,1692.420532,1639.827637,-3509.283447,2616.281250,1567.753296,-3159.786865,,,,,,,,,,,,,,,,,,,,,,,,,,,,,,,,,
7136,71.360000,0.000000,0.000000,0.000000,1.000000,0.000000,0.000000,0.000000,57.698101,20.499701,-14.700500,0.047771,-0.013570,0.015998,-15.666301,-52.738201,18.801300,-93.396698,0.129960,17.611099,-0.198437,-0.482903,-0.691296,0.499538,1688.055542,1553.635254,-3508.782715,1689.408569,1472.908447,-3518.817871,1703.633789,1596.775269,-3535.446533,1667.400269,1505.012817,-3470.205322,1691.779297,1639.844482,-3510.660400,1689.404785,1472.970337,-3518.883545,1703.697998,1596.694580,-3535.461182,1667.434448,1505.248657,-3470.191162,1691.676514,1639.626953,-3510.583252,2616.264648,1567.765747,-3159.787842,,,,,,,,,,,,,,,,,,,,,,,,,,,,,,,,,
7137,71.370000,0.000000,0.000000,0.000000,1.000000,0.000000,0.000000,0.000000,57.698101,20.499701,-14.700500,0.047771,-0.013570,0.015998,-15.666301,-52.738201,18.801300,-93.396698,0.129960,17.611099,-0.198596,-0.482522,-0.691808,0.499133,1687.224121,1553.507324,-3510.046143,1688.465942,1472.785889,-3520.138184,1702.861694,1596.644531,-3536.679932,1666.502197,1504.886353,-3471.502930,1691.066650,1639.712769,-3511.863770,1688.477051,1472.838257,-3520.168945,1702.870361,1596.564575,-3536.682617,1666.532349,1505.104614,-3471.535889,1691.015015,1639.526855,-3511.792725,2616.298828,1567.767212,-3159.792480,,,,,,,,,,,,,,,,,,,,,,,,,,,,,,,,,
7138,71.380000,0.000000,0.000000,0.000000,1.000000,0.000000,0.000000,0.000000,57.698101,20.499701,-14.700500,0.047771,-0.013570,0.015998,-15.666301,-52.738201,18.801300,-93.396698,0.129960,17.611099,-0.197939,-0.482808,-0.692496,0.498163,1686.377075,1553.357178,-3511.355713,1687.539795,1472.639526,-3521.488281,1702.133911,1596.488647,-3537.928223,1665.500122,1504.742188,-3472.888672,1690.334351,1639.558594,-3513.117432,1687.546387,1472.707520,-3521.532959,1702.166748,1596.430298,-3537.942139,1665.516357,1504.901123,-3472.878906,1690.273926,1639.385864,-3513.062500,2616.271729,1567.721069,-3159.770508,,,,,,,,,,,,,,,,,,,,,,,,,,,,,,,,,
7139,71.390000,0.000000,0.000000,0.000000,1.000000,0.000000,0.000000,0.000000,57.698101,20.499701,-14.700500,0.047771,-0.013570,0.015998,-15.666301,-52.738201,18.801300,-93.396698,0.129960,17.611099,-0.198095,-0.482479,-0.692949,0.497790,1685.502197,1553.202393,-3512.635254,1686.564087,1472.489502,-3522.815186,1701.312622,1596.329834,-3539.182617,1664.564819,1504.590698,-3474.196777,1689.567139,1639.399780,-3514.346191,1686.571899,1472.512573,-3522.863037,1701.344971,1596.325562,-3539.197754,1664.566406,1504.710938,-3474.163086,1689.520996,1639.256226,-3514.310791,2616.314697,1567.757812,-3159.770752,,,,,,,,,,,,,,,,,,,,,,,,,,,,,,,,,
7140,71.400000,0.000000,0.000000,0.000000,1.000000,0.000000,0.000000,0.000000,57.698101,20.499701,-14.700500,0.047771,-0.013570,0.015998,-15.666301,-52.738201,18.801300,-93.396698,0.129960,17.611099,-0.198179,-0.481800,-0.693678,0.497398,1684.656494,1553.020630,-3513.871826,1685.586426,1472.320435,-3524.165527,1700.533569,1596.159546,-3540.360596,1663.645264,1504.389038,-3475.499268,1688.860596,1639.213623,-3515.462158,1685.615601,1472.332886,-3524.190674,1700.556030,1596.210938,-3540.451660,1663.603027,1504.422241,-3475.437744,1688.850586,1639.114258,-3515.406250,2616.310059,1567.755737,-3159.774414,,,,,,,,,,,,,,,,,,,,,,,,,,,,,,,,,
7141,71.410000,0.000000,0.000000,0.000000,1.000000,0.000000,0.000000,0.000000,57.698101,20.499701,-14.700500,0.047771,-0.013570,0.015998,-15.666301,-52.738201,18.801300,-93.396698,0.129960,17.611099,-0.197262,-0.482196,-0.694347,0.496444,1683.734253,1552.850952,-3515.168945,1684.617065,1472.156372,-3525.510742,1699.727783,1595.991455,-3541.585205,1662.567627,1504.215210,-3476.886963,1688.024780,1639.040894,-3516.692627,1684.636963,1472.127441,-3525.544189,1699.758179,1596.065796,-3541.653076,1662.529419,1504.236816,-3476.817627,1688.012329,1638.976807,-3516.660889,2616.281738,1567.731323,-3159.777344,,,,,,,,,,,,,,,,,,,,,,,,,,,,,,,,,
7142,71.420000,0.000000,0.000000,0.000000,1.000000,0.000000,0.000000,0.000000,57.698101,20.499701,-14.700500,0.047771,-0.013570,0.015998,-15.666301,-52.738201,18.801300,-93.396698,0.129960,17.611099,-0.197561,-0.481456,-0.694903,0.496266,1682.885742,1552.654175,-3516.413818,1683.649414,1471.970947,-3526.853027,1698.918579,1595.804199,-3542.790771,1661.681152,1504.001831,-3478.174072,1687.293945,1638.839966,-3517.837891,1683.691406,1471.893799,-3526.894043,1698.929321,1595.930298,-3542.882324,1661.609375,1503.988647,-3478.072266,1687.310913,1638.811279,-3517.810303,2616.282715,1567.784912,-3159.782715,,,,,,,,,,,,,,,,,,,,,,,,,,,,,,,,,
7143,71.430000,0.000000,0.000000,0.000000,1.000000,0.000000,0.000000,0.000000,57.698101,20.499701,-14.700500,0.047771,-0.013570,0.015998,-15.666301,-52.738201,18.801300,-93.396698,0.129960,17.611099,-0.197478,-0.480790,-0.695629,0.495927,1682.023315,1552.460205,-3517.712646,1682.676636,1471.792480,-3528.278564,1698.117310,1595.629517,-3544.020508,1660.748901,1503.776978,-3479.550537,1686.550171,1638.641968,-3519.000488,1682.731445,1471.670166,-3528.329590,1698.104492,1595.776367,-3544.093994,1660.655518,1503.713623,-3479.425537,1686.595825,1638.678955,-3518.999512,2616.296875,1567.773071,-3159.798096,,,,,,,,,,,,,,,,,,,,,,,,,,,,,,,,,
7144,71.440000,0.000000,0.000000,0.000000,1.000000,0.000000,0.000000,0.000000,57.698101,20.499701,-14.700500,0.047771,-0.013570,0.015998,-15.666301,-52.738201,18.801300,-93.396698,0.129960,17.611099,-0.197383,-0.480064,-0.696493,0.495456,1681.131226,1552.271729,-3519.025635,1681.649048,1471.621582,-3529.732422,1697.304321,1595.459473,-3545.254395,1659.765991,1503.558228,-3480.953125,1685.805420,1638.447754,-3520.161865,1681.684326,1471.491333,-3529.779297,1697.334229,1595.673096,-3545.356445,1659.672852,1503.471436,-3480.807617,1685.829102,1638.461304,-3520.160400,2616.315674,1567.743042,-3159.766113,,,,,,,,,,,,,,,,,,,,,,,,,,,,,,,,,
7145,71.450000,0.000000,0.000000,0.000000,1.000000,0.000000,0.000000,0.000000,57.698101,20.499701,-14.700500,0.047771,-0.013570,0.015998,-15.666301,-52.738201,18.801300,-93.396698,0.129960,17.611099,-0.197626,-0.479282,-0.697154,0.495185,1680.286865,1552.081055,-3520.350098,1680.671387,1471.445068,-3531.168457,1696.512451,1595.279419,-3546.529297,1658.867432,1503.348999,-3482.332275,1685.096191,1638.251221,-3521.370850,1680.668091,1471.290894,-3531.166260,1696.566406,1595.520142,-3546.632324,1658.802979,1503.204224,-3482.231201,1685.111572,1638.320068,-3521.376221,2616.306152,1567.752319,-3159.764648,,,,,,,,,,,,,,,,,,,,,,,,,,,,,,,,,
7146,71.460000,0.000000,0.000000,0.000000,1.000000,0.000000,0.000000,0.000000,57.698101,20.499701,-14.700500,0.047771,-0.013570,0.015998,-15.666301,-52.738201,18.801300,-93.396698,0.129960,17.611099,-0.197676,-0.478552,-0.697627,0.495206,1679.391846,1551.927246,-3521.718994,1679.707031,1471.306519,-3532.652588,1695.634644,1595.150391,-3547.846436,1657.958374,1503.157349,-3483.757324,1684.267334,1638.094849,-3522.619385,1679.682373,1471.224976,-3532.641602,1695.712280,1595.402100,-3547.922607,1657.909912,1502.975220,-3483.658203,1684.268799,1638.122437,-3522.651855,2616.283936,1567.745483,-3159.773438,,,,,,,,,,,,,,,,,,,,,,,,,,,,,,,,,
7147,71.470000,0.000000,0.000000,0.000000,1.000000,0.000000,0.000000,0.000000,57.698101,20.499701,-14.700500,0.047771,-0.013570,0.015998,-15.666301,-52.738201,18.801300,-93.396698,0.129960,17.611099,-0.197586,-0.477845,-0.698262,0.495030,1678.537476,1551.791504,-3523.098145,1678.764893,1471.188354,-3534.162109,1694.822266,1595.039429,-3549.158447,1657.057861,1502.983398,-3485.212158,1683.504761,1637.955322,-3523.860107,1678.814331,1471.059692,-3534.189941,1694.814819,1595.241333,-3549.263428,1656.938232,1502.814087,-3485.063721,1683.570312,1638.048462,-3523.869385,2616.268555,1567.752930,-3159.783447,,,,,,,,,,,,,,,,,,,,,,,,,,,,,,,,,
7148,71.480000,0.000000,0.000000,0.000000,1.000000,0.000000,0.000000,0.000000,57.698101,20.499701,-14.700500,0.047771,-0.013570,0.015998,-15.666301,-52.738201,18.801300,-93.396698,0.129960,17.611099,-0.197559,-0.477389,-0.698705,0.494855,1677.710083,1551.656616,-3524.524414,1677.869141,1471.064575,-3535.670166,1694.029297,1594.917358,-3550.541748,1656.192139,1502.827881,-3486.686523,1682.749512,1637.816895,-3525.199219,1677.945435,1470.890503,-3535.751465,1694.019775,1595.130493,-3550.647217,1656.046265,1502.704102,-3486.482910,1682.813965,1637.891602,-3525.206055,2616.281006,1567.729248,-3159.779785,,,,,,,,,,,,,,,,,,,,,,,,,,,,,,,,,
7149,71.490000,0.000000,0.000000,0.000000,1.000000,0.000000,0.000000,0.000000,57.698101,20.499701,-14.700500,0.047771,-0.013570,0.015998,-15.666301,-52.738201,18.801300,-93.396698,0.129960,17.611099,-0.197947,-0.476981,-0.699035,0.494627,1676.853882,1551.533447,-3525.965332,1676.911499,1470.945801,-3537.144531,1693.208496,1594.785645,-3551.974609,1655.301270,1502.714600,-3488.134277,1681.994263,1637.687988,-3526.607422,1677.008789,1470.801270,-3537.235107,1693.158447,1594.965210,-3552.047119,1655.163208,1502.662476,-3487.958252,1682.073853,1637.702637,-3526.615723,2616.267578,1567.717285,-3159.771729,,,,,,,,,,,,,,,,,,,,,,,,,,,,,,,,,
7150,71.500000,0.000000,0.000000,0.000000,1.000000,0.000000,0.000000,0.000000,57.698101,20.499701,-14.700500,0.047771,-0.013570,0.015998,-15.666301,-52.738201,18.801300,-93.396698,0.129960,17.611099,-0.198754,-0.475915,-0.699552,0.494599,1676.029297,1551.472900,-3527.458252,1675.924561,1470.898560,-3538.731934,1692.408569,1594.727051,-3553.448730,1654.465454,1502.647217,-3489.642578,1681.318726,1637.619019,-3528.009766,1676.032471,1470.898804,-3538.791260,1692.329834,1594.831055,-3553.530029,1654.331299,1502.598999,-3489.504150,1681.412598,1637.563477,-3528.001465,2616.291016,1567.729126,-3159.770264,,,,,,,,,,,,,,,,,,,,,,,,,,,,,,,,,
7151,71.510000,0.000000,0.000000,0.000000,1.000000,0.000000,0.000000,0.000000,57.698101,20.499701,-14.700500,0.047771,-0.013570,0.015998,-15.666301,-52.738201,18.801300,-93.396698,0.129960,17.611099,-0.199503,-0.475282,-0.699782,0.494582,1675.202515,1551.445557,-3528.966309,1674.982056,1470.875366,-3540.268066,1691.593628,1594.689087,-3554.967041,1653.638306,1502.632568,-3491.134277,1680.595825,1637.585571,-3529.495117,1675.084839,1470.900024,-3540.352051,1691.545410,1594.771362,-3555.046875,1653.503784,1502.586182,-3490.963867,1680.665161,1637.523560,-3529.490234,2616.288330,1567.766235,-3159.782715,,,,,,,,,,,,,,,,,,,,,,,,,,,,,,,,,
7152,71.520000,0.000000,0.000000,0.000000,1.000000,0.000000,0.000000,0.000000,57.698101,20.499701,-14.700500,0.047771,-0.013570,0.015998,-15.666301,-52.738201,18.801300,-93.396698,0.129960,17.611099,-0.200268,-0.475001,-0.700001,0.494233,1674.321411,1551.416260,-3530.472900,1673.966064,1470.843140,-3541.751221,1690.755127,1594.626953,-3556.501709,1652.717285,1502.647705,-3492.606689,1679.847290,1637.547607,-3531.032471,1674.075195,1470.890015,-3541.826904,1690.699341,1594.643188,-3556.596436,1652.592773,1502.629517,-3492.464600,1679.911621,1637.504028,-3530.997559,2616.266846,1567.789062,-3159.804199,,,,,,,,,,,,,,,,,,,,,,,,,,,,,,,,,
7153,71.530000,0.000000,0.000000,0.000000,1.000000,0.000000,0.000000,0.000000,57.698101,20.499701,-14.700500,0.047771,-0.013570,0.015998,-15.666301,-52.738201,18.801300,-93.396698,0.129960,17.611099,-0.200758,-0.474899,-0.700197,0.493854,1673.508545,1551.421509,-3532.003906,1673.050049,1470.845459,-3543.257324,1689.986328,1594.603760,-3558.051514,1651.857544,1502.691284,-3494.114990,1679.140259,1637.545654,-3532.591797,1673.180908,1470.924927,-3543.323486,1689.885376,1594.627808,-3558.126465,1651.705566,1502.601807,-3493.965820,1679.252686,1637.527344,-3532.589844,2616.226074,1567.744141,-3159.802979,,,,,,,,,,,,,,,,,,,,,,,,,,,,,,,,,
7154,71.540000,0.000000,0.000000,0.000000,1.000000,0.000000,0.000000,0.000000,57.698101,20.499701,-14.700500,0.047771,-0.013570,0.015998,-15.666301,-52.738201,18.801300,-93.396698,0.129960,17.611099,-0.201551,-0.474525,-0.700235,0.493837,1672.691895,1551.441772,-3533.529297,1672.139526,1470.863647,-3544.763428,1689.173584,1594.602173,-3559.610840,1651.048828,1502.741089,-3495.597900,1678.405762,1637.560425,-3534.145020,1672.260986,1470.937744,-3544.807617,1689.086792,1594.660034,-3559.723877,1650.895386,1502.636475,-3495.453369,1678.511230,1637.527832,-3534.124268,2616.280273,1567.798706,-3159.796875,,,,,,,,,,,,,,,,,,,,,,,,,,,,,,,,,
7155,71.550000,0.000000,0.000000,0.000000,1.000000,0.000000,0.000000,0.000000,57.698101,20.499701,-14.700500,0.047771,-0.013570,0.015998,-15.666301,-52.738201,18.801300,-93.396698,0.129960,17.611099,-0.201821,-0.474951,-0.700121,0.493478,1671.866821,1551.443237,-3535.047363,1671.279907,1470.852905,-3546.191406,1688.377563,1594.566650,-3561.171387,1650.187866,1502.795166,-3497.068604,1677.621582,1637.558350,-3535.757568,1671.389282,1470.891846,-3546.263428,1688.306274,1594.650635,-3561.239990,1650.037109,1502.685791,-3496.894775,1677.718628,1637.535278,-3535.774658,2616.284180,1567.774902,-3159.788818,,,,,,,,,,,,,,,,,,,,,,,,,,,,,,,,,
7156,71.560000,0.000000,0.000000,0.000000,1.000000,0.000000,0.000000,0.000000,57.698101,20.499701,-14.700500,0.047771,-0.013570,0.015998,-15.666301,-52.738201,18.801300,-93.396698,0.129960,17.611099,-0.202028,-0.475289,-0.699961,0.493295,1671.061890,1551.424683,-3536.512939,1670.463867,1470.824463,-3547.584229,1687.583618,1594.521851,-3562.673340,1649.369385,1502.814575,-3498.493652,1676.830566,1637.538330,-3537.299805,1670.572876,1470.800537,-3547.626953,1687.475342,1594.632812,-3562.732422,1649.222778,1502.692383,-3498.360840,1676.961426,1637.567871,-3537.322021,2616.287598,1567.740967,-3159.768555,,,,,,,,,,,,,,,,,,,,,,,,,,,,,,,,,
7157,71.570000,0.000000,0.000000,0.000000,1.000000,0.000000,0.000000,0.000000,57.698101,20.499701,-14.700500,0.047771,-0.013570,0.015998,-15.666301,-52.738201,18.801300,-93.396698,0.129960,17.611099,-0.202191,-0.475421,-0.700008,0.493033,1670.296875,1551.384888,-3537.968506,1669.659424,1470.780518,-3549.007080,1686.845337,1594.463013,-3564.143555,1648.572876,1502.801270,-3499.933350,1676.109985,1637.495117,-3538.789551,1669.770020,1470.746460,-3549.042969,1686.744751,1594.586914,-3564.237305,1648.411621,1502.652954,-3499.787354,1676.241699,1637.545044,-3538.795654,2616.303467,1567.713623,-3159.761963,,,,,,,,,,,,,,,,,,,,,,,,,,,,,,,,,
7158,71.580000,0.000000,0.000000,0.000000,1.000000,0.000000,0.000000,0.000000,57.698101,20.499701,-14.700500,0.047771,-0.013570,0.015998,-15.666301,-52.738201,18.801300,-93.396698,0.129960,17.611099,-0.202783,-0.475558,-0.699692,0.493107,1669.512207,1551.328369,-3539.382812,1668.857300,1470.712524,-3550.336914,1686.041138,1594.377563,-3565.617920,1647.817627,1502.786621,-3501.277344,1675.332397,1637.437256,-3540.299316,1668.948975,1470.628052,-3550.379395,1685.944946,1594.440186,-3565.653809,1647.704468,1502.696777,-3501.179199,1675.449951,1637.547485,-3540.316162,2616.320801,1567.734131,-3159.754883,,,,,,,,,,,,,,,,,,,,,,,,,,,,,,,,,
7159,71.590000,0.000000,0.000000,0.000000,1.000000,0.000000,0.000000,0.000000,57.698101,20.499701,-14.700500,0.047771,-0.013570,0.015998,-15.666301,-52.738201,18.801300,-93.396698,0.129960,17.611099,-0.202518,-0.476300,-0.699549,0.492703,1668.716064,1551.232178,-3540.774658,1668.087280,1470.604492,-3551.642578,1685.276978,1594.255249,-3567.032227,1646.973389,1502.728760,-3502.647949,1674.526733,1637.340820,-3541.775146,1668.162354,1470.446167,-3551.649658,1685.179932,1594.354126,-3567.072510,1646.884766,1502.655396,-3502.598389,1674.643921,1637.473755,-3541.778564,2616.282227,1567.751099,-3159.771729,,,,,,,,,,,,,,,,,,,,,,,,,,,,,,,,,
7160,71.600000,0.000000,0.000000,0.000000,1.000000,0.000000,0.000000,0.000000,57.698101,20.499701,-14.700500,0.047771,-0.013570,0.015998,-15.666301,-52.738201,18.801300,-93.396698,0.129960,17.611099,-0.202757,-0.476321,-0.699628,0.492471,1667.912354,1551.171875,-3542.126465,1667.232788,1470.541504,-3552.971680,1684.498413,1594.177124,-3568.397217,1646.141724,1502.692749,-3503.984619,1673.776367,1637.276489,-3543.151855,1667.339478,1470.383545,-3553.010986,1684.385132,1594.269897,-3568.452881,1646.034546,1502.678955,-3503.910889,1673.894287,1637.349854,-3543.133789,2616.306641,1567.711060,-3159.771729,,,,,,,,,,,,,,,,,,,,,,,,,,,,,,,,,
7161,71.610000,0.000000,0.000000,0.000000,1.000000,0.000000,0.000000,0.000000,57.698101,20.499701,-14.700500,0.047771,-0.013570,0.015998,-15.666301,-52.738201,18.801300,-93.396698,0.129960,17.611099,-0.202628,-0.476838,-0.699801,0.491779,1667.083374,1551.154785,-3543.463623,1666.354126,1470.517212,-3554.252441,1683.741455,1594.127930,-3569.741699,1645.219604,1502.720337,-3505.318359,1673.018311,1637.253906,-3544.542236,1666.466675,1470.452515,-3554.321289,1683.620361,1594.153442,-3569.750488,1645.118896,1502.737549,-3505.235596,1673.127686,1637.274292,-3544.547607,2616.338135,1567.771118,-3159.763184,,,,,,,,,,,,,,,,,,,,,,,,,,,,,,,,,
7162,71.620000,0.000000,0.000000,0.000000,1.000000,0.000000,0.000000,0.000000,57.698101,20.499701,-14.700500,0.047771,-0.013570,0.015998,-15.666301,-52.738201,18.801300,-93.396698,0.129960,17.611099,-0.202712,-0.477405,-0.700048,0.490841,1666.256470,1551.113647,-3544.780273,1665.429077,1470.466187,-3555.487793,1683.012573,1594.036499,-3571.078125,1644.269775,1502.749023,-3506.617188,1672.314087,1637.203125,-3545.937988,1665.523682,1470.351807,-3555.523682,1682.874146,1594.008789,-3571.064697,1644.211182,1502.812256,-3506.610107,1672.419434,1637.277344,-3545.923096,2616.274414,1567.741455,-3159.773682,,,,,,,,,,,,,,,,,,,,,,,,,,,,,,,,,
7163,71.630000,0.000000,0.000000,0.000000,1.000000,0.000000,0.000000,0.000000,57.698101,20.499701,-14.700500,0.047771,-0.013570,0.015998,-15.666301,-52.738201,18.801300,-93.396698,0.129960,17.611099,-0.203318,-0.476887,-0.700220,0.490849,1665.425415,1551.069214,-3546.047363,1664.507935,1470.425903,-3556.777832,1682.188110,1593.984009,-3572.354004,1643.442505,1502.713989,-3507.870117,1671.562988,1637.153442,-3547.187256,1664.636108,1470.390503,-3556.836914,1682.039917,1593.941772,-3572.382080,1643.357056,1502.838623,-3507.834717,1671.664307,1637.108154,-3547.137451,2616.292725,1567.731079,-3159.779541,,,,,,,,,,,,,,,,,,,,,,,,,,,,,,,,,
7164,71.640000,0.000000,0.000000,0.000000,1.000000,0.000000,0.000000,0.000000,57.698101,20.499701,-14.700500,0.047771,-0.013570,0.015998,-15.666301,-52.738201,18.801300,-93.396698,0.129960,17.611099,-0.203553,-0.476753,-0.700432,0.490579,1664.599731,1551.014404,-3547.340820,1663.611328,1470.372314,-3558.075195,1681.396484,1593.915894,-3573.647461,1642.579590,1502.676392,-3509.163330,1670.811646,1637.093262,-3548.477295,1663.741455,1470.430664,-3558.124268,1681.232056,1593.817749,-3573.655762,1642.507080,1502.803223,-3509.150879,1670.912964,1637.003418,-3548.432861,2616.318604,1567.711792,-3159.766602,,,,,,,,,,,,,,,,,,,,,,,,,,,,,,,,,
7165,71.650000,0.000000,0.000000,0.000000,1.000000,0.000000,0.000000,0.000000,57.698101,20.499701,-14.700500,0.047771,-0.013570,0.015998,-15.666301,-52.738201,18.801300,-93.396698,0.129960,17.611099,-0.203852,-0.476363,-0.700752,0.490377,1663.821533,1550.964844,-3548.616943,1662.744141,1470.328979,-3559.389160,1680.650391,1593.861450,-3574.911133,1641.769287,1502.631470,-3510.452148,1670.122437,1637.037720,-3549.715332,1662.890137,1470.429932,-3559.448242,1680.450806,1593.719971,-3574.885986,1641.698975,1502.781616,-3510.448975,1670.236938,1636.921875,-3549.683594,2616.306641,1567.730713,-3159.745117,,,,,,,,,,,,,,,,,,,,,,,,,,,,,,,,,
7166,71.660000,0.000000,0.000000,0.000000,1.000000,0.000000,0.000000,0.000000,57.698101,20.499701,-14.700500,0.047771,-0.013570,0.015998,-15.666301,-52.738201,18.801300,-93.396698,0.129960,17.611099,-0.204429,-0.475459,-0.701048,0.490591,1662.990479,1550.888306,-3549.867676,1661.820435,1470.265015,-3560.724121,1679.811523,1593.797729,-3576.145996,1640.962158,1502.534180,-3511.715088,1669.367676,1636.956543,-3550.885498,1661.965210,1470.395386,-3560.772949,1679.583618,1593.603027,-3576.088623,1640.915527,1502.748291,-3511.758301,1669.479736,1636.796997,-3550.847412,2616.271240,1567.715332,-3159.773682,,,,,,,,,,,,,,,,,,,,,,,,,,,,,,,,,
7167,71.670000,0.000000,0.000000,0.000000,1.000000,0.000000,0.000000,0.000000,57.698101,20.499701,-14.700500,0.047771,-0.013570,0.015998,-15.666301,-52.738201,18.801300,-93.396698,0.129960,17.611099,-0.204211,-0.475489,-0.701373,0.490188,1662.212280,1550.816406,-3551.107910,1660.997925,1470.197388,-3561.990723,1679.084106,1593.722900,-3577.358154,1640.119263,1502.464844,-3512.989502,1668.647583,1636.880737,-3552.092773,1661.134155,1470.378418,-3561.996826,1678.864868,1593.539429,-3577.329346,1640.082520,1502.649170,-3513.064453,1668.759155,1636.687500,-3552.038818,2616.303711,1567.718750,-3159.764893,,,,,,,,,,,,,,,,,,,,,,,,,,,,,,,,,
7168,71.680000,0.000000,0.000000,0.000000,1.000000,0.000000,0.000000,0.000000,57.698101,20.499701,-14.700500,0.047771,-0.013570,0.015998,-15.666301,-52.738201,18.801300,-93.396698,0.129960,17.611099,-0.204491,-0.474718,-0.701846,0.490140,1661.420654,1550.731445,-3552.353516,1660.106812,1470.127319,-3563.335205,1678.316528,1593.651611,-3578.566162,1639.308716,1502.357422,-3514.275146,1667.950928,1636.789673,-3553.238037,1660.276733,1470.315308,-3563.379150,1678.071655,1593.394165,-3578.554199,1639.248291,1502.565674,-3514.316650,1668.067139,1636.635376,-3553.166016,2616.281250,1567.743286,-3159.775146,,,,,,,,,,,,,,,,,,,,,,,,,,,,,,,,,
7169,71.690000,0.000000,0.000000,0.000000,1.000000,0.000000,0.000000,0.000000,57.698101,20.499701,-14.700500,0.047771,-0.013570,0.015998,-15.666301,-52.738201,18.801300,-93.396698,0.129960,17.611099,-0.204866,-0.473774,-0.702226,0.490354,1660.668823,1550.687256,-3553.621826,1659.272705,1470.099854,-3564.714600,1677.560303,1593.630493,-3579.799072,1638.574341,1502.277710,-3515.578125,1667.267944,1636.741455,-3554.395020,1659.410278,1470.236084,-3564.759521,1677.315063,1593.383057,-3579.708496,1638.543091,1502.489624,-3515.640625,1667.376953,1636.622437,-3554.369873,2616.269287,1567.752197,-3159.783936,,,,,,,,,,,,,,,,,,,,,,,,,,,,,,,,,
7170,71.700000,0.000000,0.000000,0.000000,1.000000,0.000000,0.000000,0.000000,57.698101,20.499701,-14.700500,0.047771,-0.013570,0.015998,-15.666301,-52.738201,18.801300,-93.396698,0.129960,17.611099,-0.204433,-0.473532,-0.702669,0.490134,1659.840332,1550.636353,-3554.853516,1658.417969,1470.061768,-3566.035400,1676.770264,1593.600952,-3580.970947,1637.696167,1502.194702,-3516.879639,1666.477051,1636.688354,-3555.527344,1658.523682,1470.149170,-3566.015381,1676.543701,1593.439331,-3580.914307,1637.683716,1502.387695,-3517.001465,1666.588501,1636.562988,-3555.484375,2616.289307,1567.745361,-3159.773926,,,,,,,,,,,,,,,,,,,,,,,,,,,,,,,,,
7171,71.710000,0.000000,0.000000,0.000000,1.000000,0.000000,0.000000,0.000000,57.698101,20.499701,-14.700500,0.047771,-0.013570,0.015998,-15.666301,-52.738201,18.801300,-93.396698,0.129960,17.611099,-0.204516,-0.472835,-0.702978,0.490329,1659.005859,1550.600952,-3556.143311,1657.542236,1470.041138,-3567.426514,1675.930298,1593.592041,-3582.220703,1636.875122,1502.119873,-3518.211914,1665.675903,1636.651123,-3556.713867,1657.637207,1470.063110,-3567.422607,1675.735596,1593.496948,-3582.170410,1636.846436,1502.246460,-3518.283936,1665.787231,1636.592163,-3556.694336,2616.289307,1567.736816,-3159.776123,,,,,,,,,,,,,,,,,,,,,,,,,,,,,,,,,
7172,71.720000,0.000000,0.000000,0.000000,1.000000,0.000000,0.000000,0.000000,57.698101,20.499701,-14.700500,0.047771,-0.013570,0.015998,-15.666301,-52.738201,18.801300,-93.396698,0.129960,17.611099,-0.204344,-0.472081,-0.703511,0.490362,1658.175537,1550.613647,-3557.434326,1656.658203,1470.074585,-3568.857666,1675.118652,1593.639771,-3583.441895,1636.026367,1502.080078,-3519.580811,1664.899048,1636.660400,-3557.856445,1656.738892,1470.018677,-3568.864258,1674.962402,1593.574097,-3583.409180,1636.000000,1502.207275,-3519.635986,1664.990723,1636.655640,-3557.828369,2616.315674,1567.720215,-3159.767334,,,,,,,,,,,,,,,,,,,,,,,,,,,,,,,,,
7173,71.730000,0.000000,0.000000,0.000000,1.000000,0.000000,0.000000,0.000000,57.698101,20.499701,-14.700500,0.047771,-0.013570,0.015998,-15.666301,-52.738201,18.801300,-93.396698,0.129960,17.611099,-0.204278,-0.471764,-0.703963,0.490046,1657.359375,1550.638794,-3558.785889,1655.768066,1470.110474,-3570.274902,1674.350342,1593.669678,-3584.754395,1635.153809,1502.095947,-3520.977539,1664.165161,1636.679565,-3559.136963,1655.848877,1469.993042,-3570.287109,1674.193848,1593.624512,-3584.715332,1635.130859,1502.249390,-3521.036865,1664.257080,1636.690674,-3559.106445,2616.292480,1567.754761,-3159.764160,,,,,,,,,,,,,,,,,,,,,,,,,,,,,,,,,
7174,71.740000,0.000000,0.000000,0.000000,1.000000,0.000000,0.000000,0.000000,57.698101,20.499701,-14.700500,0.047771,-0.013570,0.015998,-15.666301,-52.738201,18.801300,-93.396698,0.129960,17.611099,-0.205091,-0.471039,-0.704166,0.490112,1656.496582,1550.685547,-3560.171875,1654.790039,1470.164185,-3571.693359,1673.490112,1593.708008,-3586.152344,1634.303711,1502.151733,-3522.344238,1663.402100,1636.718384,-3560.497314,1654.820801,1469.929932,-3571.684082,1673.361694,1593.685791,-3586.059814,1634.335693,1502.334839,-3522.462158,1663.467407,1636.783203,-3560.486572,2616.310791,1567.737549,-3159.766357,,,,,,,,,,,,,,,,,,,,,,,,,,,,,,,,,
7175,71.750000,0.000000,0.000000,0.000000,1.000000,0.000000,0.000000,0.000000,57.698101,20.499701,-14.700500,0.047771,-0.013570,0.015998,-15.666301,-52.738201,18.801300,-93.396698,0.129960,17.611099,-0.205256,-0.470250,-0.704776,0.489924,1655.636108,1550.753296,-3561.554688,1653.814819,1470.251099,-3573.191650,1672.672485,1593.790527,-3587.482910,1633.399902,1502.194702,-3523.784424,1662.656982,1636.777222,-3561.759766,1653.843262,1470.109863,-3573.192871,1672.579468,1593.722046,-3587.430420,1633.433350,1502.392944,-3523.884033,1662.688965,1636.800049,-3561.721680,2616.312988,1567.716797,-3159.757324,,,,,,,,,,,,,,,,,,,,,,,,,,,,,,,,,
7176,71.760000,0.000000,0.000000,0.000000,1.000000,0.000000,0.000000,0.000000,57.698101,20.499701,-14.700500,0.047771,-0.013570,0.015998,-15.666301,-52.738201,18.801300,-93.396698,0.129960,17.611099,-0.205578,-0.469879,-0.705104,0.489673,1654.701782,1550.827148,-3562.988281,1652.784302,1470.331787,-3574.657471,1671.775391,1593.855713,-3588.906250,1632.427734,1502.278198,-3525.228027,1661.819946,1636.843140,-3563.161133,1652.833618,1470.303955,-3574.654541,1671.627441,1593.714233,-3588.821777,1632.457397,1502.481201,-3525.347168,1661.874268,1636.819092,-3563.135254,2616.310303,1567.757812,-3159.765137,,,,,,,,,,,,,,,,,,,,,,,,,,,,,,,,,
7177,71.770000,0.000000,0.000000,0.000000,1.000000,0.000000,0.000000,0.000000,57.698101,20.499701,-14.700500,0.047771,-0.013570,0.015998,-15.666301,-52.738201,18.801300,-93.396698,0.129960,17.611099,-0.205726,-0.469925,-0.705319,0.489256,1653.759277,1550.921997,-3564.451904,1651.771484,1470.426392,-3576.107422,1670.880493,1593.930298,-3590.372314,1631.428589,1502.400269,-3526.690186,1660.956421,1636.931396,-3564.637695,1651.835327,1470.462036,-3576.113525,1670.717896,1593.743530,-3590.285400,1631.449707,1502.601318,-3526.796875,1661.013794,1636.879272,-3564.612549,2616.298096,1567.752563,-3159.788574,,,,,,,,,,,,,,,,,,,,,,,,,,,,,,,,,
7178,71.780000,0.000000,0.000000,0.000000,1.000000,0.000000,0.000000,0.000000,57.698101,20.499701,-14.700500,0.047771,-0.013570,0.015998,-15.666301,-52.738201,18.801300,-93.396698,0.129960,17.611099,-0.205522,-0.469973,-0.705671,0.488788,1652.807983,1551.000122,-3565.941162,1650.767212,1470.509277,-3577.620361,1669.987061,1594.001709,-3591.833984,1630.404053,1502.485840,-3528.213135,1660.073486,1637.003784,-3566.096924,1650.810791,1470.536011,-3577.648193,1669.919678,1593.873535,-3591.812988,1630.426147,1502.708740,-3528.266357,1660.073120,1636.896484,-3566.038818,2616.259033,1567.760864,-3159.800049,,,,,,,,,,,,,,,,,,,,,,,,,,,,,,,,,
7179,71.790000,0.000000,0.000000,0.000000,1.000000,0.000000,0.000000,0.000000,57.698101,20.499701,-14.700500,0.047771,-0.013570,0.015998,-15.666301,-52.738201,18.801300,-93.396698,0.129960,17.611099,-0.205014,-0.470202,-0.706064,0.488214,1651.864502,1551.077515,-3567.458984,1649.792847,1470.591553,-3579.166504,1669.112915,1594.076416,-3593.310547,1629.368530,1502.565674,-3529.782715,1659.183716,1637.076660,-3567.576660,1649.831665,1470.624146,-3579.214600,1669.081177,1593.937256,-3593.311523,1629.390747,1502.805420,-3529.805908,1659.153076,1636.958618,-3567.501709,2616.250732,1567.758545,-3159.797852,,,,,,,,,,,,,,,,,,,,,,,,,,,,,,,,,
7180,71.800000,0.000000,0.000000,0.000000,1.000000,0.000000,0.000000,0.000000,57.698101,20.499701,-14.700500,0.047771,-0.013570,0.015998,-15.666301,-52.738201,18.801300,-93.396698,0.129960,17.611099,-0.205132,-0.470265,-0.705808,0.488474,1650.849854,1551.189575,-3569.014648,1648.815552,1470.698486,-3580.693604,1668.063599,1594.188843,-3594.888428,1628.396729,1502.678467,-3531.311523,1658.123413,1637.192627,-3569.164551,1648.829346,1470.723022,-3580.721191,1668.040527,1594.112915,-3594.851562,1628.451904,1502.946655,-3531.373535,1658.079834,1636.992676,-3569.114746,2616.302002,1567.751221,-3159.781982,,,,,,,,,,,,,,,,,,,,,,,,,,,,,,,,,
7181,71.810000,0.000000,0.000000,0.000000,1.000000,0.000000,0.000000,0.000000,57.698101,20.499701,-14.700500,0.047771,-0.013570,0.015998,-15.666301,-52.738201,18.801300,-93.396698,0.129960,17.611099,-0.204464,-0.470834,-0.705521,0.488621,1649.711304,1551.346924,-3570.553711,1647.800049,1470.848999,-3582.206299,1666.899048,1594.360107,-3596.421631,1627.276733,1502.819214,-3532.861328,1656.868896,1637.359619,-3570.725586,1647.767456,1470.791504,-3582.192871,1666.944580,1594.414551,-3596.437744,1627.331787,1502.978516,-3532.912842,1656.799805,1637.203003,-3570.671387,2616.315186,1567.746460,-3159.766602,,,,,,,,,,,,,,,,,,,,,,,,,,,,,,,,,
7182,71.820000,0.000000,0.000000,0.000000,1.000000,0.000000,0.000000,0.000000,57.698101,20.499701,-14.700500,0.047771,-0.013570,0.015998,-15.666301,-52.738201,18.801300,-93.396698,0.129960,17.611099,-0.204168,-0.470806,-0.705068,0.489424,1648.519775,1551.541138,-3572.143555,1646.750732,1471.042480,-3583.813477,1665.614014,1594.591797,-3598.010986,1626.195679,1502.963379,-3534.449707,1655.518677,1637.566895,-3572.299805,1646.709473,1470.924072,-3583.821533,1665.688354,1594.714600,-3598.031738,1626.216797,1503.013672,-3534.436279,1655.466675,1637.513550,-3572.286377,2616.334229,1567.753174,-3159.751709,,,,,,,,,,,,,,,,,,,,,,,,,,,,,,,,,
7183,71.830000,0.000000,0.000000,0.000000,1.000000,0.000000,0.000000,0.000000,57.698101,20.499701,-14.700500,0.047771,-0.013570,0.015998,-15.666301,-52.738201,18.801300,-93.396698,0.129960,17.611099,-0.204158,-0.471081,-0.704703,0.489691,1647.331665,1551.776001,-3573.736572,1645.630005,1471.268921,-3585.357178,1664.386108,1594.825562,-3599.632568,1625.053467,1503.202393,-3536.010498,1654.257080,1637.807617,-3573.946289,1645.532837,1471.013062,-3585.348145,1664.486938,1594.966919,-3599.609131,1625.122925,1503.286377,-3536.045410,1654.180542,1637.815430,-3573.942139,2616.342041,1567.716064,-3159.754395,,,,,,,,,,,,,,,,,,,,,,,,,,,,,,,,,
7184,71.840000,0.000000,0.000000,0.000000,1.000000,0.000000,0.000000,0.000000,57.698101,20.499701,-14.700500,0.047771,-0.013570,0.015998,-15.666301,-52.738201,18.801300,-93.396698,0.129960,17.611099,-0.203713,-0.471691,-0.704597,0.489440,1646.113770,1552.021240,-3575.320312,1644.462280,1471.506104,-3586.892578,1663.186890,1595.061646,-3601.218994,1623.802368,1503.461914,-3537.595215,1653.003418,1638.055664,-3575.573975,1644.368530,1471.289307,-3586.880371,1663.320557,1595.221069,-3601.250977,1623.863281,1503.548950,-3537.613281,1652.903931,1638.017456,-3575.538086,2616.317871,1567.735840,-3159.760742,,,,,,,,,,,,,,,,,,,,,,,,,,,,,,,,,
7185,71.850000,0.000000,0.000000,0.000000,1.000000,0.000000,0.000000,0.000000,57.698101,20.499701,-14.700500,0.047771,-0.013570,0.015998,-15.666301,-52.738201,18.801300,-93.396698,0.129960,17.611099,-0.203179,-0.472517,-0.704498,0.489008,1644.882690,1552.254639,-3576.896240,1643.279785,1471.728394,-3588.398438,1661.991699,1595.277100,-3602.801025,1622.514526,1503.722290,-3539.170166,1651.744751,1638.291016,-3577.214844,1643.209229,1471.701660,-3588.416748,1662.174927,1595.377197,-3602.881348,1622.559204,1503.800537,-3539.131348,1651.591675,1638.134399,-3577.157471,2616.293945,1567.762939,-3159.774902,,,,,,,,,,,,,,,,,,,,,,,,,,,,,,,,,
7186,71.860000,0.000000,0.000000,0.000000,1.000000,0.000000,0.000000,0.000000,57.698101,20.499701,-14.700500,0.047771,-0.013570,0.015998,-15.666301,-52.738201,18.801300,-93.396698,0.129960,17.611099,-0.202660,-0.473496,-0.704205,0.488698,1643.635986,1552.434448,-3578.478760,1642.113892,1471.892456,-3589.881348,1660.761475,1595.436401,-3604.406494,1621.233398,1503.933716,-3540.732666,1650.435181,1638.475464,-3578.894531,1642.057617,1471.919067,-3589.917725,1660.921997,1595.449463,-3604.467773,1621.289551,1504.076294,-3540.700439,1650.267700,1638.275391,-3578.821289,2616.289062,1567.725830,-3159.777588,,,,,,,,,,,,,,,,,,,,,,,,,,,,,,,,,
7187,71.870000,0.000000,0.000000,0.000000,1.000000,0.000000,0.000000,0.000000,57.698101,20.499701,-14.700500,0.047771,-0.013570,0.015998,-15.666301,-52.738201,18.801300,-93.396698,0.129960,17.611099,-0.203002,-0.473509,-0.703771,0.489168,1642.419189,1552.655640,-3580.104248,1640.946533,1472.106079,-3591.458984,1659.483398,1595.655884,-3606.075439,1620.094849,1504.159424,-3542.305908,1649.151978,1638.701538,-3580.576660,1640.914185,1472.084595,-3591.491455,1659.607544,1595.731934,-3606.152832,1620.119019,1504.282837,-3542.261230,1649.032959,1638.513184,-3580.505371,2616.283447,1567.734863,-3159.784180,,,,,,,,,,,,,,,,,,,,,,,,,,,,,,,,,
7188,71.880000,0.000000,0.000000,0.000000,1.000000,0.000000,0.000000,0.000000,57.698101,20.499701,-14.700500,0.047771,-0.013570,0.015998,-15.666301,-52.738201,18.801300,-93.396698,0.129960,17.611099,-0.202602,-0.473916,-0.703234,0.489713,1641.119507,1552.883911,-3581.704102,1639.797363,1472.326294,-3593.021484,1658.110596,1595.903320,-3607.691406,1618.875732,1504.364380,-3543.888184,1647.694214,1638.941772,-3582.215332,1639.793457,1472.226562,-3593.063232,1658.194092,1596.071777,-3607.778809,1618.842529,1504.384399,-3543.795166,1647.655151,1638.867065,-3582.187012,2616.287109,1567.740234,-3159.770508,,,,,,,,,,,,,,,,,,,,,,,,,,,,,,,,,
7189,71.890000,0.000000,0.000000,0.000000,1.000000,0.000000,0.000000,0.000000,57.698101,20.499701,-14.700500,0.047771,-0.013570,0.015998,-15.666301,-52.738201,18.801300,-93.396698,0.129960,17.611099,-0.202573,-0.474195,-0.702235,0.490886,1639.854858,1553.166382,-3583.334961,1638.742188,1472.596069,-3594.583496,1656.695557,1596.210815,-3609.378662,1617.791016,1504.617188,-3545.451660,1646.190674,1639.241699,-3583.925781,1638.750732,1472.401611,-3594.609863,1656.734131,1596.479492,-3609.453613,1617.723511,1504.536743,-3545.343994,1646.212646,1639.263672,-3583.938477,2616.275146,1567.754761,-3159.767334,,,,,,,,,,,,,,,,,,,,,,,,,,,,,,,,,
7190,71.900000,0.000000,0.000000,0.000000,1.000000,0.000000,0.000000,0.000000,57.698101,20.499701,-14.700500,0.047771,-0.013570,0.015998,-15.666301,-52.738201,18.801300,-93.396698,0.129960,17.611099,-0.201507,-0.475772,-0.701389,0.491009,1638.641724,1553.428589,-3584.904541,1637.771851,1472.834106,-3596.000732,1655.435547,1596.467529,-3610.987305,1616.608643,1504.893677,-3546.984863,1644.750854,1639.519043,-3585.644775,1637.802002,1472.592163,-3596.014160,1655.461670,1596.732666,-3611.132080,1616.510132,1504.781128,-3546.865479,1644.792725,1639.611084,-3585.619141,2616.263672,1567.757080,-3159.788818,,,,,,,,,,,,,,,,,,,,,,,,,,,,,,,,,
7191,71.910000,0.000000,0.000000,0.000000,1.000000,0.000000,0.000000,0.000000,57.698101,20.499701,-14.700500,0.047771,-0.013570,0.015998,-15.666301,-52.738201,18.801300,-93.396698,0.129960,17.611099,-0.201593,-0.476423,-0.700689,0.491341,1637.385986,1553.679077,-3586.453369,1636.622681,1473.066650,-3597.426270,1654.120361,1596.700562,-3612.603516,1615.420532,1505.172974,-3548.457764,1643.380127,1639.776489,-3587.325928,1636.715698,1472.929321,-3597.500732,1654.091187,1596.874023,-3612.730713,1615.252930,1505.032227,-3548.248779,1643.464233,1639.868286,-3587.317871,2616.285645,1567.765991,-3159.779541,,,,,,,,,,,,,,,,,,,,,,,,,,,,,,,,,
7192,71.920000,0.000000,0.000000,0.000000,1.000000,0.000000,0.000000,0.000000,57.698101,20.499701,-14.700500,0.047771,-0.013570,0.015998,-15.666301,-52.738201,18.801300,-93.396698,0.129960,17.611099,-0.201821,-0.477015,-0.699944,0.491735,1636.192505,1553.983887,-3587.953613,1635.530029,1473.353149,-3598.796875,1652.859985,1596.985229,-3614.179688,1614.306274,1505.510132,-3549.871094,1642.073853,1640.087524,-3588.966309,1635.635742,1473.359131,-3598.904297,1652.821289,1597.065918,-3614.251221,1614.144287,1505.399414,-3549.645508,1642.148071,1640.096191,-3588.984863,2616.316895,1567.734619,-3159.762451,,,,,,,,,,,,,,,,,,,,,,,,,,,,,,,,,
7193,71.930000,0.000000,0.000000,0.000000,1.000000,0.000000,0.000000,0.000000,57.698101,20.499701,-14.700500,0.047771,-0.013570,0.015998,-15.666301,-52.738201,18.801300,-93.396698,0.129960,17.611099,-0.201881,-0.477661,-0.699026,0.492389,1635.036987,1554.285034,-3589.370361,1634.532715,1473.635986,-3600.086182,1651.605713,1597.278442,-3615.671387,1613.265503,1505.827271,-3551.201904,1640.743774,1640.398682,-3590.521484,1634.642456,1473.704346,-3600.177734,1651.538818,1597.297485,-3615.712402,1613.146851,1505.806396,-3551.056152,1640.817139,1640.334106,-3590.527832,2616.319336,1567.720825,-3159.760010,,,,,,,,,,,,,,,,,,,,,,,,,,,,,,,,,
7194,71.940000,0.000000,0.000000,0.000000,1.000000,0.000000,0.000000,0.000000,57.698101,20.499701,-14.700500,0.047771,-0.013570,0.015998,-15.666301,-52.738201,18.801300,-93.396698,0.129960,17.611099,-0.202261,-0.477764,-0.698071,0.493488,1633.934448,1554.566772,-3590.721680,1633.584106,1473.906250,-3601.357178,1650.361572,1597.569824,-3617.095947,1612.338745,1506.099854,-3552.464844,1639.453369,1640.691284,-3591.968262,1633.697754,1473.929199,-3601.431885,1650.281860,1597.586182,-3617.163818,1612.224121,1506.112671,-3552.346924,1639.531250,1640.640747,-3591.940918,2616.299561,1567.728516,-3159.770020,,,,,,,,,,,,,,,,,,,,,,,,,,,,,,,,,
7195,71.950000,0.000000,0.000000,0.000000,1.000000,0.000000,0.000000,0.000000,57.698101,20.499701,-14.700500,0.047771,-0.013570,0.015998,-15.666301,-52.738201,18.801300,-93.396698,0.129960,17.611099,-0.202395,-0.477393,-0.697160,0.495076,1632.788208,1554.793701,-3592.001221,1632.640869,1474.134155,-3602.648926,1649.028809,1597.847290,-3618.408447,1611.423462,1506.259766,-3553.699951,1638.059570,1640.933716,-3593.247314,1632.749268,1474.064697,-3602.701172,1648.920166,1597.898193,-3618.455322,1611.304810,1506.208984,-3553.598389,1638.176147,1641.001465,-3593.246826,2616.266846,1567.771362,-3159.791260,,,,,,,,,,,,,,,,,,,,,,,,,,,,,,,,,
7196,71.960000,0.000000,0.000000,0.000000,1.000000,0.000000,0.000000,0.000000,57.698101,20.499701,-14.700500,0.047771,-0.013570,0.015998,-15.666301,-52.738201,18.801300,-93.396698,0.129960,17.611099,-0.200915,-0.478351,-0.696500,0.495683,1631.777466,1554.984375,-3593.208496,1631.919556,1474.322144,-3603.835938,1647.932983,1598.084717,-3619.591797,1610.490356,1506.389893,-3554.940918,1636.767212,1641.140991,-3594.465576,1632.022827,1474.199829,-3603.881836,1647.828613,1598.140015,-3619.638428,1610.374512,1506.320801,-3554.845947,1636.889038,1641.276367,-3594.465820,2616.266113,1567.775757,-3159.801025,,,,,,,,,,,,,,,,,,,,,,,,,,,,,,,,,
7197,71.970000,0.000000,0.000000,0.000000,1.000000,0.000000,0.000000,0.000000,57.698101,20.499701,-14.700500,0.047771,-0.013570,0.015998,-15.666301,-52.738201,18.801300,-93.396698,0.129960,17.611099,-0.200469,-0.478589,-0.696284,0.495937,1630.894409,1555.050781,-3594.293457,1631.129761,1474.388794,-3604.920898,1647.016846,1598.168701,-3620.667725,1609.639893,1506.432739,-3556.037354,1635.791016,1641.212769,-3595.547119,1631.247192,1474.228394,-3604.974365,1646.875610,1598.224731,-3620.677979,1609.533569,1506.410400,-3555.966064,1635.931885,1641.336060,-3595.559570,2616.266846,1567.742798,-3159.793213,,,,,,,,,,,,,,,,,,,,,,,,,,,,,,,,,
7198,71.980000,0.000000,0.000000,0.000000,1.000000,0.000000,0.000000,0.000000,57.698101,20.499701,-14.700500,0.047771,-0.013570,0.015998,-15.666301,-52.738201,18.801300,-93.396698,0.129960,17.611099,-0.199697,-0.478992,-0.696367,0.495742,1630.078491,1555.061646,-3595.329102,1630.375977,1474.402222,-3605.972656,1646.222046,1598.193970,-3621.667480,1608.785767,1506.424316,-3557.119141,1634.930054,1641.226685,-3596.556885,1630.506470,1474.273682,-3606.011230,1646.050293,1598.197998,-3621.685791,1608.690186,1506.467285,-3557.089600,1635.072510,1641.303711,-3596.532227,2616.281738,1567.736084,-3159.778564,,,,,,,,,,,,,,,,,,,,,,,,,,,,,,,,,
7199,71.990000,0.000000,0.000000,0.000000,1.000000,0.000000,0.000000,0.000000,57.698101,20.499701,-14.700500,0.047771,-0.013570,0.015998,-15.666301,-52.738201,18.801300,-93.396698,0.129960,17.611099,-0.199805,-0.478767,-0.696651,0.495518,1629.245117,1555.056641,-3596.290771,1629.478760,1474.401123,-3606.965820,1645.421387,1598.186523,-3622.613037,1607.916016,1506.421265,-3558.098877,1634.164429,1641.218262,-3597.485596,1629.585083,1474.259888,-3606.999756,1645.281860,1598.202881,-3622.625732,1607.847046,1506.515625,-3558.089844,1634.268921,1641.241821,-3597.450928,2616.285645,1567.759399,-3159.781494,,,,,,,,,,,,,,,,,,,,,,,,,,,,,,,,,
7200,72.000000,0.000000,0.000000,0.000000,1.000000,0.000000,0.000000,0.000000,57.698101,20.499701,-14.700500,0.047771,-0.013570,0.015998,-15.666301,-52.738201,18.801300,-93.396698,0.129960,17.611099,-0.199437,-0.479021,-0.697299,0.494508,1628.408691,1555.001099,-3597.170898,1628.534790,1474.347534,-3607.864014,1644.706177,1598.111084,-3623.450928,1606.925903,1506.391113,-3559.032471,1633.467773,1641.155029,-3598.335938,1628.645142,1474.339844,-3607.895020,1644.552246,1598.037964,-3623.458008,1606.860840,1506.488770,-3559.033936,1633.569336,1641.135620,-3598.296875,2616.295654,1567.744141,-3159.790039,,,,,,,,,,,,,,,,,,,,,,,,,,,,,,,,,
7201,72.010000,0.000000,0.000000,0.000000,1.000000,0.000000,0.000000,0.000000,57.698101,20.499701,-14.700500,0.047771,-0.013570,0.015998,-15.666301,-52.738201,18.801300,-93.396698,0.129960,17.611099,-0.199446,-0.478956,-0.697886,0.493738,1627.592529,1554.907349,-3598.024902,1627.592163,1474.257324,-3608.744873,1643.986206,1597.998413,-3624.275635,1605.993652,1506.320801,-3559.922119,1632.798096,1641.052979,-3599.156494,1627.696411,1474.310181,-3608.802734,1643.860474,1597.875488,-3624.270020,1605.949341,1506.511475,-3559.923584,1632.858154,1640.937256,-3599.102783,2616.307373,1567.751099,-3159.768066,,,,,,,,,,,,,,,,,,,,,,,,,,,,,,,,,
7202,72.020000,0.000000,0.000000,0.000000,1.000000,0.000000,0.000000,0.000000,57.698101,20.499701,-14.700500,0.047771,-0.013570,0.015998,-15.666301,-52.738201,18.801300,-93.396698,0.129960,17.611099,-0.199078,-0.479083,-0.698417,0.493012,1626.815552,1554.791626,-3598.861572,1626.740234,1474.145996,-3609.614258,1643.298584,1597.874634,-3625.069580,1605.102661,1506.214233,-3560.812012,1632.120605,1640.931763,-3599.949951,1626.840210,1474.237915,-3609.688721,1643.182495,1597.741821,-3625.036133,1605.074707,1506.469238,-3560.817383,1632.162231,1640.724487,-3599.901855,2616.267334,1567.756104,-3159.781982,,,,,,,,,,,,,,,,,,,,,,,,,,,,,,,,,
7203,72.030000,0.000000,0.000000,0.000000,1.000000,0.000000,0.000000,0.000000,57.698101,20.499701,-14.700500,0.047771,-0.013570,0.015998,-15.666301,-52.738201,18.801300,-93.396698,0.129960,17.611099,-0.199364,-0.478593,-0.699043,0.492485,1626.094116,1554.615601,-3599.676514,1625.870361,1473.978882,-3610.493408,1642.652344,1597.689331,-3625.852539,1604.297485,1506.047729,-3561.662842,1631.556030,1640.746704,-3600.697510,1625.921997,1474.089233,-3610.560059,1642.620239,1597.531738,-3625.843506,1604.317627,1506.353638,-3561.683350,1631.514038,1640.498535,-3600.612305,2616.246582,1567.733276,-3159.787842,,,,,,,,,,,,,,,,,,,,,,,,,,,,,,,,,
7204,72.040000,0.000000,0.000000,0.000000,1.000000,0.000000,0.000000,0.000000,57.698101,20.499701,-14.700500,0.047771,-0.013570,0.015998,-15.666301,-52.738201,18.801300,-93.396698,0.129960,17.611099,-0.198608,-0.478874,-0.700018,0.491131,1625.242310,1554.398071,-3600.489258,1624.888794,1473.769897,-3611.366943,1641.966431,1597.457764,-3626.582764,1603.233276,1505.846191,-3562.577637,1630.880981,1640.518677,-3601.428955,1624.882935,1473.913208,-3611.436035,1642.010498,1597.348511,-3626.537842,1603.291992,1506.088501,-3562.582520,1630.775391,1640.231079,-3601.398193,2616.290283,1567.754517,-3159.781250,,,,,,,,,,,,,,,,,,,,,,,,,,,,,,,,,
7205,72.050000,0.000000,0.000000,0.000000,1.000000,0.000000,0.000000,0.000000,57.698101,20.499701,-14.700500,0.047771,-0.013570,0.015998,-15.666301,-52.738201,18.801300,-93.396698,0.129960,17.611099,-0.199007,-0.478548,-0.700886,0.490048,1624.405884,1554.153076,-3601.289795,1623.825562,1473.531372,-3612.205322,1641.267090,1597.176514,-3627.354980,1602.237915,1505.647095,-3563.411865,1630.292847,1640.257568,-3602.186768,1623.784302,1473.634399,-3612.249268,1641.387207,1597.109741,-3627.381836,1602.314453,1505.887817,-3563.416016,1630.119141,1639.954834,-3602.097900,2616.284912,1567.746704,-3159.776855,,,,,,,,,,,,,,,,,,,,,,,,,,,,,,,,,
7206,72.060000,0.000000,0.000000,0.000000,1.000000,0.000000,0.000000,0.000000,57.698101,20.499701,-14.700500,0.047771,-0.013570,0.015998,-15.666301,-52.738201,18.801300,-93.396698,0.129960,17.611099,-0.199344,-0.477957,-0.701818,0.489153,1623.567383,1553.834595,-3602.106689,1622.769165,1473.226074,-3613.105713,1640.550415,1596.838745,-3628.124512,1601.260376,1505.350098,-3564.283203,1629.689331,1639.923584,-3602.913574,1622.707642,1473.234863,-3613.133301,1640.704956,1596.914429,-3628.167236,1601.317993,1505.490601,-3564.258789,1629.529907,1639.674072,-3602.861084,2616.284668,1567.722290,-3159.782471,,,,,,,,,,,,,,,,,,,,,,,,,,,,,,,,,
7207,72.070000,0.000000,0.000000,0.000000,1.000000,0.000000,0.000000,0.000000,57.698101,20.499701,-14.700500,0.047771,-0.013570,0.015998,-15.666301,-52.738201,18.801300,-93.396698,0.129960,17.611099,-0.199867,-0.477614,-0.702487,0.488314,1622.669434,1553.500244,-3602.950439,1621.672241,1472.897095,-3613.971436,1639.758545,1596.469604,-3628.956299,1600.242920,1505.060669,-3565.139648,1629.003906,1639.574219,-3603.733643,1621.627441,1472.873291,-3614.018555,1639.927612,1596.619629,-3629.037109,1600.251221,1505.114624,-3565.048828,1628.879028,1639.393555,-3603.700928,2616.286133,1567.722046,-3159.779541,,,,,,,,,,,,,,,,,,,,,,,,,,,,,,,,,
7208,72.080000,0.000000,0.000000,0.000000,1.000000,0.000000,0.000000,0.000000,57.698101,20.499701,-14.700500,0.047771,-0.013570,0.015998,-15.666301,-52.738201,18.801300,-93.396698,0.129960,17.611099,-0.200581,-0.476833,-0.703196,0.487764,1621.806885,1553.180420,-3603.800049,1620.600830,1472.589355,-3614.889160,1638.976685,1596.129883,-3629.785645,1599.297485,1504.763672,-3566.009521,1628.352295,1639.239014,-3604.515869,1620.616699,1472.573120,-3614.947021,1639.075684,1596.293823,-3629.915283,1599.226318,1504.735474,-3565.855225,1628.313721,1639.133179,-3604.484375,2616.292236,1567.709106,-3159.759033,,,,,,,,,,,,,,,,,,,,,,,,,,,,,,,,,
7209,72.090000,0.000000,0.000000,0.000000,1.000000,0.000000,0.000000,0.000000,57.698101,20.499701,-14.700500,0.047771,-0.013570,0.015998,-15.666301,-52.738201,18.801300,-93.396698,0.129960,17.611099,-0.201059,-0.476626,-0.703334,0.487569,1620.947266,1552.851562,-3604.695801,1619.657837,1472.260376,-3615.774414,1638.141357,1595.781616,-3630.697510,1598.415894,1504.460693,-3566.885254,1627.573730,1638.903809,-3605.426025,1619.717773,1472.331909,-3615.846191,1638.169067,1595.843140,-3630.799805,1598.318481,1504.421265,-3566.726807,1627.577759,1638.809692,-3605.402100,2616.292480,1567.762085,-3159.767578,,,,,,,,,,,,,,,,,,,,,,,,,,,,,,,,,
7210,72.100000,0.000000,0.000000,0.000000,1.000000,0.000000,0.000000,0.000000,57.698101,20.499701,-14.700500,0.047771,-0.013570,0.015998,-15.666301,-52.738201,18.801300,-93.396698,0.129960,17.611099,-0.201847,-0.476217,-0.703440,0.487490,1620.102417,1552.462158,-3605.600586,1618.706421,1471.870972,-3616.667236,1637.308838,1595.369507,-3631.631348,1597.568970,1504.101440,-3567.752686,1626.825195,1638.506714,-3606.350586,1618.828125,1472.027710,-3616.753418,1637.250000,1595.318115,-3631.708740,1597.447754,1504.068481,-3567.611084,1626.884766,1638.445801,-3606.327881,2616.289062,1567.780029,-3159.786621,,,,,,,,,,,,,,,,,,,,,,,,,,,,,,,,,
7211,72.110000,0.000000,0.000000,0.000000,1.000000,0.000000,0.000000,0.000000,57.698101,20.499701,-14.700500,0.047771,-0.013570,0.015998,-15.666301,-52.738201,18.801300,-93.396698,0.129960,17.611099,-0.202588,-0.475733,-0.703425,0.487677,1619.181763,1552.071045,-3606.485107,1617.716797,1471.481079,-3617.551025,1636.370728,1594.968140,-3632.544189,1596.682495,1503.723633,-3568.599854,1625.956909,1638.111572,-3607.244873,1617.896606,1471.638550,-3617.660645,1636.203491,1594.863037,-3632.560791,1596.553467,1503.768799,-3568.488770,1626.079590,1638.024048,-3607.238037,2616.275146,1567.742188,-3159.780029,,,,,,,,,,,,,,,,,,,,,,,,,,,,,,,,,
7212,72.120000,0.000000,0.000000,0.000000,1.000000,0.000000,0.000000,0.000000,57.698101,20.499701,-14.700500,0.047771,-0.013570,0.015998,-15.666301,-52.738201,18.801300,-93.396698,0.129960,17.611099,-0.203707,-0.475160,-0.703121,0.488209,1618.337769,1551.714966,-3607.358154,1616.822021,1471.121460,-3618.391113,1635.465454,1594.598511,-3633.479980,1595.931030,1503.386841,-3569.393555,1625.132446,1637.753540,-3608.167725,1617.032837,1471.260376,-3618.486084,1635.192871,1594.380249,-3633.465088,1595.821289,1503.552734,-3569.361328,1625.286743,1637.653687,-3608.124023,2616.308594,1567.711426,-3159.764648,,,,,,,,,,,,,,,,,,,,,,,,,,,,,,,,,
7213,72.130000,0.000000,0.000000,0.000000,1.000000,0.000000,0.000000,0.000000,57.698101,20.499701,-14.700500,0.047771,-0.013570,0.015998,-15.666301,-52.738201,18.801300,-93.396698,0.129960,17.611099,-0.204982,-0.474443,-0.702867,0.488738,1617.373779,1551.293457,-3608.244629,1615.782593,1470.697876,-3619.251465,1634.442505,1594.161255,-3634.430908,1595.060059,1502.986816,-3570.197998,1624.209839,1637.328247,-3609.097900,1615.904175,1470.815063,-3619.309814,1634.240234,1593.959106,-3634.342041,1595.038940,1503.227783,-3570.246338,1624.293701,1637.166504,-3609.074707,2616.300049,1567.721436,-3159.757080,,,,,,,,,,,,,,,,,,,,,,,,,,,,,,,,,
7214,72.140000,0.000000,0.000000,0.000000,1.000000,0.000000,0.000000,0.000000,57.698101,20.499701,-14.700500,0.047771,-0.013570,0.015998,-15.666301,-52.738201,18.801300,-93.396698,0.129960,17.611099,-0.205819,-0.474371,-0.703001,0.488262,1616.393188,1550.944946,-3609.041016,1614.662964,1470.343384,-3619.983398,1633.511963,1593.764404,-3635.273438,1594.029297,1502.704346,-3570.939941,1623.368408,1636.967773,-3609.966797,1614.735352,1470.394043,-3619.999756,1633.384766,1593.673950,-3635.231934,1594.036133,1502.955200,-3571.018066,1623.414185,1636.763062,-3609.916260,2616.264160,1567.723755,-3159.776367,,,,,,,,,,,,,,,,,,,,,,,,,,,,,,,,,
7215,72.150000,0.000000,0.000000,0.000000,1.000000,0.000000,0.000000,0.000000,57.698101,20.499701,-14.700500,0.047771,-0.013570,0.015998,-15.666301,-52.738201,18.801300,-93.396698,0.129960,17.611099,-0.205526,-0.474982,-0.703249,0.487434,1615.236084,1550.586548,-3609.827637,1613.455811,1469.979126,-3620.718750,1632.442139,1593.373169,-3636.056641,1592.757690,1502.391602,-3571.736572,1622.288452,1636.602661,-3610.798828,1613.423218,1469.977905,-3620.744141,1632.493286,1593.394897,-3636.015137,1592.830688,1502.602905,-3571.771240,1622.192627,1636.361450,-3610.780518,2616.304932,1567.747314,-3159.770752,,,,,,,,,,,,,,,,,,,,,,,,,,,,,,,,,
7216,72.160000,0.000000,0.000000,0.000000,1.000000,0.000000,0.000000,0.000000,57.698101,20.499701,-14.700500,0.047771,-0.013570,0.015998,-15.666301,-52.738201,18.801300,-93.396698,0.129960,17.611099,-0.205211,-0.475770,-0.703155,0.486933,1614.079346,1550.329468,-3610.511230,1612.317749,1469.710083,-3621.316895,1631.328247,1593.087524,-3636.758789,1591.538696,1502.175903,-3572.404297,1621.132568,1636.344482,-3611.564941,1612.240967,1469.638184,-3621.326904,1631.477783,1593.218262,-3636.784912,1591.605591,1502.304443,-3572.402832,1620.991943,1636.150757,-3611.528320,2616.275391,1567.733521,-3159.766357,,,,,,,,,,,,,,,,,,,,,,,,,,,,,,,,,
7217,72.170000,0.000000,0.000000,0.000000,1.000000,0.000000,0.000000,0.000000,57.698101,20.499701,-14.700500,0.047771,-0.013570,0.015998,-15.666301,-52.738201,18.801300,-93.396698,0.129960,17.611099,-0.204372,-0.476905,-0.703202,0.486108,1612.934937,1550.092651,-3611.180908,1611.211426,1469.461670,-3621.905518,1630.262451,1592.823608,-3637.420898,1590.279297,1501.978760,-3573.092285,1619.986572,1636.106934,-3612.305176,1611.195190,1469.356934,-3621.956543,1630.354980,1593.013428,-3637.468262,1590.258301,1502.006348,-3572.999268,1619.939209,1636.009277,-3612.305420,2616.274170,1567.750854,-3159.773682,,,,,,,,,,,,,,,,,,,,,,,,,,,,,,,,,
7218,72.180000,0.000000,0.000000,0.000000,1.000000,0.000000,0.000000,0.000000,57.698101,20.499701,-14.700500,0.047771,-0.013570,0.015998,-15.666301,-52.738201,18.801300,-93.396698,0.129960,17.611099,-0.203081,-0.478458,-0.703270,0.485022,1611.805786,1549.926392,-3611.810547,1610.151123,1469.281006,-3622.436768,1629.236816,1592.627808,-3638.030029,1588.996216,1501.856079,-3573.758545,1618.838989,1635.941040,-3613.016357,1610.213745,1469.124146,-3622.531006,1629.269653,1592.882812,-3638.149170,1588.858643,1501.791138,-3573.542236,1618.870972,1635.923340,-3613.015381,2616.273193,1567.769165,-3159.779053,,,,,,,,,,,,,,,,,,,,,,,,,,,,,,,,,
7219,72.190000,0.000000,0.000000,0.000000,1.000000,0.000000,0.000000,0.000000,57.698101,20.499701,-14.700500,0.047771,-0.013570,0.015998,-15.666301,-52.738201,18.801300,-93.396698,0.129960,17.611099,-0.203905,-0.478156,-0.702730,0.485758,1610.610962,1549.826294,-3612.395020,1608.983276,1469.173584,-3622.969971,1627.952026,1592.523315,-3638.681152,1587.922974,1501.763672,-3574.260742,1617.585571,1635.844727,-3613.668457,1609.124878,1469.031128,-3623.041748,1627.798218,1592.630005,-3638.714355,1587.779053,1501.744263,-3574.145996,1617.741699,1635.896240,-3613.678711,2616.250000,1567.748047,-3159.782227,,,,,,,,,,,,,,,,,,,,,,,,,,,,,,,,,
7220,72.200000,0.000000,0.000000,0.000000,1.000000,0.000000,0.000000,0.000000,57.698101,20.499701,-14.700500,0.047771,-0.013570,0.015998,-15.666301,-52.738201,18.801300,-93.396698,0.129960,17.611099,-0.204913,-0.477510,-0.702055,0.486942,1609.350342,1549.744385,-3613.024414,1607.774414,1469.087402,-3623.574707,1626.553833,1592.454224,-3639.380127,1586.846680,1501.666016,-3574.801025,1616.226318,1635.770142,-3614.342041,1607.935059,1469.060547,-3623.612549,1626.296143,1592.407837,-3639.352295,1586.738770,1501.701172,-3574.783203,1616.423218,1635.804688,-3614.347900,2616.271729,1567.752563,-3159.787354,,,,,,,,,,,,,,,,,,,,,,,,,,,,,,,,,
7221,72.210000,0.000000,0.000000,0.000000,1.000000,0.000000,0.000000,0.000000,57.698101,20.499701,-14.700500,0.047771,-0.013570,0.015998,-15.666301,-52.738201,18.801300,-93.396698,0.129960,17.611099,-0.205669,-0.476997,-0.701583,0.487807,1608.045288,1549.670776,-3613.575439,1606.502075,1469.011597,-3624.112549,1625.149048,1592.390259,-3639.980225,1585.676025,1501.580200,-3575.288574,1614.854248,1635.701538,-3614.920166,1606.602173,1469.018921,-3624.121582,1624.957031,1592.262329,-3639.942627,1585.644653,1501.723267,-3575.353027,1614.957520,1635.672607,-3614.883301,2616.283936,1567.716919,-3159.771973,,,,,,,,,,,,,,,,,,,,,,,,,,,,,,,,,
7222,72.220000,0.000000,0.000000,0.000000,1.000000,0.000000,0.000000,0.000000,57.698101,20.499701,-14.700500,0.047771,-0.013570,0.015998,-15.666301,-52.738201,18.801300,-93.396698,0.129960,17.611099,-0.206822,-0.476571,-0.701126,0.488392,1606.653442,1549.592529,-3614.150879,1605.080200,1468.925537,-3624.625488,1623.683960,1592.292725,-3640.634033,1584.390381,1501.529785,-3575.767334,1613.459106,1635.622192,-3615.576904,1605.059692,1468.859131,-3624.636475,1623.688354,1592.269165,-3640.585449,1584.471191,1501.784058,-3575.856445,1613.402710,1635.487793,-3615.537354,2616.294678,1567.694580,-3159.763184,,,,,,,,,,,,,,,,,,,,,,,,,,,,,,,,,
7223,72.230000,0.000000,0.000000,0.000000,1.000000,0.000000,0.000000,0.000000,57.698101,20.499701,-14.700500,0.047771,-0.013570,0.015998,-15.666301,-52.738201,18.801300,-93.396698,0.129960,17.611099,-0.206460,-0.477199,-0.701349,0.487611,1605.270508,1549.500488,-3614.675537,1603.660645,1468.828125,-3625.101807,1622.383057,1592.171753,-3641.152344,1582.898315,1501.477905,-3576.304932,1612.139893,1635.524292,-3616.142822,1603.553467,1468.730225,-3625.094971,1622.551025,1592.269897,-3641.164551,1582.999756,1501.622559,-3576.341553,1611.977783,1635.378662,-3616.100098,2616.322266,1567.719849,-3159.764648,,,,,,,,,,,,,,,,,,,,,,,,,,,,,,,,,
7224,72.240000,0.000000,0.000000,0.000000,1.000000,0.000000,0.000000,0.000000,57.698101,20.499701,-14.700500,0.047771,-0.013570,0.015998,-15.666301,-52.738201,18.801300,-93.396698,0.129960,17.611099,-0.205840,-0.478189,-0.701279,0.487004,1603.914673,1549.407471,-3615.225342,1602.347046,1468.723267,-3625.566406,1621.081055,1592.053345,-3641.708496,1581.461182,1501.422363,-3576.855469,1610.769043,1635.431152,-3616.770996,1602.272705,1468.716675,-3625.608643,1621.289185,1592.212769,-3641.765381,1581.489990,1501.446655,-3576.768311,1610.618164,1635.256470,-3616.765381,2616.293213,1567.720459,-3159.768555,,,,,,,,,,,,,,,,,,,,,,,,,,,,,,,,,
7225,72.250000,0.000000,0.000000,0.000000,1.000000,0.000000,0.000000,0.000000,57.698101,20.499701,-14.700500,0.047771,-0.013570,0.015998,-15.666301,-52.738201,18.801300,-93.396698,0.129960,17.611099,-0.206196,-0.478105,-0.701156,0.487114,1602.583252,1549.361450,-3615.755615,1601.000122,1468.674316,-3626.071533,1619.734497,1591.997681,-3642.264160,1580.153442,1501.390259,-3577.354736,1609.445068,1635.383911,-3617.332031,1601.075317,1468.761108,-3626.152100,1619.741943,1592.051392,-3642.358154,1580.046631,1501.355469,-3577.189453,1609.463989,1635.278809,-3617.313232,2616.283936,1567.718750,-3159.780518,,,,,,,,,,,,,,,,,,,,,,,,,,,,,,,,,
7226,72.260000,0.000000,0.000000,0.000000,1.000000,0.000000,0.000000,0.000000,57.698101,20.499701,-14.700500,0.047771,-0.013570,0.015998,-15.666301,-52.738201,18.801300,-93.396698,0.129960,17.611099,-0.206723,-0.478017,-0.700233,0.488303,1601.227661,1549.320801,-3616.263672,1599.783813,1468.622559,-3626.512695,1618.230347,1591.970825,-3642.845459,1578.984985,1501.334473,-3577.772949,1607.911499,1635.355835,-3617.923584,1599.997070,1468.771851,-3626.597168,1617.993286,1591.824219,-3642.890869,1578.822754,1501.316650,-3577.671631,1608.094482,1635.370117,-3617.903076,2616.288574,1567.752075,-3159.783203,,,,,,,,,,,,,,,,,,,,,,,,,,,,,,,,,
7227,72.270000,0.000000,0.000000,0.000000,1.000000,0.000000,0.000000,0.000000,57.698101,20.499701,-14.700500,0.047771,-0.013570,0.015998,-15.666301,-52.738201,18.801300,-93.396698,0.129960,17.611099,-0.208562,-0.476465,-0.699320,0.490342,1599.783691,1549.346558,-3616.806152,1598.382568,1468.650024,-3627.074219,1616.557983,1592.028564,-3643.481689,1577.853149,1501.317017,-3578.190430,1606.340942,1635.390991,-3618.478516,1598.553833,1468.626343,-3627.117920,1616.276855,1591.906250,-3643.452637,1577.757324,1501.431519,-3578.201660,1606.525757,1635.408325,-3618.448730,2616.310059,1567.725342,-3159.767090,,,,,,,,,,,,,,,,,,,,,,,,,,,,,,,,,
7228,72.280000,0.000000,0.000000,0.000000,1.000000,0.000000,0.000000,0.000000,57.698101,20.499701,-14.700500,0.047771,-0.013570,0.015998,-15.666301,-52.738201,18.801300,-93.396698,0.129960,17.611099,-0.209685,-0.476215,-0.698271,0.491599,1598.245850,1549.373413,-3617.341553,1596.939819,1468.661987,-3627.505859,1614.859131,1592.049438,-3644.126953,1576.526245,1501.355957,-3578.591309,1604.658203,1635.426147,-3619.141846,1596.925049,1468.464966,-3627.492920,1614.837402,1592.119873,-3644.090332,1576.569214,1501.519043,-3578.667480,1604.654053,1635.386353,-3619.120850,2616.306885,1567.747314,-3159.762451,,,,,,,,,,,,,,,,,,,,,,,,,,,,,,,,,
7229,72.290000,0.000000,0.000000,0.000000,1.000000,0.000000,0.000000,0.000000,57.698101,20.499701,-14.700500,0.047771,-0.013570,0.015998,-15.666301,-52.738201,18.801300,-93.396698,0.129960,17.611099,-0.211215,-0.475269,-0.698000,0.492243,1596.671021,1549.448242,-3617.829102,1595.270752,1468.736084,-3627.974609,1613.211914,1592.108398,-3644.684814,1575.065674,1501.452393,-3578.988525,1603.135742,1635.496338,-3619.668457,1595.130737,1468.405762,-3627.945557,1613.366333,1592.260986,-3644.687012,1575.192749,1501.668945,-3579.076660,1602.991821,1635.436157,-3619.609863,2616.313721,1567.785156,-3159.782959,,,,,,,,,,,,,,,,,,,,,,,,,,,,,,,,,
7230,72.300000,0.000000,0.000000,0.000000,1.000000,0.000000,0.000000,0.000000,57.698101,20.499701,-14.700500,0.047771,-0.013570,0.015998,-15.666301,-52.738201,18.801300,-93.396698,0.129960,17.611099,-0.210319,-0.477180,-0.697751,0.491129,1595.097900,1549.511108,-3618.344971,1593.766968,1468.773315,-3628.294678,1611.733643,1592.109985,-3645.239014,1573.350464,1501.604614,-3579.473389,1601.540405,1635.556519,-3620.372559,1593.668579,1468.674683,-3628.282959,1611.931274,1592.294922,-3645.315186,1573.402466,1501.643799,-3579.455078,1601.401245,1635.443726,-3620.334229,2616.277832,1567.750977,-3159.793945,,,,,,,,,,,,,,,,,,,,,,,,,,,,,,,,,
7231,72.310000,0.000000,0.000000,0.000000,1.000000,0.000000,0.000000,0.000000,57.698101,20.499701,-14.700500,0.047771,-0.013570,0.015998,-15.666301,-52.738201,18.801300,-93.396698,0.129960,17.611099,-0.210630,-0.477978,-0.697508,0.490566,1593.549316,1549.566284,-3618.825439,1592.185181,1468.810547,-3628.623779,1610.227905,1592.105835,-3645.786865,1571.747070,1501.744385,-3579.880371,1600.037354,1635.604492,-3621.010498,1592.261353,1468.857910,-3628.663574,1610.188477,1592.111328,-3645.873047,1571.650635,1501.683594,-3579.776611,1600.090698,1635.609497,-3620.984619,2616.302979,1567.727417,-3159.776367,,,,,,,,,,,,,,,,,,,,,,,,,,,,,,,,,
7232,72.320000,0.000000,0.000000,0.000000,1.000000,0.000000,0.000000,0.000000,57.698101,20.499701,-14.700500,0.047771,-0.013570,0.015998,-15.666301,-52.738201,18.801300,-93.396698,0.129960,17.611099,-0.211375,-0.478420,-0.696534,0.491197,1591.886475,1549.515015,-3619.321777,1590.612305,1468.738037,-3628.955322,1608.465576,1592.022095,-3646.395752,1570.209961,1501.743042,-3580.245605,1598.258179,1635.557007,-3621.690430,1590.819946,1468.862793,-3629.076416,1608.264771,1591.893555,-3646.438477,1570.053345,1501.787720,-3580.118652,1598.407227,1635.520630,-3621.660889,2616.295654,1567.723267,-3159.775635,,,,,,,,,,,,,,,,,,,,,,,,,,,,,,,,,
7233,72.330000,0.000000,0.000000,0.000000,1.000000,0.000000,0.000000,0.000000,57.698101,20.499701,-14.700500,0.047771,-0.013570,0.015998,-15.666301,-52.738201,18.801300,-93.396698,0.129960,17.611099,-0.211911,-0.478861,-0.695292,0.492296,1590.439575,1549.509888,-3619.785889,1589.343018,1468.712158,-3629.266602,1606.864380,1592.006348,-3646.970215,1568.952759,1501.758667,-3580.579834,1596.597900,1635.562500,-3622.326660,1589.499146,1468.875610,-3629.364746,1606.721680,1591.875732,-3646.995361,1568.869019,1501.955566,-3580.528809,1596.676025,1635.333862,-3622.254150,2616.300537,1567.757446,-3159.783936,,,,,,,,,,,,,,,,,,,,,,,,,,,,,,,,,
7234,72.340000,0.000000,0.000000,0.000000,1.000000,0.000000,0.000000,0.000000,57.698101,20.499701,-14.700500,0.047771,-0.013570,0.015998,-15.666301,-52.738201,18.801300,-93.396698,0.129960,17.611099,-0.213283,-0.478668,-0.694236,0.493380,1588.807373,1549.498657,-3620.195068,1587.770264,1468.684448,-3629.540039,1605.085449,1591.969482,-3647.507324,1567.516357,1501.786987,-3580.834473,1594.857178,1635.554077,-3622.898682,1587.697998,1468.649536,-3629.533203,1605.181030,1591.995728,-3647.486572,1567.625977,1502.009521,-3580.917969,1594.722290,1635.342773,-3622.846436,2616.297363,1567.732788,-3159.770020,,,,,,,,,,,,,,,,,,,,,,,,,,,,,,,,,
7235,72.350000,0.000000,0.000000,0.000000,1.000000,0.000000,0.000000,0.000000,57.698101,20.499701,-14.700500,0.047771,-0.013570,0.015998,-15.666301,-52.738201,18.801300,-93.396698,0.129960,17.611099,-0.214142,-0.478571,-0.693753,0.493782,1587.130249,1549.527344,-3620.547363,1586.089600,1468.703491,-3629.808838,1603.349854,1591.973267,-3647.932861,1565.921509,1501.851562,-3581.098877,1593.160278,1635.581055,-3623.348389,1585.914551,1468.494751,-3629.735596,1603.558350,1592.173096,-3647.931396,1566.051636,1501.927002,-3581.182617,1592.999634,1635.514404,-3623.333008,2616.285156,1567.751221,-3159.776611,,,,,,,,,,,,,,,,,,,,,,,,,,,,,,,,,
7236,72.360000,0.000000,0.000000,0.000000,1.000000,0.000000,0.000000,0.000000,57.698101,20.499701,-14.700500,0.047771,-0.013570,0.015998,-15.666301,-52.738201,18.801300,-93.396698,0.129960,17.611099,-0.212570,-0.481086,-0.693183,0.492816,1585.572144,1549.590698,-3620.832520,1584.726074,1468.738770,-3629.864990,1601.861572,1591.986694,-3648.253906,1564.238281,1501.990967,-3581.359619,1591.462402,1635.646729,-3623.851074,1584.748413,1468.593384,-3629.821533,1601.824097,1592.174316,-3648.322266,1564.184326,1501.900635,-3581.336914,1591.528687,1635.701538,-3623.852295,2616.310303,1567.714722,-3159.769775,,,,,,,,,,,,,,,,,,,,,,,,,,,,,,,,,
7237,72.370000,0.000000,0.000000,0.000000,1.000000,0.000000,0.000000,0.000000,57.698101,20.499701,-14.700500,0.047771,-0.013570,0.015998,-15.666301,-52.738201,18.801300,-93.396698,0.129960,17.611099,-0.212764,-0.482405,-0.692290,0.492699,1583.904541,1549.627197,-3621.068359,1583.153687,1468.748169,-3629.864746,1600.168701,1591.960571,-3648.601562,1562.592529,1502.119751,-3581.472412,1589.703125,1635.680420,-3624.334229,1583.362183,1468.737793,-3629.935791,1599.938843,1591.921387,-3648.698730,1562.390137,1502.053711,-3581.335693,1589.921143,1635.795898,-3624.300781,2616.323242,1567.733887,-3159.755615,,,,,,,,,,,,,,,,,,,,,,,,,,,,,,,,,
7238,72.380000,0.000000,0.000000,0.000000,1.000000,0.000000,0.000000,0.000000,57.698101,20.499701,-14.700500,0.047771,-0.013570,0.015998,-15.666301,-52.738201,18.801300,-93.396698,0.129960,17.611099,-0.213884,-0.482719,-0.691287,0.493314,1582.377808,1549.754639,-3621.331787,1581.679565,1468.855469,-3629.944824,1598.541748,1592.040527,-3648.996582,1561.197876,1502.317261,-3581.581299,1588.091797,1635.805420,-3624.803955,1581.890625,1468.943359,-3630.062500,1598.295166,1591.855469,-3649.004150,1561.057861,1502.410645,-3581.497070,1588.255859,1635.797974,-3624.770020,2616.304443,1567.737427,-3159.773682,,,,,,,,,,,,,,,,,,,,,,,,,,,,,,,,,
7239,72.390000,0.000000,0.000000,0.000000,1.000000,0.000000,0.000000,0.000000,57.698101,20.499701,-14.700500,0.047771,-0.013570,0.015998,-15.666301,-52.738201,18.801300,-93.396698,0.129960,17.611099,-0.215461,-0.482674,-0.690550,0.493702,1580.875244,1549.806152,-3621.529297,1580.129639,1468.889893,-3629.975586,1596.970215,1592.030884,-3649.327393,1559.798218,1502.455933,-3581.620605,1586.602905,1635.848022,-3625.193848,1580.102905,1468.975342,-3629.984863,1597.032593,1591.991089,-3649.347900,1559.853760,1502.624390,-3581.660156,1586.502441,1635.618408,-3625.117188,2616.285889,1567.722534,-3159.775635,,,,,,,,,,,,,,,,,,,,,,,,,,,,,,,,,
7240,72.400000,0.000000,0.000000,0.000000,1.000000,0.000000,0.000000,0.000000,57.698101,20.499701,-14.700500,0.047771,-0.013570,0.015998,-15.666301,-52.738201,18.801300,-93.396698,0.129960,17.611099,-0.215759,-0.483944,-0.689910,0.493224,1579.344360,1549.818604,-3621.641113,1578.625977,1468.878296,-3629.855713,1595.458130,1591.967285,-3649.543701,1558.237183,1502.578369,-3581.618408,1585.056030,1635.851074,-3625.546631,1578.453125,1468.836426,-3629.831787,1595.723755,1592.092285,-3649.530518,1558.400024,1502.739014,-3581.686523,1584.794800,1635.589966,-3625.513428,2616.303711,1567.761963,-3159.776855,,,,,,,,,,,,,,,,,,,,,,,,,,,,,,,,,
7241,72.410000,0.000000,0.000000,0.000000,1.000000,0.000000,0.000000,0.000000,57.698101,20.499701,-14.700500,0.047771,-0.013570,0.015998,-15.666301,-52.738201,18.801300,-93.396698,0.129960,17.611099,-0.215171,-0.485280,-0.689755,0.492385,1577.880249,1549.891968,-3621.687988,1577.196777,1468.937012,-3629.760742,1594.068359,1591.993164,-3649.618896,1556.664673,1502.719727,-3581.642090,1583.591187,1635.918091,-3625.729736,1577.151367,1468.945190,-3629.748291,1594.152466,1592.064575,-3649.649902,1556.687988,1502.709961,-3581.632568,1583.531128,1635.850220,-3625.721924,2616.302979,1567.723267,-3159.771729,,,,,,,,,,,,,,,,,,,,,,,,,,,,,,,,,
7242,72.420000,0.000000,0.000000,0.000000,1.000000,0.000000,0.000000,0.000000,57.698101,20.499701,-14.700500,0.047771,-0.013570,0.015998,-15.666301,-52.738201,18.801300,-93.396698,0.129960,17.611099,-0.214216,-0.486584,-0.688985,0.492592,1576.433960,1550.067139,-3621.697754,1575.972046,1469.098633,-3629.648926,1592.573242,1592.166992,-3649.658936,1555.254883,1502.902100,-3581.624268,1581.935669,1636.101196,-3625.858398,1576.170654,1469.176147,-3629.695068,1592.319580,1592.073486,-3649.712158,1555.071533,1502.785156,-3581.523438,1582.169800,1636.233032,-3625.860107,2616.288086,1567.744385,-3159.770020,,,,,,,,,,,,,,,,,,,,,,,,,,,,,,,,,
7243,72.430000,0.000000,0.000000,0.000000,1.000000,0.000000,0.000000,0.000000,57.698101,20.499701,-14.700500,0.047771,-0.013570,0.015998,-15.666301,-52.738201,18.801300,-93.396698,0.129960,17.611099,-0.213759,-0.487519,-0.688176,0.492996,1574.929688,1550.317139,-3621.677734,1574.652222,1469.336304,-3629.511475,1590.999146,1592.411743,-3649.687012,1553.821777,1503.163818,-3581.552979,1580.245483,1636.357056,-3625.958984,1574.839600,1469.321045,-3629.611328,1590.777222,1592.345337,-3649.689453,1553.664062,1503.152588,-3581.437500,1580.437012,1636.449097,-3625.974609,2616.263672,1567.733276,-3159.779785,,,,,,,,,,,,,,,,,,,,,,,,,,,,,,,,,
7244,72.440000,0.000000,0.000000,0.000000,1.000000,0.000000,0.000000,0.000000,57.698101,20.499701,-14.700500,0.047771,-0.013570,0.015998,-15.666301,-52.738201,18.801300,-93.396698,0.129960,17.611099,-0.214563,-0.487295,-0.687893,0.493264,1573.511597,1550.566528,-3621.578613,1573.201904,1469.580811,-3629.359863,1589.542847,1592.639282,-3649.642822,1552.461548,1503.443970,-3581.387451,1578.839966,1636.602417,-3625.924561,1573.258667,1469.330322,-3629.449463,1589.509155,1592.705078,-3649.640625,1552.429199,1503.637817,-3581.340332,1578.854248,1636.575439,-3625.894287,2616.266357,1567.756470,-3159.781982,,,,,,,,,,,,,,,,,,,,,,,,,,,,,,,,,
7245,72.450000,0.000000,0.000000,0.000000,1.000000,0.000000,0.000000,0.000000,57.698101,20.499701,-14.700500,0.047771,-0.013570,0.015998,-15.666301,-52.738201,18.801300,-93.396698,0.129960,17.611099,-0.215680,-0.486742,-0.687757,0.493513,1572.128906,1550.877930,-3621.509277,1571.731812,1469.889526,-3629.259766,1588.129028,1592.926758,-3649.626953,1551.134644,1503.788086,-3581.250732,1577.520142,1636.907593,-3625.899902,1571.613037,1469.652710,-3629.272217,1588.303955,1593.062012,-3649.629150,1551.254761,1504.046021,-3581.301758,1577.343140,1636.753662,-3625.836670,2616.299561,1567.761475,-3159.781250,,,,,,,,,,,,,,,,,,,,,,,,,,,,,,,,,
7246,72.460000,0.000000,0.000000,0.000000,1.000000,0.000000,0.000000,0.000000,57.698101,20.499701,-14.700500,0.047771,-0.013570,0.015998,-15.666301,-52.738201,18.801300,-93.396698,0.129960,17.611099,-0.215501,-0.487165,-0.687887,0.492992,1570.791992,1551.212891,-3621.454834,1570.364990,1470.220825,-3629.165039,1586.847046,1593.239746,-3649.573730,1549.725342,1504.153442,-3581.198242,1576.230469,1637.237793,-3625.881592,1570.247925,1470.181885,-3629.145020,1587.043579,1593.374756,-3649.599609,1549.833252,1504.294678,-3581.241943,1576.037964,1636.982056,-3625.829102,2616.293457,1567.758667,-3159.785645,,,,,,,,,,,,,,,,,,,,,,,,,,,,,,,,,
7247,72.470000,0.000000,0.000000,0.000000,1.000000,0.000000,0.000000,0.000000,57.698101,20.499701,-14.700500,0.047771,-0.013570,0.015998,-15.666301,-52.738201,18.801300,-93.396698,0.129960,17.611099,-0.214948,-0.487324,-0.688031,0.492875,1569.439819,1551.571045,-3621.394287,1569.045898,1470.582031,-3629.138916,1585.512817,1593.614502,-3649.478516,1548.343384,1504.488525,-3581.180664,1574.856934,1637.599365,-3625.779541,1569.063843,1470.638184,-3629.201904,1585.548218,1593.610474,-3649.508301,1548.319092,1504.526855,-3581.103271,1574.826294,1637.508545,-3625.762695,2616.296387,1567.728149,-3159.779785,,,,,,,,,,,,,,,,,,,,,,,,,,,,,,,,,
7248,72.480000,0.000000,0.000000,0.000000,1.000000,0.000000,0.000000,0.000000,57.698101,20.499701,-14.700500,0.047771,-0.013570,0.015998,-15.666301,-52.738201,18.801300,-93.396698,0.129960,17.611099,-0.214826,-0.486885,-0.687650,0.493893,1568.081543,1551.993896,-3621.308594,1567.814697,1471.010498,-3629.116455,1584.042847,1594.086792,-3649.382080,1547.122681,1504.843750,-3581.102051,1573.345703,1638.034668,-3625.633545,1568.004517,1471.149658,-3629.175781,1583.829224,1593.950317,-3649.452637,1546.942627,1504.707764,-3580.978516,1573.543701,1638.163574,-3625.626709,2616.304688,1567.732178,-3159.764160,,,,,,,,,,,,,,,,,,,,,,,,,,,,,,,,,
7249,72.490000,0.000000,0.000000,0.000000,1.000000,0.000000,0.000000,0.000000,57.698101,20.499701,-14.700500,0.047771,-0.013570,0.015998,-15.666301,-52.738201,18.801300,-93.396698,0.129960,17.611099,-0.213912,-0.487063,-0.687139,0.494825,1566.776855,1552.514771,-3621.260254,1566.735474,1471.535400,-3629.113770,1582.630859,1594.667358,-3649.305420,1545.935669,1505.284546,-3581.086670,1571.805420,1638.572266,-3625.535156,1566.961792,1471.605591,-3629.181641,1582.364014,1594.587524,-3649.384766,1545.731445,1505.208862,-3580.962646,1572.043213,1638.655151,-3625.513672,2616.303955,1567.737549,-3159.766357,,,,,,,,,,,,,,,,,,,,,,,,,,,,,,,,,
7250,72.500000,0.000000,0.000000,0.000000,1.000000,0.000000,0.000000,0.000000,57.698101,20.499701,-14.700500,0.047771,-0.013570,0.015998,-15.666301,-52.738201,18.801300,-93.396698,0.129960,17.611099,-0.214926,-0.486052,-0.686978,0.495602,1565.462158,1553.080811,-3621.318848,1565.379639,1472.105835,-3629.217529,1581.233887,1595.246094,-3649.391113,1544.741211,1505.831909,-3581.104736,1570.493652,1639.139648,-3625.561768,1565.522827,1471.969116,-3629.312256,1581.117554,1595.301392,-3649.464111,1544.610229,1505.908936,-3580.982910,1570.597900,1639.139282,-3625.518066,2616.277100,1567.742065,-3159.781494,,,,,,,,,,,,,,,,,,,,,,,,,,,,,,,,,
7251,72.510000,0.000000,0.000000,0.000000,1.000000,0.000000,0.000000,0.000000,57.698101,20.499701,-14.700500,0.047771,-0.013570,0.015998,-15.666301,-52.738201,18.801300,-93.396698,0.129960,17.611099,-0.216360,-0.484909,-0.687166,0.495837,1564.124146,1553.629272,-3621.361816,1563.874268,1472.658081,-3629.294922,1579.878296,1595.779053,-3649.467041,1543.451416,1506.399292,-3581.100830,1569.292480,1639.681030,-3625.583984,1563.875000,1472.557373,-3629.365479,1579.938354,1595.848022,-3649.502686,1543.451660,1506.566406,-3581.041260,1569.228271,1639.547485,-3625.532227,2616.288818,1567.735962,-3159.770996,,,,,,,,,,,,,,,,,,,,,,,,,,,,,,,,,
7252,72.520000,0.000000,0.000000,0.000000,1.000000,0.000000,0.000000,0.000000,57.698101,20.499701,-14.700500,0.047771,-0.013570,0.015998,-15.666301,-52.738201,18.801300,-93.396698,0.129960,17.611099,-0.217962,-0.483902,-0.687402,0.495793,1562.805176,1554.147095,-3621.396973,1562.346191,1473.176758,-3629.329590,1578.569702,1596.261108,-3649.550293,1542.147705,1506.964111,-3581.073242,1568.156982,1640.186890,-3625.635010,1562.219971,1473.116577,-3629.354492,1578.807373,1596.360840,-3649.568359,1542.271240,1507.173096,-3581.087646,1567.915161,1639.923462,-3625.570801,2616.326660,1567.714600,-3159.761230,,,,,,,,,,,,,,,,,,,,,,,,,,,,,,,,,
7253,72.530000,0.000000,0.000000,0.000000,1.000000,0.000000,0.000000,0.000000,57.698101,20.499701,-14.700500,0.047771,-0.013570,0.015998,-15.666301,-52.738201,18.801300,-93.396698,0.129960,17.611099,-0.219526,-0.482743,-0.687520,0.496068,1561.473999,1554.696533,-3621.456543,1560.844727,1473.729248,-3629.409668,1577.213379,1596.790527,-3649.653564,1540.875488,1507.538574,-3581.073242,1566.962280,1640.728027,-3625.689697,1560.712891,1473.606934,-3629.393311,1577.423218,1596.905640,-3649.685059,1540.986938,1507.674438,-3581.113281,1566.774658,1640.599731,-3625.634277,2616.310547,1567.742554,-3159.753418,,,,,,,,,,,,,,,,,,,,,,,,,,,,,,,,,
7254,72.540000,0.000000,0.000000,0.000000,1.000000,0.000000,0.000000,0.000000,57.698101,20.499701,-14.700500,0.047771,-0.013570,0.015998,-15.666301,-52.738201,18.801300,-93.396698,0.129960,17.611099,-0.219132,-0.482621,-0.687175,0.496839,1560.051025,1555.282715,-3621.567871,1559.557983,1474.318970,-3629.566406,1575.704224,1597.419800,-3649.748535,1539.553345,1508.066406,-3581.201660,1565.388306,1641.325806,-3625.755127,1559.524170,1474.187012,-3629.536377,1575.727173,1597.523560,-3649.744385,1539.571411,1508.063843,-3581.222412,1565.379517,1641.351685,-3625.765869,2616.283936,1567.736572,-3159.770752,,,,,,,,,,,,,,,,,,,,,,,,,,,,,,,,,
7255,72.550000,0.000000,0.000000,0.000000,1.000000,0.000000,0.000000,0.000000,57.698101,20.499701,-14.700500,0.047771,-0.013570,0.015998,-15.666301,-52.738201,18.801300,-93.396698,0.129960,17.611099,-0.218057,-0.483480,-0.687231,0.496399,1558.573242,1555.887207,-3621.619873,1558.163696,1474.921143,-3629.599365,1574.272949,1598.029175,-3649.767578,1537.999023,1508.665527,-3581.298828,1563.857300,1641.933350,-3625.813965,1558.295654,1474.753662,-3629.614014,1574.091553,1598.124878,-3649.804199,1537.874756,1508.610840,-3581.239502,1564.039673,1642.061890,-3625.824707,2616.289307,1567.726074,-3159.782471,,,,,,,,,,,,,,,,,,,,,,,,,,,,,,,,,
7256,72.560000,0.000000,0.000000,0.000000,1.000000,0.000000,0.000000,0.000000,57.698101,20.499701,-14.700500,0.047771,-0.013570,0.015998,-15.666301,-52.738201,18.801300,-93.396698,0.129960,17.611099,-0.218128,-0.484133,-0.686886,0.496209,1557.013672,1556.443481,-3621.693848,1556.632568,1475.466309,-3629.561523,1572.717285,1598.550903,-3649.890625,1536.429810,1509.271606,-3581.319336,1562.274780,1642.485229,-3626.003906,1556.894043,1475.505981,-3629.672119,1572.411865,1598.492920,-3649.943115,1536.203613,1509.245361,-3581.164795,1562.537720,1642.528442,-3625.996826,2616.308838,1567.734863,-3159.770752,,,,,,,,,,,,,,,,,,,,,,,,,,,,,,,,,
7257,72.570000,0.000000,0.000000,0.000000,1.000000,0.000000,0.000000,0.000000,57.698101,20.499701,-14.700500,0.047771,-0.013570,0.015998,-15.666301,-52.738201,18.801300,-93.396698,0.129960,17.611099,-0.218034,-0.484808,-0.686584,0.496009,1555.546387,1557.007080,-3621.844238,1555.205444,1476.020386,-3629.613770,1571.257080,1599.086914,-3650.078613,1534.947144,1509.875610,-3581.430420,1560.775879,1643.045776,-3626.254150,1555.389282,1476.257080,-3629.785156,1571.157104,1599.023193,-3650.137695,1534.791016,1509.923950,-3581.230469,1560.866577,1642.851562,-3626.229004,2616.296143,1567.724243,-3159.769043,,,,,,,,,,,,,,,,,,,,,,,,,,,,,,,,,
7258,72.580000,0.000000,0.000000,0.000000,1.000000,0.000000,0.000000,0.000000,57.698101,20.499701,-14.700500,0.047771,-0.013570,0.015998,-15.666301,-52.738201,18.801300,-93.396698,0.129960,17.611099,-0.219378,-0.484178,-0.685726,0.497217,1553.985107,1557.528809,-3622.009766,1553.688354,1476.535767,-3629.715332,1569.542969,1599.601318,-3650.339355,1533.592285,1510.409668,-3581.477051,1559.116577,1643.568848,-3626.507080,1553.641479,1476.583618,-3629.755127,1569.661621,1599.602661,-3650.365479,1533.645020,1510.556763,-3581.463135,1558.981812,1643.353638,-3626.447266,2616.273193,1567.788208,-3159.790283,,,,,,,,,,,,,,,,,,,,,,,,,,,,,,,,,
7259,72.590000,0.000000,0.000000,0.000000,1.000000,0.000000,0.000000,0.000000,57.698101,20.499701,-14.700500,0.047771,-0.013570,0.015998,-15.666301,-52.738201,18.801300,-93.396698,0.129960,17.611099,-0.220855,-0.483620,-0.684750,0.498450,1552.319824,1558.047974,-3622.194580,1552.070801,1477.046265,-3629.809326,1567.716797,1600.104370,-3650.635742,1532.144043,1510.953735,-3581.524414,1557.347168,1644.088013,-3626.808350,1551.899292,1476.822388,-3629.756592,1567.936157,1600.264893,-3650.642578,1532.290161,1511.112549,-3581.616943,1557.154175,1643.988770,-3626.760498,2616.267822,1567.780029,-3159.802246,,,,,,,,,,,,,,,,,,,,,,,,,,,,,,,,,
7260,72.600000,0.000000,0.000000,0.000000,1.000000,0.000000,0.000000,0.000000,57.698101,20.499701,-14.700500,0.047771,-0.013570,0.015998,-15.666301,-52.738201,18.801300,-93.396698,0.129960,17.611099,-0.220440,-0.484398,-0.684612,0.498066,1550.714111,1558.532227,-3622.343750,1550.506714,1477.523071,-3629.881592,1566.143311,1600.566895,-3650.799805,1530.488037,1511.469727,-3581.662109,1555.718506,1644.569580,-3627.031494,1550.488281,1477.207642,-3629.846191,1566.133667,1600.663574,-3650.800537,1530.516968,1511.596313,-3581.732666,1555.716187,1644.617310,-3626.995361,2616.271729,1567.765503,-3159.786377,,,,,,,,,,,,,,,,,,,,,,,,,,,,,,,,,
7261,72.610000,0.000000,0.000000,0.000000,1.000000,0.000000,0.000000,0.000000,57.698101,20.499701,-14.700500,0.047771,-0.013570,0.015998,-15.666301,-52.738201,18.801300,-93.396698,0.129960,17.611099,-0.220142,-0.485716,-0.684419,0.497181,1548.877808,1558.827026,-3622.522461,1548.676880,1477.802368,-3629.891602,1564.384277,1600.799927,-3651.027344,1528.543213,1511.852417,-3581.793213,1553.906860,1644.853760,-3627.376953,1548.858032,1477.777588,-3629.929199,1564.124634,1600.745850,-3651.047852,1528.410156,1511.877075,-3581.759521,1554.113892,1644.904907,-3627.354980,2616.286865,1567.764282,-3159.785645,,,,,,,,,,,,,,,,,,,,,,,,,,,,,,,,,
7262,72.620000,0.000000,0.000000,0.000000,1.000000,0.000000,0.000000,0.000000,57.698101,20.499701,-14.700500,0.047771,-0.013570,0.015998,-15.666301,-52.738201,18.801300,-93.396698,0.129960,17.611099,-0.219330,-0.487318,-0.684013,0.496529,1547.050537,1559.059082,-3622.677246,1546.953857,1478.019287,-3629.879639,1562.604858,1600.988770,-3651.219727,1526.634277,1512.148315,-3581.915527,1552.008789,1645.080566,-3627.693848,1547.178955,1478.240356,-3629.995117,1562.390869,1600.915771,-3651.267090,1526.463867,1512.178101,-3581.785889,1552.187744,1644.916992,-3627.669434,2616.282715,1567.705444,-3159.766602,,,,,,,,,,,,,,,,,,,,,,,,,,,,,,,,,
7263,72.630000,0.000000,0.000000,0.000000,1.000000,0.000000,0.000000,0.000000,57.698101,20.499701,-14.700500,0.047771,-0.013570,0.015998,-15.666301,-52.738201,18.801300,-93.396698,0.129960,17.611099,-0.220224,-0.486997,-0.683308,0.497419,1545.311157,1559.274048,-3622.953857,1545.268677,1478.228760,-3630.095703,1560.749878,1601.196411,-3651.569824,1525.048462,1512.375122,-3582.101807,1550.177856,1645.296265,-3628.047852,1545.247681,1478.312622,-3630.192627,1560.867920,1601.186035,-3651.602539,1525.062500,1512.499268,-3582.009766,1550.055298,1645.082642,-3628.004395,2616.320557,1567.721802,-3159.763428,,,,,,,,,,,,,,,,,,,,,,,,,,,,,,,,,
7264,72.640000,0.000000,0.000000,0.000000,1.000000,0.000000,0.000000,0.000000,57.698101,20.499701,-14.700500,0.047771,-0.013570,0.015998,-15.666301,-52.738201,18.801300,-93.396698,0.129960,17.611099,-0.221908,-0.486217,-0.682740,0.498213,1543.509399,1559.479858,-3623.178711,1543.410522,1478.428833,-3630.254150,1558.844482,1601.373657,-3651.891846,1523.398804,1512.620972,-3582.205811,1548.383545,1645.496094,-3628.362793,1543.237793,1478.261353,-3630.218018,1559.097534,1601.505859,-3651.916260,1523.536743,1512.745117,-3582.265625,1548.167969,1645.406494,-3628.313721,2616.289795,1567.734131,-3159.767822,,,,,,,,,,,,,,,,,,,,,,,,,,,,,,,,,
7265,72.650000,0.000000,0.000000,0.000000,1.000000,0.000000,0.000000,0.000000,57.698101,20.499701,-14.700500,0.047771,-0.013570,0.015998,-15.666301,-52.738201,18.801300,-93.396698,0.129960,17.611099,-0.222531,-0.486292,-0.682246,0.498538,1541.646851,1559.565918,-3623.414307,1541.568237,1478.507446,-3630.404053,1556.929077,1601.434814,-3652.191895,1521.606934,1512.743164,-3582.365479,1546.483032,1645.578491,-3628.695801,1541.595947,1478.319092,-3630.348389,1556.836914,1601.452759,-3652.172363,1521.604248,1512.778198,-3582.446533,1546.555298,1645.703857,-3628.683838,2616.275879,1567.746094,-3159.795898,,,,,,,,,,,,,,,,,,,,,,,,,,,,,,,,,
7266,72.660000,0.000000,0.000000,0.000000,1.000000,0.000000,0.000000,0.000000,57.698101,20.499701,-14.700500,0.047771,-0.013570,0.015998,-15.666301,-52.738201,18.801300,-93.396698,0.129960,17.611099,-0.221007,-0.488437,-0.682000,0.497456,1539.598755,1559.566528,-3623.653564,1539.653564,1478.493286,-3630.470703,1554.979126,1601.392700,-3652.441162,1519.403320,1512.806763,-3582.609131,1544.358887,1645.573486,-3629.093506,1539.849487,1478.425781,-3630.494629,1554.698120,1601.417603,-3652.483887,1519.237549,1512.766846,-3582.549072,1544.608887,1645.660889,-3629.090088,2616.281982,1567.750366,-3159.789551,,,,,,,,,,,,,,,,,,,,,,,,,,,,,,,,,
7267,72.670000,0.000000,0.000000,0.000000,1.000000,0.000000,0.000000,0.000000,57.698101,20.499701,-14.700500,0.047771,-0.013570,0.015998,-15.666301,-52.738201,18.801300,-93.396698,0.129960,17.611099,-0.221654,-0.488541,-0.681971,0.497105,1537.635742,1559.517578,-3623.821289,1537.603638,1478.437866,-3630.559814,1553.046509,1601.300049,-3652.656250,1517.410522,1512.818726,-3582.722168,1542.482544,1645.514282,-3629.346680,1537.674805,1478.302246,-3630.655762,1553.031616,1601.437256,-3652.722656,1517.332275,1512.944580,-3582.597656,1542.502930,1645.390381,-3629.307617,2616.306641,1567.767700,-3159.776367,,,,,,,,,,,,,,,,,,,,,,,,,,,,,,,,,
7268,72.680000,0.000000,0.000000,0.000000,1.000000,0.000000,0.000000,0.000000,57.698101,20.499701,-14.700500,0.047771,-0.013570,0.015998,-15.666301,-52.738201,18.801300,-93.396698,0.129960,17.611099,-0.224356,-0.487125,-0.681681,0.497680,1535.647339,1559.365356,-3624.123291,1535.398315,1478.280640,-3630.797607,1550.982666,1601.091309,-3653.080078,1515.557739,1512.743042,-3582.871094,1540.650757,1645.346924,-3629.744629,1535.283081,1478.195801,-3630.824463,1551.190063,1601.194824,-3653.084961,1515.677856,1512.977417,-3582.896973,1540.431274,1645.084839,-3629.680420,2616.306396,1567.752930,-3159.775635,,,,,,,,,,,,,,,,,,,,,,,,,,,,,,,,,
7269,72.690000,0.000000,0.000000,0.000000,1.000000,0.000000,0.000000,0.000000,57.698101,20.499701,-14.700500,0.047771,-0.013570,0.015998,-15.666301,-52.738201,18.801300,-93.396698,0.129960,17.611099,-0.224991,-0.486876,-0.681608,0.497737,1533.652832,1559.105835,-3624.312988,1533.348633,1478.019043,-3630.959229,1548.977417,1600.813110,-3653.302002,1513.585815,1512.509155,-3583.020996,1538.699097,1645.082520,-3629.969238,1533.446289,1478.156250,-3630.947998,1548.824341,1600.682495,-3653.310059,1513.541016,1512.553833,-3583.067139,1538.795654,1645.026611,-3629.924805,2616.294434,1567.762451,-3159.782715,,,,,,,,,,,,,,,,,,,,,,,,,,,,,,,,,
7270,72.700000,0.000000,0.000000,0.000000,1.000000,0.000000,0.000000,0.000000,57.698101,20.499701,-14.700500,0.047771,-0.013570,0.015998,-15.666301,-52.738201,18.801300,-93.396698,0.129960,17.611099,-0.223420,-0.488560,-0.681513,0.496923,1531.589233,1558.777954,-3624.518066,1531.418579,1477.682983,-3631.069092,1546.993286,1600.470215,-3653.486816,1511.392944,1512.204590,-3583.262695,1536.552368,1644.754150,-3630.253906,1531.552612,1477.852417,-3631.101562,1546.876221,1600.424805,-3653.593262,1511.257202,1512.103271,-3583.156250,1536.668457,1644.736572,-3630.219482,2616.308105,1567.756348,-3159.774902,,,,,,,,,,,,,,,,,,,,,,,,,,,,,,,,,
7271,72.710000,0.000000,0.000000,0.000000,1.000000,0.000000,0.000000,0.000000,57.698101,20.499701,-14.700500,0.047771,-0.013570,0.015998,-15.666301,-52.738201,18.801300,-93.396698,0.129960,17.611099,-0.225174,-0.487045,-0.681357,0.497833,1529.429565,1558.407593,-3624.719727,1529.146240,1477.316650,-3631.316162,1544.734253,1600.101196,-3653.738770,1509.387329,1511.830566,-3583.393311,1534.450317,1644.382080,-3630.430176,1529.046265,1477.159790,-3631.362793,1544.935059,1600.231812,-3653.771240,1509.461060,1511.984253,-3583.358643,1534.278809,1644.254517,-3630.386230,2616.306396,1567.758911,-3159.762451,,,,,,,,,,,,,,,,,,,,,,,,,,,,,,,,,
7272,72.720000,0.000000,0.000000,0.000000,1.000000,0.000000,0.000000,0.000000,57.698101,20.499701,-14.700500,0.047771,-0.013570,0.015998,-15.666301,-52.738201,18.801300,-93.396698,0.129960,17.611099,-0.226797,-0.486127,-0.680959,0.498536,1527.470581,1558.100586,-3624.874756,1527.109131,1477.006958,-3631.434814,1542.686035,1599.771851,-3653.973145,1507.563843,1511.554321,-3583.448486,1532.523438,1644.069458,-3630.642822,1527.083984,1476.776001,-3631.444580,1542.695435,1599.846558,-3653.928711,1507.599854,1511.685669,-3583.486572,1532.503296,1644.074463,-3630.641846,2616.313721,1567.725342,-3159.772461,,,,,,,,,,,,,,,,,,,,,,,,,,,,,,,,,
7273,72.730000,0.000000,0.000000,0.000000,1.000000,0.000000,0.000000,0.000000,57.698101,20.499701,-14.700500,0.047771,-0.013570,0.015998,-15.666301,-52.738201,18.801300,-93.396698,0.129960,17.611099,-0.225646,-0.487505,-0.681013,0.497638,1525.311157,1557.640503,-3625.036133,1525.012451,1476.539673,-3631.509521,1540.618774,1599.287354,-3654.120850,1505.266846,1511.129883,-3583.636230,1530.346191,1643.605469,-3630.877930,1525.177368,1476.508667,-3631.525635,1540.389648,1599.249878,-3654.178711,1505.122314,1511.067871,-3583.581787,1530.556396,1643.742310,-3630.860352,2616.313477,1567.745117,-3159.755615,,,,,,,,,,,,,,,,,,,,,,,,,,,,,,,,,
7274,72.740000,0.000000,0.000000,0.000000,1.000000,0.000000,0.000000,0.000000,57.698101,20.499701,-14.700500,0.047771,-0.013570,0.015998,-15.666301,-52.738201,18.801300,-93.396698,0.129960,17.611099,-0.227078,-0.487038,-0.681363,0.496964,1523.137695,1557.203857,-3625.110596,1522.595703,1476.099365,-3631.522461,1538.518311,1598.784790,-3654.251221,1503.026367,1510.782104,-3583.643555,1528.410278,1643.149658,-3631.025391,1522.565063,1475.767822,-3631.553467,1538.598022,1598.944336,-3654.317383,1503.036377,1510.918823,-3583.611328,1528.353882,1643.145630,-3630.970459,2616.301758,1567.755493,-3159.789551,,,,,,,,,,,,,,,,,,,,,,,,,,,,,,,,,
7275,72.750000,0.000000,0.000000,0.000000,1.000000,0.000000,0.000000,0.000000,57.698101,20.499701,-14.700500,0.047771,-0.013570,0.015998,-15.666301,-52.738201,18.801300,-93.396698,0.129960,17.611099,-0.227650,-0.487209,-0.680912,0.497153,1521.052612,1556.787109,-3625.192627,1520.522705,1475.675049,-3631.510010,1536.394775,1598.337769,-3654.396484,1500.993286,1510.408813,-3583.651855,1526.299683,1642.727173,-3631.211914,1520.482422,1475.546021,-3631.541748,1536.473145,1598.372559,-3654.407959,1501.053711,1510.640869,-3583.681396,1526.198975,1642.602539,-3631.139893,2616.278809,1567.764893,-3159.785645,,,,,,,,,,,,,,,,,,,,,,,,,,,,,,,,,
7276,72.760000,0.000000,0.000000,0.000000,1.000000,0.000000,0.000000,0.000000,57.698101,20.499701,-14.700500,0.047771,-0.013570,0.015998,-15.666301,-52.738201,18.801300,-93.396698,0.129960,17.611099,-0.227531,-0.487728,-0.681456,0.495952,1518.869751,1556.282959,-3625.203369,1518.204956,1475.168335,-3631.473145,1534.348877,1597.787842,-3654.400146,1498.638794,1509.966553,-3583.676758,1524.286377,1642.209595,-3631.263428,1518.406860,1475.231689,-3631.510010,1534.071045,1597.706543,-3654.444580,1498.478638,1509.929688,-3583.617188,1524.517090,1642.262207,-3631.245117,2616.309814,1567.769897,-3159.785645,,,,,,,,,,,,,,,,,,,,,,,,,,,,,,,,,
7277,72.770000,0.000000,0.000000,0.000000,1.000000,0.000000,0.000000,0.000000,57.698101,20.499701,-14.700500,0.047771,-0.013570,0.015998,-15.666301,-52.738201,18.801300,-93.396698,0.129960,17.611099,-0.227940,-0.487949,-0.682134,0.494613,1516.704956,1555.809570,-3625.167236,1515.821289,1474.692993,-3631.384521,1532.337158,1597.251953,-3654.371338,1496.291504,1509.577148,-3583.635986,1522.369629,1641.716675,-3631.276367,1515.823608,1474.629761,-3631.419434,1532.396118,1597.396362,-3654.449219,1496.263672,1509.610962,-3583.555664,1522.339966,1641.610718,-3631.248047,2616.270752,1567.761841,-3159.780762,,,,,,,,,,,,,,,,,,,,,,,,,,,,,,,,,
7278,72.780000,0.000000,0.000000,0.000000,1.000000,0.000000,0.000000,0.000000,57.698101,20.499701,-14.700500,0.047771,-0.013570,0.015998,-15.666301,-52.738201,18.801300,-93.396698,0.129960,17.611099,-0.227928,-0.488491,-0.681491,0.494970,1514.605957,1555.312744,-3625.125732,1513.833984,1474.187622,-3631.246338,1530.178467,1596.741821,-3654.380615,1494.260132,1509.101685,-3583.537842,1520.151245,1641.220337,-3631.337891,1513.760742,1474.258057,-3631.261963,1530.326050,1596.814453,-3654.404541,1494.322754,1509.195801,-3583.531982,1520.000000,1640.946655,-3631.299561,2616.305420,1567.777832,-3159.779053,,,,,,,,,,,,,,,,,,,,,,,,,,,,,,,,,
7279,72.790000,0.000000,0.000000,0.000000,1.000000,0.000000,0.000000,0.000000,57.698101,20.499701,-14.700500,0.047771,-0.013570,0.015998,-15.666301,-52.738201,18.801300,-93.396698,0.129960,17.611099,-0.227538,-0.488903,-0.681833,0.494272,1512.408569,1554.768799,-3625.056885,1511.588989,1473.643311,-3631.166260,1528.062988,1596.181885,-3654.290771,1491.955566,1508.578979,-3583.498047,1518.026978,1640.671265,-3631.272949,1511.780762,1473.860718,-3631.153564,1527.794189,1596.062256,-3654.345703,1491.801392,1508.433594,-3583.463379,1518.256958,1640.724609,-3631.268555,2616.299561,1567.736328,-3159.782715,,,,,,,,,,,,,,,,,,,,,,,,,,,,,,,,,
7280,72.800000,0.000000,0.000000,0.000000,1.000000,0.000000,0.000000,0.000000,57.698101,20.499701,-14.700500,0.047771,-0.013570,0.015998,-15.666301,-52.738201,18.801300,-93.396698,0.129960,17.611099,-0.228049,-0.488802,-0.682228,0.493590,1510.160034,1554.291626,-3624.942871,1509.189331,1473.166016,-3631.028320,1525.893066,1595.666870,-3654.187744,1489.618774,1508.152100,-3583.371338,1515.938965,1640.181641,-3631.183594,1509.129639,1473.045776,-3631.041504,1526.006836,1595.722778,-3654.227783,1489.672241,1508.286133,-3583.379639,1515.831055,1640.112549,-3631.121826,2616.303711,1567.726685,-3159.760254,,,,,,,,,,,,,,,,,,,,,,,,,,,,,,,,,
7281,72.810000,0.000000,0.000000,0.000000,1.000000,0.000000,0.000000,0.000000,57.698101,20.499701,-14.700500,0.047771,-0.013570,0.015998,-15.666301,-52.738201,18.801300,-93.396698,0.129960,17.611099,-0.227527,-0.489670,-0.681684,0.493722,1508.060181,1553.924194,-3624.758545,1507.228516,1472.790283,-3630.752686,1523.760864,1595.291626,-3654.031982,1487.544312,1507.798828,-3583.158936,1513.707153,1639.816406,-3631.090088,1507.167236,1472.631226,-3630.811035,1523.887939,1595.353882,-3654.041016,1487.606323,1508.003662,-3583.142578,1513.577759,1639.712036,-3631.038818,2616.327881,1567.735840,-3159.766113,,,,,,,,,,,,,,,,,,,,,,,,,,,,,,,,,
7282,72.820000,0.000000,0.000000,0.000000,1.000000,0.000000,0.000000,0.000000,57.698101,20.499701,-14.700500,0.047771,-0.013570,0.015998,-15.666301,-52.738201,18.801300,-93.396698,0.129960,17.611099,-0.226105,-0.490945,-0.682047,0.492607,1505.704346,1553.469849,-3624.567627,1504.906738,1472.333008,-3630.526123,1521.531616,1594.824585,-3653.791260,1485.007690,1507.362793,-3583.037354,1511.371582,1639.359497,-3630.916016,1505.091187,1472.286743,-3630.547363,1521.280762,1594.740967,-3653.869629,1484.844971,1507.293823,-3582.974365,1511.607422,1639.572144,-3630.881348,2616.296143,1567.744995,-3159.773926,,,,,,,,,,,,,,,,,,,,,,,,,,,,,,,,,
7283,72.830000,0.000000,0.000000,0.000000,1.000000,0.000000,0.000000,0.000000,57.698101,20.499701,-14.700500,0.047771,-0.013570,0.015998,-15.666301,-52.738201,18.801300,-93.396698,0.129960,17.611099,-0.227589,-0.489748,-0.682400,0.492627,1503.349854,1553.134888,-3624.356201,1502.345947,1472.003174,-3630.354492,1519.183228,1594.468262,-3653.606445,1482.673584,1507.053955,-3582.786865,1509.196777,1639.014526,-3630.677246,1502.298584,1471.615601,-3630.381836,1519.245239,1594.585693,-3653.613525,1482.713501,1507.237305,-3582.798828,1509.138794,1639.040771,-3630.638672,2616.264648,1567.783691,-3159.798828,,,,,,,,,,,,,,,,,,,,,,,,,,,,,,,,,
7284,72.840000,0.000000,0.000000,0.000000,1.000000,0.000000,0.000000,0.000000,57.698101,20.499701,-14.700500,0.047771,-0.013570,0.015998,-15.666301,-52.738201,18.801300,-93.396698,0.129960,17.611099,-0.226153,-0.491022,-0.682525,0.491847,1501.127563,1552.786133,-3624.098145,1500.212524,1471.650391,-3630.054932,1517.046021,1594.115845,-3653.306885,1480.320435,1506.711670,-3582.586670,1506.931396,1638.666870,-3630.443359,1500.239258,1471.547119,-3630.120117,1517.073486,1594.188232,-3653.364014,1480.297729,1506.880493,-3582.527100,1506.897095,1638.530640,-3630.374756,2616.301758,1567.734009,-3159.781494,,,,,,,,,,,,,,,,,,,,,,,,,,,,,,,,,
7285,72.850000,0.000000,0.000000,0.000000,1.000000,0.000000,0.000000,0.000000,57.698101,20.499701,-14.700500,0.047771,-0.013570,0.015998,-15.666301,-52.738201,18.801300,-93.396698,0.129960,17.611099,-0.226179,-0.491007,-0.683135,0.491000,1498.783447,1552.402832,-3623.840088,1497.729614,1471.270142,-3629.815430,1514.806519,1593.710205,-3653.023438,1477.850098,1506.356934,-3582.360840,1504.747559,1638.274414,-3630.160889,1497.943359,1471.377075,-3629.916016,1514.568970,1593.618408,-3653.057861,1477.669800,1506.322021,-3582.228271,1504.948486,1638.294434,-3630.161377,2616.333008,1567.767700,-3159.763428,,,,,,,,,,,,,,,,,,,,,,,,,,,,,,,,,
7286,72.860000,0.000000,0.000000,0.000000,1.000000,0.000000,0.000000,0.000000,57.698101,20.499701,-14.700500,0.047771,-0.013570,0.015998,-15.666301,-52.738201,18.801300,-93.396698,0.129960,17.611099,-0.227370,-0.489778,-0.683372,0.491349,1496.607300,1552.068848,-3623.654541,1495.414795,1470.943115,-3629.699219,1512.601929,1593.378784,-3652.849854,1475.733032,1506.016602,-3582.152344,1502.679199,1637.937134,-3629.916748,1495.257446,1470.854858,-3629.666016,1512.844116,1593.545166,-3652.864014,1475.859863,1506.120361,-3582.199951,1502.469971,1637.753540,-3629.885986,2616.312500,1567.721069,-3159.762451,,,,,,,,,,,,,,,,,,,,,,,,,,,,,,,,,
7287,72.870000,0.000000,0.000000,0.000000,1.000000,0.000000,0.000000,0.000000,57.698101,20.499701,-14.700500,0.047771,-0.013570,0.015998,-15.666301,-52.738201,18.801300,-93.396698,0.129960,17.611099,-0.226314,-0.489845,-0.683468,0.491636,1494.282593,1551.695679,-3623.451904,1493.208252,1470.575562,-3629.593018,1510.258057,1593.061523,-3652.578613,1473.418335,1505.566528,-3582.030273,1500.245605,1637.579468,-3629.605713,1493.245361,1470.756836,-3629.557129,1510.210693,1593.043091,-3652.610596,1473.400269,1505.552979,-3582.057861,1500.281250,1637.438477,-3629.575439,2616.325928,1567.726562,-3159.761475,,,,,,,,,,,,,,,,,,,,,,,,,,,,,,,,,
7288,72.880000,0.000000,0.000000,0.000000,1.000000,0.000000,0.000000,0.000000,57.698101,20.499701,-14.700500,0.047771,-0.013570,0.015998,-15.666301,-52.738201,18.801300,-93.396698,0.129960,17.611099,-0.226324,-0.489683,-0.684007,0.491042,1491.921265,1551.425049,-3623.188477,1490.735352,1470.309448,-3629.368652,1507.974731,1592.781738,-3652.285156,1470.964355,1505.306274,-3581.802246,1498.010620,1637.303101,-3629.297852,1490.804321,1470.323120,-3629.377686,1507.877075,1592.740845,-3652.296631,1470.911499,1505.295532,-3581.790527,1498.091431,1637.340698,-3629.289795,2616.293457,1567.763916,-3159.776855,,,,,,,,,,,,,,,,,,,,,,,,,,,,,,,,,
7289,72.890000,0.000000,0.000000,0.000000,1.000000,0.000000,0.000000,0.000000,57.698101,20.499701,-14.700500,0.047771,-0.013570,0.015998,-15.666301,-52.738201,18.801300,-93.396698,0.129960,17.611099,-0.226335,-0.489608,-0.683419,0.491930,1489.534912,1551.248413,-3622.989014,1488.483276,1470.130371,-3629.160889,1505.480347,1592.630737,-3652.108643,1468.709229,1505.096436,-3581.573242,1495.466553,1637.136475,-3629.112793,1488.365601,1469.879517,-3629.195801,1505.666748,1592.730469,-3652.117188,1468.832397,1505.392700,-3581.612305,1495.272339,1636.998535,-3629.032471,2616.274658,1567.750000,-3159.792236,,,,,,,,,,,,,,,,,,,,,,,,,,,,,,,,,
7290,72.900000,0.000000,0.000000,0.000000,1.000000,0.000000,0.000000,0.000000,57.698101,20.499701,-14.700500,0.047771,-0.013570,0.015998,-15.666301,-52.738201,18.801300,-93.396698,0.129960,17.611099,-0.226055,-0.489236,-0.683544,0.492255,1487.081299,1551.097412,-3622.817383,1486.062744,1469.985474,-3629.074463,1503.001953,1592.517090,-3651.897217,1466.285645,1504.892944,-3581.445068,1492.974731,1636.994385,-3628.852051,1486.205566,1469.870850,-3629.127197,1502.831055,1592.495239,-3651.936768,1466.176025,1504.951416,-3581.393555,1493.115967,1637.068237,-3628.814209,2616.289062,1567.758057,-3159.782715,,,,,,,,,,,,,,,,,,,,,,,,,,,,,,,,,
7291,72.910000,0.000000,0.000000,0.000000,1.000000,0.000000,0.000000,0.000000,57.698101,20.499701,-14.700500,0.047771,-0.013570,0.015998,-15.666301,-52.738201,18.801300,-93.396698,0.129960,17.611099,-0.226112,-0.488811,-0.684121,0.491849,1484.638916,1550.937378,-3622.628418,1483.510376,1469.832642,-3628.959229,1500.621094,1592.361572,-3651.668213,1463.773071,1504.723999,-3581.301514,1490.651123,1636.831665,-3628.584717,1483.625122,1469.767700,-3629.030518,1500.536621,1592.440552,-3651.762207,1463.630859,1504.680420,-3581.142822,1490.751587,1636.857910,-3628.569824,2616.315430,1567.758301,-3159.773438,,,,,,,,,,,,,,,,,,,,,,,,,,,,,,,,,
7292,72.920000,0.000000,0.000000,0.000000,1.000000,0.000000,0.000000,0.000000,57.698101,20.499701,-14.700500,0.047771,-0.013570,0.015998,-15.666301,-52.738201,18.801300,-93.396698,0.129960,17.611099,-0.227693,-0.487162,-0.683784,0.493222,1482.390747,1550.779175,-3622.501465,1481.221924,1469.680786,-3628.906494,1498.222778,1592.230957,-3651.584229,1461.739502,1504.526489,-3581.110596,1488.378662,1636.678833,-3628.403809,1481.088257,1469.649780,-3628.920654,1498.489990,1592.325317,-3651.641602,1461.850342,1504.665161,-3581.109131,1488.133179,1636.462280,-3628.330322,2616.312012,1567.740112,-3159.769775,,,,,,,,,,,,,,,,,,,,,,,,,,,,,,,,,
7293,72.930000,0.000000,0.000000,0.000000,1.000000,0.000000,0.000000,0.000000,57.698101,20.499701,-14.700500,0.047771,-0.013570,0.015998,-15.666301,-52.738201,18.801300,-93.396698,0.129960,17.611099,-0.227877,-0.486292,-0.683747,0.494046,1480.027954,1550.507690,-3622.453125,1478.894287,1469.417358,-3628.965576,1495.779541,1592.007935,-3651.510498,1459.483765,1504.187012,-3581.085205,1485.954102,1636.418701,-3628.251221,1479.026611,1469.587646,-3628.953613,1495.599487,1591.917969,-3651.555908,1459.385742,1504.115234,-3581.072998,1486.101196,1636.416504,-3628.231201,2616.297363,1567.698120,-3159.761719,,,,,,,,,,,,,,,,,,,,,,,,,,,,,,,,,
7294,72.940000,0.000000,0.000000,0.000000,1.000000,0.000000,0.000000,0.000000,57.698101,20.499701,-14.700500,0.047771,-0.013570,0.015998,-15.666301,-52.738201,18.801300,-93.396698,0.129960,17.611099,-0.226810,-0.486700,-0.683951,0.493853,1477.680664,1550.270508,-3622.369385,1476.622437,1469.183350,-3628.933105,1493.463013,1591.800293,-3651.367676,1457.083008,1503.909302,-3581.073486,1483.554077,1636.189575,-3628.102783,1476.682983,1469.180054,-3628.968506,1493.436157,1591.854248,-3651.457275,1457.009033,1503.911987,-3580.988525,1483.591064,1636.137695,-3628.062744,2616.300049,1567.762695,-3159.767334,,,,,,,,,,,,,,,,,,,,,,,,,,,,,,,,,
7295,72.950000,0.000000,0.000000,0.000000,1.000000,0.000000,0.000000,0.000000,57.698101,20.499701,-14.700500,0.047771,-0.013570,0.015998,-15.666301,-52.738201,18.801300,-93.396698,0.129960,17.611099,-0.228167,-0.485322,-0.683321,0.495454,1475.370850,1550.131348,-3622.336182,1474.349731,1469.047607,-3628.948242,1490.970215,1591.693726,-3651.386475,1455.022705,1503.725098,-3580.967285,1481.140869,1636.059204,-3628.042480,1474.208862,1468.779907,-3628.963623,1491.200073,1591.870605,-3651.425293,1455.130615,1503.924316,-3580.979248,1480.944336,1635.942261,-3627.978271,2616.305664,1567.744141,-3159.778076,,,,,,,,,,,,,,,,,,,,,,,,,,,,,,,,,
7296,72.960000,0.000000,0.000000,0.000000,1.000000,0.000000,0.000000,0.000000,57.698101,20.499701,-14.700500,0.047771,-0.013570,0.015998,-15.666301,-52.738201,18.801300,-93.396698,0.129960,17.611099,-0.228817,-0.484805,-0.682958,0.496161,1473.061646,1549.977173,-3622.329590,1472.062744,1468.893188,-3628.941895,1488.576538,1591.547729,-3651.413574,1452.828003,1503.560303,-3580.916504,1478.779297,1635.907837,-3628.046143,1472.232910,1468.721191,-3628.960205,1488.306152,1591.489502,-3651.412842,1452.723267,1503.641235,-3580.934570,1478.989136,1636.050415,-3628.008545,2616.285889,1567.750732,-3159.767334,,,,,,,,,,,,,,,,,,,,,,,,,,,,,,,,,
7297,72.970000,0.000000,0.000000,0.000000,1.000000,0.000000,0.000000,0.000000,57.698101,20.499701,-14.700500,0.047771,-0.013570,0.015998,-15.666301,-52.738201,18.801300,-93.396698,0.129960,17.611099,-0.226959,-0.486116,-0.683064,0.495586,1470.803833,1549.752319,-3622.336182,1469.956787,1468.666138,-3628.943848,1486.385132,1591.343262,-3651.355713,1450.456421,1503.309204,-3581.008301,1476.417114,1635.690918,-3628.036621,1470.110352,1468.683350,-3629.043457,1486.267944,1591.412842,-3651.451172,1450.263550,1503.212036,-3580.785156,1476.552612,1635.690918,-3628.041748,2616.301270,1567.737671,-3159.774658,,,,,,,,,,,,,,,,,,,,,,,,,,,,,,,,,
7298,72.980000,0.000000,0.000000,0.000000,1.000000,0.000000,0.000000,0.000000,57.698101,20.499701,-14.700500,0.047771,-0.013570,0.015998,-15.666301,-52.738201,18.801300,-93.396698,0.129960,17.611099,-0.230479,-0.483700,-0.682432,0.497192,1468.629761,1549.453369,-3622.455078,1467.585205,1468.368408,-3629.048340,1484.018188,1591.015869,-3651.617676,1448.578369,1503.047729,-3580.940918,1474.337158,1635.381958,-3628.213379,1467.459106,1468.179688,-3629.086182,1484.280518,1591.166748,-3651.705322,1448.669678,1503.233643,-3580.909424,1474.115479,1635.234131,-3628.122314,2616.304199,1567.746460,-3159.768555,,,,,,,,,,,,,,,,,,,,,,,,,,,,,,,,,
7299,72.990000,0.000000,0.000000,0.000000,1.000000,0.000000,0.000000,0.000000,57.698101,20.499701,-14.700500,0.047771,-0.013570,0.015998,-15.666301,-52.738201,18.801300,-93.396698,0.129960,17.611099,-0.231818,-0.482788,-0.682034,0.498002,1466.622925,1549.168335,-3622.540527,1465.536621,1468.082886,-3629.121826,1481.912354,1590.724731,-3651.763916,1446.715454,1502.770874,-3580.947754,1472.327393,1635.095093,-3628.328125,1465.616943,1468.159058,-3629.138672,1481.755127,1590.585327,-3651.688721,1446.693359,1502.864502,-3581.005859,1472.411377,1635.053345,-3628.322510,2616.289062,1567.731445,-3159.760986,,,,,,,,,,,,,,,,,,,,,,,,,,,,,,,,,
7300,73.000000,0.000000,0.000000,0.000000,1.000000,0.000000,0.000000,0.000000,57.698101,20.499701,-14.700500,0.047771,-0.013570,0.015998,-15.666301,-52.738201,18.801300,-93.396698,0.129960,17.611099,-0.230121,-0.484473,-0.681900,0.497335,1464.644287,1548.728394,-3622.608154,1463.721191,1467.634399,-3629.109131,1479.999023,1590.279175,-3651.805176,1444.622925,1502.341797,-3581.058350,1470.234131,1634.658325,-3628.460205,1463.910645,1467.822510,-3629.193359,1479.815674,1590.182617,-3651.875977,1444.471191,1502.324097,-3580.944824,1470.384888,1634.595459,-3628.425537,2616.300781,1567.750732,-3159.774902,,,,,,,,,,,,,,,,,,,,,,,,,,,,,,,,,
7301,73.010000,0.000000,0.000000,0.000000,1.000000,0.000000,0.000000,0.000000,57.698101,20.499701,-14.700500,0.047771,-0.013570,0.015998,-15.666301,-52.738201,18.801300,-93.396698,0.129960,17.611099,-0.231040,-0.483582,-0.681858,0.497834,1462.694946,1548.334717,-3622.776123,1461.707886,1467.244507,-3629.314209,1477.996582,1589.891113,-3651.992920,1442.756592,1501.939209,-3581.196045,1468.319092,1634.264404,-3628.600586,1461.689453,1467.259888,-3629.396729,1478.143311,1589.969604,-3652.108398,1442.736206,1501.976562,-3581.048340,1468.215820,1634.132935,-3628.548584,2616.292480,1567.744995,-3159.772949,,,,,,,,,,,,,,,,,,,,,,,,,,,,,,,,,
7302,73.020000,0.000000,0.000000,0.000000,1.000000,0.000000,0.000000,0.000000,57.698101,20.499701,-14.700500,0.047771,-0.013570,0.015998,-15.666301,-52.738201,18.801300,-93.396698,0.129960,17.611099,-0.233605,-0.481465,-0.681769,0.498809,1460.940063,1548.040283,-3622.900635,1459.744263,1466.956909,-3629.488281,1476.133667,1589.585938,-3652.189209,1441.181274,1501.656250,-3581.222412,1466.701294,1633.962280,-3628.702881,1459.613159,1466.784912,-3629.473877,1476.305664,1589.626465,-3652.183594,1441.320923,1501.875366,-3581.315186,1466.521606,1633.883057,-3628.635254,2616.309082,1567.731201,-3159.772217,,,,,,,,,,,,,,,,,,,,,,,,,,,,,,,,,
7303,73.030000,0.000000,0.000000,0.000000,1.000000,0.000000,0.000000,0.000000,57.698101,20.499701,-14.700500,0.047771,-0.013570,0.015998,-15.666301,-52.738201,18.801300,-93.396698,0.129960,17.611099,-0.233438,-0.481340,-0.681446,0.499449,1459.329590,1547.696289,-3622.980957,1458.234375,1466.613525,-3629.593994,1474.449707,1589.271118,-3652.266357,1439.658813,1501.273193,-3581.304443,1464.975342,1633.627563,-3628.759033,1458.352051,1466.548706,-3629.588379,1474.199341,1589.144897,-3652.188965,1439.607788,1501.366577,-3581.388428,1465.138794,1633.715088,-3628.749268,2616.287354,1567.750610,-3159.781738,,,,,,,,,,,,,,,,,,,,,,,,,,,,,,,,,
7304,73.040000,0.000000,0.000000,0.000000,1.000000,0.000000,0.000000,0.000000,57.698101,20.499701,-14.700500,0.047771,-0.013570,0.015998,-15.666301,-52.738201,18.801300,-93.396698,0.129960,17.611099,-0.231609,-0.482847,-0.682389,0.497556,1457.669800,1547.348755,-3623.115967,1456.530273,1466.265869,-3629.719727,1473.017090,1588.901489,-3652.314209,1437.689331,1500.954956,-3581.554199,1463.442505,1633.272827,-3628.875732,1456.702759,1466.196533,-3629.755615,1472.809570,1588.976807,-3652.408203,1437.497192,1500.831299,-3581.416504,1463.661499,1633.389771,-3628.879150,2616.320068,1567.757202,-3159.764648,,,,,,,,,,,,,,,,,,,,,,,,,,,,,,,,,
7305,73.050000,0.000000,0.000000,0.000000,1.000000,0.000000,0.000000,0.000000,57.698101,20.499701,-14.700500,0.047771,-0.013570,0.015998,-15.666301,-52.738201,18.801300,-93.396698,0.129960,17.611099,-0.232595,-0.482217,-0.682986,0.496886,1455.990356,1546.929565,-3623.239014,1454.620728,1465.851074,-3629.853271,1471.421265,1588.444214,-3652.447510,1435.925781,1500.584961,-3581.662842,1461.993408,1632.838257,-3628.992676,1454.629395,1465.618408,-3629.921143,1471.494751,1588.661743,-3652.561279,1435.873047,1500.617676,-3581.525879,1461.972656,1632.822510,-3628.964600,2616.295654,1567.755371,-3159.771729,,,,,,,,,,,,,,,,,,,,,,,,,,,,,,,,,
7306,73.060000,0.000000,0.000000,0.000000,1.000000,0.000000,0.000000,0.000000,57.698101,20.499701,-14.700500,0.047771,-0.013570,0.015998,-15.666301,-52.738201,18.801300,-93.396698,0.129960,17.611099,-0.233712,-0.481529,-0.683463,0.496374,1454.581055,1546.600464,-3623.368652,1452.993164,1465.526123,-3629.984863,1470.074951,1588.076904,-3652.598145,1434.459595,1500.305298,-3581.765137,1460.796509,1632.493774,-3629.126709,1452.915283,1465.314209,-3630.018311,1470.256226,1588.285278,-3652.690430,1434.504639,1500.465332,-3581.720703,1460.655640,1632.341675,-3629.051758,2616.318848,1567.731689,-3159.780762,,,,,,,,,,,,,,,,,,,,,,,,,,,,,,,,,
7307,73.070000,0.000000,0.000000,0.000000,1.000000,0.000000,0.000000,0.000000,57.698101,20.499701,-14.700500,0.047771,-0.013570,0.015998,-15.666301,-52.738201,18.801300,-93.396698,0.129960,17.611099,-0.234569,-0.481088,-0.683989,0.495671,1453.171753,1546.245850,-3623.481445,1451.375488,1465.175293,-3630.090820,1468.749756,1587.681152,-3652.724609,1432.962402,1500.004272,-3581.860840,1459.599121,1632.122925,-3629.250000,1451.415894,1465.058960,-3630.132324,1468.704956,1587.686646,-3652.716797,1432.952148,1500.170166,-3581.868896,1459.616211,1632.075073,-3629.211426,2616.292725,1567.716187,-3159.772217,,,,,,,,,,,,,,,,,,,,,,,,,,,,,,,,,
7308,73.080000,0.000000,0.000000,0.000000,1.000000,0.000000,0.000000,0.000000,57.698101,20.499701,-14.700500,0.047771,-0.013570,0.015998,-15.666301,-52.738201,18.801300,-93.396698,0.129960,17.611099,-0.234069,-0.481767,-0.685255,0.493496,1451.690918,1545.820312,-3623.627686,1449.643188,1464.754761,-3630.225586,1467.529175,1587.194946,-3652.816895,1431.154907,1499.658569,-3582.078369,1458.436279,1631.673340,-3629.389648,1449.850586,1464.836792,-3630.284180,1467.249268,1587.097656,-3652.838135,1430.991577,1499.616943,-3582.000977,1458.667114,1631.727783,-3629.390625,2616.316895,1567.684937,-3159.759521,,,,,,,,,,,,,,,,,,,,,,,,,,,,,,,,,
7309,73.090000,0.000000,0.000000,0.000000,1.000000,0.000000,0.000000,0.000000,57.698101,20.499701,-14.700500,0.047771,-0.013570,0.015998,-15.666301,-52.738201,18.801300,-93.396698,0.129960,17.611099,-0.234107,-0.482500,-0.686604,0.490880,1450.149170,1545.366943,-3623.738281,1447.752808,1464.305420,-3630.266357,1466.289551,1586.639648,-3652.906250,1429.241943,1499.340942,-3582.223633,1457.312378,1631.182373,-3629.556641,1447.862549,1464.244995,-3630.292969,1466.171997,1586.728760,-3652.992188,1429.095581,1499.217773,-3582.096924,1457.455933,1631.272583,-3629.564697,2616.310547,1567.734863,-3159.764648,,,,,,,,,,,,,,,,,,,,,,,,,,,,,,,,,
7310,73.100000,0.000000,0.000000,0.000000,1.000000,0.000000,0.000000,0.000000,57.698101,20.499701,-14.700500,0.047771,-0.013570,0.015998,-15.666301,-52.738201,18.801300,-93.396698,0.129960,17.611099,-0.236371,-0.481086,-0.686712,0.491031,1448.823608,1544.986084,-3623.868408,1446.174683,1463.930786,-3630.376221,1464.942993,1586.211304,-3653.114746,1427.981079,1499.021729,-3582.253174,1456.195435,1630.780884,-3629.729492,1446.116211,1463.811523,-3630.391113,1465.045776,1586.291016,-3653.139893,1428.017822,1499.084473,-3582.236816,1456.115479,1630.755371,-3629.707520,2616.295410,1567.716431,-3159.768555,,,,,,,,,,,,,,,,,,,,,,,,,,,,,,,,,
7311,73.110000,0.000000,0.000000,0.000000,1.000000,0.000000,0.000000,0.000000,57.698101,20.499701,-14.700500,0.047771,-0.013570,0.015998,-15.666301,-52.738201,18.801300,-93.396698,0.129960,17.611099,-0.235481,-0.481675,-0.687242,0.490139,1447.402100,1544.560303,-3624.039062,1444.722778,1463.507568,-3630.567139,1463.631714,1585.780151,-3653.232422,1426.410400,1498.602295,-3582.491699,1454.843384,1630.351562,-3629.865479,1444.649902,1463.540894,-3630.598633,1463.810547,1585.833130,-3653.290039,1426.459473,1498.658936,-3582.446289,1454.688477,1630.196899,-3629.822998,2616.291748,1567.723999,-3159.773682,,,,,,,,,,,,,,,,,,,,,,,,,,,,,,,,,
7312,73.120000,0.000000,0.000000,0.000000,1.000000,0.000000,0.000000,0.000000,57.698101,20.499701,-14.700500,0.047771,-0.013570,0.015998,-15.666301,-52.738201,18.801300,-93.396698,0.129960,17.611099,-0.234085,-0.483000,-0.687905,0.488572,1445.763916,1544.052979,-3624.182861,1443.049683,1462.998901,-3630.679932,1462.175049,1585.243042,-3653.316406,1424.524780,1498.135620,-3582.716553,1453.306274,1629.834595,-3630.018799,1443.124878,1463.145264,-3630.705566,1462.116211,1585.190308,-3653.364502,1424.472412,1498.142944,-3582.682129,1453.348755,1629.741089,-3629.981934,2616.281738,1567.699341,-3159.777588,,,,,,,,,,,,,,,,,,,,,,,,,,,,,,,,,
7313,73.130000,0.000000,0.000000,0.000000,1.000000,0.000000,0.000000,0.000000,57.698101,20.499701,-14.700500,0.047771,-0.013570,0.015998,-15.666301,-52.738201,18.801300,-93.396698,0.129960,17.611099,-0.236050,-0.482094,-0.688953,0.487041,1444.088013,1543.525146,-3624.289551,1440.921265,1462.484619,-3630.751221,1460.676147,1584.614258,-3653.465332,1422.665894,1497.739624,-3582.771240,1452.088501,1629.262207,-3630.170410,1441.056274,1462.437988,-3630.738037,1460.458374,1584.617676,-3653.503662,1422.524170,1497.603394,-3582.726318,1452.318848,1629.457520,-3630.192871,2616.284912,1567.751709,-3159.786621,,,,,,,,,,,,,,,,,,,,,,,,,,,,,,,,,
7314,73.140000,0.000000,0.000000,0.000000,1.000000,0.000000,0.000000,0.000000,57.698101,20.499701,-14.700500,0.047771,-0.013570,0.015998,-15.666301,-52.738201,18.801300,-93.396698,0.129960,17.611099,-0.237299,-0.481542,-0.689343,0.486428,1442.558350,1543.199707,-3624.424316,1439.164185,1462.165649,-3630.850830,1459.213623,1584.233276,-3653.639893,1421.074829,1497.487305,-3582.857178,1450.780518,1628.912842,-3630.348877,1439.086670,1461.974487,-3630.799561,1459.292114,1584.416504,-3653.650146,1421.105469,1497.461060,-3582.873047,1450.747803,1628.944336,-3630.368164,2616.287842,1567.776123,-3159.786621,,,,,,,,,,,,,,,,,,,,,,,,,,,,,,,,,
7315,73.150000,0.000000,0.000000,0.000000,1.000000,0.000000,0.000000,0.000000,57.698101,20.499701,-14.700500,0.047771,-0.013570,0.015998,-15.666301,-52.738201,18.801300,-93.396698,0.129960,17.611099,-0.235170,-0.483256,-0.689428,0.485642,1441.040649,1542.845825,-3624.587891,1437.818604,1461.802490,-3630.985596,1457.783813,1583.890747,-3653.737305,1419.410645,1497.120972,-3583.110840,1449.149414,1628.569336,-3630.518555,1437.776001,1461.773682,-3631.007324,1457.895752,1583.964111,-3653.785889,1419.447510,1497.225952,-3583.091064,1449.041504,1628.412354,-3630.464355,2616.297852,1567.751709,-3159.775635,,,,,,,,,,,,,,,,,,,,,,,,,,,,,,,,,
7316,73.160000,0.000000,0.000000,0.000000,1.000000,0.000000,0.000000,0.000000,57.698101,20.499701,-14.700500,0.047771,-0.013570,0.015998,-15.666301,-52.738201,18.801300,-93.396698,0.129960,17.611099,-0.234432,-0.484204,-0.689768,0.484570,1439.088623,1542.321777,-3624.731689,1435.833984,1461.275635,-3631.077148,1455.949707,1583.333496,-3653.859863,1417.298950,1496.642822,-3583.287598,1447.271606,1628.035522,-3630.702393,1435.916870,1461.323486,-3631.119385,1455.915283,1583.357544,-3653.984375,1417.214111,1496.678955,-3583.198975,1447.306519,1627.925781,-3630.622559,2616.303711,1567.727539,-3159.765625,,,,,,,,,,,,,,,,,,,,,,,,,,,,,,,,,
7317,73.170000,0.000000,0.000000,0.000000,1.000000,0.000000,0.000000,0.000000,57.698101,20.499701,-14.700500,0.047771,-0.013570,0.015998,-15.666301,-52.738201,18.801300,-93.396698,0.129960,17.611099,-0.237413,-0.482409,-0.690611,0.483708,1437.140381,1541.917847,-3624.839355,1433.391846,1460.891724,-3631.168457,1454.101562,1582.832520,-3654.045654,1415.280762,1496.364014,-3583.294189,1445.787109,1627.583252,-3630.848877,1433.558838,1460.624756,-3631.267578,1453.915405,1582.895386,-3654.071289,1415.153442,1496.483521,-3583.205078,1445.946655,1627.641235,-3630.823730,2616.305908,1567.747925,-3159.764160,,,,,,,,,,,,,,,,,,,,,,,,,,,,,,,,,
7318,73.180000,0.000000,0.000000,0.000000,1.000000,0.000000,0.000000,0.000000,57.698101,20.499701,-14.700500,0.047771,-0.013570,0.015998,-15.666301,-52.738201,18.801300,-93.396698,0.129960,17.611099,-0.236770,-0.483035,-0.691118,0.482673,1435.527100,1541.720215,-3625.034180,1431.714478,1460.696411,-3631.353760,1452.609009,1582.610840,-3654.203857,1413.508545,1496.198608,-3583.537842,1444.276123,1627.375488,-3631.040771,1431.782349,1460.599731,-3631.430420,1452.549927,1582.602051,-3654.205566,1413.483276,1496.424438,-3583.516602,1444.295044,1627.272461,-3630.982910,2616.303955,1567.740112,-3159.782715,,,,,,,,,,,,,,,,,,,,,,,,,,,,,,,,,
7319,73.190000,0.000000,0.000000,0.000000,1.000000,0.000000,0.000000,0.000000,57.698101,20.499701,-14.700500,0.047771,-0.013570,0.015998,-15.666301,-52.738201,18.801300,-93.396698,0.129960,17.611099,-0.236957,-0.483093,-0.691042,0.482631,1433.660645,1541.446899,-3625.245605,1429.835693,1460.421265,-3631.535889,1450.742432,1582.324707,-3654.433350,1411.644043,1495.943115,-3583.728760,1442.420288,1627.098755,-3631.284180,1429.835815,1460.467651,-3631.604736,1450.809082,1582.325439,-3654.464844,1411.671509,1496.149048,-3583.693359,1442.310547,1626.822388,-3631.201416,2616.297363,1567.711426,-3159.766846,,,,,,,,,,,,,,,,,,,,,,,,,,,,,,,,,
7320,73.200000,0.000000,0.000000,0.000000,1.000000,0.000000,0.000000,0.000000,57.698101,20.499701,-14.700500,0.047771,-0.013570,0.015998,-15.666301,-52.738201,18.801300,-93.396698,0.129960,17.611099,-0.236670,-0.483040,-0.691449,0.482242,1431.509521,1541.134033,-3625.485596,1427.635254,1460.114624,-3631.824707,1448.645874,1582.016602,-3654.634766,1409.424072,1495.621826,-3584.014404,1440.332764,1626.783203,-3631.468506,1427.684326,1460.264526,-3631.917480,1448.682983,1582.012573,-3654.703613,1409.370850,1495.648071,-3583.885986,1440.298218,1626.611084,-3631.434082,2616.311035,1567.681274,-3159.757324,,,,,,,,,,,,,,,,,,,,,,,,,,,,,,,,,
7321,73.210000,0.000000,0.000000,0.000000,1.000000,0.000000,0.000000,0.000000,57.698101,20.499701,-14.700500,0.047771,-0.013570,0.015998,-15.666301,-52.738201,18.801300,-93.396698,0.129960,17.611099,-0.239085,-0.481150,-0.692120,0.481979,1429.464722,1540.901978,-3625.768555,1425.218018,1459.904907,-3632.154541,1446.640259,1581.735352,-3654.963379,1407.376953,1495.449951,-3584.232910,1438.623535,1626.518066,-3631.723389,1425.280762,1459.807983,-3632.186768,1446.561646,1581.792603,-3654.972168,1407.301514,1495.407959,-3584.164062,1438.717651,1626.600342,-3631.751953,2616.304443,1567.756592,-3159.770752,,,,,,,,,,,,,,,,,,,,,,,,,,,,,,,,,
7322,73.220000,0.000000,0.000000,0.000000,1.000000,0.000000,0.000000,0.000000,57.698101,20.499701,-14.700500,0.047771,-0.013570,0.015998,-15.666301,-52.738201,18.801300,-93.396698,0.129960,17.611099,-0.240730,-0.479842,-0.691590,0.483223,1427.777588,1540.853149,-3626.177246,1423.501099,1459.857910,-3632.566895,1444.806396,1581.696045,-3655.444824,1405.898438,1495.387695,-3584.545898,1436.904541,1626.471313,-3632.151367,1423.511475,1459.780762,-3632.537842,1444.762451,1581.769531,-3655.438232,1405.892944,1495.407837,-3584.578613,1436.942261,1626.454712,-3632.152832,2616.277588,1567.743530,-3159.782715,,,,,,,,,,,,,,,,,,,,,,,,,,,,,,,,,
7323,73.230000,0.000000,0.000000,0.000000,1.000000,0.000000,0.000000,0.000000,57.698101,20.499701,-14.700500,0.047771,-0.013570,0.015998,-15.666301,-52.738201,18.801300,-93.396698,0.129960,17.611099,-0.238556,-0.481619,-0.691474,0.482699,1425.823730,1540.646851,-3626.626953,1421.768799,1459.637329,-3632.979980,1442.908569,1581.508423,-3655.835693,1403.835327,1495.160278,-3585.076416,1434.782104,1626.281616,-3632.615723,1421.728394,1459.647583,-3632.927734,1442.965454,1581.603882,-3655.878418,1403.857300,1495.135742,-3585.103271,1434.745117,1626.203491,-3632.599854,2616.285400,1567.757568,-3159.782959,,,,,,,,,,,,,,,,,,,,,,,,,,,,,,,,,
7324,73.240000,0.000000,0.000000,0.000000,1.000000,0.000000,0.000000,0.000000,57.698101,20.499701,-14.700500,0.047771,-0.013570,0.015998,-15.666301,-52.738201,18.801300,-93.396698,0.129960,17.611099,-0.239817,-0.481414,-0.691258,0.482588,1423.556030,1540.378540,-3627.086426,1419.386841,1459.366699,-3633.334717,1440.635498,1581.183716,-3656.377197,1401.591064,1494.969360,-3585.438721,1432.610474,1625.994751,-3633.194824,1419.386230,1459.229980,-3633.340088,1440.668701,1581.259888,-3656.464111,1401.571289,1495.001465,-3585.404053,1432.599243,1626.017944,-3633.143311,2616.277100,1567.755005,-3159.784424,,,,,,,,,,,,,,,,,,,,,,,,,,,,,,,,,
7325,73.250000,0.000000,0.000000,0.000000,1.000000,0.000000,0.000000,0.000000,57.698101,20.499701,-14.700500,0.047771,-0.013570,0.015998,-15.666301,-52.738201,18.801300,-93.396698,0.129960,17.611099,-0.241828,-0.480922,-0.691314,0.481993,1421.409058,1540.388794,-3627.603760,1416.976562,1459.380859,-3633.719727,1438.534912,1581.097900,-3657.000488,1399.416626,1495.108887,-3585.830322,1430.707886,1625.967896,-3633.864502,1417.092407,1459.222290,-3633.805908,1438.416382,1581.131470,-3657.025391,1399.323364,1495.211060,-3585.747070,1430.807373,1625.982666,-3633.840088,2616.290039,1567.725830,-3159.781982,,,,,,,,,,,,,,,,,,,,,,,,,,,,,,,,,
7326,73.260000,0.000000,0.000000,0.000000,1.000000,0.000000,0.000000,0.000000,57.698101,20.499701,-14.700500,0.047771,-0.013570,0.015998,-15.666301,-52.738201,18.801300,-93.396698,0.129960,17.611099,-0.243407,-0.480922,-0.690617,0.482199,1419.676880,1540.669800,-3628.217285,1415.182495,1459.651733,-3634.151123,1436.745483,1581.307617,-3657.745850,1397.772827,1495.489746,-3586.289062,1429.006714,1626.230347,-3634.682373,1415.271484,1459.660767,-3634.242432,1436.674194,1581.258789,-3657.759521,1397.718750,1495.625732,-3586.224854,1429.043091,1626.140625,-3634.640869,2616.287109,1567.758911,-3159.769043,,,,,,,,,,,,,,,,,,,,,,,,,,,,,,,,,
7327,73.270000,0.000000,0.000000,0.000000,1.000000,0.000000,0.000000,0.000000,57.698101,20.499701,-14.700500,0.047771,-0.013570,0.015998,-15.666301,-52.738201,18.801300,-93.396698,0.129960,17.611099,-0.243877,-0.481208,-0.689682,0.483013,1417.653442,1540.876953,-3628.869385,1413.288452,1459.843384,-3634.686768,1434.604614,1581.504150,-3658.480225,1395.894531,1495.716187,-3586.845215,1426.826172,1626.444580,-3635.465088,1413.322510,1459.903931,-3634.680908,1434.561890,1581.507080,-3658.490967,1395.890869,1495.796631,-3586.878418,1426.840332,1626.289917,-3635.423828,2616.270508,1567.772461,-3159.781982,,,,,,,,,,,,,,,,,,,,,,,,,,,,,,,,,
7328,73.280000,0.000000,0.000000,0.000000,1.000000,0.000000,0.000000,0.000000,57.698101,20.499701,-14.700500,0.047771,-0.013570,0.015998,-15.666301,-52.738201,18.801300,-93.396698,0.129960,17.611099,-0.243090,-0.482362,-0.688580,0.483830,1415.490479,1541.065918,-3629.492188,1411.415039,1460.008911,-3635.192383,1432.325073,1581.708130,-3659.148926,1393.853271,1495.891846,-3587.419678,1424.368530,1626.655273,-3636.208008,1411.425293,1460.094849,-3635.189209,1432.342896,1581.795166,-3659.192871,1393.820923,1495.820679,-3587.367432,1424.372803,1626.552368,-3636.219482,2616.263672,1567.769897,-3159.786621,,,,,,,,,,,,,,,,,,,,,,,,,,,,,,,,,
7329,73.290000,0.000000,0.000000,0.000000,1.000000,0.000000,0.000000,0.000000,57.698101,20.499701,-14.700500,0.047771,-0.013570,0.015998,-15.666301,-52.738201,18.801300,-93.396698,0.129960,17.611099,-0.243331,-0.483159,-0.688014,0.483719,1413.132324,1541.249390,-3630.113525,1409.103027,1460.179321,-3635.658203,1429.952637,1581.843506,-3659.844238,1391.508423,1496.144653,-3587.959717,1421.965088,1626.830444,-3636.991943,1409.139648,1460.086548,-3635.678467,1429.932495,1581.901245,-3659.907227,1391.442627,1496.089355,-3587.879395,1422.013916,1626.919312,-3636.987061,2616.252441,1567.744629,-3159.786377,,,,,,,,,,,,,,,,,,,,,,,,,,,,,,,,,
7330,73.300000,0.000000,0.000000,0.000000,1.000000,0.000000,0.000000,0.000000,57.698101,20.499701,-14.700500,0.047771,-0.013570,0.015998,-15.666301,-52.738201,18.801300,-93.396698,0.129960,17.611099,-0.244524,-0.483535,-0.687421,0.483585,1411.150269,1541.666138,-3630.732178,1407.066162,1460.585815,-3636.083496,1427.951172,1582.181641,-3660.580322,1389.560913,1496.671387,-3588.443115,1420.022583,1627.225830,-3637.821045,1407.192871,1460.428589,-3636.164307,1427.833984,1582.250366,-3660.647949,1389.436157,1496.714844,-3588.322021,1420.139038,1627.262817,-3637.796631,2616.296631,1567.714355,-3159.775391,,,,,,,,,,,,,,,,,,,,,,,,,,,,,,,,,
7331,73.310000,0.000000,0.000000,0.000000,1.000000,0.000000,0.000000,0.000000,57.698101,20.499701,-14.700500,0.047771,-0.013570,0.015998,-15.666301,-52.738201,18.801300,-93.396698,0.129960,17.611099,-0.244791,-0.484071,-0.686695,0.483946,1409.271973,1542.194824,-3631.377441,1405.282349,1461.101685,-3636.603516,1426.007690,1582.684937,-3661.296631,1387.760010,1497.238647,-3589.008057,1418.037476,1627.754272,-3638.601318,1405.344116,1461.082886,-3636.652832,1425.956421,1582.706299,-3661.320557,1387.715942,1497.330444,-3588.965088,1418.072144,1627.659912,-3638.568359,2616.293945,1567.729126,-3159.771973,,,,,,,,,,,,,,,,,,,,,,,,,,,,,,,,,
7332,73.320000,0.000000,0.000000,0.000000,1.000000,0.000000,0.000000,0.000000,57.698101,20.499701,-14.700500,0.047771,-0.013570,0.015998,-15.666301,-52.738201,18.801300,-93.396698,0.129960,17.611099,-0.244742,-0.484231,-0.685318,0.485757,1407.183472,1542.690308,-3632.017334,1403.502441,1461.578735,-3637.184814,1423.693359,1583.227539,-3661.998291,1385.942749,1497.676025,-3589.573242,1415.595459,1628.279175,-3639.313232,1403.477173,1461.657959,-3637.165039,1423.749146,1583.261719,-3662.041748,1385.967529,1497.708008,-3589.590576,1415.534790,1628.120728,-3639.267822,2616.323242,1567.742554,-3159.762695,,,,,,,,,,,,,,,,,,,,,,,,,,,,,,,,,
7333,73.330000,0.000000,0.000000,0.000000,1.000000,0.000000,0.000000,0.000000,57.698101,20.499701,-14.700500,0.047771,-0.013570,0.015998,-15.666301,-52.738201,18.801300,-93.396698,0.129960,17.611099,-0.243717,-0.485087,-0.684338,0.486800,1404.989380,1543.059692,-3632.590332,1401.619751,1461.931641,-3637.710449,1421.367920,1583.640869,-3662.583984,1383.887695,1497.991333,-3590.133789,1413.082153,1628.675293,-3639.932617,1401.609741,1461.963135,-3637.700928,1421.407349,1583.666138,-3662.637939,1383.890625,1497.999634,-3590.127441,1413.049683,1628.607788,-3639.894775,2616.320068,1567.742432,-3159.767822,,,,,,,,,,,,,,,,,,,,,,,,,,,,,,,,,
7334,73.340000,0.000000,0.000000,0.000000,1.000000,0.000000,0.000000,0.000000,57.698101,20.499701,-14.700500,0.047771,-0.013570,0.015998,-15.666301,-52.738201,18.801300,-93.396698,0.129960,17.611099,-0.243318,-0.485875,-0.684365,0.486175,1402.638550,1543.296997,-3633.182617,1399.269775,1462.164429,-3638.230469,1419.079468,1583.847412,-3663.183838,1381.449951,1498.272095,-3590.723633,1410.754883,1628.904663,-3640.592041,1399.339844,1462.029663,-3638.247070,1418.986816,1583.894409,-3663.206055,1381.394287,1498.319580,-3590.704102,1410.836670,1628.937378,-3640.573975,2616.276123,1567.756348,-3159.785645,,,,,,,,,,,,,,,,,,,,,,,,,,,,,,,,,
7335,73.350000,0.000000,0.000000,0.000000,1.000000,0.000000,0.000000,0.000000,57.698101,20.499701,-14.700500,0.047771,-0.013570,0.015998,-15.666301,-52.738201,18.801300,-93.396698,0.129960,17.611099,-0.243315,-0.486782,-0.684521,0.485048,1400.605347,1543.832397,-3633.760010,1397.145508,1462.695801,-3638.682373,1417.158569,1584.312988,-3663.793457,1379.273071,1498.903442,-3591.271240,1408.843994,1629.417603,-3641.292480,1397.264648,1462.547485,-3638.761719,1417.078613,1584.398560,-3663.915527,1379.119019,1498.870728,-3591.090820,1408.951172,1629.503906,-3641.264160,2616.273682,1567.747925,-3159.788086,,,,,,,,,,,,,,,,,,,,,,,,,,,,,,,,,
7336,73.360000,0.000000,0.000000,0.000000,1.000000,0.000000,0.000000,0.000000,57.698101,20.499701,-14.700500,0.047771,-0.013570,0.015998,-15.666301,-52.738201,18.801300,-93.396698,0.129960,17.611099,-0.243700,-0.486121,-0.683785,0.486554,1398.563477,1544.397461,-3634.402832,1395.257690,1463.256592,-3639.359375,1414.942627,1584.928711,-3664.463623,1377.451904,1499.401123,-3591.875000,1406.601685,1630.003662,-3641.912842,1395.287720,1463.206543,-3639.391602,1414.933716,1584.952637,-3664.506348,1377.420776,1499.447266,-3591.830811,1406.611328,1629.984009,-3641.881348,2616.305908,1567.750366,-3159.773682,,,,,,,,,,,,,,,,,,,,,,,,,,,,,,,,,
7337,73.370000,0.000000,0.000000,0.000000,1.000000,0.000000,0.000000,0.000000,57.698101,20.499701,-14.700500,0.047771,-0.013570,0.015998,-15.666301,-52.738201,18.801300,-93.396698,0.129960,17.611099,-0.242801,-0.486354,-0.682718,0.488265,1396.553223,1544.869995,-3634.996338,1393.598022,1463.717163,-3639.979248,1412.733398,1585.482910,-3665.054443,1375.669189,1499.766968,-3592.469482,1404.212280,1630.513184,-3642.481934,1393.536133,1463.697876,-3639.974609,1412.859375,1585.554077,-3665.109619,1375.708618,1499.796631,-3592.458740,1404.111816,1630.431763,-3642.445312,2616.256348,1567.746948,-3159.795166,,,,,,,,,,,,,,,,,,,,,,,,,,,,,,,,,
7338,73.380000,0.000000,0.000000,0.000000,1.000000,0.000000,0.000000,0.000000,57.698101,20.499701,-14.700500,0.047771,-0.013570,0.015998,-15.666301,-52.738201,18.801300,-93.396698,0.129960,17.611099,-0.241531,-0.487054,-0.682339,0.488728,1394.363770,1545.104736,-3635.628662,1391.626709,1463.945312,-3640.628418,1410.492676,1585.763550,-3665.652588,1373.520386,1499.941895,-3593.145020,1401.815186,1630.768433,-3643.088867,1391.672607,1464.000244,-3640.660889,1410.455811,1585.721680,-3665.670166,1373.507812,1500.069214,-3593.152344,1401.819214,1630.625366,-3643.027344,2616.268555,1567.733643,-3159.782227,,,,,,,,,,,,,,,,,,,,,,,,,,,,,,,,,
7339,73.390000,0.000000,0.000000,0.000000,1.000000,0.000000,0.000000,0.000000,57.698101,20.499701,-14.700500,0.047771,-0.013570,0.015998,-15.666301,-52.738201,18.801300,-93.396698,0.129960,17.611099,-0.241320,-0.487251,-0.683358,0.487210,1392.166748,1545.297119,-3636.236572,1389.217407,1464.146606,-3641.259277,1408.481689,1585.916992,-3666.212646,1371.094360,1500.183960,-3593.813477,1399.873413,1630.941284,-3643.661621,1389.359375,1463.995728,-3641.331543,1408.307739,1585.939331,-3666.218994,1370.987183,1500.269287,-3593.749756,1400.016846,1630.977051,-3643.650146,2616.318359,1567.748047,-3159.761475,,,,,,,,,,,,,,,,,,,,,,,,,,,,,,,,,
7340,73.400000,0.000000,0.000000,0.000000,1.000000,0.000000,0.000000,0.000000,57.698101,20.499701,-14.700500,0.047771,-0.013570,0.015998,-15.666301,-52.738201,18.801300,-93.396698,0.129960,17.611099,-0.242147,-0.486367,-0.683929,0.486881,1390.080200,1545.720947,-3636.823975,1386.942017,1464.581299,-3641.906982,1406.444336,1586.328125,-3666.790283,1368.965942,1500.621094,-3594.407227,1397.968384,1631.353516,-3644.190918,1387.043579,1464.378784,-3641.989746,1406.389404,1586.444214,-3666.905762,1368.824707,1500.586792,-3594.221924,1398.059326,1631.458252,-3644.173096,2616.313721,1567.737793,-3159.772217,,,,,,,,,,,,,,,,,,,,,,,,,,,,,,,,,
7341,73.410000,0.000000,0.000000,0.000000,1.000000,0.000000,0.000000,0.000000,57.698101,20.499701,-14.700500,0.047771,-0.013570,0.015998,-15.666301,-52.738201,18.801300,-93.396698,0.129960,17.611099,-0.242012,-0.485411,-0.683314,0.488762,1388.093018,1546.137085,-3637.506836,1385.170532,1464.997803,-3642.723389,1404.255493,1586.843018,-3667.448486,1367.229004,1500.903320,-3595.108887,1395.716919,1631.804565,-3644.746094,1385.137451,1464.953857,-3642.728516,1404.328125,1586.931274,-3667.481934,1367.241821,1500.918335,-3595.082275,1395.667480,1631.748047,-3644.735840,2616.280762,1567.726562,-3159.776367,,,,,,,,,,,,,,,,,,,,,,,,,,,,,,,,,
7342,73.420000,0.000000,0.000000,0.000000,1.000000,0.000000,0.000000,0.000000,57.698101,20.499701,-14.700500,0.047771,-0.013570,0.015998,-15.666301,-52.738201,18.801300,-93.396698,0.129960,17.611099,-0.241706,-0.485095,-0.682594,0.490232,1386.189331,1546.388550,-3638.206543,1383.489990,1465.244995,-3643.478516,1402.185547,1587.162598,-3668.144775,1365.525391,1501.063965,-3595.807861,1393.556519,1632.082642,-3645.394531,1383.406372,1465.263184,-3643.458740,1402.321655,1587.204346,-3668.169922,1365.599243,1501.122925,-3595.840576,1393.427002,1631.956543,-3645.354736,2616.320557,1567.765015,-3159.764648,,,,,,,,,,,,,,,,,,,,,,,,,,,,,,,,,
7343,73.430000,0.000000,0.000000,0.000000,1.000000,0.000000,0.000000,0.000000,57.698101,20.499701,-14.700500,0.047771,-0.013570,0.015998,-15.666301,-52.738201,18.801300,-93.396698,0.129960,17.611099,-0.240916,-0.485307,-0.682606,0.490393,1384.220215,1546.498413,-3638.945557,1381.614258,1465.355103,-3644.267334,1400.206543,1587.307007,-3668.842285,1363.556885,1501.127197,-3596.596191,1391.503174,1632.204712,-3646.076172,1381.687256,1465.421265,-3644.292236,1400.115356,1587.201416,-3668.856934,1363.534668,1501.272461,-3596.633057,1391.540771,1632.098877,-3646.000488,2616.276855,1567.734619,-3159.777100,,,,,,,,,,,,,,,,,,,,,,,,,,,,,,,,,
7344,73.440000,0.000000,0.000000,0.000000,1.000000,0.000000,0.000000,0.000000,57.698101,20.499701,-14.700500,0.047771,-0.013570,0.015998,-15.666301,-52.738201,18.801300,-93.396698,0.129960,17.611099,-0.240697,-0.485318,-0.683576,0.489138,1382.238159,1546.698486,-3639.682617,1379.444214,1465.564575,-3645.053467,1398.383911,1587.483643,-3669.525146,1361.379395,1501.355347,-3597.398926,1389.744995,1632.390381,-3646.752441,1379.630371,1465.468140,-3645.138428,1398.152222,1587.444336,-3669.549072,1361.243896,1501.461914,-3597.330811,1389.923096,1632.415771,-3646.714111,2616.304199,1567.755493,-3159.780273,,,,,,,,,,,,,,,,,,,,,,,,,,,,,,,,,
7345,73.450000,0.000000,0.000000,0.000000,1.000000,0.000000,0.000000,0.000000,57.698101,20.499701,-14.700500,0.047771,-0.013570,0.015998,-15.666301,-52.738201,18.801300,-93.396698,0.129960,17.611099,-0.241256,-0.484705,-0.684340,0.488401,1380.221191,1546.989746,-3640.429443,1377.215576,1465.867188,-3645.854492,1396.464355,1587.753296,-3670.249023,1359.256836,1501.672119,-3598.170898,1387.948120,1632.666870,-3647.443359,1377.362183,1465.697510,-3645.944824,1396.342529,1587.883667,-3670.356689,1359.092041,1501.676270,-3597.994141,1388.080933,1632.695190,-3647.420654,2616.284424,1567.767090,-3159.787354,,,,,,,,,,,,,,,,,,,,,,,,,,,,,,,,,
7346,73.460000,0.000000,0.000000,0.000000,1.000000,0.000000,0.000000,0.000000,57.698101,20.499701,-14.700500,0.047771,-0.013570,0.015998,-15.666301,-52.738201,18.801300,-93.396698,0.129960,17.611099,-0.241350,-0.484169,-0.684284,0.488964,1378.337280,1547.318481,-3641.245605,1375.363525,1466.199219,-3646.736572,1394.524414,1588.115234,-3671.050049,1357.446167,1501.954590,-3599.000488,1386.014893,1633.005127,-3648.195312,1375.389282,1466.111816,-3646.774414,1394.550415,1588.264648,-3671.146973,1357.381104,1501.928467,-3598.882812,1386.026978,1632.979980,-3648.181641,2616.299072,1567.742798,-3159.770996,,,,,,,,,,,,,,,,,,,,,,,,,,,,,,,,,
7347,73.470000,0.000000,0.000000,0.000000,1.000000,0.000000,0.000000,0.000000,57.698101,20.499701,-14.700500,0.047771,-0.013570,0.015998,-15.666301,-52.738201,18.801300,-93.396698,0.129960,17.611099,-0.241900,-0.482852,-0.683815,0.490649,1376.619507,1547.615234,-3642.119629,1373.753540,1466.500244,-3647.730957,1392.625244,1588.486206,-3671.920654,1355.965576,1502.149536,-3599.867188,1384.133301,1633.325195,-3648.959717,1373.625732,1466.442993,-3647.710205,1392.839355,1588.617920,-3671.954346,1356.044067,1502.148560,-3599.860596,1383.978516,1633.261353,-3648.955811,2616.262451,1567.751587,-3159.789307,,,,,,,,,,,,,,,,,,,,,,,,,,,,,,,,,
7348,73.480000,0.000000,0.000000,0.000000,1.000000,0.000000,0.000000,0.000000,57.698101,20.499701,-14.700500,0.047771,-0.013570,0.015998,-15.666301,-52.738201,18.801300,-93.396698,0.129960,17.611099,-0.241335,-0.483035,-0.683122,0.491710,1374.902588,1547.821045,-3643.084229,1372.258789,1466.699219,-3648.706787,1390.783081,1588.740479,-3672.885742,1354.391846,1502.292114,-3600.830322,1382.176758,1633.552490,-3649.914795,1372.195923,1466.670288,-3648.724609,1390.902710,1588.748779,-3672.905029,1354.467773,1502.453369,-3600.856689,1382.041504,1633.411743,-3649.846924,2616.277100,1567.745239,-3159.784912,,,,,,,,,,,,,,,,,,,,,,,,,,,,,,,,,
7349,73.490000,0.000000,0.000000,0.000000,1.000000,0.000000,0.000000,0.000000,57.698101,20.499701,-14.700500,0.047771,-0.013570,0.015998,-15.666301,-52.738201,18.801300,-93.396698,0.129960,17.611099,-0.241215,-0.483265,-0.682983,0.491737,1373.129395,1548.016479,-3644.072021,1370.519653,1466.891724,-3649.669434,1389.002319,1588.932739,-3673.881836,1352.624268,1502.492798,-3601.809570,1380.371216,1633.748535,-3650.927490,1370.576172,1466.851074,-3649.705566,1388.924561,1588.885132,-3673.864502,1352.632812,1502.789917,-3601.881836,1380.385986,1633.569702,-3650.838867,2616.309570,1567.743408,-3159.763428,,,,,,,,,,,,,,,,,,,,,,,,,,,,,,,,,
7350,73.500000,0.000000,0.000000,0.000000,1.000000,0.000000,0.000000,0.000000,57.698101,20.499701,-14.700500,0.047771,-0.013570,0.015998,-15.666301,-52.738201,18.801300,-93.396698,0.129960,17.611099,-0.241137,-0.484138,-0.683074,0.490788,1371.316895,1548.343750,-3645.091309,1368.645630,1467.213257,-3650.572998,1387.283691,1589.201538,-3674.931152,1350.689941,1502.901367,-3602.800781,1378.648315,1634.059204,-3652.060303,1368.840942,1467.222290,-3650.669434,1387.018433,1589.071899,-3674.908936,1350.576782,1503.097534,-3602.779785,1378.813477,1633.981079,-3652.007080,2616.307373,1567.760376,-3159.778809,,,,,,,,,,,,,,,,,,,,,,,,,,,,,,,,,
7351,73.510000,0.000000,0.000000,0.000000,1.000000,0.000000,0.000000,0.000000,57.698101,20.499701,-14.700500,0.047771,-0.013570,0.015998,-15.666301,-52.738201,18.801300,-93.396698,0.129960,17.611099,-0.241173,-0.484510,-0.683448,0.489883,1369.517456,1548.761353,-3646.167480,1366.735352,1467.631470,-3651.603027,1385.584839,1589.577393,-3676.010254,1348.766113,1503.375122,-3603.877197,1376.983521,1634.461670,-3653.179199,1366.932129,1467.625122,-3651.689209,1385.360107,1589.563232,-3676.069092,1348.592651,1503.379517,-3603.751953,1377.179443,1634.477783,-3653.161133,2616.277100,1567.743286,-3159.778564,,,,,,,,,,,,,,,,,,,,,,,,,,,,,,,,,
7352,73.520000,0.000000,0.000000,0.000000,1.000000,0.000000,0.000000,0.000000,57.698101,20.499701,-14.700500,0.047771,-0.013570,0.015998,-15.666301,-52.738201,18.801300,-93.396698,0.129960,17.611099,-0.240709,-0.485089,-0.683372,0.489643,1367.683716,1549.100708,-3647.347168,1364.947754,1467.966675,-3652.743896,1383.773438,1589.908691,-3677.189209,1346.894897,1503.726929,-3605.062256,1375.119019,1634.800903,-3654.393555,1365.062012,1467.929932,-3652.766602,1383.656128,1589.973022,-3677.299072,1346.734131,1503.570068,-3604.918213,1375.269531,1634.922363,-3654.394287,2616.263184,1567.767456,-3159.795166,,,,,,,,,,,,,,,,,,,,,,,,,,,,,,,,,
7353,73.530000,0.000000,0.000000,0.000000,1.000000,0.000000,0.000000,0.000000,57.698101,20.499701,-14.700500,0.047771,-0.013570,0.015998,-15.666301,-52.738201,18.801300,-93.396698,0.129960,17.611099,-0.240595,-0.485650,-0.683147,0.489457,1365.990723,1549.414429,-3648.553711,1363.287109,1468.274292,-3653.874268,1382.089478,1590.199219,-3678.422363,1345.184692,1504.074097,-3606.241211,1373.401611,1635.110229,-3655.676758,1363.279785,1468.134277,-3653.885010,1382.154663,1590.414062,-3678.529053,1345.111572,1503.910522,-3606.088867,1373.416382,1635.201416,-3655.707520,2616.296631,1567.747925,-3159.790283,,,,,,,,,,,,,,,,,,,,,,,,,,,,,,,,,
7354,73.540000,0.000000,0.000000,0.000000,1.000000,0.000000,0.000000,0.000000,57.698101,20.499701,-14.700500,0.047771,-0.013570,0.015998,-15.666301,-52.738201,18.801300,-93.396698,0.129960,17.611099,-0.241162,-0.485903,-0.682537,0.489778,1364.377197,1549.761353,-3649.813232,1361.716797,1468.612427,-3655.022217,1380.417236,1590.515869,-3679.754639,1343.646484,1504.465088,-3607.416748,1371.727905,1635.452026,-3657.059082,1361.616699,1468.396484,-3655.066162,1380.646484,1590.751709,-3679.852783,1343.671143,1504.485229,-3607.308350,1371.597534,1635.426880,-3657.045654,2616.300781,1567.760986,-3159.775635,,,,,,,,,,,,,,,,,,,,,,,,,,,,,,,,,
7355,73.550000,0.000000,0.000000,0.000000,1.000000,0.000000,0.000000,0.000000,57.698101,20.499701,-14.700500,0.047771,-0.013570,0.015998,-15.666301,-52.738201,18.801300,-93.396698,0.129960,17.611099,-0.239936,-0.487787,-0.681788,0.489551,1362.757690,1550.127563,-3651.156738,1360.319458,1468.960938,-3656.194824,1378.796143,1590.856323,-3681.134033,1341.998047,1504.872681,-3608.729980,1369.916870,1635.820435,-3658.567627,1360.275024,1468.865356,-3656.284912,1378.963379,1590.964233,-3681.209473,1342.023804,1505.046753,-3608.629639,1369.767212,1635.633423,-3658.495605,2616.283203,1567.734131,-3159.781494,,,,,,,,,,,,,,,,,,,,,,,,,,,,,,,,,
7356,73.560000,0.000000,0.000000,0.000000,1.000000,0.000000,0.000000,0.000000,57.698101,20.499701,-14.700500,0.047771,-0.013570,0.015998,-15.666301,-52.738201,18.801300,-93.396698,0.129960,17.611099,-0.240188,-0.487909,-0.681032,0.490356,1361.014893,1550.584839,-3652.519043,1358.703735,1469.410400,-3657.491943,1376.944946,1591.317139,-3682.549316,1340.388306,1505.328125,-3610.029541,1368.022461,1636.283691,-3660.005127,1358.651245,1469.347656,-3657.552979,1377.093750,1591.382324,-3682.600342,1340.443481,1505.536865,-3609.991699,1367.863159,1636.065918,-3659.917236,2616.298828,1567.770752,-3159.775146,,,,,,,,,,,,,,,,,,,,,,,,,,,,,,,,,
7357,73.570000,0.000000,0.000000,0.000000,1.000000,0.000000,0.000000,0.000000,57.698101,20.499701,-14.700500,0.047771,-0.013570,0.015998,-15.666301,-52.738201,18.801300,-93.396698,0.129960,17.611099,-0.241122,-0.487236,-0.680354,0.491507,1359.199097,1551.006714,-3653.888184,1356.952026,1469.829590,-3658.844971,1374.986938,1591.751587,-3683.976562,1338.761475,1505.734253,-3611.324219,1366.095825,1636.711670,-3661.406982,1356.914551,1469.828735,-3658.823975,1375.040649,1591.790405,-3683.992432,1338.818359,1505.861816,-3611.389404,1366.020020,1636.536987,-3661.345947,2616.284912,1567.740967,-3159.766846,,,,,,,,,,,,,,,,,,,,,,,,,,,,,,,,,
7358,73.580000,0.000000,0.000000,0.000000,1.000000,0.000000,0.000000,0.000000,57.698101,20.499701,-14.700500,0.047771,-0.013570,0.015998,-15.666301,-52.738201,18.801300,-93.396698,0.129960,17.611099,-0.241067,-0.487695,-0.679597,0.492127,1357.558716,1551.354248,-3655.281006,1355.460938,1470.168091,-3660.154785,1373.257324,1592.098145,-3685.417480,1337.224243,1506.086792,-3612.662598,1364.292358,1637.064331,-3662.889404,1355.493286,1470.237549,-3660.157227,1373.217041,1592.023315,-3685.429932,1337.223267,1506.169922,-3612.700928,1364.301025,1636.985962,-3662.835693,2616.273926,1567.780762,-3159.793213,,,,,,,,,,,,,,,,,,,,,,,,,,,,,,,,,
7359,73.590000,0.000000,0.000000,0.000000,1.000000,0.000000,0.000000,0.000000,57.698101,20.499701,-14.700500,0.047771,-0.013570,0.015998,-15.666301,-52.738201,18.801300,-93.396698,0.129960,17.611099,-0.241046,-0.488621,-0.679231,0.491722,1355.902588,1551.664185,-3656.726562,1353.832764,1470.468872,-3661.457275,1371.624878,1592.358398,-3686.917725,1335.531250,1506.467529,-3614.050537,1362.621460,1637.362305,-3664.480713,1353.986572,1470.501099,-3661.483643,1371.387817,1592.270874,-3686.912842,1335.444824,1506.586548,-3614.079834,1362.778931,1637.291138,-3664.429199,2616.273682,1567.760620,-3159.798584,,,,,,,,,,,,,,,,,,,,,,,,,,,,,,,,,
7360,73.600000,0.000000,0.000000,0.000000,1.000000,0.000000,0.000000,0.000000,57.698101,20.499701,-14.700500,0.047771,-0.013570,0.015998,-15.666301,-52.738201,18.801300,-93.396698,0.129960,17.611099,-0.240535,-0.489932,-0.679416,0.490411,1354.130127,1551.941284,-3658.226807,1352.008423,1470.739624,-3662.823975,1369.987549,1592.570068,-3688.435303,1333.578247,1506.835327,-3615.541260,1360.946411,1637.620361,-3666.106201,1352.216064,1470.641602,-3662.893799,1369.705322,1592.500366,-3688.455566,1333.445190,1507.022461,-3615.527344,1361.141479,1637.598877,-3666.032959,2616.287598,1567.757080,-3159.790527,,,,,,,,,,,,,,,,,,,,,,,,,,,,,,,,,
7361,73.610000,0.000000,0.000000,0.000000,1.000000,0.000000,0.000000,0.000000,57.698101,20.499701,-14.700500,0.047771,-0.013570,0.015998,-15.666301,-52.738201,18.801300,-93.396698,0.129960,17.611099,-0.240147,-0.490768,-0.679551,0.489577,1352.320190,1552.327881,-3659.715088,1350.169434,1471.122681,-3664.233887,1368.264404,1592.918091,-3689.929932,1331.651245,1507.275757,-3617.029541,1359.195557,1637.995483,-3667.667236,1350.369751,1471.033569,-3664.343750,1368.064941,1592.887573,-3690.013184,1331.478516,1507.348999,-3616.892822,1359.364990,1638.039429,-3667.612793,2616.278320,1567.781494,-3159.789795,,,,,,,,,,,,,,,,,,,,,,,,,,,,,,,,,
7362,73.620000,0.000000,0.000000,0.000000,1.000000,0.000000,0.000000,0.000000,57.698101,20.499701,-14.700500,0.047771,-0.013570,0.015998,-15.666301,-52.738201,18.801300,-93.396698,0.129960,17.611099,-0.240230,-0.491489,-0.679358,0.489081,1350.384033,1552.596313,-3661.223633,1348.219727,1471.384888,-3665.623779,1366.367065,1593.137939,-3691.482910,1329.663086,1507.612183,-3618.491455,1357.286255,1638.250488,-3669.296387,1348.353027,1471.427246,-3665.716797,1366.310059,1592.956299,-3691.701172,1329.510620,1507.578857,-3618.311035,1357.351929,1638.411255,-3669.170410,2616.263428,1567.735596,-3159.778564,,,,,,,,,,,,,,,,,,,,,,,,,,,,,,,,,
7363,73.630000,0.000000,0.000000,0.000000,1.000000,0.000000,0.000000,0.000000,57.698101,20.499701,-14.700500,0.047771,-0.013570,0.015998,-15.666301,-52.738201,18.801300,-93.396698,0.129960,17.611099,-0.240056,-0.492129,-0.678771,0.489338,1348.572266,1552.780151,-3662.729736,1346.523315,1471.560669,-3667.037109,1364.508423,1593.309326,-3693.030518,1327.900269,1507.816284,-3619.952393,1355.356934,1638.434570,-3670.898926,1346.547607,1471.622192,-3667.089844,1364.625977,1593.088135,-3693.290039,1327.828857,1507.722412,-3619.797852,1355.293335,1638.673950,-3670.756104,2616.242920,1567.730835,-3159.779785,,,,,,,,,,,,,,,,,,,,,,,,,,,,,,,,,
7364,73.640000,0.000000,0.000000,0.000000,1.000000,0.000000,0.000000,0.000000,57.698101,20.499701,-14.700500,0.047771,-0.013570,0.015998,-15.666301,-52.738201,18.801300,-93.396698,0.129960,17.611099,-0.239273,-0.493003,-0.678426,0.489321,1346.877197,1553.038086,-3664.177734,1344.958008,1471.812500,-3668.426025,1362.806030,1593.567993,-3694.481445,1326.197144,1508.076050,-3621.402588,1353.547607,1638.696289,-3672.400635,1344.807495,1471.782715,-3668.495361,1363.199707,1593.422363,-3694.622559,1326.283813,1508.092651,-3621.302490,1353.242554,1638.849121,-3672.304688,2616.288330,1567.744873,-3159.783447,,,,,,,,,,,,,,,,,,,,,,,,,,,,,,,,,
7365,73.650000,0.000000,0.000000,0.000000,1.000000,0.000000,0.000000,0.000000,57.698101,20.499701,-14.700500,0.047771,-0.013570,0.015998,-15.666301,-52.738201,18.801300,-93.396698,0.129960,17.611099,-0.239470,-0.493392,-0.677170,0.490570,1345.077271,1553.246460,-3665.698242,1343.387695,1472.009888,-3669.833008,1360.835815,1593.781250,-3696.084473,1324.602051,1508.282837,-3622.826416,1351.483643,1638.912598,-3674.049316,1343.316040,1472.006470,-3669.957520,1361.176758,1593.483765,-3696.302979,1324.669800,1508.527588,-3622.724609,1351.175293,1638.929199,-3673.804688,2616.284424,1567.731201,-3159.779297,,,,,,,,,,,,,,,,,,,,,,,,,,,,,,,,,
7366,73.660000,0.000000,0.000000,0.000000,1.000000,0.000000,0.000000,0.000000,57.698101,20.499701,-14.700500,0.047771,-0.013570,0.015998,-15.666301,-52.738201,18.801300,-93.396698,0.129960,17.611099,-0.239160,-0.494882,-0.675348,0.491731,1343.224487,1553.426636,-3667.346191,1341.890259,1472.171509,-3671.240479,1358.801392,1593.940063,-3697.854248,1322.951904,1508.500488,-3624.338867,1349.254517,1639.094849,-3675.951172,1341.876221,1472.328491,-3671.444580,1358.985352,1593.716919,-3697.900635,1323.009644,1508.897583,-3624.234619,1349.009155,1638.767334,-3675.776123,2616.309082,1567.738647,-3159.766602,,,,,,,,,,,,,,,,,,,,,,,,,,,,,,,,,
7367,73.670000,0.000000,0.000000,0.000000,1.000000,0.000000,0.000000,0.000000,57.698101,20.499701,-14.700500,0.047771,-0.013570,0.015998,-15.666301,-52.738201,18.801300,-93.396698,0.129960,17.611099,-0.240900,-0.493199,-0.674680,0.493486,1341.387939,1553.734497,-3668.777832,1340.070557,1472.481567,-3672.724365,1356.759399,1594.278198,-3699.349609,1321.398804,1508.766357,-3625.681885,1347.323120,1639.411987,-3677.355713,1340.197388,1472.739014,-3672.831787,1356.672119,1593.869019,-3699.443604,1321.377930,1509.160522,-3625.737305,1347.294434,1639.149780,-3677.098633,2616.296143,1567.763916,-3159.764648,,,,,,,,,,,,,,,,,,,,,,,,,,,,,,,,,
7368,73.680000,0.000000,0.000000,0.000000,1.000000,0.000000,0.000000,0.000000,57.698101,20.499701,-14.700500,0.047771,-0.013570,0.015998,-15.666301,-52.738201,18.801300,-93.396698,0.129960,17.611099,-0.241405,-0.491668,-0.675116,0.494171,1339.662109,1554.055908,-3670.097656,1338.273682,1472.813477,-3674.229492,1354.982544,1594.659302,-3700.615967,1319.754028,1509.002441,-3627.052979,1345.638184,1639.748779,-3678.491943,1338.510498,1473.125610,-3674.214844,1354.658936,1594.124634,-3700.860352,1319.652100,1509.220337,-3627.169922,1345.786621,1639.646240,-3678.169189,2616.297119,1567.712036,-3159.770264,,,,,,,,,,,,,,,,,,,,,,,,,,,,,,,,,
7369,73.690000,0.000000,0.000000,0.000000,1.000000,0.000000,0.000000,0.000000,57.698101,20.499701,-14.700500,0.047771,-0.013570,0.015998,-15.666301,-52.738201,18.801300,-93.396698,0.129960,17.611099,-0.239501,-0.492879,-0.674805,0.494315,1337.888062,1554.227051,-3671.492676,1336.754272,1472.980835,-3675.629639,1353.194092,1594.875977,-3701.957275,1317.963989,1509.114136,-3628.517578,1343.639648,1639.937256,-3679.865479,1337.062012,1473.437256,-3675.636475,1352.849731,1594.432007,-3702.242432,1317.805176,1509.208740,-3628.541992,1343.841675,1639.796509,-3679.583252,2616.281738,1567.727905,-3159.775391,,,,,,,,,,,,,,,,,,,,,,,,,,,,,,,,,
7370,73.700000,0.000000,0.000000,0.000000,1.000000,0.000000,0.000000,0.000000,57.698101,20.499701,-14.700500,0.047771,-0.013570,0.015998,-15.666301,-52.738201,18.801300,-93.396698,0.129960,17.611099,-0.235501,-0.496171,-0.674699,0.493087,1336.130493,1554.374756,-3672.838623,1335.359375,1473.119995,-3676.889160,1351.573853,1595.048950,-3703.200439,1315.964355,1509.233154,-3630.007324,1341.624512,1640.097534,-3681.257812,1335.550293,1473.528564,-3677.021484,1351.488403,1594.880737,-3703.367188,1315.831909,1509.305542,-3629.877197,1341.684814,1639.823486,-3681.103027,2616.308350,1567.756836,-3159.781006,,,,,,,,,,,,,,,,,,,,,,,,,,,,,,,,,
7371,73.710000,0.000000,0.000000,0.000000,1.000000,0.000000,0.000000,0.000000,57.698101,20.499701,-14.700500,0.047771,-0.013570,0.015998,-15.666301,-52.738201,18.801300,-93.396698,0.129960,17.611099,-0.232419,-0.498874,-0.674679,0.491848,1334.314087,1554.530518,-3674.169189,1333.792969,1473.269165,-3678.126465,1349.892212,1595.209351,-3704.455566,1313.924805,1509.386353,-3631.446289,1339.646362,1640.257446,-3682.648682,1333.892334,1473.551025,-3678.404297,1349.964600,1595.141968,-3704.527344,1313.828735,1509.559937,-3631.175049,1339.560547,1639.882446,-3682.571777,2616.273682,1567.752930,-3159.786133,,,,,,,,,,,,,,,,,,,,,,,,,,,,,,,,,
7372,73.720000,0.000000,0.000000,0.000000,1.000000,0.000000,0.000000,0.000000,57.698101,20.499701,-14.700500,0.047771,-0.013570,0.015998,-15.666301,-52.738201,18.801300,-93.396698,0.129960,17.611099,-0.230781,-0.500250,-0.674388,0.491621,1332.491577,1554.668945,-3675.561523,1332.167969,1473.404053,-3679.468262,1348.088745,1595.363525,-3705.816650,1312.048096,1509.505981,-3632.884033,1337.661743,1640.402344,-3684.076660,1332.193848,1473.628662,-3679.789307,1348.277710,1595.354492,-3705.866943,1311.986572,1509.688354,-3632.538574,1337.474121,1639.992676,-3684.044434,2616.272949,1567.733765,-3159.776123,,,,,,,,,,,,,,,,,,,,,,,,,,,,,,,,,
7373,73.730000,0.000000,0.000000,0.000000,1.000000,0.000000,0.000000,0.000000,57.698101,20.499701,-14.700500,0.047771,-0.013570,0.015998,-15.666301,-52.738201,18.801300,-93.396698,0.129960,17.611099,-0.230458,-0.499667,-0.674820,0.491773,1330.821411,1554.967651,-3676.805664,1330.483887,1473.709229,-3680.842773,1346.422607,1595.708252,-3706.997070,1310.374146,1509.739624,-3634.199219,1336.004883,1640.713745,-3685.183594,1330.400391,1473.903442,-3681.088379,1346.728149,1595.696411,-3707.010498,1310.419434,1509.928101,-3633.969727,1335.697754,1640.292969,-3685.155273,2616.286621,1567.771484,-3159.780762,,,,,,,,,,,,,,,,,,,,,,,,,,,,,,,,,
7374,73.740000,0.000000,0.000000,0.000000,1.000000,0.000000,0.000000,0.000000,57.698101,20.499701,-14.700500,0.047771,-0.013570,0.015998,-15.666301,-52.738201,18.801300,-93.396698,0.129960,17.611099,-0.231881,-0.497798,-0.674486,0.493454,1329.197266,1555.236694,-3678.095703,1328.862305,1473.984619,-3682.258057,1344.616821,1596.029419,-3708.310059,1309.002686,1509.935791,-3635.446289,1334.307373,1640.997437,-3686.368408,1328.753174,1474.236816,-3682.417480,1344.866821,1595.909668,-3708.257568,1309.098633,1510.093262,-3635.363770,1334.040039,1640.679321,-3686.351562,2616.293457,1567.749390,-3159.776367,,,,,,,,,,,,,,,,,,,,,,,,,,,,,,,,,
7375,73.750000,0.000000,0.000000,0.000000,1.000000,0.000000,0.000000,0.000000,57.698101,20.499701,-14.700500,0.047771,-0.013570,0.015998,-15.666301,-52.738201,18.801300,-93.396698,0.129960,17.611099,-0.234476,-0.494402,-0.674700,0.495346,1327.642944,1555.435181,-3679.406250,1327.123291,1474.197144,-3683.817627,1342.875610,1596.294067,-3709.625977,1307.734375,1510.037842,-3636.724609,1332.838257,1641.211914,-3687.456299,1327.134155,1474.423828,-3683.818359,1342.918335,1596.050781,-3709.739990,1307.761841,1510.181030,-3636.787109,1332.756348,1641.067993,-3687.277344,2616.270020,1567.766357,-3159.774902,,,,,,,,,,,,,,,,,,,,,,,,,,,,,,,,,
7376,73.760000,0.000000,0.000000,0.000000,1.000000,0.000000,0.000000,0.000000,57.698101,20.499701,-14.700500,0.047771,-0.013570,0.015998,-15.666301,-52.738201,18.801300,-93.396698,0.129960,17.611099,-0.235175,-0.493102,-0.674850,0.496106,1326.062500,1555.583740,-3680.743896,1325.495483,1474.352905,-3685.281006,1341.224609,1596.483521,-3710.943848,1306.259155,1510.128052,-3638.075684,1331.270996,1641.370728,-3688.674805,1325.590576,1474.534180,-3685.217529,1341.093872,1596.149414,-3711.113281,1306.252930,1510.390137,-3638.267578,1331.298340,1641.229126,-3688.389160,2616.272949,1567.745239,-3159.780762,,,,,,,,,,,,,,,,,,,,,,,,,,,,,,,,,
7377,73.770000,0.000000,0.000000,0.000000,1.000000,0.000000,0.000000,0.000000,57.698101,20.499701,-14.700500,0.047771,-0.013570,0.015998,-15.666301,-52.738201,18.801300,-93.396698,0.129960,17.611099,-0.234486,-0.492974,-0.675026,0.496320,1324.564819,1555.765503,-3682.089600,1324.060425,1474.539551,-3686.718750,1339.717163,1596.710449,-3712.233154,1304.765991,1510.247070,-3639.486084,1329.715698,1641.565186,-3689.920166,1324.236572,1474.696777,-3686.697510,1339.475586,1596.254395,-3712.472900,1304.697632,1510.623657,-3639.662598,1329.804688,1641.422119,-3689.546143,2616.293213,1567.749512,-3159.780273,,,,,,,,,,,,,,,,,,,,,,,,,,,,,,,,,
7378,73.780000,0.000000,0.000000,0.000000,1.000000,0.000000,0.000000,0.000000,57.698101,20.499701,-14.700500,0.047771,-0.013570,0.015998,-15.666301,-52.738201,18.801300,-93.396698,0.129960,17.611099,-0.231240,-0.494895,-0.675389,0.495436,1323.065796,1555.985474,-3683.410400,1322.802368,1474.761108,-3688.088867,1338.334351,1596.986328,-3713.418945,1303.071167,1510.392090,-3640.978760,1328.055176,1641.802490,-3691.154785,1323.005981,1474.855225,-3688.166016,1338.140015,1596.618774,-3713.638916,1302.955811,1510.824829,-3641.021973,1328.127319,1641.635376,-3690.819336,2616.292236,1567.727051,-3159.770752,,,,,,,,,,,,,,,,,,,,,,,,,,,,,,,,,
7379,73.790000,0.000000,0.000000,0.000000,1.000000,0.000000,0.000000,0.000000,57.698101,20.499701,-14.700500,0.047771,-0.013570,0.015998,-15.666301,-52.738201,18.801300,-93.396698,0.129960,17.611099,-0.228675,-0.496705,-0.675616,0.494505,1321.482300,1556.224365,-3684.770752,1321.402100,1474.999146,-3689.441406,1336.861450,1597.250977,-3714.687500,1301.307739,1510.597534,-3642.460693,1326.357788,1642.049927,-3692.493652,1321.502441,1475.142700,-3689.614258,1336.860596,1597.024780,-3714.751221,1301.266724,1510.983154,-3642.386475,1326.291992,1641.776489,-3692.313477,2616.287598,1567.728516,-3159.769775,,,,,,,,,,,,,,,,,,,,,,,,,,,,,,,,,
7380,73.800000,0.000000,0.000000,0.000000,1.000000,0.000000,0.000000,0.000000,57.698101,20.499701,-14.700500,0.047771,-0.013570,0.015998,-15.666301,-52.738201,18.801300,-93.396698,0.129960,17.611099,-0.227626,-0.496894,-0.676103,0.494133,1319.962769,1556.501831,-3686.171143,1319.904541,1475.281982,-3690.930908,1335.401611,1597.563354,-3716.008789,1299.701904,1510.825928,-3643.955322,1324.842773,1642.336548,-3693.789062,1319.964111,1475.625854,-3691.143311,1335.468262,1597.333740,-3716.027344,1299.681152,1511.032471,-3643.831543,1324.737061,1642.034912,-3693.698730,2616.305908,1567.735352,-3159.766602,,,,,,,,,,,,,,,,,,,,,,,,,,,,,,,,,
7381,73.810000,0.000000,0.000000,0.000000,1.000000,0.000000,0.000000,0.000000,57.698101,20.499701,-14.700500,0.047771,-0.013570,0.015998,-15.666301,-52.738201,18.801300,-93.396698,0.129960,17.611099,-0.226034,-0.497916,-0.676197,0.493707,1318.440552,1556.740479,-3687.664795,1318.511719,1475.520996,-3692.431885,1333.930908,1597.826172,-3717.442871,1298.089722,1511.032715,-3645.526611,1323.229736,1642.582520,-3695.257324,1318.508179,1476.025391,-3692.658936,1334.081299,1597.670410,-3717.454102,1298.090332,1511.139160,-3645.370605,1323.053833,1642.153442,-3695.216309,2616.259033,1567.720459,-3159.780029,,,,,,,,,,,,,,,,,,,,,,,,,,,,,,,,,
7382,73.820000,0.000000,0.000000,0.000000,1.000000,0.000000,0.000000,0.000000,57.698101,20.499701,-14.700500,0.047771,-0.013570,0.015998,-15.666301,-52.738201,18.801300,-93.396698,0.129960,17.611099,-0.224381,-0.498497,-0.676560,0.493376,1317.067383,1557.059204,-3689.145996,1317.244019,1475.844849,-3693.998779,1332.610596,1598.193359,-3718.829102,1296.628052,1511.284180,-3647.123779,1321.786743,1642.914551,-3696.632080,1317.213135,1476.306641,-3694.235596,1332.784912,1598.174316,-3718.811523,1296.618286,1511.307007,-3646.901611,1321.609863,1642.445068,-3696.687500,2616.305420,1567.731079,-3159.773926,,,,,,,,,,,,,,,,,,,,,,,,,,,,,,,,,
7383,73.830000,0.000000,0.000000,0.000000,1.000000,0.000000,0.000000,0.000000,57.698101,20.499701,-14.700500,0.047771,-0.013570,0.015998,-15.666301,-52.738201,18.801300,-93.396698,0.129960,17.611099,-0.221999,-0.500863,-0.675724,0.493204,1315.589233,1557.259888,-3690.643555,1316.118530,1476.038574,-3695.351318,1331.125610,1598.404419,-3720.316162,1295.109253,1511.476685,-3648.650146,1320.003296,1643.120239,-3698.256592,1316.181885,1476.292236,-3695.599854,1331.219604,1598.434937,-3720.362305,1295.024048,1511.609985,-3648.377930,1319.907959,1642.660400,-3698.232666,2616.280762,1567.728271,-3159.777832,,,,,,,,,,,,,,,,,,,,,,,,,,,,,,,,,
7384,73.840000,0.000000,0.000000,0.000000,1.000000,0.000000,0.000000,0.000000,57.698101,20.499701,-14.700500,0.047771,-0.013570,0.015998,-15.666301,-52.738201,18.801300,-93.396698,0.129960,17.611099,-0.221898,-0.500642,-0.675793,0.493379,1314.141479,1557.536987,-3692.169434,1314.683838,1476.318359,-3696.921631,1329.664185,1598.700317,-3721.822998,1293.678955,1511.727173,-3650.196533,1318.539185,1643.402222,-3699.736572,1314.760864,1476.354126,-3697.236816,1329.761475,1598.770874,-3721.837402,1293.568115,1511.954712,-3649.831299,1318.448608,1643.067261,-3699.743408,2616.287109,1567.761719,-3159.779785,,,,,,,,,,,,,,,,,,,,,,,,,,,,,,,,,
7385,73.850000,0.000000,0.000000,0.000000,1.000000,0.000000,0.000000,0.000000,57.698101,20.499701,-14.700500,0.047771,-0.013570,0.015998,-15.666301,-52.738201,18.801300,-93.396698,0.129960,17.611099,-0.222019,-0.500178,-0.675960,0.493566,1312.710571,1557.901001,-3693.713135,1313.229736,1476.685913,-3698.527344,1328.221313,1599.083008,-3723.346924,1292.267822,1512.064453,-3651.759766,1317.123169,1643.770874,-3701.218262,1313.300415,1476.688477,-3698.854980,1328.335815,1599.126465,-3723.367920,1292.173096,1512.367188,-3651.406006,1317.002075,1643.433105,-3701.192871,2616.274170,1567.730103,-3159.776123,,,,,,,,,,,,,,,,,,,,,,,,,,,,,,,,,
7386,73.860000,0.000000,0.000000,0.000000,1.000000,0.000000,0.000000,0.000000,57.698101,20.499701,-14.700500,0.047771,-0.013570,0.015998,-15.666301,-52.738201,18.801300,-93.396698,0.129960,17.611099,-0.223129,-0.499455,-0.675676,0.494186,1311.189697,1558.250366,-3695.228027,1311.669189,1477.034424,-3700.033447,1326.625488,1599.423706,-3724.912842,1290.856934,1512.425415,-3653.208496,1315.606934,1644.117920,-3702.757324,1311.794189,1477.028931,-3700.301025,1326.654785,1599.423584,-3724.979492,1290.722778,1512.683838,-3652.912842,1315.573730,1643.893921,-3702.688721,2616.296387,1567.727905,-3159.772461,,,,,,,,,,,,,,,,,,,,,,,,,,,,,,,,,
7387,73.870000,0.000000,0.000000,0.000000,1.000000,0.000000,0.000000,0.000000,57.698101,20.499701,-14.700500,0.047771,-0.013570,0.015998,-15.666301,-52.738201,18.801300,-93.396698,0.129960,17.611099,-0.225607,-0.496761,-0.676264,0.494972,1309.684937,1558.542847,-3696.699463,1309.872925,1477.336304,-3701.679688,1325.058472,1599.730225,-3726.397217,1289.480469,1512.693115,-3654.645020,1314.328125,1644.411743,-3704.075439,1310.030518,1477.264526,-3701.865479,1325.020874,1599.660889,-3726.545654,1289.328247,1512.904297,-3654.432129,1314.353149,1644.362305,-3703.945557,2616.269287,1567.756470,-3159.787598,,,,,,,,,,,,,,,,,,,,,,,,,,,,,,,,,
7388,73.880000,0.000000,0.000000,0.000000,1.000000,0.000000,0.000000,0.000000,57.698101,20.499701,-14.700500,0.047771,-0.013570,0.015998,-15.666301,-52.738201,18.801300,-93.396698,0.129960,17.611099,-0.228294,-0.494094,-0.676295,0.496365,1308.251587,1558.720703,-3698.138916,1308.237183,1477.522095,-3703.250488,1323.480957,1599.925049,-3727.887695,1288.276367,1512.844116,-3656.004639,1313.011963,1644.591919,-3705.412842,1308.365234,1477.401001,-3703.394531,1323.423218,1599.811768,-3727.976074,1288.183105,1513.115479,-3655.899902,1313.031616,1644.576904,-3705.284912,2616.272705,1567.738892,-3159.788086,,,,,,,,,,,,,,,,,,,,,,,,,,,,,,,,,
7389,73.890000,0.000000,0.000000,0.000000,1.000000,0.000000,0.000000,0.000000,57.698101,20.499701,-14.700500,0.047771,-0.013570,0.015998,-15.666301,-52.738201,18.801300,-93.396698,0.129960,17.611099,-0.230517,-0.492276,-0.676137,0.497358,1306.674438,1558.743774,-3699.604736,1306.505859,1477.548218,-3704.760254,1321.792114,1599.941406,-3729.419678,1286.876465,1512.874390,-3657.379150,1311.523315,1644.611694,-3706.859619,1306.688232,1477.343628,-3704.888672,1321.629395,1599.737915,-3729.504150,1286.769287,1513.314209,-3657.363037,1311.596069,1644.633545,-3706.671387,2616.300293,1567.745117,-3159.760254,,,,,,,,,,,,,,,,,,,,,,,,,,,,,,,,,
7390,73.900000,0.000000,0.000000,0.000000,1.000000,0.000000,0.000000,0.000000,57.698101,20.499701,-14.700500,0.047771,-0.013570,0.015998,-15.666301,-52.738201,18.801300,-93.396698,0.129960,17.611099,-0.232090,-0.491099,-0.675873,0.498148,1304.989746,1558.749634,-3701.111572,1304.737671,1477.554932,-3706.276855,1320.013428,1599.939575,-3730.984375,1285.334229,1512.889648,-3658.809082,1309.873413,1644.614868,-3708.375732,1304.952026,1477.226074,-3706.485107,1319.861938,1599.667358,-3731.076416,1285.204956,1513.502319,-3658.742920,1309.926392,1644.706177,-3708.149658,2616.286133,1567.730225,-3159.776855,,,,,,,,,,,,,,,,,,,,,,,,,,,,,,,,,
7391,73.910000,0.000000,0.000000,0.000000,1.000000,0.000000,0.000000,0.000000,57.698101,20.499701,-14.700500,0.047771,-0.013570,0.015998,-15.666301,-52.738201,18.801300,-93.396698,0.129960,17.611099,-0.228830,-0.494377,-0.675068,0.497505,1303.393555,1558.855469,-3702.413818,1303.559937,1477.648804,-3707.395020,1318.462280,1600.047607,-3732.260986,1283.616455,1512.999634,-3660.163330,1307.935669,1644.725830,-3709.835693,1303.664307,1477.322876,-3707.617432,1318.441284,1599.882080,-3732.253662,1283.598511,1513.713135,-3660.116211,1307.881592,1644.689697,-3709.688965,2616.301514,1567.745117,-3159.779785,,,,,,,,,,,,,,,,,,,,,,,,,,,,,,,,,
7392,73.920000,0.000000,0.000000,0.000000,1.000000,0.000000,0.000000,0.000000,57.698101,20.499701,-14.700500,0.047771,-0.013570,0.015998,-15.666301,-52.738201,18.801300,-93.396698,0.129960,17.611099,-0.224647,-0.498177,-0.674802,0.495980,1301.698120,1558.918701,-3703.648926,1302.248779,1477.704224,-3708.469727,1316.921021,1600.115234,-3733.411621,1281.651733,1513.063110,-3661.525391,1305.970825,1644.792725,-3711.188477,1302.332397,1477.526123,-3708.684326,1316.951050,1600.000854,-3733.441162,1281.619873,1513.620483,-3661.415039,1305.883789,1644.647217,-3711.039062,2616.297363,1567.734497,-3159.773682,,,,,,,,,,,,,,,,,,,,,,,,,,,,,,,,,
7393,73.930000,0.000000,0.000000,0.000000,1.000000,0.000000,0.000000,0.000000,57.698101,20.499701,-14.700500,0.047771,-0.013570,0.015998,-15.666301,-52.738201,18.801300,-93.396698,0.129960,17.611099,-0.221962,-0.500507,-0.674882,0.494733,1299.942383,1558.870972,-3704.911621,1300.686768,1477.653076,-3709.649658,1315.299072,1600.068848,-3734.604004,1279.682373,1513.016235,-3662.889404,1304.101196,1644.745972,-3712.503662,1300.711182,1477.518188,-3709.927246,1315.455811,1600.050903,-3734.636719,1279.654785,1513.411255,-3662.640381,1303.931030,1644.545044,-3712.419678,2616.300781,1567.755249,-3159.774170,,,,,,,,,,,,,,,,,,,,,,,,,,,,,,,,,
7394,73.940000,0.000000,0.000000,0.000000,1.000000,0.000000,0.000000,0.000000,57.698101,20.499701,-14.700500,0.047771,-0.013570,0.015998,-15.666301,-52.738201,18.801300,-93.396698,0.129960,17.611099,-0.219326,-0.502616,-0.674831,0.493838,1298.236938,1558.743774,-3706.155029,1299.208374,1477.524658,-3710.831543,1313.687378,1599.958374,-3735.774902,1277.814209,1512.868652,-3664.233887,1302.237915,1644.623291,-3713.779541,1299.243652,1477.541626,-3711.112549,1313.857910,1599.971313,-3735.839355,1277.740601,1513.102173,-3663.908691,1302.085205,1644.375366,-3713.729492,2616.315918,1567.747681,-3159.769531,,,,,,,,,,,,,,,,,,,,,,,,,,,,,,,,,
7395,73.950000,0.000000,0.000000,0.000000,1.000000,0.000000,0.000000,0.000000,57.698101,20.499701,-14.700500,0.047771,-0.013570,0.015998,-15.666301,-52.738201,18.801300,-93.396698,0.129960,17.611099,-0.220619,-0.500285,-0.675779,0.494333,1296.566528,1558.510498,-3707.384521,1297.307617,1477.303833,-3712.311523,1312.001465,1599.775146,-3736.943115,1276.197754,1512.560913,-3665.519043,1300.758911,1644.402344,-3714.764893,1297.501953,1477.308594,-3712.488037,1311.933838,1599.676514,-3737.147461,1276.005615,1512.738281,-3665.293213,1300.813477,1644.334717,-3714.604004,2616.289551,1567.748535,-3159.772705,,,,,,,,,,,,,,,,,,,,,,,,,,,,,,,,,
7396,73.960000,0.000000,0.000000,0.000000,1.000000,0.000000,0.000000,0.000000,57.698101,20.499701,-14.700500,0.047771,-0.013570,0.015998,-15.666301,-52.738201,18.801300,-93.396698,0.129960,17.611099,-0.225452,-0.495483,-0.675747,0.497025,1294.793213,1558.195923,-3708.699463,1295.197144,1477.001953,-3713.867188,1309.949585,1599.495239,-3738.353516,1274.860229,1512.192261,-3666.683838,1299.165894,1644.094604,-3715.893311,1295.435059,1476.869263,-3713.980225,1309.735962,1599.255249,-3738.564209,1274.688721,1512.565918,-3666.633057,1299.285522,1644.109985,-3715.626221,2616.284180,1567.767822,-3159.791992,,,,,,,,,,,,,,,,,,,,,,,,,,,,,,,,,
7397,73.970000,0.000000,0.000000,0.000000,1.000000,0.000000,0.000000,0.000000,57.698101,20.499701,-14.700500,0.047771,-0.013570,0.015998,-15.666301,-52.738201,18.801300,-93.396698,0.129960,17.611099,-0.229313,-0.492119,-0.675144,0.499414,1292.836060,1557.795776,-3710.131104,1293.058594,1476.607422,-3715.398682,1307.722168,1599.107666,-3739.904297,1273.304932,1511.772095,-3667.949219,1297.258423,1643.696167,-3717.272217,1293.233643,1476.389771,-3715.542480,1307.600830,1598.859375,-3740.036377,1273.203613,1512.366577,-3667.938232,1297.285278,1643.683960,-3717.010254,2616.293457,1567.732300,-3159.773926,,,,,,,,,,,,,,,,,,,,,,,,,,,,,,,,,
7398,73.980000,0.000000,0.000000,0.000000,1.000000,0.000000,0.000000,0.000000,57.698101,20.499701,-14.700500,0.047771,-0.013570,0.015998,-15.666301,-52.738201,18.801300,-93.396698,0.129960,17.611099,-0.225012,-0.494064,-0.676321,0.497855,1291.092285,1557.388184,-3711.482666,1291.516968,1476.211792,-3716.918701,1306.193604,1598.790283,-3741.021240,1271.233154,1511.239258,-3669.591553,1295.425293,1643.311646,-3718.399170,1291.387939,1476.065674,-3716.900635,1306.326172,1598.756714,-3740.920898,1271.412476,1511.504517,-3669.758301,1295.261719,1643.256104,-3718.370605,2616.307861,1567.737305,-3159.764648,,,,,,,,,,,,,,,,,,,,,,,,,,,,,,,,,
7399,73.990000,0.000000,0.000000,0.000000,1.000000,0.000000,0.000000,0.000000,57.698101,20.499701,-14.700500,0.047771,-0.013570,0.015998,-15.666301,-52.738201,18.801300,-93.396698,0.129960,17.611099,-0.217695,-0.499294,-0.676673,0.495407,1289.416992,1556.970337,-3712.723633,1290.418091,1475.795288,-3718.103271,1304.792969,1598.446777,-3742.015381,1269.093628,1510.725098,-3671.162598,1293.363281,1642.914551,-3719.613770,1290.251343,1475.883911,-3717.906982,1304.863770,1598.531860,-3741.937988,1269.261475,1510.643555,-3671.400635,1293.296021,1642.822510,-3719.657471,2616.309814,1567.762817,-3159.774902,,,,,,,,,,,,,,,,,,,,,,,,,,,,,,,,,
7400,74.000000,0.000000,0.000000,0.000000,1.000000,0.000000,0.000000,0.000000,57.698101,20.499701,-14.700500,0.047771,-0.013570,0.015998,-15.666301,-52.738201,18.801300,-93.396698,0.129960,17.611099,-0.213244,-0.502285,-0.677743,0.492850,1287.716797,1556.591675,-3713.964844,1288.882080,1475.419556,-3719.356934,1303.392456,1598.096313,-3743.056885,1266.952637,1510.307983,-3672.665283,1291.639771,1642.542847,-3720.780273,1288.817139,1475.610107,-3718.993164,1303.280884,1598.215332,-3743.104980,1267.013062,1509.981323,-3672.975342,1291.751099,1642.530151,-3720.783203,2616.281250,1567.734253,-3159.772949,,,,,,,,,,,,,,,,,,,,,,,,,,,,,,,,,
7401,74.010000,0.000000,0.000000,0.000000,1.000000,0.000000,0.000000,0.000000,57.698101,20.499701,-14.700500,0.047771,-0.013570,0.015998,-15.666301,-52.738201,18.801300,-93.396698,0.129960,17.611099,-0.212008,-0.502595,-0.678990,0.491349,1286.105835,1556.276855,-3715.128662,1287.139648,1475.110352,-3720.630859,1301.976685,1597.792725,-3744.098633,1265.088501,1509.974487,-3673.978271,1290.218628,1642.229858,-3721.806641,1287.201660,1475.293823,-3720.145996,1301.666504,1597.833252,-3744.291504,1265.058105,1509.616699,-3674.392578,1290.491821,1642.338745,-3721.686768,2616.301270,1567.760620,-3159.779785,,,,,,,,,,,,,,,,,,,,,,,,,,,,,,,,,
7402,74.020000,0.000000,0.000000,0.000000,1.000000,0.000000,0.000000,0.000000,57.698101,20.499701,-14.700500,0.047771,-0.013570,0.015998,-15.666301,-52.738201,18.801300,-93.396698,0.129960,17.611099,-0.217574,-0.498649,-0.678466,0.493655,1284.372803,1555.860474,-3716.406250,1285.035645,1474.692871,-3721.948242,1299.987427,1597.329224,-3745.582031,1263.765015,1509.619629,-3674.980957,1288.703125,1641.800659,-3723.114258,1285.210327,1474.732788,-3721.540039,1299.520874,1597.134155,-3745.873047,1263.691650,1509.548218,-3675.406494,1289.044067,1642.020996,-3722.812988,2616.331055,1567.730469,-3159.771484,,,,,,,,,,,,,,,,,,,,,,,,,,,,,,,,,
7403,74.030000,0.000000,0.000000,0.000000,1.000000,0.000000,0.000000,0.000000,57.698101,20.499701,-14.700500,0.047771,-0.013570,0.015998,-15.666301,-52.738201,18.801300,-93.396698,0.129960,17.611099,-0.224267,-0.493150,-0.678013,0.496795,1282.591553,1555.413818,-3717.724609,1282.800171,1474.254272,-3723.417480,1297.864746,1596.867065,-3747.102539,1262.523804,1509.188110,-3676.018066,1287.177612,1641.346313,-3724.360107,1282.909546,1474.059204,-3723.268799,1297.624756,1596.644287,-3747.229736,1262.514648,1509.447510,-3676.311768,1287.309326,1641.523071,-3724.103027,2616.297852,1567.725830,-3159.766357,,,,,,,,,,,,,,,,,,,,,,,,,,,,,,,,,
7404,74.040000,0.000000,0.000000,0.000000,1.000000,0.000000,0.000000,0.000000,57.698101,20.499701,-14.700500,0.047771,-0.013570,0.015998,-15.666301,-52.738201,18.801300,-93.396698,0.129960,17.611099,-0.224458,-0.493042,-0.677726,0.497207,1280.995972,1555.057983,-3718.940430,1281.248779,1473.897705,-3724.622314,1296.217407,1596.516357,-3748.338135,1260.993896,1508.826050,-3677.209473,1285.523804,1640.992310,-3725.592041,1281.219482,1473.751953,-3724.547852,1296.203369,1596.449829,-3748.331543,1261.088867,1509.075073,-3677.422607,1285.485962,1640.989990,-3725.490234,2616.280029,1567.741089,-3159.780273,,,,,,,,,,,,,,,,,,,,,,,,,,,,,,,,,
7405,74.050000,0.000000,0.000000,0.000000,1.000000,0.000000,0.000000,0.000000,57.698101,20.499701,-14.700500,0.047771,-0.013570,0.015998,-15.666301,-52.738201,18.801300,-93.396698,0.129960,17.611099,-0.220171,-0.496266,-0.678112,0.495389,1279.484375,1554.751099,-3720.114990,1280.028687,1473.588867,-3725.748291,1294.910767,1596.236694,-3749.366699,1259.155762,1508.484619,-3678.580322,1283.842285,1640.694214,-3726.764404,1279.929443,1473.648682,-3725.555420,1294.922485,1596.302246,-3749.353516,1259.273682,1508.470703,-3678.819092,1283.816772,1640.583618,-3726.742432,2616.302002,1567.739380,-3159.772705,,,,,,,,,,,,,,,,,,,,,,,,,,,,,,,,,
7406,74.060000,0.000000,0.000000,0.000000,1.000000,0.000000,0.000000,0.000000,57.698101,20.499701,-14.700500,0.047771,-0.013570,0.015998,-15.666301,-52.738201,18.801300,-93.396698,0.129960,17.611099,-0.216412,-0.499043,-0.678646,0.493520,1277.858887,1554.355347,-3721.374268,1278.612427,1473.192505,-3726.974121,1293.496826,1595.860596,-3750.485596,1257.205688,1508.064209,-3680.027832,1282.120483,1640.304565,-3728.009766,1278.496948,1473.359131,-3726.659912,1293.490112,1595.997070,-3750.543457,1257.304443,1507.857178,-3680.296631,1282.139526,1640.207642,-3727.988525,2616.321777,1567.721069,-3159.760498,,,,,,,,,,,,,,,,,,,,,,,,,,,,,,,,,
7407,74.070000,0.000000,0.000000,0.000000,1.000000,0.000000,0.000000,0.000000,57.698101,20.499701,-14.700500,0.047771,-0.013570,0.015998,-15.666301,-52.738201,18.801300,-93.396698,0.129960,17.611099,-0.213426,-0.501159,-0.679494,0.491505,1276.382202,1554.006592,-3722.603516,1277.209717,1472.844238,-3728.200684,1292.254150,1595.518433,-3751.578613,1255.392578,1507.706543,-3681.436768,1280.672241,1639.957397,-3729.198242,1277.140625,1473.058960,-3727.825195,1292.164185,1595.661377,-3751.670654,1255.441040,1507.346313,-3681.729004,1280.773193,1639.929199,-3729.183838,2616.292725,1567.739990,-3159.768799,,,,,,,,,,,,,,,,,,,,,,,,,,,,,,,,,
7408,74.080000,0.000000,0.000000,0.000000,1.000000,0.000000,0.000000,0.000000,57.698101,20.499701,-14.700500,0.047771,-0.013570,0.015998,-15.666301,-52.738201,18.801300,-93.396698,0.129960,17.611099,-0.214572,-0.500075,-0.680063,0.491324,1274.905151,1553.568481,-3723.864014,1275.524292,1472.409180,-3729.530762,1290.813843,1595.066284,-3752.839111,1253.894165,1507.284546,-3682.689941,1279.388550,1639.514160,-3730.396240,1275.571167,1472.579956,-3729.123291,1290.554443,1595.075195,-3752.984619,1253.862427,1506.900757,-3683.030273,1279.634766,1639.686523,-3730.322510,2616.308350,1567.744995,-3159.777100,,,,,,,,,,,,,,,,,,,,,,,,,,,,,,,,,
7409,74.090000,0.000000,0.000000,0.000000,1.000000,0.000000,0.000000,0.000000,57.698101,20.499701,-14.700500,0.047771,-0.013570,0.015998,-15.666301,-52.738201,18.801300,-93.396698,0.129960,17.611099,-0.219321,-0.496817,-0.679487,0.493324,1273.435303,1553.118896,-3725.149658,1273.754639,1471.958496,-3730.825928,1289.116455,1594.572876,-3754.310791,1252.783813,1506.892700,-3683.729736,1278.086548,1639.051880,-3731.732178,1273.835815,1472.032837,-3730.492676,1288.831055,1594.428955,-3754.475098,1252.758301,1506.726196,-3684.066162,1278.315796,1639.287598,-3731.568359,2616.293213,1567.737549,-3159.772705,,,,,,,,,,,,,,,,,,,,,,,,,,,,,,,,,
7410,74.100000,0.000000,0.000000,0.000000,1.000000,0.000000,0.000000,0.000000,57.698101,20.499701,-14.700500,0.047771,-0.013570,0.015998,-15.666301,-52.738201,18.801300,-93.396698,0.129960,17.611099,-0.223330,-0.494508,-0.678796,0.494795,1271.864258,1552.646118,-3726.456787,1271.942139,1471.480347,-3732.065186,1287.363647,1594.038940,-3755.801758,1251.500122,1506.503052,-3684.802490,1276.651367,1638.562500,-3733.157959,1272.035767,1471.454346,-3731.801758,1287.087402,1593.809814,-3755.973145,1251.491211,1506.547607,-3685.145996,1276.828979,1638.766235,-3732.919922,2616.306885,1567.735962,-3159.762451,,,,,,,,,,,,,,,,,,,,,,,,,,,,,,,,,
7411,74.110000,0.000000,0.000000,0.000000,1.000000,0.000000,0.000000,0.000000,57.698101,20.499701,-14.700500,0.047771,-0.013570,0.015998,-15.666301,-52.738201,18.801300,-93.396698,0.129960,17.611099,-0.226108,-0.493057,-0.678157,0.495855,1270.350220,1552.185303,-3727.738281,1270.284058,1471.014282,-3733.270752,1285.711914,1593.529907,-3757.222900,1250.197998,1506.108276,-3685.907959,1275.206909,1638.088989,-3734.551758,1270.355713,1470.909302,-3733.082520,1285.524414,1593.312134,-3757.383545,1250.219238,1506.338501,-3686.244385,1275.296753,1638.200562,-3734.275635,2616.276611,1567.752441,-3159.774658,,,,,,,,,,,,,,,,,,,,,,,,,,,,,,,,,
7412,74.120000,0.000000,0.000000,0.000000,1.000000,0.000000,0.000000,0.000000,57.698101,20.499701,-14.700500,0.047771,-0.013570,0.015998,-15.666301,-52.738201,18.801300,-93.396698,0.129960,17.611099,-0.223741,-0.495275,-0.678474,0.494283,1268.948486,1551.775635,-3728.932861,1268.993652,1470.598877,-3734.379395,1284.482544,1593.102905,-3758.351562,1248.540405,1505.724731,-3687.197998,1273.777100,1637.676514,-3735.802734,1268.949463,1470.503662,-3734.264648,1284.497192,1593.039429,-3758.410645,1248.641479,1505.941162,-3687.430420,1273.716309,1637.648926,-3735.648926,2616.284668,1567.750122,-3159.787109,,,,,,,,,,,,,,,,,,,,,,,,,,,,,,,,,
7413,74.130000,0.000000,0.000000,0.000000,1.000000,0.000000,0.000000,0.000000,57.698101,20.499701,-14.700500,0.047771,-0.013570,0.015998,-15.666301,-52.738201,18.801300,-93.396698,0.129960,17.611099,-0.216504,-0.501870,-0.678334,0.491036,1267.535034,1551.350952,-3730.120605,1268.158813,1470.158081,-3735.285400,1283.399170,1592.670776,-3759.373291,1246.585205,1505.319946,-3688.633057,1271.996948,1637.255371,-3737.190674,1268.092651,1470.281738,-3735.077637,1283.387085,1592.729492,-3759.424805,1246.672485,1505.322388,-3688.868652,1271.990723,1637.068359,-3737.107910,2616.299316,1567.702271,-3159.771484,,,,,,,,,,,,,,,,,,,,,,,,,,,,,,,,,
7414,74.140000,0.000000,0.000000,0.000000,1.000000,0.000000,0.000000,0.000000,57.698101,20.499701,-14.700500,0.047771,-0.013570,0.015998,-15.666301,-52.738201,18.801300,-93.396698,0.129960,17.611099,-0.211883,-0.505444,-0.679156,0.488240,1266.087891,1550.950439,-3731.267578,1266.906738,1469.755127,-3736.366699,1282.264038,1592.275269,-3760.341553,1244.675781,1504.914673,-3690.021973,1270.505127,1636.856812,-3738.340088,1266.850952,1469.997192,-3736.041260,1282.208740,1592.392212,-3760.483154,1244.720825,1504.720825,-3690.271973,1270.567627,1636.707031,-3738.252441,2616.317383,1567.702026,-3159.755371,,,,,,,,,,,,,,,,,,,,,,,,,,,,,,,,,
7415,74.150000,0.000000,0.000000,0.000000,1.000000,0.000000,0.000000,0.000000,57.698101,20.499701,-14.700500,0.047771,-0.013570,0.015998,-15.666301,-52.738201,18.801300,-93.396698,0.129960,17.611099,-0.211560,-0.505058,-0.680623,0.486735,1264.668701,1550.583008,-3732.349365,1265.229980,1469.394165,-3737.583740,1281.045654,1591.902832,-3761.317871,1243.013184,1504.549316,-3691.228760,1269.386108,1636.486084,-3739.267090,1265.257812,1469.582275,-3737.181641,1280.841187,1592.001099,-3761.522949,1242.987061,1504.232666,-3691.535645,1269.578003,1636.500854,-3739.157959,2616.298096,1567.718750,-3159.766113,,,,,,,,,,,,,,,,,,,,,,,,,,,,,,,,,
7416,74.160000,0.000000,0.000000,0.000000,1.000000,0.000000,0.000000,0.000000,57.698101,20.499701,-14.700500,0.047771,-0.013570,0.015998,-15.666301,-52.738201,18.801300,-93.396698,0.129960,17.611099,-0.217396,-0.500790,-0.680029,0.489397,1263.271118,1550.204346,-3733.360107,1263.468872,1469.017578,-3738.653076,1279.355347,1591.486450,-3762.545654,1242.075195,1504.218628,-3691.947266,1268.184937,1636.095215,-3740.293945,1263.558350,1469.085205,-3738.328613,1279.077881,1591.394775,-3762.755615,1242.046875,1504.136353,-3692.273193,1268.391846,1636.198364,-3740.088379,2616.290283,1567.704590,-3159.768799,,,,,,,,,,,,,,,,,,,,,,,,,,,,,,,,,
7417,74.170000,0.000000,0.000000,0.000000,1.000000,0.000000,0.000000,0.000000,57.698101,20.499701,-14.700500,0.047771,-0.013570,0.015998,-15.666301,-52.738201,18.801300,-93.396698,0.129960,17.611099,-0.223527,-0.495746,-0.679821,0.492051,1261.730957,1549.804199,-3734.453857,1261.475830,1468.627319,-3739.893311,1277.532593,1591.067017,-3763.820312,1240.992798,1503.838135,-3692.788086,1266.922363,1635.684570,-3741.313721,1261.588623,1468.465088,-3739.664795,1277.258911,1590.903442,-3764.006592,1240.962769,1503.940430,-3693.081543,1267.109741,1635.913940,-3741.057617,2616.297119,1567.745239,-3159.770264,,,,,,,,,,,,,,,,,,,,,,,,,,,,,,,,,
7418,74.180000,0.000000,0.000000,0.000000,1.000000,0.000000,0.000000,0.000000,57.698101,20.499701,-14.700500,0.047771,-0.013570,0.015998,-15.666301,-52.738201,18.801300,-93.396698,0.129960,17.611099,-0.226119,-0.493816,-0.679238,0.493611,1260.256104,1549.454224,-3735.500000,1259.901611,1468.278564,-3740.952637,1275.875488,1590.711060,-3764.972168,1239.785889,1503.495361,-3693.694092,1265.461182,1635.332153,-3742.381104,1259.958984,1468.086304,-3740.809570,1275.720825,1590.549561,-3765.063232,1239.808716,1503.698364,-3693.955811,1265.538696,1635.498657,-3742.181641,2616.317139,1567.773926,-3159.770020,,,,,,,,,,,,,,,,,,,,,,,,,,,,,,,,,
7419,74.190000,0.000000,0.000000,0.000000,1.000000,0.000000,0.000000,0.000000,57.698101,20.499701,-14.700500,0.047771,-0.013570,0.015998,-15.666301,-52.738201,18.801300,-93.396698,0.129960,17.611099,-0.220528,-0.498629,-0.679145,0.491426,1258.836304,1549.129761,-3736.469727,1258.950928,1467.942261,-3741.753906,1274.681885,1590.400757,-3765.801025,1237.984497,1503.158691,-3694.866211,1263.727539,1635.017334,-3743.457764,1258.892944,1468.007568,-3741.527832,1274.633301,1590.399658,-3765.818359,1238.073608,1503.106934,-3695.136963,1263.753174,1635.006104,-3743.409912,2616.302734,1567.763184,-3159.775879,,,,,,,,,,,,,,,,,,,,,,,,,,,,,,,,,
7420,74.200000,0.000000,0.000000,0.000000,1.000000,0.000000,0.000000,0.000000,57.698101,20.499701,-14.700500,0.047771,-0.013570,0.015998,-15.666301,-52.738201,18.801300,-93.396698,0.129960,17.611099,-0.215008,-0.502788,-0.679680,0.488887,1257.326294,1548.769531,-3737.489990,1257.789551,1467.578613,-3742.704102,1273.452515,1590.070679,-3766.625244,1236.034058,1502.761108,-3696.151855,1262.028809,1634.667603,-3744.478760,1257.650757,1467.748291,-3742.456299,1273.451538,1590.144409,-3766.564697,1236.180054,1502.609497,-3696.425781,1262.025146,1634.577881,-3744.520264,2616.313477,1567.731201,-3159.769531,,,,,,,,,,,,,,,,,,,,,,,,,,,,,,,,,
7421,74.210000,0.000000,0.000000,0.000000,1.000000,0.000000,0.000000,0.000000,57.698101,20.499701,-14.700500,0.047771,-0.013570,0.015998,-15.666301,-52.738201,18.801300,-93.396698,0.129960,17.611099,-0.211266,-0.505151,-0.680692,0.486670,1255.868774,1548.392090,-3738.455322,1256.447754,1467.204346,-3743.705566,1272.255127,1589.720703,-3767.406006,1234.197632,1502.346069,-3697.356689,1260.574585,1634.297363,-3745.353027,1256.305786,1467.386353,-3743.440430,1272.262939,1589.831665,-3767.383057,1234.323486,1502.119141,-3697.600342,1260.580444,1634.224731,-3745.393311,2616.302734,1567.746460,-3159.768066,,,,,,,,,,,,,,,,,,,,,,,,,,,,,,,,,
7422,74.220000,0.000000,0.000000,0.000000,1.000000,0.000000,0.000000,0.000000,57.698101,20.499701,-14.700500,0.047771,-0.013570,0.015998,-15.666301,-52.738201,18.801300,-93.396698,0.129960,17.611099,-0.209905,-0.505589,-0.681744,0.485329,1254.612305,1548.067627,-3739.367920,1255.108276,1466.885742,-3744.715332,1271.170044,1589.410400,-3768.200684,1232.714355,1501.999390,-3698.414551,1259.456787,1633.975098,-3746.140869,1255.058350,1467.074097,-3744.357422,1271.065674,1589.476685,-3768.305420,1232.753906,1501.667480,-3698.703857,1259.567017,1634.020508,-3746.100098,2616.300049,1567.768799,-3159.784424,,,,,,,,,,,,,,,,,,,,,,,,,,,,,,,,,
7423,74.230000,0.000000,0.000000,0.000000,1.000000,0.000000,0.000000,0.000000,57.698101,20.499701,-14.700500,0.047771,-0.013570,0.015998,-15.666301,-52.738201,18.801300,-93.396698,0.129960,17.611099,-0.213661,-0.502194,-0.682295,0.486440,1253.312012,1547.638672,-3740.300293,1253.412720,1466.466431,-3745.813721,1269.776367,1588.969360,-3769.203613,1231.600342,1501.580688,-3699.236328,1258.458618,1633.538452,-3746.947021,1253.476440,1466.552856,-3745.425049,1269.507935,1588.859131,-3769.416016,1231.575806,1501.336182,-3699.592041,1258.695923,1633.808838,-3746.765381,2616.277100,1567.741577,-3159.774414,,,,,,,,,,,,,,,,,,,,,,,,,,,,,,,,,
7424,74.240000,0.000000,0.000000,0.000000,1.000000,0.000000,0.000000,0.000000,57.698101,20.499701,-14.700500,0.047771,-0.013570,0.015998,-15.666301,-52.738201,18.801300,-93.396698,0.129960,17.611099,-0.219801,-0.496935,-0.682452,0.488879,1251.967651,1547.201416,-3741.302002,1251.554199,1466.043457,-3747.007812,1268.188232,1588.516113,-3770.365723,1230.668701,1501.157104,-3700.007080,1257.459473,1633.089233,-3747.827148,1251.607056,1465.936646,-3746.727783,1267.969727,1588.276978,-3770.552734,1230.689697,1501.180176,-3700.359619,1257.606567,1633.433105,-3747.563721,2616.319092,1567.764282,-3159.772705,,,,,,,,,,,,,,,,,,,,,,,,,,,,,,,,,
7425,74.250000,0.000000,0.000000,0.000000,1.000000,0.000000,0.000000,0.000000,57.698101,20.499701,-14.700500,0.047771,-0.013570,0.015998,-15.666301,-52.738201,18.801300,-93.396698,0.129960,17.611099,-0.224182,-0.493074,-0.682518,0.490704,1250.531494,1546.756226,-3742.369629,1249.757202,1465.611206,-3748.218994,1266.565918,1588.066406,-3771.542725,1229.542969,1500.712036,-3700.916260,1256.260010,1632.635742,-3748.800293,1249.832764,1465.474487,-3748.038086,1266.365967,1587.737427,-3771.739990,1229.555298,1500.887085,-3701.215332,1256.358765,1632.931885,-3748.492432,2616.308105,1567.731812,-3159.765137,,,,,,,,,,,,,,,,,,,,,,,,,,,,,,,,,
7426,74.260000,0.000000,0.000000,0.000000,1.000000,0.000000,0.000000,0.000000,57.698101,20.499701,-14.700500,0.047771,-0.013570,0.015998,-15.666301,-52.738201,18.801300,-93.396698,0.129960,17.611099,-0.223162,-0.494001,-0.682647,0.490055,1249.066528,1546.346069,-3743.454590,1248.342896,1465.198120,-3749.271729,1265.171387,1587.650391,-3772.597412,1227.972412,1500.310913,-3702.044678,1254.779175,1632.225098,-3749.904785,1248.338989,1465.177490,-3749.123291,1265.110107,1587.447998,-3772.695557,1228.038696,1500.428345,-3702.296143,1254.780640,1632.333984,-3749.725098,2616.303467,1567.734375,-3159.765137,,,,,,,,,,,,,,,,,,,,,,,,,,,,,,,,,
7427,74.270000,0.000000,0.000000,0.000000,1.000000,0.000000,0.000000,0.000000,57.698101,20.499701,-14.700500,0.047771,-0.013570,0.015998,-15.666301,-52.738201,18.801300,-93.396698,0.129960,17.611099,-0.219376,-0.496442,-0.683642,0.487907,1247.825073,1546.061279,-3744.472412,1247.235352,1464.915161,-3750.328857,1264.186157,1587.392212,-3773.434082,1226.355225,1499.989868,-3703.296631,1253.523438,1631.948120,-3750.830322,1247.203491,1464.995850,-3750.115479,1264.129028,1587.323120,-3773.502197,1226.417847,1499.938110,-3703.541260,1253.553711,1631.990479,-3750.739014,2616.291016,1567.735718,-3159.771729,,,,,,,,,,,,,,,,,,,,,,,,,,,,,,,,,
7428,74.280000,0.000000,0.000000,0.000000,1.000000,0.000000,0.000000,0.000000,57.698101,20.499701,-14.700500,0.047771,-0.013570,0.015998,-15.666301,-52.738201,18.801300,-93.396698,0.129960,17.611099,-0.211432,-0.502467,-0.684337,0.484258,1246.604980,1545.788574,-3745.468750,1246.530029,1464.632690,-3751.218506,1263.360596,1587.159790,-3774.145996,1224.512329,1499.668457,-3704.678711,1252.016968,1631.693481,-3751.832031,1246.480469,1464.935303,-3750.838623,1263.248657,1587.276001,-3774.227295,1224.556763,1499.366943,-3704.981934,1252.130615,1631.584106,-3751.804443,2616.264893,1567.737793,-3159.784912,,,,,,,,,,,,,,,,,,,,,,,,,,,,,,,,,
7429,74.290000,0.000000,0.000000,0.000000,1.000000,0.000000,0.000000,0.000000,57.698101,20.499701,-14.700500,0.047771,-0.013570,0.015998,-15.666301,-52.738201,18.801300,-93.396698,0.129960,17.611099,-0.208000,-0.504565,-0.685395,0.482062,1245.417236,1545.576538,-3746.532959,1245.421143,1464.424072,-3752.330566,1262.428345,1586.969727,-3775.027344,1222.957031,1499.425781,-3705.978760,1250.862183,1631.486938,-3752.794678,1245.368286,1464.750244,-3751.879883,1262.295654,1587.186157,-3775.168945,1222.983521,1499.029541,-3706.303955,1251.009521,1631.339966,-3752.757080,2616.281982,1567.757080,-3159.772217,,,,,,,,,,,,,,,,,,,,,,,,,,,,,,,,,
7430,74.300000,0.000000,0.000000,0.000000,1.000000,0.000000,0.000000,0.000000,57.698101,20.499701,-14.700500,0.047771,-0.013570,0.015998,-15.666301,-52.738201,18.801300,-93.396698,0.129960,17.611099,-0.208863,-0.502930,-0.686440,0.481911,1244.212280,1545.365234,-3747.689209,1243.979004,1464.227173,-3753.681396,1261.276123,1586.779541,-3776.121338,1221.712524,1499.179321,-3707.197266,1249.881470,1631.275024,-3753.756836,1243.923462,1464.461792,-3753.284912,1261.161011,1586.999634,-3776.243896,1221.748413,1498.870850,-3707.494873,1250.005493,1631.132812,-3753.719482,2616.278564,1567.751587,-3159.784668,,,,,,,,,,,,,,,,,,,,,,,,,,,,,,,,,
7431,74.310000,0.000000,0.000000,0.000000,1.000000,0.000000,0.000000,0.000000,57.698101,20.499701,-14.700500,0.047771,-0.013570,0.015998,-15.666301,-52.738201,18.801300,-93.396698,0.129960,17.611099,-0.210274,-0.501226,-0.686852,0.482486,1243.056396,1545.199341,-3748.882568,1242.657959,1464.071777,-3755.006104,1260.078979,1586.630615,-3777.314941,1220.637695,1498.986328,-3708.376709,1248.851074,1631.109009,-3754.832520,1242.610962,1464.289673,-3754.707764,1259.973755,1586.793091,-3777.351807,1220.690063,1498.802490,-3708.634277,1248.951904,1630.918213,-3754.824951,2616.251221,1567.734375,-3159.791504,,,,,,,,,,,,,,,,,,,,,,,,,,,,,,,,,
7432,74.320000,0.000000,0.000000,0.000000,1.000000,0.000000,0.000000,0.000000,57.698101,20.499701,-14.700500,0.047771,-0.013570,0.015998,-15.666301,-52.738201,18.801300,-93.396698,0.129960,17.611099,-0.211630,-0.500077,-0.687172,0.482629,1241.967651,1545.103516,-3750.105957,1241.392212,1463.980957,-3756.281006,1258.986450,1586.520020,-3778.561768,1219.579346,1498.907959,-3709.563232,1247.912476,1631.005493,-3756.017334,1241.381714,1464.166016,-3755.963623,1258.821655,1586.607666,-3778.606689,1219.627441,1498.777588,-3709.879883,1248.043945,1630.870728,-3755.969482,2616.277344,1567.760010,-3159.782715,,,,,,,,,,,,,,,,,,,,,,,,,,,,,,,,,
7433,74.330000,0.000000,0.000000,0.000000,1.000000,0.000000,0.000000,0.000000,57.698101,20.499701,-14.700500,0.047771,-0.013570,0.015998,-15.666301,-52.738201,18.801300,-93.396698,0.129960,17.611099,-0.215771,-0.495409,-0.688473,0.483754,1240.755249,1544.985718,-3751.494141,1239.638794,1463.894775,-3758.000488,1257.708740,1586.422729,-3779.959473,1218.534424,1498.750000,-3710.905029,1247.138672,1630.876099,-3757.111816,1239.642944,1463.883911,-3757.813965,1257.582275,1586.398193,-3779.992432,1218.581299,1498.771606,-3711.153564,1247.216675,1630.890747,-3757.032715,2616.271484,1567.717529,-3159.789062,,,,,,,,,,,,,,,,,,,,,,,,,,,,,,,,,
7434,74.340000,0.000000,0.000000,0.000000,1.000000,0.000000,0.000000,0.000000,57.698101,20.499701,-14.700500,0.047771,-0.013570,0.015998,-15.666301,-52.738201,18.801300,-93.396698,0.129960,17.611099,-0.218097,-0.492467,-0.689475,0.484287,1239.664551,1544.962036,-3752.752197,1238.198486,1463.895874,-3759.495850,1256.601318,1586.420410,-3781.196289,1217.516846,1498.688110,-3712.166748,1246.341309,1630.844116,-3758.150391,1238.194702,1463.865723,-3759.299561,1256.501465,1586.333252,-3781.274170,1217.574707,1498.735352,-3712.434326,1246.392700,1630.917725,-3758.017578,2616.258301,1567.720703,-3159.776611,,,,,,,,,,,,,,,,,,,,,,,,,,,,,,,,,
7435,74.350000,0.000000,0.000000,0.000000,1.000000,0.000000,0.000000,0.000000,57.698101,20.499701,-14.700500,0.047771,-0.013570,0.015998,-15.666301,-52.738201,18.801300,-93.396698,0.129960,17.611099,-0.221454,-0.489254,-0.689537,0.485930,1238.619995,1544.966064,-3754.027100,1236.887695,1463.917236,-3760.914062,1255.394653,1586.438110,-3782.547119,1216.735962,1498.667603,-3713.326660,1245.461792,1630.841675,-3759.320312,1236.920776,1463.917358,-3760.731445,1255.242554,1586.209473,-3782.660400,1216.780640,1498.769653,-3713.616455,1245.529785,1630.962280,-3759.125732,2616.270752,1567.745850,-3159.781006,,,,,,,,,,,,,,,,,,,,,,,,,,,,,,,,,
7436,74.360000,0.000000,0.000000,0.000000,1.000000,0.000000,0.000000,0.000000,57.698101,20.499701,-14.700500,0.047771,-0.013570,0.015998,-15.666301,-52.738201,18.801300,-93.396698,0.129960,17.611099,-0.222766,-0.486802,-0.690374,0.486603,1237.429077,1544.923950,-3755.472656,1235.482544,1463.901855,-3762.612549,1254.169556,1586.449829,-3783.934082,1215.622803,1498.543579,-3714.823730,1244.441162,1630.800659,-3760.520020,1235.518677,1463.887451,-3762.490967,1254.003906,1586.181274,-3783.960938,1215.666138,1498.650391,-3715.068848,1244.513428,1630.960938,-3760.389648,2616.301025,1567.757812,-3159.780518,,,,,,,,,,,,,,,,,,,,,,,,,,,,,,,,,
7437,74.370000,0.000000,0.000000,0.000000,1.000000,0.000000,0.000000,0.000000,57.698101,20.499701,-14.700500,0.047771,-0.013570,0.015998,-15.666301,-52.738201,18.801300,-93.396698,0.129960,17.611099,-0.222828,-0.486158,-0.690769,0.486658,1236.364258,1544.943115,-3756.782715,1234.360352,1463.931152,-3764.021973,1253.115356,1586.493286,-3785.202637,1214.551392,1498.526855,-3716.178467,1243.429932,1630.821289,-3761.727783,1234.416138,1463.903198,-3763.789062,1252.904053,1586.335815,-3785.317871,1214.564697,1498.552368,-3716.483398,1243.568726,1630.980469,-3761.553223,2616.288086,1567.747437,-3159.784424,,,,,,,,,,,,,,,,,,,,,,,,,,,,,,,,,
7438,74.380000,0.000000,0.000000,0.000000,1.000000,0.000000,0.000000,0.000000,57.698101,20.499701,-14.700500,0.047771,-0.013570,0.015998,-15.666301,-52.738201,18.801300,-93.396698,0.129960,17.611099,-0.224231,-0.484543,-0.690879,0.487467,1235.152100,1544.920288,-3758.188232,1233.030273,1463.920410,-3765.526611,1251.827026,1586.490479,-3786.623779,1213.462036,1498.473267,-3717.553711,1242.289185,1630.797485,-3763.049072,1233.084351,1463.750610,-3765.376953,1251.631104,1586.375488,-3786.653076,1213.487671,1498.619873,-3717.817871,1242.406738,1630.942383,-3762.919434,2616.299316,1567.717773,-3159.766846,,,,,,,,,,,,,,,,,,,,,,,,,,,,,,,,,
7439,74.390000,0.000000,0.000000,0.000000,1.000000,0.000000,0.000000,0.000000,57.698101,20.499701,-14.700500,0.047771,-0.013570,0.015998,-15.666301,-52.738201,18.801300,-93.396698,0.129960,17.611099,-0.224337,-0.484100,-0.690960,0.487744,1233.972046,1545.002441,-3759.508057,1231.844482,1464.007690,-3766.902100,1250.623779,1586.592896,-3787.927734,1212.314941,1498.526489,-3718.888672,1241.104980,1630.883057,-3764.313721,1231.919556,1463.761963,-3766.804443,1250.435913,1586.463501,-3787.968506,1212.332886,1498.790039,-3719.124756,1241.203491,1631.008179,-3764.151123,2616.274658,1567.741455,-3159.775635,,,,,,,,,,,,,,,,,,,,,,,,,,,,,,,,,
7440,74.400000,0.000000,0.000000,0.000000,1.000000,0.000000,0.000000,0.000000,57.698101,20.499701,-14.700500,0.047771,-0.013570,0.015998,-15.666301,-52.738201,18.801300,-93.396698,0.129960,17.611099,-0.222613,-0.485242,-0.691001,0.487341,1232.791504,1545.144287,-3760.827393,1230.821167,1464.146118,-3768.226562,1249.488281,1586.760132,-3789.183105,1211.049683,1498.635254,-3720.291016,1239.807007,1631.035889,-3765.608398,1230.960083,1463.957031,-3768.036865,1249.185669,1586.529907,-3789.390625,1211.020142,1498.888672,-3720.610596,1239.989380,1631.215332,-3765.283691,2616.288086,1567.723022,-3159.776611,,,,,,,,,,,,,,,,,,,,,,,,,,,,,,,,,
7441,74.410000,0.000000,0.000000,0.000000,1.000000,0.000000,0.000000,0.000000,57.698101,20.499701,-14.700500,0.047771,-0.013570,0.015998,-15.666301,-52.738201,18.801300,-93.396698,0.129960,17.611099,-0.219762,-0.486750,-0.691604,0.486274,1231.518677,1545.296997,-3762.195068,1229.709595,1464.302124,-3769.672119,1248.347900,1586.958618,-3790.405029,1209.569336,1498.725586,-3721.843018,1238.447510,1631.202148,-3766.860352,1229.779785,1464.205933,-3769.486816,1248.101318,1586.673462,-3790.491699,1209.616455,1498.950317,-3722.213623,1238.564331,1631.368286,-3766.634033,2616.321289,1567.729858,-3159.758789,,,,,,,,,,,,,,,,,,,,,,,,,,,,,,,,,
7442,74.420000,0.000000,0.000000,0.000000,1.000000,0.000000,0.000000,0.000000,57.698101,20.499701,-14.700500,0.047771,-0.013570,0.015998,-15.666301,-52.738201,18.801300,-93.396698,0.129960,17.611099,-0.217778,-0.488360,-0.691568,0.485604,1230.335815,1545.463989,-3763.527588,1228.705322,1464.461548,-3770.962402,1247.231689,1587.137451,-3791.680176,1208.268555,1498.879272,-3723.255127,1237.137817,1631.378174,-3768.212646,1228.717529,1464.499634,-3770.790527,1247.104126,1586.937500,-3791.734863,1208.346802,1499.019043,-3723.567139,1237.177612,1631.407104,-3768.061279,2616.283203,1567.721558,-3159.763916,,,,,,,,,,,,,,,,,,,,,,,,,,,,,,,,,
7443,74.430000,0.000000,0.000000,0.000000,1.000000,0.000000,0.000000,0.000000,57.698101,20.499701,-14.700500,0.047771,-0.013570,0.015998,-15.666301,-52.738201,18.801300,-93.396698,0.129960,17.611099,-0.216153,-0.488924,-0.692003,0.485143,1229.120239,1545.590698,-3764.887207,1227.577881,1464.594604,-3772.410156,1246.080444,1587.305908,-3792.938965,1206.950806,1498.947754,-3724.738037,1235.871826,1631.514648,-3769.460938,1227.595947,1464.722168,-3772.191650,1245.940430,1587.194580,-3792.998291,1207.012085,1499.015869,-3725.047119,1235.938721,1631.445435,-3769.332764,2616.266357,1567.770142,-3159.782959,,,,,,,,,,,,,,,,,,,,,,,,,,,,,,,,,
7444,74.440000,0.000000,0.000000,0.000000,1.000000,0.000000,0.000000,0.000000,57.698101,20.499701,-14.700500,0.047771,-0.013570,0.015998,-15.666301,-52.738201,18.801300,-93.396698,0.129960,17.611099,-0.213637,-0.490537,-0.691890,0.484789,1227.816650,1545.690308,-3766.346436,1226.539551,1464.689819,-3773.872559,1244.810669,1587.451050,-3794.309814,1205.562622,1498.987915,-3726.313721,1234.353882,1631.632568,-3770.889404,1226.452759,1464.853149,-3773.676514,1244.805054,1587.515625,-3794.289307,1205.678223,1498.989258,-3726.552734,1234.332397,1631.396240,-3770.872070,2616.279541,1567.775879,-3159.784912,,,,,,,,,,,,,,,,,,,,,,,,,,,,,,,,,
7445,74.450000,0.000000,0.000000,0.000000,1.000000,0.000000,0.000000,0.000000,57.698101,20.499701,-14.700500,0.047771,-0.013570,0.015998,-15.666301,-52.738201,18.801300,-93.396698,0.129960,17.611099,-0.212241,-0.491071,-0.691874,0.484885,1226.560791,1545.789062,-3767.752930,1225.442871,1464.791260,-3775.333740,1243.547485,1587.597412,-3795.649414,1204.294434,1499.022095,-3727.802246,1232.958496,1631.745483,-3772.225830,1225.376099,1464.945923,-3775.087402,1243.514648,1587.676758,-3795.690918,1204.384766,1498.991333,-3728.062744,1232.971558,1631.541260,-3772.163818,2616.254639,1567.767212,-3159.792236,,,,,,,,,,,,,,,,,,,,,,,,,,,,,,,,,
7446,74.460000,0.000000,0.000000,0.000000,1.000000,0.000000,0.000000,0.000000,57.698101,20.499701,-14.700500,0.047771,-0.013570,0.015998,-15.666301,-52.738201,18.801300,-93.396698,0.129960,17.611099,-0.210410,-0.491178,-0.692891,0.484122,1225.430298,1545.945312,-3769.040039,1224.325562,1464.965454,-3776.811523,1242.531250,1587.814331,-3796.775391,1203.002319,1499.091064,-3729.282715,1231.861694,1631.910522,-3773.290527,1224.186768,1465.068237,-3776.568604,1242.558960,1587.893921,-3796.757324,1203.153076,1499.025879,-3729.560059,1231.825195,1631.794800,-3773.284180,2616.305420,1567.782837,-3159.785156,,,,,,,,,,,,,,,,,,,,,,,,,,,,,,,,,
7447,74.470000,0.000000,0.000000,0.000000,1.000000,0.000000,0.000000,0.000000,57.698101,20.499701,-14.700500,0.047771,-0.013570,0.015998,-15.666301,-52.738201,18.801300,-93.396698,0.129960,17.611099,-0.208844,-0.493080,-0.692165,0.483905,1224.327148,1546.089355,-3770.388184,1223.474487,1465.092163,-3778.007812,1241.422119,1587.951904,-3798.136963,1201.871704,1499.250122,-3730.628418,1230.539795,1632.063599,-3774.779053,1223.319214,1465.394897,-3777.687012,1241.432495,1587.993164,-3798.125977,1202.010254,1498.991455,-3730.918701,1230.537598,1631.996460,-3774.804932,2616.299561,1567.759033,-3159.777832,,,,,,,,,,,,,,,,,,,,,,,,,,,,,,,,,
7448,74.480000,0.000000,0.000000,0.000000,1.000000,0.000000,0.000000,0.000000,57.698101,20.499701,-14.700500,0.047771,-0.013570,0.015998,-15.666301,-52.738201,18.801300,-93.396698,0.129960,17.611099,-0.207620,-0.493371,-0.692730,0.483326,1223.229492,1546.187378,-3771.678955,1222.396606,1465.198486,-3779.389648,1240.402588,1588.080078,-3799.333984,1200.662720,1499.305054,-3732.033447,1229.456055,1632.166260,-3775.958252,1222.182251,1465.464600,-3779.096924,1240.494995,1588.190186,-3799.306641,1200.819214,1498.925903,-3732.264160,1229.414185,1632.141235,-3776.036377,2616.315186,1567.736938,-3159.759033,,,,,,,,,,,,,,,,,,,,,,,,,,,,,,,,,
7449,74.490000,0.000000,0.000000,0.000000,1.000000,0.000000,0.000000,0.000000,57.698101,20.499701,-14.700500,0.047771,-0.013570,0.015998,-15.666301,-52.738201,18.801300,-93.396698,0.129960,17.611099,-0.207346,-0.492606,-0.693761,0.482745,1222.062500,1546.231079,-3773.014893,1221.084961,1465.260254,-3780.896240,1239.330688,1588.149780,-3800.571045,1199.383667,1499.307373,-3733.482422,1228.450562,1632.207031,-3777.109619,1220.962402,1465.460815,-3780.525146,1239.309570,1588.274170,-3800.640137,1199.459229,1498.865723,-3733.769775,1228.509888,1632.251221,-3777.121826,2616.312988,1567.742310,-3159.762695,,,,,,,,,,,,,,,,,,,,,,,,,,,,,,,,,
7450,74.500000,0.000000,0.000000,0.000000,1.000000,0.000000,0.000000,0.000000,57.698101,20.499701,-14.700500,0.047771,-0.013570,0.015998,-15.666301,-52.738201,18.801300,-93.396698,0.129960,17.611099,-0.208104,-0.492005,-0.693944,0.482769,1220.999878,1546.318115,-3774.237793,1219.917603,1465.350708,-3782.141113,1238.272217,1588.225098,-3801.809082,1198.330078,1499.408691,-3734.683350,1227.479492,1632.287842,-3778.317627,1219.863525,1465.582520,-3781.681885,1238.119629,1588.406738,-3801.899658,1198.363647,1498.970947,-3735.060059,1227.639771,1632.263306,-3778.311523,2616.305420,1567.765503,-3159.767578,,,,,,,,,,,,,,,,,,,,,,,,,,,,,,,,,
7451,74.510000,0.000000,0.000000,0.000000,1.000000,0.000000,0.000000,0.000000,57.698101,20.499701,-14.700500,0.047771,-0.013570,0.015998,-15.666301,-52.738201,18.801300,-93.396698,0.129960,17.611099,-0.208931,-0.491000,-0.694593,0.482501,1219.944458,1546.392944,-3775.402344,1218.669067,1465.437134,-3783.394775,1237.266602,1588.292480,-3802.953613,1197.232544,1499.489624,-3735.864502,1226.609497,1632.352539,-3779.395996,1218.675171,1465.720825,-3782.947510,1237.050171,1588.482788,-3803.061035,1197.217773,1499.076904,-3736.215332,1226.824463,1632.268433,-3779.381104,2616.295654,1567.762329,-3159.779297,,,,,,,,,,,,,,,,,,,,,,,,,,,,,,,,,
7452,74.520000,0.000000,0.000000,0.000000,1.000000,0.000000,0.000000,0.000000,57.698101,20.499701,-14.700500,0.047771,-0.013570,0.015998,-15.666301,-52.738201,18.801300,-93.396698,0.129960,17.611099,-0.210887,-0.489546,-0.695040,0.482484,1218.790649,1546.464844,-3776.588623,1217.242310,1465.517700,-3784.621582,1236.129761,1588.328247,-3804.184082,1196.093872,1499.606934,-3736.988525,1225.696411,1632.406494,-3780.560303,1217.277954,1465.817749,-3784.166992,1235.876953,1588.421021,-3804.291504,1196.083618,1499.278198,-3737.368164,1225.920532,1632.347168,-3780.509521,2616.282227,1567.741089,-3159.771240,,,,,,,,,,,,,,,,,,,,,,,,,,,,,,,,,
7453,74.530000,0.000000,0.000000,0.000000,1.000000,0.000000,0.000000,0.000000,57.698101,20.499701,-14.700500,0.047771,-0.013570,0.015998,-15.666301,-52.738201,18.801300,-93.396698,0.129960,17.611099,-0.214020,-0.487525,-0.694901,0.483350,1217.582764,1546.580933,-3777.761230,1215.767578,1465.638428,-3785.782959,1234.830444,1588.400146,-3805.480957,1195.051392,1499.780884,-3737.998535,1224.681763,1632.504639,-3781.782227,1215.808472,1465.859741,-3785.430176,1234.611328,1588.372070,-3805.577637,1195.049561,1499.562134,-3738.321777,1224.860474,1632.534912,-3781.706055,2616.295410,1567.743896,-3159.775146,,,,,,,,,,,,,,,,,,,,,,,,,,,,,,,,,
7454,74.540000,0.000000,0.000000,0.000000,1.000000,0.000000,0.000000,0.000000,57.698101,20.499701,-14.700500,0.047771,-0.013570,0.015998,-15.666301,-52.738201,18.801300,-93.396698,0.129960,17.611099,-0.217671,-0.484614,-0.694744,0.484871,1216.339844,1546.680908,-3778.877686,1214.242920,1465.751587,-3786.963135,1233.431519,1588.484619,-3806.717041,1194.065552,1499.897339,-3738.951172,1223.619141,1632.590454,-3782.879395,1214.346924,1465.869019,-3786.672119,1233.118896,1588.239136,-3806.902588,1194.038086,1499.824097,-3739.274902,1223.830933,1632.772095,-3782.675781,2616.270752,1567.763306,-3159.780518,,,,,,,,,,,,,,,,,,,,,,,,,,,,,,,,,
7455,74.550000,0.000000,0.000000,0.000000,1.000000,0.000000,0.000000,0.000000,57.698101,20.499701,-14.700500,0.047771,-0.013570,0.015998,-15.666301,-52.738201,18.801300,-93.396698,0.129960,17.611099,-0.221414,-0.481673,-0.694059,0.487082,1215.076782,1546.712280,-3779.956055,1212.800171,1465.791626,-3788.079834,1231.924683,1588.517212,-3807.941895,1193.167847,1499.924438,-3739.832764,1222.414673,1632.616333,-3783.969727,1212.896973,1465.817383,-3787.871582,1231.642456,1588.197754,-3808.111084,1193.163818,1500.010132,-3740.137939,1222.569702,1632.789795,-3783.729736,2616.230469,1567.730957,-3159.792969,,,,,,,,,,,,,,,,,,,,,,,,,,,,,,,,,
7456,74.560000,0.000000,0.000000,0.000000,1.000000,0.000000,0.000000,0.000000,57.698101,20.499701,-14.700500,0.047771,-0.013570,0.015998,-15.666301,-52.738201,18.801300,-93.396698,0.129960,17.611099,-0.223600,-0.480191,-0.693437,0.488431,1213.820312,1546.757935,-3780.970215,1211.471558,1465.837280,-3789.073975,1230.510254,1588.555908,-3809.060791,1192.141235,1499.979248,-3740.711670,1221.158203,1632.659546,-3785.034668,1211.554810,1465.774048,-3788.832031,1230.224609,1588.278198,-3809.195801,1192.156982,1500.080566,-3741.077637,1221.327515,1632.891479,-3784.797852,2616.280273,1567.778076,-3159.787109,,,,,,,,,,,,,,,,,,,,,,,,,,,,,,,,,
7457,74.570000,0.000000,0.000000,0.000000,1.000000,0.000000,0.000000,0.000000,57.698101,20.499701,-14.700500,0.047771,-0.013570,0.015998,-15.666301,-52.738201,18.801300,-93.396698,0.129960,17.611099,-0.225153,-0.479169,-0.692983,0.489364,1212.492188,1546.766113,-3781.982178,1210.092041,1465.844971,-3790.066162,1229.071411,1588.557373,-3810.148438,1190.974731,1499.996826,-3741.626221,1219.830811,1632.665771,-3786.087646,1210.184692,1465.667725,-3789.842529,1228.808105,1588.378906,-3810.301025,1190.967651,1500.121826,-3741.944092,1220.007935,1632.906006,-3785.841553,2616.272949,1567.734131,-3159.784912,,,,,,,,,,,,,,,,,,,,,,,,,,,,,,,,,
7458,74.580000,0.000000,0.000000,0.000000,1.000000,0.000000,0.000000,0.000000,57.698101,20.499701,-14.700500,0.047771,-0.013570,0.015998,-15.666301,-52.738201,18.801300,-93.396698,0.129960,17.611099,-0.223630,-0.481072,-0.692463,0.488933,1211.207886,1546.795288,-3782.906250,1209.021240,1465.854248,-3790.850830,1227.810913,1588.571533,-3811.080566,1189.627075,1500.052124,-3742.553955,1218.372314,1632.703247,-3787.139893,1209.098022,1465.716064,-3790.665771,1227.589111,1588.485352,-3811.168701,1189.635986,1500.225342,-3742.851074,1218.506958,1632.765503,-3786.961914,2616.269043,1567.740601,-3159.775635,,,,,,,,,,,,,,,,,,,,,,,,,,,,,,,,,
7459,74.590000,0.000000,0.000000,0.000000,1.000000,0.000000,0.000000,0.000000,57.698101,20.499701,-14.700500,0.047771,-0.013570,0.015998,-15.666301,-52.738201,18.801300,-93.396698,0.129960,17.611099,-0.218983,-0.485579,-0.692698,0.486240,1209.891846,1546.855591,-3783.781738,1208.016113,1465.888428,-3791.537354,1226.769897,1588.598999,-3811.841064,1187.883911,1500.165161,-3743.599365,1216.897217,1632.770020,-3788.149414,1208.063721,1465.940552,-3791.249756,1226.545776,1588.571167,-3811.910400,1187.919312,1500.205811,-3743.976562,1217.042114,1632.713623,-3788.019775,2616.279053,1567.739624,-3159.780762,,,,,,,,,,,,,,,,,,,,,,,,,,,,,,,,,
7460,74.600000,0.000000,0.000000,0.000000,1.000000,0.000000,0.000000,0.000000,57.698101,20.499701,-14.700500,0.047771,-0.013570,0.015998,-15.666301,-52.738201,18.801300,-93.396698,0.129960,17.611099,-0.214465,-0.490283,-0.692964,0.483144,1208.494873,1546.870239,-3784.655762,1206.879639,1465.875122,-3792.174805,1225.684692,1588.555786,-3812.611572,1186.015869,1500.266724,-3744.633789,1215.399414,1632.783569,-3789.202881,1206.737427,1466.058228,-3791.938477,1225.716919,1588.628784,-3812.568359,1186.160278,1500.153931,-3744.888184,1215.362427,1632.647217,-3789.230469,2616.274902,1567.780640,-3159.781006,,,,,,,,,,,,,,,,,,,,,,,,,,,,,,,,,
7461,74.610000,0.000000,0.000000,0.000000,1.000000,0.000000,0.000000,0.000000,57.698101,20.499701,-14.700500,0.047771,-0.013570,0.015998,-15.666301,-52.738201,18.801300,-93.396698,0.129960,17.611099,-0.211530,-0.492984,-0.693336,0.481151,1207.113281,1546.822388,-3785.457031,1205.637817,1465.815552,-3792.876465,1224.510254,1588.484863,-3813.319092,1184.325562,1500.254028,-3745.568848,1213.979370,1632.735596,-3790.063965,1205.491821,1466.105835,-3792.592285,1224.540649,1588.549927,-3813.318848,1184.451172,1500.040771,-3745.817871,1213.958740,1632.614868,-3790.082275,2616.302246,1567.756958,-3159.782959,,,,,,,,,,,,,,,,,,,,,,,,,,,,,,,,,
7462,74.620000,0.000000,0.000000,0.000000,1.000000,0.000000,0.000000,0.000000,57.698101,20.499701,-14.700500,0.047771,-0.013570,0.015998,-15.666301,-52.738201,18.801300,-93.396698,0.129960,17.611099,-0.210517,-0.493921,-0.693484,0.480421,1205.749390,1546.764893,-3786.168213,1204.316284,1465.754028,-3793.552734,1223.222534,1588.417847,-3813.996582,1182.849609,1500.210327,-3746.327637,1212.609131,1632.677490,-3790.795410,1204.274170,1466.077515,-3793.179443,1223.111450,1588.509644,-3814.062988,1182.894165,1499.937988,-3746.629639,1212.716919,1632.555786,-3790.771484,2616.304932,1567.739746,-3159.767578,,,,,,,,,,,,,,,,,,,,,,,,,,,,,,,,,
7463,74.630000,0.000000,0.000000,0.000000,1.000000,0.000000,0.000000,0.000000,57.698101,20.499701,-14.700500,0.047771,-0.013570,0.015998,-15.666301,-52.738201,18.801300,-93.396698,0.129960,17.611099,-0.216387,-0.488838,-0.693537,0.482929,1204.314697,1546.649292,-3786.818359,1202.400391,1465.664917,-3794.380615,1221.543579,1588.294434,-3814.810547,1181.823608,1500.096558,-3746.743652,1211.491211,1632.541748,-3791.337891,1202.527954,1465.694824,-3794.041504,1221.174927,1588.242798,-3815.005859,1181.766357,1500.009033,-3747.086426,1211.775879,1632.650391,-3791.144775,2616.275635,1567.731201,-3159.777832,,,,,,,,,,,,,,,,,,,,,,,,,,,,,,,,,
7464,74.640000,0.000000,0.000000,0.000000,1.000000,0.000000,0.000000,0.000000,57.698101,20.499701,-14.700500,0.047771,-0.013570,0.015998,-15.666301,-52.738201,18.801300,-93.396698,0.129960,17.611099,-0.223553,-0.482485,-0.692904,0.486945,1202.833252,1546.511475,-3787.460693,1200.474243,1465.557739,-3795.223633,1219.641235,1588.180298,-3815.672607,1180.991577,1499.916870,-3747.076904,1210.226196,1632.391479,-3791.869629,1200.636230,1465.385742,-3794.985840,1219.234131,1587.987183,-3815.850342,1180.950562,1500.130981,-3747.451416,1210.488525,1632.549194,-3791.575439,2616.299072,1567.699585,-3159.766357,,,,,,,,,,,,,,,,,,,,,,,,,,,,,,,,,
7465,74.650000,0.000000,0.000000,0.000000,1.000000,0.000000,0.000000,0.000000,57.698101,20.499701,-14.700500,0.047771,-0.013570,0.015998,-15.666301,-52.738201,18.801300,-93.396698,0.129960,17.611099,-0.224946,-0.480868,-0.692889,0.487923,1201.302490,1546.403809,-3788.003906,1198.852295,1465.461792,-3795.862061,1218.013794,1588.097778,-3816.236084,1179.608276,1499.771484,-3747.583984,1208.735718,1632.284180,-3792.333496,1198.917725,1465.303589,-3795.689209,1217.787476,1587.980835,-3816.279053,1179.648071,1500.011841,-3747.922363,1208.856079,1632.343384,-3792.166748,2616.314453,1567.706421,-3159.746826,,,,,,,,,,,,,,,,,,,,,,,,,,,,,,,,,
7466,74.660000,0.000000,0.000000,0.000000,1.000000,0.000000,0.000000,0.000000,57.698101,20.499701,-14.700500,0.047771,-0.013570,0.015998,-15.666301,-52.738201,18.801300,-93.396698,0.129960,17.611099,-0.220319,-0.484136,-0.693491,0.485944,1199.758179,1546.312012,-3788.481445,1197.610229,1465.361572,-3796.340332,1216.692627,1588.040527,-3816.529053,1177.710205,1499.636230,-3748.303955,1207.019531,1632.209961,-3792.752441,1197.477905,1465.287598,-3796.189697,1216.745728,1588.102661,-3816.461914,1177.883911,1499.741455,-3748.562744,1206.942139,1632.127563,-3792.741211,2616.302246,1567.749268,-3159.765625,,,,,,,,,,,,,,,,,,,,,,,,,,,,,,,,,
7467,74.670000,0.000000,0.000000,0.000000,1.000000,0.000000,0.000000,0.000000,57.698101,20.499701,-14.700500,0.047771,-0.013570,0.015998,-15.666301,-52.738201,18.801300,-93.396698,0.129960,17.611099,-0.212253,-0.490989,-0.693381,0.482805,1198.346802,1546.174316,-3788.929932,1196.893311,1465.187500,-3796.570801,1215.588867,1587.927124,-3816.753174,1175.772217,1499.477905,-3749.070068,1205.132935,1632.104858,-3793.325684,1196.831787,1465.479370,-3796.192871,1215.494751,1588.010376,-3816.800293,1175.845459,1499.252197,-3749.406494,1205.218018,1631.974854,-3793.299072,2616.307861,1567.730225,-3159.774414,,,,,,,,,,,,,,,,,,,,,,,,,,,,,,,,,
7468,74.680000,0.000000,0.000000,0.000000,1.000000,0.000000,0.000000,0.000000,57.698101,20.499701,-14.700500,0.047771,-0.013570,0.015998,-15.666301,-52.738201,18.801300,-93.396698,0.129960,17.611099,-0.209835,-0.492371,-0.694474,0.480880,1196.849243,1545.977295,-3789.347656,1195.387939,1464.996948,-3797.053223,1214.318359,1587.735596,-3817.020508,1173.958862,1499.271362,-3749.679443,1203.731567,1631.905640,-3793.637207,1195.313110,1465.173096,-3796.672119,1214.221069,1587.837646,-3817.071777,1174.015381,1498.892822,-3750.005127,1203.843506,1631.952881,-3793.641846,2616.285400,1567.731323,-3159.778076,,,,,,,,,,,,,,,,,,,,,,,,,,,,,,,,,
7469,74.690000,0.000000,0.000000,0.000000,1.000000,0.000000,0.000000,0.000000,57.698101,20.499701,-14.700500,0.047771,-0.013570,0.015998,-15.666301,-52.738201,18.801300,-93.396698,0.129960,17.611099,-0.217880,-0.485805,-0.694401,0.484076,1195.416260,1545.732422,-3789.685059,1193.294434,1464.783691,-3797.568359,1212.568359,1587.457520,-3817.604980,1173.061279,1499.060425,-3749.672852,1202.740723,1631.628174,-3793.893799,1193.316650,1464.611572,-3797.347168,1212.399902,1587.333496,-3817.700439,1173.078857,1499.022461,-3749.931885,1202.890625,1632.010864,-3793.738037,2616.264160,1567.778076,-3159.787109,,,,,,,,,,,,,,,,,,,,,,,,,,,,,,,,,
7470,74.700000,0.000000,0.000000,0.000000,1.000000,0.000000,0.000000,0.000000,57.698101,20.499701,-14.700500,0.047771,-0.013570,0.015998,-15.666301,-52.738201,18.801300,-93.396698,0.129960,17.611099,-0.224618,-0.480372,-0.693924,0.487092,1193.764404,1545.446045,-3790.091064,1191.156494,1464.522217,-3798.083984,1210.596802,1587.151245,-3818.234375,1171.923706,1498.792969,-3749.773926,1201.380615,1631.317871,-3794.271484,1191.236328,1464.201782,-3797.964355,1210.397583,1586.890747,-3818.361816,1171.933960,1499.024536,-3750.013916,1201.495239,1631.687134,-3794.001709,2616.259766,1567.737305,-3159.795410,,,,,,,,,,,,,,,,,,,,,,,,,,,,,,,,,
7471,74.710000,0.000000,0.000000,0.000000,1.000000,0.000000,0.000000,0.000000,57.698101,20.499701,-14.700500,0.047771,-0.013570,0.015998,-15.666301,-52.738201,18.801300,-93.396698,0.129960,17.611099,-0.223082,-0.482778,-0.692949,0.486808,1192.213867,1545.248169,-3790.432861,1189.891846,1464.293823,-3798.201416,1209.037842,1586.923828,-3818.625000,1170.344482,1498.644409,-3750.074707,1199.581421,1631.130859,-3794.830811,1189.990234,1464.268188,-3798.012695,1208.767578,1586.741455,-3818.726562,1170.352783,1498.840820,-3750.408203,1199.726929,1631.150757,-3794.626221,2616.313965,1567.736450,-3159.770264,,,,,,,,,,,,,,,,,,,,,,,,,,,,,,,,,
7472,74.720000,0.000000,0.000000,0.000000,1.000000,0.000000,0.000000,0.000000,57.698101,20.499701,-14.700500,0.047771,-0.013570,0.015998,-15.666301,-52.738201,18.801300,-93.396698,0.129960,17.611099,-0.215036,-0.489335,-0.694202,0.482073,1190.585205,1545.012085,-3790.794189,1188.673706,1464.035034,-3798.435791,1207.923584,1586.677124,-3818.688965,1167.941284,1498.430176,-3750.839600,1197.802368,1630.906494,-3795.211914,1188.561890,1464.244751,-3798.164062,1207.888306,1586.823608,-3818.618408,1168.065918,1498.297485,-3751.126465,1197.827026,1630.682983,-3795.270752,2616.282715,1567.721313,-3159.757812,,,,,,,,,,,,,,,,,,,,,,,,,,,,,,,,,
7473,74.730000,0.000000,0.000000,0.000000,1.000000,0.000000,0.000000,0.000000,57.698101,20.499701,-14.700500,0.047771,-0.013570,0.015998,-15.666301,-52.738201,18.801300,-93.396698,0.129960,17.611099,-0.209385,-0.493780,-0.695334,0.478383,1188.967163,1544.879639,-3791.097900,1187.278442,1463.891113,-3798.671143,1206.705078,1586.532837,-3818.758301,1165.734375,1498.317383,-3751.459717,1196.150513,1630.777588,-3795.501953,1187.169556,1464.283813,-3798.280518,1206.641846,1586.735840,-3818.760986,1165.822144,1498.007324,-3751.765625,1196.229858,1630.511475,-3795.552490,2616.285889,1567.728271,-3159.774902,,,,,,,,,,,,,,,,,,,,,,,,,,,,,,,,,
7474,74.740000,0.000000,0.000000,0.000000,1.000000,0.000000,0.000000,0.000000,57.698101,20.499701,-14.700500,0.047771,-0.013570,0.015998,-15.666301,-52.738201,18.801300,-93.396698,0.129960,17.611099,-0.214967,-0.488824,-0.696104,0.479876,1187.371704,1544.781494,-3791.319092,1185.072144,1463.828003,-3799.103271,1204.991333,1586.405518,-3819.098389,1164.390625,1498.246948,-3751.502197,1195.032593,1630.645630,-3795.572266,1185.098999,1463.949097,-3798.784668,1204.799194,1586.315186,-3819.227051,1164.413330,1498.125732,-3751.835693,1195.173950,1630.732056,-3795.436768,2616.256836,1567.738037,-3159.786865,,,,,,,,,,,,,,,,,,,,,,,,,,,,,,,,,
7475,74.750000,0.000000,0.000000,0.000000,1.000000,0.000000,0.000000,0.000000,57.698101,20.499701,-14.700500,0.047771,-0.013570,0.015998,-15.666301,-52.738201,18.801300,-93.396698,0.129960,17.611099,-0.224023,-0.482037,-0.694722,0.484578,1185.554810,1544.561646,-3791.695557,1182.749756,1463.629272,-3799.533203,1202.656860,1586.157959,-3819.837891,1163.366455,1498.057861,-3751.395996,1193.446289,1630.401611,-3796.015381,1182.860474,1463.525391,-3799.367432,1202.341064,1585.666016,-3820.070801,1163.373047,1498.302368,-3751.726807,1193.589722,1630.707520,-3795.654785,2616.282471,1567.776367,-3159.790283,,,,,,,,,,,,,,,,,,,,,,,,,,,,,,,,,
7476,74.760000,0.000000,0.000000,0.000000,1.000000,0.000000,0.000000,0.000000,57.698101,20.499701,-14.700500,0.047771,-0.013570,0.015998,-15.666301,-52.738201,18.801300,-93.396698,0.129960,17.611099,-0.221309,-0.484484,-0.694728,0.483375,1183.708862,1544.365601,-3792.077393,1181.125488,1463.417603,-3799.829346,1200.931519,1585.960327,-3820.148193,1161.321167,1497.869019,-3751.879883,1191.457275,1630.215942,-3796.451904,1181.078369,1463.370483,-3799.618652,1200.859131,1585.792847,-3820.180420,1161.432007,1497.912109,-3752.203857,1191.476807,1630.394043,-3796.330811,2616.317383,1567.747803,-3159.780518,,,,,,,,,,,,,,,,,,,,,,,,,,,,,,,,,
7477,74.770000,0.000000,0.000000,0.000000,1.000000,0.000000,0.000000,0.000000,57.698101,20.499701,-14.700500,0.047771,-0.013570,0.015998,-15.666301,-52.738201,18.801300,-93.396698,0.129960,17.611099,-0.213092,-0.492922,-0.693243,0.480660,1182.040771,1544.376709,-3792.264404,1180.377441,1463.360596,-3799.541992,1199.477905,1585.953613,-3820.229004,1159.223877,1497.926147,-3752.255615,1189.083984,1630.266846,-3797.031006,1180.326294,1463.672729,-3799.225586,1199.405518,1586.033325,-3820.273926,1159.286255,1497.755981,-3752.528076,1189.149292,1630.071533,-3797.001465,2616.298828,1567.728638,-3159.769043,,,,,,,,,,,,,,,,,,,,,,,,,,,,,,,,,
7478,74.780000,0.000000,0.000000,0.000000,1.000000,0.000000,0.000000,0.000000,57.698101,20.499701,-14.700500,0.047771,-0.013570,0.015998,-15.666301,-52.738201,18.801300,-93.396698,0.129960,17.611099,-0.210156,-0.495195,-0.694309,0.478070,1180.251953,1544.477539,-3792.489258,1178.594971,1463.459961,-3799.751221,1197.978760,1586.030640,-3820.306885,1157.030396,1498.059570,-3752.676025,1187.403687,1630.360596,-3797.222900,1178.512329,1463.682739,-3799.392578,1197.886230,1586.261963,-3820.325195,1157.092651,1497.748657,-3752.967529,1187.508789,1630.211914,-3797.262207,2616.291992,1567.720947,-3159.770264,,,,,,,,,,,,,,,,,,,,,,,,,,,,,,,,,
7479,74.790000,0.000000,0.000000,0.000000,1.000000,0.000000,0.000000,0.000000,57.698101,20.499701,-14.700500,0.047771,-0.013570,0.015998,-15.666301,-52.738201,18.801300,-93.396698,0.129960,17.611099,-0.218763,-0.488505,-0.694046,0.481462,1178.369019,1544.557739,-3792.765137,1176.035645,1463.569092,-3800.164062,1195.750488,1586.061035,-3820.873291,1155.724731,1498.196777,-3752.554932,1185.965332,1630.404175,-3797.468506,1176.085693,1463.524658,-3799.932373,1195.506958,1585.927856,-3820.930664,1155.752563,1498.222290,-3752.877441,1186.124756,1630.554688,-3797.336914,2616.297119,1567.756592,-3159.770020,,,,,,,,,,,,,,,,,,,,,,,,,,,,,,,,,
7480,74.800000,0.000000,0.000000,0.000000,1.000000,0.000000,0.000000,0.000000,57.698101,20.499701,-14.700500,0.047771,-0.013570,0.015998,-15.666301,-52.738201,18.801300,-93.396698,0.129960,17.611099,-0.225483,-0.484324,-0.692272,0.485126,1176.365112,1544.705322,-3793.044678,1173.771973,1463.714722,-3800.334961,1193.312134,1586.158569,-3821.489746,1154.362671,1498.412354,-3752.401855,1184.013672,1630.535767,-3797.951416,1173.859863,1463.492798,-3800.367188,1193.149902,1585.717529,-3821.539551,1154.427612,1499.023438,-3752.633545,1184.012817,1630.666870,-3797.681396,2616.271240,1567.752319,-3159.785645,,,,,,,,,,,,,,,,,,,,,,,,,,,,,,,,,
7481,74.810000,0.000000,0.000000,0.000000,1.000000,0.000000,0.000000,0.000000,57.698101,20.499701,-14.700500,0.047771,-0.013570,0.015998,-15.666301,-52.738201,18.801300,-93.396698,0.129960,17.611099,-0.216553,-0.491348,-0.692818,0.481337,1174.472046,1544.771240,-3793.246338,1172.535278,1463.750854,-3800.407715,1191.822021,1586.264771,-3821.388184,1151.815552,1498.433960,-3753.015625,1181.715454,1630.635620,-3798.173340,1172.461914,1463.871094,-3800.177734,1191.771118,1586.225342,-3821.364502,1151.950073,1498.440308,-3753.342529,1181.722046,1630.567627,-3798.131348,2616.281494,1567.787720,-3159.795166,,,,,,,,,,,,,,,,,,,,,,,,,,,,,,,,,
7482,74.820000,0.000000,0.000000,0.000000,1.000000,0.000000,0.000000,0.000000,57.698101,20.499701,-14.700500,0.047771,-0.013570,0.015998,-15.666301,-52.738201,18.801300,-93.396698,0.129960,17.611099,-0.209326,-0.497918,-0.692271,0.478561,1172.485840,1544.902832,-3793.466309,1171.218384,1463.844482,-3800.343018,1190.088989,1586.403076,-3821.440430,1149.381104,1498.569702,-3753.486328,1179.254761,1630.794189,-3798.595215,1171.158569,1464.302002,-3799.899170,1189.962646,1586.564209,-3821.488770,1149.437134,1498.240845,-3753.824951,1179.387329,1630.548218,-3798.600830,2616.272461,1567.739746,-3159.784180,,,,,,,,,,,,,,,,,,,,,,,,,,,,,,,,,
7483,74.830000,0.000000,0.000000,0.000000,1.000000,0.000000,0.000000,0.000000,57.698101,20.499701,-14.700500,0.047771,-0.013570,0.015998,-15.666301,-52.738201,18.801300,-93.396698,0.129960,17.611099,-0.213645,-0.494186,-0.692771,0.479796,1170.559204,1545.158447,-3793.631348,1168.842773,1464.121216,-3800.657959,1188.058228,1586.634888,-3821.706055,1147.663330,1498.849731,-3753.503174,1177.672119,1631.027954,-3798.657959,1168.894653,1464.324951,-3800.269775,1187.807251,1586.629150,-3821.844238,1147.648438,1498.602295,-3753.848633,1177.883179,1631.075317,-3798.556641,2616.306396,1567.757446,-3159.773438,,,,,,,,,,,,,,,,,,,,,,,,,,,,,,,,,
7484,74.840000,0.000000,0.000000,0.000000,1.000000,0.000000,0.000000,0.000000,57.698101,20.499701,-14.700500,0.047771,-0.013570,0.015998,-15.666301,-52.738201,18.801300,-93.396698,0.129960,17.611099,-0.221976,-0.487980,-0.691361,0.484378,1168.348999,1545.309082,-3793.935791,1166.215088,1464.286377,-3801.013672,1185.340942,1586.763672,-3822.352295,1146.218994,1499.025024,-3753.352051,1175.621094,1631.161743,-3799.024658,1166.283691,1464.190308,-3800.835693,1185.108032,1586.487305,-3822.470947,1146.242065,1499.164307,-3753.654297,1175.746704,1631.391846,-3798.799072,2616.276611,1567.731201,-3159.773926,,,,,,,,,,,,,,,,,,,,,,,,,,,,,,,,,
7485,74.850000,0.000000,0.000000,0.000000,1.000000,0.000000,0.000000,0.000000,57.698101,20.499701,-14.700500,0.047771,-0.013570,0.015998,-15.666301,-52.738201,18.801300,-93.396698,0.129960,17.611099,-0.222193,-0.487546,-0.690524,0.485907,1166.240479,1545.632202,-3794.161621,1164.292358,1464.606079,-3801.254639,1183.054443,1587.136475,-3822.611328,1144.332153,1499.282349,-3753.532715,1173.282837,1631.504150,-3799.247314,1164.317139,1464.551392,-3801.128662,1182.927124,1586.965820,-3822.655029,1144.394409,1499.476685,-3753.801514,1173.324585,1631.552490,-3799.097168,2616.284912,1567.730225,-3159.771973,,,,,,,,,,,,,,,,,,,,,,,,,,,,,,,,,
7486,74.860000,0.000000,0.000000,0.000000,1.000000,0.000000,0.000000,0.000000,57.698101,20.499701,-14.700500,0.047771,-0.013570,0.015998,-15.666301,-52.738201,18.801300,-93.396698,0.129960,17.611099,-0.213517,-0.493693,-0.691700,0.481901,1164.037598,1546.009521,-3794.368408,1162.614136,1464.970825,-3801.443359,1181.296875,1587.571289,-3822.465576,1141.434570,1499.587036,-3754.206055,1170.804810,1631.909180,-3799.359131,1162.492920,1465.133545,-3801.202881,1181.307007,1587.726929,-3822.436035,1141.553467,1499.476440,-3754.446045,1170.794800,1631.699829,-3799.387939,2616.287598,1567.749268,-3159.780273,,,,,,,,,,,,,,,,,,,,,,,,,,,,,,,,,
7487,74.870000,0.000000,0.000000,0.000000,1.000000,0.000000,0.000000,0.000000,57.698101,20.499701,-14.700500,0.047771,-0.013570,0.015998,-15.666301,-52.738201,18.801300,-93.396698,0.129960,17.611099,-0.211025,-0.495234,-0.692164,0.480750,1162.064453,1546.487915,-3794.415527,1160.772827,1465.449463,-3801.518066,1179.454590,1588.074951,-3822.394287,1139.260254,1500.031616,-3754.406006,1168.770020,1632.395996,-3799.343506,1160.806763,1465.772705,-3801.091553,1179.259033,1588.067017,-3822.571289,1139.248291,1499.738892,-3754.740234,1168.941284,1632.394409,-3799.228760,2616.288818,1567.731201,-3159.776611,,,,,,,,,,,,,,,,,,,,,,,,,,,,,,,,,
7488,74.880000,0.000000,0.000000,0.000000,1.000000,0.000000,0.000000,0.000000,57.698101,20.499701,-14.700500,0.047771,-0.013570,0.015998,-15.666301,-52.738201,18.801300,-93.396698,0.129960,17.611099,-0.220236,-0.488570,-0.689820,0.486769,1159.770020,1546.718872,-3794.675781,1158.183472,1465.686523,-3801.788330,1176.480225,1588.299438,-3823.075195,1137.955078,1500.268799,-3754.111328,1166.461304,1632.620850,-3799.728271,1158.316772,1465.678833,-3801.515381,1176.107178,1587.995117,-3823.299316,1137.923584,1500.324585,-3754.461426,1166.694580,1632.850586,-3799.443359,2616.284668,1567.738525,-3159.788086,,,,,,,,,,,,,,,,,,,,,,,,,,,,,,,,,
7489,74.890000,0.000000,0.000000,0.000000,1.000000,0.000000,0.000000,0.000000,57.698101,20.499701,-14.700500,0.047771,-0.013570,0.015998,-15.666301,-52.738201,18.801300,-93.396698,0.129960,17.611099,-0.224595,-0.485949,-0.688047,0.489901,1157.376099,1546.955688,-3794.971924,1155.753174,1465.915405,-3801.985107,1173.706055,1588.518799,-3823.617188,1136.095703,1500.531982,-3754.094482,1163.949219,1632.856812,-3800.190918,1155.733521,1465.775024,-3801.925781,1173.659424,1588.373657,-3823.583008,1136.211792,1500.843750,-3754.339111,1163.919189,1632.880249,-3800.083740,2616.283691,1567.770996,-3159.786621,,,,,,,,,,,,,,,,,,,,,,,,,,,,,,,,,
7490,74.900000,0.000000,0.000000,0.000000,1.000000,0.000000,0.000000,0.000000,57.698101,20.499701,-14.700500,0.047771,-0.013570,0.015998,-15.666301,-52.738201,18.801300,-93.396698,0.129960,17.611099,-0.214382,-0.493891,-0.688492,0.485892,1155.287842,1547.394653,-3795.065186,1154.456055,1466.329224,-3801.924561,1172.042725,1589.017212,-3823.376709,1133.303589,1500.901001,-3754.642334,1161.348999,1633.331421,-3800.317383,1154.224365,1466.473022,-3801.765137,1172.238892,1589.117065,-3823.276855,1133.509277,1500.831543,-3754.830322,1161.173096,1633.159180,-3800.387207,2616.240723,1567.763916,-3159.808105,,,,,,,,,,,,,,,,,,,,,,,,,,,,,,,,,
7491,74.910000,0.000000,0.000000,0.000000,1.000000,0.000000,0.000000,0.000000,57.698101,20.499701,-14.700500,0.047771,-0.013570,0.015998,-15.666301,-52.738201,18.801300,-93.396698,0.129960,17.611099,-0.211761,-0.494845,-0.689616,0.484475,1153.084839,1547.707764,-3795.258789,1152.293945,1466.654419,-3802.263916,1170.022705,1589.378540,-3823.389893,1130.839966,1501.145142,-3755.058594,1159.182861,1633.653320,-3800.322510,1152.405762,1466.851196,-3801.833740,1169.663696,1589.347778,-3823.576172,1130.768799,1500.817383,-3755.429688,1159.497559,1633.802734,-3800.197021,2616.268066,1567.761597,-3159.799561,,,,,,,,,,,,,,,,,,,,,,,,,,,,,,,,,
7492,74.920000,0.000000,0.000000,0.000000,1.000000,0.000000,0.000000,0.000000,57.698101,20.499701,-14.700500,0.047771,-0.013570,0.015998,-15.666301,-52.738201,18.801300,-93.396698,0.129960,17.611099,-0.218393,-0.489083,-0.688307,0.489219,1150.646973,1547.831543,-3795.654785,1149.617554,1466.795044,-3802.822754,1167.070068,1589.545654,-3824.026123,1129.152954,1501.204712,-3755.121826,1156.746948,1633.781006,-3800.648193,1149.815552,1466.838013,-3802.482666,1166.578369,1589.284058,-3824.342041,1129.063477,1501.199097,-3755.489258,1157.081543,1633.979980,-3800.322021,2616.285400,1567.732422,-3159.786377,,,,,,,,,,,,,,,,,,,,,,,,,,,,,,,,,
7493,74.930000,0.000000,0.000000,0.000000,1.000000,0.000000,0.000000,0.000000,57.698101,20.499701,-14.700500,0.047771,-0.013570,0.015998,-15.666301,-52.738201,18.801300,-93.396698,0.129960,17.611099,-0.222724,-0.486605,-0.686764,0.491900,1148.379883,1548.104248,-3795.897949,1147.257935,1467.059692,-3802.959229,1164.475098,1589.783203,-3824.507812,1127.355835,1501.527466,-3755.062012,1154.430786,1634.046997,-3801.062500,1147.082275,1466.952026,-3802.932373,1164.644287,1589.725708,-3824.358887,1127.588989,1501.767822,-3755.253174,1154.233276,1633.999146,-3801.068604,2616.279053,1567.737183,-3159.773193,,,,,,,,,,,,,,,,,,,,,,,,,,,,,,,,,
7494,74.940000,0.000000,0.000000,0.000000,1.000000,0.000000,0.000000,0.000000,57.698101,20.499701,-14.700500,0.047771,-0.013570,0.015998,-15.666301,-52.738201,18.801300,-93.396698,0.129960,17.611099,-0.216615,-0.490939,-0.686918,0.490103,1146.375854,1548.438110,-3796.066162,1145.781860,1467.384766,-3803.091553,1162.664429,1590.185181,-3824.466309,1125.007690,1501.773926,-3755.509277,1152.049438,1634.408569,-3801.196777,1145.488281,1467.342163,-3802.964111,1162.965576,1590.341309,-3824.309570,1125.255859,1501.732056,-3755.677246,1151.809082,1634.345581,-3801.302002,2616.309326,1567.739990,-3159.775879,,,,,,,,,,,,,,,,,,,,,,,,,,,,,,,,,
7495,74.950000,0.000000,0.000000,0.000000,1.000000,0.000000,0.000000,0.000000,57.698101,20.499701,-14.700500,0.047771,-0.013570,0.015998,-15.666301,-52.738201,18.801300,-93.396698,0.129960,17.611099,-0.215154,-0.491495,-0.687874,0.488846,1144.182861,1548.576050,-3796.337158,1143.538452,1467.530884,-3803.451416,1160.631836,1590.337036,-3824.624023,1122.598511,1501.890015,-3755.920410,1149.962769,1634.546265,-3801.352539,1143.673706,1467.670654,-3803.015381,1160.254761,1590.302856,-3824.883057,1122.496216,1501.556396,-3756.276855,1150.303833,1634.766113,-3801.177490,2616.290527,1567.722168,-3159.776123,,,,,,,,,,,,,,,,,,,,,,,,,,,,,,,,,
7496,74.960000,0.000000,0.000000,0.000000,1.000000,0.000000,0.000000,0.000000,57.698101,20.499701,-14.700500,0.047771,-0.013570,0.015998,-15.666301,-52.738201,18.801300,-93.396698,0.129960,17.611099,-0.217481,-0.490513,-0.686324,0.490977,1141.872681,1548.637939,-3796.758301,1141.320190,1467.581055,-3803.744629,1158.052490,1590.384033,-3825.222168,1120.650024,1501.976807,-3756.122070,1147.467896,1634.610352,-3801.944824,1141.666016,1467.975586,-3803.224609,1157.350586,1590.065674,-3825.696045,1120.460083,1501.783447,-3756.537598,1147.976807,1634.731201,-3801.560059,2616.260010,1567.772583,-3159.781006,,,,,,,,,,,,,,,,,,,,,,,,,,,,,,,,,
7497,74.970000,0.000000,0.000000,0.000000,1.000000,0.000000,0.000000,0.000000,57.698101,20.499701,-14.700500,0.047771,-0.013570,0.015998,-15.666301,-52.738201,18.801300,-93.396698,0.129960,17.611099,-0.222966,-0.486856,-0.685022,0.493966,1139.825684,1548.854248,-3797.046631,1139.042358,1467.796021,-3803.995117,1155.653931,1590.564941,-3825.759033,1119.125244,1502.240479,-3756.087891,1145.481079,1634.815796,-3802.344727,1138.920776,1467.801147,-3803.934082,1155.767578,1590.429199,-3825.696045,1119.332275,1502.509277,-3756.328369,1145.313477,1634.716919,-3802.265869,2616.254883,1567.747314,-3159.785889,,,,,,,,,,,,,,,,,,,,,,,,,,,,,,,,,
7498,74.980000,0.000000,0.000000,0.000000,1.000000,0.000000,0.000000,0.000000,57.698101,20.499701,-14.700500,0.047771,-0.013570,0.015998,-15.666301,-52.738201,18.801300,-93.396698,0.129960,17.611099,-0.221376,-0.487816,-0.685460,0.493125,1137.730713,1549.011108,-3797.408447,1137.008057,1467.954590,-3804.384766,1153.661377,1590.736816,-3826.041992,1116.879272,1502.376709,-3756.549805,1143.374146,1634.976562,-3802.656738,1136.677368,1467.826172,-3804.336426,1154.050537,1590.890869,-3825.789307,1117.177368,1502.472412,-3756.697510,1143.043457,1634.865723,-3802.790527,2616.310791,1567.749146,-3159.778320,,,,,,,,,,,,,,,,,,,,,,,,,,,,,,,,,
7499,74.990000,0.000000,0.000000,0.000000,1.000000,0.000000,0.000000,0.000000,57.698101,20.499701,-14.700500,0.047771,-0.013570,0.015998,-15.666301,-52.738201,18.801300,-93.396698,0.129960,17.611099,-0.218333,-0.489888,-0.685877,0.491847,1135.901001,1549.175293,-3797.673584,1135.371460,1468.117676,-3804.655029,1151.978149,1590.928711,-3826.185059,1114.817993,1502.504639,-3756.975586,1141.436279,1635.150269,-3802.879150,1135.438110,1468.159424,-3804.254150,1151.701294,1590.927002,-3826.353516,1114.786011,1502.261963,-3757.345215,1141.683472,1635.338745,-3802.744385,2616.288086,1567.762573,-3159.778809,,,,,,,,,,,,,,,,,,,,,,,,,,,,,,,,,
7500,75.000000,0.000000,0.000000,0.000000,1.000000,0.000000,0.000000,0.000000,57.698101,20.499701,-14.700500,0.047771,-0.013570,0.015998,-15.666301,-52.738201,18.801300,-93.396698,0.129960,17.611099,-0.216587,-0.492946,-0.684798,0.491066,1133.762573,1549.192505,-3798.075439,1133.518066,1468.107300,-3804.744629,1149.875732,1590.884033,-3826.656494,1112.589233,1502.615723,-3757.317139,1139.067261,1635.163330,-3803.583252,1133.784180,1468.516357,-3804.169434,1149.273438,1590.755615,-3826.958496,1112.422974,1502.209717,-3757.760742,1139.565552,1635.316040,-3803.378174,2616.304688,1567.714111,-3159.779785,,,,,,,,,,,,,,,,,,,,,,,,,,,,,,,,,
7501,75.010000,0.000000,0.000000,0.000000,1.000000,0.000000,0.000000,0.000000,57.698101,20.499701,-14.700500,0.047771,-0.013570,0.015998,-15.666301,-52.738201,18.801300,-93.396698,0.129960,17.611099,-0.223314,-0.488340,-0.683976,0.493794,1131.688110,1549.239990,-3798.479248,1131.000366,1468.157227,-3805.146729,1147.489502,1590.868530,-3827.325439,1111.011475,1502.745605,-3757.373047,1137.250854,1635.188965,-3804.072021,1131.039917,1468.214966,-3804.926025,1147.318481,1590.726685,-3827.426025,1111.033447,1502.754150,-3757.655518,1137.355347,1635.259888,-3803.925537,2616.263428,1567.728760,-3159.770264,,,,,,,,,,,,,,,,,,,,,,,,,,,,,,,,,
7502,75.020000,0.000000,0.000000,0.000000,1.000000,0.000000,0.000000,0.000000,57.698101,20.499701,-14.700500,0.047771,-0.013570,0.015998,-15.666301,-52.738201,18.801300,-93.396698,0.129960,17.611099,-0.226858,-0.485778,-0.683744,0.495024,1129.883057,1549.430542,-3798.707764,1128.918945,1468.352051,-3805.394531,1145.545532,1591.026123,-3827.676758,1109.438965,1502.978027,-3757.438232,1135.628540,1635.366089,-3804.321533,1128.655518,1468.145752,-3805.401611,1145.873291,1591.040405,-3827.528320,1109.723389,1503.277344,-3757.586670,1135.299561,1635.277222,-3804.322998,2616.297607,1567.755615,-3159.766846,,,,,,,,,,,,,,,,,,,,,,,,,,,,,,,,,
7503,75.030000,0.000000,0.000000,0.000000,1.000000,0.000000,0.000000,0.000000,57.698101,20.499701,-14.700500,0.047771,-0.013570,0.015998,-15.666301,-52.738201,18.801300,-93.396698,0.129960,17.611099,-0.221980,-0.489635,-0.684602,0.492242,1128.135498,1549.610229,-3798.975830,1127.410522,1468.524536,-3805.603271,1144.113892,1591.209595,-3827.766357,1107.217651,1503.155762,-3757.946777,1133.799683,1635.551392,-3804.587158,1127.177368,1468.488647,-3805.458008,1144.309814,1591.419556,-3827.611816,1107.427734,1503.137085,-3758.138916,1133.637329,1635.406250,-3804.688477,2616.304688,1567.746460,-3159.768555,,,,,,,,,,,,,,,,,,,,,,,,,,,,,,,,,
7504,75.040000,0.000000,0.000000,0.000000,1.000000,0.000000,0.000000,0.000000,57.698101,20.499701,-14.700500,0.047771,-0.013570,0.015998,-15.666301,-52.738201,18.801300,-93.396698,0.129960,17.611099,-0.219025,-0.491507,-0.685730,0.490126,1126.349854,1549.735718,-3799.281250,1125.658447,1468.653564,-3805.956055,1142.582886,1591.345215,-3827.914307,1105.072632,1503.266235,-3758.454346,1132.085205,1635.678101,-3804.800537,1125.876587,1468.904419,-3805.430908,1142.071411,1591.257812,-3828.279053,1104.922607,1502.931274,-3758.873047,1132.514160,1635.852173,-3804.540771,2616.306152,1567.727295,-3159.764648,,,,,,,,,,,,,,,,,,,,,,,,,,,,,,,,,
7505,75.050000,0.000000,0.000000,0.000000,1.000000,0.000000,0.000000,0.000000,57.698101,20.499701,-14.700500,0.047771,-0.013570,0.015998,-15.666301,-52.738201,18.801300,-93.396698,0.129960,17.611099,-0.220284,-0.491117,-0.685959,0.489633,1124.246338,1549.720215,-3799.720459,1123.357666,1468.635376,-3806.338379,1140.531738,1591.272339,-3828.406738,1102.924194,1503.328125,-3758.829102,1130.171753,1635.645264,-3805.307861,1123.605835,1468.855347,-3805.797607,1139.919800,1591.068604,-3828.792480,1102.772461,1503.037354,-3759.306396,1130.658081,1635.916626,-3804.995605,2616.302979,1567.767700,-3159.773438,,,,,,,,,,,,,,,,,,,,,,,,,,,,,,,,,
7506,75.060000,0.000000,0.000000,0.000000,1.000000,0.000000,0.000000,0.000000,57.698101,20.499701,-14.700500,0.047771,-0.013570,0.015998,-15.666301,-52.738201,18.801300,-93.396698,0.129960,17.611099,-0.226654,-0.487597,-0.684412,0.492400,1122.327515,1549.781006,-3800.080078,1121.134399,1468.687500,-3806.542969,1138.267090,1591.243652,-3829.088379,1101.530273,1503.511719,-3758.781250,1128.378418,1635.681396,-3805.907471,1121.215576,1468.626221,-3806.342529,1138.027344,1591.027466,-3829.215820,1101.533447,1503.622559,-3759.086670,1128.520264,1635.844482,-3805.693359,2616.282227,1567.766846,-3159.790283,,,,,,,,,,,,,,,,,,,,,,,,,,,,,,,,,
7507,75.070000,0.000000,0.000000,0.000000,1.000000,0.000000,0.000000,0.000000,57.698101,20.499701,-14.700500,0.047771,-0.013570,0.015998,-15.666301,-52.738201,18.801300,-93.396698,0.129960,17.611099,-0.226414,-0.488958,-0.683535,0.492379,1120.753540,1550.050049,-3800.148926,1119.705322,1468.938843,-3806.411377,1136.660645,1591.467163,-3829.239990,1099.980835,1503.848633,-3758.761719,1126.667236,1635.945679,-3806.182617,1119.464722,1468.833252,-3806.330078,1136.900146,1591.474976,-3829.095703,1100.268433,1504.068970,-3759.009033,1126.411621,1635.846436,-3806.187500,2616.281250,1567.749268,-3159.776611,,,,,,,,,,,,,,,,,,,,,,,,,,,,,,,,,
7508,75.080000,0.000000,0.000000,0.000000,1.000000,0.000000,0.000000,0.000000,57.698101,20.499701,-14.700500,0.047771,-0.013570,0.015998,-15.666301,-52.738201,18.801300,-93.396698,0.129960,17.611099,-0.222262,-0.492782,-0.683644,0.490303,1119.026611,1550.232666,-3800.342041,1118.280640,1469.106689,-3806.454590,1135.150391,1591.638062,-3829.330566,1097.909424,1504.053223,-3759.104980,1124.765991,1636.132935,-3806.478027,1118.052002,1469.181519,-3806.323486,1135.378662,1591.852783,-3829.224121,1098.094604,1504.000122,-3759.244629,1124.575684,1635.897095,-3806.570068,2616.280273,1567.698364,-3159.767578,,,,,,,,,,,,,,,,,,,,,,,,,,,,,,,,,
7509,75.090000,0.000000,0.000000,0.000000,1.000000,0.000000,0.000000,0.000000,57.698101,20.499701,-14.700500,0.047771,-0.013570,0.015998,-15.666301,-52.738201,18.801300,-93.396698,0.129960,17.611099,-0.219956,-0.494592,-0.684701,0.488040,1117.200928,1550.414917,-3800.602539,1116.416138,1469.288696,-3806.706543,1133.588989,1591.798096,-3829.474121,1095.721069,1504.265137,-3759.519531,1123.077515,1636.307983,-3806.709473,1116.508301,1469.567627,-3806.333984,1133.294067,1591.844116,-3829.582520,1095.671753,1504.004639,-3759.828857,1123.328979,1636.257446,-3806.646240,2616.279053,1567.713745,-3159.768311,,,,,,,,,,,,,,,,,,,,,,,,,,,,,,,,,
7510,75.100000,0.000000,0.000000,0.000000,1.000000,0.000000,0.000000,0.000000,57.698101,20.499701,-14.700500,0.047771,-0.013570,0.015998,-15.666301,-52.738201,18.801300,-93.396698,0.129960,17.611099,-0.222880,-0.492450,-0.684567,0.489067,1115.147461,1550.473267,-3800.981445,1114.132324,1469.351440,-3807.111572,1131.423340,1591.830322,-3829.953613,1093.856567,1504.356323,-3759.763672,1121.177612,1636.355103,-3807.096924,1114.426636,1469.622437,-3806.677979,1130.775635,1591.443604,-3830.418701,1093.678955,1504.166748,-3760.142822,1121.643433,1636.625732,-3806.717041,2616.311279,1567.711060,-3159.769531,,,,,,,,,,,,,,,,,,,,,,,,,,,,,,,,,
7511,75.110000,0.000000,0.000000,0.000000,1.000000,0.000000,0.000000,0.000000,57.698101,20.499701,-14.700500,0.047771,-0.013570,0.015998,-15.666301,-52.738201,18.801300,-93.396698,0.129960,17.611099,-0.228207,-0.488565,-0.683462,0.492041,1113.349609,1550.621094,-3801.163086,1112.097290,1469.503662,-3807.304688,1129.278687,1591.958984,-3830.354980,1092.574951,1504.528320,-3759.656250,1119.447266,1636.494019,-3807.337158,1112.093994,1469.415039,-3807.181641,1129.207031,1591.723755,-3830.415771,1092.639893,1504.648315,-3759.890137,1119.457275,1636.705200,-3807.176514,2616.299072,1567.740356,-3159.769531,,,,,,,,,,,,,,,,,,,,,,,,,,,,,,,,,
7512,75.120000,0.000000,0.000000,0.000000,1.000000,0.000000,0.000000,0.000000,57.698101,20.499701,-14.700500,0.047771,-0.013570,0.015998,-15.666301,-52.738201,18.801300,-93.396698,0.129960,17.611099,-0.226791,-0.489988,-0.683162,0.491698,1111.669189,1550.792725,-3801.328369,1110.589355,1469.666870,-3807.392822,1127.624634,1592.130981,-3830.505127,1090.833618,1504.702637,-3759.848877,1117.629028,1636.670532,-3807.566895,1110.301147,1469.422119,-3807.314209,1127.899170,1592.232178,-3830.309814,1091.105469,1504.833740,-3760.042480,1117.381348,1636.677856,-3807.642334,2616.281494,1567.765747,-3159.791992,,,,,,,,,,,,,,,,,,,,,,,,,,,,,,,,,
7513,75.130000,0.000000,0.000000,0.000000,1.000000,0.000000,0.000000,0.000000,57.698101,20.499701,-14.700500,0.047771,-0.013570,0.015998,-15.666301,-52.738201,18.801300,-93.396698,0.129960,17.611099,-0.221773,-0.494717,-0.682859,0.489669,1110.079224,1551.049438,-3801.323730,1109.451050,1469.903320,-3807.176758,1126.234009,1592.381470,-3830.399170,1088.901978,1504.976807,-3759.998047,1115.729492,1636.936646,-3807.720459,1109.173096,1469.910278,-3806.964111,1126.439209,1592.603271,-3830.249023,1089.156250,1504.921387,-3760.260986,1115.556885,1636.770386,-3807.817383,2616.270508,1567.779175,-3159.795166,,,,,,,,,,,,,,,,,,,,,,,,,,,,,,,,,
7514,75.140000,0.000000,0.000000,0.000000,1.000000,0.000000,0.000000,0.000000,57.698101,20.499701,-14.700500,0.047771,-0.013570,0.015998,-15.666301,-52.738201,18.801300,-93.396698,0.129960,17.611099,-0.219595,-0.496593,-0.683837,0.487381,1108.247559,1551.118530,-3801.527832,1107.574341,1469.970337,-3807.347168,1124.665649,1592.418823,-3830.500732,1086.710083,1505.088867,-3760.340576,1114.039917,1636.996216,-3807.922363,1107.715210,1470.260986,-3806.932373,1124.289307,1592.398071,-3830.660400,1086.627930,1504.796021,-3760.679688,1114.353882,1637.032837,-3807.817871,2616.295410,1567.733521,-3159.779785,,,,,,,,,,,,,,,,,,,,,,,,,,,,,,,,,
7515,75.150000,0.000000,0.000000,0.000000,1.000000,0.000000,0.000000,0.000000,57.698101,20.499701,-14.700500,0.047771,-0.013570,0.015998,-15.666301,-52.738201,18.801300,-93.396698,0.129960,17.611099,-0.221922,-0.494675,-0.684111,0.487893,1106.279663,1551.091553,-3801.831299,1105.354004,1469.950562,-3807.715332,1122.652222,1592.372070,-3830.858154,1084.841431,1505.085083,-3760.566406,1112.270874,1636.958862,-3808.184570,1105.587402,1470.200806,-3807.285889,1122.085327,1592.089111,-3831.184570,1084.717651,1504.909302,-3760.978027,1112.674561,1637.144165,-3807.896973,2616.320557,1567.748901,-3159.770508,,,,,,,,,,,,,,,,,,,,,,,,,,,,,,,,,
7516,75.160000,0.000000,0.000000,0.000000,1.000000,0.000000,0.000000,0.000000,57.698101,20.499701,-14.700500,0.047771,-0.013570,0.015998,-15.666301,-52.738201,18.801300,-93.396698,0.129960,17.611099,-0.226594,-0.490926,-0.683141,0.490882,1104.477295,1551.145508,-3801.996826,1103.370605,1470.011353,-3807.943359,1120.510376,1592.432983,-3831.202637,1083.537598,1505.126831,-3760.490479,1110.490601,1637.011230,-3808.350342,1103.295044,1469.965820,-3807.860107,1120.540161,1592.298462,-3831.157227,1083.672363,1505.267334,-3760.704102,1110.419800,1637.065063,-3808.291260,2616.328125,1567.727661,-3159.757568,,,,,,,,,,,,,,,,,,,,,,,,,,,,,,,,,
7517,75.170000,0.000000,0.000000,0.000000,1.000000,0.000000,0.000000,0.000000,57.698101,20.499701,-14.700500,0.047771,-0.013570,0.015998,-15.666301,-52.738201,18.801300,-93.396698,0.129960,17.611099,-0.226566,-0.490626,-0.682623,0.491915,1102.750122,1551.200073,-3802.160889,1101.781616,1470.066284,-3808.138428,1118.664185,1592.528076,-3831.374756,1081.956421,1505.126953,-3760.641602,1108.598145,1637.078979,-3808.489258,1101.474609,1469.931641,-3808.120117,1119.013184,1592.641968,-3831.068359,1082.260742,1505.278564,-3760.798340,1108.284912,1636.960327,-3808.637207,2616.263672,1567.710815,-3159.778320,,,,,,,,,,,,,,,,,,,,,,,,,,,,,,,,,
7518,75.180000,0.000000,0.000000,0.000000,1.000000,0.000000,0.000000,0.000000,57.698101,20.499701,-14.700500,0.047771,-0.013570,0.015998,-15.666301,-52.738201,18.801300,-93.396698,0.129960,17.611099,-0.219634,-0.495734,-0.683235,0.489079,1101.264648,1551.355347,-3802.169189,1100.777100,1470.213257,-3808.091064,1117.497314,1592.733643,-3831.135498,1079.959106,1505.219360,-3760.980469,1106.824829,1637.255493,-3808.469482,1100.578613,1470.358032,-3807.753174,1117.529785,1592.929443,-3831.069824,1080.139160,1504.974609,-3761.312744,1106.811279,1637.150024,-3808.538330,2616.261963,1567.727905,-3159.784424,,,,,,,,,,,,,,,,,,,,,,,,,,,,,,,,,
7519,75.190000,0.000000,0.000000,0.000000,1.000000,0.000000,0.000000,0.000000,57.698101,20.499701,-14.700500,0.047771,-0.013570,0.015998,-15.666301,-52.738201,18.801300,-93.396698,0.129960,17.611099,-0.217135,-0.497246,-0.684212,0.487292,1099.421143,1551.263550,-3802.386475,1098.955200,1470.125000,-3808.357422,1115.869385,1592.653931,-3831.213623,1077.812256,1505.109863,-3761.375977,1105.047729,1637.165771,-3808.598877,1099.155884,1470.439087,-3807.704590,1115.290161,1592.548340,-3831.515381,1077.694946,1504.657593,-3761.947754,1105.532349,1637.397461,-3808.378174,2616.283936,1567.752686,-3159.785645,,,,,,,,,,,,,,,,,,,,,,,,,,,,,,,,,
7520,75.200000,0.000000,0.000000,0.000000,1.000000,0.000000,0.000000,0.000000,57.698101,20.499701,-14.700500,0.047771,-0.013570,0.015998,-15.666301,-52.738201,18.801300,-93.396698,0.129960,17.611099,-0.222016,-0.493847,-0.683211,0.489947,1097.494751,1551.062134,-3802.683838,1096.810913,1469.924805,-3808.651367,1113.636108,1592.425781,-3831.721680,1076.344116,1504.943115,-3761.396240,1103.187500,1636.954956,-3808.965576,1096.998779,1470.038330,-3808.269043,1113.127441,1592.164795,-3831.987305,1076.259644,1504.842163,-3761.803223,1103.543457,1637.179932,-3808.696045,2616.291016,1567.773804,-3159.788330,,,,,,,,,,,,,,,,,,,,,,,,,,,,,,,,,
7521,75.210000,0.000000,0.000000,0.000000,1.000000,0.000000,0.000000,0.000000,57.698101,20.499701,-14.700500,0.047771,-0.013570,0.015998,-15.666301,-52.738201,18.801300,-93.396698,0.129960,17.611099,-0.225200,-0.490430,-0.683436,0.491607,1095.715576,1550.937988,-3802.885742,1094.763794,1469.818115,-3809.049316,1111.696777,1592.332764,-3831.968262,1074.826172,1504.770264,-3761.519775,1101.575562,1636.831299,-3809.005615,1094.641113,1469.605469,-3808.932617,1111.771484,1592.218384,-3831.956543,1075.001343,1504.973633,-3761.779541,1101.455933,1636.974487,-3808.897705,2616.298584,1567.758179,-3159.785400,,,,,,,,,,,,,,,,,,,,,,,,,,,,,,,,,
7522,75.220000,0.000000,0.000000,0.000000,1.000000,0.000000,0.000000,0.000000,57.698101,20.499701,-14.700500,0.047771,-0.013570,0.015998,-15.666301,-52.738201,18.801300,-93.396698,0.129960,17.611099,-0.224099,-0.491087,-0.683053,0.491988,1094.303955,1550.949829,-3802.845703,1093.546387,1469.827759,-3809.009033,1110.237549,1592.380127,-3831.903564,1073.453247,1504.735474,-3761.512207,1099.978638,1636.856079,-3808.958008,1093.283813,1469.700562,-3808.995850,1110.543213,1592.460205,-3831.674561,1073.749390,1504.993286,-3761.687256,1099.668701,1636.662231,-3809.027832,2616.256592,1567.716064,-3159.783936,,,,,,,,,,,,,,,,,,,,,,,,,,,,,,,,,
7523,75.230000,0.000000,0.000000,0.000000,1.000000,0.000000,0.000000,0.000000,57.698101,20.499701,-14.700500,0.047771,-0.013570,0.015998,-15.666301,-52.738201,18.801300,-93.396698,0.129960,17.611099,-0.220856,-0.491977,-0.685088,0.489730,1092.669922,1550.749268,-3803.099854,1091.843628,1469.647095,-3809.510254,1108.909790,1592.241211,-3831.899170,1071.402466,1504.444580,-3762.081055,1098.523804,1636.664551,-3808.908936,1091.783081,1469.640015,-3809.261475,1108.838989,1592.373657,-3831.902588,1071.463989,1504.289795,-3762.321045,1098.590576,1636.675903,-3808.917969,2616.288330,1567.745728,-3159.781738,,,,,,,,,,,,,,,,,,,,,,,,,,,,,,,,,
7524,75.240000,0.000000,0.000000,0.000000,1.000000,0.000000,0.000000,0.000000,57.698101,20.499701,-14.700500,0.047771,-0.013570,0.015998,-15.666301,-52.738201,18.801300,-93.396698,0.129960,17.611099,-0.219428,-0.492796,-0.685015,0.489650,1090.802612,1550.409790,-3803.478760,1090.134521,1469.307373,-3809.905029,1107.051636,1591.934692,-3832.225342,1069.500244,1504.061401,-3762.527344,1096.524414,1636.335938,-3809.257080,1090.470093,1469.692505,-3809.329834,1106.328979,1591.688354,-3832.655029,1069.300659,1503.759521,-3762.991211,1097.088501,1636.514893,-3808.918701,2616.278809,1567.769531,-3159.785645,,,,,,,,,,,,,,,,,,,,,,,,,,,,,,,,,
7525,75.250000,0.000000,0.000000,0.000000,1.000000,0.000000,0.000000,0.000000,57.698101,20.499701,-14.700500,0.047771,-0.013570,0.015998,-15.666301,-52.738201,18.801300,-93.396698,0.129960,17.611099,-0.221618,-0.491125,-0.684683,0.490806,1089.001343,1550.093628,-3803.864014,1088.215210,1468.994019,-3810.312256,1105.120605,1591.611938,-3832.692871,1067.895996,1503.752808,-3762.802246,1094.773315,1636.016113,-3809.648438,1088.367554,1469.223999,-3809.827881,1104.682861,1591.492554,-3832.912109,1067.848022,1503.607788,-3763.285645,1095.090332,1636.056641,-3809.427002,2616.317627,1567.745361,-3159.781006,,,,,,,,,,,,,,,,,,,,,,,,,,,,,,,,,
7526,75.260000,0.000000,0.000000,0.000000,1.000000,0.000000,0.000000,0.000000,57.698101,20.499701,-14.700500,0.047771,-0.013570,0.015998,-15.666301,-52.738201,18.801300,-93.396698,0.129960,17.611099,-0.224068,-0.489420,-0.684215,0.492049,1087.376343,1549.875977,-3804.163330,1086.467529,1468.777466,-3810.607666,1103.350708,1591.378784,-3833.094727,1066.490234,1503.555176,-3762.966797,1093.196899,1635.792725,-3809.983154,1086.199097,1468.788086,-3810.433594,1103.535156,1591.506470,-3832.871582,1066.806641,1503.648071,-3763.303711,1092.994995,1635.569458,-3810.079834,2616.268066,1567.756958,-3159.774902,,,,,,,,,,,,,,,,,,,,,,,,,,,,,,,,,
7527,75.270000,0.000000,0.000000,0.000000,1.000000,0.000000,0.000000,0.000000,57.698101,20.499701,-14.700500,0.047771,-0.013570,0.015998,-15.666301,-52.738201,18.801300,-93.396698,0.129960,17.611099,-0.223535,-0.489098,-0.685061,0.491433,1085.811523,1549.665527,-3804.416748,1084.806396,1468.578125,-3810.985352,1101.880127,1591.191406,-3833.262939,1064.807861,1503.309570,-3763.319824,1091.751465,1635.583374,-3810.098145,1084.463867,1468.514893,-3810.861084,1102.228394,1591.385376,-3833.017334,1065.130127,1503.367432,-3763.547607,1091.447754,1635.406006,-3810.231445,2616.260742,1567.746338,-3159.778076,,,,,,,,,,,,,,,,,,,,,,,,,,,,,,,,,
7528,75.280000,0.000000,0.000000,0.000000,1.000000,0.000000,0.000000,0.000000,57.698101,20.499701,-14.700500,0.047771,-0.013570,0.015998,-15.666301,-52.738201,18.801300,-93.396698,0.129960,17.611099,-0.219733,-0.491907,-0.685554,0.489654,1084.415894,1549.460571,-3804.627686,1083.642456,1468.368408,-3811.170898,1100.684937,1591.007324,-3833.331055,1063.100342,1503.078613,-3763.721191,1090.235840,1635.388184,-3810.287354,1083.747192,1468.626465,-3810.697998,1100.371216,1590.885986,-3833.591797,1063.061157,1502.858276,-3764.145508,1090.481079,1635.479126,-3810.063965,2616.294922,1567.750000,-3159.768799,,,,,,,,,,,,,,,,,,,,,,,,,,,,,,,,,
7529,75.290000,0.000000,0.000000,0.000000,1.000000,0.000000,0.000000,0.000000,57.698101,20.499701,-14.700500,0.047771,-0.013570,0.015998,-15.666301,-52.738201,18.801300,-93.396698,0.129960,17.611099,-0.219031,-0.491663,-0.686355,0.489092,1082.615723,1549.029663,-3805.072266,1081.774292,1467.948730,-3811.743408,1098.971802,1590.605469,-3833.684326,1061.188599,1502.604614,-3764.273193,1088.528320,1634.960327,-3810.588135,1082.059082,1468.172852,-3811.201172,1098.307983,1590.325073,-3834.142822,1061.008057,1502.310791,-3764.734863,1089.061768,1635.313843,-3810.214844,2616.310059,1567.712646,-3159.767090,,,,,,,,,,,,,,,,,,,,,,,,,,,,,,,,,
7530,75.300000,0.000000,0.000000,0.000000,1.000000,0.000000,0.000000,0.000000,57.698101,20.499701,-14.700500,0.047771,-0.013570,0.015998,-15.666301,-52.738201,18.801300,-93.396698,0.129960,17.611099,-0.223293,-0.488396,-0.685820,0.491183,1080.876099,1548.669678,-3805.568604,1079.778076,1467.595581,-3812.286133,1096.999634,1590.229492,-3834.335449,1059.809204,1502.263062,-3764.561523,1086.917480,1634.590820,-3811.091553,1079.928833,1467.620605,-3811.925537,1096.595093,1590.005615,-3834.599854,1059.745850,1502.196411,-3764.945557,1087.217896,1634.853638,-3810.806885,2616.293701,1567.745850,-3159.763672,,,,,,,,,,,,,,,,,,,,,,,,,,,,,,,,,
7531,75.310000,0.000000,0.000000,0.000000,1.000000,0.000000,0.000000,0.000000,57.698101,20.499701,-14.700500,0.047771,-0.013570,0.015998,-15.666301,-52.738201,18.801300,-93.396698,0.129960,17.611099,-0.226490,-0.485826,-0.685895,0.492162,1079.252075,1548.396484,-3805.979248,1077.857910,1467.332153,-3812.759277,1095.274536,1589.933838,-3834.834473,1058.367676,1502.016113,-3764.849121,1085.508179,1634.304077,-3811.473389,1077.669678,1467.014648,-3812.749268,1095.435303,1589.990723,-3834.678223,1058.551270,1502.193848,-3764.971191,1085.349365,1634.362183,-3811.520264,2616.261963,1567.775269,-3159.790283,,,,,,,,,,,,,,,,,,,,,,,,,,,,,,,,,
7532,75.320000,0.000000,0.000000,0.000000,1.000000,0.000000,0.000000,0.000000,57.698101,20.499701,-14.700500,0.047771,-0.013570,0.015998,-15.666301,-52.738201,18.801300,-93.396698,0.129960,17.611099,-0.222858,-0.488971,-0.686147,0.490351,1077.827148,1548.224976,-3806.287109,1076.679932,1467.148926,-3812.973145,1094.043945,1589.760132,-3835.036865,1056.637085,1501.851807,-3765.305420,1083.947388,1634.139038,-3811.832764,1076.396973,1467.021729,-3812.907715,1094.348633,1589.979614,-3834.796143,1056.893555,1501.933960,-3765.456055,1083.687622,1633.979614,-3811.969238,2616.293213,1567.758179,-3159.783203,,,,,,,,,,,,,,,,,,,,,,,,,,,,,,,,,
7533,75.330000,0.000000,0.000000,0.000000,1.000000,0.000000,0.000000,0.000000,57.698101,20.499701,-14.700500,0.047771,-0.013570,0.015998,-15.666301,-52.738201,18.801300,-93.396698,0.129960,17.611099,-0.219335,-0.491249,-0.687817,0.487314,1076.045044,1547.858887,-3806.764404,1074.861328,1466.788574,-3813.512451,1092.626709,1589.389526,-3835.312012,1054.352173,1501.489624,-3766.042236,1082.339966,1633.767944,-3812.190674,1074.868286,1466.949341,-3813.116455,1092.447266,1589.441162,-3835.436523,1054.347778,1501.151123,-3766.376221,1082.515503,1633.859741,-3812.128418,2616.281738,1567.714600,-3159.771973,,,,,,,,,,,,,,,,,,,,,,,,,,,,,,,,,
7534,75.340000,0.000000,0.000000,0.000000,1.000000,0.000000,0.000000,0.000000,57.698101,20.499701,-14.700500,0.047771,-0.013570,0.015998,-15.666301,-52.738201,18.801300,-93.396698,0.129960,17.611099,-0.219039,-0.492040,-0.687958,0.486449,1074.240479,1547.527832,-3807.217285,1073.014893,1466.451294,-3813.883545,1090.910400,1589.017212,-3835.773193,1052.430542,1501.216064,-3766.492432,1080.606079,1633.426758,-3812.719971,1073.311646,1466.890137,-3813.234375,1090.247192,1588.817749,-3836.167969,1052.249634,1500.802246,-3767.000732,1081.153809,1633.631836,-3812.425537,2616.301758,1567.742920,-3159.756104,,,,,,,,,,,,,,,,,,,,,,,,,,,,,,,,,
7535,75.350000,0.000000,0.000000,0.000000,1.000000,0.000000,0.000000,0.000000,57.698101,20.499701,-14.700500,0.047771,-0.013570,0.015998,-15.666301,-52.738201,18.801300,-93.396698,0.129960,17.611099,-0.223900,-0.488581,-0.687338,0.488595,1072.305908,1547.122559,-3807.783936,1070.774902,1466.052246,-3814.462158,1088.733276,1588.577026,-3836.530762,1050.876953,1500.855469,-3766.806641,1078.838501,1633.005981,-3813.335693,1070.920166,1466.222412,-3814.073242,1088.325195,1588.382568,-3836.732666,1050.849854,1500.851929,-3767.264648,1079.104248,1633.026611,-3813.083496,2616.227539,1567.723145,-3159.793213,,,,,,,,,,,,,,,,,,,,,,,,,,,,,,,,,
7536,75.360000,0.000000,0.000000,0.000000,1.000000,0.000000,0.000000,0.000000,57.698101,20.499701,-14.700500,0.047771,-0.013570,0.015998,-15.666301,-52.738201,18.801300,-93.396698,0.129960,17.611099,-0.226795,-0.486708,-0.686803,0.489878,1070.625977,1546.878174,-3808.131104,1068.934326,1465.808716,-3814.781494,1086.900269,1588.304199,-3837.005859,1049.433105,1500.648804,-3766.989014,1077.236450,1632.751343,-3813.748291,1068.755493,1465.717529,-3814.739746,1087.087891,1588.314697,-3836.900635,1049.688965,1500.981201,-3767.210449,1076.992554,1632.535767,-3813.706543,2616.262939,1567.732788,-3159.792236,,,,,,,,,,,,,,,,,,,,,,,,,,,,,,,,,
7537,75.370000,0.000000,0.000000,0.000000,1.000000,0.000000,0.000000,0.000000,57.698101,20.499701,-14.700500,0.047771,-0.013570,0.015998,-15.666301,-52.738201,18.801300,-93.396698,0.129960,17.611099,-0.221043,-0.490323,-0.687872,0.487397,1068.947144,1546.640991,-3808.469482,1067.577271,1465.571167,-3815.189209,1085.518188,1588.129639,-3837.084229,1047.295410,1500.327881,-3767.661865,1075.397827,1632.535522,-3813.942627,1067.372192,1465.589111,-3814.990479,1085.669922,1588.240723,-3837.047852,1047.504395,1500.356079,-3767.922607,1075.245972,1632.378906,-3813.928711,2616.269287,1567.764038,-3159.781250,,,,,,,,,,,,,,,,,,,,,,,,,,,,,,,,,
7538,75.380000,0.000000,0.000000,0.000000,1.000000,0.000000,0.000000,0.000000,57.698101,20.499701,-14.700500,0.047771,-0.013570,0.015998,-15.666301,-52.738201,18.801300,-93.396698,0.129960,17.611099,-0.217763,-0.492738,-0.688016,0.486234,1067.144897,1546.325684,-3808.906982,1066.035156,1465.249390,-3815.596436,1083.840820,1587.842285,-3837.408203,1045.282227,1499.977539,-3768.251709,1073.421265,1632.233765,-3814.371582,1066.276001,1465.609985,-3815.034180,1083.302124,1587.621338,-3837.818115,1045.138794,1499.663574,-3768.703857,1073.851318,1632.422363,-3814.052490,2616.306885,1567.756714,-3159.785645,,,,,,,,,,,,,,,,,,,,,,,,,,,,,,,,,
7539,75.390000,0.000000,0.000000,0.000000,1.000000,0.000000,0.000000,0.000000,57.698101,20.499701,-14.700500,0.047771,-0.013570,0.015998,-15.666301,-52.738201,18.801300,-93.396698,0.129960,17.611099,-0.221055,-0.490144,-0.687304,0.488372,1064.978027,1545.803833,-3809.635254,1063.744751,1464.732422,-3816.361572,1081.434082,1587.325195,-3838.268555,1043.466919,1499.447388,-3768.802246,1071.266113,1631.710449,-3815.108154,1064.015015,1464.883423,-3815.933594,1080.815796,1587.031738,-3838.677002,1043.301880,1499.265991,-3769.183105,1071.744385,1632.029419,-3814.753906,2616.287109,1567.741577,-3159.769531,,,,,,,,,,,,,,,,,,,,,,,,,,,,,,,,,
7540,75.400000,0.000000,0.000000,0.000000,1.000000,0.000000,0.000000,0.000000,57.698101,20.499701,-14.700500,0.047771,-0.013570,0.015998,-15.666301,-52.738201,18.801300,-93.396698,0.129960,17.611099,-0.227149,-0.485286,-0.686184,0.491988,1063.033447,1545.467896,-3810.162109,1061.517456,1464.407593,-3816.964600,1079.081665,1586.991211,-3839.023438,1042.130493,1499.104736,-3769.021973,1069.404419,1631.368164,-3815.638184,1061.359619,1464.218262,-3816.977539,1079.259888,1586.988403,-3838.928955,1042.285645,1499.256958,-3769.095459,1069.228882,1631.404419,-3815.650146,2616.287842,1567.741455,-3159.770752,,,,,,,,,,,,,,,,,,,,,,,,,,,,,,,,,
7541,75.410000,0.000000,0.000000,0.000000,1.000000,0.000000,0.000000,0.000000,57.698101,20.499701,-14.700500,0.047771,-0.013570,0.015998,-15.666301,-52.738201,18.801300,-93.396698,0.129960,17.611099,-0.225481,-0.485762,-0.686669,0.491608,1061.201416,1545.194458,-3810.647949,1059.776245,1464.141846,-3817.559570,1077.311279,1586.768311,-3839.402100,1040.199707,1498.761108,-3769.637939,1067.518555,1631.107056,-3815.992432,1059.414795,1463.920898,-3817.601318,1077.805420,1587.021973,-3839.098633,1040.481567,1498.881348,-3769.680664,1067.121948,1630.966675,-3816.180664,2616.255859,1567.769409,-3159.790283,,,,,,,,,,,,,,,,,,,,,,,,,,,,,,,,,
7542,75.420000,0.000000,0.000000,0.000000,1.000000,0.000000,0.000000,0.000000,57.698101,20.499701,-14.700500,0.047771,-0.013570,0.015998,-15.666301,-52.738201,18.801300,-93.396698,0.129960,17.611099,-0.221886,-0.487376,-0.688585,0.488961,1059.420898,1544.889648,-3811.049561,1057.960083,1463.852783,-3818.136475,1075.869995,1586.499268,-3839.558838,1037.951904,1498.402710,-3770.342773,1065.901733,1630.804443,-3816.159424,1058.053589,1463.955200,-3817.723389,1075.560547,1586.495361,-3839.747803,1037.889771,1498.117432,-3770.704834,1066.180786,1630.976807,-3816.024170,2616.253906,1567.746460,-3159.800781,,,,,,,,,,,,,,,,,,,,,,,,,,,,,,,,,
7543,75.430000,0.000000,0.000000,0.000000,1.000000,0.000000,0.000000,0.000000,57.698101,20.499701,-14.700500,0.047771,-0.013570,0.015998,-15.666301,-52.738201,18.801300,-93.396698,0.129960,17.611099,-0.220100,-0.488539,-0.688991,0.488034,1057.302490,1544.332520,-3811.672607,1055.922119,1463.295654,-3818.776611,1073.860352,1585.955322,-3840.099609,1035.670410,1497.827637,-3771.072998,1063.756836,1630.251587,-3816.741455,1056.244995,1463.698853,-3818.175293,1073.185425,1585.773926,-3840.499756,1035.481689,1497.513550,-3771.540283,1064.294800,1630.377319,-3816.431641,2616.323730,1567.757080,-3159.773438,,,,,,,,,,,,,,,,,,,,,,,,,,,,,,,,,
7544,75.440000,0.000000,0.000000,0.000000,1.000000,0.000000,0.000000,0.000000,57.698101,20.499701,-14.700500,0.047771,-0.013570,0.015998,-15.666301,-52.738201,18.801300,-93.396698,0.129960,17.611099,-0.226115,-0.482842,-0.689154,0.490715,1055.348145,1543.844849,-3812.252686,1053.456299,1462.839844,-3819.598877,1071.640869,1585.482422,-3840.810791,1034.157715,1497.308716,-3771.456543,1062.137573,1629.748291,-3817.144775,1053.525024,1462.835693,-3819.334473,1071.410889,1585.329224,-3840.974854,1034.174194,1497.403076,-3771.819336,1062.274780,1629.812012,-3816.911865,2616.313477,1567.725830,-3159.760498,,,,,,,,,,,,,,,,,,,,,,,,,,,,,,,,,
7545,75.450000,0.000000,0.000000,0.000000,1.000000,0.000000,0.000000,0.000000,57.698101,20.499701,-14.700500,0.047771,-0.013570,0.015998,-15.666301,-52.738201,18.801300,-93.396698,0.129960,17.611099,-0.227609,-0.480892,-0.689663,0.491225,1053.723267,1543.612305,-3812.532715,1051.628174,1462.626099,-3820.027832,1069.983398,1585.270996,-3841.078613,1032.606812,1497.041992,-3771.737305,1060.674438,1629.510620,-3817.286865,1051.351685,1462.421875,-3820.005615,1070.283813,1585.330811,-3840.871094,1032.931030,1497.370117,-3771.949219,1060.360107,1629.357666,-3817.321777,2616.293457,1567.752808,-3159.771240,,,,,,,,,,,,,,,,,,,,,,,,,,,,,,,,,
7546,75.460000,0.000000,0.000000,0.000000,1.000000,0.000000,0.000000,0.000000,57.698101,20.499701,-14.700500,0.047771,-0.013570,0.015998,-15.666301,-52.738201,18.801300,-93.396698,0.129960,17.611099,-0.224323,-0.482825,-0.690578,0.489551,1052.072144,1543.384399,-3812.940674,1050.108154,1462.401611,-3820.508057,1068.538330,1585.076050,-3841.319824,1030.650391,1496.768555,-3772.356689,1058.991699,1629.291748,-3817.577881,1049.951294,1462.453491,-3820.321289,1068.606079,1585.131836,-3841.230957,1030.843872,1496.804932,-3772.645020,1058.900879,1629.153076,-3817.593994,2616.292725,1567.719482,-3159.779785,,,,,,,,,,,,,,,,,,,,,,,,,,,,,,,,,
7547,75.470000,0.000000,0.000000,0.000000,1.000000,0.000000,0.000000,0.000000,57.698101,20.499701,-14.700500,0.047771,-0.013570,0.015998,-15.666301,-52.738201,18.801300,-93.396698,0.129960,17.611099,-0.223021,-0.483219,-0.691435,0.488547,1050.174927,1543.052734,-3813.592285,1048.173950,1462.079956,-3821.256348,1066.774414,1584.762817,-3841.866699,1028.572876,1496.409058,-3773.136230,1057.178467,1628.959717,-3818.109619,1048.388428,1462.460815,-3820.718506,1066.283447,1584.646973,-3842.105225,1028.464355,1496.127930,-3773.581299,1057.560059,1629.011353,-3817.920654,2616.321777,1567.760010,-3159.773438,,,,,,,,,,,,,,,,,,,,,,,,,,,,,,,,,
7548,75.480000,0.000000,0.000000,0.000000,1.000000,0.000000,0.000000,0.000000,57.698101,20.499701,-14.700500,0.047771,-0.013570,0.015998,-15.666301,-52.738201,18.801300,-93.396698,0.129960,17.611099,-0.225179,-0.480385,-0.692201,0.489267,1048.190796,1542.739380,-3814.285889,1045.890991,1461.795532,-3822.169434,1064.747070,1584.479126,-3842.541992,1026.690918,1496.046265,-3773.832275,1055.434082,1628.636841,-3818.600098,1046.218140,1462.152222,-3821.606445,1064.042236,1584.273071,-3842.929443,1026.487549,1495.727661,-3774.289062,1055.992188,1628.818115,-3818.303467,2616.267090,1567.724609,-3159.780518,,,,,,,,,,,,,,,,,,,,,,,,,,,,,,,,,
7549,75.490000,0.000000,0.000000,0.000000,1.000000,0.000000,0.000000,0.000000,57.698101,20.499701,-14.700500,0.047771,-0.013570,0.015998,-15.666301,-52.738201,18.801300,-93.396698,0.129960,17.611099,-0.229679,-0.476689,-0.691902,0.491209,1046.532593,1542.652954,-3814.733398,1043.895630,1461.726929,-3822.692871,1062.878906,1584.380005,-3843.130127,1025.372803,1495.971313,-3774.087891,1053.983154,1628.533936,-3819.022949,1043.891357,1461.768799,-3822.476807,1062.789551,1584.375366,-3843.205322,1025.406860,1495.937134,-3774.325439,1054.044556,1628.531006,-3818.932861,2616.289307,1567.741577,-3159.780762,,,,,,,,,,,,,,,,,,,,,,,,,,,,,,,,,
7550,75.500000,0.000000,0.000000,0.000000,1.000000,0.000000,0.000000,0.000000,57.698101,20.499701,-14.700500,0.047771,-0.013570,0.015998,-15.666301,-52.738201,18.801300,-93.396698,0.129960,17.611099,-0.231607,-0.474919,-0.691827,0.492123,1044.888184,1542.635132,-3815.260498,1042.102539,1461.719727,-3823.278320,1061.138062,1584.366455,-3843.705811,1023.883362,1495.944336,-3774.544922,1052.428589,1628.510010,-3819.512207,1041.849243,1461.524414,-3823.321777,1061.456543,1584.496826,-3843.468018,1024.121948,1496.145752,-3774.616455,1052.142578,1628.380859,-3819.621094,2616.267822,1567.745361,-3159.772461,,,,,,,,,,,,,,,,,,,,,,,,,,,,,,,,,
7551,75.510000,0.000000,0.000000,0.000000,1.000000,0.000000,0.000000,0.000000,57.698101,20.499701,-14.700500,0.047771,-0.013570,0.015998,-15.666301,-52.738201,18.801300,-93.396698,0.129960,17.611099,-0.227146,-0.478460,-0.692624,0.489646,1043.329956,1542.668701,-3815.803711,1040.778076,1461.741699,-3823.782227,1059.861572,1584.401855,-3844.083740,1021.900146,1495.979248,-3775.309082,1050.780029,1628.552368,-3820.040039,1040.547241,1461.738159,-3823.715576,1060.115967,1584.570923,-3843.891602,1022.105835,1496.009155,-3775.432373,1050.553345,1628.356689,-3820.167236,2616.310303,1567.757202,-3159.773438,,,,,,,,,,,,,,,,,,,,,,,,,,,,,,,,,
7552,75.520000,0.000000,0.000000,0.000000,1.000000,0.000000,0.000000,0.000000,57.698101,20.499701,-14.700500,0.047771,-0.013570,0.015998,-15.666301,-52.738201,18.801300,-93.396698,0.129960,17.611099,-0.225501,-0.479045,-0.694128,0.487700,1041.541992,1542.610718,-3816.543701,1038.845093,1461.700806,-3824.645996,1058.322876,1584.343262,-3844.677490,1019.785278,1495.916748,-3776.229004,1049.214478,1628.482422,-3820.622803,1038.940796,1461.871826,-3824.359131,1058.079712,1584.250854,-3844.833252,1019.735718,1495.766968,-3776.489014,1049.407471,1628.555786,-3820.489990,2616.280518,1567.713379,-3159.774414,,,,,,,,,,,,,,,,,,,,,,,,,,,,,,,,,
7553,75.530000,0.000000,0.000000,0.000000,1.000000,0.000000,0.000000,0.000000,57.698101,20.499701,-14.700500,0.047771,-0.013570,0.015998,-15.666301,-52.738201,18.801300,-93.396698,0.129960,17.611099,-0.224278,-0.479891,-0.694261,0.487243,1039.738281,1542.663940,-3817.186035,1037.129761,1461.751343,-3825.291748,1056.571289,1584.408081,-3845.271240,1017.896912,1495.955078,-3776.934082,1047.355347,1628.541382,-3821.247070,1037.517090,1462.243896,-3824.776611,1055.923706,1584.116821,-3845.746338,1017.673035,1495.694946,-3777.272705,1047.869385,1628.660278,-3820.885742,2616.295410,1567.734741,-3159.777588,,,,,,,,,,,,,,,,,,,,,,,,,,,,,,,,,
7554,75.540000,0.000000,0.000000,0.000000,1.000000,0.000000,0.000000,0.000000,57.698101,20.499701,-14.700500,0.047771,-0.013570,0.015998,-15.666301,-52.738201,18.801300,-93.396698,0.129960,17.611099,-0.227052,-0.477252,-0.694024,0.488886,1037.742554,1542.693726,-3817.880859,1034.960083,1461.796753,-3826.083496,1054.403076,1584.456909,-3846.040527,1016.165466,1495.954468,-3777.521729,1045.441284,1628.566895,-3821.877441,1035.234985,1462.015869,-3825.726562,1053.840210,1584.216919,-3846.392334,1015.996948,1495.814575,-3777.826904,1045.858887,1628.714844,-3821.587158,2616.288818,1567.750244,-3159.782471,,,,,,,,,,,,,,,,,,,,,,,,,,,,,,,,,
7555,75.550000,0.000000,0.000000,0.000000,1.000000,0.000000,0.000000,0.000000,57.698101,20.499701,-14.700500,0.047771,-0.013570,0.015998,-15.666301,-52.738201,18.801300,-93.396698,0.129960,17.611099,-0.229657,-0.474871,-0.693643,0.490524,1036.039551,1542.815430,-3818.453125,1033.119141,1461.930542,-3826.725830,1052.522217,1584.595459,-3846.692627,1014.729858,1496.050171,-3777.982422,1043.787109,1628.685913,-3822.411621,1033.057251,1461.838623,-3826.605957,1052.533569,1584.607300,-3846.706299,1014.814758,1496.126831,-3778.160400,1043.757324,1628.690430,-3822.350098,2616.236328,1567.778564,-3159.794678,,,,,,,,,,,,,,,,,,,,,,,,,,,,,,,,,
7556,75.560000,0.000000,0.000000,0.000000,1.000000,0.000000,0.000000,0.000000,57.698101,20.499701,-14.700500,0.047771,-0.013570,0.015998,-15.666301,-52.738201,18.801300,-93.396698,0.129960,17.611099,-0.230853,-0.473891,-0.693128,0.491639,1034.335938,1542.833618,-3819.070068,1031.420898,1461.948975,-3827.348145,1050.688232,1584.627197,-3847.365234,1013.206726,1496.049927,-3778.526123,1042.027832,1628.708618,-3823.040771,1031.201294,1461.738525,-3827.396973,1050.968140,1584.763916,-3847.169922,1013.437378,1496.330811,-3778.603760,1041.755005,1628.516235,-3823.105713,2616.264160,1567.765991,-3159.792969,,,,,,,,,,,,,,,,,,,,,,,,,,,,,,,,,
7557,75.570000,0.000000,0.000000,0.000000,1.000000,0.000000,0.000000,0.000000,57.698101,20.499701,-14.700500,0.047771,-0.013570,0.015998,-15.666301,-52.738201,18.801300,-93.396698,0.129960,17.611099,-0.226733,-0.476446,-0.694074,0.489747,1032.853516,1542.919556,-3819.533447,1030.149170,1462.035034,-3827.884033,1049.436523,1584.753296,-3847.633789,1011.373291,1496.081665,-3779.237061,1040.454712,1628.808228,-3823.378418,1029.966675,1461.926758,-3827.852783,1049.647583,1584.942505,-3847.488281,1011.537170,1496.175903,-3779.323486,1040.269287,1628.639526,-3823.460205,2616.263672,1567.726685,-3159.785889,,,,,,,,,,,,,,,,,,,,,,,,,,,,,,,,,
7558,75.580000,0.000000,0.000000,0.000000,1.000000,0.000000,0.000000,0.000000,57.698101,20.499701,-14.700500,0.047771,-0.013570,0.015998,-15.666301,-52.738201,18.801300,-93.396698,0.129960,17.611099,-0.225285,-0.475912,-0.695640,0.488713,1031.104248,1542.920410,-3820.133789,1028.278809,1462.067993,-3828.750488,1047.853149,1584.812744,-3848.047852,1009.410278,1495.994141,-3780.055176,1038.874512,1628.806885,-3823.680908,1028.377930,1462.112793,-3828.537354,1047.591797,1584.706055,-3848.148438,1009.350037,1495.862305,-3780.267090,1039.098145,1629.005493,-3823.582031,2616.282227,1567.758423,-3159.775146,,,,,,,,,,,,,,,,,,,,,,,,,,,,,,,,,
7559,75.590000,0.000000,0.000000,0.000000,1.000000,0.000000,0.000000,0.000000,57.698101,20.499701,-14.700500,0.047771,-0.013570,0.015998,-15.666301,-52.738201,18.801300,-93.396698,0.129960,17.611099,-0.222532,-0.477863,-0.696148,0.487345,1029.159912,1542.874146,-3820.886475,1026.486206,1462.017334,-3829.510498,1046.065186,1584.780640,-3848.685059,1007.226807,1495.930176,-3780.959229,1036.861450,1628.768555,-3824.390869,1026.749756,1462.362793,-3829.035156,1045.493042,1584.575562,-3848.962158,1007.049561,1495.566772,-3781.345947,1037.333740,1628.997925,-3824.193359,2616.297119,1567.745972,-3159.772461,,,,,,,,,,,,,,,,,,,,,,,,,,,,,,,,,
7560,75.600000,0.000000,0.000000,0.000000,1.000000,0.000000,0.000000,0.000000,57.698101,20.499701,-14.700500,0.047771,-0.013570,0.015998,-15.666301,-52.738201,18.801300,-93.396698,0.129960,17.611099,-0.226837,-0.474716,-0.695323,0.489607,1027.280640,1542.812134,-3821.614014,1024.380615,1461.963135,-3830.238525,1043.928223,1584.703735,-3849.590088,1005.738525,1495.885986,-3781.453857,1035.075439,1628.695801,-3825.173584,1024.574097,1462.170288,-3829.853516,1043.455444,1584.464722,-3849.847412,1005.635742,1495.723022,-3781.830811,1035.418945,1628.873291,-3824.940430,2616.283203,1567.732056,-3159.775391,,,,,,,,,,,,,,,,,,,,,,,,,,,,,,,,,
7561,75.610000,0.000000,0.000000,0.000000,1.000000,0.000000,0.000000,0.000000,57.698101,20.499701,-14.700500,0.047771,-0.013570,0.015998,-15.666301,-52.738201,18.801300,-93.396698,0.129960,17.611099,-0.229442,-0.472315,-0.695538,0.490410,1025.601807,1542.789429,-3822.239746,1022.429565,1461.960327,-3830.953857,1042.174683,1584.674927,-3850.269043,1004.201904,1495.865723,-3782.000488,1033.601196,1628.656982,-3825.735107,1022.300232,1461.818970,-3830.848877,1042.255005,1584.647217,-3850.231445,1004.349121,1495.960571,-3782.193848,1033.505615,1628.730713,-3825.697998,2616.262207,1567.725220,-3159.780029,,,,,,,,,,,,,,,,,,,,,,,,,,,,,,,,,
7562,75.620000,0.000000,0.000000,0.000000,1.000000,0.000000,0.000000,0.000000,57.698101,20.499701,-14.700500,0.047771,-0.013570,0.015998,-15.666301,-52.738201,18.801300,-93.396698,0.129960,17.611099,-0.230344,-0.471556,-0.695434,0.490865,1023.991455,1542.810303,-3822.803223,1020.759949,1461.985107,-3831.531982,1040.514404,1584.696045,-3850.862061,1002.669312,1495.885254,-3782.524414,1032.022095,1628.675049,-3826.294434,1020.458435,1461.721436,-3831.571777,1040.866333,1584.785767,-3850.590820,1002.978577,1496.180664,-3782.654541,1031.688477,1628.566284,-3826.389648,2616.311035,1567.757935,-3159.763184,,,,,,,,,,,,,,,,,,,,,,,,,,,,,,,,,
7563,75.630000,0.000000,0.000000,0.000000,1.000000,0.000000,0.000000,0.000000,57.698101,20.499701,-14.700500,0.047771,-0.013570,0.015998,-15.666301,-52.738201,18.801300,-93.396698,0.129960,17.611099,-0.227346,-0.473904,-0.696141,0.488996,1022.388000,1542.844604,-3823.357910,1019.280762,1462.013062,-3832.072021,1039.125000,1584.726074,-3851.295654,1000.750549,1495.927124,-3783.238770,1030.395752,1628.712646,-3826.824707,1019.095154,1461.970825,-3831.946289,1039.281494,1584.864624,-3851.186768,1000.935059,1495.974731,-3783.429199,1030.248413,1628.572876,-3826.872559,2616.276123,1567.755005,-3159.773193,,,,,,,,,,,,,,,,,,,,,,,,,,,,,,,,,
7564,75.640000,0.000000,0.000000,0.000000,1.000000,0.000000,0.000000,0.000000,57.698101,20.499701,-14.700500,0.047771,-0.013570,0.015998,-15.666301,-52.738201,18.801300,-93.396698,0.129960,17.611099,-0.225464,-0.476117,-0.695746,0.488279,1020.712280,1542.839355,-3824.036865,1017.826904,1461.984497,-3832.609863,1037.505493,1584.703247,-3851.967529,998.965088,1495.952515,-3783.941162,1028.551514,1628.717773,-3827.628418,1018.089905,1462.403809,-3832.136475,1037.014404,1584.563721,-3852.210205,998.835144,1495.750732,-3784.304199,1028.919678,1628.701904,-3827.433105,2616.287109,1567.753052,-3159.778320,,,,,,,,,,,,,,,,,,,,,,,,,,,,,,,,,
7565,75.650000,0.000000,0.000000,0.000000,1.000000,0.000000,0.000000,0.000000,57.698101,20.499701,-14.700500,0.047771,-0.013570,0.015998,-15.666301,-52.738201,18.801300,-93.396698,0.129960,17.611099,-0.225949,-0.475163,-0.696023,0.488588,1018.760193,1542.683472,-3824.927979,1015.800354,1461.841553,-3833.597656,1035.534668,1584.570068,-3852.835938,997.049744,1495.762085,-3784.853027,1026.656006,1628.560547,-3828.425537,1016.160950,1462.208130,-3833.050781,1034.770264,1584.304932,-3853.236816,996.822693,1495.448486,-3785.301270,1027.246948,1628.776733,-3828.119141,2616.292725,1567.733887,-3159.774658,,,,,,,,,,,,,,,,,,,,,,,,,,,,,,,,,
7566,75.660000,0.000000,0.000000,0.000000,1.000000,0.000000,0.000000,0.000000,57.698101,20.499701,-14.700500,0.047771,-0.013570,0.015998,-15.666301,-52.738201,18.801300,-93.396698,0.129960,17.611099,-0.227704,-0.473617,-0.695848,0.489523,1016.904480,1542.596436,-3825.711914,1013.829468,1461.763306,-3834.422852,1033.578857,1584.487427,-3853.673096,995.349548,1495.666504,-3785.562988,1024.859863,1628.468872,-3829.188965,1014.021301,1461.863647,-3833.992676,1033.070801,1584.317139,-3853.907227,995.241272,1495.468994,-3785.993652,1025.266113,1628.733643,-3828.963867,2616.273926,1567.772949,-3159.790771,,,,,,,,,,,,,,,,,,,,,,,,,,,,,,,,,
7567,75.670000,0.000000,0.000000,0.000000,1.000000,0.000000,0.000000,0.000000,57.698101,20.499701,-14.700500,0.047771,-0.013570,0.015998,-15.666301,-52.738201,18.801300,-93.396698,0.129960,17.611099,-0.230547,-0.471693,-0.695249,0.490900,1015.223389,1542.669434,-3826.309082,1011.997681,1461.839233,-3834.992676,1031.734619,1584.541382,-3854.395020,993.916748,1495.764282,-3785.998779,1023.244507,1628.533081,-3829.849121,1011.784302,1461.603638,-3834.848633,1031.837280,1584.594116,-3854.212402,994.158569,1495.891724,-3786.295654,1023.131470,1628.578003,-3829.899902,2616.250488,1567.747192,-3159.793457,,,,,,,,,,,,,,,,,,,,,,,,,,,,,,,,,
7568,75.680000,0.000000,0.000000,0.000000,1.000000,0.000000,0.000000,0.000000,57.698101,20.499701,-14.700500,0.047771,-0.013570,0.015998,-15.666301,-52.738201,18.801300,-93.396698,0.129960,17.611099,-0.230061,-0.473452,-0.694685,0.490233,1013.758057,1542.885010,-3826.794678,1010.628601,1462.027954,-3835.260254,1030.309814,1584.692993,-3854.952393,992.381531,1496.074097,-3786.412109,1021.712280,1628.745728,-3830.553711,1010.250122,1461.877563,-3835.190674,1030.762573,1584.907227,-3854.658936,992.746216,1496.252441,-3786.620361,1021.314270,1628.521118,-3830.690430,2616.303467,1567.726074,-3159.773193,,,,,,,,,,,,,,,,,,,,,,,,,,,,,,,,,
7569,75.690000,0.000000,0.000000,0.000000,1.000000,0.000000,0.000000,0.000000,57.698101,20.499701,-14.700500,0.047771,-0.013570,0.015998,-15.666301,-52.738201,18.801300,-93.396698,0.129960,17.611099,-0.229196,-0.475378,-0.694209,0.489448,1012.143982,1542.968872,-3827.393555,1009.132263,1462.086304,-3835.656738,1028.752197,1584.720215,-3855.601562,990.672119,1496.241333,-3786.964844,1020.019165,1628.827759,-3831.350830,1008.911377,1462.216675,-3835.479736,1028.941284,1584.781372,-3855.520996,990.908752,1496.291626,-3787.225830,1019.806885,1628.579590,-3831.363037,2616.344238,1567.734497,-3159.750732,,,,,,,,,,,,,,,,,,,,,,,,,,,,,,,,,
7570,75.700000,0.000000,0.000000,0.000000,1.000000,0.000000,0.000000,0.000000,57.698101,20.499701,-14.700500,0.047771,-0.013570,0.015998,-15.666301,-52.738201,18.801300,-93.396698,0.129960,17.611099,-0.226477,-0.477523,-0.694904,0.487636,1010.419861,1542.943359,-3828.135254,1007.503540,1462.055664,-3836.382324,1027.235474,1584.687256,-3856.231201,988.645874,1496.227539,-3787.855225,1018.294434,1628.803345,-3832.072021,1007.643005,1462.504639,-3835.838379,1026.892700,1584.559692,-3856.410156,988.609619,1496.004028,-3788.304688,1018.545288,1628.786743,-3831.910400,2616.316895,1567.750854,-3159.770264,,,,,,,,,,,,,,,,,,,,,,,,,,,,,,,,,
7571,75.710000,0.000000,0.000000,0.000000,1.000000,0.000000,0.000000,0.000000,57.698101,20.499701,-14.700500,0.047771,-0.013570,0.015998,-15.666301,-52.738201,18.801300,-93.396698,0.129960,17.611099,-0.226534,-0.477631,-0.694879,0.487539,1008.546143,1542.886353,-3828.885254,1005.621338,1461.996826,-3837.110840,1025.369629,1584.620728,-3856.990967,986.762390,1496.183960,-3788.594727,1016.430969,1628.744385,-3832.844482,1005.940186,1462.394287,-3836.520752,1024.705444,1584.390625,-3857.385254,986.579102,1495.890259,-3789.074707,1016.950134,1628.894043,-3832.527832,2616.301270,1567.785278,-3159.787598,,,,,,,,,,,,,,,,,,,,,,,,,,,,,,,,,
7572,75.720000,0.000000,0.000000,0.000000,1.000000,0.000000,0.000000,0.000000,57.698101,20.499701,-14.700500,0.047771,-0.013570,0.015998,-15.666301,-52.738201,18.801300,-93.396698,0.129960,17.611099,-0.228405,-0.476201,-0.694871,0.488076,1006.762024,1542.939453,-3829.483887,1003.664124,1462.058228,-3837.728027,1023.528809,1584.656616,-3857.648926,985.081726,1496.257568,-3789.114014,1014.773499,1628.785645,-3833.445068,1003.886353,1462.230103,-3837.295410,1022.980713,1584.517944,-3857.890869,984.957092,1496.079956,-3789.537598,1015.187012,1628.921631,-3833.226074,2616.287354,1567.754517,-3159.782471,,,,,,,,,,,,,,,,,,,,,,,,,,,,,,,,,
7573,75.730000,0.000000,0.000000,0.000000,1.000000,0.000000,0.000000,0.000000,57.698101,20.499701,-14.700500,0.047771,-0.013570,0.015998,-15.666301,-52.738201,18.801300,-93.396698,0.129960,17.611099,-0.231060,-0.474943,-0.693780,0.489602,1005.120850,1543.045410,-3830.072266,1001.973267,1462.154175,-3838.198975,1021.690125,1584.730469,-3858.400879,983.722412,1496.409668,-3789.498779,1013.097534,1628.887573,-3834.189941,1001.892700,1462.052734,-3838.067139,1021.694092,1584.747559,-3858.360596,983.850830,1496.543457,-3789.741211,1013.060547,1628.851196,-3834.149902,2616.287109,1567.725830,-3159.775391,,,,,,,,,,,,,,,,,,,,,,,,,,,,,,,,,
7574,75.740000,0.000000,0.000000,0.000000,1.000000,0.000000,0.000000,0.000000,57.698101,20.499701,-14.700500,0.047771,-0.013570,0.015998,-15.666301,-52.738201,18.801300,-93.396698,0.129960,17.611099,-0.231148,-0.475566,-0.693176,0.489811,1003.528687,1543.191406,-3830.653809,1000.469238,1462.285278,-3838.665283,1020.052917,1584.854004,-3859.041992,982.180542,1496.590454,-3790.014160,1011.412048,1629.036133,-3834.894287,1000.207520,1462.204468,-3838.630371,1020.365479,1584.926758,-3858.856934,982.472046,1496.821045,-3790.192627,1011.090271,1628.822021,-3834.943115,2616.291748,1567.747559,-3159.762939,,,,,,,,,,,,,,,,,,,,,,,,,,,,,,,,,
7575,75.750000,0.000000,0.000000,0.000000,1.000000,0.000000,0.000000,0.000000,57.698101,20.499701,-14.700500,0.047771,-0.013570,0.015998,-15.666301,-52.738201,18.801300,-93.396698,0.129960,17.611099,-0.229133,-0.477557,-0.692853,0.489278,1001.978271,1543.391357,-3831.204834,999.154663,1462.467407,-3839.122803,1018.546692,1585.055786,-3859.564453,980.535339,1496.793091,-3790.612061,1009.676208,1629.249146,-3835.520508,998.903015,1462.596069,-3838.985596,1018.800598,1585.162598,-3859.432129,980.783569,1496.837524,-3790.823730,1009.409424,1628.947632,-3835.586426,2616.283203,1567.742188,-3159.781006,,,,,,,,,,,,,,,,,,,,,,,,,,,,,,,,,
7576,75.760000,0.000000,0.000000,0.000000,1.000000,0.000000,0.000000,0.000000,57.698101,20.499701,-14.700500,0.047771,-0.013570,0.015998,-15.666301,-52.738201,18.801300,-93.396698,0.129960,17.611099,-0.229925,-0.476106,-0.693454,0.489468,1000.250916,1543.557617,-3831.755127,997.266785,1462.654053,-3839.819336,1016.823547,1585.247070,-3860.075684,978.824951,1496.919922,-3791.198730,1008.088440,1629.409912,-3835.926514,997.366272,1462.780151,-3839.489502,1016.567444,1585.155518,-3860.301270,978.772766,1496.786377,-3791.500244,1008.291138,1629.507568,-3835.730957,2616.327881,1567.738403,-3159.775146,,,,,,,,,,,,,,,,,,,,,,,,,,,,,,,,,
7577,75.770000,0.000000,0.000000,0.000000,1.000000,0.000000,0.000000,0.000000,57.698101,20.499701,-14.700500,0.047771,-0.013570,0.015998,-15.666301,-52.738201,18.801300,-93.396698,0.129960,17.611099,-0.227291,-0.478559,-0.693046,0.488884,998.402222,1543.658813,-3832.400146,995.730469,1462.734253,-3840.362793,1015.022156,1585.359863,-3860.675781,976.866394,1497.011841,-3791.912598,1005.990051,1629.529785,-3836.649170,996.065063,1463.074341,-3839.922363,1014.400269,1585.144043,-3861.082031,976.644043,1496.744263,-3792.230225,1006.489624,1629.690552,-3836.352783,2616.307617,1567.716797,-3159.778320,,,,,,,,,,,,,,,,,,,,,,,,,,,,,,,,,
7578,75.780000,0.000000,0.000000,0.000000,1.000000,0.000000,0.000000,0.000000,57.698101,20.499701,-14.700500,0.047771,-0.013570,0.015998,-15.666301,-52.738201,18.801300,-93.396698,0.129960,17.611099,-0.227244,-0.477721,-0.693576,0.488974,996.445435,1543.675293,-3833.174805,993.709717,1462.766724,-3841.277832,1013.078796,1585.413696,-3861.387207,974.899780,1496.973022,-3792.756104,1004.093262,1629.548096,-3837.277344,994.011108,1462.960938,-3840.908936,1012.467163,1585.137085,-3861.804199,974.708557,1496.835083,-3793.068848,1004.549133,1629.750610,-3836.935059,2616.275879,1567.740479,-3159.777832,,,,,,,,,,,,,,,,,,,,,,,,,,,,,,,,,
7579,75.790000,0.000000,0.000000,0.000000,1.000000,0.000000,0.000000,0.000000,57.698101,20.499701,-14.700500,0.047771,-0.013570,0.015998,-15.666301,-52.738201,18.801300,-93.396698,0.129960,17.611099,-0.229139,-0.475331,-0.693665,0.490290,994.651184,1543.713135,-3833.866455,991.771423,1462.825317,-3842.125732,1011.158325,1585.492798,-3862.091797,973.301514,1496.948853,-3793.415527,1002.373474,1629.585571,-3837.832520,991.738892,1462.853760,-3841.937988,1011.112183,1585.461060,-3862.136719,973.376343,1496.988037,-3793.667236,1002.385498,1629.557617,-3837.740234,2616.292480,1567.743896,-3159.774902,,,,,,,,,,,,,,,,,,,,,,,,,,,,,,,,,
7580,75.800000,0.000000,0.000000,0.000000,1.000000,0.000000,0.000000,0.000000,57.698101,20.499701,-14.700500,0.047771,-0.013570,0.015998,-15.666301,-52.738201,18.801300,-93.396698,0.129960,17.611099,-0.232036,-0.472238,-0.692690,0.493286,993.053772,1543.917725,-3834.357422,990.163940,1463.043091,-3842.740234,1009.229187,1585.766602,-3862.672607,972.167297,1497.056885,-3793.776855,1000.654724,1629.804810,-3838.240234,989.871216,1462.850708,-3842.698486,1009.557739,1585.927368,-3862.450928,972.454041,1497.252808,-3793.945801,1000.357971,1629.654053,-3838.327393,2616.268066,1567.723755,-3159.782471,,,,,,,,,,,,,,,,,,,,,,,,,,,,,,,,,
7581,75.810000,0.000000,0.000000,0.000000,1.000000,0.000000,0.000000,0.000000,57.698101,20.499701,-14.700500,0.047771,-0.013570,0.015998,-15.666301,-52.738201,18.801300,-93.396698,0.129960,17.611099,-0.233051,-0.471116,-0.691867,0.495032,991.507874,1544.223633,-3834.780762,988.721497,1463.348877,-3843.197998,1007.481079,1586.117188,-3863.144287,970.888123,1497.302612,-3794.133301,998.940735,1630.126221,-3838.647217,988.527161,1463.206421,-3843.080566,1007.665527,1586.280273,-3863.076660,971.060791,1497.369995,-3794.298340,998.784180,1630.040894,-3838.664307,2616.291260,1567.755737,-3159.770752,,,,,,,,,,,,,,,,,,,,,,,,,,,,,,,,,
7582,75.820000,0.000000,0.000000,0.000000,1.000000,0.000000,0.000000,0.000000,57.698101,20.499701,-14.700500,0.047771,-0.013570,0.015998,-15.666301,-52.738201,18.801300,-93.396698,0.129960,17.611099,-0.235682,-0.469064,-0.691061,0.496857,989.747925,1544.398071,-3835.445068,986.887024,1463.526367,-3843.866943,1005.505188,1586.299072,-3863.918213,969.439148,1497.466064,-3794.654053,997.160400,1630.301025,-3839.341064,986.986328,1463.449219,-3843.715576,1005.314209,1586.183472,-3864.134033,969.384521,1497.515869,-3794.815186,997.302490,1630.444580,-3839.113525,2616.266846,1567.729858,-3159.776855,,,,,,,,,,,,,,,,,,,,,,,,,,,,,,,,,
7583,75.830000,0.000000,0.000000,0.000000,1.000000,0.000000,0.000000,0.000000,57.698101,20.499701,-14.700500,0.047771,-0.013570,0.015998,-15.666301,-52.738201,18.801300,-93.396698,0.129960,17.611099,-0.231323,-0.472167,-0.691586,0.495235,987.798523,1544.413574,-3836.195068,985.254883,1463.532349,-3844.627686,1003.747681,1586.352173,-3864.505371,967.178101,1497.433838,-3795.615723,995.013367,1630.336060,-3840.031250,985.539124,1463.765015,-3844.273926,1003.201965,1586.082764,-3864.882080,966.989563,1497.249023,-3795.899170,995.434875,1630.550293,-3839.735107,2616.322021,1567.760010,-3159.770020,,,,,,,,,,,,,,,,,,,,,,,,,,,,,,,,,
7584,75.840000,0.000000,0.000000,0.000000,1.000000,0.000000,0.000000,0.000000,57.698101,20.499701,-14.700500,0.047771,-0.013570,0.015998,-15.666301,-52.738201,18.801300,-93.396698,0.129960,17.611099,-0.227877,-0.474534,-0.692130,0.493808,985.855225,1544.406982,-3836.943115,983.533691,1463.521362,-3845.396240,1001.973267,1586.375000,-3865.114258,964.968506,1497.389404,-3796.544434,992.945374,1630.342651,-3840.717529,983.758484,1463.858887,-3844.995361,1001.519470,1586.224121,-3865.328125,964.831848,1497.128784,-3796.865723,993.307251,1630.438477,-3840.560303,2616.281982,1567.768677,-3159.777100,,,,,,,,,,,,,,,,,,,,,,,,,,,,,,,,,
7585,75.850000,0.000000,0.000000,0.000000,1.000000,0.000000,0.000000,0.000000,57.698101,20.499701,-14.700500,0.047771,-0.013570,0.015998,-15.666301,-52.738201,18.801300,-93.396698,0.129960,17.611099,-0.228935,-0.473149,-0.692707,0.493837,984.059692,1544.431641,-3837.608398,981.540894,1463.563477,-3846.171143,1000.195496,1586.405151,-3865.760986,963.176086,1497.401367,-3797.222656,991.326233,1630.357178,-3841.278320,981.493652,1463.659912,-3845.907715,1000.108582,1586.503662,-3865.732666,963.239624,1497.260986,-3797.500000,991.397400,1630.297119,-3841.299072,2616.283936,1567.744385,-3159.782959,,,,,,,,,,,,,,,,,,,,,,,,,,,,,,,,,
7586,75.860000,0.000000,0.000000,0.000000,1.000000,0.000000,0.000000,0.000000,57.698101,20.499701,-14.700500,0.047771,-0.013570,0.015998,-15.666301,-52.738201,18.801300,-93.396698,0.129960,17.611099,-0.233858,-0.469486,-0.691664,0.496482,982.342041,1544.469116,-3838.203125,979.575745,1463.609009,-3846.765869,998.167664,1586.428589,-3866.552002,961.924927,1497.454956,-3797.561035,989.699890,1630.384033,-3841.933838,979.320801,1463.471313,-3846.750732,998.459167,1586.623047,-3866.291504,962.162415,1497.588135,-3797.675537,989.442383,1630.204956,-3842.078125,2616.300293,1567.721313,-3159.772217,,,,,,,,,,,,,,,,,,,,,,,,,,,,,,,,,
7587,75.870000,0.000000,0.000000,0.000000,1.000000,0.000000,0.000000,0.000000,57.698101,20.499701,-14.700500,0.047771,-0.013570,0.015998,-15.666301,-52.738201,18.801300,-93.396698,0.129960,17.611099,-0.236752,-0.466553,-0.691432,0.498196,980.778015,1544.533691,-3838.714111,977.816895,1463.692993,-3847.395020,996.421021,1586.519897,-3867.124512,960.642151,1497.477905,-3797.979980,988.231934,1630.444336,-3842.356689,977.649170,1463.381470,-3847.409668,996.567200,1586.595703,-3866.968750,960.806824,1497.683228,-3798.081787,988.090271,1630.455444,-3842.400146,2616.280273,1567.730225,-3159.774170,,,,,,,,,,,,,,,,,,,,,,,,,,,,,,,,,
7588,75.880000,0.000000,0.000000,0.000000,1.000000,0.000000,0.000000,0.000000,57.698101,20.499701,-14.700500,0.047771,-0.013570,0.015998,-15.666301,-52.738201,18.801300,-93.396698,0.129960,17.611099,-0.236778,-0.466185,-0.691299,0.498712,979.073120,1544.546021,-3839.295654,976.156067,1463.708618,-3848.022461,994.662048,1586.559570,-3867.695557,959.006287,1497.452637,-3798.570801,986.468018,1630.463501,-3842.893311,976.337036,1463.622803,-3847.809570,994.281982,1586.348877,-3867.936523,958.904297,1497.485596,-3798.811768,986.759583,1630.731689,-3842.616455,2616.277832,1567.740234,-3159.781982,,,,,,,,,,,,,,,,,,,,,,,,,,,,,,,,,
7589,75.890000,0.000000,0.000000,0.000000,1.000000,0.000000,0.000000,0.000000,57.698101,20.499701,-14.700500,0.047771,-0.013570,0.015998,-15.666301,-52.738201,18.801300,-93.396698,0.129960,17.611099,-0.234601,-0.468604,-0.690736,0.498254,977.114990,1544.490723,-3839.960205,974.497192,1463.628174,-3848.547607,992.732056,1586.498291,-3868.353271,956.966980,1497.412842,-3799.257324,984.263611,1630.423828,-3843.681885,974.761414,1463.876221,-3848.167969,992.205383,1586.245728,-3868.692383,956.818604,1497.305176,-3799.596191,984.639648,1630.523926,-3843.386719,2616.268555,1567.768921,-3159.798584,,,,,,,,,,,,,,,,,,,,,,,,,,,,,,,,,
7590,75.900000,0.000000,0.000000,0.000000,1.000000,0.000000,0.000000,0.000000,57.698101,20.499701,-14.700500,0.047771,-0.013570,0.015998,-15.666301,-52.738201,18.801300,-93.396698,0.129960,17.611099,-0.230521,-0.472132,-0.691136,0.496268,975.167603,1544.432861,-3840.604980,972.834534,1463.552979,-3849.109619,991.003784,1586.438477,-3868.879639,954.674683,1497.362915,-3800.065430,982.157227,1630.377441,-3844.365234,973.033081,1464.085327,-3848.576416,990.652832,1586.380859,-3869.123535,954.571655,1497.086792,-3800.419678,982.439270,1630.294800,-3844.199219,2616.270020,1567.751099,-3159.791504,,,,,,,,,,,,,,,,,,,,,,,,,,,,,,,,,
7591,75.910000,0.000000,0.000000,0.000000,1.000000,0.000000,0.000000,0.000000,57.698101,20.499701,-14.700500,0.047771,-0.013570,0.015998,-15.666301,-52.738201,18.801300,-93.396698,0.129960,17.611099,-0.231729,-0.470923,-0.691155,0.496828,973.355225,1544.493164,-3841.091309,970.917114,1463.621826,-3849.648682,989.135193,1586.505005,-3869.388184,952.955383,1497.412231,-3800.518066,980.413208,1630.433960,-3844.811035,970.765564,1463.785278,-3849.423584,989.221375,1586.626221,-3869.355225,953.085022,1497.278076,-3800.731689,980.343079,1630.287231,-3844.850830,2616.280273,1567.752197,-3159.774902,,,,,,,,,,,,,,,,,,,,,,,,,,,,,,,,,
7592,75.920000,0.000000,0.000000,0.000000,1.000000,0.000000,0.000000,0.000000,57.698101,20.499701,-14.700500,0.047771,-0.013570,0.015998,-15.666301,-52.738201,18.801300,-93.396698,0.129960,17.611099,-0.234824,-0.467219,-0.691612,0.498234,971.767090,1544.609375,-3841.490479,968.996155,1463.773315,-3850.276855,987.422424,1586.660400,-3869.798340,951.587402,1497.465332,-3800.880127,979.062317,1630.538818,-3845.006348,968.667603,1463.511841,-3850.198975,987.765503,1586.885620,-3869.567871,951.852173,1497.546631,-3801.039307,978.788757,1630.493652,-3845.131592,2616.302246,1567.730713,-3159.772949,,,,,,,,,,,,,,,,,,,,,,,,,,,,,,,,,
7593,75.930000,0.000000,0.000000,0.000000,1.000000,0.000000,0.000000,0.000000,57.698101,20.499701,-14.700500,0.047771,-0.013570,0.015998,-15.666301,-52.738201,18.801300,-93.396698,0.129960,17.611099,-0.238807,-0.463986,-0.690921,0.500317,970.057129,1544.557861,-3841.981934,967.054260,1463.733887,-3850.804199,985.470520,1586.606445,-3870.425537,950.246460,1497.413086,-3801.191162,977.457275,1630.477905,-3845.506592,967.034912,1463.493408,-3850.581787,985.383362,1586.474976,-3870.518799,950.335632,1497.608887,-3801.555176,977.488953,1630.675537,-3845.288086,2616.300293,1567.689087,-3159.765625,,,,,,,,,,,,,,,,,,,,,,,,,,,,,,,,,
7594,75.940000,0.000000,0.000000,0.000000,1.000000,0.000000,0.000000,0.000000,57.698101,20.499701,-14.700500,0.047771,-0.013570,0.015998,-15.666301,-52.738201,18.801300,-93.396698,0.129960,17.611099,-0.233542,-0.469894,-0.689458,0.499306,968.308899,1544.467041,-3842.437988,966.050781,1463.581787,-3850.912598,983.777283,1586.501221,-3870.873535,948.317261,1497.360718,-3801.691406,975.090271,1630.424805,-3846.274658,966.327759,1463.878174,-3850.384521,983.167542,1586.172241,-3871.248047,948.209473,1497.356934,-3802.241211,975.475586,1630.444214,-3845.889893,2616.316162,1567.706421,-3159.766357,,,,,,,,,,,,,,,,,,,,,,,,,,,,,,,,,
7595,75.950000,0.000000,0.000000,0.000000,1.000000,0.000000,0.000000,0.000000,57.698101,20.499701,-14.700500,0.047771,-0.013570,0.015998,-15.666301,-52.738201,18.801300,-93.396698,0.129960,17.611099,-0.229878,-0.472786,-0.689749,0.497871,966.451904,1544.417603,-3842.973145,964.477783,1463.520874,-3851.408936,982.081543,1586.470337,-3871.292480,946.195984,1497.290039,-3802.381836,973.052185,1630.389404,-3846.809326,964.809570,1463.940308,-3850.804443,981.425781,1586.218140,-3871.623535,946.060059,1497.182495,-3802.906982,973.498718,1630.374146,-3846.490479,2616.278564,1567.725220,-3159.770264,,,,,,,,,,,,,,,,,,,,,,,,,,,,,,,,,
7596,75.960000,0.000000,0.000000,0.000000,1.000000,0.000000,0.000000,0.000000,57.698101,20.499701,-14.700500,0.047771,-0.013570,0.015998,-15.666301,-52.738201,18.801300,-93.396698,0.129960,17.611099,-0.226165,-0.475467,-0.690212,0.496375,964.781250,1544.439697,-3843.406006,963.065979,1463.536743,-3851.838867,980.583679,1586.520142,-3871.587646,944.248352,1497.276855,-3802.994873,971.226868,1630.425049,-3847.202148,963.062805,1463.825806,-3851.393066,980.383972,1586.624390,-3871.600586,944.293091,1497.042358,-3803.424316,971.391602,1630.282471,-3847.193848,2616.269531,1567.756592,-3159.783447,,,,,,,,,,,,,,,,,,,,,,,,,,,,,,,,,
7597,75.970000,0.000000,0.000000,0.000000,1.000000,0.000000,0.000000,0.000000,57.698101,20.499701,-14.700500,0.047771,-0.013570,0.015998,-15.666301,-52.738201,18.801300,-93.396698,0.129960,17.611099,-0.229597,-0.471901,-0.690657,0.497581,963.195679,1544.410400,-3843.902588,961.106262,1463.535522,-3852.518799,978.891785,1586.503418,-3872.125244,942.863525,1497.221680,-3803.420410,969.921143,1630.380981,-3847.545898,960.792725,1463.392456,-3852.302490,979.161987,1586.814819,-3871.950439,943.107239,1497.112671,-3803.651367,969.740540,1630.335938,-3847.677734,2616.258301,1567.730591,-3159.781494,,,,,,,,,,,,,,,,,,,,,,,,,,,,,,,,,
7598,75.980000,0.000000,0.000000,0.000000,1.000000,0.000000,0.000000,0.000000,57.698101,20.499701,-14.700500,0.047771,-0.013570,0.015998,-15.666301,-52.738201,18.801300,-93.396698,0.129960,17.611099,-0.236316,-0.466415,-0.690376,0.499992,961.818604,1544.440308,-3844.288330,959.156006,1463.593018,-3853.003906,977.250061,1586.500610,-3872.705078,941.935120,1497.286865,-3803.542969,968.933105,1630.380737,-3847.901367,958.952148,1463.282104,-3852.837891,977.380676,1586.571655,-3872.660889,942.096802,1497.298706,-3803.749268,968.817749,1630.565552,-3847.895752,2616.288086,1567.752319,-3159.779297,,,,,,,,,,,,,,,,,,,,,,,,,,,,,,,,,
7599,75.990000,0.000000,0.000000,0.000000,1.000000,0.000000,0.000000,0.000000,57.698101,20.499701,-14.700500,0.047771,-0.013570,0.015998,-15.666301,-52.738201,18.801300,-93.396698,0.129960,17.611099,-0.238885,-0.465463,-0.689136,0.501367,960.403931,1544.382324,-3844.718262,957.709961,1463.518921,-3853.274414,975.641602,1586.397095,-3873.306396,940.794312,1497.295166,-3803.764160,967.469727,1630.318359,-3848.527588,957.743958,1463.439697,-3853.146973,975.531006,1586.202637,-3873.421143,940.808594,1497.386108,-3803.963135,967.528931,1630.505737,-3848.343506,2616.277100,1567.757080,-3159.780762,,,,,,,,,,,,,,,,,,,,,,,,,,,,,,,,,
7600,76.000000,0.000000,0.000000,0.000000,1.000000,0.000000,0.000000,0.000000,57.698101,20.499701,-14.700500,0.047771,-0.013570,0.015998,-15.666301,-52.738201,18.801300,-93.396698,0.129960,17.611099,-0.236281,-0.468473,-0.688776,0.500292,958.838989,1544.250854,-3845.258057,956.429749,1463.360352,-3853.640137,974.174133,1586.239258,-3873.832764,939.053955,1497.207397,-3804.337891,965.698181,1630.196655,-3849.220947,956.639954,1463.567993,-3853.406982,973.756531,1585.868530,-3874.103027,938.946106,1497.181519,-3804.578857,965.964844,1630.336182,-3848.961426,2616.263672,1567.762817,-3159.799072,,,,,,,,,,,,,,,,,,,,,,,,,,,,,,,,,
7601,76.010000,0.000000,0.000000,0.000000,1.000000,0.000000,0.000000,0.000000,57.698101,20.499701,-14.700500,0.047771,-0.013570,0.015998,-15.666301,-52.738201,18.801300,-93.396698,0.129960,17.611099,-0.231407,-0.473238,-0.689121,0.497604,957.334290,1544.098145,-3845.828857,955.266724,1463.179565,-3854.029297,972.957031,1586.054321,-3874.294678,937.101074,1497.106812,-3805.068604,964.012268,1630.052246,-3849.922119,955.543457,1463.563354,-3853.684082,972.481812,1585.792358,-3874.580566,936.947021,1496.947998,-3805.333984,964.359863,1630.114990,-3849.692627,2616.281494,1567.765259,-3159.779053,,,,,,,,,,,,,,,,,,,,,,,,,,,,,,,,,
7602,76.020000,0.000000,0.000000,0.000000,1.000000,0.000000,0.000000,0.000000,57.698101,20.499701,-14.700500,0.047771,-0.013570,0.015998,-15.666301,-52.738201,18.801300,-93.396698,0.129960,17.611099,-0.227771,-0.476420,-0.690104,0.494875,955.938416,1543.959473,-3846.418945,953.976501,1463.031616,-3854.553223,971.872314,1585.887207,-3874.754150,935.257263,1497.009399,-3805.836182,962.647461,1629.910156,-3850.531738,954.140625,1463.327637,-3854.245605,971.570984,1585.867432,-3874.944092,935.144958,1496.798096,-3806.048584,962.901123,1629.873901,-3850.414551,2616.246094,1567.746216,-3159.786865,,,,,,,,,,,,,,,,,,,,,,,,,,,,,,,,,
7603,76.030000,0.000000,0.000000,0.000000,1.000000,0.000000,0.000000,0.000000,57.698101,20.499701,-14.700500,0.047771,-0.013570,0.015998,-15.666301,-52.738201,18.801300,-93.396698,0.129960,17.611099,-0.227622,-0.476758,-0.690658,0.493844,954.588867,1543.832886,-3846.981934,952.505859,1462.906250,-3855.098877,970.643311,1585.726440,-3875.299805,933.757141,1496.927979,-3806.424072,961.449158,1629.771118,-3851.105225,952.505859,1463.054443,-3854.883301,970.544189,1585.854370,-3875.327881,933.767273,1496.809082,-3806.608887,961.539917,1629.616821,-3851.100586,2616.301270,1567.732056,-3159.775635,,,,,,,,,,,,,,,,,,,,,,,,,,,,,,,,,
7604,76.040000,0.000000,0.000000,0.000000,1.000000,0.000000,0.000000,0.000000,57.698101,20.499701,-14.700500,0.047771,-0.013570,0.015998,-15.666301,-52.738201,18.801300,-93.396698,0.129960,17.611099,-0.230361,-0.475059,-0.690266,0.494758,953.399536,1543.763184,-3847.471436,951.123291,1462.837769,-3855.548584,969.341858,1585.619873,-3875.906738,932.750977,1496.907104,-3806.763672,960.381897,1629.687988,-3851.666992,950.933167,1462.826904,-3855.443604,969.519287,1585.812866,-3875.767822,932.922974,1496.924561,-3806.911377,960.223633,1629.489014,-3851.760010,2616.304199,1567.723511,-3159.758789,,,,,,,,,,,,,,,,,,,,,,,,,,,,,,,,,
7605,76.050000,0.000000,0.000000,0.000000,1.000000,0.000000,0.000000,0.000000,57.698101,20.499701,-14.700500,0.047771,-0.013570,0.015998,-15.666301,-52.738201,18.801300,-93.396698,0.129960,17.611099,-0.233229,-0.473086,-0.690026,0.495639,952.456482,1543.809814,-3847.842773,949.948425,1462.890137,-3855.908691,968.294678,1585.633789,-3876.384277,931.985413,1496.995972,-3806.996826,959.597290,1629.719482,-3852.081055,949.619507,1462.707886,-3855.900391,968.710144,1585.872681,-3876.114014,932.251282,1497.092285,-3807.083984,959.262024,1629.580200,-3852.245605,2616.299561,1567.729980,-3159.766113,,,,,,,,,,,,,,,,,,,,,,,,,,,,,,,,,
7606,76.060000,0.000000,0.000000,0.000000,1.000000,0.000000,0.000000,0.000000,57.698101,20.499701,-14.700500,0.047771,-0.013570,0.015998,-15.666301,-52.738201,18.801300,-93.396698,0.129960,17.611099,-0.235360,-0.471734,-0.689819,0.496209,951.466125,1543.795288,-3848.286377,948.784607,1462.878540,-3856.325195,967.233032,1585.588135,-3876.913086,931.118774,1497.022461,-3807.332031,958.728149,1629.692383,-3852.575195,948.601868,1462.586548,-3856.326660,967.413757,1585.675903,-3876.786865,931.261780,1497.120117,-3807.396240,958.575073,1629.770752,-3852.631592,2616.299561,1567.764648,-3159.771973,,,,,,,,,,,,,,,,,,,,,,,,,,,,,,,,,
7607,76.070000,0.000000,0.000000,0.000000,1.000000,0.000000,0.000000,0.000000,57.698101,20.499701,-14.700500,0.047771,-0.013570,0.015998,-15.666301,-52.738201,18.801300,-93.396698,0.129960,17.611099,-0.234377,-0.473695,-0.689030,0.495901,950.508118,1543.776978,-3848.775391,948.030884,1462.833618,-3856.610596,966.274963,1585.529541,-3877.460449,930.132019,1497.066650,-3807.764160,957.594543,1629.678467,-3853.266357,948.031433,1462.650635,-3856.517578,966.202881,1585.510742,-3877.457520,930.160217,1497.135254,-3807.910400,957.643188,1629.805054,-3853.214355,2616.302002,1567.757568,-3159.771240,,,,,,,,,,,,,,,,,,,,,,,,,,,,,,,,,
7608,76.080000,0.000000,0.000000,0.000000,1.000000,0.000000,0.000000,0.000000,57.698101,20.499701,-14.700500,0.047771,-0.013570,0.015998,-15.666301,-52.738201,18.801300,-93.396698,0.129960,17.611099,-0.233325,-0.475470,-0.688606,0.495287,949.538025,1543.740112,-3849.281982,947.202271,1462.777222,-3856.956543,965.349487,1585.454834,-3877.997803,929.080017,1497.086914,-3808.246338,956.520386,1629.641846,-3853.927246,947.298706,1462.666016,-3856.759277,965.109253,1585.370605,-3878.119141,929.040283,1497.112549,-3808.480225,956.705383,1629.815552,-3853.764893,2616.324463,1567.788452,-3159.772949,,,,,,,,,,,,,,,,,,,,,,,,,,,,,,,,,
7609,76.090000,0.000000,0.000000,0.000000,1.000000,0.000000,0.000000,0.000000,57.698101,20.499701,-14.700500,0.047771,-0.013570,0.015998,-15.666301,-52.738201,18.801300,-93.396698,0.129960,17.611099,-0.232398,-0.477120,-0.688494,0.494292,948.486938,1543.640015,-3849.904053,946.211792,1462.661621,-3857.431396,964.391357,1585.305542,-3878.639648,927.890991,1497.057739,-3808.856689,955.453491,1629.535400,-3854.688232,946.381531,1462.619751,-3857.201660,964.034424,1585.185181,-3878.853516,927.782837,1497.004639,-3809.077393,955.749817,1629.762939,-3854.476562,2616.270996,1567.728516,-3159.778564,,,,,,,,,,,,,,,,,,,,,,,,,,,,,,,,,
7610,76.100000,0.000000,0.000000,0.000000,1.000000,0.000000,0.000000,0.000000,57.698101,20.499701,-14.700500,0.047771,-0.013570,0.015998,-15.666301,-52.738201,18.801300,-93.396698,0.129960,17.611099,-0.229434,-0.480512,-0.688648,0.492171,947.493408,1543.543823,-3850.538086,945.397034,1462.543213,-3857.877197,963.616028,1585.156616,-3879.228516,926.568665,1497.039673,-3809.568359,954.391968,1629.435913,-3855.477783,945.662354,1462.665527,-3857.508301,963.073730,1584.988647,-3879.575684,926.386597,1496.850952,-3809.869873,954.837769,1629.677856,-3855.198242,2616.288574,1567.748779,-3159.781250,,,,,,,,,,,,,,,,,,,,,,,,,,,,,,,,,
7611,76.110000,0.000000,0.000000,0.000000,1.000000,0.000000,0.000000,0.000000,57.698101,20.499701,-14.700500,0.047771,-0.013570,0.015998,-15.666301,-52.738201,18.801300,-93.396698,0.129960,17.611099,-0.227453,-0.483469,-0.688259,0.490737,946.546509,1543.435059,-3851.140869,944.634705,1462.408447,-3858.238281,962.795898,1584.984375,-3879.852051,925.419128,1497.025146,-3810.168701,953.336182,1629.322754,-3856.304688,945.009705,1462.699951,-3857.776855,962.057190,1584.691528,-3880.353760,925.170288,1496.782593,-3810.520996,953.907166,1629.563110,-3855.924561,2616.287598,1567.747559,-3159.784180,,,,,,,,,,,,,,,,,,,,,,,,,,,,,,,,,
7612,76.120000,0.000000,0.000000,0.000000,1.000000,0.000000,0.000000,0.000000,57.698101,20.499701,-14.700500,0.047771,-0.013570,0.015998,-15.666301,-52.738201,18.801300,-93.396698,0.129960,17.611099,-0.225645,-0.485956,-0.688216,0.489172,945.698120,1543.360474,-3851.704102,943.893433,1462.315552,-3858.618652,962.100220,1584.853271,-3880.409912,924.343140,1497.032593,-3810.756836,952.455688,1629.240601,-3857.030518,944.234619,1462.649292,-3858.135010,961.412415,1584.559937,-3880.865967,924.130554,1496.792603,-3811.142822,952.979004,1629.439209,-3856.673828,2616.300781,1567.752563,-3159.777832,,,,,,,,,,,,,,,,,,,,,,,,,,,,,,,,,
7613,76.130000,0.000000,0.000000,0.000000,1.000000,0.000000,0.000000,0.000000,57.698101,20.499701,-14.700500,0.047771,-0.013570,0.015998,-15.666301,-52.738201,18.801300,-93.396698,0.129960,17.611099,-0.224801,-0.486878,-0.688789,0.487836,944.832336,1543.284058,-3852.260498,942.958374,1462.237915,-3859.142334,961.386414,1584.743774,-3880.927002,923.275330,1497.001221,-3811.368408,951.709045,1629.153687,-3857.604492,943.206543,1462.484497,-3858.706055,960.840393,1584.498901,-3881.291992,923.124573,1496.790283,-3811.747803,952.124939,1629.354980,-3857.304932,2616.286621,1567.745850,-3159.783691,,,,,,,,,,,,,,,,,,,,,,,,,,,,,,,,,
7614,76.140000,0.000000,0.000000,0.000000,1.000000,0.000000,0.000000,0.000000,57.698101,20.499701,-14.700500,0.047771,-0.013570,0.015998,-15.666301,-52.738201,18.801300,-93.396698,0.129960,17.611099,-0.223861,-0.487882,-0.689205,0.486677,944.028748,1543.236816,-3852.814209,942.127991,1462.187866,-3859.655273,960.712036,1584.669189,-3881.445068,922.295715,1496.991455,-3811.972900,950.979187,1629.098999,-3858.183105,942.301392,1462.428955,-3859.243408,960.280457,1584.451660,-3881.706299,922.208618,1496.799438,-3812.364502,951.299438,1629.258667,-3857.951416,2616.275391,1567.722290,-3159.771240,,,,,,,,,,,,,,,,,,,,,,,,,,,,,,,,,
7615,76.150000,0.000000,0.000000,0.000000,1.000000,0.000000,0.000000,0.000000,57.698101,20.499701,-14.700500,0.047771,-0.013570,0.015998,-15.666301,-52.738201,18.801300,-93.396698,0.129960,17.611099,-0.223044,-0.488543,-0.689552,0.485896,943.366760,1543.271851,-3853.232910,941.458374,1462.222656,-3860.068848,960.140259,1584.695190,-3881.824219,921.509277,1497.038696,-3812.444092,950.359192,1629.131104,-3858.594238,941.446228,1462.421387,-3859.819336,960.030945,1584.606445,-3881.857910,921.561035,1496.922852,-3812.714844,950.429993,1629.149414,-3858.538818,2616.309082,1567.713623,-3159.766113,,,,,,,,,,,,,,,,,,,,,,,,,,,,,,,,,
7616,76.160000,0.000000,0.000000,0.000000,1.000000,0.000000,0.000000,0.000000,57.698101,20.499701,-14.700500,0.047771,-0.013570,0.015998,-15.666301,-52.738201,18.801300,-93.396698,0.129960,17.611099,-0.222500,-0.489237,-0.689328,0.485766,942.683838,1543.329468,-3853.689941,940.856445,1462.273804,-3860.471436,959.462402,1584.747437,-3882.286133,920.807739,1497.105835,-3812.900391,949.608643,1629.191040,-3859.101807,940.720825,1462.465210,-3860.352539,959.532410,1584.736084,-3882.172363,920.950745,1497.051392,-3813.069336,949.527283,1629.078003,-3859.167480,2616.321289,1567.750488,-3159.758545,,,,,,,,,,,,,,,,,,,,,,,,,,,,,,,,,
7617,76.170000,0.000000,0.000000,0.000000,1.000000,0.000000,0.000000,0.000000,57.698101,20.499701,-14.700500,0.047771,-0.013570,0.015998,-15.666301,-52.738201,18.801300,-93.396698,0.129960,17.611099,-0.223737,-0.488037,-0.689237,0.486533,942.047302,1543.444336,-3854.146484,940.146484,1462.394653,-3860.978271,958.745911,1584.872314,-3882.774658,920.292908,1497.204956,-3813.309570,949.003784,1629.305542,-3859.522949,939.950317,1462.476318,-3860.930176,958.932556,1584.912354,-3882.573486,920.491516,1497.227783,-3813.438477,948.818176,1629.157104,-3859.643311,2616.312500,1567.790161,-3159.782227,,,,,,,,,,,,,,,,,,,,,,,,,,,,,,,,,
7618,76.180000,0.000000,0.000000,0.000000,1.000000,0.000000,0.000000,0.000000,57.698101,20.499701,-14.700500,0.047771,-0.013570,0.015998,-15.666301,-52.738201,18.801300,-93.396698,0.129960,17.611099,-0.224217,-0.487195,-0.689263,0.487119,941.367554,1543.560059,-3854.644531,939.447754,1462.517090,-3861.552002,958.010315,1585.015137,-3883.266113,919.693726,1497.281982,-3813.808594,948.318481,1629.426025,-3859.950928,939.225647,1462.525757,-3861.482666,958.225952,1585.094482,-3883.075684,919.929077,1497.365479,-3813.980469,948.101135,1629.254883,-3860.043701,2616.265381,1567.756348,-3159.787354,,,,,,,,,,,,,,,,,,,,,,,,,,,,,,,,,
7619,76.190000,0.000000,0.000000,0.000000,1.000000,0.000000,0.000000,0.000000,57.698101,20.499701,-14.700500,0.047771,-0.013570,0.015998,-15.666301,-52.738201,18.801300,-93.396698,0.129960,17.611099,-0.223888,-0.487530,-0.688766,0.487637,940.651062,1543.704956,-3855.199463,938.866821,1462.656372,-3862.075439,957.226135,1585.176636,-3883.836426,919.052246,1497.406860,-3814.346680,947.458984,1629.580322,-3860.539551,938.631958,1462.630249,-3861.975830,957.443909,1585.313232,-3883.657715,919.303406,1497.516846,-3814.555420,947.237366,1629.361328,-3860.617676,2616.286377,1567.774902,-3159.784912,,,,,,,,,,,,,,,,,,,,,,,,,,,,,,,,,
7620,76.200000,0.000000,0.000000,0.000000,1.000000,0.000000,0.000000,0.000000,57.698101,20.499701,-14.700500,0.047771,-0.013570,0.015998,-15.666301,-52.738201,18.801300,-93.396698,0.129960,17.611099,-0.223187,-0.487929,-0.688637,0.487742,939.914429,1543.939087,-3855.833008,938.230225,1462.888794,-3862.715576,956.476685,1585.431152,-3884.447998,918.319336,1497.614258,-3815.008545,946.631348,1629.822510,-3861.160156,938.006531,1462.752563,-3862.648193,956.696838,1585.558105,-3884.289307,918.614868,1497.947021,-3815.260742,946.363647,1629.523926,-3861.166504,2616.282715,1567.750610,-3159.791016,,,,,,,,,,,,,,,,,,,,,,,,,,,,,,,,,
7621,76.210000,0.000000,0.000000,0.000000,1.000000,0.000000,0.000000,0.000000,57.698101,20.499701,-14.700500,0.047771,-0.013570,0.015998,-15.666301,-52.738201,18.801300,-93.396698,0.129960,17.611099,-0.222641,-0.487376,-0.689067,0.487937,939.195129,1544.152344,-3856.462158,937.523376,1463.114502,-3863.490723,955.757996,1585.697998,-3884.998779,917.597595,1497.751221,-3815.725830,945.901672,1630.046143,-3861.633301,937.328796,1462.906006,-3863.430420,955.927185,1585.812866,-3884.862061,917.884155,1498.172485,-3815.997803,945.669434,1629.768799,-3861.605957,2616.268311,1567.741577,-3159.791992,,,,,,,,,,,,,,,,,,,,,,,,,,,,,,,,,
7622,76.220000,0.000000,0.000000,0.000000,1.000000,0.000000,0.000000,0.000000,57.698101,20.499701,-14.700500,0.047771,-0.013570,0.015998,-15.666301,-52.738201,18.801300,-93.396698,0.129960,17.611099,-0.221978,-0.486450,-0.689823,0.488094,938.519470,1544.326416,-3857.142334,936.825745,1463.308472,-3864.392822,955.099731,1585.945068,-3885.562500,916.900696,1497.820435,-3816.537109,945.251709,1630.231934,-3862.077393,936.565796,1462.950928,-3864.372803,955.338989,1586.102783,-3885.348877,917.199036,1498.195068,-3816.746826,944.998230,1630.079590,-3862.118408,2616.273438,1567.748779,-3159.781982,,,,,,,,,,,,,,,,,,,,,,,,,,,,,,,,,
7623,76.230000,0.000000,0.000000,0.000000,1.000000,0.000000,0.000000,0.000000,57.698101,20.499701,-14.700500,0.047771,-0.013570,0.015998,-15.666301,-52.738201,18.801300,-93.396698,0.129960,17.611099,-0.221783,-0.485216,-0.689995,0.489168,937.864258,1544.446899,-3857.835693,936.234009,1463.446045,-3865.288330,954.350586,1586.153442,-3886.181641,916.367188,1497.817383,-3817.307373,944.505066,1630.371216,-3862.565674,935.985779,1463.086060,-3865.252441,954.576599,1586.293091,-3886.016846,916.597229,1498.022705,-3817.458252,944.298401,1630.363892,-3862.613281,2616.294434,1567.752319,-3159.784912,,,,,,,,,,,,,,,,,,,,,,,,,,,,,,,,,
7624,76.240000,0.000000,0.000000,0.000000,1.000000,0.000000,0.000000,0.000000,57.698101,20.499701,-14.700500,0.047771,-0.013570,0.015998,-15.666301,-52.738201,18.801300,-93.396698,0.129960,17.611099,-0.222682,-0.482543,-0.690656,0.490468,937.115845,1544.610596,-3858.758789,935.375183,1463.641846,-3866.529297,953.503723,1586.416138,-3887.015625,915.771606,1497.837524,-3818.314941,943.812866,1630.547119,-3863.174561,935.153931,1463.264771,-3866.518799,953.716064,1586.498901,-3886.899414,915.959473,1498.008545,-3818.417480,943.618408,1630.628540,-3863.198730,2616.297363,1567.734619,-3159.778564,,,,,,,,,,,,,,,,,,,,,,,,,,,,,,,,,
7625,76.250000,0.000000,0.000000,0.000000,1.000000,0.000000,0.000000,0.000000,57.698101,20.499701,-14.700500,0.047771,-0.013570,0.015998,-15.666301,-52.738201,18.801300,-93.396698,0.129960,17.611099,-0.223139,-0.480295,-0.691145,0.491776,936.396667,1544.856201,-3859.612549,934.615845,1463.916992,-3867.676514,952.679871,1586.764404,-3887.777344,915.203735,1497.935669,-3819.260254,943.087097,1630.807861,-3863.735596,934.406250,1463.536743,-3867.680908,952.874634,1586.804199,-3887.652100,915.392517,1498.128906,-3819.366455,942.897034,1630.914917,-3863.755615,2616.309326,1567.754150,-3159.768066,,,,,,,,,,,,,,,,,,,,,,,,,,,,,,,,,
7626,76.260000,0.000000,0.000000,0.000000,1.000000,0.000000,0.000000,0.000000,57.698101,20.499701,-14.700500,0.047771,-0.013570,0.015998,-15.666301,-52.738201,18.801300,-93.396698,0.129960,17.611099,-0.223056,-0.480097,-0.690972,0.492250,935.660217,1545.211060,-3860.406982,933.940674,1464.273804,-3868.502441,951.891968,1587.143921,-3888.564941,914.530457,1498.257080,-3820.060547,942.277893,1631.169800,-3864.499512,933.732544,1463.844238,-3868.530762,952.061951,1587.143555,-3888.384033,914.783447,1498.649902,-3820.240234,942.078918,1631.204956,-3864.504639,2616.301270,1567.745850,-3159.773926,,,,,,,,,,,,,,,,,,,,,,,,,,,,,,,,,
7627,76.270000,0.000000,0.000000,0.000000,1.000000,0.000000,0.000000,0.000000,57.698101,20.499701,-14.700500,0.047771,-0.013570,0.015998,-15.666301,-52.738201,18.801300,-93.396698,0.129960,17.611099,-0.221420,-0.481072,-0.690655,0.492482,934.968750,1545.552368,-3861.344727,933.485779,1464.611328,-3869.449951,951.170166,1587.529785,-3889.453857,913.847717,1498.540039,-3821.061768,941.371277,1631.528442,-3865.413330,933.413940,1464.336182,-3869.359375,951.174011,1587.444092,-3889.427979,914.043457,1499.022461,-3821.403809,941.283936,1631.505127,-3865.264648,2616.284912,1567.756958,-3159.781738,,,,,,,,,,,,,,,,,,,,,,,,,,,,,,,,,
7628,76.280000,0.000000,0.000000,0.000000,1.000000,0.000000,0.000000,0.000000,57.698101,20.499701,-14.700500,0.047771,-0.013570,0.015998,-15.666301,-52.738201,18.801300,-93.396698,0.129960,17.611099,-0.221063,-0.480867,-0.690620,0.492891,934.285522,1545.861572,-3862.427979,932.870605,1464.925781,-3870.596191,950.447815,1587.874756,-3890.506104,913.209290,1498.799805,-3822.179199,940.614197,1631.846313,-3866.429932,932.819031,1464.677856,-3870.571777,950.475098,1587.735962,-3890.498047,913.377319,1499.309814,-3822.433105,940.502441,1631.828613,-3866.262207,2616.324463,1567.758301,-3159.772949,,,,,,,,,,,,,,,,,,,,,,,,,,,,,,,,,
7629,76.290000,0.000000,0.000000,0.000000,1.000000,0.000000,0.000000,0.000000,57.698101,20.499701,-14.700500,0.047771,-0.013570,0.015998,-15.666301,-52.738201,18.801300,-93.396698,0.129960,17.611099,-0.220036,-0.480773,-0.690544,0.493549,933.706909,1546.061768,-3863.500000,932.453552,1465.134521,-3871.779297,949.806580,1588.144165,-3891.510498,912.695068,1498.904663,-3823.329102,939.872253,1632.063843,-3867.381348,932.352356,1465.013550,-3871.792236,949.911072,1588.068237,-3891.412354,912.845459,1499.142578,-3823.445068,939.736267,1632.046997,-3867.362061,2616.331055,1567.742920,-3159.770264,,,,,,,,,,,,,,,,,,,,,,,,,,,,,,,,,
7630,76.300000,0.000000,0.000000,0.000000,1.000000,0.000000,0.000000,0.000000,57.698101,20.499701,-14.700500,0.047771,-0.013570,0.015998,-15.666301,-52.738201,18.801300,-93.396698,0.129960,17.611099,-0.218467,-0.482193,-0.689870,0.493804,933.204712,1546.250244,-3864.583252,932.231323,1465.311646,-3872.789062,949.256531,1588.356689,-3892.584717,912.219971,1499.065186,-3824.431152,939.111023,1632.267700,-3868.527588,932.093323,1465.347534,-3872.691406,949.366394,1588.412354,-3892.508057,912.365112,1499.099854,-3824.584473,938.996094,1632.140625,-3868.555664,2616.305176,1567.755249,-3159.773682,,,,,,,,,,,,,,,,,,,,,,,,,,,,,,,,,
7631,76.310000,0.000000,0.000000,0.000000,1.000000,0.000000,0.000000,0.000000,57.698101,20.499701,-14.700500,0.047771,-0.013570,0.015998,-15.666301,-52.738201,18.801300,-93.396698,0.129960,17.611099,-0.214927,-0.484444,-0.690440,0.492354,932.595581,1546.484741,-3865.890625,931.842773,1465.546997,-3874.128906,948.814636,1588.629395,-3893.738281,911.346802,1499.248657,-3825.938232,938.378235,1632.514160,-3869.757568,931.758667,1465.598877,-3873.850342,948.755310,1588.694458,-3893.721680,911.480469,1499.247070,-3826.301270,938.404053,1632.403687,-3869.721924,2616.302734,1567.777710,-3159.786621,,,,,,,,,,,,,,,,,,,,,,,,,,,,,,,,,
7632,76.320000,0.000000,0.000000,0.000000,1.000000,0.000000,0.000000,0.000000,57.698101,20.499701,-14.700500,0.047771,-0.013570,0.015998,-15.666301,-52.738201,18.801300,-93.396698,0.129960,17.611099,-0.213306,-0.485885,-0.689967,0.492303,931.959473,1546.694214,-3867.236084,931.444519,1465.747681,-3875.405762,948.166992,1588.856445,-3895.063721,910.692871,1499.437988,-3827.316650,937.533325,1632.734741,-3871.158447,931.499634,1465.863647,-3875.048584,947.938721,1588.849731,-3895.224854,910.697632,1499.374512,-3827.683350,937.701416,1632.693481,-3870.992188,2616.294189,1567.778564,-3159.784424,,,,,,,,,,,,,,,,,,,,,,,,,,,,,,,,,
7633,76.330000,0.000000,0.000000,0.000000,1.000000,0.000000,0.000000,0.000000,57.698101,20.499701,-14.700500,0.047771,-0.013570,0.015998,-15.666301,-52.738201,18.801300,-93.396698,0.129960,17.611099,-0.215756,-0.484876,-0.688564,0.494190,931.357239,1547.055908,-3868.669678,930.882263,1466.096069,-3876.708252,947.325317,1589.193115,-3896.673096,910.418640,1499.838135,-3828.532227,936.802795,1633.096802,-3872.765381,930.931030,1466.104980,-3876.647461,947.250671,1589.134277,-3896.779053,910.408691,1499.968506,-3828.632568,936.835999,1633.015869,-3872.622559,2616.261719,1567.759766,-3159.784912,,,,,,,,,,,,,,,,,,,,,,,,,,,,,,,,,
7634,76.340000,0.000000,0.000000,0.000000,1.000000,0.000000,0.000000,0.000000,57.698101,20.499701,-14.700500,0.047771,-0.013570,0.015998,-15.666301,-52.738201,18.801300,-93.396698,0.129960,17.611099,-0.209315,-0.490255,-0.688375,0.491912,930.712830,1547.328003,-3870.018555,930.822327,1466.349609,-3877.881348,946.899597,1589.493774,-3897.852539,909.386597,1500.079834,-3830.121338,935.742737,1633.389038,-3874.218506,930.862549,1466.585571,-3877.516602,946.659424,1589.544800,-3897.913574,909.388611,1499.870117,-3830.458496,935.941589,1633.321655,-3874.175049,2616.321777,1567.754639,-3159.776367,,,,,,,,,,,,,,,,,,,,,,,,,,,,,,,,,
7635,76.350000,0.000000,0.000000,0.000000,1.000000,0.000000,0.000000,0.000000,57.698101,20.499701,-14.700500,0.047771,-0.013570,0.015998,-15.666301,-52.738201,18.801300,-93.396698,0.129960,17.611099,-0.206708,-0.492261,-0.688034,0.491487,930.084106,1547.647949,-3871.391113,930.494141,1466.664795,-3879.194824,946.300476,1589.844971,-3899.160645,908.674011,1500.360840,-3831.585205,934.867859,1633.721436,-3875.623535,930.534424,1466.953979,-3878.643066,946.015381,1589.952026,-3899.357666,908.653687,1499.961670,-3832.036377,935.121643,1633.709595,-3875.516602,2616.312500,1567.718872,-3159.754639,,,,,,,,,,,,,,,,,,,,,,,,,,,,,,,,,
7636,76.360000,0.000000,0.000000,0.000000,1.000000,0.000000,0.000000,0.000000,57.698101,20.499701,-14.700500,0.047771,-0.013570,0.015998,-15.666301,-52.738201,18.801300,-93.396698,0.129960,17.611099,-0.208345,-0.491068,-0.687349,0.492946,929.302856,1547.947510,-3873.002197,929.719421,1466.964233,-3880.804932,945.351746,1590.152710,-3900.856445,908.125183,1500.649658,-3833.084717,934.015015,1634.023560,-3877.262695,929.770630,1467.191772,-3880.447510,945.143066,1590.207153,-3901.031006,908.071045,1500.298950,-3833.341797,934.217590,1634.074707,-3877.185547,2616.315674,1567.741455,-3159.760010,,,,,,,,,,,,,,,,,,,,,,,,,,,,,,,,,
7637,76.370000,0.000000,0.000000,0.000000,1.000000,0.000000,0.000000,0.000000,57.698101,20.499701,-14.700500,0.047771,-0.013570,0.015998,-15.666301,-52.738201,18.801300,-93.396698,0.129960,17.611099,-0.208280,-0.492102,-0.686266,0.493450,928.644470,1548.252686,-3874.361572,929.244873,1467.253540,-3881.985107,944.602722,1590.432373,-3902.306396,907.566833,1500.995605,-3834.343018,933.163330,1634.329590,-3878.811035,929.291443,1467.524414,-3881.629883,944.386597,1590.435547,-3902.423584,907.540466,1500.698120,-3834.624023,933.356873,1634.357178,-3878.751221,2616.269775,1567.787476,-3159.783691,,,,,,,,,,,,,,,,,,,,,,,,,,,,,,,,,
7638,76.380000,0.000000,0.000000,0.000000,1.000000,0.000000,0.000000,0.000000,57.698101,20.499701,-14.700500,0.047771,-0.013570,0.015998,-15.666301,-52.738201,18.801300,-93.396698,0.129960,17.611099,-0.208005,-0.491918,-0.686623,0.493254,928.097900,1548.581299,-3875.876953,928.667908,1467.587891,-3883.564453,944.089233,1590.776245,-3903.779785,906.978638,1501.301392,-3835.907227,932.655884,1634.659668,-3880.255859,928.757812,1467.796387,-3883.085205,943.760864,1590.675293,-3904.017578,906.964478,1501.132935,-3836.368896,932.901245,1634.724243,-3880.035889,2616.279541,1567.776978,-3159.801025,,,,,,,,,,,,,,,,,,,,,,,,,,,,,,,,,
7639,76.390000,0.000000,0.000000,0.000000,1.000000,0.000000,0.000000,0.000000,57.698101,20.499701,-14.700500,0.047771,-0.013570,0.015998,-15.666301,-52.738201,18.801300,-93.396698,0.129960,17.611099,-0.210243,-0.490396,-0.686276,0.494303,927.572571,1548.910156,-3877.287842,928.013000,1467.916138,-3884.976562,943.447510,1591.087646,-3905.283203,906.633667,1501.653320,-3837.196289,932.195862,1634.983643,-3881.695312,928.124878,1468.035400,-3884.683838,943.163025,1590.898926,-3905.526367,906.599426,1501.648315,-3837.510742,932.384399,1635.045898,-3881.442871,2616.295410,1567.753052,-3159.777588,,,,,,,,,,,,,,,,,,,,,,,,,,,,,,,,,
7640,76.400000,0.000000,0.000000,0.000000,1.000000,0.000000,0.000000,0.000000,57.698101,20.499701,-14.700500,0.047771,-0.013570,0.015998,-15.666301,-52.738201,18.801300,-93.396698,0.129960,17.611099,-0.214479,-0.487236,-0.685635,0.496493,927.120544,1549.350586,-3878.605957,927.324158,1468.359375,-3886.333984,942.754517,1591.511475,-3906.761719,906.551147,1502.114380,-3838.299316,931.852417,1635.417480,-3883.028564,927.395569,1468.350220,-3886.223145,942.597900,1591.337891,-3906.881592,906.548889,1502.284546,-3838.502197,931.927673,1635.428833,-3882.836914,2616.323975,1567.733765,-3159.757080,,,,,,,,,,,,,,,,,,,,,,,,,,,,,,,,,
7641,76.410000,0.000000,0.000000,0.000000,1.000000,0.000000,0.000000,0.000000,57.698101,20.499701,-14.700500,0.047771,-0.013570,0.015998,-15.666301,-52.738201,18.801300,-93.396698,0.129960,17.611099,-0.214932,-0.486332,-0.685996,0.496684,926.663391,1549.845215,-3879.833496,926.780029,1468.863403,-3887.660889,942.292664,1592.026123,-3907.961914,906.112732,1502.578613,-3839.552979,931.468079,1635.912964,-3884.158203,926.843384,1468.820190,-3887.477295,942.063354,1591.856934,-3908.001953,906.168945,1502.856934,-3839.946533,931.574280,1635.885376,-3883.978760,2616.289551,1567.743042,-3159.776611,,,,,,,,,,,,,,,,,,,,,,,,,,,,,,,,,
7642,76.420000,0.000000,0.000000,0.000000,1.000000,0.000000,0.000000,0.000000,57.698101,20.499701,-14.700500,0.047771,-0.013570,0.015998,-15.666301,-52.738201,18.801300,-93.396698,0.129960,17.611099,-0.215955,-0.485562,-0.685288,0.497969,926.320312,1550.438843,-3881.126953,926.500122,1469.456421,-3888.947021,941.796631,1592.634766,-3909.317139,905.973633,1503.152832,-3840.765625,931.010803,1636.511719,-3885.477295,926.587708,1469.452881,-3888.758057,941.581482,1592.509521,-3909.460205,905.977356,1503.374756,-3841.082275,931.128540,1636.434082,-3885.240723,2616.301025,1567.758789,-3159.782715,,,,,,,,,,,,,,,,,,,,,,,,,,,,,,,,,
7643,76.430000,0.000000,0.000000,0.000000,1.000000,0.000000,0.000000,0.000000,57.698101,20.499701,-14.700500,0.047771,-0.013570,0.015998,-15.666301,-52.738201,18.801300,-93.396698,0.129960,17.611099,-0.214800,-0.485386,-0.685692,0.498084,925.936279,1550.975464,-3882.449951,926.192566,1470.007690,-3890.418213,941.420227,1593.235352,-3910.539795,905.568176,1503.599121,-3842.205566,930.564087,1637.059814,-3886.635498,926.210388,1469.998535,-3890.345947,941.327576,1593.187256,-3910.518311,905.614990,1503.781738,-3842.390137,930.597778,1636.953491,-3886.567383,2616.272705,1567.737183,-3159.779297,,,,,,,,,,,,,,,,,,,,,,,,,,,,,,,,,
7644,76.440000,0.000000,0.000000,0.000000,1.000000,0.000000,0.000000,0.000000,57.698101,20.499701,-14.700500,0.047771,-0.013570,0.015998,-15.666301,-52.738201,18.801300,-93.396698,0.129960,17.611099,-0.213491,-0.486731,-0.685458,0.497656,925.661560,1551.591431,-3883.618408,926.066223,1470.616577,-3891.508545,941.179260,1593.847778,-3911.695312,905.225464,1504.223022,-3843.399170,930.175232,1637.678467,-3887.870361,926.087280,1470.591309,-3891.369141,941.060974,1593.785767,-3911.722168,905.292480,1504.471069,-3843.693359,930.219238,1637.554077,-3887.730957,2616.323242,1567.747925,-3159.770264,,,,,,,,,,,,,,,,,,,,,,,,,,,,,,,,,
7645,76.450000,0.000000,0.000000,0.000000,1.000000,0.000000,0.000000,0.000000,57.698101,20.499701,-14.700500,0.047771,-0.013570,0.015998,-15.666301,-52.738201,18.801300,-93.396698,0.129960,17.611099,-0.210562,-0.487731,-0.686499,0.496489,925.257874,1552.004395,-3884.981445,925.767212,1471.046265,-3893.035156,940.932739,1594.328369,-3912.868408,904.588013,1504.540161,-3844.995361,929.743469,1638.102905,-3889.026367,925.814697,1471.045166,-3892.671875,940.690430,1594.256958,-3913.015869,904.623962,1504.557617,-3845.441162,929.906250,1638.159058,-3888.826416,2616.322998,1567.761841,-3159.779541,,,,,,,,,,,,,,,,,,,,,,,,,,,,,,,,,
7646,76.460000,0.000000,0.000000,0.000000,1.000000,0.000000,0.000000,0.000000,57.698101,20.499701,-14.700500,0.047771,-0.013570,0.015998,-15.666301,-52.738201,18.801300,-93.396698,0.129960,17.611099,-0.211402,-0.487370,-0.685860,0.497368,924.885376,1552.454468,-3886.273682,925.443909,1471.492065,-3894.281250,940.449829,1594.775513,-3914.226807,904.362366,1504.996094,-3846.205322,929.285400,1638.554443,-3890.381104,925.465393,1471.396362,-3894.104004,940.350159,1594.731689,-3914.348877,904.377930,1505.038086,-3846.411377,929.350464,1638.652954,-3890.229248,2616.293213,1567.737671,-3159.777832,,,,,,,,,,,,,,,,,,,,,,,,,,,,,,,,,
7647,76.470000,0.000000,0.000000,0.000000,1.000000,0.000000,0.000000,0.000000,57.698101,20.499701,-14.700500,0.047771,-0.013570,0.015998,-15.666301,-52.738201,18.801300,-93.396698,0.129960,17.611099,-0.207100,-0.491409,-0.685720,0.495395,924.459717,1553.005005,-3887.384277,925.381348,1472.027466,-3895.202148,940.211975,1595.315918,-3915.247314,903.623474,1505.566895,-3847.453613,928.621887,1639.109985,-3891.633545,925.419495,1472.126587,-3894.937500,940.024048,1595.328491,-3915.329102,903.616943,1505.425293,-3847.704346,928.776978,1639.135742,-3891.566162,2616.304932,1567.734741,-3159.780273,,,,,,,,,,,,,,,,,,,,,,,,,,,,,,,,,
7648,76.480000,0.000000,0.000000,0.000000,1.000000,0.000000,0.000000,0.000000,57.698101,20.499701,-14.700500,0.047771,-0.013570,0.015998,-15.666301,-52.738201,18.801300,-93.396698,0.129960,17.611099,-0.203118,-0.494205,-0.686269,0.493496,923.844910,1553.512695,-3888.606689,925.002991,1472.536133,-3896.403076,939.802612,1595.850464,-3916.312012,902.688843,1506.039673,-3848.886475,927.885254,1639.625000,-3892.825684,925.062866,1472.747559,-3895.897217,939.468445,1595.862427,-3916.454102,902.696838,1505.801880,-3849.378418,928.148499,1639.636108,-3892.699463,2616.294922,1567.710938,-3159.771240,,,,,,,,,,,,,,,,,,,,,,,,,,,,,,,,,
7649,76.490000,0.000000,0.000000,0.000000,1.000000,0.000000,0.000000,0.000000,57.698101,20.499701,-14.700500,0.047771,-0.013570,0.015998,-15.666301,-52.738201,18.801300,-93.396698,0.129960,17.611099,-0.205814,-0.492051,-0.686111,0.494750,923.194092,1554.029663,-3889.815674,924.161682,1473.056274,-3897.671875,939.024414,1596.359009,-3917.606689,902.242676,1506.565796,-3849.976074,927.347656,1640.137939,-3894.007568,924.196716,1473.105713,-3897.437500,938.875366,1596.378174,-3917.745605,902.243042,1506.538940,-3850.207520,927.459839,1640.097900,-3893.873291,2616.308105,1567.764282,-3159.778564,,,,,,,,,,,,,,,,,,,,,,,,,,,,,,,,,
7650,76.500000,0.000000,0.000000,0.000000,1.000000,0.000000,0.000000,0.000000,57.698101,20.499701,-14.700500,0.047771,-0.013570,0.015998,-15.666301,-52.738201,18.801300,-93.396698,0.129960,17.611099,-0.206649,-0.491281,-0.686230,0.495002,922.447205,1554.444824,-3891.026611,923.324463,1473.474121,-3898.921143,938.257385,1596.772217,-3918.831787,901.536560,1506.981934,-3851.164062,926.670349,1640.551147,-3895.188477,923.412170,1473.490723,-3898.833984,938.076904,1596.730103,-3918.891357,901.507202,1507.106323,-3851.307861,926.786926,1640.451660,-3895.077637,2616.312988,1567.751587,-3159.775879,,,,,,,,,,,,,,,,,,,,,,,,,,,,,,,,,
7651,76.510000,0.000000,0.000000,0.000000,1.000000,0.000000,0.000000,0.000000,57.698101,20.499701,-14.700500,0.047771,-0.013570,0.015998,-15.666301,-52.738201,18.801300,-93.396698,0.129960,17.611099,-0.203659,-0.493505,-0.686474,0.493689,921.662476,1554.718018,-3892.188965,922.747192,1473.746094,-3900.044434,937.609436,1597.063354,-3919.888672,900.531677,1507.232788,-3852.469971,925.761414,1640.830200,-3896.353027,922.850159,1473.964722,-3899.724365,937.316040,1597.073364,-3920.024658,900.483521,1507.089844,-3852.748535,925.998169,1640.759033,-3896.244141,2616.296143,1567.735229,-3159.764160,,,,,,,,,,,,,,,,,,,,,,,,,,,,,,,,,
7652,76.520000,0.000000,0.000000,0.000000,1.000000,0.000000,0.000000,0.000000,57.698101,20.499701,-14.700500,0.047771,-0.013570,0.015998,-15.666301,-52.738201,18.801300,-93.396698,0.129960,17.611099,-0.202082,-0.494173,-0.686481,0.493659,920.987976,1555.020996,-3893.297119,922.239380,1474.056152,-3901.200439,936.938660,1597.412354,-3920.924316,899.828369,1507.473022,-3853.668457,924.945435,1641.142944,-3897.395020,922.322205,1474.277222,-3900.759033,936.589417,1597.413452,-3921.045898,899.807556,1507.226440,-3854.080566,925.226013,1641.167725,-3897.297363,2616.290527,1567.726685,-3159.768555,,,,,,,,,,,,,,,,,,,,,,,,,,,,,,,,,
7653,76.530000,0.000000,0.000000,0.000000,1.000000,0.000000,0.000000,0.000000,57.698101,20.499701,-14.700500,0.047771,-0.013570,0.015998,-15.666301,-52.738201,18.801300,-93.396698,0.129960,17.611099,-0.201211,-0.494185,-0.686727,0.493660,920.220825,1555.283081,-3894.443359,921.533142,1474.327515,-3902.432861,936.181091,1597.714233,-3922.003662,899.039246,1507.678711,-3854.894043,924.129822,1641.411865,-3898.442627,921.594482,1474.399170,-3901.954346,935.844604,1597.710205,-3922.167969,899.031860,1507.400757,-3855.357666,924.416077,1641.600098,-3898.303711,2616.319336,1567.738892,-3159.768311,,,,,,,,,,,,,,,,,,,,,,,,,,,,,,,,,
7654,76.540000,0.000000,0.000000,0.000000,1.000000,0.000000,0.000000,0.000000,57.698101,20.499701,-14.700500,0.047771,-0.013570,0.015998,-15.666301,-52.738201,18.801300,-93.396698,0.129960,17.611099,-0.204861,-0.492920,-0.684699,0.496234,919.501892,1555.666382,-3895.499268,920.853455,1474.690430,-3903.272217,935.135376,1598.041382,-3923.331787,898.770020,1508.144897,-3855.613525,923.248657,1641.788818,-3899.779297,920.880005,1474.523804,-3903.091064,935.028870,1598.034790,-3923.458496,898.782593,1508.207031,-3855.816406,923.319275,1641.894287,-3899.622559,2616.299805,1567.772583,-3159.770508,,,,,,,,,,,,,,,,,,,,,,,,,,,,,,,,,
7655,76.550000,0.000000,0.000000,0.000000,1.000000,0.000000,0.000000,0.000000,57.698101,20.499701,-14.700500,0.047771,-0.013570,0.015998,-15.666301,-52.738201,18.801300,-93.396698,0.129960,17.611099,-0.203958,-0.494084,-0.684167,0.496183,918.736511,1555.957520,-3896.531982,920.253052,1474.974609,-3904.201172,934.354553,1598.326538,-3924.382568,898.002686,1508.447876,-3856.633301,922.335754,1642.081421,-3900.911133,920.274231,1474.749023,-3904.069092,934.265503,1598.376343,-3924.449707,898.005432,1508.475952,-3856.766846,922.405640,1642.211548,-3900.827637,2616.316162,1567.749878,-3159.773193,,,,,,,,,,,,,,,,,,,,,,,,,,,,,,,,,
7656,76.560000,0.000000,0.000000,0.000000,1.000000,0.000000,0.000000,0.000000,57.698101,20.499701,-14.700500,0.047771,-0.013570,0.015998,-15.666301,-52.738201,18.801300,-93.396698,0.129960,17.611099,-0.201301,-0.496653,-0.683653,0.495411,918.012817,1556.198364,-3897.480957,919.833740,1475.207764,-3905.001221,933.685852,1598.568970,-3925.298096,897.158936,1508.691406,-3857.641357,921.372620,1642.325562,-3901.982910,919.780701,1475.063599,-3904.780273,933.616760,1598.677979,-3925.315918,897.218384,1508.597778,-3857.854248,921.433838,1642.429199,-3901.966797,2616.335693,1567.720093,-3159.760498,,,,,,,,,,,,,,,,,,,,,,,,,,,,,,,,,
7657,76.570000,0.000000,0.000000,0.000000,1.000000,0.000000,0.000000,0.000000,57.698101,20.499701,-14.700500,0.047771,-0.013570,0.015998,-15.666301,-52.738201,18.801300,-93.396698,0.129960,17.611099,-0.198439,-0.498687,-0.684114,0.493884,917.203186,1556.311768,-3898.438721,919.171875,1475.322510,-3905.936035,933.040771,1598.697021,-3926.139893,896.098877,1508.785400,-3858.754395,920.501099,1642.442139,-3902.924072,919.134033,1475.261108,-3905.522949,932.875183,1598.853149,-3926.257568,896.123291,1508.392578,-3859.087646,920.686096,1642.677368,-3902.887939,2616.315918,1567.744507,-3159.763184,,,,,,,,,,,,,,,,,,,,,,,,,,,,,,,,,
7658,76.580000,0.000000,0.000000,0.000000,1.000000,0.000000,0.000000,0.000000,57.698101,20.499701,-14.700500,0.047771,-0.013570,0.015998,-15.666301,-52.738201,18.801300,-93.396698,0.129960,17.611099,-0.196041,-0.500930,-0.683757,0.493065,916.374329,1556.449951,-3899.383301,918.592468,1475.455688,-3906.755615,932.276245,1598.836914,-3927.045166,895.144775,1508.925171,-3859.764160,919.483765,1642.582031,-3903.968018,918.536255,1475.553223,-3906.238281,932.097839,1598.971069,-3927.210938,895.193604,1508.458740,-3860.203125,919.667358,1642.730103,-3903.895020,2616.336426,1567.760620,-3159.771484,,,,,,,,,,,,,,,,,,,,,,,,,,,,,,,,,
7659,76.590000,0.000000,0.000000,0.000000,1.000000,0.000000,0.000000,0.000000,57.698101,20.499701,-14.700500,0.047771,-0.013570,0.015998,-15.666301,-52.738201,18.801300,-93.396698,0.129960,17.611099,-0.198282,-0.499699,-0.683044,0.494405,915.665222,1556.723755,-3900.163086,917.824463,1475.723755,-3907.490723,931.411682,1599.087891,-3927.948730,894.660767,1509.231445,-3860.385498,918.763855,1642.852051,-3904.827881,917.771301,1475.799683,-3907.125732,931.290405,1599.078979,-3928.038086,894.759766,1509.125122,-3860.784424,918.847778,1642.883423,-3904.720215,2616.310791,1567.732788,-3159.767822,,,,,,,,,,,,,,,,,,,,,,,,,,,,,,,,,
7660,76.600000,0.000000,0.000000,0.000000,1.000000,0.000000,0.000000,0.000000,57.698101,20.499701,-14.700500,0.047771,-0.013570,0.015998,-15.666301,-52.738201,18.801300,-93.396698,0.129960,17.611099,-0.199079,-0.499064,-0.683128,0.494609,914.794373,1556.948608,-3901.053223,916.870728,1475.948730,-3908.404297,930.524475,1599.306152,-3928.858398,893.824646,1509.464600,-3861.247314,917.957642,1643.075439,-3905.702881,916.859253,1475.943970,-3908.197021,930.439209,1599.259033,-3928.949951,893.904541,1509.605591,-3861.559082,917.987549,1643.005249,-3905.538330,2616.305664,1567.750977,-3159.768555,,,,,,,,,,,,,,,,,,,,,,,,,,,,,,,,,
7661,76.610000,0.000000,0.000000,0.000000,1.000000,0.000000,0.000000,0.000000,57.698101,20.499701,-14.700500,0.047771,-0.013570,0.015998,-15.666301,-52.738201,18.801300,-93.396698,0.129960,17.611099,-0.198974,-0.499222,-0.682928,0.494769,913.927979,1557.153564,-3901.958496,916.052124,1476.153076,-3909.289551,929.634949,1599.513428,-3929.773193,892.983643,1509.667114,-3862.142090,917.041199,1643.281006,-3906.629150,916.114746,1476.128296,-3909.142578,929.509583,1599.474731,-3929.946289,892.982605,1509.882324,-3862.365967,917.105347,1643.137573,-3906.388672,2616.299805,1567.769775,-3159.765625,,,,,,,,,,,,,,,,,,,,,,,,,,,,,,,,,
7662,76.620000,0.000000,0.000000,0.000000,1.000000,0.000000,0.000000,0.000000,57.698101,20.499701,-14.700500,0.047771,-0.013570,0.015998,-15.666301,-52.738201,18.801300,-93.396698,0.129960,17.611099,-0.197267,-0.499969,-0.683196,0.494328,913.093750,1557.273438,-3902.811035,915.336365,1476.280884,-3910.195801,928.853149,1599.672119,-3930.536621,892.059387,1509.732910,-3863.106689,916.126038,1643.407837,-3907.405029,915.332031,1476.279297,-3909.997314,928.784790,1599.777344,-3930.678711,892.075684,1509.725220,-3863.284424,916.181274,1643.313354,-3907.283447,2616.318359,1567.741455,-3159.765625,,,,,,,,,,,,,,,,,,,,,,,,,,,,,,,,,
7663,76.630000,0.000000,0.000000,0.000000,1.000000,0.000000,0.000000,0.000000,57.698101,20.499701,-14.700500,0.047771,-0.013570,0.015998,-15.666301,-52.738201,18.801300,-93.396698,0.129960,17.611099,-0.196055,-0.500763,-0.682971,0.494317,912.303894,1557.392090,-3903.614502,914.704163,1476.402832,-3910.984619,928.055298,1599.815063,-3931.307617,891.258057,1509.819702,-3863.954346,915.197876,1643.531250,-3908.211426,914.639526,1476.452148,-3910.739746,928.000427,1599.965332,-3931.361816,891.319824,1509.693237,-3864.169678,915.251587,1643.457520,-3908.186035,2616.324219,1567.739258,-3159.755371,,,,,,,,,,,,,,,,,,,,,,,,,,,,,,,,,
7664,76.640000,0.000000,0.000000,0.000000,1.000000,0.000000,0.000000,0.000000,57.698101,20.499701,-14.700500,0.047771,-0.013570,0.015998,-15.666301,-52.738201,18.801300,-93.396698,0.129960,17.611099,-0.195691,-0.501077,-0.682592,0.494666,911.523376,1557.546875,-3904.446045,914.034424,1476.558594,-3911.790039,927.226624,1599.982178,-3932.147461,890.529053,1509.958740,-3864.777832,914.303467,1643.688354,-3909.069092,913.950012,1476.663330,-3911.534424,927.166016,1600.056641,-3932.144287,890.631409,1509.846191,-3865.048584,914.349487,1643.619751,-3909.062744,2616.289795,1567.735596,-3159.774902,,,,,,,,,,,,,,,,,,,,,,,,,,,,,,,,,
7665,76.650000,0.000000,0.000000,0.000000,1.000000,0.000000,0.000000,0.000000,57.698101,20.499701,-14.700500,0.047771,-0.013570,0.015998,-15.666301,-52.738201,18.801300,-93.396698,0.129960,17.611099,-0.196351,-0.501772,-0.681557,0.495128,910.742432,1557.777954,-3905.285645,913.348267,1476.775146,-3912.433105,926.361938,1600.164917,-3933.108154,889.851318,1510.261108,-3865.477539,913.408264,1643.911255,-3910.123291,913.311096,1476.917603,-3912.185303,926.272827,1600.120239,-3933.160400,889.957031,1510.345947,-3865.823975,913.446289,1643.750610,-3909.996338,2616.329346,1567.766235,-3159.765869,,,,,,,,,,,,,,,,,,,,,,,,,,,,,,,,,
7666,76.660000,0.000000,0.000000,0.000000,1.000000,0.000000,0.000000,0.000000,57.698101,20.499701,-14.700500,0.047771,-0.013570,0.015998,-15.666301,-52.738201,18.801300,-93.396698,0.129960,17.611099,-0.195259,-0.503598,-0.680801,0.494746,909.889709,1557.931396,-3906.220947,912.684631,1476.917725,-3913.171875,925.516907,1600.285645,-3934.088623,888.960693,1510.464111,-3866.373535,912.396484,1644.058472,-3911.249512,912.764099,1477.184448,-3912.795898,925.245605,1600.112671,-3934.287598,888.998901,1510.594604,-3866.860352,912.560242,1643.869141,-3910.963867,2616.297363,1567.760620,-3159.768799,,,,,,,,,,,,,,,,,,,,,,,,,,,,,,,,,
7667,76.670000,0.000000,0.000000,0.000000,1.000000,0.000000,0.000000,0.000000,57.698101,20.499701,-14.700500,0.047771,-0.013570,0.015998,-15.666301,-52.738201,18.801300,-93.396698,0.129960,17.611099,-0.194780,-0.503635,-0.681024,0.494589,909.071472,1558.008667,-3907.165039,911.877869,1476.999268,-3914.160645,924.722046,1600.380127,-3934.993408,888.108154,1510.516602,-3867.365479,911.577637,1644.138794,-3912.140625,911.903320,1477.235107,-3913.773682,924.502686,1600.196411,-3935.155762,888.203064,1510.644165,-3867.905518,911.693604,1644.003052,-3911.881836,2616.278564,1567.750000,-3159.781982,,,,,,,,,,,,,,,,,,,,,,,,,,,,,,,,,
7668,76.680000,0.000000,0.000000,0.000000,1.000000,0.000000,0.000000,0.000000,57.698101,20.499701,-14.700500,0.047771,-0.013570,0.015998,-15.666301,-52.738201,18.801300,-93.396698,0.129960,17.611099,-0.197290,-0.501966,-0.680330,0.496244,908.238770,1558.000488,-3908.177734,910.976929,1476.988525,-3915.171631,923.704041,1600.360840,-3936.126465,887.543701,1510.523926,-3868.219727,910.730347,1644.128662,-3913.193604,910.949951,1477.183228,-3914.888428,923.608154,1600.195923,-3936.244629,887.639282,1510.572510,-3868.583252,910.764648,1644.073853,-3913.013672,2616.311279,1567.771851,-3159.786377,,,,,,,,,,,,,,,,,,,,,,,,,,,,,,,,,
7669,76.690000,0.000000,0.000000,0.000000,1.000000,0.000000,0.000000,0.000000,57.698101,20.499701,-14.700500,0.047771,-0.013570,0.015998,-15.666301,-52.738201,18.801300,-93.396698,0.129960,17.611099,-0.197735,-0.502305,-0.679641,0.496668,907.414124,1558.022949,-3909.144043,910.222412,1477.003784,-3916.024902,922.812134,1600.358154,-3937.168213,886.802734,1510.583862,-3869.098145,909.819214,1644.146362,-3914.285156,910.210938,1477.213867,-3915.805420,922.718445,1600.196533,-3937.248535,886.871460,1510.615845,-3869.377930,909.857605,1644.087524,-3914.150879,2616.292480,1567.736572,-3159.781250,,,,,,,,,,,,,,,,,,,,,,,,,,,,,,,,,
7670,76.700000,0.000000,0.000000,0.000000,1.000000,0.000000,0.000000,0.000000,57.698101,20.499701,-14.700500,0.047771,-0.013570,0.015998,-15.666301,-52.738201,18.801300,-93.396698,0.129960,17.611099,-0.198634,-0.502806,-0.679005,0.496672,906.415222,1558.040161,-3910.214111,909.211365,1477.005737,-3916.918457,921.788696,1600.312134,-3938.346924,885.839844,1510.691162,-3870.043213,908.820984,1644.151855,-3915.548096,909.232605,1477.083130,-3916.775391,921.697876,1600.152344,-3938.447510,885.900574,1510.928589,-3870.324707,908.836365,1644.017090,-3915.339111,2616.270996,1567.746704,-3159.769531,,,,,,,,,,,,,,,,,,,,,,,,,,,,,,,,,
7671,76.710000,0.000000,0.000000,0.000000,1.000000,0.000000,0.000000,0.000000,57.698101,20.499701,-14.700500,0.047771,-0.013570,0.015998,-15.666301,-52.738201,18.801300,-93.396698,0.129960,17.611099,-0.197662,-0.503906,-0.679224,0.495645,905.453613,1558.057007,-3911.188721,908.257263,1477.017212,-3917.825195,920.934753,1600.305786,-3939.297119,884.727051,1510.740845,-3871.056885,907.895386,1644.164185,-3916.575928,908.267944,1476.976685,-3917.727539,920.827271,1600.192627,-3939.275146,884.840210,1511.151245,-3871.395996,907.904297,1643.990601,-3916.428223,2616.285400,1567.726440,-3159.774414,,,,,,,,,,,,,,,,,,,,,,,,,,,,,,,,,
7672,76.720000,0.000000,0.000000,0.000000,1.000000,0.000000,0.000000,0.000000,57.698101,20.499701,-14.700500,0.047771,-0.013570,0.015998,-15.666301,-52.738201,18.801300,-93.396698,0.129960,17.611099,-0.196427,-0.505163,-0.679223,0.494856,904.497375,1557.999023,-3912.239746,907.379944,1476.955933,-3918.801270,920.054688,1600.235962,-3940.323975,883.653381,1510.700806,-3872.147461,906.901550,1644.103638,-3917.686279,907.414001,1476.921265,-3918.667236,919.879456,1600.121826,-3940.304443,883.756165,1511.114990,-3872.544922,906.961548,1643.921509,-3917.527344,2616.293945,1567.760010,-3159.777832,,,,,,,,,,,,,,,,,,,,,,,,,,,,,,,,,
7673,76.730000,0.000000,0.000000,0.000000,1.000000,0.000000,0.000000,0.000000,57.698101,20.499701,-14.700500,0.047771,-0.013570,0.015998,-15.666301,-52.738201,18.801300,-93.396698,0.129960,17.611099,-0.197047,-0.504914,-0.679055,0.495094,903.533569,1557.884644,-3913.362061,906.388000,1476.838623,-3919.898926,919.061523,1600.108154,-3941.482666,882.734497,1510.605469,-3873.224121,905.950256,1643.986816,-3918.842041,906.419006,1476.848877,-3919.708984,918.862549,1599.957520,-3941.490723,882.863525,1511.048340,-3873.728516,906.020447,1643.780151,-3918.638428,2616.253662,1567.751953,-3159.792969,,,,,,,,,,,,,,,,,,,,,,,,,,,,,,,,,
7674,76.740000,0.000000,0.000000,0.000000,1.000000,0.000000,0.000000,0.000000,57.698101,20.499701,-14.700500,0.047771,-0.013570,0.015998,-15.666301,-52.738201,18.801300,-93.396698,0.129960,17.611099,-0.199697,-0.503415,-0.678452,0.496384,902.636047,1557.726318,-3914.482178,905.372925,1476.673096,-3920.981689,918.016052,1599.916016,-3942.734131,882.059937,1510.493774,-3874.174561,905.095154,1643.822266,-3920.037842,905.440002,1476.776245,-3920.751465,917.791687,1599.764648,-3942.844971,882.109497,1510.762085,-3874.591797,905.210938,1643.631592,-3919.793945,2616.308838,1567.755371,-3159.784912,,,,,,,,,,,,,,,,,,,,,,,,,,,,,,,,,
7675,76.750000,0.000000,0.000000,0.000000,1.000000,0.000000,0.000000,0.000000,57.698101,20.499701,-14.700500,0.047771,-0.013570,0.015998,-15.666301,-52.738201,18.801300,-93.396698,0.129960,17.611099,-0.201928,-0.502093,-0.678158,0.497223,901.643982,1557.619019,-3915.676758,904.237488,1476.559814,-3922.159668,916.930603,1599.777344,-3944.026367,881.218567,1510.429443,-3875.242676,904.189209,1643.709595,-3921.278564,904.352112,1476.626587,-3922.034912,916.686768,1599.527222,-3944.148438,881.224731,1510.859375,-3875.593994,904.296692,1643.496094,-3920.982910,2616.303955,1567.738159,-3159.763428,,,,,,,,,,,,,,,,,,,,,,,,,,,,,,,,,
7676,76.760000,0.000000,0.000000,0.000000,1.000000,0.000000,0.000000,0.000000,57.698101,20.499701,-14.700500,0.047771,-0.013570,0.015998,-15.666301,-52.738201,18.801300,-93.396698,0.129960,17.611099,-0.201952,-0.501632,-0.679038,0.496475,900.556274,1557.493408,-3916.906982,902.983521,1476.436768,-3923.484131,915.948853,1599.653076,-3945.197266,880.006836,1510.299194,-3876.541260,903.285767,1643.585083,-3922.405273,903.073792,1476.396851,-3923.499023,915.795898,1599.423340,-3945.184570,880.045166,1510.944458,-3876.791992,903.305176,1643.345825,-3922.196777,2616.353760,1567.761719,-3159.773193,,,,,,,,,,,,,,,,,,,,,,,,,,,,,,,,,
7677,76.770000,0.000000,0.000000,0.000000,1.000000,0.000000,0.000000,0.000000,57.698101,20.499701,-14.700500,0.047771,-0.013570,0.015998,-15.666301,-52.738201,18.801300,-93.396698,0.129960,17.611099,-0.202075,-0.501154,-0.679655,0.496065,899.564636,1557.357910,-3918.105713,901.871643,1476.304199,-3924.761963,915.020386,1599.522339,-3946.354492,878.944275,1510.154785,-3877.786377,902.422119,1643.450684,-3923.519287,901.922913,1476.193359,-3924.833984,914.941162,1599.343506,-3946.255371,879.031982,1510.852661,-3877.983398,902.380005,1643.222290,-3923.390869,2616.298340,1567.738159,-3159.776367,,,,,,,,,,,,,,,,,,,,,,,,,,,,,,,,,
7678,76.780000,0.000000,0.000000,0.000000,1.000000,0.000000,0.000000,0.000000,57.698101,20.499701,-14.700500,0.047771,-0.013570,0.015998,-15.666301,-52.738201,18.801300,-93.396698,0.129960,17.611099,-0.201217,-0.501922,-0.679554,0.495775,898.699951,1557.184692,-3919.246582,901.092346,1476.130249,-3925.864746,914.180298,1599.351074,-3947.479004,878.033081,1509.979980,-3878.952881,901.493896,1643.277710,-3924.689697,901.109314,1476.136841,-3925.805176,914.106140,1599.249512,-3947.481201,878.105225,1510.308716,-3879.183594,901.490967,1643.087402,-3924.550781,2616.312988,1567.755005,-3159.771973,,,,,,,,,,,,,,,,,,,,,,,,,,,,,,,,,
7679,76.790000,0.000000,0.000000,0.000000,1.000000,0.000000,0.000000,0.000000,57.698101,20.499701,-14.700500,0.047771,-0.013570,0.015998,-15.666301,-52.738201,18.801300,-93.396698,0.129960,17.611099,-0.199876,-0.502442,-0.680072,0.495079,897.921692,1557.009399,-3920.381836,900.343445,1475.960938,-3927.062012,913.489441,1599.201660,-3948.527344,877.128845,1509.768066,-3880.196289,900.724915,1643.107422,-3925.741455,900.327515,1476.031738,-3926.759766,913.359192,1599.158203,-3948.633057,877.219604,1509.834106,-3880.599121,900.796265,1643.030884,-3925.572754,2616.291504,1567.742798,-3159.772461,,,,,,,,,,,,,,,,,,,,,,,,,,,,,,,,,
7680,76.800000,0.000000,0.000000,0.000000,1.000000,0.000000,0.000000,0.000000,57.698101,20.499701,-14.700500,0.047771,-0.013570,0.015998,-15.666301,-52.738201,18.801300,-93.396698,0.129960,17.611099,-0.198986,-0.503047,-0.680305,0.494504,897.081238,1556.827637,-3921.676758,899.529602,1475.779907,-3928.355957,912.713623,1599.023438,-3949.781006,876.194580,1509.581177,-3881.545898,899.887146,1642.926392,-3927.024170,899.443176,1475.873901,-3927.965088,912.628052,1599.043945,-3949.876221,876.330933,1509.518555,-3881.990479,899.937988,1642.877441,-3926.898926,2616.306152,1567.728760,-3159.767334,,,,,,,,,,,,,,,,,,,,,,,,,,,,,,,,,
7681,76.810000,0.000000,0.000000,0.000000,1.000000,0.000000,0.000000,0.000000,57.698101,20.499701,-14.700500,0.047771,-0.013570,0.015998,-15.666301,-52.738201,18.801300,-93.396698,0.129960,17.611099,-0.199568,-0.502133,-0.680917,0.494355,896.335632,1556.719971,-3922.879639,898.632812,1475.676270,-3929.661377,912.005554,1598.922729,-3950.952881,875.418274,1509.461182,-3882.779297,899.285889,1642.820068,-3928.125488,898.505981,1475.712646,-3929.434082,912.002747,1598.945679,-3950.916992,875.580750,1509.437622,-3883.082031,899.266602,1642.785278,-3928.112793,2616.297852,1567.753296,-3159.777100,,,,,,,,,,,,,,,,,,,,,,,,,,,,,,,,,
7682,76.820000,0.000000,0.000000,0.000000,1.000000,0.000000,0.000000,0.000000,57.698101,20.499701,-14.700500,0.047771,-0.013570,0.015998,-15.666301,-52.738201,18.801300,-93.396698,0.129960,17.611099,-0.201938,-0.500062,-0.681081,0.495265,895.625488,1556.644409,-3924.052002,897.708313,1475.603027,-3930.928467,911.213135,1598.842163,-3952.178223,874.853271,1509.389526,-3883.871582,898.727051,1642.743408,-3929.229736,897.607422,1475.546631,-3930.878174,911.281250,1598.827881,-3952.093506,874.982422,1509.487793,-3884.005859,898.640808,1642.723022,-3929.239990,2616.305664,1567.747070,-3159.767334,,,,,,,,,,,,,,,,,,,,,,,,,,,,,,,,,
7683,76.830000,0.000000,0.000000,0.000000,1.000000,0.000000,0.000000,0.000000,57.698101,20.499701,-14.700500,0.047771,-0.013570,0.015998,-15.666301,-52.738201,18.801300,-93.396698,0.129960,17.611099,-0.201675,-0.500302,-0.681181,0.494993,894.847229,1556.531006,-3925.315186,896.927368,1475.488770,-3932.183594,910.465149,1598.724854,-3953.430420,874.033264,1509.281372,-3885.149902,897.963074,1642.629150,-3930.496338,896.900146,1475.468262,-3932.043213,910.410706,1598.674316,-3953.443115,874.109131,1509.354126,-3885.370361,897.977173,1642.635620,-3930.424316,2616.328125,1567.746338,-3159.767334,,,,,,,,,,,,,,,,,,,,,,,,,,,,,,,,,
7684,76.840000,0.000000,0.000000,0.000000,1.000000,0.000000,0.000000,0.000000,57.698101,20.499701,-14.700500,0.047771,-0.013570,0.015998,-15.666301,-52.738201,18.801300,-93.396698,0.129960,17.611099,-0.200164,-0.501200,-0.681686,0.494001,894.037842,1556.393921,-3926.729004,896.148254,1475.354492,-3933.619141,909.771057,1598.598877,-3954.763428,873.058777,1509.128784,-3886.668213,897.173157,1642.494141,-3931.864990,896.122742,1475.327148,-3933.340088,909.645691,1598.564087,-3954.822998,873.153137,1509.164673,-3887.040283,897.243286,1642.523682,-3931.745605,2616.268311,1567.736694,-3159.778564,,,,,,,,,,,,,,,,,,,,,,,,,,,,,,,,,
7685,76.850000,0.000000,0.000000,0.000000,1.000000,0.000000,0.000000,0.000000,57.698101,20.499701,-14.700500,0.047771,-0.013570,0.015998,-15.666301,-52.738201,18.801300,-93.396698,0.129960,17.611099,-0.200154,-0.501293,-0.681660,0.493947,893.249084,1556.232666,-3928.174805,895.360657,1475.191895,-3935.051270,908.986511,1598.432861,-3956.213623,872.264099,1508.974243,-3888.109131,896.385071,1642.331909,-3933.324219,895.315979,1475.150024,-3934.741699,908.883301,1598.426392,-3956.297119,872.361206,1508.959839,-3888.478027,896.447327,1642.387329,-3933.201416,2616.285889,1567.750244,-3159.782959,,,,,,,,,,,,,,,,,,,,,,,,,,,,,,,,,
7686,76.860000,0.000000,0.000000,0.000000,1.000000,0.000000,0.000000,0.000000,57.698101,20.499701,-14.700500,0.047771,-0.013570,0.015998,-15.666301,-52.738201,18.801300,-93.396698,0.129960,17.611099,-0.201447,-0.499977,-0.681799,0.494564,892.566711,1556.102905,-3929.450195,894.562378,1475.066040,-3936.407471,908.249756,1598.310791,-3957.508057,871.674072,1508.831665,-3889.351562,895.780701,1642.203247,-3934.533936,894.540100,1474.967529,-3936.211426,908.179138,1598.317139,-3957.575684,871.723938,1508.819580,-3889.568604,895.827942,1642.300293,-3934.443359,2616.296387,1567.799927,-3159.776123,,,,,,,,,,,,,,,,,,,,,,,,,,,,,,,,,
7687,76.870000,0.000000,0.000000,0.000000,1.000000,0.000000,0.000000,0.000000,57.698101,20.499701,-14.700500,0.047771,-0.013570,0.015998,-15.666301,-52.738201,18.801300,-93.396698,0.129960,17.611099,-0.201568,-0.499714,-0.681955,0.494564,891.883423,1555.989746,-3930.667480,893.845764,1474.954956,-3937.657471,907.572388,1598.202881,-3958.714355,870.987305,1508.710571,-3890.579834,895.128235,1642.090942,-3935.718018,893.793945,1474.848999,-3937.471436,907.512329,1598.225464,-3958.707764,871.069580,1508.693604,-3890.810059,895.163940,1642.178101,-3935.687988,2616.270752,1567.745850,-3159.781738,,,,,,,,,,,,,,,,,,,,,,,,,,,,,,,,,
7688,76.880000,0.000000,0.000000,0.000000,1.000000,0.000000,0.000000,0.000000,57.698101,20.499701,-14.700500,0.047771,-0.013570,0.015998,-15.666301,-52.738201,18.801300,-93.396698,0.129960,17.611099,-0.201183,-0.499852,-0.682181,0.494270,891.118286,1555.862549,-3932.078369,893.072998,1474.829590,-3939.090576,906.844238,1598.081055,-3960.096191,870.171570,1508.575195,-3892.026855,894.384216,1641.964600,-3937.099609,893.064392,1474.744263,-3938.744385,906.646729,1598.073486,-3960.150879,870.250366,1508.530029,-3892.444580,894.522583,1642.087036,-3936.995117,2616.315918,1567.772339,-3159.770264,,,,,,,,,,,,,,,,,,,,,,,,,,,,,,,,,
7689,76.890000,0.000000,0.000000,0.000000,1.000000,0.000000,0.000000,0.000000,57.698101,20.499701,-14.700500,0.047771,-0.013570,0.015998,-15.666301,-52.738201,18.801300,-93.396698,0.129960,17.611099,-0.201805,-0.499386,-0.682033,0.494692,890.275635,1555.698364,-3933.622803,892.210632,1474.665527,-3940.641846,905.955200,1597.916870,-3961.666748,869.396484,1508.411133,-3893.536133,893.540222,1641.800415,-3938.646240,892.228210,1474.565186,-3940.241943,905.752380,1597.936157,-3961.858154,869.431396,1508.338867,-3893.937500,893.695496,1641.939209,-3938.449707,2616.290039,1567.725952,-3159.761475,,,,,,,,,,,,,,,,,,,,,,,,,,,,,,,,,
7690,76.900000,0.000000,0.000000,0.000000,1.000000,0.000000,0.000000,0.000000,57.698101,20.499701,-14.700500,0.047771,-0.013570,0.015998,-15.666301,-52.738201,18.801300,-93.396698,0.129960,17.611099,-0.203685,-0.497474,-0.682204,0.495610,889.497375,1555.562500,-3935.025879,891.267944,1474.535767,-3942.159424,905.094238,1597.792480,-3963.098633,868.756836,1508.256226,-3894.889648,892.870422,1641.665649,-3939.956055,891.247498,1474.311157,-3941.980957,905.024292,1597.848755,-3963.144775,868.798828,1508.263184,-3895.077148,892.921814,1641.804932,-3939.886475,2616.309570,1567.740356,-3159.765381,,,,,,,,,,,,,,,,,,,,,,,,,,,,,,,,,
7691,76.910000,0.000000,0.000000,0.000000,1.000000,0.000000,0.000000,0.000000,57.698101,20.499701,-14.700500,0.047771,-0.013570,0.015998,-15.666301,-52.738201,18.801300,-93.396698,0.129960,17.611099,-0.204657,-0.496717,-0.682400,0.495699,888.745911,1555.491699,-3936.328613,890.392334,1474.464844,-3943.489990,904.341125,1597.709229,-3964.421143,868.025391,1508.201294,-3896.163574,892.224670,1641.591797,-3941.239990,890.397339,1474.134155,-3943.392090,904.250427,1597.699585,-3964.391113,868.089478,1508.411987,-3896.373291,892.258240,1641.699585,-3941.170654,2616.282715,1567.763794,-3159.775391,,,,,,,,,,,,,,,,,,,,,,,,,,,,,,,,,
7692,76.920000,0.000000,0.000000,0.000000,1.000000,0.000000,0.000000,0.000000,57.698101,20.499701,-14.700500,0.047771,-0.013570,0.015998,-15.666301,-52.738201,18.801300,-93.396698,0.129960,17.611099,-0.204155,-0.497298,-0.682640,0.494993,887.898438,1555.354858,-3937.755127,889.521973,1474.324829,-3944.885010,903.571106,1597.555298,-3965.829834,867.073242,1508.087891,-3897.616455,891.427368,1641.451538,-3942.689209,889.477722,1473.977783,-3944.736572,903.493042,1597.580566,-3965.764404,867.191895,1508.303223,-3897.902588,891.445007,1641.533203,-3942.643555,2616.278809,1567.743408,-3159.788330,,,,,,,,,,,,,,,,,,,,,,,,,,,,,,,,,
7693,76.930000,0.000000,0.000000,0.000000,1.000000,0.000000,0.000000,0.000000,57.698101,20.499701,-14.700500,0.047771,-0.013570,0.015998,-15.666301,-52.738201,18.801300,-93.396698,0.129960,17.611099,-0.203458,-0.498379,-0.682554,0.494312,887.015991,1555.181396,-3939.182617,888.681763,1474.143677,-3946.214844,902.751343,1597.354126,-3967.263916,866.097534,1507.954590,-3899.044922,890.533325,1641.273438,-3944.206055,888.709900,1473.924072,-3945.897217,902.568909,1597.383301,-3967.401855,866.138000,1508.032349,-3899.407959,890.655640,1641.368408,-3944.019043,2616.301025,1567.743530,-3159.778076,,,,,,,,,,,,,,,,,,,,,,,,,,,,,,,,,
7694,76.940000,0.000000,0.000000,0.000000,1.000000,0.000000,0.000000,0.000000,57.698101,20.499701,-14.700500,0.047771,-0.013570,0.015998,-15.666301,-52.738201,18.801300,-93.396698,0.129960,17.611099,-0.202868,-0.497431,-0.683590,0.494077,886.117493,1554.914185,-3940.645020,887.694397,1473.894775,-3947.904541,901.915710,1597.147827,-3968.599365,865.123962,1507.598633,-3900.651367,889.735840,1641.015991,-3945.424316,887.671387,1473.684570,-3947.637207,901.789734,1597.236450,-3968.644775,865.169434,1507.517090,-3900.910889,889.844482,1641.191162,-3945.370117,2616.291748,1567.703491,-3159.771729,,,,,,,,,,,,,,,,,,,,,,,,,,,,,,,,,
7695,76.950000,0.000000,0.000000,0.000000,1.000000,0.000000,0.000000,0.000000,57.698101,20.499701,-14.700500,0.047771,-0.013570,0.015998,-15.666301,-52.738201,18.801300,-93.396698,0.129960,17.611099,-0.201576,-0.497594,-0.684428,0.493281,885.303345,1554.713989,-3942.029785,886.856995,1473.705078,-3949.411133,901.210754,1596.982300,-3969.869629,864.160889,1507.347778,-3902.174805,888.984558,1640.820923,-3946.663086,886.753967,1473.508057,-3949.184326,901.171143,1597.112305,-3969.826660,864.251831,1507.179321,-3902.385498,889.034546,1641.024292,-3946.715088,2616.283936,1567.744995,-3159.777588,,,,,,,,,,,,,,,,,,,,,,,,,,,,,,,,,
7696,76.960000,0.000000,0.000000,0.000000,1.000000,0.000000,0.000000,0.000000,57.698101,20.499701,-14.700500,0.047771,-0.013570,0.015998,-15.666301,-52.738201,18.801300,-93.396698,0.129960,17.611099,-0.202173,-0.497848,-0.683823,0.493618,884.450256,1554.601807,-3943.323730,886.041260,1473.583496,-3950.593506,900.301819,1596.839844,-3971.240723,863.380371,1507.279663,-3903.377930,888.077454,1640.704224,-3948.082031,885.990051,1473.421143,-3950.388672,900.270508,1596.886353,-3971.315186,863.444092,1507.267700,-3903.587891,888.096375,1640.813477,-3947.992920,2616.317139,1567.756470,-3159.779053,,,,,,,,,,,,,,,,,,,,,,,,,,,,,,,,,
7697,76.970000,0.000000,0.000000,0.000000,1.000000,0.000000,0.000000,0.000000,57.698101,20.499701,-14.700500,0.047771,-0.013570,0.015998,-15.666301,-52.738201,18.801300,-93.396698,0.129960,17.611099,-0.199486,-0.500376,-0.683924,0.492012,883.451904,1554.449463,-3944.707031,885.212830,1473.423706,-3951.854004,899.461975,1596.672119,-3972.556885,862.136719,1507.151611,-3904.862793,886.995850,1640.550537,-3949.553955,885.197937,1473.354004,-3951.522705,899.312500,1596.659180,-3972.665771,862.214844,1507.153198,-3905.256836,887.093384,1640.624146,-3949.401611,2616.293945,1567.745850,-3159.772705,,,,,,,,,,,,,,,,,,,,,,,,,,,,,,,,,
7698,76.980000,0.000000,0.000000,0.000000,1.000000,0.000000,0.000000,0.000000,57.698101,20.499701,-14.700500,0.047771,-0.013570,0.015998,-15.666301,-52.738201,18.801300,-93.396698,0.129960,17.611099,-0.197825,-0.500740,-0.684735,0.491185,882.407104,1554.179810,-3946.189453,884.185547,1473.165527,-3953.460693,898.527466,1596.445557,-3973.910400,860.935852,1506.820190,-3906.502686,885.979614,1640.288086,-3950.883545,884.176392,1473.224976,-3953.053223,898.327087,1596.451416,-3974.033691,860.975952,1506.557739,-3906.893066,886.158142,1640.457397,-3950.783936,2616.302734,1567.748779,-3159.773682,,,,,,,,,,,,,,,,,,,,,,,,,,,,,,,,,
7699,76.990000,0.000000,0.000000,0.000000,1.000000,0.000000,0.000000,0.000000,57.698101,20.499701,-14.700500,0.047771,-0.013570,0.015998,-15.666301,-52.738201,18.801300,-93.396698,0.129960,17.611099,-0.198817,-0.499231,-0.684933,0.492044,881.417542,1553.971313,-3947.558838,883.119934,1472.968018,-3954.968750,897.463196,1596.272461,-3975.269043,860.061157,1506.559937,-3907.872070,885.025696,1640.084961,-3952.125732,883.073547,1473.031494,-3954.667236,897.348389,1596.327637,-3975.317139,860.106567,1506.258667,-3908.138428,885.148621,1640.228882,-3952.120117,2616.322021,1567.755249,-3159.773682,,,,,,,,,,,,,,,,,,,,,,,,,,,,,,,,,
7700,77.000000,0.000000,0.000000,0.000000,1.000000,0.000000,0.000000,0.000000,57.698101,20.499701,-14.700500,0.047771,-0.013570,0.015998,-15.666301,-52.738201,18.801300,-93.396698,0.129960,17.611099,-0.198682,-0.499337,-0.684602,0.492451,880.366333,1553.792236,-3948.902344,882.152832,1472.789429,-3956.298096,896.360229,1596.105469,-3976.624268,859.070190,1506.365479,-3909.201660,883.881958,1639.908936,-3953.485596,882.044861,1472.881958,-3956.030029,896.317871,1596.275879,-3976.610107,859.153076,1506.044312,-3909.420410,883.946838,1639.926147,-3953.551270,2616.308105,1567.762695,-3159.778564,,,,,,,,,,,,,,,,,,,,,,,,,,,,,,,,,
7701,77.010000,0.000000,0.000000,0.000000,1.000000,0.000000,0.000000,0.000000,57.698101,20.499701,-14.700500,0.047771,-0.013570,0.015998,-15.666301,-52.738201,18.801300,-93.396698,0.129960,17.611099,-0.196475,-0.500520,-0.684808,0.491848,879.237793,1553.610718,-3950.266846,881.193665,1472.614746,-3957.695557,895.296875,1595.964600,-3977.888672,857.826599,1506.128174,-3910.694580,882.633972,1639.735352,-3954.788330,881.118713,1472.779541,-3957.293457,895.147400,1596.148193,-3977.923828,857.904175,1505.817871,-3911.051758,882.773315,1639.675049,-3954.798340,2616.305908,1567.733643,-3159.771973,,,,,,,,,,,,,,,,,,,,,,,,,,,,,,,,,
7702,77.020000,0.000000,0.000000,0.000000,1.000000,0.000000,0.000000,0.000000,57.698101,20.499701,-14.700500,0.047771,-0.013570,0.015998,-15.666301,-52.738201,18.801300,-93.396698,0.129960,17.611099,-0.196913,-0.500134,-0.684201,0.492910,878.046875,1553.411865,-3951.781982,880.104248,1472.418213,-3959.207520,893.980835,1595.786621,-3979.444336,856.795471,1505.901855,-3912.156738,881.306763,1639.541016,-3956.319336,880.131042,1472.616333,-3958.700684,893.691833,1595.868896,-3979.620605,856.823486,1505.697998,-3912.632080,881.536804,1639.468750,-3956.172607,2616.285156,1567.719727,-3159.764404,,,,,,,,,,,,,,,,,,,,,,,,,,,,,,,,,
7703,77.030000,0.000000,0.000000,0.000000,1.000000,0.000000,0.000000,0.000000,57.698101,20.499701,-14.700500,0.047771,-0.013570,0.015998,-15.666301,-52.738201,18.801300,-93.396698,0.129960,17.611099,-0.197781,-0.499307,-0.683632,0.494190,876.891418,1553.215210,-3953.243408,879.013306,1472.225586,-3960.693604,892.681030,1595.613647,-3980.952148,855.832275,1505.673218,-3913.554199,880.039124,1639.348999,-3957.773682,879.074097,1472.420410,-3960.265625,892.401367,1595.664673,-3981.160645,855.828491,1505.552246,-3913.947754,880.259827,1639.235596,-3957.590332,2616.261719,1567.751099,-3159.778320,,,,,,,,,,,,,,,,,,,,,,,,,,,,,,,,,
7704,77.040000,0.000000,0.000000,0.000000,1.000000,0.000000,0.000000,0.000000,57.698101,20.499701,-14.700500,0.047771,-0.013570,0.015998,-15.666301,-52.738201,18.801300,-93.396698,0.129960,17.611099,-0.200075,-0.497502,-0.682378,0.496813,875.802490,1553.083374,-3954.543213,878.011963,1472.097534,-3962.009521,891.291626,1595.509766,-3982.378174,855.149597,1505.504028,-3914.685547,878.756836,1639.222656,-3959.099121,878.139526,1472.320923,-3961.720703,891.003601,1595.432861,-3982.597656,855.094238,1505.476318,-3914.947998,878.971619,1639.112793,-3958.888672,2616.324707,1567.725342,-3159.773926,,,,,,,,,,,,,,,,,,,,,,,,,,,,,,,,,
7705,77.050000,0.000000,0.000000,0.000000,1.000000,0.000000,0.000000,0.000000,57.698101,20.499701,-14.700500,0.047771,-0.013570,0.015998,-15.666301,-52.738201,18.801300,-93.396698,0.129960,17.611099,-0.201150,-0.496501,-0.681585,0.498466,874.723633,1552.991211,-3955.749268,877.027405,1472.010254,-3963.239502,890.022705,1595.446655,-3983.645264,854.322083,1505.372803,-3915.808838,877.522156,1639.135742,-3960.303223,877.146545,1472.281494,-3962.976318,889.744751,1595.294800,-3983.792480,854.292725,1505.397949,-3916.091553,877.710510,1639.009277,-3960.119385,2616.310059,1567.734375,-3159.765869,,,,,,,,,,,,,,,,,,,,,,,,,,,,,,,,,
7706,77.060000,0.000000,0.000000,0.000000,1.000000,0.000000,0.000000,0.000000,57.698101,20.499701,-14.700500,0.047771,-0.013570,0.015998,-15.666301,-52.738201,18.801300,-93.396698,0.129960,17.611099,-0.201654,-0.495606,-0.681216,0.499656,873.620483,1552.906128,-3957.018311,875.993835,1471.933960,-3964.582520,888.790405,1595.401855,-3984.923340,853.389038,1505.231445,-3917.058350,876.308655,1639.057495,-3961.509033,876.078552,1472.241333,-3964.196533,888.508179,1595.207031,-3985.093994,853.414368,1505.283325,-3917.509277,876.483582,1638.931152,-3961.272949,2616.284180,1567.721191,-3159.774658,,,,,,,,,,,,,,,,,,,,,,,,,,,,,,,,,
7707,77.070000,0.000000,0.000000,0.000000,1.000000,0.000000,0.000000,0.000000,57.698101,20.499701,-14.700500,0.047771,-0.013570,0.015998,-15.666301,-52.738201,18.801300,-93.396698,0.129960,17.611099,-0.203570,-0.493681,-0.680673,0.501520,872.349060,1552.726196,-3958.439697,874.705017,1471.761963,-3966.093994,887.317444,1595.253662,-3986.404785,852.401001,1505.006470,-3918.390869,874.972839,1638.882690,-3962.868164,874.833496,1472.087891,-3965.640137,886.932434,1594.946899,-3986.632324,852.409302,1505.051392,-3918.922607,875.204712,1638.836914,-3962.572998,2616.307129,1567.756592,-3159.771484,,,,,,,,,,,,,,,,,,,,,,,,,,,,,,,,,
7708,77.080000,0.000000,0.000000,0.000000,1.000000,0.000000,0.000000,0.000000,57.698101,20.499701,-14.700500,0.047771,-0.013570,0.015998,-15.666301,-52.738201,18.801300,-93.396698,0.129960,17.611099,-0.205868,-0.491367,-0.680229,0.503454,871.130127,1552.554443,-3959.832764,873.417236,1471.599243,-3967.601318,885.892883,1595.113525,-3987.859131,851.478088,1504.789551,-3919.691895,873.732117,1638.715820,-3964.177979,873.472778,1471.863403,-3967.317139,885.694763,1594.856201,-3988.007812,851.518555,1504.895508,-3920.071045,873.831543,1638.623535,-3963.952148,2616.287842,1567.735352,-3159.770020,,,,,,,,,,,,,,,,,,,,,,,,,,,,,,,,,
7709,77.090000,0.000000,0.000000,0.000000,1.000000,0.000000,0.000000,0.000000,57.698101,20.499701,-14.700500,0.047771,-0.013570,0.015998,-15.666301,-52.738201,18.801300,-93.396698,0.129960,17.611099,-0.206489,-0.490181,-0.680487,0.504006,869.966125,1552.426514,-3961.118652,872.184631,1471.481323,-3969.011719,884.685547,1595.017700,-3989.119385,850.384399,1504.614502,-3920.999512,872.609985,1638.592651,-3965.343994,872.235229,1471.564453,-3968.870117,884.536194,1594.795410,-3989.205078,850.436157,1504.922974,-3921.327393,872.657959,1638.451538,-3965.122559,2616.279785,1567.774780,-3159.780273,,,,,,,,,,,,,,,,,,,,,,,,,,,,,,,,,
7710,77.100000,0.000000,0.000000,0.000000,1.000000,0.000000,0.000000,0.000000,57.698101,20.499701,-14.700500,0.047771,-0.013570,0.015998,-15.666301,-52.738201,18.801300,-93.396698,0.129960,17.611099,-0.206255,-0.489684,-0.681118,0.503733,868.797913,1552.251221,-3962.340332,870.939636,1471.315186,-3970.347412,883.568848,1594.867554,-3990.275391,849.155212,1504.401733,-3922.295898,871.527893,1638.420532,-3966.442627,871.013855,1471.300659,-3970.168213,883.346252,1594.685425,-3990.352539,849.198792,1504.739258,-3922.693604,871.630432,1638.328491,-3966.219238,2616.296387,1567.762817,-3159.780273,,,,,,,,,,,,,,,,,,,,,,,,,,,,,,,,,
7711,77.110000,0.000000,0.000000,0.000000,1.000000,0.000000,0.000000,0.000000,57.698101,20.499701,-14.700500,0.047771,-0.013570,0.015998,-15.666301,-52.738201,18.801300,-93.396698,0.129960,17.611099,-0.206984,-0.488153,-0.682273,0.503357,867.700195,1552.058838,-3963.520752,869.583740,1471.135498,-3971.719482,882.552734,1594.695435,-3991.381592,847.980591,1504.175659,-3923.554199,870.683716,1638.228882,-3967.427490,869.716858,1470.941895,-3971.534424,882.235596,1594.517334,-3991.470703,847.976990,1504.524170,-3923.944580,870.857117,1638.289551,-3967.187256,2616.293457,1567.741211,-3159.765869,,,,,,,,,,,,,,,,,,,,,,,,,,,,,,,,,
7712,77.120000,0.000000,0.000000,0.000000,1.000000,0.000000,0.000000,0.000000,57.698101,20.499701,-14.700500,0.047771,-0.013570,0.015998,-15.666301,-52.738201,18.801300,-93.396698,0.129960,17.611099,-0.205837,-0.487439,-0.684050,0.502106,866.672546,1551.798340,-3964.622070,868.363220,1470.898193,-3973.086670,881.716980,1594.487915,-3992.298340,846.713135,1503.834839,-3924.871338,869.896973,1637.972656,-3968.231445,868.379150,1470.656372,-3972.820312,881.529053,1594.456665,-3992.316895,846.773193,1503.894897,-3925.229004,870.023926,1638.172363,-3968.126221,2616.311768,1567.759155,-3159.763672,,,,,,,,,,,,,,,,,,,,,,,,,,,,,,,,,
7713,77.130000,0.000000,0.000000,0.000000,1.000000,0.000000,0.000000,0.000000,57.698101,20.499701,-14.700500,0.047771,-0.013570,0.015998,-15.666301,-52.738201,18.801300,-93.396698,0.129960,17.611099,-0.202153,-0.488393,-0.686548,0.499258,865.596191,1551.509766,-3965.744141,867.175415,1470.637085,-3974.488281,881.013733,1594.263062,-3993.114746,845.132690,1503.450562,-3926.367188,869.062744,1637.688477,-3969.005615,866.979065,1470.321899,-3974.177002,880.996033,1594.387207,-3992.982178,845.328918,1503.333740,-3926.726318,869.069519,1637.922729,-3969.082275,2616.309082,1567.775391,-3159.781738,,,,,,,,,,,,,,,,,,,,,,,,,,,,,,,,,
7714,77.140000,0.000000,0.000000,0.000000,1.000000,0.000000,0.000000,0.000000,57.698101,20.499701,-14.700500,0.047771,-0.013570,0.015998,-15.666301,-52.738201,18.801300,-93.396698,0.129960,17.611099,-0.201128,-0.489082,-0.687529,0.497645,864.457092,1551.280029,-3966.825195,865.917114,1470.407837,-3975.594238,880.067688,1594.014160,-3994.116455,843.741577,1503.245117,-3927.550781,868.101807,1637.453369,-3970.039307,865.646301,1470.063354,-3975.383057,880.162842,1594.152954,-3993.888184,844.015869,1503.286133,-3927.880859,867.999146,1637.565430,-3970.141846,2616.265625,1567.736816,-3159.788574,,,,,,,,,,,,,,,,,,,,,,,,,,,,,,,,,
7715,77.150000,0.000000,0.000000,0.000000,1.000000,0.000000,0.000000,0.000000,57.698101,20.499701,-14.700500,0.047771,-0.013570,0.015998,-15.666301,-52.738201,18.801300,-93.396698,0.129960,17.611099,-0.198254,-0.490288,-0.688917,0.495689,863.154907,1550.945923,-3968.004883,864.619568,1470.088257,-3976.906250,879.005920,1593.716064,-3995.100586,842.103699,1502.857666,-3928.974609,866.890259,1637.121826,-3971.038086,864.416687,1469.874146,-3976.628418,879.027771,1593.898071,-3994.984619,842.293640,1502.730835,-3929.282471,866.874451,1637.230347,-3971.113037,2616.304443,1567.728027,-3159.768066,,,,,,,,,,,,,,,,,,,,,,,,,,,,,,,,,
7716,77.160000,0.000000,0.000000,0.000000,1.000000,0.000000,0.000000,0.000000,57.698101,20.499701,-14.700500,0.047771,-0.013570,0.015998,-15.666301,-52.738201,18.801300,-93.396698,0.129960,17.611099,-0.196916,-0.491122,-0.689174,0.495038,861.936768,1550.699829,-3969.040039,863.471497,1469.844482,-3977.950195,877.859131,1593.482422,-3996.073975,840.776184,1502.594604,-3930.089844,865.640076,1636.878174,-3972.045654,863.386047,1469.796509,-3977.652588,877.784241,1593.621216,-3996.090820,840.854736,1502.357422,-3930.364014,865.721680,1636.982544,-3972.056152,2616.293701,1567.784790,-3159.778809,,,,,,,,,,,,,,,,,,,,,,,,,,,,,,,,,
7717,77.170000,0.000000,0.000000,0.000000,1.000000,0.000000,0.000000,0.000000,57.698101,20.499701,-14.700500,0.047771,-0.013570,0.015998,-15.666301,-52.738201,18.801300,-93.396698,0.129960,17.611099,-0.196712,-0.491644,-0.688614,0.495380,860.739746,1550.491089,-3969.995117,862.392456,1469.629639,-3978.829346,876.607422,1593.271240,-3997.065186,839.638672,1502.391968,-3931.005371,864.320435,1636.671753,-3973.080078,862.398254,1469.739014,-3978.546875,876.460815,1593.331177,-3997.167236,839.636169,1502.156006,-3931.236572,864.460571,1636.722168,-3973.030518,2616.277588,1567.737427,-3159.795898,,,,,,,,,,,,,,,,,,,,,,,,,,,,,,,,,
7718,77.180000,0.000000,0.000000,0.000000,1.000000,0.000000,0.000000,0.000000,57.698101,20.499701,-14.700500,0.047771,-0.013570,0.015998,-15.666301,-52.738201,18.801300,-93.396698,0.129960,17.611099,-0.197778,-0.491154,-0.687929,0.496392,859.564697,1550.330322,-3970.886719,861.256287,1469.464600,-3979.673340,875.309509,1593.105835,-3998.035645,838.629333,1502.239380,-3931.797852,863.063721,1636.511841,-3974.040039,861.224365,1469.605957,-3979.435303,875.238342,1593.111084,-3998.106934,838.680664,1502.156738,-3932.029541,863.117249,1636.456665,-3973.970215,2616.297363,1567.755859,-3159.783203,,,,,,,,,,,,,,,,,,,,,,,,,,,,,,,,,
7719,77.190000,0.000000,0.000000,0.000000,1.000000,0.000000,0.000000,0.000000,57.698101,20.499701,-14.700500,0.047771,-0.013570,0.015998,-15.666301,-52.738201,18.801300,-93.396698,0.129960,17.611099,-0.199811,-0.489919,-0.686740,0.498441,858.396729,1550.207520,-3971.760010,860.153625,1469.338379,-3980.503174,873.899719,1592.988159,-3999.039551,837.788940,1502.111572,-3932.503418,861.744446,1636.392090,-3974.993896,860.239014,1469.591675,-3980.284668,873.689636,1592.809814,-3999.161133,837.792419,1502.212646,-3932.779785,861.866821,1636.231934,-3974.811279,2616.283691,1567.729492,-3159.773193,,,,,,,,,,,,,,,,,,,,,,,,,,,,,,,,,
7720,77.200000,0.000000,0.000000,0.000000,1.000000,0.000000,0.000000,0.000000,57.698101,20.499701,-14.700500,0.047771,-0.013570,0.015998,-15.666301,-52.738201,18.801300,-93.396698,0.129960,17.611099,-0.201228,-0.488874,-0.685988,0.499930,857.208435,1550.063354,-3972.613770,859.003906,1469.195068,-3981.355713,872.539429,1592.856079,-3999.971680,836.834839,1501.951904,-3933.254150,860.455505,1636.250854,-3975.873535,859.167603,1469.560669,-3981.095947,872.198730,1592.573975,-4000.109131,836.816833,1502.167236,-3933.626953,860.651978,1635.978882,-3975.623535,2616.297852,1567.718262,-3159.766113,,,,,,,,,,,,,,,,,,,,,,,,,,,,,,,,,
7721,77.210000,0.000000,0.000000,0.000000,1.000000,0.000000,0.000000,0.000000,57.698101,20.499701,-14.700500,0.047771,-0.013570,0.015998,-15.666301,-52.738201,18.801300,-93.396698,0.129960,17.611099,-0.201915,-0.487349,-0.686456,0.500498,855.876648,1549.881714,-3973.598389,857.568298,1469.030029,-3982.514404,871.171814,1592.716675,-4000.910400,835.567627,1501.707642,-3934.281738,859.198608,1636.072632,-3976.687256,857.692017,1469.365356,-3982.273438,870.864990,1592.422485,-4000.981689,835.596130,1501.986816,-3934.699463,859.355408,1635.793091,-3976.467529,2616.319336,1567.727051,-3159.767090,,,,,,,,,,,,,,,,,,,,,,,,,,,,,,,,,
7722,77.220000,0.000000,0.000000,0.000000,1.000000,0.000000,0.000000,0.000000,57.698101,20.499701,-14.700500,0.047771,-0.013570,0.015998,-15.666301,-52.738201,18.801300,-93.396698,0.129960,17.611099,-0.200842,-0.485727,-0.689109,0.498860,854.582825,1549.717041,-3974.594727,855.932678,1468.906250,-3983.929443,870.139954,1592.624390,-4001.643555,833.957642,1501.430908,-3935.581787,858.301025,1635.907104,-3977.224365,856.000366,1469.054321,-3983.649902,869.888733,1592.446045,-4001.740967,834.002380,1501.578369,-3936.001953,858.439209,1635.810913,-3977.034180,2616.330322,1567.756592,-3159.774170,,,,,,,,,,,,,,,,,,,,,,,,,,,,,,,,,
7723,77.230000,0.000000,0.000000,0.000000,1.000000,0.000000,0.000000,0.000000,57.698101,20.499701,-14.700500,0.047771,-0.013570,0.015998,-15.666301,-52.738201,18.801300,-93.396698,0.129960,17.611099,-0.200225,-0.484981,-0.691059,0.497132,853.343506,1549.671387,-3975.594238,854.392090,1468.882690,-3985.155518,869.142700,1592.592407,-4002.480957,832.423828,1501.358154,-3936.771973,857.415344,1635.852783,-3977.968750,854.467163,1468.790649,-3984.952393,868.867188,1592.415649,-4002.516357,832.480713,1501.648560,-3937.193604,857.550720,1635.869019,-3977.789307,2616.259033,1567.753662,-3159.777100,,,,,,,,,,,,,,,,,,,,,,,,,,,,,,,,,
7724,77.240000,0.000000,0.000000,0.000000,1.000000,0.000000,0.000000,0.000000,57.698101,20.499701,-14.700500,0.047771,-0.013570,0.015998,-15.666301,-52.738201,18.801300,-93.396698,0.129960,17.611099,-0.197730,-0.486098,-0.692632,0.494845,852.002380,1549.576050,-3976.665039,852.972168,1468.800293,-3986.343506,868.079834,1592.508789,-4003.366943,830.706177,1501.242188,-3938.073975,856.251282,1635.753296,-3978.875488,853.055969,1468.595215,-3986.162109,867.818420,1592.380859,-4003.406494,830.757507,1501.594482,-3938.468018,856.379517,1635.781860,-3978.687012,2616.282959,1567.781128,-3159.800049,,,,,,,,,,,,,,,,,,,,,,,,,,,,,,,,,
7725,77.250000,0.000000,0.000000,0.000000,1.000000,0.000000,0.000000,0.000000,57.698101,20.499701,-14.700500,0.047771,-0.013570,0.015998,-15.666301,-52.738201,18.801300,-93.396698,0.129960,17.611099,-0.194430,-0.486791,-0.694544,0.492789,850.694702,1549.360107,-3977.803223,851.641479,1468.616089,-3987.745117,867.039062,1592.361572,-4004.231445,829.029724,1500.924438,-3939.546387,855.068420,1635.538818,-3979.690186,851.548889,1468.304932,-3987.489502,866.945862,1592.469482,-4004.166992,829.153076,1500.920532,-3939.862793,855.130615,1635.690918,-3979.688721,2616.275879,1567.762451,-3159.792969,,,,,,,,,,,,,,,,,,,,,,,,,,,,,,,,,
7726,77.260000,0.000000,0.000000,0.000000,1.000000,0.000000,0.000000,0.000000,57.698101,20.499701,-14.700500,0.047771,-0.013570,0.015998,-15.666301,-52.738201,18.801300,-93.396698,0.129960,17.611099,-0.193360,-0.486959,-0.694882,0.492566,849.439880,1549.165405,-3978.902100,850.444092,1468.432251,-3988.927490,865.817017,1592.202393,-4005.251953,827.721008,1500.678955,-3940.739990,853.777283,1635.348022,-3980.688477,850.197327,1468.130737,-3988.694580,865.873596,1592.458862,-4005.041992,827.919128,1500.502563,-3940.990234,853.750305,1635.527100,-3980.852295,2616.289795,1567.739990,-3159.773682,,,,,,,,,,,,,,,,,,,,,,,,,,,,,,,,,
7727,77.270000,0.000000,0.000000,0.000000,1.000000,0.000000,0.000000,0.000000,57.698101,20.499701,-14.700500,0.047771,-0.013570,0.015998,-15.666301,-52.738201,18.801300,-93.396698,0.129960,17.611099,-0.194227,-0.487451,-0.693673,0.493442,848.227783,1549.144897,-3979.856445,849.353394,1468.390137,-3989.692383,864.475586,1592.147705,-4006.342041,826.671936,1500.711426,-3941.535156,852.410217,1635.330444,-3981.856689,849.148926,1468.185059,-3989.562988,864.567200,1592.333374,-4006.137939,826.863403,1500.700195,-3941.728760,852.332153,1635.352661,-3981.977051,2616.269531,1567.705688,-3159.787598,,,,,,,,,,,,,,,,,,,,,,,,,,,,,,,,,
7728,77.280000,0.000000,0.000000,0.000000,1.000000,0.000000,0.000000,0.000000,57.698101,20.499701,-14.700500,0.047771,-0.013570,0.015998,-15.666301,-52.738201,18.801300,-93.396698,0.129960,17.611099,-0.193429,-0.488527,-0.693394,0.493083,846.928040,1549.130737,-3980.891846,848.155945,1468.366089,-3990.635010,863.197815,1592.119873,-4007.386230,825.327026,1500.719116,-3942.568604,851.031433,1635.317993,-3982.978271,848.072815,1468.284546,-3990.488525,863.194580,1592.219116,-4007.358154,825.423889,1500.732422,-3942.752197,851.023804,1635.284912,-3982.975098,2616.304688,1567.724243,-3159.769287,,,,,,,,,,,,,,,,,,,,,,,,,,,,,,,,,
7729,77.290000,0.000000,0.000000,0.000000,1.000000,0.000000,0.000000,0.000000,57.698101,20.499701,-14.700500,0.047771,-0.013570,0.015998,-15.666301,-52.738201,18.801300,-93.396698,0.129960,17.611099,-0.194117,-0.489137,-0.691828,0.494406,845.515015,1549.004395,-3982.046875,846.958801,1468.219238,-3991.587402,861.598572,1591.973633,-4008.686523,824.142822,1500.627197,-3943.552002,849.359802,1635.197876,-3984.361084,846.935303,1468.368530,-3991.330078,861.512085,1591.969849,-4008.775635,824.196167,1500.575806,-3943.810547,849.420166,1635.116211,-3984.265869,2616.339600,1567.732666,-3159.767822,,,,,,,,,,,,,,,,,,,,,,,,,,,,,,,,,
7730,77.300000,0.000000,0.000000,0.000000,1.000000,0.000000,0.000000,0.000000,57.698101,20.499701,-14.700500,0.047771,-0.013570,0.015998,-15.666301,-52.738201,18.801300,-93.396698,0.129960,17.611099,-0.195416,-0.489255,-0.690095,0.496196,844.290894,1548.992798,-3983.036377,845.935608,1468.189087,-3992.385498,860.137329,1591.943848,-4009.846680,823.220581,1500.647095,-3944.335938,847.870117,1635.191162,-3985.576904,845.930420,1468.458984,-3992.114746,860.016418,1591.800781,-4009.927246,823.297791,1500.699707,-3944.664307,847.925842,1635.052856,-3985.437744,2616.266602,1567.748657,-3159.782959,,,,,,,,,,,,,,,,,,,,,,,,,,,,,,,,,
7731,77.310000,0.000000,0.000000,0.000000,1.000000,0.000000,0.000000,0.000000,57.698101,20.499701,-14.700500,0.047771,-0.013570,0.015998,-15.666301,-52.738201,18.801300,-93.396698,0.129960,17.611099,-0.196186,-0.489156,-0.688949,0.497580,842.948853,1548.953979,-3984.129883,844.748230,1468.142944,-3993.386475,858.618774,1591.908203,-4011.038818,822.102417,1500.607788,-3945.309082,846.325867,1635.157227,-3986.784912,844.804932,1468.498291,-3993.134033,858.430786,1591.633911,-4011.142822,822.153931,1500.747925,-3945.651855,846.408264,1634.983398,-3986.594971,2616.300293,1567.750122,-3159.787109,,,,,,,,,,,,,,,,,,,,,,,,,,,,,,,,,
7732,77.320000,0.000000,0.000000,0.000000,1.000000,0.000000,0.000000,0.000000,57.698101,20.499701,-14.700500,0.047771,-0.013570,0.015998,-15.666301,-52.738201,18.801300,-93.396698,0.129960,17.611099,-0.197182,-0.488116,-0.688933,0.498230,841.682678,1548.962524,-3985.116455,843.415710,1468.156982,-3994.433350,857.290771,1591.927612,-4012.043945,820.931885,1500.599609,-3946.265137,845.092224,1635.165771,-3987.723145,843.585205,1468.463501,-3994.107422,856.896423,1591.572632,-4012.237549,820.918701,1500.793091,-3946.716797,845.307617,1635.033936,-3987.434326,2616.288818,1567.736084,-3159.769043,,,,,,,,,,,,,,,,,,,,,,,,,,,,,,,,,
7733,77.330000,0.000000,0.000000,0.000000,1.000000,0.000000,0.000000,0.000000,57.698101,20.499701,-14.700500,0.047771,-0.013570,0.015998,-15.666301,-52.738201,18.801300,-93.396698,0.129960,17.611099,-0.197129,-0.487571,-0.689534,0.497953,840.178223,1548.924805,-3986.325684,841.819214,1468.129395,-3995.746094,855.836487,1591.906494,-4013.197510,819.370667,1500.536133,-3947.537109,843.686523,1635.127563,-3988.822021,841.968140,1468.299927,-3995.437012,855.446167,1591.604736,-4013.389648,819.363037,1500.739380,-3948.003418,843.904358,1635.053345,-3988.531738,2616.289307,1567.724487,-3159.769531,,,,,,,,,,,,,,,,,,,,,,,,,,,,,,,,,
7734,77.340000,0.000000,0.000000,0.000000,1.000000,0.000000,0.000000,0.000000,57.698101,20.499701,-14.700500,0.047771,-0.013570,0.015998,-15.666301,-52.738201,18.801300,-93.396698,0.129960,17.611099,-0.195789,-0.487419,-0.691293,0.496190,838.832703,1549.027954,-3987.388184,840.275513,1468.252319,-3997.009277,854.727295,1592.031982,-4014.084717,817.723999,1500.601562,-3948.809814,842.603943,1635.225952,-3989.648438,840.414490,1468.271851,-3996.650391,854.298279,1591.813110,-4014.276123,817.711487,1500.687866,-3949.286621,842.873718,1635.327759,-3989.380859,2616.277344,1567.737427,-3159.771729,,,,,,,,,,,,,,,,,,,,,,,,,,,,,,,,,
7735,77.350000,0.000000,0.000000,0.000000,1.000000,0.000000,0.000000,0.000000,57.698101,20.499701,-14.700500,0.047771,-0.013570,0.015998,-15.666301,-52.738201,18.801300,-93.396698,0.129960,17.611099,-0.192741,-0.489093,-0.692553,0.493973,837.265991,1549.069214,-3988.598389,838.735535,1468.302979,-3998.293701,853.417175,1592.090698,-4015.112305,815.795776,1500.616333,-3950.253418,841.115356,1635.266968,-3990.733643,838.732117,1468.222168,-3998.038330,853.219055,1592.028564,-4015.093750,815.878296,1500.622925,-3950.617920,841.242371,1635.397705,-3990.671631,2616.269043,1567.772705,-3159.794922,,,,,,,,,,,,,,,,,,,,,,,,,,,,,,,,,
7736,77.360000,0.000000,0.000000,0.000000,1.000000,0.000000,0.000000,0.000000,57.698101,20.499701,-14.700500,0.047771,-0.013570,0.015998,-15.666301,-52.738201,18.801300,-93.396698,0.129960,17.611099,-0.191659,-0.489373,-0.693167,0.493255,835.839722,1549.174927,-3989.670898,837.300659,1468.417725,-3999.443604,852.081421,1592.216064,-4016.098145,814.244629,1500.692871,-3951.433105,839.732239,1635.373169,-3991.709229,837.234070,1468.262817,-3999.230225,852.011353,1592.237061,-4016.081787,814.332886,1500.610596,-3951.683105,839.790161,1635.575317,-3991.692139,2616.260254,1567.771240,-3159.797607,,,,,,,,,,,,,,,,,,,,,,,,,,,,,,,,,
7737,77.370000,0.000000,0.000000,0.000000,1.000000,0.000000,0.000000,0.000000,57.698101,20.499701,-14.700500,0.047771,-0.013570,0.015998,-15.666301,-52.738201,18.801300,-93.396698,0.129960,17.611099,-0.190564,-0.489612,-0.693655,0.492756,834.353516,1549.281128,-3990.820312,835.837463,1468.534180,-4000.672852,850.659668,1592.349365,-4017.163330,812.665161,1500.759766,-3952.685547,838.251587,1635.481323,-3992.760010,835.606995,1468.279297,-4000.471191,850.776733,1592.504272,-4017.081299,812.847107,1500.644653,-3952.893311,838.163574,1635.654053,-3992.820801,2616.279541,1567.756958,-3159.786133,,,,,,,,,,,,,,,,,,,,,,,,,,,,,,,,,
7738,77.380000,0.000000,0.000000,0.000000,1.000000,0.000000,0.000000,0.000000,57.698101,20.499701,-14.700500,0.047771,-0.013570,0.015998,-15.666301,-52.738201,18.801300,-93.396698,0.129960,17.611099,-0.190796,-0.489406,-0.693260,0.493426,832.767151,1549.359375,-3992.059570,834.319824,1468.613159,-4001.907715,848.994568,1592.442139,-4018.427002,811.178772,1500.818848,-3953.892334,836.575256,1635.563354,-3994.010498,834.084045,1468.457031,-4001.663574,849.112488,1592.596191,-4018.375000,811.368774,1500.644775,-3954.130371,836.494202,1635.698364,-3994.060791,2616.319824,1567.738403,-3159.770508,,,,,,,,,,,,,,,,,,,,,,,,,,,,,,,,,
7739,77.390000,0.000000,0.000000,0.000000,1.000000,0.000000,0.000000,0.000000,57.698101,20.499701,-14.700500,0.047771,-0.013570,0.015998,-15.666301,-52.738201,18.801300,-93.396698,0.129960,17.611099,-0.193000,-0.488996,-0.691433,0.495534,831.280273,1549.565552,-3993.214844,832.966980,1468.798096,-4002.864258,847.239197,1592.618530,-4019.793945,810.047119,1501.072632,-3954.788574,834.867798,1635.773193,-3995.412354,832.835510,1468.726562,-4002.697510,847.309998,1592.663330,-4019.808350,810.199219,1501.147949,-3955.017578,834.782349,1635.726807,-3995.350830,2616.281494,1567.757690,-3159.774414,,,,,,,,,,,,,,,,,,,,,,,,,,,,,,,,,
7740,77.400000,0.000000,0.000000,0.000000,1.000000,0.000000,0.000000,0.000000,57.698101,20.499701,-14.700500,0.047771,-0.013570,0.015998,-15.666301,-52.738201,18.801300,-93.396698,0.129960,17.611099,-0.190100,-0.490369,-0.691704,0.494920,829.694946,1549.662354,-3994.464600,831.622192,1468.908691,-4004.184326,845.717957,1592.777954,-4020.903564,808.338074,1501.083130,-3956.216553,833.101440,1635.880005,-3996.554443,831.543091,1468.969604,-4003.858154,845.667053,1592.884521,-4021.010986,808.426758,1500.990356,-3956.525879,833.142944,1635.802612,-3996.462646,2616.270264,1567.769165,-3159.781982,,,,,,,,,,,,,,,,,,,,,,,,,,,,,,,,,
7741,77.410000,0.000000,0.000000,0.000000,1.000000,0.000000,0.000000,0.000000,57.698101,20.499701,-14.700500,0.047771,-0.013570,0.015998,-15.666301,-52.738201,18.801300,-93.396698,0.129960,17.611099,-0.192903,-0.488183,-0.690385,0.497831,828.172546,1549.779419,-3995.731445,830.149780,1469.029785,-4005.474121,843.870911,1592.924438,-4022.316406,807.261169,1501.160767,-3957.287842,831.408325,1636.003052,-3997.846924,830.204224,1469.210083,-4005.084961,843.607666,1592.866211,-4022.475342,807.285583,1501.127197,-3957.701904,831.592102,1635.927856,-3997.667236,2616.291992,1567.722778,-3159.779297,,,,,,,,,,,,,,,,,,,,,,,,,,,,,,,,,
7742,77.420000,0.000000,0.000000,0.000000,1.000000,0.000000,0.000000,0.000000,57.698101,20.499701,-14.700500,0.047771,-0.013570,0.015998,-15.666301,-52.738201,18.801300,-93.396698,0.129960,17.611099,-0.193006,-0.488178,-0.689149,0.499504,826.750244,1549.937256,-3996.862793,828.983154,1469.188477,-4006.557373,842.240112,1593.118408,-4023.511963,806.092896,1501.272339,-3958.340332,829.684692,1636.170044,-3999.041748,828.997681,1469.476685,-4006.224121,842.022034,1593.020142,-4023.532471,806.174316,1501.312988,-3958.759277,829.820251,1635.983276,-3998.944336,2616.307129,1567.740356,-3159.766602,,,,,,,,,,,,,,,,,,,,,,,,,,,,,,,,,
7743,77.430000,0.000000,0.000000,0.000000,1.000000,0.000000,0.000000,0.000000,57.698101,20.499701,-14.700500,0.047771,-0.013570,0.015998,-15.666301,-52.738201,18.801300,-93.396698,0.129960,17.611099,-0.196559,-0.486063,-0.687416,0.502561,825.501892,1550.234985,-3997.837402,827.765869,1469.478882,-4007.463379,840.634827,1593.411011,-4024.698730,805.337646,1501.580566,-3959.041260,828.269287,1636.469971,-4000.145508,827.960022,1469.700073,-4007.272705,840.202820,1593.009277,-4024.828857,805.304199,1501.962524,-3959.441406,828.489075,1636.253418,-3999.858154,2616.272217,1567.750244,-3159.781982,,,,,,,,,,,,,,,,,,,,,,,,,,,,,,,,,
7744,77.440000,0.000000,0.000000,0.000000,1.000000,0.000000,0.000000,0.000000,57.698101,20.499701,-14.700500,0.047771,-0.013570,0.015998,-15.666301,-52.738201,18.801300,-93.396698,0.129960,17.611099,-0.196583,-0.485249,-0.688126,0.502365,824.278503,1550.465942,-3998.787109,826.431519,1469.723511,-4008.552002,839.458496,1593.667480,-4025.580811,804.064331,1501.772217,-3960.066650,827.159485,1636.700928,-4000.949463,826.694885,1469.763550,-4008.306396,838.836853,1593.243896,-4025.810303,803.971863,1502.162476,-3960.538818,827.496826,1636.658081,-4000.576416,2616.311279,1567.759277,-3159.774902,,,,,,,,,,,,,,,,,,,,,,,,,,,,,,,,,
7745,77.450000,0.000000,0.000000,0.000000,1.000000,0.000000,0.000000,0.000000,57.698101,20.499701,-14.700500,0.047771,-0.013570,0.015998,-15.666301,-52.738201,18.801300,-93.396698,0.129960,17.611099,-0.197816,-0.483675,-0.687885,0.503727,822.951904,1550.502686,-3999.747070,825.083191,1469.772827,-4009.621094,837.993042,1593.741821,-4026.558350,802.934326,1501.755249,-3960.991943,825.796997,1636.741089,-4001.816650,825.279053,1469.824585,-4009.338867,837.480286,1593.444824,-4026.722900,802.875305,1501.916138,-3961.416504,826.105774,1636.795410,-4001.554932,2616.285645,1567.748169,-3159.771729,,,,,,,,,,,,,,,,,,,,,,,,,,,,,,,,,
7746,77.460000,0.000000,0.000000,0.000000,1.000000,0.000000,0.000000,0.000000,57.698101,20.499701,-14.700500,0.047771,-0.013570,0.015998,-15.666301,-52.738201,18.801300,-93.396698,0.129960,17.611099,-0.195644,-0.484568,-0.688689,0.502618,821.681580,1550.544678,-4000.675293,823.874817,1469.828125,-4010.642578,836.858704,1593.820435,-4027.350830,801.465759,1501.744629,-3962.089600,824.526917,1636.786133,-4002.617920,823.899048,1469.911133,-4010.325928,836.612061,1593.747437,-4027.364746,801.512512,1501.645630,-3962.473877,824.701782,1636.866943,-4002.557861,2616.280273,1567.738037,-3159.784912,,,,,,,,,,,,,,,,,,,,,,,,,,,,,,,,,
7747,77.470000,0.000000,0.000000,0.000000,1.000000,0.000000,0.000000,0.000000,57.698101,20.499701,-14.700500,0.047771,-0.013570,0.015998,-15.666301,-52.738201,18.801300,-93.396698,0.129960,17.611099,-0.194112,-0.485474,-0.689532,0.501180,820.190125,1550.545776,-4001.694580,822.350830,1469.832397,-4011.695801,835.536438,1593.820923,-4028.274170,799.743225,1501.744873,-3963.232178,823.129944,1636.785400,-4003.576172,822.195374,1469.778809,-4011.496582,835.566650,1593.880127,-4028.177734,799.928162,1501.743652,-3963.518555,823.085205,1636.775391,-4003.606201,2616.275879,1567.728027,-3159.787354,,,,,,,,,,,,,,,,,,,,,,,,,,,,,,,,,
7748,77.480000,0.000000,0.000000,0.000000,1.000000,0.000000,0.000000,0.000000,57.698101,20.499701,-14.700500,0.047771,-0.013570,0.015998,-15.666301,-52.738201,18.801300,-93.396698,0.129960,17.611099,-0.193679,-0.485771,-0.689782,0.500716,818.632690,1550.465454,-4002.745117,820.779175,1469.752197,-4012.750244,834.032593,1593.737305,-4029.298828,798.112976,1501.668335,-3964.316406,821.605713,1636.704224,-4004.614746,820.565613,1469.689697,-4012.553711,834.157898,1593.795776,-4029.226807,798.361206,1501.759766,-3964.626221,821.467163,1636.626099,-4004.606689,2616.304199,1567.730591,-3159.775635,,,,,,,,,,,,,,,,,,,,,,,,,,,,,,,,,
7749,77.490000,0.000000,0.000000,0.000000,1.000000,0.000000,0.000000,0.000000,57.698101,20.499701,-14.700500,0.047771,-0.013570,0.015998,-15.666301,-52.738201,18.801300,-93.396698,0.129960,17.611099,-0.193530,-0.485058,-0.690269,0.500793,817.046509,1550.203125,-4003.807129,819.147766,1469.505249,-4013.945068,832.458252,1593.510498,-4030.295898,796.516907,1501.353760,-3965.449951,820.063110,1636.443115,-4005.537109,818.863464,1469.469971,-4013.665283,832.635437,1593.642090,-4030.245850,796.777466,1501.254028,-3965.764404,819.919495,1636.430176,-4005.559326,2616.307129,1567.716309,-3159.769043,,,,,,,,,,,,,,,,,,,,,,,,,,,,,,,,,
7750,77.500000,0.000000,0.000000,0.000000,1.000000,0.000000,0.000000,0.000000,57.698101,20.499701,-14.700500,0.047771,-0.013570,0.015998,-15.666301,-52.738201,18.801300,-93.396698,0.129960,17.611099,-0.194331,-0.483894,-0.690373,0.501465,815.598083,1549.946533,-4004.747314,817.637390,1469.259766,-4014.985596,830.950867,1593.278687,-4031.229980,795.159363,1501.060669,-3966.388428,818.644592,1636.187256,-4006.385742,817.406616,1469.283691,-4014.655029,831.038940,1593.396362,-4031.218994,795.374756,1500.900024,-3966.733398,818.577698,1636.179810,-4006.390137,2616.327637,1567.753174,-3159.771729,,,,,,,,,,,,,,,,,,,,,,,,,,,,,,,,,
7751,77.510000,0.000000,0.000000,0.000000,1.000000,0.000000,0.000000,0.000000,57.698101,20.499701,-14.700500,0.047771,-0.013570,0.015998,-15.666301,-52.738201,18.801300,-93.396698,0.129960,17.611099,-0.195990,-0.482885,-0.689668,0.502761,814.102478,1549.624390,-4005.708740,816.132629,1468.934082,-4015.920166,829.305542,1592.952271,-4032.284668,793.873718,1500.745605,-3967.229492,817.097961,1635.866089,-4007.400146,816.153137,1469.104248,-4015.520508,829.091370,1592.903076,-4032.417725,793.907471,1500.609131,-3967.628662,817.258118,1635.886230,-4007.267578,2616.316406,1567.765381,-3159.777100,,,,,,,,,,,,,,,,,,,,,,,,,,,,,,,,,
7752,77.520000,0.000000,0.000000,0.000000,1.000000,0.000000,0.000000,0.000000,57.698101,20.499701,-14.700500,0.047771,-0.013570,0.015998,-15.666301,-52.738201,18.801300,-93.396698,0.129960,17.611099,-0.197250,-0.482619,-0.688450,0.504190,812.962463,1549.443726,-4006.375244,815.104675,1468.741821,-4016.472900,827.981323,1592.759521,-4033.075439,792.974365,1500.585815,-3967.744385,815.789490,1635.688110,-4008.208740,815.252747,1469.038696,-4016.013672,827.593445,1592.574585,-4033.324219,792.938965,1500.544434,-3968.183838,816.057007,1635.641968,-4007.951660,2616.250244,1567.732544,-3159.794678,,,,,,,,,,,,,,,,,,,,,,,,,,,,,,,,,
7753,77.530000,0.000000,0.000000,0.000000,1.000000,0.000000,0.000000,0.000000,57.698101,20.499701,-14.700500,0.047771,-0.013570,0.015998,-15.666301,-52.738201,18.801300,-93.396698,0.129960,17.611099,-0.198754,-0.481727,-0.687741,0.505419,812.174377,1549.371948,-4006.778320,814.320557,1468.666382,-4016.845703,827.048462,1592.683716,-4033.565430,792.387390,1500.520874,-3968.035156,814.941040,1635.617188,-4008.666016,814.635254,1469.010254,-4016.297363,826.361511,1592.340942,-4034.002686,792.257568,1500.526855,-3968.548828,815.394775,1635.595581,-4008.244629,2616.273193,1567.750610,-3159.787842,,,,,,,,,,,,,,,,,,,,,,,,,,,,,,,,,
7754,77.540000,0.000000,0.000000,0.000000,1.000000,0.000000,0.000000,0.000000,57.698101,20.499701,-14.700500,0.047771,-0.013570,0.015998,-15.666301,-52.738201,18.801300,-93.396698,0.129960,17.611099,-0.200807,-0.480300,-0.687402,0.506426,811.291199,1549.186890,-4007.189209,813.317322,1468.479248,-4017.264893,826.056580,1592.485596,-4034.058105,791.672668,1500.353516,-3968.338379,814.118225,1635.429688,-4009.095703,813.523682,1468.636475,-4016.901123,825.566895,1592.292603,-4034.279785,791.600952,1500.475830,-3968.791504,814.442200,1635.337280,-4008.810059,2616.286621,1567.734863,-3159.771973,,,,,,,,,,,,,,,,,,,,,,,,,,,,,,,,,
7755,77.550000,0.000000,0.000000,0.000000,1.000000,0.000000,0.000000,0.000000,57.698101,20.499701,-14.700500,0.047771,-0.013570,0.015998,-15.666301,-52.738201,18.801300,-93.396698,0.129960,17.611099,-0.200196,-0.480179,-0.688331,0.505520,810.174072,1548.828491,-4007.726562,812.086914,1468.130981,-4017.904297,825.063477,1592.137817,-4034.509277,790.398865,1499.976562,-3968.978760,813.146851,1635.068848,-4009.514404,812.154114,1468.141357,-4017.596191,824.776489,1592.191284,-4034.571533,790.419861,1500.071777,-3969.388916,813.347290,1634.919800,-4009.385498,2616.313965,1567.765137,-3159.768555,,,,,,,,,,,,,,,,,,,,,,,,,,,,,,,,,
7756,77.560000,0.000000,0.000000,0.000000,1.000000,0.000000,0.000000,0.000000,57.698101,20.499701,-14.700500,0.047771,-0.013570,0.015998,-15.666301,-52.738201,18.801300,-93.396698,0.129960,17.611099,-0.198585,-0.480164,-0.690530,0.503165,808.895996,1548.370850,-4008.291260,810.547363,1467.695190,-4018.686768,824.097961,1591.696411,-4034.871582,788.722656,1499.488403,-3969.787842,812.216003,1634.603638,-4009.819092,810.434448,1467.504883,-4018.424561,824.032043,1591.997803,-4034.778564,788.850525,1499.477417,-3970.090576,812.258057,1634.515015,-4009.861572,2616.303711,1567.723389,-3159.766357,,,,,,,,,,,,,,,,,,,,,,,,,,,,,,,,,
7757,77.570000,0.000000,0.000000,0.000000,1.000000,0.000000,0.000000,0.000000,57.698101,20.499701,-14.700500,0.047771,-0.013570,0.015998,-15.666301,-52.738201,18.801300,-93.396698,0.129960,17.611099,-0.195810,-0.482024,-0.692005,0.500441,807.578430,1547.868286,-4008.862061,809.173706,1467.195557,-4019.288086,823.096252,1591.180176,-4035.281250,786.973022,1499.001953,-3970.567383,811.070679,1634.095581,-4010.311035,808.970947,1467.057251,-4018.995361,823.112793,1591.598999,-4035.115723,787.157471,1498.873413,-3970.875488,811.072510,1633.979492,-4010.433105,2616.298584,1567.734985,-3159.774902,,,,,,,,,,,,,,,,,,,,,,,,,,,,,,,,,
7758,77.580000,0.000000,0.000000,0.000000,1.000000,0.000000,0.000000,0.000000,57.698101,20.499701,-14.700500,0.047771,-0.013570,0.015998,-15.666301,-52.738201,18.801300,-93.396698,0.129960,17.611099,-0.197033,-0.481333,-0.692509,0.499929,806.322571,1547.491333,-4009.272461,807.685425,1466.814697,-4019.702393,821.910889,1590.762329,-4035.717529,785.651978,1498.679321,-3970.943848,810.041931,1633.709106,-4010.726562,807.561340,1466.605713,-4019.569824,821.900757,1590.976562,-4035.530518,785.825378,1498.851318,-3971.204346,810.015076,1633.557617,-4010.792725,2616.281982,1567.751587,-3159.770752,,,,,,,,,,,,,,,,,,,,,,,,,,,,,,,,,
7759,77.590000,0.000000,0.000000,0.000000,1.000000,0.000000,0.000000,0.000000,57.698101,20.499701,-14.700500,0.047771,-0.013570,0.015998,-15.666301,-52.738201,18.801300,-93.396698,0.129960,17.611099,-0.197069,-0.482356,-0.691963,0.499684,805.118286,1547.136841,-4009.627441,806.537781,1466.439575,-4019.888428,820.708069,1590.361816,-4036.146729,784.437561,1498.392456,-3971.217773,808.789551,1633.353516,-4011.256104,806.552979,1466.385742,-4019.810303,820.575317,1590.337158,-4036.063721,784.535400,1498.770630,-3971.499268,808.830750,1633.112305,-4011.189453,2616.308350,1567.744873,-3159.763672,,,,,,,,,,,,,,,,,,,,,,,,,,,,,,,,,
7760,77.600000,0.000000,0.000000,0.000000,1.000000,0.000000,0.000000,0.000000,57.698101,20.499701,-14.700500,0.047771,-0.013570,0.015998,-15.666301,-52.738201,18.801300,-93.396698,0.129960,17.611099,-0.196304,-0.483680,-0.690823,0.500281,804.171387,1546.895020,-4009.878662,805.864990,1466.183228,-4019.981934,819.657776,1590.118896,-4036.459961,783.595764,1498.158447,-3971.403076,807.566956,1633.119873,-4011.669189,806.059265,1466.366089,-4019.800781,819.244873,1589.826904,-4036.581055,783.556458,1498.556274,-3971.781250,807.794006,1632.834595,-4011.393555,2616.325928,1567.755249,-3159.765137,,,,,,,,,,,,,,,,,,,,,,,,,,,,,,,,,
7761,77.610000,0.000000,0.000000,0.000000,1.000000,0.000000,0.000000,0.000000,57.698101,20.499701,-14.700500,0.047771,-0.013570,0.015998,-15.666301,-52.738201,18.801300,-93.396698,0.129960,17.611099,-0.200618,-0.479366,-0.690686,0.502905,803.275940,1546.625977,-4010.053223,804.668335,1465.936890,-4020.381348,818.510681,1589.885254,-4036.722168,783.093750,1497.834351,-3971.439453,806.830933,1632.847778,-4011.669678,804.909790,1466.085693,-4020.132568,817.985046,1589.499756,-4036.973389,783.006042,1498.103394,-3971.827881,807.132263,1632.764648,-4011.320068,2616.311768,1567.734619,-3159.769775,,,,,,,,,,,,,,,,,,,,,,,,,,,,,,,,,
7762,77.620000,0.000000,0.000000,0.000000,1.000000,0.000000,0.000000,0.000000,57.698101,20.499701,-14.700500,0.047771,-0.013570,0.015998,-15.666301,-52.738201,18.801300,-93.396698,0.129960,17.611099,-0.203014,-0.475544,-0.692494,0.503085,802.302002,1546.394653,-4010.221436,803.189331,1465.748657,-4020.934082,817.594727,1589.695923,-4036.789307,782.110779,1497.531738,-3971.702637,806.313171,1632.602661,-4011.459717,803.373901,1465.703247,-4020.691895,817.177246,1589.420654,-4037.043457,782.039551,1497.688965,-3972.036377,806.575439,1632.742920,-4011.135986,2616.272705,1567.729004,-3159.770508,,,,,,,,,,,,,,,,,,,,,,,,,,,,,,,,,
7763,77.630000,0.000000,0.000000,0.000000,1.000000,0.000000,0.000000,0.000000,57.698101,20.499701,-14.700500,0.047771,-0.013570,0.015998,-15.666301,-52.738201,18.801300,-93.396698,0.129960,17.611099,-0.198992,-0.477004,-0.695357,0.499347,801.085754,1546.143555,-4010.431396,801.806946,1465.529541,-4021.395264,816.846680,1589.473633,-4036.676514,780.265991,1497.231445,-3972.311523,805.423401,1632.339844,-4011.342041,801.723511,1465.327393,-4021.146729,816.809998,1589.570068,-4036.705566,780.363037,1497.225464,-3972.588379,805.445801,1632.415527,-4011.281006,2616.278076,1567.698242,-3159.772949,,,,,,,,,,,,,,,,,,,,,,,,,,,,,,,,,
7764,77.640000,0.000000,0.000000,0.000000,1.000000,0.000000,0.000000,0.000000,57.698101,20.499701,-14.700500,0.047771,-0.013570,0.015998,-15.666301,-52.738201,18.801300,-93.396698,0.129960,17.611099,-0.197128,-0.477864,-0.697306,0.496539,799.709961,1545.884399,-4010.695557,800.206665,1465.283691,-4021.768555,815.813049,1589.191772,-4036.769775,778.445312,1496.997192,-3972.789795,804.374756,1632.065063,-4011.453613,799.945496,1465.029663,-4021.497803,815.944275,1589.427002,-4036.695068,778.653198,1496.902466,-3973.067627,804.287109,1632.133789,-4011.495605,2616.312256,1567.725220,-3159.764893,,,,,,,,,,,,,,,,,,,,,,,,,,,,,,,,,
7765,77.650000,0.000000,0.000000,0.000000,1.000000,0.000000,0.000000,0.000000,57.698101,20.499701,-14.700500,0.047771,-0.013570,0.015998,-15.666301,-52.738201,18.801300,-93.396698,0.129960,17.611099,-0.195929,-0.479392,-0.697372,0.495447,798.306702,1545.651245,-4010.906250,798.863098,1465.036133,-4021.871582,814.513916,1588.927124,-4036.968262,776.888428,1496.810303,-3973.027588,802.961304,1631.831543,-4011.757324,798.636536,1464.970093,-4021.571533,814.585999,1589.129150,-4036.884277,777.093018,1496.636841,-3973.349365,802.918640,1631.839600,-4011.820312,2616.306641,1567.750732,-3159.767334,,,,,,,,,,,,,,,,,,,,,,,,,,,,,,,,,
7766,77.660000,0.000000,0.000000,0.000000,1.000000,0.000000,0.000000,0.000000,57.698101,20.499701,-14.700500,0.047771,-0.013570,0.015998,-15.666301,-52.738201,18.801300,-93.396698,0.129960,17.611099,-0.195716,-0.480974,-0.695593,0.496498,797.026184,1545.548828,-4010.931396,797.911072,1464.901001,-4021.631836,813.062317,1588.804077,-4037.133301,775.799622,1496.746338,-3972.895508,801.331665,1631.744019,-4012.065430,797.885559,1465.189087,-4021.248291,812.902100,1588.766968,-4037.174316,775.878723,1496.629272,-3973.282959,801.444214,1631.651855,-4012.003906,2616.300293,1567.774048,-3159.769043,,,,,,,,,,,,,,,,,,,,,,,,,,,,,,,,,
7767,77.670000,0.000000,0.000000,0.000000,1.000000,0.000000,0.000000,0.000000,57.698101,20.499701,-14.700500,0.047771,-0.013570,0.015998,-15.666301,-52.738201,18.801300,-93.396698,0.129960,17.611099,-0.198904,-0.479519,-0.693747,0.499213,795.837463,1545.536011,-4010.887207,796.783630,1464.870361,-4021.446289,811.545715,1588.773804,-4037.315430,775.059021,1496.762817,-3972.567383,799.961304,1631.737305,-4012.219971,796.840698,1465.204590,-4021.144775,811.308167,1588.515381,-4037.372070,775.120544,1496.863403,-3972.961426,800.077332,1631.609375,-4012.074951,2616.317139,1567.739624,-3159.769287,,,,,,,,,,,,,,,,,,,,,,,,,,,,,,,,,
7768,77.680000,0.000000,0.000000,0.000000,1.000000,0.000000,0.000000,0.000000,57.698101,20.499701,-14.700500,0.047771,-0.013570,0.015998,-15.666301,-52.738201,18.801300,-93.396698,0.129960,17.611099,-0.201422,-0.478048,-0.693273,0.500272,794.727783,1545.620483,-4010.758789,795.523682,1464.948486,-4021.282227,810.318420,1588.828369,-4037.305420,774.134644,1496.888672,-3972.286621,798.934387,1631.816650,-4012.160889,795.658569,1465.188110,-4021.034180,809.970947,1588.463867,-4037.427490,774.134216,1497.048462,-3972.657959,799.110962,1631.762207,-4011.945801,2616.289062,1567.743530,-3159.763428,,,,,,,,,,,,,,,,,,,,,,,,,,,,,,,,,
7769,77.690000,0.000000,0.000000,0.000000,1.000000,0.000000,0.000000,0.000000,57.698101,20.499701,-14.700500,0.047771,-0.013570,0.015998,-15.666301,-52.738201,18.801300,-93.396698,0.129960,17.611099,-0.200905,-0.476306,-0.696388,0.497809,793.245178,1545.521973,-4010.861328,793.525208,1464.899170,-4021.780029,809.195374,1588.753540,-4037.154785,772.224365,1496.741821,-3972.682861,798.035767,1631.693726,-4011.827393,793.509094,1464.755493,-4021.576416,809.078918,1588.644043,-4037.181885,772.300842,1496.788818,-3972.983887,798.103699,1631.909912,-4011.713867,2616.309570,1567.767334,-3159.782471,,,,,,,,,,,,,,,,,,,,,,,,,,,,,,,,,
7770,77.700000,0.000000,0.000000,0.000000,1.000000,0.000000,0.000000,0.000000,57.698101,20.499701,-14.700500,0.047771,-0.013570,0.015998,-15.666301,-52.738201,18.801300,-93.396698,0.129960,17.611099,-0.197770,-0.477612,-0.698721,0.494533,791.468018,1545.330444,-4011.115479,791.583191,1464.731201,-4022.210205,807.818542,1588.565186,-4037.156006,769.912842,1496.538208,-3973.251709,796.557495,1631.487427,-4011.843750,791.406189,1464.474365,-4022.020752,807.898499,1588.698486,-4037.115967,770.046631,1496.440430,-3973.443359,796.503174,1631.670288,-4011.866943,2616.288330,1567.767700,-3159.790283,,,,,,,,,,,,,,,,,,,,,,,,,,,,,,,,,
7771,77.710000,0.000000,0.000000,0.000000,1.000000,0.000000,0.000000,0.000000,57.698101,20.499701,-14.700500,0.047771,-0.013570,0.015998,-15.666301,-52.738201,18.801300,-93.396698,0.129960,17.611099,-0.197178,-0.479139,-0.698653,0.493387,789.796814,1545.351196,-4011.133301,789.919983,1464.729248,-4022.060791,806.251892,1588.526123,-4037.207031,768.094849,1496.645142,-3973.242188,794.920593,1631.504517,-4012.021973,789.725159,1464.540649,-4021.880615,806.348145,1588.609741,-4037.135986,768.312866,1496.747314,-3973.525879,794.814270,1631.499390,-4012.011963,2616.264893,1567.781860,-3159.790771,,,,,,,,,,,,,,,,,,,,,,,,,,,,,,,,,
7772,77.720000,0.000000,0.000000,0.000000,1.000000,0.000000,0.000000,0.000000,57.698101,20.499701,-14.700500,0.047771,-0.013570,0.015998,-15.666301,-52.738201,18.801300,-93.396698,0.129960,17.611099,-0.195629,-0.483891,-0.695299,0.494104,788.223267,1545.403320,-4011.014893,789.016479,1464.699585,-4021.291748,804.474365,1588.493042,-4037.356934,766.710144,1496.837524,-3972.837402,792.691956,1631.583740,-4012.573242,789.153687,1464.974609,-4021.039551,804.137695,1588.281738,-4037.430664,766.735474,1497.146362,-3973.262939,792.877197,1631.243896,-4012.356689,2616.295654,1567.749756,-3159.783936,,,,,,,,,,,,,,,,,,,,,,,,,,,,,,,,,
7773,77.730000,0.000000,0.000000,0.000000,1.000000,0.000000,0.000000,0.000000,57.698101,20.499701,-14.700500,0.047771,-0.013570,0.015998,-15.666301,-52.738201,18.801300,-93.396698,0.129960,17.611099,-0.201115,-0.480005,-0.693470,0.498245,786.597351,1545.324219,-4010.971436,787.283569,1464.619263,-4021.246826,802.388062,1588.421265,-4037.580078,765.740967,1496.749146,-3972.442871,790.976685,1631.507568,-4012.616211,787.472229,1464.780273,-4021.089111,801.966309,1588.060669,-4037.690186,765.707642,1497.115845,-3972.794678,791.186646,1631.320801,-4012.358154,2616.319092,1567.733398,-3159.763184,,,,,,,,,,,,,,,,,,,,,,,,,,,,,,,,,
7774,77.740000,0.000000,0.000000,0.000000,1.000000,0.000000,0.000000,0.000000,57.698101,20.499701,-14.700500,0.047771,-0.013570,0.015998,-15.666301,-52.738201,18.801300,-93.396698,0.129960,17.611099,-0.201920,-0.477227,-0.696397,0.496502,785.010620,1545.324341,-4010.884277,785.103210,1464.670654,-4021.576416,801.085327,1588.442993,-4037.286865,763.842957,1496.702759,-3972.584717,790.010925,1631.481079,-4012.088867,785.161377,1464.510010,-4021.380371,800.864136,1588.312012,-4037.350098,763.854797,1496.748413,-3972.860840,790.170166,1631.742554,-4011.941895,2616.321289,1567.755249,-3159.759521,,,,,,,,,,,,,,,,,,,,,,,,,,,,,,,,,
7775,77.750000,0.000000,0.000000,0.000000,1.000000,0.000000,0.000000,0.000000,57.698101,20.499701,-14.700500,0.047771,-0.013570,0.015998,-15.666301,-52.738201,18.801300,-93.396698,0.129960,17.611099,-0.197323,-0.480069,-0.698562,0.492553,782.973755,1545.194336,-4011.016846,783.044617,1464.552124,-4021.794678,799.503967,1588.306885,-4037.146484,761.174438,1496.577148,-3973.067871,788.171936,1631.341553,-4012.057861,782.734436,1464.341675,-4021.582031,799.722534,1588.544556,-4037.003418,761.401428,1496.404297,-3973.278320,788.029846,1631.464478,-4012.177002,2616.297852,1567.743896,-3159.767090,,,,,,,,,,,,,,,,,,,,,,,,,,,,,,,,,
7776,77.760000,0.000000,0.000000,0.000000,1.000000,0.000000,0.000000,0.000000,57.698101,20.499701,-14.700500,0.047771,-0.013570,0.015998,-15.666301,-52.738201,18.801300,-93.396698,0.129960,17.611099,-0.195948,-0.483792,-0.696349,0.492592,781.129395,1545.297974,-4010.821777,781.654968,1464.594482,-4021.117676,797.565796,1588.337158,-4037.131348,759.396118,1496.798096,-3972.685303,785.900635,1631.462524,-4012.353027,781.607117,1464.843506,-4020.733398,797.450684,1588.242920,-4037.221924,759.509094,1496.759033,-3973.109375,785.960815,1631.389282,-4012.223145,2616.303223,1567.740234,-3159.773926,,,,,,,,,,,,,,,,,,,,,,,,,,,,,,,,,
7777,77.770000,0.000000,0.000000,0.000000,1.000000,0.000000,0.000000,0.000000,57.698101,20.499701,-14.700500,0.047771,-0.013570,0.015998,-15.666301,-52.738201,18.801300,-93.396698,0.129960,17.611099,-0.198988,-0.484011,-0.692668,0.496336,779.458374,1545.431885,-4010.483643,780.375427,1464.678345,-4020.350830,795.396606,1588.424927,-4037.172363,758.363586,1497.010742,-3971.891113,783.697693,1631.613770,-4012.520752,780.478088,1465.194336,-4020.034668,795.134949,1588.049561,-4037.286865,758.421631,1497.221069,-3972.322510,783.807068,1631.362793,-4012.292480,2616.285400,1567.749268,-3159.775391,,,,,,,,,,,,,,,,,,,,,,,,,,,,,,,,,
7778,77.780000,0.000000,0.000000,0.000000,1.000000,0.000000,0.000000,0.000000,57.698101,20.499701,-14.700500,0.047771,-0.013570,0.015998,-15.666301,-52.738201,18.801300,-93.396698,0.129960,17.611099,-0.203255,-0.479380,-0.693781,0.497544,777.650024,1545.416016,-4010.336914,778.018188,1464.696411,-4020.512939,793.520691,1588.422852,-4037.043213,756.727417,1496.963989,-3971.689453,782.333679,1631.580933,-4012.101562,778.055298,1464.646851,-4020.453857,793.411011,1588.216675,-4037.079834,756.773560,1497.220459,-3971.887451,782.355225,1631.599854,-4011.957275,2616.274170,1567.760376,-3159.794434,,,,,,,,,,,,,,,,,,,,,,,,,,,,,,,,,
7779,77.790000,0.000000,0.000000,0.000000,1.000000,0.000000,0.000000,0.000000,57.698101,20.499701,-14.700500,0.047771,-0.013570,0.015998,-15.666301,-52.738201,18.801300,-93.396698,0.129960,17.611099,-0.199534,-0.480442,-0.697067,0.493415,775.619995,1545.382080,-4010.215332,775.703430,1464.699463,-4020.687500,792.011292,1588.406494,-4036.576660,754.012451,1496.894165,-3971.991943,780.752686,1631.528198,-4011.604736,775.626831,1464.542358,-4020.326660,791.949402,1588.491577,-4036.709229,754.080688,1496.730835,-3972.317383,780.824036,1631.725952,-4011.484131,2616.306641,1567.763306,-3159.780518,,,,,,,,,,,,,,,,,,,,,,,,,,,,,,,,,
7780,77.800000,0.000000,0.000000,0.000000,1.000000,0.000000,0.000000,0.000000,57.698101,20.499701,-14.700500,0.047771,-0.013570,0.015998,-15.666301,-52.738201,18.801300,-93.396698,0.129960,17.611099,-0.194962,-0.485463,-0.696561,0.491038,773.666138,1545.327271,-4009.993652,774.176941,1464.605347,-4020.145020,790.256653,1588.307495,-4036.302490,751.720154,1496.911133,-3971.872314,778.510742,1631.485474,-4011.653809,774.066895,1464.684570,-4019.740479,790.152649,1588.539307,-4036.310303,751.832336,1496.697876,-3972.254883,778.604187,1631.379272,-4011.664795,2616.309082,1567.696899,-3159.765137,,,,,,,,,,,,,,,,,,,,,,,,,,,,,,,,,
7781,77.810000,0.000000,0.000000,0.000000,1.000000,0.000000,0.000000,0.000000,57.698101,20.499701,-14.700500,0.047771,-0.013570,0.015998,-15.666301,-52.738201,18.801300,-93.396698,0.129960,17.611099,-0.198567,-0.485316,-0.692475,0.495499,771.963318,1545.419189,-4009.551025,772.902588,1464.646973,-4019.261475,787.973083,1588.360718,-4036.279785,750.765686,1497.072754,-3970.921387,776.211670,1631.596924,-4011.741211,773.042236,1465.097900,-4018.892334,787.649475,1588.107910,-4036.431396,750.768250,1497.156494,-3971.318604,776.402161,1631.389771,-4011.524170,2616.319336,1567.736572,-3159.748047,,,,,,,,,,,,,,,,,,,,,,,,,,,,,,,,,
7782,77.820000,0.000000,0.000000,0.000000,1.000000,0.000000,0.000000,0.000000,57.698101,20.499701,-14.700500,0.047771,-0.013570,0.015998,-15.666301,-52.738201,18.801300,-93.396698,0.129960,17.611099,-0.202656,-0.481956,-0.692616,0.496923,770.094910,1545.484131,-4009.352295,770.653137,1464.722046,-4019.175537,785.977295,1588.405151,-4036.189453,749.129028,1497.160278,-3970.567871,774.620178,1631.649536,-4011.475586,770.785889,1464.852051,-4018.971436,785.644592,1588.051025,-4036.354492,749.111328,1497.317017,-3970.889160,774.791077,1631.673584,-4011.232910,2616.322021,1567.749512,-3159.764893,,,,,,,,,,,,,,,,,,,,,,,,,,,,,,,,,
7783,77.830000,0.000000,0.000000,0.000000,1.000000,0.000000,0.000000,0.000000,57.698101,20.499701,-14.700500,0.047771,-0.013570,0.015998,-15.666301,-52.738201,18.801300,-93.396698,0.129960,17.611099,-0.199199,-0.482965,-0.696275,0.492205,768.227478,1545.642090,-4008.987793,768.384277,1464.914062,-4019.102051,784.701050,1588.556519,-4035.477051,746.494812,1497.314697,-3970.632568,773.329590,1631.783569,-4010.739258,768.179626,1464.765137,-4018.743896,784.744873,1588.578857,-4035.509033,746.686218,1497.138428,-3971.013672,773.288635,1632.044067,-4010.680664,2616.293701,1567.770996,-3159.772461,,,,,,,,,,,,,,,,,,,,,,,,,,,,,,,,,
7784,77.840000,0.000000,0.000000,0.000000,1.000000,0.000000,0.000000,0.000000,57.698101,20.499701,-14.700500,0.047771,-0.013570,0.015998,-15.666301,-52.738201,18.801300,-93.396698,0.129960,17.611099,-0.195462,-0.486401,-0.696661,0.489767,766.233521,1545.711304,-4008.666992,766.598938,1464.966431,-4018.640625,782.948792,1588.600464,-4035.045654,744.134277,1497.422729,-3970.472656,771.251892,1631.855713,-4010.509521,766.439148,1464.970093,-4018.346191,782.928650,1588.694214,-4034.969727,744.292480,1497.182495,-3970.793457,771.279846,1631.950684,-4010.575195,2616.278809,1567.756470,-3159.786377,,,,,,,,,,,,,,,,,,,,,,,,,,,,,,,,,
7785,77.850000,0.000000,0.000000,0.000000,1.000000,0.000000,0.000000,0.000000,57.698101,20.499701,-14.700500,0.047771,-0.013570,0.015998,-15.666301,-52.738201,18.801300,-93.396698,0.129960,17.611099,-0.197218,-0.487646,-0.692889,0.493164,764.469238,1545.807739,-4008.321777,765.358337,1465.010864,-4017.830811,780.716064,1588.661743,-4035.047607,742.948547,1497.584595,-3969.716553,768.854126,1631.973877,-4010.691650,765.410400,1465.413940,-4017.577148,780.531372,1588.465210,-4035.105225,742.987793,1497.625732,-3970.000244,768.952637,1631.793823,-4010.574219,2616.286865,1567.755493,-3159.784424,,,,,,,,,,,,,,,,,,,,,,,,,,,,,,,,,
7786,77.860000,0.000000,0.000000,0.000000,1.000000,0.000000,0.000000,0.000000,57.698101,20.499701,-14.700500,0.047771,-0.013570,0.015998,-15.666301,-52.738201,18.801300,-93.396698,0.129960,17.611099,-0.203463,-0.483234,-0.691495,0.496914,762.788330,1545.950684,-4007.946533,763.411682,1465.153564,-4017.474609,778.626770,1588.786621,-4034.945557,741.874451,1497.751343,-3968.979492,767.240417,1632.111450,-4010.385986,763.566101,1465.296387,-4017.239014,778.256775,1588.428955,-4035.151855,741.859863,1498.021118,-3969.379639,767.426819,1632.030518,-4010.069824,2616.306885,1567.777466,-3159.770752,,,,,,,,,,,,,,,,,,,,,,,,,,,,,,,,,
7787,77.870000,0.000000,0.000000,0.000000,1.000000,0.000000,0.000000,0.000000,57.698101,20.499701,-14.700500,0.047771,-0.013570,0.015998,-15.666301,-52.738201,18.801300,-93.396698,0.129960,17.611099,-0.201153,-0.483202,-0.694593,0.493552,761.024536,1546.117676,-4007.461914,761.277222,1465.356567,-4017.307373,777.304993,1588.971558,-4034.167725,739.547363,1497.881348,-3968.848877,765.968445,1632.261353,-4009.523926,761.296143,1465.146484,-4017.023682,777.122864,1588.958740,-4034.254639,739.627930,1498.087646,-3969.276855,766.070068,1632.292847,-4009.337402,2616.289795,1567.772705,-3159.788086,,,,,,,,,,,,,,,,,,,,,,,,,,,,,,,,,
7788,77.880000,0.000000,0.000000,0.000000,1.000000,0.000000,0.000000,0.000000,57.698101,20.499701,-14.700500,0.047771,-0.013570,0.015998,-15.666301,-52.738201,18.801300,-93.396698,0.129960,17.611099,-0.197481,-0.484991,-0.696557,0.490503,759.189880,1546.231201,-4007.103027,759.393860,1465.487549,-4017.092285,775.833923,1589.101929,-4033.556396,737.213013,1497.966553,-3968.807617,764.318726,1632.368896,-4008.955566,759.204895,1465.154419,-4016.998779,775.956421,1589.341187,-4033.425293,737.390869,1498.114868,-3968.977051,764.208862,1632.302246,-4008.997559,2616.256836,1567.787598,-3159.798096,,,,,,,,,,,,,,,,,,,,,,,,,,,,,,,,,
7789,77.890000,0.000000,0.000000,0.000000,1.000000,0.000000,0.000000,0.000000,57.698101,20.499701,-14.700500,0.047771,-0.013570,0.015998,-15.666301,-52.738201,18.801300,-93.396698,0.129960,17.611099,-0.198213,-0.486348,-0.694110,0.492329,757.392761,1546.293823,-4006.828369,757.958191,1465.510376,-4016.474365,773.767944,1589.130127,-4033.504395,735.739197,1498.088989,-3968.274658,762.105713,1632.446411,-4009.059814,758.062256,1465.662720,-4016.290283,773.548950,1588.981201,-4033.654297,735.726501,1498.246338,-3968.525146,762.229858,1632.284302,-4008.848633,2616.303711,1567.767090,-3159.782715,,,,,,,,,,,,,,,,,,,,,,,,,,,,,,,,,
7790,77.900000,0.000000,0.000000,0.000000,1.000000,0.000000,0.000000,0.000000,57.698101,20.499701,-14.700500,0.047771,-0.013570,0.015998,-15.666301,-52.738201,18.801300,-93.396698,0.129960,17.611099,-0.200786,-0.485747,-0.691244,0.495900,755.716919,1546.411011,-4006.446289,756.605774,1465.601929,-4015.850586,771.640930,1589.246216,-4033.395752,734.645935,1498.217407,-3967.557129,759.974854,1632.578857,-4008.981689,756.765320,1466.074219,-4015.488037,771.309631,1588.886597,-4033.609375,734.653748,1498.417480,-3968.011230,760.144104,1632.337524,-4008.676025,2616.331543,1567.717651,-3159.760986,,,,,,,,,,,,,,,,,,,,,,,,,,,,,,,,,
7791,77.910000,0.000000,0.000000,0.000000,1.000000,0.000000,0.000000,0.000000,57.698101,20.499701,-14.700500,0.047771,-0.013570,0.015998,-15.666301,-52.738201,18.801300,-93.396698,0.129960,17.611099,-0.202742,-0.482234,-0.694062,0.494595,754.068787,1546.489502,-4006.106934,754.282288,1465.725342,-4015.927246,770.229919,1589.335693,-4032.897461,732.763550,1498.264282,-3967.384766,758.999329,1632.632812,-4008.217773,754.315918,1465.680542,-4015.639404,769.968933,1589.205322,-4032.920410,732.831360,1498.321045,-3967.814453,759.158386,1632.750854,-4008.095703,2616.321533,1567.705688,-3159.749268,,,,,,,,,,,,,,,,,,,,,,,,,,,,,,,,,
7792,77.920000,0.000000,0.000000,0.000000,1.000000,0.000000,0.000000,0.000000,57.698101,20.499701,-14.700500,0.047771,-0.013570,0.015998,-15.666301,-52.738201,18.801300,-93.396698,0.129960,17.611099,-0.198765,-0.483835,-0.697362,0.489981,752.246521,1546.508179,-4005.919922,752.169495,1465.773682,-4015.983643,768.972961,1589.349609,-4032.368652,730.194702,1498.278931,-3967.623291,757.648743,1632.630737,-4007.703857,751.957825,1465.508911,-4015.756104,769.058105,1589.561157,-4032.294678,730.338257,1498.068115,-3967.823242,757.614258,1632.850464,-4007.789551,2616.287109,1567.761108,-3159.773682,,,,,,,,,,,,,,,,,,,,,,,,,,,,,,,,,
7793,77.930000,0.000000,0.000000,0.000000,1.000000,0.000000,0.000000,0.000000,57.698101,20.499701,-14.700500,0.047771,-0.013570,0.015998,-15.666301,-52.738201,18.801300,-93.396698,0.129960,17.611099,-0.198373,-0.486123,-0.696178,0.489559,750.445557,1546.582520,-4005.746826,750.545776,1465.807251,-4015.478027,767.164673,1589.345825,-4032.326660,728.378784,1498.470337,-3967.311768,755.692810,1632.706787,-4007.871094,750.414429,1465.741455,-4015.374268,767.252563,1589.372803,-4032.281494,728.523987,1498.528442,-3967.478271,755.597656,1632.688965,-4007.863525,2616.268799,1567.785156,-3159.797363,,,,,,,,,,,,,,,,,,,,,,,,,,,,,,,,,
7794,77.940000,0.000000,0.000000,0.000000,1.000000,0.000000,0.000000,0.000000,57.698101,20.499701,-14.700500,0.047771,-0.013570,0.015998,-15.666301,-52.738201,18.801300,-93.396698,0.129960,17.611099,-0.198002,-0.489321,-0.692792,0.491324,748.821167,1546.627686,-4005.542236,749.525085,1465.792236,-4014.733398,765.239746,1589.335083,-4032.397705,727.087402,1498.611206,-3966.799072,753.432373,1632.772339,-4008.239258,749.687927,1466.270142,-4014.284668,764.859924,1589.051147,-4032.575195,727.090210,1498.673218,-3967.261230,753.654480,1632.609619,-4007.997559,2616.285645,1567.739990,-3159.787842,,,,,,,,,,,,,,,,,,,,,,,,,,,,,,,,,
7795,77.950000,0.000000,0.000000,0.000000,1.000000,0.000000,0.000000,0.000000,57.698101,20.499701,-14.700500,0.047771,-0.013570,0.015998,-15.666301,-52.738201,18.801300,-93.396698,0.129960,17.611099,-0.202918,-0.485443,-0.692138,0.494080,747.114441,1546.651978,-4005.310547,747.540527,1465.824585,-4014.589355,763.247620,1589.355469,-4032.344238,725.817871,1498.637573,-3966.322754,751.851624,1632.790527,-4007.985107,747.607971,1465.944702,-4014.351318,762.970947,1589.087769,-4032.396240,725.895203,1498.889038,-3966.781982,751.972778,1632.709473,-4007.794434,2616.301758,1567.751587,-3159.770020,,,,,,,,,,,,,,,,,,,,,,,,,,,,,,,,,
7796,77.960000,0.000000,0.000000,0.000000,1.000000,0.000000,0.000000,0.000000,57.698101,20.499701,-14.700500,0.047771,-0.013570,0.015998,-15.666301,-52.738201,18.801300,-93.396698,0.129960,17.611099,-0.202960,-0.483658,-0.695251,0.491435,745.482056,1546.704346,-4005.196533,745.320923,1465.917358,-4014.829102,761.989624,1589.403320,-4032.010986,723.747253,1498.681030,-3966.462158,750.870300,1632.815674,-4007.483887,745.252930,1465.672607,-4014.639893,761.891785,1589.448853,-4031.915771,723.857056,1498.707031,-3966.740234,750.930664,1632.962036,-4007.498291,2616.282715,1567.771851,-3159.784424,,,,,,,,,,,,,,,,,,,,,,,,,,,,,,,,,
7797,77.970000,0.000000,0.000000,0.000000,1.000000,0.000000,0.000000,0.000000,57.698101,20.499701,-14.700500,0.047771,-0.013570,0.015998,-15.666301,-52.738201,18.801300,-93.396698,0.129960,17.611099,-0.199208,-0.486995,-0.696341,0.488120,743.754761,1546.749512,-4005.152344,743.653625,1465.950684,-4014.685547,760.616882,1589.403687,-4031.816895,721.517273,1498.789673,-3966.625244,749.231079,1632.854248,-4007.480713,743.429504,1465.785400,-4014.473877,760.745056,1589.719604,-4031.711182,721.672974,1498.574951,-3966.803711,749.177673,1632.915527,-4007.595459,2616.269531,1567.772461,-3159.803711,,,,,,,,,,,,,,,,,,,,,,,,,,,,,,,,,
7798,77.980000,0.000000,0.000000,0.000000,1.000000,0.000000,0.000000,0.000000,57.698101,20.499701,-14.700500,0.047771,-0.013570,0.015998,-15.666301,-52.738201,18.801300,-93.396698,0.129960,17.611099,-0.197324,-0.490385,-0.694363,0.488310,741.928040,1546.780884,-4005.188965,742.308289,1465.938721,-4014.339355,758.693359,1589.399048,-4031.971924,719.757019,1498.884155,-3966.545410,746.953430,1632.901978,-4007.898926,742.308411,1466.169678,-4013.922119,758.524475,1589.416138,-4032.137939,719.769104,1498.601440,-3966.889404,747.105896,1632.932495,-4007.792480,2616.302246,1567.776001,-3159.789551,,,,,,,,,,,,,,,,,,,,,,,,,,,,,,,,,
7799,77.990000,0.000000,0.000000,0.000000,1.000000,0.000000,0.000000,0.000000,57.698101,20.499701,-14.700500,0.047771,-0.013570,0.015998,-15.666301,-52.738201,18.801300,-93.396698,0.129960,17.611099,-0.200804,-0.490605,-0.690288,0.492430,740.299683,1546.872437,-4005.110352,741.104065,1465.979858,-4013.775391,756.516296,1589.431641,-4032.321533,718.833130,1499.072876,-3965.951904,744.745239,1633.005493,-4008.392334,741.246948,1466.514648,-4013.303711,756.158386,1589.123901,-4032.493164,718.847961,1499.094238,-3966.410156,744.950623,1632.871216,-4008.161621,2616.279541,1567.723633,-3159.774414,,,,,,,,,,,,,,,,,,,,,,,,,,,,,,,,,
7800,78.000000,0.000000,0.000000,0.000000,1.000000,0.000000,0.000000,0.000000,57.698101,20.499701,-14.700500,0.047771,-0.013570,0.015998,-15.666301,-52.738201,18.801300,-93.396698,0.129960,17.611099,-0.205625,-0.487046,-0.689798,0.494654,738.564697,1546.899048,-4005.115479,739.049072,1466.009888,-4013.835449,754.549866,1589.432129,-4032.504150,717.466064,1499.132446,-3965.718018,743.193604,1633.022217,-4008.404297,739.032776,1466.131958,-4013.652344,754.415955,1589.149780,-4032.473633,717.623291,1499.390625,-3966.146240,743.206848,1632.958374,-4008.276855,2616.322510,1567.739624,-3159.750977,,,,,,,,,,,,,,,,,,,,,,,,,,,,,,,,,
7801,78.010000,0.000000,0.000000,0.000000,1.000000,0.000000,0.000000,0.000000,57.698101,20.499701,-14.700500,0.047771,-0.013570,0.015998,-15.666301,-52.738201,18.801300,-93.396698,0.129960,17.611099,-0.205125,-0.484982,-0.693538,0.491653,736.915649,1546.872803,-4005.145996,736.764709,1466.033691,-4014.330811,753.334473,1589.429565,-4032.239502,715.303101,1499.055786,-3966.089844,742.260254,1632.972656,-4007.924072,736.628052,1465.721680,-4014.204102,753.391968,1589.377197,-4032.210938,715.451965,1499.144897,-3966.302246,742.171631,1633.239136,-4007.864502,2616.295166,1567.714233,-3159.765625,,,,,,,,,,,,,,,,,,,,,,,,,,,,,,,,,
7802,78.020000,0.000000,0.000000,0.000000,1.000000,0.000000,0.000000,0.000000,57.698101,20.499701,-14.700500,0.047771,-0.013570,0.015998,-15.666301,-52.738201,18.801300,-93.396698,0.129960,17.611099,-0.200804,-0.488741,-0.694754,0.487983,735.214417,1546.829712,-4005.202393,735.144287,1465.978882,-4014.284180,752.028076,1589.342407,-4032.122070,713.040100,1499.074951,-3966.385010,740.645081,1632.922852,-4008.017578,734.983521,1465.800781,-4014.050537,752.072876,1589.484741,-4032.105469,713.159668,1498.907104,-3966.595703,740.630066,1633.086914,-4008.045654,2616.256592,1567.737305,-3159.788574,,,,,,,,,,,,,,,,,,,,,,,,,,,,,,,,,
7803,78.030000,0.000000,0.000000,0.000000,1.000000,0.000000,0.000000,0.000000,57.698101,20.499701,-14.700500,0.047771,-0.013570,0.015998,-15.666301,-52.738201,18.801300,-93.396698,0.129960,17.611099,-0.200567,-0.492732,-0.691157,0.489172,733.681335,1546.801392,-4005.220947,734.191284,1465.879028,-4013.626465,750.241760,1589.204712,-4032.468262,711.777466,1499.218262,-3966.041260,738.514771,1632.903931,-4008.747070,734.256104,1466.054199,-4013.374268,750.048584,1589.166504,-4032.607666,711.784790,1499.278809,-3966.324463,738.643677,1632.713013,-4008.569824,2616.272949,1567.754761,-3159.795654,,,,,,,,,,,,,,,,,,,,,,,,,,,,,,,,,
7804,78.040000,0.000000,0.000000,0.000000,1.000000,0.000000,0.000000,0.000000,57.698101,20.499701,-14.700500,0.047771,-0.013570,0.015998,-15.666301,-52.738201,18.801300,-93.396698,0.129960,17.611099,-0.204841,-0.491011,-0.688571,0.492766,731.813965,1546.596069,-4005.506104,732.433228,1465.651001,-4013.682861,747.930725,1588.961914,-4033.075928,710.512939,1499.071411,-3965.925293,736.379028,1632.700073,-4009.340332,732.639954,1465.847046,-4013.394775,747.496826,1588.653442,-4033.345703,710.469727,1499.397461,-3966.383057,736.619324,1632.479370,-4008.945557,2616.279297,1567.725220,-3159.782959,,,,,,,,,,,,,,,,,,,,,,,,,,,,,,,,,
7805,78.050000,0.000000,0.000000,0.000000,1.000000,0.000000,0.000000,0.000000,57.698101,20.499701,-14.700500,0.047771,-0.013570,0.015998,-15.666301,-52.738201,18.801300,-93.396698,0.129960,17.611099,-0.207699,-0.488575,-0.688240,0.494450,729.972839,1546.418701,-4005.718750,730.431458,1465.480469,-4013.973145,745.914307,1588.790894,-4033.380615,708.938904,1498.882690,-3966.008545,734.606750,1632.520752,-4009.512451,730.544617,1465.489014,-4013.747803,745.603821,1588.536987,-4033.531250,708.982361,1499.320801,-3966.509033,734.747864,1632.386230,-4009.188232,2616.261475,1567.758301,-3159.791748,,,,,,,,,,,,,,,,,,,,,,,,,,,,,,,,,
7806,78.060000,0.000000,0.000000,0.000000,1.000000,0.000000,0.000000,0.000000,57.698101,20.499701,-14.700500,0.047771,-0.013570,0.015998,-15.666301,-52.738201,18.801300,-93.396698,0.129960,17.611099,-0.209115,-0.485200,-0.691587,0.492502,728.411377,1546.367798,-4005.793945,728.142883,1465.477051,-4014.510742,744.669922,1588.755981,-4033.246094,707.038879,1498.791992,-3966.313477,733.793884,1632.446289,-4009.106201,728.075134,1465.038452,-4014.357178,744.606506,1588.764526,-4033.184082,707.182678,1499.056030,-3966.628906,733.797913,1632.573120,-4009.038330,2616.264404,1567.756470,-3159.787598,,,,,,,,,,,,,,,,,,,,,,,,,,,,,,,,,
7807,78.070000,0.000000,0.000000,0.000000,1.000000,0.000000,0.000000,0.000000,57.698101,20.499701,-14.700500,0.047771,-0.013570,0.015998,-15.666301,-52.738201,18.801300,-93.396698,0.129960,17.611099,-0.203841,-0.489205,-0.692238,0.489831,726.712952,1546.115967,-4005.941895,726.765747,1465.217896,-4014.592529,743.253113,1588.521851,-4033.197510,704.902344,1498.519775,-3966.726074,731.930481,1632.204712,-4009.250732,726.594116,1465.096924,-4014.398193,743.319885,1588.783325,-4033.097656,705.038086,1498.380005,-3966.912842,731.902527,1632.206543,-4009.342285,2616.325928,1567.748535,-3159.765869,,,,,,,,,,,,,,,,,,,,,,,,,,,,,,,,,
7808,78.080000,0.000000,0.000000,0.000000,1.000000,0.000000,0.000000,0.000000,57.698101,20.499701,-14.700500,0.047771,-0.013570,0.015998,-15.666301,-52.738201,18.801300,-93.396698,0.129960,17.611099,-0.203268,-0.490978,-0.690416,0.490865,724.891418,1545.832520,-4006.129639,725.314880,1464.907715,-4014.517334,741.261963,1588.223511,-4033.510742,703.264526,1498.266479,-3966.775879,729.724304,1631.932617,-4009.715088,725.424622,1465.253418,-4014.095215,740.971985,1588.142334,-4033.737549,703.201843,1497.992676,-3967.089844,729.966187,1631.974731,-4009.560059,2616.315430,1567.739624,-3159.763428,,,,,,,,,,,,,,,,,,,,,,,,,,,,,,,,,
7809,78.090000,0.000000,0.000000,0.000000,1.000000,0.000000,0.000000,0.000000,57.698101,20.499701,-14.700500,0.047771,-0.013570,0.015998,-15.666301,-52.738201,18.801300,-93.396698,0.129960,17.611099,-0.208375,-0.489908,-0.685827,0.496197,723.296570,1545.669189,-4006.180664,724.115601,1464.700562,-4014.102051,738.975159,1588.000732,-4034.054199,702.577576,1498.200073,-3966.225830,727.517883,1631.775635,-4010.340576,724.287842,1465.294922,-4013.733398,738.672302,1587.692749,-4034.296143,702.540955,1498.204712,-3966.540039,727.702576,1631.595337,-4010.079346,2616.279541,1567.746338,-3159.771240,,,,,,,,,,,,,,,,,,,,,,,,,,,,,,,,,
7810,78.100000,0.000000,0.000000,0.000000,1.000000,0.000000,0.000000,0.000000,57.698101,20.499701,-14.700500,0.047771,-0.013570,0.015998,-15.666301,-52.738201,18.801300,-93.396698,0.129960,17.611099,-0.212759,-0.486041,-0.685777,0.498205,721.578613,1545.414917,-4006.371094,722.051636,1464.458252,-4014.440918,737.057922,1587.746704,-4034.355225,701.186218,1497.939941,-3966.255371,726.018555,1631.515137,-4010.432129,722.039856,1464.555786,-4014.229736,736.990540,1587.515991,-4034.494873,701.281677,1498.105347,-3966.601807,726.010864,1631.493286,-4010.203857,2616.257568,1567.756958,-3159.792480,,,,,,,,,,,,,,,,,,,,,,,,,,,,,,,,,
7811,78.110000,0.000000,0.000000,0.000000,1.000000,0.000000,0.000000,0.000000,57.698101,20.499701,-14.700500,0.047771,-0.013570,0.015998,-15.666301,-52.738201,18.801300,-93.396698,0.129960,17.611099,-0.210496,-0.484748,-0.689881,0.494747,720.068054,1545.205200,-4006.461182,720.017517,1464.301636,-4015.059570,736.044067,1587.606079,-4034.059082,699.058167,1497.617798,-3966.800293,725.152344,1631.295776,-4009.925781,719.822205,1463.952637,-4014.804443,736.106323,1587.632568,-4034.043213,699.237610,1497.596558,-3967.099609,725.076477,1631.597290,-4009.882812,2616.268799,1567.736328,-3159.795654,,,,,,,,,,,,,,,,,,,,,,,,,,,,,,,,,
7812,78.120000,0.000000,0.000000,0.000000,1.000000,0.000000,0.000000,0.000000,57.698101,20.499701,-14.700500,0.047771,-0.013570,0.015998,-15.666301,-52.738201,18.801300,-93.396698,0.129960,17.611099,-0.206391,-0.487795,-0.691115,0.491751,718.363342,1544.846069,-4006.577393,718.409363,1463.940674,-4015.159180,734.676147,1587.239624,-4033.989014,696.870544,1497.268799,-3967.163818,723.497253,1630.935425,-4009.998291,718.242004,1463.792114,-4014.874023,734.680969,1587.306274,-4033.936523,697.028748,1497.083862,-3967.474854,723.500488,1631.159180,-4010.035889,2616.279541,1567.758423,-3159.764160,,,,,,,,,,,,,,,,,,,,,,,,,,,,,,,,,
7813,78.130000,0.000000,0.000000,0.000000,1.000000,0.000000,0.000000,0.000000,57.698101,20.499701,-14.700500,0.047771,-0.013570,0.015998,-15.666301,-52.738201,18.801300,-93.396698,0.129960,17.611099,-0.203225,-0.492463,-0.689136,0.491193,716.771057,1544.478882,-4006.678467,717.390747,1463.529419,-4014.812012,733.060303,1586.822388,-4034.181152,695.229553,1496.985474,-3967.190430,721.403625,1630.578491,-4010.530518,717.533997,1463.919800,-4014.327148,732.653320,1586.685303,-4034.344238,695.181641,1496.741333,-3967.612305,721.711182,1630.611694,-4010.388916,2616.322266,1567.732056,-3159.767090,,,,,,,,,,,,,,,,,,,,,,,,,,,,,,,,,
7814,78.140000,0.000000,0.000000,0.000000,1.000000,0.000000,0.000000,0.000000,57.698101,20.499701,-14.700500,0.047771,-0.013570,0.015998,-15.666301,-52.738201,18.801300,-93.396698,0.129960,17.611099,-0.212192,-0.488031,-0.685540,0.496824,715.170593,1544.061035,-4006.814941,715.654480,1463.080566,-4014.641846,730.773010,1586.305298,-4034.863037,694.605286,1496.711182,-3966.639893,719.649597,1630.147583,-4011.114990,715.825623,1463.340698,-4014.396729,730.417175,1586.002930,-4035.060303,694.559692,1496.836670,-3966.959229,719.854614,1630.046509,-4010.850342,2616.321045,1567.746460,-3159.768555,,,,,,,,,,,,,,,,,,,,,,,,,,,,,,,,,
7815,78.150000,0.000000,0.000000,0.000000,1.000000,0.000000,0.000000,0.000000,57.698101,20.499701,-14.700500,0.047771,-0.013570,0.015998,-15.666301,-52.738201,18.801300,-93.396698,0.129960,17.611099,-0.215476,-0.485477,-0.686765,0.496222,713.644958,1543.734131,-4006.903076,713.569397,1462.761475,-4014.826416,729.348145,1585.912231,-4034.994629,693.018677,1496.467163,-3966.661621,718.643677,1629.795654,-4011.129883,713.539917,1462.610474,-4014.693359,729.300171,1585.854858,-4035.006104,693.161194,1496.860596,-3967.013672,718.612000,1629.693604,-4010.967285,2616.285889,1567.737305,-3159.776855,,,,,,,,,,,,,,,,,,,,,,,,,,,,,,,,,
7816,78.160000,0.000000,0.000000,0.000000,1.000000,0.000000,0.000000,0.000000,57.698101,20.499701,-14.700500,0.047771,-0.013570,0.015998,-15.666301,-52.738201,18.801300,-93.396698,0.129960,17.611099,-0.214078,-0.485532,-0.689342,0.493191,712.095886,1543.495728,-4006.940430,711.636353,1462.544678,-4015.068115,728.193054,1585.659302,-4034.830078,690.975281,1496.239746,-3966.943359,717.578857,1629.539551,-4010.920166,711.565308,1462.194092,-4014.908203,728.158264,1585.754272,-4034.801514,691.103455,1496.486572,-3967.227295,717.568726,1629.530151,-4010.850830,2616.295166,1567.743042,-3159.774170,,,,,,,,,,,,,,,,,,,,,,,,,,,,,,,,,
7817,78.170000,0.000000,0.000000,0.000000,1.000000,0.000000,0.000000,0.000000,57.698101,20.499701,-14.700500,0.047771,-0.013570,0.015998,-15.666301,-52.738201,18.801300,-93.396698,0.129960,17.611099,-0.205925,-0.491608,-0.690664,0.488773,710.677673,1543.220093,-4006.895996,710.649780,1462.260620,-4014.953125,727.255554,1585.408447,-4034.464355,688.825989,1495.934326,-3967.329102,715.979309,1629.276978,-4010.837646,710.579590,1462.226318,-4014.578369,727.121399,1585.672241,-4034.506836,688.887878,1495.681030,-3967.666504,716.104492,1629.275024,-4010.841309,2616.297363,1567.741699,-3159.773682,,,,,,,,,,,,,,,,,,,,,,,,,,,,,,,,,
7818,78.180000,0.000000,0.000000,0.000000,1.000000,0.000000,0.000000,0.000000,57.698101,20.499701,-14.700500,0.047771,-0.013570,0.015998,-15.666301,-52.738201,18.801300,-93.396698,0.129960,17.611099,-0.207800,-0.492283,-0.688548,0.490284,709.053711,1542.909424,-4006.871582,709.201782,1461.916748,-4014.586914,725.403687,1585.023438,-4034.688965,687.494568,1495.735107,-3967.012207,714.114685,1628.962280,-4011.198975,709.332031,1462.258179,-4014.145020,725.029480,1584.922729,-4034.842529,687.455139,1495.545410,-3967.402588,714.394592,1628.950195,-4011.058350,2616.293945,1567.761108,-3159.777588,,,,,,,,,,,,,,,,,,,,,,,,,,,,,,,,,
7819,78.190000,0.000000,0.000000,0.000000,1.000000,0.000000,0.000000,0.000000,57.698101,20.499701,-14.700500,0.047771,-0.013570,0.015998,-15.666301,-52.738201,18.801300,-93.396698,0.129960,17.611099,-0.216365,-0.487989,-0.685402,0.495255,707.412048,1542.696777,-4006.770508,707.368713,1461.677490,-4014.202148,723.150757,1584.707642,-4035.091797,686.731689,1495.670044,-3966.276367,712.397034,1628.732422,-4011.511719,707.496521,1461.921753,-4013.971924,722.851746,1584.368652,-4035.249268,686.734192,1495.857666,-3966.640869,712.541748,1628.627930,-4011.250977,2616.265137,1567.764038,-3159.792236,,,,,,,,,,,,,,,,,,,,,,,,,,,,,,,,,
7820,78.200000,0.000000,0.000000,0.000000,1.000000,0.000000,0.000000,0.000000,57.698101,20.499701,-14.700500,0.047771,-0.013570,0.015998,-15.666301,-52.738201,18.801300,-93.396698,0.129960,17.611099,-0.218327,-0.486551,-0.685841,0.495201,705.581238,1542.461060,-4006.797852,705.262329,1461.445557,-4014.263672,721.338074,1584.436035,-4035.161865,684.914612,1495.479736,-3966.243896,710.809875,1628.483032,-4011.521729,705.135498,1461.414551,-4014.191162,721.480530,1584.317017,-4035.160645,685.108826,1495.739624,-3966.465576,710.622620,1628.407227,-4011.400635,2616.270264,1567.742065,-3159.790283,,,,,,,,,,,,,,,,,,,,,,,,,,,,,,,,,
7821,78.210000,0.000000,0.000000,0.000000,1.000000,0.000000,0.000000,0.000000,57.698101,20.499701,-14.700500,0.047771,-0.013570,0.015998,-15.666301,-52.738201,18.801300,-93.396698,0.129960,17.611099,-0.212270,-0.489327,-0.689495,0.489998,704.203613,1542.479370,-4006.635742,703.723816,1461.491821,-4014.389893,720.612549,1584.493530,-4034.568848,682.651550,1495.435059,-3966.618896,709.826538,1628.497314,-4010.964355,703.680359,1461.337891,-4014.073486,720.534729,1584.547241,-4034.700439,682.700989,1495.333618,-3966.911133,709.902466,1628.674194,-4010.835693,2616.271973,1567.739136,-3159.771973,,,,,,,,,,,,,,,,,,,,,,,,,,,,,,,,,
7822,78.220000,0.000000,0.000000,0.000000,1.000000,0.000000,0.000000,0.000000,57.698101,20.499701,-14.700500,0.047771,-0.013570,0.015998,-15.666301,-52.738201,18.801300,-93.396698,0.129960,17.611099,-0.207065,-0.494782,-0.689081,0.487322,702.432861,1542.341064,-4006.549805,702.400879,1461.322388,-4013.987061,719.085999,1584.312866,-4034.402344,680.476929,1495.365356,-3966.672607,707.767639,1628.364014,-4011.137451,702.435791,1461.555664,-4013.543213,718.824463,1584.352661,-4034.511475,680.483826,1495.094727,-3967.077881,707.986206,1628.359497,-4011.060303,2616.278809,1567.748169,-3159.769287,,,,,,,,,,,,,,,,,,,,,,,,,,,,,,,,,
7823,78.230000,0.000000,0.000000,0.000000,1.000000,0.000000,0.000000,0.000000,57.698101,20.499701,-14.700500,0.047771,-0.013570,0.015998,-15.666301,-52.738201,18.801300,-93.396698,0.129960,17.611099,-0.208033,-0.495899,-0.686668,0.489176,700.639099,1542.216064,-4006.423096,700.942200,1461.168213,-4013.527832,717.021118,1584.145996,-4034.498291,679.013367,1495.308350,-3966.285889,705.579773,1628.242065,-4011.379150,701.113708,1461.614380,-4013.038086,716.598999,1583.975586,-4034.677002,678.977783,1495.197266,-3966.718018,705.871887,1628.156860,-4011.184326,2616.295654,1567.749512,-3159.782227,,,,,,,,,,,,,,,,,,,,,,,,,,,,,,,,,
7824,78.240000,0.000000,0.000000,0.000000,1.000000,0.000000,0.000000,0.000000,57.698101,20.499701,-14.700500,0.047771,-0.013570,0.015998,-15.666301,-52.738201,18.801300,-93.396698,0.129960,17.611099,-0.218045,-0.489529,-0.683697,0.495355,698.929932,1542.096069,-4006.301025,698.943970,1461.037842,-4013.294678,714.586975,1583.966553,-4034.874023,678.355042,1495.270996,-3965.520264,703.833557,1628.109009,-4011.514648,698.988953,1461.103638,-4013.170654,714.452820,1583.671753,-4034.984619,678.418396,1495.576416,-3965.834717,703.853394,1628.040894,-4011.267578,2616.282471,1567.732056,-3159.773682,,,,,,,,,,,,,,,,,,,,,,,,,,,,,,,,,
7825,78.250000,0.000000,0.000000,0.000000,1.000000,0.000000,0.000000,0.000000,57.698101,20.499701,-14.700500,0.047771,-0.013570,0.015998,-15.666301,-52.738201,18.801300,-93.396698,0.129960,17.611099,-0.215667,-0.490193,-0.686299,0.492131,697.258301,1542.072388,-4006.220703,696.976501,1461.033203,-4013.425781,713.331665,1583.947388,-4034.555420,676.145630,1495.233154,-3965.732422,702.579407,1628.076172,-4011.169434,696.874207,1460.861084,-4013.277100,713.363037,1583.903320,-4034.550781,676.318970,1495.468628,-3966.037598,702.497681,1628.088501,-4011.061768,2616.291992,1567.742065,-3159.760498,,,,,,,,,,,,,,,,,,,,,,,,,,,,,,,,,
7826,78.260000,0.000000,0.000000,0.000000,1.000000,0.000000,0.000000,0.000000,57.698101,20.499701,-14.700500,0.047771,-0.013570,0.015998,-15.666301,-52.738201,18.801300,-93.396698,0.129960,17.611099,-0.210426,-0.492887,-0.688322,0.488873,695.684570,1542.123779,-4006.015869,695.491028,1461.099487,-4013.389160,712.156738,1584.053467,-4034.038574,674.003723,1495.205933,-3965.920410,701.086670,1628.136475,-4010.714600,695.388916,1460.912964,-4013.165039,712.134827,1584.149536,-4034.023193,674.128235,1495.233276,-3966.199463,701.089050,1628.172485,-4010.683594,2616.286865,1567.728027,-3159.779297,,,,,,,,,,,,,,,,,,,,,,,,,,,,,,,,,
7827,78.270000,0.000000,0.000000,0.000000,1.000000,0.000000,0.000000,0.000000,57.698101,20.499701,-14.700500,0.047771,-0.013570,0.015998,-15.666301,-52.738201,18.801300,-93.396698,0.129960,17.611099,-0.207811,-0.496295,-0.686918,0.488517,694.037109,1542.105957,-4005.758789,694.288513,1461.055298,-4012.834961,710.491760,1584.013306,-4033.824951,672.317383,1495.228882,-3965.636719,699.050598,1628.126343,-4010.738281,694.368164,1461.300293,-4012.498779,710.203125,1583.996338,-4033.906006,672.314880,1495.143188,-3965.981934,699.264221,1628.005249,-4010.636719,2616.294922,1567.772949,-3159.772705,,,,,,,,,,,,,,,,,,,,,,,,,,,,,,,,,
7828,78.280000,0.000000,0.000000,0.000000,1.000000,0.000000,0.000000,0.000000,57.698101,20.499701,-14.700500,0.047771,-0.013570,0.015998,-15.666301,-52.738201,18.801300,-93.396698,0.129960,17.611099,-0.215072,-0.491643,-0.684809,0.493019,692.099182,1542.011353,-4005.690186,692.138062,1460.954102,-4012.694336,708.030212,1583.878296,-4034.116699,671.139160,1495.190918,-3965.100830,697.089050,1628.022705,-4010.848633,692.348633,1461.120361,-4012.431641,707.559143,1583.518799,-4034.348877,671.085571,1495.453247,-3965.530518,697.348083,1627.920410,-4010.494629,2616.293701,1567.756470,-3159.784912,,,,,,,,,,,,,,,,,,,,,,,,,,,,,,,,,
7829,78.290000,0.000000,0.000000,0.000000,1.000000,0.000000,0.000000,0.000000,57.698101,20.499701,-14.700500,0.047771,-0.013570,0.015998,-15.666301,-52.738201,18.801300,-93.396698,0.129960,17.611099,-0.221537,-0.485536,-0.684217,0.497015,690.206726,1541.915161,-4005.568115,689.872620,1460.880615,-4012.822510,705.716858,1583.825073,-4034.163574,669.885681,1495.027832,-3964.731689,695.351624,1627.927368,-4010.554199,689.832947,1460.777100,-4012.822998,705.791870,1583.600586,-4034.207764,670.027222,1495.497925,-3964.926025,695.199219,1627.872803,-4010.343018,2616.280518,1567.734375,-3159.770996,,,,,,,,,,,,,,,,,,,,,,,,,,,,,,,,,
7830,78.300000,0.000000,0.000000,0.000000,1.000000,0.000000,0.000000,0.000000,57.698101,20.499701,-14.700500,0.047771,-0.013570,0.015998,-15.666301,-52.738201,18.801300,-93.396698,0.129960,17.611099,-0.216111,-0.486821,-0.688066,0.492814,688.776794,1542.057007,-4005.281982,688.248291,1461.065308,-4012.989014,704.854736,1584.064331,-4033.417236,667.692688,1495.023438,-3965.004395,694.311401,1628.075317,-4009.716553,688.041748,1460.818604,-4012.827881,704.981995,1584.177368,-4033.328613,667.873291,1495.029541,-3965.211914,694.201416,1628.172241,-4009.750732,2616.300049,1567.742798,-3159.771240,,,,,,,,,,,,,,,,,,,,,,,,,,,,,,,,,
7831,78.310000,0.000000,0.000000,0.000000,1.000000,0.000000,0.000000,0.000000,57.698101,20.499701,-14.700500,0.047771,-0.013570,0.015998,-15.666301,-52.738201,18.801300,-93.396698,0.129960,17.611099,-0.209340,-0.491245,-0.689299,0.489614,687.101135,1542.185669,-4004.974854,686.940247,1461.196045,-4012.720703,703.542725,1584.251221,-4032.811523,665.458252,1495.074219,-3965.086426,692.463196,1628.221436,-4009.280762,686.882874,1461.250244,-4012.339600,703.395325,1584.368530,-4032.832031,665.523010,1494.773682,-3965.451416,692.604248,1628.300415,-4009.286377,2616.288330,1567.735229,-3159.779297,,,,,,,,,,,,,,,,,,,,,,,,,,,,,,,,,
7832,78.320000,0.000000,0.000000,0.000000,1.000000,0.000000,0.000000,0.000000,57.698101,20.499701,-14.700500,0.047771,-0.013570,0.015998,-15.666301,-52.738201,18.801300,-93.396698,0.129960,17.611099,-0.208433,-0.493890,-0.686382,0.491434,685.195129,1542.169678,-4004.924805,685.637146,1461.144409,-4012.276611,701.350220,1584.219482,-4032.952393,663.865906,1495.094482,-3964.825439,689.927307,1628.220703,-4009.644531,685.841736,1461.671509,-4011.783691,700.918701,1584.085449,-4033.137207,663.791565,1494.904297,-3965.193848,690.249878,1628.134766,-4009.482422,2616.299805,1567.703735,-3159.769531,,,,,,,,,,,,,,,,,,,,,,,,,,,,,,,,,
7833,78.330000,0.000000,0.000000,0.000000,1.000000,0.000000,0.000000,0.000000,57.698101,20.499701,-14.700500,0.047771,-0.013570,0.015998,-15.666301,-52.738201,18.801300,-93.396698,0.129960,17.611099,-0.215444,-0.489252,-0.683713,0.496742,683.464233,1542.287720,-4004.729248,683.841125,1461.255859,-4012.012939,698.995605,1584.327393,-4033.122070,663.013062,1495.228760,-3964.156250,688.007141,1628.339111,-4009.625977,684.007996,1461.587036,-4011.713135,698.652466,1583.988159,-4033.370117,662.972412,1495.300171,-3964.494385,688.205322,1628.267822,-4009.332275,2616.299805,1567.726440,-3159.759033,,,,,,,,,,,,,,,,,,,,,,,,,,,,,,,,,
7834,78.340000,0.000000,0.000000,0.000000,1.000000,0.000000,0.000000,0.000000,57.698101,20.499701,-14.700500,0.047771,-0.013570,0.015998,-15.666301,-52.738201,18.801300,-93.396698,0.129960,17.611099,-0.218858,-0.484538,-0.685141,0.497903,681.946350,1542.442139,-4004.434570,681.827759,1461.446655,-4012.120605,697.416565,1584.541504,-4032.771973,661.650391,1495.288330,-3963.893555,686.890564,1628.491943,-4008.952148,681.734863,1461.310303,-4012.047852,697.512146,1584.453491,-4032.807861,661.776611,1495.470703,-3964.060547,686.765869,1628.550293,-4008.831055,2616.277588,1567.712646,-3159.776367,,,,,,,,,,,,,,,,,,,,,,,,,,,,,,,,,
7835,78.350000,0.000000,0.000000,0.000000,1.000000,0.000000,0.000000,0.000000,57.698101,20.499701,-14.700500,0.047771,-0.013570,0.015998,-15.666301,-52.738201,18.801300,-93.396698,0.129960,17.611099,-0.215284,-0.485004,-0.687819,0.495307,680.250793,1542.489014,-4004.412109,679.996460,1461.528564,-4012.454590,696.083740,1584.671875,-4032.423584,659.469116,1495.211182,-3964.263672,685.453857,1628.544922,-4008.506836,679.765869,1461.220459,-4012.328613,696.218018,1584.861572,-4032.211670,659.665466,1495.217041,-3964.452393,685.345459,1628.631348,-4008.629395,2616.285889,1567.763550,-3159.784668,,,,,,,,,,,,,,,,,,,,,,,,,,,,,,,,,
7836,78.360000,0.000000,0.000000,0.000000,1.000000,0.000000,0.000000,0.000000,57.698101,20.499701,-14.700500,0.047771,-0.013570,0.015998,-15.666301,-52.738201,18.801300,-93.396698,0.129960,17.611099,-0.209156,-0.489048,-0.688366,0.493192,678.602539,1542.620972,-4004.302490,678.809387,1461.661499,-4012.355225,694.667358,1584.874878,-4032.073486,657.432312,1495.249146,-3964.468994,683.500916,1628.698853,-4008.311768,678.755798,1461.635986,-4011.985840,694.527649,1585.017944,-4032.114502,657.491882,1494.999146,-3964.818604,683.632629,1628.786499,-4008.297363,2616.305908,1567.784180,-3159.787842,,,,,,,,,,,,,,,,,,,,,,,,,,,,,,,,,
7837,78.370000,0.000000,0.000000,0.000000,1.000000,0.000000,0.000000,0.000000,57.698101,20.499701,-14.700500,0.047771,-0.013570,0.015998,-15.666301,-52.738201,18.801300,-93.396698,0.129960,17.611099,-0.209093,-0.490321,-0.686488,0.494570,676.838501,1542.697998,-4004.314453,677.390869,1461.716797,-4012.128906,692.697754,1584.939087,-4032.222656,655.905701,1495.352539,-3964.324463,681.359619,1628.784058,-4008.581543,677.591736,1462.053345,-4011.626221,692.245789,1584.836060,-4032.547852,655.791809,1495.099731,-3964.709961,681.720825,1628.834229,-4008.337891,2616.281494,1567.787476,-3159.784912,,,,,,,,,,,,,,,,,,,,,,,,,,,,,,,,,
7838,78.380000,0.000000,0.000000,0.000000,1.000000,0.000000,0.000000,0.000000,57.698101,20.499701,-14.700500,0.047771,-0.013570,0.015998,-15.666301,-52.738201,18.801300,-93.396698,0.129960,17.611099,-0.213551,-0.488676,-0.683447,0.498489,675.177673,1542.942017,-4004.190430,675.900879,1461.936035,-4011.729736,690.535217,1585.136841,-4032.447266,654.919434,1495.668579,-3963.770264,679.355164,1629.026978,-4008.814453,676.103638,1462.296509,-4011.447510,690.161926,1584.805054,-4032.700928,654.864990,1495.855957,-3964.136230,679.569702,1628.812134,-4008.475830,2616.262451,1567.794067,-3159.794434,,,,,,,,,,,,,,,,,,,,,,,,,,,,,,,,,
7839,78.390000,0.000000,0.000000,0.000000,1.000000,0.000000,0.000000,0.000000,57.698101,20.499701,-14.700500,0.047771,-0.013570,0.015998,-15.666301,-52.738201,18.801300,-93.396698,0.129960,17.611099,-0.216464,-0.485022,-0.684731,0.499040,673.736084,1543.224976,-4003.973389,674.001221,1462.244019,-4011.806885,689.086792,1585.445190,-4032.196045,653.552307,1495.906494,-3963.568604,678.304016,1629.304443,-4008.322266,674.019531,1462.179810,-4011.717773,689.007446,1585.181641,-4032.266602,653.672974,1496.433105,-3963.934082,678.264343,1629.213379,-4008.056152,2616.283936,1567.773315,-3159.784424,,,,,,,,,,,,,,,,,,,,,,,,,,,,,,,,,
7840,78.400000,0.000000,0.000000,0.000000,1.000000,0.000000,0.000000,0.000000,57.698101,20.499701,-14.700500,0.047771,-0.013570,0.015998,-15.666301,-52.738201,18.801300,-93.396698,0.129960,17.611099,-0.217413,-0.482045,-0.686527,0.499044,672.433655,1543.444824,-4003.775635,672.347107,1462.502686,-4012.003906,687.854797,1585.740845,-4031.845947,652.201538,1496.010620,-3963.531006,677.331177,1629.525513,-4007.721436,672.102112,1462.178223,-4012.082031,688.123291,1585.722900,-4031.579102,652.472595,1496.341553,-3963.647461,677.059021,1629.541504,-4007.797607,2616.280762,1567.767456,-3159.788818,,,,,,,,,,,,,,,,,,,,,,,,,,,,,,,,,
7841,78.410000,0.000000,0.000000,0.000000,1.000000,0.000000,0.000000,0.000000,57.698101,20.499701,-14.700500,0.047771,-0.013570,0.015998,-15.666301,-52.738201,18.801300,-93.396698,0.129960,17.611099,-0.213046,-0.482710,-0.688887,0.497029,670.755676,1543.440186,-4003.916260,670.699768,1462.538940,-4012.537109,686.471802,1585.861572,-4031.631348,650.108459,1495.824829,-3964.098633,675.742554,1629.535889,-4007.397705,670.474915,1462.255615,-4012.337646,686.587646,1585.949341,-4031.539551,650.300293,1495.776367,-3964.339844,675.637634,1629.738403,-4007.440674,2616.275879,1567.749634,-3159.783936,,,,,,,,,,,,,,,,,,,,,,,,,,,,,,,,,
7842,78.420000,0.000000,0.000000,0.000000,1.000000,0.000000,0.000000,0.000000,57.698101,20.499701,-14.700500,0.047771,-0.013570,0.015998,-15.666301,-52.738201,18.801300,-93.396698,0.129960,17.611099,-0.210545,-0.485202,-0.687445,0.497664,669.001465,1543.391479,-4004.191895,669.453735,1462.473633,-4012.644287,684.602234,1585.846069,-4031.921387,648.442810,1495.739258,-3964.372314,673.506897,1629.507202,-4007.829102,669.478516,1462.514404,-4012.301025,684.393982,1585.855835,-4032.016357,648.466980,1495.629150,-3964.736816,673.667236,1629.557617,-4007.724854,2616.305420,1567.757935,-3159.782471,,,,,,,,,,,,,,,,,,,,,,,,,,,,,,,,,
7843,78.430000,0.000000,0.000000,0.000000,1.000000,0.000000,0.000000,0.000000,57.698101,20.499701,-14.700500,0.047771,-0.013570,0.015998,-15.666301,-52.738201,18.801300,-93.396698,0.129960,17.611099,-0.212500,-0.485428,-0.684717,0.500366,667.596680,1543.582397,-4004.295898,668.371765,1462.636230,-4012.447266,682.827454,1586.003540,-4032.281494,647.507690,1495.986572,-3964.170410,671.679871,1629.703613,-4008.284180,668.603149,1462.901611,-4012.159424,682.391785,1585.804077,-4032.518311,647.413208,1496.117432,-3964.506836,671.969910,1629.503052,-4007.990723,2616.307129,1567.724487,-3159.763428,,,,,,,,,,,,,,,,,,,,,,,,,,,,,,,,,
7844,78.440000,0.000000,0.000000,0.000000,1.000000,0.000000,0.000000,0.000000,57.698101,20.499701,-14.700500,0.047771,-0.013570,0.015998,-15.666301,-52.738201,18.801300,-93.396698,0.129960,17.611099,-0.212685,-0.485233,-0.683970,0.501497,666.153137,1543.796143,-4004.395508,667.077515,1462.850342,-4012.535645,681.245361,1586.243530,-4032.416260,646.235779,1496.166260,-3964.225098,670.053711,1629.924927,-4008.405273,667.357971,1463.189453,-4012.218018,680.743164,1585.922729,-4032.722900,646.124084,1496.362915,-3964.614746,670.370422,1629.699707,-4008.024658,2616.308838,1567.760498,-3159.777344,,,,,,,,,,,,,,,,,,,,,,,,,,,,,,,,,
7845,78.450000,0.000000,0.000000,0.000000,1.000000,0.000000,0.000000,0.000000,57.698101,20.499701,-14.700500,0.047771,-0.013570,0.015998,-15.666301,-52.738201,18.801300,-93.396698,0.129960,17.611099,-0.216266,-0.480978,-0.684947,0.502729,664.954712,1544.090942,-4004.406982,665.426025,1463.172729,-4012.853516,679.962891,1586.573120,-4032.420166,645.218689,1496.403076,-3964.215820,669.211243,1630.215454,-4008.138184,665.556396,1463.185059,-4012.673828,679.663452,1586.277344,-4032.608887,645.206421,1496.740356,-3964.588867,669.356384,1630.167969,-4007.821045,2616.289551,1567.740479,-3159.773193,,,,,,,,,,,,,,,,,,,,,,,,,,,,,,,,,
7846,78.460000,0.000000,0.000000,0.000000,1.000000,0.000000,0.000000,0.000000,57.698101,20.499701,-14.700500,0.047771,-0.013570,0.015998,-15.666301,-52.738201,18.801300,-93.396698,0.129960,17.611099,-0.217680,-0.478226,-0.686593,0.502498,663.753967,1544.302124,-4004.455078,663.827148,1463.415527,-4013.212646,678.848877,1586.823364,-4032.362061,643.953491,1496.549805,-3964.372070,668.386414,1630.420044,-4007.873047,663.643799,1463.204956,-4013.146484,679.006165,1586.822632,-4032.254150,644.139099,1496.662964,-3964.535889,668.226501,1630.509644,-4007.887939,2616.279785,1567.750244,-3159.774658,,,,,,,,,,,,,,,,,,,,,,,,,,,,,,,,,
7847,78.470000,0.000000,0.000000,0.000000,1.000000,0.000000,0.000000,0.000000,57.698101,20.499701,-14.700500,0.047771,-0.013570,0.015998,-15.666301,-52.738201,18.801300,-93.396698,0.129960,17.611099,-0.217096,-0.478030,-0.687124,0.502213,662.215515,1544.335571,-4004.756348,662.261719,1463.459839,-4013.614258,677.360535,1586.884521,-4032.594238,642.349060,1496.542725,-3964.754883,666.890747,1630.455566,-4008.062744,661.955383,1463.301880,-4013.530762,677.662537,1586.982056,-4032.354248,642.619629,1496.570801,-3964.928955,666.634766,1630.487549,-4008.195801,2616.249512,1567.740723,-3159.787842,,,,,,,,,,,,,,,,,,,,,,,,,,,,,,,,,
7848,78.480000,0.000000,0.000000,0.000000,1.000000,0.000000,0.000000,0.000000,57.698101,20.499701,-14.700500,0.047771,-0.013570,0.015998,-15.666301,-52.738201,18.801300,-93.396698,0.129960,17.611099,-0.216664,-0.478316,-0.686827,0.502534,660.701233,1544.377075,-4005.052979,660.854675,1463.500610,-4013.902100,675.804260,1586.942383,-4032.888428,640.877991,1496.562988,-3965.055176,665.267883,1630.502686,-4008.366211,660.579529,1463.400879,-4013.827393,676.075745,1586.999512,-4032.653809,641.135864,1496.595093,-3965.226562,665.029968,1630.515015,-4008.492920,2616.299072,1567.768555,-3159.776123,,,,,,,,,,,,,,,,,,,,,,,,,,,,,,,,,
7849,78.490000,0.000000,0.000000,0.000000,1.000000,0.000000,0.000000,0.000000,57.698101,20.499701,-14.700500,0.047771,-0.013570,0.015998,-15.666301,-52.738201,18.801300,-93.396698,0.129960,17.611099,-0.214370,-0.479716,-0.686832,0.502175,659.188171,1544.424194,-4005.333008,659.571289,1463.550293,-4014.199707,674.329407,1587.030762,-4033.083984,639.279236,1496.555054,-3965.443604,663.572632,1630.560791,-4008.604004,659.470764,1463.530273,-4013.992676,674.316345,1587.021973,-4033.034424,639.406677,1496.501099,-3965.720459,663.567932,1630.631592,-4008.606445,2616.300049,1567.755859,-3159.789795,,,,,,,,,,,,,,,,,,,,,,,,,,,,,,,,,
7850,78.500000,0.000000,0.000000,0.000000,1.000000,0.000000,0.000000,0.000000,57.698101,20.499701,-14.700500,0.047771,-0.013570,0.015998,-15.666301,-52.738201,18.801300,-93.396698,0.129960,17.611099,-0.213620,-0.481902,-0.684830,0.503134,657.870422,1544.543945,-4005.607666,658.669434,1463.640381,-4014.169678,672.839600,1587.120972,-4033.497314,638.142151,1496.726318,-3965.567139,661.830383,1630.688599,-4009.196777,658.858887,1463.790161,-4013.898438,672.427917,1586.941162,-4033.670898,638.068909,1496.827026,-3965.909180,662.101685,1630.610107,-4008.963135,2616.295654,1567.774658,-3159.774414,,,,,,,,,,,,,,,,,,,,,,,,,,,,,,,,,
7851,78.510000,0.000000,0.000000,0.000000,1.000000,0.000000,0.000000,0.000000,57.698101,20.499701,-14.700500,0.047771,-0.013570,0.015998,-15.666301,-52.738201,18.801300,-93.396698,0.129960,17.611099,-0.211209,-0.483634,-0.684582,0.502828,656.661987,1544.559692,-4005.984863,657.739807,1463.656128,-4014.516357,671.653809,1587.171265,-4033.809082,636.862732,1496.697388,-3966.032715,660.391541,1630.714355,-4009.580566,658.033447,1463.967285,-4014.090088,671.049316,1587.047241,-4034.028076,636.732483,1496.697388,-3966.449951,660.827148,1630.545654,-4009.334961,2616.280762,1567.757812,-3159.795654,,,,,,,,,,,,,,,,,,,,,,,,,,,,,,,,,
7852,78.520000,0.000000,0.000000,0.000000,1.000000,0.000000,0.000000,0.000000,57.698101,20.499701,-14.700500,0.047771,-0.013570,0.015998,-15.666301,-52.738201,18.801300,-93.396698,0.129960,17.611099,-0.212495,-0.481963,-0.684614,0.503846,655.628174,1544.637573,-4006.216064,656.620605,1463.745850,-4014.869629,670.522217,1587.280884,-4034.044678,635.977234,1496.728760,-3966.246582,659.392700,1630.795044,-4009.703125,656.827637,1464.017578,-4014.375244,670.017761,1587.203369,-4034.285156,635.892822,1496.640991,-3966.714844,659.764404,1630.708008,-4009.464355,2616.293945,1567.758667,-3159.778564,,,,,,,,,,,,,,,,,,,,,,,,,,,,,,,,,
7853,78.530000,0.000000,0.000000,0.000000,1.000000,0.000000,0.000000,0.000000,57.698101,20.499701,-14.700500,0.047771,-0.013570,0.015998,-15.666301,-52.738201,18.801300,-93.396698,0.129960,17.611099,-0.215992,-0.477928,-0.685375,0.505166,654.685730,1544.724121,-4006.393066,655.264832,1463.858154,-4015.320801,669.479492,1587.399170,-4034.226318,635.232788,1496.762573,-3966.389893,658.765747,1630.876831,-4009.634521,655.371460,1463.947021,-4014.916016,669.145874,1587.345093,-4034.423828,635.197754,1496.657227,-3966.802246,659.017944,1630.943970,-4009.438477,2616.287842,1567.719116,-3159.773682,,,,,,,,,,,,,,,,,,,,,,,,,,,,,,,,,
7854,78.540000,0.000000,0.000000,0.000000,1.000000,0.000000,0.000000,0.000000,57.698101,20.499701,-14.700500,0.047771,-0.013570,0.015998,-15.666301,-52.738201,18.801300,-93.396698,0.129960,17.611099,-0.217936,-0.475533,-0.685815,0.505994,653.652771,1544.776245,-4006.639893,654.002502,1463.928101,-4015.739990,668.382324,1587.477051,-4034.467773,634.321716,1496.773438,-3966.627197,657.904602,1630.926392,-4009.724609,653.903625,1463.791138,-4015.506348,668.394775,1587.532959,-4034.509766,634.435181,1496.794312,-3966.904053,657.880005,1630.967896,-4009.645996,2616.330078,1567.734131,-3159.751221,,,,,,,,,,,,,,,,,,,,,,,,,,,,,,,,,
7855,78.550000,0.000000,0.000000,0.000000,1.000000,0.000000,0.000000,0.000000,57.698101,20.499701,-14.700500,0.047771,-0.013570,0.015998,-15.666301,-52.738201,18.801300,-93.396698,0.129960,17.611099,-0.220136,-0.473263,-0.686252,0.506577,652.378784,1544.707153,-4007.096191,652.456177,1463.872803,-4016.323486,667.066650,1587.411255,-4034.941162,633.144165,1496.694702,-3967.048584,656.848206,1630.850220,-4010.071777,652.188293,1463.534668,-4016.201416,667.304504,1587.544556,-4034.840088,633.377625,1496.820068,-3967.254150,656.638550,1630.897583,-4010.084229,2616.301025,1567.726196,-3159.762939,,,,,,,,,,,,,,,,,,,,,,,,,,,,,,,,,
7856,78.560000,0.000000,0.000000,0.000000,1.000000,0.000000,0.000000,0.000000,57.698101,20.499701,-14.700500,0.047771,-0.013570,0.015998,-15.666301,-52.738201,18.801300,-93.396698,0.129960,17.611099,-0.221114,-0.472714,-0.685982,0.507029,651.097656,1544.581177,-4007.572266,651.130371,1463.744019,-4016.775635,665.729065,1587.273071,-4035.465332,631.947937,1496.585693,-3967.463379,655.583252,1630.722046,-4010.583984,650.948914,1463.498047,-4016.630127,665.860901,1587.345703,-4035.424805,632.125000,1496.689087,-3967.684570,655.453064,1630.771240,-4010.554199,2616.311279,1567.708862,-3159.754639,,,,,,,,,,,,,,,,,,,,,,,,,,,,,,,,,
7857,78.570000,0.000000,0.000000,0.000000,1.000000,0.000000,0.000000,0.000000,57.698101,20.499701,-14.700500,0.047771,-0.013570,0.015998,-15.666301,-52.738201,18.801300,-93.396698,0.129960,17.611099,-0.219845,-0.473726,-0.686534,0.505888,649.912476,1544.441406,-4007.965576,649.944336,1463.603638,-4017.162354,664.678162,1587.124023,-4035.802246,630.575989,1496.458496,-3967.931641,654.451416,1630.579956,-4010.965820,649.875183,1463.469360,-4016.899658,664.645142,1587.187988,-4035.858643,630.650635,1496.390137,-3968.201416,654.479675,1630.690674,-4010.896729,2616.307129,1567.753906,-3159.769043,,,,,,,,,,,,,,,,,,,,,,,,,,,,,,,,,
7858,78.580000,0.000000,0.000000,0.000000,1.000000,0.000000,0.000000,0.000000,57.698101,20.499701,-14.700500,0.047771,-0.013570,0.015998,-15.666301,-52.738201,18.801300,-93.396698,0.129960,17.611099,-0.216491,-0.477333,-0.686158,0.504452,648.673340,1544.231323,-4008.387451,649.047546,1463.370972,-4017.376465,663.566589,1586.890137,-4036.192871,629.110962,1496.288574,-3968.415283,652.968262,1630.375977,-4011.565674,649.149170,1463.573853,-4016.934326,663.272400,1586.843262,-4036.422363,629.061829,1496.078369,-3968.801270,653.206909,1630.434326,-4011.382080,2616.307617,1567.748779,-3159.774902,,,,,,,,,,,,,,,,,,,,,,,,,,,,,,,,,
7859,78.590000,0.000000,0.000000,0.000000,1.000000,0.000000,0.000000,0.000000,57.698101,20.499701,-14.700500,0.047771,-0.013570,0.015998,-15.666301,-52.738201,18.801300,-93.396698,0.129960,17.611099,-0.216404,-0.478476,-0.685267,0.504618,647.607605,1544.064453,-4008.711426,648.126038,1463.184692,-4017.517090,662.448547,1586.685547,-4036.602051,628.097717,1496.178833,-3968.644775,651.758118,1630.208862,-4012.081055,648.325378,1463.528076,-4017.028809,662.001404,1586.497559,-4036.895752,628.001953,1495.991211,-3969.059082,652.090027,1630.265747,-4011.833252,2616.302490,1567.754395,-3159.777344,,,,,,,,,,,,,,,,,,,,,,,,,,,,,,,,,
7860,78.600000,0.000000,0.000000,0.000000,1.000000,0.000000,0.000000,0.000000,57.698101,20.499701,-14.700500,0.047771,-0.013570,0.015998,-15.666301,-52.738201,18.801300,-93.396698,0.129960,17.611099,-0.213309,-0.481636,-0.685092,0.503166,646.641907,1543.926270,-4008.927734,647.440247,1463.030640,-4017.565674,661.619263,1586.529175,-4036.773682,626.902466,1496.071411,-3968.937256,650.605591,1630.073975,-4012.434570,647.695740,1463.559448,-4016.990234,661.139954,1586.335938,-4037.097412,626.775085,1495.797974,-3969.332275,650.980408,1630.111816,-4012.189453,2616.290527,1567.744019,-3159.780762,,,,,,,,,,,,,,,,,,,,,,,,,,,,,,,,,
7861,78.610000,0.000000,0.000000,0.000000,1.000000,0.000000,0.000000,0.000000,57.698101,20.499701,-14.700500,0.047771,-0.013570,0.015998,-15.666301,-52.738201,18.801300,-93.396698,0.129960,17.611099,-0.215113,-0.480846,-0.684700,0.503686,645.817688,1543.892090,-4009.007812,646.503845,1462.988281,-4017.577148,660.726501,1586.455688,-4036.950195,626.189514,1496.091919,-3968.897461,649.850830,1630.032837,-4012.607178,646.650818,1463.381348,-4017.169434,660.389832,1586.244873,-4037.161377,626.135376,1495.943726,-3969.240479,650.089783,1630.045044,-4012.417236,2616.300049,1567.750977,-3159.777588,,,,,,,,,,,,,,,,,,,,,,,,,,,,,,,,,
7862,78.620000,0.000000,0.000000,0.000000,1.000000,0.000000,0.000000,0.000000,57.698101,20.499701,-14.700500,0.047771,-0.013570,0.015998,-15.666301,-52.738201,18.801300,-93.396698,0.129960,17.611099,-0.219214,-0.477174,-0.685450,0.504389,645.038025,1543.879883,-4009.068604,645.210510,1462.990234,-4017.796875,659.902527,1586.418091,-4037.073242,625.544128,1496.106445,-3968.860596,649.494873,1630.004883,-4012.543213,645.219666,1463.026611,-4017.603027,659.802429,1586.286499,-4037.168457,625.581116,1496.124634,-3969.110107,649.549011,1630.080933,-4012.405273,2616.326416,1567.736450,-3159.770752,,,,,,,,,,,,,,,,,,,,,,,,,,,,,,,,,
7863,78.630000,0.000000,0.000000,0.000000,1.000000,0.000000,0.000000,0.000000,57.698101,20.499701,-14.700500,0.047771,-0.013570,0.015998,-15.666301,-52.738201,18.801300,-93.396698,0.129960,17.611099,-0.223019,-0.473549,-0.685929,0.505485,644.104614,1543.778687,-4009.181396,643.851624,1462.907471,-4018.076904,658.875732,1586.312500,-4037.241943,624.800659,1496.003662,-3968.884033,648.890320,1629.891235,-4012.522705,643.683838,1462.665283,-4018.018799,659.026550,1586.287109,-4037.173828,624.983704,1496.191772,-3969.059814,648.724609,1629.968384,-4012.487305,2616.348633,1567.757080,-3159.746582,,,,,,,,,,,,,,,,,,,,,,,,,,,,,,,,,
7864,78.640000,0.000000,0.000000,0.000000,1.000000,0.000000,0.000000,0.000000,57.698101,20.499701,-14.700500,0.047771,-0.013570,0.015998,-15.666301,-52.738201,18.801300,-93.396698,0.129960,17.611099,-0.222693,-0.474032,-0.686579,0.504293,642.911438,1543.636841,-4009.411865,642.536377,1462.764038,-4018.288086,657.823730,1586.137573,-4037.447998,623.428284,1495.906006,-3969.148193,647.857178,1629.739990,-4012.762939,642.305115,1462.391113,-4018.315430,658.065063,1586.186768,-4037.277588,623.681335,1496.269531,-3969.299561,647.608032,1629.706055,-4012.772461,2616.275391,1567.739990,-3159.776123,,,,,,,,,,,,,,,,,,,,,,,,,,,,,,,,,
7865,78.650000,0.000000,0.000000,0.000000,1.000000,0.000000,0.000000,0.000000,57.698101,20.499701,-14.700500,0.047771,-0.013570,0.015998,-15.666301,-52.738201,18.801300,-93.396698,0.129960,17.611099,-0.221229,-0.476452,-0.686206,0.503164,641.604858,1543.402222,-4009.687988,641.381348,1462.505249,-4018.346680,656.612488,1585.846436,-4037.758789,621.967590,1495.755127,-3969.400146,646.457825,1629.502319,-4013.245605,641.261353,1462.214844,-4018.359619,656.721863,1585.871460,-4037.660645,622.155884,1496.193115,-3969.573242,646.298950,1629.383667,-4013.194092,2616.260986,1567.706055,-3159.792969,,,,,,,,,,,,,,,,,,,,,,,,,,,,,,,,,
7866,78.660000,0.000000,0.000000,0.000000,1.000000,0.000000,0.000000,0.000000,57.698101,20.499701,-14.700500,0.047771,-0.013570,0.015998,-15.666301,-52.738201,18.801300,-93.396698,0.129960,17.611099,-0.219450,-0.478953,-0.685464,0.502578,640.353027,1543.171265,-4009.913086,640.395935,1462.251831,-4018.361572,655.389893,1585.583496,-4038.016357,620.637451,1495.575195,-3969.603027,644.988647,1629.275024,-4013.670410,640.455505,1462.166626,-4018.287109,655.239319,1585.490601,-4038.022461,620.673096,1495.924438,-3969.853760,645.048584,1629.160889,-4013.528809,2616.316650,1567.756592,-3159.771973,,,,,,,,,,,,,,,,,,,,,,,,,,,,,,,,,
7867,78.670000,0.000000,0.000000,0.000000,1.000000,0.000000,0.000000,0.000000,57.698101,20.499701,-14.700500,0.047771,-0.013570,0.015998,-15.666301,-52.738201,18.801300,-93.396698,0.129960,17.611099,-0.214451,-0.483060,-0.685041,0.501381,639.106628,1542.818970,-4010.331543,639.684631,1461.888306,-4018.651855,654.250427,1585.269165,-4038.320068,619.166565,1495.178223,-3970.185303,643.324829,1628.940552,-4014.168701,639.974365,1462.195068,-4018.178955,653.655457,1585.097046,-4038.601318,619.035278,1495.119507,-3970.618164,643.751404,1628.885010,-4013.887939,2616.289551,1567.736694,-3159.778076,,,,,,,,,,,,,,,,,,,,,,,,,,,,,,,,,
7868,78.680000,0.000000,0.000000,0.000000,1.000000,0.000000,0.000000,0.000000,57.698101,20.499701,-14.700500,0.047771,-0.013570,0.015998,-15.666301,-52.738201,18.801300,-93.396698,0.129960,17.611099,-0.214698,-0.482430,-0.684929,0.502034,637.941345,1542.499146,-4010.623535,638.546021,1461.575439,-4019.008545,653.017822,1584.978882,-4038.603271,618.091370,1494.816895,-3970.481934,642.110229,1628.625854,-4014.399902,638.901428,1461.964844,-4018.452637,652.321289,1584.806641,-4038.970459,617.913086,1494.660278,-3970.914307,642.624329,1628.608276,-4014.091064,2616.279785,1567.758789,-3159.775391,,,,,,,,,,,,,,,,,,,,,,,,,,,,,,,,,
7869,78.690000,0.000000,0.000000,0.000000,1.000000,0.000000,0.000000,0.000000,57.698101,20.499701,-14.700500,0.047771,-0.013570,0.015998,-15.666301,-52.738201,18.801300,-93.396698,0.129960,17.611099,-0.217891,-0.479363,-0.684844,0.503710,637.071594,1542.407471,-4010.659180,637.436096,1461.496460,-4019.180664,651.978638,1584.902710,-4038.706299,617.491394,1494.699219,-3970.416016,641.380249,1628.531738,-4014.333252,637.590515,1461.714233,-4018.777344,651.596924,1584.791260,-4038.923828,617.435974,1494.649170,-3970.817383,641.653748,1628.485840,-4014.106201,2616.269287,1567.739258,-3159.785400,,,,,,,,,,,,,,,,,,,,,,,,,,,,,,,,,
7870,78.700000,0.000000,0.000000,0.000000,1.000000,0.000000,0.000000,0.000000,57.698101,20.499701,-14.700500,0.047771,-0.013570,0.015998,-15.666301,-52.738201,18.801300,-93.396698,0.129960,17.611099,-0.221185,-0.475446,-0.685942,0.504492,636.106934,1542.314819,-4010.739258,635.999268,1461.432983,-4019.540283,650.977478,1584.833496,-4038.770264,616.644104,1494.563843,-3970.489990,640.806763,1628.429077,-4014.156738,636.067749,1461.377441,-4019.225586,650.740051,1584.772095,-4038.932373,616.642456,1494.578247,-3970.857178,640.977234,1628.530396,-4013.953613,2616.268799,1567.778687,-3159.787598,,,,,,,,,,,,,,,,,,,,,,,,,,,,,,,,,
7871,78.710000,0.000000,0.000000,0.000000,1.000000,0.000000,0.000000,0.000000,57.698101,20.499701,-14.700500,0.047771,-0.013570,0.015998,-15.666301,-52.738201,18.801300,-93.396698,0.129960,17.611099,-0.223235,-0.472471,-0.687268,0.504579,635.103699,1542.212524,-4010.820312,634.586060,1461.361694,-4019.887451,650.016296,1584.757202,-4038.789307,615.640198,1494.415527,-3970.625977,640.172119,1628.315796,-4013.978516,634.411255,1460.981689,-4019.692383,650.096680,1584.860474,-4038.756836,615.813843,1494.542480,-3970.901855,640.084167,1628.407227,-4013.933105,2616.289307,1567.761841,-3159.786133,,,,,,,,,,,,,,,,,,,,,,,,,,,,,,,,,
7872,78.720000,0.000000,0.000000,0.000000,1.000000,0.000000,0.000000,0.000000,57.698101,20.499701,-14.700500,0.047771,-0.013570,0.015998,-15.666301,-52.738201,18.801300,-93.396698,0.129960,17.611099,-0.223177,-0.472272,-0.687304,0.504743,633.868042,1541.976440,-4011.028320,633.360535,1461.129517,-4020.131104,648.766846,1584.535767,-4038.982422,614.422424,1494.158813,-3970.849854,638.922363,1628.081909,-4014.149658,633.182739,1460.808472,-4019.943359,648.856323,1584.664551,-4038.928955,614.597046,1494.264648,-3971.113037,638.833557,1628.127441,-4014.129639,2616.303223,1567.760864,-3159.774902,,,,,,,,,,,,,,,,,,,,,,,,,,,,,,,,,
7873,78.730000,0.000000,0.000000,0.000000,1.000000,0.000000,0.000000,0.000000,57.698101,20.499701,-14.700500,0.047771,-0.013570,0.015998,-15.666301,-52.738201,18.801300,-93.396698,0.129960,17.611099,-0.222081,-0.473124,-0.687168,0.504612,632.662842,1541.765869,-4011.204834,632.288391,1460.916016,-4020.288086,647.571045,1584.338501,-4039.133545,613.185364,1493.931519,-3971.061279,637.606506,1627.877319,-4014.335693,632.203369,1460.772217,-4020.012939,647.512207,1584.418457,-4039.104492,613.296265,1493.895874,-3971.397949,637.643921,1627.945557,-4014.318359,2616.286133,1567.762939,-3159.781494,,,,,,,,,,,,,,,,,,,,,,,,,,,,,,,,,
7874,78.740000,0.000000,0.000000,0.000000,1.000000,0.000000,0.000000,0.000000,57.698101,20.499701,-14.700500,0.047771,-0.013570,0.015998,-15.666301,-52.738201,18.801300,-93.396698,0.129960,17.611099,-0.219519,-0.475579,-0.686567,0.504243,631.528442,1541.572998,-4011.325439,631.501160,1460.708740,-4020.287109,646.452515,1584.157227,-4039.228027,611.979858,1493.729248,-3971.227783,636.180176,1627.697144,-4014.558350,631.592102,1460.899048,-4019.898438,646.126648,1584.154419,-4039.284668,611.956726,1493.552490,-3971.623535,636.432556,1627.690063,-4014.495361,2616.261719,1567.722534,-3159.787598,,,,,,,,,,,,,,,,,,,,,,,,,,,,,,,,,
7875,78.750000,0.000000,0.000000,0.000000,1.000000,0.000000,0.000000,0.000000,57.698101,20.499701,-14.700500,0.047771,-0.013570,0.015998,-15.666301,-52.738201,18.801300,-93.396698,0.129960,17.611099,-0.218012,-0.476560,-0.686479,0.504091,630.414246,1541.356934,-4011.465088,630.556335,1460.492920,-4020.428223,645.352173,1583.967773,-4039.319580,610.822388,1493.478149,-3971.430420,634.925964,1627.489136,-4014.681396,630.740784,1460.842285,-4019.918945,644.893738,1583.917236,-4039.478760,610.737793,1493.239380,-3971.869873,635.282837,1627.465576,-4014.550293,2616.307373,1567.744751,-3159.775635,,,,,,,,,,,,,,,,,,,,,,,,,,,,,,,,,
7876,78.760000,0.000000,0.000000,0.000000,1.000000,0.000000,0.000000,0.000000,57.698101,20.499701,-14.700500,0.047771,-0.013570,0.015998,-15.666301,-52.738201,18.801300,-93.396698,0.129960,17.611099,-0.216868,-0.477758,-0.685808,0.504364,629.412048,1541.195679,-4011.589111,629.789368,1460.323364,-4020.469727,644.298584,1583.817993,-4039.453613,609.858582,1493.305298,-3971.549805,633.701599,1627.336182,-4014.883057,630.039429,1460.842896,-4019.841309,643.785950,1583.711670,-4039.698486,609.756897,1493.089478,-3972.020996,634.090454,1627.249634,-4014.676025,2616.293945,1567.748047,-3159.774170,,,,,,,,,,,,,,,,,,,,,,,,,,,,,,,,,
7877,78.770000,0.000000,0.000000,0.000000,1.000000,0.000000,0.000000,0.000000,57.698101,20.499701,-14.700500,0.047771,-0.013570,0.015998,-15.666301,-52.738201,18.801300,-93.396698,0.129960,17.611099,-0.218095,-0.476252,-0.686610,0.504167,628.661682,1541.137329,-4011.552734,628.780334,1460.277832,-4020.556396,643.597717,1583.758423,-4039.393066,609.075867,1493.243408,-3971.533447,633.192810,1627.270020,-4014.728516,628.985962,1460.624878,-4020.011475,643.136536,1583.657715,-4039.681396,608.982544,1493.069336,-3971.984375,633.540771,1627.238892,-4014.482422,2616.325684,1567.733887,-3159.763672,,,,,,,,,,,,,,,,,,,,,,,,,,,,,,,,,
7878,78.780000,0.000000,0.000000,0.000000,1.000000,0.000000,0.000000,0.000000,57.698101,20.499701,-14.700500,0.047771,-0.013570,0.015998,-15.666301,-52.738201,18.801300,-93.396698,0.129960,17.611099,-0.223033,-0.471558,-0.687591,0.505082,628.044800,1541.119385,-4011.485107,627.530212,1460.286621,-4020.712891,642.923828,1583.721924,-4039.383789,608.627625,1493.239624,-3971.366699,633.097412,1627.229614,-4014.476807,627.556152,1460.266113,-4020.390625,642.756775,1583.677856,-4039.537354,608.654114,1493.228394,-3971.732178,633.215820,1627.302856,-4014.292725,2616.291504,1567.697266,-3159.767822,,,,,,,,,,,,,,,,,,,,,,,,,,,,,,,,,
7879,78.790000,0.000000,0.000000,0.000000,1.000000,0.000000,0.000000,0.000000,57.698101,20.499701,-14.700500,0.047771,-0.013570,0.015998,-15.666301,-52.738201,18.801300,-93.396698,0.129960,17.611099,-0.226545,-0.467775,-0.688665,0.505573,627.169067,1540.982544,-4011.601562,626.136658,1460.180908,-4021.055664,642.037720,1583.585083,-4039.505859,607.839355,1493.091797,-3971.453857,632.662537,1627.072510,-4014.389893,626.048157,1459.958252,-4020.867432,642.078003,1583.572388,-4039.600342,607.942505,1493.196899,-3971.697021,632.603516,1627.193604,-4014.233154,2616.273193,1567.707275,-3159.777832,,,,,,,,,,,,,,,,,,,,,,,,,,,,,,,,,
7880,78.800000,0.000000,0.000000,0.000000,1.000000,0.000000,0.000000,0.000000,57.698101,20.499701,-14.700500,0.047771,-0.013570,0.015998,-15.666301,-52.738201,18.801300,-93.396698,0.129960,17.611099,-0.227380,-0.466802,-0.689229,0.505330,626.027527,1540.728516,-4011.915283,624.807617,1459.937988,-4021.441406,640.940613,1583.324951,-4039.805420,606.662354,1492.842285,-3971.779541,631.699463,1626.809204,-4014.634521,624.646179,1459.755249,-4021.272705,641.049866,1583.335938,-4039.804932,606.840698,1492.970825,-3972.045654,631.576233,1626.849609,-4014.556885,2616.259033,1567.759766,-3159.788086,,,,,,,,,,,,,,,,,,,,,,,,,,,,,,,,,
7881,78.810000,0.000000,0.000000,0.000000,1.000000,0.000000,0.000000,0.000000,57.698101,20.499701,-14.700500,0.047771,-0.013570,0.015998,-15.666301,-52.738201,18.801300,-93.396698,0.129960,17.611099,-0.227543,-0.466609,-0.689843,0.504596,624.961914,1540.584595,-4012.164551,623.596008,1459.799805,-4021.718994,639.969971,1583.162476,-4040.031982,605.485229,1492.720947,-3972.055908,630.796448,1626.655396,-4014.851562,623.483826,1459.585083,-4021.621582,640.038452,1583.136353,-4040.010498,605.654053,1493.004761,-3972.308350,630.686218,1626.644409,-4014.754883,2616.289551,1567.728638,-3159.772949,,,,,,,,,,,,,,,,,,,,,,,,,,,,,,,,,
7882,78.820000,0.000000,0.000000,0.000000,1.000000,0.000000,0.000000,0.000000,57.698101,20.499701,-14.700500,0.047771,-0.013570,0.015998,-15.666301,-52.738201,18.801300,-93.396698,0.129960,17.611099,-0.225107,-0.468632,-0.690091,0.503473,623.769836,1540.315796,-4012.588867,622.578918,1459.523315,-4022.102295,638.901245,1582.897583,-4040.383301,604.096802,1492.449463,-3972.579590,629.502258,1626.392944,-4015.290771,622.553345,1459.498779,-4021.859131,638.836182,1582.843994,-4040.477783,604.172974,1492.520142,-3972.904541,629.527222,1626.409668,-4015.139160,2616.295654,1567.723755,-3159.768555,,,,,,,,,,,,,,,,,,,,,,,,,,,,,,,,,
7883,78.830000,0.000000,0.000000,0.000000,1.000000,0.000000,0.000000,0.000000,57.698101,20.499701,-14.700500,0.047771,-0.013570,0.015998,-15.666301,-52.738201,18.801300,-93.396698,0.129960,17.611099,-0.222287,-0.471103,-0.689893,0.502691,622.715576,1540.152466,-4012.968506,621.823669,1459.346558,-4022.399414,637.919495,1582.747070,-4040.703857,602.899597,1492.273682,-3973.044678,628.219543,1626.242798,-4015.726074,621.951050,1459.538940,-4021.975098,637.576660,1582.601685,-4040.920654,602.859070,1492.177124,-3973.473633,628.463745,1626.295288,-4015.505859,2616.288086,1567.738403,-3159.766846,,,,,,,,,,,,,,,,,,,,,,,,,,,,,,,,,
7884,78.840000,0.000000,0.000000,0.000000,1.000000,0.000000,0.000000,0.000000,57.698101,20.499701,-14.700500,0.047771,-0.013570,0.015998,-15.666301,-52.738201,18.801300,-93.396698,0.129960,17.611099,-0.218735,-0.474927,-0.688998,0.501878,621.663147,1540.054321,-4013.381592,621.246155,1459.218018,-4022.583008,636.914307,1582.641724,-4041.102051,601.714417,1492.195679,-3973.499268,626.777710,1626.161987,-4016.341309,621.567566,1459.709595,-4021.927734,636.317444,1582.438354,-4041.491943,601.565552,1491.987427,-3973.976318,627.215515,1626.167114,-4016.025146,2616.324463,1567.741699,-3159.765869,,,,,,,,,,,,,,,,,,,,,,,,,,,,,,,,,
7885,78.850000,0.000000,0.000000,0.000000,1.000000,0.000000,0.000000,0.000000,57.698101,20.499701,-14.700500,0.047771,-0.013570,0.015998,-15.666301,-52.738201,18.801300,-93.396698,0.129960,17.611099,-0.218832,-0.475140,-0.688816,0.501884,620.602417,1540.040405,-4013.817871,620.200867,1459.198975,-4022.974121,635.845215,1582.615234,-4041.562012,600.663147,1492.200195,-3973.908936,625.700439,1626.147217,-4016.825684,620.520447,1459.615356,-4022.370361,635.189819,1582.353271,-4041.974121,600.512878,1492.036743,-3974.398193,626.157471,1626.187744,-4016.480469,2616.291260,1567.711426,-3159.768311,,,,,,,,,,,,,,,,,,,,,,,,,,,,,,,,,
7886,78.860000,0.000000,0.000000,0.000000,1.000000,0.000000,0.000000,0.000000,57.698101,20.499701,-14.700500,0.047771,-0.013570,0.015998,-15.666301,-52.738201,18.801300,-93.396698,0.129960,17.611099,-0.219883,-0.474555,-0.689024,0.501692,619.591248,1540.104248,-4014.244141,619.033813,1459.262329,-4023.388428,634.858704,1582.648926,-4042.021240,599.639587,1492.304199,-3974.293457,624.832764,1626.201904,-4017.272949,619.243652,1459.505615,-4022.873291,634.350037,1582.500732,-4042.317871,599.542297,1492.157349,-3974.775635,625.204590,1626.258789,-4017.002197,2616.311523,1567.756958,-3159.769775,,,,,,,,,,,,,,,,,,,,,,,,,,,,,,,,,
7887,78.870000,0.000000,0.000000,0.000000,1.000000,0.000000,0.000000,0.000000,57.698101,20.499701,-14.700500,0.047771,-0.013570,0.015998,-15.666301,-52.738201,18.801300,-93.396698,0.129960,17.611099,-0.223794,-0.471552,-0.688957,0.502884,618.693909,1540.209595,-4014.720459,617.780273,1459.376465,-4023.912354,633.836365,1582.722656,-4042.614014,598.966370,1492.448364,-3974.612305,624.192444,1626.291504,-4017.742676,617.911072,1459.436279,-4023.531982,633.482361,1582.666382,-4042.827148,598.912048,1492.386230,-3975.005371,624.457275,1626.347900,-4017.526123,2616.287109,1567.771973,-3159.791992,,,,,,,,,,,,,,,,,,,,,,,,,,,,,,,,,
7888,78.880000,0.000000,0.000000,0.000000,1.000000,0.000000,0.000000,0.000000,57.698101,20.499701,-14.700500,0.047771,-0.013570,0.015998,-15.666301,-52.738201,18.801300,-93.396698,0.129960,17.611099,-0.227793,-0.468977,-0.688181,0.504556,617.723511,1540.337158,-4015.227783,616.569214,1459.501587,-4024.372559,632.663757,1582.809692,-4043.291504,598.311279,1492.630371,-3974.901611,623.349731,1626.407349,-4018.344971,616.592957,1459.454956,-4024.093994,632.509949,1582.804077,-4043.401611,598.335815,1492.641968,-3975.226318,623.458191,1626.446289,-4018.200439,2616.281982,1567.736816,-3159.774902,,,,,,,,,,,,,,,,,,,,,,,,,,,,,,,,,
7889,78.890000,0.000000,0.000000,0.000000,1.000000,0.000000,0.000000,0.000000,57.698101,20.499701,-14.700500,0.047771,-0.013570,0.015998,-15.666301,-52.738201,18.801300,-93.396698,0.129960,17.611099,-0.230469,-0.467405,-0.687762,0.505372,616.651428,1540.472046,-4015.831543,615.304565,1459.633423,-4024.923340,631.487915,1582.903809,-4044.011475,597.410706,1492.820190,-3975.358398,622.402466,1626.530884,-4019.031982,615.179810,1459.500488,-4024.734863,631.555176,1582.966064,-4044.031982,597.535767,1492.854370,-3975.589844,622.334961,1626.554077,-4018.974365,2616.322266,1567.743408,-3159.768799,,,,,,,,,,,,,,,,,,,,,,,,,,,,,,,,,
7890,78.900000,0.000000,0.000000,0.000000,1.000000,0.000000,0.000000,0.000000,57.698101,20.499701,-14.700500,0.047771,-0.013570,0.015998,-15.666301,-52.738201,18.801300,-93.396698,0.129960,17.611099,-0.233021,-0.465077,-0.688309,0.505604,615.733948,1540.709961,-4016.351318,614.035278,1459.888428,-4025.534668,630.562805,1583.122070,-4044.565186,596.553223,1493.078857,-3975.825195,621.784424,1626.750977,-4019.479248,613.821960,1459.610229,-4025.402588,630.753235,1583.217773,-4044.538574,596.731995,1493.166382,-3976.011475,621.618103,1626.818237,-4019.449219,2616.288818,1567.779053,-3159.775391,,,,,,,,,,,,,,,,,,,,,,,,,,,,,,,,,
7891,78.910000,0.000000,0.000000,0.000000,1.000000,0.000000,0.000000,0.000000,57.698101,20.499701,-14.700500,0.047771,-0.013570,0.015998,-15.666301,-52.738201,18.801300,-93.396698,0.129960,17.611099,-0.234636,-0.464107,-0.688095,0.506038,614.609314,1540.889282,-4017.004883,612.784546,1460.067017,-4026.157959,629.381714,1583.276001,-4045.286621,595.524719,1493.291870,-3976.394287,620.746155,1626.922363,-4020.181152,612.576599,1459.750854,-4026.016113,629.556458,1583.352173,-4045.272461,595.708557,1493.419556,-3976.605957,620.582947,1627.002075,-4020.124512,2616.268311,1567.739380,-3159.781738,,,,,,,,,,,,,,,,,,,,,,,,,,,,,,,,,
7892,78.920000,0.000000,0.000000,0.000000,1.000000,0.000000,0.000000,0.000000,57.698101,20.499701,-14.700500,0.047771,-0.013570,0.015998,-15.666301,-52.738201,18.801300,-93.396698,0.129960,17.611099,-0.234394,-0.465433,-0.687357,0.505936,613.450317,1541.095947,-4017.680664,611.755920,1460.250244,-4026.648926,628.201477,1583.438721,-4046.039062,594.376953,1493.564819,-3976.986816,619.466797,1627.130371,-4021.047119,611.551331,1459.991211,-4026.495361,628.341858,1583.508179,-4045.953369,594.568970,1493.644775,-3977.227051,619.334045,1627.213501,-4021.051514,2616.274170,1567.749512,-3159.792236,,,,,,,,,,,,,,,,,,,,,,,,,,,,,,,,,
7893,78.930000,0.000000,0.000000,0.000000,1.000000,0.000000,0.000000,0.000000,57.698101,20.499701,-14.700500,0.047771,-0.013570,0.015998,-15.666301,-52.738201,18.801300,-93.396698,0.129960,17.611099,-0.234775,-0.466324,-0.685971,0.506819,612.246582,1541.302124,-4018.367676,610.759216,1460.430054,-4027.133545,626.853210,1583.613525,-4046.847412,593.345154,1493.821411,-3977.535156,618.028625,1627.343628,-4021.954590,610.636841,1460.255005,-4026.990479,626.932495,1583.621460,-4046.855469,593.477966,1493.922974,-3977.752686,617.937500,1627.402954,-4021.882568,2616.285400,1567.754517,-3159.784668,,,,,,,,,,,,,,,,,,,,,,,,,,,,,,,,,
7894,78.940000,0.000000,0.000000,0.000000,1.000000,0.000000,0.000000,0.000000,57.698101,20.499701,-14.700500,0.047771,-0.013570,0.015998,-15.666301,-52.738201,18.801300,-93.396698,0.129960,17.611099,-0.235009,-0.466747,-0.684871,0.507809,611.101807,1541.556030,-4019.012939,609.801147,1460.668579,-4027.665039,625.566650,1583.863770,-4047.570312,592.371338,1494.085571,-3978.089844,616.667969,1627.606445,-4022.726074,609.827698,1460.569336,-4027.526367,625.472900,1583.730591,-4047.677002,592.394409,1494.208008,-3978.309082,616.713440,1627.725098,-4022.548584,2616.281738,1567.768433,-3159.783447,,,,,,,,,,,,,,,,,,,,,,,,,,,,,,,,,
7895,78.950000,0.000000,0.000000,0.000000,1.000000,0.000000,0.000000,0.000000,57.698101,20.499701,-14.700500,0.047771,-0.013570,0.015998,-15.666301,-52.738201,18.801300,-93.396698,0.129960,17.611099,-0.232196,-0.469506,-0.684049,0.507668,609.934570,1541.795776,-4019.612305,609.058228,1460.888184,-4028.129639,624.389038,1584.119385,-4048.151611,591.158936,1494.311401,-3978.725830,615.132019,1627.864136,-4023.442383,609.127319,1460.910645,-4027.904541,624.202820,1583.995728,-4048.293945,591.149963,1494.357544,-3979.006836,615.253601,1627.918091,-4023.256836,2616.271729,1567.723999,-3159.778320,,,,,,,,,,,,,,,,,,,,,,,,,,,,,,,,,
7896,78.960000,0.000000,0.000000,0.000000,1.000000,0.000000,0.000000,0.000000,57.698101,20.499701,-14.700500,0.047771,-0.013570,0.015998,-15.666301,-52.738201,18.801300,-93.396698,0.129960,17.611099,-0.229448,-0.471844,-0.683689,0.507234,608.865723,1542.045166,-4020.195557,608.321533,1461.127075,-4028.640625,623.356384,1584.391479,-4048.682617,589.993042,1494.534912,-3979.384033,613.791870,1628.127197,-4024.074463,608.545227,1461.248535,-4028.271729,622.858887,1584.205078,-4048.962158,589.875549,1494.493408,-3979.763184,614.145325,1628.219482,-4023.796631,2616.304932,1567.719482,-3159.758789,,,,,,,,,,,,,,,,,,,,,,,,,,,,,,,,,
7897,78.970000,0.000000,0.000000,0.000000,1.000000,0.000000,0.000000,0.000000,57.698101,20.499701,-14.700500,0.047771,-0.013570,0.015998,-15.666301,-52.738201,18.801300,-93.396698,0.129960,17.611099,-0.227984,-0.473558,-0.682920,0.507334,607.779175,1542.275757,-4020.843506,607.512329,1461.343628,-4029.165771,622.233032,1584.622925,-4049.347900,588.918640,1494.770142,-3980.020996,612.452759,1628.366699,-4024.839355,607.812378,1461.633789,-4028.654541,621.593750,1584.395142,-4049.704590,588.766602,1494.661621,-3980.486816,612.901855,1628.412476,-4024.514648,2616.292480,1567.716553,-3159.758545,,,,,,,,,,,,,,,,,,,,,,,,,,,,,,,,,
7898,78.980000,0.000000,0.000000,0.000000,1.000000,0.000000,0.000000,0.000000,57.698101,20.499701,-14.700500,0.047771,-0.013570,0.015998,-15.666301,-52.738201,18.801300,-93.396698,0.129960,17.611099,-0.227680,-0.473419,-0.683312,0.507070,606.671753,1542.396118,-4021.561523,606.367554,1461.470337,-4029.944336,621.168274,1584.756836,-4050.024414,587.757141,1494.869995,-3980.788086,611.393982,1628.487305,-4025.489746,606.775940,1461.870117,-4029.354980,620.383423,1584.534790,-4050.420166,587.551270,1494.722778,-3981.259277,611.956360,1628.490723,-4025.149414,2616.317871,1567.752808,-3159.770996,,,,,,,,,,,,,,,,,,,,,,,,,,,,,,,,,
7899,78.990000,0.000000,0.000000,0.000000,1.000000,0.000000,0.000000,0.000000,57.698101,20.499701,-14.700500,0.047771,-0.013570,0.015998,-15.666301,-52.738201,18.801300,-93.396698,0.129960,17.611099,-0.228334,-0.472860,-0.682877,0.507883,605.633179,1542.474854,-4022.288330,605.363525,1461.549438,-4030.675293,620.031799,1584.847168,-4050.783691,586.849976,1494.933472,-3981.471680,610.287476,1628.569580,-4026.222656,605.783081,1462.051758,-4030.067383,619.312988,1584.672363,-4051.092041,586.663757,1494.795532,-3981.917969,610.814819,1628.478882,-4025.944336,2616.302002,1567.704834,-3159.768311,,,,,,,,,,,,,,,,,,,,,,,,,,,,,,,,,
7900,79.000000,0.000000,0.000000,0.000000,1.000000,0.000000,0.000000,0.000000,57.698101,20.499701,-14.700500,0.047771,-0.013570,0.015998,-15.666301,-52.738201,18.801300,-93.396698,0.129960,17.611099,-0.227938,-0.472012,-0.683621,0.507851,604.721558,1542.535278,-4022.938232,604.386658,1461.629150,-4031.507080,619.156006,1584.959839,-4051.337158,585.897644,1494.917480,-3982.229736,609.445923,1628.634888,-4026.678467,604.727966,1462.145996,-4030.904297,618.538574,1584.880737,-4051.603760,585.731567,1494.692871,-3982.660156,609.922241,1628.527222,-4026.468750,2616.322754,1567.735840,-3159.759521,,,,,,,,,,,,,,,,,,,,,,,,,,,,,,,,,
7901,79.010000,0.000000,0.000000,0.000000,1.000000,0.000000,0.000000,0.000000,57.698101,20.499701,-14.700500,0.047771,-0.013570,0.015998,-15.666301,-52.738201,18.801300,-93.396698,0.129960,17.611099,-0.227849,-0.471370,-0.683905,0.508104,603.867676,1542.585693,-4023.596680,603.514893,1461.691284,-4032.274658,618.290344,1585.046509,-4051.947510,585.062500,1494.915894,-3982.940674,608.602783,1628.689575,-4027.223633,603.734009,1462.182983,-4031.713867,617.823059,1585.018677,-4052.111084,584.966431,1494.687012,-3983.379639,608.967834,1628.547607,-4027.091553,2616.290039,1567.750000,-3159.786865,,,,,,,,,,,,,,,,,,,,,,,,,,,,,,,,,
7902,79.020000,0.000000,0.000000,0.000000,1.000000,0.000000,0.000000,0.000000,57.698101,20.499701,-14.700500,0.047771,-0.013570,0.015998,-15.666301,-52.738201,18.801300,-93.396698,0.129960,17.611099,-0.228126,-0.470465,-0.684347,0.508222,603.031128,1542.592041,-4024.206543,602.590149,1461.710449,-4032.999512,617.460449,1585.079346,-4052.514648,584.229309,1494.882202,-3983.595947,607.844666,1628.696411,-4027.716553,602.624939,1462.083252,-4032.557129,617.223511,1585.128174,-4052.520752,584.252686,1494.678955,-3984.013428,608.035706,1628.524292,-4027.703369,2616.291504,1567.748169,-3159.779785,,,,,,,,,,,,,,,,,,,,,,,,,,,,,,,,,
7903,79.030000,0.000000,0.000000,0.000000,1.000000,0.000000,0.000000,0.000000,57.698101,20.499701,-14.700500,0.047771,-0.013570,0.015998,-15.666301,-52.738201,18.801300,-93.396698,0.129960,17.611099,-0.227362,-0.469821,-0.685907,0.507056,602.264160,1542.583252,-4024.850830,601.619751,1461.726196,-4033.854980,616.872742,1585.103760,-4053.016602,583.241577,1494.820435,-3984.405273,607.322571,1628.682739,-4028.126709,601.606873,1461.960815,-4033.420166,616.691162,1585.182739,-4053.027588,583.286743,1494.558472,-3984.829590,607.474121,1628.626831,-4028.123779,2616.272949,1567.770142,-3159.781006,,,,,,,,,,,,,,,,,,,,,,,,,,,,,,,,,
7904,79.040000,0.000000,0.000000,0.000000,1.000000,0.000000,0.000000,0.000000,57.698101,20.499701,-14.700500,0.047771,-0.013570,0.015998,-15.666301,-52.738201,18.801300,-93.396698,0.129960,17.611099,-0.228058,-0.468264,-0.687011,0.506690,601.550049,1542.567993,-4025.571777,600.649109,1461.734131,-4034.760498,616.237976,1585.109497,-4053.664307,582.453064,1494.769043,-3985.204102,606.859863,1628.659424,-4028.658447,600.577332,1461.794556,-4034.345215,616.127441,1585.197266,-4053.667480,582.540283,1494.506592,-3985.635010,606.959229,1628.724609,-4028.657959,2616.249023,1567.699951,-3159.790283,,,,,,,,,,,,,,,,,,,,,,,,,,,,,,,,,
7905,79.050000,0.000000,0.000000,0.000000,1.000000,0.000000,0.000000,0.000000,57.698101,20.499701,-14.700500,0.047771,-0.013570,0.015998,-15.666301,-52.738201,18.801300,-93.396698,0.129960,17.611099,-0.229902,-0.466014,-0.687405,0.507396,600.877441,1542.539673,-4026.251221,599.750977,1461.725830,-4035.589111,615.509583,1585.103027,-4054.339844,581.889954,1494.705200,-3985.874268,606.359314,1628.625000,-4029.201416,599.664795,1461.675293,-4035.252686,615.456421,1585.182373,-4054.356201,581.978333,1494.520020,-3986.220947,606.413696,1628.737671,-4029.182861,2616.311523,1567.737183,-3159.777344,,,,,,,,,,,,,,,,,,,,,,,,,,,,,,,,,
7906,79.060000,0.000000,0.000000,0.000000,1.000000,0.000000,0.000000,0.000000,57.698101,20.499701,-14.700500,0.047771,-0.013570,0.015998,-15.666301,-52.738201,18.801300,-93.396698,0.129960,17.611099,-0.231899,-0.463762,-0.687758,0.508072,600.198303,1542.500366,-4026.978027,598.832397,1461.705566,-4036.447510,614.774963,1585.077759,-4055.074219,581.321655,1494.640747,-3986.578613,605.864258,1628.577759,-4029.811768,598.713135,1461.549927,-4036.161377,614.775330,1585.122925,-4055.074707,581.433533,1494.514771,-3986.887695,605.869385,1628.778198,-4029.788086,2616.274658,1567.741699,-3159.775146,,,,,,,,,,,,,,,,,,,,,,,,,,,,,,,,,
7907,79.070000,0.000000,0.000000,0.000000,1.000000,0.000000,0.000000,0.000000,57.698101,20.499701,-14.700500,0.047771,-0.013570,0.015998,-15.666301,-52.738201,18.801300,-93.396698,0.129960,17.611099,-0.234625,-0.461644,-0.687167,0.509546,599.463196,1542.398315,-4027.762939,597.954407,1461.607300,-4037.243896,613.865112,1584.970703,-4055.956299,580.849487,1494.544067,-3987.235596,605.183838,1628.471436,-4030.615234,597.847351,1461.460815,-4037.036865,613.895325,1584.944092,-4055.974121,580.955322,1494.492554,-3987.482666,605.148987,1628.694336,-4030.555664,2616.316162,1567.779541,-3159.781494,,,,,,,,,,,,,,,,,,,,,,,,,,,,,,,,,
7908,79.080000,0.000000,0.000000,0.000000,1.000000,0.000000,0.000000,0.000000,57.698101,20.499701,-14.700500,0.047771,-0.013570,0.015998,-15.666301,-52.738201,18.801300,-93.396698,0.129960,17.611099,-0.236387,-0.460170,-0.686979,0.510319,598.922485,1542.361816,-4028.446289,597.282837,1461.576538,-4037.953857,613.236328,1584.930786,-4056.689697,580.449524,1494.510254,-3987.851074,604.721191,1628.430054,-4031.290039,597.120117,1461.381348,-4037.800781,613.368103,1584.923706,-4056.705566,580.583984,1494.501709,-3988.034912,604.597229,1628.632812,-4031.235107,2616.298096,1567.782104,-3159.785889,,,,,,,,,,,,,,,,,,,,,,,,,,,,,,,,,
7909,79.090000,0.000000,0.000000,0.000000,1.000000,0.000000,0.000000,0.000000,57.698101,20.499701,-14.700500,0.047771,-0.013570,0.015998,-15.666301,-52.738201,18.801300,-93.396698,0.129960,17.611099,-0.236522,-0.459986,-0.687019,0.510368,598.278015,1542.270752,-4029.204346,596.619629,1461.487427,-4038.725342,612.588379,1584.842041,-4057.446533,579.812378,1494.415527,-3988.610596,604.091553,1628.338379,-4032.035400,596.467102,1461.285767,-4038.532715,612.686523,1584.821289,-4057.471191,579.958984,1494.458618,-3988.862549,603.986145,1628.505737,-4031.946289,2616.266602,1567.759033,-3159.795410,,,,,,,,,,,,,,,,,,,,,,,,,,,,,,,,,
7910,79.100000,0.000000,0.000000,0.000000,1.000000,0.000000,0.000000,0.000000,57.698101,20.499701,-14.700500,0.047771,-0.013570,0.015998,-15.666301,-52.738201,18.801300,-93.396698,0.129960,17.611099,-0.236231,-0.460213,-0.687286,0.509938,597.682800,1542.188843,-4029.955322,595.995850,1461.406616,-4039.480225,612.046570,1584.753906,-4058.179932,579.146912,1494.341553,-3989.384277,603.541626,1628.253662,-4032.777344,595.823730,1461.170410,-4039.275635,612.142334,1584.748047,-4058.166016,579.324890,1494.429565,-3989.683350,603.432007,1628.388672,-4032.706299,2616.319336,1567.766968,-3159.785889,,,,,,,,,,,,,,,,,,,,,,,,,,,,,,,,,
7911,79.110000,0.000000,0.000000,0.000000,1.000000,0.000000,0.000000,0.000000,57.698101,20.499701,-14.700500,0.047771,-0.013570,0.015998,-15.666301,-52.738201,18.801300,-93.396698,0.129960,17.611099,-0.236897,-0.459211,-0.687660,0.510029,597.026245,1542.098511,-4030.819824,595.213257,1461.328979,-4040.429688,611.395203,1584.674805,-4059.024414,578.500916,1494.232056,-3990.266357,602.995544,1628.158447,-4033.559326,595.010071,1461.018799,-4040.309814,611.537781,1584.676514,-4058.925537,578.716797,1494.421143,-3990.530273,602.840759,1628.261841,-4033.535400,2616.318359,1567.723755,-3159.764648,,,,,,,,,,,,,,,,,,,,,,,,,,,,,,,,,
7912,79.120000,0.000000,0.000000,0.000000,1.000000,0.000000,0.000000,0.000000,57.698101,20.499701,-14.700500,0.047771,-0.013570,0.015998,-15.666301,-52.738201,18.801300,-93.396698,0.129960,17.611099,-0.236582,-0.459643,-0.687569,0.509908,596.327820,1542.020142,-4031.750244,594.557983,1461.245850,-4041.327881,610.705383,1584.590820,-4059.958984,577.784546,1494.162598,-3991.194336,602.263367,1628.081299,-4034.519775,594.360962,1460.986450,-4041.209229,610.841553,1584.618286,-4059.831543,577.993652,1494.315186,-3991.447754,602.122253,1628.148804,-4034.529297,2616.319580,1567.724609,-3159.756348,,,,,,,,,,,,,,,,,,,,,,,,,,,,,,,,,
7913,79.130000,0.000000,0.000000,0.000000,1.000000,0.000000,0.000000,0.000000,57.698101,20.499701,-14.700500,0.047771,-0.013570,0.015998,-15.666301,-52.738201,18.801300,-93.396698,0.129960,17.611099,-0.237472,-0.458975,-0.687425,0.510290,595.664124,1541.990356,-4032.715332,593.834595,1461.217529,-4042.293457,609.995850,1584.556152,-4060.955078,577.192993,1494.139038,-3992.119385,601.633118,1628.049194,-4035.493408,593.625977,1460.873291,-4042.213867,610.156616,1584.598999,-4060.824951,577.390320,1494.299072,-3992.317871,601.475098,1628.157959,-4035.509033,2616.302490,1567.726196,-3159.769531,,,,,,,,,,,,,,,,,,,,,,,,,,,,,,,,,
7914,79.140000,0.000000,0.000000,0.000000,1.000000,0.000000,0.000000,0.000000,57.698101,20.499701,-14.700500,0.047771,-0.013570,0.015998,-15.666301,-52.738201,18.801300,-93.396698,0.129960,17.611099,-0.236792,-0.459606,-0.687325,0.510172,594.951050,1541.964111,-4033.647949,593.207031,1461.186646,-4043.203369,609.292236,1584.533203,-4061.877686,576.454712,1494.109741,-3993.066895,600.850159,1628.026978,-4036.444092,593.025269,1460.853027,-4043.092773,609.405762,1584.573853,-4061.766602,576.634521,1494.250244,-3993.292725,600.730957,1628.145386,-4036.448975,2616.303711,1567.771851,-3159.781006,,,,,,,,,,,,,,,,,,,,,,,,,,,,,,,,,
7915,79.150000,0.000000,0.000000,0.000000,1.000000,0.000000,0.000000,0.000000,57.698101,20.499701,-14.700500,0.047771,-0.013570,0.015998,-15.666301,-52.738201,18.801300,-93.396698,0.129960,17.611099,-0.236837,-0.459530,-0.687235,0.510341,594.299133,1542.003418,-4034.515381,592.571716,1461.225952,-4044.074463,608.620361,1584.577515,-4062.747559,575.828247,1494.142334,-3993.930664,600.176208,1628.067993,-4037.308594,592.408569,1460.828247,-4043.969727,608.719666,1584.605347,-4062.688232,575.997131,1494.349121,-3994.158447,600.059937,1628.188721,-4037.259521,2616.283447,1567.760254,-3159.794434,,,,,,,,,,,,,,,,,,,,,,,,,,,,,,,,,
7916,79.160000,0.000000,0.000000,0.000000,1.000000,0.000000,0.000000,0.000000,57.698101,20.499701,-14.700500,0.047771,-0.013570,0.015998,-15.666301,-52.738201,18.801300,-93.396698,0.129960,17.611099,-0.237451,-0.459768,-0.686304,0.511095,593.571350,1542.047607,-4035.373779,591.951599,1461.253906,-4044.812744,607.778137,1584.602539,-4063.692627,575.244507,1494.217285,-3994.687500,599.311218,1628.116943,-4038.302002,591.814453,1460.915405,-4044.766357,607.892395,1584.609619,-4063.659180,575.406189,1494.514893,-3994.871094,599.172424,1628.148071,-4038.219971,2616.314697,1567.726318,-3159.774658,,,,,,,,,,,,,,,,,,,,,,,,,,,,,,,,,
7917,79.170000,0.000000,0.000000,0.000000,1.000000,0.000000,0.000000,0.000000,57.698101,20.499701,-14.700500,0.047771,-0.013570,0.015998,-15.666301,-52.738201,18.801300,-93.396698,0.129960,17.611099,-0.237410,-0.460125,-0.686059,0.511121,592.769470,1542.142334,-4036.288330,591.192017,1461.341797,-4045.674316,606.963196,1584.685669,-4064.631104,574.454651,1494.329956,-3995.575684,598.467834,1628.212524,-4039.271729,591.056458,1461.024048,-4045.630371,607.085083,1584.681885,-4064.609131,574.612976,1494.617920,-3995.750488,598.322510,1628.247070,-4039.182129,2616.327148,1567.760254,-3159.759766,,,,,,,,,,,,,,,,,,,,,,,,,,,,,,,,,
7918,79.180000,0.000000,0.000000,0.000000,1.000000,0.000000,0.000000,0.000000,57.698101,20.499701,-14.700500,0.047771,-0.013570,0.015998,-15.666301,-52.738201,18.801300,-93.396698,0.129960,17.611099,-0.237802,-0.459981,-0.685418,0.511928,591.858398,1542.233765,-4037.284912,590.372437,1461.427124,-4046.635254,605.946289,1584.784302,-4065.669434,573.677917,1494.413574,-3996.521240,597.436768,1628.310181,-4040.313232,590.244263,1461.122803,-4046.654785,606.084595,1584.740112,-4065.623779,573.837891,1494.754395,-3996.649414,597.271729,1628.335571,-4040.232178,2616.297852,1567.769653,-3159.788330,,,,,,,,,,,,,,,,,,,,,,,,,,,,,,,,,
7919,79.190000,0.000000,0.000000,0.000000,1.000000,0.000000,0.000000,0.000000,57.698101,20.499701,-14.700500,0.047771,-0.013570,0.015998,-15.666301,-52.738201,18.801300,-93.396698,0.129960,17.611099,-0.235015,-0.461813,-0.686010,0.510771,590.980286,1542.365723,-4038.211914,589.660889,1461.560547,-4047.599365,605.214783,1584.943359,-4066.482422,572.572754,1494.509155,-3997.593018,596.472717,1628.450073,-4041.172607,589.461731,1461.230957,-4047.579834,605.393555,1585.005005,-4066.312744,572.780823,1494.763794,-3997.761963,596.294128,1628.454834,-4041.201172,2616.299072,1567.753174,-3159.770264,,,,,,,,,,,,,,,,,,,,,,,,,,,,,,,,,
7920,79.200000,0.000000,0.000000,0.000000,1.000000,0.000000,0.000000,0.000000,57.698101,20.499701,-14.700500,0.047771,-0.013570,0.015998,-15.666301,-52.738201,18.801300,-93.396698,0.129960,17.611099,-0.233651,-0.462477,-0.686434,0.510226,590.065491,1542.505493,-4039.186523,588.808289,1461.705566,-4048.627930,604.375122,1585.106079,-4067.384277,571.544739,1494.616699,-3998.657227,595.533752,1628.593750,-4042.076172,588.643127,1461.376465,-4048.512451,604.452515,1585.151611,-4067.238770,571.735413,1494.808228,-3998.924072,595.438660,1628.663452,-4042.090820,2616.279297,1567.727783,-3159.768066,,,,,,,,,,,,,,,,,,,,,,,,,,,,,,,,,
7921,79.210000,0.000000,0.000000,0.000000,1.000000,0.000000,0.000000,0.000000,57.698101,20.499701,-14.700500,0.047771,-0.013570,0.015998,-15.666301,-52.738201,18.801300,-93.396698,0.129960,17.611099,-0.234381,-0.462050,-0.685549,0.511466,589.199707,1542.712280,-4040.137695,588.054138,1461.906616,-4049.543457,603.351013,1585.326416,-4068.395020,570.883484,1494.807739,-3999.534424,594.510193,1628.808716,-4043.077881,587.932556,1461.667358,-4049.440918,603.408020,1585.312134,-4068.310791,571.046814,1495.018799,-3999.786133,594.424255,1628.856812,-4043.044189,2616.298584,1567.750366,-3159.763184,,,,,,,,,,,,,,,,,,,,,,,,,,,,,,,,,
7922,79.220000,0.000000,0.000000,0.000000,1.000000,0.000000,0.000000,0.000000,57.698101,20.499701,-14.700500,0.047771,-0.013570,0.015998,-15.666301,-52.738201,18.801300,-93.396698,0.129960,17.611099,-0.235211,-0.461716,-0.684779,0.512417,588.272766,1542.932007,-4041.137695,587.196106,1462.118896,-4050.487061,602.297241,1585.543945,-4069.461914,570.123047,1495.032959,-4000.452881,593.474548,1629.032715,-4044.148926,587.115784,1461.911255,-4050.409912,602.343933,1585.501587,-4069.449463,570.232483,1495.211426,-4000.635986,593.401062,1629.109253,-4044.071289,2616.299805,1567.776123,-3159.769775,,,,,,,,,,,,,,,,,,,,,,,,,,,,,,,,,
7923,79.230000,0.000000,0.000000,0.000000,1.000000,0.000000,0.000000,0.000000,57.698101,20.499701,-14.700500,0.047771,-0.013570,0.015998,-15.666301,-52.738201,18.801300,-93.396698,0.129960,17.611099,-0.234906,-0.462154,-0.684516,0.512514,587.357422,1543.168457,-4042.058105,586.358643,1462.349731,-4051.369141,601.362549,1585.779053,-4070.393555,569.223694,1495.272827,-4001.361816,592.484680,1629.272217,-4045.107422,586.274536,1462.149292,-4051.271973,601.416138,1585.733276,-4070.405029,569.334961,1495.443237,-4001.557373,592.405151,1629.354126,-4045.008301,2616.287598,1567.766968,-3159.782959,,,,,,,,,,,,,,,,,,,,,,,,,,,,,,,,,
7924,79.240000,0.000000,0.000000,0.000000,1.000000,0.000000,0.000000,0.000000,57.698101,20.499701,-14.700500,0.047771,-0.013570,0.015998,-15.666301,-52.738201,18.801300,-93.396698,0.129960,17.611099,-0.233359,-0.464219,-0.683817,0.512288,586.619080,1543.455688,-4042.820068,585.885376,1462.616211,-4051.973389,600.621216,1586.049194,-4071.182617,568.452271,1495.590332,-4002.103271,591.517395,1629.567383,-4046.020508,585.832703,1462.551514,-4051.803955,600.627808,1585.980469,-4071.253418,568.551025,1495.740234,-4002.378418,591.475342,1629.571533,-4045.870361,2616.268066,1567.775757,-3159.790283,,,,,,,,,,,,,,,,,,,,,,,,,,,,,,,,,
7925,79.250000,0.000000,0.000000,0.000000,1.000000,0.000000,0.000000,0.000000,57.698101,20.499701,-14.700500,0.047771,-0.013570,0.015998,-15.666301,-52.738201,18.801300,-93.396698,0.129960,17.611099,-0.232215,-0.465002,-0.683888,0.512002,585.666687,1543.634766,-4043.851807,585.035217,1462.795044,-4053.010010,599.703369,1586.242798,-4072.175537,567.437622,1495.750488,-4003.185303,590.490601,1629.751221,-4047.036133,584.952637,1462.721069,-4052.872070,599.753052,1586.134521,-4072.210205,567.573059,1495.936768,-4003.457031,590.403381,1629.774536,-4046.902100,2616.273438,1567.743652,-3159.783203,,,,,,,,,,,,,,,,,,,,,,,,,,,,,,,,,
7926,79.260000,0.000000,0.000000,0.000000,1.000000,0.000000,0.000000,0.000000,57.698101,20.499701,-14.700500,0.047771,-0.013570,0.015998,-15.666301,-52.738201,18.801300,-93.396698,0.129960,17.611099,-0.232356,-0.464735,-0.683750,0.512365,584.924561,1543.914185,-4044.737793,584.316101,1463.076538,-4053.916504,598.920410,1586.534912,-4073.062988,566.749084,1496.012329,-4004.067871,589.712769,1630.033203,-4047.904053,584.240601,1462.969849,-4053.845947,598.971252,1586.405029,-4073.036621,566.878418,1496.223389,-4004.280518,589.624207,1630.084473,-4047.815918,2616.276611,1567.753052,-3159.782471,,,,,,,,,,,,,,,,,,,,,,,,,,,,,,,,,
7927,79.270000,0.000000,0.000000,0.000000,1.000000,0.000000,0.000000,0.000000,57.698101,20.499701,-14.700500,0.047771,-0.013570,0.015998,-15.666301,-52.738201,18.801300,-93.396698,0.129960,17.611099,-0.231617,-0.465275,-0.683534,0.512498,584.108643,1544.154785,-4045.655762,583.620850,1463.315308,-4054.825195,598.085205,1586.790771,-4073.967041,565.942932,1496.233398,-4005.004395,588.785583,1630.279785,-4048.825684,583.579712,1463.160645,-4054.733643,598.058960,1586.664917,-4073.917969,566.063049,1496.506958,-4005.282471,588.753113,1630.327148,-4048.736572,2616.278076,1567.756592,-3159.783203,,,,,,,,,,,,,,,,,,,,,,,,,,,,,,,,,
7928,79.280000,0.000000,0.000000,0.000000,1.000000,0.000000,0.000000,0.000000,57.698101,20.499701,-14.700500,0.047771,-0.013570,0.015998,-15.666301,-52.738201,18.801300,-93.396698,0.129960,17.611099,-0.231125,-0.465654,-0.683339,0.512637,583.382874,1544.425903,-4046.541748,582.985474,1463.584717,-4055.701172,597.339600,1587.072510,-4074.846680,565.231995,1496.491211,-4005.899414,587.974304,1630.555176,-4049.719238,582.943665,1463.325439,-4055.603027,597.291321,1587.003784,-4074.761475,565.356140,1496.793823,-4006.197510,587.961243,1630.609009,-4049.656494,2616.281738,1567.744385,-3159.774902,,,,,,,,,,,,,,,,,,,,,,,,,,,,,,,,,
7929,79.290000,0.000000,0.000000,0.000000,1.000000,0.000000,0.000000,0.000000,57.698101,20.499701,-14.700500,0.047771,-0.013570,0.015998,-15.666301,-52.738201,18.801300,-93.396698,0.129960,17.611099,-0.231584,-0.465363,-0.682886,0.513296,582.498047,1544.651855,-4047.605957,582.149597,1463.808716,-4056.749268,596.371033,1587.304321,-4075.943359,564.456848,1496.710449,-4006.923096,587.014771,1630.784302,-4050.807861,582.121826,1463.508179,-4056.678711,596.340637,1587.286133,-4075.910156,564.547302,1497.014404,-4007.148193,586.997253,1630.812744,-4050.722656,2616.298584,1567.718018,-3159.770264,,,,,,,,,,,,,,,,,,,,,,,,,,,,,,,,,
7930,79.300000,0.000000,0.000000,0.000000,1.000000,0.000000,0.000000,0.000000,57.698101,20.499701,-14.700500,0.047771,-0.013570,0.015998,-15.666301,-52.738201,18.801300,-93.396698,0.129960,17.611099,-0.231902,-0.464991,-0.682850,0.513537,581.727173,1544.904053,-4048.563477,581.360718,1464.063232,-4057.727295,595.574585,1587.562500,-4076.904785,563.723938,1496.953979,-4007.874023,586.249329,1631.036865,-4051.747803,581.396729,1463.778442,-4057.646240,595.486511,1587.547974,-4076.945312,563.750427,1497.239136,-4008.072754,586.286377,1631.059937,-4051.607178,2616.323730,1567.731201,-3159.752930,,,,,,,,,,,,,,,,,,,,,,,,,,,,,,,,,
7931,79.310000,0.000000,0.000000,0.000000,1.000000,0.000000,0.000000,0.000000,57.698101,20.499701,-14.700500,0.047771,-0.013570,0.015998,-15.666301,-52.738201,18.801300,-93.396698,0.129960,17.611099,-0.230500,-0.466597,-0.682888,0.512661,581.075439,1545.199585,-4049.329834,580.814880,1464.348389,-4058.404541,595.012695,1587.837402,-4077.657715,562.932434,1497.280518,-4008.665527,585.541687,1631.332397,-4052.591309,580.856445,1464.182251,-4058.194580,594.876465,1587.841431,-4077.768799,562.948853,1497.439453,-4008.956543,585.626587,1631.340942,-4052.414062,2616.312500,1567.750488,-3159.769775,,,,,,,,,,,,,,,,,,,,,,,,,,,,,,,,,
7932,79.320000,0.000000,0.000000,0.000000,1.000000,0.000000,0.000000,0.000000,57.698101,20.499701,-14.700500,0.047771,-0.013570,0.015998,-15.666301,-52.738201,18.801300,-93.396698,0.129960,17.611099,-0.229132,-0.467801,-0.682999,0.512028,580.407410,1545.452271,-4050.164795,580.249756,1464.596924,-4059.205078,594.414246,1588.089844,-4078.458740,562.153076,1497.535034,-4009.548096,584.812317,1631.587402,-4053.446289,580.256165,1464.476807,-4058.937012,594.296143,1588.072632,-4078.557129,562.208313,1497.656250,-4009.918701,584.880859,1631.612061,-4053.276611,2616.268799,1567.755371,-3159.787109,,,,,,,,,,,,,,,,,,,,,,,,,,,,,,,,,
7933,79.330000,0.000000,0.000000,0.000000,1.000000,0.000000,0.000000,0.000000,57.698101,20.499701,-14.700500,0.047771,-0.013570,0.015998,-15.666301,-52.738201,18.801300,-93.396698,0.129960,17.611099,-0.229400,-0.467464,-0.682946,0.512288,579.710999,1545.670166,-4051.034424,579.544922,1464.817139,-4060.095215,593.690063,1588.315063,-4079.331299,561.496704,1497.742554,-4010.412109,584.112427,1631.806152,-4054.298340,579.493408,1464.672485,-4059.948486,593.669006,1588.264526,-4079.322754,561.601440,1497.903809,-4010.686768,584.093811,1631.855469,-4054.212158,2616.269531,1567.728027,-3159.782227,,,,,,,,,,,,,,,,,,,,,,,,,,,,,,,,,
7934,79.340000,0.000000,0.000000,0.000000,1.000000,0.000000,0.000000,0.000000,57.698101,20.499701,-14.700500,0.047771,-0.013570,0.015998,-15.666301,-52.738201,18.801300,-93.396698,0.129960,17.611099,-0.227639,-0.468875,-0.683246,0.511381,579.002014,1545.890259,-4051.859375,578.940063,1465.034668,-4060.900146,593.085876,1588.538330,-4080.099609,560.627197,1497.959351,-4011.313477,583.354858,1632.028687,-4055.124756,578.855713,1464.914185,-4060.763916,593.094604,1588.503296,-4080.039551,560.753296,1498.063232,-4011.566650,583.316772,1632.084839,-4055.096191,2616.290283,1567.738403,-3159.781250,,,,,,,,,,,,,,,,,,,,,,,,,,,,,,,,,
7935,79.350000,0.000000,0.000000,0.000000,1.000000,0.000000,0.000000,0.000000,57.698101,20.499701,-14.700500,0.047771,-0.013570,0.015998,-15.666301,-52.738201,18.801300,-93.396698,0.129960,17.611099,-0.225406,-0.470684,-0.683630,0.510195,578.343750,1546.131470,-4052.611816,578.410828,1465.272705,-4061.622559,592.563599,1588.781982,-4080.780029,559.761719,1498.198853,-4012.162598,582.638855,1632.272705,-4055.882080,578.276428,1465.140869,-4061.470459,592.593750,1588.763428,-4080.627441,559.945801,1498.293701,-4012.468262,582.580261,1632.329102,-4055.913086,2616.282227,1567.729370,-3159.781738,,,,,,,,,,,,,,,,,,,,,,,,,,,,,,,,,
7936,79.360000,0.000000,0.000000,0.000000,1.000000,0.000000,0.000000,0.000000,57.698101,20.499701,-14.700500,0.047771,-0.013570,0.015998,-15.666301,-52.738201,18.801300,-93.396698,0.129960,17.611099,-0.225111,-0.471487,-0.682886,0.510580,577.537903,1546.314941,-4053.381348,577.765320,1465.444580,-4062.285400,591.690430,1588.955444,-4081.598389,559.026855,1498.400269,-4012.878418,581.668884,1632.459839,-4056.763184,577.711487,1465.327637,-4062.161865,591.676086,1588.782959,-4081.575928,559.190613,1498.762329,-4013.246582,581.608765,1632.463379,-4056.621094,2616.290527,1567.737305,-3159.766357,,,,,,,,,,,,,,,,,,,,,,,,,,,,,,,,,
7937,79.370000,0.000000,0.000000,0.000000,1.000000,0.000000,0.000000,0.000000,57.698101,20.499701,-14.700500,0.047771,-0.013570,0.015998,-15.666301,-52.738201,18.801300,-93.396698,0.129960,17.611099,-0.221185,-0.474026,-0.683539,0.509069,576.814514,1546.411499,-4054.176758,577.299377,1465.546143,-4063.115479,591.148987,1589.095581,-4082.235840,558.014099,1498.437988,-4013.876953,580.795593,1632.566528,-4057.478516,577.203003,1465.505737,-4062.875732,591.146606,1588.984619,-4082.246826,558.182007,1498.557495,-4014.279297,580.752075,1632.621948,-4057.364502,2616.309570,1567.765747,-3159.780273,,,,,,,,,,,,,,,,,,,,,,,,,,,,,,,,,
7938,79.380000,0.000000,0.000000,0.000000,1.000000,0.000000,0.000000,0.000000,57.698101,20.499701,-14.700500,0.047771,-0.013570,0.015998,-15.666301,-52.738201,18.801300,-93.396698,0.129960,17.611099,-0.221050,-0.473205,-0.683783,0.509564,576.171753,1546.532837,-4054.886230,576.663025,1465.682983,-4063.963867,590.469604,1589.267578,-4082.886719,557.421326,1498.486938,-4014.649902,580.132935,1632.694214,-4058.044922,576.546387,1465.588379,-4063.794678,590.534363,1589.161499,-4082.899658,557.573792,1498.573120,-4014.925537,580.040100,1632.819702,-4057.945801,2616.282715,1567.747559,-3159.793701,,,,,,,,,,,,,,,,,,,,,,,,,,,,,,,,,
7939,79.390000,0.000000,0.000000,0.000000,1.000000,0.000000,0.000000,0.000000,57.698101,20.499701,-14.700500,0.047771,-0.013570,0.015998,-15.666301,-52.738201,18.801300,-93.396698,0.129960,17.611099,-0.220596,-0.473346,-0.683409,0.510130,575.605347,1546.726685,-4055.430420,576.230408,1465.879272,-4064.521240,589.834534,1589.489624,-4083.422607,556.931580,1498.643188,-4015.202881,579.424805,1632.895020,-4058.574219,576.154663,1465.835693,-4064.332031,589.847473,1589.363647,-4083.469971,557.048584,1498.705200,-4015.487793,579.379456,1633.011475,-4058.452637,2616.300293,1567.767944,-3159.785400,,,,,,,,,,,,,,,,,,,,,,,,,,,,,,,,,
7940,79.400000,0.000000,0.000000,0.000000,1.000000,0.000000,0.000000,0.000000,57.698101,20.499701,-14.700500,0.047771,-0.013570,0.015998,-15.666301,-52.738201,18.801300,-93.396698,0.129960,17.611099,-0.220285,-0.473125,-0.683103,0.510879,574.978882,1546.887329,-4056.062256,575.721924,1466.046875,-4065.207031,589.124512,1589.690308,-4084.035400,556.404724,1498.748657,-4015.854736,578.664368,1633.063354,-4059.151611,575.682434,1466.035156,-4065.014893,589.101562,1589.547241,-4084.125000,556.493958,1498.840942,-4016.143311,578.645874,1633.135498,-4058.990967,2616.299561,1567.751343,-3159.774170,,,,,,,,,,,,,,,,,,,,,,,,,,,,,,,,,
7941,79.410000,0.000000,0.000000,0.000000,1.000000,0.000000,0.000000,0.000000,57.698101,20.499701,-14.700500,0.047771,-0.013570,0.015998,-15.666301,-52.738201,18.801300,-93.396698,0.129960,17.611099,-0.218176,-0.473040,-0.684719,0.509699,574.460266,1547.092041,-4056.623047,575.140747,1466.281250,-4066.029541,588.790649,1589.968018,-4084.389648,555.637878,1498.846436,-4016.659668,578.271667,1633.272827,-4059.412109,575.163696,1466.229370,-4065.739990,588.637878,1589.849731,-4084.529785,555.680359,1498.899170,-4017.034912,578.366150,1633.395508,-4059.207520,2616.298584,1567.738403,-3159.777344,,,,,,,,,,,,,,,,,,,,,,,,,,,,,,,,,
7942,79.420000,0.000000,0.000000,0.000000,1.000000,0.000000,0.000000,0.000000,57.698101,20.499701,-14.700500,0.047771,-0.013570,0.015998,-15.666301,-52.738201,18.801300,-93.396698,0.129960,17.611099,-0.218609,-0.471622,-0.685396,0.509917,573.949463,1547.341187,-4057.242432,574.496643,1466.550659,-4066.831055,588.286682,1590.258789,-4084.941406,555.136353,1499.032959,-4017.350586,577.878052,1633.522583,-4059.846436,574.592896,1466.420410,-4066.650391,588.059998,1590.094727,-4085.078125,555.145508,1499.374268,-4017.715332,577.994995,1633.520020,-4059.575439,2616.268555,1567.716187,-3159.771729,,,,,,,,,,,,,,,,,,,,,,,,,,,,,,,,,
7943,79.430000,0.000000,0.000000,0.000000,1.000000,0.000000,0.000000,0.000000,57.698101,20.499701,-14.700500,0.047771,-0.013570,0.015998,-15.666301,-52.738201,18.801300,-93.396698,0.129960,17.611099,-0.218868,-0.470184,-0.686246,0.509991,573.424011,1547.575439,-4057.846924,573.824158,1466.808838,-4067.641846,587.789612,1590.539795,-4085.458740,554.592285,1499.196777,-4018.049316,577.490051,1633.756592,-4060.238281,573.966553,1466.577393,-4067.587402,587.555054,1590.372070,-4085.555176,554.573181,1499.793579,-4018.336670,577.596252,1633.674927,-4059.960449,2616.302490,1567.741821,-3159.789307,,,,,,,,,,,,,,,,,,,,,,,,,,,,,,,,,
7944,79.440000,0.000000,0.000000,0.000000,1.000000,0.000000,0.000000,0.000000,57.698101,20.499701,-14.700500,0.047771,-0.013570,0.015998,-15.666301,-52.738201,18.801300,-93.396698,0.129960,17.611099,-0.218486,-0.469312,-0.687103,0.509804,572.831604,1547.811890,-4058.605713,573.140381,1467.067749,-4068.586914,587.251953,1590.823242,-4086.115479,553.936584,1499.363159,-4018.923340,576.997559,1633.993652,-4060.796631,573.289917,1466.815674,-4068.556396,587.011230,1590.660400,-4086.184570,553.915527,1499.997314,-4019.197510,577.105652,1633.904541,-4060.540771,2616.272217,1567.721802,-3159.781982,,,,,,,,,,,,,,,,,,,,,,,,,,,,,,,,,
7945,79.450000,0.000000,0.000000,0.000000,1.000000,0.000000,0.000000,0.000000,57.698101,20.499701,-14.700500,0.047771,-0.013570,0.015998,-15.666301,-52.738201,18.801300,-93.396698,0.129960,17.611099,-0.215822,-0.470469,-0.687576,0.509233,572.353699,1548.048340,-4059.294678,572.859009,1467.318237,-4069.380371,586.852295,1591.121216,-4086.666992,553.322021,1499.514404,-4019.782471,576.381531,1634.239990,-4061.349365,572.880493,1467.201538,-4069.251953,586.698547,1591.075439,-4086.601807,553.411438,1499.866089,-4020.132080,576.441833,1634.120728,-4061.261230,2616.278076,1567.741943,-3159.780273,,,,,,,,,,,,,,,,,,,,,,,,,,,,,,,,,
7946,79.460000,0.000000,0.000000,0.000000,1.000000,0.000000,0.000000,0.000000,57.698101,20.499701,-14.700500,0.047771,-0.013570,0.015998,-15.666301,-52.738201,18.801300,-93.396698,0.129960,17.611099,-0.214499,-0.470264,-0.688122,0.509245,571.906982,1548.343994,-4059.951660,572.480652,1467.635986,-4070.209473,586.429077,1591.484375,-4087.204346,552.832886,1499.713501,-4020.578857,575.885254,1634.542358,-4061.813721,572.437073,1467.604980,-4069.981689,586.310852,1591.447510,-4087.120605,552.974182,1499.865845,-4021.007568,575.930481,1634.492188,-4061.778076,2616.293457,1567.773682,-3159.795166,,,,,,,,,,,,,,,,,,,,,,,,,,,,,,,,,
7947,79.470000,0.000000,0.000000,0.000000,1.000000,0.000000,0.000000,0.000000,57.698101,20.499701,-14.700500,0.047771,-0.013570,0.015998,-15.666301,-52.738201,18.801300,-93.396698,0.129960,17.611099,-0.215143,-0.469652,-0.687793,0.509981,571.425903,1548.723999,-4060.644043,572.014160,1468.018311,-4070.918945,585.863525,1591.876587,-4087.922607,552.467346,1500.076904,-4021.235840,575.358582,1634.924683,-4062.499023,571.885376,1467.979004,-4070.739258,585.891968,1591.884277,-4087.828125,552.651794,1500.182495,-4021.557861,575.299744,1634.868774,-4062.498047,2616.312988,1567.771606,-3159.784912,,,,,,,,,,,,,,,,,,,,,,,,,,,,,,,,,
7948,79.480000,0.000000,0.000000,0.000000,1.000000,0.000000,0.000000,0.000000,57.698101,20.499701,-14.700500,0.047771,-0.013570,0.015998,-15.666301,-52.738201,18.801300,-93.396698,0.129960,17.611099,-0.215896,-0.469253,-0.687149,0.510898,570.846436,1549.084595,-4061.395752,571.492310,1468.375000,-4071.637207,585.168579,1592.240479,-4088.729980,552.040344,1500.434692,-4021.917725,574.684448,1635.288330,-4063.297363,571.421997,1468.364258,-4071.470215,585.170410,1592.230103,-4088.733643,552.154907,1500.543823,-4022.181152,574.651306,1635.216919,-4063.225830,2616.314697,1567.724976,-3159.753418,,,,,,,,,,,,,,,,,,,,,,,,,,,,,,,,,
7949,79.490000,0.000000,0.000000,0.000000,1.000000,0.000000,0.000000,0.000000,57.698101,20.499701,-14.700500,0.047771,-0.013570,0.015998,-15.666301,-52.738201,18.801300,-93.396698,0.129960,17.611099,-0.215454,-0.469752,-0.687111,0.510677,570.426025,1549.502319,-4062.071289,571.114746,1468.789307,-4072.282715,584.768250,1592.653564,-4089.402588,551.586060,1500.860107,-4022.600098,574.235107,1635.706909,-4063.999756,570.980469,1468.745117,-4072.101562,584.834167,1592.684570,-4089.375977,551.752625,1500.954224,-4022.879639,574.149475,1635.635742,-4063.958740,2616.312988,1567.700562,-3159.744873,,,,,,,,,,,,,,,,,,,,,,,,,,,,,,,,,
7950,79.500000,0.000000,0.000000,0.000000,1.000000,0.000000,0.000000,0.000000,57.698101,20.499701,-14.700500,0.047771,-0.013570,0.015998,-15.666301,-52.738201,18.801300,-93.396698,0.129960,17.611099,-0.214432,-0.470617,-0.687082,0.510351,569.912720,1549.856079,-4062.766113,570.701538,1469.140503,-4072.950439,584.285950,1593.011719,-4090.073486,551.015381,1501.208740,-4023.328857,573.647949,1636.063477,-4064.711670,570.599060,1469.126465,-4072.791504,584.314758,1592.974609,-4090.032471,551.169250,1501.324341,-4023.611572,573.587036,1636.019653,-4064.668701,2616.307617,1567.737061,-3159.767822,,,,,,,,,,,,,,,,,,,,,,,,,,,,,,,,,
7951,79.510000,0.000000,0.000000,0.000000,1.000000,0.000000,0.000000,0.000000,57.698101,20.499701,-14.700500,0.047771,-0.013570,0.015998,-15.666301,-52.738201,18.801300,-93.396698,0.129960,17.611099,-0.213389,-0.471277,-0.687481,0.509640,569.336182,1550.144531,-4063.479492,570.145386,1469.431274,-4073.679932,583.794983,1593.304810,-4090.734375,550.316895,1501.490601,-4024.108887,573.087402,1636.351929,-4065.394287,570.027527,1469.429199,-4073.556885,583.867126,1593.199829,-4090.683350,550.489563,1501.630737,-4024.367920,572.984558,1636.339355,-4065.345215,2616.320312,1567.775269,-3159.784180,,,,,,,,,,,,,,,,,,,,,,,,,,,,,,,,,
7952,79.520000,0.000000,0.000000,0.000000,1.000000,0.000000,0.000000,0.000000,57.698101,20.499701,-14.700500,0.047771,-0.013570,0.015998,-15.666301,-52.738201,18.801300,-93.396698,0.129960,17.611099,-0.212414,-0.471935,-0.687864,0.508921,568.795959,1550.412109,-4064.130859,569.619812,1469.699951,-4074.340332,583.340149,1593.573608,-4091.338623,549.655823,1501.755859,-4024.821777,572.568054,1636.619019,-4066.022461,569.486511,1469.734863,-4074.211182,583.426025,1593.430664,-4091.270020,549.842834,1501.867554,-4025.088379,572.454956,1636.628296,-4065.986084,2616.281982,1567.764282,-3159.792236,,,,,,,,,,,,,,,,,,,,,,,,,,,,,,,,,
7953,79.530000,0.000000,0.000000,0.000000,1.000000,0.000000,0.000000,0.000000,57.698101,20.499701,-14.700500,0.047771,-0.013570,0.015998,-15.666301,-52.738201,18.801300,-93.396698,0.129960,17.611099,-0.212317,-0.472715,-0.687396,0.508870,568.166138,1550.598145,-4064.836914,569.064880,1469.872192,-4074.929688,582.695740,1593.732544,-4092.095459,549.035645,1501.982544,-4025.472656,571.868164,1636.805420,-4066.849609,568.912476,1469.932739,-4074.806152,582.798889,1593.599365,-4091.991455,549.237427,1502.078735,-4025.733398,571.742676,1636.792969,-4066.843994,2616.271973,1567.753540,-3159.792236,,,,,,,,,,,,,,,,,,,,,,,,,,,,,,,,,
7954,79.540000,0.000000,0.000000,0.000000,1.000000,0.000000,0.000000,0.000000,57.698101,20.499701,-14.700500,0.047771,-0.013570,0.015998,-15.666301,-52.738201,18.801300,-93.396698,0.129960,17.611099,-0.211609,-0.474061,-0.686777,0.508749,567.519592,1550.763062,-4065.522705,568.577881,1470.020996,-4075.470459,582.035583,1593.874023,-4092.825439,548.385498,1502.184570,-4026.114502,571.079346,1636.972778,-4067.679932,568.447021,1470.087036,-4075.249268,582.044556,1593.777100,-4092.737793,548.598572,1502.293701,-4026.518311,571.024597,1636.927979,-4067.652344,2616.278320,1567.771851,-3159.792480,,,,,,,,,,,,,,,,,,,,,,,,,,,,,,,,,
7955,79.550000,0.000000,0.000000,0.000000,1.000000,0.000000,0.000000,0.000000,57.698101,20.499701,-14.700500,0.047771,-0.013570,0.015998,-15.666301,-52.738201,18.801300,-93.396698,0.129960,17.611099,-0.211140,-0.474790,-0.686921,0.508069,566.765320,1550.838257,-4066.267578,567.817871,1470.089233,-4076.158447,581.352478,1593.925903,-4093.568848,547.532898,1502.292603,-4026.866943,570.357849,1637.045410,-4068.475342,567.829468,1470.105469,-4075.829590,581.150452,1593.816528,-4093.613037,547.616333,1502.358765,-4027.344238,570.474548,1637.082764,-4068.340332,2616.284180,1567.733887,-3159.785645,,,,,,,,,,,,,,,,,,,,,,,,,,,,,,,,,
7956,79.560000,0.000000,0.000000,0.000000,1.000000,0.000000,0.000000,0.000000,57.698101,20.499701,-14.700500,0.047771,-0.013570,0.015998,-15.666301,-52.738201,18.801300,-93.396698,0.129960,17.611099,-0.210986,-0.475173,-0.686978,0.507698,566.106323,1550.911377,-4066.933594,567.147583,1470.157471,-4076.785645,580.731384,1593.982422,-4094.241211,546.822815,1502.389404,-4027.528809,569.723450,1637.116577,-4069.178467,567.204590,1470.141357,-4076.488037,580.479492,1593.889771,-4094.309814,546.853943,1502.449585,-4027.941162,569.885498,1637.168701,-4069.033203,2616.312256,1567.740112,-3159.777832,,,,,,,,,,,,,,,,,,,,,,,,,,,,,,,,,
7957,79.570000,0.000000,0.000000,0.000000,1.000000,0.000000,0.000000,0.000000,57.698101,20.499701,-14.700500,0.047771,-0.013570,0.015998,-15.666301,-52.738201,18.801300,-93.396698,0.129960,17.611099,-0.211328,-0.474999,-0.687037,0.507639,565.313965,1550.906128,-4067.645020,566.305969,1470.151001,-4077.491699,579.946838,1593.967163,-4094.964111,546.026550,1502.397705,-4028.225342,568.976318,1637.109131,-4069.898682,566.422363,1470.082642,-4077.225098,579.631470,1593.858765,-4095.096680,546.001709,1502.498169,-4028.586914,569.189148,1637.187500,-4069.694092,2616.312012,1567.703369,-3159.767822,,,,,,,,,,,,,,,,,,,,,,,,,,,,,,,,,
7958,79.580000,0.000000,0.000000,0.000000,1.000000,0.000000,0.000000,0.000000,57.698101,20.499701,-14.700500,0.047771,-0.013570,0.015998,-15.666301,-52.738201,18.801300,-93.396698,0.129960,17.611099,-0.210827,-0.475196,-0.687251,0.507372,564.540039,1550.897339,-4068.312744,565.542358,1470.145386,-4078.184570,579.207581,1593.967041,-4095.599609,545.202881,1502.376343,-4028.933105,568.207275,1637.100952,-4070.533691,565.708435,1470.031982,-4077.920410,578.843750,1593.864380,-4095.822754,545.130859,1502.496216,-4029.260254,568.464111,1637.196899,-4070.255859,2616.267822,1567.709473,-3159.778564,,,,,,,,,,,,,,,,,,,,,,,,,,,,,,,,,
7959,79.590000,0.000000,0.000000,0.000000,1.000000,0.000000,0.000000,0.000000,57.698101,20.499701,-14.700500,0.047771,-0.013570,0.015998,-15.666301,-52.738201,18.801300,-93.396698,0.129960,17.611099,-0.208138,-0.477180,-0.687622,0.506115,563.794067,1550.890625,-4068.895752,564.969971,1470.138184,-4078.745850,578.598511,1593.974487,-4096.085938,544.241821,1502.351440,-4029.645020,567.365967,1637.098389,-4071.106445,565.157898,1470.041748,-4078.412598,578.181091,1593.927124,-4096.364746,544.145142,1502.382568,-4029.988770,567.679016,1637.210327,-4070.817383,2616.296631,1567.737915,-3159.774902,,,,,,,,,,,,,,,,,,,,,,,,,,,,,,,,,
7960,79.600000,0.000000,0.000000,0.000000,1.000000,0.000000,0.000000,0.000000,57.698101,20.499701,-14.700500,0.047771,-0.013570,0.015998,-15.666301,-52.738201,18.801300,-93.396698,0.129960,17.611099,-0.208583,-0.476685,-0.687627,0.506393,563.031311,1550.882935,-4069.469971,564.173157,1470.133789,-4079.350098,577.809204,1593.972534,-4096.665527,543.520813,1502.334961,-4030.208984,566.622009,1637.090698,-4071.655273,564.372009,1470.034424,-4079.028076,577.361267,1593.893555,-4096.927246,543.418396,1502.360229,-4030.548584,566.957703,1637.244385,-4071.373047,2616.282959,1567.699707,-3159.780518,,,,,,,,,,,,,,,,,,,,,,,,,,,,,,,,,
7961,79.610000,0.000000,0.000000,0.000000,1.000000,0.000000,0.000000,0.000000,57.698101,20.499701,-14.700500,0.047771,-0.013570,0.015998,-15.666301,-52.738201,18.801300,-93.396698,0.129960,17.611099,-0.207460,-0.477110,-0.688249,0.505608,562.317139,1550.864502,-4070.021729,563.451294,1470.122803,-4079.964111,577.195862,1593.969482,-4097.137695,542.667297,1502.293335,-4030.858887,565.953979,1637.072266,-4072.125488,563.685913,1470.032593,-4079.586914,576.676636,1593.908813,-4097.469238,542.527771,1502.239746,-4031.213867,566.369324,1637.288208,-4071.807861,2616.328857,1567.736938,-3159.764404,,,,,,,,,,,,,,,,,,,,,,,,,,,,,,,,,
7962,79.620000,0.000000,0.000000,0.000000,1.000000,0.000000,0.000000,0.000000,57.698101,20.499701,-14.700500,0.047771,-0.013570,0.015998,-15.666301,-52.738201,18.801300,-93.396698,0.129960,17.611099,-0.204590,-0.479317,-0.688641,0.504155,561.699829,1550.869141,-4070.437500,563.012329,1470.125488,-4080.341309,576.733582,1593.983154,-4097.453613,541.808838,1502.287354,-4031.409668,565.244446,1637.080688,-4072.545166,563.205505,1470.167480,-4079.890625,576.237427,1594.021118,-4097.724121,541.688110,1502.091064,-4031.806885,565.649597,1637.200195,-4072.331787,2616.297607,1567.744629,-3159.776367,,,,,,,,,,,,,,,,,,,,,,,,,,,,,,,,,
7963,79.630000,0.000000,0.000000,0.000000,1.000000,0.000000,0.000000,0.000000,57.698101,20.499701,-14.700500,0.047771,-0.013570,0.015998,-15.666301,-52.738201,18.801300,-93.396698,0.129960,17.611099,-0.203717,-0.479795,-0.688587,0.504127,561.058899,1550.832886,-4070.876221,562.472595,1470.092163,-4080.790039,576.093140,1593.966797,-4097.860352,541.152832,1502.224243,-4031.889893,564.516846,1637.048462,-4072.964111,562.631287,1470.184692,-4080.320801,575.643066,1593.995483,-4098.104004,541.064270,1502.020752,-4032.313721,564.879822,1637.130127,-4072.768799,2616.255371,1567.786133,-3159.795166,,,,,,,,,,,,,,,,,,,,,,,,,,,,,,,,,
7964,79.640000,0.000000,0.000000,0.000000,1.000000,0.000000,0.000000,0.000000,57.698101,20.499701,-14.700500,0.047771,-0.013570,0.015998,-15.666301,-52.738201,18.801300,-93.396698,0.129960,17.611099,-0.202999,-0.480737,-0.688356,0.503835,560.436096,1550.851685,-4071.257080,561.943787,1470.103394,-4081.094238,575.488708,1593.974609,-4098.248535,540.491089,1502.260742,-4032.269043,563.820618,1637.068359,-4073.416748,562.009277,1470.165283,-4080.748047,575.218201,1594.025391,-4098.366211,540.492554,1502.236816,-4032.646240,564.022034,1636.982666,-4073.280273,2616.248291,1567.780273,-3159.808350,,,,,,,,,,,,,,,,,,,,,,,,,,,,,,,,,
7965,79.650000,0.000000,0.000000,0.000000,1.000000,0.000000,0.000000,0.000000,57.698101,20.499701,-14.700500,0.047771,-0.013570,0.015998,-15.666301,-52.738201,18.801300,-93.396698,0.129960,17.611099,-0.200585,-0.482512,-0.688838,0.502444,559.768738,1550.830688,-4071.687744,561.393494,1470.082275,-4081.505371,574.972778,1593.960449,-4098.583008,539.596313,1502.231079,-4032.827393,563.112305,1637.049438,-4073.834473,561.320312,1470.170776,-4081.227295,574.883484,1594.083008,-4098.549316,539.717957,1502.252686,-4033.177734,563.168396,1636.812622,-4073.819092,2616.249756,1567.770386,-3159.799805,,,,,,,,,,,,,,,,,,,,,,,,,,,,,,,,,
7966,79.660000,0.000000,0.000000,0.000000,1.000000,0.000000,0.000000,0.000000,57.698101,20.499701,-14.700500,0.047771,-0.013570,0.015998,-15.666301,-52.738201,18.801300,-93.396698,0.129960,17.611099,-0.200275,-0.483110,-0.688490,0.502470,559.030823,1550.781860,-4072.187988,560.738586,1470.026733,-4081.936768,574.218262,1593.902954,-4099.106934,538.869751,1502.196167,-4033.304199,562.296692,1637.001709,-4074.404297,560.684143,1470.186768,-4081.667969,574.133545,1593.937378,-4099.109863,538.984985,1502.266113,-4033.657471,562.341431,1636.741821,-4074.335938,2616.276123,1567.768555,-3159.793701,,,,,,,,,,,,,,,,,,,,,,,,,,,,,,,,,
7967,79.670000,0.000000,0.000000,0.000000,1.000000,0.000000,0.000000,0.000000,57.698101,20.499701,-14.700500,0.047771,-0.013570,0.015998,-15.666301,-52.738201,18.801300,-93.396698,0.129960,17.611099,-0.202085,-0.482066,-0.687487,0.504119,558.378357,1550.687012,-4072.611816,560.122192,1469.927124,-4082.314453,573.368347,1593.806274,-4099.643555,538.487000,1502.105957,-4033.583740,561.535706,1636.908936,-4074.905273,560.043701,1470.192139,-4082.061768,573.332214,1593.812622,-4099.645508,538.596313,1502.107300,-4033.866943,561.546021,1636.655762,-4074.863037,2616.256348,1567.744629,-3159.796631,,,,,,,,,,,,,,,,,,,,,,,,,,,,,,,,,
7968,79.680000,0.000000,0.000000,0.000000,1.000000,0.000000,0.000000,0.000000,57.698101,20.499701,-14.700500,0.047771,-0.013570,0.015998,-15.666301,-52.738201,18.801300,-93.396698,0.129960,17.611099,-0.203741,-0.480555,-0.687395,0.505020,557.567078,1550.551270,-4073.155762,559.194336,1469.796509,-4082.921387,572.467651,1593.676025,-4100.229004,537.816895,1501.960938,-4034.067627,560.789307,1636.771973,-4075.405518,559.073914,1469.999756,-4082.700684,572.475769,1593.666626,-4100.183594,537.975159,1501.997437,-4034.366699,560.747498,1636.562012,-4075.390869,2616.287109,1567.737549,-3159.784424,,,,,,,,,,,,,,,,,,,,,,,,,,,,,,,,,
7969,79.690000,0.000000,0.000000,0.000000,1.000000,0.000000,0.000000,0.000000,57.698101,20.499701,-14.700500,0.047771,-0.013570,0.015998,-15.666301,-52.738201,18.801300,-93.396698,0.129960,17.611099,-0.203233,-0.481034,-0.687444,0.504702,556.749939,1550.416992,-4073.690918,558.407715,1469.660278,-4083.435547,571.682800,1593.538452,-4100.750977,536.950439,1501.831665,-4034.621338,559.958679,1636.637695,-4075.955322,558.294678,1469.895996,-4083.159424,571.664246,1593.531372,-4100.729980,537.100281,1501.823486,-4034.958252,559.947815,1636.447266,-4075.926270,2616.275391,1567.740234,-3159.777832,,,,,,,,,,,,,,,,,,,,,,,,,,,,,,,,,
7970,79.700000,0.000000,0.000000,0.000000,1.000000,0.000000,0.000000,0.000000,57.698101,20.499701,-14.700500,0.047771,-0.013570,0.015998,-15.666301,-52.738201,18.801300,-93.396698,0.129960,17.611099,-0.204693,-0.480232,-0.687012,0.505463,555.833130,1550.237183,-4074.320312,557.434692,1469.475464,-4084.032471,570.675720,1593.342041,-4101.456543,536.167297,1501.675415,-4035.154297,559.054626,1636.456055,-4076.637695,557.309326,1469.655884,-4083.867920,570.717957,1593.315308,-4101.395020,536.322815,1501.726196,-4035.396484,558.981689,1636.268311,-4076.636230,2616.293945,1567.731445,-3159.776855,,,,,,,,,,,,,,,,,,,,,,,,,,,,,,,,,
7971,79.710000,0.000000,0.000000,0.000000,1.000000,0.000000,0.000000,0.000000,57.698101,20.499701,-14.700500,0.047771,-0.013570,0.015998,-15.666301,-52.738201,18.801300,-93.396698,0.129960,17.611099,-0.204316,-0.480523,-0.687520,0.504647,554.895081,1550.056763,-4074.961182,556.421082,1469.294678,-4084.681396,569.836365,1593.148071,-4102.064453,535.102600,1501.512573,-4035.837158,558.220276,1636.272217,-4077.260986,556.247009,1469.385376,-4084.541748,569.948059,1593.164795,-4101.960449,535.294067,1501.547852,-4036.058350,558.096741,1636.135620,-4077.299561,2616.286865,1567.743896,-3159.781738,,,,,,,,,,,,,,,,,,,,,,,,,,,,,,,,,
7972,79.720000,0.000000,0.000000,0.000000,1.000000,0.000000,0.000000,0.000000,57.698101,20.499701,-14.700500,0.047771,-0.013570,0.015998,-15.666301,-52.738201,18.801300,-93.396698,0.129960,17.611099,-0.205054,-0.480213,-0.687598,0.504536,553.964050,1549.862183,-4075.572510,555.392334,1469.095581,-4085.271240,568.919067,1592.929688,-4102.706543,534.166382,1501.350342,-4036.410889,557.378479,1636.073364,-4077.901367,555.209167,1469.129639,-4085.131592,569.047913,1592.902954,-4102.611816,534.389526,1501.448853,-4036.672119,557.230652,1635.982666,-4077.904785,2616.271729,1567.757568,-3159.788818,,,,,,,,,,,,,,,,,,,,,,,,,,,,,,,,,
7973,79.730000,0.000000,0.000000,0.000000,1.000000,0.000000,0.000000,0.000000,57.698101,20.499701,-14.700500,0.047771,-0.013570,0.015998,-15.666301,-52.738201,18.801300,-93.396698,0.129960,17.611099,-0.203527,-0.481577,-0.688177,0.503064,553.023560,1549.633423,-4076.210938,554.454407,1468.862305,-4085.871338,568.142639,1592.681763,-4103.284180,532.997070,1501.148071,-4037.132812,556.500183,1635.841553,-4078.555176,554.333923,1468.936401,-4085.662842,568.147156,1592.623413,-4103.223145,533.165405,1501.163452,-4037.447510,556.465210,1635.823730,-4078.542236,2616.272705,1567.760986,-3159.794189,,,,,,,,,,,,,,,,,,,,,,,,,,,,,,,,,
7974,79.740000,0.000000,0.000000,0.000000,1.000000,0.000000,0.000000,0.000000,57.698101,20.499701,-14.700500,0.047771,-0.013570,0.015998,-15.666301,-52.738201,18.801300,-93.396698,0.129960,17.611099,-0.203818,-0.481595,-0.688359,0.502679,552.254822,1549.463623,-4076.703125,553.606506,1468.688232,-4086.339355,567.417969,1592.489014,-4103.788574,532.178040,1501.009766,-4037.612061,555.816589,1635.667725,-4079.072998,553.439026,1468.741089,-4086.141602,567.482178,1592.422607,-4103.704590,532.393555,1501.047485,-4037.934814,555.728149,1635.656616,-4079.068604,2616.294434,1567.721313,-3159.774902,,,,,,,,,,,,,,,,,,,,,,,,,,,,,,,,,
7975,79.750000,0.000000,0.000000,0.000000,1.000000,0.000000,0.000000,0.000000,57.698101,20.499701,-14.700500,0.047771,-0.013570,0.015998,-15.666301,-52.738201,18.801300,-93.396698,0.129960,17.611099,-0.203417,-0.481994,-0.688744,0.501931,551.440002,1549.247070,-4077.254883,552.739197,1468.469727,-4086.882080,566.690063,1592.257080,-4104.315430,531.249695,1500.813721,-4038.196533,555.080933,1635.447876,-4079.624756,552.643921,1468.538086,-4086.670898,566.668396,1592.140625,-4104.278320,531.400269,1500.825073,-4038.517578,555.063354,1635.490479,-4079.585938,2616.301025,1567.744995,-3159.764648,,,,,,,,,,,,,,,,,,,,,,,,,,,,,,,,,
7976,79.760000,0.000000,0.000000,0.000000,1.000000,0.000000,0.000000,0.000000,57.698101,20.499701,-14.700500,0.047771,-0.013570,0.015998,-15.666301,-52.738201,18.801300,-93.396698,0.129960,17.611099,-0.202851,-0.481828,-0.689921,0.500701,550.754456,1549.094482,-4077.722656,551.881958,1468.328125,-4087.462891,566.169189,1592.106323,-4104.686523,530.359070,1500.654053,-4038.779785,554.607361,1635.289551,-4079.960938,551.847900,1468.321777,-4087.199219,566.046875,1591.978638,-4104.703125,530.458740,1500.634766,-4039.144531,554.675659,1635.440796,-4079.871582,2616.296875,1567.769409,-3159.773193,,,,,,,,,,,,,,,,,,,,,,,,,,,,,,,,,
7977,79.770000,0.000000,0.000000,0.000000,1.000000,0.000000,0.000000,0.000000,57.698101,20.499701,-14.700500,0.047771,-0.013570,0.015998,-15.666301,-52.738201,18.801300,-93.396698,0.129960,17.611099,-0.202701,-0.481835,-0.690634,0.499772,550.091614,1548.957031,-4078.155518,551.083618,1468.193115,-4087.930664,565.623535,1591.952393,-4105.078613,529.552429,1500.536865,-4039.263184,554.106873,1635.145752,-4080.349365,551.185303,1468.197754,-4087.577881,565.278625,1591.749390,-4105.253906,529.536316,1500.465698,-4039.674805,554.362732,1635.416260,-4080.126709,2616.287354,1567.748047,-3159.789551,,,,,,,,,,,,,,,,,,,,,,,,,,,,,,,,,
7978,79.780000,0.000000,0.000000,0.000000,1.000000,0.000000,0.000000,0.000000,57.698101,20.499701,-14.700500,0.047771,-0.013570,0.015998,-15.666301,-52.738201,18.801300,-93.396698,0.129960,17.611099,-0.202519,-0.481942,-0.691021,0.499207,549.407288,1548.819336,-4078.593262,550.333069,1468.056152,-4088.381836,565.008484,1591.804688,-4105.492188,528.780945,1500.411743,-4039.731445,553.506592,1635.004639,-4080.767090,550.475342,1468.030518,-4088.026123,564.587158,1591.601807,-4105.682617,528.737671,1500.369507,-4040.150146,553.817688,1635.276733,-4080.524414,2616.305664,1567.763184,-3159.786865,,,,,,,,,,,,,,,,,,,,,,,,,,,,,,,,,
7979,79.790000,0.000000,0.000000,0.000000,1.000000,0.000000,0.000000,0.000000,57.698101,20.499701,-14.700500,0.047771,-0.013570,0.015998,-15.666301,-52.738201,18.801300,-93.396698,0.129960,17.611099,-0.199906,-0.483798,-0.691689,0.497537,548.893250,1548.752075,-4078.880859,549.914734,1467.989502,-4088.663086,564.678894,1591.742432,-4105.664062,527.996277,1500.338135,-4040.172119,552.983032,1634.938599,-4081.024170,550.053162,1467.991699,-4088.257324,564.244690,1591.613525,-4105.850098,527.948914,1500.223633,-4040.621338,553.321899,1635.178467,-4080.808594,2616.295654,1567.783203,-3159.786621,,,,,,,,,,,,,,,,,,,,,,,,,,,,,,,,,
7980,79.800000,0.000000,0.000000,0.000000,1.000000,0.000000,0.000000,0.000000,57.698101,20.499701,-14.700500,0.047771,-0.013570,0.015998,-15.666301,-52.738201,18.801300,-93.396698,0.129960,17.611099,-0.197407,-0.485914,-0.691649,0.496528,548.294250,1548.635498,-4079.268066,549.533447,1467.866455,-4088.971680,564.172302,1591.632446,-4105.986328,527.237549,1500.215576,-4040.653320,552.233643,1634.827881,-4081.460938,549.688782,1467.972168,-4088.531006,563.698914,1591.511353,-4106.194336,527.175842,1500.061401,-4041.112305,552.590820,1634.987183,-4081.252930,2616.308838,1567.744141,-3159.779297,,,,,,,,,,,,,,,,,,,,,,,,,,,,,,,,,
7981,79.810000,0.000000,0.000000,0.000000,1.000000,0.000000,0.000000,0.000000,57.698101,20.499701,-14.700500,0.047771,-0.013570,0.015998,-15.666301,-52.738201,18.801300,-93.396698,0.129960,17.611099,-0.196612,-0.486437,-0.691551,0.496468,547.850281,1548.600342,-4079.512695,549.185608,1467.831909,-4089.209961,563.729370,1591.611694,-4106.207031,526.778381,1500.161377,-4040.929688,551.707581,1634.796387,-4081.703613,549.289612,1467.943115,-4088.816162,563.352173,1591.507690,-4106.345703,526.763794,1500.058716,-4041.360840,551.981567,1634.886230,-4081.541504,2616.277100,1567.738403,-3159.787842,,,,,,,,,,,,,,,,,,,,,,,,,,,,,,,,,
7982,79.820000,0.000000,0.000000,0.000000,1.000000,0.000000,0.000000,0.000000,57.698101,20.499701,-14.700500,0.047771,-0.013570,0.015998,-15.666301,-52.738201,18.801300,-93.396698,0.129960,17.611099,-0.196563,-0.486698,-0.690924,0.497103,547.217041,1548.504517,-4079.906006,548.680542,1467.731934,-4089.549561,563.010803,1591.524048,-4106.637695,526.245972,1500.056885,-4041.279297,550.930847,1634.705322,-4082.157227,548.668762,1467.852295,-4089.258301,562.848633,1591.462769,-4106.664551,526.329895,1500.054565,-4041.651367,551.028381,1634.661987,-4082.074219,2616.284424,1567.761719,-3159.790039,,,,,,,,,,,,,,,,,,,,,,,,,,,,,,,,,
7983,79.830000,0.000000,0.000000,0.000000,1.000000,0.000000,0.000000,0.000000,57.698101,20.499701,-14.700500,0.047771,-0.013570,0.015998,-15.666301,-52.738201,18.801300,-93.396698,0.129960,17.611099,-0.197746,-0.485435,-0.690654,0.498243,546.609558,1548.446655,-4080.199707,548.048950,1467.681641,-4089.909912,562.285095,1591.489380,-4106.963867,525.806580,1499.965820,-4041.523926,550.297546,1634.649902,-4082.400879,547.960815,1467.713379,-4089.710693,562.250000,1591.448486,-4106.917969,525.975220,1500.089844,-4041.874023,550.280945,1634.565796,-4082.354004,2616.316162,1567.745728,-3159.774902,,,,,,,,,,,,,,,,,,,,,,,,,,,,,,,,,
7984,79.840000,0.000000,0.000000,0.000000,1.000000,0.000000,0.000000,0.000000,57.698101,20.499701,-14.700500,0.047771,-0.013570,0.015998,-15.666301,-52.738201,18.801300,-93.396698,0.129960,17.611099,-0.199060,-0.483735,-0.690888,0.499048,545.956177,1548.380859,-4080.551514,547.268311,1467.629883,-4090.395996,561.565430,1591.449341,-4107.312988,525.263794,1499.860840,-4041.865234,549.727173,1634.583496,-4082.632080,547.095459,1467.534912,-4090.298584,561.676758,1591.473999,-4107.175293,525.490356,1500.041016,-4042.107666,549.588806,1634.496460,-4082.656006,2616.278809,1567.737061,-3159.768799,,,,,,,,,,,,,,,,,,,,,,,,,,,,,,,,,
7985,79.850000,0.000000,0.000000,0.000000,1.000000,0.000000,0.000000,0.000000,57.698101,20.499701,-14.700500,0.047771,-0.013570,0.015998,-15.666301,-52.738201,18.801300,-93.396698,0.129960,17.611099,-0.198796,-0.483603,-0.690785,0.499423,545.087646,1548.217773,-4081.054199,546.464539,1467.472778,-4090.938477,560.656799,1591.312256,-4107.796875,524.441772,1499.661743,-4042.388428,548.787292,1634.424561,-4083.092773,546.236328,1467.408447,-4090.872803,560.854248,1591.378906,-4107.572266,524.714172,1499.849609,-4042.602539,548.573730,1634.249878,-4083.182861,2616.295410,1567.736206,-3159.773193,,,,,,,,,,,,,,,,,,,,,,,,,,,,,,,,,
7986,79.860000,0.000000,0.000000,0.000000,1.000000,0.000000,0.000000,0.000000,57.698101,20.499701,-14.700500,0.047771,-0.013570,0.015998,-15.666301,-52.738201,18.801300,-93.396698,0.129960,17.611099,-0.198854,-0.482989,-0.691054,0.499624,544.307739,1548.089355,-4081.472412,545.653442,1467.355225,-4091.449219,559.868591,1591.209595,-4108.178711,523.677856,1499.495605,-4042.845703,548.030884,1634.297241,-4083.416016,545.405823,1467.251831,-4091.408203,560.116089,1591.319702,-4107.938477,523.951660,1499.690308,-4043.022705,547.783752,1634.110352,-4083.521484,2616.291016,1567.706543,-3159.764648,,,,,,,,,,,,,,,,,,,,,,,,,,,,,,,,,
7987,79.870000,0.000000,0.000000,0.000000,1.000000,0.000000,0.000000,0.000000,57.698101,20.499701,-14.700500,0.047771,-0.013570,0.015998,-15.666301,-52.738201,18.801300,-93.396698,0.129960,17.611099,-0.197691,-0.483268,-0.691999,0.498506,543.260986,1547.906860,-4082.102783,544.539001,1467.183594,-4092.176025,558.964966,1591.040771,-4108.702637,522.441406,1499.291016,-4043.605713,547.098633,1634.112305,-4083.926758,544.400818,1466.983276,-4092.132080,559.049255,1591.086792,-4108.555664,522.679993,1499.711426,-4043.861328,546.948792,1633.913940,-4083.914795,2616.332275,1567.715942,-3159.769531,,,,,,,,,,,,,,,,,,,,,,,,,,,,,,,,,
7988,79.880000,0.000000,0.000000,0.000000,1.000000,0.000000,0.000000,0.000000,57.698101,20.499701,-14.700500,0.047771,-0.013570,0.015998,-15.666301,-52.738201,18.801300,-93.396698,0.129960,17.611099,-0.197065,-0.483511,-0.692551,0.497751,542.311035,1547.763550,-4082.665527,543.537476,1467.044434,-4092.778320,558.108276,1590.897217,-4109.210449,521.368652,1499.146362,-4044.236572,546.229492,1633.966553,-4084.436523,543.570435,1466.883423,-4092.697998,557.978760,1590.868042,-4109.186035,521.471497,1499.690063,-4044.560791,546.256104,1633.727417,-4084.284424,2616.279053,1567.735107,-3159.773682,,,,,,,,,,,,,,,,,,,,,,,,,,,,,,,,,
7989,79.890000,0.000000,0.000000,0.000000,1.000000,0.000000,0.000000,0.000000,57.698101,20.499701,-14.700500,0.047771,-0.013570,0.015998,-15.666301,-52.738201,18.801300,-93.396698,0.129960,17.611099,-0.196603,-0.483564,-0.692690,0.497688,541.500793,1547.659424,-4083.159424,542.755005,1466.945679,-4093.311279,557.309021,1590.810059,-4109.669922,520.539307,1499.017944,-4044.772217,545.399780,1633.864136,-4084.884277,542.832214,1466.845215,-4093.165039,557.078857,1590.739868,-4109.699219,520.610535,1499.551514,-4045.187500,545.503662,1633.606689,-4084.670654,2616.275146,1567.741943,-3159.790283,,,,,,,,,,,,,,,,,,,,,,,,,,,,,,,,,
7990,79.900000,0.000000,0.000000,0.000000,1.000000,0.000000,0.000000,0.000000,57.698101,20.499701,-14.700500,0.047771,-0.013570,0.015998,-15.666301,-52.738201,18.801300,-93.396698,0.129960,17.611099,-0.199420,-0.481015,-0.692500,0.499299,540.579407,1547.496338,-4083.797852,541.645691,1466.793091,-4094.053711,556.229736,1590.657593,-4110.384766,519.864563,1498.837036,-4045.299561,544.577393,1633.697998,-4085.453125,541.757385,1466.637329,-4093.892090,555.962830,1590.558838,-4110.482910,519.890747,1499.332886,-4045.695801,544.709534,1633.545288,-4085.190674,2616.290039,1567.773926,-3159.790771,,,,,,,,,,,,,,,,,,,,,,,,,,,,,,,,,
7991,79.910000,0.000000,0.000000,0.000000,1.000000,0.000000,0.000000,0.000000,57.698101,20.499701,-14.700500,0.047771,-0.013570,0.015998,-15.666301,-52.738201,18.801300,-93.396698,0.129960,17.611099,-0.199963,-0.479698,-0.692616,0.500189,539.746094,1547.331177,-4084.392578,540.788391,1466.646118,-4094.792725,555.316895,1590.540039,-4110.949219,519.145508,1498.603149,-4045.919922,543.733521,1633.535889,-4085.908447,540.868835,1466.557495,-4094.506836,555.064697,1590.489502,-4111.120117,519.147461,1498.710449,-4046.283203,543.901062,1633.572388,-4085.682373,2616.295410,1567.754150,-3159.771484,,,,,,,,,,,,,,,,,,,,,,,,,,,,,,,,,
7992,79.920000,0.000000,0.000000,0.000000,1.000000,0.000000,0.000000,0.000000,57.698101,20.499701,-14.700500,0.047771,-0.013570,0.015998,-15.666301,-52.738201,18.801300,-93.396698,0.129960,17.611099,-0.201258,-0.478093,-0.692678,0.501117,538.940430,1547.248047,-4085.073975,539.884827,1466.576294,-4095.587646,554.426575,1590.482666,-4111.638184,518.471741,1498.481201,-4046.579834,542.978577,1633.452026,-4086.490234,539.975891,1466.518555,-4095.257324,554.138123,1590.428223,-4111.830566,518.449646,1498.460205,-4046.937988,543.194702,1633.584106,-4086.274658,2616.287109,1567.761353,-3159.782715,,,,,,,,,,,,,,,,,,,,,,,,,,,,,,,,,
7993,79.930000,0.000000,0.000000,0.000000,1.000000,0.000000,0.000000,0.000000,57.698101,20.499701,-14.700500,0.047771,-0.013570,0.015998,-15.666301,-52.738201,18.801300,-93.396698,0.129960,17.611099,-0.202840,-0.476225,-0.693212,0.501520,538.151794,1547.214355,-4085.803955,538.870605,1466.558716,-4096.456543,553.622375,1590.458862,-4112.361328,517.736816,1498.428833,-4047.305176,542.377380,1633.411377,-4087.093262,539.042175,1466.472900,-4096.072754,553.180176,1590.348389,-4112.640137,517.651855,1498.367676,-4047.703369,542.733521,1633.683594,-4086.792969,2616.285889,1567.769531,-3159.784180,,,,,,,,,,,,,,,,,,,,,,,,,,,,,,,,,
7994,79.940000,0.000000,0.000000,0.000000,1.000000,0.000000,0.000000,0.000000,57.698101,20.499701,-14.700500,0.047771,-0.013570,0.015998,-15.666301,-52.738201,18.801300,-93.396698,0.129960,17.611099,-0.203245,-0.475655,-0.693448,0.501571,537.373291,1547.213501,-4086.480225,538.017273,1466.564087,-4097.184082,552.848938,1590.462646,-4113.026855,516.961792,1498.419800,-4047.989746,541.665161,1633.408081,-4087.719482,538.232727,1466.525513,-4096.806152,552.343445,1590.305786,-4113.353516,516.838806,1498.338135,-4048.361816,542.077148,1633.703491,-4087.387939,2616.290771,1567.719971,-3159.779297,,,,,,,,,,,,,,,,,,,,,,,,,,,,,,,,,
7995,79.950000,0.000000,0.000000,0.000000,1.000000,0.000000,0.000000,0.000000,57.698101,20.499701,-14.700500,0.047771,-0.013570,0.015998,-15.666301,-52.738201,18.801300,-93.396698,0.129960,17.611099,-0.203089,-0.475495,-0.693797,0.501304,536.633545,1547.208618,-4087.175293,537.231079,1466.565186,-4097.927734,552.148682,1590.463867,-4113.688965,516.173645,1498.404785,-4048.723145,540.980713,1633.401123,-4088.361328,537.379089,1466.530273,-4097.563965,551.752808,1590.346436,-4113.930176,516.096802,1498.285400,-4049.089844,541.313477,1633.689941,-4088.109131,2616.303467,1567.777100,-3159.775635,,,,,,,,,,,,,,,,,,,,,,,,,,,,,,,,,
7996,79.960000,0.000000,0.000000,0.000000,1.000000,0.000000,0.000000,0.000000,57.698101,20.499701,-14.700500,0.047771,-0.013570,0.015998,-15.666301,-52.738201,18.801300,-93.396698,0.129960,17.611099,-0.202718,-0.476111,-0.693468,0.501324,535.952698,1547.211914,-4087.797119,536.638123,1466.560547,-4098.485352,551.452271,1590.461060,-4114.329590,515.501892,1498.418701,-4049.326904,540.218323,1633.407593,-4089.046387,536.770325,1466.613281,-4098.090332,551.081421,1590.339844,-4114.573242,515.430725,1498.227295,-4049.700195,540.532288,1633.674561,-4088.820068,2616.294922,1567.748535,-3159.783691,,,,,,,,,,,,,,,,,,,,,,,,,,,,,,,,,
7997,79.970000,0.000000,0.000000,0.000000,1.000000,0.000000,0.000000,0.000000,57.698101,20.499701,-14.700500,0.047771,-0.013570,0.015998,-15.666301,-52.738201,18.801300,-93.396698,0.129960,17.611099,-0.201759,-0.477407,-0.692900,0.501263,535.231812,1547.244873,-4088.514404,536.098511,1466.580200,-4099.087891,550.713440,1590.486694,-4115.069336,514.780396,1498.466309,-4050.025879,539.334900,1633.446777,-4089.874268,536.268433,1466.676147,-4098.666992,550.308228,1590.330811,-4115.428711,514.677307,1498.282837,-4050.391113,539.668152,1633.695923,-4089.567139,2616.272461,1567.740601,-3159.778320,,,,,,,,,,,,,,,,,,,,,,,,,,,,,,,,,
7998,79.980000,0.000000,0.000000,0.000000,1.000000,0.000000,0.000000,0.000000,57.698101,20.499701,-14.700500,0.047771,-0.013570,0.015998,-15.666301,-52.738201,18.801300,-93.396698,0.129960,17.611099,-0.200583,-0.478493,-0.692983,0.500585,534.572937,1547.288818,-4089.168457,535.518921,1466.619019,-4099.696777,550.121521,1590.525024,-4115.693359,514.017029,1498.519043,-4050.724609,538.634216,1633.492065,-4090.559570,535.614624,1466.667358,-4099.261230,549.815430,1590.418213,-4115.987793,513.973938,1498.333252,-4051.129395,538.892761,1633.738892,-4090.290527,2616.276123,1567.732544,-3159.781006,,,,,,,,,,,,,,,,,,,,,,,,,,,,,,,,,
7999,79.990000,0.000000,0.000000,0.000000,1.000000,0.000000,0.000000,0.000000,57.698101,20.499701,-14.700500,0.047771,-0.013570,0.015998,-15.666301,-52.738201,18.801300,-93.396698,0.129960,17.611099,-0.199324,-0.480127,-0.692599,0.500055,533.779358,1547.295410,-4089.970947,534.886169,1466.610718,-4100.367676,549.361755,1590.513184,-4116.506348,513.153503,1498.555664,-4051.526611,537.715942,1633.502441,-4091.483643,534.973694,1466.665771,-4099.923828,549.070251,1590.437500,-4116.808105,513.115540,1498.374878,-4051.931885,537.958923,1633.701294,-4091.218506,2616.300781,1567.782959,-3159.780029,,,,,,,,,,,,,,,,,,,,,,,,,,,,,,,,,
8000,80.000000,0.000000,0.000000,0.000000,1.000000,0.000000,0.000000,0.000000,57.698101,20.499701,-14.700500,0.047771,-0.013570,0.015998,-15.666301,-52.738201,18.801300,-93.396698,0.129960,17.611099,-0.198377,-0.480745,-0.692991,0.499294,533.117920,1547.367065,-4090.683350,534.230652,1466.683716,-4101.089844,548.787476,1590.584717,-4117.167480,512.369690,1498.626953,-4052.305176,537.083679,1633.573242,-4092.170654,534.270813,1466.672729,-4100.674805,548.550293,1590.563232,-4117.372559,512.369812,1498.442993,-4052.706299,537.289795,1633.780151,-4091.978516,2616.268555,1567.767822,-3159.794922,,,,,,,,,,,,,,,,,,,,,,,,,,,,,,,,,
8001,80.010000,0.000000,0.000000,0.000000,1.000000,0.000000,0.000000,0.000000,57.698101,20.499701,-14.700500,0.047771,-0.013570,0.015998,-15.666301,-52.738201,18.801300,-93.396698,0.129960,17.611099,-0.196766,-0.482274,-0.692992,0.498455,532.472961,1547.474487,-4091.354492,533.713074,1466.783569,-4101.687500,548.220520,1590.685425,-4117.803223,511.597931,1498.746094,-4053.030029,536.360168,1633.683350,-4092.896484,533.713013,1466.782471,-4101.292969,548.026550,1590.713989,-4117.929199,511.624634,1498.516357,-4053.411377,536.536499,1633.858765,-4092.788574,2616.289795,1567.782349,-3159.790039,,,,,,,,,,,,,,,,,,,,,,,,,,,,,,,,,
8002,80.020000,0.000000,0.000000,0.000000,1.000000,0.000000,0.000000,0.000000,57.698101,20.499701,-14.700500,0.047771,-0.013570,0.015998,-15.666301,-52.738201,18.801300,-93.396698,0.129960,17.611099,-0.196718,-0.482727,-0.692398,0.498860,531.835327,1547.564941,-4092.001465,533.185608,1466.865601,-4102.254883,547.520508,1590.771240,-4118.495117,511.031555,1498.845947,-4053.626465,535.603516,1633.777466,-4093.629395,533.161133,1466.875610,-4101.916504,547.370850,1590.791504,-4118.566406,511.083893,1498.663818,-4053.973145,535.732910,1633.905762,-4093.558838,2616.294189,1567.784302,-3159.786133,,,,,,,,,,,,,,,,,,,,,,,,,,,,,,,,,
8003,80.030000,0.000000,0.000000,0.000000,1.000000,0.000000,0.000000,0.000000,57.698101,20.499701,-14.700500,0.047771,-0.013570,0.015998,-15.666301,-52.738201,18.801300,-93.396698,0.129960,17.611099,-0.196055,-0.483903,-0.691674,0.498987,531.216980,1547.654907,-4092.644287,532.745972,1466.941895,-4102.764648,546.860413,1590.849609,-4119.181152,510.445953,1498.956177,-4054.225830,534.815491,1633.872070,-4094.405273,532.720825,1467.007080,-4102.420410,546.696045,1590.871704,-4119.224121,510.505371,1498.769531,-4054.585449,534.950745,1633.949585,-4094.359375,2616.292480,1567.755615,-3159.788086,,,,,,,,,,,,,,,,,,,,,,,,,,,,,,,,,
8004,80.040000,0.000000,0.000000,0.000000,1.000000,0.000000,0.000000,0.000000,57.698101,20.499701,-14.700500,0.047771,-0.013570,0.015998,-15.666301,-52.738201,18.801300,-93.396698,0.129960,17.611099,-0.195796,-0.485192,-0.690341,0.499681,530.548645,1547.730225,-4093.359863,532.328003,1466.996826,-4103.274414,546.072510,1590.904785,-4120.000000,509.908691,1499.066406,-4054.826660,533.885376,1633.953125,-4095.338867,532.268677,1467.104370,-4102.875000,545.952209,1590.979858,-4120.088379,509.994019,1498.906616,-4055.221191,533.981323,1633.920898,-4095.260742,2616.324951,1567.719849,-3159.767822,,,,,,,,,,,,,,,,,,,,,,,,,,,,,,,,,
8005,80.050000,0.000000,0.000000,0.000000,1.000000,0.000000,0.000000,0.000000,57.698101,20.499701,-14.700500,0.047771,-0.013570,0.015998,-15.666301,-52.738201,18.801300,-93.396698,0.129960,17.611099,-0.196509,-0.484801,-0.690032,0.500207,529.920959,1547.831665,-4094.035645,531.695740,1467.095947,-4103.932129,545.383118,1591.002075,-4120.717773,509.367523,1499.174072,-4055.448486,533.237305,1634.054688,-4096.043945,531.668213,1467.126343,-4103.556641,545.225891,1591.111328,-4120.814941,509.423187,1499.031494,-4055.816162,533.363953,1634.043945,-4095.962158,2616.324707,1567.743408,-3159.763916,,,,,,,,,,,,,,,,,,,,,,,,,,,,,,,,,
8006,80.060000,0.000000,0.000000,0.000000,1.000000,0.000000,0.000000,0.000000,57.698101,20.499701,-14.700500,0.047771,-0.013570,0.015998,-15.666301,-52.738201,18.801300,-93.396698,0.129960,17.611099,-0.195076,-0.486462,-0.689181,0.500330,529.276611,1547.931519,-4094.737061,531.330078,1467.185669,-4104.495605,544.691589,1591.105591,-4121.440918,508.749298,1499.274292,-4056.135742,532.335449,1634.161011,-4096.875977,531.264404,1467.275513,-4104.130371,544.582336,1591.225708,-4121.503418,508.842957,1499.174194,-4056.507568,532.420471,1634.050659,-4096.812500,2616.333496,1567.748169,-3159.760010,,,,,,,,,,,,,,,,,,,,,,,,,,,,,,,,,
8007,80.070000,0.000000,0.000000,0.000000,1.000000,0.000000,0.000000,0.000000,57.698101,20.499701,-14.700500,0.047771,-0.013570,0.015998,-15.666301,-52.738201,18.801300,-93.396698,0.129960,17.611099,-0.196648,-0.485327,-0.688680,0.501505,528.675842,1548.032349,-4095.399414,530.695984,1467.286499,-4105.164062,543.960266,1591.207764,-4122.175781,508.335175,1499.373413,-4056.701172,531.711914,1634.262207,-4097.556152,530.617920,1467.352661,-4104.883301,543.910645,1591.306641,-4122.220215,508.429169,1499.303589,-4056.989746,531.748413,1634.166504,-4097.507324,2616.322510,1567.753052,-3159.769287,,,,,,,,,,,,,,,,,,,,,,,,,,,,,,,,,
8008,80.080000,0.000000,0.000000,0.000000,1.000000,0.000000,0.000000,0.000000,57.698101,20.499701,-14.700500,0.047771,-0.013570,0.015998,-15.666301,-52.738201,18.801300,-93.396698,0.129960,17.611099,-0.198000,-0.483675,-0.688443,0.502892,528.015747,1548.068726,-4096.036621,530.002197,1467.335205,-4105.910645,543.159302,1591.280029,-4122.834961,507.876038,1499.358276,-4057.298096,531.025330,1634.301636,-4098.101562,529.876587,1467.414551,-4105.682129,543.182556,1591.372192,-4122.828613,508.012360,1499.336060,-4057.557129,530.993164,1634.152466,-4098.084961,2616.279053,1567.727417,-3159.781250,,,,,,,,,,,,,,,,,,,,,,,,,,,,,,,,,
8009,80.090000,0.000000,0.000000,0.000000,1.000000,0.000000,0.000000,0.000000,57.698101,20.499701,-14.700500,0.047771,-0.013570,0.015998,-15.666301,-52.738201,18.801300,-93.396698,0.129960,17.611099,-0.197553,-0.484027,-0.687897,0.503477,527.443054,1548.102539,-4096.638672,529.586914,1467.369751,-4106.485840,542.508362,1591.333984,-4123.448730,507.390076,1499.366211,-4057.887939,530.286804,1634.340454,-4098.731934,529.457031,1467.585083,-4106.221680,542.509460,1591.434692,-4123.423340,507.529572,1499.326050,-4058.170410,530.272827,1634.057495,-4098.737793,2616.268555,1567.738159,-3159.781982,,,,,,,,,,,,,,,,,,,,,,,,,,,,,,,,,
8010,80.100000,0.000000,0.000000,0.000000,1.000000,0.000000,0.000000,0.000000,57.698101,20.499701,-14.700500,0.047771,-0.013570,0.015998,-15.666301,-52.738201,18.801300,-93.396698,0.129960,17.611099,-0.199623,-0.482339,-0.687104,0.505359,526.772827,1548.085449,-4097.317871,528.908752,1467.356323,-4107.196289,541.627686,1591.333374,-4124.218262,507.014160,1499.326538,-4058.444580,529.540833,1634.325806,-4099.411133,528.799377,1467.584473,-4106.911133,541.626587,1591.375610,-4124.258301,507.144867,1499.338623,-4058.753906,529.519043,1634.048218,-4099.333008,2616.300537,1567.762207,-3159.779541,,,,,,,,,,,,,,,,,,,,,,,,,,,,,,,,,
8011,80.110000,0.000000,0.000000,0.000000,1.000000,0.000000,0.000000,0.000000,57.698101,20.499701,-14.700500,0.047771,-0.013570,0.015998,-15.666301,-52.738201,18.801300,-93.396698,0.129960,17.611099,-0.198304,-0.482757,-0.687361,0.505130,526.157654,1548.078247,-4098.008301,528.388733,1467.360107,-4107.955566,541.043823,1591.363647,-4124.831055,506.341888,1499.266724,-4059.230225,528.856262,1634.322876,-4100.015625,528.307617,1467.634399,-4107.582031,540.983398,1591.408081,-4124.913574,506.449463,1499.217773,-4059.597412,528.897705,1634.077515,-4099.911621,2616.266113,1567.763428,-3159.796631,,,,,,,,,,,,,,,,,,,,,,,,,,,,,,,,,
8012,80.120000,0.000000,0.000000,0.000000,1.000000,0.000000,0.000000,0.000000,57.698101,20.499701,-14.700500,0.047771,-0.013570,0.015998,-15.666301,-52.738201,18.801300,-93.396698,0.129960,17.611099,-0.199131,-0.481632,-0.687328,0.505923,525.563721,1548.063721,-4098.666504,527.754456,1467.355225,-4108.700684,540.373230,1591.373901,-4125.492188,505.860321,1499.216064,-4059.876953,528.266724,1634.310059,-4100.596680,527.761597,1467.639404,-4108.266602,540.176819,1591.328491,-4125.615234,505.926178,1499.185669,-4060.336670,528.404541,1634.142578,-4100.438477,2616.257812,1567.769287,-3159.797119,,,,,,,,,,,,,,,,,,,,,,,,,,,,,,,,,
8013,80.130000,0.000000,0.000000,0.000000,1.000000,0.000000,0.000000,0.000000,57.698101,20.499701,-14.700500,0.047771,-0.013570,0.015998,-15.666301,-52.738201,18.801300,-93.396698,0.129960,17.611099,-0.199329,-0.481728,-0.686787,0.506488,524.981750,1548.043579,-4099.314453,527.257690,1467.331421,-4109.300293,539.715332,1591.354248,-4126.181152,505.371918,1499.197266,-4060.475830,527.581848,1634.291748,-4101.301758,527.266296,1467.676147,-4108.856445,539.489441,1591.307007,-4126.243164,505.452759,1499.187866,-4060.973145,527.741394,1634.058716,-4101.179688,2616.304199,1567.748535,-3159.777832,,,,,,,,,,,,,,,,,,,,,,,,,,,,,,,,,
8014,80.140000,0.000000,0.000000,0.000000,1.000000,0.000000,0.000000,0.000000,57.698101,20.499701,-14.700500,0.047771,-0.013570,0.015998,-15.666301,-52.738201,18.801300,-93.396698,0.129960,17.611099,-0.200066,-0.481103,-0.686699,0.506911,524.482178,1548.031372,-4099.912109,526.713989,1467.320435,-4109.917969,539.172180,1591.343018,-4126.800781,504.939423,1499.182983,-4061.041748,527.103088,1634.279175,-4101.887695,526.677551,1467.628052,-4109.541504,538.997864,1591.354126,-4126.776367,505.045349,1499.147827,-4061.477539,527.229858,1634.030273,-4101.855469,2616.319092,1567.753174,-3159.767090,,,,,,,,,,,,,,,,,,,,,,,,,,,,,,,,,
8015,80.150000,0.000000,0.000000,0.000000,1.000000,0.000000,0.000000,0.000000,57.698101,20.499701,-14.700500,0.047771,-0.013570,0.015998,-15.666301,-52.738201,18.801300,-93.396698,0.129960,17.611099,-0.201470,-0.479762,-0.686413,0.508011,524.064148,1548.029419,-4100.381348,526.243958,1467.324219,-4110.443848,538.638000,1591.355591,-4127.310059,504.690460,1499.160156,-4061.452881,526.683960,1634.278076,-4102.318359,526.179993,1467.598877,-4110.164062,538.526672,1591.372559,-4127.233398,504.812195,1499.169434,-4061.808594,526.755371,1633.993286,-4102.332520,2616.309326,1567.729004,-3159.773926,,,,,,,,,,,,,,,,,,,,,,,,,,,,,,,,,
8016,80.160000,0.000000,0.000000,0.000000,1.000000,0.000000,0.000000,0.000000,57.698101,20.499701,-14.700500,0.047771,-0.013570,0.015998,-15.666301,-52.738201,18.801300,-93.396698,0.129960,17.611099,-0.201811,-0.479082,-0.686659,0.508185,523.631897,1547.973389,-4100.926758,525.750061,1467.275879,-4111.064453,538.199158,1591.314697,-4127.834961,504.276093,1499.081177,-4062.018311,526.302124,1634.222168,-4102.790039,525.698242,1467.519287,-4110.813965,538.077148,1591.364136,-4127.737793,504.378784,1499.074463,-4062.331787,526.388550,1633.936646,-4102.833008,2616.301270,1567.756592,-3159.768555,,,,,,,,,,,,,,,,,,,,,,,,,,,,,,,,,
8017,80.170000,0.000000,0.000000,0.000000,1.000000,0.000000,0.000000,0.000000,57.698101,20.499701,-14.700500,0.047771,-0.013570,0.015998,-15.666301,-52.738201,18.801300,-93.396698,0.129960,17.611099,-0.203093,-0.478187,-0.686386,0.508886,523.181702,1547.866577,-4101.481445,525.236755,1467.167847,-4111.622070,537.671082,1591.201294,-4128.441895,503.943329,1498.983154,-4062.503906,525.875427,1634.114258,-4103.358398,525.221619,1467.407349,-4111.364746,537.517700,1591.228271,-4128.389160,504.021301,1499.015869,-4062.828125,525.986023,1633.815796,-4103.348633,2616.288330,1567.738037,-3159.780518,,,,,,,,,,,,,,,,,,,,,,,,,,,,,,,,,
8018,80.180000,0.000000,0.000000,0.000000,1.000000,0.000000,0.000000,0.000000,57.698101,20.499701,-14.700500,0.047771,-0.013570,0.015998,-15.666301,-52.738201,18.801300,-93.396698,0.129960,17.611099,-0.203420,-0.478068,-0.686413,0.508831,522.763550,1547.722778,-4102.036133,524.775940,1467.021484,-4112.164062,537.259460,1591.046387,-4129.011230,503.522217,1498.854736,-4063.040283,525.496521,1633.968994,-4103.928711,524.701538,1467.225586,-4111.944824,537.201172,1591.104248,-4128.942383,503.638519,1498.894775,-4063.327393,525.524475,1633.652954,-4103.945312,2616.291504,1567.746704,-3159.782227,,,,,,,,,,,,,,,,,,,,,,,,,,,,,,,,,
8019,80.190000,0.000000,0.000000,0.000000,1.000000,0.000000,0.000000,0.000000,57.698101,20.499701,-14.700500,0.047771,-0.013570,0.015998,-15.666301,-52.738201,18.801300,-93.396698,0.129960,17.611099,-0.204144,-0.477141,-0.686926,0.508719,522.378479,1547.539551,-4102.569336,524.233582,1466.844849,-4112.780273,536.906250,1590.864258,-4129.525879,503.115112,1498.666870,-4063.590576,525.258972,1633.782593,-4104.381836,524.186646,1466.997803,-4112.566895,536.816223,1590.912476,-4129.465332,503.213928,1498.720093,-4063.883301,525.312439,1633.523560,-4104.382324,2616.289795,1567.745483,-3159.777588,,,,,,,,,,,,,,,,,,,,,,,,,,,,,,,,,
8020,80.200000,0.000000,0.000000,0.000000,1.000000,0.000000,0.000000,0.000000,57.698101,20.499701,-14.700500,0.047771,-0.013570,0.015998,-15.666301,-52.738201,18.801300,-93.396698,0.129960,17.611099,-0.204739,-0.476786,-0.686765,0.509030,522.030640,1547.345703,-4103.068848,523.860229,1466.649292,-4113.270508,536.522156,1590.664795,-4130.053711,502.821381,1498.481079,-4064.052979,524.918823,1633.588135,-4104.897949,523.823853,1466.837646,-4113.069824,536.437683,1590.696655,-4130.011230,502.909119,1498.556030,-4064.325439,524.967651,1633.280396,-4104.880371,2616.293213,1567.767456,-3159.781738,,,,,,,,,,,,,,,,,,,,,,,,,,,,,,,,,
8021,80.210000,0.000000,0.000000,0.000000,1.000000,0.000000,0.000000,0.000000,57.698101,20.499701,-14.700500,0.047771,-0.013570,0.015998,-15.666301,-52.738201,18.801300,-93.396698,0.129960,17.611099,-0.204124,-0.477531,-0.687091,0.508137,521.622131,1547.191772,-4103.583496,523.424133,1466.489380,-4113.743652,536.212341,1590.488892,-4130.549805,502.279388,1498.357544,-4064.595703,524.572571,1633.431396,-4105.443848,523.456543,1466.664917,-4113.523926,536.038269,1590.450562,-4130.560547,502.345276,1498.585693,-4064.959961,524.678101,1633.066406,-4105.315918,2616.286865,1567.754517,-3159.780762,,,,,,,,,,,,,,,,,,,,,,,,,,,,,,,,,
8022,80.220000,0.000000,0.000000,0.000000,1.000000,0.000000,0.000000,0.000000,57.698101,20.499701,-14.700500,0.047771,-0.013570,0.015998,-15.666301,-52.738201,18.801300,-93.396698,0.129960,17.611099,-0.203254,-0.478126,-0.687731,0.507060,521.295166,1547.040161,-4104.048340,523.043335,1466.338379,-4114.222656,536.014404,1590.328125,-4130.958984,501.780457,1498.217163,-4065.132080,524.342529,1633.277100,-4105.879395,523.106934,1466.493530,-4113.989746,535.795898,1590.258057,-4131.009277,501.837616,1498.545776,-4065.556152,524.472595,1632.875610,-4105.679688,2616.329102,1567.778809,-3159.768555,,,,,,,,,,,,,,,,,,,,,,,,,,,,,,,,,
8023,80.230000,0.000000,0.000000,0.000000,1.000000,0.000000,0.000000,0.000000,57.698101,20.499701,-14.700500,0.047771,-0.013570,0.015998,-15.666301,-52.738201,18.801300,-93.396698,0.129960,17.611099,-0.203171,-0.477271,-0.689405,0.505623,521.074402,1546.876953,-4104.442871,522.517883,1466.192261,-4114.798828,535.999268,1590.167603,-4131.235840,501.316620,1498.042969,-4065.663818,524.463867,1633.104980,-4106.073242,522.624207,1466.249023,-4114.492676,535.702026,1590.122559,-4131.402832,501.331635,1498.362061,-4066.153076,524.653992,1632.801636,-4105.781738,2616.307373,1567.720947,-3159.765869,,,,,,,,,,,,,,,,,,,,,,,,,,,,,,,,,
8024,80.240000,0.000000,0.000000,0.000000,1.000000,0.000000,0.000000,0.000000,57.698101,20.499701,-14.700500,0.047771,-0.013570,0.015998,-15.666301,-52.738201,18.801300,-93.396698,0.129960,17.611099,-0.203886,-0.476872,-0.689709,0.505297,520.756958,1546.638062,-4104.915039,522.061340,1465.950928,-4115.270996,535.725464,1589.904419,-4131.723633,500.958099,1497.836182,-4066.115967,524.282959,1632.860718,-4106.550293,522.164001,1466.036499,-4114.931152,535.415100,1589.871948,-4131.883301,500.980865,1498.130127,-4066.642822,524.485779,1632.540283,-4106.267578,2616.290039,1567.725708,-3159.757812,,,,,,,,,,,,,,,,,,,,,,,,,,,,,,,,,
8025,80.250000,0.000000,0.000000,0.000000,1.000000,0.000000,0.000000,0.000000,57.698101,20.499701,-14.700500,0.047771,-0.013570,0.015998,-15.666301,-52.738201,18.801300,-93.396698,0.129960,17.611099,-0.205652,-0.475371,-0.690219,0.505299,520.554565,1546.454346,-4105.345703,521.593323,1465.771973,-4115.768555,535.544128,1589.699341,-4132.176270,500.763947,1497.678101,-4066.510254,524.316711,1632.667847,-4106.927734,521.687012,1465.824707,-4115.508301,535.275879,1589.666382,-4132.295410,500.780945,1497.962646,-4066.931152,524.486816,1632.382202,-4106.691406,2616.310303,1567.746460,-3159.777588,,,,,,,,,,,,,,,,,,,,,,,,,,,,,,,,,
8026,80.260000,0.000000,0.000000,0.000000,1.000000,0.000000,0.000000,0.000000,57.698101,20.499701,-14.700500,0.047771,-0.013570,0.015998,-15.666301,-52.738201,18.801300,-93.396698,0.129960,17.611099,-0.206826,-0.474367,-0.690614,0.505225,520.280457,1546.168945,-4105.791016,521.130310,1465.490479,-4116.260254,535.293335,1589.398193,-4132.634277,500.484283,1497.411865,-4066.934570,524.213928,1632.375610,-4107.335449,521.122742,1465.510376,-4116.013672,535.160339,1589.466309,-4132.657227,500.571014,1497.585205,-4067.307373,524.290771,1632.122192,-4107.226562,2616.279053,1567.757446,-3159.778809,,,,,,,,,,,,,,,,,,,,,,,,,,,,,,,,,
8027,80.270000,0.000000,0.000000,0.000000,1.000000,0.000000,0.000000,0.000000,57.698101,20.499701,-14.700500,0.047771,-0.013570,0.015998,-15.666301,-52.738201,18.801300,-93.396698,0.129960,17.611099,-0.207405,-0.473948,-0.691195,0.504585,520.047119,1545.959595,-4106.274902,520.716003,1465.282349,-4116.767090,535.144714,1589.163330,-4133.111816,500.158600,1497.235229,-4067.424805,524.169128,1632.157837,-4107.796875,520.699524,1465.302368,-4116.496094,535.011292,1589.232300,-4133.131348,500.249084,1497.359253,-4067.809082,524.248901,1631.955444,-4107.701660,2616.282959,1567.745605,-3159.785400,,,,,,,,,,,,,,,,,,,,,,,,,,,,,,,,,
8028,80.280000,0.000000,0.000000,0.000000,1.000000,0.000000,0.000000,0.000000,57.698101,20.499701,-14.700500,0.047771,-0.013570,0.015998,-15.666301,-52.738201,18.801300,-93.396698,0.129960,17.611099,-0.206401,-0.474849,-0.692010,0.503031,519.727905,1545.771362,-4106.740723,520.307190,1465.091919,-4117.221680,535.006714,1588.947266,-4133.519531,499.599701,1497.083862,-4067.967773,523.997925,1631.962524,-4108.254395,520.240479,1465.107910,-4116.971191,534.924194,1589.038452,-4133.473633,499.736359,1497.195068,-4068.344238,524.033325,1631.753418,-4108.221680,2616.293701,1567.745850,-3159.778320,,,,,,,,,,,,,,,,,,,,,,,,,,,,,,,,,
8029,80.290000,0.000000,0.000000,0.000000,1.000000,0.000000,0.000000,0.000000,57.698101,20.499701,-14.700500,0.047771,-0.013570,0.015998,-15.666301,-52.738201,18.801300,-93.396698,0.129960,17.611099,-0.206769,-0.474717,-0.692572,0.502230,519.344238,1545.569580,-4107.250000,519.759399,1464.889282,-4117.731934,534.722107,1588.713989,-4134.022949,499.101288,1496.923462,-4068.484863,523.794006,1631.751709,-4108.760742,519.690918,1464.921875,-4117.467773,534.628052,1588.752075,-4133.965332,499.256012,1497.034424,-4068.908691,523.832092,1631.593506,-4108.726562,2616.262939,1567.753296,-3159.791260,,,,,,,,,,,,,,,,,,,,,,,,,,,,,,,,,
8030,80.300000,0.000000,0.000000,0.000000,1.000000,0.000000,0.000000,0.000000,57.698101,20.499701,-14.700500,0.047771,-0.013570,0.015998,-15.666301,-52.738201,18.801300,-93.396698,0.129960,17.611099,-0.207064,-0.474462,-0.693420,0.501178,518.995178,1545.422607,-4107.747070,519.200256,1464.745972,-4118.263184,534.507568,1588.536865,-4134.491211,498.594696,1496.814575,-4069.016357,523.678040,1631.593140,-4109.217773,519.101562,1464.744751,-4118.023438,534.424561,1588.564453,-4134.348633,498.787384,1496.916504,-4069.445068,523.698853,1631.491333,-4109.241699,2616.288330,1567.720947,-3159.784180,,,,,,,,,,,,,,,,,,,,,,,,,,,,,,,,,
8031,80.310000,0.000000,0.000000,0.000000,1.000000,0.000000,0.000000,0.000000,57.698101,20.499701,-14.700500,0.047771,-0.013570,0.015998,-15.666301,-52.738201,18.801300,-93.396698,0.129960,17.611099,-0.208335,-0.474191,-0.693325,0.501039,518.516541,1545.262451,-4108.318359,518.587097,1464.574707,-4118.750000,534.037964,1588.326782,-4135.137695,498.122620,1496.723999,-4069.497070,523.318420,1631.424683,-4109.888184,518.541504,1464.601440,-4118.518066,533.937195,1588.284790,-4135.100098,498.254669,1496.837158,-4069.883789,523.355530,1631.354004,-4109.831543,2616.293945,1567.732056,-3159.774902,,,,,,,,,,,,,,,,,,,,,,,,,,,,,,,,,
8032,80.320000,0.000000,0.000000,0.000000,1.000000,0.000000,0.000000,0.000000,57.698101,20.499701,-14.700500,0.047771,-0.013570,0.015998,-15.666301,-52.738201,18.801300,-93.396698,0.129960,17.611099,-0.207890,-0.475429,-0.693354,0.500009,518.116089,1545.115356,-4108.853516,518.174194,1464.410278,-4119.150391,533.736206,1588.126709,-4135.700195,497.586487,1496.652466,-4070.009277,522.967468,1631.272339,-4110.553711,518.072571,1464.488770,-4118.930176,533.705261,1588.140381,-4135.618652,497.751221,1496.710205,-4070.352051,522.956970,1631.139404,-4110.556152,2616.298584,1567.710693,-3159.775879,,,,,,,,,,,,,,,,,,,,,,,,,,,,,,,,,
8033,80.330000,0.000000,0.000000,0.000000,1.000000,0.000000,0.000000,0.000000,57.698101,20.499701,-14.700500,0.047771,-0.013570,0.015998,-15.666301,-52.738201,18.801300,-93.396698,0.129960,17.611099,-0.209552,-0.474282,-0.693636,0.500014,517.626953,1544.949829,-4109.406250,517.462402,1464.246826,-4119.719238,533.257629,1587.929932,-4136.296875,497.114136,1496.527100,-4070.503662,522.673523,1631.095581,-4111.106445,517.414612,1464.271851,-4119.508301,533.180237,1587.885620,-4136.273438,497.231079,1496.607300,-4070.836182,522.698669,1631.052856,-4111.051270,2616.305176,1567.761353,-3159.776123,,,,,,,,,,,,,,,,,,,,,,,,,,,,,,,,,
8034,80.340000,0.000000,0.000000,0.000000,1.000000,0.000000,0.000000,0.000000,57.698101,20.499701,-14.700500,0.047771,-0.013570,0.015998,-15.666301,-52.738201,18.801300,-93.396698,0.129960,17.611099,-0.209415,-0.474666,-0.694053,0.499128,517.069885,1544.789185,-4110.019043,516.812317,1464.082764,-4120.302246,532.801514,1587.738159,-4136.900391,496.429626,1496.408691,-4071.131348,522.235962,1630.927368,-4111.743164,516.756958,1464.090332,-4120.078125,532.743103,1587.713623,-4136.907715,496.542877,1496.471191,-4071.456055,522.252747,1630.895386,-4111.670898,2616.281982,1567.762817,-3159.784668,,,,,,,,,,,,,,,,,,,,,,,,,,,,,,,,,
8035,80.350000,0.000000,0.000000,0.000000,1.000000,0.000000,0.000000,0.000000,57.698101,20.499701,-14.700500,0.047771,-0.013570,0.015998,-15.666301,-52.738201,18.801300,-93.396698,0.129960,17.611099,-0.210007,-0.474907,-0.693947,0.498796,516.508362,1544.635986,-4110.611328,516.181763,1463.917847,-4120.800293,532.266663,1587.540894,-4137.547363,495.840729,1496.317749,-4071.660400,521.744141,1630.767944,-4112.437012,516.183960,1463.954224,-4120.529785,532.130005,1587.471069,-4137.632324,495.913879,1496.402344,-4072.034912,521.816345,1630.731812,-4112.287109,2616.258301,1567.764404,-3159.789795,,,,,,,,,,,,,,,,,,,,,,,,,,,,,,,,,
8036,80.360000,0.000000,0.000000,0.000000,1.000000,0.000000,0.000000,0.000000,57.698101,20.499701,-14.700500,0.047771,-0.013570,0.015998,-15.666301,-52.738201,18.801300,-93.396698,0.129960,17.611099,-0.209284,-0.476191,-0.693907,0.497930,515.846191,1544.450073,-4111.312500,515.556030,1463.717041,-4121.384277,531.685059,1587.316406,-4138.262695,495.061279,1496.187500,-4072.354736,521.082336,1630.579468,-4113.248047,515.574707,1463.808960,-4121.078613,531.511841,1587.244385,-4138.354980,495.123901,1496.248413,-4072.754395,521.183716,1630.515137,-4113.094727,2616.302734,1567.736938,-3159.781982,,,,,,,,,,,,,,,,,,,,,,,,,,,,,,,,,
8037,80.370000,0.000000,0.000000,0.000000,1.000000,0.000000,0.000000,0.000000,57.698101,20.499701,-14.700500,0.047771,-0.013570,0.015998,-15.666301,-52.738201,18.801300,-93.396698,0.129960,17.611099,-0.207874,-0.477661,-0.694200,0.496703,515.195435,1544.306641,-4111.968750,514.949707,1463.564819,-4121.971680,531.162720,1587.149048,-4138.881836,494.225342,1496.078735,-4073.067627,520.443848,1630.434204,-4113.954590,514.957520,1463.675049,-4121.638672,530.991028,1587.085205,-4138.969727,494.295105,1496.099609,-4073.481445,520.548035,1630.382202,-4113.812988,2616.298096,1567.750610,-3159.773438,,,,,,,,,,,,,,,,,,,,,,,,,,,,,,,,,
8038,80.380000,0.000000,0.000000,0.000000,1.000000,0.000000,0.000000,0.000000,57.698101,20.499701,-14.700500,0.047771,-0.013570,0.015998,-15.666301,-52.738201,18.801300,-93.396698,0.129960,17.611099,-0.209501,-0.477376,-0.693181,0.497716,514.540649,1544.182495,-4112.615723,514.316162,1463.422974,-4122.474121,530.369873,1586.988892,-4139.666504,493.759888,1496.008057,-4073.546875,519.716675,1630.310303,-4114.774414,514.387512,1463.576904,-4122.155762,530.130127,1586.831665,-4139.826172,493.784210,1496.081665,-4073.944580,519.857910,1630.250977,-4114.558105,2616.313477,1567.756226,-3159.770264,,,,,,,,,,,,,,,,,,,,,,,,,,,,,,,,,
8039,80.390000,0.000000,0.000000,0.000000,1.000000,0.000000,0.000000,0.000000,57.698101,20.499701,-14.700500,0.047771,-0.013570,0.015998,-15.666301,-52.738201,18.801300,-93.396698,0.129960,17.611099,-0.207612,-0.479109,-0.693271,0.496717,513.786865,1544.037964,-4113.330078,513.699951,1463.269775,-4123.120117,529.715149,1586.838013,-4140.332520,492.848633,1495.874878,-4074.331299,518.883667,1630.169312,-4115.534668,513.791016,1463.492676,-4122.733398,529.440430,1586.717407,-4140.521973,492.846893,1495.853394,-4074.731934,519.068604,1630.108398,-4115.325195,2616.307617,1567.710327,-3159.775635,,,,,,,,,,,,,,,,,,,,,,,,,,,,,,,,,
8040,80.400000,0.000000,0.000000,0.000000,1.000000,0.000000,0.000000,0.000000,57.698101,20.499701,-14.700500,0.047771,-0.013570,0.015998,-15.666301,-52.738201,18.801300,-93.396698,0.129960,17.611099,-0.206650,-0.479684,-0.693754,0.495888,513.112976,1543.970703,-4113.968750,513.016602,1463.205322,-4123.782227,529.139526,1586.770752,-4140.913574,492.039215,1495.806641,-4075.044678,518.256531,1630.100220,-4116.135254,513.189697,1463.422852,-4123.321289,528.706238,1586.592896,-4141.220215,491.979065,1495.755493,-4075.495605,518.555481,1630.113281,-4115.835449,2616.322754,1567.743530,-3159.763916,,,,,,,,,,,,,,,,,,,,,,,,,,,,,,,,,
8041,80.410000,0.000000,0.000000,0.000000,1.000000,0.000000,0.000000,0.000000,57.698101,20.499701,-14.700500,0.047771,-0.013570,0.015998,-15.666301,-52.738201,18.801300,-93.396698,0.129960,17.611099,-0.205237,-0.480745,-0.694223,0.494790,512.432800,1543.924561,-4114.593262,512.362549,1463.158447,-4124.400391,528.582336,1586.719482,-4141.472168,491.184021,1495.767578,-4075.755127,517.602295,1630.052979,-4116.744141,512.569641,1463.419800,-4123.908203,528.073547,1586.541382,-4141.773438,491.094025,1495.634644,-4076.210449,517.968018,1630.107910,-4116.470703,2616.287842,1567.735352,-3159.783691,,,,,,,,,,,,,,,,,,,,,,,,,,,,,,,,,
8042,80.420000,0.000000,0.000000,0.000000,1.000000,0.000000,0.000000,0.000000,57.698101,20.499701,-14.700500,0.047771,-0.013570,0.015998,-15.666301,-52.738201,18.801300,-93.396698,0.129960,17.611099,-0.203465,-0.481857,-0.694756,0.493689,511.793091,1543.916748,-4115.181152,511.778656,1463.153320,-4125.010254,528.067932,1586.720459,-4141.970215,490.361694,1495.747070,-4076.459473,516.963989,1630.046143,-4117.283691,512.080627,1463.515259,-4124.424805,527.383179,1586.499512,-4142.355957,490.201263,1495.511353,-4076.955322,517.479919,1630.154663,-4116.964844,2616.266846,1567.747437,-3159.784180,,,,,,,,,,,,,,,,,,,,,,,,,,,,,,,,,
8043,80.430000,0.000000,0.000000,0.000000,1.000000,0.000000,0.000000,0.000000,57.698101,20.499701,-14.700500,0.047771,-0.013570,0.015998,-15.666301,-52.738201,18.801300,-93.396698,0.129960,17.611099,-0.202748,-0.482091,-0.695241,0.493073,511.237274,1543.955811,-4115.718262,511.198456,1463.198364,-4125.596191,527.589600,1586.766724,-4142.449219,489.701385,1495.774780,-4077.069336,516.459534,1630.083740,-4117.758789,511.490417,1463.561646,-4125.032227,526.903442,1586.561157,-4142.773926,489.539795,1495.488281,-4077.549072,516.986755,1630.224365,-4117.499512,2616.285156,1567.786255,-3159.796387,,,,,,,,,,,,,,,,,,,,,,,,,,,,,,,,,
8044,80.440000,0.000000,0.000000,0.000000,1.000000,0.000000,0.000000,0.000000,57.698101,20.499701,-14.700500,0.047771,-0.013570,0.015998,-15.666301,-52.738201,18.801300,-93.396698,0.129960,17.611099,-0.201573,-0.483127,-0.695218,0.492573,510.470581,1543.912720,-4116.397461,510.533691,1463.150391,-4126.234375,526.868896,1586.724609,-4143.098145,488.856201,1495.732178,-4077.791260,515.623474,1630.044067,-4118.464844,510.718414,1463.515991,-4125.702637,526.364380,1586.594116,-4143.279297,488.774780,1495.441406,-4078.257568,516.014038,1630.123169,-4118.316895,2616.297119,1567.768799,-3159.784668,,,,,,,,,,,,,,,,,,,,,,,,,,,,,,,,,
8045,80.450000,0.000000,0.000000,0.000000,1.000000,0.000000,0.000000,0.000000,57.698101,20.499701,-14.700500,0.047771,-0.013570,0.015998,-15.666301,-52.738201,18.801300,-93.396698,0.129960,17.611099,-0.202105,-0.482807,-0.694831,0.493215,509.704956,1543.898682,-4117.116211,509.800903,1463.134399,-4126.937988,526.027344,1586.715576,-4143.855957,488.191681,1495.712158,-4078.461670,514.799744,1630.032837,-4119.210449,509.934906,1463.437012,-4126.442383,525.615662,1586.580688,-4144.043945,488.154999,1495.517212,-4078.925049,515.104004,1630.078491,-4119.033691,2616.257568,1567.755615,-3159.779297,,,,,,,,,,,,,,,,,,,,,,,,,,,,,,,,,
8046,80.460000,0.000000,0.000000,0.000000,1.000000,0.000000,0.000000,0.000000,57.698101,20.499701,-14.700500,0.047771,-0.013570,0.015998,-15.666301,-52.738201,18.801300,-93.396698,0.129960,17.611099,-0.203377,-0.481968,-0.694609,0.493825,508.955414,1543.896484,-4117.802246,508.978790,1463.131592,-4127.619141,525.211609,1586.703613,-4144.597656,487.544678,1495.722778,-4079.074463,514.086487,1630.027954,-4119.917969,509.017517,1463.306274,-4127.181152,524.973145,1586.630249,-4144.782227,487.568207,1495.587158,-4079.508789,514.261841,1630.066528,-4119.737793,2616.267334,1567.725098,-3159.779053,,,,,,,,,,,,,,,,,,,,,,,,,,,,,,,,,
8047,80.470000,0.000000,0.000000,0.000000,1.000000,0.000000,0.000000,0.000000,57.698101,20.499701,-14.700500,0.047771,-0.013570,0.015998,-15.666301,-52.738201,18.801300,-93.396698,0.129960,17.611099,-0.204975,-0.480732,-0.694057,0.495143,508.184662,1543.903687,-4118.474609,508.186646,1463.140259,-4128.303223,524.294067,1586.720215,-4145.343262,486.981506,1495.717407,-4079.647949,513.276428,1630.037354,-4120.603027,508.160065,1463.225342,-4127.979492,524.176392,1586.660156,-4145.442383,487.068787,1495.711182,-4080.035645,513.343262,1630.027832,-4120.462402,2616.289551,1567.752441,-3159.775879,,,,,,,,,,,,,,,,,,,,,,,,,,,,,,,,,
8048,80.480000,0.000000,0.000000,0.000000,1.000000,0.000000,0.000000,0.000000,57.698101,20.499701,-14.700500,0.047771,-0.013570,0.015998,-15.666301,-52.738201,18.801300,-93.396698,0.129960,17.611099,-0.206567,-0.479570,-0.693676,0.496142,507.280701,1543.871826,-4119.211914,507.219025,1463.109131,-4129.046875,523.280090,1586.686646,-4146.149414,486.239838,1495.687622,-4080.295166,512.383789,1630.004395,-4121.356445,507.112030,1463.132202,-4128.850586,523.289612,1586.667358,-4146.128418,486.396271,1495.749756,-4080.593506,512.341919,1629.953857,-4121.312012,2616.253662,1567.759033,-3159.788086,,,,,,,,,,,,,,,,,,,,,,,,,,,,,,,,,
8049,80.490000,0.000000,0.000000,0.000000,1.000000,0.000000,0.000000,0.000000,57.698101,20.499701,-14.700500,0.047771,-0.013570,0.015998,-15.666301,-52.738201,18.801300,-93.396698,0.129960,17.611099,-0.208087,-0.478114,-0.693580,0.497045,506.422272,1543.866577,-4119.944824,506.259155,1463.111816,-4129.843750,522.331909,1586.691406,-4146.919922,485.520874,1495.666382,-4080.972656,511.577179,1629.997192,-4122.043945,506.118591,1463.058350,-4129.726562,522.411377,1586.678101,-4146.839355,485.709778,1495.800659,-4081.213379,511.470032,1629.947388,-4122.032715,2616.267090,1567.793945,-3159.804688,,,,,,,,,,,,,,,,,,,,,,,,,,,,,,,,,
8050,80.500000,0.000000,0.000000,0.000000,1.000000,0.000000,0.000000,0.000000,57.698101,20.499701,-14.700500,0.047771,-0.013570,0.015998,-15.666301,-52.738201,18.801300,-93.396698,0.129960,17.611099,-0.207690,-0.478034,-0.693760,0.497037,505.490601,1543.851074,-4120.719238,505.345520,1463.102905,-4130.672363,521.408447,1586.696533,-4147.656250,484.575134,1495.621216,-4081.791504,510.633240,1629.983765,-4122.757324,505.167236,1463.068359,-4130.547852,521.540466,1586.695190,-4147.570801,484.803986,1495.781494,-4082.049316,510.473480,1629.879883,-4122.743164,2616.262695,1567.765015,-3159.783691,,,,,,,,,,,,,,,,,,,,,,,,,,,,,,,,,
8051,80.510000,0.000000,0.000000,0.000000,1.000000,0.000000,0.000000,0.000000,57.698101,20.499701,-14.700500,0.047771,-0.013570,0.015998,-15.666301,-52.738201,18.801300,-93.396698,0.129960,17.611099,-0.207112,-0.478398,-0.694046,0.496528,504.496918,1543.839355,-4121.510742,504.346252,1463.092529,-4131.475098,520.474792,1586.683716,-4148.414062,483.498688,1495.610474,-4082.626465,509.667999,1629.970825,-4123.528320,504.155762,1463.075928,-4131.337402,520.604736,1586.702759,-4148.302246,483.737305,1495.739380,-4082.896729,509.514404,1629.856567,-4123.542969,2616.277100,1567.734253,-3159.773438,,,,,,,,,,,,,,,,,,,,,,,,,,,,,,,,,
8052,80.520000,0.000000,0.000000,0.000000,1.000000,0.000000,0.000000,0.000000,57.698101,20.499701,-14.700500,0.047771,-0.013570,0.015998,-15.666301,-52.738201,18.801300,-93.396698,0.129960,17.611099,-0.207163,-0.477886,-0.694462,0.496419,503.491943,1543.832520,-4122.326660,503.271576,1463.096069,-4132.372559,519.496948,1586.690918,-4149.191406,482.465698,1495.581665,-4083.484619,508.733459,1629.961670,-4124.258789,503.098358,1463.035156,-4132.234863,519.632690,1586.706055,-4149.155762,482.674805,1495.725342,-4083.730713,508.576996,1629.879028,-4124.213379,2616.307373,1567.722900,-3159.769043,,,,,,,,,,,,,,,,,,,,,,,,,,,,,,,,,
8053,80.530000,0.000000,0.000000,0.000000,1.000000,0.000000,0.000000,0.000000,57.698101,20.499701,-14.700500,0.047771,-0.013570,0.015998,-15.666301,-52.738201,18.801300,-93.396698,0.129960,17.611099,-0.208443,-0.477019,-0.694120,0.497194,502.496246,1543.859375,-4123.106445,502.227142,1463.122192,-4133.145508,518.413635,1586.713135,-4150.030273,481.598907,1495.614746,-4084.187012,507.745209,1629.987549,-4125.062988,502.088898,1463.078247,-4133.002441,518.500610,1586.686401,-4150.011719,481.801544,1495.817993,-4084.472168,507.614502,1629.887085,-4124.982910,2616.301025,1567.730103,-3159.768066,,,,,,,,,,,,,,,,,,,,,,,,,,,,,,,,,
8054,80.540000,0.000000,0.000000,0.000000,1.000000,0.000000,0.000000,0.000000,57.698101,20.499701,-14.700500,0.047771,-0.013570,0.015998,-15.666301,-52.738201,18.801300,-93.396698,0.129960,17.611099,-0.207176,-0.478319,-0.694342,0.496164,501.391113,1543.931274,-4123.974121,501.171478,1463.186401,-4133.952637,517.415283,1586.766113,-4150.865234,480.338104,1495.714233,-4085.104492,506.639526,1630.058350,-4125.975098,501.091125,1463.183228,-4133.770508,517.405884,1586.733276,-4150.859375,480.513214,1495.953979,-4085.461670,506.585785,1629.901123,-4125.867676,2616.276855,1567.740845,-3159.784912,,,,,,,,,,,,,,,,,,,,,,,,,,,,,,,,,
8055,80.550000,0.000000,0.000000,0.000000,1.000000,0.000000,0.000000,0.000000,57.698101,20.499701,-14.700500,0.047771,-0.013570,0.015998,-15.666301,-52.738201,18.801300,-93.396698,0.129960,17.611099,-0.208393,-0.476999,-0.694590,0.496577,500.336060,1544.021484,-4124.756348,499.971588,1463.287476,-4134.816895,516.331055,1586.862061,-4151.655273,479.344208,1495.793335,-4085.867432,505.697296,1630.143433,-4126.685547,499.980133,1463.249023,-4134.643555,516.197144,1586.750488,-4151.677246,479.467285,1496.159058,-4086.276611,505.728485,1630.004761,-4126.513672,2616.278320,1567.757935,-3159.789062,,,,,,,,,,,,,,,,,,,,,,,,,,,,,,,,,
8056,80.560000,0.000000,0.000000,0.000000,1.000000,0.000000,0.000000,0.000000,57.698101,20.499701,-14.700500,0.047771,-0.013570,0.015998,-15.666301,-52.738201,18.801300,-93.396698,0.129960,17.611099,-0.208159,-0.476694,-0.694694,0.496822,499.260376,1544.013916,-4125.590332,498.921173,1463.288330,-4135.720215,515.236511,1586.882812,-4152.455566,478.291199,1495.745361,-4086.739014,504.592529,1630.139160,-4127.446777,498.882935,1463.326294,-4135.569336,515.189087,1586.833252,-4152.447754,478.406158,1495.920532,-4087.020996,504.582642,1630.003052,-4127.362305,2616.266357,1567.735352,-3159.784424,,,,,,,,,,,,,,,,,,,,,,,,,,,,,,,,,
8057,80.570000,0.000000,0.000000,0.000000,1.000000,0.000000,0.000000,0.000000,57.698101,20.499701,-14.700500,0.047771,-0.013570,0.015998,-15.666301,-52.738201,18.801300,-93.396698,0.129960,17.611099,-0.207146,-0.477093,-0.694902,0.496572,498.245392,1544.036377,-4126.369629,497.974457,1463.316162,-4136.544434,514.253845,1586.929199,-4153.176758,477.221527,1495.734619,-4087.589355,503.531647,1630.165771,-4128.166992,497.878998,1463.403687,-4136.287598,514.205139,1586.901367,-4153.128906,477.379700,1495.750366,-4087.959229,503.537659,1630.109009,-4128.143555,2616.291260,1567.766113,-3159.776855,,,,,,,,,,,,,,,,,,,,,,,,,,,,,,,,,
8058,80.580000,0.000000,0.000000,0.000000,1.000000,0.000000,0.000000,0.000000,57.698101,20.499701,-14.700500,0.047771,-0.013570,0.015998,-15.666301,-52.738201,18.801300,-93.396698,0.129960,17.611099,-0.205572,-0.477946,-0.695049,0.496200,497.167908,1544.037476,-4127.175293,497.028351,1463.320679,-4137.379883,513.217651,1586.959106,-4153.912109,476.067963,1495.696411,-4088.485352,502.357666,1630.173706,-4128.923828,496.950439,1463.428345,-4137.066406,513.129517,1586.925415,-4153.896484,476.213715,1495.684326,-4088.904785,502.397064,1630.129272,-4128.875977,2616.284424,1567.766235,-3159.781982,,,,,,,,,,,,,,,,,,,,,,,,,,,,,,,,,
8059,80.590000,0.000000,0.000000,0.000000,1.000000,0.000000,0.000000,0.000000,57.698101,20.499701,-14.700500,0.047771,-0.013570,0.015998,-15.666301,-52.738201,18.801300,-93.396698,0.129960,17.611099,-0.204002,-0.479002,-0.695386,0.495357,496.196198,1544.098267,-4127.937500,496.133881,1463.382202,-4138.147949,512.338989,1587.028564,-4154.604004,474.955688,1495.745605,-4089.338867,501.356232,1630.236816,-4129.658203,496.135437,1463.477417,-4137.724121,512.140076,1587.005859,-4154.729980,475.020935,1495.671387,-4089.808105,501.496124,1630.239624,-4129.506836,2616.263916,1567.756836,-3159.788818,,,,,,,,,,,,,,,,,,,,,,,,,,,,,,,,,
8060,80.600000,0.000000,0.000000,0.000000,1.000000,0.000000,0.000000,0.000000,57.698101,20.499701,-14.700500,0.047771,-0.013570,0.015998,-15.666301,-52.738201,18.801300,-93.396698,0.129960,17.611099,-0.204084,-0.478942,-0.695759,0.494858,495.323486,1544.258301,-4128.589844,495.171600,1463.544067,-4138.812988,511.528564,1587.174072,-4155.242188,474.008820,1495.924438,-4090.008301,500.584839,1630.391113,-4130.294922,495.316772,1463.504272,-4138.497070,511.138733,1586.994263,-4155.457520,473.980591,1496.061401,-4090.434082,500.834290,1630.471191,-4130.003418,2616.275635,1567.762939,-3159.791748,,,,,,,,,,,,,,,,,,,,,,,,,,,,,,,,,
8061,80.610000,0.000000,0.000000,0.000000,1.000000,0.000000,0.000000,0.000000,57.698101,20.499701,-14.700500,0.047771,-0.013570,0.015998,-15.666301,-52.738201,18.801300,-93.396698,0.129960,17.611099,-0.202510,-0.479493,-0.696641,0.493728,494.418457,1544.298462,-4129.281738,494.252014,1463.596191,-4139.600098,510.765198,1587.233643,-4155.815430,472.908539,1495.934570,-4090.846436,499.747955,1630.429443,-4130.863770,494.485931,1463.568359,-4139.250977,510.230957,1587.009888,-4156.156738,472.790009,1495.941650,-4091.211426,500.135590,1630.664307,-4130.508789,2616.294922,1567.762451,-3159.784180,,,,,,,,,,,,,,,,,,,,,,,,,,,,,,,,,
8062,80.620000,0.000000,0.000000,0.000000,1.000000,0.000000,0.000000,0.000000,57.698101,20.499701,-14.700500,0.047771,-0.013570,0.015998,-15.666301,-52.738201,18.801300,-93.396698,0.129960,17.611099,-0.200532,-0.480866,-0.696690,0.493131,493.572601,1544.325439,-4129.924805,493.581665,1463.621582,-4140.230957,509.976440,1587.282471,-4156.388184,471.958191,1495.933716,-4091.583740,498.774048,1630.464478,-4131.495605,493.806824,1463.714844,-4139.805176,509.406555,1587.065063,-4156.714844,471.837097,1495.804443,-4092.007080,499.199554,1630.706787,-4131.189941,2616.287109,1567.763672,-3159.789795,,,,,,,,,,,,,,,,,,,,,,,,,,,,,,,,,
8063,80.630000,0.000000,0.000000,0.000000,1.000000,0.000000,0.000000,0.000000,57.698101,20.499701,-14.700500,0.047771,-0.013570,0.015998,-15.666301,-52.738201,18.801300,-93.396698,0.129960,17.611099,-0.198330,-0.482519,-0.696716,0.492370,492.710938,1544.337891,-4130.572754,492.912720,1463.630005,-4140.845215,509.185791,1587.311768,-4156.964844,470.970184,1495.925171,-4092.330078,497.775055,1630.484985,-4132.151367,493.075928,1463.774170,-4140.382324,508.706696,1587.167358,-4157.218750,470.893738,1495.726562,-4092.786865,498.142883,1630.673096,-4131.919922,2616.262207,1567.729736,-3159.785400,,,,,,,,,,,,,,,,,,,,,,,,,,,,,,,,,
8064,80.640000,0.000000,0.000000,0.000000,1.000000,0.000000,0.000000,0.000000,57.698101,20.499701,-14.700500,0.047771,-0.013570,0.015998,-15.666301,-52.738201,18.801300,-93.396698,0.129960,17.611099,-0.199040,-0.481942,-0.696392,0.493105,491.834564,1544.343384,-4131.245605,492.046234,1463.636353,-4141.525879,508.227692,1587.326538,-4157.673340,470.206207,1495.918213,-4092.954590,496.857971,1630.492676,-4132.828613,492.103851,1463.750488,-4141.086914,507.929382,1587.225342,-4157.848633,470.223907,1495.786133,-4093.422363,497.076965,1630.603638,-4132.641602,2616.325195,1567.729614,-3159.768799,,,,,,,,,,,,,,,,,,,,,,,,,,,,,,,,,
8065,80.650000,0.000000,0.000000,0.000000,1.000000,0.000000,0.000000,0.000000,57.698101,20.499701,-14.700500,0.047771,-0.013570,0.015998,-15.666301,-52.738201,18.801300,-93.396698,0.129960,17.611099,-0.199350,-0.481642,-0.696228,0.493505,490.865417,1544.332153,-4131.937012,491.089325,1463.626343,-4142.226562,507.214417,1587.323242,-4158.378906,469.296844,1495.896118,-4093.625977,495.860962,1630.483154,-4133.516113,491.039612,1463.743042,-4141.863770,507.099274,1587.288330,-4158.456543,469.398132,1495.818726,-4094.034180,495.934540,1630.483765,-4133.411621,2616.286621,1567.726562,-3159.766113,,,,,,,,,,,,,,,,,,,,,,,,,,,,,,,,,
8066,80.660000,0.000000,0.000000,0.000000,1.000000,0.000000,0.000000,0.000000,57.698101,20.499701,-14.700500,0.047771,-0.013570,0.015998,-15.666301,-52.738201,18.801300,-93.396698,0.129960,17.611099,-0.199770,-0.481498,-0.695783,0.494103,489.760529,1544.252808,-4132.671875,490.034515,1463.543091,-4142.929199,506.035614,1587.246338,-4159.155273,468.287872,1495.814819,-4094.309814,494.684021,1630.407104,-4134.292969,489.922516,1463.709839,-4142.581543,506.001709,1587.242188,-4159.195801,468.440979,1495.761719,-4094.707520,494.690063,1630.318970,-4134.216797,2616.303223,1567.752441,-3159.771240,,,,,,,,,,,,,,,,,,,,,,,,,,,,,,,,,
8067,80.670000,0.000000,0.000000,0.000000,1.000000,0.000000,0.000000,0.000000,57.698101,20.499701,-14.700500,0.047771,-0.013570,0.015998,-15.666301,-52.738201,18.801300,-93.396698,0.129960,17.611099,-0.201773,-0.479427,-0.695948,0.495070,488.517303,1544.125610,-4133.475098,488.605560,1463.430542,-4143.850098,504.709076,1587.131958,-4159.989258,467.187195,1495.665649,-4095.061279,493.567383,1630.274414,-4135.000000,488.469208,1463.464600,-4143.588379,504.722534,1587.155151,-4159.981934,467.372040,1495.708130,-4095.421875,493.523621,1630.185791,-4134.948242,2616.299561,1567.755005,-3159.780029,,,,,,,,,,,,,,,,,,,,,,,,,,,,,,,,,
8068,80.680000,0.000000,0.000000,0.000000,1.000000,0.000000,0.000000,0.000000,57.698101,20.499701,-14.700500,0.047771,-0.013570,0.015998,-15.666301,-52.738201,18.801300,-93.396698,0.129960,17.611099,-0.202581,-0.478442,-0.695882,0.495786,487.179077,1543.964722,-4134.328125,487.229126,1463.277954,-4144.767578,503.300903,1586.990479,-4160.853516,465.951721,1495.476562,-4095.892822,492.234406,1630.114258,-4135.798828,487.122711,1463.328125,-4144.511230,503.298340,1587.038696,-4160.874023,466.097198,1495.516113,-4096.217773,492.209534,1629.982422,-4135.730957,2616.273193,1567.754272,-3159.783203,,,,,,,,,,,,,,,,,,,,,,,,,,,,,,,,,
8069,80.690000,0.000000,0.000000,0.000000,1.000000,0.000000,0.000000,0.000000,57.698101,20.499701,-14.700500,0.047771,-0.013570,0.015998,-15.666301,-52.738201,18.801300,-93.396698,0.129960,17.611099,-0.203431,-0.476732,-0.696632,0.496031,485.795441,1543.787231,-4135.184570,485.661865,1463.125366,-4145.813965,501.925049,1586.844604,-4161.653809,464.583374,1495.249146,-4096.804199,491.011414,1629.930176,-4136.466797,485.565277,1463.124146,-4145.608887,501.926727,1586.927368,-4161.649414,464.708740,1495.291748,-4097.066895,490.988770,1629.806885,-4136.430176,2616.289307,1567.755981,-3159.782715,,,,,,,,,,,,,,,,,,,,,,,,,,,,,,,,,
8070,80.700000,0.000000,0.000000,0.000000,1.000000,0.000000,0.000000,0.000000,57.698101,20.499701,-14.700500,0.047771,-0.013570,0.015998,-15.666301,-52.738201,18.801300,-93.396698,0.129960,17.611099,-0.204125,-0.475418,-0.697562,0.495699,484.374512,1543.568726,-4135.996582,484.015930,1462.927734,-4146.778320,500.573639,1586.634399,-4162.409180,463.097534,1495.012939,-4097.673828,489.810883,1629.700195,-4137.124023,483.953369,1462.899414,-4146.549316,500.523254,1586.732910,-4162.426758,463.181610,1494.994385,-4097.934082,489.842834,1629.645386,-4137.085449,2616.303955,1567.758423,-3159.778076,,,,,,,,,,,,,,,,,,,,,,,,,,,,,,,,,
8071,80.710000,0.000000,0.000000,0.000000,1.000000,0.000000,0.000000,0.000000,57.698101,20.499701,-14.700500,0.047771,-0.013570,0.015998,-15.666301,-52.738201,18.801300,-93.396698,0.129960,17.611099,-0.203617,-0.475677,-0.697863,0.495237,483.066345,1543.412109,-4136.747559,482.695679,1462.773804,-4147.549316,499.321014,1586.478394,-4163.125000,461.713715,1494.854614,-4098.469238,488.534943,1629.541870,-4137.846191,482.777374,1462.858887,-4147.210938,499.044922,1586.446411,-4163.273926,461.701233,1494.810669,-4098.825684,488.736572,1629.534058,-4137.685059,2616.312012,1567.747314,-3159.765137,,,,,,,,,,,,,,,,,,,,,,,,,,,,,,,,,
8072,80.720000,0.000000,0.000000,0.000000,1.000000,0.000000,0.000000,0.000000,57.698101,20.499701,-14.700500,0.047771,-0.013570,0.015998,-15.666301,-52.738201,18.801300,-93.396698,0.129960,17.611099,-0.202844,-0.475649,-0.698778,0.494289,481.819824,1543.301392,-4137.456543,481.353119,1462.677734,-4148.363281,498.200500,1586.377075,-4163.740723,460.305267,1494.726807,-4099.291016,487.420410,1629.424072,-4138.431152,481.425018,1462.672852,-4148.080566,497.940643,1586.307129,-4163.857910,460.297546,1494.690186,-4099.614258,487.612946,1629.533081,-4138.284180,2616.274414,1567.719604,-3159.769775,,,,,,,,,,,,,,,,,,,,,,,,,,,,,,,,,
8073,80.730000,0.000000,0.000000,0.000000,1.000000,0.000000,0.000000,0.000000,57.698101,20.499701,-14.700500,0.047771,-0.013570,0.015998,-15.666301,-52.738201,18.801300,-93.396698,0.129960,17.611099,-0.199837,-0.477477,-0.700138,0.491820,480.689575,1543.271484,-4138.054199,480.224030,1462.656128,-4149.021973,497.355103,1586.346069,-4164.161133,458.777924,1494.695923,-4100.116699,486.401215,1629.388184,-4138.917480,480.425232,1462.684814,-4148.596680,496.828613,1586.170654,-4164.453613,458.673096,1494.565308,-4100.546387,486.821289,1629.671997,-4138.621582,2616.306641,1567.736938,-3159.770264,,,,,,,,,,,,,,,,,,,,,,,,,,,,,,,,,
8074,80.740000,0.000000,0.000000,0.000000,1.000000,0.000000,0.000000,0.000000,57.698101,20.499701,-14.700500,0.047771,-0.013570,0.015998,-15.666301,-52.738201,18.801300,-93.396698,0.129960,17.611099,-0.196496,-0.480405,-0.700430,0.489897,479.725555,1543.394043,-4138.465332,479.475189,1462.764038,-4149.331543,496.579407,1586.457886,-4164.468750,457.520874,1494.837402,-4100.674316,485.326721,1629.517456,-4139.387207,479.667206,1462.838379,-4148.918457,496.082977,1586.276733,-4164.783203,457.424957,1494.733032,-4101.085938,485.696869,1629.719849,-4139.088867,2616.270996,1567.755859,-3159.782471,,,,,,,,,,,,,,,,,,,,,,,,,,,,,,,,,
8075,80.750000,0.000000,0.000000,0.000000,1.000000,0.000000,0.000000,0.000000,57.698101,20.499701,-14.700500,0.047771,-0.013570,0.015998,-15.666301,-52.738201,18.801300,-93.396698,0.129960,17.611099,-0.194331,-0.483342,-0.699544,0.489136,478.564392,1543.572632,-4139.012695,478.626526,1462.908569,-4149.626465,495.451263,1586.605957,-4165.045410,456.269104,1495.067139,-4101.208984,483.910522,1629.709351,-4140.170410,478.737335,1463.010864,-4149.359863,495.147064,1586.396851,-4165.207031,456.294312,1495.314941,-4101.630371,484.068329,1629.587891,-4139.908691,2616.296387,1567.761719,-3159.778809,,,,,,,,,,,,,,,,,,,,,,,,,,,,,,,,,
8076,80.760000,0.000000,0.000000,0.000000,1.000000,0.000000,0.000000,0.000000,57.698101,20.499701,-14.700500,0.047771,-0.013570,0.015998,-15.666301,-52.738201,18.801300,-93.396698,0.129960,17.611099,-0.196480,-0.481515,-0.698694,0.491290,477.464050,1543.723755,-4139.443359,477.534821,1463.064697,-4150.095215,494.117462,1586.786865,-4165.576660,455.493042,1495.177002,-4101.502930,482.710815,1629.866455,-4140.598633,477.549255,1463.119629,-4149.972168,494.022980,1586.569214,-4165.646973,455.601074,1495.530273,-4101.816406,482.696899,1629.720703,-4140.393555,2616.282715,1567.737305,-3159.782227,,,,,,,,,,,,,,,,,,,,,,,,,,,,,,,,,
8077,80.770000,0.000000,0.000000,0.000000,1.000000,0.000000,0.000000,0.000000,57.698101,20.499701,-14.700500,0.047771,-0.013570,0.015998,-15.666301,-52.738201,18.801300,-93.396698,0.129960,17.611099,-0.198118,-0.479444,-0.698390,0.493087,476.077271,1543.808594,-4140.081055,476.115631,1463.167847,-4150.869629,492.551208,1586.923096,-4166.243164,454.360962,1495.188354,-4102.087891,481.281158,1629.955444,-4141.122559,475.993073,1463.252197,-4150.780762,492.655945,1586.778198,-4166.209473,454.578308,1495.470703,-4102.341797,481.106934,1629.769531,-4141.029297,2616.274902,1567.776489,-3159.785889,,,,,,,,,,,,,,,,,,,,,,,,,,,,,,,,,
8078,80.780000,0.000000,0.000000,0.000000,1.000000,0.000000,0.000000,0.000000,57.698101,20.499701,-14.700500,0.047771,-0.013570,0.015998,-15.666301,-52.738201,18.801300,-93.396698,0.129960,17.611099,-0.196482,-0.479512,-0.699060,0.492725,474.487305,1543.858154,-4140.869629,474.592468,1463.239258,-4151.821289,491.020081,1587.032471,-4166.895996,452.679535,1495.152100,-4103.039551,479.657043,1630.009155,-4141.721680,474.430481,1463.321777,-4151.638672,491.123108,1587.042603,-4166.887695,452.864227,1495.208374,-4103.287109,479.532684,1629.868408,-4141.680176,2616.283447,1567.767456,-3159.792725,,,,,,,,,,,,,,,,,,,,,,,,,,,,,,,,,
8079,80.790000,0.000000,0.000000,0.000000,1.000000,0.000000,0.000000,0.000000,57.698101,20.499701,-14.700500,0.047771,-0.013570,0.015998,-15.666301,-52.738201,18.801300,-93.396698,0.129960,17.611099,-0.194764,-0.480760,-0.699227,0.491953,472.765808,1543.956055,-4141.697266,472.991730,1463.335205,-4152.632324,489.375336,1587.140015,-4167.658203,450.833893,1495.237671,-4103.954590,477.862183,1630.111450,-4142.543945,472.896393,1463.391846,-4152.386230,489.343414,1587.152588,-4167.651367,451.011017,1495.374023,-4104.336914,477.842621,1629.930054,-4142.468262,2616.284180,1567.725342,-3159.779541,,,,,,,,,,,,,,,,,,,,,,,,,,,,,,,,,
8080,80.800000,0.000000,0.000000,0.000000,1.000000,0.000000,0.000000,0.000000,57.698101,20.499701,-14.700500,0.047771,-0.013570,0.015998,-15.666301,-52.738201,18.801300,-93.396698,0.129960,17.611099,-0.195504,-0.479500,-0.700069,0.491692,471.172485,1544.055542,-4142.543457,471.186554,1463.453613,-4153.618652,487.841492,1587.244873,-4168.457520,449.187805,1495.324219,-4104.848145,476.474030,1630.199951,-4143.248535,471.240997,1463.377197,-4153.353516,487.590759,1587.194702,-4168.537598,449.241211,1495.506958,-4105.262207,476.620361,1630.167114,-4143.075684,2616.306396,1567.718262,-3159.769531,,,,,,,,,,,,,,,,,,,,,,,,,,,,,,,,,
8081,80.810000,0.000000,0.000000,0.000000,1.000000,0.000000,0.000000,0.000000,57.698101,20.499701,-14.700500,0.047771,-0.013570,0.015998,-15.666301,-52.738201,18.801300,-93.396698,0.129960,17.611099,-0.196264,-0.478326,-0.700083,0.492513,469.648346,1544.092163,-4143.292969,469.624878,1463.503906,-4154.467773,486.241852,1587.312500,-4169.203613,447.774200,1495.315552,-4105.592285,474.952301,1630.236938,-4143.908203,469.726349,1463.474487,-4154.154785,485.900696,1587.183960,-4169.348633,447.776642,1495.389526,-4106.000977,475.175598,1630.319458,-4143.694824,2616.294678,1567.774658,-3159.774902,,,,,,,,,,,,,,,,,,,,,,,,,,,,,,,,,
8082,80.820000,0.000000,0.000000,0.000000,1.000000,0.000000,0.000000,0.000000,57.698101,20.499701,-14.700500,0.047771,-0.013570,0.015998,-15.666301,-52.738201,18.801300,-93.396698,0.129960,17.611099,-0.196892,-0.476743,-0.701095,0.492358,468.229523,1544.220947,-4144.052246,467.988464,1463.661133,-4155.428223,484.879364,1587.465576,-4169.886230,446.307831,1495.403320,-4106.432129,473.742371,1630.353882,-4144.461426,468.171082,1463.597778,-4155.092285,484.414246,1587.231201,-4170.177734,446.235565,1495.438110,-4106.816895,474.071899,1630.611084,-4144.124023,2616.271729,1567.766968,-3159.789795,,,,,,,,,,,,,,,,,,,,,,,,,,,,,,,,,
8083,80.830000,0.000000,0.000000,0.000000,1.000000,0.000000,0.000000,0.000000,57.698101,20.499701,-14.700500,0.047771,-0.013570,0.015998,-15.666301,-52.738201,18.801300,-93.396698,0.129960,17.611099,-0.195686,-0.477382,-0.701599,0.491500,466.865723,1544.459229,-4144.711914,466.638519,1463.904541,-4156.124023,483.614563,1587.710083,-4170.471680,444.804077,1495.631836,-4107.187012,472.405640,1630.590698,-4145.065430,466.790283,1463.897461,-4155.802734,483.242371,1587.517578,-4170.772949,444.734222,1495.604614,-4107.517090,472.682434,1630.815674,-4144.756348,2616.279785,1567.743774,-3159.784912,,,,,,,,,,,,,,,,,,,,,,,,,,,,,,,,,
8084,80.840000,0.000000,0.000000,0.000000,1.000000,0.000000,0.000000,0.000000,57.698101,20.499701,-14.700500,0.047771,-0.013570,0.015998,-15.666301,-52.738201,18.801300,-93.396698,0.129960,17.611099,-0.193165,-0.479571,-0.701184,0.490958,465.658569,1544.771118,-4145.304199,465.734711,1464.202515,-4156.620117,482.437012,1588.039795,-4171.014160,443.512573,1495.924438,-4107.854004,470.949951,1630.917847,-4145.728516,465.851654,1464.253296,-4156.245605,482.118927,1587.958618,-4171.307617,443.456482,1495.826782,-4108.202148,471.198730,1631.044189,-4145.464355,2616.317627,1567.747803,-3159.765381,,,,,,,,,,,,,,,,,,,,,,,,,,,,,,,,,
8085,80.850000,0.000000,0.000000,0.000000,1.000000,0.000000,0.000000,0.000000,57.698101,20.499701,-14.700500,0.047771,-0.013570,0.015998,-15.666301,-52.738201,18.801300,-93.396698,0.129960,17.611099,-0.191253,-0.481719,-0.700169,0.491052,464.575714,1545.080200,-4145.861816,465.005829,1464.489380,-4157.009277,481.300842,1588.359131,-4171.589355,442.453583,1496.227173,-4108.405762,469.542542,1631.245361,-4146.442383,464.898560,1464.497559,-4156.732422,481.280853,1588.469971,-4171.618652,442.569763,1496.152588,-4108.695312,469.555817,1631.193359,-4146.406738,2616.322998,1567.737915,-3159.770508,,,,,,,,,,,,,,,,,,,,,,,,,,,,,,,,,
8086,80.860000,0.000000,0.000000,0.000000,1.000000,0.000000,0.000000,0.000000,57.698101,20.499701,-14.700500,0.047771,-0.013570,0.015998,-15.666301,-52.738201,18.801300,-93.396698,0.129960,17.611099,-0.191006,-0.482449,-0.698998,0.492100,463.366516,1545.294189,-4146.540039,464.044891,1464.688354,-4157.566406,479.945740,1588.586426,-4172.339355,441.412354,1496.428589,-4109.001465,468.062927,1631.473511,-4147.252441,463.898163,1464.756348,-4157.279785,479.945831,1588.620483,-4172.323242,441.609070,1496.445312,-4109.381836,468.032471,1631.365967,-4147.215332,2616.319092,1567.774658,-3159.779541,,,,,,,,,,,,,,,,,,,,,,,,,,,,,,,,,
8087,80.870000,0.000000,0.000000,0.000000,1.000000,0.000000,0.000000,0.000000,57.698101,20.499701,-14.700500,0.047771,-0.013570,0.015998,-15.666301,-52.738201,18.801300,-93.396698,0.129960,17.611099,-0.190505,-0.482713,-0.698620,0.492571,461.912323,1545.376221,-4147.390137,462.724915,1464.770874,-4158.411621,478.431000,1588.693604,-4173.186523,440.023529,1496.477539,-4109.856445,466.469818,1631.562988,-4148.106445,462.494934,1464.877197,-4158.207031,478.542450,1588.712524,-4173.050293,440.301147,1496.525635,-4110.185059,466.331879,1631.403931,-4148.157227,2616.287109,1567.744263,-3159.784912,,,,,,,,,,,,,,,,,,,,,,,,,,,,,,,,,
8088,80.880000,0.000000,0.000000,0.000000,1.000000,0.000000,0.000000,0.000000,57.698101,20.499701,-14.700500,0.047771,-0.013570,0.015998,-15.666301,-52.738201,18.801300,-93.396698,0.129960,17.611099,-0.191039,-0.482159,-0.698381,0.493245,460.501465,1545.437866,-4148.243652,461.327789,1464.835938,-4159.288574,476.948151,1588.769775,-4174.061523,438.711060,1496.518921,-4110.678711,465.018768,1631.626831,-4148.945312,461.112030,1465.001953,-4159.106934,477.053253,1588.739258,-4173.914551,438.981201,1496.589966,-4110.991211,464.876892,1631.440796,-4148.998047,2616.290771,1567.732178,-3159.776367,,,,,,,,,,,,,,,,,,,,,,,,,,,,,,,,,
8089,80.890000,0.000000,0.000000,0.000000,1.000000,0.000000,0.000000,0.000000,57.698101,20.499701,-14.700500,0.047771,-0.013570,0.015998,-15.666301,-52.738201,18.801300,-93.396698,0.129960,17.611099,-0.195036,-0.478660,-0.698476,0.494951,459.083832,1545.448486,-4149.142090,459.557892,1464.863525,-4160.330078,475.380951,1588.776733,-4175.061035,437.552032,1496.529053,-4111.429688,463.844360,1631.625122,-4149.748047,459.535461,1465.039062,-4160.086914,475.291565,1588.636475,-4175.135254,437.663422,1496.672119,-4111.783203,463.860260,1631.480835,-4149.594238,2616.298340,1567.735107,-3159.771973,,,,,,,,,,,,,,,,,,,,,,,,,,,,,,,,,
8090,80.900000,0.000000,0.000000,0.000000,1.000000,0.000000,0.000000,0.000000,57.698101,20.499701,-14.700500,0.047771,-0.013570,0.015998,-15.666301,-52.738201,18.801300,-93.396698,0.129960,17.611099,-0.194897,-0.478452,-0.699216,0.494162,457.630310,1545.463745,-4150.059570,457.972443,1464.887329,-4161.313965,474.031342,1588.784180,-4175.925781,435.972473,1496.551514,-4112.410156,462.544922,1631.632324,-4150.588867,457.999664,1465.111694,-4160.969238,473.841461,1588.687744,-4176.043945,436.037476,1496.616821,-4112.819336,462.655548,1631.472046,-4150.416504,2616.300537,1567.744751,-3159.781738,,,,,,,,,,,,,,,,,,,,,,,,,,,,,,,,,
8091,80.910000,0.000000,0.000000,0.000000,1.000000,0.000000,0.000000,0.000000,57.698101,20.499701,-14.700500,0.047771,-0.013570,0.015998,-15.666301,-52.738201,18.801300,-93.396698,0.129960,17.611099,-0.195979,-0.477687,-0.699411,0.494198,456.183777,1545.508911,-4151.047363,456.381805,1464.934204,-4162.318359,472.591156,1588.810181,-4176.941406,434.537628,1496.620972,-4113.358887,461.224518,1631.670166,-4151.570312,456.471191,1465.121704,-4161.937988,472.288422,1588.670410,-4177.108398,434.559662,1496.681274,-4113.805176,461.413239,1631.579590,-4151.353516,2616.327393,1567.722046,-3159.756836,,,,,,,,,,,,,,,,,,,,,,,,,,,,,,,,,
8092,80.920000,0.000000,0.000000,0.000000,1.000000,0.000000,0.000000,0.000000,57.698101,20.499701,-14.700500,0.047771,-0.013570,0.015998,-15.666301,-52.738201,18.801300,-93.396698,0.129960,17.611099,-0.197901,-0.475883,-0.699837,0.494569,454.836212,1545.585815,-4151.967285,454.784515,1465.024292,-4163.333496,471.228729,1588.877686,-4177.886719,433.246216,1496.706665,-4114.235352,460.085358,1631.735107,-4152.413086,454.868530,1465.061890,-4162.989258,470.899323,1588.718262,-4178.021973,433.266296,1496.741211,-4114.677246,460.296021,1631.817261,-4152.213379,2616.282471,1567.756592,-3159.772217,,,,,,,,,,,,,,,,,,,,,,,,,,,,,,,,,
8093,80.930000,0.000000,0.000000,0.000000,1.000000,0.000000,0.000000,0.000000,57.698101,20.499701,-14.700500,0.047771,-0.013570,0.015998,-15.666301,-52.738201,18.801300,-93.396698,0.129960,17.611099,-0.198121,-0.475453,-0.700732,0.493627,453.565796,1545.677246,-4152.905273,453.311859,1465.126099,-4164.341309,470.083527,1588.948975,-4178.779297,431.830048,1496.821411,-4115.227539,459.037720,1631.812988,-4153.273926,453.434967,1465.074463,-4164.018066,469.702911,1588.808716,-4178.942871,431.792664,1496.782593,-4115.606445,459.327972,1632.048462,-4153.062012,2616.260498,1567.754883,-3159.796143,,,,,,,,,,,,,,,,,,,,,,,,,,,,,,,,,
8094,80.940000,0.000000,0.000000,0.000000,1.000000,0.000000,0.000000,0.000000,57.698101,20.499701,-14.700500,0.047771,-0.013570,0.015998,-15.666301,-52.738201,18.801300,-93.396698,0.129960,17.611099,-0.197456,-0.476596,-0.700925,0.492516,452.300323,1545.713501,-4153.866699,452.029480,1465.148804,-4165.206543,468.929230,1588.943115,-4179.739258,430.412018,1496.917358,-4116.199707,457.830444,1631.845093,-4154.321289,452.191345,1465.112671,-4164.859375,468.497314,1588.798340,-4179.977539,430.328918,1496.817627,-4116.560547,458.188782,1632.144531,-4154.062988,2616.272461,1567.746826,-3159.792236,,,,,,,,,,,,,,,,,,,,,,,,,,,,,,,,,
8095,80.950000,0.000000,0.000000,0.000000,1.000000,0.000000,0.000000,0.000000,57.698101,20.499701,-14.700500,0.047771,-0.013570,0.015998,-15.666301,-52.738201,18.801300,-93.396698,0.129960,17.611099,-0.196745,-0.478280,-0.700473,0.491811,451.203094,1545.721069,-4154.768555,451.032043,1465.129517,-4165.917969,467.879120,1588.902588,-4180.690918,429.235046,1496.996582,-4117.055176,456.666199,1631.855713,-4155.409668,451.200470,1465.055542,-4165.601074,467.472504,1588.779785,-4180.962402,429.137482,1496.911865,-4117.363770,457.014862,1632.165649,-4155.127930,2616.291016,1567.750000,-3159.777100,,,,,,,,,,,,,,,,,,,,,,,,,,,,,,,,,
8096,80.960000,0.000000,0.000000,0.000000,1.000000,0.000000,0.000000,0.000000,57.698101,20.499701,-14.700500,0.047771,-0.013570,0.015998,-15.666301,-52.738201,18.801300,-93.396698,0.129960,17.611099,-0.194750,-0.481460,-0.699586,0.490763,450.066010,1545.703491,-4155.671875,450.173981,1465.070557,-4166.519043,466.802032,1588.830444,-4181.646973,427.974548,1497.064209,-4117.920898,455.313385,1631.848999,-4156.601562,450.299377,1465.074585,-4166.175781,466.468048,1588.735474,-4181.911133,427.910980,1496.966919,-4118.250000,455.583618,1632.041626,-4156.349609,2616.293701,1567.733765,-3159.768555,,,,,,,,,,,,,,,,,,,,,,,,,,,,,,,,,
8097,80.970000,0.000000,0.000000,0.000000,1.000000,0.000000,0.000000,0.000000,57.698101,20.499701,-14.700500,0.047771,-0.013570,0.015998,-15.666301,-52.738201,18.801300,-93.396698,0.129960,17.611099,-0.193140,-0.484520,-0.698323,0.490187,449.134888,1545.771362,-4156.435059,449.555817,1465.095093,-4166.946777,465.872345,1588.843750,-4182.499023,426.996857,1497.218384,-4118.600098,454.114441,1631.928589,-4157.693848,449.615631,1465.215576,-4166.592285,465.623505,1588.756714,-4182.673340,427.002991,1497.142700,-4118.964844,454.292786,1631.971680,-4157.515625,2616.286621,1567.708862,-3159.764160,,,,,,,,,,,,,,,,,,,,,,,,,,,,,,,,,
8098,80.980000,0.000000,0.000000,0.000000,1.000000,0.000000,0.000000,0.000000,57.698101,20.499701,-14.700500,0.047771,-0.013570,0.015998,-15.666301,-52.738201,18.801300,-93.396698,0.129960,17.611099,-0.193082,-0.485545,-0.697751,0.490009,448.011078,1545.733887,-4157.293457,448.504456,1465.037109,-4167.643555,464.742737,1588.766968,-4183.425781,425.870789,1497.239746,-4119.384277,452.926208,1631.892212,-4158.719727,448.427063,1465.151367,-4167.337402,464.662415,1588.729614,-4183.447266,426.001465,1497.193115,-4119.756836,452.966309,1631.873413,-4158.656250,2616.303467,1567.708252,-3159.768311,,,,,,,,,,,,,,,,,,,,,,,,,,,,,,,,,
8099,80.990000,0.000000,0.000000,0.000000,1.000000,0.000000,0.000000,0.000000,57.698101,20.499701,-14.700500,0.047771,-0.013570,0.015998,-15.666301,-52.738201,18.801300,-93.396698,0.129960,17.611099,-0.194784,-0.485481,-0.696644,0.490973,446.756836,1545.625122,-4158.234375,447.272003,1464.905273,-4168.402832,463.356506,1588.610840,-4184.528809,424.797516,1497.200928,-4120.130859,451.601257,1631.783569,-4159.875977,447.101471,1465.000488,-4168.195312,463.448853,1588.597046,-4184.524902,424.997192,1497.244995,-4120.413086,451.485199,1631.673096,-4159.824219,2616.256836,1567.760132,-3159.784424,,,,,,,,,,,,,,,,,,,,,,,,,,,,,,,,,
8100,81.000000,0.000000,0.000000,0.000000,1.000000,0.000000,0.000000,0.000000,57.698101,20.499701,-14.700500,0.047771,-0.013570,0.015998,-15.666301,-52.738201,18.801300,-93.396698,0.129960,17.611099,-0.197509,-0.484231,-0.696061,0.491944,445.402496,1545.469971,-4159.200684,445.757568,1464.738281,-4169.280762,461.890625,1588.406250,-4185.645508,423.621429,1497.115112,-4120.907227,450.340332,1631.620605,-4160.968750,445.588318,1464.797485,-4169.100098,462.000580,1588.367920,-4185.638672,423.828125,1497.197632,-4121.180176,450.204315,1631.533813,-4160.907227,2616.257812,1567.777344,-3159.798340,,,,,,,,,,,,,,,,,,,,,,,,,,,,,,,,,
8101,81.010000,0.000000,0.000000,0.000000,1.000000,0.000000,0.000000,0.000000,57.698101,20.499701,-14.700500,0.047771,-0.013570,0.015998,-15.666301,-52.738201,18.801300,-93.396698,0.129960,17.611099,-0.200826,-0.483000,-0.694700,0.493733,443.901123,1545.237183,-4160.236328,444.185699,1464.484009,-4170.144531,460.168610,1588.118042,-4186.906738,422.437592,1496.962524,-4121.663574,448.812531,1631.384399,-4162.230469,444.058289,1464.567017,-4170.009766,460.277557,1588.031006,-4186.936523,422.613251,1497.116455,-4121.897461,448.663971,1631.252197,-4162.121094,2616.266357,1567.749634,-3159.787842,,,,,,,,,,,,,,,,,,,,,,,,,,,,,,,,,
8102,81.020000,0.000000,0.000000,0.000000,1.000000,0.000000,0.000000,0.000000,57.698101,20.499701,-14.700500,0.047771,-0.013570,0.015998,-15.666301,-52.738201,18.801300,-93.396698,0.129960,17.611099,-0.199563,-0.484093,-0.695537,0.491993,442.329407,1545.051147,-4161.302246,442.534027,1464.295898,-4171.195801,458.794037,1587.901733,-4187.899902,420.602509,1496.817017,-4122.826172,447.387024,1631.190063,-4163.286133,442.508301,1464.362793,-4170.933105,458.699097,1587.795288,-4187.993652,420.729675,1497.002075,-4123.243652,447.405762,1631.084473,-4163.096191,2616.307617,1567.754150,-3159.757324,,,,,,,,,,,,,,,,,,,,,,,,,,,,,,,,,
8103,81.030000,0.000000,0.000000,0.000000,1.000000,0.000000,0.000000,0.000000,57.698101,20.499701,-14.700500,0.047771,-0.013570,0.015998,-15.666301,-52.738201,18.801300,-93.396698,0.129960,17.611099,-0.203016,-0.481848,-0.694763,0.493874,440.924744,1544.793091,-4162.223145,440.969452,1464.035034,-4172.096191,457.182343,1587.622437,-4188.982422,419.509003,1496.588135,-4123.537109,446.038055,1630.927246,-4164.277344,440.976562,1464.119873,-4171.881348,457.061737,1587.512207,-4189.062012,419.581940,1496.713013,-4123.855957,446.087433,1630.845581,-4164.124512,2616.251465,1567.731812,-3159.782715,,,,,,,,,,,,,,,,,,,,,,,,,,,,,,,,,
8104,81.040000,0.000000,0.000000,0.000000,1.000000,0.000000,0.000000,0.000000,57.698101,20.499701,-14.700500,0.047771,-0.013570,0.015998,-15.666301,-52.738201,18.801300,-93.396698,0.129960,17.611099,-0.203286,-0.481362,-0.695062,0.493816,439.529510,1544.546753,-4163.092285,439.500275,1463.795288,-4173.019531,455.804657,1587.380371,-4189.833496,418.099884,1496.333496,-4124.423828,444.713165,1630.677979,-4165.091309,439.537964,1463.879028,-4172.672363,455.578644,1587.300415,-4189.960449,418.139679,1496.320068,-4124.832031,444.862976,1630.690918,-4164.926270,2616.301025,1567.751099,-3159.780762,,,,,,,,,,,,,,,,,,,,,,,,,,,,,,,,,
8105,81.050000,0.000000,0.000000,0.000000,1.000000,0.000000,0.000000,0.000000,57.698101,20.499701,-14.700500,0.047771,-0.013570,0.015998,-15.666301,-52.738201,18.801300,-93.396698,0.129960,17.611099,-0.202747,-0.482128,-0.694538,0.494027,438.222900,1544.323242,-4163.916016,438.337006,1463.562500,-4173.766602,454.456909,1587.158203,-4190.680664,416.830261,1496.111572,-4125.225586,443.267426,1630.460815,-4165.991699,438.424500,1463.700928,-4173.365723,454.137115,1587.061523,-4190.844727,416.831970,1496.056396,-4125.661133,443.490601,1630.476807,-4165.803223,2616.307617,1567.785034,-3159.768311,,,,,,,,,,,,,,,,,,,,,,,,,,,,,,,,,
8106,81.060000,0.000000,0.000000,0.000000,1.000000,0.000000,0.000000,0.000000,57.698101,20.499701,-14.700500,0.047771,-0.013570,0.015998,-15.666301,-52.738201,18.801300,-93.396698,0.129960,17.611099,-0.198615,-0.485019,-0.695518,0.491491,437.071503,1544.194458,-4164.596191,437.351929,1463.433716,-4174.442871,453.582123,1587.039795,-4191.173828,415.269684,1495.969116,-4126.151367,442.082153,1630.335327,-4166.615723,437.450928,1463.550293,-4173.940918,453.151428,1587.012695,-4191.299805,415.258820,1495.757690,-4126.690918,442.415680,1630.440063,-4166.479980,2616.281494,1567.723145,-3159.772949,,,,,,,,,,,,,,,,,,,,,,,,,,,,,,,,,
8107,81.070000,0.000000,0.000000,0.000000,1.000000,0.000000,0.000000,0.000000,57.698101,20.499701,-14.700500,0.047771,-0.013570,0.015998,-15.666301,-52.738201,18.801300,-93.396698,0.129960,17.611099,-0.195135,-0.488276,-0.695050,0.490320,436.036224,1544.104370,-4165.200684,436.687286,1463.325439,-4174.879395,452.635498,1586.953857,-4191.716797,414.058044,1495.880249,-4126.855469,440.763977,1630.258057,-4167.351074,436.714417,1463.507812,-4174.385254,452.320007,1586.978027,-4191.794922,414.096619,1495.631470,-4127.360840,441.012787,1630.286255,-4167.274414,2616.318848,1567.770386,-3159.765625,,,,,,,,,,,,,,,,,,,,,,,,,,,,,,,,,
8108,81.080000,0.000000,0.000000,0.000000,1.000000,0.000000,0.000000,0.000000,57.698101,20.499701,-14.700500,0.047771,-0.013570,0.015998,-15.666301,-52.738201,18.801300,-93.396698,0.129960,17.611099,-0.192008,-0.491671,-0.693791,0.489945,435.122162,1544.060547,-4165.719727,436.256744,1463.257202,-4175.146973,451.703491,1586.914307,-4192.239746,413.100067,1495.840576,-4127.394043,439.428314,1630.230591,-4168.097168,436.173401,1463.537109,-4174.711914,451.545532,1587.002197,-4192.229004,413.217346,1495.607788,-4127.825684,439.558075,1630.109131,-4168.104980,2616.287842,1567.773560,-3159.792236,,,,,,,,,,,,,,,,,,,,,,,,,,,,,,,,,
8109,81.090000,0.000000,0.000000,0.000000,1.000000,0.000000,0.000000,0.000000,57.698101,20.499701,-14.700500,0.047771,-0.013570,0.015998,-15.666301,-52.738201,18.801300,-93.396698,0.129960,17.611099,-0.194805,-0.490057,-0.692194,0.492709,434.060791,1543.947998,-4166.282715,435.276794,1463.137573,-4175.638672,450.321075,1586.808228,-4192.990723,412.474670,1495.722656,-4127.716797,438.170532,1630.124023,-4168.784180,435.172394,1463.327759,-4175.305664,450.225739,1586.832520,-4192.943848,412.646729,1495.689209,-4128.146973,438.220978,1629.964478,-4168.770996,2616.257080,1567.720215,-3159.781738,,,,,,,,,,,,,,,,,,,,,,,,,,,,,,,,,
8110,81.100000,0.000000,0.000000,0.000000,1.000000,0.000000,0.000000,0.000000,57.698101,20.499701,-14.700500,0.047771,-0.013570,0.015998,-15.666301,-52.738201,18.801300,-93.396698,0.129960,17.611099,-0.200466,-0.485433,-0.691276,0.496292,432.974762,1543.826416,-4166.869141,433.917542,1463.026855,-4176.349121,448.862701,1586.697998,-4193.781738,411.946472,1495.581665,-4128.020508,437.172241,1629.999512,-4169.324707,433.848572,1463.017456,-4176.140625,448.774658,1586.655396,-4193.707520,412.125702,1495.762329,-4128.433105,437.186584,1629.915039,-4169.279297,2616.291016,1567.757568,-3159.779053,,,,,,,,,,,,,,,,,,,,,,,,,,,,,,,,,
8111,81.110000,0.000000,0.000000,0.000000,1.000000,0.000000,0.000000,0.000000,57.698101,20.499701,-14.700500,0.047771,-0.013570,0.015998,-15.666301,-52.738201,18.801300,-93.396698,0.129960,17.611099,-0.202579,-0.484141,-0.689992,0.498478,431.614166,1543.575195,-4167.564941,432.631897,1462.770874,-4176.996582,447.243439,1586.455566,-4194.614746,410.935577,1495.320801,-4128.540527,435.645630,1629.753540,-4170.107422,432.521240,1462.788330,-4176.837891,447.231049,1586.409668,-4194.492188,411.168091,1495.585693,-4128.934082,435.584839,1629.575073,-4170.083984,2616.277100,1567.753296,-3159.785645,,,,,,,,,,,,,,,,,,,,,,,,,,,,,,,,,
8112,81.120000,0.000000,0.000000,0.000000,1.000000,0.000000,0.000000,0.000000,57.698101,20.499701,-14.700500,0.047771,-0.013570,0.015998,-15.666301,-52.738201,18.801300,-93.396698,0.129960,17.611099,-0.204546,-0.482382,-0.689898,0.499509,430.296967,1543.320435,-4168.208008,431.173645,1462.522461,-4177.708984,445.824402,1586.205200,-4195.309570,409.780273,1495.057861,-4129.108887,434.409454,1629.496460,-4170.704590,431.046936,1462.472534,-4177.575195,445.849640,1586.141724,-4195.182617,410.025208,1495.347778,-4129.479004,434.318054,1629.385742,-4170.677246,2616.299805,1567.737183,-3159.768311,,,,,,,,,,,,,,,,,,,,,,,,,,,,,,,,,
8113,81.130000,0.000000,0.000000,0.000000,1.000000,0.000000,0.000000,0.000000,57.698101,20.499701,-14.700500,0.047771,-0.013570,0.015998,-15.666301,-52.738201,18.801300,-93.396698,0.129960,17.611099,-0.205055,-0.481361,-0.690331,0.499687,429.065582,1543.084473,-4168.745605,429.837311,1462.298950,-4178.360352,444.593536,1585.989990,-4195.813965,408.563110,1494.789917,-4129.678223,433.268311,1629.259399,-4171.129395,429.759491,1462.236206,-4178.229004,444.591858,1585.819336,-4195.776855,408.746521,1495.053223,-4130.016602,433.201324,1629.276733,-4171.025879,2616.301270,1567.743408,-3159.773193,,,,,,,,,,,,,,,,,,,,,,,,,,,,,,,,,
8114,81.140000,0.000000,0.000000,0.000000,1.000000,0.000000,0.000000,0.000000,57.698101,20.499701,-14.700500,0.047771,-0.013570,0.015998,-15.666301,-52.738201,18.801300,-93.396698,0.129960,17.611099,-0.203526,-0.481504,-0.692035,0.497814,427.887665,1542.880493,-4169.258301,428.482727,1462.114502,-4179.047363,443.662323,1585.802246,-4196.157715,407.066681,1494.557251,-4130.395508,432.338928,1629.048462,-4171.431641,428.595184,1462.002930,-4178.730469,443.320251,1585.592407,-4196.346191,407.056396,1494.620361,-4130.807617,432.573456,1629.311646,-4171.158203,2616.290283,1567.767700,-3159.764160,,,,,,,,,,,,,,,,,,,,,,,,,,,,,,,,,
8115,81.150000,0.000000,0.000000,0.000000,1.000000,0.000000,0.000000,0.000000,57.698101,20.499701,-14.700500,0.047771,-0.013570,0.015998,-15.666301,-52.738201,18.801300,-93.396698,0.129960,17.611099,-0.203558,-0.481296,-0.692495,0.497362,426.880066,1542.806152,-4169.589355,427.381866,1462.044434,-4179.420410,442.716187,1585.722656,-4196.461426,405.986664,1494.487915,-4130.759277,431.435455,1628.969849,-4171.716797,427.566498,1461.921631,-4179.080078,442.269653,1585.528442,-4196.755371,405.905884,1494.516724,-4131.141602,431.770142,1629.268066,-4171.373535,2616.280762,1567.758301,-3159.780518,,,,,,,,,,,,,,,,,,,,,,,,,,,,,,,,,
8116,81.160000,0.000000,0.000000,0.000000,1.000000,0.000000,0.000000,0.000000,57.698101,20.499701,-14.700500,0.047771,-0.013570,0.015998,-15.666301,-52.738201,18.801300,-93.396698,0.129960,17.611099,-0.202431,-0.481813,-0.693328,0.496159,425.916840,1542.824829,-4169.792969,426.357117,1462.069702,-4179.680176,441.900238,1585.741699,-4196.577637,404.827026,1494.504028,-4131.072754,430.582977,1628.984497,-4171.842285,426.470795,1461.985962,-4179.293945,441.573181,1585.643921,-4196.866699,404.782013,1494.439453,-4131.463379,430.846619,1629.239990,-4171.539551,2616.300049,1567.711182,-3159.759277,,,,,,,,,,,,,,,,,,,,,,,,,,,,,,,,,
8117,81.170000,0.000000,0.000000,0.000000,1.000000,0.000000,0.000000,0.000000,57.698101,20.499701,-14.700500,0.047771,-0.013570,0.015998,-15.666301,-52.738201,18.801300,-93.396698,0.129960,17.611099,-0.200286,-0.483650,-0.693170,0.495463,425.037231,1542.887695,-4169.973633,425.692383,1462.125244,-4179.789062,441.079254,1585.813599,-4196.708008,403.835114,1494.557373,-4131.326172,429.542053,1629.054688,-4172.071289,425.729523,1462.208862,-4179.395508,440.870117,1585.800781,-4196.917480,403.830231,1494.373901,-4131.685059,429.718262,1629.157837,-4171.898438,2616.308594,1567.731201,-3159.764648,,,,,,,,,,,,,,,,,,,,,,,,,,,,,,,,,
8118,81.180000,0.000000,0.000000,0.000000,1.000000,0.000000,0.000000,0.000000,57.698101,20.499701,-14.700500,0.047771,-0.013570,0.015998,-15.666301,-52.738201,18.801300,-93.396698,0.129960,17.611099,-0.198420,-0.485512,-0.692344,0.495547,424.197693,1543.007080,-4170.083496,425.173523,1462.232910,-4179.774902,440.197632,1585.948975,-4196.817871,403.008636,1494.660889,-4131.448730,428.410950,1629.186035,-4172.292480,425.085419,1462.439575,-4179.428711,440.148407,1586.021362,-4196.887207,403.094879,1494.461426,-4131.754883,428.459778,1629.111816,-4172.251465,2616.269775,1567.739136,-3159.785400,,,,,,,,,,,,,,,,,,,,,,,,,,,,,,,,,
8119,81.190000,0.000000,0.000000,0.000000,1.000000,0.000000,0.000000,0.000000,57.698101,20.499701,-14.700500,0.047771,-0.013570,0.015998,-15.666301,-52.738201,18.801300,-93.396698,0.129960,17.611099,-0.197274,-0.487417,-0.691459,0.495371,423.111633,1543.132446,-4170.347168,424.321289,1462.337646,-4179.838379,439.092285,1586.049194,-4197.133301,401.916199,1494.827026,-4131.664551,427.116760,1629.316040,-4172.752441,424.243530,1462.560181,-4179.500977,439.015289,1586.090332,-4197.166504,402.038025,1494.796021,-4132.037109,427.164093,1629.101562,-4172.681641,2616.263184,1567.735352,-3159.785400,,,,,,,,,,,,,,,,,,,,,,,,,,,,,,,,,
8120,81.200000,0.000000,0.000000,0.000000,1.000000,0.000000,0.000000,0.000000,57.698101,20.499701,-14.700500,0.047771,-0.013570,0.015998,-15.666301,-52.738201,18.801300,-93.396698,0.129960,17.611099,-0.200054,-0.485507,-0.690494,0.497472,422.072876,1543.219238,-4170.465820,423.237274,1462.422729,-4179.948730,437.817139,1586.136230,-4197.391113,401.213318,1494.914185,-4131.601074,426.023773,1629.403931,-4172.922852,423.121429,1462.564819,-4179.749023,437.814575,1586.174927,-4197.322754,401.388000,1495.017090,-4131.912598,425.980499,1629.116089,-4172.915527,2616.257812,1567.748657,-3159.786377,,,,,,,,,,,,,,,,,,,,,,,,,,,,,,,,,
8121,81.210000,0.000000,0.000000,0.000000,1.000000,0.000000,0.000000,0.000000,57.698101,20.499701,-14.700500,0.047771,-0.013570,0.015998,-15.666301,-52.738201,18.801300,-93.396698,0.129960,17.611099,-0.204855,-0.482039,-0.689604,0.500119,420.704651,1543.154297,-4170.800293,421.623505,1462.358276,-4180.312988,436.162201,1586.053345,-4197.919434,400.279388,1494.872314,-4131.676758,424.753479,1629.333374,-4173.291504,421.594543,1462.437134,-4180.165039,436.107635,1585.980347,-4197.923828,400.384003,1495.051270,-4131.952637,424.748871,1629.173096,-4173.192383,2616.274902,1567.734253,-3159.778809,,,,,,,,,,,,,,,,,,,,,,,,,,,,,,,,,
8122,81.220000,0.000000,0.000000,0.000000,1.000000,0.000000,0.000000,0.000000,57.698101,20.499701,-14.700500,0.047771,-0.013570,0.015998,-15.666301,-52.738201,18.801300,-93.396698,0.129960,17.611099,-0.206062,-0.482015,-0.688863,0.500667,419.286682,1543.198975,-4171.014648,420.207916,1462.387451,-4180.395508,434.661804,1586.057861,-4198.244141,398.975830,1494.975586,-4131.759766,423.301056,1629.375122,-4173.659180,420.196747,1462.505005,-4180.244141,434.603241,1585.921387,-4198.295898,399.064972,1495.170532,-4132.034668,423.293213,1629.223633,-4173.510742,2616.291260,1567.734619,-3159.760498,,,,,,,,,,,,,,,,,,,,,,,,,,,,,,,,,
8123,81.230000,0.000000,0.000000,0.000000,1.000000,0.000000,0.000000,0.000000,57.698101,20.499701,-14.700500,0.047771,-0.013570,0.015998,-15.666301,-52.738201,18.801300,-93.396698,0.129960,17.611099,-0.205787,-0.481257,-0.690092,0.499816,417.994476,1543.355835,-4171.128418,418.726654,1462.562622,-4180.682617,433.500366,1586.235352,-4198.250488,397.528320,1495.098022,-4131.996582,422.222473,1629.527466,-4173.583496,418.793365,1462.549438,-4180.492188,433.282867,1586.030396,-4198.346191,397.556885,1495.271362,-4132.326660,422.333008,1629.578247,-4173.391113,2616.283447,1567.720093,-3159.777344,,,,,,,,,,,,,,,,,,,,,,,,,,,,,,,,,
8124,81.240000,0.000000,0.000000,0.000000,1.000000,0.000000,0.000000,0.000000,57.698101,20.499701,-14.700500,0.047771,-0.013570,0.015998,-15.666301,-52.738201,18.801300,-93.396698,0.129960,17.611099,-0.202421,-0.482456,-0.692517,0.496671,416.637207,1543.483398,-4171.273438,417.219940,1462.714966,-4181.042969,432.539459,1586.389526,-4198.122559,395.640167,1495.181274,-4132.478516,421.149200,1629.648071,-4173.448730,417.296661,1462.599731,-4180.702148,432.205444,1586.277466,-4198.200195,395.653534,1495.142090,-4132.914551,421.404877,1629.921265,-4173.292480,2616.304688,1567.755859,-3159.774658,,,,,,,,,,,,,,,,,,,,,,,,,,,,,,,,,
8125,81.250000,0.000000,0.000000,0.000000,1.000000,0.000000,0.000000,0.000000,57.698101,20.499701,-14.700500,0.047771,-0.013570,0.015998,-15.666301,-52.738201,18.801300,-93.396698,0.129960,17.611099,-0.198330,-0.485618,-0.692833,0.494796,415.412384,1543.667480,-4171.310059,416.286896,1462.893188,-4181.009766,431.502930,1586.590088,-4198.020508,394.111511,1495.346069,-4132.705566,419.748199,1629.840698,-4173.503906,416.303741,1462.834473,-4180.669434,431.278046,1586.594116,-4198.089844,394.147675,1495.229248,-4133.086426,419.929169,1629.996216,-4173.409668,2616.276123,1567.767212,-3159.775879,,,,,,,,,,,,,,,,,,,,,,,,,,,,,,,,,
8126,81.260000,0.000000,0.000000,0.000000,1.000000,0.000000,0.000000,0.000000,57.698101,20.499701,-14.700500,0.047771,-0.013570,0.015998,-15.666301,-52.738201,18.801300,-93.396698,0.129960,17.611099,-0.196307,-0.488168,-0.691501,0.494957,414.276947,1543.947388,-4171.185059,415.560852,1463.151489,-4180.656738,430.297729,1586.868774,-4197.939453,393.015015,1495.636475,-4132.545898,418.234161,1630.133057,-4173.597656,415.542145,1463.305176,-4180.275391,430.160858,1586.893677,-4198.089844,393.063019,1495.498169,-4132.903320,418.342682,1630.097168,-4173.468262,2616.284912,1567.738892,-3159.782715,,,,,,,,,,,,,,,,,,,,,,,,,,,,,,,,,
8127,81.270000,0.000000,0.000000,0.000000,1.000000,0.000000,0.000000,0.000000,57.698101,20.499701,-14.700500,0.047771,-0.013570,0.015998,-15.666301,-52.738201,18.801300,-93.396698,0.129960,17.611099,-0.197246,-0.488272,-0.689439,0.497351,412.946198,1544.142700,-4171.132324,414.550903,1463.333130,-4180.436523,428.658295,1587.077515,-4198.047852,392.068726,1495.820801,-4132.297852,416.506775,1630.339722,-4173.746094,414.414673,1463.539551,-4180.119629,428.633881,1587.167603,-4198.026855,392.228882,1495.756348,-4132.648926,416.513184,1630.113037,-4173.738770,2616.293457,1567.738281,-3159.753418,,,,,,,,,,,,,,,,,,,,,,,,,,,,,,,,,
8128,81.280000,0.000000,0.000000,0.000000,1.000000,0.000000,0.000000,0.000000,57.698101,20.499701,-14.700500,0.047771,-0.013570,0.015998,-15.666301,-52.738201,18.801300,-93.396698,0.129960,17.611099,-0.202513,-0.483752,-0.688269,0.501257,411.282623,1544.170166,-4171.280762,412.706665,1463.372925,-4180.722168,426.577820,1587.136597,-4198.385254,391.011780,1495.801636,-4132.184082,414.834198,1630.369385,-4173.832031,412.667450,1463.441040,-4180.481934,426.490662,1587.094971,-4198.412598,391.118713,1495.878784,-4132.529785,414.869873,1630.285278,-4173.735840,2616.325928,1567.739380,-3159.772705,,,,,,,,,,,,,,,,,,,,,,,,,,,,,,,,,
8129,81.290000,0.000000,0.000000,0.000000,1.000000,0.000000,0.000000,0.000000,57.698101,20.499701,-14.700500,0.047771,-0.013570,0.015998,-15.666301,-52.738201,18.801300,-93.396698,0.129960,17.611099,-0.206928,-0.479890,-0.687950,0.503599,409.654022,1544.190063,-4171.410156,410.775391,1463.404541,-4180.990723,424.712372,1587.163330,-4198.636230,389.755951,1495.807739,-4132.139160,413.372314,1630.384888,-4173.874512,410.868195,1463.442017,-4180.714355,424.417480,1587.000244,-4198.765625,389.764832,1495.934082,-4132.541504,413.549652,1630.386719,-4173.662598,2616.290771,1567.708496,-3159.774414,,,,,,,,,,,,,,,,,,,,,,,,,,,,,,,,,
8130,81.300000,0.000000,0.000000,0.000000,1.000000,0.000000,0.000000,0.000000,57.698101,20.499701,-14.700500,0.047771,-0.013570,0.015998,-15.666301,-52.738201,18.801300,-93.396698,0.129960,17.611099,-0.207610,-0.478889,-0.688691,0.503257,408.024200,1544.278687,-4171.422852,408.948364,1463.503052,-4181.106445,423.145050,1587.251953,-4198.614746,388.067047,1495.892456,-4132.187012,411.936249,1630.467896,-4173.783203,409.074707,1463.510498,-4180.825684,422.800354,1587.086304,-4198.773438,388.041107,1495.989380,-4132.565430,412.157928,1630.523682,-4173.556152,2616.315430,1567.726562,-3159.763672,,,,,,,,,,,,,,,,,,,,,,,,,,,,,,,,,
8131,81.310000,0.000000,0.000000,0.000000,1.000000,0.000000,0.000000,0.000000,57.698101,20.499701,-14.700500,0.047771,-0.013570,0.015998,-15.666301,-52.738201,18.801300,-93.396698,0.129960,17.611099,-0.205300,-0.479476,-0.690597,0.501029,406.565247,1544.397095,-4171.430176,407.350525,1463.642822,-4181.303711,421.976288,1587.397095,-4198.415527,386.223663,1495.967285,-4132.446289,410.710388,1630.581543,-4173.555176,407.295654,1463.510376,-4181.092285,421.886719,1587.415039,-4198.364258,386.332764,1496.013794,-4132.759277,410.755859,1630.639160,-4173.531250,2616.295654,1567.736206,-3159.771729,,,,,,,,,,,,,,,,,,,,,,,,,,,,,,,,,
8132,81.320000,0.000000,0.000000,0.000000,1.000000,0.000000,0.000000,0.000000,57.698101,20.499701,-14.700500,0.047771,-0.013570,0.015998,-15.666301,-52.738201,18.801300,-93.396698,0.129960,17.611099,-0.199206,-0.484382,-0.691041,0.498150,405.072144,1544.482178,-4171.527344,406.294617,1463.717407,-4181.269043,420.773071,1587.497192,-4198.320801,384.264709,1496.037109,-4132.809082,408.956177,1630.677368,-4173.710449,406.033752,1463.696899,-4181.038574,420.926880,1587.704712,-4198.172852,384.500458,1495.918457,-4133.074707,408.841125,1630.609375,-4173.817871,2616.303223,1567.710693,-3159.775635,,,,,,,,,,,,,,,,,,,,,,,,,,,,,,,,,
8133,81.330000,0.000000,0.000000,0.000000,1.000000,0.000000,0.000000,0.000000,57.698101,20.499701,-14.700500,0.047771,-0.013570,0.015998,-15.666301,-52.738201,18.801300,-93.396698,0.129960,17.611099,-0.198761,-0.486162,-0.688911,0.499542,403.616882,1544.561646,-4171.579590,405.260040,1463.770386,-4181.036133,419.099945,1587.562744,-4198.521484,383.053070,1496.146118,-4132.694336,407.054382,1630.767456,-4174.065430,405.301392,1464.088745,-4180.594727,418.871857,1587.477661,-4198.689941,383.075073,1496.016724,-4133.095215,407.220856,1630.708008,-4173.903809,2616.322754,1567.718262,-3159.760498,,,,,,,,,,,,,,,,,,,,,,,,,,,,,,,,,
8134,81.340000,0.000000,0.000000,0.000000,1.000000,0.000000,0.000000,0.000000,57.698101,20.499701,-14.700500,0.047771,-0.013570,0.015998,-15.666301,-52.738201,18.801300,-93.396698,0.129960,17.611099,-0.204950,-0.482891,-0.685427,0.504977,402.249207,1544.729248,-4171.459961,404.014771,1463.917114,-4180.713867,417.074005,1587.706909,-4198.807129,382.584991,1496.353882,-4132.063477,405.323059,1630.939331,-4174.256836,403.964172,1464.182983,-4180.532227,417.036133,1587.552856,-4198.807129,382.711060,1496.521606,-4132.367676,405.296661,1630.704224,-4174.149902,2616.291992,1567.774536,-3159.769287,,,,,,,,,,,,,,,,,,,,,,,,,,,,,,,,,
8135,81.350000,0.000000,0.000000,0.000000,1.000000,0.000000,0.000000,0.000000,57.698101,20.499701,-14.700500,0.047771,-0.013570,0.015998,-15.666301,-52.738201,18.801300,-93.396698,0.129960,17.611099,-0.209798,-0.478341,-0.685316,0.507460,400.473511,1544.640259,-4171.686035,401.866028,1463.844360,-4181.143066,415.053680,1587.635010,-4199.137695,381.202789,1496.234985,-4132.131348,403.771484,1630.846802,-4174.332031,401.887573,1463.833252,-4180.986816,414.929626,1587.410889,-4199.209961,381.270721,1496.452881,-4132.451172,403.806763,1630.879883,-4174.147949,2616.278320,1567.739136,-3159.774902,,,,,,,,,,,,,,,,,,,,,,,,,,,,,,,,,
8136,81.360000,0.000000,0.000000,0.000000,1.000000,0.000000,0.000000,0.000000,57.698101,20.499701,-14.700500,0.047771,-0.013570,0.015998,-15.666301,-52.738201,18.801300,-93.396698,0.129960,17.611099,-0.210638,-0.476373,-0.686828,0.506921,398.824158,1544.575684,-4171.901855,399.882294,1463.804443,-4181.608887,413.517426,1587.597412,-4199.250000,379.443359,1496.124756,-4132.457031,402.453522,1630.776367,-4174.290039,399.982971,1463.591797,-4181.363281,413.248749,1587.436157,-4199.396973,379.431366,1496.232178,-4132.791992,402.640137,1631.054932,-4174.046875,2616.300049,1567.722900,-3159.770264,,,,,,,,,,,,,,,,,,,,,,,,,,,,,,,,,
8137,81.370000,0.000000,0.000000,0.000000,1.000000,0.000000,0.000000,0.000000,57.698101,20.499701,-14.700500,0.047771,-0.013570,0.015998,-15.666301,-52.738201,18.801300,-93.396698,0.129960,17.611099,-0.206940,-0.478507,-0.688854,0.503673,397.333893,1544.609985,-4171.942871,398.332184,1463.850098,-4181.750000,412.421997,1587.638184,-4199.065430,377.411835,1496.145996,-4132.784668,401.169464,1630.806030,-4174.170410,398.324341,1463.581299,-4181.479004,412.320526,1587.689819,-4199.181641,377.431946,1496.065430,-4133.028320,401.271515,1631.089111,-4174.040527,2616.316162,1567.745361,-3159.768311,,,,,,,,,,,,,,,,,,,,,,,,,,,,,,,,,
8138,81.380000,0.000000,0.000000,0.000000,1.000000,0.000000,0.000000,0.000000,57.698101,20.499701,-14.700500,0.047771,-0.013570,0.015998,-15.666301,-52.738201,18.801300,-93.396698,0.129960,17.611099,-0.201898,-0.483362,-0.688946,0.500951,395.963623,1544.740112,-4171.907227,397.343781,1463.958008,-4181.483398,411.315094,1587.741943,-4198.923828,375.620514,1496.319458,-4132.913086,399.574921,1630.941162,-4174.309570,397.153992,1463.832397,-4181.282715,411.390320,1587.948120,-4198.792969,375.809357,1496.299683,-4133.170410,399.510437,1630.882568,-4174.380859,2616.301025,1567.728516,-3159.774902,,,,,,,,,,,,,,,,,,,,,,,,,,,,,,,,,
8139,81.390000,0.000000,0.000000,0.000000,1.000000,0.000000,0.000000,0.000000,57.698101,20.499701,-14.700500,0.047771,-0.013570,0.015998,-15.666301,-52.738201,18.801300,-93.396698,0.129960,17.611099,-0.201724,-0.484616,-0.687153,0.502271,394.650269,1544.720703,-4171.947754,396.372314,1463.919189,-4181.302246,409.803558,1587.713501,-4199.090332,374.534668,1496.320679,-4132.810059,397.890442,1630.929443,-4174.589355,396.336304,1464.169556,-4181.002441,409.679382,1587.735962,-4199.088379,374.613037,1496.249878,-4133.130371,397.983307,1630.751221,-4174.562988,2616.310303,1567.743774,-3159.777100,,,,,,,,,,,,,,,,,,,,,,,,,,,,,,,,,
8140,81.400000,0.000000,0.000000,0.000000,1.000000,0.000000,0.000000,0.000000,57.698101,20.499701,-14.700500,0.047771,-0.013570,0.015998,-15.666301,-52.738201,18.801300,-93.396698,0.129960,17.611099,-0.207152,-0.481380,-0.685191,0.505841,393.108307,1544.599976,-4172.154297,394.716248,1463.785400,-4181.415039,407.839966,1587.557495,-4199.583496,373.596130,1496.251587,-4132.648926,396.280823,1630.805908,-4174.970215,394.807953,1464.067993,-4181.086914,407.588684,1587.375488,-4199.753418,373.607056,1496.354736,-4133.042480,396.433563,1630.630493,-4174.734863,2616.296631,1567.754517,-3159.774170,,,,,,,,,,,,,,,,,,,,,,,,,,,,,,,,,
8141,81.410000,0.000000,0.000000,0.000000,1.000000,0.000000,0.000000,0.000000,57.698101,20.499701,-14.700500,0.047771,-0.013570,0.015998,-15.666301,-52.738201,18.801300,-93.396698,0.129960,17.611099,-0.211023,-0.478872,-0.684336,0.507775,391.454254,1544.543335,-4172.326172,392.868103,1463.722168,-4181.561523,405.962891,1587.468750,-4199.923340,372.280060,1496.238892,-4132.601562,394.705902,1630.743774,-4175.217773,392.952087,1463.951172,-4181.263184,405.736725,1587.216675,-4200.117676,372.306824,1496.434204,-4133.025391,394.820770,1630.593628,-4174.931641,2616.330566,1567.750488,-3159.791016,,,,,,,,,,,,,,,,,,,,,,,,,,,,,,,,,
8142,81.420000,0.000000,0.000000,0.000000,1.000000,0.000000,0.000000,0.000000,57.698101,20.499701,-14.700500,0.047771,-0.013570,0.015998,-15.666301,-52.738201,18.801300,-93.396698,0.129960,17.611099,-0.212614,-0.476405,-0.686819,0.506077,389.904694,1544.574707,-4172.373047,390.700745,1463.777588,-4181.886719,404.676147,1587.485840,-4199.853027,370.452209,1496.277832,-4132.774902,393.789642,1630.758179,-4174.976562,390.847565,1463.788574,-4181.562012,404.317383,1587.298584,-4200.121582,370.398193,1496.327881,-4133.151855,394.034973,1630.874268,-4174.672852,2616.315186,1567.748901,-3159.772217,,,,,,,,,,,,,,,,,,,,,,,,,,,,,,,,,
8143,81.430000,0.000000,0.000000,0.000000,1.000000,0.000000,0.000000,0.000000,57.698101,20.499701,-14.700500,0.047771,-0.013570,0.015998,-15.666301,-52.738201,18.801300,-93.396698,0.129960,17.611099,-0.209428,-0.478395,-0.688161,0.503699,388.371887,1544.560547,-4172.437500,389.195953,1463.769897,-4182.005371,403.428009,1587.481323,-4199.747559,368.519043,1496.248291,-4133.058105,392.344482,1630.742920,-4174.939453,389.117706,1463.693237,-4181.753418,403.377808,1587.540161,-4199.739746,368.620026,1496.188477,-4133.354004,392.377411,1630.797607,-4174.916504,2616.316406,1567.721191,-3159.766113,,,,,,,,,,,,,,,,,,,,,,,,,,,,,,,,,
8144,81.440000,0.000000,0.000000,0.000000,1.000000,0.000000,0.000000,0.000000,57.698101,20.499701,-14.700500,0.047771,-0.013570,0.015998,-15.666301,-52.738201,18.801300,-93.396698,0.129960,17.611099,-0.203282,-0.483719,-0.688744,0.500324,386.890533,1544.481323,-4172.535645,388.111237,1463.674805,-4181.924316,402.293854,1587.391602,-4199.667480,366.497894,1496.189209,-4133.407715,390.659058,1630.669678,-4175.142090,388.076294,1463.687744,-4181.548828,402.158173,1587.513184,-4199.766602,366.534729,1495.925537,-4133.743164,390.790344,1630.757446,-4175.089355,2616.288330,1567.728394,-3159.765869,,,,,,,,,,,,,,,,,,,,,,,,,,,,,,,,,
8145,81.450000,0.000000,0.000000,0.000000,1.000000,0.000000,0.000000,0.000000,57.698101,20.499701,-14.700500,0.047771,-0.013570,0.015998,-15.666301,-52.738201,18.801300,-93.396698,0.129960,17.611099,-0.201029,-0.487369,-0.686943,0.500168,385.505463,1544.494507,-4172.467285,387.207214,1463.653564,-4181.477539,400.851501,1587.361206,-4199.700684,365.124268,1496.274780,-4133.244141,388.838837,1630.688843,-4175.446289,387.170380,1463.827637,-4181.127930,400.733307,1587.403687,-4199.779297,365.180481,1496.091553,-4133.569824,388.938202,1630.656128,-4175.386230,2616.292725,1567.752930,-3159.775391,,,,,,,,,,,,,,,,,,,,,,,,,,,,,,,,,
8146,81.460000,0.000000,0.000000,0.000000,1.000000,0.000000,0.000000,0.000000,57.698101,20.499701,-14.700500,0.047771,-0.013570,0.015998,-15.666301,-52.738201,18.801300,-93.396698,0.129960,17.611099,-0.205091,-0.485889,-0.684246,0.503644,383.982910,1544.462891,-4172.489746,385.818176,1463.598145,-4181.256348,398.887970,1587.284424,-4200.037109,364.196930,1496.313110,-4132.877930,387.028412,1630.656372,-4175.787109,385.756348,1463.744019,-4181.045410,398.822144,1587.184204,-4199.999512,364.335815,1496.409302,-4133.226562,387.036102,1630.547363,-4175.729004,2616.272217,1567.746948,-3159.789795,,,,,,,,,,,,,,,,,,,,,,,,,,,,,,,,,
8147,81.470000,0.000000,0.000000,0.000000,1.000000,0.000000,0.000000,0.000000,57.698101,20.499701,-14.700500,0.047771,-0.013570,0.015998,-15.666301,-52.738201,18.801300,-93.396698,0.129960,17.611099,-0.210974,-0.480512,-0.684501,0.506021,382.298279,1544.335327,-4172.616699,383.596008,1463.486450,-4181.622559,396.981598,1587.157227,-4200.282227,362.897400,1496.176758,-4132.825195,385.718109,1630.521240,-4175.735352,383.650024,1463.357910,-4181.448242,396.788879,1586.956665,-4200.348633,362.943848,1496.413452,-4133.173828,385.808777,1630.637695,-4175.538574,2616.249023,1567.738892,-3159.781738,,,,,,,,,,,,,,,,,,,,,,,,,,,,,,,,,
8148,81.480000,0.000000,0.000000,0.000000,1.000000,0.000000,0.000000,0.000000,57.698101,20.499701,-14.700500,0.047771,-0.013570,0.015998,-15.666301,-52.738201,18.801300,-93.396698,0.129960,17.611099,-0.209714,-0.480693,-0.686086,0.504223,380.557404,1544.196899,-4172.757812,381.669647,1463.360840,-4181.903320,395.478455,1587.027100,-4200.283203,360.851837,1496.021362,-4133.137207,384.229675,1630.378418,-4175.707031,381.734497,1463.250488,-4181.516113,395.204895,1586.897095,-4200.458008,360.883820,1496.078613,-4133.630859,384.414886,1630.564697,-4175.449219,2616.282227,1567.761841,-3159.784668,,,,,,,,,,,,,,,,,,,,,,,,,,,,,,,,,
8149,81.490000,0.000000,0.000000,0.000000,1.000000,0.000000,0.000000,0.000000,57.698101,20.499701,-14.700500,0.047771,-0.013570,0.015998,-15.666301,-52.738201,18.801300,-93.396698,0.129960,17.611099,-0.205706,-0.482688,-0.688719,0.500363,379.136139,1544.205444,-4172.637695,380.098480,1463.386475,-4181.950195,394.534485,1587.046875,-4199.881348,358.787140,1496.007812,-4133.371094,383.124390,1630.380737,-4175.349121,380.055878,1463.240234,-4181.563477,394.403656,1587.103516,-4199.976074,358.854706,1495.861206,-4133.759277,383.242218,1630.579834,-4175.243652,2616.308838,1567.733398,-3159.775635,,,,,,,,,,,,,,,,,,,,,,,,,,,,,,,,,
8150,81.500000,0.000000,0.000000,0.000000,1.000000,0.000000,0.000000,0.000000,57.698101,20.499701,-14.700500,0.047771,-0.013570,0.015998,-15.666301,-52.738201,18.801300,-93.396698,0.129960,17.611099,-0.201132,-0.487473,-0.687908,0.498697,377.852783,1544.211792,-4172.498535,379.324524,1463.366821,-4181.514160,393.377808,1587.034180,-4199.700195,357.254944,1496.050415,-4133.316895,381.453827,1630.395752,-4175.463379,379.149475,1463.549194,-4181.187500,393.373596,1587.166626,-4199.626465,357.426331,1495.834473,-4133.652344,381.462433,1630.291626,-4175.531738,2616.312500,1567.730103,-3159.756836,,,,,,,,,,,,,,,,,,,,,,,,,,,,,,,,,
8151,81.510000,0.000000,0.000000,0.000000,1.000000,0.000000,0.000000,0.000000,57.698101,20.499701,-14.700500,0.047771,-0.013570,0.015998,-15.666301,-52.738201,18.801300,-93.396698,0.129960,17.611099,-0.202959,-0.487004,-0.686058,0.500958,376.379791,1544.062988,-4172.559570,378.039917,1463.204224,-4181.416992,391.615143,1586.874878,-4199.940918,356.158661,1495.922119,-4133.157715,379.705353,1630.251099,-4175.723145,378.079468,1463.640503,-4181.038086,391.374420,1586.745361,-4199.972168,356.208252,1495.869751,-4133.546387,379.864471,1630.084961,-4175.637695,2616.314941,1567.765625,-3159.764648,,,,,,,,,,,,,,,,,,,,,,,,,,,,,,,,,
8152,81.520000,0.000000,0.000000,0.000000,1.000000,0.000000,0.000000,0.000000,57.698101,20.499701,-14.700500,0.047771,-0.013570,0.015998,-15.666301,-52.738201,18.801300,-93.396698,0.129960,17.611099,-0.210267,-0.482204,-0.684129,0.505208,374.683228,1543.842163,-4172.729492,376.063507,1462.973633,-4181.545410,389.429932,1586.610107,-4200.445312,355.182343,1495.762329,-4132.892090,378.057068,1630.022949,-4176.035645,376.145447,1463.265259,-4181.242676,389.191376,1586.355835,-4200.585938,355.224243,1495.962891,-4133.333984,378.176941,1629.826538,-4175.785156,2616.313232,1567.778564,-3159.781494,,,,,,,,,,,,,,,,,,,,,,,,,,,,,,,,,
8153,81.530000,0.000000,0.000000,0.000000,1.000000,0.000000,0.000000,0.000000,57.698101,20.499701,-14.700500,0.047771,-0.013570,0.015998,-15.666301,-52.738201,18.801300,-93.396698,0.129960,17.611099,-0.213333,-0.478674,-0.685645,0.505224,372.916931,1543.644287,-4172.891602,373.752014,1462.797729,-4181.974121,387.720459,1586.412964,-4200.575684,353.414215,1495.552979,-4133.068848,376.780975,1629.813843,-4175.947754,373.864563,1462.856934,-4181.615723,387.394073,1586.232056,-4200.811523,353.401672,1495.630005,-4133.520020,376.989258,1629.853394,-4175.658691,2616.307617,1567.729004,-3159.776611,,,,,,,,,,,,,,,,,,,,,,,,,,,,,,,,,
8154,81.540000,0.000000,0.000000,0.000000,1.000000,0.000000,0.000000,0.000000,57.698101,20.499701,-14.700500,0.047771,-0.013570,0.015998,-15.666301,-52.738201,18.801300,-93.396698,0.129960,17.611099,-0.211819,-0.478676,-0.688277,0.502271,371.411835,1543.562744,-4172.957031,371.877197,1462.738525,-4182.260742,386.606506,1586.329346,-4200.431152,351.416901,1495.464844,-4133.387207,375.746643,1629.718750,-4175.748535,371.949158,1462.602417,-4181.933594,386.341980,1586.263062,-4200.569824,351.433929,1495.549927,-4133.812988,375.927734,1629.837769,-4175.535156,2616.276123,1567.709106,-3159.760498,,,,,,,,,,,,,,,,,,,,,,,,,,,,,,,,,
8155,81.550000,0.000000,0.000000,0.000000,1.000000,0.000000,0.000000,0.000000,57.698101,20.499701,-14.700500,0.047771,-0.013570,0.015998,-15.666301,-52.738201,18.801300,-93.396698,0.129960,17.611099,-0.204352,-0.484774,-0.689575,0.497715,369.941650,1543.446167,-4172.979492,370.778198,1462.608643,-4182.141113,385.626984,1586.202881,-4200.192383,349.210754,1495.366455,-4133.767578,374.150574,1629.606934,-4175.815430,370.731720,1462.469116,-4181.895020,385.539978,1586.327148,-4200.213867,349.307800,1495.467651,-4134.094238,374.196014,1629.524048,-4175.738770,2616.264648,1567.775513,-3159.779785,,,,,,,,,,,,,,,,,,,,,,,,,,,,,,,,,
8156,81.560000,0.000000,0.000000,0.000000,1.000000,0.000000,0.000000,0.000000,57.698101,20.499701,-14.700500,0.047771,-0.013570,0.015998,-15.666301,-52.738201,18.801300,-93.396698,0.129960,17.611099,-0.202345,-0.487172,-0.688793,0.497276,368.495178,1543.201294,-4173.017090,369.630005,1462.346558,-4181.992188,384.191223,1585.945312,-4200.243652,347.706970,1495.145386,-4133.806641,372.452423,1629.368164,-4176.025879,369.718719,1462.424683,-4181.628418,383.897125,1585.926025,-4200.428711,347.692413,1495.116089,-4134.191406,372.666870,1629.341064,-4175.830078,2616.290771,1567.794678,-3159.798828,,,,,,,,,,,,,,,,,,,,,,,,,,,,,,,,,
8157,81.570000,0.000000,0.000000,0.000000,1.000000,0.000000,0.000000,0.000000,57.698101,20.499701,-14.700500,0.047771,-0.013570,0.015998,-15.666301,-52.738201,18.801300,-93.396698,0.129960,17.611099,-0.210056,-0.482490,-0.685977,0.502509,367.020935,1542.957031,-4173.057617,368.012634,1462.086426,-4181.906250,382.100952,1585.659790,-4200.693848,347.111084,1494.961914,-4133.320312,370.859009,1629.120605,-4176.309082,368.012939,1462.140381,-4181.706543,382.013031,1585.512329,-4200.807129,347.183777,1495.112061,-4133.634766,370.880768,1629.078247,-4176.117676,2616.284180,1567.730713,-3159.781250,,,,,,,,,,,,,,,,,,,,,,,,,,,,,,,,,
8158,81.580000,0.000000,0.000000,0.000000,1.000000,0.000000,0.000000,0.000000,57.698101,20.499701,-14.700500,0.047771,-0.013570,0.015998,-15.666301,-52.738201,18.801300,-93.396698,0.129960,17.611099,-0.214847,-0.478895,-0.684940,0.505329,365.375397,1542.694580,-4173.200195,366.149963,1461.825439,-4182.084961,380.137634,1585.387451,-4201.022461,345.938721,1494.711304,-4133.215332,369.275208,1628.854248,-4176.477539,366.062256,1461.698853,-4182.059570,380.208313,1585.244751,-4200.942871,346.112030,1495.049072,-4133.431152,369.151245,1628.842651,-4176.403809,2616.317871,1567.730103,-3159.763184,,,,,,,,,,,,,,,,,,,,,,,,,,,,,,,,,
8159,81.590000,0.000000,0.000000,0.000000,1.000000,0.000000,0.000000,0.000000,57.698101,20.499701,-14.700500,0.047771,-0.013570,0.015998,-15.666301,-52.738201,18.801300,-93.396698,0.129960,17.611099,-0.213225,-0.479081,-0.687316,0.502606,363.551056,1542.399536,-4173.506348,364.016205,1461.550171,-4182.588379,378.672729,1585.094238,-4201.132324,343.657806,1494.405396,-4133.759277,367.857391,1628.548584,-4176.543945,364.136261,1461.339233,-4182.363281,378.360016,1584.965088,-4201.225586,343.631378,1494.507324,-4134.076660,368.079956,1628.792480,-4176.356445,2616.285400,1567.744629,-3159.771729,,,,,,,,,,,,,,,,,,,,,,,,,,,,,,,,,
8160,81.600000,0.000000,0.000000,0.000000,1.000000,0.000000,0.000000,0.000000,57.698101,20.499701,-14.700500,0.047771,-0.013570,0.015998,-15.666301,-52.738201,18.801300,-93.396698,0.129960,17.611099,-0.207814,-0.483044,-0.689484,0.498090,362.069305,1542.244873,-4173.614746,362.563568,1461.395996,-4182.701172,377.714050,1584.920288,-4200.978516,341.443573,1494.275757,-4134.212891,366.556000,1628.387817,-4176.566895,362.538727,1461.303345,-4182.277344,377.545380,1584.947510,-4201.088867,341.503906,1494.103638,-4134.650391,366.705475,1628.592407,-4176.443848,2616.277344,1567.740845,-3159.774658,,,,,,,,,,,,,,,,,,,,,,,,,,,,,,,,,
8161,81.610000,0.000000,0.000000,0.000000,1.000000,0.000000,0.000000,0.000000,57.698101,20.499701,-14.700500,0.047771,-0.013570,0.015998,-15.666301,-52.738201,18.801300,-93.396698,0.129960,17.611099,-0.203127,-0.488131,-0.688774,0.496043,360.827759,1542.138184,-4173.557617,361.806000,1461.258057,-4182.320312,376.640625,1584.778564,-4200.878906,339.899048,1494.227905,-4134.244141,364.965271,1628.288574,-4176.787598,361.773376,1461.581299,-4181.744629,376.469543,1584.787842,-4201.074707,339.951019,1493.889526,-4134.729492,365.114014,1628.301147,-4176.650391,2616.308350,1567.743652,-3159.767822,,,,,,,,,,,,,,,,,,,,,,,,,,,,,,,,,
8162,81.620000,0.000000,0.000000,0.000000,1.000000,0.000000,0.000000,0.000000,57.698101,20.499701,-14.700500,0.047771,-0.013570,0.015998,-15.666301,-52.738201,18.801300,-93.396698,0.129960,17.611099,-0.207576,-0.485954,-0.686882,0.498953,359.194611,1541.848145,-4173.758301,360.122803,1460.950562,-4182.363770,374.652679,1584.441772,-4201.354492,338.767242,1494.006348,-4134.099121,363.235626,1627.994263,-4177.215820,360.071625,1461.248779,-4182.043945,374.569885,1584.289185,-4201.419922,338.874969,1493.981079,-4134.463379,363.265259,1627.926270,-4177.100586,2616.312744,1567.749634,-3159.765625,,,,,,,,,,,,,,,,,,,,,,,,,,,,,,,,,
8163,81.630000,0.000000,0.000000,0.000000,1.000000,0.000000,0.000000,0.000000,57.698101,20.499701,-14.700500,0.047771,-0.013570,0.015998,-15.666301,-52.738201,18.801300,-93.396698,0.129960,17.611099,-0.214421,-0.481091,-0.686015,0.501955,357.433655,1541.544800,-4174.082520,357.912720,1460.646729,-4182.720703,372.562439,1584.088989,-4201.935547,337.528534,1493.767090,-4134.081543,361.730865,1627.676514,-4177.590820,357.844696,1460.703003,-4182.637207,372.573578,1583.924561,-4201.861328,337.685120,1493.994995,-4134.341797,361.658508,1627.589111,-4177.530762,2616.296143,1567.744507,-3159.769043,,,,,,,,,,,,,,,,,,,,,,,,,,,,,,,,,
8164,81.640000,0.000000,0.000000,0.000000,1.000000,0.000000,0.000000,0.000000,57.698101,20.499701,-14.700500,0.047771,-0.013570,0.015998,-15.666301,-52.738201,18.801300,-93.396698,0.129960,17.611099,-0.218582,-0.477161,-0.686922,0.502670,355.612457,1541.228760,-4174.452148,355.550110,1460.350464,-4183.286133,370.702759,1583.754883,-4202.354492,335.837524,1493.466675,-4134.368652,360.359436,1627.343262,-4177.800293,355.616211,1460.282104,-4183.079590,370.474487,1583.559814,-4202.438477,335.870514,1493.655396,-4134.736816,360.481079,1627.431396,-4177.601074,2616.268555,1567.773315,-3159.790283,,,,,,,,,,,,,,,,,,,,,,,,,,,,,,,,,
8165,81.650000,0.000000,0.000000,0.000000,1.000000,0.000000,0.000000,0.000000,57.698101,20.499701,-14.700500,0.047771,-0.013570,0.015998,-15.666301,-52.738201,18.801300,-93.396698,0.129960,17.611099,-0.215393,-0.480337,-0.688042,0.499480,353.891418,1541.068237,-4174.745605,353.839447,1460.177002,-4183.460449,369.336761,1583.536621,-4202.541016,333.620758,1493.386963,-4134.813477,358.768707,1627.172485,-4178.167480,353.909485,1460.190796,-4183.120117,369.060181,1583.453735,-4202.651367,333.653107,1493.480591,-4135.287109,358.944305,1627.160278,-4177.976074,2616.227051,1567.743652,-3159.798828,,,,,,,,,,,,,,,,,,,,,,,,,,,,,,,,,
8166,81.660000,0.000000,0.000000,0.000000,1.000000,0.000000,0.000000,0.000000,57.698101,20.499701,-14.700500,0.047771,-0.013570,0.015998,-15.666301,-52.738201,18.801300,-93.396698,0.129960,17.611099,-0.208536,-0.485955,-0.689509,0.494911,352.614899,1541.033325,-4174.812500,352.838165,1460.129639,-4183.408691,368.562347,1583.481445,-4202.354004,331.605957,1493.383545,-4135.225586,357.453094,1627.138794,-4178.260742,352.901794,1460.309326,-4182.988770,368.283875,1583.569702,-4202.489258,331.589691,1493.198730,-4135.609863,357.681702,1627.060425,-4178.155273,2616.288086,1567.712036,-3159.772217,,,,,,,,,,,,,,,,,,,,,,,,,,,,,,,,,
8167,81.670000,0.000000,0.000000,0.000000,1.000000,0.000000,0.000000,0.000000,57.698101,20.499701,-14.700500,0.047771,-0.013570,0.015998,-15.666301,-52.738201,18.801300,-93.396698,0.129960,17.611099,-0.206009,-0.488530,-0.689259,0.493782,350.941437,1540.831055,-4175.162598,351.404266,1459.913208,-4183.614258,366.988007,1583.266235,-4202.666992,329.760406,1493.204224,-4135.640137,355.613068,1626.940796,-4178.729492,351.429230,1460.138794,-4183.212891,366.764252,1583.371582,-4202.771973,329.773712,1493.025757,-4136.002441,355.800690,1626.800903,-4178.650391,2616.279297,1567.738159,-3159.767334,,,,,,,,,,,,,,,,,,,,,,,,,,,,,,,,,
8168,81.680000,0.000000,0.000000,0.000000,1.000000,0.000000,0.000000,0.000000,57.698101,20.499701,-14.700500,0.047771,-0.013570,0.015998,-15.666301,-52.738201,18.801300,-93.396698,0.129960,17.611099,-0.214964,-0.482135,-0.687547,0.498614,349.232666,1540.737061,-4175.396484,349.246155,1459.820923,-4183.876953,364.740936,1583.132446,-4203.268066,328.865112,1493.161499,-4135.387207,354.078430,1626.833496,-4179.052734,349.232605,1459.772949,-4183.661133,364.606964,1583.118042,-4203.257812,328.966125,1493.315186,-4135.759277,354.141266,1626.768188,-4178.964844,2616.262207,1567.751587,-3159.788818,,,,,,,,,,,,,,,,,,,,,,,,,,,,,,,,,
8169,81.690000,0.000000,0.000000,0.000000,1.000000,0.000000,0.000000,0.000000,57.698101,20.499701,-14.700500,0.047771,-0.013570,0.015998,-15.666301,-52.738201,18.801300,-93.396698,0.129960,17.611099,-0.219386,-0.479313,-0.686182,0.501281,347.225281,1540.599609,-4175.807129,347.100555,1459.677612,-4184.230469,362.415283,1582.968628,-4203.893066,327.320343,1493.061157,-4135.521973,352.064880,1626.691162,-4179.582031,347.038055,1459.588745,-4184.082520,362.390503,1582.870361,-4203.867188,327.497559,1493.396729,-4135.905273,352.014465,1626.620728,-4179.457520,2616.276611,1567.715698,-3159.781982,,,,,,,,,,,,,,,,,,,,,,,,,,,,,,,,,
8170,81.700000,0.000000,0.000000,0.000000,1.000000,0.000000,0.000000,0.000000,57.698101,20.499701,-14.700500,0.047771,-0.013570,0.015998,-15.666301,-52.738201,18.801300,-93.396698,0.129960,17.611099,-0.217371,-0.480656,-0.687281,0.499364,345.137573,1540.510986,-4176.236816,344.969086,1459.592407,-4184.692383,360.559204,1582.872314,-4204.208008,324.916351,1492.981323,-4136.099121,350.105560,1626.598145,-4179.946289,344.927368,1459.525146,-4184.489746,360.514191,1582.750977,-4204.273438,325.025604,1493.113037,-4136.428711,350.098053,1626.674927,-4179.790527,2616.260010,1567.738037,-3159.783936,,,,,,,,,,,,,,,,,,,,,,,,,,,,,,,,,
8171,81.710000,0.000000,0.000000,0.000000,1.000000,0.000000,0.000000,0.000000,57.698101,20.499701,-14.700500,0.047771,-0.013570,0.015998,-15.666301,-52.738201,18.801300,-93.396698,0.129960,17.611099,-0.212806,-0.483615,-0.688882,0.496258,343.593353,1540.687012,-4176.271484,343.518860,1459.774292,-4184.784180,359.382812,1583.064209,-4204.012207,322.846710,1493.134033,-4136.430664,348.625031,1626.775635,-4179.858398,343.610260,1459.816162,-4184.444336,359.095612,1582.971313,-4204.185547,322.805817,1492.971313,-4136.766113,348.866516,1626.988403,-4179.691895,2616.261963,1567.775513,-3159.785156,,,,,,,,,,,,,,,,,,,,,,,,,,,,,,,,,
8172,81.720000,0.000000,0.000000,0.000000,1.000000,0.000000,0.000000,0.000000,57.698101,20.499701,-14.700500,0.047771,-0.013570,0.015998,-15.666301,-52.738201,18.801300,-93.396698,0.129960,17.611099,-0.208253,-0.487498,-0.688750,0.494571,342.032532,1540.909790,-4176.270020,342.369385,1459.983398,-4184.645020,357.982239,1583.301880,-4203.896484,321.004272,1493.342896,-4136.594238,346.774139,1627.011353,-4179.943848,342.318146,1460.271606,-4184.235840,357.858856,1583.338867,-4203.949707,321.064087,1493.031006,-4136.950684,346.888092,1626.997437,-4179.922852,2616.283936,1567.765503,-3159.778564,,,,,,,,,,,,,,,,,,,,,,,,,,,,,,,,,
8173,81.730000,0.000000,0.000000,0.000000,1.000000,0.000000,0.000000,0.000000,57.698101,20.499701,-14.700500,0.047771,-0.013570,0.015998,-15.666301,-52.738201,18.801300,-93.396698,0.129960,17.611099,-0.213637,-0.484708,-0.686356,0.498330,339.936096,1540.934082,-4176.537598,340.241760,1459.989380,-4184.735352,355.425415,1583.281494,-4204.492676,319.553558,1493.433350,-4136.447266,344.523621,1627.032227,-4180.474121,340.224731,1460.215576,-4184.437500,355.304382,1583.177246,-4204.551758,319.638916,1493.440430,-4136.812500,344.584778,1626.936401,-4180.356445,2616.282959,1567.743164,-3159.777100,,,,,,,,,,,,,,,,,,,,,,,,,,,,,,,,,
8174,81.740000,0.000000,0.000000,0.000000,1.000000,0.000000,0.000000,0.000000,57.698101,20.499701,-14.700500,0.047771,-0.013570,0.015998,-15.666301,-52.738201,18.801300,-93.396698,0.129960,17.611099,-0.221049,-0.478180,-0.685690,0.502305,337.635803,1540.922607,-4176.979980,337.456726,1459.999512,-4185.392090,352.704132,1583.284912,-4205.142090,317.907898,1493.393555,-4136.597168,342.474396,1627.012817,-4180.789062,337.537109,1459.855591,-4185.283691,352.528381,1583.082153,-4205.259766,317.932770,1493.786621,-4136.895996,342.539490,1627.021240,-4180.525391,2616.306396,1567.778809,-3159.778320,,,,,,,,,,,,,,,,,,,,,,,,,,,,,,,,,
8175,81.750000,0.000000,0.000000,0.000000,1.000000,0.000000,0.000000,0.000000,57.698101,20.499701,-14.700500,0.047771,-0.013570,0.015998,-15.666301,-52.738201,18.801300,-93.396698,0.129960,17.611099,-0.218408,-0.479968,-0.686011,0.501315,335.403778,1541.077026,-4177.241211,335.411713,1460.154297,-4185.659180,350.585754,1583.465942,-4205.301758,315.491241,1493.512695,-4136.991211,340.126343,1627.175293,-4181.013184,335.382568,1460.064087,-4185.476562,350.488037,1583.443359,-4205.258301,315.609436,1493.710815,-4137.348633,340.157349,1627.125366,-4180.942871,2616.269775,1567.780762,-3159.785156,,,,,,,,,,,,,,,,,,,,,,,,,,,,,,,,,
8176,81.760000,0.000000,0.000000,0.000000,1.000000,0.000000,0.000000,0.000000,57.698101,20.499701,-14.700500,0.047771,-0.013570,0.015998,-15.666301,-52.738201,18.801300,-93.396698,0.129960,17.611099,-0.209386,-0.485398,-0.688986,0.495827,333.469849,1541.319214,-4177.392090,333.727203,1460.414185,-4185.973145,349.308563,1583.773438,-4204.986816,312.607513,1493.662231,-4137.736816,338.236023,1627.427490,-4180.871094,333.812408,1460.473511,-4185.415039,348.952240,1583.765015,-4205.225098,312.575287,1493.359009,-4138.264160,338.550476,1627.653687,-4180.668945,2616.269287,1567.747192,-3159.786621,,,,,,,,,,,,,,,,,,,,,,,,,,,,,,,,,
8177,81.770000,0.000000,0.000000,0.000000,1.000000,0.000000,0.000000,0.000000,57.698101,20.499701,-14.700500,0.047771,-0.013570,0.015998,-15.666301,-52.738201,18.801300,-93.396698,0.129960,17.611099,-0.207803,-0.487482,-0.687480,0.496539,331.573822,1541.506470,-4177.451660,332.251160,1460.582764,-4185.831543,347.285950,1583.969604,-4205.105469,310.828186,1493.845825,-4137.739746,335.929871,1627.628174,-4181.129883,332.265411,1460.789307,-4185.471680,347.086243,1583.913818,-4205.176270,310.862762,1493.666626,-4138.103516,336.081696,1627.661377,-4181.055176,2616.289307,1567.744507,-3159.768066,,,,,,,,,,,,,,,,,,,,,,,,,,,,,,,,,
8178,81.780000,0.000000,0.000000,0.000000,1.000000,0.000000,0.000000,0.000000,57.698101,20.499701,-14.700500,0.047771,-0.013570,0.015998,-15.666301,-52.738201,18.801300,-93.396698,0.129960,17.611099,-0.212912,-0.484006,-0.685318,0.500745,329.340424,1541.615479,-4177.702148,330.010132,1460.687256,-4186.039551,344.558655,1584.083618,-4205.622559,309.283752,1493.950073,-4137.643066,333.509094,1627.741089,-4181.502441,329.972748,1460.866821,-4185.800293,344.477966,1583.948120,-4205.649414,309.385742,1493.985352,-4137.973145,333.533142,1627.687134,-4181.405762,2616.292236,1567.732422,-3159.768066,,,,,,,,,,,,,,,,,,,,,,,,,,,,,,,,,
8179,81.790000,0.000000,0.000000,0.000000,1.000000,0.000000,0.000000,0.000000,57.698101,20.499701,-14.700500,0.047771,-0.013570,0.015998,-15.666301,-52.738201,18.801300,-93.396698,0.129960,17.611099,-0.219572,-0.478321,-0.684468,0.504481,326.973022,1541.708252,-4178.020996,327.250153,1460.794556,-4186.520508,341.787384,1584.185913,-4206.144043,307.534088,1494.024048,-4137.681152,331.320374,1627.828613,-4181.738770,327.295532,1460.810303,-4186.276367,341.582245,1583.991821,-4206.237305,307.581146,1494.151245,-4138.070312,331.427155,1627.884033,-4181.549316,2616.308105,1567.751709,-3159.763672,,,,,,,,,,,,,,,,,,,,,,,,,,,,,,,,,
8180,81.800000,0.000000,0.000000,0.000000,1.000000,0.000000,0.000000,0.000000,57.698101,20.499701,-14.700500,0.047771,-0.013570,0.015998,-15.666301,-52.738201,18.801300,-93.396698,0.129960,17.611099,-0.218601,-0.477367,-0.686035,0.503678,324.723541,1541.896729,-4178.261230,324.840820,1461.012207,-4187.038086,339.681305,1584.438354,-4206.210938,305.107666,1494.116821,-4138.120605,329.264343,1628.019653,-4181.675293,324.840485,1460.817383,-4186.874512,339.571198,1584.404297,-4206.207520,305.164124,1494.219971,-4138.378418,329.327606,1628.141357,-4181.596191,2616.317383,1567.732178,-3159.768555,,,,,,,,,,,,,,,,,,,,,,,,,,,,,,,,,
8181,81.810000,0.000000,0.000000,0.000000,1.000000,0.000000,0.000000,0.000000,57.698101,20.499701,-14.700500,0.047771,-0.013570,0.015998,-15.666301,-52.738201,18.801300,-93.396698,0.129960,17.611099,-0.208964,-0.484564,-0.687723,0.498566,322.841766,1542.313599,-4178.234375,323.480988,1461.423584,-4186.937988,338.369415,1584.888550,-4205.820312,302.358490,1494.492432,-4138.579590,327.158051,1628.450073,-4181.601074,323.341766,1461.322266,-4186.672852,338.371918,1584.988403,-4205.780273,302.527374,1494.495117,-4138.925293,327.138855,1628.435669,-4181.587891,2616.294922,1567.711060,-3159.774658,,,,,,,,,,,,,,,,,,,,,,,,,,,,,,,,,
8182,81.820000,0.000000,0.000000,0.000000,1.000000,0.000000,0.000000,0.000000,57.698101,20.499701,-14.700500,0.047771,-0.013570,0.015998,-15.666301,-52.738201,18.801300,-93.396698,0.129960,17.611099,-0.204944,-0.488366,-0.686386,0.498368,320.700836,1542.444336,-4178.499512,321.946503,1461.538208,-4186.983887,336.196594,1585.049316,-4206.057129,300.175873,1494.591919,-4138.903809,324.484253,1628.598389,-4182.054199,322.065887,1461.816895,-4186.468262,335.814301,1584.859619,-4206.298340,300.168091,1494.499390,-4139.425781,324.743805,1628.620239,-4181.797852,2616.294922,1567.765259,-3159.776611,,,,,,,,,,,,,,,,,,,,,,,,,,,,,,,,,
8183,81.830000,0.000000,0.000000,0.000000,1.000000,0.000000,0.000000,0.000000,57.698101,20.499701,-14.700500,0.047771,-0.013570,0.015998,-15.666301,-52.738201,18.801300,-93.396698,0.129960,17.611099,-0.213597,-0.482015,-0.683000,0.505519,318.534210,1542.584473,-4178.684570,319.727112,1461.678467,-4187.178711,333.200836,1585.213623,-4206.654785,299.171417,1494.700684,-4138.544922,322.037415,1628.745117,-4182.360352,319.763550,1461.789917,-4186.975586,333.028473,1584.960449,-4206.732910,299.236481,1494.892334,-4138.916504,322.104248,1628.702881,-4182.170410,2616.266602,1567.770264,-3159.798340,,,,,,,,,,,,,,,,,,,,,,,,,,,,,,,,,
8184,81.840000,0.000000,0.000000,0.000000,1.000000,0.000000,0.000000,0.000000,57.698101,20.499701,-14.700500,0.047771,-0.013570,0.015998,-15.666301,-52.738201,18.801300,-93.396698,0.129960,17.611099,-0.218171,-0.477723,-0.682479,0.508335,316.373840,1542.765381,-4178.917480,317.299500,1461.874146,-4187.582520,330.741089,1585.421875,-4207.000977,297.465515,1494.839478,-4138.611816,319.989166,1628.926392,-4182.474121,317.412811,1461.875000,-4187.328125,330.426086,1585.192627,-4207.150879,297.457245,1495.012207,-4139.018066,320.171906,1628.979370,-4182.224609,2616.280273,1567.771484,-3159.787598,,,,,,,,,,,,,,,,,,,,,,,,,,,,,,,,,
8185,81.850000,0.000000,0.000000,0.000000,1.000000,0.000000,0.000000,0.000000,57.698101,20.499701,-14.700500,0.047771,-0.013570,0.015998,-15.666301,-52.738201,18.801300,-93.396698,0.129960,17.611099,-0.214267,-0.478714,-0.685473,0.505024,314.386871,1543.032349,-4178.995605,315.132812,1462.173706,-4187.978027,329.201050,1585.751831,-4206.750000,294.881927,1495.009888,-4139.090820,318.331635,1629.193970,-4182.163574,315.004883,1461.933716,-4187.771973,329.194763,1585.856567,-4206.647949,295.015533,1494.972656,-4139.350098,318.328186,1629.328003,-4182.209961,2616.287598,1567.743774,-3159.789307,,,,,,,,,,,,,,,,,,,,,,,,,,,,,,,,,
8186,81.860000,0.000000,0.000000,0.000000,1.000000,0.000000,0.000000,0.000000,57.698101,20.499701,-14.700500,0.047771,-0.013570,0.015998,-15.666301,-52.738201,18.801300,-93.396698,0.129960,17.611099,-0.209181,-0.482890,-0.685842,0.502674,312.393280,1543.269043,-4179.113281,313.508392,1462.402222,-4187.982422,327.452911,1586.000000,-4206.717285,292.494293,1495.235718,-4139.416992,316.117432,1629.438599,-4182.336426,313.274078,1462.328613,-4187.820801,327.622070,1586.210083,-4206.541016,292.695374,1495.128906,-4139.605957,315.994904,1629.416138,-4182.472168,2616.284912,1567.754517,-3159.781982,,,,,,,,,,,,,,,,,,,,,,,,,,,,,,,,,
8187,81.870000,0.000000,0.000000,0.000000,1.000000,0.000000,0.000000,0.000000,57.698101,20.499701,-14.700500,0.047771,-0.013570,0.015998,-15.666301,-52.738201,18.801300,-93.396698,0.129960,17.611099,-0.204942,-0.487454,-0.684056,0.502448,310.364777,1543.449707,-4179.247559,312.171631,1462.560669,-4187.793457,325.376984,1586.187866,-4206.866211,290.433655,1495.418823,-4139.563965,313.476807,1629.631958,-4182.765625,312.327698,1463.080933,-4187.222168,325.007111,1585.992798,-4207.114258,290.397064,1495.268921,-4140.006836,313.740845,1629.575073,-4182.535156,2616.307373,1567.736084,-3159.769775,,,,,,,,,,,,,,,,,,,,,,,,,,,,,,,,,
8188,81.880000,0.000000,0.000000,0.000000,1.000000,0.000000,0.000000,0.000000,57.698101,20.499701,-14.700500,0.047771,-0.013570,0.015998,-15.666301,-52.738201,18.801300,-93.396698,0.129960,17.611099,-0.210562,-0.483713,-0.681385,0.507347,308.420685,1543.677612,-4179.291016,310.272156,1462.783203,-4187.777832,322.850403,1586.419312,-4207.212891,289.294342,1495.645020,-4139.215820,311.265808,1629.862915,-4182.958008,310.297028,1463.110352,-4187.449707,322.647491,1586.153687,-4207.266602,289.394135,1495.806396,-4139.717285,311.354767,1629.707642,-4182.779785,2616.310303,1567.750977,-3159.763916,,,,,,,,,,,,,,,,,,,,,,,,,,,,,,,,,
8189,81.890000,0.000000,0.000000,0.000000,1.000000,0.000000,0.000000,0.000000,57.698101,20.499701,-14.700500,0.047771,-0.013570,0.015998,-15.666301,-52.738201,18.801300,-93.396698,0.129960,17.611099,-0.217031,-0.477014,-0.682262,0.509778,306.664917,1543.907715,-4179.324219,307.825134,1463.041870,-4188.196289,320.887421,1586.678101,-4207.308105,287.924835,1495.823242,-4139.128906,310.022186,1630.088013,-4182.663574,307.940857,1462.877075,-4188.009766,320.596008,1586.438599,-4207.416504,287.925079,1496.127686,-4139.512207,310.182068,1630.215820,-4182.402344,2616.307129,1567.719116,-3159.769287,,,,,,,,,,,,,,,,,,,,,,,,,,,,,,,,,
8190,81.900000,0.000000,0.000000,0.000000,1.000000,0.000000,0.000000,0.000000,57.698101,20.499701,-14.700500,0.047771,-0.013570,0.015998,-15.666301,-52.738201,18.801300,-93.396698,0.129960,17.611099,-0.211222,-0.479989,-0.684897,0.505877,304.752106,1544.041016,-4179.422852,305.959167,1463.197876,-4188.493164,319.465149,1586.869141,-4207.062988,285.322662,1495.871704,-4139.658691,308.261383,1630.225830,-4182.476074,305.858154,1462.935181,-4188.222168,319.442139,1586.967773,-4207.077637,285.436554,1495.873657,-4139.962891,308.269196,1630.335693,-4182.421875,2616.288574,1567.760498,-3159.773193,,,,,,,,,,,,,,,,,,,,,,,,,,,,,,,,,
8191,81.910000,0.000000,0.000000,0.000000,1.000000,0.000000,0.000000,0.000000,57.698101,20.499701,-14.700500,0.047771,-0.013570,0.015998,-15.666301,-52.738201,18.801300,-93.396698,0.129960,17.611099,-0.205913,-0.483658,-0.686019,0.503044,302.690033,1544.130737,-4179.603516,304.157501,1463.291748,-4188.672852,317.723541,1586.989136,-4207.023438,282.777466,1495.920288,-4140.128906,306.101593,1630.321777,-4182.588379,303.866272,1463.124390,-4188.419434,317.880035,1587.265259,-4206.816406,283.027283,1495.756836,-4140.411133,305.995239,1630.363159,-4182.742188,2616.301270,1567.760376,-3159.776611,,,,,,,,,,,,,,,,,,,,,,,,,,,,,,,,,
8192,81.920000,0.000000,0.000000,0.000000,1.000000,0.000000,0.000000,0.000000,57.698101,20.499701,-14.700500,0.047771,-0.013570,0.015998,-15.666301,-52.738201,18.801300,-93.396698,0.129960,17.611099,-0.206959,-0.484418,-0.683717,0.505013,300.951965,1544.280151,-4179.625488,302.737305,1463.416992,-4188.416992,315.703461,1587.106445,-4207.248047,281.386993,1496.123535,-4139.912598,303.980011,1630.474121,-4182.924316,302.802582,1463.682373,-4188.030273,315.438141,1587.013550,-4207.361816,281.391693,1495.997070,-4140.290527,304.173126,1630.453613,-4182.802246,2616.299561,1567.790161,-3159.781738,,,,,,,,,,,,,,,,,,,,,,,,,,,,,,,,,
8193,81.930000,0.000000,0.000000,0.000000,1.000000,0.000000,0.000000,0.000000,57.698101,20.499701,-14.700500,0.047771,-0.013570,0.015998,-15.666301,-52.738201,18.801300,-93.396698,0.129960,17.611099,-0.210730,-0.482346,-0.681635,0.508241,299.128296,1544.399048,-4179.729004,300.977661,1463.524902,-4188.406738,313.482117,1587.208496,-4207.586426,280.107880,1496.269653,-4139.719727,301.945435,1630.593140,-4183.203125,301.184479,1463.859497,-4188.113770,313.053894,1586.796509,-4207.805664,280.047394,1496.414429,-4140.101562,302.191132,1630.505371,-4182.906250,2616.257324,1567.756592,-3159.793457,,,,,,,,,,,,,,,,,,,,,,,,,,,,,,,,,
8194,81.940000,0.000000,0.000000,0.000000,1.000000,0.000000,0.000000,0.000000,57.698101,20.499701,-14.700500,0.047771,-0.013570,0.015998,-15.666301,-52.738201,18.801300,-93.396698,0.129960,17.611099,-0.213434,-0.479600,-0.682130,0.509047,297.317169,1544.524170,-4179.734863,298.848450,1463.660645,-4188.570801,311.610352,1587.338745,-4207.615234,278.426300,1496.382446,-4139.678711,300.383575,1630.715210,-4183.073730,299.012787,1463.842651,-4188.212402,311.152710,1586.972900,-4207.800293,278.404388,1496.528198,-4140.208496,300.646484,1630.726929,-4182.782715,2616.277100,1567.737183,-3159.778076,,,,,,,,,,,,,,,,,,,,,,,,,,,,,,,,,
8195,81.950000,0.000000,0.000000,0.000000,1.000000,0.000000,0.000000,0.000000,57.698101,20.499701,-14.700500,0.047771,-0.013570,0.015998,-15.666301,-52.738201,18.801300,-93.396698,0.129960,17.611099,-0.210613,-0.480443,-0.684311,0.506492,295.340515,1544.474121,-4179.988281,296.730591,1463.630981,-4189.033203,309.971344,1587.326050,-4207.635254,275.999573,1496.274170,-4140.218262,298.660461,1630.665405,-4183.066895,296.605804,1463.597656,-4188.748535,309.952271,1587.334961,-4207.600098,276.171906,1496.267700,-4140.610352,298.651093,1630.687988,-4183.037109,2616.287598,1567.735474,-3159.771240,,,,,,,,,,,,,,,,,,,,,,,,,,,,,,,,,
8196,81.960000,0.000000,0.000000,0.000000,1.000000,0.000000,0.000000,0.000000,57.698101,20.499701,-14.700500,0.047771,-0.013570,0.015998,-15.666301,-52.738201,18.801300,-93.396698,0.129960,17.611099,-0.205591,-0.484140,-0.685175,0.503862,293.487366,1544.432007,-4180.125000,295.153595,1463.589600,-4189.128418,308.408691,1587.305298,-4207.583008,273.702820,1496.204712,-4140.606934,296.684326,1630.628784,-4183.180664,294.925629,1463.517944,-4188.873047,308.522430,1587.483398,-4207.492676,273.911774,1496.085083,-4140.890625,296.599915,1630.625854,-4183.242188,2616.309814,1567.723633,-3159.763672,,,,,,,,,,,,,,,,,,,,,,,,,,,,,,,,,
8197,81.970000,0.000000,0.000000,0.000000,1.000000,0.000000,0.000000,0.000000,57.698101,20.499701,-14.700500,0.047771,-0.013570,0.015998,-15.666301,-52.738201,18.801300,-93.396698,0.129960,17.611099,-0.203415,-0.487083,-0.683508,0.504173,291.572205,1544.333008,-4180.291992,293.720947,1463.471436,-4189.017578,306.397339,1587.195557,-4207.818848,271.853027,1496.130005,-4140.711914,294.317413,1630.535278,-4183.620117,293.699036,1463.594482,-4188.692383,306.238892,1587.216187,-4207.839355,271.921417,1496.021240,-4141.071289,294.433624,1630.501343,-4183.576660,2616.302734,1567.735962,-3159.770264,,,,,,,,,,,,,,,,,,,,,,,,,,,,,,,,,
8198,81.980000,0.000000,0.000000,0.000000,1.000000,0.000000,0.000000,0.000000,57.698101,20.499701,-14.700500,0.047771,-0.013570,0.015998,-15.666301,-52.738201,18.801300,-93.396698,0.129960,17.611099,-0.208175,-0.484042,-0.681319,0.508106,290.027222,1544.377808,-4180.206543,292.189972,1463.509644,-4188.868164,304.383759,1587.232788,-4207.992676,270.958649,1496.188354,-4140.292480,292.576477,1630.580688,-4183.673828,292.302032,1463.656128,-4188.554199,304.061249,1587.039795,-4208.157715,270.936829,1496.192993,-4140.661133,292.788910,1630.613647,-4183.468262,2616.252441,1567.774902,-3159.787354,,,,,,,,,,,,,,,,,,,,,,,,,,,,,,,,,
8199,81.990000,0.000000,0.000000,0.000000,1.000000,0.000000,0.000000,0.000000,57.698101,20.499701,-14.700500,0.047771,-0.013570,0.015998,-15.666301,-52.738201,18.801300,-93.396698,0.129960,17.611099,-0.214053,-0.479704,-0.680205,0.511260,288.350372,1544.362671,-4180.229980,290.207458,1463.491943,-4188.937012,302.351013,1587.193115,-4208.234375,269.820496,1496.205200,-4140.024902,291.022491,1630.560669,-4183.724121,290.389252,1463.534180,-4188.729980,301.960266,1586.878662,-4208.492188,269.737640,1496.348389,-4140.315430,291.258575,1630.644165,-4183.415039,2616.269775,1567.797974,-3159.812012,,,,,,,,,,,,,,,,,,,,,,,,,,,,,,,,,
8200,82.000000,0.000000,0.000000,0.000000,1.000000,0.000000,0.000000,0.000000,57.698101,20.499701,-14.700500,0.047771,-0.013570,0.015998,-15.666301,-52.738201,18.801300,-93.396698,0.129960,17.611099,-0.212320,-0.479478,-0.683046,0.508398,286.576965,1544.261719,-4180.307617,288.064880,1463.413818,-4189.293945,300.971466,1587.117676,-4208.072266,267.551086,1496.059082,-4140.388672,289.720306,1630.456421,-4183.475098,288.035858,1463.218872,-4189.094238,300.918365,1587.091064,-4208.133789,267.613495,1496.101074,-4140.636719,289.746857,1630.629150,-4183.356934,2616.267822,1567.756470,-3159.791016,,,,,,,,,,,,,,,,,,,,,,,,,,,,,,,,,
8201,82.010000,0.000000,0.000000,0.000000,1.000000,0.000000,0.000000,0.000000,57.698101,20.499701,-14.700500,0.047771,-0.013570,0.015998,-15.666301,-52.738201,18.801300,-93.396698,0.129960,17.611099,-0.206859,-0.482939,-0.685475,0.504086,284.687775,1544.078003,-4180.421387,286.187775,1463.239624,-4189.490723,299.599152,1586.946289,-4207.892578,264.940674,1495.854858,-4140.879395,288.023468,1630.271484,-4183.422363,285.877228,1463.083130,-4189.206055,299.805054,1587.215942,-4207.775391,265.197083,1495.704468,-4141.171875,287.883362,1630.292847,-4183.512207,2616.249023,1567.756592,-3159.785156,,,,,,,,,,,,,,,,,,,,,,,,,,,,,,,,,
8202,82.020000,0.000000,0.000000,0.000000,1.000000,0.000000,0.000000,0.000000,57.698101,20.499701,-14.700500,0.047771,-0.013570,0.015998,-15.666301,-52.738201,18.801300,-93.396698,0.129960,17.611099,-0.205234,-0.485575,-0.683999,0.504224,282.960724,1543.841064,-4180.492676,284.848358,1462.980103,-4189.284668,297.800110,1586.681885,-4208.045898,263.258759,1495.664673,-4140.871582,285.935516,1630.037720,-4183.769043,284.795197,1463.241821,-4188.851562,297.655090,1586.748047,-4208.094727,263.342712,1495.462769,-4141.288574,286.055084,1629.928711,-4183.726074,2616.317627,1567.773193,-3159.777100,,,,,,,,,,,,,,,,,,,,,,,,,,,,,,,,,
8203,82.030000,0.000000,0.000000,0.000000,1.000000,0.000000,0.000000,0.000000,57.698101,20.499701,-14.700500,0.047771,-0.013570,0.015998,-15.666301,-52.738201,18.801300,-93.396698,0.129960,17.611099,-0.208297,-0.484057,-0.680766,0.508781,281.306976,1544.000244,-4180.294434,283.571503,1463.131836,-4188.925781,295.576050,1586.863770,-4208.112305,262.345734,1495.800781,-4140.341309,283.734589,1630.205200,-4183.798340,283.716858,1463.270874,-4188.572266,295.053558,1587.329346,-4208.148438,262.258209,1495.667236,-4140.626465,284.193817,1629.747437,-4183.818848,2616.301025,1567.786011,-3159.772461,,,,,,,,,,,,,,,,,,,,,,,,,,,,,,,,,
8204,82.040000,0.000000,0.000000,0.000000,1.000000,0.000000,0.000000,0.000000,57.698101,20.499701,-14.700500,0.047771,-0.013570,0.015998,-15.666301,-52.738201,18.801300,-93.396698,0.129960,17.611099,-0.215632,-0.478416,-0.680700,0.511145,279.827698,1543.818359,-4180.096191,281.436768,1462.947876,-4188.854004,293.856995,1586.626465,-4208.120117,261.292969,1495.688843,-4139.859863,282.723938,1630.010742,-4183.550293,281.709351,1462.998779,-4188.471680,293.260590,1586.472534,-4208.506348,261.144684,1495.760620,-4140.269043,283.143555,1630.020752,-4183.159180,2616.287598,1567.745728,-3159.783447,,,,,,,,,,,,,,,,,,,,,,,,,,,,,,,,,
8205,82.050000,0.000000,0.000000,0.000000,1.000000,0.000000,0.000000,0.000000,57.698101,20.499701,-14.700500,0.047771,-0.013570,0.015998,-15.666301,-52.738201,18.801300,-93.396698,0.129960,17.611099,-0.211748,-0.480420,-0.683241,0.507486,278.094727,1543.451172,-4180.055176,279.566620,1462.594482,-4188.964355,292.585388,1586.274902,-4207.819336,258.937347,1495.294189,-4140.144531,281.289520,1629.641357,-4183.292480,279.403229,1462.571167,-4188.741211,292.655853,1586.312378,-4207.781738,259.122833,1495.306030,-4140.449219,281.209778,1629.614868,-4183.273438,2616.302246,1567.765747,-3159.778076,,,,,,,,,,,,,,,,,,,,,,,,,,,,,,,,,
8206,82.060000,0.000000,0.000000,0.000000,1.000000,0.000000,0.000000,0.000000,57.698101,20.499701,-14.700500,0.047771,-0.013570,0.015998,-15.666301,-52.738201,18.801300,-93.396698,0.129960,17.611099,-0.207823,-0.483109,-0.684825,0.504411,276.344543,1543.212646,-4180.045898,277.848236,1462.359375,-4188.980469,291.197968,1586.037720,-4207.615723,256.677612,1495.052002,-4140.388672,279.654266,1629.401733,-4183.199219,277.576111,1462.268677,-4188.796875,291.418549,1586.200195,-4207.483398,256.916656,1494.991211,-4140.613770,279.479340,1629.389526,-4183.283203,2616.299805,1567.742676,-3159.777832,,,,,,,,,,,,,,,,,,,,,,,,,,,,,,,,,
8207,82.070000,0.000000,0.000000,0.000000,1.000000,0.000000,0.000000,0.000000,57.698101,20.499701,-14.700500,0.047771,-0.013570,0.015998,-15.666301,-52.738201,18.801300,-93.396698,0.129960,17.611099,-0.203451,-0.487615,-0.684032,0.502930,274.599182,1543.012451,-4180.014648,276.598969,1462.140137,-4188.674316,289.564697,1585.823486,-4207.545898,254.705704,1494.880249,-4140.435547,277.527344,1629.206421,-4183.402344,276.607697,1462.282349,-4188.257812,289.377655,1585.801270,-4207.703613,254.745041,1494.744629,-4140.849609,277.669342,1629.222778,-4183.249512,2616.267822,1567.744507,-3159.779297,,,,,,,,,,,,,,,,,,,,,,,,,,,,,,,,,
8208,82.080000,0.000000,0.000000,0.000000,1.000000,0.000000,0.000000,0.000000,57.698101,20.499701,-14.700500,0.047771,-0.013570,0.015998,-15.666301,-52.738201,18.801300,-93.396698,0.129960,17.611099,-0.206275,-0.486052,-0.682210,0.505761,273.101288,1542.917236,-4179.793457,275.211365,1462.038208,-4188.364746,287.720734,1585.725952,-4207.513184,253.674118,1494.792114,-4139.974609,275.798920,1629.113037,-4183.320801,275.287659,1462.170654,-4188.050293,287.435516,1585.546753,-4207.620605,253.697311,1494.848145,-4140.395508,275.973114,1629.106079,-4183.139160,2616.271484,1567.793335,-3159.784912,,,,,,,,,,,,,,,,,,,,,,,,,,,,,,,,,
8209,82.090000,0.000000,0.000000,0.000000,1.000000,0.000000,0.000000,0.000000,57.698101,20.499701,-14.700500,0.047771,-0.013570,0.015998,-15.666301,-52.738201,18.801300,-93.396698,0.129960,17.611099,-0.214593,-0.479115,-0.682038,0.509139,271.614166,1542.822876,-4179.660645,273.037048,1461.952637,-4188.454590,285.892944,1585.605835,-4207.597168,252.758652,1494.724609,-4139.536133,274.767944,1629.008545,-4183.055176,273.197357,1461.804810,-4188.261719,285.535858,1585.302490,-4207.790039,252.714813,1495.005981,-4139.895020,274.977570,1629.184937,-4182.723145,2616.247803,1567.756348,-3159.789307,,,,,,,,,,,,,,,,,,,,,,,,,,,,,,,,,
8210,82.100000,0.000000,0.000000,0.000000,1.000000,0.000000,0.000000,0.000000,57.698101,20.499701,-14.700500,0.047771,-0.013570,0.015998,-15.666301,-52.738201,18.801300,-93.396698,0.129960,17.611099,-0.212478,-0.479887,-0.684605,0.505843,269.970032,1542.660889,-4179.602539,271.079132,1461.803711,-4188.559570,284.672791,1585.434692,-4207.332031,250.568741,1494.567627,-4139.732910,273.559357,1628.837646,-4182.785645,271.095551,1461.558838,-4188.417480,284.611633,1585.382324,-4207.454102,250.589813,1494.679688,-4139.916016,273.588379,1629.019287,-4182.604492,2616.305664,1567.771484,-3159.782715,,,,,,,,,,,,,,,,,,,,,,,,,,,,,,,,,
8211,82.110000,0.000000,0.000000,0.000000,1.000000,0.000000,0.000000,0.000000,57.698101,20.499701,-14.700500,0.047771,-0.013570,0.015998,-15.666301,-52.738201,18.801300,-93.396698,0.129960,17.611099,-0.207812,-0.483665,-0.685948,0.502352,268.354279,1542.511353,-4179.578613,269.584991,1461.648315,-4188.466797,283.449951,1585.266602,-4207.125488,248.388657,1494.444946,-4139.956055,271.993378,1628.685791,-4182.766602,269.322266,1461.497314,-4188.265625,283.667664,1585.477173,-4207.052246,248.599060,1494.371216,-4140.164062,271.835114,1628.695435,-4182.818359,2616.305664,1567.736450,-3159.767578,,,,,,,,,,,,,,,,,,,,,,,,,,,,,,,,,
8212,82.120000,0.000000,0.000000,0.000000,1.000000,0.000000,0.000000,0.000000,57.698101,20.499701,-14.700500,0.047771,-0.013570,0.015998,-15.666301,-52.738201,18.801300,-93.396698,0.129960,17.611099,-0.203812,-0.487631,-0.685126,0.501277,266.796143,1542.347656,-4179.613281,268.509766,1461.468506,-4188.270996,281.963715,1585.103271,-4207.120117,246.661880,1494.289062,-4140.065918,270.049133,1628.530151,-4182.995117,268.415436,1461.692871,-4187.818359,281.888184,1585.145020,-4207.227539,246.766556,1494.052002,-4140.482910,270.114532,1628.500610,-4182.912598,2616.291016,1567.725098,-3159.762939,,,,,,,,,,,,,,,,,,,,,,,,,,,,,,,,,
8213,82.130000,0.000000,0.000000,0.000000,1.000000,0.000000,0.000000,0.000000,57.698101,20.499701,-14.700500,0.047771,-0.013570,0.015998,-15.666301,-52.738201,18.801300,-93.396698,0.129960,17.611099,-0.205331,-0.487478,-0.683351,0.503226,265.345001,1542.198242,-4179.679199,267.252075,1461.305054,-4188.163574,280.254242,1584.935425,-4207.355469,245.543030,1494.171021,-4139.927246,268.330566,1628.381958,-4183.270996,267.465759,1461.784912,-4187.548828,279.737701,1584.694580,-4207.599121,245.491257,1494.053101,-4140.459473,268.685974,1628.343140,-4183.014648,2616.280029,1567.765259,-3159.779053,,,,,,,,,,,,,,,,,,,,,,,,,,,,,,,,,
8214,82.140000,0.000000,0.000000,0.000000,1.000000,0.000000,0.000000,0.000000,57.698101,20.499701,-14.700500,0.047771,-0.013570,0.015998,-15.666301,-52.738201,18.801300,-93.396698,0.129960,17.611099,-0.214029,-0.482113,-0.681100,0.507800,263.923340,1542.105347,-4179.616211,265.464020,1461.193726,-4187.999512,278.292969,1584.762329,-4207.698242,244.924698,1494.189453,-4139.340820,267.011658,1628.276001,-4183.426270,265.616150,1461.374390,-4187.812012,277.969849,1584.432373,-4207.870605,244.889160,1494.431274,-4139.667480,267.184479,1628.156372,-4183.145996,2616.288330,1567.723511,-3159.780762,,,,,,,,,,,,,,,,,,,,,,,,,,,,,,,,,
8215,82.150000,0.000000,0.000000,0.000000,1.000000,0.000000,0.000000,0.000000,57.698101,20.499701,-14.700500,0.047771,-0.013570,0.015998,-15.666301,-52.738201,18.801300,-93.396698,0.129960,17.611099,-0.216216,-0.479370,-0.682713,0.507305,262.337158,1541.928345,-4179.678223,263.386047,1461.033691,-4188.298828,276.816528,1584.584717,-4207.705078,243.255356,1494.004028,-4139.452637,265.890594,1628.090942,-4183.257812,263.545105,1461.056030,-4188.043457,276.465851,1584.358887,-4207.967285,243.190979,1494.131714,-4139.786621,266.113678,1628.147949,-4182.945312,2616.268799,1567.740479,-3159.780029,,,,,,,,,,,,,,,,,,,,,,,,,,,,,,,,,
8216,82.160000,0.000000,0.000000,0.000000,1.000000,0.000000,0.000000,0.000000,57.698101,20.499701,-14.700500,0.047771,-0.013570,0.015998,-15.666301,-52.738201,18.801300,-93.396698,0.129960,17.611099,-0.211939,-0.481262,-0.685435,0.503635,260.908997,1541.857666,-4179.680176,261.835571,1460.984619,-4188.513184,275.857391,1584.549683,-4207.405273,241.191620,1493.877563,-4139.829102,264.751312,1628.019287,-4182.973633,261.673126,1460.866333,-4188.241211,275.911194,1584.655640,-4207.408203,241.350891,1493.819336,-4140.131348,264.702972,1628.060303,-4182.947266,2616.281738,1567.733765,-3159.780273,,,,,,,,,,,,,,,,,,,,,,,,,,,,,,,,,
8217,82.170000,0.000000,0.000000,0.000000,1.000000,0.000000,0.000000,0.000000,57.698101,20.499701,-14.700500,0.047771,-0.013570,0.015998,-15.666301,-52.738201,18.801300,-93.396698,0.129960,17.611099,-0.206506,-0.485208,-0.686940,0.500041,259.456909,1541.747437,-4179.786621,260.557648,1460.874634,-4188.603027,274.814148,1584.445923,-4207.276855,239.145477,1493.758545,-4140.246094,263.310242,1627.910889,-4183.021484,260.294983,1460.757202,-4188.341309,274.962769,1584.734497,-4207.145020,239.357849,1493.540649,-4140.499023,263.225037,1627.944824,-4183.144043,2616.304199,1567.721069,-3159.762939,,,,,,,,,,,,,,,,,,,,,,,,,,,,,,,,,
8218,82.180000,0.000000,0.000000,0.000000,1.000000,0.000000,0.000000,0.000000,57.698101,20.499701,-14.700500,0.047771,-0.013570,0.015998,-15.666301,-52.738201,18.801300,-93.396698,0.129960,17.611099,-0.205177,-0.487472,-0.685735,0.500042,257.989990,1541.592773,-4179.964355,259.399536,1460.698608,-4188.537598,273.299622,1584.262695,-4207.525391,237.701065,1493.650879,-4140.354980,261.559692,1627.759033,-4183.440430,259.448120,1460.710571,-4188.227051,273.063019,1584.376343,-4207.628906,237.681610,1493.494141,-4140.637207,261.757874,1627.783569,-4183.369141,2616.297607,1567.763672,-3159.756592,,,,,,,,,,,,,,,,,,,,,,,,,,,,,,,,,
8219,82.190000,0.000000,0.000000,0.000000,1.000000,0.000000,0.000000,0.000000,57.698101,20.499701,-14.700500,0.047771,-0.013570,0.015998,-15.666301,-52.738201,18.801300,-93.396698,0.129960,17.611099,-0.206364,-0.489111,-0.682846,0.501902,256.544159,1541.539429,-4180.134766,258.329742,1460.607422,-4188.268555,271.559784,1584.132568,-4207.975098,236.611359,1493.716064,-4140.202637,259.675781,1627.701904,-4184.092773,258.515045,1460.793823,-4187.950684,271.152893,1584.005371,-4208.189941,236.547958,1493.869507,-4140.602539,259.952240,1627.489990,-4183.806152,2616.288330,1567.722656,-3159.763428,,,,,,,,,,,,,,,,,,,,,,,,,,,,,,,,,
8220,82.200000,0.000000,0.000000,0.000000,1.000000,0.000000,0.000000,0.000000,57.698101,20.499701,-14.700500,0.047771,-0.013570,0.015998,-15.666301,-52.738201,18.801300,-93.396698,0.129960,17.611099,-0.211704,-0.485342,-0.681666,0.504932,255.190201,1541.370483,-4180.310547,256.739624,1460.435059,-4188.459473,269.861755,1583.938721,-4208.371094,235.770004,1493.580566,-4140.086426,258.389343,1627.527954,-4184.325195,256.755737,1460.466309,-4188.318359,269.743164,1583.812012,-4208.391113,235.859985,1493.902344,-4140.435059,258.419373,1627.351562,-4184.159668,2616.293457,1567.724976,-3159.769287,,,,,,,,,,,,,,,,,,,,,,,,,,,,,,,,,
8221,82.210000,0.000000,0.000000,0.000000,1.000000,0.000000,0.000000,0.000000,57.698101,20.499701,-14.700500,0.047771,-0.013570,0.015998,-15.666301,-52.738201,18.801300,-93.396698,0.129960,17.611099,-0.216345,-0.480736,-0.682657,0.506031,253.998672,1541.274780,-4180.448730,254.969620,1460.356812,-4188.855957,268.597382,1583.840576,-4208.550781,234.761780,1493.478516,-4140.144531,257.665802,1627.423584,-4184.242676,255.044159,1460.256348,-4188.657715,268.356689,1583.582275,-4208.639648,234.804398,1493.761475,-4140.557129,257.779266,1627.526489,-4184.004883,2616.262695,1567.710571,-3159.772949,,,,,,,,,,,,,,,,,,,,,,,,,,,,,,,,,
8222,82.220000,0.000000,0.000000,0.000000,1.000000,0.000000,0.000000,0.000000,57.698101,20.499701,-14.700500,0.047771,-0.013570,0.015998,-15.666301,-52.738201,18.801300,-93.396698,0.129960,17.611099,-0.215885,-0.479703,-0.684790,0.504322,252.536774,1541.131836,-4180.720703,253.162201,1460.237549,-4189.384277,267.387207,1583.720703,-4208.655762,232.998428,1493.294556,-4140.610840,256.599182,1627.274902,-4184.232422,253.123886,1459.950806,-4189.216797,267.293274,1583.636475,-4208.586426,233.113007,1493.457520,-4140.933594,256.631683,1627.479492,-4184.170410,2616.304932,1567.746094,-3159.768311,,,,,,,,,,,,,,,,,,,,,,,,,,,,,,,,,
8223,82.230000,0.000000,0.000000,0.000000,1.000000,0.000000,0.000000,0.000000,57.698101,20.499701,-14.700500,0.047771,-0.013570,0.015998,-15.666301,-52.738201,18.801300,-93.396698,0.129960,17.611099,-0.211550,-0.483169,-0.686033,0.501152,251.081818,1541.048706,-4180.986328,251.824615,1460.149658,-4189.596680,266.291962,1583.623169,-4208.749512,231.026016,1493.232178,-4141.107422,255.184586,1627.189941,-4184.492188,251.628998,1459.933228,-4189.361328,266.360077,1583.733276,-4208.665527,231.204025,1493.158691,-4141.379395,255.123611,1627.325928,-4184.534180,2616.281250,1567.762939,-3159.779297,,,,,,,,,,,,,,,,,,,,,,,,,,,,,,,,,
8224,82.240000,0.000000,0.000000,0.000000,1.000000,0.000000,0.000000,0.000000,57.698101,20.499701,-14.700500,0.047771,-0.013570,0.015998,-15.666301,-52.738201,18.801300,-93.396698,0.129960,17.611099,-0.209767,-0.485599,-0.685467,0.500327,249.718979,1541.013550,-4181.182129,250.685013,1460.095703,-4189.589844,264.987152,1583.553589,-4208.965820,229.550766,1493.250610,-4141.295410,253.652924,1627.154785,-4184.876465,250.472076,1460.042847,-4189.382812,265.120056,1583.663330,-4208.895020,229.737366,1493.124268,-4141.520020,253.550858,1627.205688,-4184.929199,2616.304199,1567.729248,-3159.770020,,,,,,,,,,,,,,,,,,,,,,,,,,,,,,,,,
8225,82.250000,0.000000,0.000000,0.000000,1.000000,0.000000,0.000000,0.000000,57.698101,20.499701,-14.700500,0.047771,-0.013570,0.015998,-15.666301,-52.738201,18.801300,-93.396698,0.129960,17.611099,-0.208168,-0.488397,-0.683446,0.501034,248.370560,1540.959473,-4181.380859,249.827820,1460.016235,-4189.468750,263.491791,1583.477783,-4209.278320,228.337250,1493.237427,-4141.377930,251.825302,1627.106812,-4185.398438,249.778519,1460.363281,-4189.097656,263.405090,1583.407104,-4209.373535,228.404663,1493.041138,-4141.702637,251.890839,1627.079224,-4185.316406,2616.298584,1567.729370,-3159.771484,,,,,,,,,,,,,,,,,,,,,,,,,,,,,,,,,
8226,82.260000,0.000000,0.000000,0.000000,1.000000,0.000000,0.000000,0.000000,57.698101,20.499701,-14.700500,0.047771,-0.013570,0.015998,-15.666301,-52.738201,18.801300,-93.396698,0.129960,17.611099,-0.208794,-0.488596,-0.681856,0.502743,247.043808,1540.924316,-4181.627441,248.752365,1459.972534,-4189.579102,261.936951,1583.444824,-4209.643555,227.292450,1493.204346,-4141.481934,250.193359,1627.075806,-4185.804688,248.982819,1460.554932,-4188.989746,261.476044,1583.191528,-4209.928223,227.219543,1493.058472,-4141.916992,250.516678,1627.027344,-4185.543457,2616.287354,1567.744385,-3159.782471,,,,,,,,,,,,,,,,,,,,,,,,,,,,,,,,,
8227,82.270000,0.000000,0.000000,0.000000,1.000000,0.000000,0.000000,0.000000,57.698101,20.499701,-14.700500,0.047771,-0.013570,0.015998,-15.666301,-52.738201,18.801300,-93.396698,0.129960,17.611099,-0.216242,-0.482641,-0.680620,0.507004,245.723587,1540.940796,-4181.828125,247.045715,1459.994507,-4189.909180,260.145935,1583.455444,-4210.098145,226.682510,1493.224854,-4141.335938,249.020142,1627.088501,-4185.968750,247.250320,1460.269409,-4189.558594,259.675201,1583.152100,-4210.296875,226.620361,1493.310913,-4141.767578,249.314865,1627.019531,-4185.695801,2616.285645,1567.759766,-3159.779785,,,,,,,,,,,,,,,,,,,,,,,,,,,,,,,,,
8228,82.280000,0.000000,0.000000,0.000000,1.000000,0.000000,0.000000,0.000000,57.698101,20.499701,-14.700500,0.047771,-0.013570,0.015998,-15.666301,-52.738201,18.801300,-93.396698,0.129960,17.611099,-0.221281,-0.477980,-0.680519,0.509376,244.108459,1540.884644,-4182.238770,245.029572,1459.952148,-4190.509766,258.287384,1583.409790,-4210.616211,225.462830,1493.147827,-4141.587402,247.653992,1627.029053,-4186.240723,245.115753,1459.875854,-4190.387695,258.093445,1583.249756,-4210.711914,225.461975,1493.422119,-4141.857422,247.751572,1627.016235,-4186.031738,2616.279297,1567.754272,-3159.784912,,,,,,,,,,,,,,,,,,,,,,,,,,,,,,,,,
8229,82.290000,0.000000,0.000000,0.000000,1.000000,0.000000,0.000000,0.000000,57.698101,20.499701,-14.700500,0.047771,-0.013570,0.015998,-15.666301,-52.738201,18.801300,-93.396698,0.129960,17.611099,-0.222460,-0.476426,-0.681539,0.508954,242.801956,1540.964600,-4182.513184,243.426117,1460.043579,-4190.924316,257.060577,1583.489258,-4210.851074,224.087326,1493.222656,-4141.899414,246.633698,1627.103149,-4186.377441,243.543732,1459.871582,-4190.730957,256.800018,1583.414185,-4210.979004,224.057831,1493.431763,-4142.202637,246.801453,1627.151978,-4186.160156,2616.277100,1567.762939,-3159.773193,,,,,,,,,,,,,,,,,,,,,,,,,,,,,,,,,
8230,82.300000,0.000000,0.000000,0.000000,1.000000,0.000000,0.000000,0.000000,57.698101,20.499701,-14.700500,0.047771,-0.013570,0.015998,-15.666301,-52.738201,18.801300,-93.396698,0.129960,17.611099,-0.218757,-0.479425,-0.682864,0.505958,241.359451,1540.977417,-4182.913574,242.034363,1460.052734,-4191.285645,255.968567,1583.482910,-4211.102051,222.149948,1493.262085,-4142.500977,245.284851,1627.112061,-4186.766602,241.833588,1459.849487,-4191.105469,256.101349,1583.679932,-4211.010254,222.337402,1493.310669,-4142.736816,245.172119,1627.064575,-4186.796875,2616.272217,1567.754028,-3159.784668,,,,,,,,,,,,,,,,,,,,,,,,,,,,,,,,,
8231,82.310000,0.000000,0.000000,0.000000,1.000000,0.000000,0.000000,0.000000,57.698101,20.499701,-14.700500,0.047771,-0.013570,0.015998,-15.666301,-52.738201,18.801300,-93.396698,0.129960,17.611099,-0.213666,-0.484036,-0.683135,0.503372,239.917007,1540.958862,-4183.356934,240.960098,1460.020142,-4191.553711,254.794540,1583.453247,-4211.420898,220.281799,1493.264771,-4143.123535,243.631561,1627.097534,-4187.329102,240.850433,1460.003052,-4191.229004,254.783630,1583.601196,-4211.489746,220.388428,1493.143555,-4143.436523,243.644653,1627.071533,-4187.278320,2616.291260,1567.748413,-3159.784912,,,,,,,,,,,,,,,,,,,,,,,,,,,,,,,,,
8232,82.320000,0.000000,0.000000,0.000000,1.000000,0.000000,0.000000,0.000000,57.698101,20.499701,-14.700500,0.047771,-0.013570,0.015998,-15.666301,-52.738201,18.801300,-93.396698,0.129960,17.611099,-0.212435,-0.485861,-0.682530,0.502954,238.537842,1540.977661,-4183.717285,239.773392,1460.024902,-4191.746094,253.432922,1583.445312,-4211.812500,218.850922,1493.325317,-4143.459961,242.094086,1627.115479,-4187.850098,239.797455,1460.114258,-4191.338379,253.209946,1583.476074,-4211.933105,218.876816,1493.180542,-4143.874023,242.267517,1627.132080,-4187.732422,2616.253906,1567.739746,-3159.784668,,,,,,,,,,,,,,,,,,,,,,,,,,,,,,,,,
8233,82.330000,0.000000,0.000000,0.000000,1.000000,0.000000,0.000000,0.000000,57.698101,20.499701,-14.700500,0.047771,-0.013570,0.015998,-15.666301,-52.738201,18.801300,-93.396698,0.129960,17.611099,-0.210387,-0.487956,-0.681789,0.502792,237.077225,1540.958496,-4184.132812,238.626038,1459.997925,-4192.026855,251.961075,1583.432251,-4212.225098,217.361465,1493.303101,-4143.893555,240.360214,1627.101318,-4188.386230,238.736115,1460.228271,-4191.534668,251.581787,1583.345947,-4212.395996,217.341537,1493.132202,-4144.382812,240.642731,1627.136597,-4188.212891,2616.253418,1567.786865,-3159.789062,,,,,,,,,,,,,,,,,,,,,,,,,,,,,,,,,
8234,82.340000,0.000000,0.000000,0.000000,1.000000,0.000000,0.000000,0.000000,57.698101,20.499701,-14.700500,0.047771,-0.013570,0.015998,-15.666301,-52.738201,18.801300,-93.396698,0.129960,17.611099,-0.214818,-0.485339,-0.679544,0.506477,235.771896,1540.979004,-4184.422852,237.367508,1460.009277,-4192.213867,250.203903,1583.436890,-4212.773926,216.678635,1493.349243,-4143.854004,238.837463,1627.121094,-4188.850098,237.436081,1460.245239,-4191.824707,249.912888,1583.229614,-4212.887695,216.707443,1493.308228,-4144.314941,239.020233,1627.142578,-4188.678223,2616.287842,1567.775513,-3159.795898,,,,,,,,,,,,,,,,,,,,,,,,,,,,,,,,,
8235,82.350000,0.000000,0.000000,0.000000,1.000000,0.000000,0.000000,0.000000,57.698101,20.499701,-14.700500,0.047771,-0.013570,0.015998,-15.666301,-52.738201,18.801300,-93.396698,0.129960,17.611099,-0.219548,-0.482239,-0.678864,0.508318,234.477966,1541.099365,-4184.668945,235.761703,1460.122070,-4192.440430,248.694611,1583.505249,-4213.205566,215.728561,1493.539307,-4143.858398,237.726883,1627.230713,-4189.171387,235.891708,1460.197632,-4192.168945,248.348969,1583.190552,-4213.401367,215.711288,1493.714600,-4144.290527,237.918472,1627.273193,-4188.878906,2616.258301,1567.751221,-3159.774414,,,,,,,,,,,,,,,,,,,,,,,,,,,,,,,,,
8236,82.360000,0.000000,0.000000,0.000000,1.000000,0.000000,0.000000,0.000000,57.698101,20.499701,-14.700500,0.047771,-0.013570,0.015998,-15.666301,-52.738201,18.801300,-93.396698,0.129960,17.611099,-0.222049,-0.480907,-0.678318,0.509223,233.026428,1541.082886,-4184.993652,234.166519,1460.097534,-4192.702148,247.126846,1583.447021,-4213.649902,214.459076,1493.580811,-4144.032715,236.353210,1627.206299,-4189.589355,234.308640,1460.105347,-4192.451172,246.777969,1583.157471,-4213.853027,214.437897,1493.872559,-4144.489746,236.542511,1627.202515,-4189.259766,2616.285645,1567.763306,-3159.780029,,,,,,,,,,,,,,,,,,,,,,,,,,,,,,,,,
8237,82.370000,0.000000,0.000000,0.000000,1.000000,0.000000,0.000000,0.000000,57.698101,20.499701,-14.700500,0.047771,-0.013570,0.015998,-15.666301,-52.738201,18.801300,-93.396698,0.129960,17.611099,-0.223565,-0.479107,-0.678855,0.509540,231.878052,1541.127686,-4185.073730,232.795151,1460.151978,-4192.912598,245.965759,1583.502930,-4213.719727,213.359909,1493.605957,-4144.113770,235.391357,1627.250122,-4189.549316,232.782806,1460.065430,-4192.738770,245.909973,1583.430542,-4213.795898,213.433105,1493.783203,-4144.404785,235.397659,1627.255493,-4189.385254,2616.277100,1567.740112,-3159.772461,,,,,,,,,,,,,,,,,,,,,,,,,,,,,,,,,
8238,82.380000,0.000000,0.000000,0.000000,1.000000,0.000000,0.000000,0.000000,57.698101,20.499701,-14.700500,0.047771,-0.013570,0.015998,-15.666301,-52.738201,18.801300,-93.396698,0.129960,17.611099,-0.220559,-0.480684,-0.680474,0.507200,230.625244,1541.095337,-4185.272461,231.510086,1460.129883,-4193.218750,245.012634,1583.493530,-4213.734863,211.694656,1493.538574,-4144.541504,234.283524,1627.219727,-4189.593750,231.321732,1459.997925,-4192.994141,245.115829,1583.703003,-4213.668457,211.861465,1493.479248,-4144.785645,234.208466,1627.194946,-4189.633789,2616.276367,1567.723389,-3159.770508,,,,,,,,,,,,,,,,,,,,,,,,,,,,,,,,,
8239,82.390000,0.000000,0.000000,0.000000,1.000000,0.000000,0.000000,0.000000,57.698101,20.499701,-14.700500,0.047771,-0.013570,0.015998,-15.666301,-52.738201,18.801300,-93.396698,0.129960,17.611099,-0.218119,-0.482533,-0.680699,0.506197,229.276047,1541.028564,-4185.408203,230.337463,1460.062500,-4193.327148,243.774887,1583.442017,-4213.791504,210.165359,1493.452881,-4144.784180,232.826385,1627.157349,-4189.729980,230.095383,1459.981445,-4193.093750,243.945129,1583.747192,-4213.680664,210.368958,1493.356812,-4145.024414,232.709488,1627.047729,-4189.818848,2616.247070,1567.739624,-3159.788086,,,,,,,,,,,,,,,,,,,,,,,,,,,,,,,,,
8240,82.400000,0.000000,0.000000,0.000000,1.000000,0.000000,0.000000,0.000000,57.698101,20.499701,-14.700500,0.047771,-0.013570,0.015998,-15.666301,-52.738201,18.801300,-93.396698,0.129960,17.611099,-0.214287,-0.486276,-0.679920,0.505298,227.986511,1540.957153,-4185.513672,229.518829,1459.978882,-4193.228516,242.548157,1583.374512,-4213.857910,208.721756,1493.383301,-4144.959961,231.157242,1627.091919,-4190.006836,229.539658,1460.170410,-4192.827637,242.342361,1583.515137,-4213.983398,208.728149,1493.196411,-4145.309570,231.334122,1626.954224,-4189.921875,2616.264893,1567.756714,-3159.790039,,,,,,,,,,,,,,,,,,,,,,,,,,,,,,,,,
8241,82.410000,0.000000,0.000000,0.000000,1.000000,0.000000,0.000000,0.000000,57.698101,20.499701,-14.700500,0.047771,-0.013570,0.015998,-15.666301,-52.738201,18.801300,-93.396698,0.129960,17.611099,-0.212601,-0.488782,-0.678924,0.504931,226.749130,1540.854614,-4185.582520,228.578583,1459.860352,-4193.061035,241.309036,1583.238770,-4213.978516,207.444656,1493.333496,-4144.986328,229.664169,1626.986206,-4190.305176,228.866943,1460.252808,-4192.479492,240.695816,1583.215942,-4214.337891,207.289032,1493.134033,-4145.432129,230.145752,1626.865479,-4190.021484,2616.266846,1567.741943,-3159.786865,,,,,,,,,,,,,,,,,,,,,,,,,,,,,,,,,
8242,82.420000,0.000000,0.000000,0.000000,1.000000,0.000000,0.000000,0.000000,57.698101,20.499701,-14.700500,0.047771,-0.013570,0.015998,-15.666301,-52.738201,18.801300,-93.396698,0.129960,17.611099,-0.215789,-0.487255,-0.677481,0.506988,225.401917,1540.661621,-4185.742676,227.207504,1459.655640,-4193.100098,239.699356,1583.004761,-4214.332031,206.466248,1493.199707,-4144.904297,228.234528,1626.786499,-4190.634766,227.438400,1459.977173,-4192.667969,239.217010,1582.916870,-4214.618164,206.363297,1493.197876,-4145.308105,228.594620,1626.571167,-4190.336914,2616.288330,1567.752808,-3159.778076,,,,,,,,,,,,,,,,,,,,,,,,,,,,,,,,,
8243,82.430000,0.000000,0.000000,0.000000,1.000000,0.000000,0.000000,0.000000,57.698101,20.499701,-14.700500,0.047771,-0.013570,0.015998,-15.666301,-52.738201,18.801300,-93.396698,0.129960,17.611099,-0.223049,-0.480983,-0.677341,0.510013,224.335205,1540.567871,-4185.687012,225.548599,1459.570923,-4193.260254,238.316422,1582.898804,-4214.450195,205.923386,1493.114990,-4144.599609,227.552383,1626.687012,-4190.438477,225.659149,1459.575073,-4193.076660,238.040680,1582.715698,-4214.556641,205.915771,1493.389648,-4144.963867,227.705887,1626.609863,-4190.203613,2616.312256,1567.732788,-3159.756592,,,,,,,,,,,,,,,,,,,,,,,,,,,,,,,,,
8244,82.440000,0.000000,0.000000,0.000000,1.000000,0.000000,0.000000,0.000000,57.698101,20.499701,-14.700500,0.047771,-0.013570,0.015998,-15.666301,-52.738201,18.801300,-93.396698,0.129960,17.611099,-0.221969,-0.479817,-0.680211,0.507757,223.252136,1540.405518,-4185.664551,224.051865,1459.437378,-4193.593262,237.571472,1582.786255,-4214.187012,204.428268,1492.872681,-4144.856934,226.956879,1626.526001,-4190.020996,224.055542,1459.265503,-4193.365723,237.430817,1582.679565,-4214.203613,204.509186,1493.020874,-4145.239258,227.028305,1626.669800,-4189.889160,2616.278564,1567.715210,-3159.765381,,,,,,,,,,,,,,,,,,,,,,,,,,,,,,,,,
8245,82.450000,0.000000,0.000000,0.000000,1.000000,0.000000,0.000000,0.000000,57.698101,20.499701,-14.700500,0.047771,-0.013570,0.015998,-15.666301,-52.738201,18.801300,-93.396698,0.129960,17.611099,-0.218662,-0.481842,-0.681697,0.505277,222.028137,1540.122437,-4185.733398,222.838638,1459.160889,-4193.729492,236.654694,1582.517700,-4214.078125,202.775223,1492.567261,-4145.152344,225.843933,1626.243774,-4189.973633,222.661804,1458.950195,-4193.542480,236.719589,1582.550781,-4213.958008,202.984863,1492.658936,-4145.468262,225.758286,1626.313477,-4189.988770,2616.314941,1567.748657,-3159.773193,,,,,,,,,,,,,,,,,,,,,,,,,,,,,,,,,
8246,82.460000,0.000000,0.000000,0.000000,1.000000,0.000000,0.000000,0.000000,57.698101,20.499701,-14.700500,0.047771,-0.013570,0.015998,-15.666301,-52.738201,18.801300,-93.396698,0.129960,17.611099,-0.211357,-0.487713,-0.682764,0.501296,220.978500,1539.878296,-4185.653809,222.200348,1458.909424,-4193.520996,236.043518,1582.281982,-4213.755371,201.056900,1492.316406,-4145.404785,224.613174,1626.005493,-4189.933594,222.022873,1458.797119,-4193.246094,236.067963,1582.519775,-4213.651367,201.226212,1492.188110,-4145.704102,224.600235,1625.994385,-4190.007324,2616.287842,1567.802734,-3159.786621,,,,,,,,,,,,,,,,,,,,,,,,,,,,,,,,,
8247,82.470000,0.000000,0.000000,0.000000,1.000000,0.000000,0.000000,0.000000,57.698101,20.499701,-14.700500,0.047771,-0.013570,0.015998,-15.666301,-52.738201,18.801300,-93.396698,0.129960,17.611099,-0.210217,-0.489157,-0.682643,0.500533,219.958633,1539.707764,-4185.525879,221.274231,1458.729980,-4193.285645,235.093552,1582.087891,-4213.625000,199.926376,1492.180908,-4145.290527,223.540314,1625.832397,-4189.902344,221.269363,1458.823242,-4192.910645,234.908127,1582.201904,-4213.708984,199.955566,1491.975830,-4145.640137,223.696655,1625.816650,-4189.847656,2616.278564,1567.726318,-3159.784180,,,,,,,,,,,,,,,,,,,,,,,,,,,,,,,,,
8248,82.480000,0.000000,0.000000,0.000000,1.000000,0.000000,0.000000,0.000000,57.698101,20.499701,-14.700500,0.047771,-0.013570,0.015998,-15.666301,-52.738201,18.801300,-93.396698,0.129960,17.611099,-0.210276,-0.489550,-0.682237,0.500677,218.867233,1539.482666,-4185.554688,220.240341,1458.498657,-4193.238770,233.972137,1581.847412,-4213.693359,198.868591,1491.979126,-4145.274902,222.387772,1625.605835,-4190.011230,220.353455,1458.724487,-4192.813477,233.665649,1581.817261,-4213.966309,198.810806,1491.804443,-4145.627441,222.632980,1625.598389,-4189.795898,2616.317383,1567.760864,-3159.765869,,,,,,,,,,,,,,,,,,,,,,,,,,,,,,,,,
8249,82.490000,0.000000,0.000000,0.000000,1.000000,0.000000,0.000000,0.000000,57.698101,20.499701,-14.700500,0.047771,-0.013570,0.015998,-15.666301,-52.738201,18.801300,-93.396698,0.129960,17.611099,-0.215082,-0.486480,-0.680745,0.503649,217.865112,1539.286255,-4185.587891,219.101166,1458.295166,-4193.221680,232.616821,1581.620728,-4213.958984,198.377716,1491.825317,-4145.008789,221.364655,1625.404053,-4190.162598,219.202408,1458.458984,-4192.969238,232.354568,1581.371460,-4214.125000,198.381577,1491.986694,-4145.386719,221.507431,1625.326904,-4189.906250,2616.279541,1567.756348,-3159.773926,,,,,,,,,,,,,,,,,,,,,,,,,,,,,,,,,
8250,82.500000,0.000000,0.000000,0.000000,1.000000,0.000000,0.000000,0.000000,57.698101,20.499701,-14.700500,0.047771,-0.013570,0.015998,-15.666301,-52.738201,18.801300,-93.396698,0.129960,17.611099,-0.217028,-0.484174,-0.681236,0.504373,216.908447,1538.971924,-4185.563965,217.908417,1457.993408,-4193.363770,231.606491,1581.326904,-4213.932129,197.529205,1491.477661,-4144.971680,220.589630,1625.089966,-4189.988770,217.905823,1458.119995,-4193.117676,231.505585,1581.119263,-4214.052734,197.602936,1491.556396,-4145.320801,220.622955,1625.098877,-4189.796875,2616.290527,1567.757935,-3159.785156,,,,,,,,,,,,,,,,,,,,,,,,,,,,,,,,,
8251,82.510000,0.000000,0.000000,0.000000,1.000000,0.000000,0.000000,0.000000,57.698101,20.499701,-14.700500,0.047771,-0.013570,0.015998,-15.666301,-52.738201,18.801300,-93.396698,0.129960,17.611099,-0.219686,-0.481141,-0.682774,0.504045,216.030624,1538.749756,-4185.591309,216.508667,1457.789185,-4193.621094,230.816605,1581.097290,-4213.924316,196.602829,1491.256226,-4145.021484,220.194336,1624.856812,-4189.797363,216.520325,1457.700317,-4193.430664,230.676987,1580.912231,-4213.958984,196.697693,1491.505859,-4145.419922,220.240250,1624.918945,-4189.624023,2616.299316,1567.792236,-3159.787842,,,,,,,,,,,,,,,,,,,,,,,,,,,,,,,,,
8252,82.520000,0.000000,0.000000,0.000000,1.000000,0.000000,0.000000,0.000000,57.698101,20.499701,-14.700500,0.047771,-0.013570,0.015998,-15.666301,-52.738201,18.801300,-93.396698,0.129960,17.611099,-0.221459,-0.478591,-0.684672,0.503121,215.236938,1538.544434,-4185.601562,215.202545,1457.607910,-4193.884766,230.184586,1580.890869,-4213.851562,195.656540,1491.041504,-4145.116211,219.904007,1624.637573,-4189.553711,215.285660,1457.410278,-4193.639648,229.920883,1580.716675,-4213.946777,195.674225,1491.207520,-4145.505371,220.070023,1624.857300,-4189.334473,2616.318359,1567.757446,-3159.778320,,,,,,,,,,,,,,,,,,,,,,,,,,,,,,,,,
8253,82.530000,0.000000,0.000000,0.000000,1.000000,0.000000,0.000000,0.000000,57.698101,20.499701,-14.700500,0.047771,-0.013570,0.015998,-15.666301,-52.738201,18.801300,-93.396698,0.129960,17.611099,-0.220011,-0.478774,-0.686633,0.500905,214.427505,1538.339722,-4185.650391,214.149719,1457.421265,-4194.104004,229.670319,1580.691895,-4213.733398,194.470657,1490.821899,-4145.366699,219.419220,1624.423950,-4189.396973,214.112564,1457.163086,-4193.848145,229.558624,1580.660645,-4213.727051,194.559296,1490.855347,-4145.710938,219.496078,1624.665771,-4189.317871,2616.311523,1567.726685,-3159.764893,,,,,,,,,,,,,,,,,,,,,,,,,,,,,,,,,
8254,82.540000,0.000000,0.000000,0.000000,1.000000,0.000000,0.000000,0.000000,57.698101,20.499701,-14.700500,0.047771,-0.013570,0.015998,-15.666301,-52.738201,18.801300,-93.396698,0.129960,17.611099,-0.215694,-0.482105,-0.687989,0.497717,213.678467,1538.203003,-4185.615234,213.498657,1457.281616,-4194.043457,229.288574,1580.543213,-4213.513672,193.196426,1490.702271,-4145.576172,218.730103,1624.285278,-4189.326660,213.272858,1457.071777,-4193.794434,229.386017,1580.665894,-4213.425293,193.388367,1490.596436,-4145.850586,218.652130,1624.433228,-4189.381836,2616.297363,1567.731201,-3159.766357,,,,,,,,,,,,,,,,,,,,,,,,,,,,,,,,,
8255,82.550000,0.000000,0.000000,0.000000,1.000000,0.000000,0.000000,0.000000,57.698101,20.499701,-14.700500,0.047771,-0.013570,0.015998,-15.666301,-52.738201,18.801300,-93.396698,0.129960,17.611099,-0.213346,-0.485344,-0.687479,0.496284,212.963303,1538.107056,-4185.601562,213.024521,1457.158691,-4193.769043,228.692978,1580.391479,-4213.517578,192.280640,1490.690308,-4145.565918,217.854980,1624.187866,-4189.553711,212.898392,1457.216797,-4193.405273,228.646423,1580.444824,-4213.513184,192.416275,1490.449707,-4145.949219,217.899536,1624.269409,-4189.556152,2616.263916,1567.739258,-3159.790283,,,,,,,,,,,,,,,,,,,,,,,,,,,,,,,,,
8256,82.560000,0.000000,0.000000,0.000000,1.000000,0.000000,0.000000,0.000000,57.698101,20.499701,-14.700500,0.047771,-0.013570,0.015998,-15.666301,-52.738201,18.801300,-93.396698,0.129960,17.611099,-0.210050,-0.488734,-0.687228,0.494708,212.222290,1538.019409,-4185.628906,212.579544,1457.053101,-4193.607910,228.096664,1580.282715,-4213.495117,191.296127,1490.638306,-4145.677734,216.916763,1624.104004,-4189.734863,212.532349,1457.321411,-4193.169922,227.960526,1580.294312,-4213.570801,191.355835,1490.304443,-4146.066895,217.041351,1624.144653,-4189.693848,2616.272461,1567.764160,-3159.791504,,,,,,,,,,,,,,,,,,,,,,,,,,,,,,,,,
8257,82.570000,0.000000,0.000000,0.000000,1.000000,0.000000,0.000000,0.000000,57.698101,20.499701,-14.700500,0.047771,-0.013570,0.015998,-15.666301,-52.738201,18.801300,-93.396698,0.129960,17.611099,-0.210010,-0.489882,-0.686113,0.495137,211.424637,1537.901733,-4185.759766,211.963562,1456.916992,-4193.540039,227.213943,1580.131714,-4213.724609,190.591141,1490.572266,-4145.699219,215.929810,1623.986206,-4190.074707,211.959320,1457.313354,-4193.096191,227.049896,1580.084229,-4213.843750,190.612442,1490.234863,-4146.046875,216.074310,1624.012939,-4190.004883,2616.316162,1567.763916,-3159.772949,,,,,,,,,,,,,,,,,,,,,,,,,,,,,,,,,
8258,82.580000,0.000000,0.000000,0.000000,1.000000,0.000000,0.000000,0.000000,57.698101,20.499701,-14.700500,0.047771,-0.013570,0.015998,-15.666301,-52.738201,18.801300,-93.396698,0.129960,17.611099,-0.209245,-0.490479,-0.686328,0.494572,210.547562,1537.817993,-4185.956055,211.105255,1456.832642,-4193.728027,226.400192,1580.045654,-4213.888672,189.623215,1490.491699,-4145.938965,215.061508,1623.902100,-4190.268555,211.178314,1457.174438,-4193.214355,226.115341,1579.942261,-4214.114746,189.600967,1490.182495,-4146.366211,215.295471,1623.993408,-4190.096191,2616.270752,1567.744019,-3159.775635,,,,,,,,,,,,,,,,,,,,,,,,,,,,,,,,,
8259,82.590000,0.000000,0.000000,0.000000,1.000000,0.000000,0.000000,0.000000,57.698101,20.499701,-14.700500,0.047771,-0.013570,0.015998,-15.666301,-52.738201,18.801300,-93.396698,0.129960,17.611099,-0.213069,-0.488030,-0.685226,0.496884,209.643372,1537.732666,-4186.162109,210.078949,1456.743042,-4193.895996,225.226105,1579.937500,-4214.280762,189.112305,1490.438599,-4145.904297,214.156082,1623.812256,-4190.567383,209.995010,1456.911743,-4193.657715,225.192062,1579.872559,-4214.268555,189.229691,1490.367432,-4146.193848,214.162552,1623.796753,-4190.539062,2616.300537,1567.772339,-3159.776855,,,,,,,,,,,,,,,,,,,,,,,,,,,,,,,,,
8260,82.600000,0.000000,0.000000,0.000000,1.000000,0.000000,0.000000,0.000000,57.698101,20.499701,-14.700500,0.047771,-0.013570,0.015998,-15.666301,-52.738201,18.801300,-93.396698,0.129960,17.611099,-0.217019,-0.485371,-0.684072,0.499363,208.912552,1537.730469,-4186.277344,209.227417,1456.737915,-4193.986816,224.204681,1579.918335,-4214.580078,188.803268,1490.459595,-4145.779785,213.414810,1623.806396,-4190.762695,209.120499,1456.843262,-4193.854492,224.248352,1579.804810,-4214.524902,188.966446,1490.560547,-4146.038574,213.332993,1623.735718,-4190.722168,2616.277100,1567.752319,-3159.782959,,,,,,,,,,,,,,,,,,,,,,,,,,,,,,,,,
8261,82.610000,0.000000,0.000000,0.000000,1.000000,0.000000,0.000000,0.000000,57.698101,20.499701,-14.700500,0.047771,-0.013570,0.015998,-15.666301,-52.738201,18.801300,-93.396698,0.129960,17.611099,-0.220740,-0.482249,-0.683889,0.501004,208.029663,1537.656372,-4186.545410,208.062332,1456.671875,-4194.345215,223.148666,1579.836548,-4214.952637,188.201279,1490.391968,-4145.902344,212.706284,1623.725586,-4190.982422,208.006836,1456.681396,-4194.250977,223.137573,1579.694824,-4214.888672,188.349731,1490.635132,-4146.185547,212.652161,1623.655396,-4190.908691,2616.277100,1567.743164,-3159.780273,,,,,,,,,,,,,,,,,,,,,,,,,,,,,,,,,
8262,82.620000,0.000000,0.000000,0.000000,1.000000,0.000000,0.000000,0.000000,57.698101,20.499701,-14.700500,0.047771,-0.013570,0.015998,-15.666301,-52.738201,18.801300,-93.396698,0.129960,17.611099,-0.222368,-0.480622,-0.684577,0.500909,207.295319,1537.626343,-4186.794434,207.049026,1456.651733,-4194.691895,222.447128,1579.794067,-4215.202148,187.460693,1490.374268,-4146.139648,212.224335,1623.685791,-4191.143066,207.095184,1456.643066,-4194.543945,222.275574,1579.648193,-4215.230469,187.513519,1490.621216,-4146.466797,212.297867,1623.625488,-4190.990234,2616.309570,1567.768311,-3159.771729,,,,,,,,,,,,,,,,,,,,,,,,,,,,,,,,,
8263,82.630000,0.000000,0.000000,0.000000,1.000000,0.000000,0.000000,0.000000,57.698101,20.499701,-14.700500,0.047771,-0.013570,0.015998,-15.666301,-52.738201,18.801300,-93.396698,0.129960,17.611099,-0.223150,-0.479518,-0.685303,0.500627,206.465637,1537.535278,-4187.106445,206.016068,1456.571655,-4195.108887,221.671814,1579.704224,-4215.483887,186.584045,1490.277100,-4146.481934,211.590530,1623.588623,-4191.351562,206.026855,1456.536743,-4194.967773,221.538681,1579.622681,-4215.448730,186.674637,1490.535034,-4146.819336,211.637344,1623.493408,-4191.252930,2616.288574,1567.763428,-3159.778809,,,,,,,,,,,,,,,,,,,,,,,,,,,,,,,,,
8264,82.640000,0.000000,0.000000,0.000000,1.000000,0.000000,0.000000,0.000000,57.698101,20.499701,-14.700500,0.047771,-0.013570,0.015998,-15.666301,-52.738201,18.801300,-93.396698,0.129960,17.611099,-0.223256,-0.479469,-0.685532,0.500313,205.710800,1537.460449,-4187.456055,205.199539,1456.497559,-4195.461914,220.955902,1579.618530,-4215.828613,185.783737,1490.216187,-4146.837891,210.903931,1623.509888,-4191.696289,205.260132,1456.527466,-4195.264648,220.727203,1579.495605,-4215.837891,185.834198,1490.437866,-4147.226074,211.021347,1623.412231,-4191.557617,2616.264648,1567.730591,-3159.782227,,,,,,,,,,,,,,,,,,,,,,,,,,,,,,,,,
8265,82.650000,0.000000,0.000000,0.000000,1.000000,0.000000,0.000000,0.000000,57.698101,20.499701,-14.700500,0.047771,-0.013570,0.015998,-15.666301,-52.738201,18.801300,-93.396698,0.129960,17.611099,-0.221964,-0.480363,-0.686325,0.498940,205.014267,1537.396484,-4187.801758,204.453690,1456.435791,-4195.827637,220.426025,1579.544678,-4216.098633,184.862259,1490.164307,-4147.280273,210.315063,1623.441162,-4192.000977,204.476120,1456.454712,-4195.642090,220.261948,1579.491333,-4216.082031,184.925568,1490.305786,-4147.609863,210.400879,1623.356079,-4191.917480,2616.293213,1567.772095,-3159.779785,,,,,,,,,,,,,,,,,,,,,,,,,,,,,,,,,
8266,82.660000,0.000000,0.000000,0.000000,1.000000,0.000000,0.000000,0.000000,57.698101,20.499701,-14.700500,0.047771,-0.013570,0.015998,-15.666301,-52.738201,18.801300,-93.396698,0.129960,17.611099,-0.220706,-0.481141,-0.686938,0.497904,204.376343,1537.337036,-4188.173828,203.807266,1456.379272,-4196.227051,219.914902,1579.486816,-4216.398926,184.049011,1490.101685,-4147.743652,209.734116,1623.380615,-4192.325684,203.753204,1456.379395,-4196.051758,219.862183,1579.490601,-4216.354492,184.171219,1490.223267,-4148.051270,209.738922,1623.275513,-4192.281250,2616.308105,1567.746338,-3159.773193,,,,,,,,,,,,,,,,,,,,,,,,,,,,,,,,,
8267,82.670000,0.000000,0.000000,0.000000,1.000000,0.000000,0.000000,0.000000,57.698101,20.499701,-14.700500,0.047771,-0.013570,0.015998,-15.666301,-52.738201,18.801300,-93.396698,0.129960,17.611099,-0.218126,-0.482974,-0.687753,0.496139,203.754898,1537.285156,-4188.521973,203.250107,1456.327759,-4196.583984,219.500366,1579.437378,-4216.628418,183.130432,1490.046509,-4148.246094,209.138657,1623.329346,-4192.628906,203.188095,1456.348145,-4196.355469,219.428619,1579.500854,-4216.587402,183.242874,1490.071777,-4148.565430,209.173096,1623.226196,-4192.609863,2616.279053,1567.742065,-3159.772949,,,,,,,,,,,,,,,,,,,,,,,,,,,,,,,,,
8268,82.680000,0.000000,0.000000,0.000000,1.000000,0.000000,0.000000,0.000000,57.698101,20.499701,-14.700500,0.047771,-0.013570,0.015998,-15.666301,-52.738201,18.801300,-93.396698,0.129960,17.611099,-0.216757,-0.483878,-0.688544,0.494759,203.178802,1537.277954,-4188.896484,202.631805,1456.323242,-4196.983398,219.090103,1579.422607,-4216.920898,182.329361,1490.048096,-4148.727051,208.663910,1623.317993,-4192.955566,202.622467,1456.349854,-4196.682129,218.940186,1579.491821,-4216.967285,182.387009,1490.015381,-4149.074707,208.770355,1623.254028,-4192.879883,2616.306152,1567.751343,-3159.780518,,,,,,,,,,,,,,,,,,,,,,,,,,,,,,,,,
8269,82.690000,0.000000,0.000000,0.000000,1.000000,0.000000,0.000000,0.000000,57.698101,20.499701,-14.700500,0.047771,-0.013570,0.015998,-15.666301,-52.738201,18.801300,-93.396698,0.129960,17.611099,-0.214555,-0.485416,-0.689243,0.493236,202.758194,1537.320068,-4189.111328,202.263016,1456.365967,-4197.207520,218.846268,1579.466919,-4217.030762,181.655228,1490.086914,-4149.078125,208.268188,1623.360352,-4193.128418,202.290573,1456.403931,-4196.889648,218.629486,1579.608643,-4217.092773,181.672180,1490.018677,-4149.405762,208.436935,1623.250732,-4193.060547,2616.309570,1567.760498,-3159.771729,,,,,,,,,,,,,,,,,,,,,,,,,,,,,,,,,
8270,82.700000,0.000000,0.000000,0.000000,1.000000,0.000000,0.000000,0.000000,57.698101,20.499701,-14.700500,0.047771,-0.013570,0.015998,-15.666301,-52.738201,18.801300,-93.396698,0.129960,17.611099,-0.211904,-0.487394,-0.689882,0.491535,202.244186,1537.321045,-4189.432129,201.846268,1456.365112,-4197.513672,218.523178,1579.469238,-4217.239258,180.861511,1490.087280,-4149.547852,207.745728,1623.363037,-4193.427246,201.815323,1456.434448,-4197.166504,218.362976,1579.722168,-4217.278320,180.907013,1489.940552,-4149.868164,207.883514,1623.194702,-4193.412109,2616.277100,1567.770264,-3159.775635,,,,,,,,,,,,,,,,,,,,,,,,,,,,,,,,,
8271,82.710000,0.000000,0.000000,0.000000,1.000000,0.000000,0.000000,0.000000,57.698101,20.499701,-14.700500,0.047771,-0.013570,0.015998,-15.666301,-52.738201,18.801300,-93.396698,0.129960,17.611099,-0.210725,-0.488008,-0.690394,0.490713,201.754532,1537.326172,-4189.759766,201.364410,1456.374023,-4197.879883,218.133362,1579.483398,-4217.494629,180.231613,1490.078979,-4149.967285,207.288620,1623.368774,-4193.696777,201.352905,1456.437378,-4197.555664,217.979691,1579.770386,-4217.594727,180.237808,1489.895874,-4150.219727,207.432373,1623.221436,-4193.666504,2616.260742,1567.784912,-3159.789551,,,,,,,,,,,,,,,,,,,,,,,,,,,,,,,,,
8272,82.720000,0.000000,0.000000,0.000000,1.000000,0.000000,0.000000,0.000000,57.698101,20.499701,-14.700500,0.047771,-0.013570,0.015998,-15.666301,-52.738201,18.801300,-93.396698,0.129960,17.611099,-0.208956,-0.489276,-0.690713,0.489757,201.249603,1537.361694,-4190.110352,200.948898,1456.408447,-4198.223633,217.733688,1579.526245,-4217.770996,179.567368,1490.104980,-4150.415527,206.748398,1623.407349,-4194.030273,200.937607,1456.522461,-4197.849121,217.541306,1579.815552,-4217.851562,179.576813,1489.862183,-4150.715332,206.924896,1623.260986,-4194.019043,2616.282227,1567.759277,-3159.784668,,,,,,,,,,,,,,,,,,,,,,,,,,,,,,,,,
8273,82.730000,0.000000,0.000000,0.000000,1.000000,0.000000,0.000000,0.000000,57.698101,20.499701,-14.700500,0.047771,-0.013570,0.015998,-15.666301,-52.738201,18.801300,-93.396698,0.129960,17.611099,-0.207841,-0.490355,-0.690518,0.489428,200.827469,1537.403198,-4190.390625,200.653275,1456.443848,-4198.445801,217.336121,1579.568726,-4218.035645,179.093048,1490.147705,-4150.723145,206.227356,1623.452881,-4194.357910,200.676300,1456.608887,-4198.008301,217.089447,1579.819946,-4218.180664,179.082550,1489.894287,-4151.075684,206.446014,1623.301514,-4194.290527,2616.299561,1567.717896,-3159.767090,,,,,,,,,,,,,,,,,,,,,,,,,,,,,,,,,
8274,82.740000,0.000000,0.000000,0.000000,1.000000,0.000000,0.000000,0.000000,57.698101,20.499701,-14.700500,0.047771,-0.013570,0.015998,-15.666301,-52.738201,18.801300,-93.396698,0.129960,17.611099,-0.206646,-0.491158,-0.690873,0.488627,200.295166,1537.370239,-4190.845215,200.152313,1456.411377,-4198.906738,216.894623,1579.538696,-4218.431152,178.429733,1490.110474,-4151.254883,205.703918,1623.420532,-4194.787598,200.113205,1456.559814,-4198.497070,216.725342,1579.833618,-4218.515137,178.461624,1489.842529,-4151.583008,205.864120,1623.257202,-4194.775391,2616.315674,1567.756348,-3159.763184,,,,,,,,,,,,,,,,,,,,,,,,,,,,,,,,,
8275,82.750000,0.000000,0.000000,0.000000,1.000000,0.000000,0.000000,0.000000,57.698101,20.499701,-14.700500,0.047771,-0.013570,0.015998,-15.666301,-52.738201,18.801300,-93.396698,0.129960,17.611099,-0.207105,-0.491013,-0.690705,0.488816,199.849106,1537.361572,-4191.214844,199.690964,1456.400146,-4199.249512,216.423737,1579.519409,-4218.832031,178.020432,1490.117065,-4151.585938,205.261169,1623.410156,-4195.191895,199.664825,1456.594849,-4198.827148,216.237701,1579.765991,-4218.918945,178.051300,1489.855835,-4151.937012,205.432739,1623.237549,-4195.166504,2616.254639,1567.725952,-3159.786377,,,,,,,,,,,,,,,,,,,,,,,,,,,,,,,,,
8276,82.760000,0.000000,0.000000,0.000000,1.000000,0.000000,0.000000,0.000000,57.698101,20.499701,-14.700500,0.047771,-0.013570,0.015998,-15.666301,-52.738201,18.801300,-93.396698,0.129960,17.611099,-0.207269,-0.490823,-0.690942,0.488602,199.428497,1537.365479,-4191.601074,199.207458,1456.406128,-4199.656250,216.032593,1579.517334,-4219.209473,177.567703,1490.127808,-4151.981934,204.906158,1623.410645,-4195.557617,199.208389,1456.638062,-4199.206543,215.792023,1579.723022,-4219.286133,177.585312,1489.832886,-4152.369629,205.120743,1623.268677,-4195.535645,2616.302490,1567.762817,-3159.783203,,,,,,,,,,,,,,,,,,,,,,,,,,,,,,,,,
8277,82.770000,0.000000,0.000000,0.000000,1.000000,0.000000,0.000000,0.000000,57.698101,20.499701,-14.700500,0.047771,-0.013570,0.015998,-15.666301,-52.738201,18.801300,-93.396698,0.129960,17.611099,-0.208095,-0.490977,-0.690366,0.488910,198.883270,1537.386108,-4192.092773,198.669586,1456.414917,-4200.028809,215.434814,1579.501709,-4219.788086,177.094650,1490.201050,-4152.371582,204.333939,1623.426758,-4196.183105,198.602097,1456.587280,-4199.687500,215.320343,1579.626831,-4219.789062,177.211609,1490.153076,-4152.760742,204.415100,1623.175537,-4196.145020,2616.287109,1567.743042,-3159.773682,,,,,,,,,,,,,,,,,,,,,,,,,,,,,,,,,
8278,82.780000,0.000000,0.000000,0.000000,1.000000,0.000000,0.000000,0.000000,57.698101,20.499701,-14.700500,0.047771,-0.013570,0.015998,-15.666301,-52.738201,18.801300,-93.396698,0.129960,17.611099,-0.207341,-0.491142,-0.691136,0.487975,198.423721,1537.396973,-4192.532715,198.129501,1456.433350,-4200.540039,215.094788,1579.516357,-4220.150391,176.480042,1490.204224,-4152.905273,203.990524,1623.434570,-4196.533691,198.086670,1456.570801,-4200.176758,214.926666,1579.612793,-4220.150879,176.587784,1490.144287,-4153.339355,204.109436,1623.264893,-4196.489746,2616.306396,1567.772339,-3159.788330,,,,,,,,,,,,,,,,,,,,,,,,,,,,,,,,,
8279,82.790000,0.000000,0.000000,0.000000,1.000000,0.000000,0.000000,0.000000,57.698101,20.499701,-14.700500,0.047771,-0.013570,0.015998,-15.666301,-52.738201,18.801300,-93.396698,0.129960,17.611099,-0.208004,-0.490242,-0.691398,0.488228,198.004623,1537.375000,-4192.951172,197.619507,1456.419189,-4201.036133,214.661484,1579.505371,-4220.561035,176.093628,1490.164673,-4153.327148,203.643784,1623.411011,-4196.880859,197.560303,1456.585693,-4200.668457,214.505920,1579.588257,-4220.535156,176.199326,1490.010620,-4153.733887,203.759384,1623.317383,-4196.879883,2616.284668,1567.749878,-3159.786621,,,,,,,,,,,,,,,,,,,,,,,,,,,,,,,,,
8280,82.800000,0.000000,0.000000,0.000000,1.000000,0.000000,0.000000,0.000000,57.698101,20.499701,-14.700500,0.047771,-0.013570,0.015998,-15.666301,-52.738201,18.801300,-93.396698,0.129960,17.611099,-0.208046,-0.490241,-0.691519,0.488039,197.489685,1537.398804,-4193.440430,197.071823,1456.443237,-4201.525391,214.169174,1579.522095,-4221.047363,175.551804,1490.197632,-4153.819824,203.165863,1623.432495,-4197.369141,196.931900,1456.585083,-4201.221191,214.139175,1579.638184,-4220.985352,175.705887,1490.042847,-4154.154785,203.186447,1623.326294,-4197.411621,2616.295654,1567.751099,-3159.778076,,,,,,,,,,,,,,,,,,,,,,,,,,,,,,,,,
8281,82.810000,0.000000,0.000000,0.000000,1.000000,0.000000,0.000000,0.000000,57.698101,20.499701,-14.700500,0.047771,-0.013570,0.015998,-15.666301,-52.738201,18.801300,-93.396698,0.129960,17.611099,-0.207614,-0.490771,-0.691465,0.487767,197.046814,1537.505005,-4193.832031,196.665970,1456.545532,-4201.878418,213.750275,1579.620483,-4221.436035,175.070282,1490.315796,-4154.219238,202.700668,1623.538574,-4197.793945,196.553467,1456.740967,-4201.602539,213.697510,1579.697021,-4221.362305,175.202789,1490.164429,-4154.524414,202.737747,1623.423950,-4197.845703,2616.286133,1567.751587,-3159.790039,,,,,,,,,,,,,,,,,,,,,,,,,,,,,,,,,
8282,82.820000,0.000000,0.000000,0.000000,1.000000,0.000000,0.000000,0.000000,57.698101,20.499701,-14.700500,0.047771,-0.013570,0.015998,-15.666301,-52.738201,18.801300,-93.396698,0.129960,17.611099,-0.208857,-0.489773,-0.691442,0.488271,196.471283,1537.591309,-4194.371094,195.990585,1456.635010,-4202.444824,213.124954,1579.701294,-4222.014160,174.578323,1490.408081,-4154.705078,202.191223,1623.621094,-4198.320801,195.966583,1456.830200,-4202.176758,213.034134,1579.692261,-4222.081543,174.625244,1490.281738,-4154.959961,202.260742,1623.576172,-4198.257812,2616.258301,1567.752686,-3159.787354,,,,,,,,,,,,,,,,,,,,,,,,,,,,,,,,,
8283,82.830000,0.000000,0.000000,0.000000,1.000000,0.000000,0.000000,0.000000,57.698101,20.499701,-14.700500,0.047771,-0.013570,0.015998,-15.666301,-52.738201,18.801300,-93.396698,0.129960,17.611099,-0.208119,-0.490154,-0.691769,0.487742,195.913101,1537.711426,-4194.830566,195.435287,1456.757568,-4202.929199,212.630447,1579.826660,-4222.426270,173.931000,1490.520264,-4155.222656,201.655624,1623.741333,-4198.742676,195.434845,1456.963989,-4202.633301,212.513382,1579.762695,-4222.546875,173.966492,1490.411621,-4155.504395,201.738541,1623.724731,-4198.626465,2616.256104,1567.760986,-3159.791992,,,,,,,,,,,,,,,,,,,,,,,,,,,,,,,,,
8284,82.840000,0.000000,0.000000,0.000000,1.000000,0.000000,0.000000,0.000000,57.698101,20.499701,-14.700500,0.047771,-0.013570,0.015998,-15.666301,-52.738201,18.801300,-93.396698,0.129960,17.611099,-0.208206,-0.490176,-0.691543,0.488002,195.356552,1537.863647,-4195.291016,194.915848,1456.907715,-4203.371094,212.040314,1579.981079,-4222.904297,173.415939,1490.670410,-4155.663086,201.054001,1623.895508,-4199.226074,194.862183,1457.111084,-4203.101562,211.999863,1579.909668,-4222.998047,173.507736,1490.643433,-4155.957520,201.060867,1623.817261,-4199.103516,2616.293701,1567.756714,-3159.791748,,,,,,,,,,,,,,,,,,,,,,,,,,,,,,,,,
8285,82.850000,0.000000,0.000000,0.000000,1.000000,0.000000,0.000000,0.000000,57.698101,20.499701,-14.700500,0.047771,-0.013570,0.015998,-15.666301,-52.738201,18.801300,-93.396698,0.129960,17.611099,-0.209233,-0.489453,-0.691073,0.488952,194.766830,1538.040649,-4195.778809,194.337524,1457.083984,-4203.851562,211.341080,1580.163818,-4223.448730,172.977234,1490.839966,-4156.076660,200.411423,1624.074951,-4199.737793,194.328857,1457.282837,-4203.609375,211.260986,1580.029907,-4223.569824,173.045059,1490.877197,-4156.365234,200.436569,1623.994019,-4199.572754,2616.265625,1567.760132,-3159.788574,,,,,,,,,,,,,,,,,,,,,,,,,,,,,,,,,
8286,82.860000,0.000000,0.000000,0.000000,1.000000,0.000000,0.000000,0.000000,57.698101,20.499701,-14.700500,0.047771,-0.013570,0.015998,-15.666301,-52.738201,18.801300,-93.396698,0.129960,17.611099,-0.205413,-0.492604,-0.691108,0.487356,194.124527,1538.267212,-4196.311523,194.003052,1457.299683,-4204.286133,210.854507,1580.402832,-4223.868652,172.074127,1491.054443,-4156.768066,199.566315,1624.312256,-4200.323242,193.998596,1457.549561,-4203.989746,210.731506,1580.288574,-4223.965820,172.172440,1491.158081,-4157.162109,199.614212,1624.114624,-4200.141602,2616.252930,1567.759033,-3159.794434,,,,,,,,,,,,,,,,,,,,,,,,,,,,,,,,,
8287,82.870000,0.000000,0.000000,0.000000,1.000000,0.000000,0.000000,0.000000,57.698101,20.499701,-14.700500,0.047771,-0.013570,0.015998,-15.666301,-52.738201,18.801300,-93.396698,0.129960,17.611099,-0.206903,-0.491236,-0.690345,0.489186,193.491470,1538.408813,-4196.816895,193.426666,1457.444702,-4204.826172,210.017044,1580.577148,-4224.447266,171.717926,1491.151367,-4157.173340,198.804184,1624.462158,-4200.820801,193.413620,1457.705200,-4204.592285,209.921997,1580.411621,-4224.507812,171.823517,1491.277344,-4157.518066,198.820114,1624.284424,-4200.666016,2616.295410,1567.713501,-3159.774658,,,,,,,,,,,,,,,,,,,,,,,,,,,,,,,,,
8288,82.880000,0.000000,0.000000,0.000000,1.000000,0.000000,0.000000,0.000000,57.698101,20.499701,-14.700500,0.047771,-0.013570,0.015998,-15.666301,-52.738201,18.801300,-93.396698,0.129960,17.611099,-0.209029,-0.488562,-0.690419,0.490852,192.841385,1538.539795,-4197.361816,192.640289,1457.594971,-4205.562500,209.209885,1580.757812,-4225.009766,171.306046,1491.209106,-4157.675293,198.209229,1624.597290,-4201.199707,192.585495,1457.800537,-4205.369629,209.186554,1580.572388,-4225.055176,171.436951,1491.326538,-4157.981934,198.168747,1624.491699,-4201.065918,2616.306641,1567.745361,-3159.762207,,,,,,,,,,,,,,,,,,,,,,,,,,,,,,,,,
8289,82.890000,0.000000,0.000000,0.000000,1.000000,0.000000,0.000000,0.000000,57.698101,20.499701,-14.700500,0.047771,-0.013570,0.015998,-15.666301,-52.738201,18.801300,-93.396698,0.129960,17.611099,-0.210295,-0.487248,-0.690008,0.492194,192.179916,1538.665894,-4197.906738,191.979675,1457.727051,-4206.166016,208.403534,1580.911865,-4225.597656,170.846344,1491.296143,-4158.158203,197.490067,1624.728760,-4201.706055,191.925293,1457.933838,-4206.014160,208.394592,1580.755615,-4225.613281,170.977997,1491.457153,-4158.432129,197.432541,1624.549316,-4201.588379,2616.310791,1567.758057,-3159.767090,,,,,,,,,,,,,,,,,,,,,,,,,,,,,,,,,
8290,82.900000,0.000000,0.000000,0.000000,1.000000,0.000000,0.000000,0.000000,57.698101,20.499701,-14.700500,0.047771,-0.013570,0.015998,-15.666301,-52.738201,18.801300,-93.396698,0.129960,17.611099,-0.211213,-0.485409,-0.690218,0.493322,191.521774,1538.742798,-4198.469727,191.261627,1457.823364,-4206.915039,207.645630,1581.047485,-4226.128906,170.335663,1491.287964,-4158.743164,196.844116,1624.812500,-4202.091309,191.251434,1458.016846,-4206.763672,207.572845,1580.921631,-4226.136719,170.440338,1491.495239,-4159.033691,196.838135,1624.563232,-4201.966309,2616.281982,1567.716064,-3159.783203,,,,,,,,,,,,,,,,,,,,,,,,,,,,,,,,,
8291,82.910000,0.000000,0.000000,0.000000,1.000000,0.000000,0.000000,0.000000,57.698101,20.499701,-14.700500,0.047771,-0.013570,0.015998,-15.666301,-52.738201,18.801300,-93.396698,0.129960,17.611099,-0.211598,-0.483920,-0.690698,0.493947,190.862259,1538.790161,-4199.060547,190.531891,1457.891479,-4207.699707,206.945724,1581.151489,-4226.656250,169.742355,1491.252686,-4159.397949,196.228973,1624.865112,-4202.487793,190.578003,1458.053833,-4207.490234,206.789856,1581.065552,-4226.744141,169.794952,1491.458984,-4159.728516,196.303009,1624.593872,-4202.293945,2616.296143,1567.745605,-3159.777344,,,,,,,,,,,,,,,,,,,,,,,,,,,,,,,,,
8292,82.920000,0.000000,0.000000,0.000000,1.000000,0.000000,0.000000,0.000000,57.698101,20.499701,-14.700500,0.047771,-0.013570,0.015998,-15.666301,-52.738201,18.801300,-93.396698,0.129960,17.611099,-0.210234,-0.483764,-0.691231,0.493937,190.164474,1538.797485,-4199.751953,189.909012,1457.916748,-4208.559570,206.271759,1581.227539,-4227.228027,169.000793,1491.162842,-4160.229492,195.476288,1624.883179,-4202.990234,189.983643,1458.070557,-4208.336914,206.060516,1581.152222,-4227.316895,169.038483,1491.403687,-4160.591309,195.594360,1624.571777,-4202.782715,2616.289307,1567.759399,-3159.782959,,,,,,,,,,,,,,,,,,,,,,,,,,,,,,,,,
8293,82.930000,0.000000,0.000000,0.000000,1.000000,0.000000,0.000000,0.000000,57.698101,20.499701,-14.700500,0.047771,-0.013570,0.015998,-15.666301,-52.738201,18.801300,-93.396698,0.129960,17.611099,-0.210290,-0.481901,-0.692108,0.494506,189.471481,1538.751343,-4200.445312,189.123138,1457.903198,-4209.543945,205.560120,1581.265625,-4227.802246,168.346924,1490.993774,-4161.050293,194.855682,1624.843262,-4203.383789,189.184738,1457.966431,-4209.344238,205.358383,1581.187622,-4227.873047,168.399902,1491.277222,-4161.422852,194.957626,1624.601685,-4203.186035,2616.285889,1567.755005,-3159.783203,,,,,,,,,,,,,,,,,,,,,,,,,,,,,,,,,
8294,82.940000,0.000000,0.000000,0.000000,1.000000,0.000000,0.000000,0.000000,57.698101,20.499701,-14.700500,0.047771,-0.013570,0.015998,-15.666301,-52.738201,18.801300,-93.396698,0.129960,17.611099,-0.209945,-0.480858,-0.692651,0.494907,188.813477,1538.691284,-4201.124512,188.451294,1457.865845,-4210.423340,204.886490,1581.271606,-4228.387695,167.712646,1490.838013,-4161.833496,194.203415,1624.789673,-4203.854004,188.528580,1457.892822,-4210.202637,204.633667,1581.160400,-4228.457031,167.761993,1491.129761,-4162.252441,194.335083,1624.622681,-4203.652832,2616.257324,1567.774292,-3159.790527,,,,,,,,,,,,,,,,,,,,,,,,,,,,,,,,,
8295,82.950000,0.000000,0.000000,0.000000,1.000000,0.000000,0.000000,0.000000,57.698101,20.499701,-14.700500,0.047771,-0.013570,0.015998,-15.666301,-52.738201,18.801300,-93.396698,0.129960,17.611099,-0.210305,-0.480016,-0.692632,0.495597,188.325897,1538.645508,-4201.696289,187.967270,1457.830078,-4211.081543,204.332565,1581.259766,-4228.945801,167.316956,1490.744141,-4162.414551,193.686707,1624.748291,-4204.343750,188.027512,1457.839844,-4210.915039,204.117020,1581.174316,-4228.960938,167.381195,1491.076660,-4162.790039,193.789581,1624.537842,-4204.182617,2616.257080,1567.770386,-3159.794189,,,,,,,,,,,,,,,,,,,,,,,,,,,,,,,,,
8296,82.960000,0.000000,0.000000,0.000000,1.000000,0.000000,0.000000,0.000000,57.698101,20.499701,-14.700500,0.047771,-0.013570,0.015998,-15.666301,-52.738201,18.801300,-93.396698,0.129960,17.611099,-0.211217,-0.478139,-0.693318,0.496065,187.695480,1538.496704,-4202.388672,187.168594,1457.706177,-4211.979004,203.685074,1581.153320,-4229.582031,166.734131,1490.530762,-4163.160156,193.194016,1624.596802,-4204.833984,187.246674,1457.640991,-4211.863281,203.468460,1581.082031,-4229.595703,166.765991,1490.870972,-4163.456055,193.301361,1624.441284,-4204.684082,2616.302490,1567.714233,-3159.776123,,,,,,,,,,,,,,,,,,,,,,,,,,,,,,,,,
8297,82.970000,0.000000,0.000000,0.000000,1.000000,0.000000,0.000000,0.000000,57.698101,20.499701,-14.700500,0.047771,-0.013570,0.015998,-15.666301,-52.738201,18.801300,-93.396698,0.129960,17.611099,-0.211364,-0.477507,-0.693619,0.496190,187.104279,1538.308960,-4203.093262,186.526398,1457.529175,-4212.769043,203.094299,1580.986084,-4230.253418,166.149597,1490.312134,-4163.898926,192.646759,1624.408691,-4205.450684,186.634277,1457.475952,-4212.635254,202.809418,1580.895020,-4230.270020,166.157928,1490.629639,-4164.213867,192.802017,1624.273071,-4205.298828,2616.301270,1567.741699,-3159.761230,,,,,,,,,,,,,,,,,,,,,,,,,,,,,,,,,
8298,82.980000,0.000000,0.000000,0.000000,1.000000,0.000000,0.000000,0.000000,57.698101,20.499701,-14.700500,0.047771,-0.013570,0.015998,-15.666301,-52.738201,18.801300,-93.396698,0.129960,17.611099,-0.210976,-0.476801,-0.694545,0.495739,186.577225,1538.088867,-4203.740723,185.886765,1457.330078,-4213.583496,202.647995,1580.798218,-4230.802734,165.526047,1490.042480,-4164.659180,192.248077,1624.185059,-4205.917480,185.973633,1457.242065,-4213.417969,202.369324,1580.734619,-4230.796875,165.559204,1490.341675,-4165.017578,192.399399,1624.080322,-4205.785156,2616.289062,1567.784546,-3159.784668,,,,,,,,,,,,,,,,,,,,,,,,,,,,,,,,,
8299,82.990000,0.000000,0.000000,0.000000,1.000000,0.000000,0.000000,0.000000,57.698101,20.499701,-14.700500,0.047771,-0.013570,0.015998,-15.666301,-52.738201,18.801300,-93.396698,0.129960,17.611099,-0.211227,-0.475646,-0.695401,0.495541,186.026642,1537.810425,-4204.391602,185.177521,1457.073853,-4214.402344,202.150909,1580.546509,-4231.379395,164.923416,1489.721436,-4165.390625,191.854691,1623.900269,-4206.393555,185.225647,1456.959106,-4214.285156,201.964127,1580.506226,-4231.349609,164.978836,1490.016479,-4165.679688,191.942825,1623.805908,-4206.294922,2616.238037,1567.748291,-3159.789062,,,,,,,,,,,,,,,,,,,,,,,,,,,,,,,,,
8300,83.000000,0.000000,0.000000,0.000000,1.000000,0.000000,0.000000,0.000000,57.698101,20.499701,-14.700500,0.047771,-0.013570,0.015998,-15.666301,-52.738201,18.801300,-93.396698,0.129960,17.611099,-0.212479,-0.473704,-0.695967,0.496071,185.450943,1537.486572,-4205.042480,184.413925,1456.774170,-4215.228516,201.547653,1580.253052,-4231.998535,164.412659,1489.349487,-4166.065918,191.429459,1623.569824,-4206.876465,184.525314,1456.676880,-4215.097168,201.266663,1580.131958,-4232.043457,164.415710,1489.666260,-4166.370605,191.579376,1623.507202,-4206.701660,2616.282227,1567.734253,-3159.785156,,,,,,,,,,,,,,,,,,,,,,,,,,,,,,,,,
8301,83.010000,0.000000,0.000000,0.000000,1.000000,0.000000,0.000000,0.000000,57.698101,20.499701,-14.700500,0.047771,-0.013570,0.015998,-15.666301,-52.738201,18.801300,-93.396698,0.129960,17.611099,-0.211965,-0.473133,-0.696863,0.495578,184.892227,1537.168213,-4205.710449,183.758087,1456.477173,-4216.054688,201.072632,1579.965454,-4232.567383,163.751114,1488.983643,-4166.848145,190.987015,1623.246948,-4207.371094,183.866913,1456.408081,-4215.888184,200.804413,1579.844727,-4232.667969,163.750198,1489.261841,-4167.165039,191.135071,1623.185547,-4207.161133,2616.303223,1567.742676,-3159.776367,,,,,,,,,,,,,,,,,,,,,,,,,,,,,,,,,
8302,83.020000,0.000000,0.000000,0.000000,1.000000,0.000000,0.000000,0.000000,57.698101,20.499701,-14.700500,0.047771,-0.013570,0.015998,-15.666301,-52.738201,18.801300,-93.396698,0.129960,17.611099,-0.211449,-0.472757,-0.697623,0.495087,184.294937,1536.806519,-4206.407227,183.083115,1456.132812,-4216.877441,200.553223,1579.627197,-4233.179688,163.056366,1488.585327,-4167.643555,190.487000,1622.880859,-4207.927734,183.224426,1456.040161,-4216.687988,200.235779,1579.524292,-4233.328613,163.021622,1488.838501,-4167.956055,190.680450,1622.838623,-4207.685059,2616.270752,1567.739258,-3159.781738,,,,,,,,,,,,,,,,,,,,,,,,,,,,,,,,,
8303,83.030000,0.000000,0.000000,0.000000,1.000000,0.000000,0.000000,0.000000,57.698101,20.499701,-14.700500,0.047771,-0.013570,0.015998,-15.666301,-52.738201,18.801300,-93.396698,0.129960,17.611099,-0.209913,-0.472406,-0.699112,0.493975,183.688171,1536.452148,-4207.130859,182.374313,1455.811890,-4217.843750,200.113052,1579.323364,-4233.720215,162.232040,1488.153809,-4168.583984,190.033249,1622.519897,-4208.375977,182.524261,1455.668213,-4217.644531,199.764725,1579.239502,-4233.852051,162.188797,1488.369629,-4168.894531,190.257675,1622.540771,-4208.154297,2616.286377,1567.775024,-3159.780273,,,,,,,,,,,,,,,,,,,,,,,,,,,,,,,,,
8304,83.040000,0.000000,0.000000,0.000000,1.000000,0.000000,0.000000,0.000000,57.698101,20.499701,-14.700500,0.047771,-0.013570,0.015998,-15.666301,-52.738201,18.801300,-93.396698,0.129960,17.611099,-0.208167,-0.472648,-0.700369,0.492701,183.011841,1536.043701,-4207.890625,181.643051,1455.427002,-4218.773438,199.608185,1578.947998,-4234.319824,161.324646,1487.694336,-4169.537109,189.471420,1622.105469,-4208.932129,181.803482,1455.277954,-4218.496094,199.218552,1578.916382,-4234.505859,161.263748,1487.818604,-4169.880859,189.747040,1622.162964,-4208.689453,2616.285400,1567.767334,-3159.786133,,,,,,,,,,,,,,,,,,,,,,,,,,,,,,,,,
8305,83.050000,0.000000,0.000000,0.000000,1.000000,0.000000,0.000000,0.000000,57.698101,20.499701,-14.700500,0.047771,-0.013570,0.015998,-15.666301,-52.738201,18.801300,-93.396698,0.129960,17.611099,-0.206978,-0.472791,-0.701263,0.491791,182.432892,1535.659058,-4208.648926,181.018890,1455.059692,-4219.652344,199.151108,1578.585205,-4234.965820,160.582321,1487.276001,-4170.431641,188.979156,1621.715942,-4209.546875,181.144272,1454.862305,-4219.345703,198.813873,1578.618286,-4235.143555,160.541794,1487.360352,-4170.778809,189.227997,1621.790039,-4209.325684,2616.300537,1567.760498,-3159.778320,,,,,,,,,,,,,,,,,,,,,,,,,,,,,,,,,
8306,83.060000,0.000000,0.000000,0.000000,1.000000,0.000000,0.000000,0.000000,57.698101,20.499701,-14.700500,0.047771,-0.013570,0.015998,-15.666301,-52.738201,18.801300,-93.396698,0.129960,17.611099,-0.205264,-0.473721,-0.701952,0.490631,181.865356,1535.262939,-4209.425293,180.479218,1454.669922,-4220.479492,198.719864,1578.198486,-4235.639648,159.820984,1486.865234,-4171.337402,188.441284,1621.318359,-4210.245117,180.549805,1454.481812,-4220.090820,198.418884,1578.297241,-4235.784668,159.816391,1486.854248,-4171.743652,188.675003,1621.401733,-4210.073242,2616.269043,1567.740356,-3159.769043,,,,,,,,,,,,,,,,,,,,,,,,,,,,,,,,,
8307,83.070000,0.000000,0.000000,0.000000,1.000000,0.000000,0.000000,0.000000,57.698101,20.499701,-14.700500,0.047771,-0.013570,0.015998,-15.666301,-52.738201,18.801300,-93.396698,0.129960,17.611099,-0.203713,-0.473826,-0.703328,0.489203,181.323059,1534.880371,-4210.140137,179.835236,1454.313354,-4221.369141,198.366409,1577.839355,-4236.193359,159.029999,1486.443970,-4172.247070,188.060516,1620.925049,-4210.751465,179.862213,1454.028442,-4220.994141,198.129196,1577.990112,-4236.307617,159.040894,1486.397217,-4172.609375,188.260971,1621.065796,-4210.619141,2616.276855,1567.750000,-3159.775146,,,,,,,,,,,,,,,,,,,,,,,,,,,,,,,,,
8308,83.080000,0.000000,0.000000,0.000000,1.000000,0.000000,0.000000,0.000000,57.698101,20.499701,-14.700500,0.047771,-0.013570,0.015998,-15.666301,-52.738201,18.801300,-93.396698,0.129960,17.611099,-0.203626,-0.473960,-0.703472,0.488902,180.846558,1534.523071,-4210.835449,179.330948,1453.955811,-4222.057617,197.923843,1577.472412,-4236.882324,158.510147,1486.099731,-4172.950684,187.621231,1620.564819,-4211.450684,179.305832,1453.662476,-4221.710938,197.768112,1577.642090,-4236.975586,158.546677,1486.032715,-4173.276367,187.761642,1620.706177,-4211.348633,2616.287109,1567.749512,-3159.788086,,,,,,,,,,,,,,,,,,,,,,,,,,,,,,,,,
8309,83.090000,0.000000,0.000000,0.000000,1.000000,0.000000,0.000000,0.000000,57.698101,20.499701,-14.700500,0.047771,-0.013570,0.015998,-15.666301,-52.738201,18.801300,-93.396698,0.129960,17.611099,-0.202639,-0.474723,-0.703927,0.487917,180.366653,1534.153198,-4211.563477,178.840546,1453.585815,-4222.784668,197.553665,1577.090454,-4237.558105,157.878815,1485.745850,-4173.748047,187.193512,1620.190918,-4212.163574,178.775848,1453.265991,-4222.425293,197.442841,1577.307861,-4237.649414,157.924103,1485.616211,-4174.055664,187.312775,1620.361328,-4212.085938,2616.261230,1567.748169,-3159.789062,,,,,,,,,,,,,,,,,,,,,,,,,,,,,,,,,
8310,83.100000,0.000000,0.000000,0.000000,1.000000,0.000000,0.000000,0.000000,57.698101,20.499701,-14.700500,0.047771,-0.013570,0.015998,-15.666301,-52.738201,18.801300,-93.396698,0.129960,17.611099,-0.201279,-0.476486,-0.703902,0.486796,179.844345,1533.776123,-4212.384766,178.407013,1453.189941,-4223.480957,197.133804,1576.678833,-4238.368164,157.201157,1485.420288,-4174.596191,186.635345,1619.815796,-4213.093262,178.287567,1452.937866,-4223.173340,197.077652,1576.942871,-4238.358887,157.285294,1485.256104,-4174.872559,186.708298,1619.921265,-4213.109375,2616.269775,1567.754272,-3159.777100,,,,,,,,,,,,,,,,,,,,,,,,,,,,,,,,,
8311,83.110000,0.000000,0.000000,0.000000,1.000000,0.000000,0.000000,0.000000,57.698101,20.499701,-14.700500,0.047771,-0.013570,0.015998,-15.666301,-52.738201,18.801300,-93.396698,0.129960,17.611099,-0.200971,-0.477730,-0.703462,0.486339,179.303802,1533.392212,-4213.231934,177.934082,1452.782471,-4224.165527,196.617966,1576.251465,-4239.270508,156.616562,1485.100830,-4175.387207,186.046509,1619.434082,-4214.104004,177.803360,1452.636475,-4223.888672,196.608505,1576.515137,-4239.263672,156.709351,1484.917236,-4175.634277,186.083954,1619.477539,-4214.130371,2616.282715,1567.735352,-3159.785156,,,,,,,,,,,,,,,,,,,,,,,,,,,,,,,,,
8312,83.120000,0.000000,0.000000,0.000000,1.000000,0.000000,0.000000,0.000000,57.698101,20.499701,-14.700500,0.047771,-0.013570,0.015998,-15.666301,-52.738201,18.801300,-93.396698,0.129960,17.611099,-0.200891,-0.477827,-0.703746,0.485866,178.820496,1533.020020,-4214.105957,177.392548,1452.411743,-4225.042969,196.190201,1575.865479,-4240.130371,156.064087,1484.746704,-4176.279785,185.635056,1619.056396,-4214.971191,177.243530,1452.291016,-4224.780762,196.222397,1576.107422,-4240.130859,156.171234,1484.574585,-4176.514648,185.640457,1619.087158,-4214.991699,2616.289551,1567.782104,-3159.778320,,,,,,,,,,,,,,,,,,,,,,,,,,,,,,,,,
8313,83.130000,0.000000,0.000000,0.000000,1.000000,0.000000,0.000000,0.000000,57.698101,20.499701,-14.700500,0.047771,-0.013570,0.015998,-15.666301,-52.738201,18.801300,-93.396698,0.129960,17.611099,-0.200191,-0.478449,-0.704217,0.484860,178.307236,1532.651978,-4214.978516,176.832306,1452.043579,-4225.907227,195.789093,1575.477051,-4240.961426,155.401184,1484.406128,-4177.208008,185.206284,1618.681641,-4215.837891,176.727188,1451.978271,-4225.551270,195.743378,1575.681641,-4241.046875,155.478729,1484.184326,-4177.523438,185.270065,1618.726440,-4215.797852,2616.276123,1567.712402,-3159.775635,,,,,,,,,,,,,,,,,,,,,,,,,,,,,,,,,
8314,83.140000,0.000000,0.000000,0.000000,1.000000,0.000000,0.000000,0.000000,57.698101,20.499701,-14.700500,0.047771,-0.013570,0.015998,-15.666301,-52.738201,18.801300,-93.396698,0.129960,17.611099,-0.200088,-0.477976,-0.704992,0.484241,177.852158,1532.318604,-4215.863770,176.245575,1451.726562,-4226.894531,195.422699,1575.146240,-4241.782715,154.841217,1484.064575,-4178.167480,184.899094,1618.337402,-4216.610352,176.128220,1451.589233,-4226.589844,195.413910,1575.335449,-4241.855469,154.918365,1483.868530,-4178.427246,184.939407,1618.441040,-4216.574707,2616.266846,1567.767090,-3159.777832,,,,,,,,,,,,,,,,,,,,,,,,,,,,,,,,,
8315,83.150000,0.000000,0.000000,0.000000,1.000000,0.000000,0.000000,0.000000,57.698101,20.499701,-14.700500,0.047771,-0.013570,0.015998,-15.666301,-52.738201,18.801300,-93.396698,0.129960,17.611099,-0.199640,-0.478007,-0.705461,0.483713,177.395462,1532.021118,-4216.699219,175.742859,1451.437256,-4227.782715,195.033463,1574.851807,-4242.566895,154.297012,1483.760864,-4179.064453,184.508453,1618.035034,-4217.382324,175.644714,1451.274902,-4227.428711,194.978622,1575.020874,-4242.666016,154.363907,1483.559692,-4179.371094,184.586563,1618.180786,-4217.315430,2616.271240,1567.760742,-3159.792480,,,,,,,,,,,,,,,,,,,,,,,,,,,,,,,,,
8316,83.160000,0.000000,0.000000,0.000000,1.000000,0.000000,0.000000,0.000000,57.698101,20.499701,-14.700500,0.047771,-0.013570,0.015998,-15.666301,-52.738201,18.801300,-93.396698,0.129960,17.611099,-0.198606,-0.479301,-0.705479,0.482831,176.881775,1531.773071,-4217.600586,175.287949,1451.176025,-4228.596191,194.601562,1574.577881,-4243.455078,153.660950,1483.550903,-4179.992188,183.976562,1617.787842,-4218.357910,175.178085,1451.027954,-4228.226074,194.524017,1574.768311,-4243.500488,153.741623,1483.302979,-4180.328125,184.075836,1617.934448,-4218.338867,2616.269775,1567.783813,-3159.786377,,,,,,,,,,,,,,,,,,,,,,,,,,,,,,,,,
8317,83.170000,0.000000,0.000000,0.000000,1.000000,0.000000,0.000000,0.000000,57.698101,20.499701,-14.700500,0.047771,-0.013570,0.015998,-15.666301,-52.738201,18.801300,-93.396698,0.129960,17.611099,-0.199723,-0.478801,-0.705012,0.483549,176.315338,1531.538940,-4218.492188,174.705063,1450.935547,-4229.440430,193.950867,1574.333374,-4244.421387,153.214355,1483.332397,-4180.790039,183.391037,1617.554688,-4219.316406,174.594666,1450.791138,-4229.094727,193.897949,1574.495117,-4244.481445,153.298843,1483.130005,-4181.105957,183.463165,1617.688721,-4219.277344,2616.281494,1567.732910,-3159.786133,,,,,,,,,,,,,,,,,,,,,,,,,,,,,,,,,
8318,83.180000,0.000000,0.000000,0.000000,1.000000,0.000000,0.000000,0.000000,57.698101,20.499701,-14.700500,0.047771,-0.013570,0.015998,-15.666301,-52.738201,18.801300,-93.396698,0.129960,17.611099,-0.198791,-0.480503,-0.704514,0.482968,175.844757,1531.415894,-4219.355469,174.370026,1450.786743,-4230.130859,193.513550,1574.174927,-4245.320801,152.678131,1483.264038,-4181.624023,182.817276,1617.438354,-4220.347168,174.195923,1450.707764,-4229.863770,193.542480,1574.420898,-4245.250000,152.810684,1483.025146,-4181.876953,182.829681,1617.481567,-4220.425781,2616.296387,1567.760620,-3159.768311,,,,,,,,,,,,,,,,,,,,,,,,,,,,,,,,,
8319,83.190000,0.000000,0.000000,0.000000,1.000000,0.000000,0.000000,0.000000,57.698101,20.499701,-14.700500,0.047771,-0.013570,0.015998,-15.666301,-52.738201,18.801300,-93.396698,0.129960,17.611099,-0.198335,-0.480981,-0.704565,0.482606,175.384628,1531.309448,-4220.145508,173.931351,1450.676636,-4230.896484,193.088684,1574.061157,-4246.099121,152.165756,1483.168335,-4182.432129,182.352661,1617.332031,-4221.154785,173.786682,1450.585815,-4230.607422,193.096863,1574.319824,-4246.104004,152.261459,1482.909546,-4182.681641,182.387802,1617.388916,-4221.190430,2616.277344,1567.732056,-3159.778076,,,,,,,,,,,,,,,,,,,,,,,,,,,,,,,,,
8320,83.200000,0.000000,0.000000,0.000000,1.000000,0.000000,0.000000,0.000000,57.698101,20.499701,-14.700500,0.047771,-0.013570,0.015998,-15.666301,-52.738201,18.801300,-93.396698,0.129960,17.611099,-0.198499,-0.481004,-0.704538,0.482556,174.908890,1531.216919,-4220.946777,173.438141,1450.581787,-4231.678711,192.616730,1573.958862,-4246.913574,151.687241,1483.089233,-4183.217773,181.893372,1617.237793,-4221.977051,173.341965,1450.523071,-4231.329590,192.546387,1574.180664,-4246.976074,151.756485,1482.843872,-4183.528320,181.979477,1617.283081,-4221.960449,2616.300293,1567.741455,-3159.765137,,,,,,,,,,,,,,,,,,,,,,,,,,,,,,,,,
8321,83.210000,0.000000,0.000000,0.000000,1.000000,0.000000,0.000000,0.000000,57.698101,20.499701,-14.700500,0.047771,-0.013570,0.015998,-15.666301,-52.738201,18.801300,-93.396698,0.129960,17.611099,-0.199867,-0.479782,-0.704522,0.483231,174.477051,1531.167969,-4221.809570,172.898590,1450.541260,-4232.587891,192.122803,1573.912231,-4247.813965,151.357300,1483.034912,-4184.024902,181.529495,1617.183716,-4222.810059,172.798660,1450.474487,-4232.312012,192.087494,1574.137573,-4247.837891,151.425949,1482.826172,-4184.266602,181.587372,1617.212036,-4222.822266,2616.282471,1567.706787,-3159.768799,,,,,,,,,,,,,,,,,,,,,,,,,,,,,,,,,
8322,83.220000,0.000000,0.000000,0.000000,1.000000,0.000000,0.000000,0.000000,57.698101,20.499701,-14.700500,0.047771,-0.013570,0.015998,-15.666301,-52.738201,18.801300,-93.396698,0.129960,17.611099,-0.200171,-0.479095,-0.704782,0.483405,174.006317,1531.153076,-4222.669434,172.369232,1450.538086,-4233.526367,191.646454,1573.913086,-4248.652344,150.902664,1482.995728,-4184.906250,181.106842,1617.165649,-4223.593262,172.273422,1450.440430,-4233.222168,191.599258,1574.147949,-4248.706055,150.971680,1482.817261,-4185.175293,181.169312,1617.187256,-4223.575684,2616.301025,1567.751587,-3159.768799,,,,,,,,,,,,,,,,,,,,,,,,,,,,,,,,,
8323,83.230000,0.000000,0.000000,0.000000,1.000000,0.000000,0.000000,0.000000,57.698101,20.499701,-14.700500,0.047771,-0.013570,0.015998,-15.666301,-52.738201,18.801300,-93.396698,0.129960,17.611099,-0.199351,-0.479117,-0.705519,0.482649,173.494843,1531.152344,-4223.595703,171.802399,1450.551636,-4234.549805,191.234055,1573.925293,-4249.489746,150.260971,1482.973877,-4185.939453,180.681885,1617.159058,-4224.403320,171.745422,1450.399048,-4234.163086,191.105194,1574.159180,-4249.606445,150.289413,1482.724731,-4186.265137,180.826462,1617.284180,-4224.342773,2616.290039,1567.738281,-3159.776367,,,,,,,,,,,,,,,,,,,,,,,,,,,,,,,,,
8324,83.240000,0.000000,0.000000,0.000000,1.000000,0.000000,0.000000,0.000000,57.698101,20.499701,-14.700500,0.047771,-0.013570,0.015998,-15.666301,-52.738201,18.801300,-93.396698,0.129960,17.611099,-0.200431,-0.478232,-0.705457,0.483170,173.029434,1531.230469,-4224.457031,171.257339,1450.634644,-4235.435059,190.718796,1574.002075,-4250.387695,149.876343,1483.052368,-4186.750977,180.265167,1617.233032,-4225.255371,171.207245,1450.472412,-4234.997559,190.553223,1574.201782,-4250.504883,149.913101,1482.809326,-4187.136230,180.436584,1617.387939,-4225.175781,2616.297852,1567.758179,-3159.774170,,,,,,,,,,,,,,,,,,,,,,,,,,,,,,,,,
8325,83.250000,0.000000,0.000000,0.000000,1.000000,0.000000,0.000000,0.000000,57.698101,20.499701,-14.700500,0.047771,-0.013570,0.015998,-15.666301,-52.738201,18.801300,-93.396698,0.129960,17.611099,-0.201373,-0.477688,-0.705337,0.483491,172.601166,1531.375977,-4225.232910,170.760590,1450.779785,-4236.196289,190.256668,1574.134521,-4251.208496,149.505005,1483.215454,-4187.469238,179.882324,1617.374512,-4226.058105,170.684784,1450.588745,-4235.804199,190.130829,1574.348145,-4251.279297,149.562897,1483.010620,-4187.820801,180.015030,1617.505615,-4226.010254,2616.291992,1567.769775,-3159.781738,,,,,,,,,,,,,,,,,,,,,,,,,,,,,,,,,
8326,83.260000,0.000000,0.000000,0.000000,1.000000,0.000000,0.000000,0.000000,57.698101,20.499701,-14.700500,0.047771,-0.013570,0.015998,-15.666301,-52.738201,18.801300,-93.396698,0.129960,17.611099,-0.202660,-0.476837,-0.705083,0.484162,172.153168,1531.534912,-4225.979004,170.244873,1450.939209,-4236.934570,189.736969,1574.286255,-4252.014160,149.166580,1483.383789,-4188.136230,179.464203,1617.530762,-4226.830078,170.137039,1450.712769,-4236.674316,189.690842,1574.496704,-4252.000000,149.248520,1483.263550,-4188.382812,179.523010,1617.627441,-4226.840332,2616.295898,1567.731445,-3159.789062,,,,,,,,,,,,,,,,,,,,,,,,,,,,,,,,,
8327,83.270000,0.000000,0.000000,0.000000,1.000000,0.000000,0.000000,0.000000,57.698101,20.499701,-14.700500,0.047771,-0.013570,0.015998,-15.666301,-52.738201,18.801300,-93.396698,0.129960,17.611099,-0.203553,-0.476328,-0.704572,0.485032,171.665802,1531.740967,-4226.740723,169.780518,1451.140991,-4237.668457,189.148514,1574.496582,-4252.837402,148.816803,1483.585327,-4188.820801,178.917267,1617.741333,-4227.636719,169.640915,1450.952515,-4237.453613,189.155319,1574.657593,-4252.778320,148.932617,1483.486694,-4189.049316,178.926331,1617.833008,-4227.671875,2616.321533,1567.753906,-3159.764404,,,,,,,,,,,,,,,,,,,,,,,,,,,,,,,,,
8328,83.280000,0.000000,0.000000,0.000000,1.000000,0.000000,0.000000,0.000000,57.698101,20.499701,-14.700500,0.047771,-0.013570,0.015998,-15.666301,-52.738201,18.801300,-93.396698,0.129960,17.611099,-0.204768,-0.475104,-0.704395,0.485977,171.191681,1532.002563,-4227.495605,169.251648,1451.411133,-4238.477539,188.579865,1574.775513,-4253.626953,148.482208,1483.821533,-4189.524414,178.452927,1618.002441,-4228.354004,169.161407,1451.266479,-4238.250977,188.547455,1574.838501,-4253.631836,148.573761,1483.750244,-4189.774902,178.484955,1618.127563,-4228.322754,2616.296631,1567.732056,-3159.777588,,,,,,,,,,,,,,,,,,,,,,,,,,,,,,,,,
8329,83.290000,0.000000,0.000000,0.000000,1.000000,0.000000,0.000000,0.000000,57.698101,20.499701,-14.700500,0.047771,-0.013570,0.015998,-15.666301,-52.738201,18.801300,-93.396698,0.129960,17.611099,-0.205010,-0.474934,-0.704068,0.486515,170.617279,1532.278198,-4228.268555,168.727188,1451.684326,-4239.241211,187.942123,1575.062256,-4254.423828,147.988998,1484.082764,-4190.266602,177.810760,1618.283569,-4229.142578,168.606537,1451.559326,-4238.998535,187.913940,1575.087891,-4254.379883,148.128067,1484.016235,-4190.576660,177.827881,1618.422241,-4229.136230,2616.287598,1567.734253,-3159.780273,,,,,,,,,,,,,,,,,,,,,,,,,,,,,,,,,
8330,83.300000,0.000000,0.000000,0.000000,1.000000,0.000000,0.000000,0.000000,57.698101,20.499701,-14.700500,0.047771,-0.013570,0.015998,-15.666301,-52.738201,18.801300,-93.396698,0.129960,17.611099,-0.205312,-0.473119,-0.704210,0.487949,170.071304,1532.841431,-4228.951660,168.210922,1452.279053,-4240.158203,187.268463,1575.718140,-4255.038574,147.616730,1484.513550,-4191.014648,177.189056,1618.855225,-4229.593750,168.181046,1451.982666,-4239.755859,187.033371,1576.175293,-4255.075684,147.635239,1484.355713,-4191.355469,177.387848,1618.864746,-4229.586914,2616.286133,1567.717041,-3159.781250,,,,,,,,,,,,,,,,,,,,,,,,,,,,,,,,,
8331,83.310000,0.000000,0.000000,0.000000,1.000000,0.000000,0.000000,0.000000,57.698101,20.499701,-14.700500,0.047771,-0.013570,0.015998,-15.666301,-52.738201,18.801300,-93.396698,0.129960,17.611099,-0.205423,-0.472595,-0.704689,0.487719,169.510300,1533.124512,-4229.686523,167.557541,1452.575439,-4240.972656,186.748520,1576.007935,-4255.735840,147.011627,1484.784180,-4191.792480,176.723480,1619.130981,-4230.245605,167.468033,1452.347534,-4240.658203,186.683029,1576.159058,-4255.783691,147.087967,1484.678711,-4192.091797,176.794632,1619.262573,-4230.191895,2616.306152,1567.765137,-3159.777832,,,,,,,,,,,,,,,,,,,,,,,,,,,,,,,,,
8332,83.320000,0.000000,0.000000,0.000000,1.000000,0.000000,0.000000,0.000000,57.698101,20.499701,-14.700500,0.047771,-0.013570,0.015998,-15.666301,-52.738201,18.801300,-93.396698,0.129960,17.611099,-0.203544,-0.474861,-0.704378,0.486753,168.890259,1533.401978,-4230.445312,167.133606,1452.826782,-4241.576172,186.204758,1576.260376,-4256.484863,146.257446,1485.102051,-4192.579102,175.965149,1619.418823,-4231.140625,167.064224,1452.791382,-4241.231934,186.110550,1576.207275,-4256.556641,146.367706,1485.006714,-4192.987793,176.034988,1619.589722,-4231.024902,2616.315918,1567.734741,-3159.771240,,,,,,,,,,,,,,,,,,,,,,,,,,,,,,,,,
8333,83.330000,0.000000,0.000000,0.000000,1.000000,0.000000,0.000000,0.000000,57.698101,20.499701,-14.700500,0.047771,-0.013570,0.015998,-15.666301,-52.738201,18.801300,-93.396698,0.129960,17.611099,-0.204385,-0.474481,-0.703559,0.487955,168.311081,1533.737671,-4231.187988,166.644608,1453.153442,-4242.267578,185.480713,1576.607666,-4257.304199,145.867355,1485.424805,-4193.226074,175.251556,1619.764893,-4231.953613,166.556641,1453.094727,-4241.962891,185.423996,1576.545044,-4257.358398,145.994919,1485.369629,-4193.604492,175.283051,1619.934204,-4231.843750,2616.315918,1567.690430,-3159.753662,,,,,,,,,,,,,,,,,,,,,,,,,,,,,,,,,
8334,83.340000,0.000000,0.000000,0.000000,1.000000,0.000000,0.000000,0.000000,57.698101,20.499701,-14.700500,0.047771,-0.013570,0.015998,-15.666301,-52.738201,18.801300,-93.396698,0.129960,17.611099,-0.204074,-0.474716,-0.703218,0.488347,167.619644,1534.046143,-4231.933105,166.057648,1453.457886,-4242.997559,184.738632,1576.932983,-4258.055176,145.231689,1485.711914,-4193.965332,174.450546,1620.082031,-4232.714355,166.011475,1453.338867,-4242.671875,184.622589,1576.945068,-4258.130859,145.311172,1485.644043,-4194.333984,174.544983,1620.236938,-4232.600586,2616.303223,1567.734863,-3159.764648,,,,,,,,,,,,,,,,,,,,,,,,,,,,,,,,,
8335,83.350000,0.000000,0.000000,0.000000,1.000000,0.000000,0.000000,0.000000,57.698101,20.499701,-14.700500,0.047771,-0.013570,0.015998,-15.666301,-52.738201,18.801300,-93.396698,0.129960,17.611099,-0.205408,-0.473017,-0.703147,0.489537,166.988541,1534.327515,-4232.650391,165.356873,1453.756226,-4243.828613,183.994202,1577.250000,-4258.787598,144.768356,1485.940918,-4194.650879,173.834656,1620.363037,-4233.333984,165.254333,1453.499756,-4243.610352,183.952072,1577.313232,-4258.750000,144.884857,1485.940918,-4194.929199,173.862946,1620.515747,-4233.312012,2616.266113,1567.730347,-3159.786621,,,,,,,,,,,,,,,,,,,,,,,,,,,,,,,,,
8336,83.360000,0.000000,0.000000,0.000000,1.000000,0.000000,0.000000,0.000000,57.698101,20.499701,-14.700500,0.047771,-0.013570,0.015998,-15.666301,-52.738201,18.801300,-93.396698,0.129960,17.611099,-0.204029,-0.474473,-0.702587,0.489509,166.310745,1534.575317,-4233.411133,164.908691,1453.986694,-4244.495117,183.295456,1577.506592,-4259.548340,144.087189,1486.182251,-4195.421875,172.951553,1620.626221,-4234.180664,164.789703,1453.830566,-4244.272461,183.262878,1577.623901,-4259.467285,144.213013,1486.118774,-4195.695312,172.976395,1620.698975,-4234.214355,2616.285400,1567.745605,-3159.780518,,,,,,,,,,,,,,,,,,,,,,,,,,,,,,,,,
8337,83.370000,0.000000,0.000000,0.000000,1.000000,0.000000,0.000000,0.000000,57.698101,20.499701,-14.700500,0.047771,-0.013570,0.015998,-15.666301,-52.738201,18.801300,-93.396698,0.129960,17.611099,-0.203684,-0.474351,-0.702730,0.489566,165.479019,1534.759277,-4234.289551,164.098419,1454.177734,-4245.427734,182.464127,1577.711548,-4260.391602,143.251907,1486.335938,-4196.340332,172.101562,1620.812012,-4234.998535,163.978653,1453.971924,-4245.226562,182.465607,1577.822021,-4260.359375,143.354965,1486.260254,-4196.558594,172.109802,1620.947388,-4235.006348,2616.280273,1567.729370,-3159.784912,,,,,,,,,,,,,,,,,,,,,,,,,,,,,,,,,
8338,83.380000,0.000000,0.000000,0.000000,1.000000,0.000000,0.000000,0.000000,57.698101,20.499701,-14.700500,0.047771,-0.013570,0.015998,-15.666301,-52.738201,18.801300,-93.396698,0.129960,17.611099,-0.201928,-0.475934,-0.702324,0.489340,164.643295,1534.947144,-4235.148926,163.500580,1454.351685,-4246.212402,181.631775,1577.914307,-4261.224121,142.377762,1486.508057,-4197.242676,171.063034,1621.014893,-4235.916016,163.358673,1454.226562,-4245.988770,181.657852,1578.011230,-4261.198730,142.502579,1486.396118,-4197.482910,171.050476,1621.122070,-4235.925781,2616.281738,1567.736938,-3159.770996,,,,,,,,,,,,,,,,,,,,,,,,,,,,,,,,,
8339,83.390000,0.000000,0.000000,0.000000,1.000000,0.000000,0.000000,0.000000,57.698101,20.499701,-14.700500,0.047771,-0.013570,0.015998,-15.666301,-52.738201,18.801300,-93.396698,0.129960,17.611099,-0.200868,-0.475862,-0.702986,0.488895,163.812531,1535.106689,-4236.029297,162.669632,1454.529175,-4247.223145,180.868515,1578.110352,-4262.000000,141.452927,1486.613892,-4198.247559,170.259003,1621.173462,-4236.645508,162.492722,1454.279907,-4247.014160,180.941803,1578.272583,-4261.974609,141.588501,1486.545776,-4198.460449,170.213669,1621.285156,-4236.651367,2616.275146,1567.752075,-3159.784912,,,,,,,,,,,,,,,,,,,,,,,,,,,,,,,,,
8340,83.400000,0.000000,0.000000,0.000000,1.000000,0.000000,0.000000,0.000000,57.698101,20.499701,-14.700500,0.047771,-0.013570,0.015998,-15.666301,-52.738201,18.801300,-93.396698,0.129960,17.611099,-0.198686,-0.477035,-0.703537,0.487849,162.896118,1535.240112,-4236.863770,161.857620,1454.668701,-4248.111328,180.069656,1578.268188,-4262.716309,140.357849,1486.712891,-4199.231934,169.299255,1621.310669,-4237.395020,161.709702,1454.416016,-4247.815918,180.070312,1578.474487,-4262.730957,140.466797,1486.582275,-4199.501953,169.321671,1621.430542,-4237.382324,2616.278320,1567.762573,-3159.777344,,,,,,,,,,,,,,,,,,,,,,,,,,,,,,,,,
8341,83.410000,0.000000,0.000000,0.000000,1.000000,0.000000,0.000000,0.000000,57.698101,20.499701,-14.700500,0.047771,-0.013570,0.015998,-15.666301,-52.738201,18.801300,-93.396698,0.129960,17.611099,-0.198367,-0.477543,-0.704009,0.486800,161.869644,1535.502197,-4237.701660,160.739868,1454.928101,-4248.921875,179.159821,1578.496094,-4263.533691,139.181763,1487.021362,-4200.101074,168.397034,1621.563477,-4238.250977,160.671631,1454.599121,-4248.705078,179.105377,1578.637329,-4263.568848,139.303055,1487.241211,-4200.412598,168.407532,1621.515015,-4238.139648,2616.256104,1567.694580,-3159.793457,,,,,,,,,,,,,,,,,,,,,,,,,,,,,,,,,
8342,83.420000,0.000000,0.000000,0.000000,1.000000,0.000000,0.000000,0.000000,57.698101,20.499701,-14.700500,0.047771,-0.013570,0.015998,-15.666301,-52.738201,18.801300,-93.396698,0.129960,17.611099,-0.198491,-0.476910,-0.703559,0.488019,160.940445,1535.453735,-4238.544434,159.930481,1454.887085,-4249.828613,178.098724,1578.499512,-4264.377441,138.419388,1486.901489,-4200.935059,167.313095,1621.526855,-4239.036621,159.798965,1454.689941,-4249.503418,178.090652,1578.695801,-4264.446289,138.537277,1486.839355,-4201.252441,167.326935,1621.554321,-4238.969238,2616.318115,1567.723022,-3159.770020,,,,,,,,,,,,,,,,,,,,,,,,,,,,,,,,,
8343,83.430000,0.000000,0.000000,0.000000,1.000000,0.000000,0.000000,0.000000,57.698101,20.499701,-14.700500,0.047771,-0.013570,0.015998,-15.666301,-52.738201,18.801300,-93.396698,0.129960,17.611099,-0.199437,-0.476084,-0.703015,0.489223,160.134140,1535.428467,-4239.328613,159.164825,1454.863037,-4250.625000,177.159012,1578.496582,-4265.212891,137.793259,1486.846558,-4201.649902,166.419388,1621.508179,-4239.825684,159.055206,1454.739136,-4250.250000,177.097198,1578.664429,-4265.278809,137.878448,1486.608643,-4201.991699,166.499832,1621.645142,-4239.786133,2616.271240,1567.729492,-3159.762695,,,,,,,,,,,,,,,,,,,,,,,,,,,,,,,,,
8344,83.440000,0.000000,0.000000,0.000000,1.000000,0.000000,0.000000,0.000000,57.698101,20.499701,-14.700500,0.047771,-0.013570,0.015998,-15.666301,-52.738201,18.801300,-93.396698,0.129960,17.611099,-0.200191,-0.475863,-0.702202,0.490296,159.171310,1535.367065,-4240.200195,158.293182,1454.791382,-4251.432129,176.063614,1578.440430,-4266.162598,137.002228,1486.780884,-4202.425781,165.326141,1621.455444,-4240.779785,158.138733,1454.723633,-4251.131836,176.082657,1578.578125,-4266.170410,137.139191,1486.624512,-4202.728516,165.323792,1621.503418,-4240.773438,2616.265625,1567.764038,-3159.783203,,,,,,,,,,,,,,,,,,,,,,,,,,,,,,,,,
8345,83.450000,0.000000,0.000000,0.000000,1.000000,0.000000,0.000000,0.000000,57.698101,20.499701,-14.700500,0.047771,-0.013570,0.015998,-15.666301,-52.738201,18.801300,-93.396698,0.129960,17.611099,-0.200936,-0.475925,-0.701254,0.491287,158.365829,1535.338013,-4240.972656,157.593826,1454.746338,-4252.095703,175.127594,1578.404541,-4267.030762,136.363602,1486.765869,-4203.083008,164.378235,1621.435669,-4241.680664,157.460876,1454.782593,-4251.809570,175.144150,1578.486938,-4267.058105,136.490051,1486.630859,-4203.371582,164.369263,1621.433472,-4241.656250,2616.261963,1567.750488,-3159.796631,,,,,,,,,,,,,,,,,,,,,,,,,,,,,,,,,
8346,83.460000,0.000000,0.000000,0.000000,1.000000,0.000000,0.000000,0.000000,57.698101,20.499701,-14.700500,0.047771,-0.013570,0.015998,-15.666301,-52.738201,18.801300,-93.396698,0.129960,17.611099,-0.199505,-0.477910,-0.700472,0.491058,157.448853,1535.274780,-4241.828125,156.929626,1454.656982,-4252.775391,174.199081,1578.327271,-4267.916504,135.426804,1486.729004,-4203.916016,163.239868,1621.385986,-4242.704102,156.790100,1454.807373,-4252.483887,174.209274,1578.412354,-4267.906250,135.571548,1486.619141,-4204.218750,163.225189,1621.264282,-4242.705566,2616.284180,1567.767822,-3159.788330,,,,,,,,,,,,,,,,,,,,,,,,,,,,,,,,,
8347,83.470000,0.000000,0.000000,0.000000,1.000000,0.000000,0.000000,0.000000,57.698101,20.499701,-14.700500,0.047771,-0.013570,0.015998,-15.666301,-52.738201,18.801300,-93.396698,0.129960,17.611099,-0.199339,-0.478055,-0.700049,0.491589,156.571335,1535.188721,-4242.631348,156.159683,1454.567627,-4253.560059,173.254440,1578.258057,-4268.735352,134.627502,1486.621582,-4204.701660,162.243607,1621.307617,-4243.528809,156.005310,1454.761353,-4253.323242,173.291443,1578.285645,-4268.678223,134.794327,1486.551514,-4204.974121,162.192337,1621.171631,-4243.557617,2616.288818,1567.714844,-3159.770020,,,,,,,,,,,,,,,,,,,,,,,,,,,,,,,,,
8348,83.480000,0.000000,0.000000,0.000000,1.000000,0.000000,0.000000,0.000000,57.698101,20.499701,-14.700500,0.047771,-0.013570,0.015998,-15.666301,-52.738201,18.801300,-93.396698,0.129960,17.611099,-0.199385,-0.479132,-0.698642,0.492522,155.607300,1535.054321,-4243.545898,155.438629,1454.405029,-4254.270508,172.145996,1578.108765,-4269.766113,133.830215,1486.515991,-4205.483398,161.014267,1621.187744,-4244.663574,155.378525,1454.745728,-4254.018066,172.095490,1578.074951,-4269.763672,133.924255,1486.477539,-4205.738770,161.033508,1620.971313,-4244.638672,2616.280273,1567.716553,-3159.777344,,,,,,,,,,,,,,,,,,,,,,,,,,,,,,,,,
8349,83.490000,0.000000,0.000000,0.000000,1.000000,0.000000,0.000000,0.000000,57.698101,20.499701,-14.700500,0.047771,-0.013570,0.015998,-15.666301,-52.738201,18.801300,-93.396698,0.129960,17.611099,-0.199351,-0.479553,-0.698125,0.492859,154.674805,1534.934448,-4244.430664,154.600555,1454.275269,-4255.081055,171.160934,1577.984253,-4270.691406,132.957550,1486.405273,-4206.322266,159.980087,1621.072998,-4245.627441,154.557312,1454.582642,-4254.861328,171.089676,1577.902954,-4270.668457,133.060104,1486.438354,-4206.592773,159.999573,1620.859863,-4245.591797,2616.289062,1567.733643,-3159.773682,,,,,,,,,,,,,,,,,,,,,,,,,,,,,,,,,
8350,83.500000,0.000000,0.000000,0.000000,1.000000,0.000000,0.000000,0.000000,57.698101,20.499701,-14.700500,0.047771,-0.013570,0.015998,-15.666301,-52.738201,18.801300,-93.396698,0.129960,17.611099,-0.199408,-0.479496,-0.697962,0.493122,153.801468,1534.807495,-4245.282715,153.758789,1454.147949,-4255.931152,170.256317,1577.864014,-4271.552246,132.123337,1486.269653,-4207.163086,159.067368,1620.948486,-4246.484375,153.773148,1454.460938,-4255.663574,170.122055,1577.728882,-4271.619141,132.191910,1486.336426,-4207.478027,159.129669,1620.753418,-4246.357422,2616.302246,1567.782104,-3159.782715,,,,,,,,,,,,,,,,,,,,,,,,,,,,,,,,,
8351,83.510000,0.000000,0.000000,0.000000,1.000000,0.000000,0.000000,0.000000,57.698101,20.499701,-14.700500,0.047771,-0.013570,0.015998,-15.666301,-52.738201,18.801300,-93.396698,0.129960,17.611099,-0.202219,-0.477164,-0.697775,0.494501,152.825943,1534.639038,-4246.149414,152.579483,1453.988892,-4256.865723,169.145569,1577.693115,-4272.507324,131.365143,1486.101440,-4207.906738,158.213501,1620.772949,-4247.318359,152.641937,1454.230469,-4256.639160,168.945572,1577.458374,-4272.590820,131.412292,1486.244385,-4208.233398,158.301834,1620.644897,-4247.152832,2616.238525,1567.747559,-3159.795410,,,,,,,,,,,,,,,,,,,,,,,,,,,,,,,,,
8352,83.520000,0.000000,0.000000,0.000000,1.000000,0.000000,0.000000,0.000000,57.698101,20.499701,-14.700500,0.047771,-0.013570,0.015998,-15.666301,-52.738201,18.801300,-93.396698,0.129960,17.611099,-0.204073,-0.475251,-0.698000,0.495265,152.029678,1534.528198,-4246.904785,151.591187,1453.893311,-4257.729004,168.287521,1577.590576,-4273.287109,130.682236,1485.974854,-4208.618652,157.557724,1620.654419,-4247.984375,151.700592,1454.098511,-4257.461914,167.982986,1577.305908,-4273.413574,130.699707,1486.119995,-4209.002441,157.714081,1620.587402,-4247.774414,2616.297607,1567.742676,-3159.795410,,,,,,,,,,,,,,,,,,,,,,,,,,,,,,,,,
8353,83.530000,0.000000,0.000000,0.000000,1.000000,0.000000,0.000000,0.000000,57.698101,20.499701,-14.700500,0.047771,-0.013570,0.015998,-15.666301,-52.738201,18.801300,-93.396698,0.129960,17.611099,-0.203120,-0.475727,-0.698452,0.494561,151.046555,1534.317871,-4247.750977,150.610123,1453.687622,-4258.610352,167.388611,1577.385864,-4274.071777,129.581482,1485.755493,-4209.541992,156.605942,1620.442627,-4248.779297,150.773056,1453.945312,-4258.211914,166.950851,1577.124878,-4274.241211,129.562515,1485.798584,-4210.006836,156.873108,1620.406250,-4248.550293,2616.282715,1567.730835,-3159.777100,,,,,,,,,,,,,,,,,,,,,,,,,,,,,,,,,
8354,83.540000,0.000000,0.000000,0.000000,1.000000,0.000000,0.000000,0.000000,57.698101,20.499701,-14.700500,0.047771,-0.013570,0.015998,-15.666301,-52.738201,18.801300,-93.396698,0.129960,17.611099,-0.204969,-0.474012,-0.698579,0.495265,150.073151,1534.100708,-4248.578125,149.454468,1453.481934,-4259.513184,166.355026,1577.168335,-4274.936523,128.717758,1485.535278,-4210.311523,155.765289,1620.217407,-4249.550293,149.667587,1453.665039,-4259.111328,165.791351,1576.838257,-4275.188477,128.659073,1485.603760,-4210.801270,156.108139,1620.258301,-4249.243652,2616.276855,1567.777588,-3159.782227,,,,,,,,,,,,,,,,,,,,,,,,,,,,,,,,,
8355,83.550000,0.000000,0.000000,0.000000,1.000000,0.000000,0.000000,0.000000,57.698101,20.499701,-14.700500,0.047771,-0.013570,0.015998,-15.666301,-52.738201,18.801300,-93.396698,0.129960,17.611099,-0.204670,-0.473684,-0.699311,0.494669,149.036301,1533.817139,-4249.429688,148.314575,1453.212646,-4260.462891,165.404114,1576.893433,-4275.721191,127.575813,1485.235962,-4211.242188,154.850647,1619.926880,-4250.292969,148.529953,1453.372192,-4260.017090,164.810379,1576.569458,-4276.012207,127.508324,1485.248657,-4211.756348,155.220673,1620.037964,-4249.970215,2616.266602,1567.750244,-3159.800049,,,,,,,,,,,,,,,,,,,,,,,,,,,,,,,,,
8356,83.560000,0.000000,0.000000,0.000000,1.000000,0.000000,0.000000,0.000000,57.698101,20.499701,-14.700500,0.047771,-0.013570,0.015998,-15.666301,-52.738201,18.801300,-93.396698,0.129960,17.611099,-0.205219,-0.472772,-0.699999,0.494341,148.140106,1533.548828,-4250.187500,147.242706,1452.959717,-4261.320312,164.567108,1576.624756,-4276.442383,126.622047,1484.963501,-4212.037598,154.128494,1619.647583,-4250.949219,147.358322,1453.021118,-4260.978516,164.197266,1576.413452,-4276.614746,126.605331,1484.952271,-4212.448242,154.374298,1619.794312,-4250.729492,2616.281738,1567.749268,-3159.794189,,,,,,,,,,,,,,,,,,,,,,,,,,,,,,,,,
8357,83.570000,0.000000,0.000000,0.000000,1.000000,0.000000,0.000000,0.000000,57.698101,20.499701,-14.700500,0.047771,-0.013570,0.015998,-15.666301,-52.738201,18.801300,-93.396698,0.129960,17.611099,-0.204520,-0.472838,-0.700863,0.493342,147.228470,1533.277100,-4250.925781,146.231110,1452.700806,-4262.141602,163.784302,1576.353516,-4277.098633,125.545113,1484.687378,-4212.875000,153.353287,1619.367188,-4251.586426,146.243286,1452.682861,-4261.849121,163.605347,1576.251709,-4277.189941,125.600739,1484.687500,-4213.246582,153.470734,1619.485962,-4251.438477,2616.316162,1567.765747,-3159.778320,,,,,,,,,,,,,,,,,,,,,,,,,,,,,,,,,
8358,83.580000,0.000000,0.000000,0.000000,1.000000,0.000000,0.000000,0.000000,57.698101,20.499701,-14.700500,0.047771,-0.013570,0.015998,-15.666301,-52.738201,18.801300,-93.396698,0.129960,17.611099,-0.203731,-0.472526,-0.702103,0.492203,146.456146,1533.016479,-4251.611816,145.308350,1452.464233,-4262.985352,163.169052,1576.106445,-4277.662109,124.575287,1484.401489,-4213.706543,152.771851,1619.093872,-4252.092285,145.230957,1452.330688,-4262.726562,163.124802,1576.117065,-4277.708496,124.677048,1484.382324,-4214.014648,152.799301,1619.217896,-4252.000977,2616.321777,1567.760010,-3159.779785,,,,,,,,,,,,,,,,,,,,,,,,,,,,,,,,,
8359,83.590000,0.000000,0.000000,0.000000,1.000000,0.000000,0.000000,0.000000,57.698101,20.499701,-14.700500,0.047771,-0.013570,0.015998,-15.666301,-52.738201,18.801300,-93.396698,0.129960,17.611099,-0.203817,-0.471931,-0.702897,0.491605,145.684723,1532.725830,-4252.362305,144.382278,1452.190308,-4263.837402,162.486160,1575.815918,-4278.355469,123.702393,1484.105957,-4214.522461,152.167953,1618.791382,-4252.733887,144.207031,1451.983154,-4263.641113,162.590546,1575.926392,-4278.370605,123.836510,1484.050659,-4214.720703,152.091110,1618.910400,-4252.704102,2616.297363,1567.722900,-3159.772705,,,,,,,,,,,,,,,,,,,,,,,,,,,,,,,,,
8360,83.600000,0.000000,0.000000,0.000000,1.000000,0.000000,0.000000,0.000000,57.698101,20.499701,-14.700500,0.047771,-0.013570,0.015998,-15.666301,-52.738201,18.801300,-93.396698,0.129960,17.611099,-0.201501,-0.473783,-0.703245,0.490279,144.874725,1532.411377,-4253.102051,143.705673,1451.868774,-4264.541504,161.812393,1575.499878,-4279.009277,122.683716,1483.795532,-4215.378906,151.297043,1618.481445,-4253.477539,143.432175,1451.718994,-4264.357910,162.041565,1575.715576,-4278.913574,122.890282,1483.698608,-4215.567871,151.142014,1618.508667,-4253.548828,2616.284912,1567.759521,-3159.779541,,,,,,,,,,,,,,,,,,,,,,,,,,,,,,,,,
8361,83.610000,0.000000,0.000000,0.000000,1.000000,0.000000,0.000000,0.000000,57.698101,20.499701,-14.700500,0.047771,-0.013570,0.015998,-15.666301,-52.738201,18.801300,-93.396698,0.129960,17.611099,-0.198936,-0.475600,-0.703925,0.488588,143.968887,1532.095215,-4253.924805,142.892426,1451.551514,-4265.366699,161.089294,1575.183716,-4279.712402,121.510056,1483.479736,-4216.359863,150.383682,1618.166016,-4254.261230,142.571243,1451.413818,-4265.183105,161.383636,1575.432007,-4279.583984,121.747635,1483.353394,-4216.545898,150.188171,1618.187622,-4254.364258,2616.270020,1567.718994,-3159.785645,,,,,,,,,,,,,,,,,,,,,,,,,,,,,,,,,
8362,83.620000,0.000000,0.000000,0.000000,1.000000,0.000000,0.000000,0.000000,57.698101,20.499701,-14.700500,0.047771,-0.013570,0.015998,-15.666301,-52.738201,18.801300,-93.396698,0.129960,17.611099,-0.197284,-0.476721,-0.704444,0.487416,143.146515,1531.833984,-4254.651367,142.113083,1451.291382,-4266.103027,160.395050,1574.921875,-4280.354492,120.502991,1483.219238,-4217.196777,149.574860,1617.903931,-4254.951660,141.880981,1451.186035,-4265.889160,160.559769,1575.075806,-4280.325195,120.677299,1483.065918,-4217.401855,149.468491,1617.985596,-4254.983887,2616.276855,1567.735352,-3159.782471,,,,,,,,,,,,,,,,,,,,,,,,,,,,,,,,,
8363,83.630000,0.000000,0.000000,0.000000,1.000000,0.000000,0.000000,0.000000,57.698101,20.499701,-14.700500,0.047771,-0.013570,0.015998,-15.666301,-52.738201,18.801300,-93.396698,0.129960,17.611099,-0.196265,-0.477503,-0.704335,0.487220,142.313629,1531.578857,-4255.378906,141.396362,1451.031738,-4266.809570,159.574478,1574.678345,-4281.053711,119.636429,1482.949951,-4217.962891,148.647171,1617.655884,-4255.688477,141.214905,1450.968628,-4266.598633,159.663116,1574.741821,-4281.029785,119.797226,1482.840820,-4218.195801,148.577835,1617.741455,-4255.695801,2616.289307,1567.705078,-3159.770752,,,,,,,,,,,,,,,,,,,,,,,,,,,,,,,,,
8364,83.640000,0.000000,0.000000,0.000000,1.000000,0.000000,0.000000,0.000000,57.698101,20.499701,-14.700500,0.047771,-0.013570,0.015998,-15.666301,-52.738201,18.801300,-93.396698,0.129960,17.611099,-0.193217,-0.479782,-0.704496,0.485964,141.524323,1531.367676,-4256.110840,140.847183,1450.812500,-4267.500977,158.903397,1574.484863,-4281.675781,118.648125,1482.717529,-4218.843750,147.698486,1617.456177,-4256.421875,140.596710,1450.830200,-4267.298340,159.107468,1574.632324,-4281.624512,118.844551,1482.562866,-4219.037598,147.557663,1617.441284,-4256.477539,2616.305176,1567.747192,-3159.765625,,,,,,,,,,,,,,,,,,,,,,,,,,,,,,,,,
8365,83.650000,0.000000,0.000000,0.000000,1.000000,0.000000,0.000000,0.000000,57.698101,20.499701,-14.700500,0.047771,-0.013570,0.015998,-15.666301,-52.738201,18.801300,-93.396698,0.129960,17.611099,-0.192425,-0.479874,-0.705063,0.485365,140.667480,1531.201294,-4256.900391,139.964920,1450.657227,-4268.368652,158.123459,1574.332397,-4282.389648,117.687675,1482.529419,-4219.725586,146.893784,1617.286255,-4257.117188,139.777893,1450.723511,-4268.128906,158.200500,1574.456299,-4282.340820,117.843613,1482.331055,-4219.958984,146.850082,1617.276245,-4257.171875,2616.256592,1567.755981,-3159.796631,,,,,,,,,,,,,,,,,,,,,,,,,,,,,,,,,
8366,83.660000,0.000000,0.000000,0.000000,1.000000,0.000000,0.000000,0.000000,57.698101,20.499701,-14.700500,0.047771,-0.013570,0.015998,-15.666301,-52.738201,18.801300,-93.396698,0.129960,17.611099,-0.193772,-0.477280,-0.705247,0.487117,139.801575,1531.273315,-4257.620605,139.029099,1450.766602,-4269.342285,157.103989,1574.485962,-4283.076660,117.045853,1482.482544,-4220.464355,146.027298,1617.358643,-4257.599609,138.944534,1450.610840,-4269.023438,156.905273,1575.308716,-4282.949707,117.092621,1482.275879,-4220.723145,146.205734,1617.126343,-4257.743164,2616.274902,1567.729858,-3159.793213,,,,,,,,,,,,,,,,,,,,,,,,,,,,,,,,,
8367,83.670000,0.000000,0.000000,0.000000,1.000000,0.000000,0.000000,0.000000,57.698101,20.499701,-14.700500,0.047771,-0.013570,0.015998,-15.666301,-52.738201,18.801300,-93.396698,0.129960,17.611099,-0.193070,-0.478520,-0.705515,0.485788,139.074524,1531.423340,-4258.253906,138.264481,1450.901855,-4269.871582,156.510330,1574.585205,-4283.705078,116.138161,1482.704102,-4221.114746,145.385025,1617.502441,-4258.324707,138.294769,1450.673706,-4269.688965,156.219879,1575.238525,-4283.598145,116.143188,1482.809570,-4221.307129,145.612137,1617.032227,-4258.395508,2616.257812,1567.737305,-3159.788330,,,,,,,,,,,,,,,,,,,,,,,,,,,,,,,,,
8368,83.680000,0.000000,0.000000,0.000000,1.000000,0.000000,0.000000,0.000000,57.698101,20.499701,-14.700500,0.047771,-0.013570,0.015998,-15.666301,-52.738201,18.801300,-93.396698,0.129960,17.611099,-0.193111,-0.478606,-0.705252,0.486071,138.496567,1531.429077,-4258.823242,137.734802,1450.903564,-4270.416016,155.895538,1574.594482,-4284.293457,115.604698,1482.706299,-4221.661133,144.751144,1617.512207,-4258.921875,137.803726,1450.701294,-4270.269043,155.521774,1575.151245,-4284.113770,115.603676,1482.877441,-4221.868164,145.037628,1616.993408,-4259.021973,2616.252441,1567.746460,-3159.783936,,,,,,,,,,,,,,,,,,,,,,,,,,,,,,,,,
8369,83.690000,0.000000,0.000000,0.000000,1.000000,0.000000,0.000000,0.000000,57.698101,20.499701,-14.700500,0.047771,-0.013570,0.015998,-15.666301,-52.738201,18.801300,-93.396698,0.129960,17.611099,-0.193069,-0.477929,-0.705499,0.486394,137.799301,1531.204346,-4259.775879,137.027512,1450.694702,-4271.477539,155.177872,1574.404175,-4285.202148,114.937317,1482.431274,-4222.661621,144.054474,1617.287476,-4259.763184,137.160828,1450.743896,-4271.066895,154.738678,1574.629761,-4285.361328,114.896324,1482.451294,-4223.075684,144.403519,1616.984985,-4259.592773,2616.252686,1567.744263,-3159.799316,,,,,,,,,,,,,,,,,,,,,,,,,,,,,,,,,
8370,83.700000,0.000000,0.000000,0.000000,1.000000,0.000000,0.000000,0.000000,57.698101,20.499701,-14.700500,0.047771,-0.013570,0.015998,-15.666301,-52.738201,18.801300,-93.396698,0.129960,17.611099,-0.195440,-0.476213,-0.704864,0.488048,137.087128,1531.090576,-4260.581543,136.237137,1450.582642,-4272.289062,154.290344,1574.294556,-4286.119629,114.480690,1482.311646,-4223.318359,143.340256,1617.173950,-4260.598633,136.407333,1450.900024,-4271.864746,153.888657,1574.167358,-4286.320801,114.454269,1482.372803,-4223.754395,143.604401,1616.955933,-4260.361816,2616.262207,1567.731567,-3159.785156,,,,,,,,,,,,,,,,,,,,,,,,,,,,,,,,,
8371,83.710000,0.000000,0.000000,0.000000,1.000000,0.000000,0.000000,0.000000,57.698101,20.499701,-14.700500,0.047771,-0.013570,0.015998,-15.666301,-52.738201,18.801300,-93.396698,0.129960,17.611099,-0.194510,-0.476678,-0.705286,0.487356,136.290924,1531.102783,-4261.461426,135.445526,1450.599609,-4273.202637,153.574005,1574.311035,-4286.937500,113.572525,1482.316772,-4224.275391,142.571564,1617.184204,-4261.429199,135.574387,1450.963745,-4272.797363,153.250336,1574.136963,-4287.101074,113.587669,1482.405762,-4224.709961,142.765259,1616.964478,-4261.211914,2616.257568,1567.720459,-3159.791260,,,,,,,,,,,,,,,,,,,,,,,,,,,,,,,,,
8372,83.720000,0.000000,0.000000,0.000000,1.000000,0.000000,0.000000,0.000000,57.698101,20.499701,-14.700500,0.047771,-0.013570,0.015998,-15.666301,-52.738201,18.801300,-93.396698,0.129960,17.611099,-0.194752,-0.476533,-0.704692,0.488260,135.358932,1531.224487,-4262.432617,134.621231,1450.717041,-4274.152344,152.534164,1574.453369,-4287.946777,112.775566,1482.412109,-4225.199219,141.504700,1617.315552,-4262.431641,134.786560,1451.102661,-4273.764648,152.183197,1574.217407,-4288.153320,112.764252,1482.514404,-4225.602539,141.708954,1617.117554,-4262.180176,2616.299316,1567.746338,-3159.778809,,,,,,,,,,,,,,,,,,,,,,,,,,,,,,,,,
8373,83.730000,0.000000,0.000000,0.000000,1.000000,0.000000,0.000000,0.000000,57.698101,20.499701,-14.700500,0.047771,-0.013570,0.015998,-15.666301,-52.738201,18.801300,-93.396698,0.129960,17.611099,-0.194211,-0.476666,-0.704568,0.488524,134.468811,1531.390625,-4263.344238,133.823334,1450.886353,-4275.090820,151.613312,1574.646118,-4288.834473,111.915154,1482.542236,-4226.140137,140.523361,1617.488159,-4263.311523,133.912964,1451.209717,-4274.826172,151.381500,1574.519897,-4288.911621,111.938293,1482.646118,-4226.445312,140.659546,1617.222656,-4263.173340,2616.267578,1567.723877,-3159.776123,,,,,,,,,,,,,,,,,,,,,,,,,,,,,,,,,
8374,83.740000,0.000000,0.000000,0.000000,1.000000,0.000000,0.000000,0.000000,57.698101,20.499701,-14.700500,0.047771,-0.013570,0.015998,-15.666301,-52.738201,18.801300,-93.396698,0.129960,17.611099,-0.194140,-0.475836,-0.705091,0.488607,133.575470,1531.555542,-4264.355957,132.870911,1451.072632,-4276.244629,150.733093,1574.844849,-4289.779785,111.011909,1482.656006,-4227.225098,139.685867,1617.648926,-4264.174316,132.990997,1451.403320,-4275.947266,150.444580,1574.629150,-4289.903809,111.016075,1482.727661,-4227.552734,139.849457,1617.499146,-4264.004395,2616.304199,1567.729370,-3159.779053,,,,,,,,,,,,,,,,,,,,,,,,,,,,,,,,,
8375,83.750000,0.000000,0.000000,0.000000,1.000000,0.000000,0.000000,0.000000,57.698101,20.499701,-14.700500,0.047771,-0.013570,0.015998,-15.666301,-52.738201,18.801300,-93.396698,0.129960,17.611099,-0.194416,-0.474920,-0.705528,0.488757,132.619202,1531.755005,-4265.398926,131.832504,1451.290527,-4277.407227,149.780960,1575.067993,-4290.779297,110.061600,1482.818726,-4228.312988,138.801697,1617.842896,-4265.096191,131.978806,1451.614746,-4277.080566,149.424728,1574.773315,-4290.933105,110.056381,1482.887939,-4228.678223,138.998734,1617.760376,-4264.894043,2616.279541,1567.730835,-3159.781250,,,,,,,,,,,,,,,,,,,,,,,,,,,,,,,,,
8376,83.760000,0.000000,0.000000,0.000000,1.000000,0.000000,0.000000,0.000000,57.698101,20.499701,-14.700500,0.047771,-0.013570,0.015998,-15.666301,-52.738201,18.801300,-93.396698,0.129960,17.611099,-0.194037,-0.474697,-0.705827,0.488693,131.727112,1532.014771,-4266.439453,130.937607,1451.561646,-4278.523926,148.906113,1575.349854,-4291.770508,109.145851,1483.045898,-4229.410645,137.918808,1618.101562,-4266.052734,131.081909,1451.899780,-4278.093750,148.511932,1575.036865,-4291.979492,109.153320,1483.094116,-4229.875488,138.141159,1618.048584,-4265.800293,2616.278076,1567.724976,-3159.783203,,,,,,,,,,,,,,,,,,,,,,,,,,,,,,,,,
8377,83.770000,0.000000,0.000000,0.000000,1.000000,0.000000,0.000000,0.000000,57.698101,20.499701,-14.700500,0.047771,-0.013570,0.015998,-15.666301,-52.738201,18.801300,-93.396698,0.129960,17.611099,-0.195093,-0.473915,-0.705349,0.489721,130.773117,1532.307129,-4267.473633,129.991547,1451.853882,-4279.556641,147.838974,1575.653198,-4292.862305,108.348412,1483.324097,-4230.369141,136.913437,1618.397827,-4267.106445,130.175262,1452.209839,-4279.124512,147.372101,1575.288696,-4293.078125,108.337334,1483.393188,-4230.844727,137.174515,1618.344604,-4266.839844,2616.268799,1567.767944,-3159.802002,,,,,,,,,,,,,,,,,,,,,,,,,,,,,,,,,
8378,83.780000,0.000000,0.000000,0.000000,1.000000,0.000000,0.000000,0.000000,57.698101,20.499701,-14.700500,0.047771,-0.013570,0.015998,-15.666301,-52.738201,18.801300,-93.396698,0.129960,17.611099,-0.196630,-0.473110,-0.704414,0.491228,129.838623,1532.626831,-4268.469727,129.102051,1452.164551,-4280.495605,146.728546,1575.977417,-4293.968262,107.652771,1483.640137,-4231.226562,135.871078,1618.725586,-4268.188965,129.270294,1452.433105,-4280.191406,146.322021,1575.646851,-4294.124512,107.642517,1483.796265,-4231.627441,136.086945,1618.628784,-4267.956543,2616.225830,1567.728516,-3159.801758,,,,,,,,,,,,,,,,,,,,,,,,,,,,,,,,,
8379,83.790000,0.000000,0.000000,0.000000,1.000000,0.000000,0.000000,0.000000,57.698101,20.499701,-14.700500,0.047771,-0.013570,0.015998,-15.666301,-52.738201,18.801300,-93.396698,0.129960,17.611099,-0.196246,-0.473163,-0.704500,0.491206,128.810898,1532.928101,-4269.529785,128.103699,1452.470215,-4281.585938,145.705688,1576.292725,-4295.000977,106.614082,1483.921509,-4232.319336,134.820053,1619.028198,-4269.212891,128.278091,1452.619019,-4281.310059,145.307755,1576.020630,-4295.218750,106.586113,1484.150879,-4232.712891,135.039368,1618.914062,-4268.916992,2616.285889,1567.781616,-3159.786865,,,,,,,,,,,,,,,,,,,,,,,,,,,,,,,,,
8380,83.800000,0.000000,0.000000,0.000000,1.000000,0.000000,0.000000,0.000000,57.698101,20.499701,-14.700500,0.047771,-0.013570,0.015998,-15.666301,-52.738201,18.801300,-93.396698,0.129960,17.611099,-0.197240,-0.472155,-0.704235,0.492157,127.737091,1533.193115,-4270.762207,127.010254,1452.741821,-4282.861816,144.533844,1576.576660,-4296.265625,105.679688,1484.159546,-4233.503906,133.724533,1619.294678,-4270.416016,127.189728,1452.769287,-4282.692383,144.150925,1576.295654,-4296.471680,105.642319,1484.538574,-4233.837891,133.918442,1619.170166,-4270.096680,2616.278564,1567.727661,-3159.776611,,,,,,,,,,,,,,,,,,,,,,,,,,,,,,,,,
8381,83.810000,0.000000,0.000000,0.000000,1.000000,0.000000,0.000000,0.000000,57.698101,20.499701,-14.700500,0.047771,-0.013570,0.015998,-15.666301,-52.738201,18.801300,-93.396698,0.129960,17.611099,-0.196635,-0.473192,-0.703820,0.491998,126.648994,1533.421387,-4271.987305,126.038208,1452.953491,-4283.982422,143.442719,1576.790894,-4297.517090,104.579330,1484.411377,-4234.706055,132.535629,1619.530151,-4271.744629,126.229362,1453.043091,-4283.809570,143.016602,1576.534424,-4297.635742,104.545296,1484.780029,-4235.056152,132.760437,1619.333618,-4271.496094,2616.309082,1567.724487,-3159.777588,,,,,,,,,,,,,,,,,,,,,,,,,,,,,,,,,
8382,83.820000,0.000000,0.000000,0.000000,1.000000,0.000000,0.000000,0.000000,57.698101,20.499701,-14.700500,0.047771,-0.013570,0.015998,-15.666301,-52.738201,18.801300,-93.396698,0.129960,17.611099,-0.195535,-0.474019,-0.704073,0.491277,125.623581,1533.673096,-4273.214355,125.058800,1453.203491,-4285.200684,142.493042,1577.041016,-4298.696289,103.441849,1484.665405,-4235.996094,131.500580,1619.782593,-4272.963379,125.278801,1453.342773,-4284.928223,141.996765,1576.771362,-4298.877930,103.401520,1485.010498,-4236.442383,131.776093,1619.573975,-4272.661133,2616.278564,1567.715698,-3159.780518,,,,,,,,,,,,,,,,,,,,,,,,,,,,,,,,,
8383,83.830000,0.000000,0.000000,0.000000,1.000000,0.000000,0.000000,0.000000,57.698101,20.499701,-14.700500,0.047771,-0.013570,0.015998,-15.666301,-52.738201,18.801300,-93.396698,0.129960,17.611099,-0.192987,-0.476489,-0.704021,0.489967,124.707855,1533.967285,-4274.281738,124.357147,1453.478638,-4286.147949,141.692612,1577.323120,-4299.708496,102.334961,1484.981323,-4237.149902,130.446640,1620.086304,-4274.121582,124.617554,1453.825684,-4285.717773,141.158203,1577.034668,-4299.939453,102.281311,1485.177856,-4237.663086,130.764008,1619.875000,-4273.816895,2616.258057,1567.736816,-3159.787598,,,,,,,,,,,,,,,,,,,,,,,,,,,,,,,,,
8384,83.840000,0.000000,0.000000,0.000000,1.000000,0.000000,0.000000,0.000000,57.698101,20.499701,-14.700500,0.047771,-0.013570,0.015998,-15.666301,-52.738201,18.801300,-93.396698,0.129960,17.611099,-0.192112,-0.476798,-0.704899,0.488747,123.702095,1534.258667,-4275.355469,123.256729,1453.780151,-4287.286133,140.834381,1577.606812,-4300.695801,101.137009,1485.280029,-4238.330078,129.580200,1620.368164,-4275.109375,123.495117,1454.121826,-4286.835449,140.281418,1577.255493,-4300.960938,101.084900,1485.349365,-4238.806641,129.910080,1620.307739,-4274.805664,2616.262939,1567.713257,-3159.785400,,,,,,,,,,,,,,,,,,,,,,,,,,,,,,,,,
8385,83.850000,0.000000,0.000000,0.000000,1.000000,0.000000,0.000000,0.000000,57.698101,20.499701,-14.700500,0.047771,-0.013570,0.015998,-15.666301,-52.738201,18.801300,-93.396698,0.129960,17.611099,-0.191536,-0.477591,-0.704810,0.488328,122.586456,1534.549072,-4276.511230,122.192535,1454.060913,-4288.378418,139.753036,1577.882935,-4301.852539,99.966209,1485.592285,-4239.490723,128.433975,1620.660767,-4276.322754,122.394630,1454.414673,-4287.995117,139.286972,1577.499146,-4302.094727,99.929626,1485.652954,-4239.895508,128.696472,1620.622925,-4276.049805,2616.275635,1567.743774,-3159.783936,,,,,,,,,,,,,,,,,,,,,,,,,,,,,,,,,
8386,83.860000,0.000000,0.000000,0.000000,1.000000,0.000000,0.000000,0.000000,57.698101,20.499701,-14.700500,0.047771,-0.013570,0.015998,-15.666301,-52.738201,18.801300,-93.396698,0.129960,17.611099,-0.191891,-0.477462,-0.704461,0.488818,121.400993,1534.850464,-4277.706543,121.044289,1454.358398,-4289.548340,138.508560,1578.187378,-4303.083008,98.857727,1485.890503,-4240.643066,127.193298,1620.965942,-4277.552246,121.266624,1454.691406,-4289.208984,138.038574,1577.780151,-4303.349609,98.809296,1486.023926,-4241.029785,127.449829,1620.885620,-4277.244629,2616.283203,1567.753296,-3159.784424,,,,,,,,,,,,,,,,,,,,,,,,,,,,,,,,,
8387,83.870000,0.000000,0.000000,0.000000,1.000000,0.000000,0.000000,0.000000,57.698101,20.499701,-14.700500,0.047771,-0.013570,0.015998,-15.666301,-52.738201,18.801300,-93.396698,0.129960,17.611099,-0.191706,-0.477794,-0.704250,0.488870,120.232826,1535.156982,-4278.959473,119.928490,1454.659058,-4290.763184,137.326630,1578.491943,-4304.348145,97.701324,1486.201294,-4241.883301,125.974808,1621.275757,-4278.842285,120.163063,1454.956665,-4290.466309,136.844116,1578.128052,-4304.578125,97.636993,1486.351685,-4242.238770,126.246498,1621.170532,-4278.561523,2616.274414,1567.719238,-3159.779053,,,,,,,,,,,,,,,,,,,,,,,,,,,,,,,,,
8388,83.880000,0.000000,0.000000,0.000000,1.000000,0.000000,0.000000,0.000000,57.698101,20.499701,-14.700500,0.047771,-0.013570,0.015998,-15.666301,-52.738201,18.801300,-93.396698,0.129960,17.611099,-0.191395,-0.478075,-0.704199,0.488791,118.956589,1535.389282,-4280.263184,118.688965,1454.889282,-4292.053223,136.055023,1578.725830,-4305.645996,96.413406,1486.432251,-4243.195312,124.668915,1621.510132,-4280.156738,118.906113,1455.105469,-4291.746582,135.523529,1578.380493,-4305.813965,96.366875,1486.588989,-4243.610840,124.969727,1621.453735,-4279.907227,2616.262451,1567.708862,-3159.774902,,,,,,,,,,,,,,,,,,,,,,,,,,,,,,,,,
8389,83.890000,0.000000,0.000000,0.000000,1.000000,0.000000,0.000000,0.000000,57.698101,20.499701,-14.700500,0.047771,-0.013570,0.015998,-15.666301,-52.738201,18.801300,-93.396698,0.129960,17.611099,-0.189835,-0.479415,-0.704177,0.488117,117.693199,1535.598999,-4281.544434,117.560921,1455.091187,-4293.284180,134.850082,1578.937744,-4306.883789,95.049217,1486.641235,-4244.539062,123.312492,1621.726074,-4281.469238,117.804276,1455.294312,-4292.832520,134.222977,1578.656860,-4307.153809,94.983551,1486.726562,-4245.063965,123.706367,1621.697876,-4281.147461,2616.306885,1567.753906,-3159.773926,,,,,,,,,,,,,,,,,,,,,,,,,,,,,,,,,
8390,83.900000,0.000000,0.000000,0.000000,1.000000,0.000000,0.000000,0.000000,57.698101,20.499701,-14.700500,0.047771,-0.013570,0.015998,-15.666301,-52.738201,18.801300,-93.396698,0.129960,17.611099,-0.190549,-0.478828,-0.704128,0.488486,116.579224,1535.821411,-4282.754883,116.396698,1455.316284,-4294.512207,133.701355,1579.160034,-4308.118164,93.990875,1486.863159,-4245.716797,122.227913,1621.946533,-4282.671875,116.629951,1455.419922,-4294.081543,133.075241,1578.916626,-4308.413574,93.919029,1486.957520,-4246.233398,122.625687,1621.966187,-4282.330566,2616.267578,1567.726929,-3159.768555,,,,,,,,,,,,,,,,,,,,,,,,,,,,,,,,,
8391,83.910000,0.000000,0.000000,0.000000,1.000000,0.000000,0.000000,0.000000,57.698101,20.499701,-14.700500,0.047771,-0.013570,0.015998,-15.666301,-52.738201,18.801300,-93.396698,0.129960,17.611099,-0.191655,-0.478099,-0.703839,0.489183,115.469444,1536.044189,-4283.969727,115.245178,1455.538452,-4295.721680,132.517365,1579.379883,-4309.388184,92.990471,1487.089966,-4246.859375,121.124657,1622.168945,-4283.909668,115.428452,1455.613892,-4295.411621,132.033981,1579.158691,-4309.581543,92.945435,1487.225342,-4247.272949,121.421944,1622.162109,-4283.647461,2616.269775,1567.770020,-3159.795654,,,,,,,,,,,,,,,,,,,,,,,,,,,,,,,,,
8392,83.920000,0.000000,0.000000,0.000000,1.000000,0.000000,0.000000,0.000000,57.698101,20.499701,-14.700500,0.047771,-0.013570,0.015998,-15.666301,-52.738201,18.801300,-93.396698,0.129960,17.611099,-0.192363,-0.478186,-0.703264,0.489648,114.262222,1536.230103,-4285.297363,114.065750,1455.710205,-4296.953125,131.245163,1579.545288,-4310.793945,91.869904,1487.307129,-4248.094238,119.868004,1622.357910,-4285.348633,114.208176,1455.896118,-4296.651855,130.878769,1579.329956,-4310.951172,91.863945,1487.457031,-4248.492188,120.079254,1622.243530,-4285.121582,2616.276123,1567.724243,-3159.796143,,,,,,,,,,,,,,,,,,,,,,,,,,,,,,,,,
8393,83.930000,0.000000,0.000000,0.000000,1.000000,0.000000,0.000000,0.000000,57.698101,20.499701,-14.700500,0.047771,-0.013570,0.015998,-15.666301,-52.738201,18.801300,-93.396698,0.129960,17.611099,-0.190096,-0.479762,-0.704318,0.487471,113.079506,1536.433838,-4286.686523,112.861008,1455.916260,-4298.357422,130.303207,1579.730835,-4312.052246,90.354668,1487.534180,-4249.654297,118.799072,1622.554321,-4286.681641,112.950356,1456.111816,-4298.019531,130.036407,1579.608154,-4312.232422,90.361671,1487.571411,-4250.019043,118.968643,1622.459839,-4286.474609,2616.287598,1567.713989,-3159.784180,,,,,,,,,,,,,,,,,,,,,,,,,,,,,,,,,
8394,83.940000,0.000000,0.000000,0.000000,1.000000,0.000000,0.000000,0.000000,57.698101,20.499701,-14.700500,0.047771,-0.013570,0.015998,-15.666301,-52.738201,18.801300,-93.396698,0.129960,17.611099,-0.192054,-0.478558,-0.704104,0.488195,111.832809,1536.671753,-4288.130371,111.470093,1456.152832,-4299.788574,128.984863,1579.946167,-4313.583008,89.228409,1487.802490,-4250.984863,117.647812,1622.785767,-4288.165039,111.427467,1456.249390,-4299.655762,128.938416,1579.842896,-4313.556152,89.338066,1487.903320,-4251.212402,117.638603,1622.709473,-4288.118652,2616.296387,1567.769653,-3159.776611,,,,,,,,,,,,,,,,,,,,,,,,,,,,,,,,,
8395,83.950000,0.000000,0.000000,0.000000,1.000000,0.000000,0.000000,0.000000,57.698101,20.499701,-14.700500,0.047771,-0.013570,0.015998,-15.666301,-52.738201,18.801300,-93.396698,0.129960,17.611099,-0.190281,-0.480007,-0.704162,0.487383,110.735641,1536.921875,-4289.425293,110.512619,1456.395996,-4301.039062,127.961830,1580.199951,-4314.821777,88.007957,1488.049805,-4252.358398,116.460083,1623.041992,-4289.481445,110.491760,1456.558228,-4300.729980,127.808960,1580.116699,-4314.858887,88.111580,1488.067505,-4252.748535,116.541473,1622.970459,-4289.387695,2616.281494,1567.756104,-3159.782715,,,,,,,,,,,,,,,,,,,,,,,,,,,,,,,,,
8396,83.960000,0.000000,0.000000,0.000000,1.000000,0.000000,0.000000,0.000000,57.698101,20.499701,-14.700500,0.047771,-0.013570,0.015998,-15.666301,-52.738201,18.801300,-93.396698,0.129960,17.611099,-0.191070,-0.479849,-0.703764,0.487806,109.581421,1537.136108,-4290.773926,109.350624,1456.601440,-4302.325684,126.754120,1580.397461,-4316.234375,86.929428,1488.288696,-4253.628418,115.291428,1623.257080,-4290.906250,109.347328,1456.675659,-4301.998047,126.584572,1580.319702,-4316.340820,87.032143,1488.391968,-4254.074707,115.378525,1623.181396,-4290.731445,2616.261475,1567.735352,-3159.784912,,,,,,,,,,,,,,,,,,,,,,,,,,,,,,,,,
8397,83.970000,0.000000,0.000000,0.000000,1.000000,0.000000,0.000000,0.000000,57.698101,20.499701,-14.700500,0.047771,-0.013570,0.015998,-15.666301,-52.738201,18.801300,-93.396698,0.129960,17.611099,-0.192188,-0.479088,-0.704041,0.487715,108.482544,1537.306519,-4292.131836,108.085228,1456.774780,-4303.700195,125.677391,1580.543091,-4317.620117,85.823402,1488.491211,-4254.948730,114.344109,1623.417358,-4292.258789,108.065765,1456.740967,-4303.437012,125.558403,1580.510132,-4317.705078,85.914696,1488.579224,-4255.303711,114.404556,1623.406860,-4292.113770,2616.271484,1567.752930,-3159.789062,,,,,,,,,,,,,,,,,,,,,,,,,,,,,,,,,
8398,83.980000,0.000000,0.000000,0.000000,1.000000,0.000000,0.000000,0.000000,57.698101,20.499701,-14.700500,0.047771,-0.013570,0.015998,-15.666301,-52.738201,18.801300,-93.396698,0.129960,17.611099,-0.192629,-0.479767,-0.703587,0.487527,107.496002,1537.463013,-4293.468750,107.100677,1456.909546,-4304.884277,124.691292,1580.651489,-4319.038574,84.835945,1488.717773,-4256.194336,113.356010,1623.573486,-4293.758301,107.037254,1456.909424,-4304.661133,124.608894,1580.651733,-4319.010254,84.953278,1488.727417,-4256.501953,113.395927,1623.565674,-4293.730469,2616.279297,1567.748413,-3159.783936,,,,,,,,,,,,,,,,,,,,,,,,,,,,,,,,,
8399,83.990000,0.000000,0.000000,0.000000,1.000000,0.000000,0.000000,0.000000,57.698101,20.499701,-14.700500,0.047771,-0.013570,0.015998,-15.666301,-52.738201,18.801300,-93.396698,0.129960,17.611099,-0.194605,-0.478798,-0.703210,0.488239,106.513901,1537.609375,-4294.887207,105.994209,1457.048828,-4306.248047,123.631363,1580.765747,-4320.562500,83.980057,1488.908813,-4257.477539,112.449905,1623.714355,-4295.259277,105.935188,1457.042969,-4306.039062,123.560547,1580.721558,-4320.553711,84.102135,1488.962036,-4257.787109,112.472656,1623.719971,-4295.201172,2616.308350,1567.725098,-3159.783447,,,,,,,,,,,,,,,,,,,,,,,,,,,,,,,,,
8400,84.000000,0.000000,0.000000,0.000000,1.000000,0.000000,0.000000,0.000000,57.698101,20.499701,-14.700500,0.047771,-0.013570,0.015998,-15.666301,-52.738201,18.801300,-93.396698,0.129960,17.611099,-0.195621,-0.478376,-0.703105,0.488398,105.470390,1537.717285,-4296.386719,104.862228,1457.152344,-4307.711426,122.570595,1580.848633,-4322.115723,82.973183,1489.051392,-4258.910156,111.475479,1623.817383,-4296.808594,104.843132,1457.146973,-4307.444336,122.432816,1580.741821,-4322.177246,83.068657,1489.096680,-4259.279297,111.547150,1623.888672,-4296.678711,2616.297363,1567.733032,-3159.767578,,,,,,,,,,,,,,,,,,,,,,,,,,,,,,,,,
8401,84.010000,0.000000,0.000000,0.000000,1.000000,0.000000,0.000000,0.000000,57.698101,20.499701,-14.700500,0.047771,-0.013570,0.015998,-15.666301,-52.738201,18.801300,-93.396698,0.129960,17.611099,-0.195966,-0.479440,-0.702401,0.488229,104.592422,1537.903198,-4297.719727,104.032425,1457.308960,-4308.837891,121.680794,1580.977295,-4323.552734,82.104843,1489.321655,-4260.128418,110.551537,1624.005005,-4298.361328,104.065384,1457.382690,-4308.496582,121.424416,1580.823486,-4323.641602,82.163887,1489.301758,-4260.559082,110.712440,1624.100342,-4298.211426,2616.265625,1567.718994,-3159.779541,,,,,,,,,,,,,,,,,,,,,,,,,,,,,,,,,
8402,84.020000,0.000000,0.000000,0.000000,1.000000,0.000000,0.000000,0.000000,57.698101,20.499701,-14.700500,0.047771,-0.013570,0.015998,-15.666301,-52.738201,18.801300,-93.396698,0.129960,17.611099,-0.198288,-0.479336,-0.701188,0.489137,103.741257,1538.084229,-4299.059570,103.145004,1457.457764,-4309.938477,120.699272,1581.085693,-4325.098145,81.440552,1489.609009,-4261.220215,109.680138,1624.184937,-4299.980469,103.203445,1457.481079,-4309.654297,120.427567,1580.927246,-4325.189453,81.482185,1489.674072,-4261.614258,109.841606,1624.252686,-4299.813477,2616.283691,1567.766846,-3159.790771,,,,,,,,,,,,,,,,,,,,,,,,,,,,,,,,,
8403,84.030000,0.000000,0.000000,0.000000,1.000000,0.000000,0.000000,0.000000,57.698101,20.499701,-14.700500,0.047771,-0.013570,0.015998,-15.666301,-52.738201,18.801300,-93.396698,0.129960,17.611099,-0.199371,-0.480601,-0.699741,0.489527,102.845833,1538.289062,-4300.403320,102.351395,1457.618286,-4310.953613,119.710419,1581.208374,-4326.637207,80.660881,1489.936401,-4262.339355,108.660576,1624.393677,-4301.682129,102.450165,1457.621460,-4310.679199,119.390572,1581.052490,-4326.768066,80.679199,1490.095825,-4262.752930,108.846451,1624.394531,-4301.464355,2616.224609,1567.760864,-3159.798828,,,,,,,,,,,,,,,,,,,,,,,,,,,,,,,,,
8404,84.040000,0.000000,0.000000,0.000000,1.000000,0.000000,0.000000,0.000000,57.698101,20.499701,-14.700500,0.047771,-0.013570,0.015998,-15.666301,-52.738201,18.801300,-93.396698,0.129960,17.611099,-0.201821,-0.479387,-0.699177,0.490518,101.978989,1538.528931,-4301.713379,101.351028,1457.849731,-4312.192383,118.729782,1581.410767,-4328.081055,79.971581,1490.228271,-4263.480957,107.863503,1624.627075,-4303.098633,101.468246,1457.834351,-4311.961426,118.407471,1581.213135,-4328.236328,79.984169,1490.505005,-4263.885254,108.033218,1624.582153,-4302.833496,2616.237305,1567.752319,-3159.800781,,,,,,,,,,,,,,,,,,,,,,,,,,,,,,,,,
8405,84.050000,0.000000,0.000000,0.000000,1.000000,0.000000,0.000000,0.000000,57.698101,20.499701,-14.700500,0.047771,-0.013570,0.015998,-15.666301,-52.738201,18.801300,-93.396698,0.129960,17.611099,-0.201078,-0.479687,-0.700296,0.488931,101.060799,1538.756958,-4303.085449,100.267113,1458.087280,-4313.626465,118.005157,1581.616577,-4329.365723,78.807159,1490.483032,-4264.962402,107.163681,1624.841187,-4304.387207,100.384346,1458.036987,-4313.328125,117.656685,1581.435425,-4329.554688,78.817711,1490.693481,-4265.420410,107.366554,1624.876099,-4304.101074,2616.273193,1567.745117,-3159.781250,,,,,,,,,,,,,,,,,,,,,,,,,,,,,,,,,
8406,84.060000,0.000000,0.000000,0.000000,1.000000,0.000000,0.000000,0.000000,57.698101,20.499701,-14.700500,0.047771,-0.013570,0.015998,-15.666301,-52.738201,18.801300,-93.396698,0.129960,17.611099,-0.200467,-0.481660,-0.699548,0.488313,100.241173,1538.974243,-4304.394531,99.580200,1458.270996,-4314.685547,117.213104,1581.772583,-4330.757324,77.930275,1490.792114,-4266.188965,106.241051,1625.061646,-4305.947266,99.615105,1458.302612,-4314.387207,116.968712,1581.638184,-4330.821777,78.012917,1490.918213,-4266.647949,106.371887,1625.055542,-4305.786133,2616.256836,1567.725464,-3159.784424,,,,,,,,,,,,,,,,,,,,,,,,,,,,,,,,,
8407,84.070000,0.000000,0.000000,0.000000,1.000000,0.000000,0.000000,0.000000,57.698101,20.499701,-14.700500,0.047771,-0.013570,0.015998,-15.666301,-52.738201,18.801300,-93.396698,0.129960,17.611099,-0.200967,-0.482734,-0.698733,0.488213,99.428932,1539.167480,-4305.574219,98.818039,1458.435303,-4315.637695,116.378128,1581.901611,-4332.055176,77.142593,1491.079712,-4267.235840,105.376884,1625.253784,-4307.368652,98.806946,1458.516724,-4315.366211,116.211891,1581.826538,-4332.063965,77.252769,1491.166870,-4267.645020,105.459274,1625.183350,-4307.274414,2616.294189,1567.755371,-3159.770508,,,,,,,,,,,,,,,,,,,,,,,,,,,,,,,,,
8408,84.080000,0.000000,0.000000,0.000000,1.000000,0.000000,0.000000,0.000000,57.698101,20.499701,-14.700500,0.047771,-0.013570,0.015998,-15.666301,-52.738201,18.801300,-93.396698,0.129960,17.611099,-0.203594,-0.480746,-0.699222,0.488386,98.607658,1539.400269,-4306.661621,97.652054,1458.678345,-4316.781738,115.561409,1582.093872,-4333.204590,76.363937,1491.362915,-4268.234863,104.853149,1625.466064,-4308.424805,97.632660,1458.590454,-4316.586426,115.431793,1582.047363,-4333.187500,76.460152,1491.464722,-4268.553711,104.916672,1625.506714,-4308.354004,2616.299805,1567.751587,-3159.786865,,,,,,,,,,,,,,,,,,,,,,,,,,,,,,,,,
8409,84.090000,0.000000,0.000000,0.000000,1.000000,0.000000,0.000000,0.000000,57.698101,20.499701,-14.700500,0.047771,-0.013570,0.015998,-15.666301,-52.738201,18.801300,-93.396698,0.129960,17.611099,-0.205106,-0.480938,-0.697939,0.489398,97.691101,1539.647461,-4307.741211,96.805573,1458.898682,-4317.650879,114.498619,1582.294434,-4334.451660,75.641212,1491.680542,-4269.115234,103.818939,1625.716431,-4309.746582,96.854576,1458.924927,-4317.430176,114.288826,1582.089844,-4334.553223,75.695107,1491.832031,-4269.475586,103.918510,1625.748047,-4309.555664,2616.279297,1567.732666,-3159.770996,,,,,,,,,,,,,,,,,,,,,,,,,,,,,,,,,
8410,84.100000,0.000000,0.000000,0.000000,1.000000,0.000000,0.000000,0.000000,57.698101,20.499701,-14.700500,0.047771,-0.013570,0.015998,-15.666301,-52.738201,18.801300,-93.396698,0.129960,17.611099,-0.205575,-0.481557,-0.697393,0.489372,96.728127,1539.942749,-4308.795410,95.864388,1459.175415,-4318.554199,113.516190,1582.545044,-4335.589355,74.702248,1492.041016,-4270.075195,102.829590,1626.009644,-4310.962891,95.952957,1459.233887,-4318.308594,113.228577,1582.263916,-4335.736816,74.721962,1492.155273,-4270.441895,102.981186,1626.097412,-4310.735840,2616.291260,1567.768555,-3159.769287,,,,,,,,,,,,,,,,,,,,,,,,,,,,,,,,,
8411,84.110000,0.000000,0.000000,0.000000,1.000000,0.000000,0.000000,0.000000,57.698101,20.499701,-14.700500,0.047771,-0.013570,0.015998,-15.666301,-52.738201,18.801300,-93.396698,0.129960,17.611099,-0.205953,-0.481133,-0.697810,0.489035,95.800278,1540.269043,-4309.666992,94.817955,1459.507812,-4319.465332,112.636658,1582.860596,-4336.447754,73.723930,1492.379639,-4270.960449,102.022530,1626.328369,-4311.795410,94.910645,1459.498901,-4319.185059,112.326035,1582.571777,-4336.631836,73.743637,1492.499146,-4271.365723,102.195930,1626.491089,-4311.523926,2616.273926,1567.743042,-3159.784668,,,,,,,,,,,,,,,,,,,,,,,,,,,,,,,,,
8412,84.120000,0.000000,0.000000,0.000000,1.000000,0.000000,0.000000,0.000000,57.698101,20.499701,-14.700500,0.047771,-0.013570,0.015998,-15.666301,-52.738201,18.801300,-93.396698,0.129960,17.611099,-0.205225,-0.482397,-0.697389,0.488697,94.679489,1540.486938,-4310.752441,93.814331,1459.709106,-4320.423828,111.530815,1583.055298,-4337.560547,72.565659,1492.633789,-4272.022461,100.807076,1626.549805,-4313.002930,93.819557,1459.728882,-4320.170410,111.348251,1582.888916,-4337.595703,72.658867,1492.718018,-4272.418945,100.895813,1626.617310,-4312.873535,2616.295898,1567.775513,-3159.780029,,,,,,,,,,,,,,,,,,,,,,,,,,,,,,,,,
8413,84.130000,0.000000,0.000000,0.000000,1.000000,0.000000,0.000000,0.000000,57.698101,20.499701,-14.700500,0.047771,-0.013570,0.015998,-15.666301,-52.738201,18.801300,-93.396698,0.129960,17.611099,-0.203853,-0.483562,-0.697518,0.487935,93.582695,1540.710083,-4311.705078,92.804092,1459.927246,-4321.341309,110.510872,1583.276123,-4338.468750,71.349487,1492.861572,-4273.037598,99.666283,1626.775757,-4313.973145,92.712997,1459.859863,-4321.141602,110.441452,1583.252930,-4338.366699,71.510925,1492.912354,-4273.375977,99.683556,1626.814819,-4313.976074,2616.287109,1567.722778,-3159.772949,,,,,,,,,,,,,,,,,,,,,,,,,,,,,,,,,
8414,84.140000,0.000000,0.000000,0.000000,1.000000,0.000000,0.000000,0.000000,57.698101,20.499701,-14.700500,0.047771,-0.013570,0.015998,-15.666301,-52.738201,18.801300,-93.396698,0.129960,17.611099,-0.202096,-0.484777,-0.697772,0.487096,92.514908,1540.932739,-4312.542480,91.842834,1460.148560,-4322.175293,109.531693,1583.509888,-4339.231934,70.143059,1493.069946,-4273.972656,98.541962,1627.002930,-4314.789062,91.665741,1459.891602,-4321.995605,109.551170,1583.623291,-4339.070312,70.351219,1493.153320,-4274.271973,98.500175,1627.038940,-4314.839355,2616.304443,1567.710571,-3159.751221,,,,,,,,,,,,,,,,,,,,,,,,,,,,,,,,,
8415,84.150000,0.000000,0.000000,0.000000,1.000000,0.000000,0.000000,0.000000,57.698101,20.499701,-14.700500,0.047771,-0.013570,0.015998,-15.666301,-52.738201,18.801300,-93.396698,0.129960,17.611099,-0.198092,-0.487592,-0.698506,0.484874,91.415886,1541.119873,-4313.261230,90.944901,1460.332886,-4322.883301,108.668182,1583.711914,-4339.774902,68.687141,1493.238037,-4274.924316,97.363281,1627.196655,-4315.461914,90.719864,1460.034912,-4322.631836,108.723755,1583.964600,-4339.653320,68.884377,1493.208496,-4275.210938,97.324005,1627.229370,-4315.519531,2616.300537,1567.717773,-3159.763428,,,,,,,,,,,,,,,,,,,,,,,,,,,,,,,,,
8416,84.160000,0.000000,0.000000,0.000000,1.000000,0.000000,0.000000,0.000000,57.698101,20.499701,-14.700500,0.047771,-0.013570,0.015998,-15.666301,-52.738201,18.801300,-93.396698,0.129960,17.611099,-0.199283,-0.486842,-0.698220,0.485552,90.160706,1541.223633,-4313.993652,89.640282,1460.435669,-4323.604492,107.338966,1583.808594,-4340.566406,67.542198,1493.351807,-4275.579102,96.121307,1627.298828,-4316.223145,89.427338,1460.160522,-4323.366211,107.387802,1584.038452,-4340.444824,67.738434,1493.337891,-4275.865234,96.082573,1627.321411,-4316.276367,2616.276367,1567.724854,-3159.774414,,,,,,,,,,,,,,,,,,,,,,,,,,,,,,,,,
8417,84.170000,0.000000,0.000000,0.000000,1.000000,0.000000,0.000000,0.000000,57.698101,20.499701,-14.700500,0.047771,-0.013570,0.015998,-15.666301,-52.738201,18.801300,-93.396698,0.129960,17.611099,-0.199835,-0.486656,-0.697583,0.486427,88.849129,1541.323730,-4314.729004,88.408302,1460.529907,-4324.294922,105.920319,1583.915283,-4341.360840,66.368568,1493.445312,-4276.242188,94.699257,1627.405029,-4317.018555,88.193588,1460.375244,-4324.035645,105.971298,1584.075439,-4341.250977,66.578300,1493.365967,-4276.558105,94.657562,1627.445557,-4317.073730,2616.274170,1567.758301,-3159.775879,,,,,,,,,,,,,,,,,,,,,,,,,,,,,,,,,
8418,84.180000,0.000000,0.000000,0.000000,1.000000,0.000000,0.000000,0.000000,57.698101,20.499701,-14.700500,0.047771,-0.013570,0.015998,-15.666301,-52.738201,18.801300,-93.396698,0.129960,17.611099,-0.200646,-0.486793,-0.696383,0.487672,87.514351,1541.465820,-4315.394531,87.223305,1460.655518,-4324.825684,104.421333,1584.050049,-4342.142090,65.241379,1493.602417,-4276.768066,93.171310,1627.555786,-4317.840820,87.164154,1460.711914,-4324.464844,104.285210,1584.035645,-4342.173340,65.349983,1493.468384,-4277.186523,93.269768,1627.630005,-4317.779297,2616.272217,1567.703735,-3159.772217,,,,,,,,,,,,,,,,,,,,,,,,,,,,,,,,,
8419,84.190000,0.000000,0.000000,0.000000,1.000000,0.000000,0.000000,0.000000,57.698101,20.499701,-14.700500,0.047771,-0.013570,0.015998,-15.666301,-52.738201,18.801300,-93.396698,0.129960,17.611099,-0.200352,-0.488115,-0.694310,0.489425,86.369148,1541.689697,-4315.854004,86.497116,1460.852295,-4325.053711,103.028732,1584.285645,-4342.738281,64.381409,1493.820557,-4277.071777,91.569275,1627.800781,-4318.552734,86.473007,1461.151611,-4324.683105,102.861580,1584.167236,-4342.773926,64.476425,1493.729614,-4277.476074,91.667603,1627.757568,-4318.474121,2616.308350,1567.733765,-3159.759033,,,,,,,,,,,,,,,,,,,,,,,,,,,,,,,,,
8420,84.200000,0.000000,0.000000,0.000000,1.000000,0.000000,0.000000,0.000000,57.698101,20.499701,-14.700500,0.047771,-0.013570,0.015998,-15.666301,-52.738201,18.801300,-93.396698,0.129960,17.611099,-0.198753,-0.489793,-0.693012,0.490239,85.007584,1541.853394,-4316.362793,85.533417,1461.001831,-4325.423828,101.538231,1584.480225,-4343.277344,63.142941,1493.948730,-4277.555176,89.815689,1627.983032,-4319.195312,85.607040,1461.480469,-4324.955078,101.228302,1584.295044,-4343.352539,63.183731,1493.853271,-4277.996094,90.012268,1627.892090,-4319.077637,2616.282227,1567.729614,-3159.765869,,,,,,,,,,,,,,,,,,,,,,,,,,,,,,,,,
8421,84.210000,0.000000,0.000000,0.000000,1.000000,0.000000,0.000000,0.000000,57.698101,20.499701,-14.700500,0.047771,-0.013570,0.015998,-15.666301,-52.738201,18.801300,-93.396698,0.129960,17.611099,-0.200175,-0.488782,-0.692479,0.491421,83.654793,1542.065186,-4316.823242,84.171059,1461.213379,-4325.882324,100.053055,1584.696899,-4343.811035,61.976021,1494.154175,-4277.918945,88.418961,1628.196411,-4319.680176,84.253113,1461.608887,-4325.435547,99.713547,1584.492065,-4343.881348,62.026485,1494.131470,-4278.405273,88.622513,1628.097534,-4319.538086,2616.304688,1567.723267,-3159.758301,,,,,,,,,,,,,,,,,,,,,,,,,,,,,,,,,
8422,84.220000,0.000000,0.000000,0.000000,1.000000,0.000000,0.000000,0.000000,57.698101,20.499701,-14.700500,0.047771,-0.013570,0.015998,-15.666301,-52.738201,18.801300,-93.396698,0.129960,17.611099,-0.207105,-0.483319,-0.691274,0.495631,82.359367,1542.265625,-4317.122559,82.539825,1461.424683,-4326.290527,98.310043,1584.900146,-4344.372559,61.351982,1494.346924,-4277.861328,87.235558,1628.390991,-4319.965332,82.735771,1461.625732,-4325.945312,97.760071,1584.461670,-4344.564941,61.328430,1494.533325,-4278.392578,87.530220,1628.390747,-4319.656250,2616.290771,1567.734375,-3159.760498,,,,,,,,,,,,,,,,,,,,,,,,,,,,,,,,,
8423,84.230000,0.000000,0.000000,0.000000,1.000000,0.000000,0.000000,0.000000,57.698101,20.499701,-14.700500,0.047771,-0.013570,0.015998,-15.666301,-52.738201,18.801300,-93.396698,0.129960,17.611099,-0.208234,-0.481608,-0.691800,0.496090,81.098183,1542.419189,-4317.366699,81.110062,1461.596191,-4326.692383,97.025993,1585.079834,-4344.589844,60.146572,1494.459473,-4278.125488,86.110031,1628.541748,-4320.058594,81.222565,1461.640137,-4326.395508,96.637573,1584.787598,-4344.693359,60.180847,1494.669678,-4278.647461,86.314491,1628.580566,-4319.822266,2616.296875,1567.709229,-3159.769775,,,,,,,,,,,,,,,,,,,,,,,,,,,,,,,,,
8424,84.240000,0.000000,0.000000,0.000000,1.000000,0.000000,0.000000,0.000000,57.698101,20.499701,-14.700500,0.047771,-0.013570,0.015998,-15.666301,-52.738201,18.801300,-93.396698,0.129960,17.611099,-0.205837,-0.482369,-0.693200,0.494394,79.772461,1542.470947,-4317.634277,79.753891,1461.666382,-4327.118652,95.918137,1585.166992,-4344.672363,58.521667,1494.457764,-4278.619629,84.896057,1628.592896,-4320.125000,79.620949,1461.490845,-4326.887207,95.908997,1585.206299,-4344.614746,58.707310,1494.547852,-4278.978516,84.871254,1628.626587,-4320.097168,2616.267090,1567.708496,-3159.766357,,,,,,,,,,,,,,,,,,,,,,,,,,,,,,,,,
8425,84.250000,0.000000,0.000000,0.000000,1.000000,0.000000,0.000000,0.000000,57.698101,20.499701,-14.700500,0.047771,-0.013570,0.015998,-15.666301,-52.738201,18.801300,-93.396698,0.129960,17.611099,-0.203148,-0.484485,-0.693504,0.493008,78.386505,1542.425049,-4317.920410,78.537193,1461.615356,-4327.359863,94.675766,1585.126343,-4344.863770,56.911636,1494.406860,-4279.035156,83.421349,1628.552002,-4320.421875,78.224358,1461.364014,-4327.116211,94.862961,1585.385132,-4344.701172,57.189381,1494.400146,-4279.341797,83.275604,1628.534302,-4320.502930,2616.302734,1567.757568,-3159.771973,,,,,,,,,,,,,,,,,,,,,,,,,,,,,,,,,
8426,84.260000,0.000000,0.000000,0.000000,1.000000,0.000000,0.000000,0.000000,57.698101,20.499701,-14.700500,0.047771,-0.013570,0.015998,-15.666301,-52.738201,18.801300,-93.396698,0.129960,17.611099,-0.201476,-0.486567,-0.693223,0.492038,76.909004,1542.321411,-4318.119141,77.221344,1461.494263,-4327.403320,93.278580,1584.994263,-4345.059570,55.299225,1494.347046,-4279.254395,81.836807,1628.450439,-4320.758789,77.030144,1461.362183,-4327.116699,93.300125,1585.249878,-4344.959961,55.486618,1494.260742,-4279.579102,81.822899,1628.405273,-4320.814941,2616.277344,1567.756104,-3159.779297,,,,,,,,,,,,,,,,,,,,,,,,,,,,,,,,,
8427,84.270000,0.000000,0.000000,0.000000,1.000000,0.000000,0.000000,0.000000,57.698101,20.499701,-14.700500,0.047771,-0.013570,0.015998,-15.666301,-52.738201,18.801300,-93.396698,0.129960,17.611099,-0.202839,-0.486386,-0.692067,0.493282,75.369041,1542.229370,-4318.370605,75.765190,1461.386963,-4327.518066,91.575081,1584.879883,-4345.445312,53.975243,1494.290405,-4279.343750,80.160591,1628.360718,-4321.176758,75.813538,1461.460205,-4327.166504,91.336449,1584.878418,-4345.590820,53.985188,1494.217285,-4279.708496,80.338112,1628.361694,-4321.026367,2616.290283,1567.781250,-3159.781006,,,,,,,,,,,,,,,,,,,,,,,,,,,,,,,,,
8428,84.280000,0.000000,0.000000,0.000000,1.000000,0.000000,0.000000,0.000000,57.698101,20.499701,-14.700500,0.047771,-0.013570,0.015998,-15.666301,-52.738201,18.801300,-93.396698,0.129960,17.611099,-0.203159,-0.487330,-0.689847,0.495324,74.240211,1542.282349,-4318.355469,75.026070,1461.416138,-4327.265137,90.164108,1584.934204,-4345.594238,53.184147,1494.350952,-4279.135742,78.586449,1628.428345,-4321.426758,75.207939,1461.778809,-4326.793945,89.729012,1584.724365,-4345.834961,53.134300,1494.282471,-4279.568848,78.882660,1628.382568,-4321.178711,2616.247070,1567.734863,-3159.786377,,,,,,,,,,,,,,,,,,,,,,,,,,,,,,,,,
8429,84.290000,0.000000,0.000000,0.000000,1.000000,0.000000,0.000000,0.000000,57.698101,20.499701,-14.700500,0.047771,-0.013570,0.015998,-15.666301,-52.738201,18.801300,-93.396698,0.129960,17.611099,-0.207649,-0.483528,-0.688563,0.498962,73.010841,1542.167603,-4318.326172,73.701012,1461.310913,-4327.329102,88.535561,1584.853271,-4345.741699,52.524445,1494.188110,-4278.863770,77.282280,1628.318237,-4321.369141,73.736923,1461.682983,-4326.871582,88.273247,1584.678101,-4345.837402,52.554634,1493.925537,-4279.304199,77.473907,1628.407593,-4321.272949,2616.283691,1567.757935,-3159.774902,,,,,,,,,,,,,,,,,,,,,,,,,,,,,,,,,
8430,84.300000,0.000000,0.000000,0.000000,1.000000,0.000000,0.000000,0.000000,57.698101,20.499701,-14.700500,0.047771,-0.013570,0.015998,-15.666301,-52.738201,18.801300,-93.396698,0.129960,17.611099,-0.207575,-0.483382,-0.690166,0.496916,71.530174,1542.232910,-4318.362793,71.887581,1461.382568,-4327.443359,87.314079,1584.876343,-4345.695801,50.729988,1494.305908,-4279.001465,76.188965,1628.366821,-4321.310547,71.852943,1461.464355,-4327.196777,87.194199,1584.741821,-4345.686035,50.834354,1494.295776,-4279.354004,76.246536,1628.429810,-4321.246582,2616.267578,1567.732910,-3159.763428,,,,,,,,,,,,,,,,,,,,,,,,,,,,,,,,,
8431,84.310000,0.000000,0.000000,0.000000,1.000000,0.000000,0.000000,0.000000,57.698101,20.499701,-14.700500,0.047771,-0.013570,0.015998,-15.666301,-52.738201,18.801300,-93.396698,0.129960,17.611099,-0.205956,-0.484496,-0.691182,0.495089,70.088989,1542.246338,-4318.329102,70.375175,1461.398315,-4327.431641,86.087883,1584.874023,-4345.561523,48.999439,1494.339355,-4279.097168,74.893417,1628.374023,-4321.225098,70.091652,1461.354614,-4327.337402,86.330750,1584.955322,-4345.272949,49.318867,1494.456299,-4279.345703,74.653748,1628.232422,-4321.364746,2616.276123,1567.743042,-3159.775635,,,,,,,,,,,,,,,,,,,,,,,,,,,,,,,,,
8432,84.320000,0.000000,0.000000,0.000000,1.000000,0.000000,0.000000,0.000000,57.698101,20.499701,-14.700500,0.047771,-0.013570,0.015998,-15.666301,-52.738201,18.801300,-93.396698,0.129960,17.611099,-0.204503,-0.485508,-0.692115,0.493394,68.619820,1542.196045,-4318.239258,68.835152,1461.349854,-4327.360352,84.817154,1584.807007,-4345.380859,47.263828,1494.310059,-4279.125977,73.563057,1628.317383,-4321.089844,68.488129,1461.289429,-4327.206055,85.114197,1584.959717,-4345.104492,47.610153,1494.339600,-4279.401855,73.304611,1628.207642,-4321.239258,2616.270996,1567.748291,-3159.786133,,,,,,,,,,,,,,,,,,,,,,,,,,,,,,,,,
8433,84.330000,0.000000,0.000000,0.000000,1.000000,0.000000,0.000000,0.000000,57.698101,20.499701,-14.700500,0.047771,-0.013570,0.015998,-15.666301,-52.738201,18.801300,-93.396698,0.129960,17.611099,-0.206124,-0.484851,-0.691000,0.494926,67.195038,1542.140991,-4318.032715,67.478043,1461.284790,-4327.062500,83.202026,1584.743164,-4345.300781,46.094654,1494.270508,-4278.762207,72.005363,1628.265747,-4321.005371,67.260361,1461.275269,-4326.853027,83.356491,1584.745972,-4345.285156,46.336563,1494.331055,-4279.067383,71.840508,1628.220215,-4320.953125,2616.271729,1567.771118,-3159.776611,,,,,,,,,,,,,,,,,,,,,,,,,,,,,,,,,
8434,84.340000,0.000000,0.000000,0.000000,1.000000,0.000000,0.000000,0.000000,57.698101,20.499701,-14.700500,0.047771,-0.013570,0.015998,-15.666301,-52.738201,18.801300,-93.396698,0.129960,17.611099,-0.202287,-0.488417,-0.690192,0.494129,65.849236,1542.098877,-4317.787109,66.610413,1461.225098,-4326.630371,81.900558,1584.718262,-4345.001953,44.619125,1494.213013,-4278.605469,70.266792,1628.239380,-4320.910156,66.704216,1461.457764,-4326.179688,81.605240,1584.644775,-4345.254883,44.594975,1494.078735,-4279.010742,70.488731,1628.231445,-4320.686523,2616.263428,1567.740356,-3159.788086,,,,,,,,,,,,,,,,,,,,,,,,,,,,,,,,,
8435,84.350000,0.000000,0.000000,0.000000,1.000000,0.000000,0.000000,0.000000,57.698101,20.499701,-14.700500,0.047771,-0.013570,0.015998,-15.666301,-52.738201,18.801300,-93.396698,0.129960,17.611099,-0.203408,-0.488448,-0.689148,0.495095,64.559860,1542.061890,-4317.590332,65.399574,1461.173706,-4326.291992,80.477859,1584.653198,-4344.926758,43.504360,1494.218872,-4278.262695,68.857582,1628.202148,-4320.878906,65.645432,1461.443604,-4325.806641,79.889381,1584.503296,-4345.191406,43.400394,1494.123779,-4278.716797,69.279839,1628.188354,-4320.620605,2616.260986,1567.738403,-3159.773926,,,,,,,,,,,,,,,,,,,,,,,,,,,,,,,,,
8436,84.360000,0.000000,0.000000,0.000000,1.000000,0.000000,0.000000,0.000000,57.698101,20.499701,-14.700500,0.047771,-0.013570,0.015998,-15.666301,-52.738201,18.801300,-93.396698,0.129960,17.611099,-0.210995,-0.482406,-0.688343,0.498949,63.240021,1542.035522,-4317.375977,63.595234,1461.159058,-4326.219727,78.754272,1584.611694,-4344.967773,42.815704,1494.207397,-4277.699219,67.794792,1628.164551,-4320.618164,63.699646,1461.092407,-4326.013672,78.445145,1584.449951,-4345.047363,42.832649,1494.483643,-4278.098145,67.962326,1628.143555,-4320.406738,2616.276855,1567.758545,-3159.781982,,,,,,,,,,,,,,,,,,,,,,,,,,,,,,,,,
8437,84.370000,0.000000,0.000000,0.000000,1.000000,0.000000,0.000000,0.000000,57.698101,20.499701,-14.700500,0.047771,-0.013570,0.015998,-15.666301,-52.738201,18.801300,-93.396698,0.129960,17.611099,-0.208429,-0.483042,-0.690453,0.496491,62.044163,1542.111694,-4317.046875,62.243896,1461.258423,-4326.105469,77.879486,1584.718506,-4344.408203,41.194721,1494.234009,-4277.651855,66.858459,1628.236084,-4320.023438,62.077740,1461.026245,-4325.930664,77.944740,1584.760132,-4344.342285,41.409508,1494.417969,-4277.968262,66.762680,1628.242554,-4319.984863,2616.258545,1567.740356,-3159.783447,,,,,,,,,,,,,,,,,,,,,,,,,,,,,,,,,
8438,84.380000,0.000000,0.000000,0.000000,1.000000,0.000000,0.000000,0.000000,57.698101,20.499701,-14.700500,0.047771,-0.013570,0.015998,-15.666301,-52.738201,18.801300,-93.396698,0.129960,17.611099,-0.204391,-0.485846,-0.692066,0.493176,60.670654,1542.166382,-4316.758301,60.891693,1461.315796,-4325.838867,76.886757,1584.763916,-4343.909668,39.287716,1494.299805,-4277.636230,65.616386,1628.286255,-4319.647949,60.603172,1461.086060,-4325.594238,77.059471,1584.933472,-4343.805664,39.558140,1494.320435,-4277.954590,65.467751,1628.300049,-4319.677246,2616.260498,1567.725342,-3159.780029,,,,,,,,,,,,,,,,,,,,,,,,,,,,,,,,,
8439,84.390000,0.000000,0.000000,0.000000,1.000000,0.000000,0.000000,0.000000,57.698101,20.499701,-14.700500,0.047771,-0.013570,0.015998,-15.666301,-52.738201,18.801300,-93.396698,0.129960,17.611099,-0.204090,-0.486985,-0.691559,0.492889,58.995319,1542.120239,-4316.654785,59.300545,1461.252808,-4325.582520,75.218468,1584.680420,-4343.860352,37.590584,1494.309204,-4277.476562,63.871593,1628.238770,-4319.698730,59.233429,1461.223755,-4325.331055,75.158852,1584.700562,-4343.883301,37.684292,1494.242188,-4277.766113,63.911938,1628.298950,-4319.649902,2616.275879,1567.745239,-3159.790283,,,,,,,,,,,,,,,,,,,,,,,,,,,,,,,,,
8440,84.400000,0.000000,0.000000,0.000000,1.000000,0.000000,0.000000,0.000000,57.698101,20.499701,-14.700500,0.047771,-0.013570,0.015998,-15.666301,-52.738201,18.801300,-93.396698,0.129960,17.611099,-0.203775,-0.487730,-0.689990,0.494478,57.683887,1542.305908,-4316.299316,58.332260,1461.426392,-4325.098633,73.693916,1584.892700,-4343.589844,36.527344,1494.464966,-4277.023438,62.181950,1628.439941,-4319.486328,58.349030,1461.663574,-4324.757812,73.511078,1584.800049,-4343.682617,36.573471,1494.386963,-4277.379883,62.303593,1628.399658,-4319.369629,2616.258057,1567.760010,-3159.782227,,,,,,,,,,,,,,,,,,,,,,,,,,,,,,,,,
8441,84.410000,0.000000,0.000000,0.000000,1.000000,0.000000,0.000000,0.000000,57.698101,20.499701,-14.700500,0.047771,-0.013570,0.015998,-15.666301,-52.738201,18.801300,-93.396698,0.129960,17.611099,-0.205825,-0.486704,-0.688789,0.496311,56.348179,1542.533081,-4316.044434,57.048012,1461.645386,-4324.763672,72.135391,1585.112061,-4343.475586,35.494766,1494.705566,-4276.589844,60.714470,1628.669434,-4319.347168,57.202713,1461.971069,-4324.402832,71.748154,1584.814331,-4343.653320,35.473038,1494.731689,-4276.993164,60.947384,1628.625366,-4319.116699,2616.282227,1567.750244,-3159.788818,,,,,,,,,,,,,,,,,,,,,,,,,,,,,,,,,
8442,84.420000,0.000000,0.000000,0.000000,1.000000,0.000000,0.000000,0.000000,57.698101,20.499701,-14.700500,0.047771,-0.013570,0.015998,-15.666301,-52.738201,18.801300,-93.396698,0.129960,17.611099,-0.207570,-0.484719,-0.689464,0.496590,55.007626,1542.747925,-4315.789551,55.442486,1461.874268,-4324.655273,70.794388,1585.331543,-4343.214355,34.192467,1494.908936,-4276.329102,59.601101,1628.877563,-4318.959473,55.539062,1462.078125,-4324.322266,70.434319,1585.057129,-4343.285156,34.221478,1494.943726,-4276.785645,59.806950,1628.903687,-4318.796387,2616.291260,1567.745239,-3159.784424,,,,,,,,,,,,,,,,,,,,,,,,,,,,,,,,,
8443,84.430000,0.000000,0.000000,0.000000,1.000000,0.000000,0.000000,0.000000,57.698101,20.499701,-14.700500,0.047771,-0.013570,0.015998,-15.666301,-52.738201,18.801300,-93.396698,0.129960,17.611099,-0.208546,-0.483240,-0.690536,0.496132,53.541409,1542.888306,-4315.591309,53.695835,1462.030762,-4324.612793,69.413986,1585.472900,-4342.965332,32.646503,1495.041382,-4276.182617,58.409233,1629.008423,-4318.604980,53.501289,1461.990234,-4324.444336,69.505936,1585.458130,-4342.822754,32.908710,1495.155640,-4276.520020,58.289017,1628.968750,-4318.628418,2616.295654,1567.713745,-3159.762939,,,,,,,,,,,,,,,,,,,,,,,,,,,,,,,,,
8444,84.440000,0.000000,0.000000,0.000000,1.000000,0.000000,0.000000,0.000000,57.698101,20.499701,-14.700500,0.047771,-0.013570,0.015998,-15.666301,-52.738201,18.801300,-93.396698,0.129960,17.611099,-0.206199,-0.483986,-0.692386,0.493803,52.275703,1543.163330,-4315.191406,52.293900,1462.324829,-4324.382812,68.444710,1585.765991,-4342.362793,30.987192,1495.285522,-4276.031250,57.376934,1629.277222,-4317.987793,51.979633,1462.170654,-4324.095215,68.647362,1585.914185,-4342.292480,31.293921,1495.296753,-4276.404297,57.198662,1629.256348,-4317.990234,2616.280029,1567.749023,-3159.775635,,,,,,,,,,,,,,,,,,,,,,,,,,,,,,,,,
8445,84.450000,0.000000,0.000000,0.000000,1.000000,0.000000,0.000000,0.000000,57.698101,20.499701,-14.700500,0.047771,-0.013570,0.015998,-15.666301,-52.738201,18.801300,-93.396698,0.129960,17.611099,-0.207912,-0.483583,-0.691236,0.495089,50.758770,1543.238281,-4315.073730,50.824394,1462.384277,-4324.126465,66.758850,1585.811768,-4342.390137,29.698875,1495.404663,-4275.736328,55.752914,1629.352661,-4318.041016,50.608055,1462.318604,-4323.864258,66.881592,1585.909790,-4342.387695,29.920931,1495.415771,-4276.061523,55.634087,1629.302734,-4318.000000,2616.256348,1567.751221,-3159.785889,,,,,,,,,,,,,,,,,,,,,,,,,,,,,,,,,
8446,84.460000,0.000000,0.000000,0.000000,1.000000,0.000000,0.000000,0.000000,57.698101,20.499701,-14.700500,0.047771,-0.013570,0.015998,-15.666301,-52.738201,18.801300,-93.396698,0.129960,17.611099,-0.204429,-0.486487,-0.691705,0.493036,49.289314,1543.331909,-4314.971680,49.546803,1462.469360,-4323.944824,65.504318,1585.899414,-4342.170898,27.902740,1495.509277,-4275.798340,54.203335,1629.449707,-4317.973633,49.557720,1462.518555,-4323.583008,65.295471,1585.971558,-4342.253906,27.936775,1495.388916,-4276.173340,54.366192,1629.439941,-4317.889160,2616.260498,1567.752197,-3159.784668,,,,,,,,,,,,,,,,,,,,,,,,,,,,,,,,,
8447,84.470000,0.000000,0.000000,0.000000,1.000000,0.000000,0.000000,0.000000,57.698101,20.499701,-14.700500,0.047771,-0.013570,0.015998,-15.666301,-52.738201,18.801300,-93.396698,0.129960,17.611099,-0.205367,-0.486344,-0.691309,0.493342,48.020725,1543.528687,-4314.766602,48.248608,1462.657227,-4323.660156,64.190674,1586.067017,-4342.038086,26.701130,1495.748047,-4275.504883,52.942421,1629.642700,-4317.861816,48.534447,1462.879272,-4323.201172,63.533089,1585.895020,-4342.366699,26.553743,1495.642456,-4275.927734,53.418453,1629.693115,-4317.564453,2616.284424,1567.729858,-3159.773926,,,,,,,,,,,,,,,,,,,,,,,,,,,,,,,,,
8448,84.480000,0.000000,0.000000,0.000000,1.000000,0.000000,0.000000,0.000000,57.698101,20.499701,-14.700500,0.047771,-0.013570,0.015998,-15.666301,-52.738201,18.801300,-93.396698,0.129960,17.611099,-0.211013,-0.482437,-0.690223,0.496307,46.580956,1543.701050,-4314.721191,46.519699,1462.829346,-4323.615723,62.422222,1586.208252,-4342.233398,25.760252,1495.961304,-4275.143555,51.621578,1629.805542,-4317.892090,46.599094,1462.968750,-4323.370605,62.135536,1585.995728,-4342.276367,25.799055,1496.095947,-4275.541504,51.773109,1629.749023,-4317.740723,2616.325439,1567.751953,-3159.767090,,,,,,,,,,,,,,,,,,,,,,,,,,,,,,,,,
8449,84.490000,0.000000,0.000000,0.000000,1.000000,0.000000,0.000000,0.000000,57.698101,20.499701,-14.700500,0.047771,-0.013570,0.015998,-15.666301,-52.738201,18.801300,-93.396698,0.129960,17.611099,-0.212103,-0.481544,-0.691385,0.495090,45.222088,1543.957642,-4314.553711,44.809639,1463.093750,-4323.509277,61.224422,1586.417847,-4342.044922,24.226818,1496.276978,-4274.997070,50.627407,1630.042236,-4317.663086,44.845631,1463.233276,-4323.156250,60.979759,1586.254150,-4342.126465,24.301733,1496.332764,-4275.487793,50.764084,1630.026245,-4317.496582,2616.307861,1567.725708,-3159.769775,,,,,,,,,,,,,,,,,,,,,,,,,,,,,,,,,
8450,84.500000,0.000000,0.000000,0.000000,1.000000,0.000000,0.000000,0.000000,57.698101,20.499701,-14.700500,0.047771,-0.013570,0.015998,-15.666301,-52.738201,18.801300,-93.396698,0.129960,17.611099,-0.213508,-0.481260,-0.691524,0.494568,43.831371,1544.256592,-4314.460938,43.215660,1463.384155,-4323.327637,59.886845,1586.649414,-4342.024902,22.790890,1496.667969,-4274.817383,49.432030,1630.324829,-4317.673340,43.087814,1463.410278,-4323.147461,59.917347,1586.630737,-4341.959473,22.998692,1496.822266,-4275.161621,49.352001,1630.195068,-4317.635254,2616.290039,1567.716675,-3159.766357,,,,,,,,,,,,,,,,,,,,,,,,,,,,,,,,,
8451,84.510000,0.000000,0.000000,0.000000,1.000000,0.000000,0.000000,0.000000,57.698101,20.499701,-14.700500,0.047771,-0.013570,0.015998,-15.666301,-52.738201,18.801300,-93.396698,0.129960,17.611099,-0.212315,-0.481663,-0.693123,0.492447,42.260876,1544.535645,-4314.416016,41.429298,1463.676758,-4323.387695,58.583038,1586.911377,-4341.849121,20.879515,1496.965210,-4274.933105,48.151577,1630.589600,-4317.493164,41.172894,1463.504883,-4323.174805,58.745789,1586.999146,-4341.761230,21.148100,1497.038452,-4275.256836,47.993298,1630.591553,-4317.494629,2616.299072,1567.728638,-3159.769531,,,,,,,,,,,,,,,,,,,,,,,,,,,,,,,,,
8452,84.520000,0.000000,0.000000,0.000000,1.000000,0.000000,0.000000,0.000000,57.698101,20.499701,-14.700500,0.047771,-0.013570,0.015998,-15.666301,-52.738201,18.801300,-93.396698,0.129960,17.611099,-0.213230,-0.481316,-0.692752,0.492912,40.767864,1544.802979,-4314.353027,39.914921,1463.938965,-4323.275879,57.029976,1587.162476,-4341.847168,19.473177,1497.255859,-4274.795410,46.653313,1630.855103,-4317.492676,39.890152,1463.822266,-4322.989746,56.962574,1587.145264,-4342.036621,19.530741,1497.290283,-4275.106445,46.691685,1630.950928,-4317.275391,2616.284912,1567.729248,-3159.776611,,,,,,,,,,,,,,,,,,,,,,,,,,,,,,,,,
8453,84.530000,0.000000,0.000000,0.000000,1.000000,0.000000,0.000000,0.000000,57.698101,20.499701,-14.700500,0.047771,-0.013570,0.015998,-15.666301,-52.738201,18.801300,-93.396698,0.129960,17.611099,-0.208449,-0.487247,-0.690970,0.491630,39.101307,1544.996338,-4314.401367,38.936230,1464.078491,-4322.864746,55.418411,1587.313110,-4341.928711,17.632477,1497.525269,-4274.846680,44.418030,1631.068970,-4317.964355,38.997444,1464.294312,-4322.542480,55.202404,1587.332153,-4342.053223,17.628704,1497.460449,-4275.153809,44.584164,1630.916626,-4317.837891,2616.262695,1567.739136,-3159.789062,,,,,,,,,,,,,,,,,,,,,,,,,,,,,,,,,
8454,84.540000,0.000000,0.000000,0.000000,1.000000,0.000000,0.000000,0.000000,57.698101,20.499701,-14.700500,0.047771,-0.013570,0.015998,-15.666301,-52.738201,18.801300,-93.396698,0.129960,17.611099,-0.208807,-0.487336,-0.690767,0.491676,37.488758,1545.219604,-4314.438477,37.315189,1464.296387,-4322.848633,53.793179,1587.517456,-4342.002441,16.038809,1497.775391,-4274.841309,42.807785,1631.289551,-4318.061035,37.471416,1464.504395,-4322.483398,53.389153,1587.428223,-4342.160645,15.988065,1497.729004,-4275.216309,43.094864,1631.227295,-4317.881836,2616.273926,1567.728027,-3159.784424,,,,,,,,,,,,,,,,,,,,,,,,,,,,,,,,,
8455,84.550000,0.000000,0.000000,0.000000,1.000000,0.000000,0.000000,0.000000,57.698101,20.499701,-14.700500,0.047771,-0.013570,0.015998,-15.666301,-52.738201,18.801300,-93.396698,0.129960,17.611099,-0.215471,-0.483488,-0.688885,0.495226,35.841408,1545.439331,-4314.490723,35.415031,1464.503174,-4322.767090,51.724670,1587.671509,-4342.398926,15.013941,1498.086792,-4274.454102,41.211929,1631.496216,-4318.342285,35.585609,1464.638306,-4322.461914,51.281334,1587.343750,-4342.615723,14.980099,1498.237549,-4274.896973,41.462921,1631.504517,-4318.039062,2616.271973,1567.767700,-3159.787109,,,,,,,,,,,,,,,,,,,,,,,,,,,,,,,,,
8456,84.560000,0.000000,0.000000,0.000000,1.000000,0.000000,0.000000,0.000000,57.698101,20.499701,-14.700500,0.047771,-0.013570,0.015998,-15.666301,-52.738201,18.801300,-93.396698,0.129960,17.611099,-0.215029,-0.484198,-0.689468,0.493912,34.215370,1545.686401,-4314.392578,33.678410,1464.746582,-4322.626465,50.247574,1587.876953,-4342.278320,13.196130,1498.390137,-4274.389648,39.739288,1631.731934,-4318.275391,33.554302,1464.734375,-4322.416992,50.254539,1587.777222,-4342.222656,13.420263,1498.547607,-4274.804199,39.676704,1631.724243,-4318.208496,2616.279785,1567.756958,-3159.786133,,,,,,,,,,,,,,,,,,,,,,,,,,,,,,,,,
8457,84.570000,0.000000,0.000000,0.000000,1.000000,0.000000,0.000000,0.000000,57.698101,20.499701,-14.700500,0.047771,-0.013570,0.015998,-15.666301,-52.738201,18.801300,-93.396698,0.129960,17.611099,-0.212580,-0.485894,-0.691235,0.490827,32.494820,1545.906982,-4314.476562,31.795904,1464.972900,-4322.753906,48.893944,1588.063599,-4342.200195,10.987464,1498.653931,-4274.682617,38.301903,1631.938110,-4318.269043,31.476799,1464.841309,-4322.557617,49.126705,1588.223755,-4341.988281,11.305541,1498.673218,-4274.992676,38.100796,1631.892700,-4318.371582,2616.302979,1567.738525,-3159.770996,,,,,,,,,,,,,,,,,,,,,,,,,,,,,,,,,
8458,84.580000,0.000000,0.000000,0.000000,1.000000,0.000000,0.000000,0.000000,57.698101,20.499701,-14.700500,0.047771,-0.013570,0.015998,-15.666301,-52.738201,18.801300,-93.396698,0.129960,17.611099,-0.210571,-0.488435,-0.690567,0.490109,30.695131,1546.102783,-4314.502930,30.260963,1465.146606,-4322.581055,47.138283,1588.234253,-4342.238281,9.088913,1498.890869,-4274.713379,36.292313,1632.139404,-4318.478027,30.172918,1465.210815,-4322.279297,47.084133,1588.284302,-4342.256836,9.205205,1498.802368,-4275.052734,36.325981,1632.107666,-4318.436523,2616.266846,1567.719238,-3159.773438,,,,,,,,,,,,,,,,,,,,,,,,,,,,,,,,,
8459,84.590000,0.000000,0.000000,0.000000,1.000000,0.000000,0.000000,0.000000,57.698101,20.499701,-14.700500,0.047771,-0.013570,0.015998,-15.666301,-52.738201,18.801300,-93.396698,0.129960,17.611099,-0.210258,-0.489390,-0.689373,0.490972,28.992994,1546.281616,-4314.433105,28.807615,1465.309937,-4322.364746,45.307396,1588.413086,-4342.244629,7.530833,1499.075806,-4274.558594,34.326077,1632.327637,-4318.564453,29.044662,1465.592041,-4321.902832,44.768166,1588.183350,-4342.601074,7.417485,1498.954224,-4274.972168,34.703949,1632.394165,-4318.252441,2616.260742,1567.753784,-3159.781738,,,,,,,,,,,,,,,,,,,,,,,,,,,,,,,,,
8460,84.600000,0.000000,0.000000,0.000000,1.000000,0.000000,0.000000,0.000000,57.698101,20.499701,-14.700500,0.047771,-0.013570,0.015998,-15.666301,-52.738201,18.801300,-93.396698,0.129960,17.611099,-0.212693,-0.487799,-0.688314,0.492989,27.000757,1546.275757,-4314.581055,26.819403,1465.300903,-4322.479492,43.078205,1588.408813,-4342.527832,5.868098,1499.069092,-4274.531738,32.237247,1632.324341,-4318.784180,26.898275,1465.432861,-4322.233887,42.843941,1588.249512,-4342.657227,5.874356,1499.125122,-4274.847656,32.377312,1632.295532,-4318.601074,2616.293213,1567.733398,-3159.776611,,,,,,,,,,,,,,,,,,,,,,,,,,,,,,,,,
8461,84.610000,0.000000,0.000000,0.000000,1.000000,0.000000,0.000000,0.000000,57.698101,20.499701,-14.700500,0.047771,-0.013570,0.015998,-15.666301,-52.738201,18.801300,-93.396698,0.129960,17.611099,-0.219812,-0.482718,-0.687334,0.496223,25.130177,1546.340088,-4314.597168,24.504768,1465.369995,-4322.520020,40.846699,1588.425781,-4342.819824,4.563046,1499.194458,-4274.183594,30.606134,1632.370605,-4318.864746,24.508427,1465.334229,-4322.350586,40.722813,1588.234985,-4342.853027,4.665591,1499.430542,-4274.549805,30.635542,1632.392578,-4318.701660,2616.291748,1567.746460,-3159.776123,,,,,,,,,,,,,,,,,,,,,,,,,,,,,,,,,
8462,84.620000,0.000000,0.000000,0.000000,1.000000,0.000000,0.000000,0.000000,57.698101,20.499701,-14.700500,0.047771,-0.013570,0.015998,-15.666301,-52.738201,18.801300,-93.396698,0.129960,17.611099,-0.213384,-0.487044,-0.689299,0.492059,23.481598,1546.468750,-4314.501953,23.034544,1465.502319,-4322.475586,39.685467,1588.575317,-4342.415527,2.210544,1499.293823,-4274.488281,28.995792,1632.503784,-4318.627441,22.691832,1465.345459,-4322.245117,39.925243,1588.660522,-4342.236816,2.564973,1499.337280,-4274.860352,28.773369,1632.524170,-4318.688477,2616.278320,1567.739990,-3159.772461,,,,,,,,,,,,,,,,,,,,,,,,,,,,,,,,,
8463,84.630000,0.000000,0.000000,0.000000,1.000000,0.000000,0.000000,0.000000,57.698101,20.499701,-14.700500,0.047771,-0.013570,0.015998,-15.666301,-52.738201,18.801300,-93.396698,0.129960,17.611099,-0.208077,-0.491555,-0.689634,0.489370,21.259596,1546.349854,-4314.649414,21.174788,1465.368286,-4322.479492,37.738815,1588.455811,-4342.402344,-0.446504,1499.181885,-4274.862793,26.571232,1632.393799,-4318.853027,21.097610,1465.470825,-4322.043457,37.628105,1588.427734,-4342.490723,-0.327151,1498.999878,-4275.334961,26.653999,1632.480591,-4318.748047,2616.307861,1567.749390,-3159.771973,,,,,,,,,,,,,,,,,,,,,,,,,,,,,,,,,
8464,84.640000,0.000000,0.000000,0.000000,1.000000,0.000000,0.000000,0.000000,57.698101,20.499701,-14.700500,0.047771,-0.013570,0.015998,-15.666301,-52.738201,18.801300,-93.396698,0.129960,17.611099,-0.209505,-0.489840,-0.687604,0.493320,19.366119,1546.524658,-4314.490234,19.646191,1465.548340,-4322.371582,35.388191,1588.734131,-4342.353516,-1.754858,1499.218262,-4274.553223,24.184879,1632.598145,-4318.683105,19.808044,1465.595337,-4321.852539,34.704441,1589.283447,-4342.356445,-1.828774,1499.033325,-4275.003906,24.727432,1632.254639,-4318.706543,2616.277832,1567.754639,-3159.783447,,,,,,,,,,,,,,,,,,,,,,,,,,,,,,,,,
8465,84.650000,0.000000,0.000000,0.000000,1.000000,0.000000,0.000000,0.000000,57.698101,20.499701,-14.700500,0.047771,-0.013570,0.015998,-15.666301,-52.738201,18.801300,-93.396698,0.129960,17.611099,-0.217935,-0.482889,-0.686153,0.498514,17.446659,1546.211182,-4314.564453,17.324162,1465.250732,-4322.608398,32.901897,1588.435791,-4342.723145,-2.827834,1498.878418,-4274.221191,22.388346,1632.280396,-4318.703125,17.502426,1465.349487,-4322.140137,32.417938,1588.536377,-4342.998535,-2.933660,1498.705078,-4274.628418,22.773165,1632.265015,-4318.492676,2616.267090,1567.771606,-3159.794678,,,,,,,,,,,,,,,,,,,,,,,,,,,,,,,,,
8466,84.660000,0.000000,0.000000,0.000000,1.000000,0.000000,0.000000,0.000000,57.698101,20.499701,-14.700500,0.047771,-0.013570,0.015998,-15.666301,-52.738201,18.801300,-93.396698,0.129960,17.611099,-0.218099,-0.482569,-0.687429,0.496993,15.646968,1546.128174,-4314.542480,15.240293,1465.175415,-4322.655762,31.298328,1588.319580,-4342.642578,-4.860364,1498.835815,-4274.270020,20.909571,1632.182129,-4318.601074,15.173909,1465.078125,-4322.502930,31.282316,1588.284180,-4342.628906,-4.731364,1498.993164,-4274.553223,20.881720,1632.179443,-4318.523926,2616.276611,1567.733765,-3159.779053,,,,,,,,,,,,,,,,,,,,,,,,,,,,,,,,,
8467,84.670000,0.000000,0.000000,0.000000,1.000000,0.000000,0.000000,0.000000,57.698101,20.499701,-14.700500,0.047771,-0.013570,0.015998,-15.666301,-52.738201,18.801300,-93.396698,0.129960,17.611099,-0.215386,-0.484313,-0.688861,0.494490,13.508849,1545.879028,-4314.782227,13.051174,1464.931763,-4322.946777,29.461115,1588.063477,-4342.723145,-7.410277,1498.593750,-4274.713867,18.933327,1631.927368,-4318.744629,12.760594,1464.816895,-4322.820801,29.725523,1588.124023,-4342.542969,-7.107756,1498.690674,-4274.968750,18.686150,1631.891846,-4318.807617,2616.256836,1567.696289,-3159.777344,,,,,,,,,,,,,,,,,,,,,,,,,,,,,,,,,
8468,84.680000,0.000000,0.000000,0.000000,1.000000,0.000000,0.000000,0.000000,57.698101,20.499701,-14.700500,0.047771,-0.013570,0.015998,-15.666301,-52.738201,18.801300,-93.396698,0.129960,17.611099,-0.211389,-0.487656,-0.688828,0.492972,11.665821,1545.750732,-4314.794922,11.554874,1464.791626,-4322.854004,27.767181,1587.949951,-4342.627930,-9.510126,1498.450684,-4274.879395,16.851288,1631.811035,-4318.817871,11.500458,1464.915649,-4322.448242,27.615509,1587.960083,-4342.647949,-9.406653,1498.270874,-4275.332031,16.963989,1631.839844,-4318.773926,2616.275635,1567.705078,-3159.774658,,,,,,,,,,,,,,,,,,,,,,,,,,,,,,,,,
8469,84.690000,0.000000,0.000000,0.000000,1.000000,0.000000,0.000000,0.000000,57.698101,20.499701,-14.700500,0.047771,-0.013570,0.015998,-15.666301,-52.738201,18.801300,-93.396698,0.129960,17.611099,-0.208713,-0.490551,-0.687046,0.493728,9.755850,1545.494385,-4314.920898,10.221936,1464.514526,-4322.754883,25.717922,1587.722900,-4342.789551,-11.307966,1498.164795,-4274.980957,14.391434,1631.575806,-4319.157715,10.399561,1464.980103,-4322.160156,25.286356,1587.575439,-4343.053711,-11.371239,1497.926025,-4275.446777,14.715513,1631.577026,-4318.937012,2616.279785,1567.729980,-3159.777588,,,,,,,,,,,,,,,,,,,,,,,,,,,,,,,,,
8470,84.700000,0.000000,0.000000,0.000000,1.000000,0.000000,0.000000,0.000000,57.698101,20.499701,-14.700500,0.047771,-0.013570,0.015998,-15.666301,-52.738201,18.801300,-93.396698,0.129960,17.611099,-0.217866,-0.483458,-0.685944,0.498280,8.059762,1545.302734,-4314.888672,7.959958,1464.333984,-4322.850586,23.528978,1587.501709,-4343.078125,-12.237396,1498.006836,-4274.513672,12.987453,1631.368652,-4319.110840,8.186009,1464.450684,-4322.479492,22.979469,1587.154663,-4343.501465,-12.343111,1498.024658,-4274.910156,13.333445,1631.522095,-4318.710449,2616.295410,1567.715698,-3159.772705,,,,,,,,,,,,,,,,,,,,,,,,,,,,,,,,,
8471,84.710000,0.000000,0.000000,0.000000,1.000000,0.000000,0.000000,0.000000,57.698101,20.499701,-14.700500,0.047771,-0.013570,0.015998,-15.666301,-52.738201,18.801300,-93.396698,0.129960,17.611099,-0.221205,-0.479933,-0.687237,0.498435,6.481508,1545.130249,-4314.854004,5.846923,1464.186523,-4323.042480,21.980616,1587.318481,-4343.043457,-13.781661,1497.838623,-4274.457520,11.880091,1631.177612,-4318.873047,5.678520,1463.939209,-4322.978516,22.120504,1587.282471,-4342.968750,-13.591235,1498.030151,-4274.645996,11.719875,1631.268188,-4318.837891,2616.297852,1567.736694,-3159.769043,,,,,,,,,,,,,,,,,,,,,,,,,,,,,,,,,
8472,84.720000,0.000000,0.000000,0.000000,1.000000,0.000000,0.000000,0.000000,57.698101,20.499701,-14.700500,0.047771,-0.013570,0.015998,-15.666301,-52.738201,18.801300,-93.396698,0.129960,17.611099,-0.216884,-0.482991,-0.688562,0.495544,4.689723,1544.794922,-4314.983887,4.172995,1463.851807,-4323.187012,20.527035,1586.989136,-4342.975586,-16.060974,1497.495117,-4274.845215,10.119761,1630.843750,-4318.927246,3.899954,1463.696533,-4323.003906,20.729427,1587.154907,-4342.822266,-15.828828,1497.430054,-4275.072266,9.963332,1630.887939,-4319.024414,2616.269531,1567.708374,-3159.782471,,,,,,,,,,,,,,,,,,,,,,,,,,,,,,,,,
8473,84.730000,0.000000,0.000000,0.000000,1.000000,0.000000,0.000000,0.000000,57.698101,20.499701,-14.700500,0.047771,-0.013570,0.015998,-15.666301,-52.738201,18.801300,-93.396698,0.129960,17.611099,-0.212408,-0.487886,-0.687978,0.493494,2.713134,1544.362793,-4315.214355,2.639250,1463.388184,-4323.116699,18.729647,1586.518921,-4343.161621,-18.349869,1497.125854,-4275.164062,7.833445,1630.418579,-4319.414062,2.575619,1463.511230,-4322.684082,18.593163,1586.582153,-4343.210449,-18.249502,1496.933105,-4275.617188,7.939561,1630.406738,-4319.359375,2616.284180,1567.734619,-3159.785400,,,,,,,,,,,,,,,,,,,,,,,,,,,,,,,,,
8474,84.740000,0.000000,0.000000,0.000000,1.000000,0.000000,0.000000,0.000000,57.698101,20.499701,-14.700500,0.047771,-0.013570,0.015998,-15.666301,-52.738201,18.801300,-93.396698,0.129960,17.611099,-0.213016,-0.488375,-0.687262,0.493745,1.007836,1544.033447,-4315.277344,0.980921,1463.044189,-4323.028320,16.970936,1586.147949,-4343.317383,-19.987434,1496.857300,-4275.120117,6.066855,1630.084473,-4319.642090,1.260551,1463.315674,-4322.388672,16.247189,1585.907959,-4343.760742,-20.115847,1496.688354,-4275.726074,6.568463,1630.207520,-4319.250000,2616.276855,1567.757324,-3159.785889,,,,,,,,,,,,,,,,,,,,,,,,,,,,,,,,,
8475,84.750000,0.000000,0.000000,0.000000,1.000000,0.000000,0.000000,0.000000,57.698101,20.499701,-14.700500,0.047771,-0.013570,0.015998,-15.666301,-52.738201,18.801300,-93.396698,0.129960,17.611099,-0.221770,-0.482279,-0.686259,0.497267,-0.546014,1543.560059,-4315.337891,-1.173584,1462.574463,-4323.103027,15.022436,1585.598022,-4343.712891,-20.906704,1496.483398,-4274.739258,4.873732,1629.584473,-4319.795410,-0.724673,1462.824585,-4322.607910,14.160357,1585.382935,-4344.122070,-21.123848,1496.669800,-4275.302246,5.457856,1629.349854,-4319.324219,2616.291016,1567.735229,-3159.786621,,,,,,,,,,,,,,,,,,,,,,,,,,,,,,,,,
8476,84.760000,0.000000,0.000000,0.000000,1.000000,0.000000,0.000000,0.000000,57.698101,20.499701,-14.700500,0.047771,-0.013570,0.015998,-15.666301,-52.738201,18.801300,-93.396698,0.129960,17.611099,-0.222140,-0.482023,-0.686242,0.497372,-2.221974,1543.356689,-4315.317383,-2.881354,1462.371460,-4323.083008,13.334734,1585.390137,-4343.705078,-22.561825,1496.285767,-4274.701660,3.220481,1629.379395,-4319.778320,-2.984284,1462.269531,-4323.040039,13.436711,1585.366333,-4343.672363,-22.403446,1496.556763,-4274.875977,3.075514,1629.268433,-4319.701172,2616.315430,1567.719849,-3159.769775,,,,,,,,,,,,,,,,,,,,,,,,,,,,,,,,,
8477,84.770000,0.000000,0.000000,0.000000,1.000000,0.000000,0.000000,0.000000,57.698101,20.499701,-14.700500,0.047771,-0.013570,0.015998,-15.666301,-52.738201,18.801300,-93.396698,0.129960,17.611099,-0.218539,-0.484093,-0.688069,0.494425,-3.890364,1543.144531,-4315.330078,-4.585555,1462.169800,-4323.199707,12.029486,1585.188599,-4343.500000,-24.730736,1496.055664,-4274.990234,1.725284,1629.164429,-4319.629883,-4.804674,1461.989868,-4323.127930,12.231764,1585.262939,-4343.354980,-24.525698,1496.134644,-4275.145020,1.542918,1629.186768,-4319.688477,2616.304932,1567.732178,-3159.767822,,,,,,,,,,,,,,,,,,,,,,,,,,,,,,,,,
8478,84.780000,0.000000,0.000000,0.000000,1.000000,0.000000,0.000000,0.000000,57.698101,20.499701,-14.700500,0.047771,-0.013570,0.015998,-15.666301,-52.738201,18.801300,-93.396698,0.129960,17.611099,-0.213262,-0.488661,-0.688272,0.491948,-5.753048,1542.788208,-4315.474609,-6.053929,1461.796265,-4323.192871,10.420643,1584.833374,-4343.498047,-27.002815,1495.704468,-4275.342773,-0.376177,1628.818726,-4319.864258,-6.001860,1461.976318,-4322.852539,10.184312,1584.791138,-4343.585938,-26.999952,1495.553223,-4275.684082,-0.195122,1628.836548,-4319.772949,2616.298096,1567.730103,-3159.778564,,,,,,,,,,,,,,,,,,,,,,,,,,,,,,,,,
8479,84.790000,0.000000,0.000000,0.000000,1.000000,0.000000,0.000000,0.000000,57.698101,20.499701,-14.700500,0.047771,-0.013570,0.015998,-15.666301,-52.738201,18.801300,-93.396698,0.129960,17.611099,-0.214492,-0.489469,-0.686100,0.493640,-7.476730,1542.482910,-4315.506348,-7.511647,1461.462280,-4322.922852,8.447477,1584.481201,-4343.742188,-28.416695,1495.472900,-4275.126465,-2.426119,1628.515259,-4320.234863,-7.300260,1461.869019,-4322.429688,7.983671,1584.289429,-4343.968750,-28.474108,1495.424683,-4275.583984,-2.111130,1628.408203,-4319.981445,2616.302979,1567.725342,-3159.772705,,,,,,,,,,,,,,,,,,,,,,,,,,,,,,,,,
8480,84.800000,0.000000,0.000000,0.000000,1.000000,0.000000,0.000000,0.000000,57.698101,20.499701,-14.700500,0.047771,-0.013570,0.015998,-15.666301,-52.738201,18.801300,-93.396698,0.129960,17.611099,-0.217431,-0.487237,-0.686165,0.494470,-9.210898,1542.172241,-4315.528320,-9.521581,1461.156372,-4322.990234,6.630600,1584.143188,-4343.851562,-29.996607,1495.196289,-4275.029297,-3.956079,1628.193115,-4320.242676,-9.401700,1461.279175,-4322.604980,6.234341,1583.991577,-4343.975586,-29.987638,1495.262329,-4275.554688,-3.706332,1628.160522,-4320.029785,2616.293213,1567.746094,-3159.773682,,,,,,,,,,,,,,,,,,,,,,,,,,,,,,,,,
8481,84.810000,0.000000,0.000000,0.000000,1.000000,0.000000,0.000000,0.000000,57.698101,20.499701,-14.700500,0.047771,-0.013570,0.015998,-15.666301,-52.738201,18.801300,-93.396698,0.129960,17.611099,-0.222124,-0.482813,-0.686646,0.496054,-10.825268,1542.008423,-4315.488281,-11.616653,1461.014771,-4323.153320,4.873053,1583.977051,-4343.894531,-31.343613,1495.026611,-4274.859375,-5.213930,1628.015259,-4320.045898,-11.625587,1460.769897,-4322.805664,4.734166,1584.214722,-4344.059570,-31.300592,1495.103271,-4275.208008,-5.116199,1627.937500,-4319.876465,2616.304443,1567.753906,-3159.784424,,,,,,,,,,,,,,,,,,,,,,,,,,,,,,,,,
8482,84.820000,0.000000,0.000000,0.000000,1.000000,0.000000,0.000000,0.000000,57.698101,20.499701,-14.700500,0.047771,-0.013570,0.015998,-15.666301,-52.738201,18.801300,-93.396698,0.129960,17.611099,-0.217816,-0.484576,-0.689285,0.492573,-12.516135,1541.627563,-4315.361816,-13.411371,1460.658203,-4323.268555,3.629876,1583.637817,-4343.454102,-33.643143,1494.581421,-4275.121582,-6.639959,1627.632812,-4319.604004,-13.667417,1460.392090,-4323.101074,3.810252,1583.852051,-4343.313477,-33.425236,1494.613159,-4275.342285,-6.782379,1627.636108,-4319.670898,2616.296875,1567.746460,-3159.776611,,,,,,,,,,,,,,,,,,,,,,,,,,,,,,,,,
8483,84.830000,0.000000,0.000000,0.000000,1.000000,0.000000,0.000000,0.000000,57.698101,20.499701,-14.700500,0.047771,-0.013570,0.015998,-15.666301,-52.738201,18.801300,-93.396698,0.129960,17.611099,-0.214824,-0.488504,-0.687993,0.491813,-14.126720,1541.336792,-4315.284180,-14.567028,1460.332886,-4322.867676,2.045845,1583.311279,-4343.414062,-35.355145,1494.351440,-4275.026367,-8.630617,1627.351929,-4319.828613,-14.534658,1460.494995,-4322.537109,1.869943,1583.225708,-4343.565918,-35.334305,1494.267090,-4275.363770,-8.507523,1627.367676,-4319.669434,2616.306152,1567.779541,-3159.792969,,,,,,,,,,,,,,,,,,,,,,,,,,,,,,,,,
8484,84.840000,0.000000,0.000000,0.000000,1.000000,0.000000,0.000000,0.000000,57.698101,20.499701,-14.700500,0.047771,-0.013570,0.015998,-15.666301,-52.738201,18.801300,-93.396698,0.129960,17.611099,-0.210818,-0.492570,-0.687082,0.490763,-16.005219,1540.986206,-4315.357910,-15.955538,1459.958862,-4322.701172,0.237957,1582.959473,-4343.449219,-37.401539,1494.012207,-4275.175293,-10.901828,1627.014404,-4320.105469,-15.726682,1460.408081,-4322.121582,-0.270155,1582.784058,-4343.731445,-37.491898,1493.804199,-4275.640137,-10.528852,1627.017700,-4319.858887,2616.302734,1567.745239,-3159.775635,,,,,,,,,,,,,,,,,,,,,,,,,,,,,,,,,
8485,84.850000,0.000000,0.000000,0.000000,1.000000,0.000000,0.000000,0.000000,57.698101,20.499701,-14.700500,0.047771,-0.013570,0.015998,-15.666301,-52.738201,18.801300,-93.396698,0.129960,17.611099,-0.218784,-0.486180,-0.686036,0.495093,-17.780787,1540.709717,-4315.375000,-18.182600,1459.696045,-4322.856445,-2.006939,1582.675415,-4343.743164,-38.459362,1493.739990,-4274.813477,-12.474300,1626.727661,-4320.085938,-18.131348,1459.796997,-4322.520020,-2.285416,1582.491089,-4343.821289,-38.403080,1493.773682,-4275.287598,-12.312570,1626.775513,-4319.918945,2616.307861,1567.724854,-3159.771729,,,,,,,,,,,,,,,,,,,,,,,,,,,,,,,,,
8486,84.860000,0.000000,0.000000,0.000000,1.000000,0.000000,0.000000,0.000000,57.698101,20.499701,-14.700500,0.047771,-0.013570,0.015998,-15.666301,-52.738201,18.801300,-93.396698,0.129960,17.611099,-0.221918,-0.481249,-0.688075,0.495685,-19.323616,1540.628418,-4315.130371,-20.313139,1459.664795,-4323.083984,-3.531506,1582.660156,-4343.390625,-39.944515,1493.551758,-4274.663574,-13.505367,1626.637207,-4319.382812,-20.561741,1459.392212,-4322.884277,-3.374112,1582.671509,-4343.332520,-39.694843,1493.652100,-4274.972656,-13.673678,1626.771240,-4319.346191,2616.316650,1567.761108,-3159.782227,,,,,,,,,,,,,,,,,,,,,,,,,,,,,,,,,
8487,84.870000,0.000000,0.000000,0.000000,1.000000,0.000000,0.000000,0.000000,57.698101,20.499701,-14.700500,0.047771,-0.013570,0.015998,-15.666301,-52.738201,18.801300,-93.396698,0.129960,17.611099,-0.217822,-0.483195,-0.689088,0.494200,-21.036339,1540.404419,-4314.912109,-21.807726,1459.453003,-4323.011719,-5.052287,1582.511963,-4342.951172,-41.955330,1493.222778,-4274.722168,-15.330076,1626.430420,-4318.963867,-21.952578,1459.261597,-4322.763672,-4.991807,1582.606445,-4343.003418,-41.819752,1493.227051,-4274.988770,-15.386768,1626.491699,-4318.887695,2616.274902,1567.757202,-3159.790527,,,,,,,,,,,,,,,,,,,,,,,,,,,,,,,,,
8488,84.880000,0.000000,0.000000,0.000000,1.000000,0.000000,0.000000,0.000000,57.698101,20.499701,-14.700500,0.047771,-0.013570,0.015998,-15.666301,-52.738201,18.801300,-93.396698,0.129960,17.611099,-0.213397,-0.486687,-0.689385,0.492286,-23.243132,1539.966797,-4315.105469,-23.689604,1459.005615,-4323.131836,-7.057333,1582.092773,-4343.000488,-44.489109,1492.764282,-4275.111816,-17.736546,1626.004761,-4319.177734,-23.672203,1459.080811,-4322.866211,-7.227139,1582.156128,-4343.046875,-44.477497,1492.636963,-4275.375000,-17.597471,1625.988525,-4319.137207,2616.290527,1567.760254,-3159.794678,,,,,,,,,,,,,,,,,,,,,,,,,,,,,,,,,
8489,84.890000,0.000000,0.000000,0.000000,1.000000,0.000000,0.000000,0.000000,57.698101,20.499701,-14.700500,0.047771,-0.013570,0.015998,-15.666301,-52.738201,18.801300,-93.396698,0.129960,17.611099,-0.214711,-0.485463,-0.688707,0.493870,-24.929722,1539.767578,-4314.964355,-25.330086,1458.809204,-4323.021973,-8.923609,1581.921875,-4342.919922,-45.931973,1492.526489,-4274.887695,-19.533287,1625.812988,-4319.027344,-25.087049,1459.063965,-4322.558105,-9.497264,1581.731567,-4343.182617,-46.028675,1492.473755,-4275.353027,-19.136457,1625.802612,-4318.749512,2616.275391,1567.763550,-3159.779785,,,,,,,,,,,,,,,,,,,,,,,,,,,,,,,,,
8490,84.900000,0.000000,0.000000,0.000000,1.000000,0.000000,0.000000,0.000000,57.698101,20.499701,-14.700500,0.047771,-0.013570,0.015998,-15.666301,-52.738201,18.801300,-93.396698,0.129960,17.611099,-0.219474,-0.480931,-0.688390,0.496644,-26.768972,1539.542725,-4314.971680,-27.479557,1458.605469,-4323.217285,-11.048635,1581.726196,-4343.045410,-47.329372,1492.255005,-4274.720703,-21.218376,1625.584473,-4318.901855,-27.308035,1458.701416,-4322.873535,-11.494180,1581.445435,-4343.310059,-47.371723,1492.386719,-4275.189941,-20.952982,1625.611694,-4318.568359,2616.261719,1567.767822,-3159.801514,,,,,,,,,,,,,,,,,,,,,,,,,,,,,,,,,
8491,84.910000,0.000000,0.000000,0.000000,1.000000,0.000000,0.000000,0.000000,57.698101,20.499701,-14.700500,0.047771,-0.013570,0.015998,-15.666301,-52.738201,18.801300,-93.396698,0.129960,17.611099,-0.217812,-0.481035,-0.690055,0.494962,-28.260918,1539.518311,-4314.794434,-29.120298,1458.602661,-4323.236328,-12.309694,1581.731445,-4342.692871,-49.121754,1492.183594,-4274.753906,-22.491993,1625.556030,-4318.494141,-29.353622,1458.494385,-4323.066406,-12.132210,1581.746338,-4342.610840,-48.843651,1492.333374,-4275.074219,-22.684023,1625.517212,-4318.468262,2616.297363,1567.774292,-3159.803223,,,,,,,,,,,,,,,,,,,,,,,,,,,,,,,,,
8492,84.920000,0.000000,0.000000,0.000000,1.000000,0.000000,0.000000,0.000000,57.698101,20.499701,-14.700500,0.047771,-0.013570,0.015998,-15.666301,-52.738201,18.801300,-93.396698,0.129960,17.611099,-0.215768,-0.481279,-0.691682,0.493346,-30.266523,1539.362549,-4314.947266,-31.223383,1458.470337,-4323.599609,-14.092587,1581.618042,-4342.652344,-51.423702,1491.963135,-4275.139160,-24.326488,1625.399048,-4318.396484,-31.499434,1458.298584,-4323.339844,-13.928902,1581.704346,-4342.580566,-51.162533,1491.948853,-4275.473633,-24.474602,1625.469360,-4318.403320,2616.293945,1567.761963,-3159.780518,,,,,,,,,,,,,,,,,,,,,,,,,,,,,,,,,
8493,84.930000,0.000000,0.000000,0.000000,1.000000,0.000000,0.000000,0.000000,57.698101,20.499701,-14.700500,0.047771,-0.013570,0.015998,-15.666301,-52.738201,18.801300,-93.396698,0.129960,17.611099,-0.213487,-0.484015,-0.690360,0.493514,-31.990078,1539.328369,-4315.005859,-32.505543,1458.409058,-4323.440918,-15.881803,1581.587280,-4342.743652,-53.118309,1491.933960,-4275.176758,-26.454725,1625.383301,-4318.661133,-32.437721,1458.584595,-4322.998535,-16.200621,1581.529785,-4342.841797,-53.101406,1491.796265,-4275.654785,-26.223663,1625.405884,-4318.537598,2616.280029,1567.723633,-3159.777344,,,,,,,,,,,,,,,,,,,,,,,,,,,,,,,,,
8494,84.940000,0.000000,0.000000,0.000000,1.000000,0.000000,0.000000,0.000000,57.698101,20.499701,-14.700500,0.047771,-0.013570,0.015998,-15.666301,-52.738201,18.801300,-93.396698,0.129960,17.611099,-0.211729,-0.486131,-0.688690,0.494524,-33.783573,1539.265259,-4315.222656,-33.818501,1458.324707,-4323.466797,-17.835539,1581.548950,-4343.015625,-54.756718,1491.846558,-4275.340820,-28.723595,1625.341187,-4319.067383,-33.761177,1458.662109,-4323.080078,-18.092621,1581.480469,-4343.078613,-54.734802,1491.729858,-4275.724121,-28.540674,1625.238525,-4318.979492,2616.332031,1567.736816,-3159.773438,,,,,,,,,,,,,,,,,,,,,,,,,,,,,,,,,
8495,84.950000,0.000000,0.000000,0.000000,1.000000,0.000000,0.000000,0.000000,57.698101,20.499701,-14.700500,0.047771,-0.013570,0.015998,-15.666301,-52.738201,18.801300,-93.396698,0.129960,17.611099,-0.216739,-0.481406,-0.689136,0.496352,-35.404221,1539.303101,-4315.370117,-35.937126,1458.386841,-4323.833984,-19.619890,1581.587524,-4343.255371,-56.078854,1491.873901,-4275.344727,-29.981081,1625.364136,-4319.045898,-35.840115,1458.449829,-4323.576660,-19.931715,1581.475952,-4343.321289,-56.092739,1491.870972,-4275.671387,-29.769880,1625.409424,-4318.923828,2616.302734,1567.724731,-3159.767334,,,,,,,,,,,,,,,,,,,,,,,,,,,,,,,,,
8496,84.960000,0.000000,0.000000,0.000000,1.000000,0.000000,0.000000,0.000000,57.698101,20.499701,-14.700500,0.047771,-0.013570,0.015998,-15.666301,-52.738201,18.801300,-93.396698,0.129960,17.611099,-0.221858,-0.476617,-0.689019,0.498866,-36.985817,1539.435303,-4315.497070,-37.917870,1458.542969,-4324.151855,-21.455791,1581.735840,-4343.500000,-57.250015,1491.976074,-4275.298340,-31.319653,1625.486450,-4319.037598,-38.029770,1458.401367,-4324.174805,-21.350916,1581.698242,-4343.362793,-57.089832,1492.230103,-4275.414551,-31.454325,1625.437866,-4319.048828,2616.270752,1567.754761,-3159.782471,,,,,,,,,,,,,,,,,,,,,,,,,,,,,,,,,
8497,84.970000,0.000000,0.000000,0.000000,1.000000,0.000000,0.000000,0.000000,57.698101,20.499701,-14.700500,0.047771,-0.013570,0.015998,-15.666301,-52.738201,18.801300,-93.396698,0.129960,17.611099,-0.218822,-0.477383,-0.690896,0.496875,-38.592857,1539.571411,-4315.665527,-39.569424,1458.705688,-4324.561035,-22.790182,1581.930664,-4343.426758,-59.230305,1492.025146,-4275.760742,-32.781582,1625.624390,-4318.914551,-39.933952,1458.477051,-4324.530762,-22.358313,1582.117188,-4343.152832,-58.926044,1492.135254,-4275.891113,-33.137928,1625.562622,-4319.062500,2616.262207,1567.726196,-3159.793701,,,,,,,,,,,,,,,,,,,,,,,,,,,,,,,,,
8498,84.980000,0.000000,0.000000,0.000000,1.000000,0.000000,0.000000,0.000000,57.698101,20.499701,-14.700500,0.047771,-0.013570,0.015998,-15.666301,-52.738201,18.801300,-93.396698,0.129960,17.611099,-0.216668,-0.479071,-0.690853,0.496254,-40.361221,1539.607056,-4316.003418,-41.131329,1458.735107,-4324.862305,-24.497423,1581.983521,-4343.703125,-61.112957,1492.039917,-4276.182129,-34.703259,1625.669678,-4319.265137,-41.312416,1458.610107,-4324.655273,-24.391729,1582.022705,-4343.692383,-60.928196,1492.064575,-4276.455566,-34.810364,1625.717896,-4319.224121,2616.302734,1567.765747,-3159.781982,,,,,,,,,,,,,,,,,,,,,,,,,,,,,,,,,
8499,84.990000,0.000000,0.000000,0.000000,1.000000,0.000000,0.000000,0.000000,57.698101,20.499701,-14.700500,0.047771,-0.013570,0.015998,-15.666301,-52.738201,18.801300,-93.396698,0.129960,17.611099,-0.213226,-0.481989,-0.691069,0.494617,-42.413475,1539.587158,-4316.593750,-42.932655,1458.703979,-4325.368164,-26.380590,1581.966064,-4344.191895,-63.436165,1492.020874,-4276.914062,-36.904541,1625.657837,-4319.899902,-42.954552,1458.755737,-4325.019043,-26.500031,1581.944092,-4344.316406,-63.369354,1491.959717,-4277.297363,-36.822269,1625.686523,-4319.755371,2616.297363,1567.761230,-3159.791016,,,,,,,,,,,,,,,,,,,,,,,,,,,,,,,,,
8500,85.000000,0.000000,0.000000,0.000000,1.000000,0.000000,0.000000,0.000000,57.698101,20.499701,-14.700500,0.047771,-0.013570,0.015998,-15.666301,-52.738201,18.801300,-93.396698,0.129960,17.611099,-0.211574,-0.483883,-0.690143,0.494769,-43.917301,1539.809570,-4316.874512,-44.119789,1458.909424,-4325.503906,-27.934034,1582.194946,-4344.492188,-64.915764,1492.241089,-4277.184570,-38.699680,1625.893066,-4320.317383,-43.790539,1459.316040,-4324.885742,-28.640875,1581.939331,-4344.836426,-65.045052,1492.136353,-4277.724609,-38.216347,1625.882446,-4319.986328,2616.284180,1567.793579,-3159.795410,,,,,,,,,,,,,,,,,,,,,,,,,,,,,,,,,
8501,85.010000,0.000000,0.000000,0.000000,1.000000,0.000000,0.000000,0.000000,57.698101,20.499701,-14.700500,0.047771,-0.013570,0.015998,-15.666301,-52.738201,18.801300,-93.396698,0.129960,17.611099,-0.213853,-0.482331,-0.688923,0.497000,-45.550110,1540.016235,-4317.208008,-45.700630,1459.112915,-4325.808105,-29.830967,1582.414673,-4344.957031,-66.188095,1492.432007,-4277.348145,-40.480816,1626.105957,-4320.718262,-45.498779,1459.455688,-4325.256348,-30.359657,1582.205200,-4345.144043,-66.221016,1492.410278,-4277.936035,-40.134605,1626.030151,-4320.469727,2616.288330,1567.773560,-3159.794922,,,,,,,,,,,,,,,,,,,,,,,,,,,,,,,,,
8502,85.020000,0.000000,0.000000,0.000000,1.000000,0.000000,0.000000,0.000000,57.698101,20.499701,-14.700500,0.047771,-0.013570,0.015998,-15.666301,-52.738201,18.801300,-93.396698,0.129960,17.611099,-0.215092,-0.480904,-0.689261,0.497379,-47.096272,1540.217896,-4317.589844,-47.406895,1459.325439,-4326.287598,-31.401251,1582.624634,-4345.339355,-67.677994,1492.618286,-4277.719727,-41.899006,1626.303467,-4321.012695,-47.332623,1459.548218,-4325.850098,-31.715139,1582.495850,-4345.447754,-67.635857,1492.620117,-4278.250488,-41.700024,1626.233398,-4320.833984,2616.297852,1567.735229,-3159.787598,,,,,,,,,,,,,,,,,,,,,,,,,,,,,,,,,
8503,85.030000,0.000000,0.000000,0.000000,1.000000,0.000000,0.000000,0.000000,57.698101,20.499701,-14.700500,0.047771,-0.013570,0.015998,-15.666301,-52.738201,18.801300,-93.396698,0.129960,17.611099,-0.215739,-0.479500,-0.689801,0.497707,-48.777458,1540.364868,-4318.069336,-49.214893,1459.490112,-4326.924316,-33.092583,1582.805176,-4345.773926,-69.327110,1492.714355,-4278.243164,-43.475311,1626.450073,-4321.336426,-49.385796,1459.544434,-4326.658691,-33.059830,1582.817017,-4345.696289,-69.092003,1492.758423,-4278.658691,-43.541615,1626.358643,-4321.326660,2616.282715,1567.752319,-3159.778320,,,,,,,,,,,,,,,,,,,,,,,,,,,,,,,,,
8504,85.040000,0.000000,0.000000,0.000000,1.000000,0.000000,0.000000,0.000000,57.698101,20.499701,-14.700500,0.047771,-0.013570,0.015998,-15.666301,-52.738201,18.801300,-93.396698,0.129960,17.611099,-0.217467,-0.477225,-0.690485,0.498193,-50.410641,1540.522583,-4318.563965,-51.105419,1459.669678,-4327.601074,-34.746777,1582.984619,-4346.246582,-70.894653,1492.835571,-4278.747559,-44.895771,1626.600708,-4321.660645,-51.422268,1459.595459,-4327.386230,-34.507244,1583.076050,-4346.074707,-70.556725,1492.887085,-4279.103516,-45.118855,1626.537842,-4321.722168,2616.308105,1567.730103,-3159.779053,,,,,,,,,,,,,,,,,,,,,,,,,,,,,,,,,
8505,85.050000,0.000000,0.000000,0.000000,1.000000,0.000000,0.000000,0.000000,57.698101,20.499701,-14.700500,0.047771,-0.013570,0.015998,-15.666301,-52.738201,18.801300,-93.396698,0.129960,17.611099,-0.217963,-0.476410,-0.690735,0.498408,-52.234699,1540.565674,-4319.229004,-53.007019,1459.722168,-4328.342773,-36.581772,1583.042236,-4346.895508,-72.692520,1492.856323,-4279.426270,-46.657532,1626.642456,-4322.251465,-53.219139,1459.650757,-4328.073730,-36.496910,1583.123535,-4346.818359,-72.461494,1492.840088,-4279.791992,-46.743752,1626.635132,-4322.262207,2616.304199,1567.747192,-3159.780762,,,,,,,,,,,,,,,,,,,,,,,,,,,,,,,,,
8506,85.060000,0.000000,0.000000,0.000000,1.000000,0.000000,0.000000,0.000000,57.698101,20.499701,-14.700500,0.047771,-0.013570,0.015998,-15.666301,-52.738201,18.801300,-93.396698,0.129960,17.611099,-0.217324,-0.478164,-0.688748,0.499756,-54.006557,1540.564575,-4319.879395,-54.352654,1459.690186,-4328.743652,-38.561951,1583.036377,-4347.669922,-74.234627,1492.872192,-4279.938965,-48.877056,1626.659546,-4323.165527,-54.456589,1459.780273,-4328.443359,-38.594692,1583.083130,-4347.660156,-74.082458,1492.871948,-4280.328613,-48.874775,1626.532104,-4323.121094,2616.295654,1567.754150,-3159.779053,,,,,,,,,,,,,,,,,,,,,,,,,,,,,,,,,
8507,85.070000,0.000000,0.000000,0.000000,1.000000,0.000000,0.000000,0.000000,57.698101,20.499701,-14.700500,0.047771,-0.013570,0.015998,-15.666301,-52.738201,18.801300,-93.396698,0.129960,17.611099,-0.217119,-0.478219,-0.689173,0.499206,-55.645214,1540.655884,-4320.469727,-56.059849,1459.784546,-4329.357910,-40.130608,1583.121094,-4348.231445,-75.961021,1492.971313,-4280.564941,-50.429424,1626.746826,-4323.724609,-55.863037,1459.902466,-4328.894531,-40.627171,1583.027954,-4348.517090,-76.051399,1492.894043,-4281.029297,-50.065247,1626.796265,-4323.446289,2616.260254,1567.745728,-3159.793457,,,,,,,,,,,,,,,,,,,,,,,,,,,,,,,,,
8508,85.080000,0.000000,0.000000,0.000000,1.000000,0.000000,0.000000,0.000000,57.698101,20.499701,-14.700500,0.047771,-0.013570,0.015998,-15.666301,-52.738201,18.801300,-93.396698,0.129960,17.611099,-0.217785,-0.477922,-0.689240,0.499107,-57.171684,1540.686401,-4321.032715,-57.674423,1459.813477,-4329.901855,-41.646210,1583.130005,-4348.821289,-77.490173,1493.030884,-4281.094238,-51.875977,1626.771484,-4324.312988,-57.044098,1460.225098,-4329.167480,-42.732361,1582.926514,-4349.377930,-77.779350,1493.016479,-4281.656738,-51.101570,1626.618408,-4323.801758,2616.287354,1567.717407,-3159.785889,,,,,,,,,,,,,,,,,,,,,,,,,,,,,,,,,
8509,85.090000,0.000000,0.000000,0.000000,1.000000,0.000000,0.000000,0.000000,57.698101,20.499701,-14.700500,0.047771,-0.013570,0.015998,-15.666301,-52.738201,18.801300,-93.396698,0.129960,17.611099,-0.218221,-0.478078,-0.687698,0.500891,-58.930462,1540.807251,-4321.674316,-59.162926,1459.921143,-4330.433594,-43.638477,1583.269653,-4349.563477,-78.962135,1493.131958,-4281.614746,-53.958366,1626.906494,-4325.085449,-58.870678,1460.180664,-4329.908203,-44.285198,1583.046265,-4349.965332,-79.100410,1493.070801,-4282.104492,-53.512478,1626.924072,-4324.713867,2616.344238,1567.757202,-3159.760010,,,,,,,,,,,,,,,,,,,,,,,,,,,,,,,,,
8510,85.100000,0.000000,0.000000,0.000000,1.000000,0.000000,0.000000,0.000000,57.698101,20.499701,-14.700500,0.047771,-0.013570,0.015998,-15.666301,-52.738201,18.801300,-93.396698,0.129960,17.611099,-0.220042,-0.475796,-0.688354,0.501367,-60.394447,1540.875488,-4322.217773,-60.892429,1460.009277,-4331.148926,-45.124378,1583.355957,-4350.091309,-80.358101,1493.168823,-4282.161621,-55.202938,1626.967896,-4325.469727,-60.887859,1460.019165,-4330.888672,-45.277401,1583.293701,-4350.127930,-80.297997,1493.186279,-4282.512695,-55.108814,1627.004761,-4325.371094,2616.312500,1567.767334,-3159.781006,,,,,,,,,,,,,,,,,,,,,,,,,,,,,,,,,
8511,85.110000,0.000000,0.000000,0.000000,1.000000,0.000000,0.000000,0.000000,57.698101,20.499701,-14.700500,0.047771,-0.013570,0.015998,-15.666301,-52.738201,18.801300,-93.396698,0.129960,17.611099,-0.220965,-0.475328,-0.688241,0.501559,-62.099346,1540.830933,-4322.859375,-62.672050,1459.962524,-4331.764648,-46.854271,1583.292114,-4350.776367,-82.017662,1493.150757,-4282.749023,-56.853462,1626.918823,-4326.146973,-62.746532,1459.988892,-4331.547363,-46.896618,1583.249634,-4350.738770,-81.884552,1493.196411,-4283.084961,-56.852028,1626.902588,-4326.106934,2616.280273,1567.791748,-3159.800049,,,,,,,,,,,,,,,,,,,,,,,,,,,,,,,,,
8512,85.120000,0.000000,0.000000,0.000000,1.000000,0.000000,0.000000,0.000000,57.698101,20.499701,-14.700500,0.047771,-0.013570,0.015998,-15.666301,-52.738201,18.801300,-93.396698,0.129960,17.611099,-0.222912,-0.474401,-0.687657,0.502376,-63.732735,1540.815674,-4323.437500,-64.390961,1459.939819,-4332.269531,-48.594318,1583.244263,-4351.461914,-83.490547,1493.181396,-4283.193359,-58.455177,1626.897827,-4326.825195,-64.636398,1459.927612,-4332.184570,-48.370064,1583.278320,-4351.220703,-83.211555,1493.303833,-4283.427246,-58.682934,1626.763428,-4326.931152,2616.281250,1567.758911,-3159.802490,,,,,,,,,,,,,,,,,,,,,,,,,,,,,,,,,
8513,85.130000,0.000000,0.000000,0.000000,1.000000,0.000000,0.000000,0.000000,57.698101,20.499701,-14.700500,0.047771,-0.013570,0.015998,-15.666301,-52.738201,18.801300,-93.396698,0.129960,17.611099,-0.224158,-0.472600,-0.688589,0.502243,-65.482201,1540.771362,-4324.023926,-66.418144,1459.916260,-4333.019043,-50.295448,1583.210083,-4352.006348,-85.268112,1493.115845,-4283.818848,-59.947159,1626.843384,-4327.250977,-66.606972,1459.788696,-4332.964355,-50.152756,1583.175781,-4351.776367,-85.043457,1493.247437,-4284.026367,-60.099998,1626.880493,-4327.333984,2616.335693,1567.745850,-3159.778564,,,,,,,,,,,,,,,,,,,,,,,,,,,,,,,,,
8514,85.140000,0.000000,0.000000,0.000000,1.000000,0.000000,0.000000,0.000000,57.698101,20.499701,-14.700500,0.047771,-0.013570,0.015998,-15.666301,-52.738201,18.801300,-93.396698,0.129960,17.611099,-0.222737,-0.475069,-0.687437,0.502123,-67.213028,1540.717529,-4324.613770,-67.834877,1459.832031,-4333.360352,-52.059235,1583.121216,-4352.666992,-86.997391,1493.119263,-4284.339844,-61.960686,1626.797729,-4328.086914,-67.960762,1459.879639,-4333.252441,-51.993004,1583.065186,-4352.542480,-86.838936,1493.154419,-4284.548828,-62.044437,1626.775635,-4328.123535,2616.291992,1567.745728,-3159.781494,,,,,,,,,,,,,,,,,,,,,,,,,,,,,,,,,
8515,85.150000,0.000000,0.000000,0.000000,1.000000,0.000000,0.000000,0.000000,57.698101,20.499701,-14.700500,0.047771,-0.013570,0.015998,-15.666301,-52.738201,18.801300,-93.396698,0.129960,17.611099,-0.220979,-0.477541,-0.686280,0.502138,-68.891922,1540.655640,-4325.225586,-69.156136,1459.744873,-4333.753418,-53.783104,1583.042603,-4353.328125,-88.664162,1493.089111,-4284.908203,-63.964336,1626.746216,-4328.911133,-69.075211,1459.842773,-4333.531250,-54.013226,1582.892334,-4353.420898,-88.669189,1493.128784,-4285.199707,-63.820251,1626.756958,-4328.765137,2616.267090,1567.758301,-3159.790283,,,,,,,,,,,,,,,,,,,,,,,,,,,,,,,,,
8516,85.160000,0.000000,0.000000,0.000000,1.000000,0.000000,0.000000,0.000000,57.698101,20.499701,-14.700500,0.047771,-0.013570,0.015998,-15.666301,-52.738201,18.801300,-93.396698,0.129960,17.611099,-0.219954,-0.478144,-0.686527,0.501676,-70.482025,1540.675293,-4325.705566,-70.694923,1459.766479,-4334.253418,-55.316658,1583.074341,-4353.759766,-90.340225,1493.092041,-4285.450684,-65.576363,1626.768433,-4329.358398,-70.415024,1459.944580,-4333.878906,-55.921684,1582.779419,-4354.146973,-90.495811,1493.037109,-4285.808594,-65.160179,1626.905151,-4329.010742,2616.293213,1567.765869,-3159.797607,,,,,,,,,,,,,,,,,,,,,,,,,,,,,,,,,
8517,85.170000,0.000000,0.000000,0.000000,1.000000,0.000000,0.000000,0.000000,57.698101,20.499701,-14.700500,0.047771,-0.013570,0.015998,-15.666301,-52.738201,18.801300,-93.396698,0.129960,17.611099,-0.219132,-0.479354,-0.686468,0.500961,-71.979843,1540.695190,-4326.194824,-72.135193,1459.776001,-4334.645508,-56.747070,1583.066406,-4354.254883,-91.939987,1493.152710,-4285.941895,-67.097183,1626.785889,-4329.937012,-71.925964,1459.896729,-4334.271973,-57.236286,1582.890137,-4354.527832,-92.043327,1493.105713,-4286.326172,-66.749413,1626.875732,-4329.665039,2616.294922,1567.757812,-3159.785645,,,,,,,,,,,,,,,,,,,,,,,,,,,,,,,,,
8518,85.180000,0.000000,0.000000,0.000000,1.000000,0.000000,0.000000,0.000000,57.698101,20.499701,-14.700500,0.047771,-0.013570,0.015998,-15.666301,-52.738201,18.801300,-93.396698,0.129960,17.611099,-0.221345,-0.477215,-0.686893,0.501448,-73.301460,1540.764648,-4326.532227,-73.731155,1459.857788,-4335.089844,-58.102711,1583.130737,-4354.618652,-93.175484,1493.224243,-4286.234375,-68.196548,1626.846191,-4330.186523,-73.896370,1459.638184,-4334.947754,-57.998734,1583.223267,-4354.562500,-93.009026,1493.317871,-4286.450684,-68.299553,1626.862793,-4330.175781,2616.275146,1567.745361,-3159.778320,,,,,,,,,,,,,,,,,,,,,,,,,,,,,,,,,
8519,85.190000,0.000000,0.000000,0.000000,1.000000,0.000000,0.000000,0.000000,57.698101,20.499701,-14.700500,0.047771,-0.013570,0.015998,-15.666301,-52.738201,18.801300,-93.396698,0.129960,17.611099,-0.223941,-0.475773,-0.686299,0.502477,-74.782272,1540.757324,-4326.916016,-75.354927,1459.844727,-4335.411133,-59.712784,1583.085938,-4355.128418,-94.456238,1493.268433,-4286.459961,-69.605194,1626.830444,-4330.666016,-75.570610,1459.635376,-4335.286133,-59.522251,1583.239746,-4355.046387,-94.250412,1493.396484,-4286.663574,-69.778450,1626.756714,-4330.671875,2616.296875,1567.733154,-3159.780518,,,,,,,,,,,,,,,,,,,,,,,,,,,,,,,,,
8520,85.200000,0.000000,0.000000,0.000000,1.000000,0.000000,0.000000,0.000000,57.698101,20.499701,-14.700500,0.047771,-0.013570,0.015998,-15.666301,-52.738201,18.801300,-93.396698,0.129960,17.611099,-0.225865,-0.474300,-0.685980,0.503444,-76.522652,1540.627563,-4327.446777,-77.207405,1459.717407,-4335.956055,-61.563976,1582.949585,-4355.727539,-96.026611,1493.146362,-4286.898926,-71.292671,1626.697144,-4331.205078,-77.375565,1459.513062,-4335.814941,-61.449059,1583.106934,-4355.654297,-95.833351,1493.342163,-4287.153320,-71.419044,1626.560059,-4331.187012,2616.281982,1567.743652,-3159.774902,,,,,,,,,,,,,,,,,,,,,,,,,,,,,,,,,
8521,85.210000,0.000000,0.000000,0.000000,1.000000,0.000000,0.000000,0.000000,57.698101,20.499701,-14.700500,0.047771,-0.013570,0.015998,-15.666301,-52.738201,18.801300,-93.396698,0.129960,17.611099,-0.227292,-0.472666,-0.686745,0.503295,-78.295044,1540.490356,-4327.961914,-79.254715,1459.595215,-4336.586914,-63.294655,1582.807861,-4356.227539,-97.818329,1493.009766,-4287.423340,-72.812561,1626.548950,-4331.610840,-79.289917,1459.417236,-4336.308105,-63.379520,1582.934082,-4356.296875,-97.749702,1493.071777,-4287.747559,-72.758835,1626.526367,-4331.504883,2616.276123,1567.758789,-3159.789307,,,,,,,,,,,,,,,,,,,,,,,,,,,,,,,,,
8522,85.220000,0.000000,0.000000,0.000000,1.000000,0.000000,0.000000,0.000000,57.698101,20.499701,-14.700500,0.047771,-0.013570,0.015998,-15.666301,-52.738201,18.801300,-93.396698,0.129960,17.611099,-0.223534,-0.476538,-0.685990,0.502356,-79.721138,1540.442993,-4328.322754,-80.212029,1459.521484,-4336.738281,-64.651817,1582.756714,-4356.557129,-99.406403,1492.977051,-4287.845215,-74.614349,1626.516846,-4332.150879,-79.950676,1459.796387,-4336.115723,-65.233604,1582.663330,-4356.933105,-99.527824,1492.854858,-4288.404297,-74.184967,1626.478271,-4331.808105,2616.302002,1567.725708,-3159.775146,,,,,,,,,,,,,,,,,,,,,,,,,,,,,,,,,
8523,85.230000,0.000000,0.000000,0.000000,1.000000,0.000000,0.000000,0.000000,57.698101,20.499701,-14.700500,0.047771,-0.013570,0.015998,-15.666301,-52.738201,18.801300,-93.396698,0.129960,17.611099,-0.220406,-0.479289,-0.686134,0.500924,-81.054016,1540.373169,-4328.702148,-81.303703,1459.441406,-4337.028320,-65.834457,1582.686890,-4356.855469,-100.982445,1492.911499,-4288.338867,-76.095520,1626.453247,-4332.584961,-80.994484,1459.992432,-4336.188477,-66.450409,1582.481445,-4357.270996,-101.095192,1492.696533,-4288.958496,-75.657043,1626.443115,-4332.228027,2616.304199,1567.778198,-3159.777832,,,,,,,,,,,,,,,,,,,,,,,,,,,,,,,,,
8524,85.240000,0.000000,0.000000,0.000000,1.000000,0.000000,0.000000,0.000000,57.698101,20.499701,-14.700500,0.047771,-0.013570,0.015998,-15.666301,-52.738201,18.801300,-93.396698,0.129960,17.611099,-0.222368,-0.477700,-0.686615,0.500915,-82.511597,1540.332642,-4329.171387,-83.044151,1459.407837,-4337.550781,-67.276405,1582.618530,-4357.358398,-102.421852,1492.905029,-4288.758789,-77.304062,1626.399780,-4333.017090,-82.783981,1459.771240,-4336.878906,-67.878029,1582.417358,-4357.771484,-102.540619,1492.697510,-4289.337402,-76.870659,1626.467651,-4332.663574,2616.265869,1567.746826,-3159.784912,,,,,,,,,,,,,,,,,,,,,,,,,,,,,,,,,
8525,85.250000,0.000000,0.000000,0.000000,1.000000,0.000000,0.000000,0.000000,57.698101,20.499701,-14.700500,0.047771,-0.013570,0.015998,-15.666301,-52.738201,18.801300,-93.396698,0.129960,17.611099,-0.225414,-0.475580,-0.687039,0.500988,-83.938911,1540.332153,-4329.577637,-84.861397,1459.412842,-4337.976562,-68.701889,1582.562744,-4357.846191,-103.796692,1492.975586,-4289.055664,-78.395737,1626.377930,-4333.431152,-84.825035,1459.532837,-4337.498535,-68.946053,1582.506836,-4358.007324,-103.759865,1492.869873,-4289.577148,-78.220200,1626.418213,-4333.245605,2616.306885,1567.783936,-3159.787109,,,,,,,,,,,,,,,,,,,,,,,,,,,,,,,,,
8526,85.260000,0.000000,0.000000,0.000000,1.000000,0.000000,0.000000,0.000000,57.698101,20.499701,-14.700500,0.047771,-0.013570,0.015998,-15.666301,-52.738201,18.801300,-93.396698,0.129960,17.611099,-0.227344,-0.474278,-0.687521,0.500689,-85.298836,1540.382080,-4329.983398,-86.518753,1459.467651,-4338.393066,-70.019539,1582.567017,-4358.297363,-105.173515,1493.084106,-4289.401367,-79.483612,1626.409668,-4333.840820,-86.753586,1459.370605,-4338.146973,-69.884209,1582.679565,-4358.200684,-104.914474,1493.139526,-4289.769043,-79.617981,1626.340698,-4333.852051,2616.309814,1567.748413,-3159.775146,,,,,,,,,,,,,,,,,,,,,,,,,,,,,,,,,
8527,85.270000,0.000000,0.000000,0.000000,1.000000,0.000000,0.000000,0.000000,57.698101,20.499701,-14.700500,0.047771,-0.013570,0.015998,-15.666301,-52.738201,18.801300,-93.396698,0.129960,17.611099,-0.229481,-0.473998,-0.686881,0.500858,-86.729736,1540.411621,-4330.395996,-88.083794,1459.479980,-4338.616211,-71.500694,1582.512085,-4358.862305,-106.515587,1493.232056,-4289.633789,-80.818924,1626.422607,-4334.472168,-88.357063,1459.334717,-4338.451660,-71.282845,1582.636108,-4358.673828,-106.195168,1493.423462,-4289.979492,-81.039764,1626.279663,-4334.517578,2616.297363,1567.725098,-3159.769043,,,,,,,,,,,,,,,,,,,,,,,,,,,,,,,,,
8528,85.280000,0.000000,0.000000,0.000000,1.000000,0.000000,0.000000,0.000000,57.698101,20.499701,-14.700500,0.047771,-0.013570,0.015998,-15.666301,-52.738201,18.801300,-93.396698,0.129960,17.611099,-0.229754,-0.475025,-0.686255,0.500618,-88.130463,1540.463623,-4330.856445,-89.438454,1459.511719,-4338.883789,-72.905922,1582.503784,-4359.414062,-107.916534,1493.371216,-4289.993164,-82.260986,1626.467529,-4335.133789,-89.534233,1459.378418,-4338.680664,-72.923019,1582.522949,-4359.361816,-107.741768,1493.572266,-4290.378906,-82.291794,1626.412354,-4335.074707,2616.307373,1567.748779,-3159.770508,,,,,,,,,,,,,,,,,,,,,,,,,,,,,,,,,
8529,85.290000,0.000000,0.000000,0.000000,1.000000,0.000000,0.000000,0.000000,57.698101,20.499701,-14.700500,0.047771,-0.013570,0.015998,-15.666301,-52.738201,18.801300,-93.396698,0.129960,17.611099,-0.228703,-0.477034,-0.685994,0.499545,-89.703705,1540.524292,-4331.450195,-90.919670,1459.552124,-4339.285156,-74.384590,1582.505493,-4360.043945,-109.634323,1493.517822,-4290.557617,-83.876282,1626.521729,-4335.912598,-90.950722,1459.441528,-4339.067871,-74.492561,1582.500732,-4360.006348,-109.534477,1493.617310,-4290.910645,-83.823700,1626.543213,-4335.859375,2616.304443,1567.744995,-3159.791016,,,,,,,,,,,,,,,,,,,,,,,,,,,,,,,,,
8530,85.300000,0.000000,0.000000,0.000000,1.000000,0.000000,0.000000,0.000000,57.698101,20.499701,-14.700500,0.047771,-0.013570,0.015998,-15.666301,-52.738201,18.801300,-93.396698,0.129960,17.611099,-0.225171,-0.481174,-0.685976,0.497199,-91.294884,1540.683838,-4332.001465,-92.257332,1459.684570,-4339.586914,-75.741905,1582.604248,-4360.558594,-111.586731,1493.768433,-4291.183105,-85.593628,1626.678467,-4336.678711,-92.070267,1459.802002,-4339.141113,-76.218468,1582.493652,-4360.800781,-111.670906,1493.673096,-4291.643066,-85.243118,1626.762085,-4336.431641,2616.302490,1567.751587,-3159.790039,,,,,,,,,,,,,,,,,,,,,,,,,,,,,,,,,
8531,85.310000,0.000000,0.000000,0.000000,1.000000,0.000000,0.000000,0.000000,57.698101,20.499701,-14.700500,0.047771,-0.013570,0.015998,-15.666301,-52.738201,18.801300,-93.396698,0.129960,17.611099,-0.227188,-0.480527,-0.685743,0.497228,-92.818031,1540.895142,-4332.397461,-93.966049,1459.887817,-4339.871094,-77.284241,1582.746948,-4361.064941,-113.056984,1494.073730,-4291.444824,-86.964897,1626.872070,-4337.208984,-93.671196,1460.114868,-4339.353027,-77.974518,1582.568604,-4361.413574,-113.221748,1493.899292,-4291.930176,-86.458405,1626.989990,-4336.903320,2616.298828,1567.736450,-3159.786621,,,,,,,,,,,,,,,,,,,,,,,,,,,,,,,,,
8532,85.320000,0.000000,0.000000,0.000000,1.000000,0.000000,0.000000,0.000000,57.698101,20.499701,-14.700500,0.047771,-0.013570,0.015998,-15.666301,-52.738201,18.801300,-93.396698,0.129960,17.611099,-0.231098,-0.478785,-0.684789,0.498420,-94.256561,1541.223389,-4332.709473,-95.627945,1460.204834,-4340.019531,-78.890236,1582.990967,-4361.589355,-114.230988,1494.518677,-4291.494141,-88.277130,1627.179443,-4337.733398,-95.356743,1460.462402,-4339.613281,-79.467613,1582.742065,-4361.915527,-114.367996,1494.443237,-4291.877441,-87.880730,1627.231323,-4337.431152,2616.280518,1567.731079,-3159.781738,,,,,,,,,,,,,,,,,,,,,,,,,,,,,,,,,
8533,85.330000,0.000000,0.000000,0.000000,1.000000,0.000000,0.000000,0.000000,57.698101,20.499701,-14.700500,0.047771,-0.013570,0.015998,-15.666301,-52.738201,18.801300,-93.396698,0.129960,17.611099,-0.230251,-0.480690,-0.684918,0.496799,-95.806000,1541.575439,-4333.049805,-97.196785,1460.540405,-4340.173340,-80.277344,1583.263794,-4361.957520,-116.003586,1494.982422,-4291.817383,-89.746353,1627.515259,-4338.250977,-97.145775,1460.705322,-4339.873047,-80.459892,1583.177124,-4362.090820,-115.986961,1494.975952,-4292.158691,-89.628334,1627.457520,-4338.082520,2616.297119,1567.714966,-3159.777588,,,,,,,,,,,,,,,,,,,,,,,,,,,,,,,,,
8534,85.340000,0.000000,0.000000,0.000000,1.000000,0.000000,0.000000,0.000000,57.698101,20.499701,-14.700500,0.047771,-0.013570,0.015998,-15.666301,-52.738201,18.801300,-93.396698,0.129960,17.611099,-0.234987,-0.477300,-0.684788,0.498027,-97.498146,1541.909546,-4333.486816,-99.316818,1460.884155,-4340.623535,-82.111809,1583.542480,-4362.550293,-117.437469,1495.387207,-4292.049316,-91.126564,1627.824829,-4338.724609,-99.460541,1460.728760,-4340.638184,-81.958694,1583.518066,-4362.420410,-117.242981,1495.685059,-4292.189941,-91.310036,1627.740356,-4338.715820,2616.312256,1567.739624,-3159.771240,,,,,,,,,,,,,,,,,,,,,,,,,,,,,,,,,
8535,85.350000,0.000000,0.000000,0.000000,1.000000,0.000000,0.000000,0.000000,57.698101,20.499701,-14.700500,0.047771,-0.013570,0.015998,-15.666301,-52.738201,18.801300,-93.396698,0.129960,17.611099,-0.232321,-0.481369,-0.683989,0.496457,-98.904472,1542.392456,-4333.684082,-100.410240,1461.331299,-4340.477051,-83.390411,1583.944702,-4362.794922,-119.065552,1495.991089,-4292.218262,-92.751755,1628.303345,-4339.246094,-100.662704,1461.224121,-4340.412598,-83.117371,1584.003784,-4362.610352,-118.793724,1496.164795,-4292.420898,-93.017227,1628.190430,-4339.298828,2616.292480,1567.695068,-3159.766846,,,,,,,,,,,,,,,,,,,,,,,,,,,,,,,,,
8536,85.360000,0.000000,0.000000,0.000000,1.000000,0.000000,0.000000,0.000000,57.698101,20.499701,-14.700500,0.047771,-0.013570,0.015998,-15.666301,-52.738201,18.801300,-93.396698,0.129960,17.611099,-0.231586,-0.483264,-0.682826,0.496561,-100.686729,1542.835449,-4334.008789,-101.943550,1461.750610,-4340.566406,-85.226974,1584.346924,-4363.206543,-120.807320,1496.497803,-4292.451660,-94.769135,1628.746948,-4339.809570,-102.083260,1461.615967,-4340.460449,-85.098518,1584.299194,-4363.211426,-120.639801,1496.661499,-4292.663086,-94.918556,1628.778198,-4339.716309,2616.302246,1567.712036,-3159.765625,,,,,,,,,,,,,,,,,,,,,,,,,,,,,,,,,
8537,85.370000,0.000000,0.000000,0.000000,1.000000,0.000000,0.000000,0.000000,57.698101,20.499701,-14.700500,0.047771,-0.013570,0.015998,-15.666301,-52.738201,18.801300,-93.396698,0.129960,17.611099,-0.225714,-0.488677,-0.682150,0.494893,-102.816124,1543.234497,-4334.535645,-103.444931,1462.124268,-4340.865723,-87.201172,1584.760986,-4363.628906,-123.241379,1496.887207,-4293.138672,-97.377075,1629.165649,-4340.509277,-103.424828,1462.319946,-4340.459961,-87.391495,1584.714355,-4363.753418,-123.208351,1496.734375,-4293.550293,-97.235649,1629.177368,-4340.379883,2616.272461,1567.763306,-3159.786865,,,,,,,,,,,,,,,,,,,,,,,,,,,,,,,,,
8538,85.380000,0.000000,0.000000,0.000000,1.000000,0.000000,0.000000,0.000000,57.698101,20.499701,-14.700500,0.047771,-0.013570,0.015998,-15.666301,-52.738201,18.801300,-93.396698,0.129960,17.611099,-0.225467,-0.489238,-0.681884,0.494818,-104.851906,1543.663086,-4334.938965,-105.422256,1462.547241,-4341.203125,-89.239578,1585.176147,-4364.053223,-125.281784,1497.336182,-4293.521484,-99.464104,1629.592896,-4340.978027,-105.131134,1462.905884,-4340.578613,-89.880508,1585.108643,-4364.393066,-125.427292,1497.118408,-4294.039062,-98.977158,1629.558960,-4340.691895,2616.279785,1567.758423,-3159.792480,,,,,,,,,,,,,,,,,,,,,,,,,,,,,,,,,
8539,85.390000,0.000000,0.000000,0.000000,1.000000,0.000000,0.000000,0.000000,57.698101,20.499701,-14.700500,0.047771,-0.013570,0.015998,-15.666301,-52.738201,18.801300,-93.396698,0.129960,17.611099,-0.224571,-0.490445,-0.681371,0.494737,-106.961533,1544.077515,-4335.341797,-107.370232,1462.952759,-4341.501953,-91.358719,1585.581177,-4364.474121,-127.400978,1497.767212,-4293.910645,-101.716240,1630.009155,-4341.480957,-107.061783,1463.370117,-4340.833008,-92.029930,1585.486450,-4364.790039,-127.529068,1497.607910,-4294.488281,-101.223083,1629.903320,-4341.177734,2616.291992,1567.801147,-3159.792725,,,,,,,,,,,,,,,,,,,,,,,,,,,,,,,,,
8540,85.400000,0.000000,0.000000,0.000000,1.000000,0.000000,0.000000,0.000000,57.698101,20.499701,-14.700500,0.047771,-0.013570,0.015998,-15.666301,-52.738201,18.801300,-93.396698,0.129960,17.611099,-0.225533,-0.488649,-0.682241,0.494878,-109.001907,1544.588745,-4335.617676,-109.624565,1463.480347,-4341.971680,-93.381195,1586.124878,-4364.694336,-129.436050,1498.228027,-4294.240234,-103.565887,1630.522095,-4341.563965,-109.601974,1463.478638,-4341.634277,-93.572289,1586.026001,-4364.820312,-129.373184,1498.283447,-4294.694336,-103.451050,1630.573975,-4341.363770,2616.234863,1567.745605,-3159.797119,,,,,,,,,,,,,,,,,,,,,,,,,,,,,,,,,
8541,85.410000,0.000000,0.000000,0.000000,1.000000,0.000000,0.000000,0.000000,57.698101,20.499701,-14.700500,0.047771,-0.013570,0.015998,-15.666301,-52.738201,18.801300,-93.396698,0.129960,17.611099,-0.227311,-0.486190,-0.682198,0.496543,-110.610825,1545.262451,-4335.662598,-111.318573,1464.169312,-4342.199219,-95.157196,1586.857300,-4364.744141,-130.800369,1498.817261,-4294.259766,-105.167236,1631.206421,-4341.446289,-111.579445,1463.903442,-4342.058105,-94.993301,1586.911133,-4364.529785,-130.508057,1498.977173,-4294.573730,-105.339134,1631.251099,-4341.509766,2616.262695,1567.747192,-3159.786865,,,,,,,,,,,,,,,,,,,,,,,,,,,,,,,,,
8542,85.420000,0.000000,0.000000,0.000000,1.000000,0.000000,0.000000,0.000000,57.698101,20.499701,-14.700500,0.047771,-0.013570,0.015998,-15.666301,-52.738201,18.801300,-93.396698,0.129960,17.611099,-0.228794,-0.484188,-0.681431,0.498866,-112.592033,1545.797241,-4335.937500,-113.215469,1464.713379,-4342.597168,-97.396751,1587.461914,-4365.055664,-132.433899,1499.255371,-4294.475098,-107.322067,1631.758545,-4341.622070,-113.504723,1464.413940,-4342.524902,-97.126457,1587.560913,-4364.855469,-132.152924,1499.442627,-4294.685547,-107.573036,1631.763550,-4341.685059,2616.326660,1567.725342,-3159.765381,,,,,,,,,,,,,,,,,,,,,,,,,,,,,,,,,
8543,85.430000,0.000000,0.000000,0.000000,1.000000,0.000000,0.000000,0.000000,57.698101,20.499701,-14.700500,0.047771,-0.013570,0.015998,-15.666301,-52.738201,18.801300,-93.396698,0.129960,17.611099,-0.230248,-0.482605,-0.680948,0.500389,-114.842728,1546.270996,-4336.271973,-115.466911,1465.192993,-4343.004395,-99.818306,1587.969360,-4365.430176,-134.446716,1499.681885,-4294.749023,-109.639030,1632.239868,-4341.903320,-115.534081,1465.141968,-4342.835449,-99.824158,1587.932007,-4365.437012,-134.326385,1499.801025,-4295.034668,-109.670380,1632.227539,-4341.815430,2616.348877,1567.714478,-3159.751709,,,,,,,,,,,,,,,,,,,,,,,,,,,,,,,,,
8544,85.440000,0.000000,0.000000,0.000000,1.000000,0.000000,0.000000,0.000000,57.698101,20.499701,-14.700500,0.047771,-0.013570,0.015998,-15.666301,-52.738201,18.801300,-93.396698,0.129960,17.611099,-0.225318,-0.487285,-0.679808,0.499645,-116.948433,1546.763428,-4336.735840,-116.924927,1465.664307,-4343.237793,-101.880066,1588.483765,-4365.839844,-136.705032,1500.155273,-4295.307129,-112.283798,1632.750488,-4342.558105,-116.680336,1466.002197,-4342.902344,-102.357185,1588.336548,-4365.980469,-136.808899,1500.111328,-4295.632324,-111.943405,1632.638550,-4342.388184,2616.312744,1567.739502,-3159.768066,,,,,,,,,,,,,,,,,,,,,,,,,,,,,,,,,
8545,85.450000,0.000000,0.000000,0.000000,1.000000,0.000000,0.000000,0.000000,57.698101,20.499701,-14.700500,0.047771,-0.013570,0.015998,-15.666301,-52.738201,18.801300,-93.396698,0.129960,17.611099,-0.223230,-0.488772,-0.678756,0.500560,-118.960236,1547.236084,-4337.136719,-118.511925,1466.134521,-4343.593750,-104.014595,1589.015503,-4366.219727,-138.606079,1500.552124,-4295.740723,-114.708435,1633.242310,-4342.992676,-118.273201,1466.541870,-4343.157715,-104.487900,1588.727295,-4366.505371,-138.697037,1500.497314,-4296.139160,-114.391991,1633.211426,-4342.701172,2616.286865,1567.771973,-3159.792236,,,,,,,,,,,,,,,,,,,,,,,,,,,,,,,,,
8546,85.460000,0.000000,0.000000,0.000000,1.000000,0.000000,0.000000,0.000000,57.698101,20.499701,-14.700500,0.047771,-0.013570,0.015998,-15.666301,-52.738201,18.801300,-93.396698,0.129960,17.611099,-0.222848,-0.487929,-0.679361,0.500732,-120.969025,1547.738403,-4337.436035,-120.552643,1466.651245,-4344.071289,-106.014160,1589.576050,-4366.430664,-140.623169,1500.971069,-4296.138184,-116.686195,1633.755737,-4343.104492,-120.286858,1466.822021,-4343.587402,-106.650803,1589.355591,-4366.806152,-140.771713,1500.819580,-4296.603027,-116.222702,1633.939697,-4342.770996,2616.284912,1567.763428,-3159.794189,,,,,,,,,,,,,,,,,,,,,,,,,,,,,,,,,
8547,85.470000,0.000000,0.000000,0.000000,1.000000,0.000000,0.000000,0.000000,57.698101,20.499701,-14.700500,0.047771,-0.013570,0.015998,-15.666301,-52.738201,18.801300,-93.396698,0.129960,17.611099,-0.223522,-0.486653,-0.679649,0.501283,-122.679855,1548.310547,-4337.651855,-122.343079,1467.233521,-4344.416016,-107.768333,1590.182495,-4366.618652,-142.262405,1501.492798,-4296.376953,-118.345665,1634.333374,-4343.194824,-122.455582,1467.181396,-4344.135742,-107.757881,1590.301147,-4366.668457,-142.153931,1501.394653,-4296.655273,-118.351395,1634.343628,-4343.152344,2616.305420,1567.755249,-3159.781250,,,,,,,,,,,,,,,,,,,,,,,,,,,,,,,,,
8548,85.480000,0.000000,0.000000,0.000000,1.000000,0.000000,0.000000,0.000000,57.698101,20.499701,-14.700500,0.047771,-0.013570,0.015998,-15.666301,-52.738201,18.801300,-93.396698,0.129960,17.611099,-0.226643,-0.482840,-0.679502,0.503761,-124.545395,1548.656250,-4338.100098,-124.380661,1467.599731,-4345.111816,-109.888031,1590.597656,-4367.096191,-143.749954,1501.737549,-4296.762695,-120.163010,1634.690186,-4343.429688,-124.642769,1467.462280,-4344.924316,-109.690186,1590.757690,-4366.948242,-143.495193,1501.768311,-4297.037109,-120.334717,1634.637207,-4343.494141,2616.270264,1567.746216,-3159.775146,,,,,,,,,,,,,,,,,,,,,,,,,,,,,,,,,
8549,85.490000,0.000000,0.000000,0.000000,1.000000,0.000000,0.000000,0.000000,57.698101,20.499701,-14.700500,0.047771,-0.013570,0.015998,-15.666301,-52.738201,18.801300,-93.396698,0.129960,17.611099,-0.229007,-0.479582,-0.679518,0.505778,-126.699181,1548.898315,-4338.779297,-126.678467,1467.862915,-4346.033203,-112.242966,1590.911011,-4367.773438,-145.603546,1501.876343,-4297.420898,-122.271805,1634.943237,-4343.890137,-126.831886,1467.758789,-4345.855957,-112.163422,1590.903809,-4367.722656,-145.394318,1502.039673,-4297.755859,-122.382271,1634.914551,-4343.836914,2616.295898,1567.792603,-3159.793213,,,,,,,,,,,,,,,,,,,,,,,,,,,,,,,,,
8550,85.500000,0.000000,0.000000,0.000000,1.000000,0.000000,0.000000,0.000000,57.698101,20.499701,-14.700500,0.047771,-0.013570,0.015998,-15.666301,-52.738201,18.801300,-93.396698,0.129960,17.611099,-0.230879,-0.477082,-0.679668,0.507089,-128.699326,1549.239624,-4339.339355,-128.830826,1468.220825,-4346.774414,-114.369553,1591.298584,-4368.329102,-147.406372,1502.149292,-4297.968262,-124.190643,1635.290039,-4344.284668,-128.842697,1468.086670,-4346.591309,-114.433617,1591.207275,-4368.405273,-147.325424,1502.355103,-4298.290039,-124.182198,1635.337280,-4344.104492,2616.284668,1567.760132,-3159.787354,,,,,,,,,,,,,,,,,,,,,,,,,,,,,,,,,
8551,85.510000,0.000000,0.000000,0.000000,1.000000,0.000000,0.000000,0.000000,57.698101,20.499701,-14.700500,0.047771,-0.013570,0.015998,-15.666301,-52.738201,18.801300,-93.396698,0.129960,17.611099,-0.226723,-0.480734,-0.678832,0.506636,-130.607727,1549.582520,-4339.933594,-130.193298,1468.551636,-4347.225098,-116.253319,1591.674927,-4368.862305,-149.425995,1502.454346,-4298.656250,-126.558365,1635.649170,-4344.989258,-130.159088,1468.620850,-4346.954102,-116.423271,1591.589355,-4368.949707,-149.386841,1502.519409,-4299.028320,-126.455902,1635.613525,-4344.834473,2616.258789,1567.758179,-3159.794922,,,,,,,,,,,,,,,,,,,,,,,,,,,,,,,,,
8552,85.520000,0.000000,0.000000,0.000000,1.000000,0.000000,0.000000,0.000000,57.698101,20.499701,-14.700500,0.047771,-0.013570,0.015998,-15.666301,-52.738201,18.801300,-93.396698,0.129960,17.611099,-0.224131,-0.483461,-0.677426,0.507075,-132.204102,1550.018677,-4340.375488,-131.286163,1468.975586,-4347.483398,-117.940598,1592.128906,-4369.323242,-150.966980,1502.874512,-4299.091309,-128.622742,1636.095825,-4345.603516,-130.986328,1469.232788,-4347.012695,-118.560570,1591.896606,-4369.716797,-151.117477,1502.844116,-4299.539062,-128.187836,1636.091919,-4345.225098,2616.304199,1567.747559,-3159.785156,,,,,,,,,,,,,,,,,,,,,,,,,,,,,,,,,
8553,85.530000,0.000000,0.000000,0.000000,1.000000,0.000000,0.000000,0.000000,57.698101,20.499701,-14.700500,0.047771,-0.013570,0.015998,-15.666301,-52.738201,18.801300,-93.396698,0.129960,17.611099,-0.222327,-0.484210,-0.677760,0.506708,-133.872223,1550.341553,-4340.945312,-132.827011,1469.306763,-4348.128418,-119.553970,1592.497681,-4369.799316,-152.729294,1503.134033,-4299.776855,-130.378693,1636.428223,-4346.076660,-132.498383,1469.564087,-4347.435059,-120.287743,1592.287842,-4370.413086,-152.914703,1502.945557,-4300.372559,-129.832993,1636.566772,-4345.564941,2616.307129,1567.758545,-3159.777588,,,,,,,,,,,,,,,,,,,,,,,,,,,,,,,,,
8554,85.540000,0.000000,0.000000,0.000000,1.000000,0.000000,0.000000,0.000000,57.698101,20.499701,-14.700500,0.047771,-0.013570,0.015998,-15.666301,-52.738201,18.801300,-93.396698,0.129960,17.611099,-0.217213,-0.487760,-0.678852,0.504052,-135.535248,1550.577515,-4341.633789,-134.244537,1469.546509,-4348.821289,-120.903320,1592.767212,-4370.280762,-154.863647,1503.324829,-4300.736816,-132.129608,1636.671753,-4346.696289,-134.145294,1469.682983,-4348.197266,-121.256584,1592.828735,-4370.640625,-154.918060,1503.012695,-4301.263184,-131.832809,1636.768433,-4346.436035,2616.272949,1567.754883,-3159.781738,,,,,,,,,,,,,,,,,,,,,,,,,,,,,,,,,
8555,85.550000,0.000000,0.000000,0.000000,1.000000,0.000000,0.000000,0.000000,57.698101,20.499701,-14.700500,0.047771,-0.013570,0.015998,-15.666301,-52.738201,18.801300,-93.396698,0.129960,17.611099,-0.218822,-0.486675,-0.678192,0.505292,-137.142151,1550.757202,-4342.312012,-135.860809,1469.724731,-4349.484375,-122.660110,1592.943970,-4371.039062,-156.260544,1503.509033,-4301.311035,-133.787201,1636.851196,-4347.412598,-136.024567,1469.747437,-4349.112793,-122.657608,1593.093872,-4371.038574,-156.088806,1503.373657,-4301.709473,-133.791977,1636.795654,-4347.401367,2616.303223,1567.739990,-3159.770752,,,,,,,,,,,,,,,,,,,,,,,,,,,,,,,,,
8556,85.560000,0.000000,0.000000,0.000000,1.000000,0.000000,0.000000,0.000000,57.698101,20.499701,-14.700500,0.047771,-0.013570,0.015998,-15.666301,-52.738201,18.801300,-93.396698,0.129960,17.611099,-0.221850,-0.484412,-0.677731,0.506762,-138.824295,1550.893921,-4343.050781,-137.720322,1469.861206,-4350.250000,-124.510941,1593.065430,-4371.884766,-157.682816,1503.665405,-4301.907227,-135.383163,1636.983887,-4348.161621,-137.883301,1469.855103,-4349.998535,-124.490059,1593.153320,-4371.769043,-157.471939,1503.687744,-4302.291016,-135.427795,1636.886475,-4348.191895,2616.293945,1567.744385,-3159.766846,,,,,,,,,,,,,,,,,,,,,,,,,,,,,,,,,
8557,85.570000,0.000000,0.000000,0.000000,1.000000,0.000000,0.000000,0.000000,57.698101,20.499701,-14.700500,0.047771,-0.013570,0.015998,-15.666301,-52.738201,18.801300,-93.396698,0.129960,17.611099,-0.224121,-0.483208,-0.676739,0.508237,-140.462692,1551.014648,-4343.744629,-139.380997,1469.975220,-4350.871582,-126.339020,1593.161865,-4372.708008,-159.054153,1503.821411,-4302.439453,-137.076675,1637.100586,-4348.960449,-139.452911,1470.028442,-4350.577148,-126.442474,1593.195068,-4372.631348,-158.903427,1503.862183,-4302.895020,-137.027008,1636.990723,-4348.941895,2616.294922,1567.733887,-3159.779297,,,,,,,,,,,,,,,,,,,,,,,,,,,,,,,,,
8558,85.580000,0.000000,0.000000,0.000000,1.000000,0.000000,0.000000,0.000000,57.698101,20.499701,-14.700500,0.047771,-0.013570,0.015998,-15.666301,-52.738201,18.801300,-93.396698,0.129960,17.611099,-0.227379,-0.480688,-0.676176,0.509925,-142.158661,1551.074097,-4344.506836,-141.255371,1470.035522,-4351.667480,-128.232010,1593.210327,-4373.581055,-160.450806,1503.894165,-4303.052734,-138.696487,1637.156860,-4349.725586,-141.269714,1470.018921,-4351.385254,-128.340637,1593.161133,-4373.657227,-160.361694,1504.012085,-4303.476562,-138.644760,1637.126343,-4349.563965,2616.330566,1567.760742,-3159.776611,,,,,,,,,,,,,,,,,,,,,,,,,,,,,,,,,
8559,85.590000,0.000000,0.000000,0.000000,1.000000,0.000000,0.000000,0.000000,57.698101,20.499701,-14.700500,0.047771,-0.013570,0.015998,-15.666301,-52.738201,18.801300,-93.396698,0.129960,17.611099,-0.227349,-0.480844,-0.676224,0.509728,-143.838135,1551.095459,-4345.285645,-142.949463,1470.055054,-4352.427246,-129.890488,1593.222168,-4374.362793,-162.157455,1503.928833,-4303.828613,-140.355209,1637.176147,-4350.522461,-142.977432,1470.001587,-4352.242676,-129.930176,1593.100586,-4374.436523,-162.066803,1504.083618,-4304.143066,-140.365662,1637.219360,-4350.355469,2616.299805,1567.745972,-3159.779053,,,,,,,,,,,,,,,,,,,,,,,,,,,,,,,,,
8560,85.600000,0.000000,0.000000,0.000000,1.000000,0.000000,0.000000,0.000000,57.698101,20.499701,-14.700500,0.047771,-0.013570,0.015998,-15.666301,-52.738201,18.801300,-93.396698,0.129960,17.611099,-0.226229,-0.482604,-0.675986,0.508878,-145.391037,1551.141724,-4346.031738,-144.395309,1470.089233,-4353.019531,-131.367340,1593.228149,-4375.131348,-163.831238,1504.034058,-4304.561035,-141.970306,1637.215942,-4351.414062,-144.324921,1470.138672,-4352.711914,-131.569366,1593.015625,-4375.387695,-163.828278,1504.100708,-4304.942871,-141.849869,1637.306030,-4351.112305,2616.298096,1567.753906,-3159.780029,,,,,,,,,,,,,,,,,,,,,,,,,,,,,,,,,
8561,85.610000,0.000000,0.000000,0.000000,1.000000,0.000000,0.000000,0.000000,57.698101,20.499701,-14.700500,0.047771,-0.013570,0.015998,-15.666301,-52.738201,18.801300,-93.396698,0.129960,17.611099,-0.222068,-0.486926,-0.675024,0.507870,-146.734421,1551.192871,-4346.699219,-145.213150,1470.126831,-4353.431152,-132.638672,1593.270630,-4375.776367,-165.349136,1504.105713,-4305.283691,-143.736771,1637.268555,-4352.305664,-144.953552,1470.426636,-4352.854492,-133.208954,1593.018677,-4376.250000,-165.473938,1503.998657,-4305.800781,-143.337021,1637.326904,-4351.885742,2616.287109,1567.749512,-3159.791504,,,,,,,,,,,,,,,,,,,,,,,,,,,,,,,,,
8562,85.620000,0.000000,0.000000,0.000000,1.000000,0.000000,0.000000,0.000000,57.698101,20.499701,-14.700500,0.047771,-0.013570,0.015998,-15.666301,-52.738201,18.801300,-93.396698,0.129960,17.611099,-0.220086,-0.488549,-0.675231,0.506897,-148.011765,1551.242432,-4347.313965,-146.363129,1470.175537,-4354.004395,-133.807693,1593.324463,-4376.332520,-166.795288,1504.151123,-4305.979492,-145.081009,1637.319214,-4352.939453,-146.072006,1470.448242,-4353.350586,-134.495529,1593.109741,-4376.827637,-166.946091,1503.966797,-4306.568848,-144.581894,1637.441284,-4352.514160,2616.286865,1567.780151,-3159.790771,,,,,,,,,,,,,,,,,,,,,,,,,,,,,,,,,
8563,85.630000,0.000000,0.000000,0.000000,1.000000,0.000000,0.000000,0.000000,57.698101,20.499701,-14.700500,0.047771,-0.013570,0.015998,-15.666301,-52.738201,18.801300,-93.396698,0.129960,17.611099,-0.213583,-0.492797,-0.677239,0.502872,-149.454163,1551.201050,-4348.003418,-147.624298,1470.142334,-4354.747559,-134.764847,1593.324097,-4376.719238,-168.938858,1504.052246,-4307.060547,-146.488693,1637.285889,-4353.485840,-147.490234,1470.354370,-4354.110840,-135.193970,1593.350708,-4377.054688,-169.013031,1503.697754,-4307.601074,-146.131226,1637.388306,-4353.245117,2616.259033,1567.782104,-3159.795410,,,,,,,,,,,,,,,,,,,,,,,,,,,,,,,,,
8564,85.640000,0.000000,0.000000,0.000000,1.000000,0.000000,0.000000,0.000000,57.698101,20.499701,-14.700500,0.047771,-0.013570,0.015998,-15.666301,-52.738201,18.801300,-93.396698,0.129960,17.611099,-0.214879,-0.491352,-0.677838,0.502928,-150.764755,1551.182007,-4348.654785,-149.151505,1470.127808,-4355.506836,-136.059845,1593.305786,-4377.361328,-170.240433,1504.028442,-4307.712891,-147.607269,1637.266235,-4354.037598,-149.207092,1470.172607,-4355.012207,-136.184784,1593.403320,-4377.553223,-170.171356,1503.786011,-4308.160645,-147.497650,1637.330688,-4353.896484,2616.251709,1567.756592,-3159.793945,,,,,,,,,,,,,,,,,,,,,,,,,,,,,,,,,
8565,85.650000,0.000000,0.000000,0.000000,1.000000,0.000000,0.000000,0.000000,57.698101,20.499701,-14.700500,0.047771,-0.013570,0.015998,-15.666301,-52.738201,18.801300,-93.396698,0.129960,17.611099,-0.219172,-0.488678,-0.676570,0.505382,-152.205765,1551.065796,-4349.400391,-150.732864,1470.004272,-4356.198730,-137.798935,1593.152954,-4378.311035,-171.246613,1503.963257,-4308.196777,-149.044724,1637.142822,-4354.895508,-150.866196,1469.949829,-4355.879883,-137.790451,1593.172974,-4378.347656,-171.073807,1503.971191,-4308.604492,-149.077362,1637.160034,-4354.803711,2616.289307,1567.742798,-3159.796631,,,,,,,,,,,,,,,,,,,,,,,,,,,,,,,,,
8566,85.660000,0.000000,0.000000,0.000000,1.000000,0.000000,0.000000,0.000000,57.698101,20.499701,-14.700500,0.047771,-0.013570,0.015998,-15.666301,-52.738201,18.801300,-93.396698,0.129960,17.611099,-0.221631,-0.486689,-0.676130,0.506815,-153.614761,1550.917114,-4350.095215,-152.261490,1469.857178,-4356.936035,-139.371002,1593.003296,-4379.087891,-172.411697,1503.814819,-4308.779297,-150.414917,1636.993530,-4355.578125,-152.433075,1469.659302,-4356.789551,-139.275314,1593.042236,-4378.987305,-172.194778,1504.001221,-4309.076660,-150.535065,1636.976562,-4355.564453,2616.292969,1567.793213,-3159.780273,,,,,,,,,,,,,,,,,,,,,,,,,,,,,,,,,
8567,85.670000,0.000000,0.000000,0.000000,1.000000,0.000000,0.000000,0.000000,57.698101,20.499701,-14.700500,0.047771,-0.013570,0.015998,-15.666301,-52.738201,18.801300,-93.396698,0.129960,17.611099,-0.224983,-0.484268,-0.675489,0.508509,-154.990509,1550.777100,-4350.775879,-153.811493,1469.715332,-4357.627930,-140.947189,1592.843506,-4379.894531,-173.483887,1503.700684,-4309.293457,-151.719528,1636.848999,-4356.287109,-153.891678,1469.531738,-4357.468750,-140.970047,1592.832153,-4379.815430,-173.315842,1503.970093,-4309.658691,-151.753143,1636.816895,-4356.230469,2616.277344,1567.753296,-3159.796143,,,,,,,,,,,,,,,,,,,,,,,,,,,,,,,,,
8568,85.680000,0.000000,0.000000,0.000000,1.000000,0.000000,0.000000,0.000000,57.698101,20.499701,-14.700500,0.047771,-0.013570,0.015998,-15.666301,-52.738201,18.801300,-93.396698,0.129960,17.611099,-0.225268,-0.483601,-0.675935,0.508425,-156.379517,1550.615601,-4351.459473,-155.298401,1469.559570,-4358.394043,-142.310928,1592.695190,-4380.546875,-174.894241,1503.518555,-4310.009766,-153.014587,1636.689209,-4356.886230,-155.278397,1469.337158,-4358.175293,-142.458435,1592.678711,-4380.567383,-174.822586,1503.766602,-4310.397461,-152.941284,1636.702881,-4356.748047,2616.295410,1567.768677,-3159.792969,,,,,,,,,,,,,,,,,,,,,,,,,,,,,,,,,
8569,85.690000,0.000000,0.000000,0.000000,1.000000,0.000000,0.000000,0.000000,57.698101,20.499701,-14.700500,0.047771,-0.013570,0.015998,-15.666301,-52.738201,18.801300,-93.396698,0.129960,17.611099,-0.225044,-0.483167,-0.676519,0.508160,-157.920547,1550.443359,-4352.321777,-156.912323,1469.395142,-4359.357910,-143.801636,1592.546631,-4381.350586,-176.495026,1503.311523,-4310.938965,-154.473297,1636.520630,-4357.638672,-156.843048,1469.239380,-4359.133301,-144.023941,1592.491821,-4381.405273,-176.473145,1503.503906,-4311.308594,-154.339035,1636.556152,-4357.479004,2616.333984,1567.783081,-3159.772949,,,,,,,,,,,,,,,,,,,,,,,,,,,,,,,,,
8570,85.700000,0.000000,0.000000,0.000000,1.000000,0.000000,0.000000,0.000000,57.698101,20.499701,-14.700500,0.047771,-0.013570,0.015998,-15.666301,-52.738201,18.801300,-93.396698,0.129960,17.611099,-0.223414,-0.484611,-0.676509,0.507518,-159.370712,1550.254639,-4353.115723,-158.221634,1469.203735,-4360.098633,-145.184906,1592.359741,-4382.109375,-178.058121,1503.121826,-4311.784180,-156.018234,1636.333252,-4358.469727,-158.083588,1469.181885,-4359.784180,-145.530838,1592.319458,-4382.285645,-178.114548,1503.140869,-4312.141113,-155.765320,1636.374878,-4358.262695,2616.294678,1567.746704,-3159.771973,,,,,,,,,,,,,,,,,,,,,,,,,,,,,,,,,
8571,85.710000,0.000000,0.000000,0.000000,1.000000,0.000000,0.000000,0.000000,57.698101,20.499701,-14.700500,0.047771,-0.013570,0.015998,-15.666301,-52.738201,18.801300,-93.396698,0.129960,17.611099,-0.219210,-0.487824,-0.676812,0.505866,-160.491562,1550.180176,-4353.754395,-159.027481,1469.129395,-4360.681641,-146.121704,1592.312622,-4382.617676,-179.479660,1503.013306,-4312.599609,-157.337433,1636.265747,-4359.119141,-158.887619,1469.240112,-4360.314453,-146.471634,1592.271729,-4382.837891,-179.546265,1502.930908,-4312.955566,-157.070145,1636.279785,-4358.911133,2616.273193,1567.745239,-3159.782227,,,,,,,,,,,,,,,,,,,,,,,,,,,,,,,,,
8572,85.720000,0.000000,0.000000,0.000000,1.000000,0.000000,0.000000,0.000000,57.698101,20.499701,-14.700500,0.047771,-0.013570,0.015998,-15.666301,-52.738201,18.801300,-93.396698,0.129960,17.611099,-0.216166,-0.490817,-0.676456,0.504756,-161.434753,1550.094849,-4354.333984,-159.661041,1469.036865,-4361.101074,-146.964218,1592.220459,-4383.156738,-180.606918,1502.942261,-4313.248047,-158.506927,1636.180176,-4359.829590,-159.439301,1469.396362,-4360.558594,-147.443115,1592.120117,-4383.508301,-180.724930,1502.724243,-4313.669922,-158.132370,1636.179199,-4359.550781,2616.268066,1567.758789,-3159.796143,,,,,,,,,,,,,,,,,,,,,,,,,,,,,,,,,
8573,85.730000,0.000000,0.000000,0.000000,1.000000,0.000000,0.000000,0.000000,57.698101,20.499701,-14.700500,0.047771,-0.013570,0.015998,-15.666301,-52.738201,18.801300,-93.396698,0.129960,17.611099,-0.214490,-0.491956,-0.676050,0.504905,-162.704803,1549.932617,-4355.128906,-160.687439,1468.878662,-4361.875488,-148.260895,1592.092651,-4383.914551,-181.874451,1502.734863,-4314.093750,-159.996506,1636.024536,-4360.631348,-160.559982,1469.231445,-4361.395508,-148.619217,1592.007935,-4384.114746,-181.907227,1502.611816,-4314.536621,-159.728455,1635.924927,-4360.428223,2616.284912,1567.733398,-3159.779053,,,,,,,,,,,,,,,,,,,,,,,,,,,,,,,,,
8574,85.740000,0.000000,0.000000,0.000000,1.000000,0.000000,0.000000,0.000000,57.698101,20.499701,-14.700500,0.047771,-0.013570,0.015998,-15.666301,-52.738201,18.801300,-93.396698,0.129960,17.611099,-0.216066,-0.490685,-0.675759,0.505859,-163.872025,1549.782959,-4355.900391,-161.926361,1468.729614,-4362.676270,-149.535568,1591.942871,-4384.739746,-182.881882,1502.584717,-4314.791504,-161.144333,1635.875000,-4361.393555,-161.882324,1468.967163,-4362.308594,-149.732773,1591.910156,-4384.916992,-182.872467,1502.512207,-4315.147461,-160.996170,1635.765015,-4361.213379,2616.294189,1567.752930,-3159.767334,,,,,,,,,,,,,,,,,,,,,,,,,,,,,,,,,
8575,85.750000,0.000000,0.000000,0.000000,1.000000,0.000000,0.000000,0.000000,57.698101,20.499701,-14.700500,0.047771,-0.013570,0.015998,-15.666301,-52.738201,18.801300,-93.396698,0.129960,17.611099,-0.215145,-0.491133,-0.676139,0.505310,-165.003403,1549.580688,-4356.735352,-163.043777,1468.530396,-4363.543945,-150.596588,1591.753540,-4385.520996,-184.113205,1502.364014,-4315.693848,-162.260117,1635.675049,-4362.182129,-163.099182,1468.726685,-4363.224121,-150.661743,1591.768311,-4385.606934,-184.032608,1502.282104,-4316.019531,-162.214539,1635.564209,-4362.081543,2616.297607,1567.743652,-3159.774170,,,,,,,,,,,,,,,,,,,,,,,,,,,,,,,,,
8576,85.760000,0.000000,0.000000,0.000000,1.000000,0.000000,0.000000,0.000000,57.698101,20.499701,-14.700500,0.047771,-0.013570,0.015998,-15.666301,-52.738201,18.801300,-93.396698,0.129960,17.611099,-0.216520,-0.489757,-0.676277,0.505871,-166.165482,1549.344849,-4357.672363,-164.338760,1468.297974,-4364.556641,-151.810593,1591.523071,-4386.476074,-185.184158,1502.118530,-4316.599609,-163.328491,1635.440186,-4363.056152,-164.381897,1468.443848,-4364.241211,-151.912506,1591.536987,-4386.519531,-185.098221,1502.056763,-4316.960449,-163.259415,1635.353271,-4362.980469,2616.271973,1567.727417,-3159.774658,,,,,,,,,,,,,,,,,,,,,,,,,,,,,,,,,
8577,85.770000,0.000000,0.000000,0.000000,1.000000,0.000000,0.000000,0.000000,57.698101,20.499701,-14.700500,0.047771,-0.013570,0.015998,-15.666301,-52.738201,18.801300,-93.396698,0.129960,17.611099,-0.216914,-0.488801,-0.676847,0.505865,-167.224777,1549.107056,-4358.620117,-165.518890,1468.067749,-4365.624512,-152.847351,1591.307007,-4387.380371,-186.257690,1501.847656,-4317.592773,-164.275238,1635.206055,-4363.882812,-165.615036,1468.129639,-4365.328125,-152.899078,1591.379883,-4387.363281,-186.125656,1501.793579,-4317.953613,-164.248077,1635.124634,-4363.860352,2616.282471,1567.737549,-3159.771484,,,,,,,,,,,,,,,,,,,,,,,,,,,,,,,,,
8578,85.780000,0.000000,0.000000,0.000000,1.000000,0.000000,0.000000,0.000000,57.698101,20.499701,-14.700500,0.047771,-0.013570,0.015998,-15.666301,-52.738201,18.801300,-93.396698,0.129960,17.611099,-0.218512,-0.487429,-0.676871,0.506469,-168.378281,1548.813599,-4359.715820,-166.811935,1467.775757,-4366.769531,-154.062241,1591.009155,-4388.513672,-187.305984,1501.558472,-4318.634277,-165.333054,1634.911255,-4364.945801,-166.992126,1467.737915,-4366.574707,-153.998627,1591.052124,-4388.364746,-187.084824,1501.586304,-4318.960449,-165.412582,1634.881592,-4364.997070,2616.297607,1567.730835,-3159.775635,,,,,,,,,,,,,,,,,,,,,,,,,,,,,,,,,
8579,85.790000,0.000000,0.000000,0.000000,1.000000,0.000000,0.000000,0.000000,57.698101,20.499701,-14.700500,0.047771,-0.013570,0.015998,-15.666301,-52.738201,18.801300,-93.396698,0.129960,17.611099,-0.221631,-0.485370,-0.676497,0.507590,-169.323013,1548.580566,-4360.702637,-167.975647,1467.537842,-4367.747070,-155.139023,1590.739868,-4389.618164,-188.035919,1501.374023,-4319.467285,-166.141510,1634.670654,-4365.977051,-168.187973,1467.436646,-4367.624512,-154.987701,1590.752686,-4389.435547,-187.780807,1501.498779,-4319.748535,-166.303177,1634.647461,-4366.029785,2616.275879,1567.773315,-3159.786865,,,,,,,,,,,,,,,,,,,,,,,,,,,,,,,,,
8580,85.800000,0.000000,0.000000,0.000000,1.000000,0.000000,0.000000,0.000000,57.698101,20.499701,-14.700500,0.047771,-0.013570,0.015998,-15.666301,-52.738201,18.801300,-93.396698,0.129960,17.611099,-0.221339,-0.486114,-0.676172,0.507438,-170.313126,1548.336426,-4361.820801,-168.897888,1467.287231,-4368.774902,-156.126831,1590.474609,-4390.766113,-189.038864,1501.161133,-4320.555664,-167.188965,1634.422974,-4367.186035,-169.151733,1467.214233,-4368.643066,-155.923264,1590.483887,-4390.553223,-188.749481,1501.256226,-4320.845703,-167.391571,1634.401245,-4367.261230,2616.304443,1567.786011,-3159.800293,,,,,,,,,,,,,,,,,,,,,,,,,,,,,,,,,
8581,85.810000,0.000000,0.000000,0.000000,1.000000,0.000000,0.000000,0.000000,57.698101,20.499701,-14.700500,0.047771,-0.013570,0.015998,-15.666301,-52.738201,18.801300,-93.396698,0.129960,17.611099,-0.223185,-0.485405,-0.675481,0.508229,-171.188263,1548.134155,-4362.901855,-169.830063,1467.075928,-4369.761719,-157.112152,1590.231812,-4391.959473,-189.752609,1501.016235,-4321.498535,-168.058273,1634.213013,-4368.386719,-170.008652,1467.001709,-4369.553711,-156.994675,1590.197632,-4391.952637,-189.530136,1501.136841,-4321.844238,-168.199677,1634.217285,-4368.301758,2616.277344,1567.781494,-3159.788818,,,,,,,,,,,,,,,,,,,,,,,,,,,,,,,,,
8582,85.820000,0.000000,0.000000,0.000000,1.000000,0.000000,0.000000,0.000000,57.698101,20.499701,-14.700500,0.047771,-0.013570,0.015998,-15.666301,-52.738201,18.801300,-93.396698,0.129960,17.611099,-0.222864,-0.486098,-0.675694,0.507423,-172.101517,1547.948242,-4364.014648,-170.785034,1466.883911,-4370.810547,-157.938065,1590.014038,-4393.076660,-190.781525,1500.874634,-4322.612793,-168.901520,1634.020630,-4369.558594,-170.871277,1466.818726,-4370.499023,-157.942703,1589.971313,-4393.198730,-190.639084,1500.978516,-4323.039551,-168.935135,1634.040161,-4369.360352,2616.285645,1567.754883,-3159.793457,,,,,,,,,,,,,,,,,,,,,,,,,,,,,,,,,
8583,85.830000,0.000000,0.000000,0.000000,1.000000,0.000000,0.000000,0.000000,57.698101,20.499701,-14.700500,0.047771,-0.013570,0.015998,-15.666301,-52.738201,18.801300,-93.396698,0.129960,17.611099,-0.224502,-0.486197,-0.674589,0.508076,-172.972473,1547.767212,-4365.187500,-171.640762,1466.686157,-4371.778320,-158.922577,1589.764160,-4394.403320,-191.496582,1500.792114,-4323.604004,-169.830017,1633.826538,-4370.964355,-171.801315,1466.581055,-4371.570801,-158.790710,1589.779297,-4394.474609,-191.303528,1500.962036,-4323.921875,-169.984436,1633.762695,-4370.812988,2616.293701,1567.751587,-3159.774902,,,,,,,,,,,,,,,,,,,,,,,,,,,,,,,,,
8584,85.840000,0.000000,0.000000,0.000000,1.000000,0.000000,0.000000,0.000000,57.698101,20.499701,-14.700500,0.047771,-0.013570,0.015998,-15.666301,-52.738201,18.801300,-93.396698,0.129960,17.611099,-0.224389,-0.487009,-0.674495,0.507473,-173.782013,1547.647461,-4366.416504,-172.460175,1466.557373,-4372.895996,-159.677399,1589.601807,-4395.666992,-192.380844,1500.732910,-4324.798340,-170.609650,1633.698120,-4372.304199,-172.610550,1466.476685,-4372.827148,-159.517548,1589.604736,-4395.618652,-192.203827,1500.915649,-4324.978027,-170.784805,1633.608276,-4372.259766,2616.302490,1567.786621,-3159.788086,,,,,,,,,,,,,,,,,,,,,,,,,,,,,,,,,
8585,85.850000,0.000000,0.000000,0.000000,1.000000,0.000000,0.000000,0.000000,57.698101,20.499701,-14.700500,0.047771,-0.013570,0.015998,-15.666301,-52.738201,18.801300,-93.396698,0.129960,17.611099,-0.224421,-0.486397,-0.675334,0.506930,-174.495193,1547.531128,-4367.566895,-173.324936,1466.447632,-4374.157227,-160.304214,1589.498657,-4396.757324,-193.192795,1500.594971,-4326.017578,-171.158875,1633.583618,-4373.336426,-173.546432,1466.312866,-4374.143066,-160.052124,1589.488770,-4396.565918,-192.941269,1500.828003,-4326.189453,-171.413605,1633.512695,-4373.377441,2616.285156,1567.810181,-3159.792969,,,,,,,,,,,,,,,,,,,,,,,,,,,,,,,,,
8586,85.860000,0.000000,0.000000,0.000000,1.000000,0.000000,0.000000,0.000000,57.698101,20.499701,-14.700500,0.047771,-0.013570,0.015998,-15.666301,-52.738201,18.801300,-93.396698,0.129960,17.611099,-0.222299,-0.488365,-0.675550,0.505682,-175.300705,1547.407227,-4368.836426,-174.005417,1466.319458,-4375.350098,-160.973541,1589.364624,-4397.974609,-194.205505,1500.486938,-4327.362305,-172.018387,1633.458252,-4374.658691,-174.239227,1466.258789,-4375.248047,-160.774551,1589.351440,-4397.760742,-193.903107,1500.698608,-4327.669922,-172.237350,1633.350464,-4374.704590,2616.278320,1567.740112,-3159.807373,,,,,,,,,,,,,,,,,,,,,,,,,,,,,,,,,
8587,85.870000,0.000000,0.000000,0.000000,1.000000,0.000000,0.000000,0.000000,57.698101,20.499701,-14.700500,0.047771,-0.013570,0.015998,-15.666301,-52.738201,18.801300,-93.396698,0.129960,17.611099,-0.220207,-0.490970,-0.675026,0.504776,-175.922180,1547.378174,-4369.961426,-174.384445,1466.279053,-4376.277832,-161.521973,1589.303955,-4399.108398,-194.962997,1500.506470,-4328.494629,-172.819412,1633.423462,-4375.963867,-174.652023,1466.271362,-4376.125488,-161.307816,1589.338257,-4398.910156,-194.620392,1500.701050,-4328.861816,-173.058960,1633.229858,-4376.004883,2616.319092,1567.765259,-3159.769043,,,,,,,,,,,,,,,,,,,,,,,,,,,,,,,,,
8588,85.880000,0.000000,0.000000,0.000000,1.000000,0.000000,0.000000,0.000000,57.698101,20.499701,-14.700500,0.047771,-0.013570,0.015998,-15.666301,-52.738201,18.801300,-93.396698,0.129960,17.611099,-0.220328,-0.490724,-0.675353,0.504523,-176.663361,1547.302856,-4371.194824,-175.198547,1466.204956,-4377.545410,-162.226044,1589.227905,-4400.324707,-195.745468,1500.430908,-4329.747559,-173.483429,1633.347900,-4377.161133,-175.385635,1466.098877,-4377.328125,-162.132584,1589.244507,-4400.267578,-195.476685,1500.646484,-4330.170410,-173.617767,1633.261597,-4377.094238,2616.297363,1567.738770,-3159.769775,,,,,,,,,,,,,,,,,,,,,,,,,,,,,,,,,
8589,85.890000,0.000000,0.000000,0.000000,1.000000,0.000000,0.000000,0.000000,57.698101,20.499701,-14.700500,0.047771,-0.013570,0.015998,-15.666301,-52.738201,18.801300,-93.396698,0.129960,17.611099,-0.221764,-0.489789,-0.674988,0.505291,-177.247818,1547.314819,-4372.397949,-175.840820,1466.214966,-4378.737305,-162.903824,1589.227905,-4401.591309,-196.191864,1500.459351,-4330.868652,-174.054825,1633.357178,-4378.394043,-175.961227,1466.098511,-4378.576172,-162.838715,1589.159058,-4401.587402,-195.992493,1500.722900,-4331.220215,-174.171112,1633.329346,-4378.268066,2616.281982,1567.774780,-3159.773682,,,,,,,,,,,,,,,,,,,,,,,,,,,,,,,,,
8590,85.900000,0.000000,0.000000,0.000000,1.000000,0.000000,0.000000,0.000000,57.698101,20.499701,-14.700500,0.047771,-0.013570,0.015998,-15.666301,-52.738201,18.801300,-93.396698,0.129960,17.611099,-0.222883,-0.488387,-0.675230,0.505831,-178.088409,1547.253784,-4373.722168,-176.802872,1466.160156,-4380.166504,-163.790451,1589.185303,-4402.911133,-196.951218,1500.370117,-4332.187500,-174.809189,1633.299438,-4379.622559,-176.951874,1465.993896,-4380.186523,-163.596436,1589.109009,-4402.815430,-196.757828,1500.682007,-4332.322754,-175.027161,1633.263184,-4379.578613,2616.257324,1567.769287,-3159.798340,,,,,,,,,,,,,,,,,,,,,,,,,,,,,,,,,
8591,85.910000,0.000000,0.000000,0.000000,1.000000,0.000000,0.000000,0.000000,57.698101,20.499701,-14.700500,0.047771,-0.013570,0.015998,-15.666301,-52.738201,18.801300,-93.396698,0.129960,17.611099,-0.221249,-0.488923,-0.675722,0.505374,-178.873657,1547.223999,-4375.098145,-177.507690,1466.139282,-4381.636230,-164.506378,1589.201050,-4404.187988,-197.844315,1500.276855,-4333.685059,-175.636322,1633.279175,-4380.883789,-177.619415,1465.931519,-4381.618164,-164.396240,1589.120728,-4404.109375,-197.643356,1500.717163,-4333.921875,-175.805084,1633.207886,-4380.791504,2616.265869,1567.772217,-3159.799805,,,,,,,,,,,,,,,,,,,,,,,,,,,,,,,,,
8592,85.920000,0.000000,0.000000,0.000000,1.000000,0.000000,0.000000,0.000000,57.698101,20.499701,-14.700500,0.047771,-0.013570,0.015998,-15.666301,-52.738201,18.801300,-93.396698,0.129960,17.611099,-0.216639,-0.492316,-0.676435,0.503119,-179.621292,1547.266113,-4376.412598,-177.994156,1466.183350,-4382.913574,-164.994843,1589.269043,-4405.334961,-198.989731,1500.285278,-4335.222168,-176.506516,1633.327148,-4382.178711,-178.165665,1466.013672,-4382.734863,-164.911453,1589.306396,-4405.254395,-198.743134,1500.530396,-4335.593750,-176.630554,1633.249756,-4382.130859,2616.313477,1567.740479,-3159.786621,,,,,,,,,,,,,,,,,,,,,,,,,,,,,,,,,
8593,85.930000,0.000000,0.000000,0.000000,1.000000,0.000000,0.000000,0.000000,57.698101,20.499701,-14.700500,0.047771,-0.013570,0.015998,-15.666301,-52.738201,18.801300,-93.396698,0.129960,17.611099,-0.215224,-0.492483,-0.676871,0.502977,-180.375702,1547.308228,-4377.745605,-178.664963,1466.237061,-4384.369629,-165.714737,1589.368530,-4406.566895,-199.804016,1500.246704,-4336.675781,-177.319107,1633.380615,-4383.369629,-178.854019,1466.119385,-4384.138672,-165.652161,1589.459595,-4406.461426,-199.556976,1500.352295,-4337.063965,-177.405304,1633.313599,-4383.373535,2616.341553,1567.747803,-3159.759766,,,,,,,,,,,,,,,,,,,,,,,,,,,,,,,,,
8594,85.940000,0.000000,0.000000,0.000000,1.000000,0.000000,0.000000,0.000000,57.698101,20.499701,-14.700500,0.047771,-0.013570,0.015998,-15.666301,-52.738201,18.801300,-93.396698,0.129960,17.611099,-0.217084,-0.489555,-0.677518,0.504162,-181.133652,1547.383545,-4379.151855,-179.639343,1466.330933,-4386.048828,-166.565613,1589.505981,-4407.929688,-200.401962,1500.230469,-4338.111816,-177.927795,1633.467163,-4384.516602,-179.820068,1466.176270,-4385.900391,-166.447693,1589.649658,-4407.834473,-200.213287,1500.313354,-4338.340332,-178.041946,1633.397217,-4384.541016,2616.308594,1567.723877,-3159.771973,,,,,,,,,,,,,,,,,,,,,,,,,,,,,,,,,
8595,85.950000,0.000000,0.000000,0.000000,1.000000,0.000000,0.000000,0.000000,57.698101,20.499701,-14.700500,0.047771,-0.013570,0.015998,-15.666301,-52.738201,18.801300,-93.396698,0.129960,17.611099,-0.215724,-0.489512,-0.678188,0.503888,-181.917587,1547.440063,-4380.722168,-180.385269,1466.401489,-4387.774902,-167.292984,1589.622803,-4409.382812,-201.270020,1500.201172,-4339.820312,-178.722168,1633.534912,-4385.910156,-180.544769,1466.276001,-4387.503906,-167.244171,1589.823364,-4409.375977,-201.095367,1500.248047,-4340.150391,-178.776718,1633.414429,-4385.874512,2616.290283,1567.722534,-3159.782959,,,,,,,,,,,,,,,,,,,,,,,,,,,,,,,,,
8596,85.960000,0.000000,0.000000,0.000000,1.000000,0.000000,0.000000,0.000000,57.698101,20.499701,-14.700500,0.047771,-0.013570,0.015998,-15.666301,-52.738201,18.801300,-93.396698,0.129960,17.611099,-0.214976,-0.489094,-0.678924,0.503621,-182.725449,1547.479980,-4382.283691,-181.229477,1466.454224,-4389.490723,-168.044006,1589.709717,-4410.846191,-202.151840,1500.173218,-4341.495605,-179.476532,1633.582886,-4387.302246,-181.420609,1466.318359,-4389.229492,-167.994324,1589.958130,-4410.730469,-201.941010,1500.201050,-4341.841797,-179.531036,1633.452393,-4387.345215,2616.305176,1567.762573,-3159.781250,,,,,,,,,,,,,,,,,,,,,,,,,,,,,,,,,
8597,85.970000,0.000000,0.000000,0.000000,1.000000,0.000000,0.000000,0.000000,57.698101,20.499701,-14.700500,0.047771,-0.013570,0.015998,-15.666301,-52.738201,18.801300,-93.396698,0.129960,17.611099,-0.215300,-0.487858,-0.678944,0.504654,-183.434677,1547.446533,-4383.806152,-181.914871,1466.434814,-4391.164062,-168.852600,1589.735962,-4412.331055,-202.726135,1500.055298,-4343.052246,-180.245193,1633.560059,-4388.677246,-182.149780,1466.470459,-4390.832031,-168.783356,1589.983032,-4412.219238,-202.516891,1499.777710,-4343.381348,-180.279327,1633.527100,-4388.788574,2616.320801,1567.753662,-3159.787354,,,,,,,,,,,,,,,,,,,,,,,,,,,,,,,,,
8598,85.980000,0.000000,0.000000,0.000000,1.000000,0.000000,0.000000,0.000000,57.698101,20.499701,-14.700500,0.047771,-0.013570,0.015998,-15.666301,-52.738201,18.801300,-93.396698,0.129960,17.611099,-0.215931,-0.487581,-0.678592,0.505125,-184.089828,1547.495117,-4385.175781,-182.561951,1466.480835,-4392.503906,-169.568512,1589.776855,-4413.743164,-203.297791,1500.115356,-4344.369141,-180.931091,1633.607544,-4390.086426,-182.755035,1466.613525,-4392.096680,-169.521118,1589.970093,-4413.800293,-203.143402,1499.805176,-4344.709961,-180.943375,1633.565918,-4390.086426,2616.317139,1567.742676,-3159.758057,,,,,,,,,,,,,,,,,,,,,,,,,,,,,,,,,
8599,85.990000,0.000000,0.000000,0.000000,1.000000,0.000000,0.000000,0.000000,57.698101,20.499701,-14.700500,0.047771,-0.013570,0.015998,-15.666301,-52.738201,18.801300,-93.396698,0.129960,17.611099,-0.218725,-0.485071,-0.678027,0.507094,-184.785004,1547.557983,-4386.906250,-183.365433,1466.549438,-4394.318359,-170.482788,1589.856812,-4415.558105,-203.672729,1500.152832,-4345.979492,-181.619171,1633.672974,-4391.768066,-183.602158,1466.698975,-4394.006348,-170.374512,1589.971436,-4415.506836,-203.453888,1499.991455,-4346.311523,-181.709610,1633.568726,-4391.805176,2616.271973,1567.746704,-3159.788330,,,,,,,,,,,,,,,,,,,,,,,,,,,,,,,,,
8600,86.000000,0.000000,0.000000,0.000000,1.000000,0.000000,0.000000,0.000000,57.698101,20.499701,-14.700500,0.047771,-0.013570,0.015998,-15.666301,-52.738201,18.801300,-93.396698,0.129960,17.611099,-0.213625,-0.488637,-0.679181,0.504292,-185.696213,1547.583130,-4388.568359,-184.050140,1466.578613,-4395.978516,-171.066345,1589.910889,-4417.011719,-205.072098,1500.139160,-4347.915527,-182.596344,1633.703979,-4393.367188,-184.205276,1466.807373,-4395.611816,-171.101395,1590.007935,-4416.951660,-204.891647,1499.998413,-4348.333984,-182.577469,1633.528320,-4393.395508,2616.293213,1567.749023,-3159.799805,,,,,,,,,,,,,,,,,,,,,,,,,,,,,,,,,
8601,86.010000,0.000000,0.000000,0.000000,1.000000,0.000000,0.000000,0.000000,57.698101,20.499701,-14.700500,0.047771,-0.013570,0.015998,-15.666301,-52.738201,18.801300,-93.396698,0.129960,17.611099,-0.213689,-0.488865,-0.678943,0.504365,-186.434723,1547.559448,-4390.145508,-184.758575,1466.551392,-4397.508789,-171.821533,1589.876343,-4418.613770,-205.791626,1500.131836,-4349.464844,-183.367188,1633.678833,-4394.993652,-184.744339,1466.869873,-4397.023926,-172.066101,1589.862305,-4418.691895,-205.733719,1499.981201,-4349.963379,-183.185013,1633.564331,-4394.889648,2616.270996,1567.786133,-3159.793701,,,,,,,,,,,,,,,,,,,,,,,,,,,,,,,,,
8602,86.020000,0.000000,0.000000,0.000000,1.000000,0.000000,0.000000,0.000000,57.698101,20.499701,-14.700500,0.047771,-0.013570,0.015998,-15.666301,-52.738201,18.801300,-93.396698,0.129960,17.611099,-0.213527,-0.489122,-0.678521,0.504752,-187.246582,1547.510254,-4391.807129,-185.472305,1466.501099,-4399.135742,-172.687210,1589.832520,-4420.294922,-206.542496,1500.076538,-4351.104492,-184.284378,1633.631104,-4396.693359,-185.345352,1466.916748,-4398.581055,-173.015747,1589.735596,-4420.618652,-206.580338,1499.947632,-4351.560059,-184.035858,1633.505737,-4396.400391,2616.249512,1567.752686,-3159.799561,,,,,,,,,,,,,,,,,,,,,,,,,,,,,,,,,
8603,86.030000,0.000000,0.000000,0.000000,1.000000,0.000000,0.000000,0.000000,57.698101,20.499701,-14.700500,0.047771,-0.013570,0.015998,-15.666301,-52.738201,18.801300,-93.396698,0.129960,17.611099,-0.213230,-0.488851,-0.679093,0.504371,-188.039185,1547.479370,-4393.541992,-186.333862,1466.476440,-4400.955078,-173.419678,1589.818604,-4421.973633,-207.409027,1500.020264,-4352.904297,-184.994232,1633.602661,-4398.333984,-186.265747,1466.883301,-4400.542969,-173.648209,1589.697754,-4422.143555,-207.410843,1499.889648,-4353.258301,-184.826172,1633.519287,-4398.169434,2616.298584,1567.757568,-3159.785889,,,,,,,,,,,,,,,,,,,,,,,,,,,,,,,,,
8604,86.040000,0.000000,0.000000,0.000000,1.000000,0.000000,0.000000,0.000000,57.698101,20.499701,-14.700500,0.047771,-0.013570,0.015998,-15.666301,-52.738201,18.801300,-93.396698,0.129960,17.611099,-0.211114,-0.490827,-0.679315,0.503042,-188.807892,1547.380737,-4395.219727,-186.984879,1466.372559,-4402.549316,-174.047882,1589.707275,-4423.597656,-208.390076,1499.940796,-4354.661621,-185.808777,1633.502197,-4400.070801,-186.935440,1466.856812,-4402.008789,-174.343872,1589.618164,-4423.675293,-208.355789,1499.727905,-4355.146973,-185.589874,1633.419556,-4399.975586,2616.295654,1567.719604,-3159.785645,,,,,,,,,,,,,,,,,,,,,,,,,,,,,,,,,
8605,86.050000,0.000000,0.000000,0.000000,1.000000,0.000000,0.000000,0.000000,57.698101,20.499701,-14.700500,0.047771,-0.013570,0.015998,-15.666301,-52.738201,18.801300,-93.396698,0.129960,17.611099,-0.211519,-0.490719,-0.679445,0.502801,-189.545151,1547.284424,-4396.892090,-187.797821,1466.273193,-4404.203125,-174.757462,1589.591187,-4425.285156,-209.155136,1499.871704,-4356.315430,-186.470261,1633.402100,-4401.763672,-187.696274,1466.691040,-4403.594238,-175.181046,1589.507202,-4425.380371,-209.128677,1499.725342,-4356.934570,-186.168976,1633.282593,-4401.619141,2616.342773,1567.728271,-3159.758545,,,,,,,,,,,,,,,,,,,,,,,,,,,,,,,,,
8606,86.060000,0.000000,0.000000,0.000000,1.000000,0.000000,0.000000,0.000000,57.698101,20.499701,-14.700500,0.047771,-0.013570,0.015998,-15.666301,-52.738201,18.801300,-93.396698,0.129960,17.611099,-0.214100,-0.487704,-0.680849,0.502743,-190.356079,1547.164551,-4398.600098,-189.081924,1466.166382,-4406.151367,-175.511246,1589.473755,-4426.959961,-209.978516,1499.739990,-4358.042969,-186.852707,1633.278320,-4403.245605,-188.906265,1466.362793,-4405.617188,-175.991440,1589.379272,-4427.259277,-210.047089,1499.614014,-4358.559570,-186.498291,1633.306763,-4402.961426,2616.316406,1567.734619,-3159.767822,,,,,,,,,,,,,,,,,,,,,,,,,,,,,,,,,
8607,86.070000,0.000000,0.000000,0.000000,1.000000,0.000000,0.000000,0.000000,57.698101,20.499701,-14.700500,0.047771,-0.013570,0.015998,-15.666301,-52.738201,18.801300,-93.396698,0.129960,17.611099,-0.216022,-0.487298,-0.680137,0.503278,-191.161087,1547.029419,-4400.331543,-189.964584,1466.016602,-4407.738281,-176.400238,1589.277100,-4428.826172,-210.655563,1499.691650,-4359.611816,-187.624008,1633.132324,-4405.149414,-190.007874,1466.131470,-4407.501953,-176.454041,1589.226074,-4428.880859,-210.577194,1499.664429,-4359.890625,-187.599411,1633.107056,-4405.062012,2616.275635,1567.774902,-3159.783447,,,,,,,,,,,,,,,,,,,,,,,,,,,,,,,,,
8608,86.080000,0.000000,0.000000,0.000000,1.000000,0.000000,0.000000,0.000000,57.698101,20.499701,-14.700500,0.047771,-0.013570,0.015998,-15.666301,-52.738201,18.801300,-93.396698,0.129960,17.611099,-0.216899,-0.487320,-0.680158,0.502850,-192.018097,1546.825684,-4402.098633,-190.944458,1465.803345,-4409.418945,-177.217331,1589.021240,-4430.649902,-211.550735,1499.560059,-4361.313965,-188.359894,1632.918091,-4407.012207,-190.896301,1465.941528,-4409.080566,-177.444977,1588.865112,-4430.775879,-211.508057,1499.596191,-4361.753418,-188.222900,1632.909790,-4406.817871,2616.258301,1567.752563,-3159.808105,,,,,,,,,,,,,,,,,,,,,,,,,,,,,,,,,
8609,86.090000,0.000000,0.000000,0.000000,1.000000,0.000000,0.000000,0.000000,57.698101,20.499701,-14.700500,0.047771,-0.013570,0.015998,-15.666301,-52.738201,18.801300,-93.396698,0.129960,17.611099,-0.215862,-0.489288,-0.679860,0.501789,-192.895523,1546.652100,-4403.763184,-191.732498,1465.613403,-4410.885254,-178.002441,1588.790161,-4432.351562,-212.569336,1499.469604,-4362.949707,-189.277847,1632.735229,-4408.866211,-191.711609,1465.805542,-4410.420410,-178.274170,1588.699585,-4432.410156,-212.476364,1499.451416,-4363.556152,-189.106583,1632.677979,-4408.722656,2616.290039,1567.781128,-3159.798096,,,,,,,,,,,,,,,,,,,,,,,,,,,,,,,,,
8610,86.100000,0.000000,0.000000,0.000000,1.000000,0.000000,0.000000,0.000000,57.698101,20.499701,-14.700500,0.047771,-0.013570,0.015998,-15.666301,-52.738201,18.801300,-93.396698,0.129960,17.611099,-0.218274,-0.487283,-0.680037,0.502454,-193.724991,1546.508423,-4405.442383,-192.806442,1465.472656,-4412.632324,-178.894485,1588.631348,-4434.085449,-213.277084,1499.343750,-4364.550293,-189.922012,1632.586182,-4410.500977,-192.724899,1465.568970,-4412.292480,-179.193695,1588.425781,-4434.223145,-213.257980,1499.374756,-4365.001953,-189.738068,1632.657593,-4410.290527,2616.290283,1567.773193,-3159.784180,,,,,,,,,,,,,,,,,,,,,,,,,,,,,,,,,
8611,86.110000,0.000000,0.000000,0.000000,1.000000,0.000000,0.000000,0.000000,57.698101,20.499701,-14.700500,0.047771,-0.013570,0.015998,-15.666301,-52.738201,18.801300,-93.396698,0.129960,17.611099,-0.220164,-0.486543,-0.679441,0.503154,-194.663223,1546.288940,-4407.129883,-193.824860,1465.244263,-4414.229004,-179.929031,1588.369263,-4435.884766,-214.069901,1499.184082,-4366.099121,-190.829178,1632.358398,-4412.305176,-193.721573,1465.305420,-4413.968750,-180.196548,1588.157471,-4436.085938,-214.097046,1499.208618,-4366.413086,-190.655975,1632.470581,-4412.068848,2616.299561,1567.772949,-3159.790283,,,,,,,,,,,,,,,,,,,,,,,,,,,,,,,,,
8612,86.120000,0.000000,0.000000,0.000000,1.000000,0.000000,0.000000,0.000000,57.698101,20.499701,-14.700500,0.047771,-0.013570,0.015998,-15.666301,-52.738201,18.801300,-93.396698,0.129960,17.611099,-0.219556,-0.487295,-0.679730,0.502301,-195.603867,1546.094360,-4408.784180,-194.790237,1465.045654,-4415.840820,-180.774445,1588.152466,-4437.523438,-215.139603,1499.020630,-4367.779785,-191.711243,1632.159180,-4413.993652,-194.682892,1465.024536,-4415.538086,-181.078568,1587.959595,-4437.703613,-215.142502,1499.156128,-4368.216309,-191.524414,1632.241211,-4413.723633,2616.294434,1567.727051,-3159.767090,,,,,,,,,,,,,,,,,,,,,,,,,,,,,,,,,
8613,86.130000,0.000000,0.000000,0.000000,1.000000,0.000000,0.000000,0.000000,57.698101,20.499701,-14.700500,0.047771,-0.013570,0.015998,-15.666301,-52.738201,18.801300,-93.396698,0.129960,17.611099,-0.218518,-0.488790,-0.679464,0.501660,-196.552719,1545.904419,-4410.356934,-195.629044,1464.845947,-4417.286621,-181.669662,1587.934204,-4439.109375,-216.178696,1498.872437,-4369.347656,-192.733536,1631.965332,-4415.684570,-195.519806,1464.834595,-4416.957031,-182.007507,1587.815308,-4439.242188,-216.176331,1498.999023,-4369.827148,-192.518463,1631.979004,-4415.458496,2616.271729,1567.726807,-3159.774170,,,,,,,,,,,,,,,,,,,,,,,,,,,,,,,,,
8614,86.140000,0.000000,0.000000,0.000000,1.000000,0.000000,0.000000,0.000000,57.698101,20.499701,-14.700500,0.047771,-0.013570,0.015998,-15.666301,-52.738201,18.801300,-93.396698,0.129960,17.611099,-0.219365,-0.488363,-0.679120,0.502172,-197.450546,1545.760986,-4411.676270,-196.539978,1464.699829,-4418.576660,-182.632843,1587.780273,-4440.478027,-216.983704,1498.744141,-4370.604980,-193.645737,1631.819946,-4417.045410,-196.466263,1464.702637,-4418.226074,-182.948502,1587.646118,-4440.551758,-216.944046,1498.820435,-4371.118652,-193.449768,1631.879639,-4416.869141,2616.326172,1567.765381,-3159.783203,,,,,,,,,,,,,,,,,,,,,,,,,,,,,,,,,
8615,86.150000,0.000000,0.000000,0.000000,1.000000,0.000000,0.000000,0.000000,57.698101,20.499701,-14.700500,0.047771,-0.013570,0.015998,-15.666301,-52.738201,18.801300,-93.396698,0.129960,17.611099,-0.219067,-0.488812,-0.679304,0.501616,-198.509460,1545.567871,-4413.184082,-197.625397,1464.503906,-4420.053223,-183.630203,1587.569580,-4441.979492,-218.124573,1498.575195,-4372.124023,-194.657745,1631.623047,-4418.580078,-197.568100,1464.540283,-4419.720215,-183.889938,1587.460693,-4442.073730,-218.094620,1498.582153,-4372.556152,-194.487228,1631.687622,-4418.419434,2616.295410,1567.769165,-3159.790283,,,,,,,,,,,,,,,,,,,,,,,,,,,,,,,,,
8616,86.160000,0.000000,0.000000,0.000000,1.000000,0.000000,0.000000,0.000000,57.698101,20.499701,-14.700500,0.047771,-0.013570,0.015998,-15.666301,-52.738201,18.801300,-93.396698,0.129960,17.611099,-0.219016,-0.488636,-0.679533,0.501500,-199.547668,1545.369873,-4414.648926,-198.696487,1464.308594,-4421.555176,-184.647888,1587.378784,-4443.423340,-219.186661,1498.366333,-4373.612793,-195.659683,1631.426025,-4420.004395,-198.510239,1464.383911,-4421.075195,-185.142502,1587.188599,-4443.745117,-219.259583,1498.307983,-4374.123535,-195.308304,1631.587402,-4419.670410,2616.281738,1567.747803,-3159.787109,,,,,,,,,,,,,,,,,,,,,,,,,,,,,,,,,
8617,86.170000,0.000000,0.000000,0.000000,1.000000,0.000000,0.000000,0.000000,57.698101,20.499701,-14.700500,0.047771,-0.013570,0.015998,-15.666301,-52.738201,18.801300,-93.396698,0.129960,17.611099,-0.219190,-0.487768,-0.680087,0.501518,-200.737076,1545.144409,-4416.207520,-199.979630,1464.093262,-4423.240234,-185.817245,1587.181885,-4444.929199,-220.390701,1498.098389,-4375.227051,-196.760773,1631.204468,-4421.432617,-199.823914,1464.080200,-4422.780273,-186.261887,1587.003174,-4445.200684,-220.435257,1498.073730,-4375.749512,-196.441727,1631.415161,-4421.115723,2616.269531,1567.736328,-3159.784668,,,,,,,,,,,,,,,,,,,,,,,,,,,,,,,,,
8618,86.180000,0.000000,0.000000,0.000000,1.000000,0.000000,0.000000,0.000000,57.698101,20.499701,-14.700500,0.047771,-0.013570,0.015998,-15.666301,-52.738201,18.801300,-93.396698,0.129960,17.611099,-0.218924,-0.488223,-0.680162,0.501089,-201.886307,1544.936523,-4417.694336,-201.136246,1463.881836,-4424.688965,-186.921539,1586.957520,-4446.417480,-221.601486,1497.913574,-4376.717285,-197.886047,1630.993408,-4422.955078,-200.929108,1463.936401,-4424.150391,-187.474945,1586.785645,-4446.752930,-221.685837,1497.827393,-4377.279297,-197.481827,1631.188599,-4422.607422,2616.292236,1567.747437,-3159.780273,,,,,,,,,,,,,,,,,,,,,,,,,,,,,,,,,
8619,86.190000,0.000000,0.000000,0.000000,1.000000,0.000000,0.000000,0.000000,57.698101,20.499701,-14.700500,0.047771,-0.013570,0.015998,-15.666301,-52.738201,18.801300,-93.396698,0.129960,17.611099,-0.218124,-0.487816,-0.681672,0.499781,-203.012024,1544.744751,-4419.057617,-202.461334,1463.704346,-4426.233398,-187.859207,1586.790039,-4447.645996,-222.960724,1497.682861,-4378.238770,-198.766876,1630.802002,-4424.113281,-202.273315,1463.756714,-4425.730469,-188.412598,1586.666016,-4447.854004,-223.028503,1497.573120,-4378.793945,-198.358627,1630.974731,-4423.870605,2616.294678,1567.742432,-3159.782471,,,,,,,,,,,,,,,,,,,,,,,,,,,,,,,,,
8620,86.200000,0.000000,0.000000,0.000000,1.000000,0.000000,0.000000,0.000000,57.698101,20.499701,-14.700500,0.047771,-0.013570,0.015998,-15.666301,-52.738201,18.801300,-93.396698,0.129960,17.611099,-0.218367,-0.487937,-0.681581,0.499680,-204.010086,1544.568970,-4420.334961,-203.479233,1463.524536,-4427.466309,-188.851868,1586.595337,-4448.948242,-223.963531,1497.533813,-4379.486816,-199.745789,1630.622681,-4425.437012,-203.288376,1463.591431,-4427.001953,-189.389633,1586.535522,-4449.146973,-224.047623,1497.410278,-4379.975098,-199.341553,1630.734253,-4425.227539,2616.276855,1567.774902,-3159.784912,,,,,,,,,,,,,,,,,,,,,,,,,,,,,,,,,
8621,86.210000,0.000000,0.000000,0.000000,1.000000,0.000000,0.000000,0.000000,57.698101,20.499701,-14.700500,0.047771,-0.013570,0.015998,-15.666301,-52.738201,18.801300,-93.396698,0.129960,17.611099,-0.217505,-0.489624,-0.680953,0.499262,-205.033798,1544.425659,-4421.616699,-204.349197,1463.366333,-4428.565430,-189.858551,1586.412842,-4450.278320,-225.032700,1497.448975,-4380.724121,-200.894775,1630.474609,-4426.898438,-204.088837,1463.582886,-4428.008789,-190.484772,1586.379028,-4450.608887,-225.173355,1497.263550,-4381.216309,-200.414276,1630.488281,-4426.618652,2616.306641,1567.774780,-3159.779297,,,,,,,,,,,,,,,,,,,,,,,,,,,,,,,,,
8622,86.220000,0.000000,0.000000,0.000000,1.000000,0.000000,0.000000,0.000000,57.698101,20.499701,-14.700500,0.047771,-0.013570,0.015998,-15.666301,-52.738201,18.801300,-93.396698,0.129960,17.611099,-0.218759,-0.488676,-0.681313,0.499153,-206.097519,1544.302002,-4422.958984,-205.603851,1463.244019,-4429.937012,-190.900589,1586.266357,-4451.642578,-226.099579,1497.354248,-4382.034180,-201.786102,1630.343628,-4428.221191,-205.431030,1463.394775,-4429.419922,-191.372101,1586.263550,-4451.933105,-226.182800,1497.193726,-4382.515625,-201.422333,1630.359863,-4427.968262,2616.304443,1567.735474,-3159.769775,,,,,,,,,,,,,,,,,,,,,,,,,,,,,,,,,
8623,86.230000,0.000000,0.000000,0.000000,1.000000,0.000000,0.000000,0.000000,57.698101,20.499701,-14.700500,0.047771,-0.013570,0.015998,-15.666301,-52.738201,18.801300,-93.396698,0.129960,17.611099,-0.218776,-0.487985,-0.682003,0.498879,-207.195496,1544.184204,-4424.343750,-206.814819,1463.135986,-4431.441895,-191.944717,1586.169922,-4452.967285,-227.256531,1497.203735,-4383.485840,-202.765976,1630.227417,-4429.479492,-206.706497,1463.257935,-4430.997559,-192.300568,1586.147949,-4453.157715,-227.291656,1497.052979,-4383.927246,-202.491714,1630.275269,-4429.298828,2616.330322,1567.757080,-3159.767822,,,,,,,,,,,,,,,,,,,,,,,,,,,,,,,,,
8624,86.240000,0.000000,0.000000,0.000000,1.000000,0.000000,0.000000,0.000000,57.698101,20.499701,-14.700500,0.047771,-0.013570,0.015998,-15.666301,-52.738201,18.801300,-93.396698,0.129960,17.611099,-0.218429,-0.487794,-0.682704,0.498257,-208.238770,1544.076782,-4425.638672,-207.954254,1463.035522,-4432.818848,-192.899521,1586.071899,-4454.201172,-228.409363,1497.080688,-4384.853027,-203.691986,1630.119385,-4430.681641,-208.045700,1463.119263,-4432.450195,-192.996201,1586.129761,-4454.185059,-228.283508,1496.907471,-4385.269531,-203.621567,1630.127197,-4430.674316,2616.305420,1567.754761,-3159.781006,,,,,,,,,,,,,,,,,,,,,,,,,,,,,,,,,
8625,86.250000,0.000000,0.000000,0.000000,1.000000,0.000000,0.000000,0.000000,57.698101,20.499701,-14.700500,0.047771,-0.013570,0.015998,-15.666301,-52.738201,18.801300,-93.396698,0.129960,17.611099,-0.220055,-0.486623,-0.682825,0.498521,-209.346161,1543.920532,-4427.020508,-209.238022,1462.880249,-4434.218750,-194.031601,1585.893311,-4455.629395,-229.457428,1496.953125,-4386.172363,-204.657654,1629.955688,-4432.061523,-209.380341,1462.925537,-4433.827637,-194.062927,1585.968628,-4455.636719,-229.294632,1496.790039,-4386.604492,-204.638260,1629.965576,-4432.037109,2616.272461,1567.768311,-3159.789795,,,,,,,,,,,,,,,,,,,,,,,,,,,,,,,,,
8626,86.260000,0.000000,0.000000,0.000000,1.000000,0.000000,0.000000,0.000000,57.698101,20.499701,-14.700500,0.047771,-0.013570,0.015998,-15.666301,-52.738201,18.801300,-93.396698,0.129960,17.611099,-0.218752,-0.488035,-0.682760,0.497804,-210.448456,1543.985229,-4428.299316,-210.233704,1462.937988,-4435.415039,-195.064499,1585.944092,-4456.891602,-230.671448,1497.039429,-4387.481445,-205.824249,1630.019775,-4433.409668,-210.408813,1462.855103,-4434.922363,-195.049286,1585.840576,-4457.044434,-230.492218,1496.766846,-4387.989258,-205.841583,1630.502197,-4433.214844,2616.262451,1567.742920,-3159.797607,,,,,,,,,,,,,,,,,,,,,,,,,,,,,,,,,
8627,86.270000,0.000000,0.000000,0.000000,1.000000,0.000000,0.000000,0.000000,57.698101,20.499701,-14.700500,0.047771,-0.013570,0.015998,-15.666301,-52.738201,18.801300,-93.396698,0.129960,17.611099,-0.219905,-0.487429,-0.682805,0.497828,-211.561111,1543.934814,-4429.524414,-211.475494,1462.885376,-4436.618652,-196.180725,1585.864380,-4458.160645,-231.760849,1497.028198,-4388.649902,-206.827454,1629.961548,-4434.667480,-211.589417,1462.785767,-4436.054199,-196.210770,1585.719360,-4458.492676,-231.634995,1496.812134,-4389.194824,-206.802307,1630.461548,-4434.294434,2616.297119,1567.732056,-3159.785400,,,,,,,,,,,,,,,,,,,,,,,,,,,,,,,,,
8628,86.280000,0.000000,0.000000,0.000000,1.000000,0.000000,0.000000,0.000000,57.698101,20.499701,-14.700500,0.047771,-0.013570,0.015998,-15.666301,-52.738201,18.801300,-93.396698,0.129960,17.611099,-0.219799,-0.489433,-0.681993,0.497020,-212.723648,1543.723755,-4430.895020,-212.564316,1462.648193,-4437.682617,-197.298370,1585.555542,-4459.649902,-232.996307,1496.957764,-4389.895508,-208.035645,1629.733521,-4436.350586,-212.800110,1462.679443,-4437.301758,-197.212006,1585.671021,-4459.656250,-232.767014,1496.810791,-4390.307617,-208.107651,1629.708252,-4436.330078,2616.290771,1567.715698,-3159.772461,,,,,,,,,,,,,,,,,,,,,,,,,,,,,,,,,
8629,86.290000,0.000000,0.000000,0.000000,1.000000,0.000000,0.000000,0.000000,57.698101,20.499701,-14.700500,0.047771,-0.013570,0.015998,-15.666301,-52.738201,18.801300,-93.396698,0.129960,17.611099,-0.222050,-0.487854,-0.682181,0.497314,-213.909592,1543.508667,-4432.250977,-214.000763,1462.434570,-4439.057617,-198.511597,1585.305664,-4461.071289,-234.108841,1496.787720,-4391.164062,-209.017258,1629.506958,-4437.710449,-214.234955,1462.446167,-4438.874023,-198.376419,1585.484863,-4460.858398,-233.854904,1496.810913,-4391.458984,-209.155731,1629.297852,-4437.827637,2616.276367,1567.755249,-3159.791748,,,,,,,,,,,,,,,,,,,,,,,,,,,,,,,,,
8630,86.300000,0.000000,0.000000,0.000000,1.000000,0.000000,0.000000,0.000000,57.698101,20.499701,-14.700500,0.047771,-0.013570,0.015998,-15.666301,-52.738201,18.801300,-93.396698,0.129960,17.611099,-0.221975,-0.488217,-0.682686,0.496298,-215.158997,1543.386353,-4433.497559,-215.372894,1462.309937,-4440.273926,-199.643555,1585.146851,-4462.308105,-235.504395,1496.714478,-4392.426758,-210.115219,1629.374268,-4438.980957,-215.571960,1462.322510,-4440.086426,-199.540710,1585.301270,-4462.155273,-235.274567,1496.773315,-4392.727539,-210.234802,1629.150146,-4439.045898,2616.288818,1567.770630,-3159.795410,,,,,,,,,,,,,,,,,,,,,,,,,,,,,,,,,
8631,86.310000,0.000000,0.000000,0.000000,1.000000,0.000000,0.000000,0.000000,57.698101,20.499701,-14.700500,0.047771,-0.013570,0.015998,-15.666301,-52.738201,18.801300,-93.396698,0.129960,17.611099,-0.223271,-0.487419,-0.682675,0.496515,-216.402222,1543.355591,-4434.749512,-216.741364,1462.278809,-4441.516113,-200.912079,1585.092651,-4463.607910,-236.694656,1496.714844,-4393.617676,-211.260834,1629.336182,-4440.256836,-216.976395,1462.173340,-4441.402344,-200.728592,1585.195068,-4463.397461,-236.411682,1496.891602,-4393.897949,-211.456284,1629.185303,-4440.325195,2616.286621,1567.762817,-3159.791260,,,,,,,,,,,,,,,,,,,,,,,,,,,,,,,,,
8632,86.320000,0.000000,0.000000,0.000000,1.000000,0.000000,0.000000,0.000000,57.698101,20.499701,-14.700500,0.047771,-0.013570,0.015998,-15.666301,-52.738201,18.801300,-93.396698,0.129960,17.611099,-0.224040,-0.486938,-0.682515,0.496860,-217.725693,1543.377686,-4435.911621,-218.104980,1462.300293,-4442.668457,-202.277466,1585.106323,-4464.804199,-237.954117,1496.748169,-4394.735352,-212.566284,1629.356079,-4441.437988,-218.297592,1462.127930,-4442.488770,-202.192764,1585.125977,-4464.676758,-237.692764,1496.929932,-4395.105957,-212.682632,1629.346313,-4441.434570,2616.326904,1567.733643,-3159.777832,,,,,,,,,,,,,,,,,,,,,,,,,,,,,,,,,
8633,86.330000,0.000000,0.000000,0.000000,1.000000,0.000000,0.000000,0.000000,57.698101,20.499701,-14.700500,0.047771,-0.013570,0.015998,-15.666301,-52.738201,18.801300,-93.396698,0.129960,17.611099,-0.227208,-0.484273,-0.682000,0.498731,-218.953049,1543.426147,-4436.971680,-219.492020,1462.354858,-4443.791504,-203.715408,1585.160156,-4465.968262,-238.865753,1496.786987,-4395.652832,-213.739044,1629.402710,-4442.474609,-219.573242,1462.165771,-4443.580566,-203.767746,1585.090088,-4465.908203,-238.683701,1497.011963,-4396.084473,-213.752045,1629.467896,-4442.394043,2616.295654,1567.747559,-3159.774170,,,,,,,,,,,,,,,,,,,,,,,,,,,,,,,,,
8634,86.340000,0.000000,0.000000,0.000000,1.000000,0.000000,0.000000,0.000000,57.698101,20.499701,-14.700500,0.047771,-0.013570,0.015998,-15.666301,-52.738201,18.801300,-93.396698,0.129960,17.611099,-0.227481,-0.483564,-0.682375,0.498780,-220.318161,1543.419312,-4438.147949,-220.936081,1462.356079,-4445.055176,-205.070938,1585.171143,-4467.113770,-240.233063,1496.753296,-4396.860840,-215.032608,1629.397095,-4443.562500,-221.099304,1462.146973,-4444.947754,-205.003616,1585.126709,-4466.922852,-239.994797,1496.977661,-4397.176758,-215.139221,1629.444702,-4443.585449,2616.286377,1567.770020,-3159.795654,,,,,,,,,,,,,,,,,,,,,,,,,,,,,,,,,
8635,86.350000,0.000000,0.000000,0.000000,1.000000,0.000000,0.000000,0.000000,57.698101,20.499701,-14.700500,0.047771,-0.013570,0.015998,-15.666301,-52.738201,18.801300,-93.396698,0.129960,17.611099,-0.226991,-0.484713,-0.681409,0.499210,-221.552628,1543.470215,-4439.152344,-221.957535,1462.393311,-4445.912109,-206.383911,1585.207886,-4468.179688,-241.388382,1496.828735,-4397.798828,-216.480759,1629.451294,-4444.718262,-222.021759,1462.347534,-4445.667480,-206.461441,1585.135010,-4468.142090,-241.234528,1496.943237,-4398.229980,-216.464706,1629.476074,-4444.645508,2616.269287,1567.758301,-3159.793945,,,,,,,,,,,,,,,,,,,,,,,,,,,,,,,,,
8636,86.360000,0.000000,0.000000,0.000000,1.000000,0.000000,0.000000,0.000000,57.698101,20.499701,-14.700500,0.047771,-0.013570,0.015998,-15.666301,-52.738201,18.801300,-93.396698,0.129960,17.611099,-0.226932,-0.485693,-0.680061,0.500121,-222.938461,1543.518433,-4440.210938,-223.095734,1462.426025,-4446.794434,-207.911377,1585.239746,-4469.334961,-242.612061,1496.905640,-4398.748047,-218.134735,1629.502441,-4445.965332,-223.033051,1462.459229,-4446.411133,-208.179871,1585.132812,-4469.477051,-242.580353,1496.933105,-4399.243652,-217.959610,1629.551636,-4445.755371,2616.295166,1567.761719,-3159.790771,,,,,,,,,,,,,,,,,,,,,,,,,,,,,,,,,
8637,86.370000,0.000000,0.000000,0.000000,1.000000,0.000000,0.000000,0.000000,57.698101,20.499701,-14.700500,0.047771,-0.013570,0.015998,-15.666301,-52.738201,18.801300,-93.396698,0.129960,17.611099,-0.224743,-0.487666,-0.679757,0.499603,-224.470062,1543.555054,-4441.281250,-224.379898,1462.455811,-4447.782227,-209.397675,1585.285889,-4470.368164,-244.241653,1496.933105,-4399.875000,-219.861084,1629.545410,-4447.099121,-224.426453,1462.463257,-4447.477539,-209.500610,1585.274170,-4470.387695,-244.122543,1496.975708,-4400.309570,-219.809418,1629.517822,-4447.004883,2616.289307,1567.702148,-3159.776855,,,,,,,,,,,,,,,,,,,,,,,,,,,,,,,,,
8638,86.380000,0.000000,0.000000,0.000000,1.000000,0.000000,0.000000,0.000000,57.698101,20.499701,-14.700500,0.047771,-0.013570,0.015998,-15.666301,-52.738201,18.801300,-93.396698,0.129960,17.611099,-0.222705,-0.488570,-0.680894,0.498082,-226.031281,1543.607300,-4442.285156,-225.969788,1462.516235,-4448.885254,-210.760559,1585.361694,-4471.234863,-246.074905,1496.950684,-4401.049805,-221.319916,1629.601074,-4447.970215,-225.877258,1462.553711,-4448.439453,-211.104172,1585.297729,-4471.403809,-246.071442,1496.909912,-4401.570801,-221.075302,1629.664917,-4447.757324,2616.311279,1567.765747,-3159.772461,,,,,,,,,,,,,,,,,,,,,,,,,,,,,,,,,
8639,86.390000,0.000000,0.000000,0.000000,1.000000,0.000000,0.000000,0.000000,57.698101,20.499701,-14.700500,0.047771,-0.013570,0.015998,-15.666301,-52.738201,18.801300,-93.396698,0.129960,17.611099,-0.221304,-0.489877,-0.680525,0.497927,-227.434784,1543.684937,-4443.198242,-227.181366,1462.588745,-4449.732422,-212.159561,1585.447998,-4472.133301,-247.511856,1497.019409,-4401.988770,-222.886444,1629.683838,-4448.938965,-226.943344,1462.852539,-4449.160156,-212.740585,1585.293701,-4472.442871,-247.603516,1496.927856,-4402.554688,-222.472412,1629.677124,-4448.619141,2616.276367,1567.765625,-3159.801514,,,,,,,,,,,,,,,,,,,,,,,,,,,,,,,,,
8640,86.400000,0.000000,0.000000,0.000000,1.000000,0.000000,0.000000,0.000000,57.698101,20.499701,-14.700500,0.047771,-0.013570,0.015998,-15.666301,-52.738201,18.801300,-93.396698,0.129960,17.611099,-0.220887,-0.489736,-0.680458,0.498342,-229.017059,1543.713135,-4444.144043,-228.684402,1462.622070,-4450.736816,-213.782913,1585.512085,-4473.048828,-249.048172,1496.998047,-4402.968262,-224.552841,1629.720459,-4449.822266,-228.286942,1463.097900,-4450.102051,-214.528900,1585.208618,-4473.469238,-249.208206,1496.940674,-4403.500488,-224.039444,1629.657349,-4449.406738,2616.273438,1567.771118,-3159.799561,,,,,,,,,,,,,,,,,,,,,,,,,,,,,,,,,
8641,86.410000,0.000000,0.000000,0.000000,1.000000,0.000000,0.000000,0.000000,57.698101,20.499701,-14.700500,0.047771,-0.013570,0.015998,-15.666301,-52.738201,18.801300,-93.396698,0.129960,17.611099,-0.220776,-0.489501,-0.680502,0.498561,-230.373383,1543.876709,-4444.886230,-230.021591,1462.789551,-4451.525391,-215.158112,1585.696045,-4473.770996,-250.380905,1497.133179,-4403.731445,-225.932983,1629.888550,-4450.516602,-229.845657,1463.240723,-4451.099609,-215.522354,1585.469116,-4473.973633,-250.418808,1497.118896,-4404.140137,-225.693848,1629.755371,-4450.271484,2616.256348,1567.754395,-3159.794434,,,,,,,,,,,,,,,,,,,,,,,,,,,,,,,,,
8642,86.420000,0.000000,0.000000,0.000000,1.000000,0.000000,0.000000,0.000000,57.698101,20.499701,-14.700500,0.047771,-0.013570,0.015998,-15.666301,-52.738201,18.801300,-93.396698,0.129960,17.611099,-0.217463,-0.491025,-0.681602,0.497015,-231.806396,1544.130127,-4445.563477,-231.342834,1463.054077,-4452.330566,-216.389923,1586.007080,-4474.257324,-252.109879,1497.305420,-4404.646484,-227.382996,1630.154053,-4451.018555,-231.377975,1463.403931,-4451.886230,-216.532745,1585.972656,-4474.339355,-252.014969,1497.192627,-4405.110840,-227.284973,1630.009033,-4450.901367,2616.272217,1567.731567,-3159.788818,,,,,,,,,,,,,,,,,,,,,,,,,,,,,,,,,
8643,86.430000,0.000000,0.000000,0.000000,1.000000,0.000000,0.000000,0.000000,57.698101,20.499701,-14.700500,0.047771,-0.013570,0.015998,-15.666301,-52.738201,18.801300,-93.396698,0.129960,17.611099,-0.220018,-0.488433,-0.681448,0.498652,-233.411316,1544.336914,-4446.362793,-233.101944,1463.270996,-4453.259277,-218.164597,1586.239502,-4475.110352,-253.456619,1497.473877,-4405.362793,-228.922165,1630.363647,-4451.718750,-233.062180,1463.505127,-4452.821777,-218.378326,1586.175781,-4475.313965,-253.427536,1497.401123,-4405.811035,-228.772736,1630.287231,-4451.501465,2616.258057,1567.720581,-3159.787842,,,,,,,,,,,,,,,,,,,,,,,,,,,,,,,,,
8644,86.440000,0.000000,0.000000,0.000000,1.000000,0.000000,0.000000,0.000000,57.698101,20.499701,-14.700500,0.047771,-0.013570,0.015998,-15.666301,-52.738201,18.801300,-93.396698,0.129960,17.611099,-0.221131,-0.486718,-0.681451,0.499832,-235.230774,1544.538086,-4447.255371,-234.971161,1463.484253,-4454.294922,-220.100021,1586.487305,-4475.996582,-255.107605,1497.608032,-4406.250000,-230.744370,1630.573120,-4452.480957,-235.056915,1463.558105,-4454.013184,-220.133194,1586.468994,-4476.023438,-254.964020,1497.642944,-4406.641602,-230.748383,1630.500977,-4452.386230,2616.272705,1567.763062,-3159.798828,,,,,,,,,,,,,,,,,,,,,,,,,,,,,,,,,
8645,86.450000,0.000000,0.000000,0.000000,1.000000,0.000000,0.000000,0.000000,57.698101,20.499701,-14.700500,0.047771,-0.013570,0.015998,-15.666301,-52.738201,18.801300,-93.396698,0.129960,17.611099,-0.222547,-0.485142,-0.681182,0.501100,-236.851944,1544.751709,-4447.969727,-236.633011,1463.705322,-4455.094238,-221.857620,1586.729370,-4476.740234,-256.533081,1497.780884,-4406.916504,-232.384109,1630.791748,-4453.127930,-236.689575,1463.713989,-4454.884277,-221.905045,1586.637085,-4476.747070,-256.398438,1497.908447,-4407.282715,-232.391434,1630.775513,-4453.022461,2616.275146,1567.761719,-3159.799561,,,,,,,,,,,,,,,,,,,,,,,,,,,,,,,,,
8646,86.460000,0.000000,0.000000,0.000000,1.000000,0.000000,0.000000,0.000000,57.698101,20.499701,-14.700500,0.047771,-0.013570,0.015998,-15.666301,-52.738201,18.801300,-93.396698,0.129960,17.611099,-0.224623,-0.482706,-0.680450,0.503514,-238.682129,1544.813721,-4448.869629,-238.445541,1463.778931,-4456.125977,-223.955093,1586.851318,-4477.691406,-257.993774,1497.759033,-4407.737305,-234.334183,1630.865967,-4453.924805,-238.508331,1463.583252,-4456.086426,-223.911896,1586.751831,-4477.666016,-257.854980,1498.112061,-4407.952637,-234.433502,1630.865234,-4453.810059,2616.297852,1567.732300,-3159.783936,,,,,,,,,,,,,,,,,,,,,,,,,,,,,,,,,
8647,86.470000,0.000000,0.000000,0.000000,1.000000,0.000000,0.000000,0.000000,57.698101,20.499701,-14.700500,0.047771,-0.013570,0.015998,-15.666301,-52.738201,18.801300,-93.396698,0.129960,17.611099,-0.223469,-0.483556,-0.680280,0.503443,-240.455093,1544.914795,-4449.680176,-240.073654,1463.879150,-4456.919922,-225.724426,1586.969971,-4478.474121,-259.792236,1497.837646,-4408.585449,-236.230103,1630.972900,-4454.741699,-240.097916,1463.701172,-4456.828613,-225.763260,1586.901733,-4478.451660,-259.687927,1498.132324,-4408.846680,-236.252090,1630.969360,-4454.638184,2616.309814,1567.779175,-3159.784912,,,,,,,,,,,,,,,,,,,,,,,,,,,,,,,,,
8648,86.480000,0.000000,0.000000,0.000000,1.000000,0.000000,0.000000,0.000000,57.698101,20.499701,-14.700500,0.047771,-0.013570,0.015998,-15.666301,-52.738201,18.801300,-93.396698,0.129960,17.611099,-0.223679,-0.482340,-0.680715,0.503928,-242.456696,1544.956787,-4450.604980,-242.130859,1463.936157,-4458.014160,-227.755280,1587.064087,-4479.337402,-261.745270,1497.804321,-4409.573730,-238.195404,1631.022949,-4455.495117,-242.050369,1463.803711,-4457.878906,-227.951996,1586.874634,-4479.419922,-261.732544,1498.067017,-4409.866699,-238.098129,1631.106201,-4455.287109,2616.286133,1567.734497,-3159.791992,,,,,,,,,,,,,,,,,,,,,,,,,,,,,,,,,
8649,86.490000,0.000000,0.000000,0.000000,1.000000,0.000000,0.000000,0.000000,57.698101,20.499701,-14.700500,0.047771,-0.013570,0.015998,-15.666301,-52.738201,18.801300,-93.396698,0.129960,17.611099,-0.217033,-0.487661,-0.680672,0.501765,-244.258560,1545.145630,-4451.367676,-243.334427,1464.117310,-4458.640625,-229.333313,1587.295654,-4479.921875,-263.943329,1497.941895,-4410.584473,-240.423203,1631.228027,-4456.324707,-243.181351,1464.309814,-4458.200195,-229.760361,1587.092163,-4480.118164,-263.969879,1497.947510,-4411.110840,-240.140625,1631.236328,-4456.065430,2616.296143,1567.739624,-3159.789795,,,,,,,,,,,,,,,,,,,,,,,,,,,,,,,,,
8650,86.500000,0.000000,0.000000,0.000000,1.000000,0.000000,0.000000,0.000000,57.698101,20.499701,-14.700500,0.047771,-0.013570,0.015998,-15.666301,-52.738201,18.801300,-93.396698,0.129960,17.611099,-0.210712,-0.491933,-0.681237,0.499518,-245.693237,1545.461792,-4451.942871,-244.301666,1464.439331,-4459.206055,-230.517471,1587.680786,-4480.261719,-265.793182,1498.166382,-4411.468750,-242.160690,1631.560791,-4456.834473,-244.175903,1464.752808,-4458.641113,-230.925949,1587.584473,-4480.458984,-265.807739,1498.017090,-4412.020508,-241.863174,1631.526489,-4456.624512,2616.286133,1567.741089,-3159.780029,,,,,,,,,,,,,,,,,,,,,,,,,,,,,,,,,
8651,86.510000,0.000000,0.000000,0.000000,1.000000,0.000000,0.000000,0.000000,57.698101,20.499701,-14.700500,0.047771,-0.013570,0.015998,-15.666301,-52.738201,18.801300,-93.396698,0.129960,17.611099,-0.212061,-0.490251,-0.681181,0.500676,-247.473053,1545.686768,-4452.770996,-246.148499,1464.673706,-4460.152832,-232.412811,1587.938843,-4481.102539,-267.402557,1498.343750,-4412.269043,-243.928375,1631.791016,-4457.560547,-245.995499,1464.942871,-4459.578125,-232.858643,1587.809204,-4481.400879,-267.446533,1498.193848,-4412.811523,-243.604980,1631.816406,-4457.277344,2616.302734,1567.743896,-3159.782227,,,,,,,,,,,,,,,,,,,,,,,,,,,,,,,,,
8652,86.520000,0.000000,0.000000,0.000000,1.000000,0.000000,0.000000,0.000000,57.698101,20.499701,-14.700500,0.047771,-0.013570,0.015998,-15.666301,-52.738201,18.801300,-93.396698,0.129960,17.611099,-0.213103,-0.488721,-0.681343,0.501509,-249.130905,1545.967041,-4453.460938,-247.890320,1464.964722,-4460.972168,-234.146027,1588.252686,-4481.781738,-268.943542,1498.575073,-4412.958496,-245.543777,1632.076294,-4458.129395,-247.870010,1465.153931,-4460.593750,-234.355408,1588.182739,-4481.876465,-268.892395,1498.506836,-4413.384277,-245.401505,1632.041016,-4457.997559,2616.279541,1567.750977,-3159.785645,,,,,,,,,,,,,,,,,,,,,,,,,,,,,,,,,
8653,86.530000,0.000000,0.000000,0.000000,1.000000,0.000000,0.000000,0.000000,57.698101,20.499701,-14.700500,0.047771,-0.013570,0.015998,-15.666301,-52.738201,18.801300,-93.396698,0.129960,17.611099,-0.214563,-0.487112,-0.681020,0.502888,-250.987762,1546.272827,-4454.290527,-249.778397,1465.278320,-4461.889160,-236.150894,1588.588013,-4482.645508,-270.589905,1498.838501,-4413.735352,-247.431915,1632.386963,-4458.891602,-249.742386,1465.249756,-4461.558105,-236.352448,1588.272583,-4482.864746,-270.562439,1498.748291,-4414.127930,-247.282776,1632.870605,-4458.601074,2616.340820,1567.751343,-3159.777100,,,,,,,,,,,,,,,,,,,,,,,,,,,,,,,,,
8654,86.540000,0.000000,0.000000,0.000000,1.000000,0.000000,0.000000,0.000000,57.698101,20.499701,-14.700500,0.047771,-0.013570,0.015998,-15.666301,-52.738201,18.801300,-93.396698,0.129960,17.611099,-0.217354,-0.485340,-0.679975,0.504814,-252.765274,1546.372803,-4455.204590,-251.600021,1465.373901,-4462.765137,-238.161438,1588.674194,-4483.700684,-272.036774,1498.958496,-4414.467773,-249.262894,1632.484741,-4459.883789,-251.633759,1465.242798,-4462.657715,-238.178574,1588.477295,-4483.723145,-271.934021,1499.154907,-4414.720703,-249.304916,1632.639648,-4459.741211,2616.296143,1567.729614,-3159.769287,,,,,,,,,,,,,,,,,,,,,,,,,,,,,,,,,
8655,86.550000,0.000000,0.000000,0.000000,1.000000,0.000000,0.000000,0.000000,57.698101,20.499701,-14.700500,0.047771,-0.013570,0.015998,-15.666301,-52.738201,18.801300,-93.396698,0.129960,17.611099,-0.219516,-0.483639,-0.679547,0.506085,-254.403625,1546.517212,-4456.029785,-253.339233,1465.519653,-4463.619141,-239.944611,1588.816528,-4484.603027,-273.459290,1499.104980,-4415.189941,-250.871445,1632.628174,-4460.707520,-253.358002,1465.332397,-4463.563477,-239.946411,1588.696655,-4484.632324,-273.357117,1499.489990,-4415.424316,-250.935974,1632.619019,-4460.537109,2616.271484,1567.750000,-3159.791992,,,,,,,,,,,,,,,,,,,,,,,,,,,,,,,,,
8656,86.560000,0.000000,0.000000,0.000000,1.000000,0.000000,0.000000,0.000000,57.698101,20.499701,-14.700500,0.047771,-0.013570,0.015998,-15.666301,-52.738201,18.801300,-93.396698,0.129960,17.611099,-0.218728,-0.484408,-0.679044,0.506366,-256.234161,1546.717285,-4456.958984,-254.998383,1465.717285,-4464.497070,-241.820511,1589.027710,-4485.538086,-275.250946,1499.291992,-4416.115234,-252.866898,1632.832153,-4461.684082,-254.906418,1465.577271,-4464.269531,-242.075455,1588.850464,-4485.647461,-275.216248,1499.653564,-4416.581055,-252.737610,1632.845825,-4461.416504,2616.287598,1567.748169,-3159.786865,,,,,,,,,,,,,,,,,,,,,,,,,,,,,,,,,
8657,86.570000,0.000000,0.000000,0.000000,1.000000,0.000000,0.000000,0.000000,57.698101,20.499701,-14.700500,0.047771,-0.013570,0.015998,-15.666301,-52.738201,18.801300,-93.396698,0.129960,17.611099,-0.217112,-0.485512,-0.679158,0.505852,-258.112518,1546.949341,-4457.914062,-256.747559,1465.951172,-4465.449219,-243.640961,1589.278442,-4486.436523,-277.228180,1499.499634,-4417.145020,-254.833466,1633.068481,-4462.624512,-256.629395,1465.900757,-4465.138672,-243.972946,1589.145386,-4486.588867,-277.235046,1499.675171,-4417.617188,-254.624191,1633.092773,-4462.372070,2616.291748,1567.757202,-3159.780029,,,,,,,,,,,,,,,,,,,,,,,,,,,,,,,,,
8658,86.580000,0.000000,0.000000,0.000000,1.000000,0.000000,0.000000,0.000000,57.698101,20.499701,-14.700500,0.047771,-0.013570,0.015998,-15.666301,-52.738201,18.801300,-93.396698,0.129960,17.611099,-0.213606,-0.487709,-0.680221,0.503798,-259.882080,1547.246704,-4458.738770,-258.405884,1466.254639,-4466.317871,-245.162872,1589.602905,-4487.093750,-279.358276,1499.758789,-4418.185547,-256.601379,1633.370728,-4463.357910,-258.475006,1466.216064,-4466.020020,-245.248291,1589.598511,-4487.087891,-279.221008,1499.792236,-4418.608398,-256.562622,1633.381714,-4463.290527,2616.306885,1567.733032,-3159.781006,,,,,,,,,,,,,,,,,,,,,,,,,,,,,,,,,
8659,86.590000,0.000000,0.000000,0.000000,1.000000,0.000000,0.000000,0.000000,57.698101,20.499701,-14.700500,0.047771,-0.013570,0.015998,-15.666301,-52.738201,18.801300,-93.396698,0.129960,17.611099,-0.210902,-0.489750,-0.680992,0.501911,-261.385132,1547.546753,-4459.420898,-259.835632,1466.554077,-4466.979004,-246.449234,1589.902344,-4487.662598,-281.173462,1500.059937,-4419.017578,-258.082306,1633.670776,-4464.022949,-259.929169,1466.598389,-4466.648438,-246.516556,1589.912354,-4487.665039,-281.039948,1499.956909,-4419.410156,-258.041718,1633.703491,-4463.983887,2616.327637,1567.736328,-3159.770752,,,,,,,,,,,,,,,,,,,,,,,,,,,,,,,,,
8660,86.600000,0.000000,0.000000,0.000000,1.000000,0.000000,0.000000,0.000000,57.698101,20.499701,-14.700500,0.047771,-0.013570,0.015998,-15.666301,-52.738201,18.801300,-93.396698,0.129960,17.611099,-0.205636,-0.494031,-0.680462,0.500618,-262.828674,1548.003540,-4459.986328,-260.721100,1467.009277,-4467.391113,-247.783203,1590.399902,-4488.108887,-282.848938,1500.467529,-4419.755859,-259.961578,1634.137817,-4464.688965,-260.754456,1467.065552,-4466.926758,-247.938858,1590.191162,-4488.299805,-282.770081,1500.187012,-4420.239258,-259.821320,1634.605469,-4464.467285,2616.325439,1567.715942,-3159.757568,,,,,,,,,,,,,,,,,,,,,,,,,,,,,,,,,
8661,86.610000,0.000000,0.000000,0.000000,1.000000,0.000000,0.000000,0.000000,57.698101,20.499701,-14.700500,0.047771,-0.013570,0.015998,-15.666301,-52.738201,18.801300,-93.396698,0.129960,17.611099,-0.204866,-0.495694,-0.679902,0.500050,-264.260681,1548.173218,-4460.739746,-262.030945,1467.165039,-4467.953613,-249.181732,1590.523804,-4488.913086,-284.344940,1500.704224,-4420.461914,-261.485168,1634.300049,-4465.629395,-262.055511,1467.221069,-4467.553223,-249.344635,1590.464600,-4489.024414,-284.268677,1500.546753,-4420.895996,-261.361816,1634.444092,-4465.499512,2616.274170,1567.708618,-3159.772461,,,,,,,,,,,,,,,,,,,,,,,,,,,,,,,,,
8662,86.620000,0.000000,0.000000,0.000000,1.000000,0.000000,0.000000,0.000000,57.698101,20.499701,-14.700500,0.047771,-0.013570,0.015998,-15.666301,-52.738201,18.801300,-93.396698,0.129960,17.611099,-0.205520,-0.494705,-0.680215,0.500337,-265.881134,1548.238525,-4461.618164,-263.745361,1467.236328,-4468.926758,-250.818100,1590.605957,-4489.774902,-285.929840,1500.744141,-4421.352539,-263.031281,1634.367920,-4466.417480,-263.723114,1467.191895,-4468.633301,-251.002518,1590.581787,-4489.874023,-285.878082,1500.805054,-4421.734863,-262.914185,1634.380005,-4466.259766,2616.264404,1567.779907,-3159.804688,,,,,,,,,,,,,,,,,,,,,,,,,,,,,,,,,
8663,86.630000,0.000000,0.000000,0.000000,1.000000,0.000000,0.000000,0.000000,57.698101,20.499701,-14.700500,0.047771,-0.013570,0.015998,-15.666301,-52.738201,18.801300,-93.396698,0.129960,17.611099,-0.206610,-0.494224,-0.678903,0.502141,-267.516541,1548.330200,-4462.519043,-265.210205,1467.326294,-4469.756836,-252.680069,1590.706909,-4490.782227,-287.273987,1500.826172,-4422.121582,-264.902069,1634.461670,-4467.416016,-265.183990,1467.264038,-4469.495605,-252.855087,1590.677124,-4490.869141,-287.198914,1501.062134,-4422.557129,-264.809875,1634.356934,-4467.217773,2616.263672,1567.774292,-3159.811035,,,,,,,,,,,,,,,,,,,,,,,,,,,,,,,,,
8664,86.640000,0.000000,0.000000,0.000000,1.000000,0.000000,0.000000,0.000000,57.698101,20.499701,-14.700500,0.047771,-0.013570,0.015998,-15.666301,-52.738201,18.801300,-93.396698,0.129960,17.611099,-0.208723,-0.491413,-0.679182,0.503647,-268.961548,1548.468506,-4463.389160,-266.827393,1467.480347,-4470.853027,-254.261734,1590.896484,-4491.646973,-288.504089,1500.888916,-4422.976074,-266.253021,1634.608398,-4468.081543,-266.804504,1467.369507,-4470.558105,-254.433899,1590.890137,-4491.766113,-288.441071,1501.054077,-4423.402344,-266.153839,1634.579956,-4467.881836,2616.292480,1567.728394,-3159.784912,,,,,,,,,,,,,,,,,,,,,,,,,,,,,,,,,
8665,86.650000,0.000000,0.000000,0.000000,1.000000,0.000000,0.000000,0.000000,57.698101,20.499701,-14.700500,0.047771,-0.013570,0.015998,-15.666301,-52.738201,18.801300,-93.396698,0.129960,17.611099,-0.210350,-0.489429,-0.679043,0.505086,-270.586761,1548.522217,-4464.419434,-268.522369,1467.544800,-4472.018066,-256.033417,1590.988403,-4492.695312,-289.915436,1500.887573,-4423.967773,-267.875885,1634.668335,-4468.996094,-268.429718,1467.496704,-4471.649414,-256.362061,1590.922363,-4492.838867,-289.902740,1500.978149,-4424.462891,-267.657715,1634.698608,-4468.775391,2616.314209,1567.738037,-3159.772461,,,,,,,,,,,,,,,,,,,,,,,,,,,,,,,,,
8666,86.660000,0.000000,0.000000,0.000000,1.000000,0.000000,0.000000,0.000000,57.698101,20.499701,-14.700500,0.047771,-0.013570,0.015998,-15.666301,-52.738201,18.801300,-93.396698,0.129960,17.611099,-0.213675,-0.486912,-0.678795,0.506456,-271.936859,1548.437744,-4465.436523,-270.115540,1467.459106,-4473.083496,-257.530945,1590.883179,-4493.818848,-291.025787,1500.829468,-4424.840332,-269.075226,1634.579590,-4470.002441,-269.960846,1467.554321,-4472.754883,-257.973724,1590.934204,-4493.911133,-291.067780,1500.973999,-4425.295410,-268.744934,1634.278442,-4469.812012,2616.289062,1567.771729,-3159.784668,,,,,,,,,,,,,,,,,,,,,,,,,,,,,,,,,
8667,86.670000,0.000000,0.000000,0.000000,1.000000,0.000000,0.000000,0.000000,57.698101,20.499701,-14.700500,0.047771,-0.013570,0.015998,-15.666301,-52.738201,18.801300,-93.396698,0.129960,17.611099,-0.213468,-0.487152,-0.677427,0.508141,-273.506897,1548.422852,-4466.524414,-271.376556,1467.446411,-4474.115723,-259.318176,1590.904297,-4494.962402,-292.337341,1500.768921,-4425.861328,-270.995667,1634.571899,-4471.158691,-271.335876,1467.502930,-4473.845703,-259.545593,1590.839478,-4494.986328,-292.285400,1500.871338,-4426.279297,-270.856873,1634.495972,-4471.040527,2616.266602,1567.761963,-3159.798340,,,,,,,,,,,,,,,,,,,,,,,,,,,,,,,,,
8668,86.680000,0.000000,0.000000,0.000000,1.000000,0.000000,0.000000,0.000000,57.698101,20.499701,-14.700500,0.047771,-0.013570,0.015998,-15.666301,-52.738201,18.801300,-93.396698,0.129960,17.611099,-0.211955,-0.488105,-0.677425,0.507863,-274.735413,1548.402344,-4467.545898,-272.458099,1467.430176,-4475.140625,-260.517273,1590.908936,-4495.931641,-293.627625,1500.714722,-4426.951172,-272.338745,1634.555664,-4472.160645,-272.485199,1467.505005,-4474.883789,-260.669922,1590.851440,-4495.871094,-293.506226,1500.806885,-4427.384766,-272.262360,1634.473022,-4472.111328,2616.295166,1567.740601,-3159.791992,,,,,,,,,,,,,,,,,,,,,,,,,,,,,,,,,
8669,86.690000,0.000000,0.000000,0.000000,1.000000,0.000000,0.000000,0.000000,57.698101,20.499701,-14.700500,0.047771,-0.013570,0.015998,-15.666301,-52.738201,18.801300,-93.396698,0.129960,17.611099,-0.213842,-0.485766,-0.678178,0.508308,-275.991028,1548.281128,-4468.778809,-273.995117,1467.319214,-4476.560059,-261.788727,1590.806763,-4497.143555,-294.821289,1500.561768,-4428.192383,-273.359070,1634.436768,-4473.218750,-274.054779,1467.321167,-4476.359375,-261.835602,1590.787964,-4497.126953,-294.691833,1500.696289,-4428.537109,-273.358429,1634.346558,-4473.144043,2616.292236,1567.737305,-3159.785889,,,,,,,,,,,,,,,,,,,,,,,,,,,,,,,,,
8670,86.700000,0.000000,0.000000,0.000000,1.000000,0.000000,0.000000,0.000000,57.698101,20.499701,-14.700500,0.047771,-0.013570,0.015998,-15.666301,-52.738201,18.801300,-93.396698,0.129960,17.611099,-0.212517,-0.485823,-0.679678,0.506805,-277.218811,1548.100586,-4470.147949,-275.374115,1467.150879,-4478.090820,-262.808777,1590.653076,-4498.367676,-296.316833,1500.339478,-4429.736328,-274.375610,1634.259277,-4474.397461,-275.527435,1467.156616,-4477.914551,-262.727325,1590.663452,-4498.319824,-296.119049,1500.450439,-4430.035645,-274.483826,1634.149048,-4474.361328,2616.296143,1567.740723,-3159.782715,,,,,,,,,,,,,,,,,,,,,,,,,,,,,,,,,
8671,86.710000,0.000000,0.000000,0.000000,1.000000,0.000000,0.000000,0.000000,57.698101,20.499701,-14.700500,0.047771,-0.013570,0.015998,-15.666301,-52.738201,18.801300,-93.396698,0.129960,17.611099,-0.214434,-0.484106,-0.679635,0.507696,-278.328674,1548.031860,-4471.444824,-276.633972,1467.085449,-4479.455566,-264.009460,1590.585571,-4499.708008,-297.278992,1500.266846,-4430.967773,-275.392395,1634.189575,-4475.646484,-276.764679,1466.976685,-4479.229492,-263.948944,1590.392334,-4499.747070,-297.113007,1500.256714,-4431.291016,-275.489014,1634.534668,-4475.518066,2616.287598,1567.724243,-3159.787354,,,,,,,,,,,,,,,,,,,,,,,,,,,,,,,,,
8672,86.720000,0.000000,0.000000,0.000000,1.000000,0.000000,0.000000,0.000000,57.698101,20.499701,-14.700500,0.047771,-0.013570,0.015998,-15.666301,-52.738201,18.801300,-93.396698,0.129960,17.611099,-0.212774,-0.484220,-0.681073,0.506358,-279.334503,1547.811768,-4472.681152,-277.736359,1466.881836,-4480.875000,-264.825470,1590.408325,-4500.783203,-298.535400,1499.982788,-4432.398438,-276.240906,1633.974365,-4476.667969,-277.894470,1466.749512,-4480.569336,-264.768097,1590.238037,-4500.847168,-298.345276,1499.898926,-4432.794434,-276.332794,1634.410522,-4476.519531,2616.291016,1567.754150,-3159.791016,,,,,,,,,,,,,,,,,,,,,,,,,,,,,,,,,
8673,86.730000,0.000000,0.000000,0.000000,1.000000,0.000000,0.000000,0.000000,57.698101,20.499701,-14.700500,0.047771,-0.013570,0.015998,-15.666301,-52.738201,18.801300,-93.396698,0.129960,17.611099,-0.213915,-0.482816,-0.681217,0.507023,-280.160400,1547.614990,-4473.785156,-278.667969,1466.693359,-4482.080078,-265.711182,1590.231201,-4501.888672,-299.263000,1499.756592,-4433.491211,-276.999542,1633.779297,-4477.681641,-278.817719,1466.529297,-4481.715820,-265.673035,1590.012695,-4502.010742,-299.071960,1499.665527,-4433.955566,-277.080200,1634.344360,-4477.447266,2616.289307,1567.729126,-3159.780273,,,,,,,,,,,,,,,,,,,,,,,,,,,,,,,,,
8674,86.740000,0.000000,0.000000,0.000000,1.000000,0.000000,0.000000,0.000000,57.698101,20.499701,-14.700500,0.047771,-0.013570,0.015998,-15.666301,-52.738201,18.801300,-93.396698,0.129960,17.611099,-0.212462,-0.484439,-0.681603,0.505566,-281.087097,1547.234863,-4475.127930,-279.574280,1466.304688,-4483.334473,-266.480042,1589.819214,-4503.197754,-300.412354,1499.421631,-4434.885742,-277.881805,1633.394409,-4479.092773,-279.810028,1466.231323,-4482.993164,-266.436157,1589.805420,-4503.077637,-300.123749,1499.365356,-4435.384277,-277.951233,1633.508179,-4479.115723,2616.283936,1567.738892,-3159.781250,,,,,,,,,,,,,,,,,,,,,,,,,,,,,,,,,
8675,86.750000,0.000000,0.000000,0.000000,1.000000,0.000000,0.000000,0.000000,57.698101,20.499701,-14.700500,0.047771,-0.013570,0.015998,-15.666301,-52.738201,18.801300,-93.396698,0.129960,17.611099,-0.213913,-0.482857,-0.682195,0.505667,-281.911072,1546.890015,-4476.384277,-280.632019,1465.967041,-4484.701660,-267.291992,1589.473877,-4504.448242,-301.219940,1499.073242,-4436.138672,-278.500397,1633.046143,-4480.248047,-280.846222,1465.842285,-4484.481934,-267.218597,1589.567017,-4504.260742,-300.950989,1499.152466,-4436.524902,-278.591858,1633.005615,-4480.310059,2616.306396,1567.783569,-3159.784424,,,,,,,,,,,,,,,,,,,,,,,,,,,,,,,,,
8676,86.760000,0.000000,0.000000,0.000000,1.000000,0.000000,0.000000,0.000000,57.698101,20.499701,-14.700500,0.047771,-0.013570,0.015998,-15.666301,-52.738201,18.801300,-93.396698,0.129960,17.611099,-0.213789,-0.482739,-0.682342,0.505635,-282.674286,1546.580444,-4477.587402,-281.403961,1465.660767,-4485.937988,-268.045898,1589.174194,-4505.631836,-301.994812,1498.749390,-4437.364258,-279.252533,1632.737793,-4481.415039,-281.550873,1465.552979,-4485.718262,-268.005371,1589.252197,-4505.581543,-301.803314,1498.852661,-4437.704102,-279.316711,1632.671631,-4481.385742,2616.296143,1567.714233,-3159.780029,,,,,,,,,,,,,,,,,,,,,,,,,,,,,,,,,
8677,86.770000,0.000000,0.000000,0.000000,1.000000,0.000000,0.000000,0.000000,57.698101,20.499701,-14.700500,0.047771,-0.013570,0.015998,-15.666301,-52.738201,18.801300,-93.396698,0.129960,17.611099,-0.214808,-0.481793,-0.682015,0.506546,-283.540497,1546.364014,-4478.775391,-282.283356,1465.447388,-4487.157227,-269.014435,1588.969849,-4506.854980,-302.716675,1498.515991,-4438.503906,-280.147491,1632.523315,-4482.585449,-282.351776,1465.220703,-4486.908691,-269.014099,1588.791260,-4506.996582,-302.621155,1498.512329,-4438.800781,-280.180389,1633.004639,-4482.350586,2616.338135,1567.761963,-3159.765381,,,,,,,,,,,,,,,,,,,,,,,,,,,,,,,,,
8678,86.780000,0.000000,0.000000,0.000000,1.000000,0.000000,0.000000,0.000000,57.698101,20.499701,-14.700500,0.047771,-0.013570,0.015998,-15.666301,-52.738201,18.801300,-93.396698,0.129960,17.611099,-0.214005,-0.481886,-0.682777,0.505770,-284.264923,1546.045166,-4479.857910,-283.070984,1465.136353,-4488.325195,-269.632111,1588.666504,-4507.857910,-303.580841,1498.172852,-4439.682129,-280.775848,1632.204956,-4483.566895,-283.144867,1464.929077,-4488.011230,-269.645874,1588.487427,-4508.036621,-303.485260,1498.090576,-4440.023926,-280.783966,1632.786133,-4483.296387,2616.300049,1567.739136,-3159.776855,,,,,,,,,,,,,,,,,,,,,,,,,,,,,,,,,
8679,86.790000,0.000000,0.000000,0.000000,1.000000,0.000000,0.000000,0.000000,57.698101,20.499701,-14.700500,0.047771,-0.013570,0.015998,-15.666301,-52.738201,18.801300,-93.396698,0.129960,17.611099,-0.211854,-0.482770,-0.683637,0.504669,-284.932709,1545.714844,-4480.788574,-283.687592,1464.817505,-4489.356934,-270.156311,1588.374512,-4508.655273,-304.455719,1497.787964,-4440.778320,-281.431213,1631.879761,-4484.364746,-283.786102,1464.646118,-4488.998047,-270.162170,1588.217407,-4508.830566,-304.341339,1497.643677,-4441.158691,-281.440186,1632.458618,-4484.110840,2616.305176,1567.765015,-3159.788574,,,,,,,,,,,,,,,,,,,,,,,,,,,,,,,,,
8680,86.800000,0.000000,0.000000,0.000000,1.000000,0.000000,0.000000,0.000000,57.698101,20.499701,-14.700500,0.047771,-0.013570,0.015998,-15.666301,-52.738201,18.801300,-93.396698,0.129960,17.611099,-0.210761,-0.482966,-0.684148,0.504248,-285.646942,1545.295654,-4481.708008,-284.378143,1464.408447,-4490.366699,-270.808136,1587.988037,-4509.491211,-305.260254,1497.321899,-4441.798340,-282.141327,1631.464844,-4485.177246,-284.419342,1464.303711,-4489.922852,-270.915405,1587.775024,-4509.749023,-305.169861,1497.196655,-4442.292969,-282.062469,1631.970581,-4484.837891,2616.276611,1567.744141,-3159.785156,,,,,,,,,,,,,,,,,,,,,,,,,,,,,,,,,
8681,86.810000,0.000000,0.000000,0.000000,1.000000,0.000000,0.000000,0.000000,57.698101,20.499701,-14.700500,0.047771,-0.013570,0.015998,-15.666301,-52.738201,18.801300,-93.396698,0.129960,17.611099,-0.210877,-0.482413,-0.684352,0.504451,-286.316620,1544.921143,-4482.605469,-285.077118,1464.041504,-4491.339355,-271.489014,1587.635010,-4510.361328,-305.910156,1496.915771,-4442.723633,-282.790283,1631.092529,-4485.997559,-285.077972,1463.978394,-4490.829590,-271.677216,1587.398560,-4510.666504,-305.851501,1496.732300,-4443.274902,-282.623810,1631.653442,-4485.610840,2616.303955,1567.739380,-3159.774902,,,,,,,,,,,,,,,,,,,,,,,,,,,,,,,,,
8682,86.820000,0.000000,0.000000,0.000000,1.000000,0.000000,0.000000,0.000000,57.698101,20.499701,-14.700500,0.047771,-0.013570,0.015998,-15.666301,-52.738201,18.801300,-93.396698,0.129960,17.611099,-0.207501,-0.483509,-0.685495,0.503248,-287.117279,1544.546631,-4483.513184,-285.738220,1463.690186,-4492.439941,-272.125336,1587.343384,-4511.052246,-306.959412,1496.423706,-4443.896973,-283.646179,1630.729370,-4486.664062,-285.704376,1463.669800,-4491.846680,-272.398834,1587.085205,-4511.409668,-306.914978,1496.224976,-4444.546875,-283.411835,1631.256836,-4486.234375,2616.296143,1567.765381,-3159.773438,,,,,,,,,,,,,,,,,,,,,,,,,,,,,,,,,
8683,86.830000,0.000000,0.000000,0.000000,1.000000,0.000000,0.000000,0.000000,57.698101,20.499701,-14.700500,0.047771,-0.013570,0.015998,-15.666301,-52.738201,18.801300,-93.396698,0.129960,17.611099,-0.206729,-0.482431,-0.686197,0.503644,-287.882538,1544.214722,-4484.382812,-286.493561,1463.386475,-4493.560059,-272.899628,1587.098633,-4511.790039,-307.713501,1495.966675,-4444.913574,-284.423492,1630.407349,-4487.267090,-286.472656,1463.298706,-4493.050293,-273.126251,1586.865479,-4512.107910,-307.665161,1495.821655,-4445.479492,-284.231110,1630.938843,-4486.866211,2616.295166,1567.756592,-3159.788574,,,,,,,,,,,,,,,,,,,,,,,,,,,,,,,,,
8684,86.840000,0.000000,0.000000,0.000000,1.000000,0.000000,0.000000,0.000000,57.698101,20.499701,-14.700500,0.047771,-0.013570,0.015998,-15.666301,-52.738201,18.801300,-93.396698,0.129960,17.611099,-0.207848,-0.481665,-0.685698,0.504595,-288.689148,1543.761963,-4485.490234,-287.298431,1462.932861,-4494.659180,-273.818024,1586.647461,-4512.956543,-308.364655,1495.512207,-4445.945312,-285.275452,1629.955566,-4488.400391,-287.342194,1462.957520,-4494.407715,-273.945557,1586.576904,-4512.899414,-308.261444,1495.452148,-4446.295410,-285.198517,1630.051636,-4488.388184,2616.309326,1567.756592,-3159.790039,,,,,,,,,,,,,,,,,,,,,,,,,,,,,,,,,
8685,86.850000,0.000000,0.000000,0.000000,1.000000,0.000000,0.000000,0.000000,57.698101,20.499701,-14.700500,0.047771,-0.013570,0.015998,-15.666301,-52.738201,18.801300,-93.396698,0.129960,17.611099,-0.207268,-0.480950,-0.685949,0.505175,-289.475037,1543.400146,-4486.405762,-288.022888,1462.591187,-4495.740723,-274.648865,1586.353882,-4513.789551,-309.096649,1495.053589,-4446.952148,-286.131744,1629.602173,-4489.140625,-288.062775,1462.672729,-4495.480957,-274.786041,1586.296143,-4513.727539,-308.988159,1495.033936,-4447.322754,-286.056335,1629.602783,-4489.125488,2616.326904,1567.736572,-3159.775391,,,,,,,,,,,,,,,,,,,,,,,,,,,,,,,,,
8686,86.860000,0.000000,0.000000,0.000000,1.000000,0.000000,0.000000,0.000000,57.698101,20.499701,-14.700500,0.047771,-0.013570,0.015998,-15.666301,-52.738201,18.801300,-93.396698,0.129960,17.611099,-0.204661,-0.482149,-0.686249,0.504686,-290.295471,1543.071411,-4487.446777,-288.628937,1462.275635,-4496.859863,-275.409454,1586.084595,-4514.704102,-310.030975,1494.642700,-4448.150879,-287.112640,1629.282959,-4490.071289,-288.673584,1462.448608,-4496.520508,-275.583130,1586.058960,-4514.639160,-309.907074,1494.599609,-4448.602539,-287.006531,1629.199097,-4490.060547,2616.309814,1567.775146,-3159.779053,,,,,,,,,,,,,,,,,,,,,,,,,,,,,,,,,
8687,86.870000,0.000000,0.000000,0.000000,1.000000,0.000000,0.000000,0.000000,57.698101,20.499701,-14.700500,0.047771,-0.013570,0.015998,-15.666301,-52.738201,18.801300,-93.396698,0.129960,17.611099,-0.207305,-0.479034,-0.686144,0.506712,-291.186401,1542.713501,-4488.549316,-289.678986,1461.938477,-4498.165039,-276.499176,1585.776611,-4515.836426,-310.622467,1494.211426,-4449.194824,-287.945038,1628.927979,-4491.000488,-289.591858,1462.089233,-4497.698242,-276.863068,1585.624023,-4515.978516,-310.598602,1494.172241,-4449.752441,-287.701935,1628.970459,-4490.801270,2616.298096,1567.724976,-3159.782227,,,,,,,,,,,,,,,,,,,,,,,,,,,,,,,,,
8688,86.880000,0.000000,0.000000,0.000000,1.000000,0.000000,0.000000,0.000000,57.698101,20.499701,-14.700500,0.047771,-0.013570,0.015998,-15.666301,-52.738201,18.801300,-93.396698,0.129960,17.611099,-0.207672,-0.478869,-0.685286,0.507878,-292.097321,1542.346802,-4489.692383,-290.445038,1461.570435,-4499.272461,-277.556915,1585.426514,-4517.031250,-311.349548,1493.824097,-4450.272949,-289.037903,1628.566528,-4492.192383,-290.317261,1461.843628,-4498.715820,-277.976685,1585.249268,-4517.241699,-311.359802,1493.716675,-4450.847168,-288.748108,1628.594604,-4491.958496,2616.314697,1567.722046,-3159.770020,,,,,,,,,,,,,,,,,,,,,,,,,,,,,,,,,
8689,86.890000,0.000000,0.000000,0.000000,1.000000,0.000000,0.000000,0.000000,57.698101,20.499701,-14.700500,0.047771,-0.013570,0.015998,-15.666301,-52.738201,18.801300,-93.396698,0.129960,17.611099,-0.207783,-0.478696,-0.684865,0.508564,-292.913544,1542.041748,-4490.772461,-291.176147,1461.267334,-4500.354980,-278.456177,1585.138916,-4518.127930,-312.062225,1493.495972,-4451.331055,-289.959717,1628.265015,-4493.275391,-291.011414,1461.617432,-4499.666504,-278.951508,1584.925659,-4518.416016,-312.085907,1493.364868,-4451.996582,-289.619659,1628.292480,-4492.977051,2616.343262,1567.761719,-3159.775879,,,,,,,,,,,,,,,,,,,,,,,,,,,,,,,,,
8690,86.900000,0.000000,0.000000,0.000000,1.000000,0.000000,0.000000,0.000000,57.698101,20.499701,-14.700500,0.047771,-0.013570,0.015998,-15.666301,-52.738201,18.801300,-93.396698,0.129960,17.611099,-0.208142,-0.477933,-0.684891,0.509098,-293.906067,1542.054688,-4491.814453,-292.182068,1461.289307,-4501.475098,-279.498993,1585.177734,-4519.155762,-312.982788,1493.471558,-4452.384277,-290.960449,1628.280396,-4494.243164,-292.050018,1462.074829,-4500.613281,-279.938110,1584.656738,-4519.520996,-312.986237,1493.084473,-4453.074707,-290.665863,1628.520508,-4493.930664,2616.284912,1567.747803,-3159.788574,,,,,,,,,,,,,,,,,,,,,,,,,,,,,,,,,
8691,86.910000,0.000000,0.000000,0.000000,1.000000,0.000000,0.000000,0.000000,57.698101,20.499701,-14.700500,0.047771,-0.013570,0.015998,-15.666301,-52.738201,18.801300,-93.396698,0.129960,17.611099,-0.210467,-0.475285,-0.684229,0.511506,-294.787445,1541.820190,-4492.898926,-293.093506,1461.071777,-4502.705566,-280.639771,1584.997192,-4520.290527,-313.498840,1493.160400,-4453.388184,-291.917725,1628.051636,-4495.210938,-292.971924,1461.352173,-4502.154785,-281.050446,1584.444702,-4520.782227,-313.524231,1492.980957,-4453.961914,-291.662872,1628.420532,-4494.775391,2616.304688,1567.768066,-3159.786621,,,,,,,,,,,,,,,,,,,,,,,,,,,,,,,,,
8692,86.920000,0.000000,0.000000,0.000000,1.000000,0.000000,0.000000,0.000000,57.698101,20.499701,-14.700500,0.047771,-0.013570,0.015998,-15.666301,-52.738201,18.801300,-93.396698,0.129960,17.611099,-0.210485,-0.474837,-0.683687,0.512639,-295.658051,1541.623657,-4493.914551,-293.828339,1460.884033,-4503.769043,-281.641388,1584.842651,-4521.307617,-314.206360,1492.906616,-4454.397461,-292.956177,1627.861694,-4496.184082,-293.642426,1460.918579,-4503.317383,-282.075867,1584.320190,-4521.888184,-314.285828,1492.871094,-4454.841309,-292.659393,1628.362305,-4495.607910,2616.320557,1567.733032,-3159.781982,,,,,,,,,,,,,,,,,,,,,,,,,,,,,,,,,
8693,86.930000,0.000000,0.000000,0.000000,1.000000,0.000000,0.000000,0.000000,57.698101,20.499701,-14.700500,0.047771,-0.013570,0.015998,-15.666301,-52.738201,18.801300,-93.396698,0.129960,17.611099,-0.210300,-0.473949,-0.683947,0.513188,-296.599945,1541.482056,-4494.956543,-294.757751,1460.761841,-4504.964844,-282.624969,1584.756592,-4522.282715,-315.092072,1492.685303,-4455.511719,-293.925140,1627.724976,-4497.066406,-294.607910,1460.600220,-4504.575684,-282.981201,1584.299927,-4522.789551,-315.140411,1492.758179,-4455.962891,-293.679413,1628.315308,-4496.459961,2616.323486,1567.713135,-3159.762451,,,,,,,,,,,,,,,,,,,,,,,,,,,,,,,,,
8694,86.940000,0.000000,0.000000,0.000000,1.000000,0.000000,0.000000,0.000000,57.698101,20.499701,-14.700500,0.047771,-0.013570,0.015998,-15.666301,-52.738201,18.801300,-93.396698,0.129960,17.611099,-0.208146,-0.478453,-0.681847,0.512682,-297.633392,1541.299927,-4496.207031,-295.285400,1460.530884,-4505.704102,-283.695312,1584.481079,-4523.699219,-316.145752,1492.646606,-4456.595215,-295.407135,1627.541504,-4498.830078,-295.223389,1460.647705,-4505.336914,-283.951538,1584.312500,-4523.847168,-316.122406,1492.640015,-4457.039062,-295.241516,1627.600464,-4498.633301,2616.346680,1567.727783,-3159.758057,,,,,,,,,,,,,,,,,,,,,,,,,,,,,,,,,
8695,86.950000,0.000000,0.000000,0.000000,1.000000,0.000000,0.000000,0.000000,57.698101,20.499701,-14.700500,0.047771,-0.013570,0.015998,-15.666301,-52.738201,18.801300,-93.396698,0.129960,17.611099,-0.209752,-0.477341,-0.681592,0.513402,-298.527130,1541.210571,-4497.163086,-296.279327,1460.438965,-4506.663086,-284.669983,1584.379150,-4524.716309,-316.912628,1492.573975,-4457.471191,-296.246582,1627.450195,-4499.802246,-296.226471,1460.505859,-4506.370117,-284.901642,1584.293091,-4524.791016,-316.879944,1492.655640,-4457.878418,-296.099854,1627.400269,-4499.652344,2616.274658,1567.690186,-3159.768066,,,,,,,,,,,,,,,,,,,,,,,,,,,,,,,,,
8696,86.960000,0.000000,0.000000,0.000000,1.000000,0.000000,0.000000,0.000000,57.698101,20.499701,-14.700500,0.047771,-0.013570,0.015998,-15.666301,-52.738201,18.801300,-93.396698,0.129960,17.611099,-0.209239,-0.477642,-0.681677,0.513220,-299.421326,1541.167603,-4498.070801,-297.139313,1460.397827,-4507.578125,-285.542755,1584.343384,-4525.601562,-317.841461,1492.521118,-4458.407227,-297.161743,1627.408325,-4500.696289,-297.038330,1460.491577,-4507.283691,-285.848846,1584.271973,-4525.690430,-317.844147,1492.656860,-4458.830566,-296.957031,1627.265503,-4500.520508,2616.276367,1567.749512,-3159.786621,,,,,,,,,,,,,,,,,,,,,,,,,,,,,,,,,
8697,86.970000,0.000000,0.000000,0.000000,1.000000,0.000000,0.000000,0.000000,57.698101,20.499701,-14.700500,0.047771,-0.013570,0.015998,-15.666301,-52.738201,18.801300,-93.396698,0.129960,17.611099,-0.209095,-0.477488,-0.682041,0.512937,-300.334106,1541.161743,-4498.925293,-298.103210,1460.395996,-4508.478516,-286.413208,1584.344238,-4526.424316,-318.805969,1492.504761,-4459.298828,-298.014099,1627.402344,-4501.499023,-297.954559,1460.498291,-4508.178223,-286.783936,1584.257324,-4526.567871,-318.851379,1492.640381,-4459.703613,-297.759277,1627.257446,-4501.281738,2616.283936,1567.769043,-3159.797852,,,,,,,,,,,,,,,,,,,,,,,,,,,,,,,,,
8698,86.980000,0.000000,0.000000,0.000000,1.000000,0.000000,0.000000,0.000000,57.698101,20.499701,-14.700500,0.047771,-0.013570,0.015998,-15.666301,-52.738201,18.801300,-93.396698,0.129960,17.611099,-0.207940,-0.479140,-0.681628,0.512415,-301.258118,1541.204102,-4499.770996,-298.871429,1460.426025,-4509.180664,-287.303284,1584.361206,-4527.292969,-319.799286,1492.585815,-4460.129395,-299.058563,1627.443726,-4502.481934,-298.743042,1460.550903,-4508.822754,-287.716339,1584.277100,-4527.345215,-319.803711,1492.706909,-4460.652832,-298.782745,1627.298584,-4502.324219,2616.269531,1567.753418,-3159.799561,,,,,,,,,,,,,,,,,,,,,,,,,,,,,,,,,
8699,86.990000,0.000000,0.000000,0.000000,1.000000,0.000000,0.000000,0.000000,57.698101,20.499701,-14.700500,0.047771,-0.013570,0.015998,-15.666301,-52.738201,18.801300,-93.396698,0.129960,17.611099,-0.208932,-0.478832,-0.681138,0.512951,-302.208862,1541.268799,-4500.658691,-299.832153,1460.483032,-4510.005371,-288.326416,1584.404907,-4528.249512,-320.647888,1492.681152,-4460.931641,-300.029083,1627.506348,-4503.447266,-299.656769,1460.539307,-4509.636719,-288.799408,1584.268066,-4528.397949,-320.688934,1492.885986,-4461.497070,-299.719940,1627.402100,-4503.186035,2616.310303,1567.735107,-3159.779541,,,,,,,,,,,,,,,,,,,,,,,,,,,,,,,,,
8700,87.000000,0.000000,0.000000,0.000000,1.000000,0.000000,0.000000,0.000000,57.698101,20.499701,-14.700500,0.047771,-0.013570,0.015998,-15.666301,-52.738201,18.801300,-93.396698,0.129960,17.611099,-0.209069,-0.479531,-0.680765,0.512738,-303.251190,1541.334473,-4501.553223,-300.848663,1460.535034,-4510.773926,-289.363678,1584.431519,-4529.202637,-321.700897,1492.803345,-4461.761719,-301.091553,1627.568237,-4504.473145,-300.674957,1460.557251,-4510.400391,-289.827728,1584.292480,-4529.376953,-321.741638,1493.019287,-4462.336426,-300.789276,1627.491455,-4504.187988,2616.311279,1567.723267,-3159.766113,,,,,,,,,,,,,,,,,,,,,,,,,,,,,,,,,
8701,87.010000,0.000000,0.000000,0.000000,1.000000,0.000000,0.000000,0.000000,57.698101,20.499701,-14.700500,0.047771,-0.013570,0.015998,-15.666301,-52.738201,18.801300,-93.396698,0.129960,17.611099,-0.209196,-0.479833,-0.680284,0.513042,-304.222504,1541.388672,-4502.365723,-301.749573,1460.583496,-4511.516602,-290.384155,1584.474121,-4530.058105,-322.613800,1492.875610,-4462.525879,-302.142548,1627.621704,-4505.361816,-301.519165,1460.585327,-4511.128906,-290.930939,1584.266357,-4530.355957,-322.706940,1493.110840,-4463.087891,-301.788574,1627.595947,-4504.971680,2616.291992,1567.753418,-3159.772461,,,,,,,,,,,,,,,,,,,,,,,,,,,,,,,,,
8702,87.020000,0.000000,0.000000,0.000000,1.000000,0.000000,0.000000,0.000000,57.698101,20.499701,-14.700500,0.047771,-0.013570,0.015998,-15.666301,-52.738201,18.801300,-93.396698,0.129960,17.611099,-0.210316,-0.478881,-0.680410,0.513305,-305.233643,1541.433472,-4503.107422,-302.885986,1460.628784,-4512.295898,-291.416443,1584.512207,-4530.820801,-323.577698,1492.928101,-4463.236328,-303.054443,1627.665039,-4506.077148,-302.768890,1460.591797,-4511.980469,-291.743134,1584.349365,-4530.998047,-323.583008,1493.134766,-4463.726074,-302.853394,1627.678467,-4505.796875,2616.270752,1567.755493,-3159.797852,,,,,,,,,,,,,,,,,,,,,,,,,,,,,,,,,
8703,87.030000,0.000000,0.000000,0.000000,1.000000,0.000000,0.000000,0.000000,57.698101,20.499701,-14.700500,0.047771,-0.013570,0.015998,-15.666301,-52.738201,18.801300,-93.396698,0.129960,17.611099,-0.208764,-0.480204,-0.680131,0.513073,-306.237396,1541.664429,-4503.854004,-303.694305,1460.859375,-4512.987305,-292.407928,1584.755127,-4531.542480,-324.626282,1493.145142,-4464.020508,-304.221161,1627.898560,-4506.865723,-303.646729,1460.711426,-4512.662109,-292.636047,1584.373901,-4531.728027,-324.569641,1493.233887,-4464.496582,-304.095215,1628.373657,-4506.532715,2616.266357,1567.771729,-3159.798340,,,,,,,,,,,,,,,,,,,,,,,,,,,,,,,,,
8704,87.040000,0.000000,0.000000,0.000000,1.000000,0.000000,0.000000,0.000000,57.698101,20.499701,-14.700500,0.047771,-0.013570,0.015998,-15.666301,-52.738201,18.801300,-93.396698,0.129960,17.611099,-0.206495,-0.481546,-0.681376,0.511077,-307.192230,1541.718750,-4504.535156,-304.687195,1460.918457,-4513.721191,-293.118164,1584.815918,-4532.090332,-325.916168,1493.188110,-4464.872070,-305.047455,1627.952637,-4507.457520,-304.706543,1460.773682,-4513.495117,-293.216766,1584.557983,-4532.153809,-325.830048,1493.205322,-4465.211426,-305.005646,1628.396973,-4507.277344,2616.288574,1567.710693,-3159.796631,,,,,,,,,,,,,,,,,,,,,,,,,,,,,,,,,
8705,87.050000,0.000000,0.000000,0.000000,1.000000,0.000000,0.000000,0.000000,57.698101,20.499701,-14.700500,0.047771,-0.013570,0.015998,-15.666301,-52.738201,18.801300,-93.396698,0.129960,17.611099,-0.205746,-0.481170,-0.682364,0.510415,-308.202789,1541.720581,-4505.224609,-305.790833,1460.935059,-4514.564453,-294.024536,1584.852539,-4532.671387,-327.058624,1493.137817,-4465.687988,-305.937286,1627.957275,-4507.974609,-305.882629,1460.797607,-4514.356445,-293.998779,1584.645630,-4532.734375,-326.918365,1493.195801,-4466.003906,-306.009491,1628.273682,-4507.807129,2616.299805,1567.730835,-3159.770020,,,,,,,,,,,,,,,,,,,,,,,,,,,,,,,,,
8706,87.060000,0.000000,0.000000,0.000000,1.000000,0.000000,0.000000,0.000000,57.698101,20.499701,-14.700500,0.047771,-0.013570,0.015998,-15.666301,-52.738201,18.801300,-93.396698,0.129960,17.611099,-0.203643,-0.482240,-0.683390,0.508873,-309.247955,1541.815186,-4505.854492,-306.836548,1461.037720,-4515.264160,-294.879272,1584.965698,-4533.172852,-328.368805,1493.204468,-4466.479980,-306.907227,1628.052979,-4508.501465,-306.926697,1460.909180,-4515.017578,-294.894135,1584.729492,-4533.215820,-328.224945,1493.158569,-4466.839355,-306.938110,1628.540405,-4508.352051,2616.320068,1567.740356,-3159.771973,,,,,,,,,,,,,,,,,,,,,,,,,,,,,,,,,
8707,87.070000,0.000000,0.000000,0.000000,1.000000,0.000000,0.000000,0.000000,57.698101,20.499701,-14.700500,0.047771,-0.013570,0.015998,-15.666301,-52.738201,18.801300,-93.396698,0.129960,17.611099,-0.204503,-0.480122,-0.684558,0.508961,-310.487976,1541.773560,-4506.634277,-308.327637,1461.020264,-4516.307129,-296.080322,1584.971191,-4533.857422,-329.627441,1493.090454,-4467.357910,-307.916626,1628.012573,-4509.014160,-308.370209,1460.834351,-4516.011230,-296.134521,1584.774536,-4534.033691,-329.540039,1493.069580,-4467.715820,-307.900116,1628.484985,-4508.740723,2616.312012,1567.751099,-3159.778076,,,,,,,,,,,,,,,,,,,,,,,,,,,,,,,,,
8708,87.080000,0.000000,0.000000,0.000000,1.000000,0.000000,0.000000,0.000000,57.698101,20.499701,-14.700500,0.047771,-0.013570,0.015998,-15.666301,-52.738201,18.801300,-93.396698,0.129960,17.611099,-0.204922,-0.479156,-0.684935,0.509197,-311.519165,1541.916626,-4507.227539,-309.444031,1461.174561,-4517.013672,-297.118713,1585.138672,-4534.415039,-330.636536,1493.196899,-4467.986328,-308.877502,1628.156494,-4509.494629,-309.490479,1460.898560,-4516.724121,-297.144531,1584.949097,-4534.628906,-330.558868,1493.185059,-4468.306152,-308.885529,1628.741943,-4509.167969,2616.279785,1567.741455,-3159.782715,,,,,,,,,,,,,,,,,,,,,,,,,,,,,,,,,
8709,87.090000,0.000000,0.000000,0.000000,1.000000,0.000000,0.000000,0.000000,57.698101,20.499701,-14.700500,0.047771,-0.013570,0.015998,-15.666301,-52.738201,18.801300,-93.396698,0.129960,17.611099,-0.204678,-0.480469,-0.684312,0.508894,-312.647430,1541.936401,-4508.024902,-310.475647,1461.174438,-4517.624023,-298.243347,1585.110962,-4535.286133,-331.783539,1493.286865,-4468.705078,-310.087250,1628.173584,-4510.483398,-310.642334,1460.976929,-4517.382812,-298.179657,1585.115479,-4535.281738,-331.603424,1493.300415,-4469.017090,-310.171112,1628.329102,-4510.424805,2616.307617,1567.768555,-3159.784912,,,,,,,,,,,,,,,,,,,,,,,,,,,,,,,,,
8710,87.100000,0.000000,0.000000,0.000000,1.000000,0.000000,0.000000,0.000000,57.698101,20.499701,-14.700500,0.047771,-0.013570,0.015998,-15.666301,-52.738201,18.801300,-93.396698,0.129960,17.611099,-0.204621,-0.480743,-0.683968,0.509121,-313.616608,1541.993408,-4508.580078,-311.377960,1461.228027,-4518.134766,-299.248322,1585.164673,-4535.865723,-332.712372,1493.349854,-4469.233887,-311.127838,1628.231323,-4511.086914,-311.440338,1461.159058,-4517.829590,-299.309845,1585.194824,-4535.941895,-332.604309,1493.382690,-4469.608887,-311.099274,1628.232544,-4510.964844,2616.284668,1567.744019,-3159.784668,,,,,,,,,,,,,,,,,,,,,,,,,,,,,,,,,
8711,87.110000,0.000000,0.000000,0.000000,1.000000,0.000000,0.000000,0.000000,57.698101,20.499701,-14.700500,0.047771,-0.013570,0.015998,-15.666301,-52.738201,18.801300,-93.396698,0.129960,17.611099,-0.204249,-0.481069,-0.683490,0.509605,-314.603607,1542.051880,-4509.157715,-312.230835,1461.287109,-4518.685059,-300.301208,1585.237793,-4536.454590,-333.626678,1493.390137,-4469.798340,-312.255768,1628.292969,-4511.691895,-312.209167,1461.260986,-4518.345703,-300.496124,1585.256470,-4536.562988,-333.580933,1493.418579,-4470.208008,-312.122620,1628.273682,-4511.541504,2616.281982,1567.730957,-3159.790527,,,,,,,,,,,,,,,,,,,,,,,,,,,,,,,,,
8712,87.120000,0.000000,0.000000,0.000000,1.000000,0.000000,0.000000,0.000000,57.698101,20.499701,-14.700500,0.047771,-0.013570,0.015998,-15.666301,-52.738201,18.801300,-93.396698,0.129960,17.611099,-0.204230,-0.481202,-0.683161,0.509927,-315.545959,1542.200317,-4509.569824,-313.107330,1461.434326,-4519.069824,-301.287903,1585.388794,-4536.885742,-334.516571,1493.536133,-4470.188477,-313.272003,1628.442383,-4512.134766,-313.021088,1461.393311,-4518.716797,-301.584717,1585.384766,-4537.034668,-334.522888,1493.557251,-4470.596680,-313.060059,1628.465698,-4511.947754,2616.296631,1567.732056,-3159.784180,,,,,,,,,,,,,,,,,,,,,,,,,,,,,,,,,
8713,87.130000,0.000000,0.000000,0.000000,1.000000,0.000000,0.000000,0.000000,57.698101,20.499701,-14.700500,0.047771,-0.013570,0.015998,-15.666301,-52.738201,18.801300,-93.396698,0.129960,17.611099,-0.203996,-0.481192,-0.683217,0.509954,-316.662689,1542.309326,-4510.134277,-314.204987,1461.546753,-4519.659180,-302.404938,1585.509277,-4537.432129,-335.635651,1493.628784,-4470.774414,-314.405273,1628.552734,-4512.671387,-314.157959,1461.557007,-4519.319336,-302.668365,1585.495483,-4537.493652,-335.596069,1493.664185,-4471.218262,-314.227661,1628.526245,-4512.545898,2616.283936,1567.722778,-3159.778076,,,,,,,,,,,,,,,,,,,,,,,,,,,,,,,,,
8714,87.140000,0.000000,0.000000,0.000000,1.000000,0.000000,0.000000,0.000000,57.698101,20.499701,-14.700500,0.047771,-0.013570,0.015998,-15.666301,-52.738201,18.801300,-93.396698,0.129960,17.611099,-0.203581,-0.481197,-0.683480,0.509765,-317.637787,1542.467773,-4510.564941,-315.181976,1461.710571,-4520.135254,-303.351135,1585.682007,-4537.825195,-336.650757,1493.766235,-4471.250000,-315.367401,1628.712280,-4513.048828,-315.171722,1461.743408,-4519.825195,-303.555695,1585.639038,-4537.845215,-336.572418,1493.829590,-4471.694336,-315.242096,1628.673096,-4512.947754,2616.281006,1567.736084,-3159.790039,,,,,,,,,,,,,,,,,,,,,,,,,,,,,,,,,
8715,87.150000,0.000000,0.000000,0.000000,1.000000,0.000000,0.000000,0.000000,57.698101,20.499701,-14.700500,0.047771,-0.013570,0.015998,-15.666301,-52.738201,18.801300,-93.396698,0.129960,17.611099,-0.205073,-0.479886,-0.683228,0.510738,-318.647888,1542.601196,-4511.035156,-316.265350,1461.847168,-4520.650391,-304.465149,1585.821777,-4538.339844,-337.505768,1493.890259,-4471.657227,-316.355408,1628.845947,-4513.492676,-316.214081,1461.929565,-4520.329590,-304.730530,1585.661133,-4538.401367,-337.452972,1493.970581,-4472.125488,-316.198517,1628.852661,-4513.337891,2616.295898,1567.750488,-3159.777344,,,,,,,,,,,,,,,,,,,,,,,,,,,,,,,,,
8716,87.160000,0.000000,0.000000,0.000000,1.000000,0.000000,0.000000,0.000000,57.698101,20.499701,-14.700500,0.047771,-0.013570,0.015998,-15.666301,-52.738201,18.801300,-93.396698,0.129960,17.611099,-0.205061,-0.479648,-0.683543,0.510545,-319.571564,1542.745605,-4511.403320,-317.242310,1461.995361,-4521.064453,-305.357452,1585.971802,-4538.683105,-338.465515,1494.025269,-4472.055176,-317.221039,1628.990234,-4513.812500,-317.165375,1462.075317,-4520.693848,-305.717804,1585.791748,-4538.711914,-338.415039,1494.099609,-4472.609863,-317.003662,1629.020142,-4513.667480,2616.263428,1567.760742,-3159.791016,,,,,,,,,,,,,,,,,,,,,,,,,,,,,,,,,
8717,87.170000,0.000000,0.000000,0.000000,1.000000,0.000000,0.000000,0.000000,57.698101,20.499701,-14.700500,0.047771,-0.013570,0.015998,-15.666301,-52.738201,18.801300,-93.396698,0.129960,17.611099,-0.208553,-0.477123,-0.682780,0.512514,-320.568726,1542.843872,-4511.897949,-318.405731,1462.091187,-4521.576660,-306.576416,1586.056152,-4539.313965,-339.130432,1494.142090,-4472.368652,-318.162506,1629.086060,-4514.333008,-318.312317,1462.087646,-4521.315430,-306.922913,1585.807495,-4539.336914,-339.094757,1494.347778,-4472.860352,-317.974731,1629.140991,-4514.162109,2616.259766,1567.744263,-3159.799072,,,,,,,,,,,,,,,,,,,,,,,,,,,,,,,,,
8718,87.180000,0.000000,0.000000,0.000000,1.000000,0.000000,0.000000,0.000000,57.698101,20.499701,-14.700500,0.047771,-0.013570,0.015998,-15.666301,-52.738201,18.801300,-93.396698,0.129960,17.611099,-0.208340,-0.476777,-0.683574,0.511864,-321.593903,1542.930054,-4512.369141,-319.554993,1462.185425,-4522.141113,-307.506165,1586.151489,-4539.721680,-340.270782,1494.212402,-4472.913574,-319.043793,1629.171021,-4514.700195,-319.447815,1462.145630,-4521.847168,-307.879730,1585.912354,-4539.770020,-340.245361,1494.403687,-4473.428223,-318.829834,1629.265625,-4514.507324,2616.294922,1567.767700,-3159.784424,,,,,,,,,,,,,,,,,,,,,,,,,,,,,,,,,
8719,87.190000,0.000000,0.000000,0.000000,1.000000,0.000000,0.000000,0.000000,57.698101,20.499701,-14.700500,0.047771,-0.013570,0.015998,-15.666301,-52.738201,18.801300,-93.396698,0.129960,17.611099,-0.207280,-0.477014,-0.684196,0.511242,-322.579041,1543.196167,-4512.748535,-320.545563,1462.461548,-4522.604004,-308.405548,1586.442261,-4540.017578,-341.374451,1494.442505,-4473.394043,-319.990601,1629.438721,-4514.979004,-320.592682,1462.260254,-4522.349121,-308.515503,1586.113770,-4540.021973,-341.230896,1494.514893,-4473.841797,-319.961090,1629.973877,-4514.798828,2616.290527,1567.765991,-3159.781982,,,,,,,,,,,,,,,,,,,,,,,,,,,,,,,,,
8720,87.200000,0.000000,0.000000,0.000000,1.000000,0.000000,0.000000,0.000000,57.698101,20.499701,-14.700500,0.047771,-0.013570,0.015998,-15.666301,-52.738201,18.801300,-93.396698,0.129960,17.611099,-0.206713,-0.477483,-0.685082,0.509845,-323.519562,1543.349243,-4513.134277,-321.625000,1462.612549,-4523.000000,-309.175537,1586.571167,-4540.352539,-342.532684,1494.626831,-4473.846191,-320.745056,1629.586670,-4515.338867,-321.696747,1462.411255,-4522.782227,-309.177551,1586.276855,-4540.451172,-342.403656,1494.692017,-4474.184570,-320.803650,1630.097412,-4515.098633,2616.274902,1567.727783,-3159.776367,,,,,,,,,,,,,,,,,,,,,,,,,,,,,,,,,
8721,87.210000,0.000000,0.000000,0.000000,1.000000,0.000000,0.000000,0.000000,57.698101,20.499701,-14.700500,0.047771,-0.013570,0.015998,-15.666301,-52.738201,18.801300,-93.396698,0.129960,17.611099,-0.206814,-0.476591,-0.686073,0.509307,-324.651703,1543.435547,-4513.603027,-322.937012,1462.713257,-4523.618164,-310.215454,1586.675781,-4540.743164,-343.767731,1494.682983,-4474.401855,-321.686615,1629.670532,-4515.649414,-323.007141,1462.447266,-4523.387695,-310.176361,1586.379028,-4540.960449,-343.651733,1494.801392,-4474.723633,-321.786011,1630.187622,-4515.289062,2616.279053,1567.784668,-3159.780029,,,,,,,,,,,,,,,,,,,,,,,,,,,,,,,,,
8722,87.220000,0.000000,0.000000,0.000000,1.000000,0.000000,0.000000,0.000000,57.698101,20.499701,-14.700500,0.047771,-0.013570,0.015998,-15.666301,-52.738201,18.801300,-93.396698,0.129960,17.611099,-0.206336,-0.478603,-0.686052,0.507640,-325.943573,1543.423828,-4514.307129,-324.265625,1462.670166,-4524.074219,-311.348511,1586.568726,-4541.514160,-345.275452,1494.807129,-4475.042969,-322.884674,1629.649292,-4516.597168,-324.299713,1462.523315,-4523.876953,-311.415619,1586.475952,-4541.542969,-345.187195,1494.876831,-4475.335449,-322.861237,1629.825684,-4516.484863,2616.281982,1567.737793,-3159.788818,,,,,,,,,,,,,,,,,,,,,,,,,,,,,,,,,
8723,87.230000,0.000000,0.000000,0.000000,1.000000,0.000000,0.000000,0.000000,57.698101,20.499701,-14.700500,0.047771,-0.013570,0.015998,-15.666301,-52.738201,18.801300,-93.396698,0.129960,17.611099,-0.203257,-0.481490,-0.686324,0.505781,-327.214874,1543.505005,-4514.891602,-325.343079,1462.740601,-4524.534180,-312.430634,1586.632690,-4542.022949,-346.837738,1494.915405,-4475.738281,-324.248108,1629.731323,-4517.270508,-325.386230,1462.686401,-4524.212402,-312.539978,1586.678467,-4542.080566,-346.738434,1494.940552,-4476.140137,-324.181519,1629.712036,-4517.166016,2616.310791,1567.721924,-3159.767578,,,,,,,,,,,,,,,,,,,,,,,,,,,,,,,,,
8724,87.240000,0.000000,0.000000,0.000000,1.000000,0.000000,0.000000,0.000000,57.698101,20.499701,-14.700500,0.047771,-0.013570,0.015998,-15.666301,-52.738201,18.801300,-93.396698,0.129960,17.611099,-0.203428,-0.481412,-0.685970,0.506266,-328.360413,1543.729126,-4515.250488,-326.430634,1462.964355,-4524.877930,-313.637024,1586.863403,-4542.405273,-347.906769,1495.131348,-4476.069336,-325.467255,1629.957275,-4517.649902,-326.582275,1462.834961,-4524.658203,-313.599762,1586.956299,-4542.348633,-347.730469,1495.165771,-4476.371582,-325.516846,1629.947998,-4517.645996,2616.317627,1567.737549,-3159.759766,,,,,,,,,,,,,,,,,,,,,,,,,,,,,,,,,
8725,87.250000,0.000000,0.000000,0.000000,1.000000,0.000000,0.000000,0.000000,57.698101,20.499701,-14.700500,0.047771,-0.013570,0.015998,-15.666301,-52.738201,18.801300,-93.396698,0.129960,17.611099,-0.200742,-0.484567,-0.684674,0.506083,-329.631683,1543.913452,-4515.811035,-327.241699,1463.131592,-4525.187500,-314.943512,1587.040649,-4542.996094,-349.194366,1495.334229,-4476.614746,-327.147217,1630.147705,-4518.445801,-327.211090,1463.163818,-4524.761230,-315.206757,1587.038696,-4543.102051,-349.139771,1495.308228,-4477.121094,-326.963928,1630.142578,-4518.294434,2616.298828,1567.797363,-3159.786133,,,,,,,,,,,,,,,,,,,,,,,,,,,,,,,,,
8726,87.260000,0.000000,0.000000,0.000000,1.000000,0.000000,0.000000,0.000000,57.698101,20.499701,-14.700500,0.047771,-0.013570,0.015998,-15.666301,-52.738201,18.801300,-93.396698,0.129960,17.611099,-0.200412,-0.484672,-0.684561,0.506265,-331.006866,1544.045898,-4516.366211,-328.555115,1463.267212,-4525.753906,-316.340820,1587.187866,-4543.539062,-350.547485,1495.446533,-4477.183594,-328.584076,1630.282227,-4518.986816,-328.540588,1463.235352,-4525.378418,-316.608307,1587.174561,-4543.545898,-350.467834,1495.432617,-4477.681641,-328.406677,1630.334351,-4518.903809,2616.259277,1567.785767,-3159.810791,,,,,,,,,,,,,,,,,,,,,,,,,,,,,,,,,
8727,87.270000,0.000000,0.000000,0.000000,1.000000,0.000000,0.000000,0.000000,57.698101,20.499701,-14.700500,0.047771,-0.013570,0.015998,-15.666301,-52.738201,18.801300,-93.396698,0.129960,17.611099,-0.201195,-0.484446,-0.683431,0.507695,-332.392639,1544.156250,-4516.871094,-329.788239,1463.373779,-4526.185547,-317.909302,1587.303589,-4544.133301,-351.700562,1495.552490,-4477.579102,-330.172546,1630.395020,-4519.585449,-329.832397,1463.361206,-4525.888184,-318.031799,1587.267456,-4544.141602,-351.584991,1495.574219,-4477.991211,-330.105713,1630.424194,-4519.507324,2616.275635,1567.774292,-3159.804443,,,,,,,,,,,,,,,,,,,,,,,,,,,,,,,,,
8728,87.280000,0.000000,0.000000,0.000000,1.000000,0.000000,0.000000,0.000000,57.698101,20.499701,-14.700500,0.047771,-0.013570,0.015998,-15.666301,-52.738201,18.801300,-93.396698,0.129960,17.611099,-0.203182,-0.483122,-0.682205,0.509810,-333.705261,1544.255127,-4517.438965,-331.026825,1463.472168,-4526.727051,-319.474640,1587.411743,-4544.819336,-352.671753,1495.640747,-4477.994141,-331.647858,1630.496094,-4520.214355,-330.945618,1463.498779,-4526.416992,-319.796326,1587.209229,-4544.895508,-352.640381,1495.737061,-4478.460449,-331.456665,1630.572876,-4520.035645,2616.277100,1567.775513,-3159.797852,,,,,,,,,,,,,,,,,,,,,,,,,,,,,,,,,
8729,87.290000,0.000000,0.000000,0.000000,1.000000,0.000000,0.000000,0.000000,57.698101,20.499701,-14.700500,0.047771,-0.013570,0.015998,-15.666301,-52.738201,18.801300,-93.396698,0.129960,17.611099,-0.205219,-0.481938,-0.680465,0.512434,-335.003052,1544.488281,-4517.921387,-332.156769,1463.703369,-4527.142578,-321.096375,1587.656250,-4545.450195,-353.542419,1495.862061,-4478.288574,-333.216736,1630.731812,-4520.803711,-332.038940,1463.626831,-4526.862305,-321.468567,1587.188843,-4545.613281,-353.549103,1495.902100,-4478.697754,-332.981201,1631.240967,-4520.510742,2616.308838,1567.796997,-3159.790283,,,,,,,,,,,,,,,,,,,,,,,,,,,,,,,,,
8730,87.300000,0.000000,0.000000,0.000000,1.000000,0.000000,0.000000,0.000000,57.698101,20.499701,-14.700500,0.047771,-0.013570,0.015998,-15.666301,-52.738201,18.801300,-93.396698,0.129960,17.611099,-0.207507,-0.479478,-0.680530,0.513732,-336.413727,1544.530396,-4518.556152,-333.753632,1463.756104,-4527.925293,-322.630554,1587.721436,-4546.111328,-354.754761,1495.868652,-4478.874512,-334.516083,1630.775635,-4521.313477,-333.649231,1463.614380,-4527.656250,-322.950378,1587.280151,-4546.290527,-354.755951,1495.923218,-4479.271484,-334.302826,1631.365356,-4520.983887,2616.303711,1567.733765,-3159.778809,,,,,,,,,,,,,,,,,,,,,,,,,,,,,,,,,
8731,87.310000,0.000000,0.000000,0.000000,1.000000,0.000000,0.000000,0.000000,57.698101,20.499701,-14.700500,0.047771,-0.013570,0.015998,-15.666301,-52.738201,18.801300,-93.396698,0.129960,17.611099,-0.209114,-0.477833,-0.680889,0.514137,-337.554199,1544.631714,-4519.014648,-335.097717,1463.862549,-4528.483398,-323.796234,1587.824951,-4546.579102,-355.831207,1495.963745,-4479.311523,-335.491608,1630.875977,-4521.685547,-335.110535,1463.686646,-4528.297363,-323.894318,1587.491821,-4546.619141,-355.736938,1496.072144,-4479.651855,-335.472412,1631.323975,-4521.491211,2616.308594,1567.736450,-3159.779053,,,,,,,,,,,,,,,,,,,,,,,,,,,,,,,,,
8732,87.320000,0.000000,0.000000,0.000000,1.000000,0.000000,0.000000,0.000000,57.698101,20.499701,-14.700500,0.047771,-0.013570,0.015998,-15.666301,-52.738201,18.801300,-93.396698,0.129960,17.611099,-0.208964,-0.477276,-0.681740,0.513588,-338.838226,1544.655884,-4519.505371,-336.515228,1463.896973,-4529.093750,-324.992218,1587.866699,-4546.998047,-357.218933,1495.959961,-4479.884277,-336.626617,1630.900391,-4522.045898,-336.620361,1463.688232,-4528.874023,-324.951935,1587.603027,-4547.064941,-357.056824,1496.055786,-4480.240723,-336.727142,1631.331543,-4521.837402,2616.283203,1567.744385,-3159.787598,,,,,,,,,,,,,,,,,,,,,,,,,,,,,,,,,
8733,87.330000,0.000000,0.000000,0.000000,1.000000,0.000000,0.000000,0.000000,57.698101,20.499701,-14.700500,0.047771,-0.013570,0.015998,-15.666301,-52.738201,18.801300,-93.396698,0.129960,17.611099,-0.209014,-0.477155,-0.681897,0.513471,-340.091919,1544.718262,-4519.959961,-337.802948,1463.960449,-4529.565430,-326.228241,1587.929077,-4547.443359,-358.492371,1496.021484,-4480.349121,-337.844177,1630.962280,-4522.481934,-337.826904,1463.796021,-4529.248047,-326.334717,1587.683960,-4547.585449,-358.397888,1496.037231,-4480.778809,-337.793945,1631.410522,-4522.219727,2616.280273,1567.756104,-3159.784180,,,,,,,,,,,,,,,,,,,,,,,,,,,,,,,,,
8734,87.340000,0.000000,0.000000,0.000000,1.000000,0.000000,0.000000,0.000000,57.698101,20.499701,-14.700500,0.047771,-0.013570,0.015998,-15.666301,-52.738201,18.801300,-93.396698,0.129960,17.611099,-0.207379,-0.478238,-0.682990,0.511671,-341.590088,1544.609375,-4520.617188,-339.374420,1463.852783,-4530.250000,-327.507385,1587.811890,-4548.001953,-360.284943,1495.922241,-4481.132324,-339.193604,1630.851074,-4523.083496,-339.401733,1463.767578,-4529.850098,-327.658051,1587.826904,-4548.089844,-360.201935,1495.863037,-4481.589355,-339.085083,1630.957520,-4522.955566,2616.294434,1567.742554,-3159.773438,,,,,,,,,,,,,,,,,,,,,,,,,,,,,,,,,
8735,87.350000,0.000000,0.000000,0.000000,1.000000,0.000000,0.000000,0.000000,57.698101,20.499701,-14.700500,0.047771,-0.013570,0.015998,-15.666301,-52.738201,18.801300,-93.396698,0.129960,17.611099,-0.205191,-0.480232,-0.683087,0.510555,-343.037750,1544.757446,-4521.118652,-340.658478,1463.995605,-4530.668457,-328.843170,1587.954834,-4548.453613,-361.911591,1496.079712,-4481.707520,-340.737823,1631.000000,-4523.645020,-340.788483,1463.802490,-4530.257812,-328.892090,1587.887939,-4548.486328,-361.751129,1495.848633,-4482.174316,-340.695007,1631.527588,-4523.556152,2616.299805,1567.748535,-3159.788086,,,,,,,,,,,,,,,,,,,,,,,,,,,,,,,,,
8736,87.360000,0.000000,0.000000,0.000000,1.000000,0.000000,0.000000,0.000000,57.698101,20.499701,-14.700500,0.047771,-0.013570,0.015998,-15.666301,-52.738201,18.801300,-93.396698,0.129960,17.611099,-0.206034,-0.480500,-0.681513,0.512065,-344.299469,1544.838745,-4521.527344,-341.708496,1464.064209,-4530.913574,-330.314697,1588.020142,-4548.995605,-362.911316,1496.188965,-4481.957520,-342.263458,1631.082153,-4524.242188,-341.768066,1463.896118,-4530.516113,-330.400269,1587.881104,-4549.142090,-362.818695,1495.981079,-4482.380859,-342.180695,1631.711304,-4524.021973,2616.299316,1567.747559,-3159.787842,,,,,,,,,,,,,,,,,,,,,,,,,,,,,,,,,
8737,87.370000,0.000000,0.000000,0.000000,1.000000,0.000000,0.000000,0.000000,57.698101,20.499701,-14.700500,0.047771,-0.013570,0.015998,-15.666301,-52.738201,18.801300,-93.396698,0.129960,17.611099,-0.203536,-0.483706,-0.680187,0.511808,-345.415161,1544.806641,-4521.820312,-342.382965,1464.015869,-4530.930176,-331.458954,1587.966187,-4549.336914,-364.049927,1496.195068,-4482.213867,-343.768951,1631.049683,-4524.798828,-342.343994,1464.038574,-4530.459473,-331.728790,1587.917725,-4549.492188,-364.003021,1496.140137,-4482.755371,-343.577881,1631.123413,-4524.604004,2616.310303,1567.747925,-3159.781006,,,,,,,,,,,,,,,,,,,,,,,,,,,,,,,,,
8738,87.380000,0.000000,0.000000,0.000000,1.000000,0.000000,0.000000,0.000000,57.698101,20.499701,-14.700500,0.047771,-0.013570,0.015998,-15.666301,-52.738201,18.801300,-93.396698,0.129960,17.611099,-0.207450,-0.481609,-0.678712,0.514167,-346.648438,1544.765503,-4522.214355,-343.703644,1463.960205,-4531.224609,-332.981628,1587.881348,-4549.944336,-364.867828,1496.216919,-4482.338867,-345.040649,1631.003784,-4525.349609,-343.656555,1463.955078,-4530.880371,-333.208130,1587.815918,-4550.086426,-364.826996,1496.320190,-4482.805664,-344.897003,1630.984253,-4525.136230,2616.323486,1567.773193,-3159.779541,,,,,,,,,,,,,,,,,,,,,,,,,,,,,,,,,
8739,87.390000,0.000000,0.000000,0.000000,1.000000,0.000000,0.000000,0.000000,57.698101,20.499701,-14.700500,0.047771,-0.013570,0.015998,-15.666301,-52.738201,18.801300,-93.396698,0.129960,17.611099,-0.208303,-0.481284,-0.678462,0.514456,-347.940796,1544.732056,-4522.650391,-345.037628,1463.920898,-4531.621094,-334.312805,1587.828369,-4550.429688,-366.100311,1496.211304,-4482.713867,-346.312531,1630.968140,-4525.836426,-344.942383,1463.887085,-4531.277344,-334.607941,1587.699951,-4550.608398,-366.095490,1496.338135,-4483.186523,-346.122711,1631.012939,-4525.576660,2616.307373,1567.787476,-3159.792236,,,,,,,,,,,,,,,,,,,,,,,,,,,,,,,,,
8740,87.400000,0.000000,0.000000,0.000000,1.000000,0.000000,0.000000,0.000000,57.698101,20.499701,-14.700500,0.047771,-0.013570,0.015998,-15.666301,-52.738201,18.801300,-93.396698,0.129960,17.611099,-0.209740,-0.481705,-0.676604,0.515924,-349.215942,1544.677734,-4523.070312,-346.127686,1463.846069,-4531.791016,-335.807251,1587.720459,-4551.038574,-367.096497,1496.237549,-4482.910645,-347.832458,1630.907104,-4526.540527,-345.914917,1463.908447,-4531.454590,-336.297943,1587.465698,-4551.327637,-367.189728,1496.378540,-4483.353516,-347.515259,1630.935547,-4526.192871,2616.289795,1567.724487,-3159.784668,,,,,,,,,,,,,,,,,,,,,,,,,,,,,,,,,
8741,87.410000,0.000000,0.000000,0.000000,1.000000,0.000000,0.000000,0.000000,57.698101,20.499701,-14.700500,0.047771,-0.013570,0.015998,-15.666301,-52.738201,18.801300,-93.396698,0.129960,17.611099,-0.210928,-0.480502,-0.676690,0.516447,-350.361511,1544.639038,-4523.349609,-347.385590,1463.810425,-4532.137695,-337.001282,1587.687622,-4551.332520,-368.158691,1496.188843,-4483.164551,-348.900604,1630.869263,-4526.763672,-347.227448,1463.723389,-4531.803711,-337.381714,1587.459473,-4551.587402,-368.201599,1496.377441,-4483.644043,-348.652374,1631.003784,-4526.403320,2616.276123,1567.725708,-3159.774414,,,,,,,,,,,,,,,,,,,,,,,,,,,,,,,,,
8742,87.420000,0.000000,0.000000,0.000000,1.000000,0.000000,0.000000,0.000000,57.698101,20.499701,-14.700500,0.047771,-0.013570,0.015998,-15.666301,-52.738201,18.801300,-93.396698,0.129960,17.611099,-0.209170,-0.481555,-0.678324,0.514033,-351.507416,1544.701538,-4523.631836,-348.702454,1463.873169,-4532.477539,-337.844940,1587.738403,-4551.486328,-369.700989,1496.264404,-4483.609375,-349.781372,1630.930542,-4526.954590,-348.832733,1464.113525,-4532.044922,-337.868103,1587.622925,-4551.572754,-369.532623,1496.175781,-4484.094238,-349.787994,1630.932251,-4526.826660,2616.295898,1567.733154,-3159.785400,,,,,,,,,,,,,,,,,,,,,,,,,,,,,,,,,
8743,87.430000,0.000000,0.000000,0.000000,1.000000,0.000000,0.000000,0.000000,57.698101,20.499701,-14.700500,0.047771,-0.013570,0.015998,-15.666301,-52.738201,18.801300,-93.396698,0.129960,17.611099,-0.203781,-0.485200,-0.679323,0.511443,-352.726776,1544.629272,-4523.907227,-349.622559,1463.811401,-4532.749512,-338.770233,1587.709229,-4551.548340,-371.372223,1496.133179,-4484.164551,-351.142242,1630.863281,-4527.166016,-349.839752,1463.564697,-4532.271973,-338.741943,1587.649048,-4551.602051,-371.144196,1495.872192,-4484.674316,-351.196014,1631.476318,-4527.050293,2616.286133,1567.780029,-3159.783936,,,,,,,,,,,,,,,,,,,,,,,,,,,,,,,,,
8744,87.440000,0.000000,0.000000,0.000000,1.000000,0.000000,0.000000,0.000000,57.698101,20.499701,-14.700500,0.047771,-0.013570,0.015998,-15.666301,-52.738201,18.801300,-93.396698,0.129960,17.611099,-0.204840,-0.483946,-0.680024,0.511278,-353.969940,1544.405151,-4524.238281,-351.086304,1463.590820,-4533.187012,-339.969452,1587.484619,-4551.857910,-372.645203,1495.906372,-4484.513184,-352.178864,1630.638916,-4527.394531,-351.238312,1463.208984,-4532.742188,-339.993988,1587.500977,-4551.913574,-372.494568,1495.721069,-4484.929199,-352.160095,1631.170044,-4527.290039,2616.279297,1567.749512,-3159.803223,,,,,,,,,,,,,,,,,,,,,,,,,,,,,,,,,
8745,87.450000,0.000000,0.000000,0.000000,1.000000,0.000000,0.000000,0.000000,57.698101,20.499701,-14.700500,0.047771,-0.013570,0.015998,-15.666301,-52.738201,18.801300,-93.396698,0.129960,17.611099,-0.206096,-0.482715,-0.680732,0.510993,-355.382965,1544.225464,-4524.560547,-352.749817,1463.411987,-4533.593750,-341.326843,1587.291626,-4552.172852,-374.100189,1495.741455,-4484.836914,-353.355164,1630.456909,-4527.638672,-352.786285,1463.059448,-4533.155762,-341.464966,1587.254883,-4552.282715,-374.027710,1495.561035,-4485.257324,-353.207489,1631.090820,-4527.463379,2616.241211,1567.756592,-3159.812500,,,,,,,,,,,,,,,,,,,,,,,,,,,,,,,,,
8746,87.460000,0.000000,0.000000,0.000000,1.000000,0.000000,0.000000,0.000000,57.698101,20.499701,-14.700500,0.047771,-0.013570,0.015998,-15.666301,-52.738201,18.801300,-93.396698,0.129960,17.611099,-0.206602,-0.483240,-0.679878,0.511429,-356.509277,1544.138062,-4524.692383,-353.787811,1463.311035,-4533.576660,-342.530121,1587.169189,-4552.398438,-375.131744,1495.706421,-4484.860840,-354.587433,1630.365967,-4527.934082,-353.631531,1463.209839,-4533.136230,-342.981079,1587.006104,-4552.622559,-375.199097,1495.525146,-4485.326172,-354.179352,1630.877930,-4527.662598,2616.281738,1567.770386,-3159.800293,,,,,,,,,,,,,,,,,,,,,,,,,,,,,,,,,
8747,87.470000,0.000000,0.000000,0.000000,1.000000,0.000000,0.000000,0.000000,57.698101,20.499701,-14.700500,0.047771,-0.013570,0.015998,-15.666301,-52.738201,18.801300,-93.396698,0.129960,17.611099,-0.211901,-0.479752,-0.679651,0.512845,-357.241516,1543.911987,-4524.739746,-354.984924,1463.071167,-4533.628906,-343.413055,1586.873047,-4552.629395,-375.588348,1495.574219,-4484.666992,-354.979797,1630.129517,-4528.033691,-354.478699,1463.337158,-4533.113281,-344.461823,1586.811279,-4553.029297,-375.872620,1495.593750,-4485.141602,-354.201660,1629.889160,-4527.646973,2616.285156,1567.761719,-3159.796143,,,,,,,,,,,,,,,,,,,,,,,,,,,,,,,,,
8748,87.480000,0.000000,0.000000,0.000000,1.000000,0.000000,0.000000,0.000000,57.698101,20.499701,-14.700500,0.047771,-0.013570,0.015998,-15.666301,-52.738201,18.801300,-93.396698,0.129960,17.611099,-0.214042,-0.480168,-0.674868,0.517858,-358.809784,1543.677368,-4525.101562,-355.838409,1462.816895,-4533.592773,-345.665741,1586.624512,-4553.341309,-376.305511,1495.373779,-4484.608887,-357.429596,1629.894531,-4528.863281,-355.818909,1463.176392,-4533.279785,-345.814941,1586.556519,-4553.424805,-376.258240,1495.458252,-4484.971191,-357.323639,1629.552490,-4528.697266,2616.276123,1567.734741,-3159.785645,,,,,,,,,,,,,,,,,,,,,,,,,,,,,,,,,
8749,87.490000,0.000000,0.000000,0.000000,1.000000,0.000000,0.000000,0.000000,57.698101,20.499701,-14.700500,0.047771,-0.013570,0.015998,-15.666301,-52.738201,18.801300,-93.396698,0.129960,17.611099,-0.215965,-0.479003,-0.674444,0.518691,-359.696411,1543.713013,-4525.045410,-356.828796,1462.846313,-4533.512207,-346.654053,1586.636719,-4553.368164,-377.036011,1495.442017,-4484.446777,-358.266876,1629.927124,-4528.854492,-357.050049,1463.021851,-4533.348145,-346.471588,1586.583374,-4553.294434,-376.785797,1495.585693,-4484.748047,-358.477020,1629.678223,-4528.820801,2616.317871,1567.741943,-3159.779297,,,,,,,,,,,,,,,,,,,,,,,,,,,,,,,,,
8750,87.500000,0.000000,0.000000,0.000000,1.000000,0.000000,0.000000,0.000000,57.698101,20.499701,-14.700500,0.047771,-0.013570,0.015998,-15.666301,-52.738201,18.801300,-93.396698,0.129960,17.611099,-0.208674,-0.483654,-0.678008,0.512678,-361.304932,1543.632812,-4525.305664,-358.477905,1462.776123,-4533.880859,-347.524017,1586.578003,-4553.243164,-379.666504,1495.327148,-4485.200684,-359.551422,1629.850342,-4528.897949,-358.510864,1462.848389,-4533.573730,-347.612183,1586.519531,-4553.335449,-379.573334,1495.375610,-4485.601562,-359.507721,1629.807007,-4528.746094,2616.308838,1567.721802,-3159.778809,,,,,,,,,,,,,,,,,,,,,,,,,,,,,,,,,
8751,87.510000,0.000000,0.000000,0.000000,1.000000,0.000000,0.000000,0.000000,57.698101,20.499701,-14.700500,0.047771,-0.013570,0.015998,-15.666301,-52.738201,18.801300,-93.396698,0.129960,17.611099,-0.210538,-0.481649,-0.678610,0.513008,-362.688629,1543.719238,-4525.438477,-360.128815,1462.868042,-4534.149414,-348.916992,1586.668457,-4553.374512,-380.999359,1495.403931,-4485.321777,-360.709442,1629.936890,-4528.907715,-360.191284,1462.700073,-4533.827148,-348.976471,1586.479492,-4553.480957,-380.879395,1495.373413,-4485.742188,-360.693390,1630.377808,-4528.697266,2616.297607,1567.737183,-3159.777344,,,,,,,,,,,,,,,,,,,,,,,,,,,,,,,,,
8752,87.520000,0.000000,0.000000,0.000000,1.000000,0.000000,0.000000,0.000000,57.698101,20.499701,-14.700500,0.047771,-0.013570,0.015998,-15.666301,-52.738201,18.801300,-93.396698,0.129960,17.611099,-0.208359,-0.482358,-0.680399,0.510856,-363.983551,1543.731812,-4525.458496,-361.557220,1462.893188,-4534.321777,-349.929260,1586.706421,-4553.213867,-382.668762,1495.376343,-4485.563965,-361.778992,1629.951538,-4528.733887,-361.683899,1462.659058,-4533.978516,-349.932007,1586.630127,-4553.276855,-382.515320,1495.283936,-4485.962891,-361.802216,1630.383667,-4528.595215,2616.287109,1567.706909,-3159.772949,,,,,,,,,,,,,,,,,,,,,,,,,,,,,,,,,
8753,87.530000,0.000000,0.000000,0.000000,1.000000,0.000000,0.000000,0.000000,57.698101,20.499701,-14.700500,0.047771,-0.013570,0.015998,-15.666301,-52.738201,18.801300,-93.396698,0.129960,17.611099,-0.208645,-0.482657,-0.679931,0.511080,-365.281830,1543.546875,-4525.609375,-362.808868,1462.700439,-4534.389160,-351.268402,1586.500977,-4553.417480,-383.916809,1495.221802,-4485.654297,-363.133301,1629.764526,-4528.977539,-362.791473,1462.602783,-4534.029785,-351.457703,1586.482544,-4553.534180,-383.868652,1495.211304,-4486.073730,-363.000031,1629.880737,-4528.815430,2616.310791,1567.749023,-3159.776367,,,,,,,,,,,,,,,,,,,,,,,,,,,,,,,,,
8754,87.540000,0.000000,0.000000,0.000000,1.000000,0.000000,0.000000,0.000000,57.698101,20.499701,-14.700500,0.047771,-0.013570,0.015998,-15.666301,-52.738201,18.801300,-93.396698,0.129960,17.611099,-0.207168,-0.485031,-0.678880,0.510832,-366.560638,1543.473267,-4525.662109,-363.795959,1462.610474,-4534.200684,-352.564697,1586.392578,-4553.532715,-385.212677,1495.202881,-4485.648438,-364.669250,1629.687378,-4529.265625,-363.699341,1462.617065,-4533.763672,-352.918304,1586.399658,-4553.692383,-385.216034,1495.195312,-4486.154297,-364.415466,1629.681030,-4529.067383,2616.297607,1567.716553,-3159.777344,,,,,,,,,,,,,,,,,,,,,,,,,,,,,,,,,
8755,87.550000,0.000000,0.000000,0.000000,1.000000,0.000000,0.000000,0.000000,57.698101,20.499701,-14.700500,0.047771,-0.013570,0.015998,-15.666301,-52.738201,18.801300,-93.396698,0.129960,17.611099,-0.206731,-0.485962,-0.678076,0.511191,-367.961426,1543.471680,-4525.726562,-365.018219,1462.602661,-4534.145996,-354.032318,1586.380005,-4553.647461,-386.545807,1495.219971,-4485.659668,-366.249481,1629.684326,-4529.453613,-365.078918,1462.634644,-4533.832520,-354.157684,1586.386719,-4553.607422,-386.404297,1495.259155,-4486.121094,-366.182648,1629.621460,-4529.408691,2616.320068,1567.746338,-3159.789307,,,,,,,,,,,,,,,,,,,,,,,,,,,,,,,,,
8756,87.560000,0.000000,0.000000,0.000000,1.000000,0.000000,0.000000,0.000000,57.698101,20.499701,-14.700500,0.047771,-0.013570,0.015998,-15.666301,-52.738201,18.801300,-93.396698,0.129960,17.611099,-0.208806,-0.484245,-0.677739,0.512423,-369.237183,1543.505981,-4525.682129,-366.401337,1462.638306,-4534.149414,-355.442657,1586.415405,-4553.667480,-387.618958,1495.251831,-4485.524414,-367.485840,1629.718872,-4529.385742,-366.277374,1462.720947,-4533.744141,-355.855286,1586.208984,-4553.812988,-387.622742,1495.289307,-4486.059570,-367.219757,1629.796631,-4529.156738,2616.284668,1567.773682,-3159.798096,,,,,,,,,,,,,,,,,,,,,,,,,,,,,,,,,
8757,87.570000,0.000000,0.000000,0.000000,1.000000,0.000000,0.000000,0.000000,57.698101,20.499701,-14.700500,0.047771,-0.013570,0.015998,-15.666301,-52.738201,18.801300,-93.396698,0.129960,17.611099,-0.211006,-0.482736,-0.676888,0.514067,-370.634064,1543.485352,-4525.700195,-367.825500,1462.615601,-4534.158203,-357.035706,1586.389771,-4553.789062,-388.738861,1495.238892,-4485.407715,-368.936188,1629.697510,-4529.444824,-367.748901,1462.656128,-4533.841797,-357.382446,1586.182129,-4553.786621,-388.688049,1495.363525,-4485.944336,-368.738068,1629.744019,-4529.307129,2616.291748,1567.748413,-3159.778564,,,,,,,,,,,,,,,,,,,,,,,,,,,,,,,,,
8758,87.580000,0.000000,0.000000,0.000000,1.000000,0.000000,0.000000,0.000000,57.698101,20.499701,-14.700500,0.047771,-0.013570,0.015998,-15.666301,-52.738201,18.801300,-93.396698,0.129960,17.611099,-0.210915,-0.481415,-0.678488,0.513233,-371.808899,1543.536255,-4525.574219,-369.260620,1462.684326,-4534.280273,-358.064392,1586.482422,-4553.528320,-390.080231,1495.225220,-4485.435059,-369.830383,1629.753540,-4529.053223,-369.449829,1462.474854,-4534.144531,-357.952057,1586.446045,-4553.386230,-389.838501,1495.400269,-4485.744141,-369.970917,1629.830566,-4529.058105,2616.305908,1567.764771,-3159.780273,,,,,,,,,,,,,,,,,,,,,,,,,,,,,,,,,
8759,87.590000,0.000000,0.000000,0.000000,1.000000,0.000000,0.000000,0.000000,57.698101,20.499701,-14.700500,0.047771,-0.013570,0.015998,-15.666301,-52.738201,18.801300,-93.396698,0.129960,17.611099,-0.209429,-0.481377,-0.679391,0.512683,-373.144165,1543.644043,-4525.480469,-370.591400,1462.810791,-4534.357910,-359.308014,1586.648315,-4553.299316,-391.543732,1495.248901,-4485.500977,-371.133636,1629.868408,-4528.762695,-370.859070,1462.426636,-4534.178223,-359.068390,1586.510010,-4553.280762,-391.309143,1495.244507,-4485.749023,-371.437653,1630.492920,-4528.680664,2616.290283,1567.746582,-3159.776367,,,,,,,,,,,,,,,,,,,,,,,,,,,,,,,,,
8760,87.600000,0.000000,0.000000,0.000000,1.000000,0.000000,0.000000,0.000000,57.698101,20.499701,-14.700500,0.047771,-0.013570,0.015998,-15.666301,-52.738201,18.801300,-93.396698,0.129960,17.611099,-0.210121,-0.480515,-0.680443,0.511813,-374.692261,1543.507202,-4525.583984,-372.410156,1462.675903,-4534.552734,-360.729858,1586.496704,-4553.362793,-393.229126,1495.128540,-4485.647949,-372.399994,1629.728027,-4528.771973,-372.422943,1462.426270,-4534.160645,-360.848694,1586.345703,-4553.581543,-393.169006,1495.049927,-4486.065430,-372.303101,1630.296509,-4528.455566,2616.293945,1567.764038,-3159.785645,,,,,,,,,,,,,,,,,,,,,,,,,,,,,,,,,
8761,87.610000,0.000000,0.000000,0.000000,1.000000,0.000000,0.000000,0.000000,57.698101,20.499701,-14.700500,0.047771,-0.013570,0.015998,-15.666301,-52.738201,18.801300,-93.396698,0.129960,17.611099,-0.209076,-0.481457,-0.680778,0.510909,-376.033783,1543.434204,-4525.559082,-373.735168,1462.600098,-4534.498047,-361.969757,1586.413818,-4553.301758,-394.714447,1495.069458,-4485.673340,-373.715820,1629.653809,-4528.762207,-373.475159,1462.632690,-4533.852051,-362.666809,1586.224854,-4553.687012,-394.843201,1494.871216,-4486.349609,-373.148224,1630.018677,-4528.358398,2616.267090,1567.731812,-3159.777832,,,,,,,,,,,,,,,,,,,,,,,,,,,,,,,,,
8762,87.620000,0.000000,0.000000,0.000000,1.000000,0.000000,0.000000,0.000000,57.698101,20.499701,-14.700500,0.047771,-0.013570,0.015998,-15.666301,-52.738201,18.801300,-93.396698,0.129960,17.611099,-0.205794,-0.488090,-0.674537,0.514214,-377.834045,1543.402954,-4525.907227,-374.129700,1462.531616,-4533.996582,-364.339813,1586.326416,-4554.017578,-395.921143,1495.142090,-4485.624023,-376.945648,1629.611816,-4529.990234,-374.303711,1462.875000,-4533.607910,-364.387115,1586.144653,-4553.915527,-395.681854,1495.023682,-4486.153320,,,,2616.299805,1567.714111,-3159.778076,,,,,,,,,,,,,,,,,,,,,,,,,,,,,,,,,
8763,87.630000,0.000000,0.000000,0.000000,1.000000,0.000000,0.000000,0.000000,57.698101,20.499701,-14.700500,0.047771,-0.013570,0.015998,-15.666301,-52.738201,18.801300,-93.396698,0.129960,17.611099,-0.211203,-0.481289,-0.676329,0.516075,-378.675049,1543.282471,-4525.683594,-375.698578,1462.437622,-4534.319824,-365.294067,1586.278442,-4553.737305,-396.501190,1494.908081,-4485.420410,-377.206482,1629.506226,-4529.256348,-375.748322,1462.738525,-4533.900879,-365.443451,1586.200195,-4553.751465,-396.389862,1494.813477,-4485.895020,-377.110107,1629.427368,-4529.188477,2616.313721,1567.738647,-3159.780762,,,,,,,,,,,,,,,,,,,,,,,,,,,,,,,,,
8764,87.640000,0.000000,0.000000,0.000000,1.000000,0.000000,0.000000,0.000000,57.698101,20.499701,-14.700500,0.047771,-0.013570,0.015998,-15.666301,-52.738201,18.801300,-93.396698,0.129960,17.611099,-0.213781,-0.479131,-0.678171,0.514602,-380.178894,1543.207642,-4525.804199,-377.822144,1462.355591,-4534.563477,-366.583496,1586.144775,-4553.844238,-398.215607,1494.907104,-4485.545898,-378.094391,1629.423340,-4529.262207,-377.918976,1462.322754,-4534.424805,-366.569916,1586.195679,-4553.758301,-398.056641,1495.106079,-4485.835449,-378.149719,1629.226807,-4529.244141,2616.298096,1567.766113,-3159.789551,,,,,,,,,,,,,,,,,,,,,,,,,,,,,,,,,
8765,87.650000,0.000000,0.000000,0.000000,1.000000,0.000000,0.000000,0.000000,57.698101,20.499701,-14.700500,0.047771,-0.013570,0.015998,-15.666301,-52.738201,18.801300,-93.396698,0.129960,17.611099,-0.215439,-0.477774,-0.678956,0.514137,-381.592224,1543.190918,-4525.865234,-379.552399,1462.337036,-4534.686523,-367.922180,1586.098145,-4553.915039,-399.687927,1494.927979,-4485.588379,-379.206451,1629.401001,-4529.270020,-379.568451,1462.377686,-4534.443848,-368.032104,1586.062622,-4553.937012,-399.582184,1495.133667,-4486.012695,-379.158447,1629.229492,-4529.135254,2616.293213,1567.772583,-3159.793945,,,,,,,,,,,,,,,,,,,,,,,,,,,,,,,,,
8766,87.660000,0.000000,0.000000,0.000000,1.000000,0.000000,0.000000,0.000000,57.698101,20.499701,-14.700500,0.047771,-0.013570,0.015998,-15.666301,-52.738201,18.801300,-93.396698,0.129960,17.611099,-0.213985,-0.478640,-0.680645,0.511700,-382.971588,1543.167969,-4525.916504,-381.144867,1462.315430,-4534.798340,-368.994995,1586.054565,-4553.846680,-401.463745,1494.929565,-4485.790527,-380.282806,1629.372559,-4529.229980,-381.232971,1462.279541,-4534.463867,-369.052032,1586.092529,-4553.871094,-401.306274,1495.010498,-4486.266602,-380.266144,1629.302368,-4529.131348,2616.274414,1567.713867,-3159.794922,,,,,,,,,,,,,,,,,,,,,,,,,,,,,,,,,
8767,87.670000,0.000000,0.000000,0.000000,1.000000,0.000000,0.000000,0.000000,57.698101,20.499701,-14.700500,0.047771,-0.013570,0.015998,-15.666301,-52.738201,18.801300,-93.396698,0.129960,17.611099,-0.214649,-0.478979,-0.679745,0.512300,-384.423950,1543.055420,-4526.084473,-382.509705,1462.189941,-4534.827637,-370.543274,1585.910400,-4554.110840,-402.794983,1494.864258,-4485.846680,-381.847870,1629.257446,-4529.552246,-382.485809,1462.098999,-4534.521484,-370.721893,1585.906250,-4554.200195,-402.746216,1494.947510,-4486.252441,-381.733093,1629.273438,-4529.397461,2616.292969,1567.725464,-3159.779297,,,,,,,,,,,,,,,,,,,,,,,,,,,,,,,,,
8768,87.680000,0.000000,0.000000,0.000000,1.000000,0.000000,0.000000,0.000000,57.698101,20.499701,-14.700500,0.047771,-0.013570,0.015998,-15.666301,-52.738201,18.801300,-93.396698,0.129960,17.611099,-0.213447,-0.480888,-0.678996,0.512006,-385.844727,1542.880127,-4526.192383,-383.710571,1462.000244,-4534.749512,-371.964722,1585.705933,-4554.263672,-404.246033,1494.734741,-4485.913086,-383.457764,1629.080078,-4529.841797,-383.602692,1461.609253,-4534.391113,-372.293579,1585.820557,-4554.339844,-404.248688,1494.875732,-4486.348145,-383.230988,1629.175659,-4529.685059,2616.275146,1567.780640,-3159.790527,,,,,,,,,,,,,,,,,,,,,,,,,,,,,,,,,
8769,87.690000,0.000000,0.000000,0.000000,1.000000,0.000000,0.000000,0.000000,57.698101,20.499701,-14.700500,0.047771,-0.013570,0.015998,-15.666301,-52.738201,18.801300,-93.396698,0.129960,17.611099,-0.214698,-0.480528,-0.678306,0.512736,-387.453827,1542.998901,-4526.315918,-385.318176,1462.109985,-4534.787109,-373.674561,1585.797119,-4554.478516,-405.715088,1494.893433,-4485.925781,-385.107544,1629.195435,-4530.071289,-385.336823,1461.850952,-4534.436035,-373.798920,1585.691528,-4554.589844,-405.643097,1494.841187,-4486.330078,-385.010132,1629.654053,-4529.873047,2616.282715,1567.754883,-3159.799072,,,,,,,,,,,,,,,,,,,,,,,,,,,,,,,,,
8770,87.700000,0.000000,0.000000,0.000000,1.000000,0.000000,0.000000,0.000000,57.698101,20.499701,-14.700500,0.047771,-0.013570,0.015998,-15.666301,-52.738201,18.801300,-93.396698,0.129960,17.611099,-0.215906,-0.481146,-0.677307,0.512970,-388.898804,1542.897827,-4526.458984,-386.740936,1461.985352,-4534.696777,-375.185425,1585.619263,-4554.770508,-407.071503,1494.902954,-4485.897949,-386.597351,1629.083984,-4530.471680,-386.591248,1462.067261,-4534.215820,-375.595947,1585.464233,-4555.082031,-407.117188,1494.890503,-4486.427246,-386.310028,1629.163330,-4530.139160,2616.304932,1567.740723,-3159.776855,,,,,,,,,,,,,,,,,,,,,,,,,,,,,,,,,
8771,87.710000,0.000000,0.000000,0.000000,1.000000,0.000000,0.000000,0.000000,57.698101,20.499701,-14.700500,0.047771,-0.013570,0.015998,-15.666301,-52.738201,18.801300,-93.396698,0.129960,17.611099,-0.221199,-0.477536,-0.676973,0.514527,-390.371216,1542.759277,-4526.581055,-388.656342,1461.837036,-4534.827148,-376.834076,1585.418091,-4555.070801,-408.236084,1494.847900,-4485.784668,-387.758362,1628.934326,-4530.640625,-388.458954,1461.815918,-4534.437988,-377.310059,1585.243896,-4555.350098,-408.314575,1494.973755,-4486.285645,-387.434601,1628.999023,-4530.289551,2616.327393,1567.773682,-3159.777588,,,,,,,,,,,,,,,,,,,,,,,,,,,,,,,,,
8772,87.720000,0.000000,0.000000,0.000000,1.000000,0.000000,0.000000,0.000000,57.698101,20.499701,-14.700500,0.047771,-0.013570,0.015998,-15.666301,-52.738201,18.801300,-93.396698,0.129960,17.611099,-0.219421,-0.479681,-0.677438,0.512678,-391.839722,1542.659302,-4526.677246,-390.098145,1461.724609,-4534.794922,-378.100708,1585.272217,-4555.139160,-409.989227,1494.812988,-4485.930664,-389.170868,1628.827393,-4530.844238,-390.320862,1461.583374,-4534.652832,-377.941833,1585.349487,-4554.954102,-409.734497,1494.935425,-4486.218750,-389.331696,1628.780518,-4530.904297,2616.284180,1567.749756,-3159.779785,,,,,,,,,,,,,,,,,,,,,,,,,,,,,,,,,
8773,87.730000,0.000000,0.000000,0.000000,1.000000,0.000000,0.000000,0.000000,57.698101,20.499701,-14.700500,0.047771,-0.013570,0.015998,-15.666301,-52.738201,18.801300,-93.396698,0.129960,17.611099,-0.217935,-0.480883,-0.679193,0.509856,-393.360748,1542.641724,-4526.722168,-391.861572,1461.703979,-4534.856445,-379.274353,1585.213257,-4555.075684,-411.959290,1494.849121,-4486.114746,-390.347778,1628.800903,-4530.840332,-392.235931,1461.427124,-4534.735840,-378.928436,1585.347900,-4554.783203,-411.640778,1494.875244,-4486.338379,-390.640198,1628.902710,-4531.003418,2616.271240,1567.735840,-3159.791992,,,,,,,,,,,,,,,,,,,,,,,,,,,,,,,,,
8774,87.740000,0.000000,0.000000,0.000000,1.000000,0.000000,0.000000,0.000000,57.698101,20.499701,-14.700500,0.047771,-0.013570,0.015998,-15.666301,-52.738201,18.801300,-93.396698,0.129960,17.611099,-0.213875,-0.485175,-0.679694,0.506832,-394.931915,1542.666748,-4526.678711,-393.234558,1461.710571,-4534.587402,-380.526184,1585.183350,-4554.954590,-414.003052,1494.954712,-4486.195801,-391.963959,1628.818726,-4530.975586,-393.300293,1461.711548,-4534.292480,-380.643250,1585.184204,-4554.886719,-413.890686,1494.816895,-4486.570312,-391.880280,1628.928711,-4530.995605,2616.256348,1567.738037,-3159.799316,,,,,,,,,,,,,,,,,,,,,,,,,,,,,,,,,
8775,87.750000,0.000000,0.000000,0.000000,1.000000,0.000000,0.000000,0.000000,57.698101,20.499701,-14.700500,0.047771,-0.013570,0.015998,-15.666301,-52.738201,18.801300,-93.396698,0.129960,17.611099,-0.217487,-0.484287,-0.677402,0.509207,-396.483582,1542.811279,-4526.661133,-394.722015,1461.829468,-4534.289062,-382.407074,1585.247437,-4555.222168,-415.105530,1495.216675,-4485.832520,-393.699738,1628.951660,-4531.300293,-394.550018,1461.981689,-4533.804199,-382.914429,1584.791870,-4555.569824,-415.173065,1495.029907,-4486.359375,-393.335663,1629.414673,-4530.939941,2616.263672,1567.770020,-3159.798828,,,,,,,,,,,,,,,,,,,,,,,,,,,,,,,,,
8776,87.760000,0.000000,0.000000,0.000000,1.000000,0.000000,0.000000,0.000000,57.698101,20.499701,-14.700500,0.047771,-0.013570,0.015998,-15.666301,-52.738201,18.801300,-93.396698,0.129960,17.611099,-0.220887,-0.482465,-0.677286,0.509628,-398.273682,1542.834229,-4526.811035,-396.839783,1461.840088,-4534.375488,-384.251282,1585.196289,-4555.508789,-416.773987,1495.340576,-4485.810059,-395.229767,1628.960449,-4531.549805,-396.607422,1461.828247,-4533.891113,-384.871948,1584.645752,-4555.932617,-416.880005,1495.239502,-4486.371582,-394.734528,1629.693115,-4531.022949,2616.271484,1567.770874,-3159.805176,,,,,,,,,,,,,,,,,,,,,,,,,,,,,,,,,
8777,87.770000,0.000000,0.000000,0.000000,1.000000,0.000000,0.000000,0.000000,57.698101,20.499701,-14.700500,0.047771,-0.013570,0.015998,-15.666301,-52.738201,18.801300,-93.396698,0.129960,17.611099,-0.221309,-0.479868,-0.679761,0.508599,-400.019073,1542.812378,-4526.630859,-399.036957,1461.850464,-4534.603027,-385.797180,1585.240723,-4555.131348,-418.733154,1495.215088,-4485.848145,-396.509155,1628.943359,-4530.940918,-398.959320,1461.637329,-4534.238281,-385.983337,1584.822144,-4555.663574,-418.722351,1495.409180,-4486.303223,-396.424103,1629.405640,-4530.297852,2616.300537,1567.741943,-3159.786865,,,,,,,,,,,,,,,,,,,,,,,,,,,,,,,,,
8778,87.780000,0.000000,0.000000,0.000000,1.000000,0.000000,0.000000,0.000000,57.698101,20.499701,-14.700500,0.047771,-0.013570,0.015998,-15.666301,-52.738201,18.801300,-93.396698,0.129960,17.611099,-0.221630,-0.479226,-0.680845,0.507615,-401.714111,1542.945679,-4526.458984,-400.974884,1461.990356,-4534.524414,-387.353973,1585.363403,-4554.905762,-420.586212,1495.358521,-4485.737305,-397.941467,1629.070557,-4530.668945,-400.902679,1461.676636,-4534.102539,-387.550262,1584.918579,-4555.473145,-420.566742,1495.531982,-4486.235840,-397.841797,1629.726318,-4529.950684,2616.288818,1567.721069,-3159.769775,,,,,,,,,,,,,,,,,,,,,,,,,,,,,,,,,
8779,87.790000,0.000000,0.000000,0.000000,1.000000,0.000000,0.000000,0.000000,57.698101,20.499701,-14.700500,0.047771,-0.013570,0.015998,-15.666301,-52.738201,18.801300,-93.396698,0.129960,17.611099,-0.218937,-0.481413,-0.681490,0.505845,-403.393982,1542.991211,-4526.356934,-402.552032,1462.033081,-4534.383301,-388.830994,1585.404419,-4554.707520,-422.562897,1495.411377,-4485.765625,-399.630096,1629.116211,-4530.572266,-402.393402,1461.726074,-4533.803223,-389.207794,1585.011475,-4555.456543,-422.622070,1495.457642,-4486.348145,-399.327301,1629.902344,-4529.694824,2616.303711,1567.760620,-3159.779053,,,,,,,,,,,,,,,,,,,,,,,,,,,,,,,,,
8780,87.800000,0.000000,0.000000,0.000000,1.000000,0.000000,0.000000,0.000000,57.698101,20.499701,-14.700500,0.047771,-0.013570,0.015998,-15.666301,-52.738201,18.801300,-93.396698,0.129960,17.611099,-0.217747,-0.487254,-0.678170,0.505228,-405.653259,1542.838257,-4526.884766,-404.256683,1461.809326,-4534.074707,-391.163300,1585.050171,-4555.570801,-424.799042,1495.556152,-4485.935547,-402.394135,1628.937622,-4531.956543,-404.226898,1461.775513,-4533.651855,-391.409027,1584.923584,-4555.692871,-424.756805,1495.411255,-4486.430664,-402.197266,1629.241333,-4531.784180,2616.266357,1567.741455,-3159.796875,,,,,,,,,,,,,,,,,,,,,,,,,,,,,,,,,
8781,87.810000,0.000000,0.000000,0.000000,1.000000,0.000000,0.000000,0.000000,57.698101,20.499701,-14.700500,0.047771,-0.013570,0.015998,-15.666301,-52.738201,18.801300,-93.396698,0.129960,17.611099,-0.219728,-0.486777,-0.677039,0.506345,-407.565613,1543.094849,-4526.786621,-406.160706,1462.052612,-4533.823730,-393.234131,1585.257690,-4555.624512,-426.491943,1495.883667,-4485.654297,-404.375732,1629.185669,-4532.043945,-406.315552,1462.434570,-4533.448242,-393.269104,1585.068359,-4555.556641,-426.300415,1495.711670,-4486.099121,-404.378326,1629.217896,-4532.037109,2616.304932,1567.757446,-3159.782959,,,,,,,,,,,,,,,,,,,,,,,,,,,,,,,,,
8782,87.820000,0.000000,0.000000,0.000000,1.000000,0.000000,0.000000,0.000000,57.698101,20.499701,-14.700500,0.047771,-0.013570,0.015998,-15.666301,-52.738201,18.801300,-93.396698,0.129960,17.611099,-0.223214,-0.484558,-0.675741,0.508678,-409.591644,1543.055786,-4526.702148,-408.247101,1462.008301,-4533.690918,-395.548279,1585.197876,-4555.711426,-428.108459,1495.874146,-4485.349609,-406.462769,1629.142822,-4532.055664,-408.136810,1462.227417,-4533.232910,-395.913849,1584.941650,-4555.916504,-428.106995,1495.837769,-4485.890625,-406.229950,1629.211426,-4531.796875,2616.281494,1567.736328,-3159.782959,,,,,,,,,,,,,,,,,,,,,,,,,,,,,,,,,
8783,87.830000,0.000000,0.000000,0.000000,1.000000,0.000000,0.000000,0.000000,57.698101,20.499701,-14.700500,0.047771,-0.013570,0.015998,-15.666301,-52.738201,18.801300,-93.396698,0.129960,17.611099,-0.223384,-0.483801,-0.676289,0.508595,-411.741272,1542.998169,-4526.716309,-410.496460,1461.958618,-4533.814941,-397.667999,1585.162842,-4555.678223,-430.285614,1495.782837,-4485.415039,-408.515015,1629.088623,-4531.956543,-410.512604,1461.786133,-4533.549805,-397.771637,1585.102905,-4555.738770,-430.177185,1496.008667,-4485.863281,-408.478058,1629.128418,-4531.777344,2616.256348,1567.737305,-3159.799316,,,,,,,,,,,,,,,,,,,,,,,,,,,,,,,,,
8784,87.840000,0.000000,0.000000,0.000000,1.000000,0.000000,0.000000,0.000000,57.698101,20.499701,-14.700500,0.047771,-0.013570,0.015998,-15.666301,-52.738201,18.801300,-93.396698,0.129960,17.611099,-0.217864,-0.488050,-0.677785,0.504925,-413.698212,1543.276978,-4526.598633,-412.279083,1462.236206,-4533.649414,-399.194885,1585.443115,-4555.345703,-432.865784,1496.060669,-4485.583984,-410.453217,1629.368286,-4531.814941,-412.492493,1461.883667,-4533.443848,-399.092865,1585.432007,-4555.251465,-432.660797,1496.053833,-4485.863770,-410.580933,1629.722656,-4531.835449,2616.268799,1567.730347,-3159.793945,,,,,,,,,,,,,,,,,,,,,,,,,,,,,,,,,
8785,87.850000,0.000000,0.000000,0.000000,1.000000,0.000000,0.000000,0.000000,57.698101,20.499701,-14.700500,0.047771,-0.013570,0.015998,-15.666301,-52.738201,18.801300,-93.396698,0.129960,17.611099,-0.215812,-0.491256,-0.675752,0.505422,-415.530334,1543.499146,-4526.253418,-413.582672,1462.440796,-4532.969238,-401.151367,1585.637207,-4555.103516,-434.599670,1496.331665,-4485.136719,-412.787689,1629.586914,-4531.804199,-413.518646,1462.592163,-4532.521973,-401.530060,1585.414062,-4555.133301,-434.561615,1496.109253,-4485.702148,-412.516113,1629.850952,-4531.708008,2616.305420,1567.768433,-3159.784912,,,,,,,,,,,,,,,,,,,,,,,,,,,,,,,,,
8786,87.860000,0.000000,0.000000,0.000000,1.000000,0.000000,0.000000,0.000000,57.698101,20.499701,-14.700500,0.047771,-0.013570,0.015998,-15.666301,-52.738201,18.801300,-93.396698,0.129960,17.611099,-0.220875,-0.485988,-0.675553,0.508585,-417.704163,1543.384277,-4526.111328,-416.086456,1462.342896,-4533.111328,-403.652161,1585.574707,-4555.045898,-436.271637,1496.138428,-4484.854980,-414.806427,1629.481567,-4531.432129,-416.031433,1462.468750,-4532.822266,-403.883881,1585.312744,-4555.164551,-436.229065,1496.227417,-4485.287598,-414.684357,1629.522583,-4531.219727,2616.290527,1567.737305,-3159.782227,,,,,,,,,,,,,,,,,,,,,,,,,,,,,,,,,
8787,87.870000,0.000000,0.000000,0.000000,1.000000,0.000000,0.000000,0.000000,57.698101,20.499701,-14.700500,0.047771,-0.013570,0.015998,-15.666301,-52.738201,18.801300,-93.396698,0.129960,17.611099,-0.222404,-0.484482,-0.675248,0.509759,-419.960358,1543.312256,-4526.031250,-418.397675,1462.275391,-4533.096191,-406.038696,1585.519409,-4555.004395,-438.338684,1496.042114,-4484.718750,-417.066437,1629.412476,-4531.306152,-418.503540,1462.318604,-4532.929199,-406.016052,1585.515015,-4554.947266,-438.154114,1496.258667,-4485.070801,-417.142670,1629.186157,-4531.241699,2616.309570,1567.736816,-3159.784424,,,,,,,,,,,,,,,,,,,,,,,,,,,,,,,,,
8788,87.880000,0.000000,0.000000,0.000000,1.000000,0.000000,0.000000,0.000000,57.698101,20.499701,-14.700500,0.047771,-0.013570,0.015998,-15.666301,-52.738201,18.801300,-93.396698,0.129960,17.611099,-0.218912,-0.485606,-0.676928,0.507970,-421.881744,1543.461914,-4525.794434,-420.279114,1462.445190,-4533.079102,-407.709015,1585.748535,-4554.529297,-440.615143,1496.078003,-4484.772461,-418.923798,1629.576172,-4530.796875,-420.471802,1462.380127,-4532.800781,-407.655151,1585.972656,-4554.421387,-440.397247,1496.105347,-4485.146973,-418.986542,1629.397827,-4530.833008,2616.304688,1567.752075,-3159.772949,,,,,,,,,,,,,,,,,,,,,,,,,,,,,,,,,
8789,87.890000,0.000000,0.000000,0.000000,1.000000,0.000000,0.000000,0.000000,57.698101,20.499701,-14.700500,0.047771,-0.013570,0.015998,-15.666301,-52.738201,18.801300,-93.396698,0.129960,17.611099,-0.217233,-0.485573,-0.678158,0.507080,-424.029297,1543.538452,-4525.654297,-422.467682,1462.539307,-4533.140137,-409.716705,1585.886353,-4554.229004,-442.951538,1496.065796,-4484.822266,-420.981354,1629.662720,-4530.425781,-422.494446,1462.457397,-4532.759277,-409.897644,1585.993042,-4554.246582,-442.882294,1495.924194,-4485.235840,-420.840576,1629.744751,-4530.390625,2616.289795,1567.769409,-3159.782959,,,,,,,,,,,,,,,,,,,,,,,,,,,,,,,,,
8790,87.900000,0.000000,0.000000,0.000000,1.000000,0.000000,0.000000,0.000000,57.698101,20.499701,-14.700500,0.047771,-0.013570,0.015998,-15.666301,-52.738201,18.801300,-93.396698,0.129960,17.611099,-0.218086,-0.484910,-0.677145,0.508700,-426.033051,1543.650269,-4525.314941,-424.329407,1462.652710,-4532.786621,-411.919647,1586.021240,-4553.954590,-444.698151,1496.147949,-4484.398926,-423.185059,1629.779541,-4530.119141,-424.303986,1462.692383,-4532.416992,-412.185699,1585.975586,-4553.950684,-444.641388,1496.060425,-4484.870117,-423.000305,1629.861206,-4530.057129,2616.294189,1567.719482,-3159.777100,,,,,,,,,,,,,,,,,,,,,,,,,,,,,,,,,
8791,87.910000,0.000000,0.000000,0.000000,1.000000,0.000000,0.000000,0.000000,57.698101,20.499701,-14.700500,0.047771,-0.013570,0.015998,-15.666301,-52.738201,18.801300,-93.396698,0.129960,17.611099,-0.223499,-0.480806,-0.674676,0.513503,-428.261078,1543.489990,-4525.268066,-426.526123,1462.493896,-4532.749512,-414.727448,1585.880859,-4554.156738,-446.123901,1495.961792,-4484.025391,-425.666870,1629.623413,-4530.140625,-426.496948,1462.733765,-4532.324707,-414.933319,1585.750488,-4554.303223,-446.077728,1495.914917,-4484.499512,-425.532837,1629.587402,-4529.951660,2616.291748,1567.715332,-3159.778076,,,,,,,,,,,,,,,,,,,,,,,,,,,,,,,,,
8792,87.920000,0.000000,0.000000,0.000000,1.000000,0.000000,0.000000,0.000000,57.698101,20.499701,-14.700500,0.047771,-0.013570,0.015998,-15.666301,-52.738201,18.801300,-93.396698,0.129960,17.611099,-0.220653,-0.482340,-0.676640,0.510705,-430.481384,1543.634888,-4525.275391,-428.870697,1462.646118,-4532.862793,-416.588531,1586.036377,-4553.977539,-448.826385,1496.088257,-4484.265625,-427.639923,1629.769043,-4529.995117,-429.109344,1462.535522,-4532.706055,-416.381378,1585.921265,-4553.865723,-448.582062,1496.076904,-4484.527832,-427.852356,1630.011719,-4530.013672,2616.291016,1567.757446,-3159.779785,,,,,,,,,,,,,,,,,,,,,,,,,,,,,,,,,
8793,87.930000,0.000000,0.000000,0.000000,1.000000,0.000000,0.000000,0.000000,57.698101,20.499701,-14.700500,0.047771,-0.013570,0.015998,-15.666301,-52.738201,18.801300,-93.396698,0.129960,17.611099,-0.218185,-0.483560,-0.678087,0.508689,-432.667206,1543.714478,-4525.257324,-431.106049,1462.734253,-4532.944824,-418.514557,1586.137329,-4553.800781,-451.366730,1496.135498,-4484.446289,-429.681488,1629.851318,-4529.836914,-431.318481,1462.579346,-4532.817383,-418.406921,1586.063721,-4553.506348,-451.120544,1496.118042,-4484.724609,-429.809357,1630.098999,-4529.990723,2616.278320,1567.721436,-3159.784912,,,,,,,,,,,,,,,,,,,,,,,,,,,,,,,,,
8794,87.940000,0.000000,0.000000,0.000000,1.000000,0.000000,0.000000,0.000000,57.698101,20.499701,-14.700500,0.047771,-0.013570,0.015998,-15.666301,-52.738201,18.801300,-93.396698,0.129960,17.611099,-0.215417,-0.486011,-0.677394,0.508455,-434.649811,1543.770386,-4525.052246,-432.706726,1462.787598,-4532.624512,-420.496613,1586.215088,-4553.562012,-453.404236,1496.166260,-4484.295898,-431.991791,1629.912964,-4529.725098,-432.749237,1462.765869,-4532.338379,-420.666565,1586.050415,-4553.464355,-453.285767,1496.017090,-4484.726074,-431.873047,1630.250122,-4529.735840,2616.270996,1567.730591,-3159.782959,,,,,,,,,,,,,,,,,,,,,,,,,,,,,,,,,
8795,87.950000,0.000000,0.000000,0.000000,1.000000,0.000000,0.000000,0.000000,57.698101,20.499701,-14.700500,0.047771,-0.013570,0.015998,-15.666301,-52.738201,18.801300,-93.396698,0.129960,17.611099,-0.215970,-0.484014,-0.677537,0.509933,-436.601807,1543.660400,-4524.735352,-434.653595,1462.700928,-4532.552734,-422.586426,1586.194702,-4553.180176,-455.165161,1495.928711,-4484.040527,-434.002197,1629.817505,-4529.167969,-434.516388,1462.792847,-4532.114746,-422.963104,1586.004761,-4553.491211,-455.204132,1495.925781,-4484.527344,-433.745270,1629.908325,-4528.835449,2616.304199,1567.768311,-3159.791992,,,,,,,,,,,,,,,,,,,,,,,,,,,,,,,,,
8796,87.960000,0.000000,0.000000,0.000000,1.000000,0.000000,0.000000,0.000000,57.698101,20.499701,-14.700500,0.047771,-0.013570,0.015998,-15.666301,-52.738201,18.801300,-93.396698,0.129960,17.611099,-0.220131,-0.480019,-0.677082,0.512526,-438.622406,1543.569336,-4524.574219,-436.916107,1462.621216,-4532.563965,-424.885315,1586.131714,-4553.112305,-456.764313,1495.794922,-4483.739746,-435.923981,1629.729736,-4528.879883,-436.768951,1462.612061,-4532.197754,-425.282196,1586.033325,-4553.307129,-456.801636,1495.932739,-4484.245605,-435.657440,1629.707764,-4528.603516,2616.298096,1567.771606,-3159.790283,,,,,,,,,,,,,,,,,,,,,,,,,,,,,,,,,
8797,87.970000,0.000000,0.000000,0.000000,1.000000,0.000000,0.000000,0.000000,57.698101,20.499701,-14.700500,0.047771,-0.013570,0.015998,-15.666301,-52.738201,18.801300,-93.396698,0.129960,17.611099,-0.216499,-0.481668,-0.678226,0.511012,-440.337250,1543.763306,-4524.254395,-438.481812,1462.832397,-4532.384277,-426.398682,1586.394043,-4552.592285,-458.780487,1495.892578,-4483.668457,-437.688049,1629.934448,-4528.371582,-438.746582,1462.490479,-4532.125977,-426.217407,1586.383911,-4552.583984,-458.561615,1495.821655,-4483.948730,-437.888458,1630.356934,-4528.330078,2616.301758,1567.705566,-3159.781982,,,,,,,,,,,,,,,,,,,,,,,,,,,,,,,,,
8798,87.980000,0.000000,0.000000,0.000000,1.000000,0.000000,0.000000,0.000000,57.698101,20.499701,-14.700500,0.047771,-0.013570,0.015998,-15.666301,-52.738201,18.801300,-93.396698,0.129960,17.611099,-0.213956,-0.482897,-0.679747,0.508899,-442.441010,1543.504272,-4524.338379,-440.641418,1462.582886,-4532.574707,-428.232086,1586.156616,-4552.508789,-461.252686,1495.600220,-4483.960938,-439.637970,1629.677490,-4528.308105,-440.783417,1462.416382,-4532.255859,-428.251404,1586.232788,-4552.465820,-461.095764,1495.484741,-4484.326172,-439.629822,1629.831055,-4528.315430,2616.264160,1567.705322,-3159.780762,,,,,,,,,,,,,,,,,,,,,,,,,,,,,,,,,
8799,87.990000,0.000000,0.000000,0.000000,1.000000,0.000000,0.000000,0.000000,57.698101,20.499701,-14.700500,0.047771,-0.013570,0.015998,-15.666301,-52.738201,18.801300,-93.396698,0.129960,17.611099,-0.212061,-0.484357,-0.679781,0.508258,-444.416473,1543.314331,-4524.316895,-442.452881,1462.393433,-4532.520508,-430.141388,1585.980469,-4552.433594,-463.343445,1495.393066,-4484.014160,-441.728241,1629.490601,-4528.299316,-442.361938,1462.545776,-4532.088867,-430.528778,1585.982910,-4552.472656,-463.347443,1495.239624,-4484.488770,-441.439941,1629.487549,-4528.228516,2616.302246,1567.749634,-3159.783203,,,,,,,,,,,,,,,,,,,,,,,,,,,,,,,,,
8800,88.000000,0.000000,0.000000,0.000000,1.000000,0.000000,0.000000,0.000000,57.698101,20.499701,-14.700500,0.047771,-0.013570,0.015998,-15.666301,-52.738201,18.801300,-93.396698,0.129960,17.611099,-0.215660,-0.481712,-0.678143,0.511436,-446.434296,1543.141968,-4524.306152,-444.452515,1462.221436,-4532.507812,-432.538239,1585.818848,-4552.595703,-464.836304,1495.207153,-4483.777344,-443.910156,1629.320679,-4528.344238,-444.295593,1462.462036,-4532.100098,-432.937317,1585.648193,-4552.790039,-464.877991,1495.222900,-4484.231445,-443.638031,1629.247192,-4528.102539,2616.322510,1567.784424,-3159.782959,,,,,,,,,,,,,,,,,,,,,,,,,,,,,,,,,
8801,88.010000,0.000000,0.000000,0.000000,1.000000,0.000000,0.000000,0.000000,57.698101,20.499701,-14.700500,0.047771,-0.013570,0.015998,-15.666301,-52.738201,18.801300,-93.396698,0.129960,17.611099,-0.219126,-0.478454,-0.677578,0.513763,-448.255768,1543.092773,-4524.257812,-446.442596,1462.181152,-4532.586914,-434.614655,1585.793457,-4552.634766,-466.279205,1495.122192,-4483.601074,-445.686707,1629.274170,-4528.208008,-446.577820,1462.263306,-4532.295898,-434.566162,1585.570435,-4552.695801,-466.117401,1495.000122,-4483.962402,-445.755280,1629.539551,-4528.092773,2616.295410,1567.756714,-3159.780762,,,,,,,,,,,,,,,,,,,,,,,,,,,,,,,,,
8802,88.020000,0.000000,0.000000,0.000000,1.000000,0.000000,0.000000,0.000000,57.698101,20.499701,-14.700500,0.047771,-0.013570,0.015998,-15.666301,-52.738201,18.801300,-93.396698,0.129960,17.611099,-0.214990,-0.481137,-0.679951,0.509856,-450.437225,1543.063599,-4524.407715,-448.724518,1462.157349,-4532.808594,-436.313690,1585.761597,-4552.552734,-469.117706,1495.093384,-4484.048340,-447.593048,1629.242676,-4528.221191,-448.806763,1462.110596,-4532.508301,-436.344299,1585.523926,-4552.638184,-468.986816,1495.000366,-4484.446289,-447.599152,1629.662842,-4528.052734,2616.282227,1567.744019,-3159.788086,,,,,,,,,,,,,,,,,,,,,,,,,,,,,,,,,
8803,88.030000,0.000000,0.000000,0.000000,1.000000,0.000000,0.000000,0.000000,57.698101,20.499701,-14.700500,0.047771,-0.013570,0.015998,-15.666301,-52.738201,18.801300,-93.396698,0.129960,17.611099,-0.215173,-0.480276,-0.680724,0.509558,-452.435303,1542.946045,-4524.531738,-450.867523,1462.050415,-4533.063477,-438.251831,1585.664429,-4552.615723,-471.178741,1494.943848,-4484.240234,-449.443207,1629.125977,-4528.208496,-450.882538,1461.926758,-4532.752930,-438.359711,1585.426392,-4552.780762,-471.101379,1494.947144,-4484.641602,-449.387177,1629.523560,-4527.946289,2616.333252,1567.747803,-3159.772217,,,,,,,,,,,,,,,,,,,,,,,,,,,,,,,,,
8804,88.040000,0.000000,0.000000,0.000000,1.000000,0.000000,0.000000,0.000000,57.698101,20.499701,-14.700500,0.047771,-0.013570,0.015998,-15.666301,-52.738201,18.801300,-93.396698,0.129960,17.611099,-0.210629,-0.482206,-0.681302,0.508862,-454.439819,1542.799316,-4524.669434,-452.498108,1461.929565,-4533.367676,-440.159058,1585.632812,-4552.527344,-473.371613,1494.637451,-4484.657227,-451.730591,1628.997681,-4528.125977,-452.377838,1461.774414,-4532.892090,-440.533356,1585.355103,-4552.843750,-473.387573,1494.599976,-4485.225098,-451.431793,1629.528442,-4527.703125,2616.306152,1567.759277,-3159.784668,,,,,,,,,,,,,,,,,,,,,,,,,,,,,,,,,
8805,88.050000,0.000000,0.000000,0.000000,1.000000,0.000000,0.000000,0.000000,57.698101,20.499701,-14.700500,0.047771,-0.013570,0.015998,-15.666301,-52.738201,18.801300,-93.396698,0.129960,17.611099,-0.214661,-0.478122,-0.680426,0.512192,-456.408417,1542.728516,-4524.766113,-454.597534,1461.876221,-4533.652344,-442.489227,1585.615845,-4552.724121,-474.818420,1494.489014,-4484.604004,-453.728546,1628.933350,-4528.083984,-454.470581,1461.658325,-4533.236816,-442.809143,1585.216797,-4553.200684,-474.837311,1494.622437,-4485.105957,-453.524170,1629.449951,-4527.491211,2616.312744,1567.762573,-3159.786377,,,,,,,,,,,,,,,,,,,,,,,,,,,,,,,,,
8806,88.060000,0.000000,0.000000,0.000000,1.000000,0.000000,0.000000,0.000000,57.698101,20.499701,-14.700500,0.047771,-0.013570,0.015998,-15.666301,-52.738201,18.801300,-93.396698,0.129960,17.611099,-0.216880,-0.475940,-0.680348,0.513391,-458.352722,1542.603516,-4525.031250,-456.708221,1461.758911,-4534.020508,-444.555847,1585.503906,-4553.029297,-476.569000,1494.343018,-4484.806152,-455.577850,1628.808228,-4528.269043,-456.498566,1461.496460,-4533.587891,-444.992950,1585.098267,-4553.638184,-476.661163,1494.464844,-4485.277344,-455.259247,1629.405884,-4527.560547,2616.307129,1567.739746,-3159.784668,,,,,,,,,,,,,,,,,,,,,,,,,,,,,,,,,
8807,88.070000,0.000000,0.000000,0.000000,1.000000,0.000000,0.000000,0.000000,57.698101,20.499701,-14.700500,0.047771,-0.013570,0.015998,-15.666301,-52.738201,18.801300,-93.396698,0.129960,17.611099,-0.215621,-0.475134,-0.682428,0.511906,-460.083588,1542.517212,-4525.271484,-458.677155,1461.701660,-4534.556641,-446.055389,1585.475586,-4553.065430,-478.588043,1494.168091,-4485.284668,-457.013794,1628.723755,-4528.178711,-458.713196,1461.171143,-4534.143066,-446.108887,1585.351929,-4553.368652,-478.513947,1494.243774,-4485.696777,-456.997437,1629.336060,-4527.732910,2616.303467,1567.745972,-3159.772705,,,,,,,,,,,,,,,,,,,,,,,,,,,,,,,,,
8808,88.080000,0.000000,0.000000,0.000000,1.000000,0.000000,0.000000,0.000000,57.698101,20.499701,-14.700500,0.047771,-0.013570,0.015998,-15.666301,-52.738201,18.801300,-93.396698,0.129960,17.611099,-0.213565,-0.475548,-0.683411,0.511071,-462.129608,1542.302246,-4525.562012,-460.682556,1461.506470,-4535.011719,-447.977600,1585.319092,-4553.202148,-480.812164,1493.868896,-4485.760254,-459.046234,1628.514771,-4528.272949,-460.674652,1461.014648,-4534.460938,-448.116760,1585.143066,-4553.631348,-480.764435,1493.882202,-4486.266113,-458.938751,1629.256836,-4527.685547,2616.312500,1567.746460,-3159.787598,,,,,,,,,,,,,,,,,,,,,,,,,,,,,,,,,
8809,88.090000,0.000000,0.000000,0.000000,1.000000,0.000000,0.000000,0.000000,57.698101,20.499701,-14.700500,0.047771,-0.013570,0.015998,-15.666301,-52.738201,18.801300,-93.396698,0.129960,17.611099,-0.212450,-0.476347,-0.683628,0.510501,-464.274963,1541.942261,-4526.070801,-462.767517,1461.147217,-4535.517090,-450.057922,1584.964966,-4553.667969,-483.056549,1493.501099,-4486.325195,-461.217926,1628.156006,-4528.771484,-462.517822,1460.918091,-4534.816895,-450.629456,1584.699341,-4554.438965,-483.194489,1493.374512,-4486.948730,-460.616760,1629.021851,-4527.822266,2616.298096,1567.759521,-3159.783691,,,,,,,,,,,,,,,,,,,,,,,,,,,,,,,,,
8810,88.100000,0.000000,0.000000,0.000000,1.000000,0.000000,0.000000,0.000000,57.698101,20.499701,-14.700500,0.047771,-0.013570,0.015998,-15.666301,-52.738201,18.801300,-93.396698,0.129960,17.611099,-0.212884,-0.480834,-0.678656,0.512742,-466.345673,1541.547485,-4526.838867,-464.061859,1460.677246,-4535.448242,-452.549622,1584.416870,-4554.884766,-484.651276,1493.342285,-4486.587891,-464.119995,1627.754150,-4530.433594,-463.931274,1460.912109,-4534.984375,-452.934387,1584.329102,-4555.054199,-484.681885,1493.265015,-4487.063965,-463.841980,1627.702637,-4530.242676,2616.295654,1567.781006,-3159.779297,,,,,,,,,,,,,,,,,,,,,,,,,,,,,,,,,
8811,88.110000,0.000000,0.000000,0.000000,1.000000,0.000000,0.000000,0.000000,57.698101,20.499701,-14.700500,0.047771,-0.013570,0.015998,-15.666301,-52.738201,18.801300,-93.396698,0.129960,17.611099,-0.216026,-0.478270,-0.678395,0.514170,-468.211761,1541.330322,-4527.220703,-466.154724,1460.461182,-4535.897949,-454.569275,1584.190796,-4555.355469,-486.271606,1493.135010,-4486.847168,-465.851532,1627.534790,-4530.782227,-466.007233,1460.596924,-4535.448242,-455.009460,1584.045410,-4555.524902,-486.306122,1493.105103,-4487.374023,-465.545166,1627.571167,-4530.560547,2616.270508,1567.782593,-3159.808105,,,,,,,,,,,,,,,,,,,,,,,,,,,,,,,,,
8812,88.120000,0.000000,0.000000,0.000000,1.000000,0.000000,0.000000,0.000000,57.698101,20.499701,-14.700500,0.047771,-0.013570,0.015998,-15.666301,-52.738201,18.801300,-93.396698,0.129960,17.611099,-0.215898,-0.477715,-0.679474,0.513314,-469.964874,1541.122437,-4527.548828,-468.093109,1460.262207,-4536.349121,-456.195099,1583.993530,-4555.605469,-488.175598,1492.907959,-4487.266113,-467.395721,1627.326294,-4530.974609,-468.140686,1460.355103,-4536.015625,-456.310944,1583.949341,-4555.609375,-488.064667,1492.877930,-4487.701172,-467.328888,1627.316650,-4530.908203,2616.312500,1567.760620,-3159.792480,,,,,,,,,,,,,,,,,,,,,,,,,,,,,,,,,
8813,88.130000,0.000000,0.000000,0.000000,1.000000,0.000000,0.000000,0.000000,57.698101,20.499701,-14.700500,0.047771,-0.013570,0.015998,-15.666301,-52.738201,18.801300,-93.396698,0.129960,17.611099,-0.216989,-0.475631,-0.680894,0.512908,-471.832703,1540.902832,-4528.006836,-470.303680,1460.061646,-4537.045898,-457.966888,1583.800415,-4555.975586,-490.128540,1492.644043,-4487.815918,-468.931702,1627.105469,-4531.190430,-470.438263,1460.023682,-4536.770020,-457.999969,1583.741577,-4555.851074,-489.916870,1492.674194,-4488.276855,-468.944672,1627.169189,-4531.196777,2616.320557,1567.747192,-3159.764404,,,,,,,,,,,,,,,,,,,,,,,,,,,,,,,,,
8814,88.140000,0.000000,0.000000,0.000000,1.000000,0.000000,0.000000,0.000000,57.698101,20.499701,-14.700500,0.047771,-0.013570,0.015998,-15.666301,-52.738201,18.801300,-93.396698,0.129960,17.611099,-0.217214,-0.473662,-0.683189,0.511581,-473.863342,1540.599243,-4528.622559,-472.757843,1459.788452,-4537.989746,-459.774902,1583.536865,-4556.417969,-492.409119,1492.274048,-4488.625977,-470.511566,1626.797729,-4531.456543,-472.798492,1459.594360,-4537.692383,-459.906372,1583.506104,-4556.386230,-492.307831,1492.261475,-4489.030762,-470.421387,1627.020020,-4531.402344,2616.307129,1567.732178,-3159.766113,,,,,,,,,,,,,,,,,,,,,,,,,,,,,,,,,
8815,88.150000,0.000000,0.000000,0.000000,1.000000,0.000000,0.000000,0.000000,57.698101,20.499701,-14.700500,0.047771,-0.013570,0.015998,-15.666301,-52.738201,18.801300,-93.396698,0.129960,17.611099,-0.213952,-0.476855,-0.682274,0.511210,-475.644226,1540.342407,-4529.183594,-474.070892,1459.519165,-4538.374023,-461.553223,1583.292114,-4556.958496,-494.259735,1492.008301,-4489.229980,-472.693146,1626.550415,-4532.170410,-473.968109,1459.482666,-4537.962402,-461.913727,1583.113037,-4557.101562,-494.259399,1491.983643,-4489.744629,-472.437073,1626.786987,-4531.949707,2616.307373,1567.750854,-3159.780273,,,,,,,,,,,,,,,,,,,,,,,,,,,,,,,,,
8816,88.160000,0.000000,0.000000,0.000000,1.000000,0.000000,0.000000,0.000000,57.698101,20.499701,-14.700500,0.047771,-0.013570,0.015998,-15.666301,-52.738201,18.801300,-93.396698,0.129960,17.611099,-0.215882,-0.476493,-0.680519,0.513072,-477.481598,1540.050415,-4529.701172,-475.769531,1459.209595,-4538.710449,-463.645142,1582.967163,-4557.654785,-495.762543,1491.767456,-4489.532227,-474.749298,1626.257690,-4532.907227,-475.716187,1459.257324,-4538.340332,-463.888672,1582.760986,-4557.828125,-495.709747,1491.891113,-4490.070801,-474.612610,1626.304565,-4532.643066,2616.299072,1567.730957,-3159.773193,,,,,,,,,,,,,,,,,,,,,,,,,,,,,,,,,
8817,88.170000,0.000000,0.000000,0.000000,1.000000,0.000000,0.000000,0.000000,57.698101,20.499701,-14.700500,0.047771,-0.013570,0.015998,-15.666301,-52.738201,18.801300,-93.396698,0.129960,17.611099,-0.215368,-0.478221,-0.679585,0.512919,-479.199341,1539.981201,-4530.183594,-477.307007,1459.119141,-4538.964355,-465.386047,1582.847656,-4558.226074,-497.473602,1491.773682,-4489.920898,-476.630829,1626.184570,-4533.623047,-477.316132,1459.158203,-4538.659668,-465.531708,1582.497925,-4558.331543,-497.386597,1491.761597,-4490.346191,-476.564240,1626.495728,-4533.421387,2616.305176,1567.715088,-3159.769287,,,,,,,,,,,,,,,,,,,,,,,,,,,,,,,,,
8818,88.180000,0.000000,0.000000,0.000000,1.000000,0.000000,0.000000,0.000000,57.698101,20.499701,-14.700500,0.047771,-0.013570,0.015998,-15.666301,-52.738201,18.801300,-93.396698,0.129960,17.611099,-0.217246,-0.477111,-0.679820,0.512848,-481.077332,1539.676025,-4530.714844,-479.427032,1458.807495,-4539.483398,-467.251038,1582.500122,-4558.815430,-499.335449,1491.525269,-4490.377441,-478.295959,1625.871704,-4534.183105,-479.485077,1458.709473,-4539.235352,-467.327972,1582.248901,-4558.811035,-499.189026,1491.621338,-4490.811523,-478.290649,1626.139404,-4534.046387,2616.292725,1567.727783,-3159.784424,,,,,,,,,,,,,,,,,,,,,,,,,,,,,,,,,
8819,88.190000,0.000000,0.000000,0.000000,1.000000,0.000000,0.000000,0.000000,57.698101,20.499701,-14.700500,0.047771,-0.013570,0.015998,-15.666301,-52.738201,18.801300,-93.396698,0.129960,17.611099,-0.218164,-0.476976,-0.680010,0.512334,-482.587036,1539.468506,-4531.104492,-481.091705,1458.590088,-4539.809570,-468.705322,1582.244751,-4559.250977,-500.900269,1491.383423,-4490.713379,-479.650909,1625.656128,-4534.644043,-481.285370,1458.383057,-4539.636719,-468.607910,1582.145142,-4559.110840,-500.646881,1491.527832,-4491.080078,-479.785675,1625.823853,-4534.636719,2616.265625,1567.756592,-3159.789551,,,,,,,,,,,,,,,,,,,,,,,,,,,,,,,,,
8820,88.200000,0.000000,0.000000,0.000000,1.000000,0.000000,0.000000,0.000000,57.698101,20.499701,-14.700500,0.047771,-0.013570,0.015998,-15.666301,-52.738201,18.801300,-93.396698,0.129960,17.611099,-0.216435,-0.477955,-0.680862,0.511020,-484.404419,1539.142700,-4531.634277,-482.912811,1458.269409,-4540.387207,-470.357849,1581.929810,-4559.682129,-502.946564,1491.041016,-4491.367676,-481.400543,1625.330933,-4535.100586,-482.957458,1458.156860,-4540.069824,-470.491028,1581.784912,-4559.671387,-502.834381,1490.945068,-4491.812988,-481.304779,1625.708374,-4535.021484,2616.303223,1567.788330,-3159.786377,,,,,,,,,,,,,,,,,,,,,,,,,,,,,,,,,
8821,88.210000,0.000000,0.000000,0.000000,1.000000,0.000000,0.000000,0.000000,57.698101,20.499701,-14.700500,0.047771,-0.013570,0.015998,-15.666301,-52.738201,18.801300,-93.396698,0.129960,17.611099,-0.215858,-0.477883,-0.680932,0.511238,-486.127411,1538.781250,-4532.031738,-484.570862,1457.916504,-4540.852051,-472.097778,1581.602661,-4560.035156,-504.655121,1490.631592,-4491.815430,-483.185944,1624.974609,-4535.422852,-484.548706,1457.845337,-4540.442383,-472.315948,1581.403809,-4560.192383,-504.605835,1490.510010,-4492.317871,-483.009766,1625.401245,-4535.187500,2616.265625,1567.776245,-3159.786865,,,,,,,,,,,,,,,,,,,,,,,,,,,,,,,,,
8822,88.220000,0.000000,0.000000,0.000000,1.000000,0.000000,0.000000,0.000000,57.698101,20.499701,-14.700500,0.047771,-0.013570,0.015998,-15.666301,-52.738201,18.801300,-93.396698,0.129960,17.611099,-0.214354,-0.478567,-0.681884,0.509961,-487.885101,1538.458252,-4532.500000,-486.368927,1457.600464,-4541.392090,-473.691101,1581.292725,-4560.400391,-506.635773,1490.287964,-4492.412109,-484.844574,1624.651855,-4535.794922,-486.271790,1457.569824,-4540.875977,-474.038239,1581.085938,-4560.685059,-506.657013,1490.081665,-4492.960938,-484.524445,1625.154907,-4535.451172,2616.290039,1567.771729,-3159.786865,,,,,,,,,,,,,,,,,,,,,,,,,,,,,,,,,
8823,88.230000,0.000000,0.000000,0.000000,1.000000,0.000000,0.000000,0.000000,57.698101,20.499701,-14.700500,0.047771,-0.013570,0.015998,-15.666301,-52.738201,18.801300,-93.396698,0.129960,17.611099,-0.217323,-0.475987,-0.681174,0.512064,-489.556244,1538.151123,-4532.881348,-488.149231,1457.299194,-4541.843750,-475.598450,1581.000610,-4560.877930,-507.962891,1489.958984,-4492.660645,-486.514496,1624.346069,-4536.142578,-487.977234,1457.253540,-4541.310547,-476.077271,1580.660522,-4561.297852,-508.023010,1489.890381,-4493.254395,-486.148682,1624.823975,-4535.660156,2616.282715,1567.761475,-3159.792969,,,,,,,,,,,,,,,,,,,,,,,,,,,,,,,,,
8824,88.240000,0.000000,0.000000,0.000000,1.000000,0.000000,0.000000,0.000000,57.698101,20.499701,-14.700500,0.047771,-0.013570,0.015998,-15.666301,-52.738201,18.801300,-93.396698,0.129960,17.611099,-0.221501,-0.473430,-0.680272,0.513840,-491.109222,1537.889526,-4533.234375,-489.936127,1457.027466,-4542.139648,-477.368683,1580.689941,-4561.412598,-509.180542,1489.764771,-4492.782227,-487.951599,1624.076050,-4536.604004,-489.722839,1456.938232,-4541.664551,-477.900818,1580.319824,-4561.840820,-509.284027,1489.708618,-4493.317871,-487.517181,1624.653564,-4536.090820,2616.301270,1567.749634,-3159.783203,,,,,,,,,,,,,,,,,,,,,,,,,,,,,,,,,
8825,88.250000,0.000000,0.000000,0.000000,1.000000,0.000000,0.000000,0.000000,57.698101,20.499701,-14.700500,0.047771,-0.013570,0.015998,-15.666301,-52.738201,18.801300,-93.396698,0.129960,17.611099,-0.222355,-0.472878,-0.681055,0.512941,-492.487823,1537.901367,-4533.329102,-491.568665,1457.038086,-4542.251465,-478.630341,1580.665527,-4561.505371,-510.686035,1489.823853,-4492.876953,-489.066345,1624.078491,-4536.681152,-491.610443,1457.152466,-4541.991699,-478.621399,1580.270752,-4561.782227,-510.586853,1489.920166,-4493.235352,-489.127106,1624.219116,-4536.356934,2616.317139,1567.770386,-3159.775635,,,,,,,,,,,,,,,,,,,,,,,,,,,,,,,,,
8826,88.260000,0.000000,0.000000,0.000000,1.000000,0.000000,0.000000,0.000000,57.698101,20.499701,-14.700500,0.047771,-0.013570,0.015998,-15.666301,-52.738201,18.801300,-93.396698,0.129960,17.611099,-0.227022,-0.468756,-0.681392,0.514231,-493.933136,1537.587402,-4533.675293,-493.509827,1456.736328,-4542.745117,-480.197845,1580.333252,-4561.938965,-511.891479,1489.527588,-4493.095215,-490.133423,1623.752686,-4536.921387,-493.612885,1456.409302,-4542.876465,-479.900726,1580.091309,-4562.111816,-511.816742,1489.738647,-4493.019531,-490.421722,1624.108887,-4536.689453,2616.288574,1567.754639,-3159.788574,,,,,,,,,,,,,,,,,,,,,,,,,,,,,,,,,
8827,88.270000,0.000000,0.000000,0.000000,1.000000,0.000000,0.000000,0.000000,57.698101,20.499701,-14.700500,0.047771,-0.013570,0.015998,-15.666301,-52.738201,18.801300,-93.396698,0.129960,17.611099,-0.219670,-0.474410,-0.682797,0.510361,-495.937286,1536.839233,-4534.709961,-495.110626,1455.984619,-4543.719727,-481.753662,1579.606934,-4562.717773,-514.576111,1488.752808,-4494.469727,-492.308807,1623.012939,-4537.932129,-495.343689,1455.860962,-4543.396484,-481.652344,1579.714478,-4562.666016,-514.361572,1488.609619,-4494.829102,-492.392944,1623.124390,-4537.955566,2616.286621,1567.759399,-3159.783203,,,,,,,,,,,,,,,,,,,,,,,,,,,,,,,,,
8828,88.280000,0.000000,0.000000,0.000000,1.000000,0.000000,0.000000,0.000000,57.698101,20.499701,-14.700500,0.047771,-0.013570,0.015998,-15.666301,-52.738201,18.801300,-93.396698,0.129960,17.611099,-0.218790,-0.475281,-0.682738,0.510008,-497.233826,1536.490845,-4534.989746,-496.321198,1455.632324,-4543.957031,-483.017090,1579.255737,-4562.985352,-515.930908,1488.409790,-4494.770508,-493.666199,1622.665771,-4538.246094,-496.180450,1455.688721,-4543.458496,-483.428955,1579.282349,-4563.221191,-515.987915,1488.299927,-4495.268066,-493.350494,1622.689819,-4538.021484,2616.308594,1567.776245,-3159.775391,,,,,,,,,,,,,,,,,,,,,,,,,,,,,,,,,
8829,88.290000,0.000000,0.000000,0.000000,1.000000,0.000000,0.000000,0.000000,57.698101,20.499701,-14.700500,0.047771,-0.013570,0.015998,-15.666301,-52.738201,18.801300,-93.396698,0.129960,17.611099,-0.220289,-0.474610,-0.681686,0.511392,-498.709320,1536.200317,-4535.417480,-497.736328,1455.333984,-4544.307617,-484.672119,1578.954590,-4563.520020,-517.165100,1488.136597,-4495.066406,-495.263794,1622.376221,-4538.776855,-497.409607,1455.513672,-4543.768555,-485.394226,1578.842773,-4563.879883,-517.331055,1488.136841,-4495.612305,-494.742126,1622.303223,-4538.408203,2616.311768,1567.750244,-3159.774170,,,,,,,,,,,,,,,,,,,,,,,,,,,,,,,,,
8830,88.300000,0.000000,0.000000,0.000000,1.000000,0.000000,0.000000,0.000000,57.698101,20.499701,-14.700500,0.047771,-0.013570,0.015998,-15.666301,-52.738201,18.801300,-93.396698,0.129960,17.611099,-0.223070,-0.471517,-0.681095,0.513829,-500.186554,1535.849365,-4535.769531,-499.305115,1454.999756,-4544.820801,-486.414215,1578.655640,-4563.923828,-518.260986,1487.710938,-4495.334473,-496.765961,1622.031250,-4538.999023,-499.177795,1455.220215,-4544.321777,-486.775146,1578.693481,-4564.155762,-518.317871,1487.550293,-4495.785156,-496.481812,1621.947876,-4538.804688,2616.332275,1567.758301,-3159.766113,,,,,,,,,,,,,,,,,,,,,,,,,,,,,,,,,
8831,88.310000,0.000000,0.000000,0.000000,1.000000,0.000000,0.000000,0.000000,57.698101,20.499701,-14.700500,0.047771,-0.013570,0.015998,-15.666301,-52.738201,18.801300,-93.396698,0.129960,17.611099,-0.224873,-0.469952,-0.681131,0.514430,-501.529266,1535.713379,-4536.060547,-500.820526,1454.867920,-4545.162109,-487.817719,1578.513794,-4564.252930,-519.494812,1487.580811,-4495.570312,-497.984070,1621.891479,-4539.255859,-500.969482,1454.936157,-4544.872070,-487.773560,1578.567505,-4564.250977,-519.323608,1487.572998,-4495.932129,-498.042725,1621.782471,-4539.212891,2616.294678,1567.716675,-3159.768066,,,,,,,,,,,,,,,,,,,,,,,,,,,,,,,,,
8832,88.320000,0.000000,0.000000,0.000000,1.000000,0.000000,0.000000,0.000000,57.698101,20.499701,-14.700500,0.047771,-0.013570,0.015998,-15.666301,-52.738201,18.801300,-93.396698,0.129960,17.611099,-0.219512,-0.473956,-0.683573,0.509812,-503.272583,1535.732300,-4536.522949,-502.568909,1454.887939,-4545.635742,-489.003784,1578.513062,-4564.467773,-522.012573,1487.624268,-4496.355469,-499.505157,1621.904175,-4539.632324,-502.733582,1454.805054,-4545.269531,-489.001984,1578.413818,-4564.448242,-521.806641,1487.458496,-4496.842773,-499.528717,1622.250610,-4539.583496,2616.302734,1567.727173,-3159.773438,,,,,,,,,,,,,,,,,,,,,,,,,,,,,,,,,
8833,88.330000,0.000000,0.000000,0.000000,1.000000,0.000000,0.000000,0.000000,57.698101,20.499701,-14.700500,0.047771,-0.013570,0.015998,-15.666301,-52.738201,18.801300,-93.396698,0.129960,17.611099,-0.221152,-0.472985,-0.683083,0.510661,-504.681458,1535.774292,-4536.769531,-504.042511,1454.925781,-4545.849609,-490.517822,1578.538330,-4564.792969,-523.265991,1487.689819,-4496.501953,-500.899567,1621.943604,-4539.932617,-504.154846,1454.739868,-4545.610352,-490.515198,1578.352051,-4564.785156,-523.106934,1487.690430,-4496.869141,-500.944153,1622.368530,-4539.825684,2616.295654,1567.737793,-3159.787109,,,,,,,,,,,,,,,,,,,,,,,,,,,,,,,,,
8834,88.340000,0.000000,0.000000,0.000000,1.000000,0.000000,0.000000,0.000000,57.698101,20.499701,-14.700500,0.047771,-0.013570,0.015998,-15.666301,-52.738201,18.801300,-93.396698,0.129960,17.611099,-0.217471,-0.475734,-0.684021,0.508428,-506.138275,1535.687988,-4537.081055,-505.349518,1454.839111,-4546.146484,-491.714447,1578.459106,-4564.961426,-525.105957,1487.594604,-4497.003418,-502.383179,1621.859497,-4540.213867,-505.316437,1454.762329,-4545.757812,-491.944031,1578.325195,-4565.086426,-525.074646,1487.471069,-4497.465332,-502.190063,1622.210205,-4540.028320,2616.299072,1567.789307,-3159.792725,,,,,,,,,,,,,,,,,,,,,,,,,,,,,,,,,
8835,88.350000,0.000000,0.000000,0.000000,1.000000,0.000000,0.000000,0.000000,57.698101,20.499701,-14.700500,0.047771,-0.013570,0.015998,-15.666301,-52.738201,18.801300,-93.396698,0.129960,17.611099,-0.219120,-0.474331,-0.684247,0.508726,-507.573547,1535.563721,-4537.396973,-506.981781,1454.718750,-4546.512207,-493.172058,1578.322388,-4565.307617,-526.482361,1487.484619,-4497.274414,-503.658051,1621.729370,-4540.494141,-506.836884,1454.773071,-4546.141113,-493.547913,1578.182739,-4565.544922,-526.535034,1487.485840,-4497.689453,-503.394073,1621.806519,-4540.229004,2616.284180,1567.752075,-3159.782471,,,,,,,,,,,,,,,,,,,,,,,,,,,,,,,,,
8836,88.360000,0.000000,0.000000,0.000000,1.000000,0.000000,0.000000,0.000000,57.698101,20.499701,-14.700500,0.047771,-0.013570,0.015998,-15.666301,-52.738201,18.801300,-93.396698,0.129960,17.611099,-0.219337,-0.473788,-0.684499,0.508799,-509.239197,1535.503296,-4537.881348,-508.703278,1454.665161,-4547.061035,-494.834564,1578.275391,-4565.769531,-528.144470,1487.403687,-4497.781738,-505.274475,1621.669067,-4540.913086,-508.572693,1454.720703,-4546.702148,-495.203644,1578.105591,-4565.949219,-528.184021,1487.374023,-4498.197754,-505.015839,1621.803345,-4540.693848,2616.300781,1567.744263,-3159.777588,,,,,,,,,,,,,,,,,,,,,,,,,,,,,,,,,
8837,88.370000,0.000000,0.000000,0.000000,1.000000,0.000000,0.000000,0.000000,57.698101,20.499701,-14.700500,0.047771,-0.013570,0.015998,-15.666301,-52.738201,18.801300,-93.396698,0.129960,17.611099,-0.215802,-0.477551,-0.683536,0.508088,-510.893890,1535.503296,-4538.342773,-509.872375,1454.643921,-4547.291504,-496.454651,1578.270142,-4566.221191,-529.915955,1487.420044,-4498.278809,-507.332672,1621.679199,-4541.580078,-509.807648,1454.946411,-4546.847168,-496.705444,1578.162109,-4566.368652,-529.900452,1487.334473,-4498.721680,-507.157013,1621.613159,-4541.412109,2616.310547,1567.741699,-3159.774414,,,,,,,,,,,,,,,,,,,,,,,,,,,,,,,,,
8838,88.380000,0.000000,0.000000,0.000000,1.000000,0.000000,0.000000,0.000000,57.698101,20.499701,-14.700500,0.047771,-0.013570,0.015998,-15.666301,-52.738201,18.801300,-93.396698,0.129960,17.611099,-0.219826,-0.474906,-0.682039,0.510845,-512.502808,1535.557007,-4538.787598,-511.558960,1454.691650,-4547.688965,-498.397430,1578.308350,-4566.860352,-531.049255,1487.496704,-4498.473145,-509.005554,1621.731689,-4542.126465,-511.483002,1454.921875,-4547.356934,-498.667480,1578.095093,-4566.945312,-531.018066,1487.567993,-4498.922363,-508.849335,1621.663818,-4541.953613,2616.303955,1567.716309,-3159.776367,,,,,,,,,,,,,,,,,,,,,,,,,,,,,,,,,
8839,88.390000,0.000000,0.000000,0.000000,1.000000,0.000000,0.000000,0.000000,57.698101,20.499701,-14.700500,0.047771,-0.013570,0.015998,-15.666301,-52.738201,18.801300,-93.396698,0.129960,17.611099,-0.221452,-0.473572,-0.681397,0.512237,-514.199707,1535.701538,-4539.328613,-513.267761,1454.837891,-4548.248047,-500.258331,1578.463257,-4567.467285,-532.516479,1487.626953,-4498.926758,-510.756500,1621.878174,-4542.672363,-513.193481,1454.877075,-4547.872559,-500.576569,1578.158691,-4567.582031,-532.494385,1487.571045,-4499.414551,-510.544586,1622.187256,-4542.468750,2616.316895,1567.763550,-3159.774902,,,,,,,,,,,,,,,,,,,,,,,,,,,,,,,,,
8840,88.400000,0.000000,0.000000,0.000000,1.000000,0.000000,0.000000,0.000000,57.698101,20.499701,-14.700500,0.047771,-0.013570,0.015998,-15.666301,-52.738201,18.801300,-93.396698,0.129960,17.611099,-0.219886,-0.473938,-0.682653,0.510900,-515.684875,1535.998413,-4539.694336,-514.832458,1455.148926,-4548.747559,-501.559265,1578.787476,-4567.699219,-534.246765,1487.882202,-4499.454102,-512.101318,1622.175415,-4542.875977,-515.060547,1455.480103,-4548.340820,-501.510193,1578.536987,-4567.620605,-533.989136,1487.533936,-4499.958984,-512.159668,1622.416016,-4542.898438,2616.280273,1567.761475,-3159.781494,,,,,,,,,,,,,,,,,,,,,,,,,,,,,,,,,
8841,88.410000,0.000000,0.000000,0.000000,1.000000,0.000000,0.000000,0.000000,57.698101,20.499701,-14.700500,0.047771,-0.013570,0.015998,-15.666301,-52.738201,18.801300,-93.396698,0.129960,17.611099,-0.220749,-0.472063,-0.683820,0.510702,-517.136414,1535.968872,-4540.150879,-516.556824,1455.141724,-4549.423828,-502.944702,1578.789307,-4568.073730,-535.751526,1487.801880,-4499.996094,-513.292542,1622.142700,-4543.108887,-516.931763,1455.020142,-4549.110840,-502.690186,1578.786011,-4567.916992,-535.412231,1487.562378,-4500.384277,-513.526001,1622.480713,-4543.216797,2616.288818,1567.748169,-3159.787109,,,,,,,,,,,,,,,,,,,,,,,,,,,,,,,,,
8842,88.420000,0.000000,0.000000,0.000000,1.000000,0.000000,0.000000,0.000000,57.698101,20.499701,-14.700500,0.047771,-0.013570,0.015998,-15.666301,-52.738201,18.801300,-93.396698,0.129960,17.611099,-0.223124,-0.470042,-0.683663,0.511743,-518.796631,1535.795898,-4540.799316,-518.401550,1454.974121,-4550.127930,-504.716522,1578.612671,-4568.784668,-537.230591,1487.631592,-4500.558105,-514.837891,1621.965576,-4543.726074,-518.712097,1454.719482,-4549.916016,-504.494659,1578.748779,-4568.615234,-536.954590,1487.650146,-4500.858398,-515.029175,1622.033691,-4543.799316,2616.270752,1567.726196,-3159.785645,,,,,,,,,,,,,,,,,,,,,,,,,,,,,,,,,
8843,88.430000,0.000000,0.000000,0.000000,1.000000,0.000000,0.000000,0.000000,57.698101,20.499701,-14.700500,0.047771,-0.013570,0.015998,-15.666301,-52.738201,18.801300,-93.396698,0.129960,17.611099,-0.221275,-0.471408,-0.684671,0.509938,-520.331848,1535.791992,-4541.376465,-519.973145,1454.971313,-4550.716309,-506.032776,1578.597046,-4569.268555,-539.065308,1487.642334,-4501.255859,-516.256287,1621.957520,-4544.264648,-519.942017,1454.886963,-4550.368652,-506.269562,1578.705811,-4569.300293,-539.035034,1487.621826,-4501.667480,-516.084839,1621.946289,-4544.190918,2616.309570,1567.781006,-3159.787354,,,,,,,,,,,,,,,,,,,,,,,,,,,,,,,,,
8844,88.440000,0.000000,0.000000,0.000000,1.000000,0.000000,0.000000,0.000000,57.698101,20.499701,-14.700500,0.047771,-0.013570,0.015998,-15.666301,-52.738201,18.801300,-93.396698,0.129960,17.611099,-0.221866,-0.471118,-0.684905,0.509635,-521.870422,1535.789551,-4541.925293,-521.626648,1454.967285,-4551.256348,-507.534027,1578.572021,-4569.833008,-540.639587,1487.669678,-4501.785645,-517.681458,1621.949097,-4544.827148,-521.278564,1455.037231,-4550.746094,-508.370331,1578.571411,-4570.088379,-540.824219,1487.718628,-4502.369629,-517.077820,1621.827271,-4544.523926,2616.276855,1567.742554,-3159.795166,,,,,,,,,,,,,,,,,,,,,,,,,,,,,,,,,
8845,88.450000,0.000000,0.000000,0.000000,1.000000,0.000000,0.000000,0.000000,57.698101,20.499701,-14.700500,0.047771,-0.013570,0.015998,-15.666301,-52.738201,18.801300,-93.396698,0.129960,17.611099,-0.224479,-0.468231,-0.685339,0.510568,-523.431152,1535.898071,-4542.483887,-523.490173,1455.095581,-4551.985840,-509.171539,1578.698120,-4570.404297,-542.050720,1487.747803,-4502.311035,-519.012085,1622.051147,-4545.234375,-523.083679,1455.040283,-4551.479004,-510.090759,1578.547119,-4570.812012,-542.273376,1487.822876,-4502.862305,-518.350525,1622.167480,-4544.788574,2616.294678,1567.739624,-3159.781494,,,,,,,,,,,,,,,,,,,,,,,,,,,,,,,,,
8846,88.460000,0.000000,0.000000,0.000000,1.000000,0.000000,0.000000,0.000000,57.698101,20.499701,-14.700500,0.047771,-0.013570,0.015998,-15.666301,-52.738201,18.801300,-93.396698,0.129960,17.611099,-0.221128,-0.473449,-0.681221,0.512724,-525.678101,1535.876343,-4543.375977,-524.659485,1455.018799,-4552.339844,-511.789856,1578.668823,-4571.494141,-543.933105,1487.759644,-4502.996582,-522.330017,1622.058472,-4546.672852,-524.663452,1455.229004,-4552.069336,-511.906219,1578.515015,-4571.544434,-543.839722,1487.902832,-4503.414551,-522.285767,1621.906860,-4546.519043,2616.294678,1567.733398,-3159.774658,,,,,,,,,,,,,,,,,,,,,,,,,,,,,,,,,
8847,88.470000,0.000000,0.000000,0.000000,1.000000,0.000000,0.000000,0.000000,57.698101,20.499701,-14.700500,0.047771,-0.013570,0.015998,-15.666301,-52.738201,18.801300,-93.396698,0.129960,17.611099,-0.222798,-0.472183,-0.680756,0.513785,-527.385254,1535.989014,-4544.011719,-526.427124,1455.131592,-4552.983887,-513.622314,1578.779541,-4572.194336,-545.457336,1487.874634,-4503.547363,-524.034119,1622.170532,-4547.321289,-526.392639,1455.152100,-4552.736816,-513.794617,1578.565186,-4572.296875,-545.392456,1488.080566,-4503.987793,-523.958252,1622.183472,-4547.103027,2616.300781,1567.723633,-3159.779541,,,,,,,,,,,,,,,,,,,,,,,,,,,,,,,,,
8848,88.480000,0.000000,0.000000,0.000000,1.000000,0.000000,0.000000,0.000000,57.698101,20.499701,-14.700500,0.047771,-0.013570,0.015998,-15.666301,-52.738201,18.801300,-93.396698,0.129960,17.611099,-0.223207,-0.471446,-0.681131,0.513788,-529.027405,1536.069214,-4544.596680,-528.168274,1455.219116,-4553.645996,-515.249939,1578.871094,-4572.754883,-547.105774,1487.936523,-4504.156738,-525.585632,1622.250122,-4547.829102,-528.229187,1455.195312,-4553.343750,-515.296448,1578.764771,-4572.841309,-546.974182,1488.043701,-4504.604980,-525.588379,1622.295654,-4547.652344,2616.275879,1567.766235,-3159.789307,,,,,,,,,,,,,,,,,,,,,,,,,,,,,,,,,
8849,88.490000,0.000000,0.000000,0.000000,1.000000,0.000000,0.000000,0.000000,57.698101,20.499701,-14.700500,0.047771,-0.013570,0.015998,-15.666301,-52.738201,18.801300,-93.396698,0.129960,17.611099,-0.224186,-0.470276,-0.680960,0.514660,-530.410461,1536.265869,-4545.096191,-529.589355,1455.423218,-4554.214355,-516.726196,1579.089600,-4573.267090,-548.353882,1488.101685,-4504.633789,-526.972473,1622.449219,-4548.270020,-529.803955,1455.180664,-4553.978027,-516.588440,1578.959351,-4573.245117,-548.132874,1488.085449,-4504.973633,-527.144409,1622.876587,-4548.193848,2616.272705,1567.760498,-3159.805176,,,,,,,,,,,,,,,,,,,,,,,,,,,,,,,,,
8850,88.500000,0.000000,0.000000,0.000000,1.000000,0.000000,0.000000,0.000000,57.698101,20.499701,-14.700500,0.047771,-0.013570,0.015998,-15.666301,-52.738201,18.801300,-93.396698,0.129960,17.611099,-0.225272,-0.468152,-0.681533,0.515363,-532.047485,1536.214111,-4545.701172,-531.393677,1455.394531,-4555.034668,-518.408997,1579.089966,-4573.814453,-549.903748,1487.972412,-4505.292480,-528.483704,1622.399780,-4548.662598,-531.574036,1455.014648,-4554.776855,-518.302917,1578.987061,-4573.877930,-549.732178,1487.998291,-4505.610352,-528.627014,1622.890381,-4548.491699,2616.287598,1567.766968,-3159.791016,,,,,,,,,,,,,,,,,,,,,,,,,,,,,,,,,
8851,88.510000,0.000000,0.000000,0.000000,1.000000,0.000000,0.000000,0.000000,57.698101,20.499701,-14.700500,0.047771,-0.013570,0.015998,-15.666301,-52.738201,18.801300,-93.396698,0.129960,17.611099,-0.228334,-0.465795,-0.681162,0.516640,-533.803467,1536.188477,-4546.277344,-533.369995,1455.370605,-4555.638184,-520.311829,1579.047852,-4574.486816,-551.424500,1487.967285,-4505.741211,-530.107544,1622.368408,-4549.243652,-533.322998,1454.881226,-4555.400879,-520.398132,1578.795654,-4574.839355,-551.414246,1488.154907,-4506.018066,-530.073364,1622.965210,-4548.743652,2616.322266,1567.766113,-3159.789795,,,,,,,,,,,,,,,,,,,,,,,,,,,,,,,,,
8852,88.520000,0.000000,0.000000,0.000000,1.000000,0.000000,0.000000,0.000000,57.698101,20.499701,-14.700500,0.047771,-0.013570,0.015998,-15.666301,-52.738201,18.801300,-93.396698,0.129960,17.611099,-0.226164,-0.466168,-0.681907,0.516275,-535.365723,1535.955566,-4546.873535,-534.819458,1455.159546,-4556.415527,-521.800659,1578.890991,-4574.931152,-553.104614,1487.626465,-4506.517578,-531.738037,1622.145386,-4549.629883,-534.654053,1454.889038,-4555.903320,-522.192505,1578.709961,-4575.382812,-553.183960,1487.571777,-4507.017090,-531.379028,1622.742798,-4549.093750,2616.280762,1567.750488,-3159.784180,,,,,,,,,,,,,,,,,,,,,,,,,,,,,,,,,
8853,88.530000,0.000000,0.000000,0.000000,1.000000,0.000000,0.000000,0.000000,57.698101,20.499701,-14.700500,0.047771,-0.013570,0.015998,-15.666301,-52.738201,18.801300,-93.396698,0.129960,17.611099,-0.226099,-0.466533,-0.681055,0.517098,-536.727844,1535.823486,-4547.361816,-536.008057,1455.020630,-4556.834961,-523.277771,1578.765137,-4575.465820,-554.331360,1487.489502,-4506.952148,-533.294250,1622.018799,-4550.194336,-535.637817,1454.977051,-4556.183594,-524.077087,1578.519531,-4576.187988,-554.557617,1487.394409,-4507.539551,-532.651978,1622.427368,-4549.514648,2616.282471,1567.739136,-3159.790527,,,,,,,,,,,,,,,,,,,,,,,,,,,,,,,,,
8854,88.540000,0.000000,0.000000,0.000000,1.000000,0.000000,0.000000,0.000000,57.698101,20.499701,-14.700500,0.047771,-0.013570,0.015998,-15.666301,-52.738201,18.801300,-93.396698,0.129960,17.611099,-0.224309,-0.465980,-0.681940,0.517209,-537.967407,1535.774048,-4547.614258,-537.173950,1455.005127,-4557.366699,-524.484863,1578.822021,-4575.539062,-555.626343,1487.288086,-4507.411621,-534.584473,1621.980957,-4550.139160,-536.768250,1454.935913,-4556.628906,-525.344971,1578.372559,-4576.666016,-555.856445,1487.310059,-4508.050781,-533.966858,1622.448364,-4549.135742,2616.304688,1567.751831,-3159.782227,,,,,,,,,,,,,,,,,,,,,,,,,,,,,,,,,
8855,88.550000,0.000000,0.000000,0.000000,1.000000,0.000000,0.000000,0.000000,57.698101,20.499701,-14.700500,0.047771,-0.013570,0.015998,-15.666301,-52.738201,18.801300,-93.396698,0.129960,17.611099,-0.225956,-0.462968,-0.682790,0.518075,-539.125244,1535.536377,-4547.942383,-538.597839,1454.801392,-4557.988281,-525.692810,1578.649658,-4575.790527,-556.677185,1486.952026,-4507.811523,-535.533325,1621.742798,-4550.178223,-538.403809,1454.714478,-4557.295410,-526.126038,1578.296387,-4576.781250,-556.796509,1486.810547,-4508.377441,-535.121643,1622.482300,-4549.147949,2616.325928,1567.713623,-3159.761719,,,,,,,,,,,,,,,,,,,,,,,,,,,,,,,,,
8856,88.560000,0.000000,0.000000,0.000000,1.000000,0.000000,0.000000,0.000000,57.698101,20.499701,-14.700500,0.047771,-0.013570,0.015998,-15.666301,-52.738201,18.801300,-93.396698,0.129960,17.611099,-0.231057,-0.458423,-0.682652,0.520045,-540.381958,1535.415405,-4548.376953,-540.309998,1454.696289,-4558.563477,-527.157898,1578.523071,-4576.333496,-557.580261,1486.831909,-4508.092285,-536.479797,1621.610718,-4550.519043,-540.115845,1454.526367,-4557.855469,-527.609436,1578.086426,-4577.420410,-557.682312,1486.811646,-4508.720703,-536.114563,1622.326294,-4549.420410,2616.284912,1567.738159,-3159.774658,,,,,,,,,,,,,,,,,,,,,,,,,,,,,,,,,
8857,88.570000,0.000000,0.000000,0.000000,1.000000,0.000000,0.000000,0.000000,57.698101,20.499701,-14.700500,0.047771,-0.013570,0.015998,-15.666301,-52.738201,18.801300,-93.396698,0.129960,17.611099,-0.237133,-0.453075,-0.682214,0.522565,-541.599365,1535.244751,-4548.867188,-542.030090,1454.544189,-4559.191406,-528.655396,1578.346924,-4576.962891,-558.338074,1486.661255,-4508.389648,-537.374084,1621.426880,-4550.925293,-541.918091,1454.255371,-4558.634277,-528.921143,1577.886841,-4577.900879,-558.382629,1486.725952,-4508.921387,-537.167786,1622.255127,-4549.865234,2616.286865,1567.778076,-3159.799561,,,,,,,,,,,,,,,,,,,,,,,,,,,,,,,,,
8858,88.580000,0.000000,0.000000,0.000000,1.000000,0.000000,0.000000,0.000000,57.698101,20.499701,-14.700500,0.047771,-0.013570,0.015998,-15.666301,-52.738201,18.801300,-93.396698,0.129960,17.611099,-0.230919,-0.457926,-0.684429,0.518205,-543.098267,1535.037964,-4549.462891,-543.364197,1454.335693,-4559.778320,-529.621033,1578.130737,-4577.321289,-560.601013,1486.467529,-4509.293945,-538.806885,1621.218384,-4551.458008,-543.144470,1454.007446,-4559.151855,-530.085022,1577.704712,-4578.312988,-560.720276,1486.516846,-4509.873535,-538.394592,1622.104614,-4550.311035,2616.291260,1567.735962,-3159.787598,,,,,,,,,,,,,,,,,,,,,,,,,,,,,,,,,
8859,88.590000,0.000000,0.000000,0.000000,1.000000,0.000000,0.000000,0.000000,57.698101,20.499701,-14.700500,0.047771,-0.013570,0.015998,-15.666301,-52.738201,18.801300,-93.396698,0.129960,17.611099,-0.230612,-0.459363,-0.683922,0.517740,-544.322266,1534.881470,-4549.970703,-544.499512,1454.155151,-4560.098633,-530.822266,1577.920410,-4577.900879,-561.869019,1486.390015,-4509.725586,-540.098267,1621.060547,-4552.156738,-544.178894,1453.852661,-4559.454590,-531.518005,1577.398804,-4578.909180,-562.048645,1486.491699,-4510.383301,-539.524597,1621.904053,-4551.017578,2616.293701,1567.747437,-3159.776855,,,,,,,,,,,,,,,,,,,,,,,,,,,,,,,,,
8860,88.600000,0.000000,0.000000,0.000000,1.000000,0.000000,0.000000,0.000000,57.698101,20.499701,-14.700500,0.047771,-0.013570,0.015998,-15.666301,-52.738201,18.801300,-93.396698,0.129960,17.611099,-0.228208,-0.461960,-0.684379,0.515887,-545.543274,1534.638306,-4550.498535,-545.608948,1453.896851,-4560.506348,-531.840210,1577.640869,-4578.385742,-563.388000,1486.199951,-4510.320801,-541.335938,1620.815674,-4552.781250,-545.295227,1453.683228,-4559.864746,-532.539734,1577.194946,-4579.216797,-563.570190,1486.212036,-4510.990723,-540.731384,1621.586060,-4551.825684,2616.283691,1567.748779,-3159.791260,,,,,,,,,,,,,,,,,,,,,,,,,,,,,,,,,
8861,88.610000,0.000000,0.000000,0.000000,1.000000,0.000000,0.000000,0.000000,57.698101,20.499701,-14.700500,0.047771,-0.013570,0.015998,-15.666301,-52.738201,18.801300,-93.396698,0.129960,17.611099,-0.227173,-0.463981,-0.683641,0.515509,-546.749817,1534.251465,-4551.117188,-546.609253,1453.484741,-4560.918945,-533.039917,1577.211914,-4579.065918,-564.633118,1485.877930,-4510.877930,-542.717102,1620.431396,-4553.604980,-546.247253,1453.150391,-4560.247559,-533.834229,1576.862549,-4579.814453,-564.844604,1485.906128,-4511.597656,-541.989075,1621.252441,-4552.677734,2616.270996,1567.773926,-3159.793701,,,,,,,,,,,,,,,,,,,,,,,,,,,,,,,,,
8862,88.620000,0.000000,0.000000,0.000000,1.000000,0.000000,0.000000,0.000000,57.698101,20.499701,-14.700500,0.047771,-0.013570,0.015998,-15.666301,-52.738201,18.801300,-93.396698,0.129960,17.611099,-0.229905,-0.462799,-0.682799,0.516475,-548.106018,1533.961914,-4551.772461,-548.097351,1453.180176,-4561.450195,-534.532898,1576.867065,-4579.873047,-565.780579,1485.666260,-4511.348145,-544.013245,1620.134399,-4554.418945,-547.792297,1453.075684,-4560.780762,-535.240417,1576.462891,-4580.593262,-565.958130,1485.562134,-4512.018066,-543.358521,1620.888672,-4553.576172,2616.292236,1567.755859,-3159.788086,,,,,,,,,,,,,,,,,,,,,,,,,,,,,,,,,
8863,88.630000,0.000000,0.000000,0.000000,1.000000,0.000000,0.000000,0.000000,57.698101,20.499701,-14.700500,0.047771,-0.013570,0.015998,-15.666301,-52.738201,18.801300,-93.396698,0.129960,17.611099,-0.231364,-0.462149,-0.682753,0.516466,-549.338318,1533.628052,-4552.378906,-549.486023,1452.840088,-4562.002441,-535.771240,1576.492554,-4580.544434,-566.982544,1485.387939,-4511.875488,-545.113586,1619.792114,-4555.093750,-549.300659,1452.741699,-4561.458008,-536.244080,1576.169800,-4581.013672,-567.075928,1485.277832,-4512.460938,-544.683044,1620.428345,-4554.521484,2616.306396,1567.780762,-3159.779541,,,,,,,,,,,,,,,,,,,,,,,,,,,,,,,,,
8864,88.640000,0.000000,0.000000,0.000000,1.000000,0.000000,0.000000,0.000000,57.698101,20.499701,-14.700500,0.047771,-0.013570,0.015998,-15.666301,-52.738201,18.801300,-93.396698,0.129960,17.611099,-0.229087,-0.462860,-0.683431,0.515948,-550.333801,1533.345947,-4552.530273,-550.353760,1452.574951,-4562.296875,-536.680481,1576.274048,-4580.556152,-568.115906,1485.016113,-4512.194336,-546.185181,1619.518921,-4555.073242,-550.055908,1452.517944,-4561.553223,-537.367920,1575.777710,-4581.520020,-568.269409,1484.992676,-4512.889648,-545.682800,1620.088989,-4554.155273,2616.308594,1567.718384,-3159.779541,,,,,,,,,,,,,,,,,,,,,,,,,,,,,,,,,
8865,88.650000,0.000000,0.000000,0.000000,1.000000,0.000000,0.000000,0.000000,57.698101,20.499701,-14.700500,0.047771,-0.013570,0.015998,-15.666301,-52.738201,18.801300,-93.396698,0.129960,17.611099,-0.231806,-0.459912,-0.684029,0.516576,-551.414124,1532.954346,-4552.929688,-551.796509,1452.204468,-4562.861816,-537.803101,1575.890869,-4580.963379,-569.086426,1484.605591,-4512.568359,-546.970459,1619.116821,-4555.325684,-551.486938,1451.994751,-4562.145020,-538.503235,1575.323730,-4582.109863,-569.238281,1484.749390,-4513.270996,-546.483093,1619.728882,-4554.190430,2616.329834,1567.734375,-3159.763184,,,,,,,,,,,,,,,,,,,,,,,,,,,,,,,,,
8866,88.660000,0.000000,0.000000,0.000000,1.000000,0.000000,0.000000,0.000000,57.698101,20.499701,-14.700500,0.047771,-0.013570,0.015998,-15.666301,-52.738201,18.801300,-93.396698,0.129960,17.611099,-0.234184,-0.457967,-0.684604,0.516471,-552.448059,1532.678223,-4553.330566,-553.188171,1451.937378,-4563.314941,-538.810242,1575.581909,-4581.401855,-570.107361,1484.369385,-4512.915039,-547.686401,1618.824707,-4555.689453,-552.925110,1451.641235,-4562.673340,-539.394897,1575.042603,-4582.479980,-570.236328,1484.527100,-4513.556641,-547.259521,1619.538940,-4554.554688,2616.312012,1567.746826,-3159.769775,,,,,,,,,,,,,,,,,,,,,,,,,,,,,,,,,
8867,88.670000,0.000000,0.000000,0.000000,1.000000,0.000000,0.000000,0.000000,57.698101,20.499701,-14.700500,0.047771,-0.013570,0.015998,-15.666301,-52.738201,18.801300,-93.396698,0.129960,17.611099,-0.234170,-0.457749,-0.685689,0.515229,-553.777832,1532.228394,-4553.897949,-554.738525,1451.497192,-4563.942383,-539.974792,1575.112427,-4581.918457,-571.635925,1483.941772,-4513.543457,-548.762085,1618.362183,-4556.187012,-554.417542,1451.046631,-4563.272461,-540.639160,1574.625244,-4583.128906,-571.801147,1484.159058,-4514.176270,-548.269958,1619.118530,-4554.934082,2616.280273,1567.761963,-3159.791992,,,,,,,,,,,,,,,,,,,,,,,,,,,,,,,,,
8868,88.680000,0.000000,0.000000,0.000000,1.000000,0.000000,0.000000,0.000000,57.698101,20.499701,-14.700500,0.047771,-0.013570,0.015998,-15.666301,-52.738201,18.801300,-93.396698,0.129960,17.611099,-0.235429,-0.456975,-0.686123,0.514764,-554.789795,1531.918823,-4554.348145,-555.979431,1451.189819,-4564.385742,-540.928467,1574.765503,-4582.396973,-572.696777,1483.681152,-4513.957031,-549.554443,1618.039429,-4556.651855,-555.771057,1450.667725,-4563.812012,-541.350647,1574.335938,-4583.407715,-572.780457,1483.948975,-4514.519531,-549.267822,1618.732788,-4555.567871,2616.280518,1567.741089,-3159.781006,,,,,,,,,,,,,,,,,,,,,,,,,,,,,,,,,
8869,88.690000,0.000000,0.000000,0.000000,1.000000,0.000000,0.000000,0.000000,57.698101,20.499701,-14.700500,0.047771,-0.013570,0.015998,-15.666301,-52.738201,18.801300,-93.396698,0.129960,17.611099,-0.237360,-0.457167,-0.684923,0.515305,-555.881958,1531.582031,-4554.851562,-557.081909,1450.822021,-4564.635254,-542.132446,1574.345703,-4583.081055,-573.632202,1483.464111,-4514.249023,-550.681396,1617.696411,-4557.440430,-556.826965,1450.348267,-4564.083496,-542.646362,1573.826294,-4584.152832,-573.751709,1483.735352,-4514.808105,-550.316406,1618.455811,-4556.270508,2616.276123,1567.744507,-3159.790527,,,,,,,,,,,,,,,,,,,,,,,,,,,,,,,,,
8870,88.700000,0.000000,0.000000,0.000000,1.000000,0.000000,0.000000,0.000000,57.698101,20.499701,-14.700500,0.047771,-0.013570,0.015998,-15.666301,-52.738201,18.801300,-93.396698,0.129960,17.611099,-0.238904,-0.457289,-0.684422,0.515148,-557.246277,1531.151367,-4555.457520,-558.551392,1450.370605,-4565.053711,-543.510742,1573.835693,-4583.813965,-574.962280,1483.145508,-4514.707520,-551.960693,1617.254150,-4558.254883,-558.227173,1450.021240,-4564.479492,-544.190186,1573.276733,-4584.906250,-575.143311,1483.319580,-4515.273926,-551.431641,1618.058960,-4557.078125,2616.270264,1567.748535,-3159.798096,,,,,,,,,,,,,,,,,,,,,,,,,,,,,,,,,
8871,88.710000,0.000000,0.000000,0.000000,1.000000,0.000000,0.000000,0.000000,57.698101,20.499701,-14.700500,0.047771,-0.013570,0.015998,-15.666301,-52.738201,18.801300,-93.396698,0.129960,17.611099,-0.237739,-0.459658,-0.684018,0.514115,-558.588562,1530.772705,-4556.086914,-559.751404,1449.962769,-4565.454590,-544.768250,1573.391113,-4584.501465,-576.442322,1482.863892,-4515.283203,-553.392334,1616.873291,-4559.109375,-559.376831,1449.740112,-4564.815430,-545.578247,1572.815186,-4585.580566,-576.669006,1482.922729,-4515.900391,-552.718811,1617.714722,-4557.952148,2616.312256,1567.747681,-3159.787109,,,,,,,,,,,,,,,,,,,,,,,,,,,,,,,,,
8872,88.720000,0.000000,0.000000,0.000000,1.000000,0.000000,0.000000,0.000000,57.698101,20.499701,-14.700500,0.047771,-0.013570,0.015998,-15.666301,-52.738201,18.801300,-93.396698,0.129960,17.611099,-0.235445,-0.463199,-0.683660,0.512466,-559.942566,1530.434692,-4556.771973,-560.876343,1449.589600,-4565.856934,-545.972351,1572.977295,-4585.226562,-578.036804,1482.638550,-4515.941406,-554.884705,1616.533813,-4560.062012,-560.478271,1449.515625,-4565.132324,-546.817688,1572.429077,-4586.290039,-578.274414,1482.561768,-4516.563477,-554.118286,1617.375732,-4558.917969,2616.308350,1567.717773,-3159.772217,,,,,,,,,,,,,,,,,,,,,,,,,,,,,,,,,
8873,88.730000,0.000000,0.000000,0.000000,1.000000,0.000000,0.000000,0.000000,57.698101,20.499701,-14.700500,0.047771,-0.013570,0.015998,-15.666301,-52.738201,18.801300,-93.396698,0.129960,17.611099,-0.235888,-0.462718,-0.684169,0.512017,-561.439697,1530.232544,-4557.446777,-562.520813,1449.393433,-4566.568848,-547.406799,1572.763428,-4585.888184,-579.600464,1482.449585,-4516.631348,-556.230774,1616.323975,-4560.699219,-562.164734,1449.073364,-4565.792969,-548.093628,1572.776611,-4586.627930,-579.820984,1482.278687,-4517.179199,-555.545105,1616.898193,-4559.978516,2616.284180,1567.761353,-3159.781250,,,,,,,,,,,,,,,,,,,,,,,,,,,,,,,,,
8874,88.740000,0.000000,0.000000,0.000000,1.000000,0.000000,0.000000,0.000000,57.698101,20.499701,-14.700500,0.047771,-0.013570,0.015998,-15.666301,-52.738201,18.801300,-93.396698,0.129960,17.611099,-0.235404,-0.463943,-0.683820,0.511598,-562.651428,1529.904907,-4557.877930,-563.647827,1449.049561,-4566.864258,-548.592041,1572.398804,-4586.361328,-580.860962,1482.176758,-4517.019531,-557.505066,1615.994873,-4561.266113,-563.420654,1448.783936,-4566.188477,-549.163574,1572.433228,-4586.666992,-580.976379,1482.020264,-4517.651367,-557.006104,1616.376587,-4560.939941,2616.292969,1567.745605,-3159.782471,,,,,,,,,,,,,,,,,,,,,,,,,,,,,,,,,
8875,88.750000,0.000000,0.000000,0.000000,1.000000,0.000000,0.000000,0.000000,57.698101,20.499701,-14.700500,0.047771,-0.013570,0.015998,-15.666301,-52.738201,18.801300,-93.396698,0.129960,17.611099,-0.235174,-0.464332,-0.683270,0.512085,-563.879211,1529.796631,-4558.254395,-564.744141,1448.934570,-4567.194336,-549.888733,1572.296875,-4586.762207,-582.011292,1482.062500,-4517.368164,-558.872681,1615.892944,-4561.691895,-564.754456,1448.519897,-4566.639160,-550.174438,1572.437500,-4586.679199,-581.939392,1481.933472,-4517.961914,-558.633301,1616.183472,-4561.693359,2616.291992,1567.743652,-3159.773682,,,,,,,,,,,,,,,,,,,,,,,,,,,,,,,,,
8876,88.760000,0.000000,0.000000,0.000000,1.000000,0.000000,0.000000,0.000000,57.698101,20.499701,-14.700500,0.047771,-0.013570,0.015998,-15.666301,-52.738201,18.801300,-93.396698,0.129960,17.611099,-0.241605,-0.461617,-0.680927,0.514660,-565.310303,1529.408813,-4559.143555,-566.415100,1448.514282,-4567.758301,-551.695618,1571.780396,-4588.022949,-582.886475,1481.856323,-4517.805664,-560.244080,1615.484375,-4562.987793,-566.273926,1448.158203,-4567.238281,-552.028687,1571.578491,-4588.572266,-582.945496,1481.906250,-4518.298340,-559.971863,1616.031738,-4562.374512,2616.263916,1567.727173,-3159.780762,,,,,,,,,,,,,,,,,,,,,,,,,,,,,,,,,
8877,88.770000,0.000000,0.000000,0.000000,1.000000,0.000000,0.000000,0.000000,57.698101,20.499701,-14.700500,0.047771,-0.013570,0.015998,-15.666301,-52.738201,18.801300,-93.396698,0.129960,17.611099,-0.241984,-0.462346,-0.681397,0.513203,-566.395447,1529.237427,-4559.669434,-567.684265,1448.331665,-4568.152344,-552.624146,1571.527466,-4588.593262,-584.163513,1481.796875,-4518.285156,-561.109985,1615.293701,-4563.646973,-567.739319,1447.941895,-4567.816406,-552.640015,1571.367920,-4588.857910,-584.095032,1481.844482,-4518.632324,-561.113342,1615.851685,-4563.268066,2616.299805,1567.744629,-3159.773193,,,,,,,,,,,,,,,,,,,,,,,,,,,,,,,,,
8878,88.780000,0.000000,0.000000,0.000000,1.000000,0.000000,0.000000,0.000000,57.698101,20.499701,-14.700500,0.047771,-0.013570,0.015998,-15.666301,-52.738201,18.801300,-93.396698,0.129960,17.611099,-0.239830,-0.465156,-0.681969,0.510912,-567.436646,1529.157104,-4560.159668,-568.685425,1448.233521,-4568.475098,-553.412659,1571.378662,-4589.062500,-585.561401,1481.813965,-4518.818359,-562.087036,1615.202637,-4564.282227,-568.882019,1447.924683,-4568.121582,-553.295959,1571.240723,-4589.203125,-585.385620,1481.761108,-4519.206543,-562.226807,1615.772461,-4564.041016,2616.298584,1567.739136,-3159.767334,,,,,,,,,,,,,,,,,,,,,,,,,,,,,,,,,
8879,88.790000,0.000000,0.000000,0.000000,1.000000,0.000000,0.000000,0.000000,57.698101,20.499701,-14.700500,0.047771,-0.013570,0.015998,-15.666301,-52.738201,18.801300,-93.396698,0.129960,17.611099,-0.238324,-0.467673,-0.681805,0.509534,-568.559753,1529.247925,-4560.596191,-569.688049,1448.300903,-4568.699219,-554.405151,1571.403687,-4589.530762,-586.883118,1482.000366,-4519.232910,-563.262878,1615.286743,-4564.920410,-569.846924,1447.965088,-4568.404785,-554.321411,1571.189453,-4589.646484,-586.705688,1482.085327,-4519.630371,-563.390076,1615.808228,-4564.658203,2616.295410,1567.766968,-3159.782471,,,,,,,,,,,,,,,,,,,,,,,,,,,,,,,,,
8880,88.800000,0.000000,0.000000,0.000000,1.000000,0.000000,0.000000,0.000000,57.698101,20.499701,-14.700500,0.047771,-0.013570,0.015998,-15.666301,-52.738201,18.801300,-93.396698,0.129960,17.611099,-0.238801,-0.468045,-0.680635,0.510533,-569.567017,1529.270874,-4561.023926,-570.524536,1448.308594,-4568.994629,-555.559814,1571.412231,-4590.051758,-587.709351,1482.048340,-4519.552246,-564.474487,1615.314453,-4565.496094,-570.608643,1448.034302,-4568.638184,-555.575378,1571.262451,-4590.223145,-587.608093,1482.011719,-4519.948242,-564.476440,1615.843140,-4565.223145,2616.291260,1567.756958,-3159.792969,,,,,,,,,,,,,,,,,,,,,,,,,,,,,,,,,
8881,88.810000,0.000000,0.000000,0.000000,1.000000,0.000000,0.000000,0.000000,57.698101,20.499701,-14.700500,0.047771,-0.013570,0.015998,-15.666301,-52.738201,18.801300,-93.396698,0.129960,17.611099,-0.238240,-0.468708,-0.680532,0.510324,-570.800354,1529.389893,-4561.532227,-571.691467,1448.422729,-4569.461914,-556.775024,1571.525269,-4590.559570,-588.977295,1482.177124,-4520.064941,-565.757751,1615.434570,-4566.041504,-571.705017,1448.126831,-4569.088867,-556.893677,1571.358276,-4590.738770,-588.931824,1482.094482,-4520.465332,-565.632019,1616.133057,-4565.741699,2616.307617,1567.761475,-3159.789307,,,,,,,,,,,,,,,,,,,,,,,,,,,,,,,,,
8882,88.820000,0.000000,0.000000,0.000000,1.000000,0.000000,0.000000,0.000000,57.698101,20.499701,-14.700500,0.047771,-0.013570,0.015998,-15.666301,-52.738201,18.801300,-93.396698,0.129960,17.611099,-0.237124,-0.469890,-0.680711,0.509518,-572.054565,1529.542480,-4562.035156,-572.890808,1448.569702,-4569.912598,-557.939636,1571.662598,-4591.041504,-590.363770,1482.352173,-4520.600098,-567.024170,1615.585693,-4566.585449,-572.821350,1448.268799,-4569.534180,-558.172668,1571.480835,-4591.272461,-590.379517,1482.285767,-4520.996582,-566.774963,1616.299072,-4566.229980,2616.298828,1567.771362,-3159.776367,,,,,,,,,,,,,,,,,,,,,,,,,,,,,,,,,
8883,88.830000,0.000000,0.000000,0.000000,1.000000,0.000000,0.000000,0.000000,57.698101,20.499701,-14.700500,0.047771,-0.013570,0.015998,-15.666301,-52.738201,18.801300,-93.396698,0.129960,17.611099,-0.237920,-0.470081,-0.680217,0.509631,-573.098083,1529.846191,-4562.387207,-573.943970,1448.861816,-4570.143066,-559.018799,1571.923218,-4591.473145,-591.356262,1482.717407,-4520.860352,-568.073242,1615.882568,-4567.071289,-573.859253,1448.598389,-4569.823730,-559.273071,1571.727783,-4591.656250,-591.376404,1482.703491,-4521.230957,-567.837769,1616.454712,-4566.777832,2616.290039,1567.746216,-3159.774902,,,,,,,,,,,,,,,,,,,,,,,,,,,,,,,,,
8884,88.840000,0.000000,0.000000,0.000000,1.000000,0.000000,0.000000,0.000000,57.698101,20.499701,-14.700500,0.047771,-0.013570,0.015998,-15.666301,-52.738201,18.801300,-93.396698,0.129960,17.611099,-0.237057,-0.472050,-0.679550,0.509101,-574.207764,1530.179688,-4562.774414,-574.889709,1449.173584,-4570.316406,-560.102417,1572.202759,-4591.925781,-592.525330,1483.131104,-4521.182617,-569.313782,1616.211792,-4567.672363,-574.719421,1448.983521,-4569.931152,-560.534729,1571.938965,-4592.173828,-592.604431,1483.094604,-4521.644531,-568.923889,1616.801880,-4567.308594,2616.268066,1567.754517,-3159.780029,,,,,,,,,,,,,,,,,,,,,,,,,,,,,,,,,
8885,88.850000,0.000000,0.000000,0.000000,1.000000,0.000000,0.000000,0.000000,57.698101,20.499701,-14.700500,0.047771,-0.013570,0.015998,-15.666301,-52.738201,18.801300,-93.396698,0.129960,17.611099,-0.235625,-0.473683,-0.679617,0.508160,-575.460876,1530.480347,-4563.260254,-576.045715,1449.465210,-4570.711914,-561.256226,1572.481323,-4592.395508,-593.929993,1483.464844,-4521.698242,-570.611511,1616.510498,-4568.234375,-575.842102,1449.378052,-4570.250977,-561.762390,1572.168823,-4592.749512,-594.038147,1483.357788,-4522.206543,-570.153503,1617.111206,-4567.790527,2616.260498,1567.752808,-3159.794434,,,,,,,,,,,,,,,,,,,,,,,,,,,,,,,,,
8886,88.860000,0.000000,0.000000,0.000000,1.000000,0.000000,0.000000,0.000000,57.698101,20.499701,-14.700500,0.047771,-0.013570,0.015998,-15.666301,-52.738201,18.801300,-93.396698,0.129960,17.611099,-0.233781,-0.475749,-0.679533,0.507193,-576.562622,1530.880737,-4563.607422,-576.986206,1449.853882,-4570.942871,-562.260986,1572.859985,-4592.726074,-595.189514,1483.898682,-4522.077637,-571.814026,1616.910522,-4568.681641,-576.833740,1449.802368,-4570.497559,-562.685059,1572.503296,-4593.049805,-595.248718,1483.814453,-4522.598633,-571.468445,1617.454224,-4568.272949,2616.289795,1567.738647,-3159.788330,,,,,,,,,,,,,,,,,,,,,,,,,,,,,,,,,
8887,88.870000,0.000000,0.000000,0.000000,1.000000,0.000000,0.000000,0.000000,57.698101,20.499701,-14.700500,0.047771,-0.013570,0.015998,-15.666301,-52.738201,18.801300,-93.396698,0.129960,17.611099,-0.234190,-0.474566,-0.679489,0.508170,-577.767273,1531.499146,-4563.955566,-578.175903,1450.484009,-4571.420898,-563.562378,1573.531250,-4593.045898,-596.261475,1484.442383,-4522.451172,-573.069214,1617.539185,-4568.904785,-578.030090,1450.084229,-4571.034180,-563.990173,1573.565552,-4593.065918,-596.291626,1484.508911,-4522.917969,-572.743225,1617.803223,-4568.777344,2616.307129,1567.767822,-3159.783936,,,,,,,,,,,,,,,,,,,,,,,,,,,,,,,,,
8888,88.880000,0.000000,0.000000,0.000000,1.000000,0.000000,0.000000,0.000000,57.698101,20.499701,-14.700500,0.047771,-0.013570,0.015998,-15.666301,-52.738201,18.801300,-93.396698,0.129960,17.611099,-0.235795,-0.474009,-0.677880,0.510093,-578.944885,1531.814941,-4564.399902,-579.193359,1450.787842,-4571.741699,-564.998840,1573.838013,-4593.627930,-597.101746,1484.775391,-4522.727539,-574.485596,1617.858643,-4569.502441,-579.003662,1450.451904,-4571.452148,-565.386169,1573.552734,-4593.920410,-597.173157,1484.975708,-4523.112305,-574.207825,1618.299683,-4569.075195,2616.284912,1567.741333,-3159.772461,,,,,,,,,,,,,,,,,,,,,,,,,,,,,,,,,
8889,88.890000,0.000000,0.000000,0.000000,1.000000,0.000000,0.000000,0.000000,57.698101,20.499701,-14.700500,0.047771,-0.013570,0.015998,-15.666301,-52.738201,18.801300,-93.396698,0.129960,17.611099,-0.239901,-0.469896,-0.675889,0.514607,-580.060791,1531.886230,-4564.946289,-580.232300,1450.870728,-4572.416992,-566.651245,1573.988770,-4594.310547,-597.482666,1484.737427,-4523.083984,-575.876953,1617.948120,-4569.973633,-580.178894,1450.794556,-4571.919922,-566.851929,1573.622437,-4594.831543,-597.488586,1484.615845,-4523.573730,-575.700867,1618.640381,-4569.368652,2616.295166,1567.752563,-3159.776123,,,,,,,,,,,,,,,,,,,,,,,,,,,,,,,,,
8890,88.900000,0.000000,0.000000,0.000000,1.000000,0.000000,0.000000,0.000000,57.698101,20.499701,-14.700500,0.047771,-0.013570,0.015998,-15.666301,-52.738201,18.801300,-93.396698,0.129960,17.611099,-0.243658,-0.466637,-0.675490,0.516328,-581.125122,1532.320557,-4565.423828,-581.564575,1451.313232,-4572.971191,-567.917603,1574.420776,-4594.882812,-598.228760,1485.170898,-4523.431641,-576.789734,1618.377441,-4570.409180,-581.576477,1451.036621,-4572.710938,-567.956970,1574.048096,-4595.185547,-598.163513,1485.327881,-4523.790527,-576.810303,1618.940552,-4569.951660,2616.300049,1567.755981,-3159.781250,,,,,,,,,,,,,,,,,,,,,,,,,,,,,,,,,
8891,88.910000,0.000000,0.000000,0.000000,1.000000,0.000000,0.000000,0.000000,57.698101,20.499701,-14.700500,0.047771,-0.013570,0.015998,-15.666301,-52.738201,18.801300,-93.396698,0.129960,17.611099,-0.235835,-0.472321,-0.678152,0.511278,-582.668518,1532.716675,-4566.114258,-582.897583,1451.712402,-4573.703613,-568.824219,1574.836060,-4595.251953,-600.686768,1485.540527,-4524.536133,-578.265686,1618.777832,-4570.965820,-582.780212,1451.432983,-4573.311523,-569.067444,1574.534180,-4595.781250,-600.725647,1485.671265,-4524.955078,-578.097290,1619.261475,-4570.357422,2616.294434,1567.751221,-3159.782471,,,,,,,,,,,,,,,,,,,,,,,,,,,,,,,,,
8892,88.920000,0.000000,0.000000,0.000000,1.000000,0.000000,0.000000,0.000000,57.698101,20.499701,-14.700500,0.047771,-0.013570,0.015998,-15.666301,-52.738201,18.801300,-93.396698,0.129960,17.611099,-0.234098,-0.472644,-0.679355,0.510179,-583.848022,1533.114746,-4566.645996,-584.119202,1452.125732,-4574.394531,-569.839905,1575.278198,-4595.641602,-602.088013,1485.874390,-4525.238281,-579.344910,1619.181152,-4571.310059,-584.125183,1451.791626,-4574.071289,-569.906311,1575.038574,-4595.951172,-602.008057,1486.125244,-4525.686523,-579.347534,1619.541870,-4570.847656,2616.276855,1567.761719,-3159.793945,,,,,,,,,,,,,,,,,,,,,,,,,,,,,,,,,
8893,88.930000,0.000000,0.000000,0.000000,1.000000,0.000000,0.000000,0.000000,57.698101,20.499701,-14.700500,0.047771,-0.013570,0.015998,-15.666301,-52.738201,18.801300,-93.396698,0.129960,17.611099,-0.234613,-0.472732,-0.678113,0.511513,-584.909241,1533.534546,-4567.172852,-584.986023,1452.535889,-4574.824707,-571.083435,1575.699951,-4596.252930,-602.923218,1486.295776,-4525.664551,-580.644470,1619.606812,-4571.950195,-584.884094,1452.270874,-4574.517090,-571.286011,1575.371338,-4596.706543,-602.924988,1486.645996,-4526.129395,-580.542664,1619.907471,-4571.311035,2616.303467,1567.723267,-3159.775635,,,,,,,,,,,,,,,,,,,,,,,,,,,,,,,,,
8894,88.940000,0.000000,0.000000,0.000000,1.000000,0.000000,0.000000,0.000000,57.698101,20.499701,-14.700500,0.047771,-0.013570,0.015998,-15.666301,-52.738201,18.801300,-93.396698,0.129960,17.611099,-0.233830,-0.471925,-0.678486,0.512120,-586.197571,1534.157959,-4567.801758,-586.210571,1453.178833,-4575.658691,-572.410339,1576.407959,-4596.776855,-604.166748,1486.799927,-4526.410156,-582.002686,1620.245483,-4572.361816,-586.036255,1452.743408,-4575.128906,-572.786316,1576.393066,-4597.191406,-604.232300,1486.908569,-4526.910156,-581.713928,1620.548706,-4571.904785,2616.292236,1567.749878,-3159.779053,,,,,,,,,,,,,,,,,,,,,,,,,,,,,,,,,
8895,88.950000,0.000000,0.000000,0.000000,1.000000,0.000000,0.000000,0.000000,57.698101,20.499701,-14.700500,0.047771,-0.013570,0.015998,-15.666301,-52.738201,18.801300,-93.396698,0.129960,17.611099,-0.237471,-0.469602,-0.677701,0.513617,-587.262146,1534.407593,-4568.441406,-587.483093,1453.423828,-4576.247070,-573.668030,1576.616577,-4597.566895,-604.933655,1487.105225,-4526.857910,-582.963867,1620.485107,-4573.092773,-587.347717,1453.117798,-4575.875488,-573.925293,1576.378418,-4598.127930,-604.986694,1487.297485,-4527.255371,-582.791992,1620.845947,-4572.472656,2616.293945,1567.721924,-3159.783936,,,,,,,,,,,,,,,,,,,,,,,,,,,,,,,,,
8896,88.960000,0.000000,0.000000,0.000000,1.000000,0.000000,0.000000,0.000000,57.698101,20.499701,-14.700500,0.047771,-0.013570,0.015998,-15.666301,-52.738201,18.801300,-93.396698,0.129960,17.611099,-0.238816,-0.467887,-0.677986,0.514182,-588.596863,1534.837402,-4569.111816,-588.979065,1453.865723,-4577.036133,-575.050903,1577.067627,-4598.229492,-606.178894,1487.501709,-4527.528320,-584.178772,1620.914673,-4573.653809,-588.894592,1454.004028,-4576.467285,-575.321716,1576.504395,-4598.898438,-606.181519,1487.449829,-4528.099609,-584.023560,1621.328857,-4573.028320,2616.327881,1567.763550,-3159.779785,,,,,,,,,,,,,,,,,,,,,,,,,,,,,,,,,
8897,88.970000,0.000000,0.000000,0.000000,1.000000,0.000000,0.000000,0.000000,57.698101,20.499701,-14.700500,0.047771,-0.013570,0.015998,-15.666301,-52.738201,18.801300,-93.396698,0.129960,17.611099,-0.238916,-0.466768,-0.678275,0.514771,-590.026062,1535.058594,-4569.948730,-590.432068,1454.102783,-4578.031738,-576.524170,1577.344238,-4599.006348,-607.543396,1487.643433,-4528.428711,-585.604736,1621.144043,-4574.328613,-590.274353,1454.004272,-4577.480957,-576.911987,1576.890869,-4599.717285,-607.615662,1487.618896,-4528.983398,-585.305237,1621.773438,-4573.575195,2616.302490,1567.783203,-3159.793457,,,,,,,,,,,,,,,,,,,,,,,,,,,,,,,,,
8898,88.980000,0.000000,0.000000,0.000000,1.000000,0.000000,0.000000,0.000000,57.698101,20.499701,-14.700500,0.047771,-0.013570,0.015998,-15.666301,-52.738201,18.801300,-93.396698,0.129960,17.611099,-0.236533,-0.468415,-0.677884,0.514890,-591.247192,1535.377197,-4570.581055,-591.326294,1454.419678,-4578.657715,-577.762207,1577.708496,-4599.579102,-608.786987,1487.902954,-4529.137695,-587.113464,1621.477661,-4574.948730,-591.142639,1454.213745,-4578.059082,-578.191284,1577.373535,-4600.259766,-608.882996,1487.841553,-4529.713379,-586.717468,1622.226562,-4574.158203,2616.257812,1567.749268,-3159.798828,,,,,,,,,,,,,,,,,,,,,,,,,,,,,,,,,
8899,88.990000,0.000000,0.000000,0.000000,1.000000,0.000000,0.000000,0.000000,57.698101,20.499701,-14.700500,0.047771,-0.013570,0.015998,-15.666301,-52.738201,18.801300,-93.396698,0.129960,17.611099,-0.234037,-0.470490,-0.677783,0.514273,-592.603210,1535.745728,-4571.331055,-592.424133,1454.783447,-4579.355957,-579.052429,1578.093750,-4600.274414,-610.270691,1488.252197,-4529.964355,-588.665649,1621.853882,-4575.729004,-592.160767,1454.617920,-4578.625000,-579.661133,1577.768311,-4601.030273,-610.419800,1488.129517,-4530.661133,-588.083557,1622.625244,-4574.856445,2616.300049,1567.792603,-3159.784912,,,,,,,,,,,,,,,,,,,,,,,,,,,,,,,,,
8900,89.000000,0.000000,0.000000,0.000000,1.000000,0.000000,0.000000,0.000000,57.698101,20.499701,-14.700500,0.047771,-0.013570,0.015998,-15.666301,-52.738201,18.801300,-93.396698,0.129960,17.611099,-0.235076,-0.470093,-0.677150,0.514995,-594.025513,1536.098267,-4572.174316,-593.830933,1455.129639,-4580.136719,-580.575378,1578.429810,-4601.188965,-611.555176,1488.629150,-4530.721191,-590.140503,1622.204712,-4576.650879,-593.399902,1455.005981,-4579.462891,-581.493591,1578.025269,-4602.073730,-611.822632,1488.566284,-4531.335449,-589.342407,1622.892700,-4575.729492,2616.295410,1567.779663,-3159.791992,,,,,,,,,,,,,,,,,,,,,,,,,,,,,,,,,
8901,89.010000,0.000000,0.000000,0.000000,1.000000,0.000000,0.000000,0.000000,57.698101,20.499701,-14.700500,0.047771,-0.013570,0.015998,-15.666301,-52.738201,18.801300,-93.396698,0.129960,17.611099,-0.236061,-0.469313,-0.677244,0.515132,-595.349609,1536.433472,-4572.995117,-595.270386,1455.466309,-4580.973145,-581.912964,1578.754395,-4602.031250,-612.844360,1488.977417,-4531.512207,-591.370789,1622.535889,-4577.463867,-594.815125,1455.291016,-4580.352051,-582.889221,1578.377563,-4602.788574,-613.103027,1489.056396,-4532.136719,-590.644470,1623.003784,-4576.689941,2616.268311,1567.762451,-3159.792725,,,,,,,,,,,,,,,,,,,,,,,,,,,,,,,,,
8902,89.020000,0.000000,0.000000,0.000000,1.000000,0.000000,0.000000,0.000000,57.698101,20.499701,-14.700500,0.047771,-0.013570,0.015998,-15.666301,-52.738201,18.801300,-93.396698,0.129960,17.611099,-0.237907,-0.468298,-0.678300,0.513815,-596.143982,1536.764160,-4573.622070,-596.490662,1455.796387,-4581.587402,-582.545044,1579.011841,-4602.689941,-613.804443,1489.403931,-4532.100098,-591.735718,1622.844727,-4578.111816,-595.807861,1455.701294,-4580.938477,-584.004639,1578.672363,-4603.481934,-614.201599,1489.466553,-4532.707031,-590.700195,1623.175293,-4577.369141,2616.291748,1567.741699,-3159.782227,,,,,,,,,,,,,,,,,,,,,,,,,,,,,,,,,
8903,89.030000,0.000000,0.000000,0.000000,1.000000,0.000000,0.000000,0.000000,57.698101,20.499701,-14.700500,0.047771,-0.013570,0.015998,-15.666301,-52.738201,18.801300,-93.396698,0.129960,17.611099,-0.231396,-0.476741,-0.673567,0.515249,-598.155762,1536.976929,-4574.720215,-597.025513,1455.950928,-4581.990723,-584.866028,1579.203979,-4603.959961,-615.593994,1489.673828,-4533.039551,-595.137390,1623.079224,-4579.891113,-596.906006,1456.082275,-4581.529297,-585.209412,1578.959595,-4604.231934,-615.608826,1489.689697,-4533.598633,-594.917969,1623.169189,-4579.571289,2616.307373,1567.767700,-3159.778564,,,,,,,,,,,,,,,,,,,,,,,,,,,,,,,,,
8904,89.040000,0.000000,0.000000,0.000000,1.000000,0.000000,0.000000,0.000000,57.698101,20.499701,-14.700500,0.047771,-0.013570,0.015998,-15.666301,-52.738201,18.801300,-93.396698,0.129960,17.611099,-0.228456,-0.483002,-0.669918,0.515486,-599.662781,1537.358032,-4575.856445,-597.681213,1456.286621,-4582.401855,-586.535889,1579.456543,-4605.354004,-616.994751,1490.251953,-4533.908691,-597.439331,1623.437256,-4581.760254,-598.013123,1456.362915,-4582.229004,-586.316223,1579.431030,-4604.799316,-616.625427,1489.980225,-4534.249512,-597.634644,1623.634399,-4582.151855,2616.326660,1567.720947,-3159.770752,,,,,,,,,,,,,,,,,,,,,,,,,,,,,,,,,
8905,89.050000,0.000000,0.000000,0.000000,1.000000,0.000000,0.000000,0.000000,57.698101,20.499701,-14.700500,0.047771,-0.013570,0.015998,-15.666301,-52.738201,18.801300,-93.396698,0.129960,17.611099,-0.226394,-0.486932,-0.667652,0.515638,-601.314575,1537.595825,-4577.085938,-598.784302,1456.505493,-4583.192383,-588.287354,1579.621704,-4606.730957,-618.585449,1490.601196,-4534.988281,-599.601379,1623.655396,-4583.431641,-599.194946,1456.643311,-4583.094727,-587.978333,1579.804688,-4605.682129,-618.147766,1490.168579,-4535.239258,-599.839661,1623.783691,-4584.238770,2616.293945,1567.730713,-3159.765381,,,,,,,,,,,,,,,,,,,,,,,,,,,,,,,,,
8906,89.060000,0.000000,0.000000,0.000000,1.000000,0.000000,0.000000,0.000000,57.698101,20.499701,-14.700500,0.047771,-0.013570,0.015998,-15.666301,-52.738201,18.801300,-93.396698,0.129960,17.611099,-0.228869,-0.486919,-0.664964,0.518027,-602.560608,1537.909058,-4578.040527,-599.783569,1456.803833,-4583.834961,-589.886475,1579.859131,-4607.944824,-619.375122,1491.025879,-4535.634766,-601.197205,1623.947510,-4584.747070,-600.256348,1457.070435,-4583.839355,-589.450806,1580.198608,-4606.621094,-618.933411,1490.584229,-4535.752930,-601.555359,1623.814209,-4585.931641,2616.288818,1567.765869,-3159.781982,,,,,,,,,,,,,,,,,,,,,,,,,,,,,,,,,
8907,89.070000,0.000000,0.000000,0.000000,1.000000,0.000000,0.000000,0.000000,57.698101,20.499701,-14.700500,0.047771,-0.013570,0.015998,-15.666301,-52.738201,18.801300,-93.396698,0.129960,17.611099,-0.228467,-0.487697,-0.664566,0.517983,-603.761292,1538.243408,-4578.904297,-600.888062,1457.135498,-4584.611816,-591.097473,1580.176758,-4608.835938,-620.575195,1491.385498,-4536.470703,-602.484558,1624.276367,-4585.697754,-601.448547,1457.437256,-4584.583984,-590.567017,1580.633789,-4607.339844,-620.045654,1490.901855,-4536.644043,-602.964844,1624.002441,-4587.154785,2616.295654,1567.784424,-3159.794434,,,,,,,,,,,,,,,,,,,,,,,,,,,,,,,,,
8908,89.080000,0.000000,0.000000,0.000000,1.000000,0.000000,0.000000,0.000000,57.698101,20.499701,-14.700500,0.047771,-0.013570,0.015998,-15.666301,-52.738201,18.801300,-93.396698,0.129960,17.611099,-0.231560,-0.476053,-0.671539,0.518449,-604.062622,1538.858154,-4578.425293,-602.488159,1457.842529,-4585.726562,-591.167419,1581.171753,-4607.716797,-621.015015,1491.440430,-4536.674316,-601.579956,1624.978271,-4583.583496,-602.463135,1457.876343,-4585.288086,-591.394653,1581.113647,-4607.810547,-620.967590,1491.345825,-4537.197754,-601.414856,1625.085449,-4583.441406,2616.254639,1567.752075,-3159.800293,,,,,,,,,,,,,,,,,,,,,,,,,,,,,,,,,
8909,89.090000,0.000000,0.000000,0.000000,1.000000,0.000000,0.000000,0.000000,57.698101,20.499701,-14.700500,0.047771,-0.013570,0.015998,-15.666301,-52.738201,18.801300,-93.396698,0.129960,17.611099,-0.232647,-0.475167,-0.671022,0.519443,-604.953918,1539.109619,-4579.021484,-603.371094,1458.094727,-4586.331055,-592.181213,1581.429443,-4608.357422,-621.737244,1491.683472,-4537.211914,-602.526306,1625.230957,-4584.185547,-603.499878,1458.218872,-4585.955566,-592.196350,1581.369507,-4608.356934,-621.576172,1491.533325,-4537.663086,-602.530151,1625.307251,-4584.142578,2616.287109,1567.725586,-3159.780273,,,,,,,,,,,,,,,,,,,,,,,,,,,,,,,,,
8910,89.100000,0.000000,0.000000,0.000000,1.000000,0.000000,0.000000,0.000000,57.698101,20.499701,-14.700500,0.047771,-0.013570,0.015998,-15.666301,-52.738201,18.801300,-93.396698,0.129960,17.611099,-0.236301,-0.472776,-0.670019,0.521267,-605.980042,1539.338867,-4579.723145,-604.555725,1458.317261,-4586.991211,-593.442993,1581.624512,-4609.209473,-622.413452,1491.959839,-4537.721680,-603.508057,1625.453857,-4584.970703,-604.710938,1458.493530,-4586.806152,-593.329834,1581.462036,-4609.179199,-622.233643,1492.000732,-4538.015625,-603.633118,1625.419800,-4584.910645,2616.299561,1567.721558,-3159.777344,,,,,,,,,,,,,,,,,,,,,,,,,,,,,,,,,
8911,89.110000,0.000000,0.000000,0.000000,1.000000,0.000000,0.000000,0.000000,57.698101,20.499701,-14.700500,0.047771,-0.013570,0.015998,-15.666301,-52.738201,18.801300,-93.396698,0.129960,17.611099,-0.240193,-0.469636,-0.669428,0.523082,-607.043518,1539.617554,-4580.451660,-605.867065,1458.596436,-4587.769531,-594.726807,1581.890259,-4610.049316,-623.135925,1492.254150,-4538.300293,-604.444336,1625.729614,-4585.686523,-606.139343,1458.557983,-4587.822266,-594.330078,1581.707031,-4609.774414,-622.827148,1492.565186,-4538.458496,-604.818970,1625.646362,-4585.736328,2616.336426,1567.761963,-3159.764648,,,,,,,,,,,,,,,,,,,,,,,,,,,,,,,,,
8912,89.120000,0.000000,0.000000,0.000000,1.000000,0.000000,0.000000,0.000000,57.698101,20.499701,-14.700500,0.047771,-0.013570,0.015998,-15.666301,-52.738201,18.801300,-93.396698,0.129960,17.611099,-0.232443,-0.475267,-0.672089,0.518061,-608.538879,1539.788452,-4581.390625,-607.160583,1458.772949,-4588.733398,-595.586853,1582.086548,-4610.679199,-625.542664,1492.389526,-4539.639160,-605.865479,1625.905151,-4586.510254,-607.278381,1458.607544,-4588.660645,-595.500793,1581.984009,-4610.559082,-625.365845,1492.627563,-4539.893555,-605.984009,1625.959839,-4586.479980,2616.282227,1567.751221,-3159.784668,,,,,,,,,,,,,,,,,,,,,,,,,,,,,,,,,
8913,89.130000,0.000000,0.000000,0.000000,1.000000,0.000000,0.000000,0.000000,57.698101,20.499701,-14.700500,0.047771,-0.013570,0.015998,-15.666301,-52.738201,18.801300,-93.396698,0.129960,17.611099,-0.227114,-0.478692,-0.674005,0.514772,-609.815491,1540.257446,-4582.281250,-608.308167,1459.251221,-4589.700684,-596.444458,1582.593994,-4611.324707,-627.420044,1492.803955,-4540.841797,-607.089355,1626.380859,-4587.257324,-608.380493,1459.114136,-4589.470215,-596.565674,1582.288574,-4611.125977,-627.190735,1493.054810,-4541.444336,-607.083191,1626.592163,-4587.206543,2616.312012,1567.740723,-3159.774902,,,,,,,,,,,,,,,,,,,,,,,,,,,,,,,,,
8914,89.140000,0.000000,0.000000,0.000000,1.000000,0.000000,0.000000,0.000000,57.698101,20.499701,-14.700500,0.047771,-0.013570,0.015998,-15.666301,-52.738201,18.801300,-93.396698,0.129960,17.611099,-0.221856,-0.482309,-0.674692,0.512785,-610.837402,1540.423340,-4583.001465,-608.966675,1459.424805,-4590.422852,-597.228760,1582.812866,-4611.856934,-628.823730,1492.899170,-4541.808105,-608.330505,1626.556885,-4587.918457,-608.981567,1459.088257,-4589.913086,-597.531799,1582.602295,-4611.768555,-628.611572,1493.111328,-4542.724121,-608.167236,1626.904541,-4587.770508,2616.321289,1567.724976,-3159.774170,,,,,,,,,,,,,,,,,,,,,,,,,,,,,,,,,
8915,89.150000,0.000000,0.000000,0.000000,1.000000,0.000000,0.000000,0.000000,57.698101,20.499701,-14.700500,0.047771,-0.013570,0.015998,-15.666301,-52.738201,18.801300,-93.396698,0.129960,17.611099,-0.230382,-0.476200,-0.671796,0.518506,-611.617126,1540.507812,-4583.397461,-609.948486,1459.503174,-4590.800781,-598.711609,1582.872192,-4612.610840,-628.597168,1493.019165,-4541.737793,-609.211426,1626.636963,-4588.439941,-609.971619,1459.073608,-4590.600098,-598.784180,1582.745850,-4612.613770,-628.514343,1493.155151,-4542.046875,-609.187866,1627.069092,-4588.300781,2616.324463,1567.754395,-3159.766357,,,,,,,,,,,,,,,,,,,,,,,,,,,,,,,,,
8916,89.160000,0.000000,0.000000,0.000000,1.000000,0.000000,0.000000,0.000000,57.698101,20.499701,-14.700500,0.047771,-0.013570,0.015998,-15.666301,-52.738201,18.801300,-93.396698,0.129960,17.611099,-0.231822,-0.474434,-0.671269,0.520163,-612.667725,1540.597046,-4584.042480,-610.993164,1459.602051,-4591.547852,-599.950378,1583.002319,-4613.279297,-629.386963,1493.051025,-4542.343750,-610.340515,1626.733276,-4588.999512,-610.947266,1459.203491,-4591.241699,-600.116699,1582.860352,-4613.405762,-629.365723,1493.089722,-4542.695312,-610.205627,1627.295410,-4588.753418,2616.278320,1567.740723,-3159.782471,,,,,,,,,,,,,,,,,,,,,,,,,,,,,,,,,
8917,89.170000,0.000000,0.000000,0.000000,1.000000,0.000000,0.000000,0.000000,57.698101,20.499701,-14.700500,0.047771,-0.013570,0.015998,-15.666301,-52.738201,18.801300,-93.396698,0.129960,17.611099,-0.230121,-0.475242,-0.671698,0.519626,-613.714050,1540.737183,-4584.673828,-611.944031,1459.749878,-4592.240723,-600.919678,1583.177490,-4613.825684,-630.553772,1493.142090,-4543.079590,-611.438782,1626.879395,-4589.549316,-611.879333,1459.458496,-4591.795410,-601.138977,1583.012817,-4614.102051,-630.550415,1493.094849,-4543.542969,-611.248291,1627.458618,-4589.176270,2616.276855,1567.769287,-3159.794434,,,,,,,,,,,,,,,,,,,,,,,,,,,,,,,,,
8918,89.180000,0.000000,0.000000,0.000000,1.000000,0.000000,0.000000,0.000000,57.698101,20.499701,-14.700500,0.047771,-0.013570,0.015998,-15.666301,-52.738201,18.801300,-93.396698,0.129960,17.611099,-0.230338,-0.473967,-0.672488,0.519672,-614.832581,1540.829956,-4585.376953,-613.198181,1459.857300,-4593.128906,-602.010010,1583.316162,-4614.449707,-631.692383,1493.167236,-4543.868164,-612.429810,1626.979492,-4590.060547,-613.114197,1459.542847,-4592.750000,-602.235840,1583.139771,-4614.707031,-631.713196,1493.108765,-4544.246582,-612.206421,1627.681641,-4589.687988,2616.283936,1567.780762,-3159.803467,,,,,,,,,,,,,,,,,,,,,,,,,,,,,,,,,
8919,89.190000,0.000000,0.000000,0.000000,1.000000,0.000000,0.000000,0.000000,57.698101,20.499701,-14.700500,0.047771,-0.013570,0.015998,-15.666301,-52.738201,18.801300,-93.396698,0.129960,17.611099,-0.228785,-0.474504,-0.673006,0.519198,-615.914124,1540.946777,-4585.961914,-614.209717,1459.984009,-4593.802246,-603.017883,1583.473633,-4614.941895,-632.886230,1493.226562,-4544.564941,-613.542664,1627.102905,-4590.537598,-614.143982,1459.716919,-4593.342285,-603.237366,1583.234131,-4615.291016,-632.880981,1493.196899,-4545.062012,-613.359253,1627.746948,-4590.065918,2616.268799,1567.781982,-3159.799072,,,,,,,,,,,,,,,,,,,,,,,,,,,,,,,,,
8920,89.200000,0.000000,0.000000,0.000000,1.000000,0.000000,0.000000,0.000000,57.698101,20.499701,-14.700500,0.047771,-0.013570,0.015998,-15.666301,-52.738201,18.801300,-93.396698,0.129960,17.611099,-0.229290,-0.473539,-0.673072,0.519770,-617.037720,1540.987549,-4586.623047,-615.368347,1460.033081,-4594.556641,-604.195740,1583.543579,-4615.584961,-633.929504,1493.225586,-4545.241211,-614.657410,1627.148193,-4591.109863,-615.256042,1459.828369,-4594.113281,-604.450928,1583.240356,-4616.127441,-633.973083,1493.226562,-4545.678223,-614.457520,1627.735596,-4590.499512,2616.295166,1567.743774,-3159.782227,,,,,,,,,,,,,,,,,,,,,,,,,,,,,,,,,
8921,89.210000,0.000000,0.000000,0.000000,1.000000,0.000000,0.000000,0.000000,57.698101,20.499701,-14.700500,0.047771,-0.013570,0.015998,-15.666301,-52.738201,18.801300,-93.396698,0.129960,17.611099,-0.225901,-0.474699,-0.673751,0.519316,-618.224426,1541.179443,-4587.235840,-616.306641,1460.248535,-4595.351562,-605.297791,1583.835815,-4616.011719,-635.268921,1493.277466,-4546.079102,-616.024414,1627.356079,-4591.500977,-616.034302,1459.980713,-4594.617188,-605.835876,1583.883423,-4616.625488,-635.414124,1493.164673,-4546.619141,-615.581238,1627.681519,-4590.969238,2616.302002,1567.729858,-3159.773926,,,,,,,,,,,,,,,,,,,,,,,,,,,,,,,,,
8922,89.220000,0.000000,0.000000,0.000000,1.000000,0.000000,0.000000,0.000000,57.698101,20.499701,-14.700500,0.047771,-0.013570,0.015998,-15.666301,-52.738201,18.801300,-93.396698,0.129960,17.611099,-0.222253,-0.477793,-0.673842,0.517933,-619.387512,1541.090942,-4587.889160,-617.158203,1460.158691,-4595.911133,-606.312256,1583.758667,-4616.581055,-636.682617,1493.176758,-4546.851562,-617.397095,1627.269775,-4592.213867,-616.813904,1460.125732,-4595.145996,-607.061829,1583.475586,-4617.456055,-636.879700,1493.091675,-4547.534180,-616.822815,1627.678345,-4591.417969,2616.274902,1567.739746,-3159.776367,,,,,,,,,,,,,,,,,,,,,,,,,,,,,,,,,
8923,89.230000,0.000000,0.000000,0.000000,1.000000,0.000000,0.000000,0.000000,57.698101,20.499701,-14.700500,0.047771,-0.013570,0.015998,-15.666301,-52.738201,18.801300,-93.396698,0.129960,17.611099,-0.220258,-0.479469,-0.673599,0.517553,-620.314575,1541.090942,-4588.427246,-617.854370,1460.159668,-4596.389648,-607.207153,1583.773071,-4617.082520,-637.687012,1493.159790,-4547.441895,-618.509827,1627.271729,-4592.793457,-617.556091,1460.228760,-4595.738281,-607.863647,1583.246338,-4617.981934,-637.833374,1493.172852,-4548.039062,-618.085693,1627.640503,-4592.006348,2616.291016,1567.719238,-3159.785645,,,,,,,,,,,,,,,,,,,,,,,,,,,,,,,,,
8924,89.240000,0.000000,0.000000,0.000000,1.000000,0.000000,0.000000,0.000000,57.698101,20.499701,-14.700500,0.047771,-0.013570,0.015998,-15.666301,-52.738201,18.801300,-93.396698,0.129960,17.611099,-0.218105,-0.481338,-0.673340,0.517067,-621.221008,1541.094727,-4588.978516,-618.517273,1460.163940,-4596.866699,-608.071777,1583.788208,-4617.598145,-638.685974,1493.150879,-4548.047363,-619.609070,1627.276489,-4593.400879,-618.291443,1460.215088,-4596.244629,-608.604919,1583.325195,-4618.346680,-638.776123,1493.222290,-4548.699219,-619.269592,1627.563477,-4592.676758,2616.305664,1567.757446,-3159.777100,,,,,,,,,,,,,,,,,,,,,,,,,,,,,,,,,
8925,89.250000,0.000000,0.000000,0.000000,1.000000,0.000000,0.000000,0.000000,57.698101,20.499701,-14.700500,0.047771,-0.013570,0.015998,-15.666301,-52.738201,18.801300,-93.396698,0.129960,17.611099,-0.215202,-0.482728,-0.674024,0.516095,-622.199097,1541.134399,-4589.652832,-619.331055,1460.218140,-4597.633789,-608.921204,1583.885010,-4618.127441,-639.866394,1493.110352,-4548.903320,-620.677856,1627.324219,-4593.947266,-619.239014,1460.221802,-4597.026367,-609.229858,1583.514526,-4618.664062,-639.851074,1493.135010,-4549.571289,-620.486450,1627.656616,-4593.367676,2616.328125,1567.799805,-3159.782715,,,,,,,,,,,,,,,,,,,,,,,,,,,,,,,,,
8926,89.260000,0.000000,0.000000,0.000000,1.000000,0.000000,0.000000,0.000000,57.698101,20.499701,-14.700500,0.047771,-0.013570,0.015998,-15.666301,-52.738201,18.801300,-93.396698,0.129960,17.611099,-0.216928,-0.480864,-0.674026,0.517108,-623.182068,1541.169189,-4590.312012,-620.445312,1460.259277,-4598.401855,-610.005859,1583.938477,-4618.805176,-640.689270,1493.116821,-4549.526855,-621.587830,1627.362305,-4594.513672,-620.392944,1460.202393,-4597.993164,-610.211243,1583.652222,-4619.128906,-640.651672,1493.210449,-4550.044922,-621.472778,1627.618164,-4594.104004,2616.311035,1567.728638,-3159.788818,,,,,,,,,,,,,,,,,,,,,,,,,,,,,,,,,
8927,89.270000,0.000000,0.000000,0.000000,1.000000,0.000000,0.000000,0.000000,57.698101,20.499701,-14.700500,0.047771,-0.013570,0.015998,-15.666301,-52.738201,18.801300,-93.396698,0.129960,17.611099,-0.215405,-0.480898,-0.675135,0.516267,-624.179993,1541.282715,-4590.993164,-621.480652,1460.388916,-4599.253906,-610.873474,1584.104736,-4619.346191,-641.863342,1493.153687,-4550.374023,-622.502747,1627.483643,-4594.997070,-621.580383,1460.633545,-4598.900391,-610.880615,1583.351685,-4619.520508,-641.678162,1493.146118,-4550.898926,-622.567993,1627.820190,-4594.735840,2616.299561,1567.771973,-3159.778809,,,,,,,,,,,,,,,,,,,,,,,,,,,,,,,,,
8928,89.280000,0.000000,0.000000,0.000000,1.000000,0.000000,0.000000,0.000000,57.698101,20.499701,-14.700500,0.047771,-0.013570,0.015998,-15.666301,-52.738201,18.801300,-93.396698,0.129960,17.611099,-0.216685,-0.478439,-0.675995,0.516889,-625.162781,1541.313110,-4591.831543,-622.690186,1460.439209,-4600.354492,-611.883362,1584.191650,-4620.111816,-642.776306,1493.099731,-4551.282715,-623.301392,1627.521851,-4595.576660,-622.748047,1460.185181,-4600.039062,-611.985962,1584.044434,-4620.100586,-642.632996,1493.167480,-4551.763184,-623.259644,1627.871948,-4595.452148,2616.269287,1567.747192,-3159.793457,,,,,,,,,,,,,,,,,,,,,,,,,,,,,,,,,
8929,89.290000,0.000000,0.000000,0.000000,1.000000,0.000000,0.000000,0.000000,57.698101,20.499701,-14.700500,0.047771,-0.013570,0.015998,-15.666301,-52.738201,18.801300,-93.396698,0.129960,17.611099,-0.217273,-0.477044,-0.676538,0.517221,-626.081543,1541.569824,-4592.609863,-623.732422,1460.709595,-4601.295410,-612.812744,1584.486328,-4620.837891,-643.662781,1493.300415,-4552.113770,-624.118286,1627.783325,-4596.192383,-623.678223,1460.205078,-4601.124512,-612.985352,1584.387451,-4620.812012,-643.601624,1493.625122,-4552.478516,-624.031494,1628.041016,-4596.043457,2616.289307,1567.777100,-3159.798096,,,,,,,,,,,,,,,,,,,,,,,,,,,,,,,,,
8930,89.300000,0.000000,0.000000,0.000000,1.000000,0.000000,0.000000,0.000000,57.698101,20.499701,-14.700500,0.047771,-0.013570,0.015998,-15.666301,-52.738201,18.801300,-93.396698,0.129960,17.611099,-0.218976,-0.475032,-0.676349,0.518600,-626.997192,1541.830933,-4593.367676,-624.734070,1460.981689,-4602.178223,-613.872864,1584.780518,-4621.612305,-644.365234,1493.513184,-4552.836914,-625.016541,1628.048340,-4596.842285,-624.597839,1460.506226,-4602.060547,-614.050476,1584.623169,-4621.796875,-644.399963,1493.855225,-4553.072266,-624.919922,1628.326416,-4596.517090,2616.259766,1567.739990,-3159.795410,,,,,,,,,,,,,,,,,,,,,,,,,,,,,,,,,
8931,89.310000,0.000000,0.000000,0.000000,1.000000,0.000000,0.000000,0.000000,57.698101,20.499701,-14.700500,0.047771,-0.013570,0.015998,-15.666301,-52.738201,18.801300,-93.396698,0.129960,17.611099,-0.216358,-0.474901,-0.677597,0.518189,-627.766724,1541.987793,-4594.225586,-625.417908,1461.174805,-4603.341309,-614.545227,1585.054810,-4622.245605,-645.282166,1493.502441,-4553.959473,-625.821716,1628.219238,-4597.355469,-625.398071,1460.872681,-4602.956055,-614.681641,1584.978394,-4622.479980,-645.250549,1493.499390,-4554.351074,-625.718445,1628.610229,-4597.053223,2616.283447,1567.725952,-3159.774902,,,,,,,,,,,,,,,,,,,,,,,,,,,,,,,,,
8932,89.320000,0.000000,0.000000,0.000000,1.000000,0.000000,0.000000,0.000000,57.698101,20.499701,-14.700500,0.047771,-0.013570,0.015998,-15.666301,-52.738201,18.801300,-93.396698,0.129960,17.611099,-0.214953,-0.474902,-0.678719,0.517304,-628.622742,1542.288086,-4595.135742,-626.327148,1461.492432,-4604.416504,-615.266663,1585.401123,-4623.020996,-646.317871,1493.734985,-4555.029785,-626.579407,1628.523926,-4598.074707,-626.265198,1461.328369,-4603.892090,-615.504150,1585.315430,-4623.383789,-646.329651,1493.566895,-4555.511719,-626.357178,1628.985962,-4597.686035,2616.298584,1567.756836,-3159.790283,,,,,,,,,,,,,,,,,,,,,,,,,,,,,,,,,
8933,89.330000,0.000000,0.000000,0.000000,1.000000,0.000000,0.000000,0.000000,57.698101,20.499701,-14.700500,0.047771,-0.013570,0.015998,-15.666301,-52.738201,18.801300,-93.396698,0.129960,17.611099,-0.213673,-0.474900,-0.679330,0.517034,-629.462280,1542.677612,-4595.990234,-627.128113,1461.899170,-4605.410645,-616.052734,1585.843384,-4623.768066,-647.237244,1494.049072,-4556.011719,-627.431152,1628.919067,-4598.770508,-627.036621,1461.820068,-4604.887207,-616.339417,1585.593384,-4624.213867,-647.261230,1493.906494,-4556.532715,-627.179688,1629.468872,-4598.266113,2616.272949,1567.773926,-3159.781494,,,,,,,,,,,,,,,,,,,,,,,,,,,,,,,,,
8934,89.340000,0.000000,0.000000,0.000000,1.000000,0.000000,0.000000,0.000000,57.698101,20.499701,-14.700500,0.047771,-0.013570,0.015998,-15.666301,-52.738201,18.801300,-93.396698,0.129960,17.611099,-0.211672,-0.477634,-0.678073,0.516988,-630.495728,1543.042480,-4597.152344,-627.766724,1462.248291,-4606.329102,-617.131531,1586.186401,-4624.985840,-648.263367,1494.451660,-4557.124512,-628.821289,1629.283569,-4600.169434,-627.894653,1462.194824,-4605.887207,-617.291382,1586.739868,-4624.852539,-648.131775,1494.238770,-4557.551270,-628.690857,1629.057007,-4600.294922,2616.302002,1567.756714,-3159.785645,,,,,,,,,,,,,,,,,,,,,,,,,,,,,,,,,
8935,89.350000,0.000000,0.000000,0.000000,1.000000,0.000000,0.000000,0.000000,57.698101,20.499701,-14.700500,0.047771,-0.013570,0.015998,-15.666301,-52.738201,18.801300,-93.396698,0.129960,17.611099,-0.212216,-0.477738,-0.677479,0.517449,-631.501282,1543.165771,-4598.331055,-628.722534,1462.364014,-4607.424316,-618.206848,1586.290039,-4626.228516,-649.178894,1494.604614,-4558.227539,-629.896790,1629.404907,-4601.443359,-628.790527,1462.506470,-4606.965332,-618.362854,1586.412354,-4626.230957,-649.064148,1494.458374,-4558.732422,-629.778442,1629.284546,-4601.416992,2616.311279,1567.734863,-3159.772461,,,,,,,,,,,,,,,,,,,,,,,,,,,,,,,,,
8936,89.360000,0.000000,0.000000,0.000000,1.000000,0.000000,0.000000,0.000000,57.698101,20.499701,-14.700500,0.047771,-0.013570,0.015998,-15.666301,-52.738201,18.801300,-93.396698,0.129960,17.611099,-0.212475,-0.477312,-0.677139,0.518180,-632.505005,1543.383301,-4599.532715,-629.667358,1462.586792,-4608.654297,-619.295654,1586.527954,-4627.438965,-650.072632,1494.794189,-4559.415039,-630.984436,1629.624878,-4602.622070,-629.689636,1462.775513,-4608.228027,-619.469910,1586.407715,-4627.494629,-649.976257,1494.715210,-4559.926758,-630.875244,1629.651123,-4602.510742,2616.263184,1567.769653,-3159.786377,,,,,,,,,,,,,,,,,,,,,,,,,,,,,,,,,
8937,89.370000,0.000000,0.000000,0.000000,1.000000,0.000000,0.000000,0.000000,57.698101,20.499701,-14.700500,0.047771,-0.013570,0.015998,-15.666301,-52.738201,18.801300,-93.396698,0.129960,17.611099,-0.213400,-0.475961,-0.676807,0.519475,-633.593323,1543.958984,-4600.603516,-630.740845,1463.174316,-4609.826172,-620.524109,1587.142822,-4628.515137,-650.968140,1495.314331,-4560.468750,-632.140259,1630.204834,-4603.604004,-630.783936,1463.591919,-4609.385254,-620.693237,1586.713379,-4628.569336,-650.855286,1495.078735,-4560.981445,-632.051514,1630.431152,-4603.497070,2616.276123,1567.771484,-3159.795654,,,,,,,,,,,,,,,,,,,,,,,,,,,,,,,,,
8938,89.380000,0.000000,0.000000,0.000000,1.000000,0.000000,0.000000,0.000000,57.698101,20.499701,-14.700500,0.047771,-0.013570,0.015998,-15.666301,-52.738201,18.801300,-93.396698,0.129960,17.611099,-0.216206,-0.473297,-0.675862,0.521972,-634.535522,1544.185181,-4601.646973,-631.724976,1463.410034,-4610.964844,-621.751526,1587.400024,-4629.642578,-651.507751,1495.496460,-4561.393066,-633.158081,1630.434326,-4604.586426,-631.659546,1463.841064,-4610.458984,-622.085571,1586.905884,-4629.826172,-651.481262,1495.247559,-4561.945801,-632.957214,1630.695068,-4604.388672,2616.319824,1567.739258,-3159.775146,,,,,,,,,,,,,,,,,,,,,,,,,,,,,,,,,
8939,89.390000,0.000000,0.000000,0.000000,1.000000,0.000000,0.000000,0.000000,57.698101,20.499701,-14.700500,0.047771,-0.013570,0.015998,-15.666301,-52.738201,18.801300,-93.396698,0.129960,17.611099,-0.219808,-0.470324,-0.674393,0.525046,-635.462402,1544.406738,-4602.668457,-632.679260,1463.636230,-4612.034180,-623.044495,1587.639648,-4630.800293,-651.921509,1495.693604,-4562.231934,-634.204407,1630.657837,-4605.605957,-632.529419,1463.941772,-4611.467285,-623.448975,1587.194092,-4631.304688,-651.986450,1495.482910,-4562.772949,-633.925049,1630.966553,-4605.173828,2616.329346,1567.751221,-3159.765625,,,,,,,,,,,,,,,,,,,,,,,,,,,,,,,,,
8940,89.400000,0.000000,0.000000,0.000000,1.000000,0.000000,0.000000,0.000000,57.698101,20.499701,-14.700500,0.047771,-0.013570,0.015998,-15.666301,-52.738201,18.801300,-93.396698,0.129960,17.611099,-0.224448,-0.465504,-0.673329,0.528732,-636.388184,1544.463135,-4603.756348,-633.781372,1463.712891,-4613.345215,-624.383179,1587.754639,-4631.977539,-652.248535,1495.665283,-4563.183105,-635.139709,1630.719971,-4606.519531,-633.678833,1463.518921,-4612.952148,-624.612854,1587.419922,-4632.479980,-652.278809,1495.718750,-4563.606934,-634.980896,1631.251831,-4605.935059,2616.312500,1567.773560,-3159.779785,,,,,,,,,,,,,,,,,,,,,,,,,,,,,,,,,
8941,89.410000,0.000000,0.000000,0.000000,1.000000,0.000000,0.000000,0.000000,57.698101,20.499701,-14.700500,0.047771,-0.013570,0.015998,-15.666301,-52.738201,18.801300,-93.396698,0.129960,17.611099,-0.215617,-0.470769,-0.677197,0.522771,-637.971924,1544.483643,-4605.290527,-635.249329,1463.760132,-4615.069336,-625.207458,1587.844971,-4633.067383,-654.904480,1495.583008,-4565.277832,-636.526550,1630.746704,-4607.746582,-634.895020,1463.406860,-4614.431641,-625.895508,1587.508789,-4633.911133,-655.102112,1495.617432,-4565.875488,-635.928711,1631.535522,-4606.788574,2616.269531,1567.803955,-3159.793213,,,,,,,,,,,,,,,,,,,,,,,,,,,,,,,,,
8942,89.420000,0.000000,0.000000,0.000000,1.000000,0.000000,0.000000,0.000000,57.698101,20.499701,-14.700500,0.047771,-0.013570,0.015998,-15.666301,-52.738201,18.801300,-93.396698,0.129960,17.611099,-0.214826,-0.469790,-0.678537,0.522240,-639.058899,1544.554688,-4606.544434,-636.470154,1463.857910,-4616.577637,-626.185303,1587.981201,-4634.168945,-656.124268,1495.557373,-4566.707031,-637.455872,1630.822388,-4608.724121,-636.165649,1463.389526,-4616.034668,-626.752136,1587.610474,-4634.949219,-656.276306,1495.685669,-4567.241211,-636.989319,1631.663696,-4607.786133,2616.270996,1567.757202,-3159.801514,,,,,,,,,,,,,,,,,,,,,,,,,,,,,,,,,
8943,89.430000,0.000000,0.000000,0.000000,1.000000,0.000000,0.000000,0.000000,57.698101,20.499701,-14.700500,0.047771,-0.013570,0.015998,-15.666301,-52.738201,18.801300,-93.396698,0.129960,17.611099,-0.212812,-0.468290,-0.680079,0.522406,-640.222473,1544.812256,-4607.743164,-637.627747,1464.173096,-4618.229004,-627.296936,1588.392456,-4635.100098,-657.361023,1495.592773,-4568.212402,-638.604370,1631.090698,-4609.431641,-637.334351,1463.406982,-4617.543457,-627.833923,1588.419922,-4635.602539,-657.480347,1495.636597,-4568.778320,-638.115295,1631.766113,-4608.808594,2616.298584,1567.747437,-3159.779541,,,,,,,,,,,,,,,,,,,,,,,,,,,,,,,,,
8944,89.440000,0.000000,0.000000,0.000000,1.000000,0.000000,0.000000,0.000000,57.698101,20.499701,-14.700500,0.047771,-0.013570,0.015998,-15.666301,-52.738201,18.801300,-93.396698,0.129960,17.611099,-0.215609,-0.466567,-0.679282,0.523835,-641.575012,1544.678467,-4609.258301,-639.102905,1464.030396,-4619.704102,-628.824036,1588.231689,-4636.739746,-658.453491,1495.497192,-4569.568359,-639.919739,1630.954712,-4611.020508,-638.648865,1463.419189,-4618.878418,-629.599670,1587.938965,-4637.820801,-658.668457,1495.584106,-4570.195312,-639.234131,1631.883301,-4609.790039,2616.302002,1567.754761,-3159.782227,,,,,,,,,,,,,,,,,,,,,,,,,,,,,,,,,
8945,89.450000,0.000000,0.000000,0.000000,1.000000,0.000000,0.000000,0.000000,57.698101,20.499701,-14.700500,0.047771,-0.013570,0.015998,-15.666301,-52.738201,18.801300,-93.396698,0.129960,17.611099,-0.214893,-0.467925,-0.678599,0.523804,-642.557434,1544.628540,-4610.474609,-639.907898,1463.967285,-4620.774414,-629.831787,1588.158325,-4638.004883,-659.425659,1495.484009,-4570.734375,-641.064514,1630.904663,-4612.383789,-639.513916,1463.516602,-4620.053223,-630.602173,1587.711670,-4639.117188,-659.640381,1495.574829,-4571.399902,-640.368530,1631.947754,-4611.041992,2616.300049,1567.765015,-3159.777100,,,,,,,,,,,,,,,,,,,,,,,,,,,,,,,,,
8946,89.460000,0.000000,0.000000,0.000000,1.000000,0.000000,0.000000,0.000000,57.698101,20.499701,-14.700500,0.047771,-0.013570,0.015998,-15.666301,-52.738201,18.801300,-93.396698,0.129960,17.611099,-0.215878,-0.467904,-0.677981,0.524217,-643.652832,1544.571289,-4611.774902,-641.001526,1463.896362,-4621.966797,-630.994690,1588.065918,-4639.392090,-660.427490,1495.478027,-4571.932129,-642.187744,1630.845093,-4613.808594,-640.583374,1463.586182,-4621.335938,-631.804382,1587.485107,-4640.635254,-660.676880,1495.579102,-4572.506348,-641.503479,1631.793091,-4612.438477,2616.277100,1567.739258,-3159.788574,,,,,,,,,,,,,,,,,,,,,,,,,,,,,,,,,
8947,89.470000,0.000000,0.000000,0.000000,1.000000,0.000000,0.000000,0.000000,57.698101,20.499701,-14.700500,0.047771,-0.013570,0.015998,-15.666301,-52.738201,18.801300,-93.396698,0.129960,17.611099,-0.216838,-0.467272,-0.677415,0.525116,-644.777893,1544.483765,-4613.155273,-642.105835,1463.807617,-4623.332031,-632.231934,1587.978516,-4640.823242,-661.399475,1495.391479,-4573.247559,-643.374451,1630.757935,-4615.218750,-641.730286,1463.463623,-4622.746582,-632.948303,1587.358276,-4642.033691,-661.618835,1495.545044,-4573.812988,-642.806091,1631.697266,-4613.889160,2616.309570,1567.744629,-3159.767090,,,,,,,,,,,,,,,,,,,,,,,,,,,,,,,,,
8948,89.480000,0.000000,0.000000,0.000000,1.000000,0.000000,0.000000,0.000000,57.698101,20.499701,-14.700500,0.047771,-0.013570,0.015998,-15.666301,-52.738201,18.801300,-93.396698,0.129960,17.611099,-0.214413,-0.473916,-0.674009,0.524541,-646.347351,1544.113892,-4615.096191,-642.942993,1463.365356,-4624.446289,-633.886902,1587.432739,-4643.076660,-662.953491,1495.285767,-4574.859375,-645.606140,1630.371948,-4618.001953,-642.861267,1463.352417,-4624.039551,-634.159851,1587.232056,-4643.284668,-662.945496,1495.297241,-4575.353516,-645.422485,1630.571899,-4617.728516,2616.317871,1567.736938,-3159.777100,,,,,,,,,,,,,,,,,,,,,,,,,,,,,,,,,
8949,89.490000,0.000000,0.000000,0.000000,1.000000,0.000000,0.000000,0.000000,57.698101,20.499701,-14.700500,0.047771,-0.013570,0.015998,-15.666301,-52.738201,18.801300,-93.396698,0.129960,17.611099,-0.214011,-0.473378,-0.674895,0.524050,-647.595215,1543.929565,-4616.477051,-644.299438,1463.192993,-4625.967773,-635.049255,1587.280029,-4644.370605,-664.304871,1495.053955,-4576.340332,-646.727356,1630.191406,-4619.229492,-644.273315,1463.120239,-4625.585449,-635.265686,1587.110718,-4644.462402,-664.242065,1495.050903,-4576.853027,-646.584595,1630.439209,-4619.042969,2616.295410,1567.769165,-3159.777100,,,,,,,,,,,,,,,,,,,,,,,,,,,,,,,,,
8950,89.500000,0.000000,0.000000,0.000000,1.000000,0.000000,0.000000,0.000000,57.698101,20.499701,-14.700500,0.047771,-0.013570,0.015998,-15.666301,-52.738201,18.801300,-93.396698,0.129960,17.611099,-0.214520,-0.472726,-0.674821,0.524527,-648.720337,1543.812866,-4617.761719,-645.445435,1463.080688,-4627.297363,-636.224304,1587.176270,-4645.657715,-665.357544,1494.918701,-4577.617676,-647.854065,1630.076050,-4620.473633,-645.449707,1462.989136,-4626.923340,-636.378296,1586.908203,-4645.800293,-665.279297,1494.834106,-4578.112305,-647.749207,1630.585449,-4620.221191,2616.300049,1567.769775,-3159.781982,,,,,,,,,,,,,,,,,,,,,,,,,,,,,,,,,
8951,89.510000,0.000000,0.000000,0.000000,1.000000,0.000000,0.000000,0.000000,57.698101,20.499701,-14.700500,0.047771,-0.013570,0.015998,-15.666301,-52.738201,18.801300,-93.396698,0.129960,17.611099,-0.216371,-0.470995,-0.675056,0.525021,-649.784485,1543.790527,-4618.948730,-646.721802,1463.059814,-4628.566406,-637.329224,1587.151245,-4646.867188,-666.335083,1494.897461,-4578.767578,-648.751953,1630.053955,-4621.594238,-646.757324,1463.300781,-4628.102539,-637.452881,1586.737915,-4647.103027,-666.238525,1494.723877,-4579.301758,-648.690918,1630.364502,-4621.334961,2616.271729,1567.728149,-3159.781250,,,,,,,,,,,,,,,,,,,,,,,,,,,,,,,,,
8952,89.520000,0.000000,0.000000,0.000000,1.000000,0.000000,0.000000,0.000000,57.698101,20.499701,-14.700500,0.047771,-0.013570,0.015998,-15.666301,-52.738201,18.801300,-93.396698,0.129960,17.611099,-0.216673,-0.470648,-0.675413,0.524748,-650.796997,1543.585205,-4620.017090,-647.832764,1462.854370,-4629.665527,-638.300842,1586.941528,-4647.923828,-667.390564,1494.696899,-4579.847656,-649.663940,1629.848389,-4622.630859,-647.833679,1463.116089,-4629.200684,-638.446411,1586.537842,-4648.240234,-667.326538,1494.606445,-4580.352539,-649.592346,1630.051025,-4622.312500,2616.297852,1567.732544,-3159.778076,,,,,,,,,,,,,,,,,,,,,,,,,,,,,,,,,
8953,89.530000,0.000000,0.000000,0.000000,1.000000,0.000000,0.000000,0.000000,57.698101,20.499701,-14.700500,0.047771,-0.013570,0.015998,-15.666301,-52.738201,18.801300,-93.396698,0.129960,17.611099,-0.216108,-0.470816,-0.675987,0.524091,-651.842346,1543.360718,-4621.184082,-648.932129,1462.633301,-4630.876953,-639.257385,1586.723267,-4649.041016,-668.551819,1494.462158,-4581.075195,-650.628235,1629.624390,-4623.742188,-648.850098,1462.908325,-4630.229492,-639.583130,1586.241333,-4649.578613,-668.538513,1494.349731,-4581.746582,-650.436890,1629.888428,-4623.254395,2616.289307,1567.790405,-3159.790771,,,,,,,,,,,,,,,,,,,,,,,,,,,,,,,,,
8954,89.540000,0.000000,0.000000,0.000000,1.000000,0.000000,0.000000,0.000000,57.698101,20.499701,-14.700500,0.047771,-0.013570,0.015998,-15.666301,-52.738201,18.801300,-93.396698,0.129960,17.611099,-0.216542,-0.470157,-0.676168,0.524270,-652.842407,1543.154175,-4622.214844,-649.997253,1462.431519,-4631.967285,-640.267700,1586.527588,-4650.059570,-669.528320,1494.238892,-4582.116699,-651.576416,1629.418701,-4624.715820,-649.900146,1462.780640,-4631.249512,-640.612000,1585.963623,-4650.755859,-669.527954,1494.122925,-4582.813477,-651.378906,1629.678833,-4624.123535,2616.296143,1567.802979,-3159.790039,,,,,,,,,,,,,,,,,,,,,,,,,,,,,,,,,
8955,89.550000,0.000000,0.000000,0.000000,1.000000,0.000000,0.000000,0.000000,57.698101,20.499701,-14.700500,0.047771,-0.013570,0.015998,-15.666301,-52.738201,18.801300,-93.396698,0.129960,17.611099,-0.218800,-0.468856,-0.675364,0.525533,-654.011719,1542.871338,-4623.378418,-651.235474,1462.140381,-4633.081543,-641.597229,1586.220337,-4651.333008,-670.465149,1493.991089,-4583.141602,-652.749084,1629.133667,-4625.957031,-650.975403,1462.442383,-4632.184082,-642.228455,1585.615845,-4652.548828,-670.588745,1493.925415,-4583.935547,-652.342712,1629.406250,-4624.960449,2616.278076,1567.769775,-3159.787354,,,,,,,,,,,,,,,,,,,,,,,,,,,,,,,,,
8956,89.560000,0.000000,0.000000,0.000000,1.000000,0.000000,0.000000,0.000000,57.698101,20.499701,-14.700500,0.047771,-0.013570,0.015998,-15.666301,-52.738201,18.801300,-93.396698,0.129960,17.611099,-0.216724,-0.470202,-0.676605,0.523590,-655.148865,1542.631714,-4624.573242,-652.421143,1461.903564,-4634.312988,-642.490295,1585.982178,-4652.415527,-671.934875,1493.747437,-4584.479492,-653.749207,1628.893921,-4627.084961,-652.075806,1462.258301,-4633.205566,-643.353577,1585.395630,-4653.707031,-672.101929,1493.602051,-4585.452637,-653.183716,1629.191650,-4626.048828,2616.296143,1567.766235,-3159.791992,,,,,,,,,,,,,,,,,,,,,,,,,,,,,,,,,
8957,89.570000,0.000000,0.000000,0.000000,1.000000,0.000000,0.000000,0.000000,57.698101,20.499701,-14.700500,0.047771,-0.013570,0.015998,-15.666301,-52.738201,18.801300,-93.396698,0.129960,17.611099,-0.217883,-0.466361,-0.678757,0.523760,-656.634094,1542.096313,-4626.233398,-654.340088,1461.416870,-4636.476074,-643.901794,1585.554688,-4653.873535,-673.461426,1493.049194,-4586.355957,-654.833130,1628.364502,-4628.228027,-654.010437,1461.125610,-4635.787598,-644.588196,1585.077393,-4654.957520,-673.636597,1493.155151,-4587.019043,-654.312805,1629.085571,-4627.100098,2616.274170,1567.747437,-3159.781250,,,,,,,,,,,,,,,,,,,,,,,,,,,,,,,,,
8958,89.580000,0.000000,0.000000,0.000000,1.000000,0.000000,0.000000,0.000000,57.698101,20.499701,-14.700500,0.047771,-0.013570,0.015998,-15.666301,-52.738201,18.801300,-93.396698,0.129960,17.611099,-0.219008,-0.465298,-0.679094,0.523798,-657.747131,1541.769287,-4627.512695,-655.625488,1461.092041,-4637.808594,-645.005859,1585.221069,-4655.158691,-674.562561,1492.729004,-4587.621582,-655.794739,1628.035278,-4629.460449,-655.291199,1460.663696,-4637.210938,-645.623901,1584.738403,-4656.315430,-674.734680,1492.974365,-4588.194336,-655.363220,1628.714111,-4628.269531,2616.278076,1567.752930,-3159.791992,,,,,,,,,,,,,,,,,,,,,,,,,,,,,,,,,
8959,89.590000,0.000000,0.000000,0.000000,1.000000,0.000000,0.000000,0.000000,57.698101,20.499701,-14.700500,0.047771,-0.013570,0.015998,-15.666301,-52.738201,18.801300,-93.396698,0.129960,17.611099,-0.218474,-0.465162,-0.680372,0.522483,-659.137329,1541.347656,-4628.975586,-657.207825,1460.678955,-4639.375977,-646.213989,1584.802490,-4656.532227,-676.178833,1492.298584,-4589.191406,-656.948608,1627.610718,-4630.801758,-656.866150,1460.210327,-4638.683594,-646.901062,1584.312866,-4657.604980,-676.350220,1492.470093,-4589.878906,-656.408936,1628.516968,-4629.577637,2616.296387,1567.773193,-3159.793213,,,,,,,,,,,,,,,,,,,,,,,,,,,,,,,,,
8960,89.600000,0.000000,0.000000,0.000000,1.000000,0.000000,0.000000,0.000000,57.698101,20.499701,-14.700500,0.047771,-0.013570,0.015998,-15.666301,-52.738201,18.801300,-93.396698,0.129960,17.611099,-0.218698,-0.465458,-0.680836,0.521519,-660.457092,1541.080811,-4630.325684,-658.667542,1460.402100,-4640.674316,-647.421753,1584.494019,-4657.895508,-677.634521,1492.088867,-4590.529785,-658.104553,1627.338501,-4632.203613,-658.279907,1459.863647,-4639.992188,-648.185181,1583.908813,-4659.036133,-677.813782,1492.421753,-4591.255859,-657.571533,1628.155640,-4630.923340,2616.299561,1567.741333,-3159.773926,,,,,,,,,,,,,,,,,,,,,,,,,,,,,,,,,
8961,89.610000,0.000000,0.000000,0.000000,1.000000,0.000000,0.000000,0.000000,57.698101,20.499701,-14.700500,0.047771,-0.013570,0.015998,-15.666301,-52.738201,18.801300,-93.396698,0.129960,17.611099,-0.219339,-0.465188,-0.681168,0.521058,-661.679626,1540.904907,-4631.549805,-660.032410,1460.221313,-4641.883301,-648.587097,1584.290649,-4659.135254,-678.916626,1491.949829,-4591.734375,-659.182495,1627.158081,-4633.445801,-659.712097,1460.060425,-4641.314453,-649.263855,1583.522095,-4660.302246,-679.076233,1492.070190,-4592.261230,-658.756592,1627.870483,-4632.379395,2616.291992,1567.779419,-3159.779053,,,,,,,,,,,,,,,,,,,,,,,,,,,,,,,,,
8962,89.620000,0.000000,0.000000,0.000000,1.000000,0.000000,0.000000,0.000000,57.698101,20.499701,-14.700500,0.047771,-0.013570,0.015998,-15.666301,-52.738201,18.801300,-93.396698,0.129960,17.611099,-0.220897,-0.465134,-0.680421,0.521422,-662.807678,1540.590820,-4632.747070,-661.205627,1459.885498,-4642.916992,-649.785217,1583.916260,-4660.460449,-679.940918,1491.722168,-4592.781250,-660.299133,1626.839233,-4634.830078,-660.895874,1459.742676,-4642.549316,-650.359497,1583.162354,-4661.643066,-680.125122,1491.911133,-4593.130371,-659.946655,1627.420166,-4633.780273,2616.282715,1567.744873,-3159.776611,,,,,,,,,,,,,,,,,,,,,,,,,,,,,,,,,
8963,89.630000,0.000000,0.000000,0.000000,1.000000,0.000000,0.000000,0.000000,57.698101,20.499701,-14.700500,0.047771,-0.013570,0.015998,-15.666301,-52.738201,18.801300,-93.396698,0.129960,17.611099,-0.222939,-0.464797,-0.679246,0.522385,-663.925720,1540.302124,-4633.818359,-662.330078,1459.574097,-4643.807129,-651.050598,1583.569092,-4661.691406,-680.853088,1491.518921,-4593.660156,-661.469116,1626.546875,-4636.113770,-662.102295,1459.472778,-4643.606934,-651.361206,1582.789917,-4662.819824,-681.007263,1491.721313,-4593.846680,-661.296021,1627.087769,-4635.112793,2616.307129,1567.723389,-3159.773438,,,,,,,,,,,,,,,,,,,,,,,,,,,,,,,,,
8964,89.640000,0.000000,0.000000,0.000000,1.000000,0.000000,0.000000,0.000000,57.698101,20.499701,-14.700500,0.047771,-0.013570,0.015998,-15.666301,-52.738201,18.801300,-93.396698,0.129960,17.611099,-0.225713,-0.465339,-0.676831,0.523844,-665.025940,1539.906860,-4634.863281,-663.310425,1459.131226,-4644.439453,-652.402466,1583.054810,-4663.034668,-681.620483,1491.298218,-4594.356445,-662.770569,1626.143433,-4637.623535,-662.916199,1458.798828,-4644.371094,-652.864746,1582.321045,-4664.263184,-681.901245,1491.632080,-4594.399902,-662.467773,1626.787842,-4636.507812,2616.324951,1567.750488,-3159.757812,,,,,,,,,,,,,,,,,,,,,,,,,,,,,,,,,
8965,89.650000,0.000000,0.000000,0.000000,1.000000,0.000000,0.000000,0.000000,57.698101,20.499701,-14.700500,0.047771,-0.013570,0.015998,-15.666301,-52.738201,18.801300,-93.396698,0.129960,17.611099,-0.229558,-0.463585,-0.675468,0.525486,-666.172363,1539.525269,-4635.867188,-664.602234,1458.727661,-4645.281738,-653.777649,1582.602661,-4664.247070,-682.428467,1491.017090,-4595.103027,-663.881226,1625.754028,-4638.835938,-664.188904,1458.297363,-4645.522949,-654.019836,1581.981567,-4665.356934,-682.795471,1491.436157,-4594.784180,-663.712952,1626.360596,-4637.882812,2616.288330,1567.740479,-3159.770752,,,,,,,,,,,,,,,,,,,,,,,,,,,,,,,,,
8966,89.660000,0.000000,0.000000,0.000000,1.000000,0.000000,0.000000,0.000000,57.698101,20.499701,-14.700500,0.047771,-0.013570,0.015998,-15.666301,-52.738201,18.801300,-93.396698,0.129960,17.611099,-0.234005,-0.460515,-0.673977,0.528131,-667.322021,1539.197998,-4636.878906,-665.899780,1458.393433,-4646.255859,-655.262634,1582.250854,-4665.439941,-683.091492,1490.724487,-4595.883789,-665.034424,1625.423706,-4639.936035,-665.520569,1457.981689,-4646.718750,-655.290405,1581.698853,-4666.435547,-683.495422,1491.166504,-4595.245117,-665.010986,1625.934937,-4639.163086,2616.303223,1567.718140,-3159.775146,,,,,,,,,,,,,,,,,,,,,,,,,,,,,,,,,
8967,89.670000,0.000000,0.000000,0.000000,1.000000,0.000000,0.000000,0.000000,57.698101,20.499701,-14.700500,0.047771,-0.013570,0.015998,-15.666301,-52.738201,18.801300,-93.396698,0.129960,17.611099,-0.245283,-0.449918,-0.670999,0.535882,-668.137512,1538.848633,-4638.500488,-667.189819,1458.072876,-4648.182617,-657.004822,1581.974487,-4667.326660,-682.553528,1490.267456,-4597.136230,-665.801819,1625.079834,-4641.357910,-667.207397,1457.672729,-4648.152344,-656.829956,1581.313110,-4667.850586,-682.457642,1490.960693,-4597.397461,-666.102112,1625.618896,-4640.456543,2616.307129,1567.726685,-3159.761475,,,,,,,,,,,,,,,,,,,,,,,,,,,,,,,,,
8968,89.680000,0.000000,0.000000,0.000000,1.000000,0.000000,0.000000,0.000000,57.698101,20.499701,-14.700500,0.047771,-0.013570,0.015998,-15.666301,-52.738201,18.801300,-93.396698,0.129960,17.611099,-0.255215,-0.439793,-0.668672,0.542518,-668.960693,1538.382080,-4639.839355,-668.523804,1457.645020,-4649.873535,-658.624573,1581.599731,-4668.823730,-682.200317,1489.665283,-4598.241211,-666.494141,1624.618408,-4642.417480,-668.874817,1457.231323,-4649.627930,-658.150146,1581.008423,-4668.990234,-681.642395,1490.600464,-4599.102539,-667.320740,1625.169189,-4641.563477,2616.326416,1567.748291,-3159.769531,,,,,,,,,,,,,,,,,,,,,,,,,,,,,,,,,
8969,89.690000,0.000000,0.000000,0.000000,1.000000,0.000000,0.000000,0.000000,57.698101,20.499701,-14.700500,0.047771,-0.013570,0.015998,-15.666301,-52.738201,18.801300,-93.396698,0.129960,17.611099,-0.261552,-0.435955,-0.667772,0.543705,-670.151733,1538.221069,-4640.587402,-670.256897,1457.464111,-4650.468262,-660.012634,1581.331787,-4669.800293,-683.042786,1489.649780,-4598.710938,-667.294617,1624.439087,-4643.369629,-670.588440,1456.786011,-4650.995117,-659.281738,1580.778687,-4670.009766,-682.509338,1491.301514,-4598.224121,-668.500488,1624.990479,-4642.572266,2616.331299,1567.758545,-3159.777100,,,,,,,,,,,,,,,,,,,,,,,,,,,,,,,,,
8970,89.700000,0.000000,0.000000,0.000000,1.000000,0.000000,0.000000,0.000000,57.698101,20.499701,-14.700500,0.047771,-0.013570,0.015998,-15.666301,-52.738201,18.801300,-93.396698,0.129960,17.611099,-0.259384,-0.442532,-0.669554,0.537199,-672.326965,1538.210083,-4640.806641,-672.701050,1457.375244,-4650.022949,-661.472412,1581.022461,-4670.200195,-686.172974,1490.056885,-4598.752930,-668.961548,1624.385864,-4644.250488,-672.197144,1456.489990,-4652.302734,-660.991028,1580.416260,-4671.378906,-686.959656,1491.356323,-4595.555176,-669.237244,1624.722534,-4643.611328,2616.262939,1567.745361,-3159.790527,,,,,,,,,,,,,,,,,,,,,,,,,,,,,,,,,
8971,89.710000,0.000000,0.000000,0.000000,1.000000,0.000000,0.000000,0.000000,57.698101,20.499701,-14.700500,0.047771,-0.013570,0.015998,-15.666301,-52.738201,18.801300,-93.396698,0.129960,17.611099,-0.265498,-0.437149,-0.669881,0.538210,-673.091248,1537.417358,-4643.019531,-674.183655,1456.601440,-4652.342773,-662.361145,1580.194946,-4672.509766,-686.664856,1489.301636,-4600.834473,-669.155273,1623.571899,-4646.392090,-673.851440,1456.198242,-4653.632812,-662.347595,1580.107666,-4672.575684,-687.915894,1491.261230,-4595.894043,,,,2616.260010,1567.726685,-3159.789307,,,,,,,,,,,,,,,,,,,,,,,,,,,,,,,,,
8972,89.720000,0.000000,0.000000,0.000000,1.000000,0.000000,0.000000,0.000000,57.698101,20.499701,-14.700500,0.047771,-0.013570,0.015998,-15.666301,-52.738201,18.801300,-93.396698,0.129960,17.611099,-0.216668,-0.476295,-0.677418,0.517014,-677.206909,1536.849731,-4645.911133,-674.928162,1456.008301,-4654.788574,-663.880310,1579.821167,-4674.028320,-694.858704,1488.500244,-4605.541016,-675.160645,1623.069702,-4649.286133,-674.983704,1455.904663,-4654.650391,-663.953308,1579.733032,-4673.858398,-694.703735,1488.730835,-4605.913086,,,,2616.278564,1567.735474,-3159.782227,,,,,,,,,,,,,,,,,,,,,,,,,,,,,,,,,
8973,89.730000,0.000000,0.000000,0.000000,1.000000,0.000000,0.000000,0.000000,57.698101,20.499701,-14.700500,0.047771,-0.013570,0.015998,-15.666301,-52.738201,18.801300,-93.396698,0.129960,17.611099,-0.213889,-0.478656,-0.677170,0.516314,-678.639343,1536.726562,-4646.987793,-676.060059,1455.884644,-4655.778809,-665.250610,1579.713501,-4675.051758,-696.420044,1488.359253,-4606.696289,-676.826782,1622.949219,-4650.424316,-676.143616,1455.880737,-4655.583496,-665.312500,1579.619263,-4674.911621,-696.242554,1488.480103,-4607.105469,,,,2616.285156,1567.772461,-3159.782959,,,,,,,,,,,,,,,,,,,,,,,,,,,,,,,,,
8974,89.740000,0.000000,0.000000,0.000000,1.000000,0.000000,0.000000,0.000000,57.698101,20.499701,-14.700500,0.047771,-0.013570,0.015998,-15.666301,-52.738201,18.801300,-93.396698,0.129960,17.611099,-0.213940,-0.478465,-0.676858,0.516879,-679.985718,1536.680908,-4647.976562,-677.337280,1455.842896,-4656.781738,-666.664551,1579.684692,-4676.046387,-697.682068,1488.290527,-4607.675293,-678.258972,1622.905884,-4651.401855,-677.428406,1456.214355,-4656.366699,-666.740295,1579.441162,-4676.094238,-697.541138,1488.190308,-4608.142090,-678.234680,1622.935181,-4651.298340,2616.304932,1567.781860,-3159.775146,,,,,,,,,,,,,,,,,,,,,,,,,,,,,,,,,
8975,89.750000,0.000000,0.000000,0.000000,1.000000,0.000000,0.000000,0.000000,57.698101,20.499701,-14.700500,0.047771,-0.013570,0.015998,-15.666301,-52.738201,18.801300,-93.396698,0.129960,17.611099,-0.214100,-0.477007,-0.677720,0.517031,-681.508179,1536.499390,-4649.124512,-678.991455,1455.681519,-4658.152344,-668.166077,1579.559326,-4677.098633,-699.215027,1488.026367,-4608.927734,-679.660217,1622.730591,-4652.319824,-679.013428,1455.799072,-4657.696289,-668.315063,1579.274048,-4677.306641,-699.120605,1487.939209,-4609.467773,-679.578430,1622.976562,-4652.060059,2616.271973,1567.739746,-3159.785400,,,,,,,,,,,,,,,,,,,,,,,,,,,,,,,,,
8976,89.760000,0.000000,0.000000,0.000000,1.000000,0.000000,0.000000,0.000000,57.698101,20.499701,-14.700500,0.047771,-0.013570,0.015998,-15.666301,-52.738201,18.801300,-93.396698,0.129960,17.611099,-0.215849,-0.473790,-0.678467,0.518280,-682.907593,1536.484863,-4650.172852,-680.622925,1455.696777,-4659.522949,-669.657410,1579.622681,-4678.070312,-700.453796,1487.896729,-4610.043945,-680.896240,1622.723511,-4653.053223,-680.602966,1455.505615,-4659.016602,-669.857422,1579.711670,-4678.295410,-700.434753,1487.757568,-4610.494141,-680.727112,1622.927368,-4652.842285,2616.279785,1567.721680,-3159.793457,,,,,,,,,,,,,,,,,,,,,,,,,,,,,,,,,
8977,89.770000,0.000000,0.000000,0.000000,1.000000,0.000000,0.000000,0.000000,57.698101,20.499701,-14.700500,0.047771,-0.013570,0.015998,-15.666301,-52.738201,18.801300,-93.396698,0.129960,17.611099,-0.216580,-0.472929,-0.679435,0.517493,-684.332886,1536.292114,-4651.255859,-682.308289,1455.506714,-4660.687500,-670.967590,1579.415649,-4679.120605,-702.002502,1487.719360,-4611.163086,-682.053284,1622.526733,-4654.053223,-682.197449,1455.352539,-4660.103027,-671.309570,1579.299561,-4679.523438,-702.038269,1487.569702,-4611.728027,-681.751709,1622.983521,-4653.616699,2616.305420,1567.739502,-3159.758301,,,,,,,,,,,,,,,,,,,,,,,,,,,,,,,,,
8978,89.780000,0.000000,0.000000,0.000000,1.000000,0.000000,0.000000,0.000000,57.698101,20.499701,-14.700500,0.047771,-0.013570,0.015998,-15.666301,-52.738201,18.801300,-93.396698,0.129960,17.611099,-0.216189,-0.473275,-0.679931,0.516688,-685.682068,1536.077148,-4652.309082,-683.727844,1455.290039,-4661.741211,-672.217834,1579.187622,-4680.145996,-703.479370,1487.521606,-4612.251953,-683.303223,1622.309448,-4655.096680,-683.472412,1455.290283,-4661.010742,-672.830994,1578.837769,-4680.902832,-703.612000,1487.385010,-4612.937500,-682.813477,1622.825928,-4654.355957,2616.289795,1567.744019,-3159.791260,,,,,,,,,,,,,,,,,,,,,,,,,,,,,,,,,
8979,89.790000,0.000000,0.000000,0.000000,1.000000,0.000000,0.000000,0.000000,57.698101,20.499701,-14.700500,0.047771,-0.013570,0.015998,-15.666301,-52.738201,18.801300,-93.396698,0.129960,17.611099,-0.214881,-0.473200,-0.681350,0.515433,-686.898560,1536.202026,-4653.125000,-685.069885,1455.432739,-4662.732422,-673.252319,1579.348511,-4680.816895,-704.931396,1487.591797,-4613.239746,-684.340820,1622.435547,-4655.709961,-684.939148,1455.858887,-4661.967773,-673.689636,1578.730225,-4681.517090,-704.957336,1487.343140,-4613.974121,-684.070496,1622.793823,-4655.137695,2616.277588,1567.754028,-3159.787598,,,,,,,,,,,,,,,,,,,,,,,,,,,,,,,,,
8980,89.800000,0.000000,0.000000,0.000000,1.000000,0.000000,0.000000,0.000000,57.698101,20.499701,-14.700500,0.047771,-0.013570,0.015998,-15.666301,-52.738201,18.801300,-93.396698,0.129960,17.611099,-0.212178,-0.473124,-0.682707,0.514825,-688.191467,1536.480469,-4653.966309,-686.292236,1455.749878,-4663.881348,-674.426758,1579.738892,-4681.424805,-706.399109,1487.708984,-4614.357910,-685.647888,1622.724121,-4656.201172,-686.196777,1455.950439,-4662.932129,-674.866333,1579.850830,-4681.862305,-706.437622,1487.214478,-4615.189941,-685.279358,1622.848877,-4655.891113,2616.301758,1567.754883,-3159.785645,,,,,,,,,,,,,,,,,,,,,,,,,,,,,,,,,
8981,89.810000,0.000000,0.000000,0.000000,1.000000,0.000000,0.000000,0.000000,57.698101,20.499701,-14.700500,0.047771,-0.013570,0.015998,-15.666301,-52.738201,18.801300,-93.396698,0.129960,17.611099,-0.215541,-0.470127,-0.682849,0.515985,-689.625366,1536.077393,-4655.240723,-688.056580,1455.354126,-4665.271973,-675.969727,1579.328979,-4682.764160,-707.634521,1487.310913,-4615.535645,-686.840759,1622.315796,-4657.390625,-687.866516,1455.133301,-4664.534668,-676.436707,1579.131592,-4683.530273,-707.727600,1487.198364,-4616.180664,-686.423096,1622.942627,-4656.583984,2616.269043,1567.771362,-3159.792725,,,,,,,,,,,,,,,,,,,,,,,,,,,,,,,,,
8982,89.820000,0.000000,0.000000,0.000000,1.000000,0.000000,0.000000,0.000000,57.698101,20.499701,-14.700500,0.047771,-0.013570,0.015998,-15.666301,-52.738201,18.801300,-93.396698,0.129960,17.611099,-0.215695,-0.469641,-0.683240,0.515846,-691.016235,1535.822876,-4656.291504,-689.528137,1455.106201,-4666.389160,-677.330994,1579.083862,-4683.785645,-709.055237,1487.041260,-4616.618652,-688.150818,1622.060303,-4658.372559,-689.276367,1454.763062,-4665.702637,-677.884155,1578.688477,-4684.730957,-709.175598,1487.114380,-4617.288574,-687.710571,1622.830200,-4657.328125,2616.288574,1567.744629,-3159.787354,,,,,,,,,,,,,,,,,,,,,,,,,,,,,,,,,
8983,89.830000,0.000000,0.000000,0.000000,1.000000,0.000000,0.000000,0.000000,57.698101,20.499701,-14.700500,0.047771,-0.013570,0.015998,-15.666301,-52.738201,18.801300,-93.396698,0.129960,17.611099,-0.218718,-0.467170,-0.682771,0.517435,-692.497314,1535.704224,-4657.401367,-691.194702,1454.990967,-4667.551758,-678.988586,1578.962036,-4684.987305,-710.264465,1486.925049,-4617.603516,-689.541504,1621.939209,-4659.463867,-690.909668,1454.604858,-4666.982422,-679.544495,1578.534790,-4685.932617,-710.421326,1486.996338,-4618.125488,-689.012085,1622.951050,-4658.268066,2616.287109,1567.767090,-3159.790039,,,,,,,,,,,,,,,,,,,,,,,,,,,,,,,,,
8984,89.840000,0.000000,0.000000,0.000000,1.000000,0.000000,0.000000,0.000000,57.698101,20.499701,-14.700500,0.047771,-0.013570,0.015998,-15.666301,-52.738201,18.801300,-93.396698,0.129960,17.611099,-0.243697,-0.447216,-0.674791,0.534104,-693.067993,1535.496948,-4658.094238,-692.605835,1454.795532,-4668.409180,-681.583984,1578.776367,-4686.550293,-707.903870,1486.684937,-4617.152344,-690.178223,1621.731445,-4660.266113,-692.640930,1454.534912,-4668.320312,-681.384583,1578.527466,-4687.192871,,,,-690.476624,1622.822144,-4659.246094,2616.276123,1567.753662,-3159.792725,,,,,,,,,,,,,,,,,,,,,,,,,,,,,,,,,
8985,89.850000,0.000000,0.000000,0.000000,1.000000,0.000000,0.000000,0.000000,57.698101,20.499701,-14.700500,0.047771,-0.013570,0.015998,-15.666301,-52.738201,18.801300,-93.396698,0.129960,17.611099,-0.263421,-0.430829,-0.667752,0.546903,-693.524475,1535.331177,-4658.648438,-693.741333,1454.639771,-4669.050293,-683.701294,1578.630005,-4687.690430,-705.962158,1486.489746,-4616.949707,-690.693176,1621.565308,-4660.903809,,,,,,,,,,,,,2616.290527,1567.759155,-3159.776123,,,,,,,,,,,,,,,,,,,-694.171753,1454.617554,-4669.322266,-682.682861,1578.707642,-4688.072754,,,,,,,,,
8986,89.860000,0.000000,0.000000,0.000000,1.000000,0.000000,0.000000,0.000000,57.698101,20.499701,-14.700500,0.047771,-0.013570,0.015998,-15.666301,-52.738201,18.801300,-93.396698,0.129960,17.611099,-0.263421,-0.430829,-0.667752,0.546903,-693.524475,1535.331177,-4658.648438,-693.741394,1454.639648,-4669.050293,-683.701294,1578.630005,-4687.690430,-705.962158,1486.489624,-4616.949707,-690.693176,1621.565308,-4660.903809,,,,,,,,,,,,,2616.268555,1567.764160,-3159.790283,,,,,,,,,,,,,,,,,,,-695.773621,1454.674316,-4670.512695,-684.618591,1578.577393,-4689.541504,,,,,,,,,
8987,89.870000,0.000000,0.000000,0.000000,1.000000,0.000000,0.000000,0.000000,57.698101,20.499701,-14.700500,0.047771,-0.013570,0.015998,-15.666301,-52.738201,18.801300,-93.396698,0.129960,17.611099,-0.263421,-0.430829,-0.667752,0.546903,-693.524475,1535.331177,-4658.648438,-693.741394,1454.639648,-4669.050293,-683.701294,1578.630005,-4687.690430,-705.962158,1486.489624,-4616.949707,-690.693176,1621.565308,-4660.903809,,,,,,,,,,,,,2616.307129,1567.760132,-3159.783691,,,,,,,,,,,,,,,,,,,-696.970276,1454.773804,-4671.433105,-686.154663,1578.526855,-4690.774414,,,,,,,,,
8988,89.880000,0.000000,0.000000,0.000000,1.000000,0.000000,0.000000,0.000000,57.698101,20.499701,-14.700500,0.047771,-0.013570,0.015998,-15.666301,-52.738201,18.801300,-93.396698,0.129960,17.611099,-0.263421,-0.430829,-0.667752,0.546903,-693.524475,1535.331177,-4658.648438,-693.741394,1454.639648,-4669.050293,-683.701294,1578.630005,-4687.690430,-705.962158,1486.489624,-4616.949707,-690.693176,1621.565308,-4660.903809,,,,,,,,,,,,,2616.310059,1567.735840,-3159.770264,,,,,,,,,,,,,,,,,,,-698.236633,1455.317139,-4672.246582,-687.561035,1578.554932,-4691.770020,,,,,,,,,
8989,89.890000,0.000000,0.000000,0.000000,1.000000,0.000000,0.000000,0.000000,57.698101,20.499701,-14.700500,0.047771,-0.013570,0.015998,-15.666301,-52.738201,18.801300,-93.396698,0.129960,17.611099,-0.263421,-0.430829,-0.667752,0.546903,-693.524475,1535.331177,-4658.648438,-693.741394,1454.639648,-4669.050293,-683.701294,1578.630005,-4687.690430,-705.962158,1486.489624,-4616.949707,-690.693176,1621.565308,-4660.903809,,,,,,,,,,,,,2616.306152,1567.750000,-3159.774170,,,,,,,,,,,,,,,,,,,-699.469482,1455.584595,-4672.874023,-689.229858,1579.307861,-4692.581055,,,,,,,,,
8990,89.900000,0.000000,0.000000,0.000000,1.000000,0.000000,0.000000,0.000000,57.698101,20.499701,-14.700500,0.047771,-0.013570,0.015998,-15.666301,-52.738201,18.801300,-93.396698,0.129960,17.611099,-0.263421,-0.430829,-0.667752,0.546903,-693.524475,1535.331177,-4658.648438,-693.741394,1454.639648,-4669.050293,-683.701294,1578.630005,-4687.690430,-705.962158,1486.489624,-4616.949707,-690.693176,1621.565308,-4660.903809,,,,,,,,,,,,,2616.318604,1567.735840,-3159.767822,,,,,,,,,,,,,,,,,,,,,,-690.906372,1579.006958,-4694.071289,,,,,,,,,
8991,89.910000,0.000000,0.000000,0.000000,1.000000,0.000000,0.000000,0.000000,57.698101,20.499701,-14.700500,0.047771,-0.013570,0.015998,-15.666301,-52.738201,18.801300,-93.396698,0.129960,17.611099,-0.263421,-0.430829,-0.667752,0.546903,-693.524475,1535.331177,-4658.648438,-693.741394,1454.639648,-4669.050293,-683.701294,1578.630005,-4687.690430,-705.962158,1486.489624,-4616.949707,-690.693176,1621.565308,-4660.903809,,,,,,,,,,,,,2616.290039,1567.742188,-3159.780762,,,,,,,,,,,,,,,,,,,,,,-692.634644,1578.710449,-4695.452148,,,,,,,,,
8992,89.920000,0.000000,0.000000,0.000000,1.000000,0.000000,0.000000,0.000000,57.698101,20.499701,-14.700500,0.047771,-0.013570,0.015998,-15.666301,-52.738201,18.801300,-93.396698,0.129960,17.611099,-0.263421,-0.430829,-0.667752,0.546903,-693.524475,1535.331177,-4658.648438,-693.741394,1454.639648,-4669.050293,-683.701294,1578.630005,-4687.690430,-705.962158,1486.489624,-4616.949707,-690.693176,1621.565308,-4660.903809,,,,,,,,,,,,,2616.269287,1567.735107,-3159.795410,,,,,,,,,,,,,,,,,,,,,,-694.134644,1578.684570,-4696.513184,,,,,,,,,
8993,89.930000,0.000000,0.000000,0.000000,1.000000,0.000000,0.000000,0.000000,57.698101,20.499701,-14.700500,0.047771,-0.013570,0.015998,-15.666301,-52.738201,18.801300,-93.396698,0.129960,17.611099,-0.263421,-0.430829,-0.667752,0.546903,-693.524475,1535.331177,-4658.648438,-693.741394,1454.639648,-4669.050293,-683.701294,1578.630005,-4687.690430,-705.962158,1486.489624,-4616.949707,-690.693176,1621.565308,-4660.903809,,,,,,,,,,,,,2616.313232,1567.772461,-3159.778809,,,,,,,,,,,,,,,,,,,,,,-695.416321,1578.951050,-4697.506836,,,,,,,,,
8994,89.940000,0.000000,0.000000,0.000000,1.000000,0.000000,0.000000,0.000000,57.698101,20.499701,-14.700500,0.047771,-0.013570,0.015998,-15.666301,-52.738201,18.801300,-93.396698,0.129960,17.611099,-0.263421,-0.430829,-0.667752,0.546903,-693.524475,1535.331177,-4658.648438,-693.741394,1454.639648,-4669.050293,-683.701294,1578.630005,-4687.690430,-705.962158,1486.489624,-4616.949707,-690.693176,1621.565308,-4660.903809,,,,,,,,,,,,,2616.300293,1567.748779,-3159.773926,,,,,,,,,,,,,,,,,,,,,,-696.687134,1579.288818,-4698.447266,,,,,,,,,
8995,89.950000,0.000000,0.000000,0.000000,1.000000,0.000000,0.000000,0.000000,57.698101,20.499701,-14.700500,0.047771,-0.013570,0.015998,-15.666301,-52.738201,18.801300,-93.396698,0.129960,17.611099,-0.263421,-0.430829,-0.667752,0.546903,-693.524475,1535.331177,-4658.648438,-693.741394,1454.639648,-4669.050293,-683.701294,1578.630005,-4687.690430,-705.962158,1486.489624,-4616.949707,-690.693176,1621.565308,-4660.903809,,,,,,,,,,,,,2616.302002,1567.764038,-3159.781494,,,,,,,,,,,,,,,,,,,,,,-698.186035,1579.399048,-4699.624512,,,,,,,,,
8996,89.960000,0.000000,0.000000,0.000000,1.000000,0.000000,0.000000,0.000000,57.698101,20.499701,-14.700500,0.047771,-0.013570,0.015998,-15.666301,-52.738201,18.801300,-93.396698,0.129960,17.611099,-0.263421,-0.430829,-0.667752,0.546903,-693.524475,1535.331177,-4658.648438,-693.741394,1454.639648,-4669.050293,-683.701294,1578.630005,-4687.690430,-705.962158,1486.489624,-4616.949707,-690.693176,1621.565308,-4660.903809,,,,,,,,,,,,,2616.306641,1567.764038,-3159.783936,,,,,,,,,,,,,,,,,,,,,,-699.773071,1579.392700,-4700.774414,,,,,,,,,
8997,89.970000,0.000000,0.000000,0.000000,1.000000,0.000000,0.000000,0.000000,57.698101,20.499701,-14.700500,0.047771,-0.013570,0.015998,-15.666301,-52.738201,18.801300,-93.396698,0.129960,17.611099,-0.263421,-0.430829,-0.667752,0.546903,-693.524475,1535.331177,-4658.648438,-693.741394,1454.639648,-4669.050293,-683.701294,1578.630005,-4687.690430,-705.962158,1486.489624,-4616.949707,-690.693176,1621.565308,-4660.903809,,,,,,,,,,,,,2616.312988,1567.754272,-3159.779297,,,,,,,,,,,,,,,,,,,,,,-701.329102,1579.320557,-4702.068359,,,,,,,,,
8998,89.980000,0.000000,0.000000,0.000000,1.000000,0.000000,0.000000,0.000000,57.698101,20.499701,-14.700500,0.047771,-0.013570,0.015998,-15.666301,-52.738201,18.801300,-93.396698,0.129960,17.611099,-0.263421,-0.430829,-0.667752,0.546903,-693.524475,1535.331177,-4658.648438,-693.741394,1454.639648,-4669.050293,-683.701294,1578.630005,-4687.690430,-705.962158,1486.489624,-4616.949707,-690.693176,1621.565308,-4660.903809,,,,,,,,,,,,,2616.262939,1567.753296,-3159.781738,,,,,,,,,,,,,,,,,,,,,,-702.833557,1579.201904,-4703.422363,,,,,,,,,
8999,89.990000,0.000000,0.000000,0.000000,1.000000,0.000000,0.000000,0.000000,57.698101,20.499701,-14.700500,0.047771,-0.013570,0.015998,-15.666301,-52.738201,18.801300,-93.396698,0.129960,17.611099,-0.263421,-0.430829,-0.667752,0.546903,-693.524475,1535.331177,-4658.648438,-693.741394,1454.639648,-4669.050293,-683.701294,1578.630005,-4687.690430,-705.962158,1486.489624,-4616.949707,-690.693176,1621.565308,-4660.903809,,,,,,,,,,,,,2616.269531,1567.759399,-3159.790527,,,,,,,,,,,,,,,,,,,,,,-704.427551,1579.026489,-4704.806152,,,,,,,,,
9000,90.000000,0.000000,0.000000,0.000000,1.000000,0.000000,0.000000,0.000000,57.698101,20.499701,-14.700500,0.047771,-0.013570,0.015998,-15.666301,-52.738201,18.801300,-93.396698,0.129960,17.611099,-0.263421,-0.430829,-0.667752,0.546903,-693.524475,1535.331177,-4658.648438,-693.741394,1454.639648,-4669.050293,-683.701294,1578.630005,-4687.690430,-705.962158,1486.489624,-4616.949707,-690.693176,1621.565308,-4660.903809,,,,,,,,,,,,,2616.262451,1567.749634,-3159.794922,,,,,,,,,,,,,,,,,,,,,,-706.221741,1579.462524,-4705.960449,,,,,,,,,
9001,90.010000,0.000000,0.000000,0.000000,1.000000,0.000000,0.000000,0.000000,57.698101,20.499701,-14.700500,0.047771,-0.013570,0.015998,-15.666301,-52.738201,18.801300,-93.396698,0.129960,17.611099,-0.263421,-0.430829,-0.667752,0.546903,-693.524475,1535.331177,-4658.648438,-693.741394,1454.639648,-4669.050293,-683.701294,1578.630005,-4687.690430,-705.962158,1486.489624,-4616.949707,-690.693176,1621.565308,-4660.903809,,,,,,,,,,,,,2616.279297,1567.737793,-3159.788330,,,,,,,,,,,,,,,,,,,,,,-707.551331,1579.459473,-4707.086426,,,,,,,,,
9002,90.020000,0.000000,0.000000,0.000000,1.000000,0.000000,0.000000,0.000000,57.698101,20.499701,-14.700500,0.047771,-0.013570,0.015998,-15.666301,-52.738201,18.801300,-93.396698,0.129960,17.611099,-0.263421,-0.430829,-0.667752,0.546903,-693.524475,1535.331177,-4658.648438,-693.741394,1454.639648,-4669.050293,-683.701294,1578.630005,-4687.690430,-705.962158,1486.489624,-4616.949707,-690.693176,1621.565308,-4660.903809,,,,,,,,,,,,,2616.321533,1567.755981,-3159.771484,,,,,,,,,,,,,,,,,,,,,,,,,,,,,,,,,
9003,90.030000,0.000000,0.000000,0.000000,1.000000,0.000000,0.000000,0.000000,57.698101,20.499701,-14.700500,0.047771,-0.013570,0.015998,-15.666301,-52.738201,18.801300,-93.396698,0.129960,17.611099,-0.263421,-0.430829,-0.667752,0.546903,-693.524475,1535.331177,-4658.648438,-693.741394,1454.639648,-4669.050293,-683.701294,1578.630005,-4687.690430,-705.962158,1486.489624,-4616.949707,-690.693176,1621.565308,-4660.903809,,,,,,,,,,,,,2616.293457,1567.708130,-3159.773438,,,,,,,,,,,,,,,,,,,,,,,,,,,,,,,,,
9004,90.040000,0.000000,0.000000,0.000000,1.000000,0.000000,0.000000,0.000000,57.698101,20.499701,-14.700500,0.047771,-0.013570,0.015998,-15.666301,-52.738201,18.801300,-93.396698,0.129960,17.611099,-0.263421,-0.430829,-0.667752,0.546903,-693.524475,1535.331177,-4658.648438,-693.741394,1454.639648,-4669.050293,-683.701294,1578.630005,-4687.690430,-705.962158,1486.489624,-4616.949707,-690.693176,1621.565308,-4660.903809,,,,,,,,,,,,,2616.267334,1567.748901,-3159.778076,,,,,,,,,,,,,,,,,,,,,,,,,,,,,,,,,
9005,90.050000,0.000000,0.000000,0.000000,1.000000,0.000000,0.000000,0.000000,57.698101,20.499701,-14.700500,0.047771,-0.013570,0.015998,-15.666301,-52.738201,18.801300,-93.396698,0.129960,17.611099,-0.263421,-0.430829,-0.667752,0.546903,-693.524475,1535.331177,-4658.648438,-693.741394,1454.639648,-4669.050293,-683.701294,1578.630005,-4687.690430,-705.962158,1486.489624,-4616.949707,-690.693176,1621.565308,-4660.903809,,,,,,,,,,,,,2616.265381,1567.761719,-3159.795166,,,,,,,,,,,,,,,,,,,,,,,,,,,,,,,,,
9006,90.060000,0.000000,0.000000,0.000000,1.000000,0.000000,0.000000,0.000000,57.698101,20.499701,-14.700500,0.047771,-0.013570,0.015998,-15.666301,-52.738201,18.801300,-93.396698,0.129960,17.611099,-0.263421,-0.430829,-0.667752,0.546903,-693.524475,1535.331177,-4658.648438,-693.741394,1454.639648,-4669.050293,-683.701294,1578.630005,-4687.690430,-705.962158,1486.489624,-4616.949707,-690.693176,1621.565308,-4660.903809,,,,,,,,,,,,,2616.291748,1567.757935,-3159.785400,,,,,,,,,,,,,,,,,,,,,,,,,,,,,,,,,
9007,90.070000,0.000000,0.000000,0.000000,1.000000,0.000000,0.000000,0.000000,57.698101,20.499701,-14.700500,0.047771,-0.013570,0.015998,-15.666301,-52.738201,18.801300,-93.396698,0.129960,17.611099,-0.263421,-0.430829,-0.667752,0.546903,-693.524475,1535.331177,-4658.648438,-693.741394,1454.639648,-4669.050293,-683.701294,1578.630005,-4687.690430,-705.962158,1486.489624,-4616.949707,-690.693176,1621.565308,-4660.903809,,,,,,,,,,,,,2616.273926,1567.729736,-3159.777344,,,,,,,,,,,,,,,,,,,,,,,,,,,,,,,,,
9008,90.080000,0.000000,0.000000,0.000000,1.000000,0.000000,0.000000,0.000000,57.698101,20.499701,-14.700500,0.047771,-0.013570,0.015998,-15.666301,-52.738201,18.801300,-93.396698,0.129960,17.611099,-0.263421,-0.430829,-0.667752,0.546903,-693.524475,1535.331177,-4658.648438,-693.741394,1454.639648,-4669.050293,-683.701294,1578.630005,-4687.690430,-705.962158,1486.489624,-4616.949707,-690.693176,1621.565308,-4660.903809,,,,,,,,,,,,,2616.282715,1567.787109,-3159.797363,,,,,,,,,,,,,,,,,,,,,,,,,,,,,,,,,
9009,90.090000,0.000000,0.000000,0.000000,1.000000,0.000000,0.000000,0.000000,57.698101,20.499701,-14.700500,0.047771,-0.013570,0.015998,-15.666301,-52.738201,18.801300,-93.396698,0.129960,17.611099,-0.263421,-0.430829,-0.667752,0.546903,-693.524475,1535.331177,-4658.648438,-693.741394,1454.639648,-4669.050293,-683.701294,1578.630005,-4687.690430,-705.962158,1486.489624,-4616.949707,-690.693176,1621.565308,-4660.903809,,,,,,,,,,,,,2616.272461,1567.772583,-3159.801514,,,,,,,,,,,,,,,,,,,,,,,,,,,,,,,,,
9010,90.100000,0.000000,0.000000,0.000000,1.000000,0.000000,0.000000,0.000000,57.698101,20.499701,-14.700500,0.047771,-0.013570,0.015998,-15.666301,-52.738201,18.801300,-93.396698,0.129960,17.611099,-0.263421,-0.430829,-0.667752,0.546903,-693.524475,1535.331177,-4658.648438,-693.741394,1454.639648,-4669.050293,-683.701294,1578.630005,-4687.690430,-705.962158,1486.489624,-4616.949707,-690.693176,1621.565308,-4660.903809,,,,,,,,,,,,,2616.275391,1567.732788,-3159.791016,,,,,,,,,,,,,,,,,,,,,,,,,,,,,,,,,
9011,90.110000,0.000000,0.000000,0.000000,1.000000,0.000000,0.000000,0.000000,57.698101,20.499701,-14.700500,0.047771,-0.013570,0.015998,-15.666301,-52.738201,18.801300,-93.396698,0.129960,17.611099,-0.263421,-0.430829,-0.667752,0.546903,-693.524475,1535.331177,-4658.648438,-693.741394,1454.639648,-4669.050293,-683.701294,1578.630005,-4687.690430,-705.962158,1486.489624,-4616.949707,-690.693176,1621.565308,-4660.903809,,,,,,,,,,,,,2616.284668,1567.741943,-3159.782227,,,,,,,,,,,,,,,,,,,,,,,,,,,,,,,,,
9012,90.120000,0.000000,0.000000,0.000000,1.000000,0.000000,0.000000,0.000000,57.698101,20.499701,-14.700500,0.047771,-0.013570,0.015998,-15.666301,-52.738201,18.801300,-93.396698,0.129960,17.611099,-0.263421,-0.430829,-0.667752,0.546903,-693.524475,1535.331177,-4658.648438,-693.741394,1454.639648,-4669.050293,-683.701294,1578.630005,-4687.690430,-705.962158,1486.489624,-4616.949707,-690.693176,1621.565308,-4660.903809,,,,,,,,,,,,,2616.290527,1567.744995,-3159.773926,,,,,,,,,,,,,,,,,,,,,,,,,,,,,,,,,
9013,90.130000,0.000000,0.000000,0.000000,1.000000,0.000000,0.000000,0.000000,57.698101,20.499701,-14.700500,0.047771,-0.013570,0.015998,-15.666301,-52.738201,18.801300,-93.396698,0.129960,17.611099,-0.263421,-0.430829,-0.667752,0.546903,-693.524475,1535.331177,-4658.648438,-693.741394,1454.639648,-4669.050293,-683.701294,1578.630005,-4687.690430,-705.962158,1486.489624,-4616.949707,-690.693176,1621.565308,-4660.903809,,,,,,,,,,,,,2616.269287,1567.779175,-3159.796631,,,,,,,,,,,,,,,,,,,,,,,,,,,,,,,,,
9014,90.140000,0.000000,0.000000,0.000000,1.000000,0.000000,0.000000,0.000000,57.698101,20.499701,-14.700500,0.047771,-0.013570,0.015998,-15.666301,-52.738201,18.801300,-93.396698,0.129960,17.611099,-0.263421,-0.430829,-0.667752,0.546903,-693.524475,1535.331177,-4658.648438,-693.741394,1454.639648,-4669.050293,-683.701294,1578.630005,-4687.690430,-705.962158,1486.489624,-4616.949707,-690.693176,1621.565308,-4660.903809,,,,,,,,,,,,,2616.279785,1567.700562,-3159.779053,,,,,,,,,,,,,,,,,,,,,,,,,,,,,,,,,
9015,90.150000,0.000000,0.000000,0.000000,1.000000,0.000000,0.000000,0.000000,57.698101,20.499701,-14.700500,0.047771,-0.013570,0.015998,-15.666301,-52.738201,18.801300,-93.396698,0.129960,17.611099,-0.263421,-0.430829,-0.667752,0.546903,-693.524475,1535.331177,-4658.648438,-693.741394,1454.639648,-4669.050293,-683.701294,1578.630005,-4687.690430,-705.962158,1486.489624,-4616.949707,-690.693176,1621.565308,-4660.903809,,,,,,,,,,,,,2616.302734,1567.751831,-3159.760498,,,,,,,,,,,,,,,,,,,,,,,,,,,,,,,,,
9016,90.160000,0.000000,0.000000,0.000000,1.000000,0.000000,0.000000,0.000000,57.698101,20.499701,-14.700500,0.047771,-0.013570,0.015998,-15.666301,-52.738201,18.801300,-93.396698,0.129960,17.611099,-0.263421,-0.430829,-0.667752,0.546903,-693.524475,1535.331177,-4658.648438,-693.741394,1454.639648,-4669.050293,-683.701294,1578.630005,-4687.690430,-705.962158,1486.489624,-4616.949707,-690.693176,1621.565308,-4660.903809,,,,,,,,,,,,,2616.293213,1567.770142,-3159.773193,,,,,,,,,,,,,,,,,,,,,,,,,,,,,,,,,
9017,90.170000,0.000000,0.000000,0.000000,1.000000,0.000000,0.000000,0.000000,57.698101,20.499701,-14.700500,0.047771,-0.013570,0.015998,-15.666301,-52.738201,18.801300,-93.396698,0.129960,17.611099,-0.263421,-0.430829,-0.667752,0.546903,-693.524475,1535.331177,-4658.648438,-693.741394,1454.639648,-4669.050293,-683.701294,1578.630005,-4687.690430,-705.962158,1486.489624,-4616.949707,-690.693176,1621.565308,-4660.903809,,,,,,,,,,,,,2616.295166,1567.748047,-3159.780762,,,,,,,,,,,,,,,,,,,,,,,,,,,,,,,,,
9018,90.180000,0.000000,0.000000,0.000000,1.000000,0.000000,0.000000,0.000000,57.698101,20.499701,-14.700500,0.047771,-0.013570,0.015998,-15.666301,-52.738201,18.801300,-93.396698,0.129960,17.611099,-0.263421,-0.430829,-0.667752,0.546903,-693.524475,1535.331177,-4658.648438,-693.741394,1454.639648,-4669.050293,-683.701294,1578.630005,-4687.690430,-705.962158,1486.489624,-4616.949707,-690.693176,1621.565308,-4660.903809,,,,,,,,,,,,,2616.289307,1567.749512,-3159.772461,,,,,,,,,,,,,,,,,,,,,,,,,,,,,,,,,
9019,90.190000,0.000000,0.000000,0.000000,1.000000,0.000000,0.000000,0.000000,57.698101,20.499701,-14.700500,0.047771,-0.013570,0.015998,-15.666301,-52.738201,18.801300,-93.396698,0.129960,17.611099,-0.263421,-0.430829,-0.667752,0.546903,-693.524475,1535.331177,-4658.648438,-693.741394,1454.639648,-4669.050293,-683.701294,1578.630005,-4687.690430,-705.962158,1486.489624,-4616.949707,-690.693176,1621.565308,-4660.903809,,,,,,,,,,,,,2616.303467,1567.795166,-3159.776855,,,,,,,,,,,,,,,,,,,,,,,,,,,,,,,,,
9020,90.200000,0.000000,0.000000,0.000000,1.000000,0.000000,0.000000,0.000000,57.698101,20.499701,-14.700500,0.047771,-0.013570,0.015998,-15.666301,-52.738201,18.801300,-93.396698,0.129960,17.611099,-0.263421,-0.430829,-0.667752,0.546903,-693.524475,1535.331177,-4658.648438,-693.741394,1454.639648,-4669.050293,-683.701294,1578.630005,-4687.690430,-705.962158,1486.489624,-4616.949707,-690.693176,1621.565308,-4660.903809,,,,,,,,,,,,,2616.290039,1567.767822,-3159.778809,,,,,,,,,,,,,,,,,,,,,,,,,,,,,,,,,
9021,90.210000,0.000000,0.000000,0.000000,1.000000,0.000000,0.000000,0.000000,57.698101,20.499701,-14.700500,0.047771,-0.013570,0.015998,-15.666301,-52.738201,18.801300,-93.396698,0.129960,17.611099,-0.263421,-0.430829,-0.667752,0.546903,-693.524475,1535.331177,-4658.648438,-693.741394,1454.639648,-4669.050293,-683.701294,1578.630005,-4687.690430,-705.962158,1486.489624,-4616.949707,-690.693176,1621.565308,-4660.903809,,,,,,,,,,,,,2616.293701,1567.753052,-3159.778564,,,,,,,,,,,,,,,,,,,,,,,,,,,,,,,,,
9022,90.220000,0.000000,0.000000,0.000000,1.000000,0.000000,0.000000,0.000000,57.698101,20.499701,-14.700500,0.047771,-0.013570,0.015998,-15.666301,-52.738201,18.801300,-93.396698,0.129960,17.611099,-0.263421,-0.430829,-0.667752,0.546903,-693.524475,1535.331177,-4658.648438,-693.741394,1454.639648,-4669.050293,-683.701294,1578.630005,-4687.690430,-705.962158,1486.489624,-4616.949707,-690.693176,1621.565308,-4660.903809,,,,,,,,,,,,,2616.285400,1567.741211,-3159.781006,,,,,,,,,,,,,,,,,,,,,,,,,,,,,,,,,
9023,90.230000,0.000000,0.000000,0.000000,1.000000,0.000000,0.000000,0.000000,57.698101,20.499701,-14.700500,0.047771,-0.013570,0.015998,-15.666301,-52.738201,18.801300,-93.396698,0.129960,17.611099,-0.263421,-0.430829,-0.667752,0.546903,-693.524475,1535.331177,-4658.648438,-693.741394,1454.639648,-4669.050293,-683.701294,1578.630005,-4687.690430,-705.962158,1486.489624,-4616.949707,-690.693176,1621.565308,-4660.903809,,,,,,,,,,,,,2616.294189,1567.724609,-3159.772705,,,,,,,,,,,,,,,,,,,,,,,,,,,,,,,,,
9024,90.240000,0.000000,0.000000,0.000000,1.000000,0.000000,0.000000,0.000000,57.698101,20.499701,-14.700500,0.047771,-0.013570,0.015998,-15.666301,-52.738201,18.801300,-93.396698,0.129960,17.611099,-0.263421,-0.430829,-0.667752,0.546903,-693.524475,1535.331177,-4658.648438,-693.741394,1454.639648,-4669.050293,-683.701294,1578.630005,-4687.690430,-705.962158,1486.489624,-4616.949707,-690.693176,1621.565308,-4660.903809,,,,,,,,,,,,,2616.321045,1567.746460,-3159.769531,,,,,,,,,,,,,,,,,,,,,,,,,,,,,,,,,
9025,90.250000,0.000000,0.000000,0.000000,1.000000,0.000000,0.000000,0.000000,57.698101,20.499701,-14.700500,0.047771,-0.013570,0.015998,-15.666301,-52.738201,18.801300,-93.396698,0.129960,17.611099,-0.263421,-0.430829,-0.667752,0.546903,-693.524475,1535.331177,-4658.648438,-693.741394,1454.639648,-4669.050293,-683.701294,1578.630005,-4687.690430,-705.962158,1486.489624,-4616.949707,-690.693176,1621.565308,-4660.903809,,,,,,,,,,,,,2616.307373,1567.751343,-3159.765381,,,,,,,,,,,,,,,,,,,,,,,,,,,,,,,,,
9026,90.260000,0.000000,0.000000,0.000000,1.000000,0.000000,0.000000,0.000000,57.698101,20.499701,-14.700500,0.047771,-0.013570,0.015998,-15.666301,-52.738201,18.801300,-93.396698,0.129960,17.611099,-0.263421,-0.430829,-0.667752,0.546903,-693.524475,1535.331177,-4658.648438,-693.741394,1454.639648,-4669.050293,-683.701294,1578.630005,-4687.690430,-705.962158,1486.489624,-4616.949707,-690.693176,1621.565308,-4660.903809,,,,,,,,,,,,,2616.306641,1567.709839,-3159.759766,,,,,,,,,,,,,,,,,,,,,,,,,,,,,,,,,
9027,90.270000,0.000000,0.000000,0.000000,1.000000,0.000000,0.000000,0.000000,57.698101,20.499701,-14.700500,0.047771,-0.013570,0.015998,-15.666301,-52.738201,18.801300,-93.396698,0.129960,17.611099,-0.263421,-0.430829,-0.667752,0.546903,-693.524475,1535.331177,-4658.648438,-693.741394,1454.639648,-4669.050293,-683.701294,1578.630005,-4687.690430,-705.962158,1486.489624,-4616.949707,-690.693176,1621.565308,-4660.903809,,,,,,,,,,,,,2616.301758,1567.760864,-3159.759521,,,,,,,,,,,,,,,,,,,,,,,,,,,,,,,,,
9028,90.280000,0.000000,0.000000,0.000000,1.000000,0.000000,0.000000,0.000000,57.698101,20.499701,-14.700500,0.047771,-0.013570,0.015998,-15.666301,-52.738201,18.801300,-93.396698,0.129960,17.611099,-0.263421,-0.430829,-0.667752,0.546903,-693.524475,1535.331177,-4658.648438,-693.741394,1454.639648,-4669.050293,-683.701294,1578.630005,-4687.690430,-705.962158,1486.489624,-4616.949707,-690.693176,1621.565308,-4660.903809,,,,,,,,,,,,,2616.284668,1567.724121,-3159.771973,,,,,,,,,,,,,,,,,,,,,,,,,,,,,,,,,
9029,90.290000,0.000000,0.000000,0.000000,1.000000,0.000000,0.000000,0.000000,57.698101,20.499701,-14.700500,0.047771,-0.013570,0.015998,-15.666301,-52.738201,18.801300,-93.396698,0.129960,17.611099,-0.263421,-0.430829,-0.667752,0.546903,-693.524475,1535.331177,-4658.648438,-693.741394,1454.639648,-4669.050293,-683.701294,1578.630005,-4687.690430,-705.962158,1486.489624,-4616.949707,-690.693176,1621.565308,-4660.903809,,,,,,,,,,,,,2616.301758,1567.750122,-3159.761230,,,,,,,,,,,,,,,,,,,,,,,,,,,,,,,,,
9030,90.300000,0.000000,0.000000,0.000000,1.000000,0.000000,0.000000,0.000000,57.698101,20.499701,-14.700500,0.047771,-0.013570,0.015998,-15.666301,-52.738201,18.801300,-93.396698,0.129960,17.611099,-0.263421,-0.430829,-0.667752,0.546903,-693.524475,1535.331177,-4658.648438,-693.741394,1454.639648,-4669.050293,-683.701294,1578.630005,-4687.690430,-705.962158,1486.489624,-4616.949707,-690.693176,1621.565308,-4660.903809,,,,,,,,,,,,,2616.290039,1567.777222,-3159.780273,,,,,,,,,,,,,,,,,,,,,,,,,,,,,,,,,
9031,90.310000,0.000000,0.000000,0.000000,1.000000,0.000000,0.000000,0.000000,57.698101,20.499701,-14.700500,0.047771,-0.013570,0.015998,-15.666301,-52.738201,18.801300,-93.396698,0.129960,17.611099,-0.263421,-0.430829,-0.667752,0.546903,-693.524475,1535.331177,-4658.648438,-693.741394,1454.639648,-4669.050293,-683.701294,1578.630005,-4687.690430,-705.962158,1486.489624,-4616.949707,-690.693176,1621.565308,-4660.903809,,,,,,,,,,,,,2616.257812,1567.732300,-3159.781738,,,,,,,,,,,,,,,,,,,,,,,,,,,,,,,,,
9032,90.320000,0.000000,0.000000,0.000000,1.000000,0.000000,0.000000,0.000000,57.698101,20.499701,-14.700500,0.047771,-0.013570,0.015998,-15.666301,-52.738201,18.801300,-93.396698,0.129960,17.611099,-0.263421,-0.430829,-0.667752,0.546903,-693.524475,1535.331177,-4658.648438,-693.741394,1454.639648,-4669.050293,-683.701294,1578.630005,-4687.690430,-705.962158,1486.489624,-4616.949707,-690.693176,1621.565308,-4660.903809,,,,,,,,,,,,,2616.272949,1567.758301,-3159.780762,,,,,,,,,,,,,,,,,,,,,,,,,,,,,,,,,
9033,90.330000,0.000000,0.000000,0.000000,1.000000,0.000000,0.000000,0.000000,57.698101,20.499701,-14.700500,0.047771,-0.013570,0.015998,-15.666301,-52.738201,18.801300,-93.396698,0.129960,17.611099,-0.263421,-0.430829,-0.667752,0.546903,-693.524475,1535.331177,-4658.648438,-693.741394,1454.639648,-4669.050293,-683.701294,1578.630005,-4687.690430,-705.962158,1486.489624,-4616.949707,-690.693176,1621.565308,-4660.903809,,,,,,,,,,,,,2616.332275,1567.761841,-3159.773926,,,,,,,,,,,,,,,,,,,,,,,,,,,,,,,,,
9034,90.340000,0.000000,0.000000,0.000000,1.000000,0.000000,0.000000,0.000000,57.698101,20.499701,-14.700500,0.047771,-0.013570,0.015998,-15.666301,-52.738201,18.801300,-93.396698,0.129960,17.611099,-0.263421,-0.430829,-0.667752,0.546903,-693.524475,1535.331177,-4658.648438,-693.741394,1454.639648,-4669.050293,-683.701294,1578.630005,-4687.690430,-705.962158,1486.489624,-4616.949707,-690.693176,1621.565308,-4660.903809,,,,,,,,,,,,,2616.300781,1567.721069,-3159.759277,,,,,,,,,,,,,,,,,,,,,,,,,,,,,,,,,
9035,90.350000,0.000000,0.000000,0.000000,1.000000,0.000000,0.000000,0.000000,57.698101,20.499701,-14.700500,0.047771,-0.013570,0.015998,-15.666301,-52.738201,18.801300,-93.396698,0.129960,17.611099,-0.263421,-0.430829,-0.667752,0.546903,-693.524475,1535.331177,-4658.648438,-693.741394,1454.639648,-4669.050293,-683.701294,1578.630005,-4687.690430,-705.962158,1486.489624,-4616.949707,-690.693176,1621.565308,-4660.903809,,,,,,,,,,,,,2616.267578,1567.709229,-3159.758301,,,,,,,,,,,,,,,,,,,,,,,,,,,,,,,,,
9036,90.360000,0.000000,0.000000,0.000000,1.000000,0.000000,0.000000,0.000000,57.698101,20.499701,-14.700500,0.047771,-0.013570,0.015998,-15.666301,-52.738201,18.801300,-93.396698,0.129960,17.611099,-0.263421,-0.430829,-0.667752,0.546903,-693.524475,1535.331177,-4658.648438,-693.741394,1454.639648,-4669.050293,-683.701294,1578.630005,-4687.690430,-705.962158,1486.489624,-4616.949707,-690.693176,1621.565308,-4660.903809,,,,,,,,,,,,,2616.334473,1567.767090,-3159.772217,,,,,,,,,,,,,,,,,,,,,,,,,,,,,,,,,
9037,90.370000,0.000000,0.000000,0.000000,1.000000,0.000000,0.000000,0.000000,57.698101,20.499701,-14.700500,0.047771,-0.013570,0.015998,-15.666301,-52.738201,18.801300,-93.396698,0.129960,17.611099,-0.263421,-0.430829,-0.667752,0.546903,-693.524475,1535.331177,-4658.648438,-693.741394,1454.639648,-4669.050293,-683.701294,1578.630005,-4687.690430,-705.962158,1486.489624,-4616.949707,-690.693176,1621.565308,-4660.903809,,,,,,,,,,,,,2616.348389,1567.755737,-3159.761475,,,,,,,,,,,,,,,,,,,,,,,,,,,,,,,,,
9038,90.380000,0.000000,0.000000,0.000000,1.000000,0.000000,0.000000,0.000000,57.698101,20.499701,-14.700500,0.047771,-0.013570,0.015998,-15.666301,-52.738201,18.801300,-93.396698,0.129960,17.611099,-0.263421,-0.430829,-0.667752,0.546903,-693.524475,1535.331177,-4658.648438,-693.741394,1454.639648,-4669.050293,-683.701294,1578.630005,-4687.690430,-705.962158,1486.489624,-4616.949707,-690.693176,1621.565308,-4660.903809,,,,,,,,,,,,,2616.271973,1567.745361,-3159.764648,,,,,,,,,,,,,,,,,,,,,,,,,,,,,,,,,
9039,90.390000,0.000000,0.000000,0.000000,1.000000,0.000000,0.000000,0.000000,57.698101,20.499701,-14.700500,0.047771,-0.013570,0.015998,-15.666301,-52.738201,18.801300,-93.396698,0.129960,17.611099,-0.263421,-0.430829,-0.667752,0.546903,-693.524475,1535.331177,-4658.648438,-693.741394,1454.639648,-4669.050293,-683.701294,1578.630005,-4687.690430,-705.962158,1486.489624,-4616.949707,-690.693176,1621.565308,-4660.903809,,,,,,,,,,,,,2616.256348,1567.749634,-3159.782715,,,,,,,,,,,,,,,,,,,,,,,,,,,,,,,,,
9040,90.400000,0.000000,0.000000,0.000000,1.000000,0.000000,0.000000,0.000000,57.698101,20.499701,-14.700500,0.047771,-0.013570,0.015998,-15.666301,-52.738201,18.801300,-93.396698,0.129960,17.611099,-0.263421,-0.430829,-0.667752,0.546903,-693.524475,1535.331177,-4658.648438,-693.741394,1454.639648,-4669.050293,-683.701294,1578.630005,-4687.690430,-705.962158,1486.489624,-4616.949707,-690.693176,1621.565308,-4660.903809,,,,,,,,,,,,,2616.272461,1567.725586,-3159.799805,,,,,,,,,,,,,,,,,,,,,,,,,,,,,,,,,
9041,90.410000,0.000000,0.000000,0.000000,1.000000,0.000000,0.000000,0.000000,57.698101,20.499701,-14.700500,0.047771,-0.013570,0.015998,-15.666301,-52.738201,18.801300,-93.396698,0.129960,17.611099,-0.263421,-0.430829,-0.667752,0.546903,-693.524475,1535.331177,-4658.648438,-693.741394,1454.639648,-4669.050293,-683.701294,1578.630005,-4687.690430,-705.962158,1486.489624,-4616.949707,-690.693176,1621.565308,-4660.903809,,,,,,,,,,,,,2616.282471,1567.753174,-3159.788818,,,,,,,,,,,,,,,,,,,,,,,,,,,,,,,,,
9042,90.420000,0.000000,0.000000,0.000000,1.000000,0.000000,0.000000,0.000000,57.698101,20.499701,-14.700500,0.047771,-0.013570,0.015998,-15.666301,-52.738201,18.801300,-93.396698,0.129960,17.611099,-0.263421,-0.430829,-0.667752,0.546903,-693.524475,1535.331177,-4658.648438,-693.741394,1454.639648,-4669.050293,-683.701294,1578.630005,-4687.690430,-705.962158,1486.489624,-4616.949707,-690.693176,1621.565308,-4660.903809,,,,,,,,,,,,,2616.276123,1567.751099,-3159.788574,,,,,,,,,,,,,,,,,,,,,,,,,,,,,,,,,
9043,90.430000,0.000000,0.000000,0.000000,1.000000,0.000000,0.000000,0.000000,57.698101,20.499701,-14.700500,0.047771,-0.013570,0.015998,-15.666301,-52.738201,18.801300,-93.396698,0.129960,17.611099,-0.263421,-0.430829,-0.667752,0.546903,-693.524475,1535.331177,-4658.648438,-693.741394,1454.639648,-4669.050293,-683.701294,1578.630005,-4687.690430,-705.962158,1486.489624,-4616.949707,-690.693176,1621.565308,-4660.903809,,,,,,,,,,,,,2616.321289,1567.757324,-3159.781494,,,,,,,,,,,,,,,,,,,,,,,,,,,,,,,,,
9044,90.440000,0.000000,0.000000,0.000000,1.000000,0.000000,0.000000,0.000000,57.698101,20.499701,-14.700500,0.047771,-0.013570,0.015998,-15.666301,-52.738201,18.801300,-93.396698,0.129960,17.611099,-0.263421,-0.430829,-0.667752,0.546903,-693.524475,1535.331177,-4658.648438,-693.741394,1454.639648,-4669.050293,-683.701294,1578.630005,-4687.690430,-705.962158,1486.489624,-4616.949707,-690.693176,1621.565308,-4660.903809,,,,,,,,,,,,,2616.345459,1567.761719,-3159.747070,,,,,,,,,,,,,,,,,,,,,,,,,,,,,,,,,
9045,90.450000,0.000000,0.000000,0.000000,1.000000,0.000000,0.000000,0.000000,57.698101,20.499701,-14.700500,0.047771,-0.013570,0.015998,-15.666301,-52.738201,18.801300,-93.396698,0.129960,17.611099,-0.263421,-0.430829,-0.667752,0.546903,-693.524475,1535.331177,-4658.648438,-693.741394,1454.639648,-4669.050293,-683.701294,1578.630005,-4687.690430,-705.962158,1486.489624,-4616.949707,-690.693176,1621.565308,-4660.903809,,,,,,,,,,,,,2616.323486,1567.749512,-3159.764648,,,,,,,,,,,,,,,,,,,,,,,,,,,,,,,,,
9046,90.460000,0.000000,0.000000,0.000000,1.000000,0.000000,0.000000,0.000000,57.698101,20.499701,-14.700500,0.047771,-0.013570,0.015998,-15.666301,-52.738201,18.801300,-93.396698,0.129960,17.611099,-0.263421,-0.430829,-0.667752,0.546903,-693.524475,1535.331177,-4658.648438,-693.741394,1454.639648,-4669.050293,-683.701294,1578.630005,-4687.690430,-705.962158,1486.489624,-4616.949707,-690.693176,1621.565308,-4660.903809,,,,,,,,,,,,,2616.317383,1567.728271,-3159.761963,,,,,,,,,,,,,,,,,,,,,,,,,,,,,,,,,
9047,90.470000,0.000000,0.000000,0.000000,1.000000,0.000000,0.000000,0.000000,57.698101,20.499701,-14.700500,0.047771,-0.013570,0.015998,-15.666301,-52.738201,18.801300,-93.396698,0.129960,17.611099,-0.263421,-0.430829,-0.667752,0.546903,-693.524475,1535.331177,-4658.648438,-693.741394,1454.639648,-4669.050293,-683.701294,1578.630005,-4687.690430,-705.962158,1486.489624,-4616.949707,-690.693176,1621.565308,-4660.903809,,,,,,,,,,,,,2616.278320,1567.772217,-3159.773926,,,,,,,,,,,,,,,,,,,,,,,,,,,,,,,,,
9048,90.480000,0.000000,0.000000,0.000000,1.000000,0.000000,0.000000,0.000000,57.698101,20.499701,-14.700500,0.047771,-0.013570,0.015998,-15.666301,-52.738201,18.801300,-93.396698,0.129960,17.611099,-0.263421,-0.430829,-0.667752,0.546903,-693.524475,1535.331177,-4658.648438,-693.741394,1454.639648,-4669.050293,-683.701294,1578.630005,-4687.690430,-705.962158,1486.489624,-4616.949707,-690.693176,1621.565308,-4660.903809,,,,,,,,,,,,,2616.277100,1567.709839,-3159.769043,,,,,,,,,,,,,,,,,,,,,,,,,,,,,,,,,
9049,90.490000,0.000000,0.000000,0.000000,1.000000,0.000000,0.000000,0.000000,57.698101,20.499701,-14.700500,0.047771,-0.013570,0.015998,-15.666301,-52.738201,18.801300,-93.396698,0.129960,17.611099,-0.263421,-0.430829,-0.667752,0.546903,-693.524475,1535.331177,-4658.648438,-693.741394,1454.639648,-4669.050293,-683.701294,1578.630005,-4687.690430,-705.962158,1486.489624,-4616.949707,-690.693176,1621.565308,-4660.903809,,,,,,,,,,,,,2616.329102,1567.772949,-3159.766357,,,,,,,,,,,,,,,,,,,,,,,,,,,,,,,,,
9050,90.500000,0.000000,0.000000,0.000000,1.000000,0.000000,0.000000,0.000000,57.698101,20.499701,-14.700500,0.047771,-0.013570,0.015998,-15.666301,-52.738201,18.801300,-93.396698,0.129960,17.611099,-0.263421,-0.430829,-0.667752,0.546903,-693.524475,1535.331177,-4658.648438,-693.741394,1454.639648,-4669.050293,-683.701294,1578.630005,-4687.690430,-705.962158,1486.489624,-4616.949707,-690.693176,1621.565308,-4660.903809,,,,,,,,,,,,,2616.265137,1567.759155,-3159.791748,,,,,,,,,,,,,,,,,,,,,,,,,,,,,,,,,
9051,90.510000,0.000000,0.000000,0.000000,1.000000,0.000000,0.000000,0.000000,57.698101,20.499701,-14.700500,0.047771,-0.013570,0.015998,-15.666301,-52.738201,18.801300,-93.396698,0.129960,17.611099,-0.263421,-0.430829,-0.667752,0.546903,-693.524475,1535.331177,-4658.648438,-693.741394,1454.639648,-4669.050293,-683.701294,1578.630005,-4687.690430,-705.962158,1486.489624,-4616.949707,-690.693176,1621.565308,-4660.903809,,,,,,,,,,,,,2616.295654,1567.792236,-3159.790039,,,,,,,,,,,,,,,,,,,,,,,,,,,,,,,,,
9052,90.520000,0.000000,0.000000,0.000000,1.000000,0.000000,0.000000,0.000000,57.698101,20.499701,-14.700500,0.047771,-0.013570,0.015998,-15.666301,-52.738201,18.801300,-93.396698,0.129960,17.611099,-0.263421,-0.430829,-0.667752,0.546903,-693.524475,1535.331177,-4658.648438,-693.741394,1454.639648,-4669.050293,-683.701294,1578.630005,-4687.690430,-705.962158,1486.489624,-4616.949707,-690.693176,1621.565308,-4660.903809,,,,,,,,,,,,,2616.281006,1567.768555,-3159.790283,,,,,,,,,,,,,,,,,,,,,,,,,,,,,,,,,
9053,90.530000,0.000000,0.000000,0.000000,1.000000,0.000000,0.000000,0.000000,57.698101,20.499701,-14.700500,0.047771,-0.013570,0.015998,-15.666301,-52.738201,18.801300,-93.396698,0.129960,17.611099,-0.263421,-0.430829,-0.667752,0.546903,-693.524475,1535.331177,-4658.648438,-693.741394,1454.639648,-4669.050293,-683.701294,1578.630005,-4687.690430,-705.962158,1486.489624,-4616.949707,-690.693176,1621.565308,-4660.903809,,,,,,,,,,,,,2616.300049,1567.744263,-3159.776123,,,,,,,,,,,,,,,,,,,,,,,,,,,,,,,,,
9054,90.540000,0.000000,0.000000,0.000000,1.000000,0.000000,0.000000,0.000000,57.698101,20.499701,-14.700500,0.047771,-0.013570,0.015998,-15.666301,-52.738201,18.801300,-93.396698,0.129960,17.611099,-0.263421,-0.430829,-0.667752,0.546903,-693.524475,1535.331177,-4658.648438,-693.741394,1454.639648,-4669.050293,-683.701294,1578.630005,-4687.690430,-705.962158,1486.489624,-4616.949707,-690.693176,1621.565308,-4660.903809,,,,,,,,,,,,,2616.316650,1567.734131,-3159.760986,,,,,,,,,,,,,,,,,,,,,,,,,,,,,,,,,
9055,90.550000,0.000000,0.000000,0.000000,1.000000,0.000000,0.000000,0.000000,57.698101,20.499701,-14.700500,0.047771,-0.013570,0.015998,-15.666301,-52.738201,18.801300,-93.396698,0.129960,17.611099,-0.263421,-0.430829,-0.667752,0.546903,-693.524475,1535.331177,-4658.648438,-693.741394,1454.639648,-4669.050293,-683.701294,1578.630005,-4687.690430,-705.962158,1486.489624,-4616.949707,-690.693176,1621.565308,-4660.903809,,,,,,,,,,,,,2616.309082,1567.759888,-3159.767090,,,,,,,,,,,,,,,,,,,,,,,,,,,,,,,,,
9056,90.560000,0.000000,0.000000,0.000000,1.000000,0.000000,0.000000,0.000000,57.698101,20.499701,-14.700500,0.047771,-0.013570,0.015998,-15.666301,-52.738201,18.801300,-93.396698,0.129960,17.611099,-0.263421,-0.430829,-0.667752,0.546903,-693.524475,1535.331177,-4658.648438,-693.741394,1454.639648,-4669.050293,-683.701294,1578.630005,-4687.690430,-705.962158,1486.489624,-4616.949707,-690.693176,1621.565308,-4660.903809,,,,,,,,,,,,,2616.290771,1567.743652,-3159.777344,,,,,,,,,,,,,,,,,,,,,,,,,,,,,,,,,
9057,90.570000,0.000000,0.000000,0.000000,1.000000,0.000000,0.000000,0.000000,57.698101,20.499701,-14.700500,0.047771,-0.013570,0.015998,-15.666301,-52.738201,18.801300,-93.396698,0.129960,17.611099,-0.263421,-0.430829,-0.667752,0.546903,-693.524475,1535.331177,-4658.648438,-693.741394,1454.639648,-4669.050293,-683.701294,1578.630005,-4687.690430,-705.962158,1486.489624,-4616.949707,-690.693176,1621.565308,-4660.903809,,,,,,,,,,,,,2616.262939,1567.744751,-3159.778320,,,,,,,,,,,,,,,,,,,,,,,,,,,,,,,,,
9058,90.580000,0.000000,0.000000,0.000000,1.000000,0.000000,0.000000,0.000000,57.698101,20.499701,-14.700500,0.047771,-0.013570,0.015998,-15.666301,-52.738201,18.801300,-93.396698,0.129960,17.611099,-0.263421,-0.430829,-0.667752,0.546903,-693.524475,1535.331177,-4658.648438,-693.741394,1454.639648,-4669.050293,-683.701294,1578.630005,-4687.690430,-705.962158,1486.489624,-4616.949707,-690.693176,1621.565308,-4660.903809,,,,,,,,,,,,,2616.287598,1567.740723,-3159.773926,,,,,,,,,,,,,,,,,,,,,,,,,,,,,,,,,
9059,90.590000,0.000000,0.000000,0.000000,1.000000,0.000000,0.000000,0.000000,57.698101,20.499701,-14.700500,0.047771,-0.013570,0.015998,-15.666301,-52.738201,18.801300,-93.396698,0.129960,17.611099,-0.263421,-0.430829,-0.667752,0.546903,-693.524475,1535.331177,-4658.648438,-693.741394,1454.639648,-4669.050293,-683.701294,1578.630005,-4687.690430,-705.962158,1486.489624,-4616.949707,-690.693176,1621.565308,-4660.903809,,,,,,,,,,,,,2616.275391,1567.745850,-3159.770752,,,,,,,,,,,,,,,,,,,,,,,,,,,,,,,,,
9060,90.600000,0.000000,0.000000,0.000000,1.000000,0.000000,0.000000,0.000000,57.698101,20.499701,-14.700500,0.047771,-0.013570,0.015998,-15.666301,-52.738201,18.801300,-93.396698,0.129960,17.611099,-0.263421,-0.430829,-0.667752,0.546903,-693.524475,1535.331177,-4658.648438,-693.741394,1454.639648,-4669.050293,-683.701294,1578.630005,-4687.690430,-705.962158,1486.489624,-4616.949707,-690.693176,1621.565308,-4660.903809,,,,,,,,,,,,,2616.307129,1567.743042,-3159.773682,,,,,,,,,,,,,,,,,,,,,,,,,,,,,,,,,
9061,90.610000,0.000000,0.000000,0.000000,1.000000,0.000000,0.000000,0.000000,57.698101,20.499701,-14.700500,0.047771,-0.013570,0.015998,-15.666301,-52.738201,18.801300,-93.396698,0.129960,17.611099,-0.263421,-0.430829,-0.667752,0.546903,-693.524475,1535.331177,-4658.648438,-693.741394,1454.639648,-4669.050293,-683.701294,1578.630005,-4687.690430,-705.962158,1486.489624,-4616.949707,-690.693176,1621.565308,-4660.903809,,,,,,,,,,,,,2616.261230,1567.732422,-3159.767822,,,,,,,,,,,,,,,,,,,,,,,,,,,,,,,,,
9062,90.620000,0.000000,0.000000,0.000000,1.000000,0.000000,0.000000,0.000000,57.698101,20.499701,-14.700500,0.047771,-0.013570,0.015998,-15.666301,-52.738201,18.801300,-93.396698,0.129960,17.611099,-0.263421,-0.430829,-0.667752,0.546903,-693.524475,1535.331177,-4658.648438,-693.741394,1454.639648,-4669.050293,-683.701294,1578.630005,-4687.690430,-705.962158,1486.489624,-4616.949707,-690.693176,1621.565308,-4660.903809,,,,,,,,,,,,,2616.280273,1567.802246,-3159.791016,,,,,,,,,,,,,,,,,,,,,,,,,,,,,,,,,
9063,90.630000,0.000000,0.000000,0.000000,1.000000,0.000000,0.000000,0.000000,57.698101,20.499701,-14.700500,0.047771,-0.013570,0.015998,-15.666301,-52.738201,18.801300,-93.396698,0.129960,17.611099,-0.263421,-0.430829,-0.667752,0.546903,-693.524475,1535.331177,-4658.648438,-693.741394,1454.639648,-4669.050293,-683.701294,1578.630005,-4687.690430,-705.962158,1486.489624,-4616.949707,-690.693176,1621.565308,-4660.903809,,,,,,,,,,,,,2616.282959,1567.778564,-3159.786133,,,,,,,,,,,,,,,,,,,,,,,,,,,,,,,,,
9064,90.640000,0.000000,0.000000,0.000000,1.000000,0.000000,0.000000,0.000000,57.698101,20.499701,-14.700500,0.047771,-0.013570,0.015998,-15.666301,-52.738201,18.801300,-93.396698,0.129960,17.611099,-0.263421,-0.430829,-0.667752,0.546903,-693.524475,1535.331177,-4658.648438,-693.741394,1454.639648,-4669.050293,-683.701294,1578.630005,-4687.690430,-705.962158,1486.489624,-4616.949707,-690.693176,1621.565308,-4660.903809,,,,,,,,,,,,,2616.287842,1567.726440,-3159.781738,,,,,,,,,,,,,,,,,,,,,,,,,,,,,,,,,
9065,90.650000,0.000000,0.000000,0.000000,1.000000,0.000000,0.000000,0.000000,57.698101,20.499701,-14.700500,0.047771,-0.013570,0.015998,-15.666301,-52.738201,18.801300,-93.396698,0.129960,17.611099,-0.263421,-0.430829,-0.667752,0.546903,-693.524475,1535.331177,-4658.648438,-693.741394,1454.639648,-4669.050293,-683.701294,1578.630005,-4687.690430,-705.962158,1486.489624,-4616.949707,-690.693176,1621.565308,-4660.903809,,,,,,,,,,,,,2616.282959,1567.711426,-3159.776611,,,,,,,,,,,,,,,,,,,,,,,,,,,,,,,,,
9066,90.660000,0.000000,0.000000,0.000000,1.000000,0.000000,0.000000,0.000000,57.698101,20.499701,-14.700500,0.047771,-0.013570,0.015998,-15.666301,-52.738201,18.801300,-93.396698,0.129960,17.611099,-0.263421,-0.430829,-0.667752,0.546903,-693.524475,1535.331177,-4658.648438,-693.741394,1454.639648,-4669.050293,-683.701294,1578.630005,-4687.690430,-705.962158,1486.489624,-4616.949707,-690.693176,1621.565308,-4660.903809,,,,,,,,,,,,,2616.276855,1567.723267,-3159.771729,,,,,,,,,,,,,,,,,,,,,,,,,,,,,,,,,
9067,90.670000,0.000000,0.000000,0.000000,1.000000,0.000000,0.000000,0.000000,57.698101,20.499701,-14.700500,0.047771,-0.013570,0.015998,-15.666301,-52.738201,18.801300,-93.396698,0.129960,17.611099,-0.263421,-0.430829,-0.667752,0.546903,-693.524475,1535.331177,-4658.648438,-693.741394,1454.639648,-4669.050293,-683.701294,1578.630005,-4687.690430,-705.962158,1486.489624,-4616.949707,-690.693176,1621.565308,-4660.903809,,,,,,,,,,,,,2616.294922,1567.761597,-3159.771729,,,,,,,,,,,,,,,,,,,,,,,,,,,,,,,,,
9068,90.680000,0.000000,0.000000,0.000000,1.000000,0.000000,0.000000,0.000000,57.698101,20.499701,-14.700500,0.047771,-0.013570,0.015998,-15.666301,-52.738201,18.801300,-93.396698,0.129960,17.611099,-0.263421,-0.430829,-0.667752,0.546903,-693.524475,1535.331177,-4658.648438,-693.741394,1454.639648,-4669.050293,-683.701294,1578.630005,-4687.690430,-705.962158,1486.489624,-4616.949707,-690.693176,1621.565308,-4660.903809,,,,,,,,,,,,,2616.307129,1567.764771,-3159.766357,,,,,,,,,,,,,,,,,,,,,,,,,,,,,,,,,
9069,90.690000,0.000000,0.000000,0.000000,1.000000,0.000000,0.000000,0.000000,57.698101,20.499701,-14.700500,0.047771,-0.013570,0.015998,-15.666301,-52.738201,18.801300,-93.396698,0.129960,17.611099,-0.263421,-0.430829,-0.667752,0.546903,-693.524475,1535.331177,-4658.648438,-693.741394,1454.639648,-4669.050293,-683.701294,1578.630005,-4687.690430,-705.962158,1486.489624,-4616.949707,-690.693176,1621.565308,-4660.903809,,,,,,,,,,,,,2616.290283,1567.730469,-3159.772949,,,,,,,,,,,,,,,,,,,,,,,,,,,,,,,,,
9070,90.700000,0.000000,0.000000,0.000000,1.000000,0.000000,0.000000,0.000000,57.698101,20.499701,-14.700500,0.047771,-0.013570,0.015998,-15.666301,-52.738201,18.801300,-93.396698,0.129960,17.611099,-0.263421,-0.430829,-0.667752,0.546903,-693.524475,1535.331177,-4658.648438,-693.741394,1454.639648,-4669.050293,-683.701294,1578.630005,-4687.690430,-705.962158,1486.489624,-4616.949707,-690.693176,1621.565308,-4660.903809,,,,,,,,,,,,,2616.264893,1567.735718,-3159.775391,,,,,,,,,,,,,,,,,,,,,,,,,,,,,,,,,
9071,90.710000,0.000000,0.000000,0.000000,1.000000,0.000000,0.000000,0.000000,57.698101,20.499701,-14.700500,0.047771,-0.013570,0.015998,-15.666301,-52.738201,18.801300,-93.396698,0.129960,17.611099,-0.263421,-0.430829,-0.667752,0.546903,-693.524475,1535.331177,-4658.648438,-693.741394,1454.639648,-4669.050293,-683.701294,1578.630005,-4687.690430,-705.962158,1486.489624,-4616.949707,-690.693176,1621.565308,-4660.903809,,,,,,,,,,,,,2616.294189,1567.729370,-3159.777100,,,,,,,,,,,,,,,,,,,,,,,,,,,,,,,,,
9072,90.720000,0.000000,0.000000,0.000000,1.000000,0.000000,0.000000,0.000000,57.698101,20.499701,-14.700500,0.047771,-0.013570,0.015998,-15.666301,-52.738201,18.801300,-93.396698,0.129960,17.611099,-0.263421,-0.430829,-0.667752,0.546903,-693.524475,1535.331177,-4658.648438,-693.741394,1454.639648,-4669.050293,-683.701294,1578.630005,-4687.690430,-705.962158,1486.489624,-4616.949707,-690.693176,1621.565308,-4660.903809,,,,,,,,,,,,,2616.287598,1567.750977,-3159.777588,,,,,,,,,,,,,,,,,,,,,,,,,,,,,,,,,
9073,90.730000,0.000000,0.000000,0.000000,1.000000,0.000000,0.000000,0.000000,57.698101,20.499701,-14.700500,0.047771,-0.013570,0.015998,-15.666301,-52.738201,18.801300,-93.396698,0.129960,17.611099,-0.263421,-0.430829,-0.667752,0.546903,-693.524475,1535.331177,-4658.648438,-693.741394,1454.639648,-4669.050293,-683.701294,1578.630005,-4687.690430,-705.962158,1486.489624,-4616.949707,-690.693176,1621.565308,-4660.903809,,,,,,,,,,,,,2616.280273,1567.754639,-3159.787598,,,,,,,,,,,,,,,,,,,,,,,,,,,,,,,,,
9074,90.740000,0.000000,0.000000,0.000000,1.000000,0.000000,0.000000,0.000000,57.698101,20.499701,-14.700500,0.047771,-0.013570,0.015998,-15.666301,-52.738201,18.801300,-93.396698,0.129960,17.611099,-0.263421,-0.430829,-0.667752,0.546903,-693.524475,1535.331177,-4658.648438,-693.741394,1454.639648,-4669.050293,-683.701294,1578.630005,-4687.690430,-705.962158,1486.489624,-4616.949707,-690.693176,1621.565308,-4660.903809,,,,,,,,,,,,,2616.315186,1567.778564,-3159.776611,,,,,,,,,,,,,,,,,,,,,,,,,,,,,,,,,
9075,90.750000,0.000000,0.000000,0.000000,1.000000,0.000000,0.000000,0.000000,57.698101,20.499701,-14.700500,0.047771,-0.013570,0.015998,-15.666301,-52.738201,18.801300,-93.396698,0.129960,17.611099,-0.263421,-0.430829,-0.667752,0.546903,-693.524475,1535.331177,-4658.648438,-693.741394,1454.639648,-4669.050293,-683.701294,1578.630005,-4687.690430,-705.962158,1486.489624,-4616.949707,-690.693176,1621.565308,-4660.903809,,,,,,,,,,,,,2616.290527,1567.743042,-3159.774902,,,,,,,,,,,,,,,,,,,,,,,,,,,,,,,,,
9076,90.760000,0.000000,0.000000,0.000000,1.000000,0.000000,0.000000,0.000000,57.698101,20.499701,-14.700500,0.047771,-0.013570,0.015998,-15.666301,-52.738201,18.801300,-93.396698,0.129960,17.611099,-0.263421,-0.430829,-0.667752,0.546903,-693.524475,1535.331177,-4658.648438,-693.741394,1454.639648,-4669.050293,-683.701294,1578.630005,-4687.690430,-705.962158,1486.489624,-4616.949707,-690.693176,1621.565308,-4660.903809,,,,,,,,,,,,,2616.267334,1567.724609,-3159.779297,,,,,,,,,,,,,,,,,,,,,,,,,,,,,,,,,
9077,90.770000,0.000000,0.000000,0.000000,1.000000,0.000000,0.000000,0.000000,57.698101,20.499701,-14.700500,0.047771,-0.013570,0.015998,-15.666301,-52.738201,18.801300,-93.396698,0.129960,17.611099,-0.263421,-0.430829,-0.667752,0.546903,-693.524475,1535.331177,-4658.648438,-693.741394,1454.639648,-4669.050293,-683.701294,1578.630005,-4687.690430,-705.962158,1486.489624,-4616.949707,-690.693176,1621.565308,-4660.903809,,,,,,,,,,,,,2616.275635,1567.746826,-3159.783447,,,,,,,,,,,,,,,,,,,,,,,,,,,,,,,,,
9078,90.780000,0.000000,0.000000,0.000000,1.000000,0.000000,0.000000,0.000000,57.698101,20.499701,-14.700500,0.047771,-0.013570,0.015998,-15.666301,-52.738201,18.801300,-93.396698,0.129960,17.611099,-0.263421,-0.430829,-0.667752,0.546903,-693.524475,1535.331177,-4658.648438,-693.741394,1454.639648,-4669.050293,-683.701294,1578.630005,-4687.690430,-705.962158,1486.489624,-4616.949707,-690.693176,1621.565308,-4660.903809,,,,,,,,,,,,,2616.270508,1567.770508,-3159.786133,,,,,,,,,,,,,,,,,,,,,,,,,,,,,,,,,
9079,90.790000,0.000000,0.000000,0.000000,1.000000,0.000000,0.000000,0.000000,57.698101,20.499701,-14.700500,0.047771,-0.013570,0.015998,-15.666301,-52.738201,18.801300,-93.396698,0.129960,17.611099,-0.263421,-0.430829,-0.667752,0.546903,-693.524475,1535.331177,-4658.648438,-693.741394,1454.639648,-4669.050293,-683.701294,1578.630005,-4687.690430,-705.962158,1486.489624,-4616.949707,-690.693176,1621.565308,-4660.903809,,,,,,,,,,,,,2616.291504,1567.720093,-3159.775635,,,,,,,,,,,,,,,,,,,,,,,,,,,,,,,,,
9080,90.800000,0.000000,0.000000,0.000000,1.000000,0.000000,0.000000,0.000000,57.698101,20.499701,-14.700500,0.047771,-0.013570,0.015998,-15.666301,-52.738201,18.801300,-93.396698,0.129960,17.611099,-0.263421,-0.430829,-0.667752,0.546903,-693.524475,1535.331177,-4658.648438,-693.741394,1454.639648,-4669.050293,-683.701294,1578.630005,-4687.690430,-705.962158,1486.489624,-4616.949707,-690.693176,1621.565308,-4660.903809,,,,,,,,,,,,,2616.296875,1567.733032,-3159.777588,,,,,,,,,,,,,,,,,,,,,,,,,,,,,,,,,
9081,90.810000,0.000000,0.000000,0.000000,1.000000,0.000000,0.000000,0.000000,57.698101,20.499701,-14.700500,0.047771,-0.013570,0.015998,-15.666301,-52.738201,18.801300,-93.396698,0.129960,17.611099,-0.263421,-0.430829,-0.667752,0.546903,-693.524475,1535.331177,-4658.648438,-693.741394,1454.639648,-4669.050293,-683.701294,1578.630005,-4687.690430,-705.962158,1486.489624,-4616.949707,-690.693176,1621.565308,-4660.903809,,,,,,,,,,,,,2616.296631,1567.761963,-3159.781006,,,,,,,,,,,,,,,,,,,,,,,,,,,,,,,,,
9082,90.820000,0.000000,0.000000,0.000000,1.000000,0.000000,0.000000,0.000000,57.698101,20.499701,-14.700500,0.047771,-0.013570,0.015998,-15.666301,-52.738201,18.801300,-93.396698,0.129960,17.611099,-0.263421,-0.430829,-0.667752,0.546903,-693.524475,1535.331177,-4658.648438,-693.741394,1454.639648,-4669.050293,-683.701294,1578.630005,-4687.690430,-705.962158,1486.489624,-4616.949707,-690.693176,1621.565308,-4660.903809,,,,,,,,,,,,,2616.273682,1567.757202,-3159.779541,,,,,,,,,,,,,,,,,,,,,,,,,,,,,,,,,
9083,90.830000,0.000000,0.000000,0.000000,1.000000,0.000000,0.000000,0.000000,57.698101,20.499701,-14.700500,0.047771,-0.013570,0.015998,-15.666301,-52.738201,18.801300,-93.396698,0.129960,17.611099,-0.263421,-0.430829,-0.667752,0.546903,-693.524475,1535.331177,-4658.648438,-693.741394,1454.639648,-4669.050293,-683.701294,1578.630005,-4687.690430,-705.962158,1486.489624,-4616.949707,-690.693176,1621.565308,-4660.903809,,,,,,,,,,,,,2616.296875,1567.741211,-3159.774658,,,,,,,,,,,,,,,,,,,,,,,,,,,,,,,,,
9084,90.840000,0.000000,0.000000,0.000000,1.000000,0.000000,0.000000,0.000000,57.698101,20.499701,-14.700500,0.047771,-0.013570,0.015998,-15.666301,-52.738201,18.801300,-93.396698,0.129960,17.611099,-0.263421,-0.430829,-0.667752,0.546903,-693.524475,1535.331177,-4658.648438,-693.741394,1454.639648,-4669.050293,-683.701294,1578.630005,-4687.690430,-705.962158,1486.489624,-4616.949707,-690.693176,1621.565308,-4660.903809,,,,,,,,,,,,,2616.295654,1567.738770,-3159.769043,,,,,,,,,,,,,,,,,,,,,,,,,,,,,,,,,
9085,90.850000,0.000000,0.000000,0.000000,1.000000,0.000000,0.000000,0.000000,57.698101,20.499701,-14.700500,0.047771,-0.013570,0.015998,-15.666301,-52.738201,18.801300,-93.396698,0.129960,17.611099,-0.263421,-0.430829,-0.667752,0.546903,-693.524475,1535.331177,-4658.648438,-693.741394,1454.639648,-4669.050293,-683.701294,1578.630005,-4687.690430,-705.962158,1486.489624,-4616.949707,-690.693176,1621.565308,-4660.903809,,,,,,,,,,,,,2616.276611,1567.749146,-3159.773438,,,,,,,,,,,,,,,,,,,,,,,,,,,,,,,,,
9086,90.860000,0.000000,0.000000,0.000000,1.000000,0.000000,0.000000,0.000000,57.698101,20.499701,-14.700500,0.047771,-0.013570,0.015998,-15.666301,-52.738201,18.801300,-93.396698,0.129960,17.611099,-0.263421,-0.430829,-0.667752,0.546903,-693.524475,1535.331177,-4658.648438,-693.741394,1454.639648,-4669.050293,-683.701294,1578.630005,-4687.690430,-705.962158,1486.489624,-4616.949707,-690.693176,1621.565308,-4660.903809,,,,,,,,,,,,,2616.296387,1567.785400,-3159.784668,,,,,,,,,,,,,,,,,,,,,,,,,,,,,,,,,
9087,90.870000,0.000000,0.000000,0.000000,1.000000,0.000000,0.000000,0.000000,57.698101,20.499701,-14.700500,0.047771,-0.013570,0.015998,-15.666301,-52.738201,18.801300,-93.396698,0.129960,17.611099,-0.263421,-0.430829,-0.667752,0.546903,-693.524475,1535.331177,-4658.648438,-693.741394,1454.639648,-4669.050293,-683.701294,1578.630005,-4687.690430,-705.962158,1486.489624,-4616.949707,-690.693176,1621.565308,-4660.903809,,,,,,,,,,,,,2616.268066,1567.776978,-3159.794922,,,,,,,,,,,,,,,,,,,,,,,,,,,,,,,,,
9088,90.880000,0.000000,0.000000,0.000000,1.000000,0.000000,0.000000,0.000000,57.698101,20.499701,-14.700500,0.047771,-0.013570,0.015998,-15.666301,-52.738201,18.801300,-93.396698,0.129960,17.611099,-0.263421,-0.430829,-0.667752,0.546903,-693.524475,1535.331177,-4658.648438,-693.741394,1454.639648,-4669.050293,-683.701294,1578.630005,-4687.690430,-705.962158,1486.489624,-4616.949707,-690.693176,1621.565308,-4660.903809,,,,,,,,,,,,,2616.236816,1567.741211,-3159.788330,,,,,,,,,,,,,,,,,,,,,,,,,,,,,,,,,
9089,90.890000,0.000000,0.000000,0.000000,1.000000,0.000000,0.000000,0.000000,57.698101,20.499701,-14.700500,0.047771,-0.013570,0.015998,-15.666301,-52.738201,18.801300,-93.396698,0.129960,17.611099,-0.263421,-0.430829,-0.667752,0.546903,-693.524475,1535.331177,-4658.648438,-693.741394,1454.639648,-4669.050293,-683.701294,1578.630005,-4687.690430,-705.962158,1486.489624,-4616.949707,-690.693176,1621.565308,-4660.903809,,,,,,,,,,,,,2616.290039,1567.789429,-3159.789551,,,,,,,,,,,,,,,,,,,,,,,,,,,,,,,,,
9090,90.900000,0.000000,0.000000,0.000000,1.000000,0.000000,0.000000,0.000000,57.698101,20.499701,-14.700500,0.047771,-0.013570,0.015998,-15.666301,-52.738201,18.801300,-93.396698,0.129960,17.611099,-0.263421,-0.430829,-0.667752,0.546903,-693.524475,1535.331177,-4658.648438,-693.741394,1454.639648,-4669.050293,-683.701294,1578.630005,-4687.690430,-705.962158,1486.489624,-4616.949707,-690.693176,1621.565308,-4660.903809,,,,,,,,,,,,,2616.275146,1567.733765,-3159.784668,,,,,,,,,,,,,,,,,,,,,,,,,,,,,,,,,
9091,90.910000,0.000000,0.000000,0.000000,1.000000,0.000000,0.000000,0.000000,57.698101,20.499701,-14.700500,0.047771,-0.013570,0.015998,-15.666301,-52.738201,18.801300,-93.396698,0.129960,17.611099,-0.263421,-0.430829,-0.667752,0.546903,-693.524475,1535.331177,-4658.648438,-693.741394,1454.639648,-4669.050293,-683.701294,1578.630005,-4687.690430,-705.962158,1486.489624,-4616.949707,-690.693176,1621.565308,-4660.903809,,,,,,,,,,,,,2616.280762,1567.764038,-3159.783691,,,,,,,,,,,,,,,,,,,,,,,,,,,,,,,,,
9092,90.920000,0.000000,0.000000,0.000000,1.000000,0.000000,0.000000,0.000000,57.698101,20.499701,-14.700500,0.047771,-0.013570,0.015998,-15.666301,-52.738201,18.801300,-93.396698,0.129960,17.611099,-0.263421,-0.430829,-0.667752,0.546903,-693.524475,1535.331177,-4658.648438,-693.741394,1454.639648,-4669.050293,-683.701294,1578.630005,-4687.690430,-705.962158,1486.489624,-4616.949707,-690.693176,1621.565308,-4660.903809,,,,,,,,,,,,,2616.263428,1567.798828,-3159.791992,,,,,,,,,,,,,,,,,,,,,,,,,,,,,,,,,
9093,90.930000,0.000000,0.000000,0.000000,1.000000,0.000000,0.000000,0.000000,57.698101,20.499701,-14.700500,0.047771,-0.013570,0.015998,-15.666301,-52.738201,18.801300,-93.396698,0.129960,17.611099,-0.263421,-0.430829,-0.667752,0.546903,-693.524475,1535.331177,-4658.648438,-693.741394,1454.639648,-4669.050293,-683.701294,1578.630005,-4687.690430,-705.962158,1486.489624,-4616.949707,-690.693176,1621.565308,-4660.903809,,,,,,,,,,,,,2616.295898,1567.743042,-3159.785400,,,,,,,,,,,,,,,,,,,,,,,,,,,,,,,,,
9094,90.940000,0.000000,0.000000,0.000000,1.000000,0.000000,0.000000,0.000000,57.698101,20.499701,-14.700500,0.047771,-0.013570,0.015998,-15.666301,-52.738201,18.801300,-93.396698,0.129960,17.611099,-0.263421,-0.430829,-0.667752,0.546903,-693.524475,1535.331177,-4658.648438,-693.741394,1454.639648,-4669.050293,-683.701294,1578.630005,-4687.690430,-705.962158,1486.489624,-4616.949707,-690.693176,1621.565308,-4660.903809,,,,,,,,,,,,,2616.328857,1567.745850,-3159.753906,,,,,,,,,,,,,,,,,,,,,,,,,,,,,,,,,
9095,90.950000,0.000000,0.000000,0.000000,1.000000,0.000000,0.000000,0.000000,57.698101,20.499701,-14.700500,0.047771,-0.013570,0.015998,-15.666301,-52.738201,18.801300,-93.396698,0.129960,17.611099,-0.263421,-0.430829,-0.667752,0.546903,-693.524475,1535.331177,-4658.648438,-693.741394,1454.639648,-4669.050293,-683.701294,1578.630005,-4687.690430,-705.962158,1486.489624,-4616.949707,-690.693176,1621.565308,-4660.903809,,,,,,,,,,,,,2616.305176,1567.738770,-3159.765137,,,,,,,,,,,,,,,,,,,,,,,,,,,,,,,,,
9096,90.960000,0.000000,0.000000,0.000000,1.000000,0.000000,0.000000,0.000000,57.698101,20.499701,-14.700500,0.047771,-0.013570,0.015998,-15.666301,-52.738201,18.801300,-93.396698,0.129960,17.611099,-0.263421,-0.430829,-0.667752,0.546903,-693.524475,1535.331177,-4658.648438,-693.741394,1454.639648,-4669.050293,-683.701294,1578.630005,-4687.690430,-705.962158,1486.489624,-4616.949707,-690.693176,1621.565308,-4660.903809,,,,,,,,,,,,,2616.304199,1567.756470,-3159.778076,,,,,,,,,,,,,,,,,,,,,,,,,,,,,,,,,
9097,90.970000,0.000000,0.000000,0.000000,1.000000,0.000000,0.000000,0.000000,57.698101,20.499701,-14.700500,0.047771,-0.013570,0.015998,-15.666301,-52.738201,18.801300,-93.396698,0.129960,17.611099,-0.263421,-0.430829,-0.667752,0.546903,-693.524475,1535.331177,-4658.648438,-693.741394,1454.639648,-4669.050293,-683.701294,1578.630005,-4687.690430,-705.962158,1486.489624,-4616.949707,-690.693176,1621.565308,-4660.903809,,,,,,,,,,,,,2616.286865,1567.738892,-3159.780273,,,,,,,,,,,,,,,,,,,,,,,,,,,,,,,,,
9098,90.980000,0.000000,0.000000,0.000000,1.000000,0.000000,0.000000,0.000000,57.698101,20.499701,-14.700500,0.047771,-0.013570,0.015998,-15.666301,-52.738201,18.801300,-93.396698,0.129960,17.611099,-0.263421,-0.430829,-0.667752,0.546903,-693.524475,1535.331177,-4658.648438,-693.741394,1454.639648,-4669.050293,-683.701294,1578.630005,-4687.690430,-705.962158,1486.489624,-4616.949707,-690.693176,1621.565308,-4660.903809,,,,,,,,,,,,,2616.311523,1567.797363,-3159.784668,,,,,,,,,,,,,,,,,,,,,,,,,,,,,,,,,
9099,90.990000,0.000000,0.000000,0.000000,1.000000,0.000000,0.000000,0.000000,57.698101,20.499701,-14.700500,0.047771,-0.013570,0.015998,-15.666301,-52.738201,18.801300,-93.396698,0.129960,17.611099,-0.263421,-0.430829,-0.667752,0.546903,-693.524475,1535.331177,-4658.648438,-693.741394,1454.639648,-4669.050293,-683.701294,1578.630005,-4687.690430,-705.962158,1486.489624,-4616.949707,-690.693176,1621.565308,-4660.903809,,,,,,,,,,,,,2616.288818,1567.772217,-3159.783203,,,,,,,,,,,,,,,,,,,,,,,,,,,,,,,,,
9100,91.000000,0.000000,0.000000,0.000000,1.000000,0.000000,0.000000,0.000000,57.698101,20.499701,-14.700500,0.047771,-0.013570,0.015998,-15.666301,-52.738201,18.801300,-93.396698,0.129960,17.611099,-0.263421,-0.430829,-0.667752,0.546903,-693.524475,1535.331177,-4658.648438,-693.741394,1454.639648,-4669.050293,-683.701294,1578.630005,-4687.690430,-705.962158,1486.489624,-4616.949707,-690.693176,1621.565308,-4660.903809,,,,,,,,,,,,,2616.273926,1567.746460,-3159.796143,,,,,,,,,,,,,,,,,,,,,,,,,,,,,,,,,
9101,91.010000,0.000000,0.000000,0.000000,1.000000,0.000000,0.000000,0.000000,57.698101,20.499701,-14.700500,0.047771,-0.013570,0.015998,-15.666301,-52.738201,18.801300,-93.396698,0.129960,17.611099,-0.263421,-0.430829,-0.667752,0.546903,-693.524475,1535.331177,-4658.648438,-693.741394,1454.639648,-4669.050293,-683.701294,1578.630005,-4687.690430,-705.962158,1486.489624,-4616.949707,-690.693176,1621.565308,-4660.903809,,,,,,,,,,,,,2616.292236,1567.749512,-3159.780029,,,,,,,,,,,,,,,,,,,,,,,,,,,,,,,,,
9102,91.020000,0.000000,0.000000,0.000000,1.000000,0.000000,0.000000,0.000000,57.698101,20.499701,-14.700500,0.047771,-0.013570,0.015998,-15.666301,-52.738201,18.801300,-93.396698,0.129960,17.611099,-0.263421,-0.430829,-0.667752,0.546903,-693.524475,1535.331177,-4658.648438,-693.741394,1454.639648,-4669.050293,-683.701294,1578.630005,-4687.690430,-705.962158,1486.489624,-4616.949707,-690.693176,1621.565308,-4660.903809,,,,,,,,,,,,,2616.297363,1567.725952,-3159.781494,,,,,,,,,,,,,,,,,,,,,,,,,,,,,,,,,
9103,91.030000,0.000000,0.000000,0.000000,1.000000,0.000000,0.000000,0.000000,57.698101,20.499701,-14.700500,0.047771,-0.013570,0.015998,-15.666301,-52.738201,18.801300,-93.396698,0.129960,17.611099,-0.263421,-0.430829,-0.667752,0.546903,-693.524475,1535.331177,-4658.648438,-693.741394,1454.639648,-4669.050293,-683.701294,1578.630005,-4687.690430,-705.962158,1486.489624,-4616.949707,-690.693176,1621.565308,-4660.903809,,,,,,,,,,,,,2616.301025,1567.738525,-3159.767578,,,,,,,,,,,,,,,,,,,,,,,,,,,,,,,,,
9104,91.040000,0.000000,0.000000,0.000000,1.000000,0.000000,0.000000,0.000000,57.698101,20.499701,-14.700500,0.047771,-0.013570,0.015998,-15.666301,-52.738201,18.801300,-93.396698,0.129960,17.611099,-0.263421,-0.430829,-0.667752,0.546903,-693.524475,1535.331177,-4658.648438,-693.741394,1454.639648,-4669.050293,-683.701294,1578.630005,-4687.690430,-705.962158,1486.489624,-4616.949707,-690.693176,1621.565308,-4660.903809,,,,,,,,,,,,,2616.276123,1567.726074,-3159.779053,,,,,,,,,,,,,,,,,,,,,,,,,,,,,,,,,
9105,91.050000,0.000000,0.000000,0.000000,1.000000,0.000000,0.000000,0.000000,57.698101,20.499701,-14.700500,0.047771,-0.013570,0.015998,-15.666301,-52.738201,18.801300,-93.396698,0.129960,17.611099,-0.263421,-0.430829,-0.667752,0.546903,-693.524475,1535.331177,-4658.648438,-693.741394,1454.639648,-4669.050293,-683.701294,1578.630005,-4687.690430,-705.962158,1486.489624,-4616.949707,-690.693176,1621.565308,-4660.903809,,,,,,,,,,,,,2616.270020,1567.737061,-3159.770020,,,,,,,,,,,,,,,,,,,,,,,,,,,,,,,,,
9106,91.060000,0.000000,0.000000,0.000000,1.000000,0.000000,0.000000,0.000000,57.698101,20.499701,-14.700500,0.047771,-0.013570,0.015998,-15.666301,-52.738201,18.801300,-93.396698,0.129960,17.611099,-0.263421,-0.430829,-0.667752,0.546903,-693.524475,1535.331177,-4658.648438,-693.741394,1454.639648,-4669.050293,-683.701294,1578.630005,-4687.690430,-705.962158,1486.489624,-4616.949707,-690.693176,1621.565308,-4660.903809,,,,,,,,,,,,,2616.317383,1567.730347,-3159.774658,,,,,,,,,,,,,,,,,,,,,,,,,,,,,,,,,
9107,91.070000,0.000000,0.000000,0.000000,1.000000,0.000000,0.000000,0.000000,57.698101,20.499701,-14.700500,0.047771,-0.013570,0.015998,-15.666301,-52.738201,18.801300,-93.396698,0.129960,17.611099,-0.263421,-0.430829,-0.667752,0.546903,-693.524475,1535.331177,-4658.648438,-693.741394,1454.639648,-4669.050293,-683.701294,1578.630005,-4687.690430,-705.962158,1486.489624,-4616.949707,-690.693176,1621.565308,-4660.903809,,,,,,,,,,,,,2616.318115,1567.714844,-3159.772949,,,,,,,,,,,,,,,,,,,,,,,,,,,,,,,,,
9108,91.080000,0.000000,0.000000,0.000000,1.000000,0.000000,0.000000,0.000000,57.698101,20.499701,-14.700500,0.047771,-0.013570,0.015998,-15.666301,-52.738201,18.801300,-93.396698,0.129960,17.611099,-0.263421,-0.430829,-0.667752,0.546903,-693.524475,1535.331177,-4658.648438,-693.741394,1454.639648,-4669.050293,-683.701294,1578.630005,-4687.690430,-705.962158,1486.489624,-4616.949707,-690.693176,1621.565308,-4660.903809,,,,,,,,,,,,,2616.288086,1567.709473,-3159.762451,,,,,,,,,,,,,,,,,,,,,,,,,,,,,,,,,
9109,91.090000,0.000000,0.000000,0.000000,1.000000,0.000000,0.000000,0.000000,57.698101,20.499701,-14.700500,0.047771,-0.013570,0.015998,-15.666301,-52.738201,18.801300,-93.396698,0.129960,17.611099,-0.263421,-0.430829,-0.667752,0.546903,-693.524475,1535.331177,-4658.648438,-693.741394,1454.639648,-4669.050293,-683.701294,1578.630005,-4687.690430,-705.962158,1486.489624,-4616.949707,-690.693176,1621.565308,-4660.903809,,,,,,,,,,,,,2616.288330,1567.741333,-3159.766357,,,,,,,,,,,,,,,,,,,,,,,,,,,,,,,,,
9110,91.100000,0.000000,0.000000,0.000000,1.000000,0.000000,0.000000,0.000000,57.698101,20.499701,-14.700500,0.047771,-0.013570,0.015998,-15.666301,-52.738201,18.801300,-93.396698,0.129960,17.611099,-0.263421,-0.430829,-0.667752,0.546903,-693.524475,1535.331177,-4658.648438,-693.741394,1454.639648,-4669.050293,-683.701294,1578.630005,-4687.690430,-705.962158,1486.489624,-4616.949707,-690.693176,1621.565308,-4660.903809,,,,,,,,,,,,,2616.311279,1567.752563,-3159.784424,,,,,,,,,,,,,,,,,,,,,,,,,,,,,,,,,
9111,91.110000,0.000000,0.000000,0.000000,1.000000,0.000000,0.000000,0.000000,57.698101,20.499701,-14.700500,0.047771,-0.013570,0.015998,-15.666301,-52.738201,18.801300,-93.396698,0.129960,17.611099,-0.263421,-0.430829,-0.667752,0.546903,-693.524475,1535.331177,-4658.648438,-693.741394,1454.639648,-4669.050293,-683.701294,1578.630005,-4687.690430,-705.962158,1486.489624,-4616.949707,-690.693176,1621.565308,-4660.903809,,,,,,,,,,,,,2616.293213,1567.751953,-3159.783936,,,,,,,,,,,,,,,,,,,,,,,,,,,,,,,,,
9112,91.120000,0.000000,0.000000,0.000000,1.000000,0.000000,0.000000,0.000000,57.698101,20.499701,-14.700500,0.047771,-0.013570,0.015998,-15.666301,-52.738201,18.801300,-93.396698,0.129960,17.611099,-0.263421,-0.430829,-0.667752,0.546903,-693.524475,1535.331177,-4658.648438,-693.741394,1454.639648,-4669.050293,-683.701294,1578.630005,-4687.690430,-705.962158,1486.489624,-4616.949707,-690.693176,1621.565308,-4660.903809,,,,,,,,,,,,,2616.275879,1567.758057,-3159.782715,,,,,,,,,,,,,,,,,,,,,,,,,,,,,,,,,
9113,91.130000,0.000000,0.000000,0.000000,1.000000,0.000000,0.000000,0.000000,57.698101,20.499701,-14.700500,0.047771,-0.013570,0.015998,-15.666301,-52.738201,18.801300,-93.396698,0.129960,17.611099,-0.263421,-0.430829,-0.667752,0.546903,-693.524475,1535.331177,-4658.648438,-693.741394,1454.639648,-4669.050293,-683.701294,1578.630005,-4687.690430,-705.962158,1486.489624,-4616.949707,-690.693176,1621.565308,-4660.903809,,,,,,,,,,,,,2616.267578,1567.766113,-3159.791016,,,,,,,,,,,,,,,,,,,,,,,,,,,,,,,,,
9114,91.140000,0.000000,0.000000,0.000000,1.000000,0.000000,0.000000,0.000000,57.698101,20.499701,-14.700500,0.047771,-0.013570,0.015998,-15.666301,-52.738201,18.801300,-93.396698,0.129960,17.611099,-0.263421,-0.430829,-0.667752,0.546903,-693.524475,1535.331177,-4658.648438,-693.741394,1454.639648,-4669.050293,-683.701294,1578.630005,-4687.690430,-705.962158,1486.489624,-4616.949707,-690.693176,1621.565308,-4660.903809,,,,,,,,,,,,,2616.289062,1567.748779,-3159.788086,,,,,,,,,,,,,,,,,,,,,,,,,,,,,,,,,
9115,91.150000,0.000000,0.000000,0.000000,1.000000,0.000000,0.000000,0.000000,57.698101,20.499701,-14.700500,0.047771,-0.013570,0.015998,-15.666301,-52.738201,18.801300,-93.396698,0.129960,17.611099,-0.263421,-0.430829,-0.667752,0.546903,-693.524475,1535.331177,-4658.648438,-693.741394,1454.639648,-4669.050293,-683.701294,1578.630005,-4687.690430,-705.962158,1486.489624,-4616.949707,-690.693176,1621.565308,-4660.903809,,,,,,,,,,,,,2616.310791,1567.720825,-3159.770020,,,,,,,,,,,,,,,,,,,,,,,,,,,,,,,,,
9116,91.160000,0.000000,0.000000,0.000000,1.000000,0.000000,0.000000,0.000000,57.698101,20.499701,-14.700500,0.047771,-0.013570,0.015998,-15.666301,-52.738201,18.801300,-93.396698,0.129960,17.611099,-0.263421,-0.430829,-0.667752,0.546903,-693.524475,1535.331177,-4658.648438,-693.741394,1454.639648,-4669.050293,-683.701294,1578.630005,-4687.690430,-705.962158,1486.489624,-4616.949707,-690.693176,1621.565308,-4660.903809,,,,,,,,,,,,,2616.294434,1567.727051,-3159.770752,,,,,,,,,,,,,,,,,,,,,,,,,,,,,,,,,
9117,91.170000,0.000000,0.000000,0.000000,1.000000,0.000000,0.000000,0.000000,57.698101,20.499701,-14.700500,0.047771,-0.013570,0.015998,-15.666301,-52.738201,18.801300,-93.396698,0.129960,17.611099,-0.263421,-0.430829,-0.667752,0.546903,-693.524475,1535.331177,-4658.648438,-693.741394,1454.639648,-4669.050293,-683.701294,1578.630005,-4687.690430,-705.962158,1486.489624,-4616.949707,-690.693176,1621.565308,-4660.903809,,,,,,,,,,,,,2616.298340,1567.739868,-3159.774902,,,,,,,,,,,,,,,,,,,,,,,,,,,,,,,,,
9118,91.180000,0.000000,0.000000,0.000000,1.000000,0.000000,0.000000,0.000000,57.698101,20.499701,-14.700500,0.047771,-0.013570,0.015998,-15.666301,-52.738201,18.801300,-93.396698,0.129960,17.611099,-0.263421,-0.430829,-0.667752,0.546903,-693.524475,1535.331177,-4658.648438,-693.741394,1454.639648,-4669.050293,-683.701294,1578.630005,-4687.690430,-705.962158,1486.489624,-4616.949707,-690.693176,1621.565308,-4660.903809,,,,,,,,,,,,,2616.294189,1567.722656,-3159.776367,,,,,,,,,,,,,,,,,,,,,,,,,,,,,,,,,
9119,91.190000,0.000000,0.000000,0.000000,1.000000,0.000000,0.000000,0.000000,57.698101,20.499701,-14.700500,0.047771,-0.013570,0.015998,-15.666301,-52.738201,18.801300,-93.396698,0.129960,17.611099,-0.263421,-0.430829,-0.667752,0.546903,-693.524475,1535.331177,-4658.648438,-693.741394,1454.639648,-4669.050293,-683.701294,1578.630005,-4687.690430,-705.962158,1486.489624,-4616.949707,-690.693176,1621.565308,-4660.903809,,,,,,,,,,,,,2616.308350,1567.751465,-3159.763916,,,,,,,,,,,,,,,,,,,,,,,,,,,,,,,,,
9120,91.200000,0.000000,0.000000,0.000000,1.000000,0.000000,0.000000,0.000000,57.698101,20.499701,-14.700500,0.047771,-0.013570,0.015998,-15.666301,-52.738201,18.801300,-93.396698,0.129960,17.611099,-0.263421,-0.430829,-0.667752,0.546903,-693.524475,1535.331177,-4658.648438,-693.741394,1454.639648,-4669.050293,-683.701294,1578.630005,-4687.690430,-705.962158,1486.489624,-4616.949707,-690.693176,1621.565308,-4660.903809,,,,,,,,,,,,,2616.277588,1567.734497,-3159.785645,,,,,,,,,,,,,,,,,,,,,,,,,,,,,,,,,
9121,91.210000,0.000000,0.000000,0.000000,1.000000,0.000000,0.000000,0.000000,57.698101,20.499701,-14.700500,0.047771,-0.013570,0.015998,-15.666301,-52.738201,18.801300,-93.396698,0.129960,17.611099,-0.263421,-0.430829,-0.667752,0.546903,-693.524475,1535.331177,-4658.648438,-693.741394,1454.639648,-4669.050293,-683.701294,1578.630005,-4687.690430,-705.962158,1486.489624,-4616.949707,-690.693176,1621.565308,-4660.903809,,,,,,,,,,,,,2616.288574,1567.739136,-3159.774902,,,,,,,,,,,,,,,,,,,,,,,,,,,,,,,,,
9122,91.220000,0.000000,0.000000,0.000000,1.000000,0.000000,0.000000,0.000000,57.698101,20.499701,-14.700500,0.047771,-0.013570,0.015998,-15.666301,-52.738201,18.801300,-93.396698,0.129960,17.611099,-0.263421,-0.430829,-0.667752,0.546903,-693.524475,1535.331177,-4658.648438,-693.741394,1454.639648,-4669.050293,-683.701294,1578.630005,-4687.690430,-705.962158,1486.489624,-4616.949707,-690.693176,1621.565308,-4660.903809,,,,,,,,,,,,,2616.305420,1567.702148,-3159.760010,,,,,,,,,,,,,,,,,,,,,,,,,,,,,,,,,
9123,91.230000,0.000000,0.000000,0.000000,1.000000,0.000000,0.000000,0.000000,57.698101,20.499701,-14.700500,0.047771,-0.013570,0.015998,-15.666301,-52.738201,18.801300,-93.396698,0.129960,17.611099,-0.263421,-0.430829,-0.667752,0.546903,-693.524475,1535.331177,-4658.648438,-693.741394,1454.639648,-4669.050293,-683.701294,1578.630005,-4687.690430,-705.962158,1486.489624,-4616.949707,-690.693176,1621.565308,-4660.903809,,,,,,,,,,,,,2616.304932,1567.727295,-3159.757080,,,,,,,,,,,,,,,,,,,,,,,,,,,,,,,,,
9124,91.240000,0.000000,0.000000,0.000000,1.000000,0.000000,0.000000,0.000000,57.698101,20.499701,-14.700500,0.047771,-0.013570,0.015998,-15.666301,-52.738201,18.801300,-93.396698,0.129960,17.611099,-0.263421,-0.430829,-0.667752,0.546903,-693.524475,1535.331177,-4658.648438,-693.741394,1454.639648,-4669.050293,-683.701294,1578.630005,-4687.690430,-705.962158,1486.489624,-4616.949707,-690.693176,1621.565308,-4660.903809,,,,,,,,,,,,,2616.298828,1567.765137,-3159.788330,,,,,,,,,,,,,,,,,,,,,,,,,,,,,,,,,
9125,91.250000,0.000000,0.000000,0.000000,1.000000,0.000000,0.000000,0.000000,57.698101,20.499701,-14.700500,0.047771,-0.013570,0.015998,-15.666301,-52.738201,18.801300,-93.396698,0.129960,17.611099,-0.263421,-0.430829,-0.667752,0.546903,-693.524475,1535.331177,-4658.648438,-693.741394,1454.639648,-4669.050293,-683.701294,1578.630005,-4687.690430,-705.962158,1486.489624,-4616.949707,-690.693176,1621.565308,-4660.903809,,,,,,,,,,,,,2616.289307,1567.780518,-3159.795898,,,,,,,,,,,,,,,,,,,,,,,,,,,,,,,,,
9126,91.260000,0.000000,0.000000,0.000000,1.000000,0.000000,0.000000,0.000000,57.698101,20.499701,-14.700500,0.047771,-0.013570,0.015998,-15.666301,-52.738201,18.801300,-93.396698,0.129960,17.611099,-0.263421,-0.430829,-0.667752,0.546903,-693.524475,1535.331177,-4658.648438,-693.741394,1454.639648,-4669.050293,-683.701294,1578.630005,-4687.690430,-705.962158,1486.489624,-4616.949707,-690.693176,1621.565308,-4660.903809,,,,,,,,,,,,,2616.269043,1567.771729,-3159.792480,,,,,,,,,,,,,,,,,,,,,,,,,,,,,,,,,
9127,91.270000,0.000000,0.000000,0.000000,1.000000,0.000000,0.000000,0.000000,57.698101,20.499701,-14.700500,0.047771,-0.013570,0.015998,-15.666301,-52.738201,18.801300,-93.396698,0.129960,17.611099,-0.263421,-0.430829,-0.667752,0.546903,-693.524475,1535.331177,-4658.648438,-693.741394,1454.639648,-4669.050293,-683.701294,1578.630005,-4687.690430,-705.962158,1486.489624,-4616.949707,-690.693176,1621.565308,-4660.903809,,,,,,,,,,,,,2616.277832,1567.790283,-3159.790527,,,,,,,,,,,,,,,,,,,,,,,,,,,,,,,,,
9128,91.280000,0.000000,0.000000,0.000000,1.000000,0.000000,0.000000,0.000000,57.698101,20.499701,-14.700500,0.047771,-0.013570,0.015998,-15.666301,-52.738201,18.801300,-93.396698,0.129960,17.611099,-0.263421,-0.430829,-0.667752,0.546903,-693.524475,1535.331177,-4658.648438,-693.741394,1454.639648,-4669.050293,-683.701294,1578.630005,-4687.690430,-705.962158,1486.489624,-4616.949707,-690.693176,1621.565308,-4660.903809,,,,,,,,,,,,,2616.296143,1567.747437,-3159.785889,,,,,,,,,,,,,,,,,,,,,,,,,,,,,,,,,
9129,91.290000,0.000000,0.000000,0.000000,1.000000,0.000000,0.000000,0.000000,57.698101,20.499701,-14.700500,0.047771,-0.013570,0.015998,-15.666301,-52.738201,18.801300,-93.396698,0.129960,17.611099,-0.263421,-0.430829,-0.667752,0.546903,-693.524475,1535.331177,-4658.648438,-693.741394,1454.639648,-4669.050293,-683.701294,1578.630005,-4687.690430,-705.962158,1486.489624,-4616.949707,-690.693176,1621.565308,-4660.903809,,,,,,,,,,,,,2616.313477,1567.744385,-3159.760986,,,,,,,,,,,,,,,,,,,,,,,,,,,,,,,,,
9130,91.300000,0.000000,0.000000,0.000000,1.000000,0.000000,0.000000,0.000000,57.698101,20.499701,-14.700500,0.047771,-0.013570,0.015998,-15.666301,-52.738201,18.801300,-93.396698,0.129960,17.611099,-0.263421,-0.430829,-0.667752,0.546903,-693.524475,1535.331177,-4658.648438,-693.741394,1454.639648,-4669.050293,-683.701294,1578.630005,-4687.690430,-705.962158,1486.489624,-4616.949707,-690.693176,1621.565308,-4660.903809,,,,,,,,,,,,,2616.333252,1567.744629,-3159.762939,,,,,,,,,,,,,,,,,,,,,,,,,,,,,,,,,
9131,91.310000,0.000000,0.000000,0.000000,1.000000,0.000000,0.000000,0.000000,57.698101,20.499701,-14.700500,0.047771,-0.013570,0.015998,-15.666301,-52.738201,18.801300,-93.396698,0.129960,17.611099,-0.263421,-0.430829,-0.667752,0.546903,-693.524475,1535.331177,-4658.648438,-693.741394,1454.639648,-4669.050293,-683.701294,1578.630005,-4687.690430,-705.962158,1486.489624,-4616.949707,-690.693176,1621.565308,-4660.903809,,,,,,,,,,,,,2616.285889,1567.787476,-3159.773438,,,,,,,,,,,,,,,,,,,,,,,,,,,,,,,,,
9132,91.320000,0.000000,0.000000,0.000000,1.000000,0.000000,0.000000,0.000000,57.698101,20.499701,-14.700500,0.047771,-0.013570,0.015998,-15.666301,-52.738201,18.801300,-93.396698,0.129960,17.611099,-0.263421,-0.430829,-0.667752,0.546903,-693.524475,1535.331177,-4658.648438,-693.741394,1454.639648,-4669.050293,-683.701294,1578.630005,-4687.690430,-705.962158,1486.489624,-4616.949707,-690.693176,1621.565308,-4660.903809,,,,,,,,,,,,,2616.282227,1567.779297,-3159.792725,,,,,,,,,,,,,,,,,,,,,,,,,,,,,,,,,
9133,91.330000,0.000000,0.000000,0.000000,1.000000,0.000000,0.000000,0.000000,57.698101,20.499701,-14.700500,0.047771,-0.013570,0.015998,-15.666301,-52.738201,18.801300,-93.396698,0.129960,17.611099,-0.263421,-0.430829,-0.667752,0.546903,-693.524475,1535.331177,-4658.648438,-693.741394,1454.639648,-4669.050293,-683.701294,1578.630005,-4687.690430,-705.962158,1486.489624,-4616.949707,-690.693176,1621.565308,-4660.903809,,,,,,,,,,,,,2616.294922,1567.753662,-3159.782959,,,,,,,,,,,,,,,,,,,,,,,,,,,,,,,,,
9134,91.340000,0.000000,0.000000,0.000000,1.000000,0.000000,0.000000,0.000000,57.698101,20.499701,-14.700500,0.047771,-0.013570,0.015998,-15.666301,-52.738201,18.801300,-93.396698,0.129960,17.611099,-0.263421,-0.430829,-0.667752,0.546903,-693.524475,1535.331177,-4658.648438,-693.741394,1454.639648,-4669.050293,-683.701294,1578.630005,-4687.690430,-705.962158,1486.489624,-4616.949707,-690.693176,1621.565308,-4660.903809,,,,,,,,,,,,,2616.266113,1567.743652,-3159.787354,,,,,,,,,,,,,,,,,,,,,,,,,,,,,,,,,
9135,91.350000,0.000000,0.000000,0.000000,1.000000,0.000000,0.000000,0.000000,57.698101,20.499701,-14.700500,0.047771,-0.013570,0.015998,-15.666301,-52.738201,18.801300,-93.396698,0.129960,17.611099,-0.263421,-0.430829,-0.667752,0.546903,-693.524475,1535.331177,-4658.648438,-693.741394,1454.639648,-4669.050293,-683.701294,1578.630005,-4687.690430,-705.962158,1486.489624,-4616.949707,-690.693176,1621.565308,-4660.903809,,,,,,,,,,,,,2616.314209,1567.743408,-3159.774658,,,,,,,,,,,,,,,,,,,,,,,,,,,,,,,,,
9136,91.360000,0.000000,0.000000,0.000000,1.000000,0.000000,0.000000,0.000000,57.698101,20.499701,-14.700500,0.047771,-0.013570,0.015998,-15.666301,-52.738201,18.801300,-93.396698,0.129960,17.611099,-0.263421,-0.430829,-0.667752,0.546903,-693.524475,1535.331177,-4658.648438,-693.741394,1454.639648,-4669.050293,-683.701294,1578.630005,-4687.690430,-705.962158,1486.489624,-4616.949707,-690.693176,1621.565308,-4660.903809,,,,,,,,,,,,,2616.268799,1567.736328,-3159.773926,,,,,,,,,,,,,,,,,,,,,,,,,,,,,,,,,
9137,91.370000,0.000000,0.000000,0.000000,1.000000,0.000000,0.000000,0.000000,57.698101,20.499701,-14.700500,0.047771,-0.013570,0.015998,-15.666301,-52.738201,18.801300,-93.396698,0.129960,17.611099,-0.263421,-0.430829,-0.667752,0.546903,-693.524475,1535.331177,-4658.648438,-693.741394,1454.639648,-4669.050293,-683.701294,1578.630005,-4687.690430,-705.962158,1486.489624,-4616.949707,-690.693176,1621.565308,-4660.903809,,,,,,,,,,,,,2616.285645,1567.771484,-3159.788330,,,,,,,,,,,,,,,,,,,,,,,,,,,,,,,,,
9138,91.380000,0.000000,0.000000,0.000000,1.000000,0.000000,0.000000,0.000000,57.698101,20.499701,-14.700500,0.047771,-0.013570,0.015998,-15.666301,-52.738201,18.801300,-93.396698,0.129960,17.611099,-0.263421,-0.430829,-0.667752,0.546903,-693.524475,1535.331177,-4658.648438,-693.741394,1454.639648,-4669.050293,-683.701294,1578.630005,-4687.690430,-705.962158,1486.489624,-4616.949707,-690.693176,1621.565308,-4660.903809,,,,,,,,,,,,,2616.286621,1567.745605,-3159.778809,,,,,,,,,,,,,,,,,,,,,,,,,,,,,,,,,
9139,91.390000,0.000000,0.000000,0.000000,1.000000,0.000000,0.000000,0.000000,57.698101,20.499701,-14.700500,0.047771,-0.013570,0.015998,-15.666301,-52.738201,18.801300,-93.396698,0.129960,17.611099,-0.263421,-0.430829,-0.667752,0.546903,-693.524475,1535.331177,-4658.648438,-693.741394,1454.639648,-4669.050293,-683.701294,1578.630005,-4687.690430,-705.962158,1486.489624,-4616.949707,-690.693176,1621.565308,-4660.903809,,,,,,,,,,,,,2616.294189,1567.734375,-3159.772461,,,,,,,,,,,,,,,,,,,,,,,,,,,,,,,,,
9140,91.400000,0.000000,0.000000,0.000000,1.000000,0.000000,0.000000,0.000000,57.698101,20.499701,-14.700500,0.047771,-0.013570,0.015998,-15.666301,-52.738201,18.801300,-93.396698,0.129960,17.611099,-0.263421,-0.430829,-0.667752,0.546903,-693.524475,1535.331177,-4658.648438,-693.741394,1454.639648,-4669.050293,-683.701294,1578.630005,-4687.690430,-705.962158,1486.489624,-4616.949707,-690.693176,1621.565308,-4660.903809,,,,,,,,,,,,,2616.304199,1567.770020,-3159.770020,,,,,,,,,,,,,,,,,,,,,,,,,,,,,,,,,
9141,91.410000,0.000000,0.000000,0.000000,1.000000,0.000000,0.000000,0.000000,57.698101,20.499701,-14.700500,0.047771,-0.013570,0.015998,-15.666301,-52.738201,18.801300,-93.396698,0.129960,17.611099,-0.263421,-0.430829,-0.667752,0.546903,-693.524475,1535.331177,-4658.648438,-693.741394,1454.639648,-4669.050293,-683.701294,1578.630005,-4687.690430,-705.962158,1486.489624,-4616.949707,-690.693176,1621.565308,-4660.903809,,,,,,,,,,,,,2616.293457,1567.793091,-3159.781494,,,,,,,,,,,,,,,,,,,,,,,,,,,,,,,,,
9142,91.420000,0.000000,0.000000,0.000000,1.000000,0.000000,0.000000,0.000000,57.698101,20.499701,-14.700500,0.047771,-0.013570,0.015998,-15.666301,-52.738201,18.801300,-93.396698,0.129960,17.611099,-0.263421,-0.430829,-0.667752,0.546903,-693.524475,1535.331177,-4658.648438,-693.741394,1454.639648,-4669.050293,-683.701294,1578.630005,-4687.690430,-705.962158,1486.489624,-4616.949707,-690.693176,1621.565308,-4660.903809,,,,,,,,,,,,,2616.269043,1567.757812,-3159.788574,,,,,,,,,,,,,,,,,,,,,,,,,,,,,,,,,
9143,91.430000,0.000000,0.000000,0.000000,1.000000,0.000000,0.000000,0.000000,57.698101,20.499701,-14.700500,0.047771,-0.013570,0.015998,-15.666301,-52.738201,18.801300,-93.396698,0.129960,17.611099,-0.263421,-0.430829,-0.667752,0.546903,-693.524475,1535.331177,-4658.648438,-693.741394,1454.639648,-4669.050293,-683.701294,1578.630005,-4687.690430,-705.962158,1486.489624,-4616.949707,-690.693176,1621.565308,-4660.903809,,,,,,,,,,,,,2616.292236,1567.775024,-3159.789307,,,,,,,,,,,,,,,,,,,,,,,,,,,,,,,,,
9144,91.440000,0.000000,0.000000,0.000000,1.000000,0.000000,0.000000,0.000000,57.698101,20.499701,-14.700500,0.047771,-0.013570,0.015998,-15.666301,-52.738201,18.801300,-93.396698,0.129960,17.611099,-0.263421,-0.430829,-0.667752,0.546903,-693.524475,1535.331177,-4658.648438,-693.741394,1454.639648,-4669.050293,-683.701294,1578.630005,-4687.690430,-705.962158,1486.489624,-4616.949707,-690.693176,1621.565308,-4660.903809,,,,,,,,,,,,,2616.266846,1567.719116,-3159.783936,,,,,,,,,,,,,,,,,,,,,,,,,,,,,,,,,
9145,91.450000,0.000000,0.000000,0.000000,1.000000,0.000000,0.000000,0.000000,57.698101,20.499701,-14.700500,0.047771,-0.013570,0.015998,-15.666301,-52.738201,18.801300,-93.396698,0.129960,17.611099,-0.263421,-0.430829,-0.667752,0.546903,-693.524475,1535.331177,-4658.648438,-693.741394,1454.639648,-4669.050293,-683.701294,1578.630005,-4687.690430,-705.962158,1486.489624,-4616.949707,-690.693176,1621.565308,-4660.903809,,,,,,,,,,,,,2616.287354,1567.744141,-3159.772705,,,,,,,,,,,,,,,,,,,,,,,,,,,,,,,,,
9146,91.460000,0.000000,0.000000,0.000000,1.000000,0.000000,0.000000,0.000000,57.698101,20.499701,-14.700500,0.047771,-0.013570,0.015998,-15.666301,-52.738201,18.801300,-93.396698,0.129960,17.611099,-0.263421,-0.430829,-0.667752,0.546903,-693.524475,1535.331177,-4658.648438,-693.741394,1454.639648,-4669.050293,-683.701294,1578.630005,-4687.690430,-705.962158,1486.489624,-4616.949707,-690.693176,1621.565308,-4660.903809,,,,,,,,,,,,,2616.256836,1567.757202,-3159.787598,,,,,,,,,,,,,,,,,,,,,,,,,,,,,,,,,
9147,91.470000,0.000000,0.000000,0.000000,1.000000,0.000000,0.000000,0.000000,57.698101,20.499701,-14.700500,0.047771,-0.013570,0.015998,-15.666301,-52.738201,18.801300,-93.396698,0.129960,17.611099,-0.263421,-0.430829,-0.667752,0.546903,-693.524475,1535.331177,-4658.648438,-693.741394,1454.639648,-4669.050293,-683.701294,1578.630005,-4687.690430,-705.962158,1486.489624,-4616.949707,-690.693176,1621.565308,-4660.903809,,,,,,,,,,,,,2616.281738,1567.742188,-3159.783203,,,,,,,,,,,,,,,,,,,,,,,,,,,,,,,,,
9148,91.480000,0.000000,0.000000,0.000000,1.000000,0.000000,0.000000,0.000000,57.698101,20.499701,-14.700500,0.047771,-0.013570,0.015998,-15.666301,-52.738201,18.801300,-93.396698,0.129960,17.611099,-0.263421,-0.430829,-0.667752,0.546903,-693.524475,1535.331177,-4658.648438,-693.741394,1454.639648,-4669.050293,-683.701294,1578.630005,-4687.690430,-705.962158,1486.489624,-4616.949707,-690.693176,1621.565308,-4660.903809,,,,,,,,,,,,,2616.310791,1567.735229,-3159.775635,,,,,,,,,,,,,,,,,,,,,,,,,,,,,,,,,
9149,91.490000,0.000000,0.000000,0.000000,1.000000,0.000000,0.000000,0.000000,57.698101,20.499701,-14.700500,0.047771,-0.013570,0.015998,-15.666301,-52.738201,18.801300,-93.396698,0.129960,17.611099,-0.263421,-0.430829,-0.667752,0.546903,-693.524475,1535.331177,-4658.648438,-693.741394,1454.639648,-4669.050293,-683.701294,1578.630005,-4687.690430,-705.962158,1486.489624,-4616.949707,-690.693176,1621.565308,-4660.903809,,,,,,,,,,,,,2616.272949,1567.730591,-3159.775146,,,,,,,,,,,,,,,,,,,,,,,,,,,,,,,,,
9150,91.500000,0.000000,0.000000,0.000000,1.000000,0.000000,0.000000,0.000000,57.698101,20.499701,-14.700500,0.047771,-0.013570,0.015998,-15.666301,-52.738201,18.801300,-93.396698,0.129960,17.611099,-0.263421,-0.430829,-0.667752,0.546903,-693.524475,1535.331177,-4658.648438,-693.741394,1454.639648,-4669.050293,-683.701294,1578.630005,-4687.690430,-705.962158,1486.489624,-4616.949707,-690.693176,1621.565308,-4660.903809,,,,,,,,,,,,,2616.289307,1567.779541,-3159.782471,,,,,,,,,,,,,,,,,,,,,,,,,,,,,,,,,
9151,91.510000,0.000000,0.000000,0.000000,1.000000,0.000000,0.000000,0.000000,57.698101,20.499701,-14.700500,0.047771,-0.013570,0.015998,-15.666301,-52.738201,18.801300,-93.396698,0.129960,17.611099,-0.263421,-0.430829,-0.667752,0.546903,-693.524475,1535.331177,-4658.648438,-693.741394,1454.639648,-4669.050293,-683.701294,1578.630005,-4687.690430,-705.962158,1486.489624,-4616.949707,-690.693176,1621.565308,-4660.903809,,,,,,,,,,,,,2616.271240,1567.765747,-3159.789062,,,,,,,,,,,,,,,,,,,,,,,,,,,,,,,,,
9152,91.520000,0.000000,0.000000,0.000000,1.000000,0.000000,0.000000,0.000000,57.698101,20.499701,-14.700500,0.047771,-0.013570,0.015998,-15.666301,-52.738201,18.801300,-93.396698,0.129960,17.611099,-0.263421,-0.430829,-0.667752,0.546903,-693.524475,1535.331177,-4658.648438,-693.741394,1454.639648,-4669.050293,-683.701294,1578.630005,-4687.690430,-705.962158,1486.489624,-4616.949707,-690.693176,1621.565308,-4660.903809,,,,,,,,,,,,,2616.300293,1567.792358,-3159.777344,,,,,,,,,,,,,,,,,,,,,,,,,,,,,,,,,
9153,91.530000,0.000000,0.000000,0.000000,1.000000,0.000000,0.000000,0.000000,57.698101,20.499701,-14.700500,0.047771,-0.013570,0.015998,-15.666301,-52.738201,18.801300,-93.396698,0.129960,17.611099,-0.263421,-0.430829,-0.667752,0.546903,-693.524475,1535.331177,-4658.648438,-693.741394,1454.639648,-4669.050293,-683.701294,1578.630005,-4687.690430,-705.962158,1486.489624,-4616.949707,-690.693176,1621.565308,-4660.903809,,,,,,,,,,,,,2616.288818,1567.745728,-3159.773926,,,,,,,,,,,,,,,,,,,,,,,,,,,,,,,,,
9154,91.540000,0.000000,0.000000,0.000000,1.000000,0.000000,0.000000,0.000000,57.698101,20.499701,-14.700500,0.047771,-0.013570,0.015998,-15.666301,-52.738201,18.801300,-93.396698,0.129960,17.611099,-0.263421,-0.430829,-0.667752,0.546903,-693.524475,1535.331177,-4658.648438,-693.741394,1454.639648,-4669.050293,-683.701294,1578.630005,-4687.690430,-705.962158,1486.489624,-4616.949707,-690.693176,1621.565308,-4660.903809,,,,,,,,,,,,,2616.315430,1567.745972,-3159.771484,,,,,,,,,,,,,,,,,,,,,,,,,,,,,,,,,
9155,91.550000,0.000000,0.000000,0.000000,1.000000,0.000000,0.000000,0.000000,57.698101,20.499701,-14.700500,0.047771,-0.013570,0.015998,-15.666301,-52.738201,18.801300,-93.396698,0.129960,17.611099,-0.263421,-0.430829,-0.667752,0.546903,-693.524475,1535.331177,-4658.648438,-693.741394,1454.639648,-4669.050293,-683.701294,1578.630005,-4687.690430,-705.962158,1486.489624,-4616.949707,-690.693176,1621.565308,-4660.903809,,,,,,,,,,,,,2616.306396,1567.710938,-3159.762451,,,,,,,,,,,,,,,,,,,,,,,,,,,,,,,,,
9156,91.560000,0.000000,0.000000,0.000000,1.000000,0.000000,0.000000,0.000000,57.698101,20.499701,-14.700500,0.047771,-0.013570,0.015998,-15.666301,-52.738201,18.801300,-93.396698,0.129960,17.611099,-0.263421,-0.430829,-0.667752,0.546903,-693.524475,1535.331177,-4658.648438,-693.741394,1454.639648,-4669.050293,-683.701294,1578.630005,-4687.690430,-705.962158,1486.489624,-4616.949707,-690.693176,1621.565308,-4660.903809,,,,,,,,,,,,,2616.314697,1567.761230,-3159.766846,,,,,,,,,,,,,,,,,,,,,,,,,,,,,,,,,
9157,91.570000,0.000000,0.000000,0.000000,1.000000,0.000000,0.000000,0.000000,57.698101,20.499701,-14.700500,0.047771,-0.013570,0.015998,-15.666301,-52.738201,18.801300,-93.396698,0.129960,17.611099,-0.263421,-0.430829,-0.667752,0.546903,-693.524475,1535.331177,-4658.648438,-693.741394,1454.639648,-4669.050293,-683.701294,1578.630005,-4687.690430,-705.962158,1486.489624,-4616.949707,-690.693176,1621.565308,-4660.903809,,,,,,,,,,,,,2616.257080,1567.782959,-3159.797119,,,,,,,,,,,,,,,,,,,,,,,,,,,,,,,,,
9158,91.580000,0.000000,0.000000,0.000000,1.000000,0.000000,0.000000,0.000000,57.698101,20.499701,-14.700500,0.047771,-0.013570,0.015998,-15.666301,-52.738201,18.801300,-93.396698,0.129960,17.611099,-0.263421,-0.430829,-0.667752,0.546903,-693.524475,1535.331177,-4658.648438,-693.741394,1454.639648,-4669.050293,-683.701294,1578.630005,-4687.690430,-705.962158,1486.489624,-4616.949707,-690.693176,1621.565308,-4660.903809,,,,,,,,,,,,,2616.276855,1567.758545,-3159.781494,,,,,,,,,,,,,,,,,,,,,,,,,,,,,,,,,
9159,91.590000,0.000000,0.000000,0.000000,1.000000,0.000000,0.000000,0.000000,57.698101,20.499701,-14.700500,0.047771,-0.013570,0.015998,-15.666301,-52.738201,18.801300,-93.396698,0.129960,17.611099,-0.263421,-0.430829,-0.667752,0.546903,-693.524475,1535.331177,-4658.648438,-693.741394,1454.639648,-4669.050293,-683.701294,1578.630005,-4687.690430,-705.962158,1486.489624,-4616.949707,-690.693176,1621.565308,-4660.903809,,,,,,,,,,,,,2616.310791,1567.757690,-3159.779785,,,,,,,,,,,,,,,,,,,,,,,,,,,,,,,,,
9160,91.600000,0.000000,0.000000,0.000000,1.000000,0.000000,0.000000,0.000000,57.698101,20.499701,-14.700500,0.047771,-0.013570,0.015998,-15.666301,-52.738201,18.801300,-93.396698,0.129960,17.611099,-0.263421,-0.430829,-0.667752,0.546903,-693.524475,1535.331177,-4658.648438,-693.741394,1454.639648,-4669.050293,-683.701294,1578.630005,-4687.690430,-705.962158,1486.489624,-4616.949707,-690.693176,1621.565308,-4660.903809,,,,,,,,,,,,,2616.282227,1567.747925,-3159.772217,,,,,,,,,,,,,,,,,,,,,,,,,,,,,,,,,
9161,91.610000,0.000000,0.000000,0.000000,1.000000,0.000000,0.000000,0.000000,57.698101,20.499701,-14.700500,0.047771,-0.013570,0.015998,-15.666301,-52.738201,18.801300,-93.396698,0.129960,17.611099,-0.263421,-0.430829,-0.667752,0.546903,-693.524475,1535.331177,-4658.648438,-693.741394,1454.639648,-4669.050293,-683.701294,1578.630005,-4687.690430,-705.962158,1486.489624,-4616.949707,-690.693176,1621.565308,-4660.903809,,,,,,,,,,,,,2616.299316,1567.817261,-3159.792236,,,,,,,,,,,,,,,,,,,,,,,,,,,,,,,,,
9162,91.620000,0.000000,0.000000,0.000000,1.000000,0.000000,0.000000,0.000000,57.698101,20.499701,-14.700500,0.047771,-0.013570,0.015998,-15.666301,-52.738201,18.801300,-93.396698,0.129960,17.611099,-0.263421,-0.430829,-0.667752,0.546903,-693.524475,1535.331177,-4658.648438,-693.741394,1454.639648,-4669.050293,-683.701294,1578.630005,-4687.690430,-705.962158,1486.489624,-4616.949707,-690.693176,1621.565308,-4660.903809,,,,,,,,,,,,,2616.256836,1567.757446,-3159.806641,,,,,,,,,,,,,,,,,,,,,,,,,,,,,,,,,
9163,91.630000,0.000000,0.000000,0.000000,1.000000,0.000000,0.000000,0.000000,57.698101,20.499701,-14.700500,0.047771,-0.013570,0.015998,-15.666301,-52.738201,18.801300,-93.396698,0.129960,17.611099,-0.263421,-0.430829,-0.667752,0.546903,-693.524475,1535.331177,-4658.648438,-693.741394,1454.639648,-4669.050293,-683.701294,1578.630005,-4687.690430,-705.962158,1486.489624,-4616.949707,-690.693176,1621.565308,-4660.903809,,,,,,,,,,,,,2616.275635,1567.780640,-3159.783936,,,,,,,,,,,,,,,,,,,,,,,,,,,,,,,,,
9164,91.640000,0.000000,0.000000,0.000000,1.000000,0.000000,0.000000,0.000000,57.698101,20.499701,-14.700500,0.047771,-0.013570,0.015998,-15.666301,-52.738201,18.801300,-93.396698,0.129960,17.611099,-0.263421,-0.430829,-0.667752,0.546903,-693.524475,1535.331177,-4658.648438,-693.741394,1454.639648,-4669.050293,-683.701294,1578.630005,-4687.690430,-705.962158,1486.489624,-4616.949707,-690.693176,1621.565308,-4660.903809,,,,,,,,,,,,,2616.288574,1567.780273,-3159.787598,,,,,,,,,,,,,,,,,,,,,,,,,,,,,,,,,
9165,91.650000,0.000000,0.000000,0.000000,1.000000,0.000000,0.000000,0.000000,57.698101,20.499701,-14.700500,0.047771,-0.013570,0.015998,-15.666301,-52.738201,18.801300,-93.396698,0.129960,17.611099,-0.263421,-0.430829,-0.667752,0.546903,-693.524475,1535.331177,-4658.648438,-693.741394,1454.639648,-4669.050293,-683.701294,1578.630005,-4687.690430,-705.962158,1486.489624,-4616.949707,-690.693176,1621.565308,-4660.903809,,,,,,,,,,,,,2616.304932,1567.762329,-3159.780762,,,,,,,,,,,,,,,,,,,,,,,,,,,,,,,,,
9166,91.660000,0.000000,0.000000,0.000000,1.000000,0.000000,0.000000,0.000000,57.698101,20.499701,-14.700500,0.047771,-0.013570,0.015998,-15.666301,-52.738201,18.801300,-93.396698,0.129960,17.611099,-0.263421,-0.430829,-0.667752,0.546903,-693.524475,1535.331177,-4658.648438,-693.741394,1454.639648,-4669.050293,-683.701294,1578.630005,-4687.690430,-705.962158,1486.489624,-4616.949707,-690.693176,1621.565308,-4660.903809,,,,,,,,,,,,,2616.293457,1567.746216,-3159.773926,,,,,,,,,,,,,,,,,,,,,,,,,,,,,,,,,
9167,91.670000,0.000000,0.000000,0.000000,1.000000,0.000000,0.000000,0.000000,57.698101,20.499701,-14.700500,0.047771,-0.013570,0.015998,-15.666301,-52.738201,18.801300,-93.396698,0.129960,17.611099,-0.263421,-0.430829,-0.667752,0.546903,-693.524475,1535.331177,-4658.648438,-693.741394,1454.639648,-4669.050293,-683.701294,1578.630005,-4687.690430,-705.962158,1486.489624,-4616.949707,-690.693176,1621.565308,-4660.903809,,,,,,,,,,,,,2616.285889,1567.736206,-3159.771484,,,,,,,,,,,,,,,,,,,,,,,,,,,,,,,,,
9168,91.680000,0.000000,0.000000,0.000000,1.000000,0.000000,0.000000,0.000000,57.698101,20.499701,-14.700500,0.047771,-0.013570,0.015998,-15.666301,-52.738201,18.801300,-93.396698,0.129960,17.611099,-0.263421,-0.430829,-0.667752,0.546903,-693.524475,1535.331177,-4658.648438,-693.741394,1454.639648,-4669.050293,-683.701294,1578.630005,-4687.690430,-705.962158,1486.489624,-4616.949707,-690.693176,1621.565308,-4660.903809,,,,,,,,,,,,,2616.293945,1567.748535,-3159.773193,,,,,,,,,,,,,,,,,,,,,,,,,,,,,,,,,
9169,91.690000,0.000000,0.000000,0.000000,1.000000,0.000000,0.000000,0.000000,57.698101,20.499701,-14.700500,0.047771,-0.013570,0.015998,-15.666301,-52.738201,18.801300,-93.396698,0.129960,17.611099,-0.263421,-0.430829,-0.667752,0.546903,-693.524475,1535.331177,-4658.648438,-693.741394,1454.639648,-4669.050293,-683.701294,1578.630005,-4687.690430,-705.962158,1486.489624,-4616.949707,-690.693176,1621.565308,-4660.903809,,,,,,,,,,,,,2616.295410,1567.745239,-3159.766846,,,,,,,,,,,,,,,,,,,,,,,,,,,,,,,,,
9170,91.700000,0.000000,0.000000,0.000000,1.000000,0.000000,0.000000,0.000000,57.698101,20.499701,-14.700500,0.047771,-0.013570,0.015998,-15.666301,-52.738201,18.801300,-93.396698,0.129960,17.611099,-0.263421,-0.430829,-0.667752,0.546903,-693.524475,1535.331177,-4658.648438,-693.741394,1454.639648,-4669.050293,-683.701294,1578.630005,-4687.690430,-705.962158,1486.489624,-4616.949707,-690.693176,1621.565308,-4660.903809,,,,,,,,,,,,,2616.272461,1567.756958,-3159.783691,,,,,,,,,,,,,,,,,,,,,,,,,,,,,,,,,
9171,91.710000,0.000000,0.000000,0.000000,1.000000,0.000000,0.000000,0.000000,57.698101,20.499701,-14.700500,0.047771,-0.013570,0.015998,-15.666301,-52.738201,18.801300,-93.396698,0.129960,17.611099,-0.263421,-0.430829,-0.667752,0.546903,-693.524475,1535.331177,-4658.648438,-693.741394,1454.639648,-4669.050293,-683.701294,1578.630005,-4687.690430,-705.962158,1486.489624,-4616.949707,-690.693176,1621.565308,-4660.903809,,,,,,,,,,,,,2616.285400,1567.753418,-3159.783447,,,,,,,,,,,,,,,,,,,,,,,,,,,,,,,,,
9172,91.720000,0.000000,0.000000,0.000000,1.000000,0.000000,0.000000,0.000000,57.698101,20.499701,-14.700500,0.047771,-0.013570,0.015998,-15.666301,-52.738201,18.801300,-93.396698,0.129960,17.611099,-0.263421,-0.430829,-0.667752,0.546903,-693.524475,1535.331177,-4658.648438,-693.741394,1454.639648,-4669.050293,-683.701294,1578.630005,-4687.690430,-705.962158,1486.489624,-4616.949707,-690.693176,1621.565308,-4660.903809,,,,,,,,,,,,,2616.292725,1567.749390,-3159.761230,,,,,,,,,,,,,,,,,,,,,,,,,,,,,,,,,
9173,91.730000,0.000000,0.000000,0.000000,1.000000,0.000000,0.000000,0.000000,57.698101,20.499701,-14.700500,0.047771,-0.013570,0.015998,-15.666301,-52.738201,18.801300,-93.396698,0.129960,17.611099,-0.263421,-0.430829,-0.667752,0.546903,-693.524475,1535.331177,-4658.648438,-693.741394,1454.639648,-4669.050293,-683.701294,1578.630005,-4687.690430,-705.962158,1486.489624,-4616.949707,-690.693176,1621.565308,-4660.903809,,,,,,,,,,,,,2616.302002,1567.744507,-3159.764404,,,,,,,,,,,,,,,,,,,,,,,,,,,,,,,,,
9174,91.740000,0.000000,0.000000,0.000000,1.000000,0.000000,0.000000,0.000000,57.698101,20.499701,-14.700500,0.047771,-0.013570,0.015998,-15.666301,-52.738201,18.801300,-93.396698,0.129960,17.611099,-0.263421,-0.430829,-0.667752,0.546903,-693.524475,1535.331177,-4658.648438,-693.741394,1454.639648,-4669.050293,-683.701294,1578.630005,-4687.690430,-705.962158,1486.489624,-4616.949707,-690.693176,1621.565308,-4660.903809,,,,,,,,,,,,,2616.314941,1567.722046,-3159.773438,,,,,,,,,,,,,,,,,,,,,,,,,,,,,,,,,
9175,91.750000,0.000000,0.000000,0.000000,1.000000,0.000000,0.000000,0.000000,57.698101,20.499701,-14.700500,0.047771,-0.013570,0.015998,-15.666301,-52.738201,18.801300,-93.396698,0.129960,17.611099,-0.263421,-0.430829,-0.667752,0.546903,-693.524475,1535.331177,-4658.648438,-693.741394,1454.639648,-4669.050293,-683.701294,1578.630005,-4687.690430,-705.962158,1486.489624,-4616.949707,-690.693176,1621.565308,-4660.903809,,,,,,,,,,,,,2616.300537,1567.750610,-3159.747070,,,,,,,,,,,,,,,,,,,,,,,,,,,,,,,,,
9176,91.760000,0.000000,0.000000,0.000000,1.000000,0.000000,0.000000,0.000000,57.698101,20.499701,-14.700500,0.047771,-0.013570,0.015998,-15.666301,-52.738201,18.801300,-93.396698,0.129960,17.611099,-0.263421,-0.430829,-0.667752,0.546903,-693.524475,1535.331177,-4658.648438,-693.741394,1454.639648,-4669.050293,-683.701294,1578.630005,-4687.690430,-705.962158,1486.489624,-4616.949707,-690.693176,1621.565308,-4660.903809,,,,,,,,,,,,,2616.305420,1567.713867,-3159.766357,,,,,,,,,,,,,,,,,,,,,,,,,,,,,,,,,
9177,91.770000,0.000000,0.000000,0.000000,1.000000,0.000000,0.000000,0.000000,57.698101,20.499701,-14.700500,0.047771,-0.013570,0.015998,-15.666301,-52.738201,18.801300,-93.396698,0.129960,17.611099,-0.263421,-0.430829,-0.667752,0.546903,-693.524475,1535.331177,-4658.648438,-693.741394,1454.639648,-4669.050293,-683.701294,1578.630005,-4687.690430,-705.962158,1486.489624,-4616.949707,-690.693176,1621.565308,-4660.903809,,,,,,,,,,,,,2616.276367,1567.739258,-3159.769287,,,,,,,,,,,,,,,,,,,,,,,,,,,,,,,,,
9178,91.780000,0.000000,0.000000,0.000000,1.000000,0.000000,0.000000,0.000000,57.698101,20.499701,-14.700500,0.047771,-0.013570,0.015998,-15.666301,-52.738201,18.801300,-93.396698,0.129960,17.611099,-0.263421,-0.430829,-0.667752,0.546903,-693.524475,1535.331177,-4658.648438,-693.741394,1454.639648,-4669.050293,-683.701294,1578.630005,-4687.690430,-705.962158,1486.489624,-4616.949707,-690.693176,1621.565308,-4660.903809,,,,,,,,,,,,,2616.251221,1567.749390,-3159.787842,,,,,,,,,,,,,,,,,,,,,,,,,,,,,,,,,
9179,91.790000,0.000000,0.000000,0.000000,1.000000,0.000000,0.000000,0.000000,57.698101,20.499701,-14.700500,0.047771,-0.013570,0.015998,-15.666301,-52.738201,18.801300,-93.396698,0.129960,17.611099,-0.263421,-0.430829,-0.667752,0.546903,-693.524475,1535.331177,-4658.648438,-693.741394,1454.639648,-4669.050293,-683.701294,1578.630005,-4687.690430,-705.962158,1486.489624,-4616.949707,-690.693176,1621.565308,-4660.903809,,,,,,,,,,,,,2616.278809,1567.765747,-3159.787109,,,,,,,,,,,,,,,,,,,,,,,,,,,,,,,,,
9180,91.800000,0.000000,0.000000,0.000000,1.000000,0.000000,0.000000,0.000000,57.698101,20.499701,-14.700500,0.047771,-0.013570,0.015998,-15.666301,-52.738201,18.801300,-93.396698,0.129960,17.611099,-0.263421,-0.430829,-0.667752,0.546903,-693.524475,1535.331177,-4658.648438,-693.741394,1454.639648,-4669.050293,-683.701294,1578.630005,-4687.690430,-705.962158,1486.489624,-4616.949707,-690.693176,1621.565308,-4660.903809,,,,,,,,,,,,,2616.262939,1567.772705,-3159.805176,,,,,,,,,,,,,,,,,,,,,,,,,,,,,,,,,
9181,91.810000,0.000000,0.000000,0.000000,1.000000,0.000000,0.000000,0.000000,57.698101,20.499701,-14.700500,0.047771,-0.013570,0.015998,-15.666301,-52.738201,18.801300,-93.396698,0.129960,17.611099,-0.263421,-0.430829,-0.667752,0.546903,-693.524475,1535.331177,-4658.648438,-693.741394,1454.639648,-4669.050293,-683.701294,1578.630005,-4687.690430,-705.962158,1486.489624,-4616.949707,-690.693176,1621.565308,-4660.903809,,,,,,,,,,,,,2616.266357,1567.705322,-3159.774902,,,,,,,,,,,,,,,,,,,,,,,,,,,,,,,,,
9182,91.820000,0.000000,0.000000,0.000000,1.000000,0.000000,0.000000,0.000000,57.698101,20.499701,-14.700500,0.047771,-0.013570,0.015998,-15.666301,-52.738201,18.801300,-93.396698,0.129960,17.611099,-0.263421,-0.430829,-0.667752,0.546903,-693.524475,1535.331177,-4658.648438,-693.741394,1454.639648,-4669.050293,-683.701294,1578.630005,-4687.690430,-705.962158,1486.489624,-4616.949707,-690.693176,1621.565308,-4660.903809,,,,,,,,,,,,,2616.308105,1567.759521,-3159.763916,,,,,,,,,,,,,,,,,,,,,,,,,,,,,,,,,
9183,91.830000,0.000000,0.000000,0.000000,1.000000,0.000000,0.000000,0.000000,57.698101,20.499701,-14.700500,0.047771,-0.013570,0.015998,-15.666301,-52.738201,18.801300,-93.396698,0.129960,17.611099,-0.263421,-0.430829,-0.667752,0.546903,-693.524475,1535.331177,-4658.648438,-693.741394,1454.639648,-4669.050293,-683.701294,1578.630005,-4687.690430,-705.962158,1486.489624,-4616.949707,-690.693176,1621.565308,-4660.903809,,,,,,,,,,,,,2616.320068,1567.748657,-3159.766602,,,,,,,,,,,,,,,,,,,,,,,,,,,,,,,,,
9184,91.840000,0.000000,0.000000,0.000000,1.000000,0.000000,0.000000,0.000000,57.698101,20.499701,-14.700500,0.047771,-0.013570,0.015998,-15.666301,-52.738201,18.801300,-93.396698,0.129960,17.611099,-0.263421,-0.430829,-0.667752,0.546903,-693.524475,1535.331177,-4658.648438,-693.741394,1454.639648,-4669.050293,-683.701294,1578.630005,-4687.690430,-705.962158,1486.489624,-4616.949707,-690.693176,1621.565308,-4660.903809,,,,,,,,,,,,,2616.270996,1567.740234,-3159.784912,,,,,,,,,,,,,,,,,,,,,,,,,,,,,,,,,
9185,91.850000,0.000000,0.000000,0.000000,1.000000,0.000000,0.000000,0.000000,57.698101,20.499701,-14.700500,0.047771,-0.013570,0.015998,-15.666301,-52.738201,18.801300,-93.396698,0.129960,17.611099,-0.263421,-0.430829,-0.667752,0.546903,-693.524475,1535.331177,-4658.648438,-693.741394,1454.639648,-4669.050293,-683.701294,1578.630005,-4687.690430,-705.962158,1486.489624,-4616.949707,-690.693176,1621.565308,-4660.903809,,,,,,,,,,,,,2616.269287,1567.761230,-3159.778564,,,,,,,,,,,,,,,,,,,,,,,,,,,,,,,,,
9186,91.860000,0.000000,0.000000,0.000000,1.000000,0.000000,0.000000,0.000000,57.698101,20.499701,-14.700500,0.047771,-0.013570,0.015998,-15.666301,-52.738201,18.801300,-93.396698,0.129960,17.611099,-0.263421,-0.430829,-0.667752,0.546903,-693.524475,1535.331177,-4658.648438,-693.741394,1454.639648,-4669.050293,-683.701294,1578.630005,-4687.690430,-705.962158,1486.489624,-4616.949707,-690.693176,1621.565308,-4660.903809,,,,,,,,,,,,,2616.287109,1567.743408,-3159.775879,,,,,,,,,,,,,,,,,,,,,,,,,,,,,,,,,
9187,91.870000,0.000000,0.000000,0.000000,1.000000,0.000000,0.000000,0.000000,57.698101,20.499701,-14.700500,0.047771,-0.013570,0.015998,-15.666301,-52.738201,18.801300,-93.396698,0.129960,17.611099,-0.263421,-0.430829,-0.667752,0.546903,-693.524475,1535.331177,-4658.648438,-693.741394,1454.639648,-4669.050293,-683.701294,1578.630005,-4687.690430,-705.962158,1486.489624,-4616.949707,-690.693176,1621.565308,-4660.903809,,,,,,,,,,,,,2616.335693,1567.730469,-3159.755615,,,,,,,,,,,,,,,,,,,,,,,,,,,,,,,,,
9188,91.880000,0.000000,0.000000,0.000000,1.000000,0.000000,0.000000,0.000000,57.698101,20.499701,-14.700500,0.047771,-0.013570,0.015998,-15.666301,-52.738201,18.801300,-93.396698,0.129960,17.611099,-0.263421,-0.430829,-0.667752,0.546903,-693.524475,1535.331177,-4658.648438,-693.741394,1454.639648,-4669.050293,-683.701294,1578.630005,-4687.690430,-705.962158,1486.489624,-4616.949707,-690.693176,1621.565308,-4660.903809,,,,,,,,,,,,,2616.299072,1567.711060,-3159.768555,,,,,,,,,,,,,,,,,,,,,,,,,,,,,,,,,
9189,91.890000,0.000000,0.000000,0.000000,1.000000,0.000000,0.000000,0.000000,57.698101,20.499701,-14.700500,0.047771,-0.013570,0.015998,-15.666301,-52.738201,18.801300,-93.396698,0.129960,17.611099,-0.263421,-0.430829,-0.667752,0.546903,-693.524475,1535.331177,-4658.648438,-693.741394,1454.639648,-4669.050293,-683.701294,1578.630005,-4687.690430,-705.962158,1486.489624,-4616.949707,-690.693176,1621.565308,-4660.903809,,,,,,,,,,,,,2616.291504,1567.738037,-3159.779053,,,,,,,,,,,,,,,,,,,,,,,,,,,,,,,,,
9190,91.900000,0.000000,0.000000,0.000000,1.000000,0.000000,0.000000,0.000000,57.698101,20.499701,-14.700500,0.047771,-0.013570,0.015998,-15.666301,-52.738201,18.801300,-93.396698,0.129960,17.611099,-0.263421,-0.430829,-0.667752,0.546903,-693.524475,1535.331177,-4658.648438,-693.741394,1454.639648,-4669.050293,-683.701294,1578.630005,-4687.690430,-705.962158,1486.489624,-4616.949707,-690.693176,1621.565308,-4660.903809,,,,,,,,,,,,,2616.303711,1567.738770,-3159.770508,,,,,,,,,,,,,,,,,,,,,,,,,,,,,,,,,
9191,91.910000,0.000000,0.000000,0.000000,1.000000,0.000000,0.000000,0.000000,57.698101,20.499701,-14.700500,0.047771,-0.013570,0.015998,-15.666301,-52.738201,18.801300,-93.396698,0.129960,17.611099,-0.263421,-0.430829,-0.667752,0.546903,-693.524475,1535.331177,-4658.648438,-693.741394,1454.639648,-4669.050293,-683.701294,1578.630005,-4687.690430,-705.962158,1486.489624,-4616.949707,-690.693176,1621.565308,-4660.903809,,,,,,,,,,,,,2616.277100,1567.744751,-3159.777344,,,,,,,,,,,,,,,,,,,,,,,,,,,,,,,,,
9192,91.920000,0.000000,0.000000,0.000000,1.000000,0.000000,0.000000,0.000000,57.698101,20.499701,-14.700500,0.047771,-0.013570,0.015998,-15.666301,-52.738201,18.801300,-93.396698,0.129960,17.611099,-0.263421,-0.430829,-0.667752,0.546903,-693.524475,1535.331177,-4658.648438,-693.741394,1454.639648,-4669.050293,-683.701294,1578.630005,-4687.690430,-705.962158,1486.489624,-4616.949707,-690.693176,1621.565308,-4660.903809,,,,,,,,,,,,,2616.254883,1567.771606,-3159.798828,,,,,,,,,,,,,,,,,,,,,,,,,,,,,,,,,
9193,91.930000,0.000000,0.000000,0.000000,1.000000,0.000000,0.000000,0.000000,57.698101,20.499701,-14.700500,0.047771,-0.013570,0.015998,-15.666301,-52.738201,18.801300,-93.396698,0.129960,17.611099,-0.263421,-0.430829,-0.667752,0.546903,-693.524475,1535.331177,-4658.648438,-693.741394,1454.639648,-4669.050293,-683.701294,1578.630005,-4687.690430,-705.962158,1486.489624,-4616.949707,-690.693176,1621.565308,-4660.903809,,,,,,,,,,,,,2616.267334,1567.788086,-3159.800049,,,,,,,,,,,,,,,,,,,,,,,,,,,,,,,,,
9194,91.940000,0.000000,0.000000,0.000000,1.000000,0.000000,0.000000,0.000000,57.698101,20.499701,-14.700500,0.047771,-0.013570,0.015998,-15.666301,-52.738201,18.801300,-93.396698,0.129960,17.611099,-0.263421,-0.430829,-0.667752,0.546903,-693.524475,1535.331177,-4658.648438,-693.741394,1454.639648,-4669.050293,-683.701294,1578.630005,-4687.690430,-705.962158,1486.489624,-4616.949707,-690.693176,1621.565308,-4660.903809,,,,,,,,,,,,,2616.270508,1567.729736,-3159.788818,,,,,,,,,,,,,,,,,,,,,,,,,,,,,,,,,
9195,91.950000,0.000000,0.000000,0.000000,1.000000,0.000000,0.000000,0.000000,57.698101,20.499701,-14.700500,0.047771,-0.013570,0.015998,-15.666301,-52.738201,18.801300,-93.396698,0.129960,17.611099,-0.263421,-0.430829,-0.667752,0.546903,-693.524475,1535.331177,-4658.648438,-693.741394,1454.639648,-4669.050293,-683.701294,1578.630005,-4687.690430,-705.962158,1486.489624,-4616.949707,-690.693176,1621.565308,-4660.903809,,,,,,,,,,,,,2616.301758,1567.724976,-3159.764893,,,,,,,,,,,,,,,,,,,,,,,,,,,,,,,,,
9196,91.960000,0.000000,0.000000,0.000000,1.000000,0.000000,0.000000,0.000000,57.698101,20.499701,-14.700500,0.047771,-0.013570,0.015998,-15.666301,-52.738201,18.801300,-93.396698,0.129960,17.611099,-0.263421,-0.430829,-0.667752,0.546903,-693.524475,1535.331177,-4658.648438,-693.741394,1454.639648,-4669.050293,-683.701294,1578.630005,-4687.690430,-705.962158,1486.489624,-4616.949707,-690.693176,1621.565308,-4660.903809,,,,,,,,,,,,,2616.282227,1567.751953,-3159.773682,,,,,,,,,,,,,,,,,,,,,,,,,,,,,,,,,
9197,91.970000,0.000000,0.000000,0.000000,1.000000,0.000000,0.000000,0.000000,57.698101,20.499701,-14.700500,0.047771,-0.013570,0.015998,-15.666301,-52.738201,18.801300,-93.396698,0.129960,17.611099,-0.263421,-0.430829,-0.667752,0.546903,-693.524475,1535.331177,-4658.648438,-693.741394,1454.639648,-4669.050293,-683.701294,1578.630005,-4687.690430,-705.962158,1486.489624,-4616.949707,-690.693176,1621.565308,-4660.903809,,,,,,,,,,,,,2616.275879,1567.767578,-3159.790771,,,,,,,,,,,,,,,,,,,,,,,,,,,,,,,,,
9198,91.980000,0.000000,0.000000,0.000000,1.000000,0.000000,0.000000,0.000000,57.698101,20.499701,-14.700500,0.047771,-0.013570,0.015998,-15.666301,-52.738201,18.801300,-93.396698,0.129960,17.611099,-0.263421,-0.430829,-0.667752,0.546903,-693.524475,1535.331177,-4658.648438,-693.741394,1454.639648,-4669.050293,-683.701294,1578.630005,-4687.690430,-705.962158,1486.489624,-4616.949707,-690.693176,1621.565308,-4660.903809,,,,,,,,,,,,,2616.270264,1567.713501,-3159.785400,,,,,,,,,,,,,,,,,,,,,,,,,,,,,,,,,
9199,91.990000,0.000000,0.000000,0.000000,1.000000,0.000000,0.000000,0.000000,57.698101,20.499701,-14.700500,0.047771,-0.013570,0.015998,-15.666301,-52.738201,18.801300,-93.396698,0.129960,17.611099,-0.263421,-0.430829,-0.667752,0.546903,-693.524475,1535.331177,-4658.648438,-693.741394,1454.639648,-4669.050293,-683.701294,1578.630005,-4687.690430,-705.962158,1486.489624,-4616.949707,-690.693176,1621.565308,-4660.903809,,,,,,,,,,,,,2616.346680,1567.746094,-3159.754395,,,,,,,,,,,,,,,,,,,,,,,,,,,,,,,,,
9200,92.000000,0.000000,0.000000,0.000000,1.000000,0.000000,0.000000,0.000000,57.698101,20.499701,-14.700500,0.047771,-0.013570,0.015998,-15.666301,-52.738201,18.801300,-93.396698,0.129960,17.611099,-0.263421,-0.430829,-0.667752,0.546903,-693.524475,1535.331177,-4658.648438,-693.741394,1454.639648,-4669.050293,-683.701294,1578.630005,-4687.690430,-705.962158,1486.489624,-4616.949707,-690.693176,1621.565308,-4660.903809,,,,,,,,,,,,,2616.319092,1567.750488,-3159.760010,,,,,,,,,,,,,,,,,,,,,,,,,,,,,,,,,
9201,92.010000,0.000000,0.000000,0.000000,1.000000,0.000000,0.000000,0.000000,57.698101,20.499701,-14.700500,0.047771,-0.013570,0.015998,-15.666301,-52.738201,18.801300,-93.396698,0.129960,17.611099,-0.263421,-0.430829,-0.667752,0.546903,-693.524475,1535.331177,-4658.648438,-693.741394,1454.639648,-4669.050293,-683.701294,1578.630005,-4687.690430,-705.962158,1486.489624,-4616.949707,-690.693176,1621.565308,-4660.903809,,,,,,,,,,,,,2616.288086,1567.763794,-3159.779053,,,,,,,,,,,,,,,,,,,,,,,,,,,,,,,,,
9202,92.020000,0.000000,0.000000,0.000000,1.000000,0.000000,0.000000,0.000000,57.698101,20.499701,-14.700500,0.047771,-0.013570,0.015998,-15.666301,-52.738201,18.801300,-93.396698,0.129960,17.611099,-0.263421,-0.430829,-0.667752,0.546903,-693.524475,1535.331177,-4658.648438,-693.741394,1454.639648,-4669.050293,-683.701294,1578.630005,-4687.690430,-705.962158,1486.489624,-4616.949707,-690.693176,1621.565308,-4660.903809,,,,,,,,,,,,,2616.278320,1567.742554,-3159.784668,,,,,,,,,,,,,,,,,,,,,,,,,,,,,,,,,
9203,92.030000,0.000000,0.000000,0.000000,1.000000,0.000000,0.000000,0.000000,57.698101,20.499701,-14.700500,0.047771,-0.013570,0.015998,-15.666301,-52.738201,18.801300,-93.396698,0.129960,17.611099,-0.263421,-0.430829,-0.667752,0.546903,-693.524475,1535.331177,-4658.648438,-693.741394,1454.639648,-4669.050293,-683.701294,1578.630005,-4687.690430,-705.962158,1486.489624,-4616.949707,-690.693176,1621.565308,-4660.903809,,,,,,,,,,,,,2616.281738,1567.745728,-3159.781738,,,,,,,,,,,,,,,,,,,,,,,,,,,,,,,,,
9204,92.040000,0.000000,0.000000,0.000000,1.000000,0.000000,0.000000,0.000000,57.698101,20.499701,-14.700500,0.047771,-0.013570,0.015998,-15.666301,-52.738201,18.801300,-93.396698,0.129960,17.611099,-0.263421,-0.430829,-0.667752,0.546903,-693.524475,1535.331177,-4658.648438,-693.741394,1454.639648,-4669.050293,-683.701294,1578.630005,-4687.690430,-705.962158,1486.489624,-4616.949707,-690.693176,1621.565308,-4660.903809,,,,,,,,,,,,,2616.313965,1567.731323,-3159.779785,,,,,,,,,,,,,,,,,,,,,,,,,,,,,,,,,
9205,92.050000,0.000000,0.000000,0.000000,1.000000,0.000000,0.000000,0.000000,57.698101,20.499701,-14.700500,0.047771,-0.013570,0.015998,-15.666301,-52.738201,18.801300,-93.396698,0.129960,17.611099,-0.263421,-0.430829,-0.667752,0.546903,-693.524475,1535.331177,-4658.648438,-693.741394,1454.639648,-4669.050293,-683.701294,1578.630005,-4687.690430,-705.962158,1486.489624,-4616.949707,-690.693176,1621.565308,-4660.903809,,,,,,,,,,,,,2616.308105,1567.718872,-3159.759033,,,,,,,,,,,,,,,,,,,,,,,,,,,,,,,,,
9206,92.060000,0.000000,0.000000,0.000000,1.000000,0.000000,0.000000,0.000000,57.698101,20.499701,-14.700500,0.047771,-0.013570,0.015998,-15.666301,-52.738201,18.801300,-93.396698,0.129960,17.611099,-0.263421,-0.430829,-0.667752,0.546903,-693.524475,1535.331177,-4658.648438,-693.741394,1454.639648,-4669.050293,-683.701294,1578.630005,-4687.690430,-705.962158,1486.489624,-4616.949707,-690.693176,1621.565308,-4660.903809,,,,,,,,,,,,,2616.291504,1567.749756,-3159.763184,,,,,,,,,,,,,,,,,,,,,,,,,,,,,,,,,
9207,92.070000,0.000000,0.000000,0.000000,1.000000,0.000000,0.000000,0.000000,57.698101,20.499701,-14.700500,0.047771,-0.013570,0.015998,-15.666301,-52.738201,18.801300,-93.396698,0.129960,17.611099,-0.263421,-0.430829,-0.667752,0.546903,-693.524475,1535.331177,-4658.648438,-693.741394,1454.639648,-4669.050293,-683.701294,1578.630005,-4687.690430,-705.962158,1486.489624,-4616.949707,-690.693176,1621.565308,-4660.903809,,,,,,,,,,,,,2616.281494,1567.769165,-3159.791504,,,,,,,,,,,,,,,,,,,,,,,,,,,,,,,,,
9208,92.080000,0.000000,0.000000,0.000000,1.000000,0.000000,0.000000,0.000000,57.698101,20.499701,-14.700500,0.047771,-0.013570,0.015998,-15.666301,-52.738201,18.801300,-93.396698,0.129960,17.611099,-0.263421,-0.430829,-0.667752,0.546903,-693.524475,1535.331177,-4658.648438,-693.741394,1454.639648,-4669.050293,-683.701294,1578.630005,-4687.690430,-705.962158,1486.489624,-4616.949707,-690.693176,1621.565308,-4660.903809,,,,,,,,,,,,,2616.269775,1567.764282,-3159.794922,,,,,,,,,,,,,,,,,,,,,,,,,,,,,,,,,
9209,92.090000,0.000000,0.000000,0.000000,1.000000,0.000000,0.000000,0.000000,57.698101,20.499701,-14.700500,0.047771,-0.013570,0.015998,-15.666301,-52.738201,18.801300,-93.396698,0.129960,17.611099,-0.263421,-0.430829,-0.667752,0.546903,-693.524475,1535.331177,-4658.648438,-693.741394,1454.639648,-4669.050293,-683.701294,1578.630005,-4687.690430,-705.962158,1486.489624,-4616.949707,-690.693176,1621.565308,-4660.903809,,,,,,,,,,,,,2616.264648,1567.733032,-3159.787598,,,,,,,,,,,,,,,,,,,,,,,,,,,,,,,,,
9210,92.100000,0.000000,0.000000,0.000000,1.000000,0.000000,0.000000,0.000000,57.698101,20.499701,-14.700500,0.047771,-0.013570,0.015998,-15.666301,-52.738201,18.801300,-93.396698,0.129960,17.611099,-0.263421,-0.430829,-0.667752,0.546903,-693.524475,1535.331177,-4658.648438,-693.741394,1454.639648,-4669.050293,-683.701294,1578.630005,-4687.690430,-705.962158,1486.489624,-4616.949707,-690.693176,1621.565308,-4660.903809,,,,,,,,,,,,,2616.276855,1567.729248,-3159.768555,,,,,,,,,,,,,,,,,,,,,,,,,,,,,,,,,
9211,92.110000,0.000000,0.000000,0.000000,1.000000,0.000000,0.000000,0.000000,57.698101,20.499701,-14.700500,0.047771,-0.013570,0.015998,-15.666301,-52.738201,18.801300,-93.396698,0.129960,17.611099,-0.263421,-0.430829,-0.667752,0.546903,-693.524475,1535.331177,-4658.648438,-693.741394,1454.639648,-4669.050293,-683.701294,1578.630005,-4687.690430,-705.962158,1486.489624,-4616.949707,-690.693176,1621.565308,-4660.903809,,,,,,,,,,,,,2616.293457,1567.739990,-3159.774170,,,,,,,,,,,,,,,,,,,,,,,,,,,,,,,,,
9212,92.120000,0.000000,0.000000,0.000000,1.000000,0.000000,0.000000,0.000000,57.698101,20.499701,-14.700500,0.047771,-0.013570,0.015998,-15.666301,-52.738201,18.801300,-93.396698,0.129960,17.611099,-0.263421,-0.430829,-0.667752,0.546903,-693.524475,1535.331177,-4658.648438,-693.741394,1454.639648,-4669.050293,-683.701294,1578.630005,-4687.690430,-705.962158,1486.489624,-4616.949707,-690.693176,1621.565308,-4660.903809,,,,,,,,,,,,,2616.266846,1567.727661,-3159.782227,,,,,,,,,,,,,,,,,,,,,,,,,,,,,,,,,
9213,92.130000,0.000000,0.000000,0.000000,1.000000,0.000000,0.000000,0.000000,57.698101,20.499701,-14.700500,0.047771,-0.013570,0.015998,-15.666301,-52.738201,18.801300,-93.396698,0.129960,17.611099,-0.263421,-0.430829,-0.667752,0.546903,-693.524475,1535.331177,-4658.648438,-693.741394,1454.639648,-4669.050293,-683.701294,1578.630005,-4687.690430,-705.962158,1486.489624,-4616.949707,-690.693176,1621.565308,-4660.903809,,,,,,,,,,,,,2616.279297,1567.752686,-3159.778076,,,,,,,,,,,,,,,,,,,,,,,,,,,,,,,,,
9214,92.140000,0.000000,0.000000,0.000000,1.000000,0.000000,0.000000,0.000000,57.698101,20.499701,-14.700500,0.047771,-0.013570,0.015998,-15.666301,-52.738201,18.801300,-93.396698,0.129960,17.611099,-0.263421,-0.430829,-0.667752,0.546903,-693.524475,1535.331177,-4658.648438,-693.741394,1454.639648,-4669.050293,-683.701294,1578.630005,-4687.690430,-705.962158,1486.489624,-4616.949707,-690.693176,1621.565308,-4660.903809,,,,,,,,,,,,,2616.282959,1567.774536,-3159.780518,,,,,,,,,,,,,,,,,,,,,,,,,,,,,,,,,
9215,92.150000,0.000000,0.000000,0.000000,1.000000,0.000000,0.000000,0.000000,57.698101,20.499701,-14.700500,0.047771,-0.013570,0.015998,-15.666301,-52.738201,18.801300,-93.396698,0.129960,17.611099,-0.263421,-0.430829,-0.667752,0.546903,-693.524475,1535.331177,-4658.648438,-693.741394,1454.639648,-4669.050293,-683.701294,1578.630005,-4687.690430,-705.962158,1486.489624,-4616.949707,-690.693176,1621.565308,-4660.903809,,,,,,,,,,,,,2616.285156,1567.746094,-3159.780762,,,,,,,,,,,,,,,,,,,,,,,,,,,,,,,,,
9216,92.160000,0.000000,0.000000,0.000000,1.000000,0.000000,0.000000,0.000000,57.698101,20.499701,-14.700500,0.047771,-0.013570,0.015998,-15.666301,-52.738201,18.801300,-93.396698,0.129960,17.611099,-0.263421,-0.430829,-0.667752,0.546903,-693.524475,1535.331177,-4658.648438,-693.741394,1454.639648,-4669.050293,-683.701294,1578.630005,-4687.690430,-705.962158,1486.489624,-4616.949707,-690.693176,1621.565308,-4660.903809,,,,,,,,,,,,,2616.289062,1567.706665,-3159.767578,,,,,,,,,,,,,,,,,,,,,,,,,,,,,,,,,
9217,92.170000,0.000000,0.000000,0.000000,1.000000,0.000000,0.000000,0.000000,57.698101,20.499701,-14.700500,0.047771,-0.013570,0.015998,-15.666301,-52.738201,18.801300,-93.396698,0.129960,17.611099,-0.263421,-0.430829,-0.667752,0.546903,-693.524475,1535.331177,-4658.648438,-693.741394,1454.639648,-4669.050293,-683.701294,1578.630005,-4687.690430,-705.962158,1486.489624,-4616.949707,-690.693176,1621.565308,-4660.903809,,,,,,,,,,,,,2616.290527,1567.746460,-3159.765137,,,,,,,,,,,,,,,,,,,,,,,,,,,,,,,,,
9218,92.180000,0.000000,0.000000,0.000000,1.000000,0.000000,0.000000,0.000000,57.698101,20.499701,-14.700500,0.047771,-0.013570,0.015998,-15.666301,-52.738201,18.801300,-93.396698,0.129960,17.611099,-0.263421,-0.430829,-0.667752,0.546903,-693.524475,1535.331177,-4658.648438,-693.741394,1454.639648,-4669.050293,-683.701294,1578.630005,-4687.690430,-705.962158,1486.489624,-4616.949707,-690.693176,1621.565308,-4660.903809,,,,,,,,,,,,,2616.302246,1567.755981,-3159.763672,,,,,,,,,,,,,,,,,,,,,,,,,,,,,,,,,
9219,92.190000,0.000000,0.000000,0.000000,1.000000,0.000000,0.000000,0.000000,57.698101,20.499701,-14.700500,0.047771,-0.013570,0.015998,-15.666301,-52.738201,18.801300,-93.396698,0.129960,17.611099,-0.263421,-0.430829,-0.667752,0.546903,-693.524475,1535.331177,-4658.648438,-693.741394,1454.639648,-4669.050293,-683.701294,1578.630005,-4687.690430,-705.962158,1486.489624,-4616.949707,-690.693176,1621.565308,-4660.903809,,,,,,,,,,,,,2616.281738,1567.756226,-3159.780762,,,,,,,,,,,,,,,,,,,,,,,,,,,,,,,,,
9220,92.200000,0.000000,0.000000,0.000000,1.000000,0.000000,0.000000,0.000000,57.698101,20.499701,-14.700500,0.047771,-0.013570,0.015998,-15.666301,-52.738201,18.801300,-93.396698,0.129960,17.611099,-0.263421,-0.430829,-0.667752,0.546903,-693.524475,1535.331177,-4658.648438,-693.741394,1454.639648,-4669.050293,-683.701294,1578.630005,-4687.690430,-705.962158,1486.489624,-4616.949707,-690.693176,1621.565308,-4660.903809,,,,,,,,,,,,,2616.287598,1567.727539,-3159.785400,,,,,,,,,,,,,,,,,,,,,,,,,,,,,,,,,
9221,92.210000,0.000000,0.000000,0.000000,1.000000,0.000000,0.000000,0.000000,57.698101,20.499701,-14.700500,0.047771,-0.013570,0.015998,-15.666301,-52.738201,18.801300,-93.396698,0.129960,17.611099,-0.263421,-0.430829,-0.667752,0.546903,-693.524475,1535.331177,-4658.648438,-693.741394,1454.639648,-4669.050293,-683.701294,1578.630005,-4687.690430,-705.962158,1486.489624,-4616.949707,-690.693176,1621.565308,-4660.903809,,,,,,,,,,,,,2616.287354,1567.762695,-3159.785645,,,,,,,,,,,,,,,,,,,,,,,,,,,,,,,,,
9222,92.220000,0.000000,0.000000,0.000000,1.000000,0.000000,0.000000,0.000000,57.698101,20.499701,-14.700500,0.047771,-0.013570,0.015998,-15.666301,-52.738201,18.801300,-93.396698,0.129960,17.611099,-0.263421,-0.430829,-0.667752,0.546903,-693.524475,1535.331177,-4658.648438,-693.741394,1454.639648,-4669.050293,-683.701294,1578.630005,-4687.690430,-705.962158,1486.489624,-4616.949707,-690.693176,1621.565308,-4660.903809,,,,,,,,,,,,,2616.304443,1567.740723,-3159.771973,,,,,,,,,,,,,,,,,,,,,,,,,,,,,,,,,
9223,92.230000,0.000000,0.000000,0.000000,1.000000,0.000000,0.000000,0.000000,57.698101,20.499701,-14.700500,0.047771,-0.013570,0.015998,-15.666301,-52.738201,18.801300,-93.396698,0.129960,17.611099,-0.263421,-0.430829,-0.667752,0.546903,-693.524475,1535.331177,-4658.648438,-693.741394,1454.639648,-4669.050293,-683.701294,1578.630005,-4687.690430,-705.962158,1486.489624,-4616.949707,-690.693176,1621.565308,-4660.903809,,,,,,,,,,,,,2616.291260,1567.755249,-3159.786865,,,,,,,,,,,,,,,,,,,,,,,,,,,,,,,,,
9224,92.240000,0.000000,0.000000,0.000000,1.000000,0.000000,0.000000,0.000000,57.698101,20.499701,-14.700500,0.047771,-0.013570,0.015998,-15.666301,-52.738201,18.801300,-93.396698,0.129960,17.611099,-0.263421,-0.430829,-0.667752,0.546903,-693.524475,1535.331177,-4658.648438,-693.741394,1454.639648,-4669.050293,-683.701294,1578.630005,-4687.690430,-705.962158,1486.489624,-4616.949707,-690.693176,1621.565308,-4660.903809,,,,,,,,,,,,,2616.302979,1567.748901,-3159.778809,,,,,,,,,,,,,,,,,,,,,,,,,,,,,,,,,
9225,92.250000,0.000000,0.000000,0.000000,1.000000,0.000000,0.000000,0.000000,57.698101,20.499701,-14.700500,0.047771,-0.013570,0.015998,-15.666301,-52.738201,18.801300,-93.396698,0.129960,17.611099,-0.263421,-0.430829,-0.667752,0.546903,-693.524475,1535.331177,-4658.648438,-693.741394,1454.639648,-4669.050293,-683.701294,1578.630005,-4687.690430,-705.962158,1486.489624,-4616.949707,-690.693176,1621.565308,-4660.903809,,,,,,,,,,,,,2616.264404,1567.738892,-3159.770996,,,,,,,,,,,,,,,,,,,,,,,,,,,,,,,,,
9226,92.260000,0.000000,0.000000,0.000000,1.000000,0.000000,0.000000,0.000000,57.698101,20.499701,-14.700500,0.047771,-0.013570,0.015998,-15.666301,-52.738201,18.801300,-93.396698,0.129960,17.611099,-0.263421,-0.430829,-0.667752,0.546903,-693.524475,1535.331177,-4658.648438,-693.741394,1454.639648,-4669.050293,-683.701294,1578.630005,-4687.690430,-705.962158,1486.489624,-4616.949707,-690.693176,1621.565308,-4660.903809,,,,,,,,,,,,,2616.287842,1567.743896,-3159.781250,,,,,,,,,,,,,,,,,,,,,,,,,,,,,,,,,
9227,92.270000,0.000000,0.000000,0.000000,1.000000,0.000000,0.000000,0.000000,57.698101,20.499701,-14.700500,0.047771,-0.013570,0.015998,-15.666301,-52.738201,18.801300,-93.396698,0.129960,17.611099,-0.263421,-0.430829,-0.667752,0.546903,-693.524475,1535.331177,-4658.648438,-693.741394,1454.639648,-4669.050293,-683.701294,1578.630005,-4687.690430,-705.962158,1486.489624,-4616.949707,-690.693176,1621.565308,-4660.903809,,,,,,,,,,,,,2616.320312,1567.761841,-3159.766846,,,,,,,,,,,,,,,,,,,,,,,,,,,,,,,,,
9228,92.280000,0.000000,0.000000,0.000000,1.000000,0.000000,0.000000,0.000000,57.698101,20.499701,-14.700500,0.047771,-0.013570,0.015998,-15.666301,-52.738201,18.801300,-93.396698,0.129960,17.611099,-0.263421,-0.430829,-0.667752,0.546903,-693.524475,1535.331177,-4658.648438,-693.741394,1454.639648,-4669.050293,-683.701294,1578.630005,-4687.690430,-705.962158,1486.489624,-4616.949707,-690.693176,1621.565308,-4660.903809,,,,,,,,,,,,,2616.280762,1567.734741,-3159.779541,,,,,,,,,,,,,,,,,,,,,,,,,,,,,,,,,
9229,92.290000,0.000000,0.000000,0.000000,1.000000,0.000000,0.000000,0.000000,57.698101,20.499701,-14.700500,0.047771,-0.013570,0.015998,-15.666301,-52.738201,18.801300,-93.396698,0.129960,17.611099,-0.263421,-0.430829,-0.667752,0.546903,-693.524475,1535.331177,-4658.648438,-693.741394,1454.639648,-4669.050293,-683.701294,1578.630005,-4687.690430,-705.962158,1486.489624,-4616.949707,-690.693176,1621.565308,-4660.903809,,,,,,,,,,,,,2616.289062,1567.757202,-3159.789795,,,,,,,,,,,,,,,,,,,,,,,,,,,,,,,,,
9230,92.300000,0.000000,0.000000,0.000000,1.000000,0.000000,0.000000,0.000000,57.698101,20.499701,-14.700500,0.047771,-0.013570,0.015998,-15.666301,-52.738201,18.801300,-93.396698,0.129960,17.611099,-0.263421,-0.430829,-0.667752,0.546903,-693.524475,1535.331177,-4658.648438,-693.741394,1454.639648,-4669.050293,-683.701294,1578.630005,-4687.690430,-705.962158,1486.489624,-4616.949707,-690.693176,1621.565308,-4660.903809,,,,,,,,,,,,,2616.284912,1567.760742,-3159.783203,,,,,,,,,,,,,,,,,,,,,,,,,,,,,,,,,
9231,92.310000,0.000000,0.000000,0.000000,1.000000,0.000000,0.000000,0.000000,57.698101,20.499701,-14.700500,0.047771,-0.013570,0.015998,-15.666301,-52.738201,18.801300,-93.396698,0.129960,17.611099,-0.263421,-0.430829,-0.667752,0.546903,-693.524475,1535.331177,-4658.648438,-693.741394,1454.639648,-4669.050293,-683.701294,1578.630005,-4687.690430,-705.962158,1486.489624,-4616.949707,-690.693176,1621.565308,-4660.903809,,,,,,,,,,,,,2616.265381,1567.768433,-3159.788574,,,,,,,,,,,,,,,,,,,,,,,,,,,,,,,,,
9232,92.320000,0.000000,0.000000,0.000000,1.000000,0.000000,0.000000,0.000000,57.698101,20.499701,-14.700500,0.047771,-0.013570,0.015998,-15.666301,-52.738201,18.801300,-93.396698,0.129960,17.611099,-0.263421,-0.430829,-0.667752,0.546903,-693.524475,1535.331177,-4658.648438,-693.741394,1454.639648,-4669.050293,-683.701294,1578.630005,-4687.690430,-705.962158,1486.489624,-4616.949707,-690.693176,1621.565308,-4660.903809,,,,,,,,,,,,,2616.277588,1567.754272,-3159.796387,,,,,,,,,,,,,,,,,,,,,,,,,,,,,,,,,
9233,92.330000,0.000000,0.000000,0.000000,1.000000,0.000000,0.000000,0.000000,57.698101,20.499701,-14.700500,0.047771,-0.013570,0.015998,-15.666301,-52.738201,18.801300,-93.396698,0.129960,17.611099,-0.263421,-0.430829,-0.667752,0.546903,-693.524475,1535.331177,-4658.648438,-693.741394,1454.639648,-4669.050293,-683.701294,1578.630005,-4687.690430,-705.962158,1486.489624,-4616.949707,-690.693176,1621.565308,-4660.903809,,,,,,,,,,,,,2616.273682,1567.745850,-3159.778564,,,,,,,,,,,,,,,,,,,,,,,,,,,,,,,,,
9234,92.340000,0.000000,0.000000,0.000000,1.000000,0.000000,0.000000,0.000000,57.698101,20.499701,-14.700500,0.047771,-0.013570,0.015998,-15.666301,-52.738201,18.801300,-93.396698,0.129960,17.611099,-0.263421,-0.430829,-0.667752,0.546903,-693.524475,1535.331177,-4658.648438,-693.741394,1454.639648,-4669.050293,-683.701294,1578.630005,-4687.690430,-705.962158,1486.489624,-4616.949707,-690.693176,1621.565308,-4660.903809,,,,,,,,,,,,,2616.241211,1567.728638,-3159.791748,,,,,,,,,,,,,,,,,,,,,,,,,,,,,,,,,
9235,92.350000,0.000000,0.000000,0.000000,1.000000,0.000000,0.000000,0.000000,57.698101,20.499701,-14.700500,0.047771,-0.013570,0.015998,-15.666301,-52.738201,18.801300,-93.396698,0.129960,17.611099,-0.263421,-0.430829,-0.667752,0.546903,-693.524475,1535.331177,-4658.648438,-693.741394,1454.639648,-4669.050293,-683.701294,1578.630005,-4687.690430,-705.962158,1486.489624,-4616.949707,-690.693176,1621.565308,-4660.903809,,,,,,,,,,,,,2616.298340,1567.789307,-3159.784180,,,,,,,,,,,,,,,,,,,,,,,,,,,,,,,,,
9236,92.360000,0.000000,0.000000,0.000000,1.000000,0.000000,0.000000,0.000000,57.698101,20.499701,-14.700500,0.047771,-0.013570,0.015998,-15.666301,-52.738201,18.801300,-93.396698,0.129960,17.611099,-0.263421,-0.430829,-0.667752,0.546903,-693.524475,1535.331177,-4658.648438,-693.741394,1454.639648,-4669.050293,-683.701294,1578.630005,-4687.690430,-705.962158,1486.489624,-4616.949707,-690.693176,1621.565308,-4660.903809,,,,,,,,,,,,,2616.280762,1567.784790,-3159.787109,,,,,,,,,,,,,,,,,,,,,,,,,,,,,,,,,
9237,92.370000,0.000000,0.000000,0.000000,1.000000,0.000000,0.000000,0.000000,57.698101,20.499701,-14.700500,0.047771,-0.013570,0.015998,-15.666301,-52.738201,18.801300,-93.396698,0.129960,17.611099,-0.263421,-0.430829,-0.667752,0.546903,-693.524475,1535.331177,-4658.648438,-693.741394,1454.639648,-4669.050293,-683.701294,1578.630005,-4687.690430,-705.962158,1486.489624,-4616.949707,-690.693176,1621.565308,-4660.903809,,,,,,,,,,,,,2616.279053,1567.777344,-3159.788086,,,,,,,,,,,,,,,,,,,,,,,,,,,,,,,,,
9238,92.380000,0.000000,0.000000,0.000000,1.000000,0.000000,0.000000,0.000000,57.698101,20.499701,-14.700500,0.047771,-0.013570,0.015998,-15.666301,-52.738201,18.801300,-93.396698,0.129960,17.611099,-0.263421,-0.430829,-0.667752,0.546903,-693.524475,1535.331177,-4658.648438,-693.741394,1454.639648,-4669.050293,-683.701294,1578.630005,-4687.690430,-705.962158,1486.489624,-4616.949707,-690.693176,1621.565308,-4660.903809,,,,,,,,,,,,,2616.256836,1567.732910,-3159.791504,,,,,,,,,,,,,,,,,,,,,,,,,,,,,,,,,
9239,92.390000,0.000000,0.000000,0.000000,1.000000,0.000000,0.000000,0.000000,57.698101,20.499701,-14.700500,0.047771,-0.013570,0.015998,-15.666301,-52.738201,18.801300,-93.396698,0.129960,17.611099,-0.263421,-0.430829,-0.667752,0.546903,-693.524475,1535.331177,-4658.648438,-693.741394,1454.639648,-4669.050293,-683.701294,1578.630005,-4687.690430,-705.962158,1486.489624,-4616.949707,-690.693176,1621.565308,-4660.903809,,,,,,,,,,,,,2616.304443,1567.741943,-3159.772705,,,,,,,,,,,,,,,,,,,,,,,,,,,,,,,,,
9240,92.400000,0.000000,0.000000,0.000000,1.000000,0.000000,0.000000,0.000000,57.698101,20.499701,-14.700500,0.047771,-0.013570,0.015998,-15.666301,-52.738201,18.801300,-93.396698,0.129960,17.611099,-0.263421,-0.430829,-0.667752,0.546903,-693.524475,1535.331177,-4658.648438,-693.741394,1454.639648,-4669.050293,-683.701294,1578.630005,-4687.690430,-705.962158,1486.489624,-4616.949707,-690.693176,1621.565308,-4660.903809,,,,,,,,,,,,,2616.341064,1567.707031,-3159.758545,,,,,,,,,,,,,,,,,,,,,,,,,,,,,,,,,
9241,92.410000,0.000000,0.000000,0.000000,1.000000,0.000000,0.000000,0.000000,57.698101,20.499701,-14.700500,0.047771,-0.013570,0.015998,-15.666301,-52.738201,18.801300,-93.396698,0.129960,17.611099,-0.263421,-0.430829,-0.667752,0.546903,-693.524475,1535.331177,-4658.648438,-693.741394,1454.639648,-4669.050293,-683.701294,1578.630005,-4687.690430,-705.962158,1486.489624,-4616.949707,-690.693176,1621.565308,-4660.903809,,,,,,,,,,,,,2616.281494,1567.741821,-3159.763916,,,,,,,,,,,,,,,,,,,,,,,,,,,,,,,,,
9242,92.420000,0.000000,0.000000,0.000000,1.000000,0.000000,0.000000,0.000000,57.698101,20.499701,-14.700500,0.047771,-0.013570,0.015998,-15.666301,-52.738201,18.801300,-93.396698,0.129960,17.611099,-0.263421,-0.430829,-0.667752,0.546903,-693.524475,1535.331177,-4658.648438,-693.741394,1454.639648,-4669.050293,-683.701294,1578.630005,-4687.690430,-705.962158,1486.489624,-4616.949707,-690.693176,1621.565308,-4660.903809,,,,,,,,,,,,,2616.275635,1567.759644,-3159.795654,,,,,,,,,,,,,,,,,,,,,,,,,,,,,,,,,
9243,92.430000,0.000000,0.000000,0.000000,1.000000,0.000000,0.000000,0.000000,57.698101,20.499701,-14.700500,0.047771,-0.013570,0.015998,-15.666301,-52.738201,18.801300,-93.396698,0.129960,17.611099,-0.263421,-0.430829,-0.667752,0.546903,-693.524475,1535.331177,-4658.648438,-693.741394,1454.639648,-4669.050293,-683.701294,1578.630005,-4687.690430,-705.962158,1486.489624,-4616.949707,-690.693176,1621.565308,-4660.903809,,,,,,,,,,,,,2616.270508,1567.742798,-3159.788330,,,,,,,,,,,,,,,,,,,,,,,,,,,,,,,,,
9244,92.440000,0.000000,0.000000,0.000000,1.000000,0.000000,0.000000,0.000000,57.698101,20.499701,-14.700500,0.047771,-0.013570,0.015998,-15.666301,-52.738201,18.801300,-93.396698,0.129960,17.611099,-0.263421,-0.430829,-0.667752,0.546903,-693.524475,1535.331177,-4658.648438,-693.741394,1454.639648,-4669.050293,-683.701294,1578.630005,-4687.690430,-705.962158,1486.489624,-4616.949707,-690.693176,1621.565308,-4660.903809,,,,,,,,,,,,,2616.244629,1567.723267,-3159.783203,,,,,,,,,,,,,,,,,,,,,,,,,,,,,,,,,
9245,92.450000,0.000000,0.000000,0.000000,1.000000,0.000000,0.000000,0.000000,57.698101,20.499701,-14.700500,0.047771,-0.013570,0.015998,-15.666301,-52.738201,18.801300,-93.396698,0.129960,17.611099,-0.263421,-0.430829,-0.667752,0.546903,-693.524475,1535.331177,-4658.648438,-693.741394,1454.639648,-4669.050293,-683.701294,1578.630005,-4687.690430,-705.962158,1486.489624,-4616.949707,-690.693176,1621.565308,-4660.903809,,,,,,,,,,,,,2616.257812,1567.750122,-3159.784668,,,,,,,,,,,,,,,,,,,,,,,,,,,,,,,,,
9246,92.460000,0.000000,0.000000,0.000000,1.000000,0.000000,0.000000,0.000000,57.698101,20.499701,-14.700500,0.047771,-0.013570,0.015998,-15.666301,-52.738201,18.801300,-93.396698,0.129960,17.611099,-0.263421,-0.430829,-0.667752,0.546903,-693.524475,1535.331177,-4658.648438,-693.741394,1454.639648,-4669.050293,-683.701294,1578.630005,-4687.690430,-705.962158,1486.489624,-4616.949707,-690.693176,1621.565308,-4660.903809,,,,,,,,,,,,,2616.283691,1567.766113,-3159.788818,,,,,,,,,,,,,,,,,,,,,,,,,,,,,,,,,
9247,92.470000,0.000000,0.000000,0.000000,1.000000,0.000000,0.000000,0.000000,57.698101,20.499701,-14.700500,0.047771,-0.013570,0.015998,-15.666301,-52.738201,18.801300,-93.396698,0.129960,17.611099,-0.263421,-0.430829,-0.667752,0.546903,-693.524475,1535.331177,-4658.648438,-693.741394,1454.639648,-4669.050293,-683.701294,1578.630005,-4687.690430,-705.962158,1486.489624,-4616.949707,-690.693176,1621.565308,-4660.903809,,,,,,,,,,,,,2616.296143,1567.751587,-3159.786133,,,,,,,,,,,,,,,,,,,,,,,,,,,,,,,,,
9248,92.480000,0.000000,0.000000,0.000000,1.000000,0.000000,0.000000,0.000000,57.698101,20.499701,-14.700500,0.047771,-0.013570,0.015998,-15.666301,-52.738201,18.801300,-93.396698,0.129960,17.611099,-0.263421,-0.430829,-0.667752,0.546903,-693.524475,1535.331177,-4658.648438,-693.741394,1454.639648,-4669.050293,-683.701294,1578.630005,-4687.690430,-705.962158,1486.489624,-4616.949707,-690.693176,1621.565308,-4660.903809,,,,,,,,,,,,,2616.307617,1567.772583,-3159.773193,,,,,,,,,,,,,,,,,,,,,,,,,,,,,,,,,
9249,92.490000,0.000000,0.000000,0.000000,1.000000,0.000000,0.000000,0.000000,57.698101,20.499701,-14.700500,0.047771,-0.013570,0.015998,-15.666301,-52.738201,18.801300,-93.396698,0.129960,17.611099,-0.263421,-0.430829,-0.667752,0.546903,-693.524475,1535.331177,-4658.648438,-693.741394,1454.639648,-4669.050293,-683.701294,1578.630005,-4687.690430,-705.962158,1486.489624,-4616.949707,-690.693176,1621.565308,-4660.903809,,,,,,,,,,,,,2616.295166,1567.751953,-3159.774170,,,,,,,,,,,,,,,,,,,,,,,,,,,,,,,,,
9250,92.500000,0.000000,0.000000,0.000000,1.000000,0.000000,0.000000,0.000000,57.698101,20.499701,-14.700500,0.047771,-0.013570,0.015998,-15.666301,-52.738201,18.801300,-93.396698,0.129960,17.611099,-0.263421,-0.430829,-0.667752,0.546903,-693.524475,1535.331177,-4658.648438,-693.741394,1454.639648,-4669.050293,-683.701294,1578.630005,-4687.690430,-705.962158,1486.489624,-4616.949707,-690.693176,1621.565308,-4660.903809,,,,,,,,,,,,,2616.295166,1567.747681,-3159.770264,,,,,,,,,,,,,,,,,,,,,,,,,,,,,,,,,
9251,92.510000,0.000000,0.000000,0.000000,1.000000,0.000000,0.000000,0.000000,57.698101,20.499701,-14.700500,0.047771,-0.013570,0.015998,-15.666301,-52.738201,18.801300,-93.396698,0.129960,17.611099,-0.263421,-0.430829,-0.667752,0.546903,-693.524475,1535.331177,-4658.648438,-693.741394,1454.639648,-4669.050293,-683.701294,1578.630005,-4687.690430,-705.962158,1486.489624,-4616.949707,-690.693176,1621.565308,-4660.903809,,,,,,,,,,,,,2616.263916,1567.740967,-3159.773682,,,,,,,,,,,,,,,,,,,,,,,,,,,,,,,,,
9252,92.520000,0.000000,0.000000,0.000000,1.000000,0.000000,0.000000,0.000000,57.698101,20.499701,-14.700500,0.047771,-0.013570,0.015998,-15.666301,-52.738201,18.801300,-93.396698,0.129960,17.611099,-0.263421,-0.430829,-0.667752,0.546903,-693.524475,1535.331177,-4658.648438,-693.741394,1454.639648,-4669.050293,-683.701294,1578.630005,-4687.690430,-705.962158,1486.489624,-4616.949707,-690.693176,1621.565308,-4660.903809,,,,,,,,,,,,,2616.300293,1567.772705,-3159.782471,,,,,,,,,,,,,,,,,,,,,,,,,,,,,,,,,
9253,92.530000,0.000000,0.000000,0.000000,1.000000,0.000000,0.000000,0.000000,57.698101,20.499701,-14.700500,0.047771,-0.013570,0.015998,-15.666301,-52.738201,18.801300,-93.396698,0.129960,17.611099,-0.263421,-0.430829,-0.667752,0.546903,-693.524475,1535.331177,-4658.648438,-693.741394,1454.639648,-4669.050293,-683.701294,1578.630005,-4687.690430,-705.962158,1486.489624,-4616.949707,-690.693176,1621.565308,-4660.903809,,,,,,,,,,,,,2616.275879,1567.732910,-3159.780762,,,,,,,,,,,,,,,,,,,,,,,,,,,,,,,,,
9254,92.540000,0.000000,0.000000,0.000000,1.000000,0.000000,0.000000,0.000000,57.698101,20.499701,-14.700500,0.047771,-0.013570,0.015998,-15.666301,-52.738201,18.801300,-93.396698,0.129960,17.611099,-0.263421,-0.430829,-0.667752,0.546903,-693.524475,1535.331177,-4658.648438,-693.741394,1454.639648,-4669.050293,-683.701294,1578.630005,-4687.690430,-705.962158,1486.489624,-4616.949707,-690.693176,1621.565308,-4660.903809,,,,,,,,,,,,,2616.306152,1567.725220,-3159.759766,,,,,,,,,,,,,,,,,,,,,,,,,,,,,,,,,
9255,92.550000,0.000000,0.000000,0.000000,1.000000,0.000000,0.000000,0.000000,57.698101,20.499701,-14.700500,0.047771,-0.013570,0.015998,-15.666301,-52.738201,18.801300,-93.396698,0.129960,17.611099,-0.263421,-0.430829,-0.667752,0.546903,-693.524475,1535.331177,-4658.648438,-693.741394,1454.639648,-4669.050293,-683.701294,1578.630005,-4687.690430,-705.962158,1486.489624,-4616.949707,-690.693176,1621.565308,-4660.903809,,,,,,,,,,,,,2616.322510,1567.726562,-3159.762451,,,,,,,,,,,,,,,,,,,,,,,,,,,,,,,,,
9256,92.560000,0.000000,0.000000,0.000000,1.000000,0.000000,0.000000,0.000000,57.698101,20.499701,-14.700500,0.047771,-0.013570,0.015998,-15.666301,-52.738201,18.801300,-93.396698,0.129960,17.611099,-0.263421,-0.430829,-0.667752,0.546903,-693.524475,1535.331177,-4658.648438,-693.741394,1454.639648,-4669.050293,-683.701294,1578.630005,-4687.690430,-705.962158,1486.489624,-4616.949707,-690.693176,1621.565308,-4660.903809,,,,,,,,,,,,,2616.291992,1567.726074,-3159.777344,,,,,,,,,,,,,,,,,,,,,,,,,,,,,,,,,
9257,92.570000,0.000000,0.000000,0.000000,1.000000,0.000000,0.000000,0.000000,57.698101,20.499701,-14.700500,0.047771,-0.013570,0.015998,-15.666301,-52.738201,18.801300,-93.396698,0.129960,17.611099,-0.263421,-0.430829,-0.667752,0.546903,-693.524475,1535.331177,-4658.648438,-693.741394,1454.639648,-4669.050293,-683.701294,1578.630005,-4687.690430,-705.962158,1486.489624,-4616.949707,-690.693176,1621.565308,-4660.903809,,,,,,,,,,,,,2616.283203,1567.762817,-3159.780273,,,,,,,,,,,,,,,,,,,,,,,,,,,,,,,,,
9258,92.580000,0.000000,0.000000,0.000000,1.000000,0.000000,0.000000,0.000000,57.698101,20.499701,-14.700500,0.047771,-0.013570,0.015998,-15.666301,-52.738201,18.801300,-93.396698,0.129960,17.611099,-0.263421,-0.430829,-0.667752,0.546903,-693.524475,1535.331177,-4658.648438,-693.741394,1454.639648,-4669.050293,-683.701294,1578.630005,-4687.690430,-705.962158,1486.489624,-4616.949707,-690.693176,1621.565308,-4660.903809,,,,,,,,,,,,,2616.275391,1567.773804,-3159.798340,,,,,,,,,,,,,,,,,,,,,,,,,,,,,,,,,
9259,92.590000,0.000000,0.000000,0.000000,1.000000,0.000000,0.000000,0.000000,57.698101,20.499701,-14.700500,0.047771,-0.013570,0.015998,-15.666301,-52.738201,18.801300,-93.396698,0.129960,17.611099,-0.263421,-0.430829,-0.667752,0.546903,-693.524475,1535.331177,-4658.648438,-693.741394,1454.639648,-4669.050293,-683.701294,1578.630005,-4687.690430,-705.962158,1486.489624,-4616.949707,-690.693176,1621.565308,-4660.903809,,,,,,,,,,,,,2616.252930,1567.765015,-3159.793945,,,,,,,,,,,,,,,,,,,,,,,,,,,,,,,,,
9260,92.600000,0.000000,0.000000,0.000000,1.000000,0.000000,0.000000,0.000000,57.698101,20.499701,-14.700500,0.047771,-0.013570,0.015998,-15.666301,-52.738201,18.801300,-93.396698,0.129960,17.611099,-0.263421,-0.430829,-0.667752,0.546903,-693.524475,1535.331177,-4658.648438,-693.741394,1454.639648,-4669.050293,-683.701294,1578.630005,-4687.690430,-705.962158,1486.489624,-4616.949707,-690.693176,1621.565308,-4660.903809,,,,,,,,,,,,,2616.280029,1567.732300,-3159.787354,,,,,,,,,,,,,,,,,,,,,,,,,,,,,,,,,
9261,92.610000,0.000000,0.000000,0.000000,1.000000,0.000000,0.000000,0.000000,57.698101,20.499701,-14.700500,0.047771,-0.013570,0.015998,-15.666301,-52.738201,18.801300,-93.396698,0.129960,17.611099,-0.263421,-0.430829,-0.667752,0.546903,-693.524475,1535.331177,-4658.648438,-693.741394,1454.639648,-4669.050293,-683.701294,1578.630005,-4687.690430,-705.962158,1486.489624,-4616.949707,-690.693176,1621.565308,-4660.903809,,,,,,,,,,,,,2616.297363,1567.771484,-3159.776855,,,,,,,,,,,,,,,,,,,,,,,,,,,,,,,,,
9262,92.620000,0.000000,0.000000,0.000000,1.000000,0.000000,0.000000,0.000000,57.698101,20.499701,-14.700500,0.047771,-0.013570,0.015998,-15.666301,-52.738201,18.801300,-93.396698,0.129960,17.611099,-0.263421,-0.430829,-0.667752,0.546903,-693.524475,1535.331177,-4658.648438,-693.741394,1454.639648,-4669.050293,-683.701294,1578.630005,-4687.690430,-705.962158,1486.489624,-4616.949707,-690.693176,1621.565308,-4660.903809,,,,,,,,,,,,,2616.301758,1567.763916,-3159.780518,,,,,,,,,,,,,,,,,,,,,,,,,,,,,,,,,
9263,92.630000,0.000000,0.000000,0.000000,1.000000,0.000000,0.000000,0.000000,57.698101,20.499701,-14.700500,0.047771,-0.013570,0.015998,-15.666301,-52.738201,18.801300,-93.396698,0.129960,17.611099,-0.263421,-0.430829,-0.667752,0.546903,-693.524475,1535.331177,-4658.648438,-693.741394,1454.639648,-4669.050293,-683.701294,1578.630005,-4687.690430,-705.962158,1486.489624,-4616.949707,-690.693176,1621.565308,-4660.903809,,,,,,,,,,,,,2616.260254,1567.751587,-3159.785645,,,,,,,,,,,,,,,,,,,,,,,,,,,,,,,,,
9264,92.640000,0.000000,0.000000,0.000000,1.000000,0.000000,0.000000,0.000000,57.698101,20.499701,-14.700500,0.047771,-0.013570,0.015998,-15.666301,-52.738201,18.801300,-93.396698,0.129960,17.611099,-0.263421,-0.430829,-0.667752,0.546903,-693.524475,1535.331177,-4658.648438,-693.741394,1454.639648,-4669.050293,-683.701294,1578.630005,-4687.690430,-705.962158,1486.489624,-4616.949707,-690.693176,1621.565308,-4660.903809,,,,,,,,,,,,,2616.275879,1567.757690,-3159.787842,,,,,,,,,,,,,,,,,,,,,,,,,,,,,,,,,
9265,92.650000,0.000000,0.000000,0.000000,1.000000,0.000000,0.000000,0.000000,57.698101,20.499701,-14.700500,0.047771,-0.013570,0.015998,-15.666301,-52.738201,18.801300,-93.396698,0.129960,17.611099,-0.263421,-0.430829,-0.667752,0.546903,-693.524475,1535.331177,-4658.648438,-693.741394,1454.639648,-4669.050293,-683.701294,1578.630005,-4687.690430,-705.962158,1486.489624,-4616.949707,-690.693176,1621.565308,-4660.903809,,,,,,,,,,,,,2616.303223,1567.749146,-3159.776367,,,,,,,,,,,,,,,,,,,,,,,,,,,,,,,,,
9266,92.660000,0.000000,0.000000,0.000000,1.000000,0.000000,0.000000,0.000000,57.698101,20.499701,-14.700500,0.047771,-0.013570,0.015998,-15.666301,-52.738201,18.801300,-93.396698,0.129960,17.611099,-0.263421,-0.430829,-0.667752,0.546903,-693.524475,1535.331177,-4658.648438,-693.741394,1454.639648,-4669.050293,-683.701294,1578.630005,-4687.690430,-705.962158,1486.489624,-4616.949707,-690.693176,1621.565308,-4660.903809,,,,,,,,,,,,,2616.323730,1567.743652,-3159.768799,,,,,,,,,,,,,,,,,,,,,,,,,,,,,,,,,
9267,92.670000,0.000000,0.000000,0.000000,1.000000,0.000000,0.000000,0.000000,57.698101,20.499701,-14.700500,0.047771,-0.013570,0.015998,-15.666301,-52.738201,18.801300,-93.396698,0.129960,17.611099,-0.263421,-0.430829,-0.667752,0.546903,-693.524475,1535.331177,-4658.648438,-693.741394,1454.639648,-4669.050293,-683.701294,1578.630005,-4687.690430,-705.962158,1486.489624,-4616.949707,-690.693176,1621.565308,-4660.903809,,,,,,,,,,,,,2616.261230,1567.715454,-3159.778076,,,,,,,,,,,,,,,,,,,,,,,,,,,,,,,,,
9268,92.680000,0.000000,0.000000,0.000000,1.000000,0.000000,0.000000,0.000000,57.698101,20.499701,-14.700500,0.047771,-0.013570,0.015998,-15.666301,-52.738201,18.801300,-93.396698,0.129960,17.611099,-0.263421,-0.430829,-0.667752,0.546903,-693.524475,1535.331177,-4658.648438,-693.741394,1454.639648,-4669.050293,-683.701294,1578.630005,-4687.690430,-705.962158,1486.489624,-4616.949707,-690.693176,1621.565308,-4660.903809,,,,,,,,,,,,,2616.284668,1567.742798,-3159.779297,,,,,,,,,,,,,,,,,,,,,,,,,,,,,,,,,
9269,92.690000,0.000000,0.000000,0.000000,1.000000,0.000000,0.000000,0.000000,57.698101,20.499701,-14.700500,0.047771,-0.013570,0.015998,-15.666301,-52.738201,18.801300,-93.396698,0.129960,17.611099,-0.263421,-0.430829,-0.667752,0.546903,-693.524475,1535.331177,-4658.648438,-693.741394,1454.639648,-4669.050293,-683.701294,1578.630005,-4687.690430,-705.962158,1486.489624,-4616.949707,-690.693176,1621.565308,-4660.903809,,,,,,,,,,,,,2616.299316,1567.750610,-3159.766602,,,,,,,,,,,,,,,,,,,,,,,,,,,,,,,,,
9270,92.700000,0.000000,0.000000,0.000000,1.000000,0.000000,0.000000,0.000000,57.698101,20.499701,-14.700500,0.047771,-0.013570,0.015998,-15.666301,-52.738201,18.801300,-93.396698,0.129960,17.611099,-0.263421,-0.430829,-0.667752,0.546903,-693.524475,1535.331177,-4658.648438,-693.741394,1454.639648,-4669.050293,-683.701294,1578.630005,-4687.690430,-705.962158,1486.489624,-4616.949707,-690.693176,1621.565308,-4660.903809,,,,,,,,,,,,,2616.273438,1567.726074,-3159.782715,,,,,,,,,,,,,,,,,,,,,,,,,,,,,,,,,
9271,92.710000,0.000000,0.000000,0.000000,1.000000,0.000000,0.000000,0.000000,57.698101,20.499701,-14.700500,0.047771,-0.013570,0.015998,-15.666301,-52.738201,18.801300,-93.396698,0.129960,17.611099,-0.263421,-0.430829,-0.667752,0.546903,-693.524475,1535.331177,-4658.648438,-693.741394,1454.639648,-4669.050293,-683.701294,1578.630005,-4687.690430,-705.962158,1486.489624,-4616.949707,-690.693176,1621.565308,-4660.903809,,,,,,,,,,,,,2616.282715,1567.717285,-3159.774902,,,,,,,,,,,,,,,,,,,,,,,,,,,,,,,,,
9272,92.720000,0.000000,0.000000,0.000000,1.000000,0.000000,0.000000,0.000000,57.698101,20.499701,-14.700500,0.047771,-0.013570,0.015998,-15.666301,-52.738201,18.801300,-93.396698,0.129960,17.611099,-0.263421,-0.430829,-0.667752,0.546903,-693.524475,1535.331177,-4658.648438,-693.741394,1454.639648,-4669.050293,-683.701294,1578.630005,-4687.690430,-705.962158,1486.489624,-4616.949707,-690.693176,1621.565308,-4660.903809,,,,,,,,,,,,,2616.277100,1567.740601,-3159.768066,,,,,,,,,,,,,,,,,,,,,,,,,,,,,,,,,
9273,92.730000,0.000000,0.000000,0.000000,1.000000,0.000000,0.000000,0.000000,57.698101,20.499701,-14.700500,0.047771,-0.013570,0.015998,-15.666301,-52.738201,18.801300,-93.396698,0.129960,17.611099,-0.263421,-0.430829,-0.667752,0.546903,-693.524475,1535.331177,-4658.648438,-693.741394,1454.639648,-4669.050293,-683.701294,1578.630005,-4687.690430,-705.962158,1486.489624,-4616.949707,-690.693176,1621.565308,-4660.903809,,,,,,,,,,,,,2616.269287,1567.716553,-3159.779053,,,,,,,,,,,,,,,,,,,,,,,,,,,,,,,,,
9274,92.740000,0.000000,0.000000,0.000000,1.000000,0.000000,0.000000,0.000000,57.698101,20.499701,-14.700500,0.047771,-0.013570,0.015998,-15.666301,-52.738201,18.801300,-93.396698,0.129960,17.611099,-0.263421,-0.430829,-0.667752,0.546903,-693.524475,1535.331177,-4658.648438,-693.741394,1454.639648,-4669.050293,-683.701294,1578.630005,-4687.690430,-705.962158,1486.489624,-4616.949707,-690.693176,1621.565308,-4660.903809,,,,,,,,,,,,,2616.311279,1567.734497,-3159.774902,,,,,,,,,,,,,,,,,,,,,,,,,,,,,,,,,
9275,92.750000,0.000000,0.000000,0.000000,1.000000,0.000000,0.000000,0.000000,57.698101,20.499701,-14.700500,0.047771,-0.013570,0.015998,-15.666301,-52.738201,18.801300,-93.396698,0.129960,17.611099,-0.263421,-0.430829,-0.667752,0.546903,-693.524475,1535.331177,-4658.648438,-693.741394,1454.639648,-4669.050293,-683.701294,1578.630005,-4687.690430,-705.962158,1486.489624,-4616.949707,-690.693176,1621.565308,-4660.903809,,,,,,,,,,,,,2616.288818,1567.734741,-3159.778564,,,,,,,,,,,,,,,,,,,,,,,,,,,,,,,,,
9276,92.760000,0.000000,0.000000,0.000000,1.000000,0.000000,0.000000,0.000000,57.698101,20.499701,-14.700500,0.047771,-0.013570,0.015998,-15.666301,-52.738201,18.801300,-93.396698,0.129960,17.611099,-0.263421,-0.430829,-0.667752,0.546903,-693.524475,1535.331177,-4658.648438,-693.741394,1454.639648,-4669.050293,-683.701294,1578.630005,-4687.690430,-705.962158,1486.489624,-4616.949707,-690.693176,1621.565308,-4660.903809,,,,,,,,,,,,,2616.260498,1567.732178,-3159.786377,,,,,,,,,,,,,,,,,,,,,,,,,,,,,,,,,
9277,92.770000,0.000000,0.000000,0.000000,1.000000,0.000000,0.000000,0.000000,57.698101,20.499701,-14.700500,0.047771,-0.013570,0.015998,-15.666301,-52.738201,18.801300,-93.396698,0.129960,17.611099,-0.263421,-0.430829,-0.667752,0.546903,-693.524475,1535.331177,-4658.648438,-693.741394,1454.639648,-4669.050293,-683.701294,1578.630005,-4687.690430,-705.962158,1486.489624,-4616.949707,-690.693176,1621.565308,-4660.903809,,,,,,,,,,,,,2616.289795,1567.721802,-3159.778076,,,,,,,,,,,,,,,,,,,,,,,,,,,,,,,,,
9278,92.780000,0.000000,0.000000,0.000000,1.000000,0.000000,0.000000,0.000000,57.698101,20.499701,-14.700500,0.047771,-0.013570,0.015998,-15.666301,-52.738201,18.801300,-93.396698,0.129960,17.611099,-0.263421,-0.430829,-0.667752,0.546903,-693.524475,1535.331177,-4658.648438,-693.741394,1454.639648,-4669.050293,-683.701294,1578.630005,-4687.690430,-705.962158,1486.489624,-4616.949707,-690.693176,1621.565308,-4660.903809,,,,,,,,,,,,,2616.301025,1567.744751,-3159.771973,,,,,,,,,,,,,,,,,,,,,,,,,,,,,,,,,
9279,92.790000,0.000000,0.000000,0.000000,1.000000,0.000000,0.000000,0.000000,57.698101,20.499701,-14.700500,0.047771,-0.013570,0.015998,-15.666301,-52.738201,18.801300,-93.396698,0.129960,17.611099,-0.263421,-0.430829,-0.667752,0.546903,-693.524475,1535.331177,-4658.648438,-693.741394,1454.639648,-4669.050293,-683.701294,1578.630005,-4687.690430,-705.962158,1486.489624,-4616.949707,-690.693176,1621.565308,-4660.903809,,,,,,,,,,,,,2616.269775,1567.738281,-3159.786377,,,,,,,,,,,,,,,,,,,,,,,,,,,,,,,,,
9280,92.800000,0.000000,0.000000,0.000000,1.000000,0.000000,0.000000,0.000000,57.698101,20.499701,-14.700500,0.047771,-0.013570,0.015998,-15.666301,-52.738201,18.801300,-93.396698,0.129960,17.611099,-0.263421,-0.430829,-0.667752,0.546903,-693.524475,1535.331177,-4658.648438,-693.741394,1454.639648,-4669.050293,-683.701294,1578.630005,-4687.690430,-705.962158,1486.489624,-4616.949707,-690.693176,1621.565308,-4660.903809,,,,,,,,,,,,,2616.276123,1567.763428,-3159.781494,,,,,,,,,,,,,,,,,,,,,,,,,,,,,,,,,
9281,92.810000,0.000000,0.000000,0.000000,1.000000,0.000000,0.000000,0.000000,57.698101,20.499701,-14.700500,0.047771,-0.013570,0.015998,-15.666301,-52.738201,18.801300,-93.396698,0.129960,17.611099,-0.263421,-0.430829,-0.667752,0.546903,-693.524475,1535.331177,-4658.648438,-693.741394,1454.639648,-4669.050293,-683.701294,1578.630005,-4687.690430,-705.962158,1486.489624,-4616.949707,-690.693176,1621.565308,-4660.903809,,,,,,,,,,,,,2616.292725,1567.810913,-3159.792480,,,,,,,,,,,,,,,,,,,,,,,,,,,,,,,,,
9282,92.820000,0.000000,0.000000,0.000000,1.000000,0.000000,0.000000,0.000000,57.698101,20.499701,-14.700500,0.047771,-0.013570,0.015998,-15.666301,-52.738201,18.801300,-93.396698,0.129960,17.611099,-0.263421,-0.430829,-0.667752,0.546903,-693.524475,1535.331177,-4658.648438,-693.741394,1454.639648,-4669.050293,-683.701294,1578.630005,-4687.690430,-705.962158,1486.489624,-4616.949707,-690.693176,1621.565308,-4660.903809,,,,,,,,,,,,,2616.278564,1567.761841,-3159.799072,,,,,,,,,,,,,,,,,,,,,,,,,,,,,,,,,
9283,92.830000,0.000000,0.000000,0.000000,1.000000,0.000000,0.000000,0.000000,57.698101,20.499701,-14.700500,0.047771,-0.013570,0.015998,-15.666301,-52.738201,18.801300,-93.396698,0.129960,17.611099,-0.263421,-0.430829,-0.667752,0.546903,-693.524475,1535.331177,-4658.648438,-693.741394,1454.639648,-4669.050293,-683.701294,1578.630005,-4687.690430,-705.962158,1486.489624,-4616.949707,-690.693176,1621.565308,-4660.903809,,,,,,,,,,,,,2616.310791,1567.791260,-3159.775635,,,,,,,,,,,,,,,,,,,,,,,,,,,,,,,,,
9284,92.840000,0.000000,0.000000,0.000000,1.000000,0.000000,0.000000,0.000000,57.698101,20.499701,-14.700500,0.047771,-0.013570,0.015998,-15.666301,-52.738201,18.801300,-93.396698,0.129960,17.611099,-0.263421,-0.430829,-0.667752,0.546903,-693.524475,1535.331177,-4658.648438,-693.741394,1454.639648,-4669.050293,-683.701294,1578.630005,-4687.690430,-705.962158,1486.489624,-4616.949707,-690.693176,1621.565308,-4660.903809,,,,,,,,,,,,,2616.294189,1567.773560,-3159.786865,,,,,,,,,,,,,,,,,,,,,,,,,,,,,,,,,
9285,92.850000,0.000000,0.000000,0.000000,1.000000,0.000000,0.000000,0.000000,57.698101,20.499701,-14.700500,0.047771,-0.013570,0.015998,-15.666301,-52.738201,18.801300,-93.396698,0.129960,17.611099,-0.263421,-0.430829,-0.667752,0.546903,-693.524475,1535.331177,-4658.648438,-693.741394,1454.639648,-4669.050293,-683.701294,1578.630005,-4687.690430,-705.962158,1486.489624,-4616.949707,-690.693176,1621.565308,-4660.903809,,,,,,,,,,,,,2616.265869,1567.766479,-3159.786133,,,,,,,,,,,,,,,,,,,,,,,,,,,,,,,,,
9286,92.860000,0.000000,0.000000,0.000000,1.000000,0.000000,0.000000,0.000000,57.698101,20.499701,-14.700500,0.047771,-0.013570,0.015998,-15.666301,-52.738201,18.801300,-93.396698,0.129960,17.611099,-0.263421,-0.430829,-0.667752,0.546903,-693.524475,1535.331177,-4658.648438,-693.741394,1454.639648,-4669.050293,-683.701294,1578.630005,-4687.690430,-705.962158,1486.489624,-4616.949707,-690.693176,1621.565308,-4660.903809,,,,,,,,,,,,,2616.282959,1567.723999,-3159.780029,,,,,,,,,,,,,,,,,,,,,,,,,,,,,,,,,
9287,92.870000,0.000000,0.000000,0.000000,1.000000,0.000000,0.000000,0.000000,57.698101,20.499701,-14.700500,0.047771,-0.013570,0.015998,-15.666301,-52.738201,18.801300,-93.396698,0.129960,17.611099,-0.263421,-0.430829,-0.667752,0.546903,-693.524475,1535.331177,-4658.648438,-693.741394,1454.639648,-4669.050293,-683.701294,1578.630005,-4687.690430,-705.962158,1486.489624,-4616.949707,-690.693176,1621.565308,-4660.903809,,,,,,,,,,,,,2616.291748,1567.751953,-3159.779785,,,,,,,,,,,,,,,,,,,,,,,,,,,,,,,,,
9288,92.880000,0.000000,0.000000,0.000000,1.000000,0.000000,0.000000,0.000000,57.698101,20.499701,-14.700500,0.047771,-0.013570,0.015998,-15.666301,-52.738201,18.801300,-93.396698,0.129960,17.611099,-0.263421,-0.430829,-0.667752,0.546903,-693.524475,1535.331177,-4658.648438,-693.741394,1454.639648,-4669.050293,-683.701294,1578.630005,-4687.690430,-705.962158,1486.489624,-4616.949707,-690.693176,1621.565308,-4660.903809,,,,,,,,,,,,,2616.284424,1567.747925,-3159.772949,,,,,,,,,,,,,,,,,,,,,,,,,,,,,,,,,
9289,92.890000,0.000000,0.000000,0.000000,1.000000,0.000000,0.000000,0.000000,57.698101,20.499701,-14.700500,0.047771,-0.013570,0.015998,-15.666301,-52.738201,18.801300,-93.396698,0.129960,17.611099,-0.263421,-0.430829,-0.667752,0.546903,-693.524475,1535.331177,-4658.648438,-693.741394,1454.639648,-4669.050293,-683.701294,1578.630005,-4687.690430,-705.962158,1486.489624,-4616.949707,-690.693176,1621.565308,-4660.903809,,,,,,,,,,,,,2616.281250,1567.777466,-3159.777588,,,,,,,,,,,,,,,,,,,,,,,,,,,,,,,,,
9290,92.900000,0.000000,0.000000,0.000000,1.000000,0.000000,0.000000,0.000000,57.698101,20.499701,-14.700500,0.047771,-0.013570,0.015998,-15.666301,-52.738201,18.801300,-93.396698,0.129960,17.611099,-0.263421,-0.430829,-0.667752,0.546903,-693.524475,1535.331177,-4658.648438,-693.741394,1454.639648,-4669.050293,-683.701294,1578.630005,-4687.690430,-705.962158,1486.489624,-4616.949707,-690.693176,1621.565308,-4660.903809,,,,,,,,,,,,,2616.271484,1567.744385,-3159.798584,,,,,,,,,,,,,,,,,,,,,,,,,,,,,,,,,
9291,92.910000,0.000000,0.000000,0.000000,1.000000,0.000000,0.000000,0.000000,57.698101,20.499701,-14.700500,0.047771,-0.013570,0.015998,-15.666301,-52.738201,18.801300,-93.396698,0.129960,17.611099,-0.263421,-0.430829,-0.667752,0.546903,-693.524475,1535.331177,-4658.648438,-693.741394,1454.639648,-4669.050293,-683.701294,1578.630005,-4687.690430,-705.962158,1486.489624,-4616.949707,-690.693176,1621.565308,-4660.903809,,,,,,,,,,,,,2616.294922,1567.764038,-3159.779053,,,,,,,,,,,,,,,,,,,,,,,,,,,,,,,,,
9292,92.920000,0.000000,0.000000,0.000000,1.000000,0.000000,0.000000,0.000000,57.698101,20.499701,-14.700500,0.047771,-0.013570,0.015998,-15.666301,-52.738201,18.801300,-93.396698,0.129960,17.611099,-0.263421,-0.430829,-0.667752,0.546903,-693.524475,1535.331177,-4658.648438,-693.741394,1454.639648,-4669.050293,-683.701294,1578.630005,-4687.690430,-705.962158,1486.489624,-4616.949707,-690.693176,1621.565308,-4660.903809,,,,,,,,,,,,,2616.270752,1567.746826,-3159.785889,,,,,,,,,,,,,,,,,,,,,,,,,,,,,,,,,
9293,92.930000,0.000000,0.000000,0.000000,1.000000,0.000000,0.000000,0.000000,57.698101,20.499701,-14.700500,0.047771,-0.013570,0.015998,-15.666301,-52.738201,18.801300,-93.396698,0.129960,17.611099,-0.263421,-0.430829,-0.667752,0.546903,-693.524475,1535.331177,-4658.648438,-693.741394,1454.639648,-4669.050293,-683.701294,1578.630005,-4687.690430,-705.962158,1486.489624,-4616.949707,-690.693176,1621.565308,-4660.903809,,,,,,,,,,,,,2616.305176,1567.776001,-3159.792480,,,,,,,,,,,,,,,,,,,,,,,,,,,,,,,,,
9294,92.940000,0.000000,0.000000,0.000000,1.000000,0.000000,0.000000,0.000000,57.698101,20.499701,-14.700500,0.047771,-0.013570,0.015998,-15.666301,-52.738201,18.801300,-93.396698,0.129960,17.611099,-0.263421,-0.430829,-0.667752,0.546903,-693.524475,1535.331177,-4658.648438,-693.741394,1454.639648,-4669.050293,-683.701294,1578.630005,-4687.690430,-705.962158,1486.489624,-4616.949707,-690.693176,1621.565308,-4660.903809,,,,,,,,,,,,,2616.283936,1567.756592,-3159.790527,,,,,,,,,,,,,,,,,,,,,,,,,,,,,,,,,
9295,92.950000,0.000000,0.000000,0.000000,1.000000,0.000000,0.000000,0.000000,57.698101,20.499701,-14.700500,0.047771,-0.013570,0.015998,-15.666301,-52.738201,18.801300,-93.396698,0.129960,17.611099,-0.263421,-0.430829,-0.667752,0.546903,-693.524475,1535.331177,-4658.648438,-693.741394,1454.639648,-4669.050293,-683.701294,1578.630005,-4687.690430,-705.962158,1486.489624,-4616.949707,-690.693176,1621.565308,-4660.903809,,,,,,,,,,,,,2616.288574,1567.764404,-3159.778809,,,,,,,,,,,,,,,,,,,,,,,,,,,,,,,,,
9296,92.960000,0.000000,0.000000,0.000000,1.000000,0.000000,0.000000,0.000000,57.698101,20.499701,-14.700500,0.047771,-0.013570,0.015998,-15.666301,-52.738201,18.801300,-93.396698,0.129960,17.611099,-0.263421,-0.430829,-0.667752,0.546903,-693.524475,1535.331177,-4658.648438,-693.741394,1454.639648,-4669.050293,-683.701294,1578.630005,-4687.690430,-705.962158,1486.489624,-4616.949707,-690.693176,1621.565308,-4660.903809,,,,,,,,,,,,,2616.296143,1567.730835,-3159.771484,,,,,,,,,,,,,,,,,,,,,,,,,,,,,,,,,
9297,92.970000,0.000000,0.000000,0.000000,1.000000,0.000000,0.000000,0.000000,57.698101,20.499701,-14.700500,0.047771,-0.013570,0.015998,-15.666301,-52.738201,18.801300,-93.396698,0.129960,17.611099,-0.263421,-0.430829,-0.667752,0.546903,-693.524475,1535.331177,-4658.648438,-693.741394,1454.639648,-4669.050293,-683.701294,1578.630005,-4687.690430,-705.962158,1486.489624,-4616.949707,-690.693176,1621.565308,-4660.903809,,,,,,,,,,,,,2616.254395,1567.723511,-3159.776855,,,,,,,,,,,,,,,,,,,,,,,,,,,,,,,,,
9298,92.980000,0.000000,0.000000,0.000000,1.000000,0.000000,0.000000,0.000000,57.698101,20.499701,-14.700500,0.047771,-0.013570,0.015998,-15.666301,-52.738201,18.801300,-93.396698,0.129960,17.611099,-0.263421,-0.430829,-0.667752,0.546903,-693.524475,1535.331177,-4658.648438,-693.741394,1454.639648,-4669.050293,-683.701294,1578.630005,-4687.690430,-705.962158,1486.489624,-4616.949707,-690.693176,1621.565308,-4660.903809,,,,,,,,,,,,,2616.284424,1567.796021,-3159.782959,,,,,,,,,,,,,,,,,,,,,,,,,,,,,,,,,
9299,92.990000,0.000000,0.000000,0.000000,1.000000,0.000000,0.000000,0.000000,57.698101,20.499701,-14.700500,0.047771,-0.013570,0.015998,-15.666301,-52.738201,18.801300,-93.396698,0.129960,17.611099,-0.263421,-0.430829,-0.667752,0.546903,-693.524475,1535.331177,-4658.648438,-693.741394,1454.639648,-4669.050293,-683.701294,1578.630005,-4687.690430,-705.962158,1486.489624,-4616.949707,-690.693176,1621.565308,-4660.903809,,,,,,,,,,,,,2616.278076,1567.756104,-3159.795654,,,,,,,,,,,,,,,,,,,,,,,,,,,,,,,,,
9300,93.000000,0.000000,0.000000,0.000000,1.000000,0.000000,0.000000,0.000000,57.698101,20.499701,-14.700500,0.047771,-0.013570,0.015998,-15.666301,-52.738201,18.801300,-93.396698,0.129960,17.611099,-0.263421,-0.430829,-0.667752,0.546903,-693.524475,1535.331177,-4658.648438,-693.741394,1454.639648,-4669.050293,-683.701294,1578.630005,-4687.690430,-705.962158,1486.489624,-4616.949707,-690.693176,1621.565308,-4660.903809,,,,,,,,,,,,,2616.276367,1567.759766,-3159.786133,,,,,,,,,,,,,,,,,,,,,,,,,,,,,,,,,
9301,93.010000,0.000000,0.000000,0.000000,1.000000,0.000000,0.000000,0.000000,57.698101,20.499701,-14.700500,0.047771,-0.013570,0.015998,-15.666301,-52.738201,18.801300,-93.396698,0.129960,17.611099,-0.263421,-0.430829,-0.667752,0.546903,-693.524475,1535.331177,-4658.648438,-693.741394,1454.639648,-4669.050293,-683.701294,1578.630005,-4687.690430,-705.962158,1486.489624,-4616.949707,-690.693176,1621.565308,-4660.903809,,,,,,,,,,,,,2616.269287,1567.734741,-3159.784668,,,,,,,,,,,,,,,,,,,,,,,,,,,,,,,,,
9302,93.020000,0.000000,0.000000,0.000000,1.000000,0.000000,0.000000,0.000000,57.698101,20.499701,-14.700500,0.047771,-0.013570,0.015998,-15.666301,-52.738201,18.801300,-93.396698,0.129960,17.611099,-0.263421,-0.430829,-0.667752,0.546903,-693.524475,1535.331177,-4658.648438,-693.741394,1454.639648,-4669.050293,-683.701294,1578.630005,-4687.690430,-705.962158,1486.489624,-4616.949707,-690.693176,1621.565308,-4660.903809,,,,,,,,,,,,,2616.252197,1567.758667,-3159.779297,,,,,,,,,,,,,,,,,,,,,,,,,,,,,,,,,
9303,93.030000,0.000000,0.000000,0.000000,1.000000,0.000000,0.000000,0.000000,57.698101,20.499701,-14.700500,0.047771,-0.013570,0.015998,-15.666301,-52.738201,18.801300,-93.396698,0.129960,17.611099,-0.263421,-0.430829,-0.667752,0.546903,-693.524475,1535.331177,-4658.648438,-693.741394,1454.639648,-4669.050293,-683.701294,1578.630005,-4687.690430,-705.962158,1486.489624,-4616.949707,-690.693176,1621.565308,-4660.903809,,,,,,,,,,,,,2616.252441,1567.771729,-3159.788574,,,,,,,,,,,,,,,,,,,,,,,,,,,,,,,,,
9304,93.040000,0.000000,0.000000,0.000000,1.000000,0.000000,0.000000,0.000000,57.698101,20.499701,-14.700500,0.047771,-0.013570,0.015998,-15.666301,-52.738201,18.801300,-93.396698,0.129960,17.611099,-0.263421,-0.430829,-0.667752,0.546903,-693.524475,1535.331177,-4658.648438,-693.741394,1454.639648,-4669.050293,-683.701294,1578.630005,-4687.690430,-705.962158,1486.489624,-4616.949707,-690.693176,1621.565308,-4660.903809,,,,,,,,,,,,,2616.292725,1567.764282,-3159.786377,,,,,,,,,,,,,,,,,,,,,,,,,,,,,,,,,
9305,93.050000,0.000000,0.000000,0.000000,1.000000,0.000000,0.000000,0.000000,57.698101,20.499701,-14.700500,0.047771,-0.013570,0.015998,-15.666301,-52.738201,18.801300,-93.396698,0.129960,17.611099,-0.263421,-0.430829,-0.667752,0.546903,-693.524475,1535.331177,-4658.648438,-693.741394,1454.639648,-4669.050293,-683.701294,1578.630005,-4687.690430,-705.962158,1486.489624,-4616.949707,-690.693176,1621.565308,-4660.903809,,,,,,,,,,,,,2616.302979,1567.756348,-3159.783691,,,,,,,,,,,,,,,,,,,,,,,,,,,,,,,,,
9306,93.060000,0.000000,0.000000,0.000000,1.000000,0.000000,0.000000,0.000000,57.698101,20.499701,-14.700500,0.047771,-0.013570,0.015998,-15.666301,-52.738201,18.801300,-93.396698,0.129960,17.611099,-0.263421,-0.430829,-0.667752,0.546903,-693.524475,1535.331177,-4658.648438,-693.741394,1454.639648,-4669.050293,-683.701294,1578.630005,-4687.690430,-705.962158,1486.489624,-4616.949707,-690.693176,1621.565308,-4660.903809,,,,,,,,,,,,,2616.306396,1567.718872,-3159.769531,,,,,,,,,,,,,,,,,,,,,,,,,,,,,,,,,
9307,93.070000,0.000000,0.000000,0.000000,1.000000,0.000000,0.000000,0.000000,57.698101,20.499701,-14.700500,0.047771,-0.013570,0.015998,-15.666301,-52.738201,18.801300,-93.396698,0.129960,17.611099,-0.263421,-0.430829,-0.667752,0.546903,-693.524475,1535.331177,-4658.648438,-693.741394,1454.639648,-4669.050293,-683.701294,1578.630005,-4687.690430,-705.962158,1486.489624,-4616.949707,-690.693176,1621.565308,-4660.903809,,,,,,,,,,,,,2616.312988,1567.719849,-3159.774170,,,,,,,,,,,,,,,,,,,,,,,,,,,,,,,,,
9308,93.080000,0.000000,0.000000,0.000000,1.000000,0.000000,0.000000,0.000000,57.698101,20.499701,-14.700500,0.047771,-0.013570,0.015998,-15.666301,-52.738201,18.801300,-93.396698,0.129960,17.611099,-0.263421,-0.430829,-0.667752,0.546903,-693.524475,1535.331177,-4658.648438,-693.741394,1454.639648,-4669.050293,-683.701294,1578.630005,-4687.690430,-705.962158,1486.489624,-4616.949707,-690.693176,1621.565308,-4660.903809,,,,,,,,,,,,,2616.285156,1567.795288,-3159.778076,,,,,,,,,,,,,,,,,,,,,,,,,,,,,,,,,
9309,93.090000,0.000000,0.000000,0.000000,1.000000,0.000000,0.000000,0.000000,57.698101,20.499701,-14.700500,0.047771,-0.013570,0.015998,-15.666301,-52.738201,18.801300,-93.396698,0.129960,17.611099,-0.263421,-0.430829,-0.667752,0.546903,-693.524475,1535.331177,-4658.648438,-693.741394,1454.639648,-4669.050293,-683.701294,1578.630005,-4687.690430,-705.962158,1486.489624,-4616.949707,-690.693176,1621.565308,-4660.903809,,,,,,,,,,,,,2616.256104,1567.762451,-3159.798584,,,,,,,,,,,,,,,,,,,,,,,,,,,,,,,,,
9310,93.100000,0.000000,0.000000,0.000000,1.000000,0.000000,0.000000,0.000000,57.698101,20.499701,-14.700500,0.047771,-0.013570,0.015998,-15.666301,-52.738201,18.801300,-93.396698,0.129960,17.611099,-0.263421,-0.430829,-0.667752,0.546903,-693.524475,1535.331177,-4658.648438,-693.741394,1454.639648,-4669.050293,-683.701294,1578.630005,-4687.690430,-705.962158,1486.489624,-4616.949707,-690.693176,1621.565308,-4660.903809,,,,,,,,,,,,,2616.260498,1567.771973,-3159.791504,,,,,,,,,,,,,,,,,,,,,,,,,,,,,,,,,
9311,93.110000,0.000000,0.000000,0.000000,1.000000,0.000000,0.000000,0.000000,57.698101,20.499701,-14.700500,0.047771,-0.013570,0.015998,-15.666301,-52.738201,18.801300,-93.396698,0.129960,17.611099,-0.263421,-0.430829,-0.667752,0.546903,-693.524475,1535.331177,-4658.648438,-693.741394,1454.639648,-4669.050293,-683.701294,1578.630005,-4687.690430,-705.962158,1486.489624,-4616.949707,-690.693176,1621.565308,-4660.903809,,,,,,,,,,,,,2616.282715,1567.720703,-3159.786133,,,,,,,,,,,,,,,,,,,,,,,,,,,,,,,,,
9312,93.120000,0.000000,0.000000,0.000000,1.000000,0.000000,0.000000,0.000000,57.698101,20.499701,-14.700500,0.047771,-0.013570,0.015998,-15.666301,-52.738201,18.801300,-93.396698,0.129960,17.611099,-0.263421,-0.430829,-0.667752,0.546903,-693.524475,1535.331177,-4658.648438,-693.741394,1454.639648,-4669.050293,-683.701294,1578.630005,-4687.690430,-705.962158,1486.489624,-4616.949707,-690.693176,1621.565308,-4660.903809,,,,,,,,,,,,,2616.334473,1567.765259,-3159.760986,,,,,,,,,,,,,,,,,,,,,,,,,,,,,,,,,
9313,93.130000,0.000000,0.000000,0.000000,1.000000,0.000000,0.000000,0.000000,57.698101,20.499701,-14.700500,0.047771,-0.013570,0.015998,-15.666301,-52.738201,18.801300,-93.396698,0.129960,17.611099,-0.263421,-0.430829,-0.667752,0.546903,-693.524475,1535.331177,-4658.648438,-693.741394,1454.639648,-4669.050293,-683.701294,1578.630005,-4687.690430,-705.962158,1486.489624,-4616.949707,-690.693176,1621.565308,-4660.903809,,,,,,,,,,,,,2616.271240,1567.746338,-3159.784912,,,,,,,,,,,,,,,,,,,,,,,,,,,,,,,,,
9314,93.140000,0.000000,0.000000,0.000000,1.000000,0.000000,0.000000,0.000000,57.698101,20.499701,-14.700500,0.047771,-0.013570,0.015998,-15.666301,-52.738201,18.801300,-93.396698,0.129960,17.611099,-0.263421,-0.430829,-0.667752,0.546903,-693.524475,1535.331177,-4658.648438,-693.741394,1454.639648,-4669.050293,-683.701294,1578.630005,-4687.690430,-705.962158,1486.489624,-4616.949707,-690.693176,1621.565308,-4660.903809,,,,,,,,,,,,,2616.267090,1567.746338,-3159.789062,,,,,,,,,,,,,,,,,,,,,,,,,,,,,,,,,
9315,93.150000,0.000000,0.000000,0.000000,1.000000,0.000000,0.000000,0.000000,57.698101,20.499701,-14.700500,0.047771,-0.013570,0.015998,-15.666301,-52.738201,18.801300,-93.396698,0.129960,17.611099,-0.263421,-0.430829,-0.667752,0.546903,-693.524475,1535.331177,-4658.648438,-693.741394,1454.639648,-4669.050293,-683.701294,1578.630005,-4687.690430,-705.962158,1486.489624,-4616.949707,-690.693176,1621.565308,-4660.903809,,,,,,,,,,,,,2616.263916,1567.737671,-3159.776855,,,,,,,,,,,,,,,,,,,,,,,,,,,,,,,,,
9316,93.160000,0.000000,0.000000,0.000000,1.000000,0.000000,0.000000,0.000000,57.698101,20.499701,-14.700500,0.047771,-0.013570,0.015998,-15.666301,-52.738201,18.801300,-93.396698,0.129960,17.611099,-0.263421,-0.430829,-0.667752,0.546903,-693.524475,1535.331177,-4658.648438,-693.741394,1454.639648,-4669.050293,-683.701294,1578.630005,-4687.690430,-705.962158,1486.489624,-4616.949707,-690.693176,1621.565308,-4660.903809,,,,,,,,,,,,,2616.300049,1567.742920,-3159.773682,,,,,,,,,,,,,,,,,,,,,,,,,,,,,,,,,
9317,93.170000,0.000000,0.000000,0.000000,1.000000,0.000000,0.000000,0.000000,57.698101,20.499701,-14.700500,0.047771,-0.013570,0.015998,-15.666301,-52.738201,18.801300,-93.396698,0.129960,17.611099,-0.263421,-0.430829,-0.667752,0.546903,-693.524475,1535.331177,-4658.648438,-693.741394,1454.639648,-4669.050293,-683.701294,1578.630005,-4687.690430,-705.962158,1486.489624,-4616.949707,-690.693176,1621.565308,-4660.903809,,,,,,,,,,,,,2616.277100,1567.801636,-3159.796875,,,,,,,,,,,,,,,,,,,,,,,,,,,,,,,,,
9318,93.180000,0.000000,0.000000,0.000000,1.000000,0.000000,0.000000,0.000000,57.698101,20.499701,-14.700500,0.047771,-0.013570,0.015998,-15.666301,-52.738201,18.801300,-93.396698,0.129960,17.611099,-0.263421,-0.430829,-0.667752,0.546903,-693.524475,1535.331177,-4658.648438,-693.741394,1454.639648,-4669.050293,-683.701294,1578.630005,-4687.690430,-705.962158,1486.489624,-4616.949707,-690.693176,1621.565308,-4660.903809,,,,,,,,,,,,,2616.250000,1567.769287,-3159.802246,,,,,,,,,,,,,,,,,,,,,,,,,,,,,,,,,
9319,93.190000,0.000000,0.000000,0.000000,1.000000,0.000000,0.000000,0.000000,57.698101,20.499701,-14.700500,0.047771,-0.013570,0.015998,-15.666301,-52.738201,18.801300,-93.396698,0.129960,17.611099,-0.263421,-0.430829,-0.667752,0.546903,-693.524475,1535.331177,-4658.648438,-693.741394,1454.639648,-4669.050293,-683.701294,1578.630005,-4687.690430,-705.962158,1486.489624,-4616.949707,-690.693176,1621.565308,-4660.903809,,,,,,,,,,,,,2616.273193,1567.757446,-3159.789551,,,,,,,,,,,,,,,,,,,,,,,,,,,,,,,,,
9320,93.200000,0.000000,0.000000,0.000000,1.000000,0.000000,0.000000,0.000000,57.698101,20.499701,-14.700500,0.047771,-0.013570,0.015998,-15.666301,-52.738201,18.801300,-93.396698,0.129960,17.611099,-0.263421,-0.430829,-0.667752,0.546903,-693.524475,1535.331177,-4658.648438,-693.741394,1454.639648,-4669.050293,-683.701294,1578.630005,-4687.690430,-705.962158,1486.489624,-4616.949707,-690.693176,1621.565308,-4660.903809,,,,,,,,,,,,,2616.270996,1567.734375,-3159.775146,,,,,,,,,,,,,,,,,,,,,,,,,,,,,,,,,
9321,93.210000,0.000000,0.000000,0.000000,1.000000,0.000000,0.000000,0.000000,57.698101,20.499701,-14.700500,0.047771,-0.013570,0.015998,-15.666301,-52.738201,18.801300,-93.396698,0.129960,17.611099,-0.263421,-0.430829,-0.667752,0.546903,-693.524475,1535.331177,-4658.648438,-693.741394,1454.639648,-4669.050293,-683.701294,1578.630005,-4687.690430,-705.962158,1486.489624,-4616.949707,-690.693176,1621.565308,-4660.903809,,,,,,,,,,,,,2616.264160,1567.737793,-3159.781006,,,,,,,,,,,,,,,,,,,,,,,,,,,,,,,,,
9322,93.220000,0.000000,0.000000,0.000000,1.000000,0.000000,0.000000,0.000000,57.698101,20.499701,-14.700500,0.047771,-0.013570,0.015998,-15.666301,-52.738201,18.801300,-93.396698,0.129960,17.611099,-0.263421,-0.430829,-0.667752,0.546903,-693.524475,1535.331177,-4658.648438,-693.741394,1454.639648,-4669.050293,-683.701294,1578.630005,-4687.690430,-705.962158,1486.489624,-4616.949707,-690.693176,1621.565308,-4660.903809,,,,,,,,,,,,,2616.244141,1567.750488,-3159.790527,,,,,,,,,,,,,,,,,,,,,,,,,,,,,,,,,
9323,93.230000,0.000000,0.000000,0.000000,1.000000,0.000000,0.000000,0.000000,57.698101,20.499701,-14.700500,0.047771,-0.013570,0.015998,-15.666301,-52.738201,18.801300,-93.396698,0.129960,17.611099,-0.263421,-0.430829,-0.667752,0.546903,-693.524475,1535.331177,-4658.648438,-693.741394,1454.639648,-4669.050293,-683.701294,1578.630005,-4687.690430,-705.962158,1486.489624,-4616.949707,-690.693176,1621.565308,-4660.903809,,,,,,,,,,,,,2616.248047,1567.743896,-3159.794678,,,,,,,,,,,,,,,,,,,,,,,,,,,,,,,,,
9324,93.240000,0.000000,0.000000,0.000000,1.000000,0.000000,0.000000,0.000000,57.698101,20.499701,-14.700500,0.047771,-0.013570,0.015998,-15.666301,-52.738201,18.801300,-93.396698,0.129960,17.611099,-0.263421,-0.430829,-0.667752,0.546903,-693.524475,1535.331177,-4658.648438,-693.741394,1454.639648,-4669.050293,-683.701294,1578.630005,-4687.690430,-705.962158,1486.489624,-4616.949707,-690.693176,1621.565308,-4660.903809,,,,,,,,,,,,,2616.302246,1567.760864,-3159.776855,,,,,,,,,,,,,,,,,,,,,,,,,,,,,,,,,
9325,93.250000,0.000000,0.000000,0.000000,1.000000,0.000000,0.000000,0.000000,57.698101,20.499701,-14.700500,0.047771,-0.013570,0.015998,-15.666301,-52.738201,18.801300,-93.396698,0.129960,17.611099,-0.263421,-0.430829,-0.667752,0.546903,-693.524475,1535.331177,-4658.648438,-693.741394,1454.639648,-4669.050293,-683.701294,1578.630005,-4687.690430,-705.962158,1486.489624,-4616.949707,-690.693176,1621.565308,-4660.903809,,,,,,,,,,,,,2616.279297,1567.731689,-3159.779053,,,,,,,,,,,,,,,,,,,,,,,,,,,,,,,,,
9326,93.260000,0.000000,0.000000,0.000000,1.000000,0.000000,0.000000,0.000000,57.698101,20.499701,-14.700500,0.047771,-0.013570,0.015998,-15.666301,-52.738201,18.801300,-93.396698,0.129960,17.611099,-0.263421,-0.430829,-0.667752,0.546903,-693.524475,1535.331177,-4658.648438,-693.741394,1454.639648,-4669.050293,-683.701294,1578.630005,-4687.690430,-705.962158,1486.489624,-4616.949707,-690.693176,1621.565308,-4660.903809,,,,,,,,,,,,,2616.287842,1567.755981,-3159.782471,,,,,,,,,,,,,,,,,,,,,,,,,,,,,,,,,
9327,93.270000,0.000000,0.000000,0.000000,1.000000,0.000000,0.000000,0.000000,57.698101,20.499701,-14.700500,0.047771,-0.013570,0.015998,-15.666301,-52.738201,18.801300,-93.396698,0.129960,17.611099,-0.263421,-0.430829,-0.667752,0.546903,-693.524475,1535.331177,-4658.648438,-693.741394,1454.639648,-4669.050293,-683.701294,1578.630005,-4687.690430,-705.962158,1486.489624,-4616.949707,-690.693176,1621.565308,-4660.903809,,,,,,,,,,,,,2616.279785,1567.755005,-3159.784424,,,,,,,,,,,,,,,,,,,,,,,,,,,,,,,,,
9328,93.280000,0.000000,0.000000,0.000000,1.000000,0.000000,0.000000,0.000000,57.698101,20.499701,-14.700500,0.047771,-0.013570,0.015998,-15.666301,-52.738201,18.801300,-93.396698,0.129960,17.611099,-0.263421,-0.430829,-0.667752,0.546903,-693.524475,1535.331177,-4658.648438,-693.741394,1454.639648,-4669.050293,-683.701294,1578.630005,-4687.690430,-705.962158,1486.489624,-4616.949707,-690.693176,1621.565308,-4660.903809,,,,,,,,,,,,,2616.276367,1567.764160,-3159.784912,,,,,,,,,,,,,,,,,,,,,,,,,,,,,,,,,
9329,93.290000,0.000000,0.000000,0.000000,1.000000,0.000000,0.000000,0.000000,57.698101,20.499701,-14.700500,0.047771,-0.013570,0.015998,-15.666301,-52.738201,18.801300,-93.396698,0.129960,17.611099,-0.263421,-0.430829,-0.667752,0.546903,-693.524475,1535.331177,-4658.648438,-693.741394,1454.639648,-4669.050293,-683.701294,1578.630005,-4687.690430,-705.962158,1486.489624,-4616.949707,-690.693176,1621.565308,-4660.903809,,,,,,,,,,,,,2616.276611,1567.720947,-3159.778320,,,,,,,,,,,,,,,,,,,,,,,,,,,,,,,,,
9330,93.300000,0.000000,0.000000,0.000000,1.000000,0.000000,0.000000,0.000000,57.698101,20.499701,-14.700500,0.047771,-0.013570,0.015998,-15.666301,-52.738201,18.801300,-93.396698,0.129960,17.611099,-0.263421,-0.430829,-0.667752,0.546903,-693.524475,1535.331177,-4658.648438,-693.741394,1454.639648,-4669.050293,-683.701294,1578.630005,-4687.690430,-705.962158,1486.489624,-4616.949707,-690.693176,1621.565308,-4660.903809,,,,,,,,,,,,,2616.291504,1567.755615,-3159.772949,,,,,,,,,,,,,,,,,,,,,,,,,,,,,,,,,
9331,93.310000,0.000000,0.000000,0.000000,1.000000,0.000000,0.000000,0.000000,57.698101,20.499701,-14.700500,0.047771,-0.013570,0.015998,-15.666301,-52.738201,18.801300,-93.396698,0.129960,17.611099,-0.263421,-0.430829,-0.667752,0.546903,-693.524475,1535.331177,-4658.648438,-693.741394,1454.639648,-4669.050293,-683.701294,1578.630005,-4687.690430,-705.962158,1486.489624,-4616.949707,-690.693176,1621.565308,-4660.903809,,,,,,,,,,,,,2616.271973,1567.756592,-3159.780518,,,,,,,,,,,,,,,,,,,,,,,,,,,,,,,,,
9332,93.320000,0.000000,0.000000,0.000000,1.000000,0.000000,0.000000,0.000000,57.698101,20.499701,-14.700500,0.047771,-0.013570,0.015998,-15.666301,-52.738201,18.801300,-93.396698,0.129960,17.611099,-0.263421,-0.430829,-0.667752,0.546903,-693.524475,1535.331177,-4658.648438,-693.741394,1454.639648,-4669.050293,-683.701294,1578.630005,-4687.690430,-705.962158,1486.489624,-4616.949707,-690.693176,1621.565308,-4660.903809,,,,,,,,,,,,,2616.307617,1567.732666,-3159.773926,,,,,,,,,,,,,,,,,,,,,,,,,,,,,,,,,
9333,93.330000,0.000000,0.000000,0.000000,1.000000,0.000000,0.000000,0.000000,57.698101,20.499701,-14.700500,0.047771,-0.013570,0.015998,-15.666301,-52.738201,18.801300,-93.396698,0.129960,17.611099,-0.263421,-0.430829,-0.667752,0.546903,-693.524475,1535.331177,-4658.648438,-693.741394,1454.639648,-4669.050293,-683.701294,1578.630005,-4687.690430,-705.962158,1486.489624,-4616.949707,-690.693176,1621.565308,-4660.903809,,,,,,,,,,,,,2616.282715,1567.754272,-3159.768799,,,,,,,,,,,,,,,,,,,,,,,,,,,,,,,,,
9334,93.340000,0.000000,0.000000,0.000000,1.000000,0.000000,0.000000,0.000000,57.698101,20.499701,-14.700500,0.047771,-0.013570,0.015998,-15.666301,-52.738201,18.801300,-93.396698,0.129960,17.611099,-0.263421,-0.430829,-0.667752,0.546903,-693.524475,1535.331177,-4658.648438,-693.741394,1454.639648,-4669.050293,-683.701294,1578.630005,-4687.690430,-705.962158,1486.489624,-4616.949707,-690.693176,1621.565308,-4660.903809,,,,,,,,,,,,,2616.260742,1567.744019,-3159.791016,,,,,,,,,,,,,,,,,,,,,,,,,,,,,,,,,
9335,93.350000,0.000000,0.000000,0.000000,1.000000,0.000000,0.000000,0.000000,57.698101,20.499701,-14.700500,0.047771,-0.013570,0.015998,-15.666301,-52.738201,18.801300,-93.396698,0.129960,17.611099,-0.263421,-0.430829,-0.667752,0.546903,-693.524475,1535.331177,-4658.648438,-693.741394,1454.639648,-4669.050293,-683.701294,1578.630005,-4687.690430,-705.962158,1486.489624,-4616.949707,-690.693176,1621.565308,-4660.903809,,,,,,,,,,,,,2616.286621,1567.724609,-3159.781250,,,,,,,,,,,,,,,,,,,,,,,,,,,,,,,,,
9336,93.360000,0.000000,0.000000,0.000000,1.000000,0.000000,0.000000,0.000000,57.698101,20.499701,-14.700500,0.047771,-0.013570,0.015998,-15.666301,-52.738201,18.801300,-93.396698,0.129960,17.611099,-0.263421,-0.430829,-0.667752,0.546903,-693.524475,1535.331177,-4658.648438,-693.741394,1454.639648,-4669.050293,-683.701294,1578.630005,-4687.690430,-705.962158,1486.489624,-4616.949707,-690.693176,1621.565308,-4660.903809,,,,,,,,,,,,,2616.303467,1567.728271,-3159.766357,,,,,,,,,,,,,,,,,,,,,,,,,,,,,,,,,
9337,93.370000,0.000000,0.000000,0.000000,1.000000,0.000000,0.000000,0.000000,57.698101,20.499701,-14.700500,0.047771,-0.013570,0.015998,-15.666301,-52.738201,18.801300,-93.396698,0.129960,17.611099,-0.263421,-0.430829,-0.667752,0.546903,-693.524475,1535.331177,-4658.648438,-693.741394,1454.639648,-4669.050293,-683.701294,1578.630005,-4687.690430,-705.962158,1486.489624,-4616.949707,-690.693176,1621.565308,-4660.903809,,,,,,,,,,,,,2616.285156,1567.781006,-3159.781250,,,,,,,,,,,,,,,,,,,,,,,,,,,,,,,,,
9338,93.380000,0.000000,0.000000,0.000000,1.000000,0.000000,0.000000,0.000000,57.698101,20.499701,-14.700500,0.047771,-0.013570,0.015998,-15.666301,-52.738201,18.801300,-93.396698,0.129960,17.611099,-0.263421,-0.430829,-0.667752,0.546903,-693.524475,1535.331177,-4658.648438,-693.741394,1454.639648,-4669.050293,-683.701294,1578.630005,-4687.690430,-705.962158,1486.489624,-4616.949707,-690.693176,1621.565308,-4660.903809,,,,,,,,,,,,,2616.313232,1567.770386,-3159.787598,,,,,,,,,,,,,,,,,,,,,,,,,,,,,,,,,
9339,93.390000,0.000000,0.000000,0.000000,1.000000,0.000000,0.000000,0.000000,57.698101,20.499701,-14.700500,0.047771,-0.013570,0.015998,-15.666301,-52.738201,18.801300,-93.396698,0.129960,17.611099,-0.263421,-0.430829,-0.667752,0.546903,-693.524475,1535.331177,-4658.648438,-693.741394,1454.639648,-4669.050293,-683.701294,1578.630005,-4687.690430,-705.962158,1486.489624,-4616.949707,-690.693176,1621.565308,-4660.903809,,,,,,,,,,,,,2616.290771,1567.764160,-3159.771729,,,,,,,,,,,,,,,,,,,,,,,,,,,,,,,,,
9340,93.400000,0.000000,0.000000,0.000000,1.000000,0.000000,0.000000,0.000000,57.698101,20.499701,-14.700500,0.047771,-0.013570,0.015998,-15.666301,-52.738201,18.801300,-93.396698,0.129960,17.611099,-0.263421,-0.430829,-0.667752,0.546903,-693.524475,1535.331177,-4658.648438,-693.741394,1454.639648,-4669.050293,-683.701294,1578.630005,-4687.690430,-705.962158,1486.489624,-4616.949707,-690.693176,1621.565308,-4660.903809,,,,,,,,,,,,,2616.293945,1567.758057,-3159.782959,,,,,,,,,,,,,,,,,,,,,,,,,,,,,,,,,
9341,93.410000,0.000000,0.000000,0.000000,1.000000,0.000000,0.000000,0.000000,57.698101,20.499701,-14.700500,0.047771,-0.013570,0.015998,-15.666301,-52.738201,18.801300,-93.396698,0.129960,17.611099,-0.263421,-0.430829,-0.667752,0.546903,-693.524475,1535.331177,-4658.648438,-693.741394,1454.639648,-4669.050293,-683.701294,1578.630005,-4687.690430,-705.962158,1486.489624,-4616.949707,-690.693176,1621.565308,-4660.903809,,,,,,,,,,,,,2616.299805,1567.701782,-3159.764648,,,,,,,,,,,,,,,,,,,,,,,,,,,,,,,,,
9342,93.420000,0.000000,0.000000,0.000000,1.000000,0.000000,0.000000,0.000000,57.698101,20.499701,-14.700500,0.047771,-0.013570,0.015998,-15.666301,-52.738201,18.801300,-93.396698,0.129960,17.611099,-0.263421,-0.430829,-0.667752,0.546903,-693.524475,1535.331177,-4658.648438,-693.741394,1454.639648,-4669.050293,-683.701294,1578.630005,-4687.690430,-705.962158,1486.489624,-4616.949707,-690.693176,1621.565308,-4660.903809,,,,,,,,,,,,,2616.306152,1567.750732,-3159.757324,,,,,,,,,,,,,,,,,,,,,,,,,,,,,,,,,
9343,93.430000,0.000000,0.000000,0.000000,1.000000,0.000000,0.000000,0.000000,57.698101,20.499701,-14.700500,0.047771,-0.013570,0.015998,-15.666301,-52.738201,18.801300,-93.396698,0.129960,17.611099,-0.263421,-0.430829,-0.667752,0.546903,-693.524475,1535.331177,-4658.648438,-693.741394,1454.639648,-4669.050293,-683.701294,1578.630005,-4687.690430,-705.962158,1486.489624,-4616.949707,-690.693176,1621.565308,-4660.903809,,,,,,,,,,,,,2616.296387,1567.756348,-3159.777344,,,,,,,,,,,,,,,,,,,,,,,,,,,,,,,,,
9344,93.440000,0.000000,0.000000,0.000000,1.000000,0.000000,0.000000,0.000000,57.698101,20.499701,-14.700500,0.047771,-0.013570,0.015998,-15.666301,-52.738201,18.801300,-93.396698,0.129960,17.611099,-0.263421,-0.430829,-0.667752,0.546903,-693.524475,1535.331177,-4658.648438,-693.741394,1454.639648,-4669.050293,-683.701294,1578.630005,-4687.690430,-705.962158,1486.489624,-4616.949707,-690.693176,1621.565308,-4660.903809,,,,,,,,,,,,,2616.289062,1567.764526,-3159.787598,,,,,,,,,,,,,,,,,,,,,,,,,,,,,,,,,
9345,93.450000,0.000000,0.000000,0.000000,1.000000,0.000000,0.000000,0.000000,57.698101,20.499701,-14.700500,0.047771,-0.013570,0.015998,-15.666301,-52.738201,18.801300,-93.396698,0.129960,17.611099,-0.263421,-0.430829,-0.667752,0.546903,-693.524475,1535.331177,-4658.648438,-693.741394,1454.639648,-4669.050293,-683.701294,1578.630005,-4687.690430,-705.962158,1486.489624,-4616.949707,-690.693176,1621.565308,-4660.903809,,,,,,,,,,,,,2616.278076,1567.781738,-3159.792480,,,,,,,,,,,,,,,,,,,,,,,,,,,,,,,,,
9346,93.460000,0.000000,0.000000,0.000000,1.000000,0.000000,0.000000,0.000000,57.698101,20.499701,-14.700500,0.047771,-0.013570,0.015998,-15.666301,-52.738201,18.801300,-93.396698,0.129960,17.611099,-0.263421,-0.430829,-0.667752,0.546903,-693.524475,1535.331177,-4658.648438,-693.741394,1454.639648,-4669.050293,-683.701294,1578.630005,-4687.690430,-705.962158,1486.489624,-4616.949707,-690.693176,1621.565308,-4660.903809,,,,,,,,,,,,,2616.300537,1567.771973,-3159.784668,,,,,,,,,,,,,,,,,,,,,,,,,,,,,,,,,
9347,93.470000,0.000000,0.000000,0.000000,1.000000,0.000000,0.000000,0.000000,57.698101,20.499701,-14.700500,0.047771,-0.013570,0.015998,-15.666301,-52.738201,18.801300,-93.396698,0.129960,17.611099,-0.263421,-0.430829,-0.667752,0.546903,-693.524475,1535.331177,-4658.648438,-693.741394,1454.639648,-4669.050293,-683.701294,1578.630005,-4687.690430,-705.962158,1486.489624,-4616.949707,-690.693176,1621.565308,-4660.903809,,,,,,,,,,,,,2616.308594,1567.748047,-3159.770508,,,,,,,,,,,,,,,,,,,,,,,,,,,,,,,,,
9348,93.480000,0.000000,0.000000,0.000000,1.000000,0.000000,0.000000,0.000000,57.698101,20.499701,-14.700500,0.047771,-0.013570,0.015998,-15.666301,-52.738201,18.801300,-93.396698,0.129960,17.611099,-0.263421,-0.430829,-0.667752,0.546903,-693.524475,1535.331177,-4658.648438,-693.741394,1454.639648,-4669.050293,-683.701294,1578.630005,-4687.690430,-705.962158,1486.489624,-4616.949707,-690.693176,1621.565308,-4660.903809,,,,,,,,,,,,,2616.299561,1567.721069,-3159.761475,,,,,,,,,,,,,,,,,,,,,,,,,,,,,,,,,
9349,93.490000,0.000000,0.000000,0.000000,1.000000,0.000000,0.000000,0.000000,57.698101,20.499701,-14.700500,0.047771,-0.013570,0.015998,-15.666301,-52.738201,18.801300,-93.396698,0.129960,17.611099,-0.263421,-0.430829,-0.667752,0.546903,-693.524475,1535.331177,-4658.648438,-693.741394,1454.639648,-4669.050293,-683.701294,1578.630005,-4687.690430,-705.962158,1486.489624,-4616.949707,-690.693176,1621.565308,-4660.903809,,,,,,,,,,,,,2616.291992,1567.764282,-3159.770020,,,,,,,,,,,,,,,,,,,,,,,,,,,,,,,,,
9350,93.500000,0.000000,0.000000,0.000000,1.000000,0.000000,0.000000,0.000000,57.698101,20.499701,-14.700500,0.047771,-0.013570,0.015998,-15.666301,-52.738201,18.801300,-93.396698,0.129960,17.611099,-0.263421,-0.430829,-0.667752,0.546903,-693.524475,1535.331177,-4658.648438,-693.741394,1454.639648,-4669.050293,-683.701294,1578.630005,-4687.690430,-705.962158,1486.489624,-4616.949707,-690.693176,1621.565308,-4660.903809,,,,,,,,,,,,,2616.287842,1567.737061,-3159.783691,,,,,,,,,,,,,,,,,,,,,,,,,,,,,,,,,
9351,93.510000,0.000000,0.000000,0.000000,1.000000,0.000000,0.000000,0.000000,57.698101,20.499701,-14.700500,0.047771,-0.013570,0.015998,-15.666301,-52.738201,18.801300,-93.396698,0.129960,17.611099,-0.263421,-0.430829,-0.667752,0.546903,-693.524475,1535.331177,-4658.648438,-693.741394,1454.639648,-4669.050293,-683.701294,1578.630005,-4687.690430,-705.962158,1486.489624,-4616.949707,-690.693176,1621.565308,-4660.903809,,,,,,,,,,,,,2616.282715,1567.761475,-3159.781982,,,,,,,,,,,,,,,,,,,,,,,,,,,,,,,,,
9352,93.520000,0.000000,0.000000,0.000000,1.000000,0.000000,0.000000,0.000000,57.698101,20.499701,-14.700500,0.047771,-0.013570,0.015998,-15.666301,-52.738201,18.801300,-93.396698,0.129960,17.611099,-0.263421,-0.430829,-0.667752,0.546903,-693.524475,1535.331177,-4658.648438,-693.741394,1454.639648,-4669.050293,-683.701294,1578.630005,-4687.690430,-705.962158,1486.489624,-4616.949707,-690.693176,1621.565308,-4660.903809,,,,,,,,,,,,,2616.304932,1567.713257,-3159.774658,,,,,,,,,,,,,,,,,,,,,,,,,,,,,,,,,
9353,93.530000,0.000000,0.000000,0.000000,1.000000,0.000000,0.000000,0.000000,57.698101,20.499701,-14.700500,0.047771,-0.013570,0.015998,-15.666301,-52.738201,18.801300,-93.396698,0.129960,17.611099,-0.263421,-0.430829,-0.667752,0.546903,-693.524475,1535.331177,-4658.648438,-693.741394,1454.639648,-4669.050293,-683.701294,1578.630005,-4687.690430,-705.962158,1486.489624,-4616.949707,-690.693176,1621.565308,-4660.903809,,,,,,,,,,,,,2616.302734,1567.765259,-3159.766602,,,,,,,,,,,,,,,,,,,,,,,,,,,,,,,,,
9354,93.540000,0.000000,0.000000,0.000000,1.000000,0.000000,0.000000,0.000000,57.698101,20.499701,-14.700500,0.047771,-0.013570,0.015998,-15.666301,-52.738201,18.801300,-93.396698,0.129960,17.611099,-0.263421,-0.430829,-0.667752,0.546903,-693.524475,1535.331177,-4658.648438,-693.741394,1454.639648,-4669.050293,-683.701294,1578.630005,-4687.690430,-705.962158,1486.489624,-4616.949707,-690.693176,1621.565308,-4660.903809,,,,,,,,,,,,,2616.278809,1567.750732,-3159.790527,,,,,,,,,,,,,,,,,,,,,,,,,,,,,,,,,
9355,93.550000,0.000000,0.000000,0.000000,1.000000,0.000000,0.000000,0.000000,57.698101,20.499701,-14.700500,0.047771,-0.013570,0.015998,-15.666301,-52.738201,18.801300,-93.396698,0.129960,17.611099,-0.263421,-0.430829,-0.667752,0.546903,-693.524475,1535.331177,-4658.648438,-693.741394,1454.639648,-4669.050293,-683.701294,1578.630005,-4687.690430,-705.962158,1486.489624,-4616.949707,-690.693176,1621.565308,-4660.903809,,,,,,,,,,,,,2616.267822,1567.743530,-3159.783936,,,,,,,,,,,,,,,,,,,,,,,,,,,,,,,,,
9356,93.560000,0.000000,0.000000,0.000000,1.000000,0.000000,0.000000,0.000000,57.698101,20.499701,-14.700500,0.047771,-0.013570,0.015998,-15.666301,-52.738201,18.801300,-93.396698,0.129960,17.611099,-0.263421,-0.430829,-0.667752,0.546903,-693.524475,1535.331177,-4658.648438,-693.741394,1454.639648,-4669.050293,-683.701294,1578.630005,-4687.690430,-705.962158,1486.489624,-4616.949707,-690.693176,1621.565308,-4660.903809,,,,,,,,,,,,,2616.257812,1567.771851,-3159.785645,,,,,,,,,,,,,,,,,,,,,,,,,,,,,,,,,
9357,93.570000,0.000000,0.000000,0.000000,1.000000,0.000000,0.000000,0.000000,57.698101,20.499701,-14.700500,0.047771,-0.013570,0.015998,-15.666301,-52.738201,18.801300,-93.396698,0.129960,17.611099,-0.263421,-0.430829,-0.667752,0.546903,-693.524475,1535.331177,-4658.648438,-693.741394,1454.639648,-4669.050293,-683.701294,1578.630005,-4687.690430,-705.962158,1486.489624,-4616.949707,-690.693176,1621.565308,-4660.903809,,,,,,,,,,,,,2616.287842,1567.778809,-3159.787842,,,,,,,,,,,,,,,,,,,,,,,,,,,,,,,,,
9358,93.580000,0.000000,0.000000,0.000000,1.000000,0.000000,0.000000,0.000000,57.698101,20.499701,-14.700500,0.047771,-0.013570,0.015998,-15.666301,-52.738201,18.801300,-93.396698,0.129960,17.611099,-0.263421,-0.430829,-0.667752,0.546903,-693.524475,1535.331177,-4658.648438,-693.741394,1454.639648,-4669.050293,-683.701294,1578.630005,-4687.690430,-705.962158,1486.489624,-4616.949707,-690.693176,1621.565308,-4660.903809,,,,,,,,,,,,,2616.286865,1567.787598,-3159.792480,,,,,,,,,,,,,,,,,,,,,,,,,,,,,,,,,
9359,93.590000,0.000000,0.000000,0.000000,1.000000,0.000000,0.000000,0.000000,57.698101,20.499701,-14.700500,0.047771,-0.013570,0.015998,-15.666301,-52.738201,18.801300,-93.396698,0.129960,17.611099,-0.263421,-0.430829,-0.667752,0.546903,-693.524475,1535.331177,-4658.648438,-693.741394,1454.639648,-4669.050293,-683.701294,1578.630005,-4687.690430,-705.962158,1486.489624,-4616.949707,-690.693176,1621.565308,-4660.903809,,,,,,,,,,,,,2616.287109,1567.780518,-3159.787354,,,,,,,,,,,,,,,,,,,,,,,,,,,,,,,,,
9360,93.600000,0.000000,0.000000,0.000000,1.000000,0.000000,0.000000,0.000000,57.698101,20.499701,-14.700500,0.047771,-0.013570,0.015998,-15.666301,-52.738201,18.801300,-93.396698,0.129960,17.611099,-0.263421,-0.430829,-0.667752,0.546903,-693.524475,1535.331177,-4658.648438,-693.741394,1454.639648,-4669.050293,-683.701294,1578.630005,-4687.690430,-705.962158,1486.489624,-4616.949707,-690.693176,1621.565308,-4660.903809,,,,,,,,,,,,,2616.259766,1567.751343,-3159.784912,,,,,,,,,,,,,,,,,,,,,,,,,,,,,,,,,
9361,93.610000,0.000000,0.000000,0.000000,1.000000,0.000000,0.000000,0.000000,57.698101,20.499701,-14.700500,0.047771,-0.013570,0.015998,-15.666301,-52.738201,18.801300,-93.396698,0.129960,17.611099,-0.263421,-0.430829,-0.667752,0.546903,-693.524475,1535.331177,-4658.648438,-693.741394,1454.639648,-4669.050293,-683.701294,1578.630005,-4687.690430,-705.962158,1486.489624,-4616.949707,-690.693176,1621.565308,-4660.903809,,,,,,,,,,,,,2616.266357,1567.754517,-3159.785889,,,,,,,,,,,,,,,,,,,,,,,,,,,,,,,,,
9362,93.620000,0.000000,0.000000,0.000000,1.000000,0.000000,0.000000,0.000000,57.698101,20.499701,-14.700500,0.047771,-0.013570,0.015998,-15.666301,-52.738201,18.801300,-93.396698,0.129960,17.611099,-0.263421,-0.430829,-0.667752,0.546903,-693.524475,1535.331177,-4658.648438,-693.741394,1454.639648,-4669.050293,-683.701294,1578.630005,-4687.690430,-705.962158,1486.489624,-4616.949707,-690.693176,1621.565308,-4660.903809,,,,,,,,,,,,,2616.311279,1567.727417,-3159.772217,,,,,,,,,,,,,,,,,,,,,,,,,,,,,,,,,
9363,93.630000,0.000000,0.000000,0.000000,1.000000,0.000000,0.000000,0.000000,57.698101,20.499701,-14.700500,0.047771,-0.013570,0.015998,-15.666301,-52.738201,18.801300,-93.396698,0.129960,17.611099,-0.263421,-0.430829,-0.667752,0.546903,-693.524475,1535.331177,-4658.648438,-693.741394,1454.639648,-4669.050293,-683.701294,1578.630005,-4687.690430,-705.962158,1486.489624,-4616.949707,-690.693176,1621.565308,-4660.903809,,,,,,,,,,,,,2616.287354,1567.740601,-3159.768555,,,,,,,,,,,,,,,,,,,,,,,,,,,,,,,,,
9364,93.640000,0.000000,0.000000,0.000000,1.000000,0.000000,0.000000,0.000000,57.698101,20.499701,-14.700500,0.047771,-0.013570,0.015998,-15.666301,-52.738201,18.801300,-93.396698,0.129960,17.611099,-0.263421,-0.430829,-0.667752,0.546903,-693.524475,1535.331177,-4658.648438,-693.741394,1454.639648,-4669.050293,-683.701294,1578.630005,-4687.690430,-705.962158,1486.489624,-4616.949707,-690.693176,1621.565308,-4660.903809,,,,,,,,,,,,,2616.294189,1567.746460,-3159.773926,,,,,,,,,,,,,,,,,,,,,,,,,,,,,,,,,
9365,93.650000,0.000000,0.000000,0.000000,1.000000,0.000000,0.000000,0.000000,57.698101,20.499701,-14.700500,0.047771,-0.013570,0.015998,-15.666301,-52.738201,18.801300,-93.396698,0.129960,17.611099,-0.263421,-0.430829,-0.667752,0.546903,-693.524475,1535.331177,-4658.648438,-693.741394,1454.639648,-4669.050293,-683.701294,1578.630005,-4687.690430,-705.962158,1486.489624,-4616.949707,-690.693176,1621.565308,-4660.903809,,,,,,,,,,,,,2616.294434,1567.755615,-3159.774658,,,,,,,,,,,,,,,,,,,,,,,,,,,,,,,,,
9366,93.660000,0.000000,0.000000,0.000000,1.000000,0.000000,0.000000,0.000000,57.698101,20.499701,-14.700500,0.047771,-0.013570,0.015998,-15.666301,-52.738201,18.801300,-93.396698,0.129960,17.611099,-0.263421,-0.430829,-0.667752,0.546903,-693.524475,1535.331177,-4658.648438,-693.741394,1454.639648,-4669.050293,-683.701294,1578.630005,-4687.690430,-705.962158,1486.489624,-4616.949707,-690.693176,1621.565308,-4660.903809,,,,,,,,,,,,,2616.303711,1567.755493,-3159.779785,,,,,,,,,,,,,,,,,,,,,,,,,,,,,,,,,
9367,93.670000,0.000000,0.000000,0.000000,1.000000,0.000000,0.000000,0.000000,57.698101,20.499701,-14.700500,0.047771,-0.013570,0.015998,-15.666301,-52.738201,18.801300,-93.396698,0.129960,17.611099,-0.263421,-0.430829,-0.667752,0.546903,-693.524475,1535.331177,-4658.648438,-693.741394,1454.639648,-4669.050293,-683.701294,1578.630005,-4687.690430,-705.962158,1486.489624,-4616.949707,-690.693176,1621.565308,-4660.903809,,,,,,,,,,,,,2616.283447,1567.745605,-3159.783691,,,,,,,,,,,,,,,,,,,,,,,,,,,,,,,,,
9368,93.680000,0.000000,0.000000,0.000000,1.000000,0.000000,0.000000,0.000000,57.698101,20.499701,-14.700500,0.047771,-0.013570,0.015998,-15.666301,-52.738201,18.801300,-93.396698,0.129960,17.611099,-0.263421,-0.430829,-0.667752,0.546903,-693.524475,1535.331177,-4658.648438,-693.741394,1454.639648,-4669.050293,-683.701294,1578.630005,-4687.690430,-705.962158,1486.489624,-4616.949707,-690.693176,1621.565308,-4660.903809,,,,,,,,,,,,,2616.281494,1567.737305,-3159.781982,,,,,,,,,,,,,,,,,,,,,,,,,,,,,,,,,
9369,93.690000,0.000000,0.000000,0.000000,1.000000,0.000000,0.000000,0.000000,57.698101,20.499701,-14.700500,0.047771,-0.013570,0.015998,-15.666301,-52.738201,18.801300,-93.396698,0.129960,17.611099,-0.263421,-0.430829,-0.667752,0.546903,-693.524475,1535.331177,-4658.648438,-693.741394,1454.639648,-4669.050293,-683.701294,1578.630005,-4687.690430,-705.962158,1486.489624,-4616.949707,-690.693176,1621.565308,-4660.903809,,,,,,,,,,,,,2616.254395,1567.743164,-3159.776611,,,,,,,,,,,,,,,,,,,,,,,,,,,,,,,,,
9370,93.700000,0.000000,0.000000,0.000000,1.000000,0.000000,0.000000,0.000000,57.698101,20.499701,-14.700500,0.047771,-0.013570,0.015998,-15.666301,-52.738201,18.801300,-93.396698,0.129960,17.611099,-0.263421,-0.430829,-0.667752,0.546903,-693.524475,1535.331177,-4658.648438,-693.741394,1454.639648,-4669.050293,-683.701294,1578.630005,-4687.690430,-705.962158,1486.489624,-4616.949707,-690.693176,1621.565308,-4660.903809,,,,,,,,,,,,,2616.275146,1567.725952,-3159.781250,,,,,,,,,,,,,,,,,,,,,,,,,,,,,,,,,
9371,93.710000,0.000000,0.000000,0.000000,1.000000,0.000000,0.000000,0.000000,57.698101,20.499701,-14.700500,0.047771,-0.013570,0.015998,-15.666301,-52.738201,18.801300,-93.396698,0.129960,17.611099,-0.263421,-0.430829,-0.667752,0.546903,-693.524475,1535.331177,-4658.648438,-693.741394,1454.639648,-4669.050293,-683.701294,1578.630005,-4687.690430,-705.962158,1486.489624,-4616.949707,-690.693176,1621.565308,-4660.903809,,,,,,,,,,,,,2616.312012,1567.738037,-3159.764648,,,,,,,,,,,,,,,,,,,,,,,,,,,,,,,,,
9372,93.720000,0.000000,0.000000,0.000000,1.000000,0.000000,0.000000,0.000000,57.698101,20.499701,-14.700500,0.047771,-0.013570,0.015998,-15.666301,-52.738201,18.801300,-93.396698,0.129960,17.611099,-0.263421,-0.430829,-0.667752,0.546903,-693.524475,1535.331177,-4658.648438,-693.741394,1454.639648,-4669.050293,-683.701294,1578.630005,-4687.690430,-705.962158,1486.489624,-4616.949707,-690.693176,1621.565308,-4660.903809,,,,,,,,,,,,,2616.290771,1567.754150,-3159.771240,,,,,,,,,,,,,,,,,,,,,,,,,,,,,,,,,
9373,93.730000,0.000000,0.000000,0.000000,1.000000,0.000000,0.000000,0.000000,57.698101,20.499701,-14.700500,0.047771,-0.013570,0.015998,-15.666301,-52.738201,18.801300,-93.396698,0.129960,17.611099,-0.263421,-0.430829,-0.667752,0.546903,-693.524475,1535.331177,-4658.648438,-693.741394,1454.639648,-4669.050293,-683.701294,1578.630005,-4687.690430,-705.962158,1486.489624,-4616.949707,-690.693176,1621.565308,-4660.903809,,,,,,,,,,,,,2616.273682,1567.755249,-3159.790771,,,,,,,,,,,,,,,,,,,,,,,,,,,,,,,,,
9374,93.740000,0.000000,0.000000,0.000000,1.000000,0.000000,0.000000,0.000000,57.698101,20.499701,-14.700500,0.047771,-0.013570,0.015998,-15.666301,-52.738201,18.801300,-93.396698,0.129960,17.611099,-0.263421,-0.430829,-0.667752,0.546903,-693.524475,1535.331177,-4658.648438,-693.741394,1454.639648,-4669.050293,-683.701294,1578.630005,-4687.690430,-705.962158,1486.489624,-4616.949707,-690.693176,1621.565308,-4660.903809,,,,,,,,,,,,,2616.279541,1567.739868,-3159.776367,,,,,,,,,,,,,,,,,,,,,,,,,,,,,,,,,
9375,93.750000,0.000000,0.000000,0.000000,1.000000,0.000000,0.000000,0.000000,57.698101,20.499701,-14.700500,0.047771,-0.013570,0.015998,-15.666301,-52.738201,18.801300,-93.396698,0.129960,17.611099,-0.263421,-0.430829,-0.667752,0.546903,-693.524475,1535.331177,-4658.648438,-693.741394,1454.639648,-4669.050293,-683.701294,1578.630005,-4687.690430,-705.962158,1486.489624,-4616.949707,-690.693176,1621.565308,-4660.903809,,,,,,,,,,,,,2616.268799,1567.719604,-3159.776855,,,,,,,,,,,,,,,,,,,,,,,,,,,,,,,,,
9376,93.760000,0.000000,0.000000,0.000000,1.000000,0.000000,0.000000,0.000000,57.698101,20.499701,-14.700500,0.047771,-0.013570,0.015998,-15.666301,-52.738201,18.801300,-93.396698,0.129960,17.611099,-0.263421,-0.430829,-0.667752,0.546903,-693.524475,1535.331177,-4658.648438,-693.741394,1454.639648,-4669.050293,-683.701294,1578.630005,-4687.690430,-705.962158,1486.489624,-4616.949707,-690.693176,1621.565308,-4660.903809,,,,,,,,,,,,,2616.305908,1567.740356,-3159.759766,,,,,,,,,,,,,,,,,,,,,,,,,,,,,,,,,
9377,93.770000,0.000000,0.000000,0.000000,1.000000,0.000000,0.000000,0.000000,57.698101,20.499701,-14.700500,0.047771,-0.013570,0.015998,-15.666301,-52.738201,18.801300,-93.396698,0.129960,17.611099,-0.263421,-0.430829,-0.667752,0.546903,-693.524475,1535.331177,-4658.648438,-693.741394,1454.639648,-4669.050293,-683.701294,1578.630005,-4687.690430,-705.962158,1486.489624,-4616.949707,-690.693176,1621.565308,-4660.903809,,,,,,,,,,,,,2616.271973,1567.760132,-3159.776855,,,,,,,,,,,,,,,,,,,,,,,,,,,,,,,,,
9378,93.780000,0.000000,0.000000,0.000000,1.000000,0.000000,0.000000,0.000000,57.698101,20.499701,-14.700500,0.047771,-0.013570,0.015998,-15.666301,-52.738201,18.801300,-93.396698,0.129960,17.611099,-0.263421,-0.430829,-0.667752,0.546903,-693.524475,1535.331177,-4658.648438,-693.741394,1454.639648,-4669.050293,-683.701294,1578.630005,-4687.690430,-705.962158,1486.489624,-4616.949707,-690.693176,1621.565308,-4660.903809,,,,,,,,,,,,,2616.308838,1567.783691,-3159.781738,,,,,,,,,,,,,,,,,,,,,,,,,,,,,,,,,
9379,93.790000,0.000000,0.000000,0.000000,1.000000,0.000000,0.000000,0.000000,57.698101,20.499701,-14.700500,0.047771,-0.013570,0.015998,-15.666301,-52.738201,18.801300,-93.396698,0.129960,17.611099,-0.263421,-0.430829,-0.667752,0.546903,-693.524475,1535.331177,-4658.648438,-693.741394,1454.639648,-4669.050293,-683.701294,1578.630005,-4687.690430,-705.962158,1486.489624,-4616.949707,-690.693176,1621.565308,-4660.903809,,,,,,,,,,,,,2616.289307,1567.746338,-3159.783203,,,,,,,,,,,,,,,,,,,,,,,,,,,,,,,,,
9380,93.800000,0.000000,0.000000,0.000000,1.000000,0.000000,0.000000,0.000000,57.698101,20.499701,-14.700500,0.047771,-0.013570,0.015998,-15.666301,-52.738201,18.801300,-93.396698,0.129960,17.611099,-0.263421,-0.430829,-0.667752,0.546903,-693.524475,1535.331177,-4658.648438,-693.741394,1454.639648,-4669.050293,-683.701294,1578.630005,-4687.690430,-705.962158,1486.489624,-4616.949707,-690.693176,1621.565308,-4660.903809,,,,,,,,,,,,,2616.302490,1567.759766,-3159.775879,,,,,,,,,,,,,,,,,,,,,,,,,,,,,,,,,
9381,93.810000,0.000000,0.000000,0.000000,1.000000,0.000000,0.000000,0.000000,57.698101,20.499701,-14.700500,0.047771,-0.013570,0.015998,-15.666301,-52.738201,18.801300,-93.396698,0.129960,17.611099,-0.263421,-0.430829,-0.667752,0.546903,-693.524475,1535.331177,-4658.648438,-693.741394,1454.639648,-4669.050293,-683.701294,1578.630005,-4687.690430,-705.962158,1486.489624,-4616.949707,-690.693176,1621.565308,-4660.903809,,,,,,,,,,,,,2616.282471,1567.743896,-3159.774170,,,,,,,,,,,,,,,,,,,,,,,,,,,,,,,,,
9382,93.820000,0.000000,0.000000,0.000000,1.000000,0.000000,0.000000,0.000000,57.698101,20.499701,-14.700500,0.047771,-0.013570,0.015998,-15.666301,-52.738201,18.801300,-93.396698,0.129960,17.611099,-0.263421,-0.430829,-0.667752,0.546903,-693.524475,1535.331177,-4658.648438,-693.741394,1454.639648,-4669.050293,-683.701294,1578.630005,-4687.690430,-705.962158,1486.489624,-4616.949707,-690.693176,1621.565308,-4660.903809,,,,,,,,,,,,,2616.285645,1567.737305,-3159.780273,,,,,,,,,,,,,,,,,,,,,,,,,,,,,,,,,
9383,93.830000,0.000000,0.000000,0.000000,1.000000,0.000000,0.000000,0.000000,57.698101,20.499701,-14.700500,0.047771,-0.013570,0.015998,-15.666301,-52.738201,18.801300,-93.396698,0.129960,17.611099,-0.263421,-0.430829,-0.667752,0.546903,-693.524475,1535.331177,-4658.648438,-693.741394,1454.639648,-4669.050293,-683.701294,1578.630005,-4687.690430,-705.962158,1486.489624,-4616.949707,-690.693176,1621.565308,-4660.903809,,,,,,,,,,,,,2616.314453,1567.711304,-3159.773682,,,,,,,,,,,,,,,,,,,,,,,,,,,,,,,,,
9384,93.840000,0.000000,0.000000,0.000000,1.000000,0.000000,0.000000,0.000000,57.698101,20.499701,-14.700500,0.047771,-0.013570,0.015998,-15.666301,-52.738201,18.801300,-93.396698,0.129960,17.611099,-0.263421,-0.430829,-0.667752,0.546903,-693.524475,1535.331177,-4658.648438,-693.741394,1454.639648,-4669.050293,-683.701294,1578.630005,-4687.690430,-705.962158,1486.489624,-4616.949707,-690.693176,1621.565308,-4660.903809,,,,,,,,,,,,,2616.309082,1567.735352,-3159.761475,,,,,,,,,,,,,,,,,,,,,,,,,,,,,,,,,
9385,93.850000,0.000000,0.000000,0.000000,1.000000,0.000000,0.000000,0.000000,57.698101,20.499701,-14.700500,0.047771,-0.013570,0.015998,-15.666301,-52.738201,18.801300,-93.396698,0.129960,17.611099,-0.263421,-0.430829,-0.667752,0.546903,-693.524475,1535.331177,-4658.648438,-693.741394,1454.639648,-4669.050293,-683.701294,1578.630005,-4687.690430,-705.962158,1486.489624,-4616.949707,-690.693176,1621.565308,-4660.903809,,,,,,,,,,,,,2616.293213,1567.755005,-3159.777344,,,,,,,,,,,,,,,,,,,,,,,,,,,,,,,,,
9386,93.860000,0.000000,0.000000,0.000000,1.000000,0.000000,0.000000,0.000000,57.698101,20.499701,-14.700500,0.047771,-0.013570,0.015998,-15.666301,-52.738201,18.801300,-93.396698,0.129960,17.611099,-0.263421,-0.430829,-0.667752,0.546903,-693.524475,1535.331177,-4658.648438,-693.741394,1454.639648,-4669.050293,-683.701294,1578.630005,-4687.690430,-705.962158,1486.489624,-4616.949707,-690.693176,1621.565308,-4660.903809,,,,,,,,,,,,,2616.298096,1567.774170,-3159.774414,,,,,,,,,,,,,,,,,,,,,,,,,,,,,,,,,
9387,93.870000,0.000000,0.000000,0.000000,1.000000,0.000000,0.000000,0.000000,57.698101,20.499701,-14.700500,0.047771,-0.013570,0.015998,-15.666301,-52.738201,18.801300,-93.396698,0.129960,17.611099,-0.263421,-0.430829,-0.667752,0.546903,-693.524475,1535.331177,-4658.648438,-693.741394,1454.639648,-4669.050293,-683.701294,1578.630005,-4687.690430,-705.962158,1486.489624,-4616.949707,-690.693176,1621.565308,-4660.903809,,,,,,,,,,,,,2616.270020,1567.766479,-3159.782959,,,,,,,,,,,,,,,,,,,,,,,,,,,,,,,,,
9388,93.880000,0.000000,0.000000,0.000000,1.000000,0.000000,0.000000,0.000000,57.698101,20.499701,-14.700500,0.047771,-0.013570,0.015998,-15.666301,-52.738201,18.801300,-93.396698,0.129960,17.611099,-0.263421,-0.430829,-0.667752,0.546903,-693.524475,1535.331177,-4658.648438,-693.741394,1454.639648,-4669.050293,-683.701294,1578.630005,-4687.690430,-705.962158,1486.489624,-4616.949707,-690.693176,1621.565308,-4660.903809,,,,,,,,,,,,,2616.276855,1567.745972,-3159.783936,,,,,,,,,,,,,,,,,,,,,,,,,,,,,,,,,
9389,93.890000,0.000000,0.000000,0.000000,1.000000,0.000000,0.000000,0.000000,57.698101,20.499701,-14.700500,0.047771,-0.013570,0.015998,-15.666301,-52.738201,18.801300,-93.396698,0.129960,17.611099,-0.263421,-0.430829,-0.667752,0.546903,-693.524475,1535.331177,-4658.648438,-693.741394,1454.639648,-4669.050293,-683.701294,1578.630005,-4687.690430,-705.962158,1486.489624,-4616.949707,-690.693176,1621.565308,-4660.903809,,,,,,,,,,,,,2616.291504,1567.735596,-3159.773926,,,,,,,,,,,,,,,,,,,,,,,,,,,,,,,,,
9390,93.900000,0.000000,0.000000,0.000000,1.000000,0.000000,0.000000,0.000000,57.698101,20.499701,-14.700500,0.047771,-0.013570,0.015998,-15.666301,-52.738201,18.801300,-93.396698,0.129960,17.611099,-0.263421,-0.430829,-0.667752,0.546903,-693.524475,1535.331177,-4658.648438,-693.741394,1454.639648,-4669.050293,-683.701294,1578.630005,-4687.690430,-705.962158,1486.489624,-4616.949707,-690.693176,1621.565308,-4660.903809,,,,,,,,,,,,,2616.313965,1567.740723,-3159.766113,,,,,,,,,,,,,,,,,,,,,,,,,,,,,,,,,
9391,93.910000,0.000000,0.000000,0.000000,1.000000,0.000000,0.000000,0.000000,57.698101,20.499701,-14.700500,0.047771,-0.013570,0.015998,-15.666301,-52.738201,18.801300,-93.396698,0.129960,17.611099,-0.263421,-0.430829,-0.667752,0.546903,-693.524475,1535.331177,-4658.648438,-693.741394,1454.639648,-4669.050293,-683.701294,1578.630005,-4687.690430,-705.962158,1486.489624,-4616.949707,-690.693176,1621.565308,-4660.903809,,,,,,,,,,,,,2616.289795,1567.734985,-3159.771973,,,,,,,,,,,,,,,,,,,,,,,,,,,,,,,,,
9392,93.920000,0.000000,0.000000,0.000000,1.000000,0.000000,0.000000,0.000000,57.698101,20.499701,-14.700500,0.047771,-0.013570,0.015998,-15.666301,-52.738201,18.801300,-93.396698,0.129960,17.611099,-0.263421,-0.430829,-0.667752,0.546903,-693.524475,1535.331177,-4658.648438,-693.741394,1454.639648,-4669.050293,-683.701294,1578.630005,-4687.690430,-705.962158,1486.489624,-4616.949707,-690.693176,1621.565308,-4660.903809,,,,,,,,,,,,,2616.304443,1567.741943,-3159.774658,,,,,,,,,,,,,,,,,,,,,,,,,,,,,,,,,
9393,93.930000,0.000000,0.000000,0.000000,1.000000,0.000000,0.000000,0.000000,57.698101,20.499701,-14.700500,0.047771,-0.013570,0.015998,-15.666301,-52.738201,18.801300,-93.396698,0.129960,17.611099,-0.263421,-0.430829,-0.667752,0.546903,-693.524475,1535.331177,-4658.648438,-693.741394,1454.639648,-4669.050293,-683.701294,1578.630005,-4687.690430,-705.962158,1486.489624,-4616.949707,-690.693176,1621.565308,-4660.903809,,,,,,,,,,,,,2616.294434,1567.734253,-3159.775879,,,,,,,,,,,,,,,,,,,,,,,,,,,,,,,,,
9394,93.940000,0.000000,0.000000,0.000000,1.000000,0.000000,0.000000,0.000000,57.698101,20.499701,-14.700500,0.047771,-0.013570,0.015998,-15.666301,-52.738201,18.801300,-93.396698,0.129960,17.611099,-0.263421,-0.430829,-0.667752,0.546903,-693.524475,1535.331177,-4658.648438,-693.741394,1454.639648,-4669.050293,-683.701294,1578.630005,-4687.690430,-705.962158,1486.489624,-4616.949707,-690.693176,1621.565308,-4660.903809,,,,,,,,,,,,,2616.280518,1567.755737,-3159.773682,,,,,,,,,,,,,,,,,,,,,,,,,,,,,,,,,
9395,93.950000,0.000000,0.000000,0.000000,1.000000,0.000000,0.000000,0.000000,57.698101,20.499701,-14.700500,0.047771,-0.013570,0.015998,-15.666301,-52.738201,18.801300,-93.396698,0.129960,17.611099,-0.263421,-0.430829,-0.667752,0.546903,-693.524475,1535.331177,-4658.648438,-693.741394,1454.639648,-4669.050293,-683.701294,1578.630005,-4687.690430,-705.962158,1486.489624,-4616.949707,-690.693176,1621.565308,-4660.903809,,,,,,,,,,,,,2616.268555,1567.763916,-3159.786621,,,,,,,,,,,,,,,,,,,,,,,,,,,,,,,,,
9396,93.960000,0.000000,0.000000,0.000000,1.000000,0.000000,0.000000,0.000000,57.698101,20.499701,-14.700500,0.047771,-0.013570,0.015998,-15.666301,-52.738201,18.801300,-93.396698,0.129960,17.611099,-0.263421,-0.430829,-0.667752,0.546903,-693.524475,1535.331177,-4658.648438,-693.741394,1454.639648,-4669.050293,-683.701294,1578.630005,-4687.690430,-705.962158,1486.489624,-4616.949707,-690.693176,1621.565308,-4660.903809,,,,,,,,,,,,,2616.279541,1567.715454,-3159.777100,,,,,,,,,,,,,,,,,,,,,,,,,,,,,,,,,
9397,93.970000,0.000000,0.000000,0.000000,1.000000,0.000000,0.000000,0.000000,57.698101,20.499701,-14.700500,0.047771,-0.013570,0.015998,-15.666301,-52.738201,18.801300,-93.396698,0.129960,17.611099,-0.263421,-0.430829,-0.667752,0.546903,-693.524475,1535.331177,-4658.648438,-693.741394,1454.639648,-4669.050293,-683.701294,1578.630005,-4687.690430,-705.962158,1486.489624,-4616.949707,-690.693176,1621.565308,-4660.903809,,,,,,,,,,,,,2616.265137,1567.752930,-3159.785645,,,,,,,,,,,,,,,,,,,,,,,,,,,,,,,,,
9398,93.980000,0.000000,0.000000,0.000000,1.000000,0.000000,0.000000,0.000000,57.698101,20.499701,-14.700500,0.047771,-0.013570,0.015998,-15.666301,-52.738201,18.801300,-93.396698,0.129960,17.611099,-0.263421,-0.430829,-0.667752,0.546903,-693.524475,1535.331177,-4658.648438,-693.741394,1454.639648,-4669.050293,-683.701294,1578.630005,-4687.690430,-705.962158,1486.489624,-4616.949707,-690.693176,1621.565308,-4660.903809,,,,,,,,,,,,,2616.282227,1567.734619,-3159.796387,,,,,,,,,,,,,,,,,,,,,,,,,,,,,,,,,
9399,93.990000,0.000000,0.000000,0.000000,1.000000,0.000000,0.000000,0.000000,57.698101,20.499701,-14.700500,0.047771,-0.013570,0.015998,-15.666301,-52.738201,18.801300,-93.396698,0.129960,17.611099,-0.263421,-0.430829,-0.667752,0.546903,-693.524475,1535.331177,-4658.648438,-693.741394,1454.639648,-4669.050293,-683.701294,1578.630005,-4687.690430,-705.962158,1486.489624,-4616.949707,-690.693176,1621.565308,-4660.903809,,,,,,,,,,,,,2616.266846,1567.765991,-3159.784912,,,,,,,,,,,,,,,,,,,,,,,,,,,,,,,,,
9400,94.000000,0.000000,0.000000,0.000000,1.000000,0.000000,0.000000,0.000000,57.698101,20.499701,-14.700500,0.047771,-0.013570,0.015998,-15.666301,-52.738201,18.801300,-93.396698,0.129960,17.611099,-0.263421,-0.430829,-0.667752,0.546903,-693.524475,1535.331177,-4658.648438,-693.741394,1454.639648,-4669.050293,-683.701294,1578.630005,-4687.690430,-705.962158,1486.489624,-4616.949707,-690.693176,1621.565308,-4660.903809,,,,,,,,,,,,,2616.282715,1567.765259,-3159.781982,,,,,,,,,,,,,,,,,,,,,,,,,,,,,,,,,
9401,94.010000,0.000000,0.000000,0.000000,1.000000,0.000000,0.000000,0.000000,57.698101,20.499701,-14.700500,0.047771,-0.013570,0.015998,-15.666301,-52.738201,18.801300,-93.396698,0.129960,17.611099,-0.263421,-0.430829,-0.667752,0.546903,-693.524475,1535.331177,-4658.648438,-693.741394,1454.639648,-4669.050293,-683.701294,1578.630005,-4687.690430,-705.962158,1486.489624,-4616.949707,-690.693176,1621.565308,-4660.903809,,,,,,,,,,,,,2616.283447,1567.736816,-3159.775879,,,,,,,,,,,,,,,,,,,,,,,,,,,,,,,,,
9402,94.020000,0.000000,0.000000,0.000000,1.000000,0.000000,0.000000,0.000000,57.698101,20.499701,-14.700500,0.047771,-0.013570,0.015998,-15.666301,-52.738201,18.801300,-93.396698,0.129960,17.611099,-0.263421,-0.430829,-0.667752,0.546903,-693.524475,1535.331177,-4658.648438,-693.741394,1454.639648,-4669.050293,-683.701294,1578.630005,-4687.690430,-705.962158,1486.489624,-4616.949707,-690.693176,1621.565308,-4660.903809,,,,,,,,,,,,,2616.320312,1567.764771,-3159.771484,,,,,,,,,,,,,,,,,,,,,,,,,,,,,,,,,
9403,94.030000,0.000000,0.000000,0.000000,1.000000,0.000000,0.000000,0.000000,57.698101,20.499701,-14.700500,0.047771,-0.013570,0.015998,-15.666301,-52.738201,18.801300,-93.396698,0.129960,17.611099,-0.263421,-0.430829,-0.667752,0.546903,-693.524475,1535.331177,-4658.648438,-693.741394,1454.639648,-4669.050293,-683.701294,1578.630005,-4687.690430,-705.962158,1486.489624,-4616.949707,-690.693176,1621.565308,-4660.903809,,,,,,,,,,,,,2616.269775,1567.800415,-3159.786377,,,,,,,,,,,,,,,,,,,,,,,,,,,,,,,,,
9404,94.040000,0.000000,0.000000,0.000000,1.000000,0.000000,0.000000,0.000000,57.698101,20.499701,-14.700500,0.047771,-0.013570,0.015998,-15.666301,-52.738201,18.801300,-93.396698,0.129960,17.611099,-0.263421,-0.430829,-0.667752,0.546903,-693.524475,1535.331177,-4658.648438,-693.741394,1454.639648,-4669.050293,-683.701294,1578.630005,-4687.690430,-705.962158,1486.489624,-4616.949707,-690.693176,1621.565308,-4660.903809,,,,,,,,,,,,,2616.280273,1567.753906,-3159.794189,,,,,,,,,,,,,,,,,,,,,,,,,,,,,,,,,
9405,94.050000,0.000000,0.000000,0.000000,1.000000,0.000000,0.000000,0.000000,57.698101,20.499701,-14.700500,0.047771,-0.013570,0.015998,-15.666301,-52.738201,18.801300,-93.396698,0.129960,17.611099,-0.263421,-0.430829,-0.667752,0.546903,-693.524475,1535.331177,-4658.648438,-693.741394,1454.639648,-4669.050293,-683.701294,1578.630005,-4687.690430,-705.962158,1486.489624,-4616.949707,-690.693176,1621.565308,-4660.903809,,,,,,,,,,,,,2616.289551,1567.734741,-3159.776611,,,,,,,,,,,,,,,,,,,,,,,,,,,,,,,,,
9406,94.060000,0.000000,0.000000,0.000000,1.000000,0.000000,0.000000,0.000000,57.698101,20.499701,-14.700500,0.047771,-0.013570,0.015998,-15.666301,-52.738201,18.801300,-93.396698,0.129960,17.611099,-0.263421,-0.430829,-0.667752,0.546903,-693.524475,1535.331177,-4658.648438,-693.741394,1454.639648,-4669.050293,-683.701294,1578.630005,-4687.690430,-705.962158,1486.489624,-4616.949707,-690.693176,1621.565308,-4660.903809,,,,,,,,,,,,,2616.295166,1567.776245,-3159.781982,,,,,,,,,,,,,,,,,,,,,,,,,,,,,,,,,
9407,94.070000,0.000000,0.000000,0.000000,1.000000,0.000000,0.000000,0.000000,57.698101,20.499701,-14.700500,0.047771,-0.013570,0.015998,-15.666301,-52.738201,18.801300,-93.396698,0.129960,17.611099,-0.263421,-0.430829,-0.667752,0.546903,-693.524475,1535.331177,-4658.648438,-693.741394,1454.639648,-4669.050293,-683.701294,1578.630005,-4687.690430,-705.962158,1486.489624,-4616.949707,-690.693176,1621.565308,-4660.903809,,,,,,,,,,,,,2616.279541,1567.747681,-3159.788818,,,,,,,,,,,,,,,,,,,,,,,,,,,,,,,,,
9408,94.080000,0.000000,0.000000,0.000000,1.000000,0.000000,0.000000,0.000000,57.698101,20.499701,-14.700500,0.047771,-0.013570,0.015998,-15.666301,-52.738201,18.801300,-93.396698,0.129960,17.611099,-0.263421,-0.430829,-0.667752,0.546903,-693.524475,1535.331177,-4658.648438,-693.741394,1454.639648,-4669.050293,-683.701294,1578.630005,-4687.690430,-705.962158,1486.489624,-4616.949707,-690.693176,1621.565308,-4660.903809,,,,,,,,,,,,,2616.280518,1567.749268,-3159.784668,,,,,,,,,,,,,,,,,,,,,,,,,,,,,,,,,
9409,94.090000,0.000000,0.000000,0.000000,1.000000,0.000000,0.000000,0.000000,57.698101,20.499701,-14.700500,0.047771,-0.013570,0.015998,-15.666301,-52.738201,18.801300,-93.396698,0.129960,17.611099,-0.263421,-0.430829,-0.667752,0.546903,-693.524475,1535.331177,-4658.648438,-693.741394,1454.639648,-4669.050293,-683.701294,1578.630005,-4687.690430,-705.962158,1486.489624,-4616.949707,-690.693176,1621.565308,-4660.903809,,,,,,,,,,,,,2616.240234,1567.719971,-3159.781494,,,,,,,,,,,,,,,,,,,,,,,,,,,,,,,,,
9410,94.100000,0.000000,0.000000,0.000000,1.000000,0.000000,0.000000,0.000000,57.698101,20.499701,-14.700500,0.047771,-0.013570,0.015998,-15.666301,-52.738201,18.801300,-93.396698,0.129960,17.611099,-0.263421,-0.430829,-0.667752,0.546903,-693.524475,1535.331177,-4658.648438,-693.741394,1454.639648,-4669.050293,-683.701294,1578.630005,-4687.690430,-705.962158,1486.489624,-4616.949707,-690.693176,1621.565308,-4660.903809,,,,,,,,,,,,,2616.280029,1567.743286,-3159.787598,,,,,,,,,,,,,,,,,,,,,,,,,,,,,,,,,
9411,94.110000,0.000000,0.000000,0.000000,1.000000,0.000000,0.000000,0.000000,57.698101,20.499701,-14.700500,0.047771,-0.013570,0.015998,-15.666301,-52.738201,18.801300,-93.396698,0.129960,17.611099,-0.263421,-0.430829,-0.667752,0.546903,-693.524475,1535.331177,-4658.648438,-693.741394,1454.639648,-4669.050293,-683.701294,1578.630005,-4687.690430,-705.962158,1486.489624,-4616.949707,-690.693176,1621.565308,-4660.903809,,,,,,,,,,,,,2616.280273,1567.752075,-3159.773682,,,,,,,,,,,,,,,,,,,,,,,,,,,,,,,,,
9412,94.120000,0.000000,0.000000,0.000000,1.000000,0.000000,0.000000,0.000000,57.698101,20.499701,-14.700500,0.047771,-0.013570,0.015998,-15.666301,-52.738201,18.801300,-93.396698,0.129960,17.611099,-0.263421,-0.430829,-0.667752,0.546903,-693.524475,1535.331177,-4658.648438,-693.741394,1454.639648,-4669.050293,-683.701294,1578.630005,-4687.690430,-705.962158,1486.489624,-4616.949707,-690.693176,1621.565308,-4660.903809,,,,,,,,,,,,,2616.304443,1567.774536,-3159.776855,,,,,,,,,,,,,,,,,,,,,,,,,,,,,,,,,
9413,94.130000,0.000000,0.000000,0.000000,1.000000,0.000000,0.000000,0.000000,57.698101,20.499701,-14.700500,0.047771,-0.013570,0.015998,-15.666301,-52.738201,18.801300,-93.396698,0.129960,17.611099,-0.263421,-0.430829,-0.667752,0.546903,-693.524475,1535.331177,-4658.648438,-693.741394,1454.639648,-4669.050293,-683.701294,1578.630005,-4687.690430,-705.962158,1486.489624,-4616.949707,-690.693176,1621.565308,-4660.903809,,,,,,,,,,,,,2616.246582,1567.761841,-3159.792969,,,,,,,,,,,,,,,,,,,,,,,,,,,,,,,,,
9414,94.140000,0.000000,0.000000,0.000000,1.000000,0.000000,0.000000,0.000000,57.698101,20.499701,-14.700500,0.047771,-0.013570,0.015998,-15.666301,-52.738201,18.801300,-93.396698,0.129960,17.611099,-0.263421,-0.430829,-0.667752,0.546903,-693.524475,1535.331177,-4658.648438,-693.741394,1454.639648,-4669.050293,-683.701294,1578.630005,-4687.690430,-705.962158,1486.489624,-4616.949707,-690.693176,1621.565308,-4660.903809,,,,,,,,,,,,,2616.256836,1567.779297,-3159.794434,,,,,,,,,,,,,,,,,,,,,,,,,,,,,,,,,
9415,94.150000,0.000000,0.000000,0.000000,1.000000,0.000000,0.000000,0.000000,57.698101,20.499701,-14.700500,0.047771,-0.013570,0.015998,-15.666301,-52.738201,18.801300,-93.396698,0.129960,17.611099,-0.263421,-0.430829,-0.667752,0.546903,-693.524475,1535.331177,-4658.648438,-693.741394,1454.639648,-4669.050293,-683.701294,1578.630005,-4687.690430,-705.962158,1486.489624,-4616.949707,-690.693176,1621.565308,-4660.903809,,,,,,,,,,,,,2616.271484,1567.750854,-3159.784424,,,,,,,,,,,,,,,,,,,,,,,,,,,,,,,,,
9416,94.160000,0.000000,0.000000,0.000000,1.000000,0.000000,0.000000,0.000000,57.698101,20.499701,-14.700500,0.047771,-0.013570,0.015998,-15.666301,-52.738201,18.801300,-93.396698,0.129960,17.611099,-0.263421,-0.430829,-0.667752,0.546903,-693.524475,1535.331177,-4658.648438,-693.741394,1454.639648,-4669.050293,-683.701294,1578.630005,-4687.690430,-705.962158,1486.489624,-4616.949707,-690.693176,1621.565308,-4660.903809,,,,,,,,,,,,,2616.298340,1567.759521,-3159.774414,,,,,,,,,,,,,,,,,,,,,,,,,,,,,,,,,
9417,94.170000,0.000000,0.000000,0.000000,1.000000,0.000000,0.000000,0.000000,57.698101,20.499701,-14.700500,0.047771,-0.013570,0.015998,-15.666301,-52.738201,18.801300,-93.396698,0.129960,17.611099,-0.263421,-0.430829,-0.667752,0.546903,-693.524475,1535.331177,-4658.648438,-693.741394,1454.639648,-4669.050293,-683.701294,1578.630005,-4687.690430,-705.962158,1486.489624,-4616.949707,-690.693176,1621.565308,-4660.903809,,,,,,,,,,,,,2616.299561,1567.739380,-3159.761230,,,,,,,,,,,,,,,,,,,,,,,,,,,,,,,,,
9418,94.180000,0.000000,0.000000,0.000000,1.000000,0.000000,0.000000,0.000000,57.698101,20.499701,-14.700500,0.047771,-0.013570,0.015998,-15.666301,-52.738201,18.801300,-93.396698,0.129960,17.611099,-0.263421,-0.430829,-0.667752,0.546903,-693.524475,1535.331177,-4658.648438,-693.741394,1454.639648,-4669.050293,-683.701294,1578.630005,-4687.690430,-705.962158,1486.489624,-4616.949707,-690.693176,1621.565308,-4660.903809,,,,,,,,,,,,,2616.277832,1567.751221,-3159.772461,,,,,,,,,,,,,,,,,,,,,,,,,,,,,,,,,
9419,94.190000,0.000000,0.000000,0.000000,1.000000,0.000000,0.000000,0.000000,57.698101,20.499701,-14.700500,0.047771,-0.013570,0.015998,-15.666301,-52.738201,18.801300,-93.396698,0.129960,17.611099,-0.263421,-0.430829,-0.667752,0.546903,-693.524475,1535.331177,-4658.648438,-693.741394,1454.639648,-4669.050293,-683.701294,1578.630005,-4687.690430,-705.962158,1486.489624,-4616.949707,-690.693176,1621.565308,-4660.903809,,,,,,,,,,,,,2616.298828,1567.786743,-3159.775146,,,,,,,,,,,,,,,,,,,,,,,,,,,,,,,,,
9420,94.200000,0.000000,0.000000,0.000000,1.000000,0.000000,0.000000,0.000000,57.698101,20.499701,-14.700500,0.047771,-0.013570,0.015998,-15.666301,-52.738201,18.801300,-93.396698,0.129960,17.611099,-0.263421,-0.430829,-0.667752,0.546903,-693.524475,1535.331177,-4658.648438,-693.741394,1454.639648,-4669.050293,-683.701294,1578.630005,-4687.690430,-705.962158,1486.489624,-4616.949707,-690.693176,1621.565308,-4660.903809,,,,,,,,,,,,,2616.296875,1567.720581,-3159.774902,,,,,,,,,,,,,,,,,,,,,,,,,,,,,,,,,
9421,94.210000,0.000000,0.000000,0.000000,1.000000,0.000000,0.000000,0.000000,57.698101,20.499701,-14.700500,0.047771,-0.013570,0.015998,-15.666301,-52.738201,18.801300,-93.396698,0.129960,17.611099,-0.263421,-0.430829,-0.667752,0.546903,-693.524475,1535.331177,-4658.648438,-693.741394,1454.639648,-4669.050293,-683.701294,1578.630005,-4687.690430,-705.962158,1486.489624,-4616.949707,-690.693176,1621.565308,-4660.903809,,,,,,,,,,,,,2616.272705,1567.777588,-3159.791260,,,,,,,,,,,,,,,,,,,,,,,,,,,,,,,,,
9422,94.220000,0.000000,0.000000,0.000000,1.000000,0.000000,0.000000,0.000000,57.698101,20.499701,-14.700500,0.047771,-0.013570,0.015998,-15.666301,-52.738201,18.801300,-93.396698,0.129960,17.611099,-0.263421,-0.430829,-0.667752,0.546903,-693.524475,1535.331177,-4658.648438,-693.741394,1454.639648,-4669.050293,-683.701294,1578.630005,-4687.690430,-705.962158,1486.489624,-4616.949707,-690.693176,1621.565308,-4660.903809,,,,,,,,,,,,,2616.275879,1567.819092,-3159.803467,,,,,,,,,,,,,,,,,,,,,,,,,,,,,,,,,
9423,94.230000,0.000000,0.000000,0.000000,1.000000,0.000000,0.000000,0.000000,57.698101,20.499701,-14.700500,0.047771,-0.013570,0.015998,-15.666301,-52.738201,18.801300,-93.396698,0.129960,17.611099,-0.263421,-0.430829,-0.667752,0.546903,-693.524475,1535.331177,-4658.648438,-693.741394,1454.639648,-4669.050293,-683.701294,1578.630005,-4687.690430,-705.962158,1486.489624,-4616.949707,-690.693176,1621.565308,-4660.903809,,,,,,,,,,,,,2616.307129,1567.749268,-3159.779785,,,,,,,,,,,,,,,,,,,,,,,,,,,,,,,,,
9424,94.240000,0.000000,0.000000,0.000000,1.000000,0.000000,0.000000,0.000000,57.698101,20.499701,-14.700500,0.047771,-0.013570,0.015998,-15.666301,-52.738201,18.801300,-93.396698,0.129960,17.611099,-0.263421,-0.430829,-0.667752,0.546903,-693.524475,1535.331177,-4658.648438,-693.741394,1454.639648,-4669.050293,-683.701294,1578.630005,-4687.690430,-705.962158,1486.489624,-4616.949707,-690.693176,1621.565308,-4660.903809,,,,,,,,,,,,,2616.312988,1567.724365,-3159.758057,,,,,,,,,,,,,,,,,,,,,,,,,,,,,,,,,
9425,94.250000,0.000000,0.000000,0.000000,1.000000,0.000000,0.000000,0.000000,57.698101,20.499701,-14.700500,0.047771,-0.013570,0.015998,-15.666301,-52.738201,18.801300,-93.396698,0.129960,17.611099,-0.263421,-0.430829,-0.667752,0.546903,-693.524475,1535.331177,-4658.648438,-693.741394,1454.639648,-4669.050293,-683.701294,1578.630005,-4687.690430,-705.962158,1486.489624,-4616.949707,-690.693176,1621.565308,-4660.903809,,,,,,,,,,,,,2616.305908,1567.750977,-3159.771973,,,,,,,,,,,,,,,,,,,,,,,,,,,,,,,,,
9426,94.260000,0.000000,0.000000,0.000000,1.000000,0.000000,0.000000,0.000000,57.698101,20.499701,-14.700500,0.047771,-0.013570,0.015998,-15.666301,-52.738201,18.801300,-93.396698,0.129960,17.611099,-0.263421,-0.430829,-0.667752,0.546903,-693.524475,1535.331177,-4658.648438,-693.741394,1454.639648,-4669.050293,-683.701294,1578.630005,-4687.690430,-705.962158,1486.489624,-4616.949707,-690.693176,1621.565308,-4660.903809,,,,,,,,,,,,,2616.296143,1567.762573,-3159.786377,,,,,,,,,,,,,,,,,,,,,,,,,,,,,,,,,
9427,94.270000,0.000000,0.000000,0.000000,1.000000,0.000000,0.000000,0.000000,57.698101,20.499701,-14.700500,0.047771,-0.013570,0.015998,-15.666301,-52.738201,18.801300,-93.396698,0.129960,17.611099,-0.263421,-0.430829,-0.667752,0.546903,-693.524475,1535.331177,-4658.648438,-693.741394,1454.639648,-4669.050293,-683.701294,1578.630005,-4687.690430,-705.962158,1486.489624,-4616.949707,-690.693176,1621.565308,-4660.903809,,,,,,,,,,,,,2616.265137,1567.749390,-3159.785156,,,,,,,,,,,,,,,,,,,,,,,,,,,,,,,,,
9428,94.280000,0.000000,0.000000,0.000000,1.000000,0.000000,0.000000,0.000000,57.698101,20.499701,-14.700500,0.047771,-0.013570,0.015998,-15.666301,-52.738201,18.801300,-93.396698,0.129960,17.611099,-0.263421,-0.430829,-0.667752,0.546903,-693.524475,1535.331177,-4658.648438,-693.741394,1454.639648,-4669.050293,-683.701294,1578.630005,-4687.690430,-705.962158,1486.489624,-4616.949707,-690.693176,1621.565308,-4660.903809,,,,,,,,,,,,,2616.282715,1567.756714,-3159.777588,,,,,,,,,,,,,,,,,,,,,,,,,,,,,,,,,
9429,94.290000,0.000000,0.000000,0.000000,1.000000,0.000000,0.000000,0.000000,57.698101,20.499701,-14.700500,0.047771,-0.013570,0.015998,-15.666301,-52.738201,18.801300,-93.396698,0.129960,17.611099,-0.263421,-0.430829,-0.667752,0.546903,-693.524475,1535.331177,-4658.648438,-693.741394,1454.639648,-4669.050293,-683.701294,1578.630005,-4687.690430,-705.962158,1486.489624,-4616.949707,-690.693176,1621.565308,-4660.903809,,,,,,,,,,,,,2616.298584,1567.765137,-3159.773926,,,,,,,,,,,,,,,,,,,,,,,,,,,,,,,,,
9430,94.300000,0.000000,0.000000,0.000000,1.000000,0.000000,0.000000,0.000000,57.698101,20.499701,-14.700500,0.047771,-0.013570,0.015998,-15.666301,-52.738201,18.801300,-93.396698,0.129960,17.611099,-0.263421,-0.430829,-0.667752,0.546903,-693.524475,1535.331177,-4658.648438,-693.741394,1454.639648,-4669.050293,-683.701294,1578.630005,-4687.690430,-705.962158,1486.489624,-4616.949707,-690.693176,1621.565308,-4660.903809,,,,,,,,,,,,,2616.288086,1567.762207,-3159.774902,,,,,,,,,,,,,,,,,,,,,,,,,,,,,,,,,
9431,94.310000,0.000000,0.000000,0.000000,1.000000,0.000000,0.000000,0.000000,57.698101,20.499701,-14.700500,0.047771,-0.013570,0.015998,-15.666301,-52.738201,18.801300,-93.396698,0.129960,17.611099,-0.263421,-0.430829,-0.667752,0.546903,-693.524475,1535.331177,-4658.648438,-693.741394,1454.639648,-4669.050293,-683.701294,1578.630005,-4687.690430,-705.962158,1486.489624,-4616.949707,-690.693176,1621.565308,-4660.903809,,,,,,,,,,,,,2616.276123,1567.746094,-3159.770264,,,,,,,,,,,,,,,,,,,,,,,,,,,,,,,,,
9432,94.320000,0.000000,0.000000,0.000000,1.000000,0.000000,0.000000,0.000000,57.698101,20.499701,-14.700500,0.047771,-0.013570,0.015998,-15.666301,-52.738201,18.801300,-93.396698,0.129960,17.611099,-0.263421,-0.430829,-0.667752,0.546903,-693.524475,1535.331177,-4658.648438,-693.741394,1454.639648,-4669.050293,-683.701294,1578.630005,-4687.690430,-705.962158,1486.489624,-4616.949707,-690.693176,1621.565308,-4660.903809,,,,,,,,,,,,,2616.281982,1567.747925,-3159.780762,,,,,,,,,,,,,,,,,,,,,,,,,,,,,,,,,
9433,94.330000,0.000000,0.000000,0.000000,1.000000,0.000000,0.000000,0.000000,57.698101,20.499701,-14.700500,0.047771,-0.013570,0.015998,-15.666301,-52.738201,18.801300,-93.396698,0.129960,17.611099,-0.263421,-0.430829,-0.667752,0.546903,-693.524475,1535.331177,-4658.648438,-693.741394,1454.639648,-4669.050293,-683.701294,1578.630005,-4687.690430,-705.962158,1486.489624,-4616.949707,-690.693176,1621.565308,-4660.903809,,,,,,,,,,,,,2616.287109,1567.767212,-3159.776123,,,,,,,,,,,,,,,,,,,,,,,,,,,,,,,,,
9434,94.340000,0.000000,0.000000,0.000000,1.000000,0.000000,0.000000,0.000000,57.698101,20.499701,-14.700500,0.047771,-0.013570,0.015998,-15.666301,-52.738201,18.801300,-93.396698,0.129960,17.611099,-0.263421,-0.430829,-0.667752,0.546903,-693.524475,1535.331177,-4658.648438,-693.741394,1454.639648,-4669.050293,-683.701294,1578.630005,-4687.690430,-705.962158,1486.489624,-4616.949707,-690.693176,1621.565308,-4660.903809,,,,,,,,,,,,,2616.303467,1567.727905,-3159.768066,,,,,,,,,,,,,,,,,,,,,,,,,,,,,,,,,
9435,94.350000,0.000000,0.000000,0.000000,1.000000,0.000000,0.000000,0.000000,57.698101,20.499701,-14.700500,0.047771,-0.013570,0.015998,-15.666301,-52.738201,18.801300,-93.396698,0.129960,17.611099,-0.263421,-0.430829,-0.667752,0.546903,-693.524475,1535.331177,-4658.648438,-693.741394,1454.639648,-4669.050293,-683.701294,1578.630005,-4687.690430,-705.962158,1486.489624,-4616.949707,-690.693176,1621.565308,-4660.903809,,,,,,,,,,,,,2616.294434,1567.752686,-3159.769775,,,,,,,,,,,,,,,,,,,,,,,,,,,,,,,,,
9436,94.360000,0.000000,0.000000,0.000000,1.000000,0.000000,0.000000,0.000000,57.698101,20.499701,-14.700500,0.047771,-0.013570,0.015998,-15.666301,-52.738201,18.801300,-93.396698,0.129960,17.611099,-0.263421,-0.430829,-0.667752,0.546903,-693.524475,1535.331177,-4658.648438,-693.741394,1454.639648,-4669.050293,-683.701294,1578.630005,-4687.690430,-705.962158,1486.489624,-4616.949707,-690.693176,1621.565308,-4660.903809,,,,,,,,,,,,,2616.276367,1567.782104,-3159.782715,,,,,,,,,,,,,,,,,,,,,,,,,,,,,,,,,
9437,94.370000,0.000000,0.000000,0.000000,1.000000,0.000000,0.000000,0.000000,57.698101,20.499701,-14.700500,0.047771,-0.013570,0.015998,-15.666301,-52.738201,18.801300,-93.396698,0.129960,17.611099,-0.263421,-0.430829,-0.667752,0.546903,-693.524475,1535.331177,-4658.648438,-693.741394,1454.639648,-4669.050293,-683.701294,1578.630005,-4687.690430,-705.962158,1486.489624,-4616.949707,-690.693176,1621.565308,-4660.903809,,,,,,,,,,,,,2616.301758,1567.781494,-3159.785400,,,,,,,,,,,,,,,,,,,,,,,,,,,,,,,,,
9438,94.380000,0.000000,0.000000,0.000000,1.000000,0.000000,0.000000,0.000000,57.698101,20.499701,-14.700500,0.047771,-0.013570,0.015998,-15.666301,-52.738201,18.801300,-93.396698,0.129960,17.611099,-0.263421,-0.430829,-0.667752,0.546903,-693.524475,1535.331177,-4658.648438,-693.741394,1454.639648,-4669.050293,-683.701294,1578.630005,-4687.690430,-705.962158,1486.489624,-4616.949707,-690.693176,1621.565308,-4660.903809,,,,,,,,,,,,,2616.281006,1567.750366,-3159.774902,,,,,,,,,,,,,,,,,,,,,,,,,,,,,,,,,
9439,94.390000,0.000000,0.000000,0.000000,1.000000,0.000000,0.000000,0.000000,57.698101,20.499701,-14.700500,0.047771,-0.013570,0.015998,-15.666301,-52.738201,18.801300,-93.396698,0.129960,17.611099,-0.263421,-0.430829,-0.667752,0.546903,-693.524475,1535.331177,-4658.648438,-693.741394,1454.639648,-4669.050293,-683.701294,1578.630005,-4687.690430,-705.962158,1486.489624,-4616.949707,-690.693176,1621.565308,-4660.903809,,,,,,,,,,,,,2616.277588,1567.764282,-3159.776367,,,,,,,,,,,,,,,,,,,,,,,,,,,,,,,,,
9440,94.400000,0.000000,0.000000,0.000000,1.000000,0.000000,0.000000,0.000000,57.698101,20.499701,-14.700500,0.047771,-0.013570,0.015998,-15.666301,-52.738201,18.801300,-93.396698,0.129960,17.611099,-0.263421,-0.430829,-0.667752,0.546903,-693.524475,1535.331177,-4658.648438,-693.741394,1454.639648,-4669.050293,-683.701294,1578.630005,-4687.690430,-705.962158,1486.489624,-4616.949707,-690.693176,1621.565308,-4660.903809,,,,,,,,,,,,,2616.315430,1567.756836,-3159.767334,,,,,,,,,,,,,,,,,,,,,,,,,,,,,,,,,
9441,94.410000,0.000000,0.000000,0.000000,1.000000,0.000000,0.000000,0.000000,57.698101,20.499701,-14.700500,0.047771,-0.013570,0.015998,-15.666301,-52.738201,18.801300,-93.396698,0.129960,17.611099,-0.263421,-0.430829,-0.667752,0.546903,-693.524475,1535.331177,-4658.648438,-693.741394,1454.639648,-4669.050293,-683.701294,1578.630005,-4687.690430,-705.962158,1486.489624,-4616.949707,-690.693176,1621.565308,-4660.903809,,,,,,,,,,,,,2616.284180,1567.715698,-3159.771240,,,,,,,,,,,,,,,,,,,,,,,,,,,,,,,,,
9442,94.420000,0.000000,0.000000,0.000000,1.000000,0.000000,0.000000,0.000000,57.698101,20.499701,-14.700500,0.047771,-0.013570,0.015998,-15.666301,-52.738201,18.801300,-93.396698,0.129960,17.611099,-0.263421,-0.430829,-0.667752,0.546903,-693.524475,1535.331177,-4658.648438,-693.741394,1454.639648,-4669.050293,-683.701294,1578.630005,-4687.690430,-705.962158,1486.489624,-4616.949707,-690.693176,1621.565308,-4660.903809,,,,,,,,,,,,,2616.284912,1567.734619,-3159.764404,,,,,,,,,,,,,,,,,,,,,,,,,,,,,,,,,
9443,94.430000,0.000000,0.000000,0.000000,1.000000,0.000000,0.000000,0.000000,57.698101,20.499701,-14.700500,0.047771,-0.013570,0.015998,-15.666301,-52.738201,18.801300,-93.396698,0.129960,17.611099,-0.263421,-0.430829,-0.667752,0.546903,-693.524475,1535.331177,-4658.648438,-693.741394,1454.639648,-4669.050293,-683.701294,1578.630005,-4687.690430,-705.962158,1486.489624,-4616.949707,-690.693176,1621.565308,-4660.903809,,,,,,,,,,,,,2616.309082,1567.751709,-3159.762451,,,,,,,,,,,,,,,,,,,,,,,,,,,,,,,,,
9444,94.440000,0.000000,0.000000,0.000000,1.000000,0.000000,0.000000,0.000000,57.698101,20.499701,-14.700500,0.047771,-0.013570,0.015998,-15.666301,-52.738201,18.801300,-93.396698,0.129960,17.611099,-0.263421,-0.430829,-0.667752,0.546903,-693.524475,1535.331177,-4658.648438,-693.741394,1454.639648,-4669.050293,-683.701294,1578.630005,-4687.690430,-705.962158,1486.489624,-4616.949707,-690.693176,1621.565308,-4660.903809,,,,,,,,,,,,,2616.281006,1567.759277,-3159.783691,,,,,,,,,,,,,,,,,,,,,,,,,,,,,,,,,
9445,94.450000,0.000000,0.000000,0.000000,1.000000,0.000000,0.000000,0.000000,57.698101,20.499701,-14.700500,0.047771,-0.013570,0.015998,-15.666301,-52.738201,18.801300,-93.396698,0.129960,17.611099,-0.263421,-0.430829,-0.667752,0.546903,-693.524475,1535.331177,-4658.648438,-693.741394,1454.639648,-4669.050293,-683.701294,1578.630005,-4687.690430,-705.962158,1486.489624,-4616.949707,-690.693176,1621.565308,-4660.903809,,,,,,,,,,,,,2616.267822,1567.749023,-3159.787598,,,,,,,,,,,,,,,,,,,,,,,,,,,,,,,,,
9446,94.460000,0.000000,0.000000,0.000000,1.000000,0.000000,0.000000,0.000000,57.698101,20.499701,-14.700500,0.047771,-0.013570,0.015998,-15.666301,-52.738201,18.801300,-93.396698,0.129960,17.611099,-0.263421,-0.430829,-0.667752,0.546903,-693.524475,1535.331177,-4658.648438,-693.741394,1454.639648,-4669.050293,-683.701294,1578.630005,-4687.690430,-705.962158,1486.489624,-4616.949707,-690.693176,1621.565308,-4660.903809,,,,,,,,,,,,,2616.261963,1567.715942,-3159.784912,,,,,,,,,,,,,,,,,,,,,,,,,,,,,,,,,
9447,94.470000,0.000000,0.000000,0.000000,1.000000,0.000000,0.000000,0.000000,57.698101,20.499701,-14.700500,0.047771,-0.013570,0.015998,-15.666301,-52.738201,18.801300,-93.396698,0.129960,17.611099,-0.263421,-0.430829,-0.667752,0.546903,-693.524475,1535.331177,-4658.648438,-693.741394,1454.639648,-4669.050293,-683.701294,1578.630005,-4687.690430,-705.962158,1486.489624,-4616.949707,-690.693176,1621.565308,-4660.903809,,,,,,,,,,,,,2616.292725,1567.746460,-3159.767822,,,,,,,,,,,,,,,,,,,,,,,,,,,,,,,,,
9448,94.480000,0.000000,0.000000,0.000000,1.000000,0.000000,0.000000,0.000000,57.698101,20.499701,-14.700500,0.047771,-0.013570,0.015998,-15.666301,-52.738201,18.801300,-93.396698,0.129960,17.611099,-0.263421,-0.430829,-0.667752,0.546903,-693.524475,1535.331177,-4658.648438,-693.741394,1454.639648,-4669.050293,-683.701294,1578.630005,-4687.690430,-705.962158,1486.489624,-4616.949707,-690.693176,1621.565308,-4660.903809,,,,,,,,,,,,,2616.269775,1567.722534,-3159.774414,,,,,,,,,,,,,,,,,,,,,,,,,,,,,,,,,
9449,94.490000,0.000000,0.000000,0.000000,1.000000,0.000000,0.000000,0.000000,57.698101,20.499701,-14.700500,0.047771,-0.013570,0.015998,-15.666301,-52.738201,18.801300,-93.396698,0.129960,17.611099,-0.263421,-0.430829,-0.667752,0.546903,-693.524475,1535.331177,-4658.648438,-693.741394,1454.639648,-4669.050293,-683.701294,1578.630005,-4687.690430,-705.962158,1486.489624,-4616.949707,-690.693176,1621.565308,-4660.903809,,,,,,,,,,,,,2616.269775,1567.764282,-3159.784912,,,,,,,,,,,,,,,,,,,,,,,,,,,,,,,,,
9450,94.500000,0.000000,0.000000,0.000000,1.000000,0.000000,0.000000,0.000000,57.698101,20.499701,-14.700500,0.047771,-0.013570,0.015998,-15.666301,-52.738201,18.801300,-93.396698,0.129960,17.611099,-0.263421,-0.430829,-0.667752,0.546903,-693.524475,1535.331177,-4658.648438,-693.741394,1454.639648,-4669.050293,-683.701294,1578.630005,-4687.690430,-705.962158,1486.489624,-4616.949707,-690.693176,1621.565308,-4660.903809,,,,,,,,,,,,,2616.299316,1567.792236,-3159.792969,,,,,,,,,,,,,,,,,,,,,,,,,,,,,,,,,
9451,94.510000,0.000000,0.000000,0.000000,1.000000,0.000000,0.000000,0.000000,57.698101,20.499701,-14.700500,0.047771,-0.013570,0.015998,-15.666301,-52.738201,18.801300,-93.396698,0.129960,17.611099,-0.263421,-0.430829,-0.667752,0.546903,-693.524475,1535.331177,-4658.648438,-693.741394,1454.639648,-4669.050293,-683.701294,1578.630005,-4687.690430,-705.962158,1486.489624,-4616.949707,-690.693176,1621.565308,-4660.903809,,,,,,,,,,,,,2616.278809,1567.772583,-3159.783936,,,,,,,,,,,,,,,,,,,,,,,,,,,,,,,,,
9452,94.520000,0.000000,0.000000,0.000000,1.000000,0.000000,0.000000,0.000000,57.698101,20.499701,-14.700500,0.047771,-0.013570,0.015998,-15.666301,-52.738201,18.801300,-93.396698,0.129960,17.611099,-0.263421,-0.430829,-0.667752,0.546903,-693.524475,1535.331177,-4658.648438,-693.741394,1454.639648,-4669.050293,-683.701294,1578.630005,-4687.690430,-705.962158,1486.489624,-4616.949707,-690.693176,1621.565308,-4660.903809,,,,,,,,,,,,,2616.280518,1567.769287,-3159.781738,,,,,,,,,,,,,,,,,,,,,,,,,,,,,,,,,
9453,94.530000,0.000000,0.000000,0.000000,1.000000,0.000000,0.000000,0.000000,57.698101,20.499701,-14.700500,0.047771,-0.013570,0.015998,-15.666301,-52.738201,18.801300,-93.396698,0.129960,17.611099,-0.263421,-0.430829,-0.667752,0.546903,-693.524475,1535.331177,-4658.648438,-693.741394,1454.639648,-4669.050293,-683.701294,1578.630005,-4687.690430,-705.962158,1486.489624,-4616.949707,-690.693176,1621.565308,-4660.903809,,,,,,,,,,,,,2616.254883,1567.726318,-3159.787109,,,,,,,,,,,,,,,,,,,,,,,,,,,,,,,,,
9454,94.540000,0.000000,0.000000,0.000000,1.000000,0.000000,0.000000,0.000000,57.698101,20.499701,-14.700500,0.047771,-0.013570,0.015998,-15.666301,-52.738201,18.801300,-93.396698,0.129960,17.611099,-0.263421,-0.430829,-0.667752,0.546903,-693.524475,1535.331177,-4658.648438,-693.741394,1454.639648,-4669.050293,-683.701294,1578.630005,-4687.690430,-705.962158,1486.489624,-4616.949707,-690.693176,1621.565308,-4660.903809,,,,,,,,,,,,,2616.308838,1567.734131,-3159.774658,,,,,,,,,,,,,,,,,,,,,,,,,,,,,,,,,
9455,94.550000,0.000000,0.000000,0.000000,1.000000,0.000000,0.000000,0.000000,57.698101,20.499701,-14.700500,0.047771,-0.013570,0.015998,-15.666301,-52.738201,18.801300,-93.396698,0.129960,17.611099,-0.263421,-0.430829,-0.667752,0.546903,-693.524475,1535.331177,-4658.648438,-693.741394,1454.639648,-4669.050293,-683.701294,1578.630005,-4687.690430,-705.962158,1486.489624,-4616.949707,-690.693176,1621.565308,-4660.903809,,,,,,,,,,,,,2616.305176,1567.796753,-3159.784668,,,,,,,,,,,,,,,,,,,,,,,,,,,,,,,,,
9456,94.560000,0.000000,0.000000,0.000000,1.000000,0.000000,0.000000,0.000000,57.698101,20.499701,-14.700500,0.047771,-0.013570,0.015998,-15.666301,-52.738201,18.801300,-93.396698,0.129960,17.611099,-0.263421,-0.430829,-0.667752,0.546903,-693.524475,1535.331177,-4658.648438,-693.741394,1454.639648,-4669.050293,-683.701294,1578.630005,-4687.690430,-705.962158,1486.489624,-4616.949707,-690.693176,1621.565308,-4660.903809,,,,,,,,,,,,,2616.289062,1567.766602,-3159.774658,,,,,,,,,,,,,,,,,,,,,,,,,,,,,,,,,
9457,94.570000,0.000000,0.000000,0.000000,1.000000,0.000000,0.000000,0.000000,57.698101,20.499701,-14.700500,0.047771,-0.013570,0.015998,-15.666301,-52.738201,18.801300,-93.396698,0.129960,17.611099,-0.263421,-0.430829,-0.667752,0.546903,-693.524475,1535.331177,-4658.648438,-693.741394,1454.639648,-4669.050293,-683.701294,1578.630005,-4687.690430,-705.962158,1486.489624,-4616.949707,-690.693176,1621.565308,-4660.903809,,,,,,,,,,,,,2616.288086,1567.748657,-3159.772949,,,,,,,,,,,,,,,,,,,,,,,,,,,,,,,,,
9458,94.580000,0.000000,0.000000,0.000000,1.000000,0.000000,0.000000,0.000000,57.698101,20.499701,-14.700500,0.047771,-0.013570,0.015998,-15.666301,-52.738201,18.801300,-93.396698,0.129960,17.611099,-0.263421,-0.430829,-0.667752,0.546903,-693.524475,1535.331177,-4658.648438,-693.741394,1454.639648,-4669.050293,-683.701294,1578.630005,-4687.690430,-705.962158,1486.489624,-4616.949707,-690.693176,1621.565308,-4660.903809,,,,,,,,,,,,,2616.267822,1567.722290,-3159.773682,,,,,,,,,,,,,,,,,,,,,,,,,,,,,,,,,
9459,94.590000,0.000000,0.000000,0.000000,1.000000,0.000000,0.000000,0.000000,57.698101,20.499701,-14.700500,0.047771,-0.013570,0.015998,-15.666301,-52.738201,18.801300,-93.396698,0.129960,17.611099,-0.263421,-0.430829,-0.667752,0.546903,-693.524475,1535.331177,-4658.648438,-693.741394,1454.639648,-4669.050293,-683.701294,1578.630005,-4687.690430,-705.962158,1486.489624,-4616.949707,-690.693176,1621.565308,-4660.903809,,,,,,,,,,,,,2616.276123,1567.735229,-3159.776123,,,,,,,,,,,,,,,,,,,,,,,,,,,,,,,,,
9460,94.600000,0.000000,0.000000,0.000000,1.000000,0.000000,0.000000,0.000000,57.698101,20.499701,-14.700500,0.047771,-0.013570,0.015998,-15.666301,-52.738201,18.801300,-93.396698,0.129960,17.611099,-0.263421,-0.430829,-0.667752,0.546903,-693.524475,1535.331177,-4658.648438,-693.741394,1454.639648,-4669.050293,-683.701294,1578.630005,-4687.690430,-705.962158,1486.489624,-4616.949707,-690.693176,1621.565308,-4660.903809,,,,,,,,,,,,,2616.281250,1567.757568,-3159.777344,,,,,,,,,,,,,,,,,,,,,,,,,,,,,,,,,
9461,94.610000,0.000000,0.000000,0.000000,1.000000,0.000000,0.000000,0.000000,57.698101,20.499701,-14.700500,0.047771,-0.013570,0.015998,-15.666301,-52.738201,18.801300,-93.396698,0.129960,17.611099,-0.263421,-0.430829,-0.667752,0.546903,-693.524475,1535.331177,-4658.648438,-693.741394,1454.639648,-4669.050293,-683.701294,1578.630005,-4687.690430,-705.962158,1486.489624,-4616.949707,-690.693176,1621.565308,-4660.903809,,,,,,,,,,,,,2616.266846,1567.754395,-3159.792725,,,,,,,,,,,,,,,,,,,,,,,,,,,,,,,,,
9462,94.620000,0.000000,0.000000,0.000000,1.000000,0.000000,0.000000,0.000000,57.698101,20.499701,-14.700500,0.047771,-0.013570,0.015998,-15.666301,-52.738201,18.801300,-93.396698,0.129960,17.611099,-0.263421,-0.430829,-0.667752,0.546903,-693.524475,1535.331177,-4658.648438,-693.741394,1454.639648,-4669.050293,-683.701294,1578.630005,-4687.690430,-705.962158,1486.489624,-4616.949707,-690.693176,1621.565308,-4660.903809,,,,,,,,,,,,,2616.268066,1567.726074,-3159.793213,,,,,,,,,,,,,,,,,,,,,,,,,,,,,,,,,
9463,94.630000,0.000000,0.000000,0.000000,1.000000,0.000000,0.000000,0.000000,57.698101,20.499701,-14.700500,0.047771,-0.013570,0.015998,-15.666301,-52.738201,18.801300,-93.396698,0.129960,17.611099,-0.263421,-0.430829,-0.667752,0.546903,-693.524475,1535.331177,-4658.648438,-693.741394,1454.639648,-4669.050293,-683.701294,1578.630005,-4687.690430,-705.962158,1486.489624,-4616.949707,-690.693176,1621.565308,-4660.903809,,,,,,,,,,,,,2616.308838,1567.764526,-3159.769287,,,,,,,,,,,,,,,,,,,,,,,,,,,,,,,,,
9464,94.640000,0.000000,0.000000,0.000000,1.000000,0.000000,0.000000,0.000000,57.698101,20.499701,-14.700500,0.047771,-0.013570,0.015998,-15.666301,-52.738201,18.801300,-93.396698,0.129960,17.611099,-0.263421,-0.430829,-0.667752,0.546903,-693.524475,1535.331177,-4658.648438,-693.741394,1454.639648,-4669.050293,-683.701294,1578.630005,-4687.690430,-705.962158,1486.489624,-4616.949707,-690.693176,1621.565308,-4660.903809,,,,,,,,,,,,,2616.284912,1567.717285,-3159.779785,,,,,,,,,,,,,,,,,,,,,,,,,,,,,,,,,
9465,94.650000,0.000000,0.000000,0.000000,1.000000,0.000000,0.000000,0.000000,57.698101,20.499701,-14.700500,0.047771,-0.013570,0.015998,-15.666301,-52.738201,18.801300,-93.396698,0.129960,17.611099,-0.263421,-0.430829,-0.667752,0.546903,-693.524475,1535.331177,-4658.648438,-693.741394,1454.639648,-4669.050293,-683.701294,1578.630005,-4687.690430,-705.962158,1486.489624,-4616.949707,-690.693176,1621.565308,-4660.903809,,,,,,,,,,,,,2616.323486,1567.721802,-3159.756104,,,,,,,,,,,,,,,,,,,,,,,,,,,,,,,,,
9466,94.660000,0.000000,0.000000,0.000000,1.000000,0.000000,0.000000,0.000000,57.698101,20.499701,-14.700500,0.047771,-0.013570,0.015998,-15.666301,-52.738201,18.801300,-93.396698,0.129960,17.611099,-0.263421,-0.430829,-0.667752,0.546903,-693.524475,1535.331177,-4658.648438,-693.741394,1454.639648,-4669.050293,-683.701294,1578.630005,-4687.690430,-705.962158,1486.489624,-4616.949707,-690.693176,1621.565308,-4660.903809,,,,,,,,,,,,,2616.265381,1567.712402,-3159.766602,,,,,,,,,,,,,,,,,,,,,,,,,,,,,,,,,
9467,94.670000,0.000000,0.000000,0.000000,1.000000,0.000000,0.000000,0.000000,57.698101,20.499701,-14.700500,0.047771,-0.013570,0.015998,-15.666301,-52.738201,18.801300,-93.396698,0.129960,17.611099,-0.263421,-0.430829,-0.667752,0.546903,-693.524475,1535.331177,-4658.648438,-693.741394,1454.639648,-4669.050293,-683.701294,1578.630005,-4687.690430,-705.962158,1486.489624,-4616.949707,-690.693176,1621.565308,-4660.903809,,,,,,,,,,,,,2616.258545,1567.755737,-3159.787109,,,,,,,,,,,,,,,,,,,,,,,,,,,,,,,,,
9468,94.680000,0.000000,0.000000,0.000000,1.000000,0.000000,0.000000,0.000000,57.698101,20.499701,-14.700500,0.047771,-0.013570,0.015998,-15.666301,-52.738201,18.801300,-93.396698,0.129960,17.611099,-0.263421,-0.430829,-0.667752,0.546903,-693.524475,1535.331177,-4658.648438,-693.741394,1454.639648,-4669.050293,-683.701294,1578.630005,-4687.690430,-705.962158,1486.489624,-4616.949707,-690.693176,1621.565308,-4660.903809,,,,,,,,,,,,,2616.267090,1567.764648,-3159.801758,,,,,,,,,,,,,,,,,,,,,,,,,,,,,,,,,
9469,94.690000,0.000000,0.000000,0.000000,1.000000,0.000000,0.000000,0.000000,57.698101,20.499701,-14.700500,0.047771,-0.013570,0.015998,-15.666301,-52.738201,18.801300,-93.396698,0.129960,17.611099,-0.263421,-0.430829,-0.667752,0.546903,-693.524475,1535.331177,-4658.648438,-693.741394,1454.639648,-4669.050293,-683.701294,1578.630005,-4687.690430,-705.962158,1486.489624,-4616.949707,-690.693176,1621.565308,-4660.903809,,,,,,,,,,,,,2616.242432,1567.776001,-3159.805176,,,,,,,,,,,,,,,,,,,,,,,,,,,,,,,,,
9470,94.700000,0.000000,0.000000,0.000000,1.000000,0.000000,0.000000,0.000000,57.698101,20.499701,-14.700500,0.047771,-0.013570,0.015998,-15.666301,-52.738201,18.801300,-93.396698,0.129960,17.611099,-0.263421,-0.430829,-0.667752,0.546903,-693.524475,1535.331177,-4658.648438,-693.741394,1454.639648,-4669.050293,-683.701294,1578.630005,-4687.690430,-705.962158,1486.489624,-4616.949707,-690.693176,1621.565308,-4660.903809,,,,,,,,,,,,,2616.301514,1567.764282,-3159.780273,,,,,,,,,,,,,,,,,,,,,,,,,,,,,,,,,
9471,94.710000,0.000000,0.000000,0.000000,1.000000,0.000000,0.000000,0.000000,57.698101,20.499701,-14.700500,0.047771,-0.013570,0.015998,-15.666301,-52.738201,18.801300,-93.396698,0.129960,17.611099,-0.263421,-0.430829,-0.667752,0.546903,-693.524475,1535.331177,-4658.648438,-693.741394,1454.639648,-4669.050293,-683.701294,1578.630005,-4687.690430,-705.962158,1486.489624,-4616.949707,-690.693176,1621.565308,-4660.903809,,,,,,,,,,,,,2616.310059,1567.765625,-3159.769531,,,,,,,,,,,,,,,,,,,,,,,,,,,,,,,,,
9472,94.720000,0.000000,0.000000,0.000000,1.000000,0.000000,0.000000,0.000000,57.698101,20.499701,-14.700500,0.047771,-0.013570,0.015998,-15.666301,-52.738201,18.801300,-93.396698,0.129960,17.611099,-0.263421,-0.430829,-0.667752,0.546903,-693.524475,1535.331177,-4658.648438,-693.741394,1454.639648,-4669.050293,-683.701294,1578.630005,-4687.690430,-705.962158,1486.489624,-4616.949707,-690.693176,1621.565308,-4660.903809,,,,,,,,,,,,,2616.276611,1567.745483,-3159.772705,,,,,,,,,,,,,,,,,,,,,,,,,,,,,,,,,
9473,94.730000,0.000000,0.000000,0.000000,1.000000,0.000000,0.000000,0.000000,57.698101,20.499701,-14.700500,0.047771,-0.013570,0.015998,-15.666301,-52.738201,18.801300,-93.396698,0.129960,17.611099,-0.263421,-0.430829,-0.667752,0.546903,-693.524475,1535.331177,-4658.648438,-693.741394,1454.639648,-4669.050293,-683.701294,1578.630005,-4687.690430,-705.962158,1486.489624,-4616.949707,-690.693176,1621.565308,-4660.903809,,,,,,,,,,,,,2616.311768,1567.758911,-3159.772949,,,,,,,,,,,,,,,,,,,,,,,,,,,,,,,,,
9474,94.740000,0.000000,0.000000,0.000000,1.000000,0.000000,0.000000,0.000000,57.698101,20.499701,-14.700500,0.047771,-0.013570,0.015998,-15.666301,-52.738201,18.801300,-93.396698,0.129960,17.611099,-0.263421,-0.430829,-0.667752,0.546903,-693.524475,1535.331177,-4658.648438,-693.741394,1454.639648,-4669.050293,-683.701294,1578.630005,-4687.690430,-705.962158,1486.489624,-4616.949707,-690.693176,1621.565308,-4660.903809,,,,,,,,,,,,,2616.307129,1567.742554,-3159.770264,,,,,,,,,,,,,,,,,,,,,,,,,,,,,,,,,
9475,94.750000,0.000000,0.000000,0.000000,1.000000,0.000000,0.000000,0.000000,57.698101,20.499701,-14.700500,0.047771,-0.013570,0.015998,-15.666301,-52.738201,18.801300,-93.396698,0.129960,17.611099,-0.263421,-0.430829,-0.667752,0.546903,-693.524475,1535.331177,-4658.648438,-693.741394,1454.639648,-4669.050293,-683.701294,1578.630005,-4687.690430,-705.962158,1486.489624,-4616.949707,-690.693176,1621.565308,-4660.903809,,,,,,,,,,,,,2616.271240,1567.734497,-3159.781982,,,,,,,,,,,,,,,,,,,,,,,,,,,,,,,,,
9476,94.760000,0.000000,0.000000,0.000000,1.000000,0.000000,0.000000,0.000000,57.698101,20.499701,-14.700500,0.047771,-0.013570,0.015998,-15.666301,-52.738201,18.801300,-93.396698,0.129960,17.611099,-0.263421,-0.430829,-0.667752,0.546903,-693.524475,1535.331177,-4658.648438,-693.741394,1454.639648,-4669.050293,-683.701294,1578.630005,-4687.690430,-705.962158,1486.489624,-4616.949707,-690.693176,1621.565308,-4660.903809,,,,,,,,,,,,,2616.256836,1567.723511,-3159.775879,,,,,,,,,,,,,,,,,,,,,,,,,,,,,,,,,
9477,94.770000,0.000000,0.000000,0.000000,1.000000,0.000000,0.000000,0.000000,57.698101,20.499701,-14.700500,0.047771,-0.013570,0.015998,-15.666301,-52.738201,18.801300,-93.396698,0.129960,17.611099,-0.263421,-0.430829,-0.667752,0.546903,-693.524475,1535.331177,-4658.648438,-693.741394,1454.639648,-4669.050293,-683.701294,1578.630005,-4687.690430,-705.962158,1486.489624,-4616.949707,-690.693176,1621.565308,-4660.903809,,,,,,,,,,,,,2616.290039,1567.740845,-3159.779053,,,,,,,,,,,,,,,,,,,,,,,,,,,,,,,,,
9478,94.780000,0.000000,0.000000,0.000000,1.000000,0.000000,0.000000,0.000000,57.698101,20.499701,-14.700500,0.047771,-0.013570,0.015998,-15.666301,-52.738201,18.801300,-93.396698,0.129960,17.611099,-0.263421,-0.430829,-0.667752,0.546903,-693.524475,1535.331177,-4658.648438,-693.741394,1454.639648,-4669.050293,-683.701294,1578.630005,-4687.690430,-705.962158,1486.489624,-4616.949707,-690.693176,1621.565308,-4660.903809,,,,,,,,,,,,,2616.284912,1567.750000,-3159.780273,,,,,,,,,,,,,,,,,,,,,,,,,,,,,,,,,
9479,94.790000,0.000000,0.000000,0.000000,1.000000,0.000000,0.000000,0.000000,57.698101,20.499701,-14.700500,0.047771,-0.013570,0.015998,-15.666301,-52.738201,18.801300,-93.396698,0.129960,17.611099,-0.263421,-0.430829,-0.667752,0.546903,-693.524475,1535.331177,-4658.648438,-693.741394,1454.639648,-4669.050293,-683.701294,1578.630005,-4687.690430,-705.962158,1486.489624,-4616.949707,-690.693176,1621.565308,-4660.903809,,,,,,,,,,,,,2616.270264,1567.756592,-3159.780029,,,,,,,,,,,,,,,,,,,,,,,,,,,,,,,,,
9480,94.800000,0.000000,0.000000,0.000000,1.000000,0.000000,0.000000,0.000000,57.698101,20.499701,-14.700500,0.047771,-0.013570,0.015998,-15.666301,-52.738201,18.801300,-93.396698,0.129960,17.611099,-0.263421,-0.430829,-0.667752,0.546903,-693.524475,1535.331177,-4658.648438,-693.741394,1454.639648,-4669.050293,-683.701294,1578.630005,-4687.690430,-705.962158,1486.489624,-4616.949707,-690.693176,1621.565308,-4660.903809,,,,,,,,,,,,,2616.295410,1567.761841,-3159.776611,,,,,,,,,,,,,,,,,,,,,,,,,,,,,,,,,
9481,94.810000,0.000000,0.000000,0.000000,1.000000,0.000000,0.000000,0.000000,57.698101,20.499701,-14.700500,0.047771,-0.013570,0.015998,-15.666301,-52.738201,18.801300,-93.396698,0.129960,17.611099,-0.263421,-0.430829,-0.667752,0.546903,-693.524475,1535.331177,-4658.648438,-693.741394,1454.639648,-4669.050293,-683.701294,1578.630005,-4687.690430,-705.962158,1486.489624,-4616.949707,-690.693176,1621.565308,-4660.903809,,,,,,,,,,,,,2616.331787,1567.760010,-3159.761719,,,,,,,,,,,,,,,,,,,,,,,,,,,,,,,,,
9482,94.820000,0.000000,0.000000,0.000000,1.000000,0.000000,0.000000,0.000000,57.698101,20.499701,-14.700500,0.047771,-0.013570,0.015998,-15.666301,-52.738201,18.801300,-93.396698,0.129960,17.611099,-0.263421,-0.430829,-0.667752,0.546903,-693.524475,1535.331177,-4658.648438,-693.741394,1454.639648,-4669.050293,-683.701294,1578.630005,-4687.690430,-705.962158,1486.489624,-4616.949707,-690.693176,1621.565308,-4660.903809,,,,,,,,,,,,,2616.285645,1567.737305,-3159.769531,,,,,,,,,,,,,,,,,,,,,,,,,,,,,,,,,
9483,94.830000,0.000000,0.000000,0.000000,1.000000,0.000000,0.000000,0.000000,57.698101,20.499701,-14.700500,0.047771,-0.013570,0.015998,-15.666301,-52.738201,18.801300,-93.396698,0.129960,17.611099,-0.263421,-0.430829,-0.667752,0.546903,-693.524475,1535.331177,-4658.648438,-693.741394,1454.639648,-4669.050293,-683.701294,1578.630005,-4687.690430,-705.962158,1486.489624,-4616.949707,-690.693176,1621.565308,-4660.903809,,,,,,,,,,,,,2616.261230,1567.715820,-3159.776123,,,,,,,,,,,,,,,,,,,,,,,,,,,,,,,,,
9484,94.840000,0.000000,0.000000,0.000000,1.000000,0.000000,0.000000,0.000000,57.698101,20.499701,-14.700500,0.047771,-0.013570,0.015998,-15.666301,-52.738201,18.801300,-93.396698,0.129960,17.611099,-0.263421,-0.430829,-0.667752,0.546903,-693.524475,1535.331177,-4658.648438,-693.741394,1454.639648,-4669.050293,-683.701294,1578.630005,-4687.690430,-705.962158,1486.489624,-4616.949707,-690.693176,1621.565308,-4660.903809,,,,,,,,,,,,,2616.307129,1567.769653,-3159.771973,,,,,,,,,,,,,,,,,,,,,,,,,,,,,,,,,
9485,94.850000,0.000000,0.000000,0.000000,1.000000,0.000000,0.000000,0.000000,57.698101,20.499701,-14.700500,0.047771,-0.013570,0.015998,-15.666301,-52.738201,18.801300,-93.396698,0.129960,17.611099,-0.263421,-0.430829,-0.667752,0.546903,-693.524475,1535.331177,-4658.648438,-693.741394,1454.639648,-4669.050293,-683.701294,1578.630005,-4687.690430,-705.962158,1486.489624,-4616.949707,-690.693176,1621.565308,-4660.903809,,,,,,,,,,,,,2616.285156,1567.716797,-3159.764404,,,,,,,,,,,,,,,,,,,,,,,,,,,,,,,,,
9486,94.860000,0.000000,0.000000,0.000000,1.000000,0.000000,0.000000,0.000000,57.698101,20.499701,-14.700500,0.047771,-0.013570,0.015998,-15.666301,-52.738201,18.801300,-93.396698,0.129960,17.611099,-0.263421,-0.430829,-0.667752,0.546903,-693.524475,1535.331177,-4658.648438,-693.741394,1454.639648,-4669.050293,-683.701294,1578.630005,-4687.690430,-705.962158,1486.489624,-4616.949707,-690.693176,1621.565308,-4660.903809,,,,,,,,,,,,,2616.282959,1567.742310,-3159.777100,,,,,,,,,,,,,,,,,,,,,,,,,,,,,,,,,
9487,94.870000,0.000000,0.000000,0.000000,1.000000,0.000000,0.000000,0.000000,57.698101,20.499701,-14.700500,0.047771,-0.013570,0.015998,-15.666301,-52.738201,18.801300,-93.396698,0.129960,17.611099,-0.263421,-0.430829,-0.667752,0.546903,-693.524475,1535.331177,-4658.648438,-693.741394,1454.639648,-4669.050293,-683.701294,1578.630005,-4687.690430,-705.962158,1486.489624,-4616.949707,-690.693176,1621.565308,-4660.903809,,,,,,,,,,,,,2616.274902,1567.749634,-3159.789795,,,,,,,,,,,,,,,,,,,,,,,,,,,,,,,,,
9488,94.880000,0.000000,0.000000,0.000000,1.000000,0.000000,0.000000,0.000000,57.698101,20.499701,-14.700500,0.047771,-0.013570,0.015998,-15.666301,-52.738201,18.801300,-93.396698,0.129960,17.611099,-0.263421,-0.430829,-0.667752,0.546903,-693.524475,1535.331177,-4658.648438,-693.741394,1454.639648,-4669.050293,-683.701294,1578.630005,-4687.690430,-705.962158,1486.489624,-4616.949707,-690.693176,1621.565308,-4660.903809,,,,,,,,,,,,,2616.288818,1567.758057,-3159.777100,,,,,,,,,,,,,,,,,,,,,,,,,,,,,,,,,
9489,94.890000,0.000000,0.000000,0.000000,1.000000,0.000000,0.000000,0.000000,57.698101,20.499701,-14.700500,0.047771,-0.013570,0.015998,-15.666301,-52.738201,18.801300,-93.396698,0.129960,17.611099,-0.263421,-0.430829,-0.667752,0.546903,-693.524475,1535.331177,-4658.648438,-693.741394,1454.639648,-4669.050293,-683.701294,1578.630005,-4687.690430,-705.962158,1486.489624,-4616.949707,-690.693176,1621.565308,-4660.903809,,,,,,,,,,,,,2616.301270,1567.736694,-3159.770264,,,,,,,,,,,,,,,,,,,,,,,,,,,,,,,,,
9490,94.900000,0.000000,0.000000,0.000000,1.000000,0.000000,0.000000,0.000000,57.698101,20.499701,-14.700500,0.047771,-0.013570,0.015998,-15.666301,-52.738201,18.801300,-93.396698,0.129960,17.611099,-0.263421,-0.430829,-0.667752,0.546903,-693.524475,1535.331177,-4658.648438,-693.741394,1454.639648,-4669.050293,-683.701294,1578.630005,-4687.690430,-705.962158,1486.489624,-4616.949707,-690.693176,1621.565308,-4660.903809,,,,,,,,,,,,,2616.287109,1567.749756,-3159.776123,,,,,,,,,,,,,,,,,,,,,,,,,,,,,,,,,
9491,94.910000,0.000000,0.000000,0.000000,1.000000,0.000000,0.000000,0.000000,57.698101,20.499701,-14.700500,0.047771,-0.013570,0.015998,-15.666301,-52.738201,18.801300,-93.396698,0.129960,17.611099,-0.263421,-0.430829,-0.667752,0.546903,-693.524475,1535.331177,-4658.648438,-693.741394,1454.639648,-4669.050293,-683.701294,1578.630005,-4687.690430,-705.962158,1486.489624,-4616.949707,-690.693176,1621.565308,-4660.903809,,,,,,,,,,,,,2616.247559,1567.740479,-3159.784424,,,,,,,,,,,,,,,,,,,,,,,,,,,,,,,,,
9492,94.920000,0.000000,0.000000,0.000000,1.000000,0.000000,0.000000,0.000000,57.698101,20.499701,-14.700500,0.047771,-0.013570,0.015998,-15.666301,-52.738201,18.801300,-93.396698,0.129960,17.611099,-0.263421,-0.430829,-0.667752,0.546903,-693.524475,1535.331177,-4658.648438,-693.741394,1454.639648,-4669.050293,-683.701294,1578.630005,-4687.690430,-705.962158,1486.489624,-4616.949707,-690.693176,1621.565308,-4660.903809,,,,,,,,,,,,,2616.272217,1567.745483,-3159.772949,,,,,,,,,,,,,,,,,,,,,,,,,,,,,,,,,
9493,94.930000,0.000000,0.000000,0.000000,1.000000,0.000000,0.000000,0.000000,57.698101,20.499701,-14.700500,0.047771,-0.013570,0.015998,-15.666301,-52.738201,18.801300,-93.396698,0.129960,17.611099,-0.263421,-0.430829,-0.667752,0.546903,-693.524475,1535.331177,-4658.648438,-693.741394,1454.639648,-4669.050293,-683.701294,1578.630005,-4687.690430,-705.962158,1486.489624,-4616.949707,-690.693176,1621.565308,-4660.903809,,,,,,,,,,,,,2616.288574,1567.713013,-3159.778320,,,,,,,,,,,,,,,,,,,,,,,,,,,,,,,,,
9494,94.940000,0.000000,0.000000,0.000000,1.000000,0.000000,0.000000,0.000000,57.698101,20.499701,-14.700500,0.047771,-0.013570,0.015998,-15.666301,-52.738201,18.801300,-93.396698,0.129960,17.611099,-0.263421,-0.430829,-0.667752,0.546903,-693.524475,1535.331177,-4658.648438,-693.741394,1454.639648,-4669.050293,-683.701294,1578.630005,-4687.690430,-705.962158,1486.489624,-4616.949707,-690.693176,1621.565308,-4660.903809,,,,,,,,,,,,,2616.289795,1567.784790,-3159.779297,,,,,,,,,,,,,,,,,,,,,,,,,,,,,,,,,
9495,94.950000,0.000000,0.000000,0.000000,1.000000,0.000000,0.000000,0.000000,57.698101,20.499701,-14.700500,0.047771,-0.013570,0.015998,-15.666301,-52.738201,18.801300,-93.396698,0.129960,17.611099,-0.263421,-0.430829,-0.667752,0.546903,-693.524475,1535.331177,-4658.648438,-693.741394,1454.639648,-4669.050293,-683.701294,1578.630005,-4687.690430,-705.962158,1486.489624,-4616.949707,-690.693176,1621.565308,-4660.903809,,,,,,,,,,,,,2616.247803,1567.770752,-3159.794434,,,,,,,,,,,,,,,,,,,,,,,,,,,,,,,,,
9496,94.960000,0.000000,0.000000,0.000000,1.000000,0.000000,0.000000,0.000000,57.698101,20.499701,-14.700500,0.047771,-0.013570,0.015998,-15.666301,-52.738201,18.801300,-93.396698,0.129960,17.611099,-0.263421,-0.430829,-0.667752,0.546903,-693.524475,1535.331177,-4658.648438,-693.741394,1454.639648,-4669.050293,-683.701294,1578.630005,-4687.690430,-705.962158,1486.489624,-4616.949707,-690.693176,1621.565308,-4660.903809,,,,,,,,,,,,,2616.265137,1567.785156,-3159.798096,,,,,,,,,,,,,,,,,,,,,,,,,,,,,,,,,
9497,94.970000,0.000000,0.000000,0.000000,1.000000,0.000000,0.000000,0.000000,57.698101,20.499701,-14.700500,0.047771,-0.013570,0.015998,-15.666301,-52.738201,18.801300,-93.396698,0.129960,17.611099,-0.263421,-0.430829,-0.667752,0.546903,-693.524475,1535.331177,-4658.648438,-693.741394,1454.639648,-4669.050293,-683.701294,1578.630005,-4687.690430,-705.962158,1486.489624,-4616.949707,-690.693176,1621.565308,-4660.903809,,,,,,,,,,,,,2616.293701,1567.756104,-3159.787109,,,,,,,,,,,,,,,,,,,,,,,,,,,,,,,,,
9498,94.980000,0.000000,0.000000,0.000000,1.000000,0.000000,0.000000,0.000000,57.698101,20.499701,-14.700500,0.047771,-0.013570,0.015998,-15.666301,-52.738201,18.801300,-93.396698,0.129960,17.611099,-0.263421,-0.430829,-0.667752,0.546903,-693.524475,1535.331177,-4658.648438,-693.741394,1454.639648,-4669.050293,-683.701294,1578.630005,-4687.690430,-705.962158,1486.489624,-4616.949707,-690.693176,1621.565308,-4660.903809,,,,,,,,,,,,,2616.295654,1567.738892,-3159.759521,,,,,,,,,,,,,,,,,,,,,,,,,,,,,,,,,
9499,94.990000,0.000000,0.000000,0.000000,1.000000,0.000000,0.000000,0.000000,57.698101,20.499701,-14.700500,0.047771,-0.013570,0.015998,-15.666301,-52.738201,18.801300,-93.396698,0.129960,17.611099,-0.263421,-0.430829,-0.667752,0.546903,-693.524475,1535.331177,-4658.648438,-693.741394,1454.639648,-4669.050293,-683.701294,1578.630005,-4687.690430,-705.962158,1486.489624,-4616.949707,-690.693176,1621.565308,-4660.903809,,,,,,,,,,,,,2616.335938,1567.752563,-3159.757568,,,,,,,,,,,,,,,,,,,,,,,,,,,,,,,,,
9500,95.000000,0.000000,0.000000,0.000000,1.000000,0.000000,0.000000,0.000000,57.698101,20.499701,-14.700500,0.047771,-0.013570,0.015998,-15.666301,-52.738201,18.801300,-93.396698,0.129960,17.611099,-0.263421,-0.430829,-0.667752,0.546903,-693.524475,1535.331177,-4658.648438,-693.741394,1454.639648,-4669.050293,-683.701294,1578.630005,-4687.690430,-705.962158,1486.489624,-4616.949707,-690.693176,1621.565308,-4660.903809,,,,,,,,,,,,,2616.302490,1567.727661,-3159.758789,,,,,,,,,,,,,,,,,,,,,,,,,,,,,,,,,
9501,95.010000,0.000000,0.000000,0.000000,1.000000,0.000000,0.000000,0.000000,57.698101,20.499701,-14.700500,0.047771,-0.013570,0.015998,-15.666301,-52.738201,18.801300,-93.396698,0.129960,17.611099,-0.263421,-0.430829,-0.667752,0.546903,-693.524475,1535.331177,-4658.648438,-693.741394,1454.639648,-4669.050293,-683.701294,1578.630005,-4687.690430,-705.962158,1486.489624,-4616.949707,-690.693176,1621.565308,-4660.903809,,,,,,,,,,,,,2616.317627,1567.747925,-3159.772461,,,,,,,,,,,,,,,,,,,,,,,,,,,,,,,,,
9502,95.020000,0.000000,0.000000,0.000000,1.000000,0.000000,0.000000,0.000000,57.698101,20.499701,-14.700500,0.047771,-0.013570,0.015998,-15.666301,-52.738201,18.801300,-93.396698,0.129960,17.611099,-0.263421,-0.430829,-0.667752,0.546903,-693.524475,1535.331177,-4658.648438,-693.741394,1454.639648,-4669.050293,-683.701294,1578.630005,-4687.690430,-705.962158,1486.489624,-4616.949707,-690.693176,1621.565308,-4660.903809,,,,,,,,,,,,,2616.301514,1567.747803,-3159.777832,,,,,,,,,,,,,,,,,,,,,,,,,,,,,,,,,
9503,95.030000,0.000000,0.000000,0.000000,1.000000,0.000000,0.000000,0.000000,57.698101,20.499701,-14.700500,0.047771,-0.013570,0.015998,-15.666301,-52.738201,18.801300,-93.396698,0.129960,17.611099,-0.263421,-0.430829,-0.667752,0.546903,-693.524475,1535.331177,-4658.648438,-693.741394,1454.639648,-4669.050293,-683.701294,1578.630005,-4687.690430,-705.962158,1486.489624,-4616.949707,-690.693176,1621.565308,-4660.903809,,,,,,,,,,,,,2616.282715,1567.735596,-3159.775635,,,,,,,,,,,,,,,,,,,,,,,,,,,,,,,,,
9504,95.040000,0.000000,0.000000,0.000000,1.000000,0.000000,0.000000,0.000000,57.698101,20.499701,-14.700500,0.047771,-0.013570,0.015998,-15.666301,-52.738201,18.801300,-93.396698,0.129960,17.611099,-0.263421,-0.430829,-0.667752,0.546903,-693.524475,1535.331177,-4658.648438,-693.741394,1454.639648,-4669.050293,-683.701294,1578.630005,-4687.690430,-705.962158,1486.489624,-4616.949707,-690.693176,1621.565308,-4660.903809,,,,,,,,,,,,,2616.291016,1567.765991,-3159.777588,,,,,,,,,,,,,,,,,,,,,,,,,,,,,,,,,
9505,95.050000,0.000000,0.000000,0.000000,1.000000,0.000000,0.000000,0.000000,57.698101,20.499701,-14.700500,0.047771,-0.013570,0.015998,-15.666301,-52.738201,18.801300,-93.396698,0.129960,17.611099,-0.263421,-0.430829,-0.667752,0.546903,-693.524475,1535.331177,-4658.648438,-693.741394,1454.639648,-4669.050293,-683.701294,1578.630005,-4687.690430,-705.962158,1486.489624,-4616.949707,-690.693176,1621.565308,-4660.903809,,,,,,,,,,,,,2616.294189,1567.767822,-3159.781738,,,,,,,,,,,,,,,,,,,,,,,,,,,,,,,,,
9506,95.060000,0.000000,0.000000,0.000000,1.000000,0.000000,0.000000,0.000000,57.698101,20.499701,-14.700500,0.047771,-0.013570,0.015998,-15.666301,-52.738201,18.801300,-93.396698,0.129960,17.611099,-0.263421,-0.430829,-0.667752,0.546903,-693.524475,1535.331177,-4658.648438,-693.741394,1454.639648,-4669.050293,-683.701294,1578.630005,-4687.690430,-705.962158,1486.489624,-4616.949707,-690.693176,1621.565308,-4660.903809,,,,,,,,,,,,,2616.281494,1567.724976,-3159.777588,,,,,,,,,,,,,,,,,,,,,,,,,,,,,,,,,
9507,95.070000,0.000000,0.000000,0.000000,1.000000,0.000000,0.000000,0.000000,57.698101,20.499701,-14.700500,0.047771,-0.013570,0.015998,-15.666301,-52.738201,18.801300,-93.396698,0.129960,17.611099,-0.263421,-0.430829,-0.667752,0.546903,-693.524475,1535.331177,-4658.648438,-693.741394,1454.639648,-4669.050293,-683.701294,1578.630005,-4687.690430,-705.962158,1486.489624,-4616.949707,-690.693176,1621.565308,-4660.903809,,,,,,,,,,,,,2616.300781,1567.741943,-3159.765381,,,,,,,,,,,,,,,,,,,,,,,,,,,,,,,,,
9508,95.080000,0.000000,0.000000,0.000000,1.000000,0.000000,0.000000,0.000000,57.698101,20.499701,-14.700500,0.047771,-0.013570,0.015998,-15.666301,-52.738201,18.801300,-93.396698,0.129960,17.611099,-0.263421,-0.430829,-0.667752,0.546903,-693.524475,1535.331177,-4658.648438,-693.741394,1454.639648,-4669.050293,-683.701294,1578.630005,-4687.690430,-705.962158,1486.489624,-4616.949707,-690.693176,1621.565308,-4660.903809,,,,,,,,,,,,,2616.304199,1567.741455,-3159.773438,,,,,,,,,,,,,,,,,,,,,,,,,,,,,,,,,
9509,95.090000,0.000000,0.000000,0.000000,1.000000,0.000000,0.000000,0.000000,57.698101,20.499701,-14.700500,0.047771,-0.013570,0.015998,-15.666301,-52.738201,18.801300,-93.396698,0.129960,17.611099,-0.263421,-0.430829,-0.667752,0.546903,-693.524475,1535.331177,-4658.648438,-693.741394,1454.639648,-4669.050293,-683.701294,1578.630005,-4687.690430,-705.962158,1486.489624,-4616.949707,-690.693176,1621.565308,-4660.903809,,,,,,,,,,,,,2616.262939,1567.759644,-3159.784424,,,,,,,,,,,,,,,,,,,,,,,,,,,,,,,,,
9510,95.100000,0.000000,0.000000,0.000000,1.000000,0.000000,0.000000,0.000000,57.698101,20.499701,-14.700500,0.047771,-0.013570,0.015998,-15.666301,-52.738201,18.801300,-93.396698,0.129960,17.611099,-0.263421,-0.430829,-0.667752,0.546903,-693.524475,1535.331177,-4658.648438,-693.741394,1454.639648,-4669.050293,-683.701294,1578.630005,-4687.690430,-705.962158,1486.489624,-4616.949707,-690.693176,1621.565308,-4660.903809,,,,,,,,,,,,,2616.287842,1567.786499,-3159.795654,,,,,,,,,,,,,,,,,,,,,,,,,,,,,,,,,
9511,95.110000,0.000000,0.000000,0.000000,1.000000,0.000000,0.000000,0.000000,57.698101,20.499701,-14.700500,0.047771,-0.013570,0.015998,-15.666301,-52.738201,18.801300,-93.396698,0.129960,17.611099,-0.263421,-0.430829,-0.667752,0.546903,-693.524475,1535.331177,-4658.648438,-693.741394,1454.639648,-4669.050293,-683.701294,1578.630005,-4687.690430,-705.962158,1486.489624,-4616.949707,-690.693176,1621.565308,-4660.903809,,,,,,,,,,,,,2616.270508,1567.768188,-3159.783203,,,,,,,,,,,,,,,,,,,,,,,,,,,,,,,,,
9512,95.120000,0.000000,0.000000,0.000000,1.000000,0.000000,0.000000,0.000000,57.698101,20.499701,-14.700500,0.047771,-0.013570,0.015998,-15.666301,-52.738201,18.801300,-93.396698,0.129960,17.611099,-0.263421,-0.430829,-0.667752,0.546903,-693.524475,1535.331177,-4658.648438,-693.741394,1454.639648,-4669.050293,-683.701294,1578.630005,-4687.690430,-705.962158,1486.489624,-4616.949707,-690.693176,1621.565308,-4660.903809,,,,,,,,,,,,,2616.282471,1567.761719,-3159.783936,,,,,,,,,,,,,,,,,,,,,,,,,,,,,,,,,
9513,95.130000,0.000000,0.000000,0.000000,1.000000,0.000000,0.000000,0.000000,57.698101,20.499701,-14.700500,0.047771,-0.013570,0.015998,-15.666301,-52.738201,18.801300,-93.396698,0.129960,17.611099,-0.263421,-0.430829,-0.667752,0.546903,-693.524475,1535.331177,-4658.648438,-693.741394,1454.639648,-4669.050293,-683.701294,1578.630005,-4687.690430,-705.962158,1486.489624,-4616.949707,-690.693176,1621.565308,-4660.903809,,,,,,,,,,,,,2616.298828,1567.772461,-3159.782715,,,,,,,,,,,,,,,,,,,,,,,,,,,,,,,,,
9514,95.140000,0.000000,0.000000,0.000000,1.000000,0.000000,0.000000,0.000000,57.698101,20.499701,-14.700500,0.047771,-0.013570,0.015998,-15.666301,-52.738201,18.801300,-93.396698,0.129960,17.611099,-0.263421,-0.430829,-0.667752,0.546903,-693.524475,1535.331177,-4658.648438,-693.741394,1454.639648,-4669.050293,-683.701294,1578.630005,-4687.690430,-705.962158,1486.489624,-4616.949707,-690.693176,1621.565308,-4660.903809,,,,,,,,,,,,,2616.295654,1567.736816,-3159.777100,,,,,,,,,,,,,,,,,,,,,,,,,,,,,,,,,
9515,95.150000,0.000000,0.000000,0.000000,1.000000,0.000000,0.000000,0.000000,57.698101,20.499701,-14.700500,0.047771,-0.013570,0.015998,-15.666301,-52.738201,18.801300,-93.396698,0.129960,17.611099,-0.263421,-0.430829,-0.667752,0.546903,-693.524475,1535.331177,-4658.648438,-693.741394,1454.639648,-4669.050293,-683.701294,1578.630005,-4687.690430,-705.962158,1486.489624,-4616.949707,-690.693176,1621.565308,-4660.903809,,,,,,,,,,,,,2616.331055,1567.717896,-3159.760254,,,,,,,,,,,,,,,,,,,,,,,,,,,,,,,,,
9516,95.160000,0.000000,0.000000,0.000000,1.000000,0.000000,0.000000,0.000000,57.698101,20.499701,-14.700500,0.047771,-0.013570,0.015998,-15.666301,-52.738201,18.801300,-93.396698,0.129960,17.611099,-0.263421,-0.430829,-0.667752,0.546903,-693.524475,1535.331177,-4658.648438,-693.741394,1454.639648,-4669.050293,-683.701294,1578.630005,-4687.690430,-705.962158,1486.489624,-4616.949707,-690.693176,1621.565308,-4660.903809,,,,,,,,,,,,,2616.333984,1567.768066,-3159.758545,,,,,,,,,,,,,,,,,,,,,,,,,,,,,,,,,
9517,95.170000,0.000000,0.000000,0.000000,1.000000,0.000000,0.000000,0.000000,57.698101,20.499701,-14.700500,0.047771,-0.013570,0.015998,-15.666301,-52.738201,18.801300,-93.396698,0.129960,17.611099,-0.263421,-0.430829,-0.667752,0.546903,-693.524475,1535.331177,-4658.648438,-693.741394,1454.639648,-4669.050293,-683.701294,1578.630005,-4687.690430,-705.962158,1486.489624,-4616.949707,-690.693176,1621.565308,-4660.903809,,,,,,,,,,,,,2616.290283,1567.759277,-3159.781006,,,,,,,,,,,,,,,,,,,,,,,,,,,,,,,,,
9518,95.180000,0.000000,0.000000,0.000000,1.000000,0.000000,0.000000,0.000000,57.698101,20.499701,-14.700500,0.047771,-0.013570,0.015998,-15.666301,-52.738201,18.801300,-93.396698,0.129960,17.611099,-0.263421,-0.430829,-0.667752,0.546903,-693.524475,1535.331177,-4658.648438,-693.741394,1454.639648,-4669.050293,-683.701294,1578.630005,-4687.690430,-705.962158,1486.489624,-4616.949707,-690.693176,1621.565308,-4660.903809,,,,,,,,,,,,,2616.271240,1567.730591,-3159.787842,,,,,,,,,,,,,,,,,,,,,,,,,,,,,,,,,
9519,95.190000,0.000000,0.000000,0.000000,1.000000,0.000000,0.000000,0.000000,57.698101,20.499701,-14.700500,0.047771,-0.013570,0.015998,-15.666301,-52.738201,18.801300,-93.396698,0.129960,17.611099,-0.263421,-0.430829,-0.667752,0.546903,-693.524475,1535.331177,-4658.648438,-693.741394,1454.639648,-4669.050293,-683.701294,1578.630005,-4687.690430,-705.962158,1486.489624,-4616.949707,-690.693176,1621.565308,-4660.903809,,,,,,,,,,,,,2616.308838,1567.747681,-3159.776123,,,,,,,,,,,,,,,,,,,,,,,,,,,,,,,,,
9520,95.200000,0.000000,0.000000,0.000000,1.000000,0.000000,0.000000,0.000000,57.698101,20.499701,-14.700500,0.047771,-0.013570,0.015998,-15.666301,-52.738201,18.801300,-93.396698,0.129960,17.611099,-0.263421,-0.430829,-0.667752,0.546903,-693.524475,1535.331177,-4658.648438,-693.741394,1454.639648,-4669.050293,-683.701294,1578.630005,-4687.690430,-705.962158,1486.489624,-4616.949707,-690.693176,1621.565308,-4660.903809,,,,,,,,,,,,,2616.292725,1567.729614,-3159.760010,,,,,,,,,,,,,,,,,,,,,,,,,,,,,,,,,
9521,95.210000,0.000000,0.000000,0.000000,1.000000,0.000000,0.000000,0.000000,57.698101,20.499701,-14.700500,0.047771,-0.013570,0.015998,-15.666301,-52.738201,18.801300,-93.396698,0.129960,17.611099,-0.263421,-0.430829,-0.667752,0.546903,-693.524475,1535.331177,-4658.648438,-693.741394,1454.639648,-4669.050293,-683.701294,1578.630005,-4687.690430,-705.962158,1486.489624,-4616.949707,-690.693176,1621.565308,-4660.903809,,,,,,,,,,,,,2616.276367,1567.747314,-3159.775146,,,,,,,,,,,,,,,,,,,,,,,,,,,,,,,,,
9522,95.220000,0.000000,0.000000,0.000000,1.000000,0.000000,0.000000,0.000000,57.698101,20.499701,-14.700500,0.047771,-0.013570,0.015998,-15.666301,-52.738201,18.801300,-93.396698,0.129960,17.611099,-0.263421,-0.430829,-0.667752,0.546903,-693.524475,1535.331177,-4658.648438,-693.741394,1454.639648,-4669.050293,-683.701294,1578.630005,-4687.690430,-705.962158,1486.489624,-4616.949707,-690.693176,1621.565308,-4660.903809,,,,,,,,,,,,,2616.307373,1567.739014,-3159.770264,,,,,,,,,,,,,,,,,,,,,,,,,,,,,,,,,
9523,95.230000,0.000000,0.000000,0.000000,1.000000,0.000000,0.000000,0.000000,57.698101,20.499701,-14.700500,0.047771,-0.013570,0.015998,-15.666301,-52.738201,18.801300,-93.396698,0.129960,17.611099,-0.263421,-0.430829,-0.667752,0.546903,-693.524475,1535.331177,-4658.648438,-693.741394,1454.639648,-4669.050293,-683.701294,1578.630005,-4687.690430,-705.962158,1486.489624,-4616.949707,-690.693176,1621.565308,-4660.903809,,,,,,,,,,,,,2616.312744,1567.765137,-3159.773193,,,,,,,,,,,,,,,,,,,,,,,,,,,,,,,,,
9524,95.240000,0.000000,0.000000,0.000000,1.000000,0.000000,0.000000,0.000000,57.698101,20.499701,-14.700500,0.047771,-0.013570,0.015998,-15.666301,-52.738201,18.801300,-93.396698,0.129960,17.611099,-0.263421,-0.430829,-0.667752,0.546903,-693.524475,1535.331177,-4658.648438,-693.741394,1454.639648,-4669.050293,-683.701294,1578.630005,-4687.690430,-705.962158,1486.489624,-4616.949707,-690.693176,1621.565308,-4660.903809,,,,,,,,,,,,,2616.293701,1567.776489,-3159.780518,,,,,,,,,,,,,,,,,,,,,,,,,,,,,,,,,
9525,95.250000,0.000000,0.000000,0.000000,1.000000,0.000000,0.000000,0.000000,57.698101,20.499701,-14.700500,0.047771,-0.013570,0.015998,-15.666301,-52.738201,18.801300,-93.396698,0.129960,17.611099,-0.263421,-0.430829,-0.667752,0.546903,-693.524475,1535.331177,-4658.648438,-693.741394,1454.639648,-4669.050293,-683.701294,1578.630005,-4687.690430,-705.962158,1486.489624,-4616.949707,-690.693176,1621.565308,-4660.903809,,,,,,,,,,,,,2616.270508,1567.748901,-3159.788086,,,,,,,,,,,,,,,,,,,,,,,,,,,,,,,,,
9526,95.260000,0.000000,0.000000,0.000000,1.000000,0.000000,0.000000,0.000000,57.698101,20.499701,-14.700500,0.047771,-0.013570,0.015998,-15.666301,-52.738201,18.801300,-93.396698,0.129960,17.611099,-0.263421,-0.430829,-0.667752,0.546903,-693.524475,1535.331177,-4658.648438,-693.741394,1454.639648,-4669.050293,-683.701294,1578.630005,-4687.690430,-705.962158,1486.489624,-4616.949707,-690.693176,1621.565308,-4660.903809,,,,,,,,,,,,,2616.286621,1567.730835,-3159.770508,,,,,,,,,,,,,,,,,,,,,,,,,,,,,,,,,
9527,95.270000,0.000000,0.000000,0.000000,1.000000,0.000000,0.000000,0.000000,57.698101,20.499701,-14.700500,0.047771,-0.013570,0.015998,-15.666301,-52.738201,18.801300,-93.396698,0.129960,17.611099,-0.263421,-0.430829,-0.667752,0.546903,-693.524475,1535.331177,-4658.648438,-693.741394,1454.639648,-4669.050293,-683.701294,1578.630005,-4687.690430,-705.962158,1486.489624,-4616.949707,-690.693176,1621.565308,-4660.903809,,,,,,,,,,,,,2616.298584,1567.780884,-3159.784912,,,,,,,,,,,,,,,,,,,,,,,,,,,,,,,,,
9528,95.280000,0.000000,0.000000,0.000000,1.000000,0.000000,0.000000,0.000000,57.698101,20.499701,-14.700500,0.047771,-0.013570,0.015998,-15.666301,-52.738201,18.801300,-93.396698,0.129960,17.611099,-0.263421,-0.430829,-0.667752,0.546903,-693.524475,1535.331177,-4658.648438,-693.741394,1454.639648,-4669.050293,-683.701294,1578.630005,-4687.690430,-705.962158,1486.489624,-4616.949707,-690.693176,1621.565308,-4660.903809,,,,,,,,,,,,,2616.266846,1567.732422,-3159.784424,,,,,,,,,,,,,,,,,,,,,,,,,,,,,,,,,
9529,95.290000,0.000000,0.000000,0.000000,1.000000,0.000000,0.000000,0.000000,57.698101,20.499701,-14.700500,0.047771,-0.013570,0.015998,-15.666301,-52.738201,18.801300,-93.396698,0.129960,17.611099,-0.263421,-0.430829,-0.667752,0.546903,-693.524475,1535.331177,-4658.648438,-693.741394,1454.639648,-4669.050293,-683.701294,1578.630005,-4687.690430,-705.962158,1486.489624,-4616.949707,-690.693176,1621.565308,-4660.903809,,,,,,,,,,,,,2616.272217,1567.781006,-3159.782471,,,,,,,,,,,,,,,,,,,,,,,,,,,,,,,,,
9530,95.300000,0.000000,0.000000,0.000000,1.000000,0.000000,0.000000,0.000000,57.698101,20.499701,-14.700500,0.047771,-0.013570,0.015998,-15.666301,-52.738201,18.801300,-93.396698,0.129960,17.611099,-0.263421,-0.430829,-0.667752,0.546903,-693.524475,1535.331177,-4658.648438,-693.741394,1454.639648,-4669.050293,-683.701294,1578.630005,-4687.690430,-705.962158,1486.489624,-4616.949707,-690.693176,1621.565308,-4660.903809,,,,,,,,,,,,,2616.254150,1567.782227,-3159.795898,,,,,,,,,,,,,,,,,,,,,,,,,,,,,,,,,
9531,95.310000,0.000000,0.000000,0.000000,1.000000,0.000000,0.000000,0.000000,57.698101,20.499701,-14.700500,0.047771,-0.013570,0.015998,-15.666301,-52.738201,18.801300,-93.396698,0.129960,17.611099,-0.263421,-0.430829,-0.667752,0.546903,-693.524475,1535.331177,-4658.648438,-693.741394,1454.639648,-4669.050293,-683.701294,1578.630005,-4687.690430,-705.962158,1486.489624,-4616.949707,-690.693176,1621.565308,-4660.903809,,,,,,,,,,,,,2616.264404,1567.774536,-3159.797607,,,,,,,,,,,,,,,,,,,,,,,,,,,,,,,,,
9532,95.320000,0.000000,0.000000,0.000000,1.000000,0.000000,0.000000,0.000000,57.698101,20.499701,-14.700500,0.047771,-0.013570,0.015998,-15.666301,-52.738201,18.801300,-93.396698,0.129960,17.611099,-0.263421,-0.430829,-0.667752,0.546903,-693.524475,1535.331177,-4658.648438,-693.741394,1454.639648,-4669.050293,-683.701294,1578.630005,-4687.690430,-705.962158,1486.489624,-4616.949707,-690.693176,1621.565308,-4660.903809,,,,,,,,,,,,,2616.262939,1567.762085,-3159.793457,,,,,,,,,,,,,,,,,,,,,,,,,,,,,,,,,
9533,95.330000,0.000000,0.000000,0.000000,1.000000,0.000000,0.000000,0.000000,57.698101,20.499701,-14.700500,0.047771,-0.013570,0.015998,-15.666301,-52.738201,18.801300,-93.396698,0.129960,17.611099,-0.263421,-0.430829,-0.667752,0.546903,-693.524475,1535.331177,-4658.648438,-693.741394,1454.639648,-4669.050293,-683.701294,1578.630005,-4687.690430,-705.962158,1486.489624,-4616.949707,-690.693176,1621.565308,-4660.903809,,,,,,,,,,,,,2616.277100,1567.737427,-3159.771484,,,,,,,,,,,,,,,,,,,,,,,,,,,,,,,,,
9534,95.340000,0.000000,0.000000,0.000000,1.000000,0.000000,0.000000,0.000000,57.698101,20.499701,-14.700500,0.047771,-0.013570,0.015998,-15.666301,-52.738201,18.801300,-93.396698,0.129960,17.611099,-0.263421,-0.430829,-0.667752,0.546903,-693.524475,1535.331177,-4658.648438,-693.741394,1454.639648,-4669.050293,-683.701294,1578.630005,-4687.690430,-705.962158,1486.489624,-4616.949707,-690.693176,1621.565308,-4660.903809,,,,,,,,,,,,,2616.304688,1567.730469,-3159.769287,,,,,,,,,,,,,,,,,,,,,,,,,,,,,,,,,
9535,95.350000,0.000000,0.000000,0.000000,1.000000,0.000000,0.000000,0.000000,57.698101,20.499701,-14.700500,0.047771,-0.013570,0.015998,-15.666301,-52.738201,18.801300,-93.396698,0.129960,17.611099,-0.263421,-0.430829,-0.667752,0.546903,-693.524475,1535.331177,-4658.648438,-693.741394,1454.639648,-4669.050293,-683.701294,1578.630005,-4687.690430,-705.962158,1486.489624,-4616.949707,-690.693176,1621.565308,-4660.903809,,,,,,,,,,,,,2616.324707,1567.728394,-3159.762695,,,,,,,,,,,,,,,,,,,,,,,,,,,,,,,,,
9536,95.360000,0.000000,0.000000,0.000000,1.000000,0.000000,0.000000,0.000000,57.698101,20.499701,-14.700500,0.047771,-0.013570,0.015998,-15.666301,-52.738201,18.801300,-93.396698,0.129960,17.611099,-0.263421,-0.430829,-0.667752,0.546903,-693.524475,1535.331177,-4658.648438,-693.741394,1454.639648,-4669.050293,-683.701294,1578.630005,-4687.690430,-705.962158,1486.489624,-4616.949707,-690.693176,1621.565308,-4660.903809,,,,,,,,,,,,,2616.280029,1567.757812,-3159.767090,,,,,,,,,,,,,,,,,,,,,,,,,,,,,,,,,
9537,95.370000,0.000000,0.000000,0.000000,1.000000,0.000000,0.000000,0.000000,57.698101,20.499701,-14.700500,0.047771,-0.013570,0.015998,-15.666301,-52.738201,18.801300,-93.396698,0.129960,17.611099,-0.263421,-0.430829,-0.667752,0.546903,-693.524475,1535.331177,-4658.648438,-693.741394,1454.639648,-4669.050293,-683.701294,1578.630005,-4687.690430,-705.962158,1486.489624,-4616.949707,-690.693176,1621.565308,-4660.903809,,,,,,,,,,,,,2616.284180,1567.776855,-3159.788818,,,,,,,,,,,,,,,,,,,,,,,,,,,,,,,,,
9538,95.380000,0.000000,0.000000,0.000000,1.000000,0.000000,0.000000,0.000000,57.698101,20.499701,-14.700500,0.047771,-0.013570,0.015998,-15.666301,-52.738201,18.801300,-93.396698,0.129960,17.611099,-0.263421,-0.430829,-0.667752,0.546903,-693.524475,1535.331177,-4658.648438,-693.741394,1454.639648,-4669.050293,-683.701294,1578.630005,-4687.690430,-705.962158,1486.489624,-4616.949707,-690.693176,1621.565308,-4660.903809,,,,,,,,,,,,,2616.295654,1567.748291,-3159.779785,,,,,,,,,,,,,,,,,,,,,,,,,,,,,,,,,
9539,95.390000,0.000000,0.000000,0.000000,1.000000,0.000000,0.000000,0.000000,57.698101,20.499701,-14.700500,0.047771,-0.013570,0.015998,-15.666301,-52.738201,18.801300,-93.396698,0.129960,17.611099,-0.263421,-0.430829,-0.667752,0.546903,-693.524475,1535.331177,-4658.648438,-693.741394,1454.639648,-4669.050293,-683.701294,1578.630005,-4687.690430,-705.962158,1486.489624,-4616.949707,-690.693176,1621.565308,-4660.903809,,,,,,,,,,,,,2616.284668,1567.744141,-3159.779541,,,,,,,,,,,,,,,,,,,,,,,,,,,,,,,,,
9540,95.400000,0.000000,0.000000,0.000000,1.000000,0.000000,0.000000,0.000000,57.698101,20.499701,-14.700500,0.047771,-0.013570,0.015998,-15.666301,-52.738201,18.801300,-93.396698,0.129960,17.611099,-0.263421,-0.430829,-0.667752,0.546903,-693.524475,1535.331177,-4658.648438,-693.741394,1454.639648,-4669.050293,-683.701294,1578.630005,-4687.690430,-705.962158,1486.489624,-4616.949707,-690.693176,1621.565308,-4660.903809,,,,,,,,,,,,,2616.278809,1567.804077,-3159.782471,,,,,,,,,,,,,,,,,,,,,,,,,,,,,,,,,
9541,95.410000,0.000000,0.000000,0.000000,1.000000,0.000000,0.000000,0.000000,57.698101,20.499701,-14.700500,0.047771,-0.013570,0.015998,-15.666301,-52.738201,18.801300,-93.396698,0.129960,17.611099,-0.263421,-0.430829,-0.667752,0.546903,-693.524475,1535.331177,-4658.648438,-693.741394,1454.639648,-4669.050293,-683.701294,1578.630005,-4687.690430,-705.962158,1486.489624,-4616.949707,-690.693176,1621.565308,-4660.903809,,,,,,,,,,,,,2616.267578,1567.731689,-3159.800537,,,,,,,,,,,,,,,,,,,,,,,,,,,,,,,,,
9542,95.420000,0.000000,0.000000,0.000000,1.000000,0.000000,0.000000,0.000000,57.698101,20.499701,-14.700500,0.047771,-0.013570,0.015998,-15.666301,-52.738201,18.801300,-93.396698,0.129960,17.611099,-0.263421,-0.430829,-0.667752,0.546903,-693.524475,1535.331177,-4658.648438,-693.741394,1454.639648,-4669.050293,-683.701294,1578.630005,-4687.690430,-705.962158,1486.489624,-4616.949707,-690.693176,1621.565308,-4660.903809,,,,,,,,,,,,,2616.314453,1567.754150,-3159.764160,,,,,,,,,,,,,,,,,,,,,,,,,,,,,,,,,
9543,95.430000,0.000000,0.000000,0.000000,1.000000,0.000000,0.000000,0.000000,57.698101,20.499701,-14.700500,0.047771,-0.013570,0.015998,-15.666301,-52.738201,18.801300,-93.396698,0.129960,17.611099,-0.263421,-0.430829,-0.667752,0.546903,-693.524475,1535.331177,-4658.648438,-693.741394,1454.639648,-4669.050293,-683.701294,1578.630005,-4687.690430,-705.962158,1486.489624,-4616.949707,-690.693176,1621.565308,-4660.903809,,,,,,,,,,,,,2616.306396,1567.721313,-3159.760010,,,,,,,,,,,,,,,,,,,,,,,,,,,,,,,,,
9544,95.440000,0.000000,0.000000,0.000000,1.000000,0.000000,0.000000,0.000000,57.698101,20.499701,-14.700500,0.047771,-0.013570,0.015998,-15.666301,-52.738201,18.801300,-93.396698,0.129960,17.611099,-0.263421,-0.430829,-0.667752,0.546903,-693.524475,1535.331177,-4658.648438,-693.741394,1454.639648,-4669.050293,-683.701294,1578.630005,-4687.690430,-705.962158,1486.489624,-4616.949707,-690.693176,1621.565308,-4660.903809,,,,,,,,,,,,,2616.281006,1567.757812,-3159.780762,,,,,,,,,,,,,,,,,,,,,,,,,,,,,,,,,
9545,95.450000,0.000000,0.000000,0.000000,1.000000,0.000000,0.000000,0.000000,57.698101,20.499701,-14.700500,0.047771,-0.013570,0.015998,-15.666301,-52.738201,18.801300,-93.396698,0.129960,17.611099,-0.263421,-0.430829,-0.667752,0.546903,-693.524475,1535.331177,-4658.648438,-693.741394,1454.639648,-4669.050293,-683.701294,1578.630005,-4687.690430,-705.962158,1486.489624,-4616.949707,-690.693176,1621.565308,-4660.903809,,,,,,,,,,,,,2616.284668,1567.743774,-3159.784424,,,,,,,,,,,,,,,,,,,,,,,,,,,,,,,,,
9546,95.460000,0.000000,0.000000,0.000000,1.000000,0.000000,0.000000,0.000000,57.698101,20.499701,-14.700500,0.047771,-0.013570,0.015998,-15.666301,-52.738201,18.801300,-93.396698,0.129960,17.611099,-0.263421,-0.430829,-0.667752,0.546903,-693.524475,1535.331177,-4658.648438,-693.741394,1454.639648,-4669.050293,-683.701294,1578.630005,-4687.690430,-705.962158,1486.489624,-4616.949707,-690.693176,1621.565308,-4660.903809,,,,,,,,,,,,,2616.285400,1567.761108,-3159.773193,,,,,,,,,,,,,,,,,,,,,,,,,,,,,,,,,
9547,95.470000,0.000000,0.000000,0.000000,1.000000,0.000000,0.000000,0.000000,57.698101,20.499701,-14.700500,0.047771,-0.013570,0.015998,-15.666301,-52.738201,18.801300,-93.396698,0.129960,17.611099,-0.263421,-0.430829,-0.667752,0.546903,-693.524475,1535.331177,-4658.648438,-693.741394,1454.639648,-4669.050293,-683.701294,1578.630005,-4687.690430,-705.962158,1486.489624,-4616.949707,-690.693176,1621.565308,-4660.903809,,,,,,,,,,,,,2616.266602,1567.767334,-3159.795654,,,,,,,,,,,,,,,,,,,,,,,,,,,,,,,,,
9548,95.480000,0.000000,0.000000,0.000000,1.000000,0.000000,0.000000,0.000000,57.698101,20.499701,-14.700500,0.047771,-0.013570,0.015998,-15.666301,-52.738201,18.801300,-93.396698,0.129960,17.611099,-0.263421,-0.430829,-0.667752,0.546903,-693.524475,1535.331177,-4658.648438,-693.741394,1454.639648,-4669.050293,-683.701294,1578.630005,-4687.690430,-705.962158,1486.489624,-4616.949707,-690.693176,1621.565308,-4660.903809,,,,,,,,,,,,,2616.283447,1567.746460,-3159.787354,,,,,,,,,,,,,,,,,,,,,,,,,,,,,,,,,
9549,95.490000,0.000000,0.000000,0.000000,1.000000,0.000000,0.000000,0.000000,57.698101,20.499701,-14.700500,0.047771,-0.013570,0.015998,-15.666301,-52.738201,18.801300,-93.396698,0.129960,17.611099,-0.263421,-0.430829,-0.667752,0.546903,-693.524475,1535.331177,-4658.648438,-693.741394,1454.639648,-4669.050293,-683.701294,1578.630005,-4687.690430,-705.962158,1486.489624,-4616.949707,-690.693176,1621.565308,-4660.903809,,,,,,,,,,,,,2616.275146,1567.749512,-3159.779541,,,,,,,,,,,,,,,,,,,,,,,,,,,,,,,,,
9550,95.500000,0.000000,0.000000,0.000000,1.000000,0.000000,0.000000,0.000000,57.698101,20.499701,-14.700500,0.047771,-0.013570,0.015998,-15.666301,-52.738201,18.801300,-93.396698,0.129960,17.611099,-0.263421,-0.430829,-0.667752,0.546903,-693.524475,1535.331177,-4658.648438,-693.741394,1454.639648,-4669.050293,-683.701294,1578.630005,-4687.690430,-705.962158,1486.489624,-4616.949707,-690.693176,1621.565308,-4660.903809,,,,,,,,,,,,,2616.282227,1567.777344,-3159.785889,,,,,,,,,,,,,,,,,,,,,,,,,,,,,,,,,
9551,95.510000,0.000000,0.000000,0.000000,1.000000,0.000000,0.000000,0.000000,57.698101,20.499701,-14.700500,0.047771,-0.013570,0.015998,-15.666301,-52.738201,18.801300,-93.396698,0.129960,17.611099,-0.263421,-0.430829,-0.667752,0.546903,-693.524475,1535.331177,-4658.648438,-693.741394,1454.639648,-4669.050293,-683.701294,1578.630005,-4687.690430,-705.962158,1486.489624,-4616.949707,-690.693176,1621.565308,-4660.903809,,,,,,,,,,,,,2616.272461,1567.775635,-3159.801270,,,,,,,,,,,,,,,,,,,,,,,,,,,,,,,,,
9552,95.520000,0.000000,0.000000,0.000000,1.000000,0.000000,0.000000,0.000000,57.698101,20.499701,-14.700500,0.047771,-0.013570,0.015998,-15.666301,-52.738201,18.801300,-93.396698,0.129960,17.611099,-0.263421,-0.430829,-0.667752,0.546903,-693.524475,1535.331177,-4658.648438,-693.741394,1454.639648,-4669.050293,-683.701294,1578.630005,-4687.690430,-705.962158,1486.489624,-4616.949707,-690.693176,1621.565308,-4660.903809,,,,,,,,,,,,,2616.296387,1567.756836,-3159.774414,,,,,,,,,,,,,,,,,,,,,,,,,,,,,,,,,
9553,95.530000,0.000000,0.000000,0.000000,1.000000,0.000000,0.000000,0.000000,57.698101,20.499701,-14.700500,0.047771,-0.013570,0.015998,-15.666301,-52.738201,18.801300,-93.396698,0.129960,17.611099,-0.263421,-0.430829,-0.667752,0.546903,-693.524475,1535.331177,-4658.648438,-693.741394,1454.639648,-4669.050293,-683.701294,1578.630005,-4687.690430,-705.962158,1486.489624,-4616.949707,-690.693176,1621.565308,-4660.903809,,,,,,,,,,,,,2616.281006,1567.724487,-3159.774902,,,,,,,,,,,,,,,,,,,,,,,,,,,,,,,,,
9554,95.540000,0.000000,0.000000,0.000000,1.000000,0.000000,0.000000,0.000000,57.698101,20.499701,-14.700500,0.047771,-0.013570,0.015998,-15.666301,-52.738201,18.801300,-93.396698,0.129960,17.611099,-0.263421,-0.430829,-0.667752,0.546903,-693.524475,1535.331177,-4658.648438,-693.741394,1454.639648,-4669.050293,-683.701294,1578.630005,-4687.690430,-705.962158,1486.489624,-4616.949707,-690.693176,1621.565308,-4660.903809,,,,,,,,,,,,,2616.292236,1567.723267,-3159.769775,,,,,,,,,,,,,,,,,,,,,,,,,,,,,,,,,
9555,95.550000,0.000000,0.000000,0.000000,1.000000,0.000000,0.000000,0.000000,57.698101,20.499701,-14.700500,0.047771,-0.013570,0.015998,-15.666301,-52.738201,18.801300,-93.396698,0.129960,17.611099,-0.263421,-0.430829,-0.667752,0.546903,-693.524475,1535.331177,-4658.648438,-693.741394,1454.639648,-4669.050293,-683.701294,1578.630005,-4687.690430,-705.962158,1486.489624,-4616.949707,-690.693176,1621.565308,-4660.903809,,,,,,,,,,,,,2616.288086,1567.725586,-3159.772217,,,,,,,,,,,,,,,,,,,,,,,,,,,,,,,,,
9556,95.560000,0.000000,0.000000,0.000000,1.000000,0.000000,0.000000,0.000000,57.698101,20.499701,-14.700500,0.047771,-0.013570,0.015998,-15.666301,-52.738201,18.801300,-93.396698,0.129960,17.611099,-0.263421,-0.430829,-0.667752,0.546903,-693.524475,1535.331177,-4658.648438,-693.741394,1454.639648,-4669.050293,-683.701294,1578.630005,-4687.690430,-705.962158,1486.489624,-4616.949707,-690.693176,1621.565308,-4660.903809,,,,,,,,,,,,,2616.288330,1567.722900,-3159.771973,,,,,,,,,,,,,,,,,,,,,,,,,,,,,,,,,
9557,95.570000,0.000000,0.000000,0.000000,1.000000,0.000000,0.000000,0.000000,57.698101,20.499701,-14.700500,0.047771,-0.013570,0.015998,-15.666301,-52.738201,18.801300,-93.396698,0.129960,17.611099,-0.263421,-0.430829,-0.667752,0.546903,-693.524475,1535.331177,-4658.648438,-693.741394,1454.639648,-4669.050293,-683.701294,1578.630005,-4687.690430,-705.962158,1486.489624,-4616.949707,-690.693176,1621.565308,-4660.903809,,,,,,,,,,,,,2616.267578,1567.738770,-3159.783936,,,,,,,,,,,,,,,,,,,,,,,,,,,,,,,,,
9558,95.580000,0.000000,0.000000,0.000000,1.000000,0.000000,0.000000,0.000000,57.698101,20.499701,-14.700500,0.047771,-0.013570,0.015998,-15.666301,-52.738201,18.801300,-93.396698,0.129960,17.611099,-0.263421,-0.430829,-0.667752,0.546903,-693.524475,1535.331177,-4658.648438,-693.741394,1454.639648,-4669.050293,-683.701294,1578.630005,-4687.690430,-705.962158,1486.489624,-4616.949707,-690.693176,1621.565308,-4660.903809,,,,,,,,,,,,,2616.301514,1567.760620,-3159.791016,,,,,,,,,,,,,,,,,,,,,,,,,,,,,,,,,
9559,95.590000,0.000000,0.000000,0.000000,1.000000,0.000000,0.000000,0.000000,57.698101,20.499701,-14.700500,0.047771,-0.013570,0.015998,-15.666301,-52.738201,18.801300,-93.396698,0.129960,17.611099,-0.263421,-0.430829,-0.667752,0.546903,-693.524475,1535.331177,-4658.648438,-693.741394,1454.639648,-4669.050293,-683.701294,1578.630005,-4687.690430,-705.962158,1486.489624,-4616.949707,-690.693176,1621.565308,-4660.903809,,,,,,,,,,,,,2616.310059,1567.748291,-3159.774658,,,,,,,,,,,,,,,,,,,,,,,,,,,,,,,,,
9560,95.600000,0.000000,0.000000,0.000000,1.000000,0.000000,0.000000,0.000000,57.698101,20.499701,-14.700500,0.047771,-0.013570,0.015998,-15.666301,-52.738201,18.801300,-93.396698,0.129960,17.611099,-0.263421,-0.430829,-0.667752,0.546903,-693.524475,1535.331177,-4658.648438,-693.741394,1454.639648,-4669.050293,-683.701294,1578.630005,-4687.690430,-705.962158,1486.489624,-4616.949707,-690.693176,1621.565308,-4660.903809,,,,,,,,,,,,,2616.308105,1567.746460,-3159.782471,,,,,,,,,,,,,,,,,,,,,,,,,,,,,,,,,
9561,95.610000,0.000000,0.000000,0.000000,1.000000,0.000000,0.000000,0.000000,57.698101,20.499701,-14.700500,0.047771,-0.013570,0.015998,-15.666301,-52.738201,18.801300,-93.396698,0.129960,17.611099,-0.263421,-0.430829,-0.667752,0.546903,-693.524475,1535.331177,-4658.648438,-693.741394,1454.639648,-4669.050293,-683.701294,1578.630005,-4687.690430,-705.962158,1486.489624,-4616.949707,-690.693176,1621.565308,-4660.903809,,,,,,,,,,,,,2616.289307,1567.759033,-3159.778320,,,,,,,,,,,,,,,,,,,,,,,,,,,,,,,,,
9562,95.620000,0.000000,0.000000,0.000000,1.000000,0.000000,0.000000,0.000000,57.698101,20.499701,-14.700500,0.047771,-0.013570,0.015998,-15.666301,-52.738201,18.801300,-93.396698,0.129960,17.611099,-0.263421,-0.430829,-0.667752,0.546903,-693.524475,1535.331177,-4658.648438,-693.741394,1454.639648,-4669.050293,-683.701294,1578.630005,-4687.690430,-705.962158,1486.489624,-4616.949707,-690.693176,1621.565308,-4660.903809,,,,,,,,,,,,,2616.247803,1567.709839,-3159.772461,,,,,,,,,,,,,,,,,,,,,,,,,,,,,,,,,
9563,95.630000,0.000000,0.000000,0.000000,1.000000,0.000000,0.000000,0.000000,57.698101,20.499701,-14.700500,0.047771,-0.013570,0.015998,-15.666301,-52.738201,18.801300,-93.396698,0.129960,17.611099,-0.263421,-0.430829,-0.667752,0.546903,-693.524475,1535.331177,-4658.648438,-693.741394,1454.639648,-4669.050293,-683.701294,1578.630005,-4687.690430,-705.962158,1486.489624,-4616.949707,-690.693176,1621.565308,-4660.903809,,,,,,,,,,,,,2616.284668,1567.754272,-3159.775879,,,,,,,,,,,,,,,,,,,,,,,,,,,,,,,,,
9564,95.640000,0.000000,0.000000,0.000000,1.000000,0.000000,0.000000,0.000000,57.698101,20.499701,-14.700500,0.047771,-0.013570,0.015998,-15.666301,-52.738201,18.801300,-93.396698,0.129960,17.611099,-0.263421,-0.430829,-0.667752,0.546903,-693.524475,1535.331177,-4658.648438,-693.741394,1454.639648,-4669.050293,-683.701294,1578.630005,-4687.690430,-705.962158,1486.489624,-4616.949707,-690.693176,1621.565308,-4660.903809,,,,,,,,,,,,,2616.289551,1567.739258,-3159.778076,,,,,,,,,,,,,,,,,,,,,,,,,,,,,,,,,
9565,95.650000,0.000000,0.000000,0.000000,1.000000,0.000000,0.000000,0.000000,57.698101,20.499701,-14.700500,0.047771,-0.013570,0.015998,-15.666301,-52.738201,18.801300,-93.396698,0.129960,17.611099,-0.263421,-0.430829,-0.667752,0.546903,-693.524475,1535.331177,-4658.648438,-693.741394,1454.639648,-4669.050293,-683.701294,1578.630005,-4687.690430,-705.962158,1486.489624,-4616.949707,-690.693176,1621.565308,-4660.903809,,,,,,,,,,,,,2616.277344,1567.739990,-3159.773926,,,,,,,,,,,,,,,,,,,,,,,,,,,,,,,,,
9566,95.660000,0.000000,0.000000,0.000000,1.000000,0.000000,0.000000,0.000000,57.698101,20.499701,-14.700500,0.047771,-0.013570,0.015998,-15.666301,-52.738201,18.801300,-93.396698,0.129960,17.611099,-0.263421,-0.430829,-0.667752,0.546903,-693.524475,1535.331177,-4658.648438,-693.741394,1454.639648,-4669.050293,-683.701294,1578.630005,-4687.690430,-705.962158,1486.489624,-4616.949707,-690.693176,1621.565308,-4660.903809,,,,,,,,,,,,,2616.300537,1567.741455,-3159.776855,,,,,,,,,,,,,,,,,,,,,,,,,,,,,,,,,
9567,95.670000,0.000000,0.000000,0.000000,1.000000,0.000000,0.000000,0.000000,57.698101,20.499701,-14.700500,0.047771,-0.013570,0.015998,-15.666301,-52.738201,18.801300,-93.396698,0.129960,17.611099,-0.263421,-0.430829,-0.667752,0.546903,-693.524475,1535.331177,-4658.648438,-693.741394,1454.639648,-4669.050293,-683.701294,1578.630005,-4687.690430,-705.962158,1486.489624,-4616.949707,-690.693176,1621.565308,-4660.903809,,,,,,,,,,,,,2616.305908,1567.764282,-3159.764648,,,,,,,,,,,,,,,,,,,,,,,,,,,,,,,,,
9568,95.680000,0.000000,0.000000,0.000000,1.000000,0.000000,0.000000,0.000000,57.698101,20.499701,-14.700500,0.047771,-0.013570,0.015998,-15.666301,-52.738201,18.801300,-93.396698,0.129960,17.611099,-0.263421,-0.430829,-0.667752,0.546903,-693.524475,1535.331177,-4658.648438,-693.741394,1454.639648,-4669.050293,-683.701294,1578.630005,-4687.690430,-705.962158,1486.489624,-4616.949707,-690.693176,1621.565308,-4660.903809,,,,,,,,,,,,,2616.297363,1567.735840,-3159.778320,,,,,,,,,,,,,,,,,,,,,,,,,,,,,,,,,
9569,95.690000,0.000000,0.000000,0.000000,1.000000,0.000000,0.000000,0.000000,57.698101,20.499701,-14.700500,0.047771,-0.013570,0.015998,-15.666301,-52.738201,18.801300,-93.396698,0.129960,17.611099,-0.263421,-0.430829,-0.667752,0.546903,-693.524475,1535.331177,-4658.648438,-693.741394,1454.639648,-4669.050293,-683.701294,1578.630005,-4687.690430,-705.962158,1486.489624,-4616.949707,-690.693176,1621.565308,-4660.903809,,,,,,,,,,,,,2616.282959,1567.751343,-3159.785400,,,,,,,,,,,,,,,,,,,,,,,,,,,,,,,,,
9570,95.700000,0.000000,0.000000,0.000000,1.000000,0.000000,0.000000,0.000000,57.698101,20.499701,-14.700500,0.047771,-0.013570,0.015998,-15.666301,-52.738201,18.801300,-93.396698,0.129960,17.611099,-0.263421,-0.430829,-0.667752,0.546903,-693.524475,1535.331177,-4658.648438,-693.741394,1454.639648,-4669.050293,-683.701294,1578.630005,-4687.690430,-705.962158,1486.489624,-4616.949707,-690.693176,1621.565308,-4660.903809,,,,,,,,,,,,,2616.286865,1567.719971,-3159.779297,,,,,,,,,,,,,,,,,,,,,,,,,,,,,,,,,
9571,95.710000,0.000000,0.000000,0.000000,1.000000,0.000000,0.000000,0.000000,57.698101,20.499701,-14.700500,0.047771,-0.013570,0.015998,-15.666301,-52.738201,18.801300,-93.396698,0.129960,17.611099,-0.263421,-0.430829,-0.667752,0.546903,-693.524475,1535.331177,-4658.648438,-693.741394,1454.639648,-4669.050293,-683.701294,1578.630005,-4687.690430,-705.962158,1486.489624,-4616.949707,-690.693176,1621.565308,-4660.903809,,,,,,,,,,,,,2616.303955,1567.725952,-3159.770752,,,,,,,,,,,,,,,,,,,,,,,,,,,,,,,,,
9572,95.720000,0.000000,0.000000,0.000000,1.000000,0.000000,0.000000,0.000000,57.698101,20.499701,-14.700500,0.047771,-0.013570,0.015998,-15.666301,-52.738201,18.801300,-93.396698,0.129960,17.611099,-0.263421,-0.430829,-0.667752,0.546903,-693.524475,1535.331177,-4658.648438,-693.741394,1454.639648,-4669.050293,-683.701294,1578.630005,-4687.690430,-705.962158,1486.489624,-4616.949707,-690.693176,1621.565308,-4660.903809,,,,,,,,,,,,,2616.290527,1567.744019,-3159.770996,,,,,,,,,,,,,,,,,,,,,,,,,,,,,,,,,
9573,95.730000,0.000000,0.000000,0.000000,1.000000,0.000000,0.000000,0.000000,57.698101,20.499701,-14.700500,0.047771,-0.013570,0.015998,-15.666301,-52.738201,18.801300,-93.396698,0.129960,17.611099,-0.263421,-0.430829,-0.667752,0.546903,-693.524475,1535.331177,-4658.648438,-693.741394,1454.639648,-4669.050293,-683.701294,1578.630005,-4687.690430,-705.962158,1486.489624,-4616.949707,-690.693176,1621.565308,-4660.903809,,,,,,,,,,,,,2616.312012,1567.773438,-3159.781006,,,,,,,,,,,,,,,,,,,,,,,,,,,,,,,,,
9574,95.740000,0.000000,0.000000,0.000000,1.000000,0.000000,0.000000,0.000000,57.698101,20.499701,-14.700500,0.047771,-0.013570,0.015998,-15.666301,-52.738201,18.801300,-93.396698,0.129960,17.611099,-0.263421,-0.430829,-0.667752,0.546903,-693.524475,1535.331177,-4658.648438,-693.741394,1454.639648,-4669.050293,-683.701294,1578.630005,-4687.690430,-705.962158,1486.489624,-4616.949707,-690.693176,1621.565308,-4660.903809,,,,,,,,,,,,,2616.275879,1567.719360,-3159.777100,,,,,,,,,,,,,,,,,,,,,,,,,,,,,,,,,
9575,95.750000,0.000000,0.000000,0.000000,1.000000,0.000000,0.000000,0.000000,57.698101,20.499701,-14.700500,0.047771,-0.013570,0.015998,-15.666301,-52.738201,18.801300,-93.396698,0.129960,17.611099,-0.263421,-0.430829,-0.667752,0.546903,-693.524475,1535.331177,-4658.648438,-693.741394,1454.639648,-4669.050293,-683.701294,1578.630005,-4687.690430,-705.962158,1486.489624,-4616.949707,-690.693176,1621.565308,-4660.903809,,,,,,,,,,,,,2616.273926,1567.729736,-3159.773682,,,,,,,,,,,,,,,,,,,,,,,,,,,,,,,,,
9576,95.760000,0.000000,0.000000,0.000000,1.000000,0.000000,0.000000,0.000000,57.698101,20.499701,-14.700500,0.047771,-0.013570,0.015998,-15.666301,-52.738201,18.801300,-93.396698,0.129960,17.611099,-0.263421,-0.430829,-0.667752,0.546903,-693.524475,1535.331177,-4658.648438,-693.741394,1454.639648,-4669.050293,-683.701294,1578.630005,-4687.690430,-705.962158,1486.489624,-4616.949707,-690.693176,1621.565308,-4660.903809,,,,,,,,,,,,,2616.281006,1567.719604,-3159.782471,,,,,,,,,,,,,,,,,,,,,,,,,,,,,,,,,
9577,95.770000,0.000000,0.000000,0.000000,1.000000,0.000000,0.000000,0.000000,57.698101,20.499701,-14.700500,0.047771,-0.013570,0.015998,-15.666301,-52.738201,18.801300,-93.396698,0.129960,17.611099,-0.263421,-0.430829,-0.667752,0.546903,-693.524475,1535.331177,-4658.648438,-693.741394,1454.639648,-4669.050293,-683.701294,1578.630005,-4687.690430,-705.962158,1486.489624,-4616.949707,-690.693176,1621.565308,-4660.903809,,,,,,,,,,,,,2616.305176,1567.736450,-3159.767578,,,,,,,,,,,,,,,,,,,,,,,,,,,,,,,,,
9578,95.780000,0.000000,0.000000,0.000000,1.000000,0.000000,0.000000,0.000000,57.698101,20.499701,-14.700500,0.047771,-0.013570,0.015998,-15.666301,-52.738201,18.801300,-93.396698,0.129960,17.611099,-0.263421,-0.430829,-0.667752,0.546903,-693.524475,1535.331177,-4658.648438,-693.741394,1454.639648,-4669.050293,-683.701294,1578.630005,-4687.690430,-705.962158,1486.489624,-4616.949707,-690.693176,1621.565308,-4660.903809,,,,,,,,,,,,,2616.281982,1567.726074,-3159.768799,,,,,,,,,,,,,,,,,,,,,,,,,,,,,,,,,
9579,95.790000,0.000000,0.000000,0.000000,1.000000,0.000000,0.000000,0.000000,57.698101,20.499701,-14.700500,0.047771,-0.013570,0.015998,-15.666301,-52.738201,18.801300,-93.396698,0.129960,17.611099,-0.263421,-0.430829,-0.667752,0.546903,-693.524475,1535.331177,-4658.648438,-693.741394,1454.639648,-4669.050293,-683.701294,1578.630005,-4687.690430,-705.962158,1486.489624,-4616.949707,-690.693176,1621.565308,-4660.903809,,,,,,,,,,,,,2616.263428,1567.763916,-3159.781006,,,,,,,,,,,,,,,,,,,,,,,,,,,,,,,,,
9580,95.800000,0.000000,0.000000,0.000000,1.000000,0.000000,0.000000,0.000000,57.698101,20.499701,-14.700500,0.047771,-0.013570,0.015998,-15.666301,-52.738201,18.801300,-93.396698,0.129960,17.611099,-0.263421,-0.430829,-0.667752,0.546903,-693.524475,1535.331177,-4658.648438,-693.741394,1454.639648,-4669.050293,-683.701294,1578.630005,-4687.690430,-705.962158,1486.489624,-4616.949707,-690.693176,1621.565308,-4660.903809,,,,,,,,,,,,,2616.288574,1567.757812,-3159.784912,,,,,,,,,,,,,,,,,,,,,,,,,,,,,,,,,
9581,95.810000,0.000000,0.000000,0.000000,1.000000,0.000000,0.000000,0.000000,57.698101,20.499701,-14.700500,0.047771,-0.013570,0.015998,-15.666301,-52.738201,18.801300,-93.396698,0.129960,17.611099,-0.263421,-0.430829,-0.667752,0.546903,-693.524475,1535.331177,-4658.648438,-693.741394,1454.639648,-4669.050293,-683.701294,1578.630005,-4687.690430,-705.962158,1486.489624,-4616.949707,-690.693176,1621.565308,-4660.903809,,,,,,,,,,,,,2616.284668,1567.753784,-3159.785645,,,,,,,,,,,,,,,,,,,,,,,,,,,,,,,,,
9582,95.820000,0.000000,0.000000,0.000000,1.000000,0.000000,0.000000,0.000000,57.698101,20.499701,-14.700500,0.047771,-0.013570,0.015998,-15.666301,-52.738201,18.801300,-93.396698,0.129960,17.611099,-0.263421,-0.430829,-0.667752,0.546903,-693.524475,1535.331177,-4658.648438,-693.741394,1454.639648,-4669.050293,-683.701294,1578.630005,-4687.690430,-705.962158,1486.489624,-4616.949707,-690.693176,1621.565308,-4660.903809,,,,,,,,,,,,,2616.300049,1567.761475,-3159.768555,,,,,,,,,,,,,,,,,,,,,,,,,,,,,,,,,
9583,95.830000,0.000000,0.000000,0.000000,1.000000,0.000000,0.000000,0.000000,57.698101,20.499701,-14.700500,0.047771,-0.013570,0.015998,-15.666301,-52.738201,18.801300,-93.396698,0.129960,17.611099,-0.263421,-0.430829,-0.667752,0.546903,-693.524475,1535.331177,-4658.648438,-693.741394,1454.639648,-4669.050293,-683.701294,1578.630005,-4687.690430,-705.962158,1486.489624,-4616.949707,-690.693176,1621.565308,-4660.903809,,,,,,,,,,,,,2616.264893,1567.732910,-3159.782471,,,,,,,,,,,,,,,,,,,,,,,,,,,,,,,,,
9584,95.840000,0.000000,0.000000,0.000000,1.000000,0.000000,0.000000,0.000000,57.698101,20.499701,-14.700500,0.047771,-0.013570,0.015998,-15.666301,-52.738201,18.801300,-93.396698,0.129960,17.611099,-0.263421,-0.430829,-0.667752,0.546903,-693.524475,1535.331177,-4658.648438,-693.741394,1454.639648,-4669.050293,-683.701294,1578.630005,-4687.690430,-705.962158,1486.489624,-4616.949707,-690.693176,1621.565308,-4660.903809,,,,,,,,,,,,,2616.305908,1567.711060,-3159.771240,,,,,,,,,,,,,,,,,,,,,,,,,,,,,,,,,
9585,95.850000,0.000000,0.000000,0.000000,1.000000,0.000000,0.000000,0.000000,57.698101,20.499701,-14.700500,0.047771,-0.013570,0.015998,-15.666301,-52.738201,18.801300,-93.396698,0.129960,17.611099,-0.263421,-0.430829,-0.667752,0.546903,-693.524475,1535.331177,-4658.648438,-693.741394,1454.639648,-4669.050293,-683.701294,1578.630005,-4687.690430,-705.962158,1486.489624,-4616.949707,-690.693176,1621.565308,-4660.903809,,,,,,,,,,,,,2616.310547,1567.760010,-3159.768311,,,,,,,,,,,,,,,,,,,,,,,,,,,,,,,,,
9586,95.860000,0.000000,0.000000,0.000000,1.000000,0.000000,0.000000,0.000000,57.698101,20.499701,-14.700500,0.047771,-0.013570,0.015998,-15.666301,-52.738201,18.801300,-93.396698,0.129960,17.611099,-0.263421,-0.430829,-0.667752,0.546903,-693.524475,1535.331177,-4658.648438,-693.741394,1454.639648,-4669.050293,-683.701294,1578.630005,-4687.690430,-705.962158,1486.489624,-4616.949707,-690.693176,1621.565308,-4660.903809,,,,,,,,,,,,,2616.273682,1567.743286,-3159.787354,,,,,,,,,,,,,,,,,,,,,,,,,,,,,,,,,
9587,95.870000,0.000000,0.000000,0.000000,1.000000,0.000000,0.000000,0.000000,57.698101,20.499701,-14.700500,0.047771,-0.013570,0.015998,-15.666301,-52.738201,18.801300,-93.396698,0.129960,17.611099,-0.263421,-0.430829,-0.667752,0.546903,-693.524475,1535.331177,-4658.648438,-693.741394,1454.639648,-4669.050293,-683.701294,1578.630005,-4687.690430,-705.962158,1486.489624,-4616.949707,-690.693176,1621.565308,-4660.903809,,,,,,,,,,,,,2616.277344,1567.724731,-3159.780029,,,,,,,,,,,,,,,,,,,,,,,,,,,,,,,,,
9588,95.880000,0.000000,0.000000,0.000000,1.000000,0.000000,0.000000,0.000000,57.698101,20.499701,-14.700500,0.047771,-0.013570,0.015998,-15.666301,-52.738201,18.801300,-93.396698,0.129960,17.611099,-0.263421,-0.430829,-0.667752,0.546903,-693.524475,1535.331177,-4658.648438,-693.741394,1454.639648,-4669.050293,-683.701294,1578.630005,-4687.690430,-705.962158,1486.489624,-4616.949707,-690.693176,1621.565308,-4660.903809,,,,,,,,,,,,,2616.281494,1567.727661,-3159.768311,,,,,,,,,,,,,,,,,,,,,,,,,,,,,,,,,
9589,95.890000,0.000000,0.000000,0.000000,1.000000,0.000000,0.000000,0.000000,57.698101,20.499701,-14.700500,0.047771,-0.013570,0.015998,-15.666301,-52.738201,18.801300,-93.396698,0.129960,17.611099,-0.263421,-0.430829,-0.667752,0.546903,-693.524475,1535.331177,-4658.648438,-693.741394,1454.639648,-4669.050293,-683.701294,1578.630005,-4687.690430,-705.962158,1486.489624,-4616.949707,-690.693176,1621.565308,-4660.903809,,,,,,,,,,,,,2616.269531,1567.749756,-3159.782227,,,,,,,,,,,,,,,,,,,,,,,,,,,,,,,,,
9590,95.900000,0.000000,0.000000,0.000000,1.000000,0.000000,0.000000,0.000000,57.698101,20.499701,-14.700500,0.047771,-0.013570,0.015998,-15.666301,-52.738201,18.801300,-93.396698,0.129960,17.611099,-0.263421,-0.430829,-0.667752,0.546903,-693.524475,1535.331177,-4658.648438,-693.741394,1454.639648,-4669.050293,-683.701294,1578.630005,-4687.690430,-705.962158,1486.489624,-4616.949707,-690.693176,1621.565308,-4660.903809,,,,,,,,,,,,,2616.287109,1567.751343,-3159.792236,,,,,,,,,,,,,,,,,,,,,,,,,,,,,,,,,
9591,95.910000,0.000000,0.000000,0.000000,1.000000,0.000000,0.000000,0.000000,57.698101,20.499701,-14.700500,0.047771,-0.013570,0.015998,-15.666301,-52.738201,18.801300,-93.396698,0.129960,17.611099,-0.263421,-0.430829,-0.667752,0.546903,-693.524475,1535.331177,-4658.648438,-693.741394,1454.639648,-4669.050293,-683.701294,1578.630005,-4687.690430,-705.962158,1486.489624,-4616.949707,-690.693176,1621.565308,-4660.903809,,,,,,,,,,,,,2616.274902,1567.734985,-3159.779541,,,,,,,,,,,,,,,,,,,,,,,,,,,,,,,,,
9592,95.920000,0.000000,0.000000,0.000000,1.000000,0.000000,0.000000,0.000000,57.698101,20.499701,-14.700500,0.047771,-0.013570,0.015998,-15.666301,-52.738201,18.801300,-93.396698,0.129960,17.611099,-0.263421,-0.430829,-0.667752,0.546903,-693.524475,1535.331177,-4658.648438,-693.741394,1454.639648,-4669.050293,-683.701294,1578.630005,-4687.690430,-705.962158,1486.489624,-4616.949707,-690.693176,1621.565308,-4660.903809,,,,,,,,,,,,,2616.328125,1567.697021,-3159.765381,,,,,,,,,,,,,,,,,,,,,,,,,,,,,,,,,
9593,95.930000,0.000000,0.000000,0.000000,1.000000,0.000000,0.000000,0.000000,57.698101,20.499701,-14.700500,0.047771,-0.013570,0.015998,-15.666301,-52.738201,18.801300,-93.396698,0.129960,17.611099,-0.263421,-0.430829,-0.667752,0.546903,-693.524475,1535.331177,-4658.648438,-693.741394,1454.639648,-4669.050293,-683.701294,1578.630005,-4687.690430,-705.962158,1486.489624,-4616.949707,-690.693176,1621.565308,-4660.903809,,,,,,,,,,,,,2616.328369,1567.749023,-3159.756836,,,,,,,,,,,,,,,,,,,,,,,,,,,,,,,,,
9594,95.940000,0.000000,0.000000,0.000000,1.000000,0.000000,0.000000,0.000000,57.698101,20.499701,-14.700500,0.047771,-0.013570,0.015998,-15.666301,-52.738201,18.801300,-93.396698,0.129960,17.611099,-0.263421,-0.430829,-0.667752,0.546903,-693.524475,1535.331177,-4658.648438,-693.741394,1454.639648,-4669.050293,-683.701294,1578.630005,-4687.690430,-705.962158,1486.489624,-4616.949707,-690.693176,1621.565308,-4660.903809,,,,,,,,,,,,,2616.265137,1567.749512,-3159.774902,,,,,,,,,,,,,,,,,,,,,,,,,,,,,,,,,
9595,95.950000,0.000000,0.000000,0.000000,1.000000,0.000000,0.000000,0.000000,57.698101,20.499701,-14.700500,0.047771,-0.013570,0.015998,-15.666301,-52.738201,18.801300,-93.396698,0.129960,17.611099,-0.263421,-0.430829,-0.667752,0.546903,-693.524475,1535.331177,-4658.648438,-693.741394,1454.639648,-4669.050293,-683.701294,1578.630005,-4687.690430,-705.962158,1486.489624,-4616.949707,-690.693176,1621.565308,-4660.903809,,,,,,,,,,,,,2616.259033,1567.770752,-3159.793945,,,,,,,,,,,,,,,,,,,,,,,,,,,,,,,,,
9596,95.960000,0.000000,0.000000,0.000000,1.000000,0.000000,0.000000,0.000000,57.698101,20.499701,-14.700500,0.047771,-0.013570,0.015998,-15.666301,-52.738201,18.801300,-93.396698,0.129960,17.611099,-0.263421,-0.430829,-0.667752,0.546903,-693.524475,1535.331177,-4658.648438,-693.741394,1454.639648,-4669.050293,-683.701294,1578.630005,-4687.690430,-705.962158,1486.489624,-4616.949707,-690.693176,1621.565308,-4660.903809,,,,,,,,,,,,,2616.277100,1567.769653,-3159.793213,,,,,,,,,,,,,,,,,,,,,,,,,,,,,,,,,
9597,95.970000,0.000000,0.000000,0.000000,1.000000,0.000000,0.000000,0.000000,57.698101,20.499701,-14.700500,0.047771,-0.013570,0.015998,-15.666301,-52.738201,18.801300,-93.396698,0.129960,17.611099,-0.263421,-0.430829,-0.667752,0.546903,-693.524475,1535.331177,-4658.648438,-693.741394,1454.639648,-4669.050293,-683.701294,1578.630005,-4687.690430,-705.962158,1486.489624,-4616.949707,-690.693176,1621.565308,-4660.903809,,,,,,,,,,,,,2616.294434,1567.741455,-3159.785889,,,,,,,,,,,,,,,,,,,,,,,,,,,,,,,,,
9598,95.980000,0.000000,0.000000,0.000000,1.000000,0.000000,0.000000,0.000000,57.698101,20.499701,-14.700500,0.047771,-0.013570,0.015998,-15.666301,-52.738201,18.801300,-93.396698,0.129960,17.611099,-0.263421,-0.430829,-0.667752,0.546903,-693.524475,1535.331177,-4658.648438,-693.741394,1454.639648,-4669.050293,-683.701294,1578.630005,-4687.690430,-705.962158,1486.489624,-4616.949707,-690.693176,1621.565308,-4660.903809,,,,,,,,,,,,,2616.339355,1567.753784,-3159.761475,,,,,,,,,,,,,,,,,,,,,,,,,,,,,,,,,
9599,95.990000,0.000000,0.000000,0.000000,1.000000,0.000000,0.000000,0.000000,57.698101,20.499701,-14.700500,0.047771,-0.013570,0.015998,-15.666301,-52.738201,18.801300,-93.396698,0.129960,17.611099,-0.263421,-0.430829,-0.667752,0.546903,-693.524475,1535.331177,-4658.648438,-693.741394,1454.639648,-4669.050293,-683.701294,1578.630005,-4687.690430,-705.962158,1486.489624,-4616.949707,-690.693176,1621.565308,-4660.903809,,,,,,,,,,,,,2616.308105,1567.757324,-3159.761230,,,,,,,,,,,,,,,,,,,,,,,,,,,,,,,,,
9600,96.000000,0.000000,0.000000,0.000000,1.000000,0.000000,0.000000,0.000000,57.698101,20.499701,-14.700500,0.047771,-0.013570,0.015998,-15.666301,-52.738201,18.801300,-93.396698,0.129960,17.611099,-0.263421,-0.430829,-0.667752,0.546903,-693.524475,1535.331177,-4658.648438,-693.741394,1454.639648,-4669.050293,-683.701294,1578.630005,-4687.690430,-705.962158,1486.489624,-4616.949707,-690.693176,1621.565308,-4660.903809,,,,,,,,,,,,,2616.312256,1567.761841,-3159.767090,,,,,,,,,,,,,,,,,,,,,,,,,,,,,,,,,
9601,96.010000,0.000000,0.000000,0.000000,1.000000,0.000000,0.000000,0.000000,57.698101,20.499701,-14.700500,0.047771,-0.013570,0.015998,-15.666301,-52.738201,18.801300,-93.396698,0.129960,17.611099,-0.263421,-0.430829,-0.667752,0.546903,-693.524475,1535.331177,-4658.648438,-693.741394,1454.639648,-4669.050293,-683.701294,1578.630005,-4687.690430,-705.962158,1486.489624,-4616.949707,-690.693176,1621.565308,-4660.903809,,,,,,,,,,,,,2616.316162,1567.757812,-3159.771729,,,,,,,,,,,,,,,,,,,,,,,,,,,,,,,,,
9602,96.020000,0.000000,0.000000,0.000000,1.000000,0.000000,0.000000,0.000000,57.698101,20.499701,-14.700500,0.047771,-0.013570,0.015998,-15.666301,-52.738201,18.801300,-93.396698,0.129960,17.611099,-0.263421,-0.430829,-0.667752,0.546903,-693.524475,1535.331177,-4658.648438,-693.741394,1454.639648,-4669.050293,-683.701294,1578.630005,-4687.690430,-705.962158,1486.489624,-4616.949707,-690.693176,1621.565308,-4660.903809,,,,,,,,,,,,,2616.281494,1567.755371,-3159.782959,,,,,,,,,,,,,,,,,,,,,,,,,,,,,,,,,
9603,96.030000,0.000000,0.000000,0.000000,1.000000,0.000000,0.000000,0.000000,57.698101,20.499701,-14.700500,0.047771,-0.013570,0.015998,-15.666301,-52.738201,18.801300,-93.396698,0.129960,17.611099,-0.263421,-0.430829,-0.667752,0.546903,-693.524475,1535.331177,-4658.648438,-693.741394,1454.639648,-4669.050293,-683.701294,1578.630005,-4687.690430,-705.962158,1486.489624,-4616.949707,-690.693176,1621.565308,-4660.903809,,,,,,,,,,,,,2616.236328,1567.745483,-3159.803467,,,,,,,,,,,,,,,,,,,,,,,,,,,,,,,,,
9604,96.040000,0.000000,0.000000,0.000000,1.000000,0.000000,0.000000,0.000000,57.698101,20.499701,-14.700500,0.047771,-0.013570,0.015998,-15.666301,-52.738201,18.801300,-93.396698,0.129960,17.611099,-0.263421,-0.430829,-0.667752,0.546903,-693.524475,1535.331177,-4658.648438,-693.741394,1454.639648,-4669.050293,-683.701294,1578.630005,-4687.690430,-705.962158,1486.489624,-4616.949707,-690.693176,1621.565308,-4660.903809,,,,,,,,,,,,,2616.240479,1567.750244,-3159.802490,,,,,,,,,,,,,,,,,,,,,,,,,,,,,,,,,
9605,96.050000,0.000000,0.000000,0.000000,1.000000,0.000000,0.000000,0.000000,57.698101,20.499701,-14.700500,0.047771,-0.013570,0.015998,-15.666301,-52.738201,18.801300,-93.396698,0.129960,17.611099,-0.263421,-0.430829,-0.667752,0.546903,-693.524475,1535.331177,-4658.648438,-693.741394,1454.639648,-4669.050293,-683.701294,1578.630005,-4687.690430,-705.962158,1486.489624,-4616.949707,-690.693176,1621.565308,-4660.903809,,,,,,,,,,,,,2616.313477,1567.764648,-3159.787109,,,,,,,,,,,,,,,,,,,,,,,,,,,,,,,,,
9606,96.060000,0.000000,0.000000,0.000000,1.000000,0.000000,0.000000,0.000000,57.698101,20.499701,-14.700500,0.047771,-0.013570,0.015998,-15.666301,-52.738201,18.801300,-93.396698,0.129960,17.611099,-0.263421,-0.430829,-0.667752,0.546903,-693.524475,1535.331177,-4658.648438,-693.741394,1454.639648,-4669.050293,-683.701294,1578.630005,-4687.690430,-705.962158,1486.489624,-4616.949707,-690.693176,1621.565308,-4660.903809,,,,,,,,,,,,,2616.277344,1567.755005,-3159.780029,,,,,,,,,,,,,,,,,,,,,,,,,,,,,,,,,
9607,96.070000,0.000000,0.000000,0.000000,1.000000,0.000000,0.000000,0.000000,57.698101,20.499701,-14.700500,0.047771,-0.013570,0.015998,-15.666301,-52.738201,18.801300,-93.396698,0.129960,17.611099,-0.263421,-0.430829,-0.667752,0.546903,-693.524475,1535.331177,-4658.648438,-693.741394,1454.639648,-4669.050293,-683.701294,1578.630005,-4687.690430,-705.962158,1486.489624,-4616.949707,-690.693176,1621.565308,-4660.903809,,,,,,,,,,,,,2616.297852,1567.763550,-3159.775635,,,,,,,,,,,,,,,,,,,,,,,,,,,,,,,,,
9608,96.080000,0.000000,0.000000,0.000000,1.000000,0.000000,0.000000,0.000000,57.698101,20.499701,-14.700500,0.047771,-0.013570,0.015998,-15.666301,-52.738201,18.801300,-93.396698,0.129960,17.611099,-0.263421,-0.430829,-0.667752,0.546903,-693.524475,1535.331177,-4658.648438,-693.741394,1454.639648,-4669.050293,-683.701294,1578.630005,-4687.690430,-705.962158,1486.489624,-4616.949707,-690.693176,1621.565308,-4660.903809,,,,,,,,,,,,,2616.316895,1567.701172,-3159.756348,,,,,,,,,,,,,,,,,,,,,,,,,,,,,,,,,
9609,96.090000,0.000000,0.000000,0.000000,1.000000,0.000000,0.000000,0.000000,57.698101,20.499701,-14.700500,0.047771,-0.013570,0.015998,-15.666301,-52.738201,18.801300,-93.396698,0.129960,17.611099,-0.263421,-0.430829,-0.667752,0.546903,-693.524475,1535.331177,-4658.648438,-693.741394,1454.639648,-4669.050293,-683.701294,1578.630005,-4687.690430,-705.962158,1486.489624,-4616.949707,-690.693176,1621.565308,-4660.903809,,,,,,,,,,,,,2616.296631,1567.719604,-3159.759033,,,,,,,,,,,,,,,,,,,,,,,,,,,,,,,,,
9610,96.100000,0.000000,0.000000,0.000000,1.000000,0.000000,0.000000,0.000000,57.698101,20.499701,-14.700500,0.047771,-0.013570,0.015998,-15.666301,-52.738201,18.801300,-93.396698,0.129960,17.611099,-0.263421,-0.430829,-0.667752,0.546903,-693.524475,1535.331177,-4658.648438,-693.741394,1454.639648,-4669.050293,-683.701294,1578.630005,-4687.690430,-705.962158,1486.489624,-4616.949707,-690.693176,1621.565308,-4660.903809,,,,,,,,,,,,,2616.316162,1567.728149,-3159.778809,,,,,,,,,,,,,,,,,,,,,,,,,,,,,,,,,
9611,96.110000,0.000000,0.000000,0.000000,1.000000,0.000000,0.000000,0.000000,57.698101,20.499701,-14.700500,0.047771,-0.013570,0.015998,-15.666301,-52.738201,18.801300,-93.396698,0.129960,17.611099,-0.263421,-0.430829,-0.667752,0.546903,-693.524475,1535.331177,-4658.648438,-693.741394,1454.639648,-4669.050293,-683.701294,1578.630005,-4687.690430,-705.962158,1486.489624,-4616.949707,-690.693176,1621.565308,-4660.903809,,,,,,,,,,,,,2616.325195,1567.720825,-3159.760254,,,,,,,,,,,,,,,,,,,,,,,,,,,,,,,,,
9612,96.120000,0.000000,0.000000,0.000000,1.000000,0.000000,0.000000,0.000000,57.698101,20.499701,-14.700500,0.047771,-0.013570,0.015998,-15.666301,-52.738201,18.801300,-93.396698,0.129960,17.611099,-0.263421,-0.430829,-0.667752,0.546903,-693.524475,1535.331177,-4658.648438,-693.741394,1454.639648,-4669.050293,-683.701294,1578.630005,-4687.690430,-705.962158,1486.489624,-4616.949707,-690.693176,1621.565308,-4660.903809,,,,,,,,,,,,,2616.321045,1567.726562,-3159.767090,,,,,,,,,,,,,,,,,,,,,,,,,,,,,,,,,
9613,96.130000,0.000000,0.000000,0.000000,1.000000,0.000000,0.000000,0.000000,57.698101,20.499701,-14.700500,0.047771,-0.013570,0.015998,-15.666301,-52.738201,18.801300,-93.396698,0.129960,17.611099,-0.263421,-0.430829,-0.667752,0.546903,-693.524475,1535.331177,-4658.648438,-693.741394,1454.639648,-4669.050293,-683.701294,1578.630005,-4687.690430,-705.962158,1486.489624,-4616.949707,-690.693176,1621.565308,-4660.903809,,,,,,,,,,,,,2616.290771,1567.751587,-3159.770752,,,,,,,,,,,,,,,,,,,,,,,,,,,,,,,,,
9614,96.140000,0.000000,0.000000,0.000000,1.000000,0.000000,0.000000,0.000000,57.698101,20.499701,-14.700500,0.047771,-0.013570,0.015998,-15.666301,-52.738201,18.801300,-93.396698,0.129960,17.611099,-0.263421,-0.430829,-0.667752,0.546903,-693.524475,1535.331177,-4658.648438,-693.741394,1454.639648,-4669.050293,-683.701294,1578.630005,-4687.690430,-705.962158,1486.489624,-4616.949707,-690.693176,1621.565308,-4660.903809,,,,,,,,,,,,,2616.266846,1567.747070,-3159.793701,,,,,,,,,,,,,,,,,,,,,,,,,,,,,,,,,
9615,96.150000,0.000000,0.000000,0.000000,1.000000,0.000000,0.000000,0.000000,57.698101,20.499701,-14.700500,0.047771,-0.013570,0.015998,-15.666301,-52.738201,18.801300,-93.396698,0.129960,17.611099,-0.263421,-0.430829,-0.667752,0.546903,-693.524475,1535.331177,-4658.648438,-693.741394,1454.639648,-4669.050293,-683.701294,1578.630005,-4687.690430,-705.962158,1486.489624,-4616.949707,-690.693176,1621.565308,-4660.903809,,,,,,,,,,,,,2616.281982,1567.739990,-3159.780762,,,,,,,,,,,,,,,,,,,,,,,,,,,,,,,,,
9616,96.160000,0.000000,0.000000,0.000000,1.000000,0.000000,0.000000,0.000000,57.698101,20.499701,-14.700500,0.047771,-0.013570,0.015998,-15.666301,-52.738201,18.801300,-93.396698,0.129960,17.611099,-0.263421,-0.430829,-0.667752,0.546903,-693.524475,1535.331177,-4658.648438,-693.741394,1454.639648,-4669.050293,-683.701294,1578.630005,-4687.690430,-705.962158,1486.489624,-4616.949707,-690.693176,1621.565308,-4660.903809,,,,,,,,,,,,,2616.279785,1567.757202,-3159.781494,,,,,,,,,,,,,,,,,,,,,,,,,,,,,,,,,
9617,96.170000,0.000000,0.000000,0.000000,1.000000,0.000000,0.000000,0.000000,57.698101,20.499701,-14.700500,0.047771,-0.013570,0.015998,-15.666301,-52.738201,18.801300,-93.396698,0.129960,17.611099,-0.263421,-0.430829,-0.667752,0.546903,-693.524475,1535.331177,-4658.648438,-693.741394,1454.639648,-4669.050293,-683.701294,1578.630005,-4687.690430,-705.962158,1486.489624,-4616.949707,-690.693176,1621.565308,-4660.903809,,,,,,,,,,,,,2616.265625,1567.736206,-3159.785645,,,,,,,,,,,,,,,,,,,,,,,,,,,,,,,,,
9618,96.180000,0.000000,0.000000,0.000000,1.000000,0.000000,0.000000,0.000000,57.698101,20.499701,-14.700500,0.047771,-0.013570,0.015998,-15.666301,-52.738201,18.801300,-93.396698,0.129960,17.611099,-0.263421,-0.430829,-0.667752,0.546903,-693.524475,1535.331177,-4658.648438,-693.741394,1454.639648,-4669.050293,-683.701294,1578.630005,-4687.690430,-705.962158,1486.489624,-4616.949707,-690.693176,1621.565308,-4660.903809,,,,,,,,,,,,,2616.312256,1567.725342,-3159.766846,,,,,,,,,,,,,,,,,,,,,,,,,,,,,,,,,
9619,96.190000,0.000000,0.000000,0.000000,1.000000,0.000000,0.000000,0.000000,57.698101,20.499701,-14.700500,0.047771,-0.013570,0.015998,-15.666301,-52.738201,18.801300,-93.396698,0.129960,17.611099,-0.263421,-0.430829,-0.667752,0.546903,-693.524475,1535.331177,-4658.648438,-693.741394,1454.639648,-4669.050293,-683.701294,1578.630005,-4687.690430,-705.962158,1486.489624,-4616.949707,-690.693176,1621.565308,-4660.903809,,,,,,,,,,,,,2616.277832,1567.740601,-3159.778320,,,,,,,,,,,,,,,,,,,,,,,,,,,,,,,,,
9620,96.200000,0.000000,0.000000,0.000000,1.000000,0.000000,0.000000,0.000000,57.698101,20.499701,-14.700500,0.047771,-0.013570,0.015998,-15.666301,-52.738201,18.801300,-93.396698,0.129960,17.611099,-0.263421,-0.430829,-0.667752,0.546903,-693.524475,1535.331177,-4658.648438,-693.741394,1454.639648,-4669.050293,-683.701294,1578.630005,-4687.690430,-705.962158,1486.489624,-4616.949707,-690.693176,1621.565308,-4660.903809,,,,,,,,,,,,,2616.268066,1567.750610,-3159.787842,,,,,,,,,,,,,,,,,,,,,,,,,,,,,,,,,
9621,96.210000,0.000000,0.000000,0.000000,1.000000,0.000000,0.000000,0.000000,57.698101,20.499701,-14.700500,0.047771,-0.013570,0.015998,-15.666301,-52.738201,18.801300,-93.396698,0.129960,17.611099,-0.263421,-0.430829,-0.667752,0.546903,-693.524475,1535.331177,-4658.648438,-693.741394,1454.639648,-4669.050293,-683.701294,1578.630005,-4687.690430,-705.962158,1486.489624,-4616.949707,-690.693176,1621.565308,-4660.903809,,,,,,,,,,,,,2616.308838,1567.806152,-3159.790771,,,,,,,,,,,,,,,,,,,,,,,,,,,,,,,,,
9622,96.220000,0.000000,0.000000,0.000000,1.000000,0.000000,0.000000,0.000000,57.698101,20.499701,-14.700500,0.047771,-0.013570,0.015998,-15.666301,-52.738201,18.801300,-93.396698,0.129960,17.611099,-0.263421,-0.430829,-0.667752,0.546903,-693.524475,1535.331177,-4658.648438,-693.741394,1454.639648,-4669.050293,-683.701294,1578.630005,-4687.690430,-705.962158,1486.489624,-4616.949707,-690.693176,1621.565308,-4660.903809,,,,,,,,,,,,,2616.269287,1567.741211,-3159.784424,,,,,,,,,,,,,,,,,,,,,,,,,,,,,,,,,
9623,96.230000,0.000000,0.000000,0.000000,1.000000,0.000000,0.000000,0.000000,57.698101,20.499701,-14.700500,0.047771,-0.013570,0.015998,-15.666301,-52.738201,18.801300,-93.396698,0.129960,17.611099,-0.263421,-0.430829,-0.667752,0.546903,-693.524475,1535.331177,-4658.648438,-693.741394,1454.639648,-4669.050293,-683.701294,1578.630005,-4687.690430,-705.962158,1486.489624,-4616.949707,-690.693176,1621.565308,-4660.903809,,,,,,,,,,,,,2616.276611,1567.718872,-3159.773438,,,,,,,,,,,,,,,,,,,,,,,,,,,,,,,,,
9624,96.240000,0.000000,0.000000,0.000000,1.000000,0.000000,0.000000,0.000000,57.698101,20.499701,-14.700500,0.047771,-0.013570,0.015998,-15.666301,-52.738201,18.801300,-93.396698,0.129960,17.611099,-0.263421,-0.430829,-0.667752,0.546903,-693.524475,1535.331177,-4658.648438,-693.741394,1454.639648,-4669.050293,-683.701294,1578.630005,-4687.690430,-705.962158,1486.489624,-4616.949707,-690.693176,1621.565308,-4660.903809,,,,,,,,,,,,,2616.282471,1567.741089,-3159.778076,,,,,,,,,,,,,,,,,,,,,,,,,,,,,,,,,
9625,96.250000,0.000000,0.000000,0.000000,1.000000,0.000000,0.000000,0.000000,57.698101,20.499701,-14.700500,0.047771,-0.013570,0.015998,-15.666301,-52.738201,18.801300,-93.396698,0.129960,17.611099,-0.263421,-0.430829,-0.667752,0.546903,-693.524475,1535.331177,-4658.648438,-693.741394,1454.639648,-4669.050293,-683.701294,1578.630005,-4687.690430,-705.962158,1486.489624,-4616.949707,-690.693176,1621.565308,-4660.903809,,,,,,,,,,,,,2616.326660,1567.773315,-3159.774170,,,,,,,,,,,,,,,,,,,,,,,,,,,,,,,,,
9626,96.260000,0.000000,0.000000,0.000000,1.000000,0.000000,0.000000,0.000000,57.698101,20.499701,-14.700500,0.047771,-0.013570,0.015998,-15.666301,-52.738201,18.801300,-93.396698,0.129960,17.611099,-0.263421,-0.430829,-0.667752,0.546903,-693.524475,1535.331177,-4658.648438,-693.741394,1454.639648,-4669.050293,-683.701294,1578.630005,-4687.690430,-705.962158,1486.489624,-4616.949707,-690.693176,1621.565308,-4660.903809,,,,,,,,,,,,,2616.272949,1567.737427,-3159.771729,,,,,,,,,,,,,,,,,,,,,,,,,,,,,,,,,
9627,96.270000,0.000000,0.000000,0.000000,1.000000,0.000000,0.000000,0.000000,57.698101,20.499701,-14.700500,0.047771,-0.013570,0.015998,-15.666301,-52.738201,18.801300,-93.396698,0.129960,17.611099,-0.263421,-0.430829,-0.667752,0.546903,-693.524475,1535.331177,-4658.648438,-693.741394,1454.639648,-4669.050293,-683.701294,1578.630005,-4687.690430,-705.962158,1486.489624,-4616.949707,-690.693176,1621.565308,-4660.903809,,,,,,,,,,,,,2616.274170,1567.738525,-3159.785156,,,,,,,,,,,,,,,,,,,,,,,,,,,,,,,,,
9628,96.280000,0.000000,0.000000,0.000000,1.000000,0.000000,0.000000,0.000000,57.698101,20.499701,-14.700500,0.047771,-0.013570,0.015998,-15.666301,-52.738201,18.801300,-93.396698,0.129960,17.611099,-0.263421,-0.430829,-0.667752,0.546903,-693.524475,1535.331177,-4658.648438,-693.741394,1454.639648,-4669.050293,-683.701294,1578.630005,-4687.690430,-705.962158,1486.489624,-4616.949707,-690.693176,1621.565308,-4660.903809,,,,,,,,,,,,,2616.298096,1567.764282,-3159.773438,,,,,,,,,,,,,,,,,,,,,,,,,,,,,,,,,
9629,96.290000,0.000000,0.000000,0.000000,1.000000,0.000000,0.000000,0.000000,57.698101,20.499701,-14.700500,0.047771,-0.013570,0.015998,-15.666301,-52.738201,18.801300,-93.396698,0.129960,17.611099,-0.263421,-0.430829,-0.667752,0.546903,-693.524475,1535.331177,-4658.648438,-693.741394,1454.639648,-4669.050293,-683.701294,1578.630005,-4687.690430,-705.962158,1486.489624,-4616.949707,-690.693176,1621.565308,-4660.903809,,,,,,,,,,,,,2616.298584,1567.744873,-3159.767822,,,,,,,,,,,,,,,,,,,,,,,,,,,,,,,,,
9630,96.300000,0.000000,0.000000,0.000000,1.000000,0.000000,0.000000,0.000000,57.698101,20.499701,-14.700500,0.047771,-0.013570,0.015998,-15.666301,-52.738201,18.801300,-93.396698,0.129960,17.611099,-0.263421,-0.430829,-0.667752,0.546903,-693.524475,1535.331177,-4658.648438,-693.741394,1454.639648,-4669.050293,-683.701294,1578.630005,-4687.690430,-705.962158,1486.489624,-4616.949707,-690.693176,1621.565308,-4660.903809,,,,,,,,,,,,,2616.280029,1567.729248,-3159.779053,,,,,,,,,,,,,,,,,,,,,,,,,,,,,,,,,
9631,96.310000,0.000000,0.000000,0.000000,1.000000,0.000000,0.000000,0.000000,57.698101,20.499701,-14.700500,0.047771,-0.013570,0.015998,-15.666301,-52.738201,18.801300,-93.396698,0.129960,17.611099,-0.263421,-0.430829,-0.667752,0.546903,-693.524475,1535.331177,-4658.648438,-693.741394,1454.639648,-4669.050293,-683.701294,1578.630005,-4687.690430,-705.962158,1486.489624,-4616.949707,-690.693176,1621.565308,-4660.903809,,,,,,,,,,,,,2616.282227,1567.784302,-3159.791260,,,,,,,,,,,,,,,,,,,,,,,,,,,,,,,,,
9632,96.320000,0.000000,0.000000,0.000000,1.000000,0.000000,0.000000,0.000000,57.698101,20.499701,-14.700500,0.047771,-0.013570,0.015998,-15.666301,-52.738201,18.801300,-93.396698,0.129960,17.611099,-0.263421,-0.430829,-0.667752,0.546903,-693.524475,1535.331177,-4658.648438,-693.741394,1454.639648,-4669.050293,-683.701294,1578.630005,-4687.690430,-705.962158,1486.489624,-4616.949707,-690.693176,1621.565308,-4660.903809,,,,,,,,,,,,,2616.306396,1567.748779,-3159.791748,,,,,,,,,,,,,,,,,,,,,,,,,,,,,,,,,
9633,96.330000,0.000000,0.000000,0.000000,1.000000,0.000000,0.000000,0.000000,57.698101,20.499701,-14.700500,0.047771,-0.013570,0.015998,-15.666301,-52.738201,18.801300,-93.396698,0.129960,17.611099,-0.263421,-0.430829,-0.667752,0.546903,-693.524475,1535.331177,-4658.648438,-693.741394,1454.639648,-4669.050293,-683.701294,1578.630005,-4687.690430,-705.962158,1486.489624,-4616.949707,-690.693176,1621.565308,-4660.903809,,,,,,,,,,,,,2616.297607,1567.768433,-3159.770508,,,,,,,,,,,,,,,,,,,,,,,,,,,,,,,,,
9634,96.340000,0.000000,0.000000,0.000000,1.000000,0.000000,0.000000,0.000000,57.698101,20.499701,-14.700500,0.047771,-0.013570,0.015998,-15.666301,-52.738201,18.801300,-93.396698,0.129960,17.611099,-0.263421,-0.430829,-0.667752,0.546903,-693.524475,1535.331177,-4658.648438,-693.741394,1454.639648,-4669.050293,-683.701294,1578.630005,-4687.690430,-705.962158,1486.489624,-4616.949707,-690.693176,1621.565308,-4660.903809,,,,,,,,,,,,,2616.308838,1567.714233,-3159.760254,,,,,,,,,,,,,,,,,,,,,,,,,,,,,,,,,
9635,96.350000,0.000000,0.000000,0.000000,1.000000,0.000000,0.000000,0.000000,57.698101,20.499701,-14.700500,0.047771,-0.013570,0.015998,-15.666301,-52.738201,18.801300,-93.396698,0.129960,17.611099,-0.263421,-0.430829,-0.667752,0.546903,-693.524475,1535.331177,-4658.648438,-693.741394,1454.639648,-4669.050293,-683.701294,1578.630005,-4687.690430,-705.962158,1486.489624,-4616.949707,-690.693176,1621.565308,-4660.903809,,,,,,,,,,,,,2616.283203,1567.725098,-3159.765381,,,,,,,,,,,,,,,,,,,,,,,,,,,,,,,,,
9636,96.360000,0.000000,0.000000,0.000000,1.000000,0.000000,0.000000,0.000000,57.698101,20.499701,-14.700500,0.047771,-0.013570,0.015998,-15.666301,-52.738201,18.801300,-93.396698,0.129960,17.611099,-0.263421,-0.430829,-0.667752,0.546903,-693.524475,1535.331177,-4658.648438,-693.741394,1454.639648,-4669.050293,-683.701294,1578.630005,-4687.690430,-705.962158,1486.489624,-4616.949707,-690.693176,1621.565308,-4660.903809,,,,,,,,,,,,,2616.320068,1567.744507,-3159.770752,,,,,,,,,,,,,,,,,,,,,,,,,,,,,,,,,
9637,96.370000,0.000000,0.000000,0.000000,1.000000,0.000000,0.000000,0.000000,57.698101,20.499701,-14.700500,0.047771,-0.013570,0.015998,-15.666301,-52.738201,18.801300,-93.396698,0.129960,17.611099,-0.263421,-0.430829,-0.667752,0.546903,-693.524475,1535.331177,-4658.648438,-693.741394,1454.639648,-4669.050293,-683.701294,1578.630005,-4687.690430,-705.962158,1486.489624,-4616.949707,-690.693176,1621.565308,-4660.903809,,,,,,,,,,,,,2616.287354,1567.716431,-3159.762939,,,,,,,,,,,,,,,,,,,,,,,,,,,,,,,,,
9638,96.380000,0.000000,0.000000,0.000000,1.000000,0.000000,0.000000,0.000000,57.698101,20.499701,-14.700500,0.047771,-0.013570,0.015998,-15.666301,-52.738201,18.801300,-93.396698,0.129960,17.611099,-0.263421,-0.430829,-0.667752,0.546903,-693.524475,1535.331177,-4658.648438,-693.741394,1454.639648,-4669.050293,-683.701294,1578.630005,-4687.690430,-705.962158,1486.489624,-4616.949707,-690.693176,1621.565308,-4660.903809,,,,,,,,,,,,,2616.331787,1567.703125,-3159.763184,,,,,,,,,,,,,,,,,,,,,,,,,,,,,,,,,
9639,96.390000,0.000000,0.000000,0.000000,1.000000,0.000000,0.000000,0.000000,57.698101,20.499701,-14.700500,0.047771,-0.013570,0.015998,-15.666301,-52.738201,18.801300,-93.396698,0.129960,17.611099,-0.263421,-0.430829,-0.667752,0.546903,-693.524475,1535.331177,-4658.648438,-693.741394,1454.639648,-4669.050293,-683.701294,1578.630005,-4687.690430,-705.962158,1486.489624,-4616.949707,-690.693176,1621.565308,-4660.903809,,,,,,,,,,,,,2616.319336,1567.722900,-3159.756592,,,,,,,,,,,,,,,,,,,,,,,,,,,,,,,,,
9640,96.400000,0.000000,0.000000,0.000000,1.000000,0.000000,0.000000,0.000000,57.698101,20.499701,-14.700500,0.047771,-0.013570,0.015998,-15.666301,-52.738201,18.801300,-93.396698,0.129960,17.611099,-0.263421,-0.430829,-0.667752,0.546903,-693.524475,1535.331177,-4658.648438,-693.741394,1454.639648,-4669.050293,-683.701294,1578.630005,-4687.690430,-705.962158,1486.489624,-4616.949707,-690.693176,1621.565308,-4660.903809,,,,,,,,,,,,,2616.299561,1567.742554,-3159.775391,,,,,,,,,,,,,,,,,,,,,,,,,,,,,,,,,
9641,96.410000,0.000000,0.000000,0.000000,1.000000,0.000000,0.000000,0.000000,57.698101,20.499701,-14.700500,0.047771,-0.013570,0.015998,-15.666301,-52.738201,18.801300,-93.396698,0.129960,17.611099,-0.263421,-0.430829,-0.667752,0.546903,-693.524475,1535.331177,-4658.648438,-693.741394,1454.639648,-4669.050293,-683.701294,1578.630005,-4687.690430,-705.962158,1486.489624,-4616.949707,-690.693176,1621.565308,-4660.903809,,,,,,,,,,,,,2616.255127,1567.727417,-3159.785889,,,,,,,,,,,,,,,,,,,,,,,,,,,,,,,,,
9642,96.420000,0.000000,0.000000,0.000000,1.000000,0.000000,0.000000,0.000000,57.698101,20.499701,-14.700500,0.047771,-0.013570,0.015998,-15.666301,-52.738201,18.801300,-93.396698,0.129960,17.611099,-0.263421,-0.430829,-0.667752,0.546903,-693.524475,1535.331177,-4658.648438,-693.741394,1454.639648,-4669.050293,-683.701294,1578.630005,-4687.690430,-705.962158,1486.489624,-4616.949707,-690.693176,1621.565308,-4660.903809,,,,,,,,,,,,,2616.266357,1567.730469,-3159.778809,,,,,,,,,,,,,,,,,,,,,,,,,,,,,,,,,
9643,96.430000,0.000000,0.000000,0.000000,1.000000,0.000000,0.000000,0.000000,57.698101,20.499701,-14.700500,0.047771,-0.013570,0.015998,-15.666301,-52.738201,18.801300,-93.396698,0.129960,17.611099,-0.263421,-0.430829,-0.667752,0.546903,-693.524475,1535.331177,-4658.648438,-693.741394,1454.639648,-4669.050293,-683.701294,1578.630005,-4687.690430,-705.962158,1486.489624,-4616.949707,-690.693176,1621.565308,-4660.903809,,,,,,,,,,,,,2616.264160,1567.728149,-3159.781006,,,,,,,,,,,,,,,,,,,,,,,,,,,,,,,,,
9644,96.440000,0.000000,0.000000,0.000000,1.000000,0.000000,0.000000,0.000000,57.698101,20.499701,-14.700500,0.047771,-0.013570,0.015998,-15.666301,-52.738201,18.801300,-93.396698,0.129960,17.611099,-0.263421,-0.430829,-0.667752,0.546903,-693.524475,1535.331177,-4658.648438,-693.741394,1454.639648,-4669.050293,-683.701294,1578.630005,-4687.690430,-705.962158,1486.489624,-4616.949707,-690.693176,1621.565308,-4660.903809,,,,,,,,,,,,,2616.311279,1567.734375,-3159.778076,,,,,,,,,,,,,,,,,,,,,,,,,,,,,,,,,
9645,96.450000,0.000000,0.000000,0.000000,1.000000,0.000000,0.000000,0.000000,57.698101,20.499701,-14.700500,0.047771,-0.013570,0.015998,-15.666301,-52.738201,18.801300,-93.396698,0.129960,17.611099,-0.263421,-0.430829,-0.667752,0.546903,-693.524475,1535.331177,-4658.648438,-693.741394,1454.639648,-4669.050293,-683.701294,1578.630005,-4687.690430,-705.962158,1486.489624,-4616.949707,-690.693176,1621.565308,-4660.903809,,,,,,,,,,,,,2616.299316,1567.756836,-3159.776611,,,,,,,,,,,,,,,,,,,,,,,,,,,,,,,,,
9646,96.460000,0.000000,0.000000,0.000000,1.000000,0.000000,0.000000,0.000000,57.698101,20.499701,-14.700500,0.047771,-0.013570,0.015998,-15.666301,-52.738201,18.801300,-93.396698,0.129960,17.611099,-0.263421,-0.430829,-0.667752,0.546903,-693.524475,1535.331177,-4658.648438,-693.741394,1454.639648,-4669.050293,-683.701294,1578.630005,-4687.690430,-705.962158,1486.489624,-4616.949707,-690.693176,1621.565308,-4660.903809,,,,,,,,,,,,,2616.286865,1567.750610,-3159.786377,,,,,,,,,,,,,,,,,,,,,,,,,,,,,,,,,
9647,96.470000,0.000000,0.000000,0.000000,1.000000,0.000000,0.000000,0.000000,57.698101,20.499701,-14.700500,0.047771,-0.013570,0.015998,-15.666301,-52.738201,18.801300,-93.396698,0.129960,17.611099,-0.263421,-0.430829,-0.667752,0.546903,-693.524475,1535.331177,-4658.648438,-693.741394,1454.639648,-4669.050293,-683.701294,1578.630005,-4687.690430,-705.962158,1486.489624,-4616.949707,-690.693176,1621.565308,-4660.903809,,,,,,,,,,,,,2616.288086,1567.737061,-3159.777832,,,,,,,,,,,,,,,,,,,,,,,,,,,,,,,,,
9648,96.480000,0.000000,0.000000,0.000000,1.000000,0.000000,0.000000,0.000000,57.698101,20.499701,-14.700500,0.047771,-0.013570,0.015998,-15.666301,-52.738201,18.801300,-93.396698,0.129960,17.611099,-0.263421,-0.430829,-0.667752,0.546903,-693.524475,1535.331177,-4658.648438,-693.741394,1454.639648,-4669.050293,-683.701294,1578.630005,-4687.690430,-705.962158,1486.489624,-4616.949707,-690.693176,1621.565308,-4660.903809,,,,,,,,,,,,,2616.264160,1567.751587,-3159.775146,,,,,,,,,,,,,,,,,,,,,,,,,,,,,,,,,
9649,96.490000,0.000000,0.000000,0.000000,1.000000,0.000000,0.000000,0.000000,57.698101,20.499701,-14.700500,0.047771,-0.013570,0.015998,-15.666301,-52.738201,18.801300,-93.396698,0.129960,17.611099,-0.263421,-0.430829,-0.667752,0.546903,-693.524475,1535.331177,-4658.648438,-693.741394,1454.639648,-4669.050293,-683.701294,1578.630005,-4687.690430,-705.962158,1486.489624,-4616.949707,-690.693176,1621.565308,-4660.903809,,,,,,,,,,,,,2616.282471,1567.730957,-3159.783447,,,,,,,,,,,,,,,,,,,,,,,,,,,,,,,,,
9650,96.500000,0.000000,0.000000,0.000000,1.000000,0.000000,0.000000,0.000000,57.698101,20.499701,-14.700500,0.047771,-0.013570,0.015998,-15.666301,-52.738201,18.801300,-93.396698,0.129960,17.611099,-0.263421,-0.430829,-0.667752,0.546903,-693.524475,1535.331177,-4658.648438,-693.741394,1454.639648,-4669.050293,-683.701294,1578.630005,-4687.690430,-705.962158,1486.489624,-4616.949707,-690.693176,1621.565308,-4660.903809,,,,,,,,,,,,,2616.280762,1567.728271,-3159.781982,,,,,,,,,,,,,,,,,,,,,,,,,,,,,,,,,
9651,96.510000,0.000000,0.000000,0.000000,1.000000,0.000000,0.000000,0.000000,57.698101,20.499701,-14.700500,0.047771,-0.013570,0.015998,-15.666301,-52.738201,18.801300,-93.396698,0.129960,17.611099,-0.263421,-0.430829,-0.667752,0.546903,-693.524475,1535.331177,-4658.648438,-693.741394,1454.639648,-4669.050293,-683.701294,1578.630005,-4687.690430,-705.962158,1486.489624,-4616.949707,-690.693176,1621.565308,-4660.903809,,,,,,,,,,,,,2616.307373,1567.721191,-3159.772461,,,,,,,,,,,,,,,,,,,,,,,,,,,,,,,,,
9652,96.520000,0.000000,0.000000,0.000000,1.000000,0.000000,0.000000,0.000000,57.698101,20.499701,-14.700500,0.047771,-0.013570,0.015998,-15.666301,-52.738201,18.801300,-93.396698,0.129960,17.611099,-0.263421,-0.430829,-0.667752,0.546903,-693.524475,1535.331177,-4658.648438,-693.741394,1454.639648,-4669.050293,-683.701294,1578.630005,-4687.690430,-705.962158,1486.489624,-4616.949707,-690.693176,1621.565308,-4660.903809,,,,,,,,,,,,,2616.291748,1567.711060,-3159.769043,,,,,,,,,,,,,,,,,,,,,,,,,,,,,,,,,
9653,96.530000,0.000000,0.000000,0.000000,1.000000,0.000000,0.000000,0.000000,57.698101,20.499701,-14.700500,0.047771,-0.013570,0.015998,-15.666301,-52.738201,18.801300,-93.396698,0.129960,17.611099,-0.263421,-0.430829,-0.667752,0.546903,-693.524475,1535.331177,-4658.648438,-693.741394,1454.639648,-4669.050293,-683.701294,1578.630005,-4687.690430,-705.962158,1486.489624,-4616.949707,-690.693176,1621.565308,-4660.903809,,,,,,,,,,,,,2616.278809,1567.746582,-3159.769287,,,,,,,,,,,,,,,,,,,,,,,,,,,,,,,,,
9654,96.540000,0.000000,0.000000,0.000000,1.000000,0.000000,0.000000,0.000000,57.698101,20.499701,-14.700500,0.047771,-0.013570,0.015998,-15.666301,-52.738201,18.801300,-93.396698,0.129960,17.611099,-0.263421,-0.430829,-0.667752,0.546903,-693.524475,1535.331177,-4658.648438,-693.741394,1454.639648,-4669.050293,-683.701294,1578.630005,-4687.690430,-705.962158,1486.489624,-4616.949707,-690.693176,1621.565308,-4660.903809,,,,,,,,,,,,,2616.290039,1567.757812,-3159.781982,,,,,,,,,,,,,,,,,,,,,,,,,,,,,,,,,
9655,96.550000,0.000000,0.000000,0.000000,1.000000,0.000000,0.000000,0.000000,57.698101,20.499701,-14.700500,0.047771,-0.013570,0.015998,-15.666301,-52.738201,18.801300,-93.396698,0.129960,17.611099,-0.263421,-0.430829,-0.667752,0.546903,-693.524475,1535.331177,-4658.648438,-693.741394,1454.639648,-4669.050293,-683.701294,1578.630005,-4687.690430,-705.962158,1486.489624,-4616.949707,-690.693176,1621.565308,-4660.903809,,,,,,,,,,,,,2616.302734,1567.729858,-3159.776611,,,,,,,,,,,,,,,,,,,,,,,,,,,,,,,,,
9656,96.560000,0.000000,0.000000,0.000000,1.000000,0.000000,0.000000,0.000000,57.698101,20.499701,-14.700500,0.047771,-0.013570,0.015998,-15.666301,-52.738201,18.801300,-93.396698,0.129960,17.611099,-0.263421,-0.430829,-0.667752,0.546903,-693.524475,1535.331177,-4658.648438,-693.741394,1454.639648,-4669.050293,-683.701294,1578.630005,-4687.690430,-705.962158,1486.489624,-4616.949707,-690.693176,1621.565308,-4660.903809,,,,,,,,,,,,,2616.300049,1567.741943,-3159.758545,,,,,,,,,,,,,,,,,,,,,,,,,,,,,,,,,
9657,96.570000,0.000000,0.000000,0.000000,1.000000,0.000000,0.000000,0.000000,57.698101,20.499701,-14.700500,0.047771,-0.013570,0.015998,-15.666301,-52.738201,18.801300,-93.396698,0.129960,17.611099,-0.263421,-0.430829,-0.667752,0.546903,-693.524475,1535.331177,-4658.648438,-693.741394,1454.639648,-4669.050293,-683.701294,1578.630005,-4687.690430,-705.962158,1486.489624,-4616.949707,-690.693176,1621.565308,-4660.903809,,,,,,,,,,,,,2616.299316,1567.745117,-3159.781982,,,,,,,,,,,,,,,,,,,,,,,,,,,,,,,,,
9658,96.580000,0.000000,0.000000,0.000000,1.000000,0.000000,0.000000,0.000000,57.698101,20.499701,-14.700500,0.047771,-0.013570,0.015998,-15.666301,-52.738201,18.801300,-93.396698,0.129960,17.611099,-0.263421,-0.430829,-0.667752,0.546903,-693.524475,1535.331177,-4658.648438,-693.741394,1454.639648,-4669.050293,-683.701294,1578.630005,-4687.690430,-705.962158,1486.489624,-4616.949707,-690.693176,1621.565308,-4660.903809,,,,,,,,,,,,,2616.291992,1567.728394,-3159.775635,,,,,,,,,,,,,,,,,,,,,,,,,,,,,,,,,
9659,96.590000,0.000000,0.000000,0.000000,1.000000,0.000000,0.000000,0.000000,57.698101,20.499701,-14.700500,0.047771,-0.013570,0.015998,-15.666301,-52.738201,18.801300,-93.396698,0.129960,17.611099,-0.263421,-0.430829,-0.667752,0.546903,-693.524475,1535.331177,-4658.648438,-693.741394,1454.639648,-4669.050293,-683.701294,1578.630005,-4687.690430,-705.962158,1486.489624,-4616.949707,-690.693176,1621.565308,-4660.903809,,,,,,,,,,,,,2616.281738,1567.742310,-3159.785156,,,,,,,,,,,,,,,,,,,,,,,,,,,,,,,,,
9660,96.600000,0.000000,0.000000,0.000000,1.000000,0.000000,0.000000,0.000000,57.698101,20.499701,-14.700500,0.047771,-0.013570,0.015998,-15.666301,-52.738201,18.801300,-93.396698,0.129960,17.611099,-0.263421,-0.430829,-0.667752,0.546903,-693.524475,1535.331177,-4658.648438,-693.741394,1454.639648,-4669.050293,-683.701294,1578.630005,-4687.690430,-705.962158,1486.489624,-4616.949707,-690.693176,1621.565308,-4660.903809,,,,,,,,,,,,,2616.299561,1567.751221,-3159.784180,,,,,,,,,,,,,,,,,,,,,,,,,,,,,,,,,
9661,96.610000,0.000000,0.000000,0.000000,1.000000,0.000000,0.000000,0.000000,57.698101,20.499701,-14.700500,0.047771,-0.013570,0.015998,-15.666301,-52.738201,18.801300,-93.396698,0.129960,17.611099,-0.263421,-0.430829,-0.667752,0.546903,-693.524475,1535.331177,-4658.648438,-693.741394,1454.639648,-4669.050293,-683.701294,1578.630005,-4687.690430,-705.962158,1486.489624,-4616.949707,-690.693176,1621.565308,-4660.903809,,,,,,,,,,,,,2616.284668,1567.744263,-3159.783691,,,,,,,,,,,,,,,,,,,,,,,,,,,,,,,,,
9662,96.620000,0.000000,0.000000,0.000000,1.000000,0.000000,0.000000,0.000000,57.698101,20.499701,-14.700500,0.047771,-0.013570,0.015998,-15.666301,-52.738201,18.801300,-93.396698,0.129960,17.611099,-0.263421,-0.430829,-0.667752,0.546903,-693.524475,1535.331177,-4658.648438,-693.741394,1454.639648,-4669.050293,-683.701294,1578.630005,-4687.690430,-705.962158,1486.489624,-4616.949707,-690.693176,1621.565308,-4660.903809,,,,,,,,,,,,,2616.289795,1567.712036,-3159.770020,,,,,,,,,,,,,,,,,,,,,,,,,,,,,,,,,
9663,96.630000,0.000000,0.000000,0.000000,1.000000,0.000000,0.000000,0.000000,57.698101,20.499701,-14.700500,0.047771,-0.013570,0.015998,-15.666301,-52.738201,18.801300,-93.396698,0.129960,17.611099,-0.263421,-0.430829,-0.667752,0.546903,-693.524475,1535.331177,-4658.648438,-693.741394,1454.639648,-4669.050293,-683.701294,1578.630005,-4687.690430,-705.962158,1486.489624,-4616.949707,-690.693176,1621.565308,-4660.903809,,,,,,,,,,,,,2616.281982,1567.735107,-3159.770752,,,,,,,,,,,,,,,,,,,,,,,,,,,,,,,,,
9664,96.640000,0.000000,0.000000,0.000000,1.000000,0.000000,0.000000,0.000000,57.698101,20.499701,-14.700500,0.047771,-0.013570,0.015998,-15.666301,-52.738201,18.801300,-93.396698,0.129960,17.611099,-0.263421,-0.430829,-0.667752,0.546903,-693.524475,1535.331177,-4658.648438,-693.741394,1454.639648,-4669.050293,-683.701294,1578.630005,-4687.690430,-705.962158,1486.489624,-4616.949707,-690.693176,1621.565308,-4660.903809,,,,,,,,,,,,,2616.277344,1567.759033,-3159.789551,,,,,,,,,,,,,,,,,,,,,,,,,,,,,,,,,
9665,96.650000,0.000000,0.000000,0.000000,1.000000,0.000000,0.000000,0.000000,57.698101,20.499701,-14.700500,0.047771,-0.013570,0.015998,-15.666301,-52.738201,18.801300,-93.396698,0.129960,17.611099,-0.263421,-0.430829,-0.667752,0.546903,-693.524475,1535.331177,-4658.648438,-693.741394,1454.639648,-4669.050293,-683.701294,1578.630005,-4687.690430,-705.962158,1486.489624,-4616.949707,-690.693176,1621.565308,-4660.903809,,,,,,,,,,,,,2616.268555,1567.724731,-3159.792480,,,,,,,,,,,,,,,,,,,,,,,,,,,,,,,,,
9666,96.660000,0.000000,0.000000,0.000000,1.000000,0.000000,0.000000,0.000000,57.698101,20.499701,-14.700500,0.047771,-0.013570,0.015998,-15.666301,-52.738201,18.801300,-93.396698,0.129960,17.611099,-0.263421,-0.430829,-0.667752,0.546903,-693.524475,1535.331177,-4658.648438,-693.741394,1454.639648,-4669.050293,-683.701294,1578.630005,-4687.690430,-705.962158,1486.489624,-4616.949707,-690.693176,1621.565308,-4660.903809,,,,,,,,,,,,,2616.269287,1567.745728,-3159.784424,,,,,,,,,,,,,,,,,,,,,,,,,,,,,,,,,
9667,96.670000,0.000000,0.000000,0.000000,1.000000,0.000000,0.000000,0.000000,57.698101,20.499701,-14.700500,0.047771,-0.013570,0.015998,-15.666301,-52.738201,18.801300,-93.396698,0.129960,17.611099,-0.263421,-0.430829,-0.667752,0.546903,-693.524475,1535.331177,-4658.648438,-693.741394,1454.639648,-4669.050293,-683.701294,1578.630005,-4687.690430,-705.962158,1486.489624,-4616.949707,-690.693176,1621.565308,-4660.903809,,,,,,,,,,,,,2616.301514,1567.755737,-3159.782715,,,,,,,,,,,,,,,,,,,,,,,,,,,,,,,,,
9668,96.680000,0.000000,0.000000,0.000000,1.000000,0.000000,0.000000,0.000000,57.698101,20.499701,-14.700500,0.047771,-0.013570,0.015998,-15.666301,-52.738201,18.801300,-93.396698,0.129960,17.611099,-0.263421,-0.430829,-0.667752,0.546903,-693.524475,1535.331177,-4658.648438,-693.741394,1454.639648,-4669.050293,-683.701294,1578.630005,-4687.690430,-705.962158,1486.489624,-4616.949707,-690.693176,1621.565308,-4660.903809,,,,,,,,,,,,,2616.304932,1567.743896,-3159.773193,,,,,,,,,,,,,,,,,,,,,,,,,,,,,,,,,
9669,96.690000,0.000000,0.000000,0.000000,1.000000,0.000000,0.000000,0.000000,57.698101,20.499701,-14.700500,0.047771,-0.013570,0.015998,-15.666301,-52.738201,18.801300,-93.396698,0.129960,17.611099,-0.263421,-0.430829,-0.667752,0.546903,-693.524475,1535.331177,-4658.648438,-693.741394,1454.639648,-4669.050293,-683.701294,1578.630005,-4687.690430,-705.962158,1486.489624,-4616.949707,-690.693176,1621.565308,-4660.903809,,,,,,,,,,,,,2616.295166,1567.773926,-3159.779785,,,,,,,,,,,,,,,,,,,,,,,,,,,,,,,,,
9670,96.700000,0.000000,0.000000,0.000000,1.000000,0.000000,0.000000,0.000000,57.698101,20.499701,-14.700500,0.047771,-0.013570,0.015998,-15.666301,-52.738201,18.801300,-93.396698,0.129960,17.611099,-0.263421,-0.430829,-0.667752,0.546903,-693.524475,1535.331177,-4658.648438,-693.741394,1454.639648,-4669.050293,-683.701294,1578.630005,-4687.690430,-705.962158,1486.489624,-4616.949707,-690.693176,1621.565308,-4660.903809,,,,,,,,,,,,,2616.282959,1567.777588,-3159.782471,,,,,,,,,,,,,,,,,,,,,,,,,,,,,,,,,
9671,96.710000,0.000000,0.000000,0.000000,1.000000,0.000000,0.000000,0.000000,57.698101,20.499701,-14.700500,0.047771,-0.013570,0.015998,-15.666301,-52.738201,18.801300,-93.396698,0.129960,17.611099,-0.263421,-0.430829,-0.667752,0.546903,-693.524475,1535.331177,-4658.648438,-693.741394,1454.639648,-4669.050293,-683.701294,1578.630005,-4687.690430,-705.962158,1486.489624,-4616.949707,-690.693176,1621.565308,-4660.903809,,,,,,,,,,,,,2616.307861,1567.769165,-3159.783936,,,,,,,,,,,,,,,,,,,,,,,,,,,,,,,,,
9672,96.720000,0.000000,0.000000,0.000000,1.000000,0.000000,0.000000,0.000000,57.698101,20.499701,-14.700500,0.047771,-0.013570,0.015998,-15.666301,-52.738201,18.801300,-93.396698,0.129960,17.611099,-0.263421,-0.430829,-0.667752,0.546903,-693.524475,1535.331177,-4658.648438,-693.741394,1454.639648,-4669.050293,-683.701294,1578.630005,-4687.690430,-705.962158,1486.489624,-4616.949707,-690.693176,1621.565308,-4660.903809,,,,,,,,,,,,,2616.295166,1567.744629,-3159.781006,,,,,,,,,,,,,,,,,,,,,,,,,,,,,,,,,
9673,96.730000,0.000000,0.000000,0.000000,1.000000,0.000000,0.000000,0.000000,57.698101,20.499701,-14.700500,0.047771,-0.013570,0.015998,-15.666301,-52.738201,18.801300,-93.396698,0.129960,17.611099,-0.263421,-0.430829,-0.667752,0.546903,-693.524475,1535.331177,-4658.648438,-693.741394,1454.639648,-4669.050293,-683.701294,1578.630005,-4687.690430,-705.962158,1486.489624,-4616.949707,-690.693176,1621.565308,-4660.903809,,,,,,,,,,,,,2616.274902,1567.769775,-3159.791992,,,,,,,,,,,,,,,,,,,,,,,,,,,,,,,,,
9674,96.740000,0.000000,0.000000,0.000000,1.000000,0.000000,0.000000,0.000000,57.698101,20.499701,-14.700500,0.047771,-0.013570,0.015998,-15.666301,-52.738201,18.801300,-93.396698,0.129960,17.611099,-0.263421,-0.430829,-0.667752,0.546903,-693.524475,1535.331177,-4658.648438,-693.741394,1454.639648,-4669.050293,-683.701294,1578.630005,-4687.690430,-705.962158,1486.489624,-4616.949707,-690.693176,1621.565308,-4660.903809,,,,,,,,,,,,,2616.298340,1567.749756,-3159.773926,,,,,,,,,,,,,,,,,,,,,,,,,,,,,,,,,
9675,96.750000,0.000000,0.000000,0.000000,1.000000,0.000000,0.000000,0.000000,57.698101,20.499701,-14.700500,0.047771,-0.013570,0.015998,-15.666301,-52.738201,18.801300,-93.396698,0.129960,17.611099,-0.263421,-0.430829,-0.667752,0.546903,-693.524475,1535.331177,-4658.648438,-693.741394,1454.639648,-4669.050293,-683.701294,1578.630005,-4687.690430,-705.962158,1486.489624,-4616.949707,-690.693176,1621.565308,-4660.903809,,,,,,,,,,,,,2616.298340,1567.773560,-3159.778076,,,,,,,,,,,,,,,,,,,,,,,,,,,,,,,,,
9676,96.760000,0.000000,0.000000,0.000000,1.000000,0.000000,0.000000,0.000000,57.698101,20.499701,-14.700500,0.047771,-0.013570,0.015998,-15.666301,-52.738201,18.801300,-93.396698,0.129960,17.611099,-0.263421,-0.430829,-0.667752,0.546903,-693.524475,1535.331177,-4658.648438,-693.741394,1454.639648,-4669.050293,-683.701294,1578.630005,-4687.690430,-705.962158,1486.489624,-4616.949707,-690.693176,1621.565308,-4660.903809,,,,,,,,,,,,,2616.248535,1567.764893,-3159.792236,,,,,,,,,,,,,,,,,,,,,,,,,,,,,,,,,
9677,96.770000,0.000000,0.000000,0.000000,1.000000,0.000000,0.000000,0.000000,57.698101,20.499701,-14.700500,0.047771,-0.013570,0.015998,-15.666301,-52.738201,18.801300,-93.396698,0.129960,17.611099,-0.263421,-0.430829,-0.667752,0.546903,-693.524475,1535.331177,-4658.648438,-693.741394,1454.639648,-4669.050293,-683.701294,1578.630005,-4687.690430,-705.962158,1486.489624,-4616.949707,-690.693176,1621.565308,-4660.903809,,,,,,,,,,,,,2616.272217,1567.757935,-3159.796875,,,,,,,,,,,,,,,,,,,,,,,,,,,,,,,,,
9678,96.780000,0.000000,0.000000,0.000000,1.000000,0.000000,0.000000,0.000000,57.698101,20.499701,-14.700500,0.047771,-0.013570,0.015998,-15.666301,-52.738201,18.801300,-93.396698,0.129960,17.611099,-0.263421,-0.430829,-0.667752,0.546903,-693.524475,1535.331177,-4658.648438,-693.741394,1454.639648,-4669.050293,-683.701294,1578.630005,-4687.690430,-705.962158,1486.489624,-4616.949707,-690.693176,1621.565308,-4660.903809,,,,,,,,,,,,,2616.269531,1567.717285,-3159.778564,,,,,,,,,,,,,,,,,,,,,,,,,,,,,,,,,
9679,96.790000,0.000000,0.000000,0.000000,1.000000,0.000000,0.000000,0.000000,57.698101,20.499701,-14.700500,0.047771,-0.013570,0.015998,-15.666301,-52.738201,18.801300,-93.396698,0.129960,17.611099,-0.263421,-0.430829,-0.667752,0.546903,-693.524475,1535.331177,-4658.648438,-693.741394,1454.639648,-4669.050293,-683.701294,1578.630005,-4687.690430,-705.962158,1486.489624,-4616.949707,-690.693176,1621.565308,-4660.903809,,,,,,,,,,,,,2616.292969,1567.761719,-3159.778809,,,,,,,,,,,,,,,,,,,,,,,,,,,,,,,,,
9680,96.800000,0.000000,0.000000,0.000000,1.000000,0.000000,0.000000,0.000000,57.698101,20.499701,-14.700500,0.047771,-0.013570,0.015998,-15.666301,-52.738201,18.801300,-93.396698,0.129960,17.611099,-0.263421,-0.430829,-0.667752,0.546903,-693.524475,1535.331177,-4658.648438,-693.741394,1454.639648,-4669.050293,-683.701294,1578.630005,-4687.690430,-705.962158,1486.489624,-4616.949707,-690.693176,1621.565308,-4660.903809,,,,,,,,,,,,,2616.269287,1567.738770,-3159.784912,,,,,,,,,,,,,,,,,,,,,,,,,,,,,,,,,
9681,96.810000,0.000000,0.000000,0.000000,1.000000,0.000000,0.000000,0.000000,57.698101,20.499701,-14.700500,0.047771,-0.013570,0.015998,-15.666301,-52.738201,18.801300,-93.396698,0.129960,17.611099,-0.263421,-0.430829,-0.667752,0.546903,-693.524475,1535.331177,-4658.648438,-693.741394,1454.639648,-4669.050293,-683.701294,1578.630005,-4687.690430,-705.962158,1486.489624,-4616.949707,-690.693176,1621.565308,-4660.903809,,,,,,,,,,,,,2616.286133,1567.777222,-3159.791748,,,,,,,,,,,,,,,,,,,,,,,,,,,,,,,,,
9682,96.820000,0.000000,0.000000,0.000000,1.000000,0.000000,0.000000,0.000000,57.698101,20.499701,-14.700500,0.047771,-0.013570,0.015998,-15.666301,-52.738201,18.801300,-93.396698,0.129960,17.611099,-0.263421,-0.430829,-0.667752,0.546903,-693.524475,1535.331177,-4658.648438,-693.741394,1454.639648,-4669.050293,-683.701294,1578.630005,-4687.690430,-705.962158,1486.489624,-4616.949707,-690.693176,1621.565308,-4660.903809,,,,,,,,,,,,,2616.233398,1567.744263,-3159.796875,,,,,,,,,,,,,,,,,,,,,,,,,,,,,,,,,
9683,96.830000,0.000000,0.000000,0.000000,1.000000,0.000000,0.000000,0.000000,57.698101,20.499701,-14.700500,0.047771,-0.013570,0.015998,-15.666301,-52.738201,18.801300,-93.396698,0.129960,17.611099,-0.263421,-0.430829,-0.667752,0.546903,-693.524475,1535.331177,-4658.648438,-693.741394,1454.639648,-4669.050293,-683.701294,1578.630005,-4687.690430,-705.962158,1486.489624,-4616.949707,-690.693176,1621.565308,-4660.903809,,,,,,,,,,,,,2616.267334,1567.730347,-3159.782227,,,,,,,,,,,,,,,,,,,,,,,,,,,,,,,,,
9684,96.840000,0.000000,0.000000,0.000000,1.000000,0.000000,0.000000,0.000000,57.698101,20.499701,-14.700500,0.047771,-0.013570,0.015998,-15.666301,-52.738201,18.801300,-93.396698,0.129960,17.611099,-0.263421,-0.430829,-0.667752,0.546903,-693.524475,1535.331177,-4658.648438,-693.741394,1454.639648,-4669.050293,-683.701294,1578.630005,-4687.690430,-705.962158,1486.489624,-4616.949707,-690.693176,1621.565308,-4660.903809,,,,,,,,,,,,,2616.299316,1567.783813,-3159.786133,,,,,,,,,,,,,,,,,,,,,,,,,,,,,,,,,
9685,96.850000,0.000000,0.000000,0.000000,1.000000,0.000000,0.000000,0.000000,57.698101,20.499701,-14.700500,0.047771,-0.013570,0.015998,-15.666301,-52.738201,18.801300,-93.396698,0.129960,17.611099,-0.263421,-0.430829,-0.667752,0.546903,-693.524475,1535.331177,-4658.648438,-693.741394,1454.639648,-4669.050293,-683.701294,1578.630005,-4687.690430,-705.962158,1486.489624,-4616.949707,-690.693176,1621.565308,-4660.903809,,,,,,,,,,,,,2616.279297,1567.769165,-3159.788574,,,,,,,,,,,,,,,,,,,,,,,,,,,,,,,,,
9686,96.860000,0.000000,0.000000,0.000000,1.000000,0.000000,0.000000,0.000000,57.698101,20.499701,-14.700500,0.047771,-0.013570,0.015998,-15.666301,-52.738201,18.801300,-93.396698,0.129960,17.611099,-0.263421,-0.430829,-0.667752,0.546903,-693.524475,1535.331177,-4658.648438,-693.741394,1454.639648,-4669.050293,-683.701294,1578.630005,-4687.690430,-705.962158,1486.489624,-4616.949707,-690.693176,1621.565308,-4660.903809,,,,,,,,,,,,,2616.300781,1567.755493,-3159.778076,,,,,,,,,,,,,,,,,,,,,,,,,,,,,,,,,
9687,96.870000,0.000000,0.000000,0.000000,1.000000,0.000000,0.000000,0.000000,57.698101,20.499701,-14.700500,0.047771,-0.013570,0.015998,-15.666301,-52.738201,18.801300,-93.396698,0.129960,17.611099,-0.263421,-0.430829,-0.667752,0.546903,-693.524475,1535.331177,-4658.648438,-693.741394,1454.639648,-4669.050293,-683.701294,1578.630005,-4687.690430,-705.962158,1486.489624,-4616.949707,-690.693176,1621.565308,-4660.903809,,,,,,,,,,,,,2616.270752,1567.742188,-3159.769043,,,,,,,,,,,,,,,,,,,,,,,,,,,,,,,,,
9688,96.880000,0.000000,0.000000,0.000000,1.000000,0.000000,0.000000,0.000000,57.698101,20.499701,-14.700500,0.047771,-0.013570,0.015998,-15.666301,-52.738201,18.801300,-93.396698,0.129960,17.611099,-0.263421,-0.430829,-0.667752,0.546903,-693.524475,1535.331177,-4658.648438,-693.741394,1454.639648,-4669.050293,-683.701294,1578.630005,-4687.690430,-705.962158,1486.489624,-4616.949707,-690.693176,1621.565308,-4660.903809,,,,,,,,,,,,,2616.302002,1567.768921,-3159.776611,,,,,,,,,,,,,,,,,,,,,,,,,,,,,,,,,
9689,96.890000,0.000000,0.000000,0.000000,1.000000,0.000000,0.000000,0.000000,57.698101,20.499701,-14.700500,0.047771,-0.013570,0.015998,-15.666301,-52.738201,18.801300,-93.396698,0.129960,17.611099,-0.263421,-0.430829,-0.667752,0.546903,-693.524475,1535.331177,-4658.648438,-693.741394,1454.639648,-4669.050293,-683.701294,1578.630005,-4687.690430,-705.962158,1486.489624,-4616.949707,-690.693176,1621.565308,-4660.903809,,,,,,,,,,,,,2616.266113,1567.749512,-3159.783691,,,,,,,,,,,,,,,,,,,,,,,,,,,,,,,,,
9690,96.900000,0.000000,0.000000,0.000000,1.000000,0.000000,0.000000,0.000000,57.698101,20.499701,-14.700500,0.047771,-0.013570,0.015998,-15.666301,-52.738201,18.801300,-93.396698,0.129960,17.611099,-0.263421,-0.430829,-0.667752,0.546903,-693.524475,1535.331177,-4658.648438,-693.741394,1454.639648,-4669.050293,-683.701294,1578.630005,-4687.690430,-705.962158,1486.489624,-4616.949707,-690.693176,1621.565308,-4660.903809,,,,,,,,,,,,,2616.296875,1567.726685,-3159.782471,,,,,,,,,,,,,,,,,,,,,,,,,,,,,,,,,
9691,96.910000,0.000000,0.000000,0.000000,1.000000,0.000000,0.000000,0.000000,57.698101,20.499701,-14.700500,0.047771,-0.013570,0.015998,-15.666301,-52.738201,18.801300,-93.396698,0.129960,17.611099,-0.263421,-0.430829,-0.667752,0.546903,-693.524475,1535.331177,-4658.648438,-693.741394,1454.639648,-4669.050293,-683.701294,1578.630005,-4687.690430,-705.962158,1486.489624,-4616.949707,-690.693176,1621.565308,-4660.903809,,,,,,,,,,,,,2616.294189,1567.749878,-3159.765625,,,,,,,,,,,,,,,,,,,,,,,,,,,,,,,,,
9692,96.920000,0.000000,0.000000,0.000000,1.000000,0.000000,0.000000,0.000000,57.698101,20.499701,-14.700500,0.047771,-0.013570,0.015998,-15.666301,-52.738201,18.801300,-93.396698,0.129960,17.611099,-0.263421,-0.430829,-0.667752,0.546903,-693.524475,1535.331177,-4658.648438,-693.741394,1454.639648,-4669.050293,-683.701294,1578.630005,-4687.690430,-705.962158,1486.489624,-4616.949707,-690.693176,1621.565308,-4660.903809,,,,,,,,,,,,,2616.274658,1567.742188,-3159.781982,,,,,,,,,,,,,,,,,,,,,,,,,,,,,,,,,
9693,96.930000,0.000000,0.000000,0.000000,1.000000,0.000000,0.000000,0.000000,57.698101,20.499701,-14.700500,0.047771,-0.013570,0.015998,-15.666301,-52.738201,18.801300,-93.396698,0.129960,17.611099,-0.263421,-0.430829,-0.667752,0.546903,-693.524475,1535.331177,-4658.648438,-693.741394,1454.639648,-4669.050293,-683.701294,1578.630005,-4687.690430,-705.962158,1486.489624,-4616.949707,-690.693176,1621.565308,-4660.903809,,,,,,,,,,,,,2616.303955,1567.734619,-3159.768555,,,,,,,,,,,,,,,,,,,,,,,,,,,,,,,,,
9694,96.940000,0.000000,0.000000,0.000000,1.000000,0.000000,0.000000,0.000000,57.698101,20.499701,-14.700500,0.047771,-0.013570,0.015998,-15.666301,-52.738201,18.801300,-93.396698,0.129960,17.611099,-0.263421,-0.430829,-0.667752,0.546903,-693.524475,1535.331177,-4658.648438,-693.741394,1454.639648,-4669.050293,-683.701294,1578.630005,-4687.690430,-705.962158,1486.489624,-4616.949707,-690.693176,1621.565308,-4660.903809,,,,,,,,,,,,,2616.320801,1567.734009,-3159.778320,,,,,,,,,,,,,,,,,,,,,,,,,,,,,,,,,
9695,96.950000,0.000000,0.000000,0.000000,1.000000,0.000000,0.000000,0.000000,57.698101,20.499701,-14.700500,0.047771,-0.013570,0.015998,-15.666301,-52.738201,18.801300,-93.396698,0.129960,17.611099,-0.263421,-0.430829,-0.667752,0.546903,-693.524475,1535.331177,-4658.648438,-693.741394,1454.639648,-4669.050293,-683.701294,1578.630005,-4687.690430,-705.962158,1486.489624,-4616.949707,-690.693176,1621.565308,-4660.903809,,,,,,,,,,,,,2616.304199,1567.760498,-3159.780518,,,,,,,,,,,,,,,,,,,,,,,,,,,,,,,,,
9696,96.960000,0.000000,0.000000,0.000000,1.000000,0.000000,0.000000,0.000000,57.698101,20.499701,-14.700500,0.047771,-0.013570,0.015998,-15.666301,-52.738201,18.801300,-93.396698,0.129960,17.611099,-0.263421,-0.430829,-0.667752,0.546903,-693.524475,1535.331177,-4658.648438,-693.741394,1454.639648,-4669.050293,-683.701294,1578.630005,-4687.690430,-705.962158,1486.489624,-4616.949707,-690.693176,1621.565308,-4660.903809,,,,,,,,,,,,,2616.304199,1567.735596,-3159.776367,,,,,,,,,,,,,,,,,,,,,,,,,,,,,,,,,
9697,96.970000,0.000000,0.000000,0.000000,1.000000,0.000000,0.000000,0.000000,57.698101,20.499701,-14.700500,0.047771,-0.013570,0.015998,-15.666301,-52.738201,18.801300,-93.396698,0.129960,17.611099,-0.263421,-0.430829,-0.667752,0.546903,-693.524475,1535.331177,-4658.648438,-693.741394,1454.639648,-4669.050293,-683.701294,1578.630005,-4687.690430,-705.962158,1486.489624,-4616.949707,-690.693176,1621.565308,-4660.903809,,,,,,,,,,,,,2616.316406,1567.752197,-3159.760986,,,,,,,,,,,,,,,,,,,,,,,,,,,,,,,,,
9698,96.980000,0.000000,0.000000,0.000000,1.000000,0.000000,0.000000,0.000000,57.698101,20.499701,-14.700500,0.047771,-0.013570,0.015998,-15.666301,-52.738201,18.801300,-93.396698,0.129960,17.611099,-0.263421,-0.430829,-0.667752,0.546903,-693.524475,1535.331177,-4658.648438,-693.741394,1454.639648,-4669.050293,-683.701294,1578.630005,-4687.690430,-705.962158,1486.489624,-4616.949707,-690.693176,1621.565308,-4660.903809,,,,,,,,,,,,,2616.314697,1567.725952,-3159.767334,,,,,,,,,,,,,,,,,,,,,,,,,,,,,,,,,
9699,96.990000,0.000000,0.000000,0.000000,1.000000,0.000000,0.000000,0.000000,57.698101,20.499701,-14.700500,0.047771,-0.013570,0.015998,-15.666301,-52.738201,18.801300,-93.396698,0.129960,17.611099,-0.263421,-0.430829,-0.667752,0.546903,-693.524475,1535.331177,-4658.648438,-693.741394,1454.639648,-4669.050293,-683.701294,1578.630005,-4687.690430,-705.962158,1486.489624,-4616.949707,-690.693176,1621.565308,-4660.903809,,,,,,,,,,,,,2616.312256,1567.729736,-3159.761475,,,,,,,,,,,,,,,,,,,,,,,,,,,,,,,,,
9700,97.000000,0.000000,0.000000,0.000000,1.000000,0.000000,0.000000,0.000000,57.698101,20.499701,-14.700500,0.047771,-0.013570,0.015998,-15.666301,-52.738201,18.801300,-93.396698,0.129960,17.611099,-0.263421,-0.430829,-0.667752,0.546903,-693.524475,1535.331177,-4658.648438,-693.741394,1454.639648,-4669.050293,-683.701294,1578.630005,-4687.690430,-705.962158,1486.489624,-4616.949707,-690.693176,1621.565308,-4660.903809,,,,,,,,,,,,,2616.315430,1567.744507,-3159.760498,,,,,,,,,,,,,,,,,,,,,,,,,,,,,,,,,
9701,97.010000,0.000000,0.000000,0.000000,1.000000,0.000000,0.000000,0.000000,57.698101,20.499701,-14.700500,0.047771,-0.013570,0.015998,-15.666301,-52.738201,18.801300,-93.396698,0.129960,17.611099,-0.263421,-0.430829,-0.667752,0.546903,-693.524475,1535.331177,-4658.648438,-693.741394,1454.639648,-4669.050293,-683.701294,1578.630005,-4687.690430,-705.962158,1486.489624,-4616.949707,-690.693176,1621.565308,-4660.903809,,,,,,,,,,,,,2616.284180,1567.745850,-3159.781494,,,,,,,,,,,,,,,,,,,,,,,,,,,,,,,,,
9702,97.020000,0.000000,0.000000,0.000000,1.000000,0.000000,0.000000,0.000000,57.698101,20.499701,-14.700500,0.047771,-0.013570,0.015998,-15.666301,-52.738201,18.801300,-93.396698,0.129960,17.611099,-0.263421,-0.430829,-0.667752,0.546903,-693.524475,1535.331177,-4658.648438,-693.741394,1454.639648,-4669.050293,-683.701294,1578.630005,-4687.690430,-705.962158,1486.489624,-4616.949707,-690.693176,1621.565308,-4660.903809,,,,,,,,,,,,,2616.312744,1567.745239,-3159.781494,,,,,,,,,,,,,,,,,,,,,,,,,,,,,,,,,
9703,97.030000,0.000000,0.000000,0.000000,1.000000,0.000000,0.000000,0.000000,57.698101,20.499701,-14.700500,0.047771,-0.013570,0.015998,-15.666301,-52.738201,18.801300,-93.396698,0.129960,17.611099,-0.263421,-0.430829,-0.667752,0.546903,-693.524475,1535.331177,-4658.648438,-693.741394,1454.639648,-4669.050293,-683.701294,1578.630005,-4687.690430,-705.962158,1486.489624,-4616.949707,-690.693176,1621.565308,-4660.903809,,,,,,,,,,,,,2616.313232,1567.726562,-3159.754883,,,,,,,,,,,,,,,,,,,,,,,,,,,,,,,,,
9704,97.040000,0.000000,0.000000,0.000000,1.000000,0.000000,0.000000,0.000000,57.698101,20.499701,-14.700500,0.047771,-0.013570,0.015998,-15.666301,-52.738201,18.801300,-93.396698,0.129960,17.611099,-0.263421,-0.430829,-0.667752,0.546903,-693.524475,1535.331177,-4658.648438,-693.741394,1454.639648,-4669.050293,-683.701294,1578.630005,-4687.690430,-705.962158,1486.489624,-4616.949707,-690.693176,1621.565308,-4660.903809,,,,,,,,,,,,,2616.284912,1567.754883,-3159.777344,,,,,,,,,,,,,,,,,,,,,,,,,,,,,,,,,
9705,97.050000,0.000000,0.000000,0.000000,1.000000,0.000000,0.000000,0.000000,57.698101,20.499701,-14.700500,0.047771,-0.013570,0.015998,-15.666301,-52.738201,18.801300,-93.396698,0.129960,17.611099,-0.263421,-0.430829,-0.667752,0.546903,-693.524475,1535.331177,-4658.648438,-693.741394,1454.639648,-4669.050293,-683.701294,1578.630005,-4687.690430,-705.962158,1486.489624,-4616.949707,-690.693176,1621.565308,-4660.903809,,,,,,,,,,,,,2616.267822,1567.765625,-3159.792480,,,,,,,,,,,,,,,,,,,,,,,,,,,,,,,,,
9706,97.060000,0.000000,0.000000,0.000000,1.000000,0.000000,0.000000,0.000000,57.698101,20.499701,-14.700500,0.047771,-0.013570,0.015998,-15.666301,-52.738201,18.801300,-93.396698,0.129960,17.611099,-0.263421,-0.430829,-0.667752,0.546903,-693.524475,1535.331177,-4658.648438,-693.741394,1454.639648,-4669.050293,-683.701294,1578.630005,-4687.690430,-705.962158,1486.489624,-4616.949707,-690.693176,1621.565308,-4660.903809,,,,,,,,,,,,,2616.300293,1567.741455,-3159.777832,,,,,,,,,,,,,,,,,,,,,,,,,,,,,,,,,
9707,97.070000,0.000000,0.000000,0.000000,1.000000,0.000000,0.000000,0.000000,57.698101,20.499701,-14.700500,0.047771,-0.013570,0.015998,-15.666301,-52.738201,18.801300,-93.396698,0.129960,17.611099,-0.263421,-0.430829,-0.667752,0.546903,-693.524475,1535.331177,-4658.648438,-693.741394,1454.639648,-4669.050293,-683.701294,1578.630005,-4687.690430,-705.962158,1486.489624,-4616.949707,-690.693176,1621.565308,-4660.903809,,,,,,,,,,,,,2616.302734,1567.745605,-3159.776611,,,,,,,,,,,,,,,,,,,,,,,,,,,,,,,,,
9708,97.080000,0.000000,0.000000,0.000000,1.000000,0.000000,0.000000,0.000000,57.698101,20.499701,-14.700500,0.047771,-0.013570,0.015998,-15.666301,-52.738201,18.801300,-93.396698,0.129960,17.611099,-0.263421,-0.430829,-0.667752,0.546903,-693.524475,1535.331177,-4658.648438,-693.741394,1454.639648,-4669.050293,-683.701294,1578.630005,-4687.690430,-705.962158,1486.489624,-4616.949707,-690.693176,1621.565308,-4660.903809,,,,,,,,,,,,,2616.295410,1567.729004,-3159.772461,,,,,,,,,,,,,,,,,,,,,,,,,,,,,,,,,
9709,97.090000,0.000000,0.000000,0.000000,1.000000,0.000000,0.000000,0.000000,57.698101,20.499701,-14.700500,0.047771,-0.013570,0.015998,-15.666301,-52.738201,18.801300,-93.396698,0.129960,17.611099,-0.263421,-0.430829,-0.667752,0.546903,-693.524475,1535.331177,-4658.648438,-693.741394,1454.639648,-4669.050293,-683.701294,1578.630005,-4687.690430,-705.962158,1486.489624,-4616.949707,-690.693176,1621.565308,-4660.903809,,,,,,,,,,,,,2616.300537,1567.743530,-3159.772217,,,,,,,,,,,,,,,,,,,,,,,,,,,,,,,,,
9710,97.100000,0.000000,0.000000,0.000000,1.000000,0.000000,0.000000,0.000000,57.698101,20.499701,-14.700500,0.047771,-0.013570,0.015998,-15.666301,-52.738201,18.801300,-93.396698,0.129960,17.611099,-0.263421,-0.430829,-0.667752,0.546903,-693.524475,1535.331177,-4658.648438,-693.741394,1454.639648,-4669.050293,-683.701294,1578.630005,-4687.690430,-705.962158,1486.489624,-4616.949707,-690.693176,1621.565308,-4660.903809,,,,,,,,,,,,,2616.269043,1567.757812,-3159.786133,,,,,,,,,,,,,,,,,,,,,,,,,,,,,,,,,
9711,97.110000,0.000000,0.000000,0.000000,1.000000,0.000000,0.000000,0.000000,57.698101,20.499701,-14.700500,0.047771,-0.013570,0.015998,-15.666301,-52.738201,18.801300,-93.396698,0.129960,17.611099,-0.263421,-0.430829,-0.667752,0.546903,-693.524475,1535.331177,-4658.648438,-693.741394,1454.639648,-4669.050293,-683.701294,1578.630005,-4687.690430,-705.962158,1486.489624,-4616.949707,-690.693176,1621.565308,-4660.903809,,,,,,,,,,,,,2616.199707,1567.753540,-3159.813232,,,,,,,,,,,,,,,,,,,,,,,,,,,,,,,,,
9712,97.120000,0.000000,0.000000,0.000000,1.000000,0.000000,0.000000,0.000000,57.698101,20.499701,-14.700500,0.047771,-0.013570,0.015998,-15.666301,-52.738201,18.801300,-93.396698,0.129960,17.611099,-0.263421,-0.430829,-0.667752,0.546903,-693.524475,1535.331177,-4658.648438,-693.741394,1454.639648,-4669.050293,-683.701294,1578.630005,-4687.690430,-705.962158,1486.489624,-4616.949707,-690.693176,1621.565308,-4660.903809,,,,,,,,,,,,,2616.286133,1567.780884,-3159.798828,,,,,,,,,,,,,,,,,,,,,,,,,,,,,,,,,
9713,97.130000,0.000000,0.000000,0.000000,1.000000,0.000000,0.000000,0.000000,57.698101,20.499701,-14.700500,0.047771,-0.013570,0.015998,-15.666301,-52.738201,18.801300,-93.396698,0.129960,17.611099,-0.263421,-0.430829,-0.667752,0.546903,-693.524475,1535.331177,-4658.648438,-693.741394,1454.639648,-4669.050293,-683.701294,1578.630005,-4687.690430,-705.962158,1486.489624,-4616.949707,-690.693176,1621.565308,-4660.903809,,,,,,,,,,,,,2616.302490,1567.760986,-3159.782715,,,,,,,,,,,,,,,,,,,,,,,,,,,,,,,,,
9714,97.140000,0.000000,0.000000,0.000000,1.000000,0.000000,0.000000,0.000000,57.698101,20.499701,-14.700500,0.047771,-0.013570,0.015998,-15.666301,-52.738201,18.801300,-93.396698,0.129960,17.611099,-0.263421,-0.430829,-0.667752,0.546903,-693.524475,1535.331177,-4658.648438,-693.741394,1454.639648,-4669.050293,-683.701294,1578.630005,-4687.690430,-705.962158,1486.489624,-4616.949707,-690.693176,1621.565308,-4660.903809,,,,,,,,,,,,,2616.329102,1567.747925,-3159.768066,,,,,,,,,,,,,,,,,,,,,,,,,,,,,,,,,
9715,97.150000,0.000000,0.000000,0.000000,1.000000,0.000000,0.000000,0.000000,57.698101,20.499701,-14.700500,0.047771,-0.013570,0.015998,-15.666301,-52.738201,18.801300,-93.396698,0.129960,17.611099,-0.263421,-0.430829,-0.667752,0.546903,-693.524475,1535.331177,-4658.648438,-693.741394,1454.639648,-4669.050293,-683.701294,1578.630005,-4687.690430,-705.962158,1486.489624,-4616.949707,-690.693176,1621.565308,-4660.903809,,,,,,,,,,,,,2616.296143,1567.722778,-3159.761475,,,,,,,,,,,,,,,,,,,,,,,,,,,,,,,,,
9716,97.160000,0.000000,0.000000,0.000000,1.000000,0.000000,0.000000,0.000000,57.698101,20.499701,-14.700500,0.047771,-0.013570,0.015998,-15.666301,-52.738201,18.801300,-93.396698,0.129960,17.611099,-0.263421,-0.430829,-0.667752,0.546903,-693.524475,1535.331177,-4658.648438,-693.741394,1454.639648,-4669.050293,-683.701294,1578.630005,-4687.690430,-705.962158,1486.489624,-4616.949707,-690.693176,1621.565308,-4660.903809,,,,,,,,,,,,,2616.273193,1567.752197,-3159.768799,,,,,,,,,,,,,,,,,,,,,,,,,,,,,,,,,
9717,97.170000,0.000000,0.000000,0.000000,1.000000,0.000000,0.000000,0.000000,57.698101,20.499701,-14.700500,0.047771,-0.013570,0.015998,-15.666301,-52.738201,18.801300,-93.396698,0.129960,17.611099,-0.263421,-0.430829,-0.667752,0.546903,-693.524475,1535.331177,-4658.648438,-693.741394,1454.639648,-4669.050293,-683.701294,1578.630005,-4687.690430,-705.962158,1486.489624,-4616.949707,-690.693176,1621.565308,-4660.903809,,,,,,,,,,,,,2616.256836,1567.756348,-3159.794678,,,,,,,,,,,,,,,,,,,,,,,,,,,,,,,,,
9718,97.180000,0.000000,0.000000,0.000000,1.000000,0.000000,0.000000,0.000000,57.698101,20.499701,-14.700500,0.047771,-0.013570,0.015998,-15.666301,-52.738201,18.801300,-93.396698,0.129960,17.611099,-0.263421,-0.430829,-0.667752,0.546903,-693.524475,1535.331177,-4658.648438,-693.741394,1454.639648,-4669.050293,-683.701294,1578.630005,-4687.690430,-705.962158,1486.489624,-4616.949707,-690.693176,1621.565308,-4660.903809,,,,,,,,,,,,,2616.250244,1567.732788,-3159.793213,,,,,,,,,,,,,,,,,,,,,,,,,,,,,,,,,
9719,97.190000,0.000000,0.000000,0.000000,1.000000,0.000000,0.000000,0.000000,57.698101,20.499701,-14.700500,0.047771,-0.013570,0.015998,-15.666301,-52.738201,18.801300,-93.396698,0.129960,17.611099,-0.263421,-0.430829,-0.667752,0.546903,-693.524475,1535.331177,-4658.648438,-693.741394,1454.639648,-4669.050293,-683.701294,1578.630005,-4687.690430,-705.962158,1486.489624,-4616.949707,-690.693176,1621.565308,-4660.903809,,,,,,,,,,,,,2616.324463,1567.755859,-3159.772949,,,,,,,,,,,,,,,,,,,,,,,,,,,,,,,,,
9720,97.200000,0.000000,0.000000,0.000000,1.000000,0.000000,0.000000,0.000000,57.698101,20.499701,-14.700500,0.047771,-0.013570,0.015998,-15.666301,-52.738201,18.801300,-93.396698,0.129960,17.611099,-0.263421,-0.430829,-0.667752,0.546903,-693.524475,1535.331177,-4658.648438,-693.741394,1454.639648,-4669.050293,-683.701294,1578.630005,-4687.690430,-705.962158,1486.489624,-4616.949707,-690.693176,1621.565308,-4660.903809,,,,,,,,,,,,,2616.307373,1567.717529,-3159.764648,,,,,,,,,,,,,,,,,,,,,,,,,,,,,,,,,
9721,97.210000,0.000000,0.000000,0.000000,1.000000,0.000000,0.000000,0.000000,57.698101,20.499701,-14.700500,0.047771,-0.013570,0.015998,-15.666301,-52.738201,18.801300,-93.396698,0.129960,17.611099,-0.263421,-0.430829,-0.667752,0.546903,-693.524475,1535.331177,-4658.648438,-693.741394,1454.639648,-4669.050293,-683.701294,1578.630005,-4687.690430,-705.962158,1486.489624,-4616.949707,-690.693176,1621.565308,-4660.903809,,,,,,,,,,,,,2616.337646,1567.728882,-3159.763184,,,,,,,,,,,,,,,,,,,,,,,,,,,,,,,,,
9722,97.220000,0.000000,0.000000,0.000000,1.000000,0.000000,0.000000,0.000000,57.698101,20.499701,-14.700500,0.047771,-0.013570,0.015998,-15.666301,-52.738201,18.801300,-93.396698,0.129960,17.611099,-0.263421,-0.430829,-0.667752,0.546903,-693.524475,1535.331177,-4658.648438,-693.741394,1454.639648,-4669.050293,-683.701294,1578.630005,-4687.690430,-705.962158,1486.489624,-4616.949707,-690.693176,1621.565308,-4660.903809,,,,,,,,,,,,,2616.268799,1567.729004,-3159.773438,,,,,,,,,,,,,,,,,,,,,,,,,,,,,,,,,
9723,97.230000,0.000000,0.000000,0.000000,1.000000,0.000000,0.000000,0.000000,57.698101,20.499701,-14.700500,0.047771,-0.013570,0.015998,-15.666301,-52.738201,18.801300,-93.396698,0.129960,17.611099,-0.263421,-0.430829,-0.667752,0.546903,-693.524475,1535.331177,-4658.648438,-693.741394,1454.639648,-4669.050293,-683.701294,1578.630005,-4687.690430,-705.962158,1486.489624,-4616.949707,-690.693176,1621.565308,-4660.903809,,,,,,,,,,,,,2616.245605,1567.768311,-3159.798096,,,,,,,,,,,,,,,,,,,,,,,,,,,,,,,,,
9724,97.240000,0.000000,0.000000,0.000000,1.000000,0.000000,0.000000,0.000000,57.698101,20.499701,-14.700500,0.047771,-0.013570,0.015998,-15.666301,-52.738201,18.801300,-93.396698,0.129960,17.611099,-0.263421,-0.430829,-0.667752,0.546903,-693.524475,1535.331177,-4658.648438,-693.741394,1454.639648,-4669.050293,-683.701294,1578.630005,-4687.690430,-705.962158,1486.489624,-4616.949707,-690.693176,1621.565308,-4660.903809,,,,,,,,,,,,,2616.270996,1567.769165,-3159.795410,,,,,,,,,,,,,,,,,,,,,,,,,,,,,,,,,
9725,97.250000,0.000000,0.000000,0.000000,1.000000,0.000000,0.000000,0.000000,57.698101,20.499701,-14.700500,0.047771,-0.013570,0.015998,-15.666301,-52.738201,18.801300,-93.396698,0.129960,17.611099,-0.263421,-0.430829,-0.667752,0.546903,-693.524475,1535.331177,-4658.648438,-693.741394,1454.639648,-4669.050293,-683.701294,1578.630005,-4687.690430,-705.962158,1486.489624,-4616.949707,-690.693176,1621.565308,-4660.903809,,,,,,,,,,,,,2616.312744,1567.728027,-3159.772217,,,,,,,,,,,,,,,,,,,,,,,,,,,,,,,,,
9726,97.260000,0.000000,0.000000,0.000000,1.000000,0.000000,0.000000,0.000000,57.698101,20.499701,-14.700500,0.047771,-0.013570,0.015998,-15.666301,-52.738201,18.801300,-93.396698,0.129960,17.611099,-0.263421,-0.430829,-0.667752,0.546903,-693.524475,1535.331177,-4658.648438,-693.741394,1454.639648,-4669.050293,-683.701294,1578.630005,-4687.690430,-705.962158,1486.489624,-4616.949707,-690.693176,1621.565308,-4660.903809,,,,,,,,,,,,,2616.321289,1567.752686,-3159.761963,,,,,,,,,,,,,,,,,,,,,,,,,,,,,,,,,
9727,97.270000,0.000000,0.000000,0.000000,1.000000,0.000000,0.000000,0.000000,57.698101,20.499701,-14.700500,0.047771,-0.013570,0.015998,-15.666301,-52.738201,18.801300,-93.396698,0.129960,17.611099,-0.263421,-0.430829,-0.667752,0.546903,-693.524475,1535.331177,-4658.648438,-693.741394,1454.639648,-4669.050293,-683.701294,1578.630005,-4687.690430,-705.962158,1486.489624,-4616.949707,-690.693176,1621.565308,-4660.903809,,,,,,,,,,,,,2616.278809,1567.743774,-3159.785645,,,,,,,,,,,,,,,,,,,,,,,,,,,,,,,,,
9728,97.280000,0.000000,0.000000,0.000000,1.000000,0.000000,0.000000,0.000000,57.698101,20.499701,-14.700500,0.047771,-0.013570,0.015998,-15.666301,-52.738201,18.801300,-93.396698,0.129960,17.611099,-0.263421,-0.430829,-0.667752,0.546903,-693.524475,1535.331177,-4658.648438,-693.741394,1454.639648,-4669.050293,-683.701294,1578.630005,-4687.690430,-705.962158,1486.489624,-4616.949707,-690.693176,1621.565308,-4660.903809,,,,,,,,,,,,,2616.289062,1567.739868,-3159.782715,,,,,,,,,,,,,,,,,,,,,,,,,,,,,,,,,
9729,97.290000,0.000000,0.000000,0.000000,1.000000,0.000000,0.000000,0.000000,57.698101,20.499701,-14.700500,0.047771,-0.013570,0.015998,-15.666301,-52.738201,18.801300,-93.396698,0.129960,17.611099,-0.263421,-0.430829,-0.667752,0.546903,-693.524475,1535.331177,-4658.648438,-693.741394,1454.639648,-4669.050293,-683.701294,1578.630005,-4687.690430,-705.962158,1486.489624,-4616.949707,-690.693176,1621.565308,-4660.903809,,,,,,,,,,,,,2616.283691,1567.749268,-3159.777832,,,,,,,,,,,,,,,,,,,,,,,,,,,,,,,,,
9730,97.300000,0.000000,0.000000,0.000000,1.000000,0.000000,0.000000,0.000000,57.698101,20.499701,-14.700500,0.047771,-0.013570,0.015998,-15.666301,-52.738201,18.801300,-93.396698,0.129960,17.611099,-0.263421,-0.430829,-0.667752,0.546903,-693.524475,1535.331177,-4658.648438,-693.741394,1454.639648,-4669.050293,-683.701294,1578.630005,-4687.690430,-705.962158,1486.489624,-4616.949707,-690.693176,1621.565308,-4660.903809,,,,,,,,,,,,,2616.263916,1567.692993,-3159.772217,,,,,,,,,,,,,,,,,,,,,,,,,,,,,,,,,
9731,97.310000,0.000000,0.000000,0.000000,1.000000,0.000000,0.000000,0.000000,57.698101,20.499701,-14.700500,0.047771,-0.013570,0.015998,-15.666301,-52.738201,18.801300,-93.396698,0.129960,17.611099,-0.263421,-0.430829,-0.667752,0.546903,-693.524475,1535.331177,-4658.648438,-693.741394,1454.639648,-4669.050293,-683.701294,1578.630005,-4687.690430,-705.962158,1486.489624,-4616.949707,-690.693176,1621.565308,-4660.903809,,,,,,,,,,,,,2616.287109,1567.775635,-3159.788086,,,,,,,,,,,,,,,,,,,,,,,,,,,,,,,,,
9732,97.320000,0.000000,0.000000,0.000000,1.000000,0.000000,0.000000,0.000000,57.698101,20.499701,-14.700500,0.047771,-0.013570,0.015998,-15.666301,-52.738201,18.801300,-93.396698,0.129960,17.611099,-0.263421,-0.430829,-0.667752,0.546903,-693.524475,1535.331177,-4658.648438,-693.741394,1454.639648,-4669.050293,-683.701294,1578.630005,-4687.690430,-705.962158,1486.489624,-4616.949707,-690.693176,1621.565308,-4660.903809,,,,,,,,,,,,,2616.281982,1567.756226,-3159.794189,,,,,,,,,,,,,,,,,,,,,,,,,,,,,,,,,
9733,97.330000,0.000000,0.000000,0.000000,1.000000,0.000000,0.000000,0.000000,57.698101,20.499701,-14.700500,0.047771,-0.013570,0.015998,-15.666301,-52.738201,18.801300,-93.396698,0.129960,17.611099,-0.263421,-0.430829,-0.667752,0.546903,-693.524475,1535.331177,-4658.648438,-693.741394,1454.639648,-4669.050293,-683.701294,1578.630005,-4687.690430,-705.962158,1486.489624,-4616.949707,-690.693176,1621.565308,-4660.903809,,,,,,,,,,,,,2616.255371,1567.718140,-3159.778076,,,,,,,,,,,,,,,,,,,,,,,,,,,,,,,,,
9734,97.340000,0.000000,0.000000,0.000000,1.000000,0.000000,0.000000,0.000000,57.698101,20.499701,-14.700500,0.047771,-0.013570,0.015998,-15.666301,-52.738201,18.801300,-93.396698,0.129960,17.611099,-0.263421,-0.430829,-0.667752,0.546903,-693.524475,1535.331177,-4658.648438,-693.741394,1454.639648,-4669.050293,-683.701294,1578.630005,-4687.690430,-705.962158,1486.489624,-4616.949707,-690.693176,1621.565308,-4660.903809,,,,,,,,,,,,,2616.329102,1567.765137,-3159.771973,,,,,,,,,,,,,,,,,,,,,,,,,,,,,,,,,
9735,97.350000,0.000000,0.000000,0.000000,1.000000,0.000000,0.000000,0.000000,57.698101,20.499701,-14.700500,0.047771,-0.013570,0.015998,-15.666301,-52.738201,18.801300,-93.396698,0.129960,17.611099,-0.263421,-0.430829,-0.667752,0.546903,-693.524475,1535.331177,-4658.648438,-693.741394,1454.639648,-4669.050293,-683.701294,1578.630005,-4687.690430,-705.962158,1486.489624,-4616.949707,-690.693176,1621.565308,-4660.903809,,,,,,,,,,,,,2616.296875,1567.750977,-3159.771729,,,,,,,,,,,,,,,,,,,,,,,,,,,,,,,,,
9736,97.360000,0.000000,0.000000,0.000000,1.000000,0.000000,0.000000,0.000000,57.698101,20.499701,-14.700500,0.047771,-0.013570,0.015998,-15.666301,-52.738201,18.801300,-93.396698,0.129960,17.611099,-0.263421,-0.430829,-0.667752,0.546903,-693.524475,1535.331177,-4658.648438,-693.741394,1454.639648,-4669.050293,-683.701294,1578.630005,-4687.690430,-705.962158,1486.489624,-4616.949707,-690.693176,1621.565308,-4660.903809,,,,,,,,,,,,,2616.302734,1567.729004,-3159.775879,,,,,,,,,,,,,,,,,,,,,,,,,,,,,,,,,
9737,97.370000,0.000000,0.000000,0.000000,1.000000,0.000000,0.000000,0.000000,57.698101,20.499701,-14.700500,0.047771,-0.013570,0.015998,-15.666301,-52.738201,18.801300,-93.396698,0.129960,17.611099,-0.263421,-0.430829,-0.667752,0.546903,-693.524475,1535.331177,-4658.648438,-693.741394,1454.639648,-4669.050293,-683.701294,1578.630005,-4687.690430,-705.962158,1486.489624,-4616.949707,-690.693176,1621.565308,-4660.903809,,,,,,,,,,,,,2616.281494,1567.746704,-3159.765869,,,,,,,,,,,,,,,,,,,,,,,,,,,,,,,,,
9738,97.380000,0.000000,0.000000,0.000000,1.000000,0.000000,0.000000,0.000000,57.698101,20.499701,-14.700500,0.047771,-0.013570,0.015998,-15.666301,-52.738201,18.801300,-93.396698,0.129960,17.611099,-0.263421,-0.430829,-0.667752,0.546903,-693.524475,1535.331177,-4658.648438,-693.741394,1454.639648,-4669.050293,-683.701294,1578.630005,-4687.690430,-705.962158,1486.489624,-4616.949707,-690.693176,1621.565308,-4660.903809,,,,,,,,,,,,,2616.287109,1567.749512,-3159.781494,,,,,,,,,,,,,,,,,,,,,,,,,,,,,,,,,
9739,97.390000,0.000000,0.000000,0.000000,1.000000,0.000000,0.000000,0.000000,57.698101,20.499701,-14.700500,0.047771,-0.013570,0.015998,-15.666301,-52.738201,18.801300,-93.396698,0.129960,17.611099,-0.263421,-0.430829,-0.667752,0.546903,-693.524475,1535.331177,-4658.648438,-693.741394,1454.639648,-4669.050293,-683.701294,1578.630005,-4687.690430,-705.962158,1486.489624,-4616.949707,-690.693176,1621.565308,-4660.903809,,,,,,,,,,,,,2616.260498,1567.736084,-3159.790039,,,,,,,,,,,,,,,,,,,,,,,,,,,,,,,,,
9740,97.400000,0.000000,0.000000,0.000000,1.000000,0.000000,0.000000,0.000000,57.698101,20.499701,-14.700500,0.047771,-0.013570,0.015998,-15.666301,-52.738201,18.801300,-93.396698,0.129960,17.611099,-0.263421,-0.430829,-0.667752,0.546903,-693.524475,1535.331177,-4658.648438,-693.741394,1454.639648,-4669.050293,-683.701294,1578.630005,-4687.690430,-705.962158,1486.489624,-4616.949707,-690.693176,1621.565308,-4660.903809,,,,,,,,,,,,,2616.309814,1567.765991,-3159.775879,,,,,,,,,,,,,,,,,,,,,,,,,,,,,,,,,
9741,97.410000,0.000000,0.000000,0.000000,1.000000,0.000000,0.000000,0.000000,57.698101,20.499701,-14.700500,0.047771,-0.013570,0.015998,-15.666301,-52.738201,18.801300,-93.396698,0.129960,17.611099,-0.263421,-0.430829,-0.667752,0.546903,-693.524475,1535.331177,-4658.648438,-693.741394,1454.639648,-4669.050293,-683.701294,1578.630005,-4687.690430,-705.962158,1486.489624,-4616.949707,-690.693176,1621.565308,-4660.903809,,,,,,,,,,,,,2616.255371,1567.744263,-3159.788086,,,,,,,,,,,,,,,,,,,,,,,,,,,,,,,,,
9742,97.420000,0.000000,0.000000,0.000000,1.000000,0.000000,0.000000,0.000000,57.698101,20.499701,-14.700500,0.047771,-0.013570,0.015998,-15.666301,-52.738201,18.801300,-93.396698,0.129960,17.611099,-0.263421,-0.430829,-0.667752,0.546903,-693.524475,1535.331177,-4658.648438,-693.741394,1454.639648,-4669.050293,-683.701294,1578.630005,-4687.690430,-705.962158,1486.489624,-4616.949707,-690.693176,1621.565308,-4660.903809,,,,,,,,,,,,,2616.297119,1567.752319,-3159.784668,,,,,,,,,,,,,,,,,,,,,,,,,,,,,,,,,
9743,97.430000,0.000000,0.000000,0.000000,1.000000,0.000000,0.000000,0.000000,57.698101,20.499701,-14.700500,0.047771,-0.013570,0.015998,-15.666301,-52.738201,18.801300,-93.396698,0.129960,17.611099,-0.263421,-0.430829,-0.667752,0.546903,-693.524475,1535.331177,-4658.648438,-693.741394,1454.639648,-4669.050293,-683.701294,1578.630005,-4687.690430,-705.962158,1486.489624,-4616.949707,-690.693176,1621.565308,-4660.903809,,,,,,,,,,,,,2616.277100,1567.742188,-3159.783203,,,,,,,,,,,,,,,,,,,,,,,,,,,,,,,,,
9744,97.440000,0.000000,0.000000,0.000000,1.000000,0.000000,0.000000,0.000000,57.698101,20.499701,-14.700500,0.047771,-0.013570,0.015998,-15.666301,-52.738201,18.801300,-93.396698,0.129960,17.611099,-0.263421,-0.430829,-0.667752,0.546903,-693.524475,1535.331177,-4658.648438,-693.741394,1454.639648,-4669.050293,-683.701294,1578.630005,-4687.690430,-705.962158,1486.489624,-4616.949707,-690.693176,1621.565308,-4660.903809,,,,,,,,,,,,,2616.289062,1567.739746,-3159.775146,,,,,,,,,,,,,,,,,,,,,,,,,,,,,,,,,
9745,97.450000,0.000000,0.000000,0.000000,1.000000,0.000000,0.000000,0.000000,57.698101,20.499701,-14.700500,0.047771,-0.013570,0.015998,-15.666301,-52.738201,18.801300,-93.396698,0.129960,17.611099,-0.263421,-0.430829,-0.667752,0.546903,-693.524475,1535.331177,-4658.648438,-693.741394,1454.639648,-4669.050293,-683.701294,1578.630005,-4687.690430,-705.962158,1486.489624,-4616.949707,-690.693176,1621.565308,-4660.903809,,,,,,,,,,,,,2616.278564,1567.726318,-3159.777588,,,,,,,,,,,,,,,,,,,,,,,,,,,,,,,,,
9746,97.460000,0.000000,0.000000,0.000000,1.000000,0.000000,0.000000,0.000000,57.698101,20.499701,-14.700500,0.047771,-0.013570,0.015998,-15.666301,-52.738201,18.801300,-93.396698,0.129960,17.611099,-0.263421,-0.430829,-0.667752,0.546903,-693.524475,1535.331177,-4658.648438,-693.741394,1454.639648,-4669.050293,-683.701294,1578.630005,-4687.690430,-705.962158,1486.489624,-4616.949707,-690.693176,1621.565308,-4660.903809,,,,,,,,,,,,,2616.300293,1567.751831,-3159.782715,,,,,,,,,,,,,,,,,,,,,,,,,,,,,,,,,
9747,97.470000,0.000000,0.000000,0.000000,1.000000,0.000000,0.000000,0.000000,57.698101,20.499701,-14.700500,0.047771,-0.013570,0.015998,-15.666301,-52.738201,18.801300,-93.396698,0.129960,17.611099,-0.263421,-0.430829,-0.667752,0.546903,-693.524475,1535.331177,-4658.648438,-693.741394,1454.639648,-4669.050293,-683.701294,1578.630005,-4687.690430,-705.962158,1486.489624,-4616.949707,-690.693176,1621.565308,-4660.903809,,,,,,,,,,,,,2616.307129,1567.733521,-3159.770996,,,,,,,,,,,,,,,,,,,,,,,,,,,,,,,,,
9748,97.480000,0.000000,0.000000,0.000000,1.000000,0.000000,0.000000,0.000000,57.698101,20.499701,-14.700500,0.047771,-0.013570,0.015998,-15.666301,-52.738201,18.801300,-93.396698,0.129960,17.611099,-0.263421,-0.430829,-0.667752,0.546903,-693.524475,1535.331177,-4658.648438,-693.741394,1454.639648,-4669.050293,-683.701294,1578.630005,-4687.690430,-705.962158,1486.489624,-4616.949707,-690.693176,1621.565308,-4660.903809,,,,,,,,,,,,,2616.291260,1567.734741,-3159.769043,,,,,,,,,,,,,,,,,,,,,,,,,,,,,,,,,
9749,97.490000,0.000000,0.000000,0.000000,1.000000,0.000000,0.000000,0.000000,57.698101,20.499701,-14.700500,0.047771,-0.013570,0.015998,-15.666301,-52.738201,18.801300,-93.396698,0.129960,17.611099,-0.263421,-0.430829,-0.667752,0.546903,-693.524475,1535.331177,-4658.648438,-693.741394,1454.639648,-4669.050293,-683.701294,1578.630005,-4687.690430,-705.962158,1486.489624,-4616.949707,-690.693176,1621.565308,-4660.903809,,,,,,,,,,,,,2616.290039,1567.764648,-3159.784668,,,,,,,,,,,,,,,,,,,,,,,,,,,,,,,,,
9750,97.500000,0.000000,0.000000,0.000000,1.000000,0.000000,0.000000,0.000000,57.698101,20.499701,-14.700500,0.047771,-0.013570,0.015998,-15.666301,-52.738201,18.801300,-93.396698,0.129960,17.611099,-0.263421,-0.430829,-0.667752,0.546903,-693.524475,1535.331177,-4658.648438,-693.741394,1454.639648,-4669.050293,-683.701294,1578.630005,-4687.690430,-705.962158,1486.489624,-4616.949707,-690.693176,1621.565308,-4660.903809,,,,,,,,,,,,,2616.284424,1567.766968,-3159.791504,,,,,,,,,,,,,,,,,,,,,,,,,,,,,,,,,
9751,97.510000,0.000000,0.000000,0.000000,1.000000,0.000000,0.000000,0.000000,57.698101,20.499701,-14.700500,0.047771,-0.013570,0.015998,-15.666301,-52.738201,18.801300,-93.396698,0.129960,17.611099,-0.263421,-0.430829,-0.667752,0.546903,-693.524475,1535.331177,-4658.648438,-693.741394,1454.639648,-4669.050293,-683.701294,1578.630005,-4687.690430,-705.962158,1486.489624,-4616.949707,-690.693176,1621.565308,-4660.903809,,,,,,,,,,,,,2616.294678,1567.749878,-3159.783203,,,,,,,,,,,,,,,,,,,,,,,,,,,,,,,,,
9752,97.520000,0.000000,0.000000,0.000000,1.000000,0.000000,0.000000,0.000000,57.698101,20.499701,-14.700500,0.047771,-0.013570,0.015998,-15.666301,-52.738201,18.801300,-93.396698,0.129960,17.611099,-0.263421,-0.430829,-0.667752,0.546903,-693.524475,1535.331177,-4658.648438,-693.741394,1454.639648,-4669.050293,-683.701294,1578.630005,-4687.690430,-705.962158,1486.489624,-4616.949707,-690.693176,1621.565308,-4660.903809,,,,,,,,,,,,,2616.320068,1567.721680,-3159.773438,,,,,,,,,,,,,,,,,,,,,,,,,,,,,,,,,
9753,97.530000,0.000000,0.000000,0.000000,1.000000,0.000000,0.000000,0.000000,57.698101,20.499701,-14.700500,0.047771,-0.013570,0.015998,-15.666301,-52.738201,18.801300,-93.396698,0.129960,17.611099,-0.263421,-0.430829,-0.667752,0.546903,-693.524475,1535.331177,-4658.648438,-693.741394,1454.639648,-4669.050293,-683.701294,1578.630005,-4687.690430,-705.962158,1486.489624,-4616.949707,-690.693176,1621.565308,-4660.903809,,,,,,,,,,,,,2616.267090,1567.763306,-3159.779785,,,,,,,,,,,,,,,,,,,,,,,,,,,,,,,,,
9754,97.540000,0.000000,0.000000,0.000000,1.000000,0.000000,0.000000,0.000000,57.698101,20.499701,-14.700500,0.047771,-0.013570,0.015998,-15.666301,-52.738201,18.801300,-93.396698,0.129960,17.611099,-0.263421,-0.430829,-0.667752,0.546903,-693.524475,1535.331177,-4658.648438,-693.741394,1454.639648,-4669.050293,-683.701294,1578.630005,-4687.690430,-705.962158,1486.489624,-4616.949707,-690.693176,1621.565308,-4660.903809,,,,,,,,,,,,,2616.282959,1567.743042,-3159.782959,,,,,,,,,,,,,,,,,,,,,,,,,,,,,,,,,
9755,97.550000,0.000000,0.000000,0.000000,1.000000,0.000000,0.000000,0.000000,57.698101,20.499701,-14.700500,0.047771,-0.013570,0.015998,-15.666301,-52.738201,18.801300,-93.396698,0.129960,17.611099,-0.263421,-0.430829,-0.667752,0.546903,-693.524475,1535.331177,-4658.648438,-693.741394,1454.639648,-4669.050293,-683.701294,1578.630005,-4687.690430,-705.962158,1486.489624,-4616.949707,-690.693176,1621.565308,-4660.903809,,,,,,,,,,,,,2616.259277,1567.744141,-3159.787842,,,,,,,,,,,,,,,,,,,,,,,,,,,,,,,,,
9756,97.560000,0.000000,0.000000,0.000000,1.000000,0.000000,0.000000,0.000000,57.698101,20.499701,-14.700500,0.047771,-0.013570,0.015998,-15.666301,-52.738201,18.801300,-93.396698,0.129960,17.611099,-0.263421,-0.430829,-0.667752,0.546903,-693.524475,1535.331177,-4658.648438,-693.741394,1454.639648,-4669.050293,-683.701294,1578.630005,-4687.690430,-705.962158,1486.489624,-4616.949707,-690.693176,1621.565308,-4660.903809,,,,,,,,,,,,,2616.264648,1567.745728,-3159.784180,,,,,,,,,,,,,,,,,,,,,,,,,,,,,,,,,
9757,97.570000,0.000000,0.000000,0.000000,1.000000,0.000000,0.000000,0.000000,57.698101,20.499701,-14.700500,0.047771,-0.013570,0.015998,-15.666301,-52.738201,18.801300,-93.396698,0.129960,17.611099,-0.263421,-0.430829,-0.667752,0.546903,-693.524475,1535.331177,-4658.648438,-693.741394,1454.639648,-4669.050293,-683.701294,1578.630005,-4687.690430,-705.962158,1486.489624,-4616.949707,-690.693176,1621.565308,-4660.903809,,,,,,,,,,,,,2616.295410,1567.798706,-3159.788574,,,,,,,,,,,,,,,,,,,,,,,,,,,,,,,,,
9758,97.580000,0.000000,0.000000,0.000000,1.000000,0.000000,0.000000,0.000000,57.698101,20.499701,-14.700500,0.047771,-0.013570,0.015998,-15.666301,-52.738201,18.801300,-93.396698,0.129960,17.611099,-0.263421,-0.430829,-0.667752,0.546903,-693.524475,1535.331177,-4658.648438,-693.741394,1454.639648,-4669.050293,-683.701294,1578.630005,-4687.690430,-705.962158,1486.489624,-4616.949707,-690.693176,1621.565308,-4660.903809,,,,,,,,,,,,,2616.248047,1567.769531,-3159.803223,,,,,,,,,,,,,,,,,,,,,,,,,,,,,,,,,
9759,97.590000,0.000000,0.000000,0.000000,1.000000,0.000000,0.000000,0.000000,57.698101,20.499701,-14.700500,0.047771,-0.013570,0.015998,-15.666301,-52.738201,18.801300,-93.396698,0.129960,17.611099,-0.263421,-0.430829,-0.667752,0.546903,-693.524475,1535.331177,-4658.648438,-693.741394,1454.639648,-4669.050293,-683.701294,1578.630005,-4687.690430,-705.962158,1486.489624,-4616.949707,-690.693176,1621.565308,-4660.903809,,,,,,,,,,,,,2616.282471,1567.757324,-3159.783203,,,,,,,,,,,,,,,,,,,,,,,,,,,,,,,,,
9760,97.600000,0.000000,0.000000,0.000000,1.000000,0.000000,0.000000,0.000000,57.698101,20.499701,-14.700500,0.047771,-0.013570,0.015998,-15.666301,-52.738201,18.801300,-93.396698,0.129960,17.611099,-0.263421,-0.430829,-0.667752,0.546903,-693.524475,1535.331177,-4658.648438,-693.741394,1454.639648,-4669.050293,-683.701294,1578.630005,-4687.690430,-705.962158,1486.489624,-4616.949707,-690.693176,1621.565308,-4660.903809,,,,,,,,,,,,,2616.307129,1567.755249,-3159.789307,,,,,,,,,,,,,,,,,,,,,,,,,,,,,,,,,
9761,97.610000,0.000000,0.000000,0.000000,1.000000,0.000000,0.000000,0.000000,57.698101,20.499701,-14.700500,0.047771,-0.013570,0.015998,-15.666301,-52.738201,18.801300,-93.396698,0.129960,17.611099,-0.263421,-0.430829,-0.667752,0.546903,-693.524475,1535.331177,-4658.648438,-693.741394,1454.639648,-4669.050293,-683.701294,1578.630005,-4687.690430,-705.962158,1486.489624,-4616.949707,-690.693176,1621.565308,-4660.903809,,,,,,,,,,,,,2616.286377,1567.755859,-3159.781738,,,,,,,,,,,,,,,,,,,,,,,,,,,,,,,,,
9762,97.620000,0.000000,0.000000,0.000000,1.000000,0.000000,0.000000,0.000000,57.698101,20.499701,-14.700500,0.047771,-0.013570,0.015998,-15.666301,-52.738201,18.801300,-93.396698,0.129960,17.611099,-0.263421,-0.430829,-0.667752,0.546903,-693.524475,1535.331177,-4658.648438,-693.741394,1454.639648,-4669.050293,-683.701294,1578.630005,-4687.690430,-705.962158,1486.489624,-4616.949707,-690.693176,1621.565308,-4660.903809,,,,,,,,,,,,,2616.295166,1567.739746,-3159.769287,,,,,,,,,,,,,,,,,,,,,,,,,,,,,,,,,
9763,97.630000,0.000000,0.000000,0.000000,1.000000,0.000000,0.000000,0.000000,57.698101,20.499701,-14.700500,0.047771,-0.013570,0.015998,-15.666301,-52.738201,18.801300,-93.396698,0.129960,17.611099,-0.263421,-0.430829,-0.667752,0.546903,-693.524475,1535.331177,-4658.648438,-693.741394,1454.639648,-4669.050293,-683.701294,1578.630005,-4687.690430,-705.962158,1486.489624,-4616.949707,-690.693176,1621.565308,-4660.903809,,,,,,,,,,,,,2616.267334,1567.768188,-3159.791748,,,,,,,,,,,,,,,,,,,,,,,,,,,,,,,,,
9764,97.640000,0.000000,0.000000,0.000000,1.000000,0.000000,0.000000,0.000000,57.698101,20.499701,-14.700500,0.047771,-0.013570,0.015998,-15.666301,-52.738201,18.801300,-93.396698,0.129960,17.611099,-0.263421,-0.430829,-0.667752,0.546903,-693.524475,1535.331177,-4658.648438,-693.741394,1454.639648,-4669.050293,-683.701294,1578.630005,-4687.690430,-705.962158,1486.489624,-4616.949707,-690.693176,1621.565308,-4660.903809,,,,,,,,,,,,,2616.258545,1567.736816,-3159.790771,,,,,,,,,,,,,,,,,,,,,,,,,,,,,,,,,
9765,97.650000,0.000000,0.000000,0.000000,1.000000,0.000000,0.000000,0.000000,57.698101,20.499701,-14.700500,0.047771,-0.013570,0.015998,-15.666301,-52.738201,18.801300,-93.396698,0.129960,17.611099,-0.263421,-0.430829,-0.667752,0.546903,-693.524475,1535.331177,-4658.648438,-693.741394,1454.639648,-4669.050293,-683.701294,1578.630005,-4687.690430,-705.962158,1486.489624,-4616.949707,-690.693176,1621.565308,-4660.903809,,,,,,,,,,,,,2616.296387,1567.718262,-3159.760986,,,,,,,,,,,,,,,,,,,,,,,,,,,,,,,,,
9766,97.660000,0.000000,0.000000,0.000000,1.000000,0.000000,0.000000,0.000000,57.698101,20.499701,-14.700500,0.047771,-0.013570,0.015998,-15.666301,-52.738201,18.801300,-93.396698,0.129960,17.611099,-0.263421,-0.430829,-0.667752,0.546903,-693.524475,1535.331177,-4658.648438,-693.741394,1454.639648,-4669.050293,-683.701294,1578.630005,-4687.690430,-705.962158,1486.489624,-4616.949707,-690.693176,1621.565308,-4660.903809,,,,,,,,,,,,,2616.287842,1567.724731,-3159.758057,,,,,,,,,,,,,,,,,,,,,,,,,,,,,,,,,
9767,97.670000,0.000000,0.000000,0.000000,1.000000,0.000000,0.000000,0.000000,57.698101,20.499701,-14.700500,0.047771,-0.013570,0.015998,-15.666301,-52.738201,18.801300,-93.396698,0.129960,17.611099,-0.263421,-0.430829,-0.667752,0.546903,-693.524475,1535.331177,-4658.648438,-693.741394,1454.639648,-4669.050293,-683.701294,1578.630005,-4687.690430,-705.962158,1486.489624,-4616.949707,-690.693176,1621.565308,-4660.903809,,,,,,,,,,,,,2616.288086,1567.750122,-3159.784180,,,,,,,,,,,,,,,,,,,,,,,,,,,,,,,,,
9768,97.680000,0.000000,0.000000,0.000000,1.000000,0.000000,0.000000,0.000000,57.698101,20.499701,-14.700500,0.047771,-0.013570,0.015998,-15.666301,-52.738201,18.801300,-93.396698,0.129960,17.611099,-0.263421,-0.430829,-0.667752,0.546903,-693.524475,1535.331177,-4658.648438,-693.741394,1454.639648,-4669.050293,-683.701294,1578.630005,-4687.690430,-705.962158,1486.489624,-4616.949707,-690.693176,1621.565308,-4660.903809,,,,,,,,,,,,,2616.290039,1567.746460,-3159.787842,,,,,,,,,,,,,,,,,,,,,,,,,,,,,,,,,
9769,97.690000,0.000000,0.000000,0.000000,1.000000,0.000000,0.000000,0.000000,57.698101,20.499701,-14.700500,0.047771,-0.013570,0.015998,-15.666301,-52.738201,18.801300,-93.396698,0.129960,17.611099,-0.263421,-0.430829,-0.667752,0.546903,-693.524475,1535.331177,-4658.648438,-693.741394,1454.639648,-4669.050293,-683.701294,1578.630005,-4687.690430,-705.962158,1486.489624,-4616.949707,-690.693176,1621.565308,-4660.903809,,,,,,,,,,,,,2616.293213,1567.790283,-3159.781738,,,,,,,,,,,,,,,,,,,,,,,,,,,,,,,,,
9770,97.700000,0.000000,0.000000,0.000000,1.000000,0.000000,0.000000,0.000000,57.698101,20.499701,-14.700500,0.047771,-0.013570,0.015998,-15.666301,-52.738201,18.801300,-93.396698,0.129960,17.611099,-0.263421,-0.430829,-0.667752,0.546903,-693.524475,1535.331177,-4658.648438,-693.741394,1454.639648,-4669.050293,-683.701294,1578.630005,-4687.690430,-705.962158,1486.489624,-4616.949707,-690.693176,1621.565308,-4660.903809,,,,,,,,,,,,,2616.321777,1567.767822,-3159.785156,,,,,,,,,,,,,,,,,,,,,,,,,,,,,,,,,
9771,97.710000,0.000000,0.000000,0.000000,1.000000,0.000000,0.000000,0.000000,57.698101,20.499701,-14.700500,0.047771,-0.013570,0.015998,-15.666301,-52.738201,18.801300,-93.396698,0.129960,17.611099,-0.263421,-0.430829,-0.667752,0.546903,-693.524475,1535.331177,-4658.648438,-693.741394,1454.639648,-4669.050293,-683.701294,1578.630005,-4687.690430,-705.962158,1486.489624,-4616.949707,-690.693176,1621.565308,-4660.903809,,,,,,,,,,,,,2616.314453,1567.737183,-3159.772705,,,,,,,,,,,,,,,,,,,,,,,,,,,,,,,,,
9772,97.720000,0.000000,0.000000,0.000000,1.000000,0.000000,0.000000,0.000000,57.698101,20.499701,-14.700500,0.047771,-0.013570,0.015998,-15.666301,-52.738201,18.801300,-93.396698,0.129960,17.611099,-0.263421,-0.430829,-0.667752,0.546903,-693.524475,1535.331177,-4658.648438,-693.741394,1454.639648,-4669.050293,-683.701294,1578.630005,-4687.690430,-705.962158,1486.489624,-4616.949707,-690.693176,1621.565308,-4660.903809,,,,,,,,,,,,,2616.281006,1567.719604,-3159.771240,,,,,,,,,,,,,,,,,,,,,,,,,,,,,,,,,
9773,97.730000,0.000000,0.000000,0.000000,1.000000,0.000000,0.000000,0.000000,57.698101,20.499701,-14.700500,0.047771,-0.013570,0.015998,-15.666301,-52.738201,18.801300,-93.396698,0.129960,17.611099,-0.263421,-0.430829,-0.667752,0.546903,-693.524475,1535.331177,-4658.648438,-693.741394,1454.639648,-4669.050293,-683.701294,1578.630005,-4687.690430,-705.962158,1486.489624,-4616.949707,-690.693176,1621.565308,-4660.903809,,,,,,,,,,,,,2616.283691,1567.731567,-3159.768555,,,,,,,,,,,,,,,,,,,,,,,,,,,,,,,,,
9774,97.740000,0.000000,0.000000,0.000000,1.000000,0.000000,0.000000,0.000000,57.698101,20.499701,-14.700500,0.047771,-0.013570,0.015998,-15.666301,-52.738201,18.801300,-93.396698,0.129960,17.611099,-0.263421,-0.430829,-0.667752,0.546903,-693.524475,1535.331177,-4658.648438,-693.741394,1454.639648,-4669.050293,-683.701294,1578.630005,-4687.690430,-705.962158,1486.489624,-4616.949707,-690.693176,1621.565308,-4660.903809,,,,,,,,,,,,,2616.288086,1567.752563,-3159.781982,,,,,,,,,,,,,,,,,,,,,,,,,,,,,,,,,
9775,97.750000,0.000000,0.000000,0.000000,1.000000,0.000000,0.000000,0.000000,57.698101,20.499701,-14.700500,0.047771,-0.013570,0.015998,-15.666301,-52.738201,18.801300,-93.396698,0.129960,17.611099,-0.263421,-0.430829,-0.667752,0.546903,-693.524475,1535.331177,-4658.648438,-693.741394,1454.639648,-4669.050293,-683.701294,1578.630005,-4687.690430,-705.962158,1486.489624,-4616.949707,-690.693176,1621.565308,-4660.903809,,,,,,,,,,,,,2616.289795,1567.741821,-3159.765137,,,,,,,,,,,,,,,,,,,,,,,,,,,,,,,,,
9776,97.760000,0.000000,0.000000,0.000000,1.000000,0.000000,0.000000,0.000000,57.698101,20.499701,-14.700500,0.047771,-0.013570,0.015998,-15.666301,-52.738201,18.801300,-93.396698,0.129960,17.611099,-0.263421,-0.430829,-0.667752,0.546903,-693.524475,1535.331177,-4658.648438,-693.741394,1454.639648,-4669.050293,-683.701294,1578.630005,-4687.690430,-705.962158,1486.489624,-4616.949707,-690.693176,1621.565308,-4660.903809,,,,,,,,,,,,,2616.268066,1567.741333,-3159.784668,,,,,,,,,,,,,,,,,,,,,,,,,,,,,,,,,
9777,97.770000,0.000000,0.000000,0.000000,1.000000,0.000000,0.000000,0.000000,57.698101,20.499701,-14.700500,0.047771,-0.013570,0.015998,-15.666301,-52.738201,18.801300,-93.396698,0.129960,17.611099,-0.263421,-0.430829,-0.667752,0.546903,-693.524475,1535.331177,-4658.648438,-693.741394,1454.639648,-4669.050293,-683.701294,1578.630005,-4687.690430,-705.962158,1486.489624,-4616.949707,-690.693176,1621.565308,-4660.903809,,,,,,,,,,,,,2616.273438,1567.746826,-3159.784668,,,,,,,,,,,,,,,,,,,,,,,,,,,,,,,,,
9778,97.780000,0.000000,0.000000,0.000000,1.000000,0.000000,0.000000,0.000000,57.698101,20.499701,-14.700500,0.047771,-0.013570,0.015998,-15.666301,-52.738201,18.801300,-93.396698,0.129960,17.611099,-0.263421,-0.430829,-0.667752,0.546903,-693.524475,1535.331177,-4658.648438,-693.741394,1454.639648,-4669.050293,-683.701294,1578.630005,-4687.690430,-705.962158,1486.489624,-4616.949707,-690.693176,1621.565308,-4660.903809,,,,,,,,,,,,,2616.307373,1567.762573,-3159.774902,,,,,,,,,,,,,,,,,,,,,,,,,,,,,,,,,
9779,97.790000,0.000000,0.000000,0.000000,1.000000,0.000000,0.000000,0.000000,57.698101,20.499701,-14.700500,0.047771,-0.013570,0.015998,-15.666301,-52.738201,18.801300,-93.396698,0.129960,17.611099,-0.263421,-0.430829,-0.667752,0.546903,-693.524475,1535.331177,-4658.648438,-693.741394,1454.639648,-4669.050293,-683.701294,1578.630005,-4687.690430,-705.962158,1486.489624,-4616.949707,-690.693176,1621.565308,-4660.903809,,,,,,,,,,,,,2616.270020,1567.744141,-3159.790039,,,,,,,,,,,,,,,,,,,,,,,,,,,,,,,,,
9780,97.800000,0.000000,0.000000,0.000000,1.000000,0.000000,0.000000,0.000000,57.698101,20.499701,-14.700500,0.047771,-0.013570,0.015998,-15.666301,-52.738201,18.801300,-93.396698,0.129960,17.611099,-0.263421,-0.430829,-0.667752,0.546903,-693.524475,1535.331177,-4658.648438,-693.741394,1454.639648,-4669.050293,-683.701294,1578.630005,-4687.690430,-705.962158,1486.489624,-4616.949707,-690.693176,1621.565308,-4660.903809,,,,,,,,,,,,,2616.291016,1567.765381,-3159.789062,,,,,,,,,,,,,,,,,,,,,,,,,,,,,,,,,
9781,97.810000,0.000000,0.000000,0.000000,1.000000,0.000000,0.000000,0.000000,57.698101,20.499701,-14.700500,0.047771,-0.013570,0.015998,-15.666301,-52.738201,18.801300,-93.396698,0.129960,17.611099,-0.263421,-0.430829,-0.667752,0.546903,-693.524475,1535.331177,-4658.648438,-693.741394,1454.639648,-4669.050293,-683.701294,1578.630005,-4687.690430,-705.962158,1486.489624,-4616.949707,-690.693176,1621.565308,-4660.903809,,,,,,,,,,,,,2616.281250,1567.766602,-3159.786133,,,,,,,,,,,,,,,,,,,,,,,,,,,,,,,,,
9782,97.820000,0.000000,0.000000,0.000000,1.000000,0.000000,0.000000,0.000000,57.698101,20.499701,-14.700500,0.047771,-0.013570,0.015998,-15.666301,-52.738201,18.801300,-93.396698,0.129960,17.611099,-0.263421,-0.430829,-0.667752,0.546903,-693.524475,1535.331177,-4658.648438,-693.741394,1454.639648,-4669.050293,-683.701294,1578.630005,-4687.690430,-705.962158,1486.489624,-4616.949707,-690.693176,1621.565308,-4660.903809,,,,,,,,,,,,,2616.283936,1567.740601,-3159.789307,,,,,,,,,,,,,,,,,,,,,,,,,,,,,,,,,
9783,97.830000,0.000000,0.000000,0.000000,1.000000,0.000000,0.000000,0.000000,57.698101,20.499701,-14.700500,0.047771,-0.013570,0.015998,-15.666301,-52.738201,18.801300,-93.396698,0.129960,17.611099,-0.263421,-0.430829,-0.667752,0.546903,-693.524475,1535.331177,-4658.648438,-693.741394,1454.639648,-4669.050293,-683.701294,1578.630005,-4687.690430,-705.962158,1486.489624,-4616.949707,-690.693176,1621.565308,-4660.903809,,,,,,,,,,,,,2616.285889,1567.735718,-3159.787354,,,,,,,,,,,,,,,,,,,,,,,,,,,,,,,,,
9784,97.840000,0.000000,0.000000,0.000000,1.000000,0.000000,0.000000,0.000000,57.698101,20.499701,-14.700500,0.047771,-0.013570,0.015998,-15.666301,-52.738201,18.801300,-93.396698,0.129960,17.611099,-0.263421,-0.430829,-0.667752,0.546903,-693.524475,1535.331177,-4658.648438,-693.741394,1454.639648,-4669.050293,-683.701294,1578.630005,-4687.690430,-705.962158,1486.489624,-4616.949707,-690.693176,1621.565308,-4660.903809,,,,,,,,,,,,,2616.316650,1567.734253,-3159.775879,,,,,,,,,,,,,,,,,,,,,,,,,,,,,,,,,
9785,97.850000,0.000000,0.000000,0.000000,1.000000,0.000000,0.000000,0.000000,57.698101,20.499701,-14.700500,0.047771,-0.013570,0.015998,-15.666301,-52.738201,18.801300,-93.396698,0.129960,17.611099,-0.263421,-0.430829,-0.667752,0.546903,-693.524475,1535.331177,-4658.648438,-693.741394,1454.639648,-4669.050293,-683.701294,1578.630005,-4687.690430,-705.962158,1486.489624,-4616.949707,-690.693176,1621.565308,-4660.903809,,,,,,,,,,,,,2616.316406,1567.736328,-3159.758545,,,,,,,,,,,,,,,,,,,,,,,,,,,,,,,,,
9786,97.860000,0.000000,0.000000,0.000000,1.000000,0.000000,0.000000,0.000000,57.698101,20.499701,-14.700500,0.047771,-0.013570,0.015998,-15.666301,-52.738201,18.801300,-93.396698,0.129960,17.611099,-0.263421,-0.430829,-0.667752,0.546903,-693.524475,1535.331177,-4658.648438,-693.741394,1454.639648,-4669.050293,-683.701294,1578.630005,-4687.690430,-705.962158,1486.489624,-4616.949707,-690.693176,1621.565308,-4660.903809,,,,,,,,,,,,,2616.308594,1567.737061,-3159.783691,,,,,,,,,,,,,,,,,,,,,,,,,,,,,,,,,
9787,97.870000,0.000000,0.000000,0.000000,1.000000,0.000000,0.000000,0.000000,57.698101,20.499701,-14.700500,0.047771,-0.013570,0.015998,-15.666301,-52.738201,18.801300,-93.396698,0.129960,17.611099,-0.263421,-0.430829,-0.667752,0.546903,-693.524475,1535.331177,-4658.648438,-693.741394,1454.639648,-4669.050293,-683.701294,1578.630005,-4687.690430,-705.962158,1486.489624,-4616.949707,-690.693176,1621.565308,-4660.903809,,,,,,,,,,,,,2616.291992,1567.724854,-3159.769775,,,,,,,,,,,,,,,,,,,,,,,,,,,,,,,,,
9788,97.880000,0.000000,0.000000,0.000000,1.000000,0.000000,0.000000,0.000000,57.698101,20.499701,-14.700500,0.047771,-0.013570,0.015998,-15.666301,-52.738201,18.801300,-93.396698,0.129960,17.611099,-0.263421,-0.430829,-0.667752,0.546903,-693.524475,1535.331177,-4658.648438,-693.741394,1454.639648,-4669.050293,-683.701294,1578.630005,-4687.690430,-705.962158,1486.489624,-4616.949707,-690.693176,1621.565308,-4660.903809,,,,,,,,,,,,,2616.300781,1567.736084,-3159.780029,,,,,,,,,,,,,,,,,,,,,,,,,,,,,,,,,
9789,97.890000,0.000000,0.000000,0.000000,1.000000,0.000000,0.000000,0.000000,57.698101,20.499701,-14.700500,0.047771,-0.013570,0.015998,-15.666301,-52.738201,18.801300,-93.396698,0.129960,17.611099,-0.263421,-0.430829,-0.667752,0.546903,-693.524475,1535.331177,-4658.648438,-693.741394,1454.639648,-4669.050293,-683.701294,1578.630005,-4687.690430,-705.962158,1486.489624,-4616.949707,-690.693176,1621.565308,-4660.903809,,,,,,,,,,,,,2616.269043,1567.741333,-3159.785400,,,,,,,,,,,,,,,,,,,,,,,,,,,,,,,,,
9790,97.900000,0.000000,0.000000,0.000000,1.000000,0.000000,0.000000,0.000000,57.698101,20.499701,-14.700500,0.047771,-0.013570,0.015998,-15.666301,-52.738201,18.801300,-93.396698,0.129960,17.611099,-0.263421,-0.430829,-0.667752,0.546903,-693.524475,1535.331177,-4658.648438,-693.741394,1454.639648,-4669.050293,-683.701294,1578.630005,-4687.690430,-705.962158,1486.489624,-4616.949707,-690.693176,1621.565308,-4660.903809,,,,,,,,,,,,,2616.257568,1567.746460,-3159.792480,,,,,,,,,,,,,,,,,,,,,,,,,,,,,,,,,
9791,97.910000,0.000000,0.000000,0.000000,1.000000,0.000000,0.000000,0.000000,57.698101,20.499701,-14.700500,0.047771,-0.013570,0.015998,-15.666301,-52.738201,18.801300,-93.396698,0.129960,17.611099,-0.263421,-0.430829,-0.667752,0.546903,-693.524475,1535.331177,-4658.648438,-693.741394,1454.639648,-4669.050293,-683.701294,1578.630005,-4687.690430,-705.962158,1486.489624,-4616.949707,-690.693176,1621.565308,-4660.903809,,,,,,,,,,,,,2616.284424,1567.724609,-3159.781738,,,,,,,,,,,,,,,,,,,,,,,,,,,,,,,,,
9792,97.920000,0.000000,0.000000,0.000000,1.000000,0.000000,0.000000,0.000000,57.698101,20.499701,-14.700500,0.047771,-0.013570,0.015998,-15.666301,-52.738201,18.801300,-93.396698,0.129960,17.611099,-0.263421,-0.430829,-0.667752,0.546903,-693.524475,1535.331177,-4658.648438,-693.741394,1454.639648,-4669.050293,-683.701294,1578.630005,-4687.690430,-705.962158,1486.489624,-4616.949707,-690.693176,1621.565308,-4660.903809,,,,,,,,,,,,,2616.314209,1567.724609,-3159.766846,,,,,,,,,,,,,,,,,,,,,,,,,,,,,,,,,
9793,97.930000,0.000000,0.000000,0.000000,1.000000,0.000000,0.000000,0.000000,57.698101,20.499701,-14.700500,0.047771,-0.013570,0.015998,-15.666301,-52.738201,18.801300,-93.396698,0.129960,17.611099,-0.263421,-0.430829,-0.667752,0.546903,-693.524475,1535.331177,-4658.648438,-693.741394,1454.639648,-4669.050293,-683.701294,1578.630005,-4687.690430,-705.962158,1486.489624,-4616.949707,-690.693176,1621.565308,-4660.903809,,,,,,,,,,,,,2616.307617,1567.720459,-3159.767090,,,,,,,,,,,,,,,,,,,,,,,,,,,,,,,,,
9794,97.940000,0.000000,0.000000,0.000000,1.000000,0.000000,0.000000,0.000000,57.698101,20.499701,-14.700500,0.047771,-0.013570,0.015998,-15.666301,-52.738201,18.801300,-93.396698,0.129960,17.611099,-0.263421,-0.430829,-0.667752,0.546903,-693.524475,1535.331177,-4658.648438,-693.741394,1454.639648,-4669.050293,-683.701294,1578.630005,-4687.690430,-705.962158,1486.489624,-4616.949707,-690.693176,1621.565308,-4660.903809,,,,,,,,,,,,,2616.298828,1567.757568,-3159.774658,,,,,,,,,,,,,,,,,,,,,,,,,,,,,,,,,
9795,97.950000,0.000000,0.000000,0.000000,1.000000,0.000000,0.000000,0.000000,57.698101,20.499701,-14.700500,0.047771,-0.013570,0.015998,-15.666301,-52.738201,18.801300,-93.396698,0.129960,17.611099,-0.263421,-0.430829,-0.667752,0.546903,-693.524475,1535.331177,-4658.648438,-693.741394,1454.639648,-4669.050293,-683.701294,1578.630005,-4687.690430,-705.962158,1486.489624,-4616.949707,-690.693176,1621.565308,-4660.903809,,,,,,,,,,,,,2616.277832,1567.774170,-3159.786865,,,,,,,,,,,,,,,,,,,,,,,,,,,,,,,,,
9796,97.960000,0.000000,0.000000,0.000000,1.000000,0.000000,0.000000,0.000000,57.698101,20.499701,-14.700500,0.047771,-0.013570,0.015998,-15.666301,-52.738201,18.801300,-93.396698,0.129960,17.611099,-0.263421,-0.430829,-0.667752,0.546903,-693.524475,1535.331177,-4658.648438,-693.741394,1454.639648,-4669.050293,-683.701294,1578.630005,-4687.690430,-705.962158,1486.489624,-4616.949707,-690.693176,1621.565308,-4660.903809,,,,,,,,,,,,,2616.292725,1567.764160,-3159.787354,,,,,,,,,,,,,,,,,,,,,,,,,,,,,,,,,
9797,97.970000,0.000000,0.000000,0.000000,1.000000,0.000000,0.000000,0.000000,57.698101,20.499701,-14.700500,0.047771,-0.013570,0.015998,-15.666301,-52.738201,18.801300,-93.396698,0.129960,17.611099,-0.263421,-0.430829,-0.667752,0.546903,-693.524475,1535.331177,-4658.648438,-693.741394,1454.639648,-4669.050293,-683.701294,1578.630005,-4687.690430,-705.962158,1486.489624,-4616.949707,-690.693176,1621.565308,-4660.903809,,,,,,,,,,,,,2616.309814,1567.753784,-3159.780029,,,,,,,,,,,,,,,,,,,,,,,,,,,,,,,,,
9798,97.980000,0.000000,0.000000,0.000000,1.000000,0.000000,0.000000,0.000000,57.698101,20.499701,-14.700500,0.047771,-0.013570,0.015998,-15.666301,-52.738201,18.801300,-93.396698,0.129960,17.611099,-0.263421,-0.430829,-0.667752,0.546903,-693.524475,1535.331177,-4658.648438,-693.741394,1454.639648,-4669.050293,-683.701294,1578.630005,-4687.690430,-705.962158,1486.489624,-4616.949707,-690.693176,1621.565308,-4660.903809,,,,,,,,,,,,,2616.311768,1567.740234,-3159.772705,,,,,,,,,,,,,,,,,,,,,,,,,,,,,,,,,
9799,97.990000,0.000000,0.000000,0.000000,1.000000,0.000000,0.000000,0.000000,57.698101,20.499701,-14.700500,0.047771,-0.013570,0.015998,-15.666301,-52.738201,18.801300,-93.396698,0.129960,17.611099,-0.263421,-0.430829,-0.667752,0.546903,-693.524475,1535.331177,-4658.648438,-693.741394,1454.639648,-4669.050293,-683.701294,1578.630005,-4687.690430,-705.962158,1486.489624,-4616.949707,-690.693176,1621.565308,-4660.903809,,,,,,,,,,,,,2616.308105,1567.785645,-3159.784912,,,,,,,,,,,,,,,,,,,,,,,,,,,,,,,,,
9800,98.000000,0.000000,0.000000,0.000000,1.000000,0.000000,0.000000,0.000000,57.698101,20.499701,-14.700500,0.047771,-0.013570,0.015998,-15.666301,-52.738201,18.801300,-93.396698,0.129960,17.611099,-0.263421,-0.430829,-0.667752,0.546903,-693.524475,1535.331177,-4658.648438,-693.741394,1454.639648,-4669.050293,-683.701294,1578.630005,-4687.690430,-705.962158,1486.489624,-4616.949707,-690.693176,1621.565308,-4660.903809,,,,,,,,,,,,,2616.274170,1567.760132,-3159.791016,,,,,,,,,,,,,,,,,,,,,,,,,,,,,,,,,
9801,98.010000,0.000000,0.000000,0.000000,1.000000,0.000000,0.000000,0.000000,57.698101,20.499701,-14.700500,0.047771,-0.013570,0.015998,-15.666301,-52.738201,18.801300,-93.396698,0.129960,17.611099,-0.263421,-0.430829,-0.667752,0.546903,-693.524475,1535.331177,-4658.648438,-693.741394,1454.639648,-4669.050293,-683.701294,1578.630005,-4687.690430,-705.962158,1486.489624,-4616.949707,-690.693176,1621.565308,-4660.903809,,,,,,,,,,,,,2616.248535,1567.758423,-3159.797119,,,,,,,,,,,,,,,,,,,,,,,,,,,,,,,,,
9802,98.020000,0.000000,0.000000,0.000000,1.000000,0.000000,0.000000,0.000000,57.698101,20.499701,-14.700500,0.047771,-0.013570,0.015998,-15.666301,-52.738201,18.801300,-93.396698,0.129960,17.611099,-0.263421,-0.430829,-0.667752,0.546903,-693.524475,1535.331177,-4658.648438,-693.741394,1454.639648,-4669.050293,-683.701294,1578.630005,-4687.690430,-705.962158,1486.489624,-4616.949707,-690.693176,1621.565308,-4660.903809,,,,,,,,,,,,,2616.302734,1567.751587,-3159.787598,,,,,,,,,,,,,,,,,,,,,,,,,,,,,,,,,
9803,98.030000,0.000000,0.000000,0.000000,1.000000,0.000000,0.000000,0.000000,57.698101,20.499701,-14.700500,0.047771,-0.013570,0.015998,-15.666301,-52.738201,18.801300,-93.396698,0.129960,17.611099,-0.263421,-0.430829,-0.667752,0.546903,-693.524475,1535.331177,-4658.648438,-693.741394,1454.639648,-4669.050293,-683.701294,1578.630005,-4687.690430,-705.962158,1486.489624,-4616.949707,-690.693176,1621.565308,-4660.903809,,,,,,,,,,,,,2616.290283,1567.722778,-3159.784912,,,,,,,,,,,,,,,,,,,,,,,,,,,,,,,,,
9804,98.040000,0.000000,0.000000,0.000000,1.000000,0.000000,0.000000,0.000000,57.698101,20.499701,-14.700500,0.047771,-0.013570,0.015998,-15.666301,-52.738201,18.801300,-93.396698,0.129960,17.611099,-0.263421,-0.430829,-0.667752,0.546903,-693.524475,1535.331177,-4658.648438,-693.741394,1454.639648,-4669.050293,-683.701294,1578.630005,-4687.690430,-705.962158,1486.489624,-4616.949707,-690.693176,1621.565308,-4660.903809,,,,,,,,,,,,,2616.287109,1567.763428,-3159.776855,,,,,,,,,,,,,,,,,,,,,,,,,,,,,,,,,
9805,98.050000,0.000000,0.000000,0.000000,1.000000,0.000000,0.000000,0.000000,57.698101,20.499701,-14.700500,0.047771,-0.013570,0.015998,-15.666301,-52.738201,18.801300,-93.396698,0.129960,17.611099,-0.263421,-0.430829,-0.667752,0.546903,-693.524475,1535.331177,-4658.648438,-693.741394,1454.639648,-4669.050293,-683.701294,1578.630005,-4687.690430,-705.962158,1486.489624,-4616.949707,-690.693176,1621.565308,-4660.903809,,,,,,,,,,,,,2616.293945,1567.755371,-3159.773438,,,,,,,,,,,,,,,,,,,,,,,,,,,,,,,,,
9806,98.060000,0.000000,0.000000,0.000000,1.000000,0.000000,0.000000,0.000000,57.698101,20.499701,-14.700500,0.047771,-0.013570,0.015998,-15.666301,-52.738201,18.801300,-93.396698,0.129960,17.611099,-0.263421,-0.430829,-0.667752,0.546903,-693.524475,1535.331177,-4658.648438,-693.741394,1454.639648,-4669.050293,-683.701294,1578.630005,-4687.690430,-705.962158,1486.489624,-4616.949707,-690.693176,1621.565308,-4660.903809,,,,,,,,,,,,,2616.314209,1567.721558,-3159.760742,,,,,,,,,,,,,,,,,,,,,,,,,,,,,,,,,
9807,98.070000,0.000000,0.000000,0.000000,1.000000,0.000000,0.000000,0.000000,57.698101,20.499701,-14.700500,0.047771,-0.013570,0.015998,-15.666301,-52.738201,18.801300,-93.396698,0.129960,17.611099,-0.263421,-0.430829,-0.667752,0.546903,-693.524475,1535.331177,-4658.648438,-693.741394,1454.639648,-4669.050293,-683.701294,1578.630005,-4687.690430,-705.962158,1486.489624,-4616.949707,-690.693176,1621.565308,-4660.903809,,,,,,,,,,,,,2616.270752,1567.714111,-3159.771729,,,,,,,,,,,,,,,,,,,,,,,,,,,,,,,,,
9808,98.080000,0.000000,0.000000,0.000000,1.000000,0.000000,0.000000,0.000000,57.698101,20.499701,-14.700500,0.047771,-0.013570,0.015998,-15.666301,-52.738201,18.801300,-93.396698,0.129960,17.611099,-0.263421,-0.430829,-0.667752,0.546903,-693.524475,1535.331177,-4658.648438,-693.741394,1454.639648,-4669.050293,-683.701294,1578.630005,-4687.690430,-705.962158,1486.489624,-4616.949707,-690.693176,1621.565308,-4660.903809,,,,,,,,,,,,,2616.301025,1567.776001,-3159.787109,,,,,,,,,,,,,,,,,,,,,,,,,,,,,,,,,
9809,98.090000,0.000000,0.000000,0.000000,1.000000,0.000000,0.000000,0.000000,57.698101,20.499701,-14.700500,0.047771,-0.013570,0.015998,-15.666301,-52.738201,18.801300,-93.396698,0.129960,17.611099,-0.263421,-0.430829,-0.667752,0.546903,-693.524475,1535.331177,-4658.648438,-693.741394,1454.639648,-4669.050293,-683.701294,1578.630005,-4687.690430,-705.962158,1486.489624,-4616.949707,-690.693176,1621.565308,-4660.903809,,,,,,,,,,,,,2616.257568,1567.750488,-3159.788086,,,,,,,,,,,,,,,,,,,,,,,,,,,,,,,,,
9810,98.100000,0.000000,0.000000,0.000000,1.000000,0.000000,0.000000,0.000000,57.698101,20.499701,-14.700500,0.047771,-0.013570,0.015998,-15.666301,-52.738201,18.801300,-93.396698,0.129960,17.611099,-0.263421,-0.430829,-0.667752,0.546903,-693.524475,1535.331177,-4658.648438,-693.741394,1454.639648,-4669.050293,-683.701294,1578.630005,-4687.690430,-705.962158,1486.489624,-4616.949707,-690.693176,1621.565308,-4660.903809,,,,,,,,,,,,,2616.284180,1567.721069,-3159.788818,,,,,,,,,,,,,,,,,,,,,,,,,,,,,,,,,
9811,98.110000,0.000000,0.000000,0.000000,1.000000,0.000000,0.000000,0.000000,57.698101,20.499701,-14.700500,0.047771,-0.013570,0.015998,-15.666301,-52.738201,18.801300,-93.396698,0.129960,17.611099,-0.263421,-0.430829,-0.667752,0.546903,-693.524475,1535.331177,-4658.648438,-693.741394,1454.639648,-4669.050293,-683.701294,1578.630005,-4687.690430,-705.962158,1486.489624,-4616.949707,-690.693176,1621.565308,-4660.903809,,,,,,,,,,,,,2616.283936,1567.741455,-3159.767090,,,,,,,,,,,,,,,,,,,,,,,,,,,,,,,,,
9812,98.120000,0.000000,0.000000,0.000000,1.000000,0.000000,0.000000,0.000000,57.698101,20.499701,-14.700500,0.047771,-0.013570,0.015998,-15.666301,-52.738201,18.801300,-93.396698,0.129960,17.611099,-0.263421,-0.430829,-0.667752,0.546903,-693.524475,1535.331177,-4658.648438,-693.741394,1454.639648,-4669.050293,-683.701294,1578.630005,-4687.690430,-705.962158,1486.489624,-4616.949707,-690.693176,1621.565308,-4660.903809,,,,,,,,,,,,,2616.282715,1567.766846,-3159.792969,,,,,,,,,,,,,,,,,,,,,,,,,,,,,,,,,
9813,98.130000,0.000000,0.000000,0.000000,1.000000,0.000000,0.000000,0.000000,57.698101,20.499701,-14.700500,0.047771,-0.013570,0.015998,-15.666301,-52.738201,18.801300,-93.396698,0.129960,17.611099,-0.263421,-0.430829,-0.667752,0.546903,-693.524475,1535.331177,-4658.648438,-693.741394,1454.639648,-4669.050293,-683.701294,1578.630005,-4687.690430,-705.962158,1486.489624,-4616.949707,-690.693176,1621.565308,-4660.903809,,,,,,,,,,,,,2616.292480,1567.785889,-3159.786133,,,,,,,,,,,,,,,,,,,,,,,,,,,,,,,,,
9814,98.140000,0.000000,0.000000,0.000000,1.000000,0.000000,0.000000,0.000000,57.698101,20.499701,-14.700500,0.047771,-0.013570,0.015998,-15.666301,-52.738201,18.801300,-93.396698,0.129960,17.611099,-0.263421,-0.430829,-0.667752,0.546903,-693.524475,1535.331177,-4658.648438,-693.741394,1454.639648,-4669.050293,-683.701294,1578.630005,-4687.690430,-705.962158,1486.489624,-4616.949707,-690.693176,1621.565308,-4660.903809,,,,,,,,,,,,,2616.291260,1567.765137,-3159.789795,,,,,,,,,,,,,,,,,,,,,,,,,,,,,,,,,
9815,98.150000,0.000000,0.000000,0.000000,1.000000,0.000000,0.000000,0.000000,57.698101,20.499701,-14.700500,0.047771,-0.013570,0.015998,-15.666301,-52.738201,18.801300,-93.396698,0.129960,17.611099,-0.263421,-0.430829,-0.667752,0.546903,-693.524475,1535.331177,-4658.648438,-693.741394,1454.639648,-4669.050293,-683.701294,1578.630005,-4687.690430,-705.962158,1486.489624,-4616.949707,-690.693176,1621.565308,-4660.903809,,,,,,,,,,,,,2616.325195,1567.754028,-3159.773438,,,,,,,,,,,,,,,,,,,,,,,,,,,,,,,,,
9816,98.160000,0.000000,0.000000,0.000000,1.000000,0.000000,0.000000,0.000000,57.698101,20.499701,-14.700500,0.047771,-0.013570,0.015998,-15.666301,-52.738201,18.801300,-93.396698,0.129960,17.611099,-0.263421,-0.430829,-0.667752,0.546903,-693.524475,1535.331177,-4658.648438,-693.741394,1454.639648,-4669.050293,-683.701294,1578.630005,-4687.690430,-705.962158,1486.489624,-4616.949707,-690.693176,1621.565308,-4660.903809,,,,,,,,,,,,,2616.311035,1567.769043,-3159.769287,,,,,,,,,,,,,,,,,,,,,,,,,,,,,,,,,
9817,98.170000,0.000000,0.000000,0.000000,1.000000,0.000000,0.000000,0.000000,57.698101,20.499701,-14.700500,0.047771,-0.013570,0.015998,-15.666301,-52.738201,18.801300,-93.396698,0.129960,17.611099,-0.263421,-0.430829,-0.667752,0.546903,-693.524475,1535.331177,-4658.648438,-693.741394,1454.639648,-4669.050293,-683.701294,1578.630005,-4687.690430,-705.962158,1486.489624,-4616.949707,-690.693176,1621.565308,-4660.903809,,,,,,,,,,,,,2616.288330,1567.760010,-3159.779053,,,,,,,,,,,,,,,,,,,,,,,,,,,,,,,,,
9818,98.180000,0.000000,0.000000,0.000000,1.000000,0.000000,0.000000,0.000000,57.698101,20.499701,-14.700500,0.047771,-0.013570,0.015998,-15.666301,-52.738201,18.801300,-93.396698,0.129960,17.611099,-0.263421,-0.430829,-0.667752,0.546903,-693.524475,1535.331177,-4658.648438,-693.741394,1454.639648,-4669.050293,-683.701294,1578.630005,-4687.690430,-705.962158,1486.489624,-4616.949707,-690.693176,1621.565308,-4660.903809,,,,,,,,,,,,,2616.317871,1567.729004,-3159.778564,,,,,,,,,,,,,,,,,,,,,,,,,,,,,,,,,
9819,98.190000,0.000000,0.000000,0.000000,1.000000,0.000000,0.000000,0.000000,57.698101,20.499701,-14.700500,0.047771,-0.013570,0.015998,-15.666301,-52.738201,18.801300,-93.396698,0.129960,17.611099,-0.263421,-0.430829,-0.667752,0.546903,-693.524475,1535.331177,-4658.648438,-693.741394,1454.639648,-4669.050293,-683.701294,1578.630005,-4687.690430,-705.962158,1486.489624,-4616.949707,-690.693176,1621.565308,-4660.903809,,,,,,,,,,,,,2616.309814,1567.696777,-3159.754639,,,,,,,,,,,,,,,,,,,,,,,,,,,,,,,,,
9820,98.200000,0.000000,0.000000,0.000000,1.000000,0.000000,0.000000,0.000000,57.698101,20.499701,-14.700500,0.047771,-0.013570,0.015998,-15.666301,-52.738201,18.801300,-93.396698,0.129960,17.611099,-0.263421,-0.430829,-0.667752,0.546903,-693.524475,1535.331177,-4658.648438,-693.741394,1454.639648,-4669.050293,-683.701294,1578.630005,-4687.690430,-705.962158,1486.489624,-4616.949707,-690.693176,1621.565308,-4660.903809,,,,,,,,,,,,,2616.325684,1567.759277,-3159.759277,,,,,,,,,,,,,,,,,,,,,,,,,,,,,,,,,
9821,98.210000,0.000000,0.000000,0.000000,1.000000,0.000000,0.000000,0.000000,57.698101,20.499701,-14.700500,0.047771,-0.013570,0.015998,-15.666301,-52.738201,18.801300,-93.396698,0.129960,17.611099,-0.263421,-0.430829,-0.667752,0.546903,-693.524475,1535.331177,-4658.648438,-693.741394,1454.639648,-4669.050293,-683.701294,1578.630005,-4687.690430,-705.962158,1486.489624,-4616.949707,-690.693176,1621.565308,-4660.903809,,,,,,,,,,,,,2616.324219,1567.780518,-3159.784668,,,,,,,,,,,,,,,,,,,,,,,,,,,,,,,,,
9822,98.220000,0.000000,0.000000,0.000000,1.000000,0.000000,0.000000,0.000000,57.698101,20.499701,-14.700500,0.047771,-0.013570,0.015998,-15.666301,-52.738201,18.801300,-93.396698,0.129960,17.611099,-0.263421,-0.430829,-0.667752,0.546903,-693.524475,1535.331177,-4658.648438,-693.741394,1454.639648,-4669.050293,-683.701294,1578.630005,-4687.690430,-705.962158,1486.489624,-4616.949707,-690.693176,1621.565308,-4660.903809,,,,,,,,,,,,,2616.278564,1567.771362,-3159.796875,,,,,,,,,,,,,,,,,,,,,,,,,,,,,,,,,
9823,98.230000,0.000000,0.000000,0.000000,1.000000,0.000000,0.000000,0.000000,57.698101,20.499701,-14.700500,0.047771,-0.013570,0.015998,-15.666301,-52.738201,18.801300,-93.396698,0.129960,17.611099,-0.263421,-0.430829,-0.667752,0.546903,-693.524475,1535.331177,-4658.648438,-693.741394,1454.639648,-4669.050293,-683.701294,1578.630005,-4687.690430,-705.962158,1486.489624,-4616.949707,-690.693176,1621.565308,-4660.903809,,,,,,,,,,,,,2616.266602,1567.762939,-3159.791016,,,,,,,,,,,,,,,,,,,,,,,,,,,,,,,,,
9824,98.240000,0.000000,0.000000,0.000000,1.000000,0.000000,0.000000,0.000000,57.698101,20.499701,-14.700500,0.047771,-0.013570,0.015998,-15.666301,-52.738201,18.801300,-93.396698,0.129960,17.611099,-0.263421,-0.430829,-0.667752,0.546903,-693.524475,1535.331177,-4658.648438,-693.741394,1454.639648,-4669.050293,-683.701294,1578.630005,-4687.690430,-705.962158,1486.489624,-4616.949707,-690.693176,1621.565308,-4660.903809,,,,,,,,,,,,,2616.289307,1567.723755,-3159.787354,,,,,,,,,,,,,,,,,,,,,,,,,,,,,,,,,
9825,98.250000,0.000000,0.000000,0.000000,1.000000,0.000000,0.000000,0.000000,57.698101,20.499701,-14.700500,0.047771,-0.013570,0.015998,-15.666301,-52.738201,18.801300,-93.396698,0.129960,17.611099,-0.263421,-0.430829,-0.667752,0.546903,-693.524475,1535.331177,-4658.648438,-693.741394,1454.639648,-4669.050293,-683.701294,1578.630005,-4687.690430,-705.962158,1486.489624,-4616.949707,-690.693176,1621.565308,-4660.903809,,,,,,,,,,,,,2616.318359,1567.733521,-3159.768799,,,,,,,,,,,,,,,,,,,,,,,,,,,,,,,,,
9826,98.260000,0.000000,0.000000,0.000000,1.000000,0.000000,0.000000,0.000000,57.698101,20.499701,-14.700500,0.047771,-0.013570,0.015998,-15.666301,-52.738201,18.801300,-93.396698,0.129960,17.611099,-0.263421,-0.430829,-0.667752,0.546903,-693.524475,1535.331177,-4658.648438,-693.741394,1454.639648,-4669.050293,-683.701294,1578.630005,-4687.690430,-705.962158,1486.489624,-4616.949707,-690.693176,1621.565308,-4660.903809,,,,,,,,,,,,,2616.268555,1567.761841,-3159.785645,,,,,,,,,,,,,,,,,,,,,,,,,,,,,,,,,
9827,98.270000,0.000000,0.000000,0.000000,1.000000,0.000000,0.000000,0.000000,57.698101,20.499701,-14.700500,0.047771,-0.013570,0.015998,-15.666301,-52.738201,18.801300,-93.396698,0.129960,17.611099,-0.263421,-0.430829,-0.667752,0.546903,-693.524475,1535.331177,-4658.648438,-693.741394,1454.639648,-4669.050293,-683.701294,1578.630005,-4687.690430,-705.962158,1486.489624,-4616.949707,-690.693176,1621.565308,-4660.903809,,,,,,,,,,,,,2616.273926,1567.726807,-3159.789307,,,,,,,,,,,,,,,,,,,,,,,,,,,,,,,,,
9828,98.280000,0.000000,0.000000,0.000000,1.000000,0.000000,0.000000,0.000000,57.698101,20.499701,-14.700500,0.047771,-0.013570,0.015998,-15.666301,-52.738201,18.801300,-93.396698,0.129960,17.611099,-0.263421,-0.430829,-0.667752,0.546903,-693.524475,1535.331177,-4658.648438,-693.741394,1454.639648,-4669.050293,-683.701294,1578.630005,-4687.690430,-705.962158,1486.489624,-4616.949707,-690.693176,1621.565308,-4660.903809,,,,,,,,,,,,,2616.278076,1567.754028,-3159.769775,,,,,,,,,,,,,,,,,,,,,,,,,,,,,,,,,
9829,98.290000,0.000000,0.000000,0.000000,1.000000,0.000000,0.000000,0.000000,57.698101,20.499701,-14.700500,0.047771,-0.013570,0.015998,-15.666301,-52.738201,18.801300,-93.396698,0.129960,17.611099,-0.263421,-0.430829,-0.667752,0.546903,-693.524475,1535.331177,-4658.648438,-693.741394,1454.639648,-4669.050293,-683.701294,1578.630005,-4687.690430,-705.962158,1486.489624,-4616.949707,-690.693176,1621.565308,-4660.903809,,,,,,,,,,,,,2616.299805,1567.761230,-3159.763672,,,,,,,,,,,,,,,,,,,,,,,,,,,,,,,,,
9830,98.300000,0.000000,0.000000,0.000000,1.000000,0.000000,0.000000,0.000000,57.698101,20.499701,-14.700500,0.047771,-0.013570,0.015998,-15.666301,-52.738201,18.801300,-93.396698,0.129960,17.611099,-0.263421,-0.430829,-0.667752,0.546903,-693.524475,1535.331177,-4658.648438,-693.741394,1454.639648,-4669.050293,-683.701294,1578.630005,-4687.690430,-705.962158,1486.489624,-4616.949707,-690.693176,1621.565308,-4660.903809,,,,,,,,,,,,,2616.268066,1567.726440,-3159.770752,,,,,,,,,,,,,,,,,,,,,,,,,,,,,,,,,
9831,98.310000,0.000000,0.000000,0.000000,1.000000,0.000000,0.000000,0.000000,57.698101,20.499701,-14.700500,0.047771,-0.013570,0.015998,-15.666301,-52.738201,18.801300,-93.396698,0.129960,17.611099,-0.263421,-0.430829,-0.667752,0.546903,-693.524475,1535.331177,-4658.648438,-693.741394,1454.639648,-4669.050293,-683.701294,1578.630005,-4687.690430,-705.962158,1486.489624,-4616.949707,-690.693176,1621.565308,-4660.903809,,,,,,,,,,,,,2616.282471,1567.736694,-3159.779541,,,,,,,,,,,,,,,,,,,,,,,,,,,,,,,,,
9832,98.320000,0.000000,0.000000,0.000000,1.000000,0.000000,0.000000,0.000000,57.698101,20.499701,-14.700500,0.047771,-0.013570,0.015998,-15.666301,-52.738201,18.801300,-93.396698,0.129960,17.611099,-0.263421,-0.430829,-0.667752,0.546903,-693.524475,1535.331177,-4658.648438,-693.741394,1454.639648,-4669.050293,-683.701294,1578.630005,-4687.690430,-705.962158,1486.489624,-4616.949707,-690.693176,1621.565308,-4660.903809,,,,,,,,,,,,,2616.302979,1567.746216,-3159.768066,,,,,,,,,,,,,,,,,,,,,,,,,,,,,,,,,
9833,98.330000,0.000000,0.000000,0.000000,1.000000,0.000000,0.000000,0.000000,57.698101,20.499701,-14.700500,0.047771,-0.013570,0.015998,-15.666301,-52.738201,18.801300,-93.396698,0.129960,17.611099,-0.263421,-0.430829,-0.667752,0.546903,-693.524475,1535.331177,-4658.648438,-693.741394,1454.639648,-4669.050293,-683.701294,1578.630005,-4687.690430,-705.962158,1486.489624,-4616.949707,-690.693176,1621.565308,-4660.903809,,,,,,,,,,,,,2616.309326,1567.741089,-3159.768555,,,,,,,,,,,,,,,,,,,,,,,,,,,,,,,,,
9834,98.340000,0.000000,0.000000,0.000000,1.000000,0.000000,0.000000,0.000000,57.698101,20.499701,-14.700500,0.047771,-0.013570,0.015998,-15.666301,-52.738201,18.801300,-93.396698,0.129960,17.611099,-0.263421,-0.430829,-0.667752,0.546903,-693.524475,1535.331177,-4658.648438,-693.741394,1454.639648,-4669.050293,-683.701294,1578.630005,-4687.690430,-705.962158,1486.489624,-4616.949707,-690.693176,1621.565308,-4660.903809,,,,,,,,,,,,,2616.305908,1567.729980,-3159.764648,,,,,,,,,,,,,,,,,,,,,,,,,,,,,,,,,
9835,98.350000,0.000000,0.000000,0.000000,1.000000,0.000000,0.000000,0.000000,57.698101,20.499701,-14.700500,0.047771,-0.013570,0.015998,-15.666301,-52.738201,18.801300,-93.396698,0.129960,17.611099,-0.263421,-0.430829,-0.667752,0.546903,-693.524475,1535.331177,-4658.648438,-693.741394,1454.639648,-4669.050293,-683.701294,1578.630005,-4687.690430,-705.962158,1486.489624,-4616.949707,-690.693176,1621.565308,-4660.903809,,,,,,,,,,,,,2616.276123,1567.772095,-3159.781494,,,,,,,,,,,,,,,,,,,,,,,,,,,,,,,,,
9836,98.360000,0.000000,0.000000,0.000000,1.000000,0.000000,0.000000,0.000000,57.698101,20.499701,-14.700500,0.047771,-0.013570,0.015998,-15.666301,-52.738201,18.801300,-93.396698,0.129960,17.611099,-0.263421,-0.430829,-0.667752,0.546903,-693.524475,1535.331177,-4658.648438,-693.741394,1454.639648,-4669.050293,-683.701294,1578.630005,-4687.690430,-705.962158,1486.489624,-4616.949707,-690.693176,1621.565308,-4660.903809,,,,,,,,,,,,,2616.260498,1567.764038,-3159.796387,,,,,,,,,,,,,,,,,,,,,,,,,,,,,,,,,
9837,98.370000,0.000000,0.000000,0.000000,1.000000,0.000000,0.000000,0.000000,57.698101,20.499701,-14.700500,0.047771,-0.013570,0.015998,-15.666301,-52.738201,18.801300,-93.396698,0.129960,17.611099,-0.263421,-0.430829,-0.667752,0.546903,-693.524475,1535.331177,-4658.648438,-693.741394,1454.639648,-4669.050293,-683.701294,1578.630005,-4687.690430,-705.962158,1486.489624,-4616.949707,-690.693176,1621.565308,-4660.903809,,,,,,,,,,,,,2616.267578,1567.768921,-3159.790771,,,,,,,,,,,,,,,,,,,,,,,,,,,,,,,,,
9838,98.380000,0.000000,0.000000,0.000000,1.000000,0.000000,0.000000,0.000000,57.698101,20.499701,-14.700500,0.047771,-0.013570,0.015998,-15.666301,-52.738201,18.801300,-93.396698,0.129960,17.611099,-0.263421,-0.430829,-0.667752,0.546903,-693.524475,1535.331177,-4658.648438,-693.741394,1454.639648,-4669.050293,-683.701294,1578.630005,-4687.690430,-705.962158,1486.489624,-4616.949707,-690.693176,1621.565308,-4660.903809,,,,,,,,,,,,,2616.287598,1567.756348,-3159.792969,,,,,,,,,,,,,,,,,,,,,,,,,,,,,,,,,
9839,98.390000,0.000000,0.000000,0.000000,1.000000,0.000000,0.000000,0.000000,57.698101,20.499701,-14.700500,0.047771,-0.013570,0.015998,-15.666301,-52.738201,18.801300,-93.396698,0.129960,17.611099,-0.263421,-0.430829,-0.667752,0.546903,-693.524475,1535.331177,-4658.648438,-693.741394,1454.639648,-4669.050293,-683.701294,1578.630005,-4687.690430,-705.962158,1486.489624,-4616.949707,-690.693176,1621.565308,-4660.903809,,,,,,,,,,,,,2616.310059,1567.731323,-3159.777344,,,,,,,,,,,,,,,,,,,,,,,,,,,,,,,,,
9840,98.400000,0.000000,0.000000,0.000000,1.000000,0.000000,0.000000,0.000000,57.698101,20.499701,-14.700500,0.047771,-0.013570,0.015998,-15.666301,-52.738201,18.801300,-93.396698,0.129960,17.611099,-0.263421,-0.430829,-0.667752,0.546903,-693.524475,1535.331177,-4658.648438,-693.741394,1454.639648,-4669.050293,-683.701294,1578.630005,-4687.690430,-705.962158,1486.489624,-4616.949707,-690.693176,1621.565308,-4660.903809,,,,,,,,,,,,,2616.308838,1567.742432,-3159.768799,,,,,,,,,,,,,,,,,,,,,,,,,,,,,,,,,
9841,98.410000,0.000000,0.000000,0.000000,1.000000,0.000000,0.000000,0.000000,57.698101,20.499701,-14.700500,0.047771,-0.013570,0.015998,-15.666301,-52.738201,18.801300,-93.396698,0.129960,17.611099,-0.263421,-0.430829,-0.667752,0.546903,-693.524475,1535.331177,-4658.648438,-693.741394,1454.639648,-4669.050293,-683.701294,1578.630005,-4687.690430,-705.962158,1486.489624,-4616.949707,-690.693176,1621.565308,-4660.903809,,,,,,,,,,,,,2616.250732,1567.732666,-3159.780518,,,,,,,,,,,,,,,,,,,,,,,,,,,,,,,,,
9842,98.420000,0.000000,0.000000,0.000000,1.000000,0.000000,0.000000,0.000000,57.698101,20.499701,-14.700500,0.047771,-0.013570,0.015998,-15.666301,-52.738201,18.801300,-93.396698,0.129960,17.611099,-0.263421,-0.430829,-0.667752,0.546903,-693.524475,1535.331177,-4658.648438,-693.741394,1454.639648,-4669.050293,-683.701294,1578.630005,-4687.690430,-705.962158,1486.489624,-4616.949707,-690.693176,1621.565308,-4660.903809,,,,,,,,,,,,,2616.271484,1567.724854,-3159.791748,,,,,,,,,,,,,,,,,,,,,,,,,,,,,,,,,
9843,98.430000,0.000000,0.000000,0.000000,1.000000,0.000000,0.000000,0.000000,57.698101,20.499701,-14.700500,0.047771,-0.013570,0.015998,-15.666301,-52.738201,18.801300,-93.396698,0.129960,17.611099,-0.263421,-0.430829,-0.667752,0.546903,-693.524475,1535.331177,-4658.648438,-693.741394,1454.639648,-4669.050293,-683.701294,1578.630005,-4687.690430,-705.962158,1486.489624,-4616.949707,-690.693176,1621.565308,-4660.903809,,,,,,,,,,,,,2616.279297,1567.758789,-3159.785645,,,,,,,,,,,,,,,,,,,,,,,,,,,,,,,,,
9844,98.440000,0.000000,0.000000,0.000000,1.000000,0.000000,0.000000,0.000000,57.698101,20.499701,-14.700500,0.047771,-0.013570,0.015998,-15.666301,-52.738201,18.801300,-93.396698,0.129960,17.611099,-0.263421,-0.430829,-0.667752,0.546903,-693.524475,1535.331177,-4658.648438,-693.741394,1454.639648,-4669.050293,-683.701294,1578.630005,-4687.690430,-705.962158,1486.489624,-4616.949707,-690.693176,1621.565308,-4660.903809,,,,,,,,,,,,,2616.252930,1567.754639,-3159.795654,,,,,,,,,,,,,,,,,,,,,,,,,,,,,,,,,
9845,98.450000,0.000000,0.000000,0.000000,1.000000,0.000000,0.000000,0.000000,57.698101,20.499701,-14.700500,0.047771,-0.013570,0.015998,-15.666301,-52.738201,18.801300,-93.396698,0.129960,17.611099,-0.263421,-0.430829,-0.667752,0.546903,-693.524475,1535.331177,-4658.648438,-693.741394,1454.639648,-4669.050293,-683.701294,1578.630005,-4687.690430,-705.962158,1486.489624,-4616.949707,-690.693176,1621.565308,-4660.903809,,,,,,,,,,,,,2616.304688,1567.778198,-3159.782471,,,,,,,,,,,,,,,,,,,,,,,,,,,,,,,,,
9846,98.460000,0.000000,0.000000,0.000000,1.000000,0.000000,0.000000,0.000000,57.698101,20.499701,-14.700500,0.047771,-0.013570,0.015998,-15.666301,-52.738201,18.801300,-93.396698,0.129960,17.611099,-0.263421,-0.430829,-0.667752,0.546903,-693.524475,1535.331177,-4658.648438,-693.741394,1454.639648,-4669.050293,-683.701294,1578.630005,-4687.690430,-705.962158,1486.489624,-4616.949707,-690.693176,1621.565308,-4660.903809,,,,,,,,,,,,,2616.310547,1567.729126,-3159.771973,,,,,,,,,,,,,,,,,,,,,,,,,,,,,,,,,
9847,98.470000,0.000000,0.000000,0.000000,1.000000,0.000000,0.000000,0.000000,57.698101,20.499701,-14.700500,0.047771,-0.013570,0.015998,-15.666301,-52.738201,18.801300,-93.396698,0.129960,17.611099,-0.263421,-0.430829,-0.667752,0.546903,-693.524475,1535.331177,-4658.648438,-693.741394,1454.639648,-4669.050293,-683.701294,1578.630005,-4687.690430,-705.962158,1486.489624,-4616.949707,-690.693176,1621.565308,-4660.903809,,,,,,,,,,,,,2616.268555,1567.760376,-3159.778320,,,,,,,,,,,,,,,,,,,,,,,,,,,,,,,,,
9848,98.480000,0.000000,0.000000,0.000000,1.000000,0.000000,0.000000,0.000000,57.698101,20.499701,-14.700500,0.047771,-0.013570,0.015998,-15.666301,-52.738201,18.801300,-93.396698,0.129960,17.611099,-0.263421,-0.430829,-0.667752,0.546903,-693.524475,1535.331177,-4658.648438,-693.741394,1454.639648,-4669.050293,-683.701294,1578.630005,-4687.690430,-705.962158,1486.489624,-4616.949707,-690.693176,1621.565308,-4660.903809,,,,,,,,,,,,,2616.238037,1567.763794,-3159.791748,,,,,,,,,,,,,,,,,,,,,,,,,,,,,,,,,
9849,98.490000,0.000000,0.000000,0.000000,1.000000,0.000000,0.000000,0.000000,57.698101,20.499701,-14.700500,0.047771,-0.013570,0.015998,-15.666301,-52.738201,18.801300,-93.396698,0.129960,17.611099,-0.263421,-0.430829,-0.667752,0.546903,-693.524475,1535.331177,-4658.648438,-693.741394,1454.639648,-4669.050293,-683.701294,1578.630005,-4687.690430,-705.962158,1486.489624,-4616.949707,-690.693176,1621.565308,-4660.903809,,,,,,,,,,,,,2616.289795,1567.762817,-3159.795166,,,,,,,,,,,,,,,,,,,,,,,,,,,,,,,,,
9850,98.500000,0.000000,0.000000,0.000000,1.000000,0.000000,0.000000,0.000000,57.698101,20.499701,-14.700500,0.047771,-0.013570,0.015998,-15.666301,-52.738201,18.801300,-93.396698,0.129960,17.611099,-0.263421,-0.430829,-0.667752,0.546903,-693.524475,1535.331177,-4658.648438,-693.741394,1454.639648,-4669.050293,-683.701294,1578.630005,-4687.690430,-705.962158,1486.489624,-4616.949707,-690.693176,1621.565308,-4660.903809,,,,,,,,,,,,,2616.303467,1567.744385,-3159.782471,,,,,,,,,,,,,,,,,,,,,,,,,,,,,,,,,
9851,98.510000,0.000000,0.000000,0.000000,1.000000,0.000000,0.000000,0.000000,57.698101,20.499701,-14.700500,0.047771,-0.013570,0.015998,-15.666301,-52.738201,18.801300,-93.396698,0.129960,17.611099,-0.263421,-0.430829,-0.667752,0.546903,-693.524475,1535.331177,-4658.648438,-693.741394,1454.639648,-4669.050293,-683.701294,1578.630005,-4687.690430,-705.962158,1486.489624,-4616.949707,-690.693176,1621.565308,-4660.903809,,,,,,,,,,,,,2616.303955,1567.742676,-3159.762695,,,,,,,,,,,,,,,,,,,,,,,,,,,,,,,,,
9852,98.520000,0.000000,0.000000,0.000000,1.000000,0.000000,0.000000,0.000000,57.698101,20.499701,-14.700500,0.047771,-0.013570,0.015998,-15.666301,-52.738201,18.801300,-93.396698,0.129960,17.611099,-0.263421,-0.430829,-0.667752,0.546903,-693.524475,1535.331177,-4658.648438,-693.741394,1454.639648,-4669.050293,-683.701294,1578.630005,-4687.690430,-705.962158,1486.489624,-4616.949707,-690.693176,1621.565308,-4660.903809,,,,,,,,,,,,,2616.293945,1567.717529,-3159.765381,,,,,,,,,,,,,,,,,,,,,,,,,,,,,,,,,
9853,98.530000,0.000000,0.000000,0.000000,1.000000,0.000000,0.000000,0.000000,57.698101,20.499701,-14.700500,0.047771,-0.013570,0.015998,-15.666301,-52.738201,18.801300,-93.396698,0.129960,17.611099,-0.263421,-0.430829,-0.667752,0.546903,-693.524475,1535.331177,-4658.648438,-693.741394,1454.639648,-4669.050293,-683.701294,1578.630005,-4687.690430,-705.962158,1486.489624,-4616.949707,-690.693176,1621.565308,-4660.903809,,,,,,,,,,,,,2616.322754,1567.748779,-3159.770508,,,,,,,,,,,,,,,,,,,,,,,,,,,,,,,,,
9854,98.540000,0.000000,0.000000,0.000000,1.000000,0.000000,0.000000,0.000000,57.698101,20.499701,-14.700500,0.047771,-0.013570,0.015998,-15.666301,-52.738201,18.801300,-93.396698,0.129960,17.611099,-0.263421,-0.430829,-0.667752,0.546903,-693.524475,1535.331177,-4658.648438,-693.741394,1454.639648,-4669.050293,-683.701294,1578.630005,-4687.690430,-705.962158,1486.489624,-4616.949707,-690.693176,1621.565308,-4660.903809,,,,,,,,,,,,,2616.287842,1567.734497,-3159.787842,,,,,,,,,,,,,,,,,,,,,,,,,,,,,,,,,
9855,98.550000,0.000000,0.000000,0.000000,1.000000,0.000000,0.000000,0.000000,57.698101,20.499701,-14.700500,0.047771,-0.013570,0.015998,-15.666301,-52.738201,18.801300,-93.396698,0.129960,17.611099,-0.263421,-0.430829,-0.667752,0.546903,-693.524475,1535.331177,-4658.648438,-693.741394,1454.639648,-4669.050293,-683.701294,1578.630005,-4687.690430,-705.962158,1486.489624,-4616.949707,-690.693176,1621.565308,-4660.903809,,,,,,,,,,,,,2616.271729,1567.725464,-3159.793945,,,,,,,,,,,,,,,,,,,,,,,,,,,,,,,,,
9856,98.560000,0.000000,0.000000,0.000000,1.000000,0.000000,0.000000,0.000000,57.698101,20.499701,-14.700500,0.047771,-0.013570,0.015998,-15.666301,-52.738201,18.801300,-93.396698,0.129960,17.611099,-0.263421,-0.430829,-0.667752,0.546903,-693.524475,1535.331177,-4658.648438,-693.741394,1454.639648,-4669.050293,-683.701294,1578.630005,-4687.690430,-705.962158,1486.489624,-4616.949707,-690.693176,1621.565308,-4660.903809,,,,,,,,,,,,,2616.252441,1567.757935,-3159.788574,,,,,,,,,,,,,,,,,,,,,,,,,,,,,,,,,
9857,98.570000,0.000000,0.000000,0.000000,1.000000,0.000000,0.000000,0.000000,57.698101,20.499701,-14.700500,0.047771,-0.013570,0.015998,-15.666301,-52.738201,18.801300,-93.396698,0.129960,17.611099,-0.263421,-0.430829,-0.667752,0.546903,-693.524475,1535.331177,-4658.648438,-693.741394,1454.639648,-4669.050293,-683.701294,1578.630005,-4687.690430,-705.962158,1486.489624,-4616.949707,-690.693176,1621.565308,-4660.903809,,,,,,,,,,,,,2616.280029,1567.749268,-3159.796631,,,,,,,,,,,,,,,,,,,,,,,,,,,,,,,,,
9858,98.580000,0.000000,0.000000,0.000000,1.000000,0.000000,0.000000,0.000000,57.698101,20.499701,-14.700500,0.047771,-0.013570,0.015998,-15.666301,-52.738201,18.801300,-93.396698,0.129960,17.611099,-0.263421,-0.430829,-0.667752,0.546903,-693.524475,1535.331177,-4658.648438,-693.741394,1454.639648,-4669.050293,-683.701294,1578.630005,-4687.690430,-705.962158,1486.489624,-4616.949707,-690.693176,1621.565308,-4660.903809,,,,,,,,,,,,,2616.293457,1567.734741,-3159.770996,,,,,,,,,,,,,,,,,,,,,,,,,,,,,,,,,
9859,98.590000,0.000000,0.000000,0.000000,1.000000,0.000000,0.000000,0.000000,57.698101,20.499701,-14.700500,0.047771,-0.013570,0.015998,-15.666301,-52.738201,18.801300,-93.396698,0.129960,17.611099,-0.263421,-0.430829,-0.667752,0.546903,-693.524475,1535.331177,-4658.648438,-693.741394,1454.639648,-4669.050293,-683.701294,1578.630005,-4687.690430,-705.962158,1486.489624,-4616.949707,-690.693176,1621.565308,-4660.903809,,,,,,,,,,,,,2616.307617,1567.739746,-3159.772217,,,,,,,,,,,,,,,,,,,,,,,,,,,,,,,,,
9860,98.600000,0.000000,0.000000,0.000000,1.000000,0.000000,0.000000,0.000000,57.698101,20.499701,-14.700500,0.047771,-0.013570,0.015998,-15.666301,-52.738201,18.801300,-93.396698,0.129960,17.611099,-0.263421,-0.430829,-0.667752,0.546903,-693.524475,1535.331177,-4658.648438,-693.741394,1454.639648,-4669.050293,-683.701294,1578.630005,-4687.690430,-705.962158,1486.489624,-4616.949707,-690.693176,1621.565308,-4660.903809,,,,,,,,,,,,,2616.288330,1567.763062,-3159.776855,,,,,,,,,,,,,,,,,,,,,,,,,,,,,,,,,
9861,98.610000,0.000000,0.000000,0.000000,1.000000,0.000000,0.000000,0.000000,57.698101,20.499701,-14.700500,0.047771,-0.013570,0.015998,-15.666301,-52.738201,18.801300,-93.396698,0.129960,17.611099,-0.263421,-0.430829,-0.667752,0.546903,-693.524475,1535.331177,-4658.648438,-693.741394,1454.639648,-4669.050293,-683.701294,1578.630005,-4687.690430,-705.962158,1486.489624,-4616.949707,-690.693176,1621.565308,-4660.903809,,,,,,,,,,,,,2616.301514,1567.732788,-3159.774902,,,,,,,,,,,,,,,,,,,,,,,,,,,,,,,,,
9862,98.620000,0.000000,0.000000,0.000000,1.000000,0.000000,0.000000,0.000000,57.698101,20.499701,-14.700500,0.047771,-0.013570,0.015998,-15.666301,-52.738201,18.801300,-93.396698,0.129960,17.611099,-0.263421,-0.430829,-0.667752,0.546903,-693.524475,1535.331177,-4658.648438,-693.741394,1454.639648,-4669.050293,-683.701294,1578.630005,-4687.690430,-705.962158,1486.489624,-4616.949707,-690.693176,1621.565308,-4660.903809,,,,,,,,,,,,,2616.275146,1567.730469,-3159.773193,,,,,,,,,,,,,,,,,,,,,,,,,,,,,,,,,
9863,98.630000,0.000000,0.000000,0.000000,1.000000,0.000000,0.000000,0.000000,57.698101,20.499701,-14.700500,0.047771,-0.013570,0.015998,-15.666301,-52.738201,18.801300,-93.396698,0.129960,17.611099,-0.263421,-0.430829,-0.667752,0.546903,-693.524475,1535.331177,-4658.648438,-693.741394,1454.639648,-4669.050293,-683.701294,1578.630005,-4687.690430,-705.962158,1486.489624,-4616.949707,-690.693176,1621.565308,-4660.903809,,,,,,,,,,,,,2616.291260,1567.754395,-3159.785645,,,,,,,,,,,,,,,,,,,,,,,,,,,,,,,,,
9864,98.640000,0.000000,0.000000,0.000000,1.000000,0.000000,0.000000,0.000000,57.698101,20.499701,-14.700500,0.047771,-0.013570,0.015998,-15.666301,-52.738201,18.801300,-93.396698,0.129960,17.611099,-0.263421,-0.430829,-0.667752,0.546903,-693.524475,1535.331177,-4658.648438,-693.741394,1454.639648,-4669.050293,-683.701294,1578.630005,-4687.690430,-705.962158,1486.489624,-4616.949707,-690.693176,1621.565308,-4660.903809,,,,,,,,,,,,,2616.305176,1567.750000,-3159.785156,,,,,,,,,,,,,,,,,,,,,,,,,,,,,,,,,
9865,98.650000,0.000000,0.000000,0.000000,1.000000,0.000000,0.000000,0.000000,57.698101,20.499701,-14.700500,0.047771,-0.013570,0.015998,-15.666301,-52.738201,18.801300,-93.396698,0.129960,17.611099,-0.263421,-0.430829,-0.667752,0.546903,-693.524475,1535.331177,-4658.648438,-693.741394,1454.639648,-4669.050293,-683.701294,1578.630005,-4687.690430,-705.962158,1486.489624,-4616.949707,-690.693176,1621.565308,-4660.903809,,,,,,,,,,,,,2616.278320,1567.733032,-3159.776855,,,,,,,,,,,,,,,,,,,,,,,,,,,,,,,,,
9866,98.660000,0.000000,0.000000,0.000000,1.000000,0.000000,0.000000,0.000000,57.698101,20.499701,-14.700500,0.047771,-0.013570,0.015998,-15.666301,-52.738201,18.801300,-93.396698,0.129960,17.611099,-0.263421,-0.430829,-0.667752,0.546903,-693.524475,1535.331177,-4658.648438,-693.741394,1454.639648,-4669.050293,-683.701294,1578.630005,-4687.690430,-705.962158,1486.489624,-4616.949707,-690.693176,1621.565308,-4660.903809,,,,,,,,,,,,,2616.319336,1567.742798,-3159.763916,,,,,,,,,,,,,,,,,,,,,,,,,,,,,,,,,
9867,98.670000,0.000000,0.000000,0.000000,1.000000,0.000000,0.000000,0.000000,57.698101,20.499701,-14.700500,0.047771,-0.013570,0.015998,-15.666301,-52.738201,18.801300,-93.396698,0.129960,17.611099,-0.263421,-0.430829,-0.667752,0.546903,-693.524475,1535.331177,-4658.648438,-693.741394,1454.639648,-4669.050293,-683.701294,1578.630005,-4687.690430,-705.962158,1486.489624,-4616.949707,-690.693176,1621.565308,-4660.903809,,,,,,,,,,,,,2616.322754,1567.756836,-3159.759033,,,,,,,,,,,,,,,,,,,,,,,,,,,,,,,,,
9868,98.680000,0.000000,0.000000,0.000000,1.000000,0.000000,0.000000,0.000000,57.698101,20.499701,-14.700500,0.047771,-0.013570,0.015998,-15.666301,-52.738201,18.801300,-93.396698,0.129960,17.611099,-0.263421,-0.430829,-0.667752,0.546903,-693.524475,1535.331177,-4658.648438,-693.741394,1454.639648,-4669.050293,-683.701294,1578.630005,-4687.690430,-705.962158,1486.489624,-4616.949707,-690.693176,1621.565308,-4660.903809,,,,,,,,,,,,,2616.282715,1567.764038,-3159.781250,,,,,,,,,,,,,,,,,,,,,,,,,,,,,,,,,
9869,98.690000,0.000000,0.000000,0.000000,1.000000,0.000000,0.000000,0.000000,57.698101,20.499701,-14.700500,0.047771,-0.013570,0.015998,-15.666301,-52.738201,18.801300,-93.396698,0.129960,17.611099,-0.263421,-0.430829,-0.667752,0.546903,-693.524475,1535.331177,-4658.648438,-693.741394,1454.639648,-4669.050293,-683.701294,1578.630005,-4687.690430,-705.962158,1486.489624,-4616.949707,-690.693176,1621.565308,-4660.903809,,,,,,,,,,,,,2616.280762,1567.754395,-3159.789551,,,,,,,,,,,,,,,,,,,,,,,,,,,,,,,,,
9870,98.700000,0.000000,0.000000,0.000000,1.000000,0.000000,0.000000,0.000000,57.698101,20.499701,-14.700500,0.047771,-0.013570,0.015998,-15.666301,-52.738201,18.801300,-93.396698,0.129960,17.611099,-0.263421,-0.430829,-0.667752,0.546903,-693.524475,1535.331177,-4658.648438,-693.741394,1454.639648,-4669.050293,-683.701294,1578.630005,-4687.690430,-705.962158,1486.489624,-4616.949707,-690.693176,1621.565308,-4660.903809,,,,,,,,,,,,,2616.283203,1567.741333,-3159.779297,,,,,,,,,,,,,,,,,,,,,,,,,,,,,,,,,
9871,98.710000,0.000000,0.000000,0.000000,1.000000,0.000000,0.000000,0.000000,57.698101,20.499701,-14.700500,0.047771,-0.013570,0.015998,-15.666301,-52.738201,18.801300,-93.396698,0.129960,17.611099,-0.263421,-0.430829,-0.667752,0.546903,-693.524475,1535.331177,-4658.648438,-693.741394,1454.639648,-4669.050293,-683.701294,1578.630005,-4687.690430,-705.962158,1486.489624,-4616.949707,-690.693176,1621.565308,-4660.903809,,,,,,,,,,,,,2616.283691,1567.727905,-3159.774658,,,,,,,,,,,,,,,,,,,,,,,,,,,,,,,,,
9872,98.720000,0.000000,0.000000,0.000000,1.000000,0.000000,0.000000,0.000000,57.698101,20.499701,-14.700500,0.047771,-0.013570,0.015998,-15.666301,-52.738201,18.801300,-93.396698,0.129960,17.611099,-0.263421,-0.430829,-0.667752,0.546903,-693.524475,1535.331177,-4658.648438,-693.741394,1454.639648,-4669.050293,-683.701294,1578.630005,-4687.690430,-705.962158,1486.489624,-4616.949707,-690.693176,1621.565308,-4660.903809,,,,,,,,,,,,,2616.294189,1567.751953,-3159.780518,,,,,,,,,,,,,,,,,,,,,,,,,,,,,,,,,
9873,98.730000,0.000000,0.000000,0.000000,1.000000,0.000000,0.000000,0.000000,57.698101,20.499701,-14.700500,0.047771,-0.013570,0.015998,-15.666301,-52.738201,18.801300,-93.396698,0.129960,17.611099,-0.263421,-0.430829,-0.667752,0.546903,-693.524475,1535.331177,-4658.648438,-693.741394,1454.639648,-4669.050293,-683.701294,1578.630005,-4687.690430,-705.962158,1486.489624,-4616.949707,-690.693176,1621.565308,-4660.903809,,,,,,,,,,,,,2616.296875,1567.755859,-3159.783691,,,,,,,,,,,,,,,,,,,,,,,,,,,,,,,,,
9874,98.740000,0.000000,0.000000,0.000000,1.000000,0.000000,0.000000,0.000000,57.698101,20.499701,-14.700500,0.047771,-0.013570,0.015998,-15.666301,-52.738201,18.801300,-93.396698,0.129960,17.611099,-0.263421,-0.430829,-0.667752,0.546903,-693.524475,1535.331177,-4658.648438,-693.741394,1454.639648,-4669.050293,-683.701294,1578.630005,-4687.690430,-705.962158,1486.489624,-4616.949707,-690.693176,1621.565308,-4660.903809,,,,,,,,,,,,,2616.264648,1567.753540,-3159.784424,,,,,,,,,,,,,,,,,,,,,,,,,,,,,,,,,
9875,98.750000,0.000000,0.000000,0.000000,1.000000,0.000000,0.000000,0.000000,57.698101,20.499701,-14.700500,0.047771,-0.013570,0.015998,-15.666301,-52.738201,18.801300,-93.396698,0.129960,17.611099,-0.263421,-0.430829,-0.667752,0.546903,-693.524475,1535.331177,-4658.648438,-693.741394,1454.639648,-4669.050293,-683.701294,1578.630005,-4687.690430,-705.962158,1486.489624,-4616.949707,-690.693176,1621.565308,-4660.903809,,,,,,,,,,,,,2616.252930,1567.744141,-3159.792725,,,,,,,,,,,,,,,,,,,,,,,,,,,,,,,,,
9876,98.760000,0.000000,0.000000,0.000000,1.000000,0.000000,0.000000,0.000000,57.698101,20.499701,-14.700500,0.047771,-0.013570,0.015998,-15.666301,-52.738201,18.801300,-93.396698,0.129960,17.611099,-0.263421,-0.430829,-0.667752,0.546903,-693.524475,1535.331177,-4658.648438,-693.741394,1454.639648,-4669.050293,-683.701294,1578.630005,-4687.690430,-705.962158,1486.489624,-4616.949707,-690.693176,1621.565308,-4660.903809,,,,,,,,,,,,,2616.300537,1567.734985,-3159.775635,,,,,,,,,,,,,,,,,,,,,,,,,,,,,,,,,
9877,98.770000,0.000000,0.000000,0.000000,1.000000,0.000000,0.000000,0.000000,57.698101,20.499701,-14.700500,0.047771,-0.013570,0.015998,-15.666301,-52.738201,18.801300,-93.396698,0.129960,17.611099,-0.263421,-0.430829,-0.667752,0.546903,-693.524475,1535.331177,-4658.648438,-693.741394,1454.639648,-4669.050293,-683.701294,1578.630005,-4687.690430,-705.962158,1486.489624,-4616.949707,-690.693176,1621.565308,-4660.903809,,,,,,,,,,,,,2616.287842,1567.748413,-3159.776611,,,,,,,,,,,,,,,,,,,,,,,,,,,,,,,,,
9878,98.780000,0.000000,0.000000,0.000000,1.000000,0.000000,0.000000,0.000000,57.698101,20.499701,-14.700500,0.047771,-0.013570,0.015998,-15.666301,-52.738201,18.801300,-93.396698,0.129960,17.611099,-0.263421,-0.430829,-0.667752,0.546903,-693.524475,1535.331177,-4658.648438,-693.741394,1454.639648,-4669.050293,-683.701294,1578.630005,-4687.690430,-705.962158,1486.489624,-4616.949707,-690.693176,1621.565308,-4660.903809,,,,,,,,,,,,,2616.296143,1567.729614,-3159.773438,,,,,,,,,,,,,,,,,,,,,,,,,,,,,,,,,
9879,98.790000,0.000000,0.000000,0.000000,1.000000,0.000000,0.000000,0.000000,57.698101,20.499701,-14.700500,0.047771,-0.013570,0.015998,-15.666301,-52.738201,18.801300,-93.396698,0.129960,17.611099,-0.263421,-0.430829,-0.667752,0.546903,-693.524475,1535.331177,-4658.648438,-693.741394,1454.639648,-4669.050293,-683.701294,1578.630005,-4687.690430,-705.962158,1486.489624,-4616.949707,-690.693176,1621.565308,-4660.903809,,,,,,,,,,,,,2616.291016,1567.743896,-3159.774902,,,,,,,,,,,,,,,,,,,,,,,,,,,,,,,,,
9880,98.800000,0.000000,0.000000,0.000000,1.000000,0.000000,0.000000,0.000000,57.698101,20.499701,-14.700500,0.047771,-0.013570,0.015998,-15.666301,-52.738201,18.801300,-93.396698,0.129960,17.611099,-0.263421,-0.430829,-0.667752,0.546903,-693.524475,1535.331177,-4658.648438,-693.741394,1454.639648,-4669.050293,-683.701294,1578.630005,-4687.690430,-705.962158,1486.489624,-4616.949707,-690.693176,1621.565308,-4660.903809,,,,,,,,,,,,,2616.302734,1567.757812,-3159.783691,,,,,,,,,,,,,,,,,,,,,,,,,,,,,,,,,
9881,98.810000,0.000000,0.000000,0.000000,1.000000,0.000000,0.000000,0.000000,57.698101,20.499701,-14.700500,0.047771,-0.013570,0.015998,-15.666301,-52.738201,18.801300,-93.396698,0.129960,17.611099,-0.263421,-0.430829,-0.667752,0.546903,-693.524475,1535.331177,-4658.648438,-693.741394,1454.639648,-4669.050293,-683.701294,1578.630005,-4687.690430,-705.962158,1486.489624,-4616.949707,-690.693176,1621.565308,-4660.903809,,,,,,,,,,,,,2616.266113,1567.747681,-3159.793945,,,,,,,,,,,,,,,,,,,,,,,,,,,,,,,,,
9882,98.820000,0.000000,0.000000,0.000000,1.000000,0.000000,0.000000,0.000000,57.698101,20.499701,-14.700500,0.047771,-0.013570,0.015998,-15.666301,-52.738201,18.801300,-93.396698,0.129960,17.611099,-0.263421,-0.430829,-0.667752,0.546903,-693.524475,1535.331177,-4658.648438,-693.741394,1454.639648,-4669.050293,-683.701294,1578.630005,-4687.690430,-705.962158,1486.489624,-4616.949707,-690.693176,1621.565308,-4660.903809,,,,,,,,,,,,,2616.310303,1567.732422,-3159.770752,,,,,,,,,,,,,,,,,,,,,,,,,,,,,,,,,
9883,98.830000,0.000000,0.000000,0.000000,1.000000,0.000000,0.000000,0.000000,57.698101,20.499701,-14.700500,0.047771,-0.013570,0.015998,-15.666301,-52.738201,18.801300,-93.396698,0.129960,17.611099,-0.263421,-0.430829,-0.667752,0.546903,-693.524475,1535.331177,-4658.648438,-693.741394,1454.639648,-4669.050293,-683.701294,1578.630005,-4687.690430,-705.962158,1486.489624,-4616.949707,-690.693176,1621.565308,-4660.903809,,,,,,,,,,,,,2616.311768,1567.765991,-3159.773193,,,,,,,,,,,,,,,,,,,,,,,,,,,,,,,,,
9884,98.840000,0.000000,0.000000,0.000000,1.000000,0.000000,0.000000,0.000000,57.698101,20.499701,-14.700500,0.047771,-0.013570,0.015998,-15.666301,-52.738201,18.801300,-93.396698,0.129960,17.611099,-0.263421,-0.430829,-0.667752,0.546903,-693.524475,1535.331177,-4658.648438,-693.741394,1454.639648,-4669.050293,-683.701294,1578.630005,-4687.690430,-705.962158,1486.489624,-4616.949707,-690.693176,1621.565308,-4660.903809,,,,,,,,,,,,,2616.311279,1567.763306,-3159.783691,,,,,,,,,,,,,,,,,,,,,,,,,,,,,,,,,
9885,98.850000,0.000000,0.000000,0.000000,1.000000,0.000000,0.000000,0.000000,57.698101,20.499701,-14.700500,0.047771,-0.013570,0.015998,-15.666301,-52.738201,18.801300,-93.396698,0.129960,17.611099,-0.263421,-0.430829,-0.667752,0.546903,-693.524475,1535.331177,-4658.648438,-693.741394,1454.639648,-4669.050293,-683.701294,1578.630005,-4687.690430,-705.962158,1486.489624,-4616.949707,-690.693176,1621.565308,-4660.903809,,,,,,,,,,,,,2616.242188,1567.760376,-3159.794678,,,,,,,,,,,,,,,,,,,,,,,,,,,,,,,,,
9886,98.860000,0.000000,0.000000,0.000000,1.000000,0.000000,0.000000,0.000000,57.698101,20.499701,-14.700500,0.047771,-0.013570,0.015998,-15.666301,-52.738201,18.801300,-93.396698,0.129960,17.611099,-0.263421,-0.430829,-0.667752,0.546903,-693.524475,1535.331177,-4658.648438,-693.741394,1454.639648,-4669.050293,-683.701294,1578.630005,-4687.690430,-705.962158,1486.489624,-4616.949707,-690.693176,1621.565308,-4660.903809,,,,,,,,,,,,,2616.282471,1567.770996,-3159.795898,,,,,,,,,,,,,,,,,,,,,,,,,,,,,,,,,
9887,98.870000,0.000000,0.000000,0.000000,1.000000,0.000000,0.000000,0.000000,57.698101,20.499701,-14.700500,0.047771,-0.013570,0.015998,-15.666301,-52.738201,18.801300,-93.396698,0.129960,17.611099,-0.263421,-0.430829,-0.667752,0.546903,-693.524475,1535.331177,-4658.648438,-693.741394,1454.639648,-4669.050293,-683.701294,1578.630005,-4687.690430,-705.962158,1486.489624,-4616.949707,-690.693176,1621.565308,-4660.903809,,,,,,,,,,,,,2616.275391,1567.755249,-3159.791260,,,,,,,,,,,,,,,,,,,,,,,,,,,,,,,,,
9888,98.880000,0.000000,0.000000,0.000000,1.000000,0.000000,0.000000,0.000000,57.698101,20.499701,-14.700500,0.047771,-0.013570,0.015998,-15.666301,-52.738201,18.801300,-93.396698,0.129960,17.611099,-0.263421,-0.430829,-0.667752,0.546903,-693.524475,1535.331177,-4658.648438,-693.741394,1454.639648,-4669.050293,-683.701294,1578.630005,-4687.690430,-705.962158,1486.489624,-4616.949707,-690.693176,1621.565308,-4660.903809,,,,,,,,,,,,,2616.286377,1567.769043,-3159.789795,,,,,,,,,,,,,,,,,,,,,,,,,,,,,,,,,
9889,98.890000,0.000000,0.000000,0.000000,1.000000,0.000000,0.000000,0.000000,57.698101,20.499701,-14.700500,0.047771,-0.013570,0.015998,-15.666301,-52.738201,18.801300,-93.396698,0.129960,17.611099,-0.263421,-0.430829,-0.667752,0.546903,-693.524475,1535.331177,-4658.648438,-693.741394,1454.639648,-4669.050293,-683.701294,1578.630005,-4687.690430,-705.962158,1486.489624,-4616.949707,-690.693176,1621.565308,-4660.903809,,,,,,,,,,,,,2616.287598,1567.762207,-3159.781006,,,,,,,,,,,,,,,,,,,,,,,,,,,,,,,,,
9890,98.900000,0.000000,0.000000,0.000000,1.000000,0.000000,0.000000,0.000000,57.698101,20.499701,-14.700500,0.047771,-0.013570,0.015998,-15.666301,-52.738201,18.801300,-93.396698,0.129960,17.611099,-0.263421,-0.430829,-0.667752,0.546903,-693.524475,1535.331177,-4658.648438,-693.741394,1454.639648,-4669.050293,-683.701294,1578.630005,-4687.690430,-705.962158,1486.489624,-4616.949707,-690.693176,1621.565308,-4660.903809,,,,,,,,,,,,,2616.294189,1567.748535,-3159.781006,,,,,,,,,,,,,,,,,,,,,,,,,,,,,,,,,
9891,98.910000,0.000000,0.000000,0.000000,1.000000,0.000000,0.000000,0.000000,57.698101,20.499701,-14.700500,0.047771,-0.013570,0.015998,-15.666301,-52.738201,18.801300,-93.396698,0.129960,17.611099,-0.263421,-0.430829,-0.667752,0.546903,-693.524475,1535.331177,-4658.648438,-693.741394,1454.639648,-4669.050293,-683.701294,1578.630005,-4687.690430,-705.962158,1486.489624,-4616.949707,-690.693176,1621.565308,-4660.903809,,,,,,,,,,,,,2616.262939,1567.755737,-3159.780518,,,,,,,,,,,,,,,,,,,,,,,,,,,,,,,,,
9892,98.920000,0.000000,0.000000,0.000000,1.000000,0.000000,0.000000,0.000000,57.698101,20.499701,-14.700500,0.047771,-0.013570,0.015998,-15.666301,-52.738201,18.801300,-93.396698,0.129960,17.611099,-0.263421,-0.430829,-0.667752,0.546903,-693.524475,1535.331177,-4658.648438,-693.741394,1454.639648,-4669.050293,-683.701294,1578.630005,-4687.690430,-705.962158,1486.489624,-4616.949707,-690.693176,1621.565308,-4660.903809,,,,,,,,,,,,,2616.297119,1567.779053,-3159.789795,,,,,,,,,,,,,,,,,,,,,,,,,,,,,,,,,
9893,98.930000,0.000000,0.000000,0.000000,1.000000,0.000000,0.000000,0.000000,57.698101,20.499701,-14.700500,0.047771,-0.013570,0.015998,-15.666301,-52.738201,18.801300,-93.396698,0.129960,17.611099,-0.263421,-0.430829,-0.667752,0.546903,-693.524475,1535.331177,-4658.648438,-693.741394,1454.639648,-4669.050293,-683.701294,1578.630005,-4687.690430,-705.962158,1486.489624,-4616.949707,-690.693176,1621.565308,-4660.903809,,,,,,,,,,,,,2616.283691,1567.757568,-3159.782715,,,,,,,,,,,,,,,,,,,,,,,,,,,,,,,,,
9894,98.940000,0.000000,0.000000,0.000000,1.000000,0.000000,0.000000,0.000000,57.698101,20.499701,-14.700500,0.047771,-0.013570,0.015998,-15.666301,-52.738201,18.801300,-93.396698,0.129960,17.611099,-0.263421,-0.430829,-0.667752,0.546903,-693.524475,1535.331177,-4658.648438,-693.741394,1454.639648,-4669.050293,-683.701294,1578.630005,-4687.690430,-705.962158,1486.489624,-4616.949707,-690.693176,1621.565308,-4660.903809,,,,,,,,,,,,,2616.263428,1567.741821,-3159.788086,,,,,,,,,,,,,,,,,,,,,,,,,,,,,,,,,
9895,98.950000,0.000000,0.000000,0.000000,1.000000,0.000000,0.000000,0.000000,57.698101,20.499701,-14.700500,0.047771,-0.013570,0.015998,-15.666301,-52.738201,18.801300,-93.396698,0.129960,17.611099,-0.263421,-0.430829,-0.667752,0.546903,-693.524475,1535.331177,-4658.648438,-693.741394,1454.639648,-4669.050293,-683.701294,1578.630005,-4687.690430,-705.962158,1486.489624,-4616.949707,-690.693176,1621.565308,-4660.903809,,,,,,,,,,,,,2616.278076,1567.758301,-3159.787354,,,,,,,,,,,,,,,,,,,,,,,,,,,,,,,,,
9896,98.960000,0.000000,0.000000,0.000000,1.000000,0.000000,0.000000,0.000000,57.698101,20.499701,-14.700500,0.047771,-0.013570,0.015998,-15.666301,-52.738201,18.801300,-93.396698,0.129960,17.611099,-0.263421,-0.430829,-0.667752,0.546903,-693.524475,1535.331177,-4658.648438,-693.741394,1454.639648,-4669.050293,-683.701294,1578.630005,-4687.690430,-705.962158,1486.489624,-4616.949707,-690.693176,1621.565308,-4660.903809,,,,,,,,,,,,,2616.254395,1567.730713,-3159.787598,,,,,,,,,,,,,,,,,,,,,,,,,,,,,,,,,
9897,98.970000,0.000000,0.000000,0.000000,1.000000,0.000000,0.000000,0.000000,57.698101,20.499701,-14.700500,0.047771,-0.013570,0.015998,-15.666301,-52.738201,18.801300,-93.396698,0.129960,17.611099,-0.263421,-0.430829,-0.667752,0.546903,-693.524475,1535.331177,-4658.648438,-693.741394,1454.639648,-4669.050293,-683.701294,1578.630005,-4687.690430,-705.962158,1486.489624,-4616.949707,-690.693176,1621.565308,-4660.903809,,,,,,,,,,,,,2616.275879,1567.754639,-3159.781250,,,,,,,,,,,,,,,,,,,,,,,,,,,,,,,,,
9898,98.980000,0.000000,0.000000,0.000000,1.000000,0.000000,0.000000,0.000000,57.698101,20.499701,-14.700500,0.047771,-0.013570,0.015998,-15.666301,-52.738201,18.801300,-93.396698,0.129960,17.611099,-0.263421,-0.430829,-0.667752,0.546903,-693.524475,1535.331177,-4658.648438,-693.741394,1454.639648,-4669.050293,-683.701294,1578.630005,-4687.690430,-705.962158,1486.489624,-4616.949707,-690.693176,1621.565308,-4660.903809,,,,,,,,,,,,,2616.327637,1567.750000,-3159.774902,,,,,,,,,,,,,,,,,,,,,,,,,,,,,,,,,
9899,98.990000,0.000000,0.000000,0.000000,1.000000,0.000000,0.000000,0.000000,57.698101,20.499701,-14.700500,0.047771,-0.013570,0.015998,-15.666301,-52.738201,18.801300,-93.396698,0.129960,17.611099,-0.263421,-0.430829,-0.667752,0.546903,-693.524475,1535.331177,-4658.648438,-693.741394,1454.639648,-4669.050293,-683.701294,1578.630005,-4687.690430,-705.962158,1486.489624,-4616.949707,-690.693176,1621.565308,-4660.903809,,,,,,,,,,,,,2616.302246,1567.745361,-3159.768311,,,,,,,,,,,,,,,,,,,,,,,,,,,,,,,,,
9900,99.000000,0.000000,0.000000,0.000000,1.000000,0.000000,0.000000,0.000000,57.698101,20.499701,-14.700500,0.047771,-0.013570,0.015998,-15.666301,-52.738201,18.801300,-93.396698,0.129960,17.611099,-0.263421,-0.430829,-0.667752,0.546903,-693.524475,1535.331177,-4658.648438,-693.741394,1454.639648,-4669.050293,-683.701294,1578.630005,-4687.690430,-705.962158,1486.489624,-4616.949707,-690.693176,1621.565308,-4660.903809,,,,,,,,,,,,,2616.260010,1567.727417,-3159.771729,,,,,,,,,,,,,,,,,,,,,,,,,,,,,,,,,
9901,99.010000,0.000000,0.000000,0.000000,1.000000,0.000000,0.000000,0.000000,57.698101,20.499701,-14.700500,0.047771,-0.013570,0.015998,-15.666301,-52.738201,18.801300,-93.396698,0.129960,17.611099,-0.263421,-0.430829,-0.667752,0.546903,-693.524475,1535.331177,-4658.648438,-693.741394,1454.639648,-4669.050293,-683.701294,1578.630005,-4687.690430,-705.962158,1486.489624,-4616.949707,-690.693176,1621.565308,-4660.903809,,,,,,,,,,,,,2616.288330,1567.744263,-3159.778320,,,,,,,,,,,,,,,,,,,,,,,,,,,,,,,,,
9902,99.020000,0.000000,0.000000,0.000000,1.000000,0.000000,0.000000,0.000000,57.698101,20.499701,-14.700500,0.047771,-0.013570,0.015998,-15.666301,-52.738201,18.801300,-93.396698,0.129960,17.611099,-0.263421,-0.430829,-0.667752,0.546903,-693.524475,1535.331177,-4658.648438,-693.741394,1454.639648,-4669.050293,-683.701294,1578.630005,-4687.690430,-705.962158,1486.489624,-4616.949707,-690.693176,1621.565308,-4660.903809,,,,,,,,,,,,,2616.301758,1567.763306,-3159.786133,,,,,,,,,,,,,,,,,,,,,,,,,,,,,,,,,
9903,99.030000,0.000000,0.000000,0.000000,1.000000,0.000000,0.000000,0.000000,57.698101,20.499701,-14.700500,0.047771,-0.013570,0.015998,-15.666301,-52.738201,18.801300,-93.396698,0.129960,17.611099,-0.263421,-0.430829,-0.667752,0.546903,-693.524475,1535.331177,-4658.648438,-693.741394,1454.639648,-4669.050293,-683.701294,1578.630005,-4687.690430,-705.962158,1486.489624,-4616.949707,-690.693176,1621.565308,-4660.903809,,,,,,,,,,,,,2616.280273,1567.752441,-3159.780518,,,,,,,,,,,,,,,,,,,,,,,,,,,,,,,,,
9904,99.040000,0.000000,0.000000,0.000000,1.000000,0.000000,0.000000,0.000000,57.698101,20.499701,-14.700500,0.047771,-0.013570,0.015998,-15.666301,-52.738201,18.801300,-93.396698,0.129960,17.611099,-0.263421,-0.430829,-0.667752,0.546903,-693.524475,1535.331177,-4658.648438,-693.741394,1454.639648,-4669.050293,-683.701294,1578.630005,-4687.690430,-705.962158,1486.489624,-4616.949707,-690.693176,1621.565308,-4660.903809,,,,,,,,,,,,,2616.299316,1567.726318,-3159.785400,,,,,,,,,,,,,,,,,,,,,,,,,,,,,,,,,
9905,99.050000,0.000000,0.000000,0.000000,1.000000,0.000000,0.000000,0.000000,57.698101,20.499701,-14.700500,0.047771,-0.013570,0.015998,-15.666301,-52.738201,18.801300,-93.396698,0.129960,17.611099,-0.263421,-0.430829,-0.667752,0.546903,-693.524475,1535.331177,-4658.648438,-693.741394,1454.639648,-4669.050293,-683.701294,1578.630005,-4687.690430,-705.962158,1486.489624,-4616.949707,-690.693176,1621.565308,-4660.903809,,,,,,,,,,,,,2616.290771,1567.741699,-3159.771729,,,,,,,,,,,,,,,,,,,,,,,,,,,,,,,,,
9906,99.060000,0.000000,0.000000,0.000000,1.000000,0.000000,0.000000,0.000000,57.698101,20.499701,-14.700500,0.047771,-0.013570,0.015998,-15.666301,-52.738201,18.801300,-93.396698,0.129960,17.611099,-0.263421,-0.430829,-0.667752,0.546903,-693.524475,1535.331177,-4658.648438,-693.741394,1454.639648,-4669.050293,-683.701294,1578.630005,-4687.690430,-705.962158,1486.489624,-4616.949707,-690.693176,1621.565308,-4660.903809,,,,,,,,,,,,,2616.287842,1567.741821,-3159.791016,,,,,,,,,,,,,,,,,,,,,,,,,,,,,,,,,
9907,99.070000,0.000000,0.000000,0.000000,1.000000,0.000000,0.000000,0.000000,57.698101,20.499701,-14.700500,0.047771,-0.013570,0.015998,-15.666301,-52.738201,18.801300,-93.396698,0.129960,17.611099,-0.263421,-0.430829,-0.667752,0.546903,-693.524475,1535.331177,-4658.648438,-693.741394,1454.639648,-4669.050293,-683.701294,1578.630005,-4687.690430,-705.962158,1486.489624,-4616.949707,-690.693176,1621.565308,-4660.903809,,,,,,,,,,,,,2616.296631,1567.739990,-3159.776367,,,,,,,,,,,,,,,,,,,,,,,,,,,,,,,,,
9908,99.080000,0.000000,0.000000,0.000000,1.000000,0.000000,0.000000,0.000000,57.698101,20.499701,-14.700500,0.047771,-0.013570,0.015998,-15.666301,-52.738201,18.801300,-93.396698,0.129960,17.611099,-0.263421,-0.430829,-0.667752,0.546903,-693.524475,1535.331177,-4658.648438,-693.741394,1454.639648,-4669.050293,-683.701294,1578.630005,-4687.690430,-705.962158,1486.489624,-4616.949707,-690.693176,1621.565308,-4660.903809,,,,,,,,,,,,,2616.340576,1567.715454,-3159.759033,,,,,,,,,,,,,,,,,,,,,,,,,,,,,,,,,
9909,99.090000,0.000000,0.000000,0.000000,1.000000,0.000000,0.000000,0.000000,57.698101,20.499701,-14.700500,0.047771,-0.013570,0.015998,-15.666301,-52.738201,18.801300,-93.396698,0.129960,17.611099,-0.263421,-0.430829,-0.667752,0.546903,-693.524475,1535.331177,-4658.648438,-693.741394,1454.639648,-4669.050293,-683.701294,1578.630005,-4687.690430,-705.962158,1486.489624,-4616.949707,-690.693176,1621.565308,-4660.903809,,,,,,,,,,,,,2616.273682,1567.718628,-3159.765625,,,,,,,,,,,,,,,,,,,,,,,,,,,,,,,,,
9910,99.100000,0.000000,0.000000,0.000000,1.000000,0.000000,0.000000,0.000000,57.698101,20.499701,-14.700500,0.047771,-0.013570,0.015998,-15.666301,-52.738201,18.801300,-93.396698,0.129960,17.611099,-0.263421,-0.430829,-0.667752,0.546903,-693.524475,1535.331177,-4658.648438,-693.741394,1454.639648,-4669.050293,-683.701294,1578.630005,-4687.690430,-705.962158,1486.489624,-4616.949707,-690.693176,1621.565308,-4660.903809,,,,,,,,,,,,,2616.306885,1567.735596,-3159.767578,,,,,,,,,,,,,,,,,,,,,,,,,,,,,,,,,
9911,99.110000,0.000000,0.000000,0.000000,1.000000,0.000000,0.000000,0.000000,57.698101,20.499701,-14.700500,0.047771,-0.013570,0.015998,-15.666301,-52.738201,18.801300,-93.396698,0.129960,17.611099,-0.263421,-0.430829,-0.667752,0.546903,-693.524475,1535.331177,-4658.648438,-693.741394,1454.639648,-4669.050293,-683.701294,1578.630005,-4687.690430,-705.962158,1486.489624,-4616.949707,-690.693176,1621.565308,-4660.903809,,,,,,,,,,,,,2616.317871,1567.766602,-3159.767334,,,,,,,,,,,,,,,,,,,,,,,,,,,,,,,,,
9912,99.120000,0.000000,0.000000,0.000000,1.000000,0.000000,0.000000,0.000000,57.698101,20.499701,-14.700500,0.047771,-0.013570,0.015998,-15.666301,-52.738201,18.801300,-93.396698,0.129960,17.611099,-0.263421,-0.430829,-0.667752,0.546903,-693.524475,1535.331177,-4658.648438,-693.741394,1454.639648,-4669.050293,-683.701294,1578.630005,-4687.690430,-705.962158,1486.489624,-4616.949707,-690.693176,1621.565308,-4660.903809,,,,,,,,,,,,,2616.286621,1567.759277,-3159.786133,,,,,,,,,,,,,,,,,,,,,,,,,,,,,,,,,
9913,99.130000,0.000000,0.000000,0.000000,1.000000,0.000000,0.000000,0.000000,57.698101,20.499701,-14.700500,0.047771,-0.013570,0.015998,-15.666301,-52.738201,18.801300,-93.396698,0.129960,17.611099,-0.263421,-0.430829,-0.667752,0.546903,-693.524475,1535.331177,-4658.648438,-693.741394,1454.639648,-4669.050293,-683.701294,1578.630005,-4687.690430,-705.962158,1486.489624,-4616.949707,-690.693176,1621.565308,-4660.903809,,,,,,,,,,,,,2616.305908,1567.747437,-3159.781982,,,,,,,,,,,,,,,,,,,,,,,,,,,,,,,,,
9914,99.140000,0.000000,0.000000,0.000000,1.000000,0.000000,0.000000,0.000000,57.698101,20.499701,-14.700500,0.047771,-0.013570,0.015998,-15.666301,-52.738201,18.801300,-93.396698,0.129960,17.611099,-0.263421,-0.430829,-0.667752,0.546903,-693.524475,1535.331177,-4658.648438,-693.741394,1454.639648,-4669.050293,-683.701294,1578.630005,-4687.690430,-705.962158,1486.489624,-4616.949707,-690.693176,1621.565308,-4660.903809,,,,,,,,,,,,,2616.290771,1567.765137,-3159.777344,,,,,,,,,,,,,,,,,,,,,,,,,,,,,,,,,
9915,99.150000,0.000000,0.000000,0.000000,1.000000,0.000000,0.000000,0.000000,57.698101,20.499701,-14.700500,0.047771,-0.013570,0.015998,-15.666301,-52.738201,18.801300,-93.396698,0.129960,17.611099,-0.263421,-0.430829,-0.667752,0.546903,-693.524475,1535.331177,-4658.648438,-693.741394,1454.639648,-4669.050293,-683.701294,1578.630005,-4687.690430,-705.962158,1486.489624,-4616.949707,-690.693176,1621.565308,-4660.903809,,,,,,,,,,,,,2616.278320,1567.758667,-3159.795654,,,,,,,,,,,,,,,,,,,,,,,,,,,,,,,,,
9916,99.160000,0.000000,0.000000,0.000000,1.000000,0.000000,0.000000,0.000000,57.698101,20.499701,-14.700500,0.047771,-0.013570,0.015998,-15.666301,-52.738201,18.801300,-93.396698,0.129960,17.611099,-0.263421,-0.430829,-0.667752,0.546903,-693.524475,1535.331177,-4658.648438,-693.741394,1454.639648,-4669.050293,-683.701294,1578.630005,-4687.690430,-705.962158,1486.489624,-4616.949707,-690.693176,1621.565308,-4660.903809,,,,,,,,,,,,,2616.289307,1567.761475,-3159.781738,,,,,,,,,,,,,,,,,,,,,,,,,,,,,,,,,
9917,99.170000,0.000000,0.000000,0.000000,1.000000,0.000000,0.000000,0.000000,57.698101,20.499701,-14.700500,0.047771,-0.013570,0.015998,-15.666301,-52.738201,18.801300,-93.396698,0.129960,17.611099,-0.263421,-0.430829,-0.667752,0.546903,-693.524475,1535.331177,-4658.648438,-693.741394,1454.639648,-4669.050293,-683.701294,1578.630005,-4687.690430,-705.962158,1486.489624,-4616.949707,-690.693176,1621.565308,-4660.903809,,,,,,,,,,,,,2616.305176,1567.739014,-3159.774170,,,,,,,,,,,,,,,,,,,,,,,,,,,,,,,,,
9918,99.180000,0.000000,0.000000,0.000000,1.000000,0.000000,0.000000,0.000000,57.698101,20.499701,-14.700500,0.047771,-0.013570,0.015998,-15.666301,-52.738201,18.801300,-93.396698,0.129960,17.611099,-0.263421,-0.430829,-0.667752,0.546903,-693.524475,1535.331177,-4658.648438,-693.741394,1454.639648,-4669.050293,-683.701294,1578.630005,-4687.690430,-705.962158,1486.489624,-4616.949707,-690.693176,1621.565308,-4660.903809,,,,,,,,,,,,,2616.282227,1567.738770,-3159.769043,,,,,,,,,,,,,,,,,,,,,,,,,,,,,,,,,
9919,99.190000,0.000000,0.000000,0.000000,1.000000,0.000000,0.000000,0.000000,57.698101,20.499701,-14.700500,0.047771,-0.013570,0.015998,-15.666301,-52.738201,18.801300,-93.396698,0.129960,17.611099,-0.263421,-0.430829,-0.667752,0.546903,-693.524475,1535.331177,-4658.648438,-693.741394,1454.639648,-4669.050293,-683.701294,1578.630005,-4687.690430,-705.962158,1486.489624,-4616.949707,-690.693176,1621.565308,-4660.903809,,,,,,,,,,,,,2616.291992,1567.720093,-3159.777100,,,,,,,,,,,,,,,,,,,,,,,,,,,,,,,,,
9920,99.200000,0.000000,0.000000,0.000000,1.000000,0.000000,0.000000,0.000000,57.698101,20.499701,-14.700500,0.047771,-0.013570,0.015998,-15.666301,-52.738201,18.801300,-93.396698,0.129960,17.611099,-0.263421,-0.430829,-0.667752,0.546903,-693.524475,1535.331177,-4658.648438,-693.741394,1454.639648,-4669.050293,-683.701294,1578.630005,-4687.690430,-705.962158,1486.489624,-4616.949707,-690.693176,1621.565308,-4660.903809,,,,,,,,,,,,,2616.303223,1567.736328,-3159.770264,,,,,,,,,,,,,,,,,,,,,,,,,,,,,,,,,
9921,99.210000,0.000000,0.000000,0.000000,1.000000,0.000000,0.000000,0.000000,57.698101,20.499701,-14.700500,0.047771,-0.013570,0.015998,-15.666301,-52.738201,18.801300,-93.396698,0.129960,17.611099,-0.263421,-0.430829,-0.667752,0.546903,-693.524475,1535.331177,-4658.648438,-693.741394,1454.639648,-4669.050293,-683.701294,1578.630005,-4687.690430,-705.962158,1486.489624,-4616.949707,-690.693176,1621.565308,-4660.903809,,,,,,,,,,,,,2616.298584,1567.747559,-3159.770264,,,,,,,,,,,,,,,,,,,,,,,,,,,,,,,,,
9922,99.220000,0.000000,0.000000,0.000000,1.000000,0.000000,0.000000,0.000000,57.698101,20.499701,-14.700500,0.047771,-0.013570,0.015998,-15.666301,-52.738201,18.801300,-93.396698,0.129960,17.611099,-0.263421,-0.430829,-0.667752,0.546903,-693.524475,1535.331177,-4658.648438,-693.741394,1454.639648,-4669.050293,-683.701294,1578.630005,-4687.690430,-705.962158,1486.489624,-4616.949707,-690.693176,1621.565308,-4660.903809,,,,,,,,,,,,,2616.317871,1567.733521,-3159.769043,,,,,,,,,,,,,,,,,,,,,,,,,,,,,,,,,
9923,99.230000,0.000000,0.000000,0.000000,1.000000,0.000000,0.000000,0.000000,57.698101,20.499701,-14.700500,0.047771,-0.013570,0.015998,-15.666301,-52.738201,18.801300,-93.396698,0.129960,17.611099,-0.263421,-0.430829,-0.667752,0.546903,-693.524475,1535.331177,-4658.648438,-693.741394,1454.639648,-4669.050293,-683.701294,1578.630005,-4687.690430,-705.962158,1486.489624,-4616.949707,-690.693176,1621.565308,-4660.903809,,,,,,,,,,,,,2616.262451,1567.715210,-3159.791992,,,,,,,,,,,,,,,,,,,,,,,,,,,,,,,,,
9924,99.240000,0.000000,0.000000,0.000000,1.000000,0.000000,0.000000,0.000000,57.698101,20.499701,-14.700500,0.047771,-0.013570,0.015998,-15.666301,-52.738201,18.801300,-93.396698,0.129960,17.611099,-0.263421,-0.430829,-0.667752,0.546903,-693.524475,1535.331177,-4658.648438,-693.741394,1454.639648,-4669.050293,-683.701294,1578.630005,-4687.690430,-705.962158,1486.489624,-4616.949707,-690.693176,1621.565308,-4660.903809,,,,,,,,,,,,,2616.274414,1567.797974,-3159.800049,,,,,,,,,,,,,,,,,,,,,,,,,,,,,,,,,
9925,99.250000,0.000000,0.000000,0.000000,1.000000,0.000000,0.000000,0.000000,57.698101,20.499701,-14.700500,0.047771,-0.013570,0.015998,-15.666301,-52.738201,18.801300,-93.396698,0.129960,17.611099,-0.263421,-0.430829,-0.667752,0.546903,-693.524475,1535.331177,-4658.648438,-693.741394,1454.639648,-4669.050293,-683.701294,1578.630005,-4687.690430,-705.962158,1486.489624,-4616.949707,-690.693176,1621.565308,-4660.903809,,,,,,,,,,,,,2616.293945,1567.766357,-3159.789551,,,,,,,,,,,,,,,,,,,,,,,,,,,,,,,,,
9926,99.260000,0.000000,0.000000,0.000000,1.000000,0.000000,0.000000,0.000000,57.698101,20.499701,-14.700500,0.047771,-0.013570,0.015998,-15.666301,-52.738201,18.801300,-93.396698,0.129960,17.611099,-0.263421,-0.430829,-0.667752,0.546903,-693.524475,1535.331177,-4658.648438,-693.741394,1454.639648,-4669.050293,-683.701294,1578.630005,-4687.690430,-705.962158,1486.489624,-4616.949707,-690.693176,1621.565308,-4660.903809,,,,,,,,,,,,,2616.311523,1567.764526,-3159.783936,,,,,,,,,,,,,,,,,,,,,,,,,,,,,,,,,
9927,99.270000,0.000000,0.000000,0.000000,1.000000,0.000000,0.000000,0.000000,57.698101,20.499701,-14.700500,0.047771,-0.013570,0.015998,-15.666301,-52.738201,18.801300,-93.396698,0.129960,17.611099,-0.263421,-0.430829,-0.667752,0.546903,-693.524475,1535.331177,-4658.648438,-693.741394,1454.639648,-4669.050293,-683.701294,1578.630005,-4687.690430,-705.962158,1486.489624,-4616.949707,-690.693176,1621.565308,-4660.903809,,,,,,,,,,,,,2616.311035,1567.764282,-3159.778076,,,,,,,,,,,,,,,,,,,,,,,,,,,,,,,,,
9928,99.280000,0.000000,0.000000,0.000000,1.000000,0.000000,0.000000,0.000000,57.698101,20.499701,-14.700500,0.047771,-0.013570,0.015998,-15.666301,-52.738201,18.801300,-93.396698,0.129960,17.611099,-0.263421,-0.430829,-0.667752,0.546903,-693.524475,1535.331177,-4658.648438,-693.741394,1454.639648,-4669.050293,-683.701294,1578.630005,-4687.690430,-705.962158,1486.489624,-4616.949707,-690.693176,1621.565308,-4660.903809,,,,,,,,,,,,,2616.295410,1567.786133,-3159.784180,,,,,,,,,,,,,,,,,,,,,,,,,,,,,,,,,
9929,99.290000,0.000000,0.000000,0.000000,1.000000,0.000000,0.000000,0.000000,57.698101,20.499701,-14.700500,0.047771,-0.013570,0.015998,-15.666301,-52.738201,18.801300,-93.396698,0.129960,17.611099,-0.263421,-0.430829,-0.667752,0.546903,-693.524475,1535.331177,-4658.648438,-693.741394,1454.639648,-4669.050293,-683.701294,1578.630005,-4687.690430,-705.962158,1486.489624,-4616.949707,-690.693176,1621.565308,-4660.903809,,,,,,,,,,,,,2616.291504,1567.715576,-3159.780273,,,,,,,,,,,,,,,,,,,,,,,,,,,,,,,,,
9930,99.300000,0.000000,0.000000,0.000000,1.000000,0.000000,0.000000,0.000000,57.698101,20.499701,-14.700500,0.047771,-0.013570,0.015998,-15.666301,-52.738201,18.801300,-93.396698,0.129960,17.611099,-0.263421,-0.430829,-0.667752,0.546903,-693.524475,1535.331177,-4658.648438,-693.741394,1454.639648,-4669.050293,-683.701294,1578.630005,-4687.690430,-705.962158,1486.489624,-4616.949707,-690.693176,1621.565308,-4660.903809,,,,,,,,,,,,,2616.251953,1567.707397,-3159.773682,,,,,,,,,,,,,,,,,,,,,,,,,,,,,,,,,
9931,99.310000,0.000000,0.000000,0.000000,1.000000,0.000000,0.000000,0.000000,57.698101,20.499701,-14.700500,0.047771,-0.013570,0.015998,-15.666301,-52.738201,18.801300,-93.396698,0.129960,17.611099,-0.263421,-0.430829,-0.667752,0.546903,-693.524475,1535.331177,-4658.648438,-693.741394,1454.639648,-4669.050293,-683.701294,1578.630005,-4687.690430,-705.962158,1486.489624,-4616.949707,-690.693176,1621.565308,-4660.903809,,,,,,,,,,,,,2616.267578,1567.747314,-3159.788086,,,,,,,,,,,,,,,,,,,,,,,,,,,,,,,,,
9932,99.320000,0.000000,0.000000,0.000000,1.000000,0.000000,0.000000,0.000000,57.698101,20.499701,-14.700500,0.047771,-0.013570,0.015998,-15.666301,-52.738201,18.801300,-93.396698,0.129960,17.611099,-0.263421,-0.430829,-0.667752,0.546903,-693.524475,1535.331177,-4658.648438,-693.741394,1454.639648,-4669.050293,-683.701294,1578.630005,-4687.690430,-705.962158,1486.489624,-4616.949707,-690.693176,1621.565308,-4660.903809,,,,,,,,,,,,,2616.312744,1567.768677,-3159.779541,,,,,,,,,,,,,,,,,,,,,,,,,,,,,,,,,
9933,99.330000,0.000000,0.000000,0.000000,1.000000,0.000000,0.000000,0.000000,57.698101,20.499701,-14.700500,0.047771,-0.013570,0.015998,-15.666301,-52.738201,18.801300,-93.396698,0.129960,17.611099,-0.263421,-0.430829,-0.667752,0.546903,-693.524475,1535.331177,-4658.648438,-693.741394,1454.639648,-4669.050293,-683.701294,1578.630005,-4687.690430,-705.962158,1486.489624,-4616.949707,-690.693176,1621.565308,-4660.903809,,,,,,,,,,,,,2616.275879,1567.747681,-3159.779785,,,,,,,,,,,,,,,,,,,,,,,,,,,,,,,,,
9934,99.340000,0.000000,0.000000,0.000000,1.000000,0.000000,0.000000,0.000000,57.698101,20.499701,-14.700500,0.047771,-0.013570,0.015998,-15.666301,-52.738201,18.801300,-93.396698,0.129960,17.611099,-0.263421,-0.430829,-0.667752,0.546903,-693.524475,1535.331177,-4658.648438,-693.741394,1454.639648,-4669.050293,-683.701294,1578.630005,-4687.690430,-705.962158,1486.489624,-4616.949707,-690.693176,1621.565308,-4660.903809,,,,,,,,,,,,,2616.276611,1567.735840,-3159.778809,,,,,,,,,,,,,,,,,,,,,,,,,,,,,,,,,
9935,99.350000,0.000000,0.000000,0.000000,1.000000,0.000000,0.000000,0.000000,57.698101,20.499701,-14.700500,0.047771,-0.013570,0.015998,-15.666301,-52.738201,18.801300,-93.396698,0.129960,17.611099,-0.263421,-0.430829,-0.667752,0.546903,-693.524475,1535.331177,-4658.648438,-693.741394,1454.639648,-4669.050293,-683.701294,1578.630005,-4687.690430,-705.962158,1486.489624,-4616.949707,-690.693176,1621.565308,-4660.903809,,,,,,,,,,,,,2616.285889,1567.732788,-3159.764648,,,,,,,,,,,,,,,,,,,,,,,,,,,,,,,,,
9936,99.360000,0.000000,0.000000,0.000000,1.000000,0.000000,0.000000,0.000000,57.698101,20.499701,-14.700500,0.047771,-0.013570,0.015998,-15.666301,-52.738201,18.801300,-93.396698,0.129960,17.611099,-0.263421,-0.430829,-0.667752,0.546903,-693.524475,1535.331177,-4658.648438,-693.741394,1454.639648,-4669.050293,-683.701294,1578.630005,-4687.690430,-705.962158,1486.489624,-4616.949707,-690.693176,1621.565308,-4660.903809,,,,,,,,,,,,,2616.289062,1567.720825,-3159.766602,,,,,,,,,,,,,,,,,,,,,,,,,,,,,,,,,
9937,99.370000,0.000000,0.000000,0.000000,1.000000,0.000000,0.000000,0.000000,57.698101,20.499701,-14.700500,0.047771,-0.013570,0.015998,-15.666301,-52.738201,18.801300,-93.396698,0.129960,17.611099,-0.263421,-0.430829,-0.667752,0.546903,-693.524475,1535.331177,-4658.648438,-693.741394,1454.639648,-4669.050293,-683.701294,1578.630005,-4687.690430,-705.962158,1486.489624,-4616.949707,-690.693176,1621.565308,-4660.903809,,,,,,,,,,,,,2616.258057,1567.751221,-3159.780273,,,,,,,,,,,,,,,,,,,,,,,,,,,,,,,,,
9938,99.380000,0.000000,0.000000,0.000000,1.000000,0.000000,0.000000,0.000000,57.698101,20.499701,-14.700500,0.047771,-0.013570,0.015998,-15.666301,-52.738201,18.801300,-93.396698,0.129960,17.611099,-0.263421,-0.430829,-0.667752,0.546903,-693.524475,1535.331177,-4658.648438,-693.741394,1454.639648,-4669.050293,-683.701294,1578.630005,-4687.690430,-705.962158,1486.489624,-4616.949707,-690.693176,1621.565308,-4660.903809,,,,,,,,,,,,,2616.303955,1567.764771,-3159.785400,,,,,,,,,,,,,,,,,,,,,,,,,,,,,,,,,
9939,99.390000,0.000000,0.000000,0.000000,1.000000,0.000000,0.000000,0.000000,57.698101,20.499701,-14.700500,0.047771,-0.013570,0.015998,-15.666301,-52.738201,18.801300,-93.396698,0.129960,17.611099,-0.263421,-0.430829,-0.667752,0.546903,-693.524475,1535.331177,-4658.648438,-693.741394,1454.639648,-4669.050293,-683.701294,1578.630005,-4687.690430,-705.962158,1486.489624,-4616.949707,-690.693176,1621.565308,-4660.903809,,,,,,,,,,,,,2616.262451,1567.751099,-3159.786621,,,,,,,,,,,,,,,,,,,,,,,,,,,,,,,,,
9940,99.400000,0.000000,0.000000,0.000000,1.000000,0.000000,0.000000,0.000000,57.698101,20.499701,-14.700500,0.047771,-0.013570,0.015998,-15.666301,-52.738201,18.801300,-93.396698,0.129960,17.611099,-0.263421,-0.430829,-0.667752,0.546903,-693.524475,1535.331177,-4658.648438,-693.741394,1454.639648,-4669.050293,-683.701294,1578.630005,-4687.690430,-705.962158,1486.489624,-4616.949707,-690.693176,1621.565308,-4660.903809,,,,,,,,,,,,,2616.274414,1567.740845,-3159.793457,,,,,,,,,,,,,,,,,,,,,,,,,,,,,,,,,
9941,99.410000,0.000000,0.000000,0.000000,1.000000,0.000000,0.000000,0.000000,57.698101,20.499701,-14.700500,0.047771,-0.013570,0.015998,-15.666301,-52.738201,18.801300,-93.396698,0.129960,17.611099,-0.263421,-0.430829,-0.667752,0.546903,-693.524475,1535.331177,-4658.648438,-693.741394,1454.639648,-4669.050293,-683.701294,1578.630005,-4687.690430,-705.962158,1486.489624,-4616.949707,-690.693176,1621.565308,-4660.903809,,,,,,,,,,,,,2616.261475,1567.744507,-3159.785400,,,,,,,,,,,,,,,,,,,,,,,,,,,,,,,,,
9942,99.420000,0.000000,0.000000,0.000000,1.000000,0.000000,0.000000,0.000000,57.698101,20.499701,-14.700500,0.047771,-0.013570,0.015998,-15.666301,-52.738201,18.801300,-93.396698,0.129960,17.611099,-0.263421,-0.430829,-0.667752,0.546903,-693.524475,1535.331177,-4658.648438,-693.741394,1454.639648,-4669.050293,-683.701294,1578.630005,-4687.690430,-705.962158,1486.489624,-4616.949707,-690.693176,1621.565308,-4660.903809,,,,,,,,,,,,,2616.272949,1567.740845,-3159.791748,,,,,,,,,,,,,,,,,,,,,,,,,,,,,,,,,
9943,99.430000,0.000000,0.000000,0.000000,1.000000,0.000000,0.000000,0.000000,57.698101,20.499701,-14.700500,0.047771,-0.013570,0.015998,-15.666301,-52.738201,18.801300,-93.396698,0.129960,17.611099,-0.263421,-0.430829,-0.667752,0.546903,-693.524475,1535.331177,-4658.648438,-693.741394,1454.639648,-4669.050293,-683.701294,1578.630005,-4687.690430,-705.962158,1486.489624,-4616.949707,-690.693176,1621.565308,-4660.903809,,,,,,,,,,,,,2616.317871,1567.745483,-3159.775879,,,,,,,,,,,,,,,,,,,,,,,,,,,,,,,,,
9944,99.440000,0.000000,0.000000,0.000000,1.000000,0.000000,0.000000,0.000000,57.698101,20.499701,-14.700500,0.047771,-0.013570,0.015998,-15.666301,-52.738201,18.801300,-93.396698,0.129960,17.611099,-0.263421,-0.430829,-0.667752,0.546903,-693.524475,1535.331177,-4658.648438,-693.741394,1454.639648,-4669.050293,-683.701294,1578.630005,-4687.690430,-705.962158,1486.489624,-4616.949707,-690.693176,1621.565308,-4660.903809,,,,,,,,,,,,,2616.308350,1567.729248,-3159.765869,,,,,,,,,,,,,,,,,,,,,,,,,,,,,,,,,
9945,99.450000,0.000000,0.000000,0.000000,1.000000,0.000000,0.000000,0.000000,57.698101,20.499701,-14.700500,0.047771,-0.013570,0.015998,-15.666301,-52.738201,18.801300,-93.396698,0.129960,17.611099,-0.263421,-0.430829,-0.667752,0.546903,-693.524475,1535.331177,-4658.648438,-693.741394,1454.639648,-4669.050293,-683.701294,1578.630005,-4687.690430,-705.962158,1486.489624,-4616.949707,-690.693176,1621.565308,-4660.903809,,,,,,,,,,,,,2616.299805,1567.734985,-3159.778076,,,,,,,,,,,,,,,,,,,,,,,,,,,,,,,,,
9946,99.460000,0.000000,0.000000,0.000000,1.000000,0.000000,0.000000,0.000000,57.698101,20.499701,-14.700500,0.047771,-0.013570,0.015998,-15.666301,-52.738201,18.801300,-93.396698,0.129960,17.611099,-0.263421,-0.430829,-0.667752,0.546903,-693.524475,1535.331177,-4658.648438,-693.741394,1454.639648,-4669.050293,-683.701294,1578.630005,-4687.690430,-705.962158,1486.489624,-4616.949707,-690.693176,1621.565308,-4660.903809,,,,,,,,,,,,,2616.286865,1567.708008,-3159.769775,,,,,,,,,,,,,,,,,,,,,,,,,,,,,,,,,
9947,99.470000,0.000000,0.000000,0.000000,1.000000,0.000000,0.000000,0.000000,57.698101,20.499701,-14.700500,0.047771,-0.013570,0.015998,-15.666301,-52.738201,18.801300,-93.396698,0.129960,17.611099,-0.263421,-0.430829,-0.667752,0.546903,-693.524475,1535.331177,-4658.648438,-693.741394,1454.639648,-4669.050293,-683.701294,1578.630005,-4687.690430,-705.962158,1486.489624,-4616.949707,-690.693176,1621.565308,-4660.903809,,,,,,,,,,,,,2616.316895,1567.703369,-3159.752686,,,,,,,,,,,,,,,,,,,,,,,,,,,,,,,,,
9948,99.480000,0.000000,0.000000,0.000000,1.000000,0.000000,0.000000,0.000000,57.698101,20.499701,-14.700500,0.047771,-0.013570,0.015998,-15.666301,-52.738201,18.801300,-93.396698,0.129960,17.611099,-0.263421,-0.430829,-0.667752,0.546903,-693.524475,1535.331177,-4658.648438,-693.741394,1454.639648,-4669.050293,-683.701294,1578.630005,-4687.690430,-705.962158,1486.489624,-4616.949707,-690.693176,1621.565308,-4660.903809,,,,,,,,,,,,,2616.302734,1567.745483,-3159.763672,,,,,,,,,,,,,,,,,,,,,,,,,,,,,,,,,
9949,99.490000,0.000000,0.000000,0.000000,1.000000,0.000000,0.000000,0.000000,57.698101,20.499701,-14.700500,0.047771,-0.013570,0.015998,-15.666301,-52.738201,18.801300,-93.396698,0.129960,17.611099,-0.263421,-0.430829,-0.667752,0.546903,-693.524475,1535.331177,-4658.648438,-693.741394,1454.639648,-4669.050293,-683.701294,1578.630005,-4687.690430,-705.962158,1486.489624,-4616.949707,-690.693176,1621.565308,-4660.903809,,,,,,,,,,,,,2616.249512,1567.756958,-3159.782959,,,,,,,,,,,,,,,,,,,,,,,,,,,,,,,,,
9950,99.500000,0.000000,0.000000,0.000000,1.000000,0.000000,0.000000,0.000000,57.698101,20.499701,-14.700500,0.047771,-0.013570,0.015998,-15.666301,-52.738201,18.801300,-93.396698,0.129960,17.611099,-0.263421,-0.430829,-0.667752,0.546903,-693.524475,1535.331177,-4658.648438,-693.741394,1454.639648,-4669.050293,-683.701294,1578.630005,-4687.690430,-705.962158,1486.489624,-4616.949707,-690.693176,1621.565308,-4660.903809,,,,,,,,,,,,,2616.250732,1567.722290,-3159.796631,,,,,,,,,,,,,,,,,,,,,,,,,,,,,,,,,
9951,99.510000,0.000000,0.000000,0.000000,1.000000,0.000000,0.000000,0.000000,57.698101,20.499701,-14.700500,0.047771,-0.013570,0.015998,-15.666301,-52.738201,18.801300,-93.396698,0.129960,17.611099,-0.263421,-0.430829,-0.667752,0.546903,-693.524475,1535.331177,-4658.648438,-693.741394,1454.639648,-4669.050293,-683.701294,1578.630005,-4687.690430,-705.962158,1486.489624,-4616.949707,-690.693176,1621.565308,-4660.903809,,,,,,,,,,,,,2616.290527,1567.742065,-3159.781494,,,,,,,,,,,,,,,,,,,,,,,,,,,,,,,,,
9952,99.520000,0.000000,0.000000,0.000000,1.000000,0.000000,0.000000,0.000000,57.698101,20.499701,-14.700500,0.047771,-0.013570,0.015998,-15.666301,-52.738201,18.801300,-93.396698,0.129960,17.611099,-0.263421,-0.430829,-0.667752,0.546903,-693.524475,1535.331177,-4658.648438,-693.741394,1454.639648,-4669.050293,-683.701294,1578.630005,-4687.690430,-705.962158,1486.489624,-4616.949707,-690.693176,1621.565308,-4660.903809,,,,,,,,,,,,,2616.292480,1567.754395,-3159.781250,,,,,,,,,,,,,,,,,,,,,,,,,,,,,,,,,
9953,99.530000,0.000000,0.000000,0.000000,1.000000,0.000000,0.000000,0.000000,57.698101,20.499701,-14.700500,0.047771,-0.013570,0.015998,-15.666301,-52.738201,18.801300,-93.396698,0.129960,17.611099,-0.263421,-0.430829,-0.667752,0.546903,-693.524475,1535.331177,-4658.648438,-693.741394,1454.639648,-4669.050293,-683.701294,1578.630005,-4687.690430,-705.962158,1486.489624,-4616.949707,-690.693176,1621.565308,-4660.903809,,,,,,,,,,,,,2616.271240,1567.740234,-3159.791748,,,,,,,,,,,,,,,,,,,,,,,,,,,,,,,,,
9954,99.540000,0.000000,0.000000,0.000000,1.000000,0.000000,0.000000,0.000000,57.698101,20.499701,-14.700500,0.047771,-0.013570,0.015998,-15.666301,-52.738201,18.801300,-93.396698,0.129960,17.611099,-0.263421,-0.430829,-0.667752,0.546903,-693.524475,1535.331177,-4658.648438,-693.741394,1454.639648,-4669.050293,-683.701294,1578.630005,-4687.690430,-705.962158,1486.489624,-4616.949707,-690.693176,1621.565308,-4660.903809,,,,,,,,,,,,,2616.266846,1567.751587,-3159.792969,,,,,,,,,,,,,,,,,,,,,,,,,,,,,,,,,
9955,99.550000,0.000000,0.000000,0.000000,1.000000,0.000000,0.000000,0.000000,57.698101,20.499701,-14.700500,0.047771,-0.013570,0.015998,-15.666301,-52.738201,18.801300,-93.396698,0.129960,17.611099,-0.263421,-0.430829,-0.667752,0.546903,-693.524475,1535.331177,-4658.648438,-693.741394,1454.639648,-4669.050293,-683.701294,1578.630005,-4687.690430,-705.962158,1486.489624,-4616.949707,-690.693176,1621.565308,-4660.903809,,,,,,,,,,,,,2616.256836,1567.775269,-3159.792969,,,,,,,,,,,,,,,,,,,,,,,,,,,,,,,,,
9956,99.560000,0.000000,0.000000,0.000000,1.000000,0.000000,0.000000,0.000000,57.698101,20.499701,-14.700500,0.047771,-0.013570,0.015998,-15.666301,-52.738201,18.801300,-93.396698,0.129960,17.611099,-0.263421,-0.430829,-0.667752,0.546903,-693.524475,1535.331177,-4658.648438,-693.741394,1454.639648,-4669.050293,-683.701294,1578.630005,-4687.690430,-705.962158,1486.489624,-4616.949707,-690.693176,1621.565308,-4660.903809,,,,,,,,,,,,,2616.285645,1567.748291,-3159.791260,,,,,,,,,,,,,,,,,,,,,,,,,,,,,,,,,
9957,99.570000,0.000000,0.000000,0.000000,1.000000,0.000000,0.000000,0.000000,57.698101,20.499701,-14.700500,0.047771,-0.013570,0.015998,-15.666301,-52.738201,18.801300,-93.396698,0.129960,17.611099,-0.263421,-0.430829,-0.667752,0.546903,-693.524475,1535.331177,-4658.648438,-693.741394,1454.639648,-4669.050293,-683.701294,1578.630005,-4687.690430,-705.962158,1486.489624,-4616.949707,-690.693176,1621.565308,-4660.903809,,,,,,,,,,,,,2616.274658,1567.752441,-3159.786133,,,,,,,,,,,,,,,,,,,,,,,,,,,,,,,,,
9958,99.580000,0.000000,0.000000,0.000000,1.000000,0.000000,0.000000,0.000000,57.698101,20.499701,-14.700500,0.047771,-0.013570,0.015998,-15.666301,-52.738201,18.801300,-93.396698,0.129960,17.611099,-0.263421,-0.430829,-0.667752,0.546903,-693.524475,1535.331177,-4658.648438,-693.741394,1454.639648,-4669.050293,-683.701294,1578.630005,-4687.690430,-705.962158,1486.489624,-4616.949707,-690.693176,1621.565308,-4660.903809,,,,,,,,,,,,,2616.264404,1567.742554,-3159.795166,,,,,,,,,,,,,,,,,,,,,,,,,,,,,,,,,
9959,99.590000,0.000000,0.000000,0.000000,1.000000,0.000000,0.000000,0.000000,57.698101,20.499701,-14.700500,0.047771,-0.013570,0.015998,-15.666301,-52.738201,18.801300,-93.396698,0.129960,17.611099,-0.263421,-0.430829,-0.667752,0.546903,-693.524475,1535.331177,-4658.648438,-693.741394,1454.639648,-4669.050293,-683.701294,1578.630005,-4687.690430,-705.962158,1486.489624,-4616.949707,-690.693176,1621.565308,-4660.903809,,,,,,,,,,,,,2616.263672,1567.730469,-3159.781006,,,,,,,,,,,,,,,,,,,,,,,,,,,,,,,,,
9960,99.600000,0.000000,0.000000,0.000000,1.000000,0.000000,0.000000,0.000000,57.698101,20.499701,-14.700500,0.047771,-0.013570,0.015998,-15.666301,-52.738201,18.801300,-93.396698,0.129960,17.611099,-0.263421,-0.430829,-0.667752,0.546903,-693.524475,1535.331177,-4658.648438,-693.741394,1454.639648,-4669.050293,-683.701294,1578.630005,-4687.690430,-705.962158,1486.489624,-4616.949707,-690.693176,1621.565308,-4660.903809,,,,,,,,,,,,,2616.275391,1567.736328,-3159.787842,,,,,,,,,,,,,,,,,,,,,,,,,,,,,,,,,
9961,99.610000,0.000000,0.000000,0.000000,1.000000,0.000000,0.000000,0.000000,57.698101,20.499701,-14.700500,0.047771,-0.013570,0.015998,-15.666301,-52.738201,18.801300,-93.396698,0.129960,17.611099,-0.263421,-0.430829,-0.667752,0.546903,-693.524475,1535.331177,-4658.648438,-693.741394,1454.639648,-4669.050293,-683.701294,1578.630005,-4687.690430,-705.962158,1486.489624,-4616.949707,-690.693176,1621.565308,-4660.903809,,,,,,,,,,,,,2616.290283,1567.732788,-3159.778564,,,,,,,,,,,,,,,,,,,,,,,,,,,,,,,,,
9962,99.620000,0.000000,0.000000,0.000000,1.000000,0.000000,0.000000,0.000000,57.698101,20.499701,-14.700500,0.047771,-0.013570,0.015998,-15.666301,-52.738201,18.801300,-93.396698,0.129960,17.611099,-0.263421,-0.430829,-0.667752,0.546903,-693.524475,1535.331177,-4658.648438,-693.741394,1454.639648,-4669.050293,-683.701294,1578.630005,-4687.690430,-705.962158,1486.489624,-4616.949707,-690.693176,1621.565308,-4660.903809,,,,,,,,,,,,,2616.292969,1567.763428,-3159.782715,,,,,,,,,,,,,,,,,,,,,,,,,,,,,,,,,
9963,99.630000,0.000000,0.000000,0.000000,1.000000,0.000000,0.000000,0.000000,57.698101,20.499701,-14.700500,0.047771,-0.013570,0.015998,-15.666301,-52.738201,18.801300,-93.396698,0.129960,17.611099,-0.263421,-0.430829,-0.667752,0.546903,-693.524475,1535.331177,-4658.648438,-693.741394,1454.639648,-4669.050293,-683.701294,1578.630005,-4687.690430,-705.962158,1486.489624,-4616.949707,-690.693176,1621.565308,-4660.903809,,,,,,,,,,,,,2616.279785,1567.758789,-3159.795410,,,,,,,,,,,,,,,,,,,,,,,,,,,,,,,,,
9964,99.640000,0.000000,0.000000,0.000000,1.000000,0.000000,0.000000,0.000000,57.698101,20.499701,-14.700500,0.047771,-0.013570,0.015998,-15.666301,-52.738201,18.801300,-93.396698,0.129960,17.611099,-0.263421,-0.430829,-0.667752,0.546903,-693.524475,1535.331177,-4658.648438,-693.741394,1454.639648,-4669.050293,-683.701294,1578.630005,-4687.690430,-705.962158,1486.489624,-4616.949707,-690.693176,1621.565308,-4660.903809,,,,,,,,,,,,,2616.275879,1567.758179,-3159.794434,,,,,,,,,,,,,,,,,,,,,,,,,,,,,,,,,
9965,99.650000,0.000000,0.000000,0.000000,1.000000,0.000000,0.000000,0.000000,57.698101,20.499701,-14.700500,0.047771,-0.013570,0.015998,-15.666301,-52.738201,18.801300,-93.396698,0.129960,17.611099,-0.263421,-0.430829,-0.667752,0.546903,-693.524475,1535.331177,-4658.648438,-693.741394,1454.639648,-4669.050293,-683.701294,1578.630005,-4687.690430,-705.962158,1486.489624,-4616.949707,-690.693176,1621.565308,-4660.903809,,,,,,,,,,,,,2616.277100,1567.716553,-3159.779053,,,,,,,,,,,,,,,,,,,,,,,,,,,,,,,,,
9966,99.660000,0.000000,0.000000,0.000000,1.000000,0.000000,0.000000,0.000000,57.698101,20.499701,-14.700500,0.047771,-0.013570,0.015998,-15.666301,-52.738201,18.801300,-93.396698,0.129960,17.611099,-0.263421,-0.430829,-0.667752,0.546903,-693.524475,1535.331177,-4658.648438,-693.741394,1454.639648,-4669.050293,-683.701294,1578.630005,-4687.690430,-705.962158,1486.489624,-4616.949707,-690.693176,1621.565308,-4660.903809,,,,,,,,,,,,,2616.320801,1567.733154,-3159.764648,,,,,,,,,,,,,,,,,,,,,,,,,,,,,,,,,
9967,99.670000,0.000000,0.000000,0.000000,1.000000,0.000000,0.000000,0.000000,57.698101,20.499701,-14.700500,0.047771,-0.013570,0.015998,-15.666301,-52.738201,18.801300,-93.396698,0.129960,17.611099,-0.263421,-0.430829,-0.667752,0.546903,-693.524475,1535.331177,-4658.648438,-693.741394,1454.639648,-4669.050293,-683.701294,1578.630005,-4687.690430,-705.962158,1486.489624,-4616.949707,-690.693176,1621.565308,-4660.903809,,,,,,,,,,,,,2616.303711,1567.781128,-3159.772949,,,,,,,,,,,,,,,,,,,,,,,,,,,,,,,,,
9968,99.680000,0.000000,0.000000,0.000000,1.000000,0.000000,0.000000,0.000000,57.698101,20.499701,-14.700500,0.047771,-0.013570,0.015998,-15.666301,-52.738201,18.801300,-93.396698,0.129960,17.611099,-0.263421,-0.430829,-0.667752,0.546903,-693.524475,1535.331177,-4658.648438,-693.741394,1454.639648,-4669.050293,-683.701294,1578.630005,-4687.690430,-705.962158,1486.489624,-4616.949707,-690.693176,1621.565308,-4660.903809,,,,,,,,,,,,,2616.253662,1567.734009,-3159.795654,,,,,,,,,,,,,,,,,,,,,,,,,,,,,,,,,
9969,99.690000,0.000000,0.000000,0.000000,1.000000,0.000000,0.000000,0.000000,57.698101,20.499701,-14.700500,0.047771,-0.013570,0.015998,-15.666301,-52.738201,18.801300,-93.396698,0.129960,17.611099,-0.263421,-0.430829,-0.667752,0.546903,-693.524475,1535.331177,-4658.648438,-693.741394,1454.639648,-4669.050293,-683.701294,1578.630005,-4687.690430,-705.962158,1486.489624,-4616.949707,-690.693176,1621.565308,-4660.903809,,,,,,,,,,,,,2616.270264,1567.755005,-3159.795654,,,,,,,,,,,,,,,,,,,,,,,,,,,,,,,,,
9970,99.700000,0.000000,0.000000,0.000000,1.000000,0.000000,0.000000,0.000000,57.698101,20.499701,-14.700500,0.047771,-0.013570,0.015998,-15.666301,-52.738201,18.801300,-93.396698,0.129960,17.611099,-0.263421,-0.430829,-0.667752,0.546903,-693.524475,1535.331177,-4658.648438,-693.741394,1454.639648,-4669.050293,-683.701294,1578.630005,-4687.690430,-705.962158,1486.489624,-4616.949707,-690.693176,1621.565308,-4660.903809,,,,,,,,,,,,,2616.236084,1567.718872,-3159.792969,,,,,,,,,,,,,,,,,,,,,,,,,,,,,,,,,
9971,99.710000,0.000000,0.000000,0.000000,1.000000,0.000000,0.000000,0.000000,57.698101,20.499701,-14.700500,0.047771,-0.013570,0.015998,-15.666301,-52.738201,18.801300,-93.396698,0.129960,17.611099,-0.263421,-0.430829,-0.667752,0.546903,-693.524475,1535.331177,-4658.648438,-693.741394,1454.639648,-4669.050293,-683.701294,1578.630005,-4687.690430,-705.962158,1486.489624,-4616.949707,-690.693176,1621.565308,-4660.903809,,,,,,,,,,,,,2616.272705,1567.731934,-3159.782471,,,,,,,,,,,,,,,,,,,,,,,,,,,,,,,,,
9972,99.720000,0.000000,0.000000,0.000000,1.000000,0.000000,0.000000,0.000000,57.698101,20.499701,-14.700500,0.047771,-0.013570,0.015998,-15.666301,-52.738201,18.801300,-93.396698,0.129960,17.611099,-0.263421,-0.430829,-0.667752,0.546903,-693.524475,1535.331177,-4658.648438,-693.741394,1454.639648,-4669.050293,-683.701294,1578.630005,-4687.690430,-705.962158,1486.489624,-4616.949707,-690.693176,1621.565308,-4660.903809,,,,,,,,,,,,,2616.247070,1567.726807,-3159.783447,,,,,,,,,,,,,,,,,,,,,,,,,,,,,,,,,
9973,99.730000,0.000000,0.000000,0.000000,1.000000,0.000000,0.000000,0.000000,57.698101,20.499701,-14.700500,0.047771,-0.013570,0.015998,-15.666301,-52.738201,18.801300,-93.396698,0.129960,17.611099,-0.263421,-0.430829,-0.667752,0.546903,-693.524475,1535.331177,-4658.648438,-693.741394,1454.639648,-4669.050293,-683.701294,1578.630005,-4687.690430,-705.962158,1486.489624,-4616.949707,-690.693176,1621.565308,-4660.903809,,,,,,,,,,,,,2616.279053,1567.771973,-3159.788818,,,,,,,,,,,,,,,,,,,,,,,,,,,,,,,,,
9974,99.740000,0.000000,0.000000,0.000000,1.000000,0.000000,0.000000,0.000000,57.698101,20.499701,-14.700500,0.047771,-0.013570,0.015998,-15.666301,-52.738201,18.801300,-93.396698,0.129960,17.611099,-0.263421,-0.430829,-0.667752,0.546903,-693.524475,1535.331177,-4658.648438,-693.741394,1454.639648,-4669.050293,-683.701294,1578.630005,-4687.690430,-705.962158,1486.489624,-4616.949707,-690.693176,1621.565308,-4660.903809,,,,,,,,,,,,,2616.257812,1567.780640,-3159.790527,,,,,,,,,,,,,,,,,,,,,,,,,,,,,,,,,
9975,99.750000,0.000000,0.000000,0.000000,1.000000,0.000000,0.000000,0.000000,57.698101,20.499701,-14.700500,0.047771,-0.013570,0.015998,-15.666301,-52.738201,18.801300,-93.396698,0.129960,17.611099,-0.263421,-0.430829,-0.667752,0.546903,-693.524475,1535.331177,-4658.648438,-693.741394,1454.639648,-4669.050293,-683.701294,1578.630005,-4687.690430,-705.962158,1486.489624,-4616.949707,-690.693176,1621.565308,-4660.903809,,,,,,,,,,,,,2616.265869,1567.767944,-3159.801514,,,,,,,,,,,,,,,,,,,,,,,,,,,,,,,,,
9976,99.760000,0.000000,0.000000,0.000000,1.000000,0.000000,0.000000,0.000000,57.698101,20.499701,-14.700500,0.047771,-0.013570,0.015998,-15.666301,-52.738201,18.801300,-93.396698,0.129960,17.611099,-0.263421,-0.430829,-0.667752,0.546903,-693.524475,1535.331177,-4658.648438,-693.741394,1454.639648,-4669.050293,-683.701294,1578.630005,-4687.690430,-705.962158,1486.489624,-4616.949707,-690.693176,1621.565308,-4660.903809,,,,,,,,,,,,,2616.294434,1567.750610,-3159.779541,,,,,,,,,,,,,,,,,,,,,,,,,,,,,,,,,
9977,99.770000,0.000000,0.000000,0.000000,1.000000,0.000000,0.000000,0.000000,57.698101,20.499701,-14.700500,0.047771,-0.013570,0.015998,-15.666301,-52.738201,18.801300,-93.396698,0.129960,17.611099,-0.263421,-0.430829,-0.667752,0.546903,-693.524475,1535.331177,-4658.648438,-693.741394,1454.639648,-4669.050293,-683.701294,1578.630005,-4687.690430,-705.962158,1486.489624,-4616.949707,-690.693176,1621.565308,-4660.903809,,,,,,,,,,,,,2616.275391,1567.749268,-3159.779297,,,,,,,,,,,,,,,,,,,,,,,,,,,,,,,,,
9978,99.780000,0.000000,0.000000,0.000000,1.000000,0.000000,0.000000,0.000000,57.698101,20.499701,-14.700500,0.047771,-0.013570,0.015998,-15.666301,-52.738201,18.801300,-93.396698,0.129960,17.611099,-0.263421,-0.430829,-0.667752,0.546903,-693.524475,1535.331177,-4658.648438,-693.741394,1454.639648,-4669.050293,-683.701294,1578.630005,-4687.690430,-705.962158,1486.489624,-4616.949707,-690.693176,1621.565308,-4660.903809,,,,,,,,,,,,,2616.288818,1567.772949,-3159.795410,,,,,,,,,,,,,,,,,,,,,,,,,,,,,,,,,
9979,99.790000,0.000000,0.000000,0.000000,1.000000,0.000000,0.000000,0.000000,57.698101,20.499701,-14.700500,0.047771,-0.013570,0.015998,-15.666301,-52.738201,18.801300,-93.396698,0.129960,17.611099,-0.263421,-0.430829,-0.667752,0.546903,-693.524475,1535.331177,-4658.648438,-693.741394,1454.639648,-4669.050293,-683.701294,1578.630005,-4687.690430,-705.962158,1486.489624,-4616.949707,-690.693176,1621.565308,-4660.903809,,,,,,,,,,,,,2616.290771,1567.737305,-3159.769043,,,,,,,,,,,,,,,,,,,,,,,,,,,,,,,,,
9980,99.800000,0.000000,0.000000,0.000000,1.000000,0.000000,0.000000,0.000000,57.698101,20.499701,-14.700500,0.047771,-0.013570,0.015998,-15.666301,-52.738201,18.801300,-93.396698,0.129960,17.611099,-0.263421,-0.430829,-0.667752,0.546903,-693.524475,1535.331177,-4658.648438,-693.741394,1454.639648,-4669.050293,-683.701294,1578.630005,-4687.690430,-705.962158,1486.489624,-4616.949707,-690.693176,1621.565308,-4660.903809,,,,,,,,,,,,,2616.298096,1567.735229,-3159.765381,,,,,,,,,,,,,,,,,,,,,,,,,,,,,,,,,
9981,99.810000,0.000000,0.000000,0.000000,1.000000,0.000000,0.000000,0.000000,57.698101,20.499701,-14.700500,0.047771,-0.013570,0.015998,-15.666301,-52.738201,18.801300,-93.396698,0.129960,17.611099,-0.263421,-0.430829,-0.667752,0.546903,-693.524475,1535.331177,-4658.648438,-693.741394,1454.639648,-4669.050293,-683.701294,1578.630005,-4687.690430,-705.962158,1486.489624,-4616.949707,-690.693176,1621.565308,-4660.903809,,,,,,,,,,,,,2616.296143,1567.780518,-3159.782227,,,,,,,,,,,,,,,,,,,,,,,,,,,,,,,,,
9982,99.820000,0.000000,0.000000,0.000000,1.000000,0.000000,0.000000,0.000000,57.698101,20.499701,-14.700500,0.047771,-0.013570,0.015998,-15.666301,-52.738201,18.801300,-93.396698,0.129960,17.611099,-0.263421,-0.430829,-0.667752,0.546903,-693.524475,1535.331177,-4658.648438,-693.741394,1454.639648,-4669.050293,-683.701294,1578.630005,-4687.690430,-705.962158,1486.489624,-4616.949707,-690.693176,1621.565308,-4660.903809,,,,,,,,,,,,,2616.293457,1567.762085,-3159.787354,,,,,,,,,,,,,,,,,,,,,,,,,,,,,,,,,
9983,99.830000,0.000000,0.000000,0.000000,1.000000,0.000000,0.000000,0.000000,57.698101,20.499701,-14.700500,0.047771,-0.013570,0.015998,-15.666301,-52.738201,18.801300,-93.396698,0.129960,17.611099,-0.263421,-0.430829,-0.667752,0.546903,-693.524475,1535.331177,-4658.648438,-693.741394,1454.639648,-4669.050293,-683.701294,1578.630005,-4687.690430,-705.962158,1486.489624,-4616.949707,-690.693176,1621.565308,-4660.903809,,,,,,,,,,,,,2616.285156,1567.776978,-3159.797119,,,,,,,,,,,,,,,,,,,,,,,,,,,,,,,,,
9984,99.840000,0.000000,0.000000,0.000000,1.000000,0.000000,0.000000,0.000000,57.698101,20.499701,-14.700500,0.047771,-0.013570,0.015998,-15.666301,-52.738201,18.801300,-93.396698,0.129960,17.611099,-0.263421,-0.430829,-0.667752,0.546903,-693.524475,1535.331177,-4658.648438,-693.741394,1454.639648,-4669.050293,-683.701294,1578.630005,-4687.690430,-705.962158,1486.489624,-4616.949707,-690.693176,1621.565308,-4660.903809,,,,,,,,,,,,,2616.277832,1567.743896,-3159.793945,,,,,,,,,,,,,,,,,,,,,,,,,,,,,,,,,
9985,99.850000,0.000000,0.000000,0.000000,1.000000,0.000000,0.000000,0.000000,57.698101,20.499701,-14.700500,0.047771,-0.013570,0.015998,-15.666301,-52.738201,18.801300,-93.396698,0.129960,17.611099,-0.263421,-0.430829,-0.667752,0.546903,-693.524475,1535.331177,-4658.648438,-693.741394,1454.639648,-4669.050293,-683.701294,1578.630005,-4687.690430,-705.962158,1486.489624,-4616.949707,-690.693176,1621.565308,-4660.903809,,,,,,,,,,,,,2616.291748,1567.755005,-3159.769287,,,,,,,,,,,,,,,,,,,,,,,,,,,,,,,,,
9986,99.860000,0.000000,0.000000,0.000000,1.000000,0.000000,0.000000,0.000000,57.698101,20.499701,-14.700500,0.047771,-0.013570,0.015998,-15.666301,-52.738201,18.801300,-93.396698,0.129960,17.611099,-0.263421,-0.430829,-0.667752,0.546903,-693.524475,1535.331177,-4658.648438,-693.741394,1454.639648,-4669.050293,-683.701294,1578.630005,-4687.690430,-705.962158,1486.489624,-4616.949707,-690.693176,1621.565308,-4660.903809,,,,,,,,,,,,,2616.258301,1567.711548,-3159.780029,,,,,,,,,,,,,,,,,,,,,,,,,,,,,,,,,
9987,99.870000,0.000000,0.000000,0.000000,1.000000,0.000000,0.000000,0.000000,57.698101,20.499701,-14.700500,0.047771,-0.013570,0.015998,-15.666301,-52.738201,18.801300,-93.396698,0.129960,17.611099,-0.263421,-0.430829,-0.667752,0.546903,-693.524475,1535.331177,-4658.648438,-693.741394,1454.639648,-4669.050293,-683.701294,1578.630005,-4687.690430,-705.962158,1486.489624,-4616.949707,-690.693176,1621.565308,-4660.903809,,,,,,,,,,,,,2616.307373,1567.754883,-3159.788574,,,,,,,,,,,,,,,,,,,,,,,,,,,,,,,,,
9988,99.880000,0.000000,0.000000,0.000000,1.000000,0.000000,0.000000,0.000000,57.698101,20.499701,-14.700500,0.047771,-0.013570,0.015998,-15.666301,-52.738201,18.801300,-93.396698,0.129960,17.611099,-0.263421,-0.430829,-0.667752,0.546903,-693.524475,1535.331177,-4658.648438,-693.741394,1454.639648,-4669.050293,-683.701294,1578.630005,-4687.690430,-705.962158,1486.489624,-4616.949707,-690.693176,1621.565308,-4660.903809,,,,,,,,,,,,,2616.302002,1567.717773,-3159.763672,,,,,,,,,,,,,,,,,,,,,,,,,,,,,,,,,
9989,99.890000,0.000000,0.000000,0.000000,1.000000,0.000000,0.000000,0.000000,57.698101,20.499701,-14.700500,0.047771,-0.013570,0.015998,-15.666301,-52.738201,18.801300,-93.396698,0.129960,17.611099,-0.263421,-0.430829,-0.667752,0.546903,-693.524475,1535.331177,-4658.648438,-693.741394,1454.639648,-4669.050293,-683.701294,1578.630005,-4687.690430,-705.962158,1486.489624,-4616.949707,-690.693176,1621.565308,-4660.903809,,,,,,,,,,,,,2616.283936,1567.750366,-3159.781006,,,,,,,,,,,,,,,,,,,,,,,,,,,,,,,,,
9990,99.900000,0.000000,0.000000,0.000000,1.000000,0.000000,0.000000,0.000000,57.698101,20.499701,-14.700500,0.047771,-0.013570,0.015998,-15.666301,-52.738201,18.801300,-93.396698,0.129960,17.611099,-0.263421,-0.430829,-0.667752,0.546903,-693.524475,1535.331177,-4658.648438,-693.741394,1454.639648,-4669.050293,-683.701294,1578.630005,-4687.690430,-705.962158,1486.489624,-4616.949707,-690.693176,1621.565308,-4660.903809,,,,,,,,,,,,,2616.272461,1567.751343,-3159.784912,,,,,,,,,,,,,,,,,,,,,,,,,,,,,,,,,
9991,99.910000,0.000000,0.000000,0.000000,1.000000,0.000000,0.000000,0.000000,57.698101,20.499701,-14.700500,0.047771,-0.013570,0.015998,-15.666301,-52.738201,18.801300,-93.396698,0.129960,17.611099,-0.263421,-0.430829,-0.667752,0.546903,-693.524475,1535.331177,-4658.648438,-693.741394,1454.639648,-4669.050293,-683.701294,1578.630005,-4687.690430,-705.962158,1486.489624,-4616.949707,-690.693176,1621.565308,-4660.903809,,,,,,,,,,,,,2616.281494,1567.732544,-3159.794434,,,,,,,,,,,,,,,,,,,,,,,,,,,,,,,,,
9992,99.920000,0.000000,0.000000,0.000000,1.000000,0.000000,0.000000,0.000000,57.698101,20.499701,-14.700500,0.047771,-0.013570,0.015998,-15.666301,-52.738201,18.801300,-93.396698,0.129960,17.611099,-0.263421,-0.430829,-0.667752,0.546903,-693.524475,1535.331177,-4658.648438,-693.741394,1454.639648,-4669.050293,-683.701294,1578.630005,-4687.690430,-705.962158,1486.489624,-4616.949707,-690.693176,1621.565308,-4660.903809,,,,,,,,,,,,,2616.292480,1567.728027,-3159.777588,,,,,,,,,,,,,,,,,,,,,,,,,,,,,,,,,
9993,99.930000,0.000000,0.000000,0.000000,1.000000,0.000000,0.000000,0.000000,57.698101,20.499701,-14.700500,0.047771,-0.013570,0.015998,-15.666301,-52.738201,18.801300,-93.396698,0.129960,17.611099,-0.263421,-0.430829,-0.667752,0.546903,-693.524475,1535.331177,-4658.648438,-693.741394,1454.639648,-4669.050293,-683.701294,1578.630005,-4687.690430,-705.962158,1486.489624,-4616.949707,-690.693176,1621.565308,-4660.903809,,,,,,,,,,,,,2616.301758,1567.729858,-3159.779053,,,,,,,,,,,,,,,,,,,,,,,,,,,,,,,,,
9994,99.940000,0.000000,0.000000,0.000000,1.000000,0.000000,0.000000,0.000000,57.698101,20.499701,-14.700500,0.047771,-0.013570,0.015998,-15.666301,-52.738201,18.801300,-93.396698,0.129960,17.611099,-0.263421,-0.430829,-0.667752,0.546903,-693.524475,1535.331177,-4658.648438,-693.741394,1454.639648,-4669.050293,-683.701294,1578.630005,-4687.690430,-705.962158,1486.489624,-4616.949707,-690.693176,1621.565308,-4660.903809,,,,,,,,,,,,,2616.333740,1567.734619,-3159.760254,,,,,,,,,,,,,,,,,,,,,,,,,,,,,,,,,
9995,99.950000,0.000000,0.000000,0.000000,1.000000,0.000000,0.000000,0.000000,57.698101,20.499701,-14.700500,0.047771,-0.013570,0.015998,-15.666301,-52.738201,18.801300,-93.396698,0.129960,17.611099,-0.263421,-0.430829,-0.667752,0.546903,-693.524475,1535.331177,-4658.648438,-693.741394,1454.639648,-4669.050293,-683.701294,1578.630005,-4687.690430,-705.962158,1486.489624,-4616.949707,-690.693176,1621.565308,-4660.903809,,,,,,,,,,,,,2616.318359,1567.745728,-3159.759033,,,,,,,,,,,,,,,,,,,,,,,,,,,,,,,,,
9996,99.960000,0.000000,0.000000,0.000000,1.000000,0.000000,0.000000,0.000000,57.698101,20.499701,-14.700500,0.047771,-0.013570,0.015998,-15.666301,-52.738201,18.801300,-93.396698,0.129960,17.611099,-0.263421,-0.430829,-0.667752,0.546903,-693.524475,1535.331177,-4658.648438,-693.741394,1454.639648,-4669.050293,-683.701294,1578.630005,-4687.690430,-705.962158,1486.489624,-4616.949707,-690.693176,1621.565308,-4660.903809,,,,,,,,,,,,,2616.253906,1567.739014,-3159.779053,,,,,,,,,,,,,,,,,,,,,,,,,,,,,,,,,
9997,99.970000,0.000000,0.000000,0.000000,1.000000,0.000000,0.000000,0.000000,57.698101,20.499701,-14.700500,0.047771,-0.013570,0.015998,-15.666301,-52.738201,18.801300,-93.396698,0.129960,17.611099,-0.263421,-0.430829,-0.667752,0.546903,-693.524475,1535.331177,-4658.648438,-693.741394,1454.639648,-4669.050293,-683.701294,1578.630005,-4687.690430,-705.962158,1486.489624,-4616.949707,-690.693176,1621.565308,-4660.903809,,,,,,,,,,,,,2616.262207,1567.778198,-3159.809814,,,,,,,,,,,,,,,,,,,,,,,,,,,,,,,,,
9998,99.980000,0.000000,0.000000,0.000000,1.000000,0.000000,0.000000,0.000000,57.698101,20.499701,-14.700500,0.047771,-0.013570,0.015998,-15.666301,-52.738201,18.801300,-93.396698,0.129960,17.611099,-0.263421,-0.430829,-0.667752,0.546903,-693.524475,1535.331177,-4658.648438,-693.741394,1454.639648,-4669.050293,-683.701294,1578.630005,-4687.690430,-705.962158,1486.489624,-4616.949707,-690.693176,1621.565308,-4660.903809,,,,,,,,,,,,,2616.280518,1567.759521,-3159.791504,,,,,,,,,,,,,,,,,,,,,,,,,,,,,,,,,
9999,99.990000,0.000000,0.000000,0.000000,1.000000,0.000000,0.000000,0.000000,57.698101,20.499701,-14.700500,0.047771,-0.013570,0.015998,-15.666301,-52.738201,18.801300,-93.396698,0.129960,17.611099,-0.263421,-0.430829,-0.667752,0.546903,-693.524475,1535.331177,-4658.648438,-693.741394,1454.639648,-4669.050293,-683.701294,1578.630005,-4687.690430,-705.962158,1486.489624,-4616.949707,-690.693176,1621.565308,-4660.903809,,,,,,,,,,,,,2616.302734,1567.755249,-3159.779297,,,,,,,,,,,,,,,,,,,,,,,,,,,,,,,,,
10000,100.000000,0.000000,0.000000,0.000000,1.000000,0.000000,0.000000,0.000000,57.698101,20.499701,-14.700500,0.047771,-0.013570,0.015998,-15.666301,-52.738201,18.801300,-93.396698,0.129960,17.611099,-0.263421,-0.430829,-0.667752,0.546903,-693.524475,1535.331177,-4658.648438,-693.741394,1454.639648,-4669.050293,-683.701294,1578.630005,-4687.690430,-705.962158,1486.489624,-4616.949707,-690.693176,1621.565308,-4660.903809,,,,,,,,,,,,,2616.274902,1567.751465,-3159.772461,,,,,,,,,,,,,,,,,,,,,,,,,,,,,,,,,
10001,100.010000,0.000000,0.000000,0.000000,1.000000,0.000000,0.000000,0.000000,57.698101,20.499701,-14.700500,0.047771,-0.013570,0.015998,-15.666301,-52.738201,18.801300,-93.396698,0.129960,17.611099,-0.263421,-0.430829,-0.667752,0.546903,-693.524475,1535.331177,-4658.648438,-693.741394,1454.639648,-4669.050293,-683.701294,1578.630005,-4687.690430,-705.962158,1486.489624,-4616.949707,-690.693176,1621.565308,-4660.903809,,,,,,,,,,,,,2616.284668,1567.730957,-3159.785156,,,,,,,,,,,,,,,,,,,,,,,,,,,,,,,,,
10002,100.020000,0.000000,0.000000,0.000000,1.000000,0.000000,0.000000,0.000000,57.698101,20.499701,-14.700500,0.047771,-0.013570,0.015998,-15.666301,-52.738201,18.801300,-93.396698,0.129960,17.611099,-0.263421,-0.430829,-0.667752,0.546903,-693.524475,1535.331177,-4658.648438,-693.741394,1454.639648,-4669.050293,-683.701294,1578.630005,-4687.690430,-705.962158,1486.489624,-4616.949707,-690.693176,1621.565308,-4660.903809,,,,,,,,,,,,,2616.303467,1567.744507,-3159.770752,,,,,,,,,,,,,,,,,,,,,,,,,,,,,,,,,
10003,100.030000,0.000000,0.000000,0.000000,1.000000,0.000000,0.000000,0.000000,57.698101,20.499701,-14.700500,0.047771,-0.013570,0.015998,-15.666301,-52.738201,18.801300,-93.396698,0.129960,17.611099,-0.263421,-0.430829,-0.667752,0.546903,-693.524475,1535.331177,-4658.648438,-693.741394,1454.639648,-4669.050293,-683.701294,1578.630005,-4687.690430,-705.962158,1486.489624,-4616.949707,-690.693176,1621.565308,-4660.903809,,,,,,,,,,,,,2616.320312,1567.754883,-3159.775635,,,,,,,,,,,,,,,,,,,,,,,,,,,,,,,,,
10004,100.040000,0.000000,0.000000,0.000000,1.000000,0.000000,0.000000,0.000000,57.698101,20.499701,-14.700500,0.047771,-0.013570,0.015998,-15.666301,-52.738201,18.801300,-93.396698,0.129960,17.611099,-0.263421,-0.430829,-0.667752,0.546903,-693.524475,1535.331177,-4658.648438,-693.741394,1454.639648,-4669.050293,-683.701294,1578.630005,-4687.690430,-705.962158,1486.489624,-4616.949707,-690.693176,1621.565308,-4660.903809,,,,,,,,,,,,,2616.314453,1567.724365,-3159.778809,,,,,,,,,,,,,,,,,,,,,,,,,,,,,,,,,
10005,100.050000,0.000000,0.000000,0.000000,1.000000,0.000000,0.000000,0.000000,57.698101,20.499701,-14.700500,0.047771,-0.013570,0.015998,-15.666301,-52.738201,18.801300,-93.396698,0.129960,17.611099,-0.263421,-0.430829,-0.667752,0.546903,-693.524475,1535.331177,-4658.648438,-693.741394,1454.639648,-4669.050293,-683.701294,1578.630005,-4687.690430,-705.962158,1486.489624,-4616.949707,-690.693176,1621.565308,-4660.903809,,,,,,,,,,,,,2616.307861,1567.743164,-3159.775391,,,,,,,,,,,,,,,,,,,,,,,,,,,,,,,,,
10006,100.060000,0.000000,0.000000,0.000000,1.000000,0.000000,0.000000,0.000000,57.698101,20.499701,-14.700500,0.047771,-0.013570,0.015998,-15.666301,-52.738201,18.801300,-93.396698,0.129960,17.611099,-0.263421,-0.430829,-0.667752,0.546903,-693.524475,1535.331177,-4658.648438,-693.741394,1454.639648,-4669.050293,-683.701294,1578.630005,-4687.690430,-705.962158,1486.489624,-4616.949707,-690.693176,1621.565308,-4660.903809,,,,,,,,,,,,,2616.275635,1567.709351,-3159.786377,,,,,,,,,,,,,,,,,,,,,,,,,,,,,,,,,
10007,100.070000,0.000000,0.000000,0.000000,1.000000,0.000000,0.000000,0.000000,57.698101,20.499701,-14.700500,0.047771,-0.013570,0.015998,-15.666301,-52.738201,18.801300,-93.396698,0.129960,17.611099,-0.263421,-0.430829,-0.667752,0.546903,-693.524475,1535.331177,-4658.648438,-693.741394,1454.639648,-4669.050293,-683.701294,1578.630005,-4687.690430,-705.962158,1486.489624,-4616.949707,-690.693176,1621.565308,-4660.903809,,,,,,,,,,,,,2616.279053,1567.726074,-3159.782227,,,,,,,,,,,,,,,,,,,,,,,,,,,,,,,,,
10008,100.080000,0.000000,0.000000,0.000000,1.000000,0.000000,0.000000,0.000000,57.698101,20.499701,-14.700500,0.047771,-0.013570,0.015998,-15.666301,-52.738201,18.801300,-93.396698,0.129960,17.611099,-0.263421,-0.430829,-0.667752,0.546903,-693.524475,1535.331177,-4658.648438,-693.741394,1454.639648,-4669.050293,-683.701294,1578.630005,-4687.690430,-705.962158,1486.489624,-4616.949707,-690.693176,1621.565308,-4660.903809,,,,,,,,,,,,,2616.277100,1567.739014,-3159.779541,,,,,,,,,,,,,,,,,,,,,,,,,,,,,,,,,
10009,100.090000,0.000000,0.000000,0.000000,1.000000,0.000000,0.000000,0.000000,57.698101,20.499701,-14.700500,0.047771,-0.013570,0.015998,-15.666301,-52.738201,18.801300,-93.396698,0.129960,17.611099,-0.263421,-0.430829,-0.667752,0.546903,-693.524475,1535.331177,-4658.648438,-693.741394,1454.639648,-4669.050293,-683.701294,1578.630005,-4687.690430,-705.962158,1486.489624,-4616.949707,-690.693176,1621.565308,-4660.903809,,,,,,,,,,,,,2616.296875,1567.742065,-3159.779053,,,,,,,,,,,,,,,,,,,,,,,,,,,,,,,,,
10010,100.100000,0.000000,0.000000,0.000000,1.000000,0.000000,0.000000,0.000000,57.698101,20.499701,-14.700500,0.047771,-0.013570,0.015998,-15.666301,-52.738201,18.801300,-93.396698,0.129960,17.611099,-0.263421,-0.430829,-0.667752,0.546903,-693.524475,1535.331177,-4658.648438,-693.741394,1454.639648,-4669.050293,-683.701294,1578.630005,-4687.690430,-705.962158,1486.489624,-4616.949707,-690.693176,1621.565308,-4660.903809,,,,,,,,,,,,,2616.267090,1567.755127,-3159.794189,,,,,,,,,,,,,,,,,,,,,,,,,,,,,,,,,
10011,100.110000,0.000000,0.000000,0.000000,1.000000,0.000000,0.000000,0.000000,57.698101,20.499701,-14.700500,0.047771,-0.013570,0.015998,-15.666301,-52.738201,18.801300,-93.396698,0.129960,17.611099,-0.263421,-0.430829,-0.667752,0.546903,-693.524475,1535.331177,-4658.648438,-693.741394,1454.639648,-4669.050293,-683.701294,1578.630005,-4687.690430,-705.962158,1486.489624,-4616.949707,-690.693176,1621.565308,-4660.903809,,,,,,,,,,,,,2616.284668,1567.792603,-3159.793213,,,,,,,,,,,,,,,,,,,,,,,,,,,,,,,,,
10012,100.120000,0.000000,0.000000,0.000000,1.000000,0.000000,0.000000,0.000000,57.698101,20.499701,-14.700500,0.047771,-0.013570,0.015998,-15.666301,-52.738201,18.801300,-93.396698,0.129960,17.611099,-0.263421,-0.430829,-0.667752,0.546903,-693.524475,1535.331177,-4658.648438,-693.741394,1454.639648,-4669.050293,-683.701294,1578.630005,-4687.690430,-705.962158,1486.489624,-4616.949707,-690.693176,1621.565308,-4660.903809,,,,,,,,,,,,,2616.305420,1567.762207,-3159.784668,,,,,,,,,,,,,,,,,,,,,,,,,,,,,,,,,
10013,100.130000,0.000000,0.000000,0.000000,1.000000,0.000000,0.000000,0.000000,57.698101,20.499701,-14.700500,0.047771,-0.013570,0.015998,-15.666301,-52.738201,18.801300,-93.396698,0.129960,17.611099,-0.263421,-0.430829,-0.667752,0.546903,-693.524475,1535.331177,-4658.648438,-693.741394,1454.639648,-4669.050293,-683.701294,1578.630005,-4687.690430,-705.962158,1486.489624,-4616.949707,-690.693176,1621.565308,-4660.903809,,,,,,,,,,,,,2616.281738,1567.764771,-3159.779297,,,,,,,,,,,,,,,,,,,,,,,,,,,,,,,,,
10014,100.140000,0.000000,0.000000,0.000000,1.000000,0.000000,0.000000,0.000000,57.698101,20.499701,-14.700500,0.047771,-0.013570,0.015998,-15.666301,-52.738201,18.801300,-93.396698,0.129960,17.611099,-0.263421,-0.430829,-0.667752,0.546903,-693.524475,1535.331177,-4658.648438,-693.741394,1454.639648,-4669.050293,-683.701294,1578.630005,-4687.690430,-705.962158,1486.489624,-4616.949707,-690.693176,1621.565308,-4660.903809,,,,,,,,,,,,,2616.283691,1567.759155,-3159.786133,,,,,,,,,,,,,,,,,,,,,,,,,,,,,,,,,
10015,100.150000,0.000000,0.000000,0.000000,1.000000,0.000000,0.000000,0.000000,57.698101,20.499701,-14.700500,0.047771,-0.013570,0.015998,-15.666301,-52.738201,18.801300,-93.396698,0.129960,17.611099,-0.263421,-0.430829,-0.667752,0.546903,-693.524475,1535.331177,-4658.648438,-693.741394,1454.639648,-4669.050293,-683.701294,1578.630005,-4687.690430,-705.962158,1486.489624,-4616.949707,-690.693176,1621.565308,-4660.903809,,,,,,,,,,,,,2616.283203,1567.760254,-3159.786133,,,,,,,,,,,,,,,,,,,,,,,,,,,,,,,,,
10016,100.160000,0.000000,0.000000,0.000000,1.000000,0.000000,0.000000,0.000000,57.698101,20.499701,-14.700500,0.047771,-0.013570,0.015998,-15.666301,-52.738201,18.801300,-93.396698,0.129960,17.611099,-0.263421,-0.430829,-0.667752,0.546903,-693.524475,1535.331177,-4658.648438,-693.741394,1454.639648,-4669.050293,-683.701294,1578.630005,-4687.690430,-705.962158,1486.489624,-4616.949707,-690.693176,1621.565308,-4660.903809,,,,,,,,,,,,,2616.303223,1567.752441,-3159.783203,,,,,,,,,,,,,,,,,,,,,,,,,,,,,,,,,
10017,100.170000,0.000000,0.000000,0.000000,1.000000,0.000000,0.000000,0.000000,57.698101,20.499701,-14.700500,0.047771,-0.013570,0.015998,-15.666301,-52.738201,18.801300,-93.396698,0.129960,17.611099,-0.263421,-0.430829,-0.667752,0.546903,-693.524475,1535.331177,-4658.648438,-693.741394,1454.639648,-4669.050293,-683.701294,1578.630005,-4687.690430,-705.962158,1486.489624,-4616.949707,-690.693176,1621.565308,-4660.903809,,,,,,,,,,,,,2616.287109,1567.759644,-3159.790283,,,,,,,,,,,,,,,,,,,,,,,,,,,,,,,,,
10018,100.180000,0.000000,0.000000,0.000000,1.000000,0.000000,0.000000,0.000000,57.698101,20.499701,-14.700500,0.047771,-0.013570,0.015998,-15.666301,-52.738201,18.801300,-93.396698,0.129960,17.611099,-0.263421,-0.430829,-0.667752,0.546903,-693.524475,1535.331177,-4658.648438,-693.741394,1454.639648,-4669.050293,-683.701294,1578.630005,-4687.690430,-705.962158,1486.489624,-4616.949707,-690.693176,1621.565308,-4660.903809,,,,,,,,,,,,,2616.296631,1567.765625,-3159.784180,,,,,,,,,,,,,,,,,,,,,,,,,,,,,,,,,
10019,100.190000,0.000000,0.000000,0.000000,1.000000,0.000000,0.000000,0.000000,57.698101,20.499701,-14.700500,0.047771,-0.013570,0.015998,-15.666301,-52.738201,18.801300,-93.396698,0.129960,17.611099,-0.263421,-0.430829,-0.667752,0.546903,-693.524475,1535.331177,-4658.648438,-693.741394,1454.639648,-4669.050293,-683.701294,1578.630005,-4687.690430,-705.962158,1486.489624,-4616.949707,-690.693176,1621.565308,-4660.903809,,,,,,,,,,,,,2616.297363,1567.751221,-3159.778076,,,,,,,,,,,,,,,,,,,,,,,,,,,,,,,,,
10020,100.200000,0.000000,0.000000,0.000000,1.000000,0.000000,0.000000,0.000000,57.698101,20.499701,-14.700500,0.047771,-0.013570,0.015998,-15.666301,-52.738201,18.801300,-93.396698,0.129960,17.611099,-0.263421,-0.430829,-0.667752,0.546903,-693.524475,1535.331177,-4658.648438,-693.741394,1454.639648,-4669.050293,-683.701294,1578.630005,-4687.690430,-705.962158,1486.489624,-4616.949707,-690.693176,1621.565308,-4660.903809,,,,,,,,,,,,,2616.301025,1567.739258,-3159.776123,,,,,,,,,,,,,,,,,,,,,,,,,,,,,,,,,
10021,100.210000,0.000000,0.000000,0.000000,1.000000,0.000000,0.000000,0.000000,57.698101,20.499701,-14.700500,0.047771,-0.013570,0.015998,-15.666301,-52.738201,18.801300,-93.396698,0.129960,17.611099,-0.263421,-0.430829,-0.667752,0.546903,-693.524475,1535.331177,-4658.648438,-693.741394,1454.639648,-4669.050293,-683.701294,1578.630005,-4687.690430,-705.962158,1486.489624,-4616.949707,-690.693176,1621.565308,-4660.903809,,,,,,,,,,,,,2616.347412,1567.727539,-3159.770508,,,,,,,,,,,,,,,,,,,,,,,,,,,,,,,,,
10022,100.220000,0.000000,0.000000,0.000000,1.000000,0.000000,0.000000,0.000000,57.698101,20.499701,-14.700500,0.047771,-0.013570,0.015998,-15.666301,-52.738201,18.801300,-93.396698,0.129960,17.611099,-0.263421,-0.430829,-0.667752,0.546903,-693.524475,1535.331177,-4658.648438,-693.741394,1454.639648,-4669.050293,-683.701294,1578.630005,-4687.690430,-705.962158,1486.489624,-4616.949707,-690.693176,1621.565308,-4660.903809,,,,,,,,,,,,,2616.298828,1567.744019,-3159.773682,,,,,,,,,,,,,,,,,,,,,,,,,,,,,,,,,
10023,100.230000,0.000000,0.000000,0.000000,1.000000,0.000000,0.000000,0.000000,57.698101,20.499701,-14.700500,0.047771,-0.013570,0.015998,-15.666301,-52.738201,18.801300,-93.396698,0.129960,17.611099,-0.263421,-0.430829,-0.667752,0.546903,-693.524475,1535.331177,-4658.648438,-693.741394,1454.639648,-4669.050293,-683.701294,1578.630005,-4687.690430,-705.962158,1486.489624,-4616.949707,-690.693176,1621.565308,-4660.903809,,,,,,,,,,,,,2616.285645,1567.752075,-3159.785400,,,,,,,,,,,,,,,,,,,,,,,,,,,,,,,,,
10024,100.240000,0.000000,0.000000,0.000000,1.000000,0.000000,0.000000,0.000000,57.698101,20.499701,-14.700500,0.047771,-0.013570,0.015998,-15.666301,-52.738201,18.801300,-93.396698,0.129960,17.611099,-0.263421,-0.430829,-0.667752,0.546903,-693.524475,1535.331177,-4658.648438,-693.741394,1454.639648,-4669.050293,-683.701294,1578.630005,-4687.690430,-705.962158,1486.489624,-4616.949707,-690.693176,1621.565308,-4660.903809,,,,,,,,,,,,,2616.304199,1567.764893,-3159.785889,,,,,,,,,,,,,,,,,,,,,,,,,,,,,,,,,
10025,100.250000,0.000000,0.000000,0.000000,1.000000,0.000000,0.000000,0.000000,57.698101,20.499701,-14.700500,0.047771,-0.013570,0.015998,-15.666301,-52.738201,18.801300,-93.396698,0.129960,17.611099,-0.263421,-0.430829,-0.667752,0.546903,-693.524475,1535.331177,-4658.648438,-693.741394,1454.639648,-4669.050293,-683.701294,1578.630005,-4687.690430,-705.962158,1486.489624,-4616.949707,-690.693176,1621.565308,-4660.903809,,,,,,,,,,,,,2616.314209,1567.718262,-3159.772949,,,,,,,,,,,,,,,,,,,,,,,,,,,,,,,,,
10026,100.260000,0.000000,0.000000,0.000000,1.000000,0.000000,0.000000,0.000000,57.698101,20.499701,-14.700500,0.047771,-0.013570,0.015998,-15.666301,-52.738201,18.801300,-93.396698,0.129960,17.611099,-0.263421,-0.430829,-0.667752,0.546903,-693.524475,1535.331177,-4658.648438,-693.741394,1454.639648,-4669.050293,-683.701294,1578.630005,-4687.690430,-705.962158,1486.489624,-4616.949707,-690.693176,1621.565308,-4660.903809,,,,,,,,,,,,,2616.309326,1567.736938,-3159.767334,,,,,,,,,,,,,,,,,,,,,,,,,,,,,,,,,
10027,100.270000,0.000000,0.000000,0.000000,1.000000,0.000000,0.000000,0.000000,57.698101,20.499701,-14.700500,0.047771,-0.013570,0.015998,-15.666301,-52.738201,18.801300,-93.396698,0.129960,17.611099,-0.263421,-0.430829,-0.667752,0.546903,-693.524475,1535.331177,-4658.648438,-693.741394,1454.639648,-4669.050293,-683.701294,1578.630005,-4687.690430,-705.962158,1486.489624,-4616.949707,-690.693176,1621.565308,-4660.903809,,,,,,,,,,,,,2616.296143,1567.757812,-3159.776611,,,,,,,,,,,,,,,,,,,,,,,,,,,,,,,,,
10028,100.280000,0.000000,0.000000,0.000000,1.000000,0.000000,0.000000,0.000000,57.698101,20.499701,-14.700500,0.047771,-0.013570,0.015998,-15.666301,-52.738201,18.801300,-93.396698,0.129960,17.611099,-0.263421,-0.430829,-0.667752,0.546903,-693.524475,1535.331177,-4658.648438,-693.741394,1454.639648,-4669.050293,-683.701294,1578.630005,-4687.690430,-705.962158,1486.489624,-4616.949707,-690.693176,1621.565308,-4660.903809,,,,,,,,,,,,,2616.265625,1567.794556,-3159.790771,,,,,,,,,,,,,,,,,,,,,,,,,,,,,,,,,
10029,100.290000,0.000000,0.000000,0.000000,1.000000,0.000000,0.000000,0.000000,57.698101,20.499701,-14.700500,0.047771,-0.013570,0.015998,-15.666301,-52.738201,18.801300,-93.396698,0.129960,17.611099,-0.263421,-0.430829,-0.667752,0.546903,-693.524475,1535.331177,-4658.648438,-693.741394,1454.639648,-4669.050293,-683.701294,1578.630005,-4687.690430,-705.962158,1486.489624,-4616.949707,-690.693176,1621.565308,-4660.903809,,,,,,,,,,,,,2616.268555,1567.762451,-3159.797607,,,,,,,,,,,,,,,,,,,,,,,,,,,,,,,,,
10030,100.300000,0.000000,0.000000,0.000000,1.000000,0.000000,0.000000,0.000000,57.698101,20.499701,-14.700500,0.047771,-0.013570,0.015998,-15.666301,-52.738201,18.801300,-93.396698,0.129960,17.611099,-0.263421,-0.430829,-0.667752,0.546903,-693.524475,1535.331177,-4658.648438,-693.741394,1454.639648,-4669.050293,-683.701294,1578.630005,-4687.690430,-705.962158,1486.489624,-4616.949707,-690.693176,1621.565308,-4660.903809,,,,,,,,,,,,,2616.276123,1567.771729,-3159.786621,,,,,,,,,,,,,,,,,,,,,,,,,,,,,,,,,
10031,100.310000,0.000000,0.000000,0.000000,1.000000,0.000000,0.000000,0.000000,57.698101,20.499701,-14.700500,0.047771,-0.013570,0.015998,-15.666301,-52.738201,18.801300,-93.396698,0.129960,17.611099,-0.263421,-0.430829,-0.667752,0.546903,-693.524475,1535.331177,-4658.648438,-693.741394,1454.639648,-4669.050293,-683.701294,1578.630005,-4687.690430,-705.962158,1486.489624,-4616.949707,-690.693176,1621.565308,-4660.903809,,,,,,,,,,,,,2616.293457,1567.764160,-3159.779785,,,,,,,,,,,,,,,,,,,,,,,,,,,,,,,,,
10032,100.320000,0.000000,0.000000,0.000000,1.000000,0.000000,0.000000,0.000000,57.698101,20.499701,-14.700500,0.047771,-0.013570,0.015998,-15.666301,-52.738201,18.801300,-93.396698,0.129960,17.611099,-0.263421,-0.430829,-0.667752,0.546903,-693.524475,1535.331177,-4658.648438,-693.741394,1454.639648,-4669.050293,-683.701294,1578.630005,-4687.690430,-705.962158,1486.489624,-4616.949707,-690.693176,1621.565308,-4660.903809,,,,,,,,,,,,,2616.306641,1567.707764,-3159.768555,,,,,,,,,,,,,,,,,,,,,,,,,,,,,,,,,
10033,100.330000,0.000000,0.000000,0.000000,1.000000,0.000000,0.000000,0.000000,57.698101,20.499701,-14.700500,0.047771,-0.013570,0.015998,-15.666301,-52.738201,18.801300,-93.396698,0.129960,17.611099,-0.263421,-0.430829,-0.667752,0.546903,-693.524475,1535.331177,-4658.648438,-693.741394,1454.639648,-4669.050293,-683.701294,1578.630005,-4687.690430,-705.962158,1486.489624,-4616.949707,-690.693176,1621.565308,-4660.903809,,,,,,,,,,,,,2616.314697,1567.716064,-3159.761475,,,,,,,,,,,,,,,,,,,,,,,,,,,,,,,,,
10034,100.340000,0.000000,0.000000,0.000000,1.000000,0.000000,0.000000,0.000000,57.698101,20.499701,-14.700500,0.047771,-0.013570,0.015998,-15.666301,-52.738201,18.801300,-93.396698,0.129960,17.611099,-0.263421,-0.430829,-0.667752,0.546903,-693.524475,1535.331177,-4658.648438,-693.741394,1454.639648,-4669.050293,-683.701294,1578.630005,-4687.690430,-705.962158,1486.489624,-4616.949707,-690.693176,1621.565308,-4660.903809,,,,,,,,,,,,,2616.312012,1567.731323,-3159.764893,,,,,,,,,,,,,,,,,,,,,,,,,,,,,,,,,
10035,100.350000,0.000000,0.000000,0.000000,1.000000,0.000000,0.000000,0.000000,57.698101,20.499701,-14.700500,0.047771,-0.013570,0.015998,-15.666301,-52.738201,18.801300,-93.396698,0.129960,17.611099,-0.263421,-0.430829,-0.667752,0.546903,-693.524475,1535.331177,-4658.648438,-693.741394,1454.639648,-4669.050293,-683.701294,1578.630005,-4687.690430,-705.962158,1486.489624,-4616.949707,-690.693176,1621.565308,-4660.903809,,,,,,,,,,,,,2616.274170,1567.735229,-3159.781250,,,,,,,,,,,,,,,,,,,,,,,,,,,,,,,,,
10036,100.360000,0.000000,0.000000,0.000000,1.000000,0.000000,0.000000,0.000000,57.698101,20.499701,-14.700500,0.047771,-0.013570,0.015998,-15.666301,-52.738201,18.801300,-93.396698,0.129960,17.611099,-0.263421,-0.430829,-0.667752,0.546903,-693.524475,1535.331177,-4658.648438,-693.741394,1454.639648,-4669.050293,-683.701294,1578.630005,-4687.690430,-705.962158,1486.489624,-4616.949707,-690.693176,1621.565308,-4660.903809,,,,,,,,,,,,,2616.276123,1567.736816,-3159.792480,,,,,,,,,,,,,,,,,,,,,,,,,,,,,,,,,
10037,100.370000,0.000000,0.000000,0.000000,1.000000,0.000000,0.000000,0.000000,57.698101,20.499701,-14.700500,0.047771,-0.013570,0.015998,-15.666301,-52.738201,18.801300,-93.396698,0.129960,17.611099,-0.263421,-0.430829,-0.667752,0.546903,-693.524475,1535.331177,-4658.648438,-693.741394,1454.639648,-4669.050293,-683.701294,1578.630005,-4687.690430,-705.962158,1486.489624,-4616.949707,-690.693176,1621.565308,-4660.903809,,,,,,,,,,,,,2616.317383,1567.730347,-3159.779785,,,,,,,,,,,,,,,,,,,,,,,,,,,,,,,,,
10038,100.380000,0.000000,0.000000,0.000000,1.000000,0.000000,0.000000,0.000000,57.698101,20.499701,-14.700500,0.047771,-0.013570,0.015998,-15.666301,-52.738201,18.801300,-93.396698,0.129960,17.611099,-0.263421,-0.430829,-0.667752,0.546903,-693.524475,1535.331177,-4658.648438,-693.741394,1454.639648,-4669.050293,-683.701294,1578.630005,-4687.690430,-705.962158,1486.489624,-4616.949707,-690.693176,1621.565308,-4660.903809,,,,,,,,,,,,,2616.303955,1567.715088,-3159.771484,,,,,,,,,,,,,,,,,,,,,,,,,,,,,,,,,
10039,100.390000,0.000000,0.000000,0.000000,1.000000,0.000000,0.000000,0.000000,57.698101,20.499701,-14.700500,0.047771,-0.013570,0.015998,-15.666301,-52.738201,18.801300,-93.396698,0.129960,17.611099,-0.263421,-0.430829,-0.667752,0.546903,-693.524475,1535.331177,-4658.648438,-693.741394,1454.639648,-4669.050293,-683.701294,1578.630005,-4687.690430,-705.962158,1486.489624,-4616.949707,-690.693176,1621.565308,-4660.903809,,,,,,,,,,,,,2616.278809,1567.725098,-3159.778564,,,,,,,,,,,,,,,,,,,,,,,,,,,,,,,,,
10040,100.400000,0.000000,0.000000,0.000000,1.000000,0.000000,0.000000,0.000000,57.698101,20.499701,-14.700500,0.047771,-0.013570,0.015998,-15.666301,-52.738201,18.801300,-93.396698,0.129960,17.611099,-0.263421,-0.430829,-0.667752,0.546903,-693.524475,1535.331177,-4658.648438,-693.741394,1454.639648,-4669.050293,-683.701294,1578.630005,-4687.690430,-705.962158,1486.489624,-4616.949707,-690.693176,1621.565308,-4660.903809,,,,,,,,,,,,,2616.325195,1567.740601,-3159.773438,,,,,,,,,,,,,,,,,,,,,,,,,,,,,,,,,
10041,100.410000,0.000000,0.000000,0.000000,1.000000,0.000000,0.000000,0.000000,57.698101,20.499701,-14.700500,0.047771,-0.013570,0.015998,-15.666301,-52.738201,18.801300,-93.396698,0.129960,17.611099,-0.263421,-0.430829,-0.667752,0.546903,-693.524475,1535.331177,-4658.648438,-693.741394,1454.639648,-4669.050293,-683.701294,1578.630005,-4687.690430,-705.962158,1486.489624,-4616.949707,-690.693176,1621.565308,-4660.903809,,,,,,,,,,,,,2616.307129,1567.750488,-3159.771729,,,,,,,,,,,,,,,,,,,,,,,,,,,,,,,,,
10042,100.420000,0.000000,0.000000,0.000000,1.000000,0.000000,0.000000,0.000000,57.698101,20.499701,-14.700500,0.047771,-0.013570,0.015998,-15.666301,-52.738201,18.801300,-93.396698,0.129960,17.611099,-0.263421,-0.430829,-0.667752,0.546903,-693.524475,1535.331177,-4658.648438,-693.741394,1454.639648,-4669.050293,-683.701294,1578.630005,-4687.690430,-705.962158,1486.489624,-4616.949707,-690.693176,1621.565308,-4660.903809,,,,,,,,,,,,,2616.273926,1567.748047,-3159.793457,,,,,,,,,,,,,,,,,,,,,,,,,,,,,,,,,
10043,100.430000,0.000000,0.000000,0.000000,1.000000,0.000000,0.000000,0.000000,57.698101,20.499701,-14.700500,0.047771,-0.013570,0.015998,-15.666301,-52.738201,18.801300,-93.396698,0.129960,17.611099,-0.263421,-0.430829,-0.667752,0.546903,-693.524475,1535.331177,-4658.648438,-693.741394,1454.639648,-4669.050293,-683.701294,1578.630005,-4687.690430,-705.962158,1486.489624,-4616.949707,-690.693176,1621.565308,-4660.903809,,,,,,,,,,,,,2616.293457,1567.758545,-3159.780762,,,,,,,,,,,,,,,,,,,,,,,,,,,,,,,,,
10044,100.440000,0.000000,0.000000,0.000000,1.000000,0.000000,0.000000,0.000000,57.698101,20.499701,-14.700500,0.047771,-0.013570,0.015998,-15.666301,-52.738201,18.801300,-93.396698,0.129960,17.611099,-0.263421,-0.430829,-0.667752,0.546903,-693.524475,1535.331177,-4658.648438,-693.741394,1454.639648,-4669.050293,-683.701294,1578.630005,-4687.690430,-705.962158,1486.489624,-4616.949707,-690.693176,1621.565308,-4660.903809,,,,,,,,,,,,,2616.318359,1567.740845,-3159.779297,,,,,,,,,,,,,,,,,,,,,,,,,,,,,,,,,
10045,100.450000,0.000000,0.000000,0.000000,1.000000,0.000000,0.000000,0.000000,57.698101,20.499701,-14.700500,0.047771,-0.013570,0.015998,-15.666301,-52.738201,18.801300,-93.396698,0.129960,17.611099,-0.263421,-0.430829,-0.667752,0.546903,-693.524475,1535.331177,-4658.648438,-693.741394,1454.639648,-4669.050293,-683.701294,1578.630005,-4687.690430,-705.962158,1486.489624,-4616.949707,-690.693176,1621.565308,-4660.903809,,,,,,,,,,,,,2616.340820,1567.742676,-3159.762939,,,,,,,,,,,,,,,,,,,,,,,,,,,,,,,,,
10046,100.460000,0.000000,0.000000,0.000000,1.000000,0.000000,0.000000,0.000000,57.698101,20.499701,-14.700500,0.047771,-0.013570,0.015998,-15.666301,-52.738201,18.801300,-93.396698,0.129960,17.611099,-0.263421,-0.430829,-0.667752,0.546903,-693.524475,1535.331177,-4658.648438,-693.741394,1454.639648,-4669.050293,-683.701294,1578.630005,-4687.690430,-705.962158,1486.489624,-4616.949707,-690.693176,1621.565308,-4660.903809,,,,,,,,,,,,,2616.317627,1567.736084,-3159.763916,,,,,,,,,,,,,,,,,,,,,,,,,,,,,,,,,
10047,100.470000,0.000000,0.000000,0.000000,1.000000,0.000000,0.000000,0.000000,57.698101,20.499701,-14.700500,0.047771,-0.013570,0.015998,-15.666301,-52.738201,18.801300,-93.396698,0.129960,17.611099,-0.263421,-0.430829,-0.667752,0.546903,-693.524475,1535.331177,-4658.648438,-693.741394,1454.639648,-4669.050293,-683.701294,1578.630005,-4687.690430,-705.962158,1486.489624,-4616.949707,-690.693176,1621.565308,-4660.903809,,,,,,,,,,,,,2616.307617,1567.747192,-3159.772217,,,,,,,,,,,,,,,,,,,,,,,,,,,,,,,,,
10048,100.480000,0.000000,0.000000,0.000000,1.000000,0.000000,0.000000,0.000000,57.698101,20.499701,-14.700500,0.047771,-0.013570,0.015998,-15.666301,-52.738201,18.801300,-93.396698,0.129960,17.611099,-0.263421,-0.430829,-0.667752,0.546903,-693.524475,1535.331177,-4658.648438,-693.741394,1454.639648,-4669.050293,-683.701294,1578.630005,-4687.690430,-705.962158,1486.489624,-4616.949707,-690.693176,1621.565308,-4660.903809,,,,,,,,,,,,,2616.335938,1567.751953,-3159.774414,,,,,,,,,,,,,,,,,,,,,,,,,,,,,,,,,
10049,100.490000,0.000000,0.000000,0.000000,1.000000,0.000000,0.000000,0.000000,57.698101,20.499701,-14.700500,0.047771,-0.013570,0.015998,-15.666301,-52.738201,18.801300,-93.396698,0.129960,17.611099,-0.263421,-0.430829,-0.667752,0.546903,-693.524475,1535.331177,-4658.648438,-693.741394,1454.639648,-4669.050293,-683.701294,1578.630005,-4687.690430,-705.962158,1486.489624,-4616.949707,-690.693176,1621.565308,-4660.903809,,,,,,,,,,,,,2616.293457,1567.756226,-3159.782959,,,,,,,,,,,,,,,,,,,,,,,,,,,,,,,,,
10050,100.500000,0.000000,0.000000,0.000000,1.000000,0.000000,0.000000,0.000000,57.698101,20.499701,-14.700500,0.047771,-0.013570,0.015998,-15.666301,-52.738201,18.801300,-93.396698,0.129960,17.611099,-0.263421,-0.430829,-0.667752,0.546903,-693.524475,1535.331177,-4658.648438,-693.741394,1454.639648,-4669.050293,-683.701294,1578.630005,-4687.690430,-705.962158,1486.489624,-4616.949707,-690.693176,1621.565308,-4660.903809,,,,,,,,,,,,,2616.288086,1567.735229,-3159.780029,,,,,,,,,,,,,,,,,,,,,,,,,,,,,,,,,
10051,100.510000,0.000000,0.000000,0.000000,1.000000,0.000000,0.000000,0.000000,57.698101,20.499701,-14.700500,0.047771,-0.013570,0.015998,-15.666301,-52.738201,18.801300,-93.396698,0.129960,17.611099,-0.263421,-0.430829,-0.667752,0.546903,-693.524475,1535.331177,-4658.648438,-693.741394,1454.639648,-4669.050293,-683.701294,1578.630005,-4687.690430,-705.962158,1486.489624,-4616.949707,-690.693176,1621.565308,-4660.903809,,,,,,,,,,,,,2616.308594,1567.751587,-3159.778564,,,,,,,,,,,,,,,,,,,,,,,,,,,,,,,,,
10052,100.520000,0.000000,0.000000,0.000000,1.000000,0.000000,0.000000,0.000000,57.698101,20.499701,-14.700500,0.047771,-0.013570,0.015998,-15.666301,-52.738201,18.801300,-93.396698,0.129960,17.611099,-0.263421,-0.430829,-0.667752,0.546903,-693.524475,1535.331177,-4658.648438,-693.741394,1454.639648,-4669.050293,-683.701294,1578.630005,-4687.690430,-705.962158,1486.489624,-4616.949707,-690.693176,1621.565308,-4660.903809,,,,,,,,,,,,,2616.303223,1567.763794,-3159.778809,,,,,,,,,,,,,,,,,,,,,,,,,,,,,,,,,
10053,100.530000,0.000000,0.000000,0.000000,1.000000,0.000000,0.000000,0.000000,57.698101,20.499701,-14.700500,0.047771,-0.013570,0.015998,-15.666301,-52.738201,18.801300,-93.396698,0.129960,17.611099,-0.263421,-0.430829,-0.667752,0.546903,-693.524475,1535.331177,-4658.648438,-693.741394,1454.639648,-4669.050293,-683.701294,1578.630005,-4687.690430,-705.962158,1486.489624,-4616.949707,-690.693176,1621.565308,-4660.903809,,,,,,,,,,,,,2616.273193,1567.753662,-3159.775879,,,,,,,,,,,,,,,,,,,,,,,,,,,,,,,,,
10054,100.540000,0.000000,0.000000,0.000000,1.000000,0.000000,0.000000,0.000000,57.698101,20.499701,-14.700500,0.047771,-0.013570,0.015998,-15.666301,-52.738201,18.801300,-93.396698,0.129960,17.611099,-0.263421,-0.430829,-0.667752,0.546903,-693.524475,1535.331177,-4658.648438,-693.741394,1454.639648,-4669.050293,-683.701294,1578.630005,-4687.690430,-705.962158,1486.489624,-4616.949707,-690.693176,1621.565308,-4660.903809,,,,,,,,,,,,,2616.275391,1567.768066,-3159.793457,,,,,,,,,,,,,,,,,,,,,,,,,,,,,,,,,
10055,100.550000,0.000000,0.000000,0.000000,1.000000,0.000000,0.000000,0.000000,57.698101,20.499701,-14.700500,0.047771,-0.013570,0.015998,-15.666301,-52.738201,18.801300,-93.396698,0.129960,17.611099,-0.263421,-0.430829,-0.667752,0.546903,-693.524475,1535.331177,-4658.648438,-693.741394,1454.639648,-4669.050293,-683.701294,1578.630005,-4687.690430,-705.962158,1486.489624,-4616.949707,-690.693176,1621.565308,-4660.903809,,,,,,,,,,,,,2616.284180,1567.743774,-3159.795166,,,,,,,,,,,,,,,,,,,,,,,,,,,,,,,,,
10056,100.560000,0.000000,0.000000,0.000000,1.000000,0.000000,0.000000,0.000000,57.698101,20.499701,-14.700500,0.047771,-0.013570,0.015998,-15.666301,-52.738201,18.801300,-93.396698,0.129960,17.611099,-0.263421,-0.430829,-0.667752,0.546903,-693.524475,1535.331177,-4658.648438,-693.741394,1454.639648,-4669.050293,-683.701294,1578.630005,-4687.690430,-705.962158,1486.489624,-4616.949707,-690.693176,1621.565308,-4660.903809,,,,,,,,,,,,,2616.327148,1567.797363,-3159.781738,,,,,,,,,,,,,,,,,,,,,,,,,,,,,,,,,
10057,100.570000,0.000000,0.000000,0.000000,1.000000,0.000000,0.000000,0.000000,57.698101,20.499701,-14.700500,0.047771,-0.013570,0.015998,-15.666301,-52.738201,18.801300,-93.396698,0.129960,17.611099,-0.263421,-0.430829,-0.667752,0.546903,-693.524475,1535.331177,-4658.648438,-693.741394,1454.639648,-4669.050293,-683.701294,1578.630005,-4687.690430,-705.962158,1486.489624,-4616.949707,-690.693176,1621.565308,-4660.903809,,,,,,,,,,,,,2616.280762,1567.761719,-3159.789795,,,,,,,,,,,,,,,,,,,,,,,,,,,,,,,,,
10058,100.580000,0.000000,0.000000,0.000000,1.000000,0.000000,0.000000,0.000000,57.698101,20.499701,-14.700500,0.047771,-0.013570,0.015998,-15.666301,-52.738201,18.801300,-93.396698,0.129960,17.611099,-0.263421,-0.430829,-0.667752,0.546903,-693.524475,1535.331177,-4658.648438,-693.741394,1454.639648,-4669.050293,-683.701294,1578.630005,-4687.690430,-705.962158,1486.489624,-4616.949707,-690.693176,1621.565308,-4660.903809,,,,,,,,,,,,,2616.315430,1567.727661,-3159.772949,,,,,,,,,,,,,,,,,,,,,,,,,,,,,,,,,
10059,100.590000,0.000000,0.000000,0.000000,1.000000,0.000000,0.000000,0.000000,57.698101,20.499701,-14.700500,0.047771,-0.013570,0.015998,-15.666301,-52.738201,18.801300,-93.396698,0.129960,17.611099,-0.263421,-0.430829,-0.667752,0.546903,-693.524475,1535.331177,-4658.648438,-693.741394,1454.639648,-4669.050293,-683.701294,1578.630005,-4687.690430,-705.962158,1486.489624,-4616.949707,-690.693176,1621.565308,-4660.903809,,,,,,,,,,,,,2616.301025,1567.733032,-3159.769531,,,,,,,,,,,,,,,,,,,,,,,,,,,,,,,,,
10060,100.600000,0.000000,0.000000,0.000000,1.000000,0.000000,0.000000,0.000000,57.698101,20.499701,-14.700500,0.047771,-0.013570,0.015998,-15.666301,-52.738201,18.801300,-93.396698,0.129960,17.611099,-0.263421,-0.430829,-0.667752,0.546903,-693.524475,1535.331177,-4658.648438,-693.741394,1454.639648,-4669.050293,-683.701294,1578.630005,-4687.690430,-705.962158,1486.489624,-4616.949707,-690.693176,1621.565308,-4660.903809,,,,,,,,,,,,,2616.301758,1567.729858,-3159.770996,,,,,,,,,,,,,,,,,,,,,,,,,,,,,,,,,
10061,100.610000,0.000000,0.000000,0.000000,1.000000,0.000000,0.000000,0.000000,57.698101,20.499701,-14.700500,0.047771,-0.013570,0.015998,-15.666301,-52.738201,18.801300,-93.396698,0.129960,17.611099,-0.263421,-0.430829,-0.667752,0.546903,-693.524475,1535.331177,-4658.648438,-693.741394,1454.639648,-4669.050293,-683.701294,1578.630005,-4687.690430,-705.962158,1486.489624,-4616.949707,-690.693176,1621.565308,-4660.903809,,,,,,,,,,,,,2616.297119,1567.734375,-3159.769287,,,,,,,,,,,,,,,,,,,,,,,,,,,,,,,,,
10062,100.620000,0.000000,0.000000,0.000000,1.000000,0.000000,0.000000,0.000000,57.698101,20.499701,-14.700500,0.047771,-0.013570,0.015998,-15.666301,-52.738201,18.801300,-93.396698,0.129960,17.611099,-0.263421,-0.430829,-0.667752,0.546903,-693.524475,1535.331177,-4658.648438,-693.741394,1454.639648,-4669.050293,-683.701294,1578.630005,-4687.690430,-705.962158,1486.489624,-4616.949707,-690.693176,1621.565308,-4660.903809,,,,,,,,,,,,,2616.304199,1567.747925,-3159.766846,,,,,,,,,,,,,,,,,,,,,,,,,,,,,,,,,
10063,100.630000,0.000000,0.000000,0.000000,1.000000,0.000000,0.000000,0.000000,57.698101,20.499701,-14.700500,0.047771,-0.013570,0.015998,-15.666301,-52.738201,18.801300,-93.396698,0.129960,17.611099,-0.263421,-0.430829,-0.667752,0.546903,-693.524475,1535.331177,-4658.648438,-693.741394,1454.639648,-4669.050293,-683.701294,1578.630005,-4687.690430,-705.962158,1486.489624,-4616.949707,-690.693176,1621.565308,-4660.903809,,,,,,,,,,,,,2616.321289,1567.748413,-3159.780518,,,,,,,,,,,,,,,,,,,,,,,,,,,,,,,,,
10064,100.640000,0.000000,0.000000,0.000000,1.000000,0.000000,0.000000,0.000000,57.698101,20.499701,-14.700500,0.047771,-0.013570,0.015998,-15.666301,-52.738201,18.801300,-93.396698,0.129960,17.611099,-0.263421,-0.430829,-0.667752,0.546903,-693.524475,1535.331177,-4658.648438,-693.741394,1454.639648,-4669.050293,-683.701294,1578.630005,-4687.690430,-705.962158,1486.489624,-4616.949707,-690.693176,1621.565308,-4660.903809,,,,,,,,,,,,,2616.271729,1567.733032,-3159.795654,,,,,,,,,,,,,,,,,,,,,,,,,,,,,,,,,
10065,100.650000,0.000000,0.000000,0.000000,1.000000,0.000000,0.000000,0.000000,57.698101,20.499701,-14.700500,0.047771,-0.013570,0.015998,-15.666301,-52.738201,18.801300,-93.396698,0.129960,17.611099,-0.263421,-0.430829,-0.667752,0.546903,-693.524475,1535.331177,-4658.648438,-693.741394,1454.639648,-4669.050293,-683.701294,1578.630005,-4687.690430,-705.962158,1486.489624,-4616.949707,-690.693176,1621.565308,-4660.903809,,,,,,,,,,,,,2616.303223,1567.751709,-3159.781250,,,,,,,,,,,,,,,,,,,,,,,,,,,,,,,,,
10066,100.660000,0.000000,0.000000,0.000000,1.000000,0.000000,0.000000,0.000000,57.698101,20.499701,-14.700500,0.047771,-0.013570,0.015998,-15.666301,-52.738201,18.801300,-93.396698,0.129960,17.611099,-0.263421,-0.430829,-0.667752,0.546903,-693.524475,1535.331177,-4658.648438,-693.741394,1454.639648,-4669.050293,-683.701294,1578.630005,-4687.690430,-705.962158,1486.489624,-4616.949707,-690.693176,1621.565308,-4660.903809,,,,,,,,,,,,,2616.323730,1567.749878,-3159.773682,,,,,,,,,,,,,,,,,,,,,,,,,,,,,,,,,
10067,100.670000,0.000000,0.000000,0.000000,1.000000,0.000000,0.000000,0.000000,57.698101,20.499701,-14.700500,0.047771,-0.013570,0.015998,-15.666301,-52.738201,18.801300,-93.396698,0.129960,17.611099,-0.263421,-0.430829,-0.667752,0.546903,-693.524475,1535.331177,-4658.648438,-693.741394,1454.639648,-4669.050293,-683.701294,1578.630005,-4687.690430,-705.962158,1486.489624,-4616.949707,-690.693176,1621.565308,-4660.903809,,,,,,,,,,,,,2616.294189,1567.737427,-3159.774170,,,,,,,,,,,,,,,,,,,,,,,,,,,,,,,,,
10068,100.680000,0.000000,0.000000,0.000000,1.000000,0.000000,0.000000,0.000000,57.698101,20.499701,-14.700500,0.047771,-0.013570,0.015998,-15.666301,-52.738201,18.801300,-93.396698,0.129960,17.611099,-0.263421,-0.430829,-0.667752,0.546903,-693.524475,1535.331177,-4658.648438,-693.741394,1454.639648,-4669.050293,-683.701294,1578.630005,-4687.690430,-705.962158,1486.489624,-4616.949707,-690.693176,1621.565308,-4660.903809,,,,,,,,,,,,,2616.295166,1567.755127,-3159.779541,,,,,,,,,,,,,,,,,,,,,,,,,,,,,,,,,
10069,100.690000,0.000000,0.000000,0.000000,1.000000,0.000000,0.000000,0.000000,57.698101,20.499701,-14.700500,0.047771,-0.013570,0.015998,-15.666301,-52.738201,18.801300,-93.396698,0.129960,17.611099,-0.263421,-0.430829,-0.667752,0.546903,-693.524475,1535.331177,-4658.648438,-693.741394,1454.639648,-4669.050293,-683.701294,1578.630005,-4687.690430,-705.962158,1486.489624,-4616.949707,-690.693176,1621.565308,-4660.903809,,,,,,,,,,,,,2616.270020,1567.758667,-3159.788574,,,,,,,,,,,,,,,,,,,,,,,,,,,,,,,,,
10070,100.700000,0.000000,0.000000,0.000000,1.000000,0.000000,0.000000,0.000000,57.698101,20.499701,-14.700500,0.047771,-0.013570,0.015998,-15.666301,-52.738201,18.801300,-93.396698,0.129960,17.611099,-0.263421,-0.430829,-0.667752,0.546903,-693.524475,1535.331177,-4658.648438,-693.741394,1454.639648,-4669.050293,-683.701294,1578.630005,-4687.690430,-705.962158,1486.489624,-4616.949707,-690.693176,1621.565308,-4660.903809,,,,,,,,,,,,,2616.294678,1567.742310,-3159.782227,,,,,,,,,,,,,,,,,,,,,,,,,,,,,,,,,
10071,100.710000,0.000000,0.000000,0.000000,1.000000,0.000000,0.000000,0.000000,57.698101,20.499701,-14.700500,0.047771,-0.013570,0.015998,-15.666301,-52.738201,18.801300,-93.396698,0.129960,17.611099,-0.263421,-0.430829,-0.667752,0.546903,-693.524475,1535.331177,-4658.648438,-693.741394,1454.639648,-4669.050293,-683.701294,1578.630005,-4687.690430,-705.962158,1486.489624,-4616.949707,-690.693176,1621.565308,-4660.903809,,,,,,,,,,,,,2616.327881,1567.764038,-3159.765869,,,,,,,,,,,,,,,,,,,,,,,,,,,,,,,,,
10072,100.720000,0.000000,0.000000,0.000000,1.000000,0.000000,0.000000,0.000000,57.698101,20.499701,-14.700500,0.047771,-0.013570,0.015998,-15.666301,-52.738201,18.801300,-93.396698,0.129960,17.611099,-0.263421,-0.430829,-0.667752,0.546903,-693.524475,1535.331177,-4658.648438,-693.741394,1454.639648,-4669.050293,-683.701294,1578.630005,-4687.690430,-705.962158,1486.489624,-4616.949707,-690.693176,1621.565308,-4660.903809,,,,,,,,,,,,,2616.292480,1567.751099,-3159.781738,,,,,,,,,,,,,,,,,,,,,,,,,,,,,,,,,
10073,100.730000,0.000000,0.000000,0.000000,1.000000,0.000000,0.000000,0.000000,57.698101,20.499701,-14.700500,0.047771,-0.013570,0.015998,-15.666301,-52.738201,18.801300,-93.396698,0.129960,17.611099,-0.263421,-0.430829,-0.667752,0.546903,-693.524475,1535.331177,-4658.648438,-693.741394,1454.639648,-4669.050293,-683.701294,1578.630005,-4687.690430,-705.962158,1486.489624,-4616.949707,-690.693176,1621.565308,-4660.903809,,,,,,,,,,,,,2616.305176,1567.775513,-3159.788086,,,,,,,,,,,,,,,,,,,,,,,,,,,,,,,,,
10074,100.740000,0.000000,0.000000,0.000000,1.000000,0.000000,0.000000,0.000000,57.698101,20.499701,-14.700500,0.047771,-0.013570,0.015998,-15.666301,-52.738201,18.801300,-93.396698,0.129960,17.611099,-0.263421,-0.430829,-0.667752,0.546903,-693.524475,1535.331177,-4658.648438,-693.741394,1454.639648,-4669.050293,-683.701294,1578.630005,-4687.690430,-705.962158,1486.489624,-4616.949707,-690.693176,1621.565308,-4660.903809,,,,,,,,,,,,,2616.307617,1567.736816,-3159.778076,,,,,,,,,,,,,,,,,,,,,,,,,,,,,,,,,
10075,100.750000,0.000000,0.000000,0.000000,1.000000,0.000000,0.000000,0.000000,57.698101,20.499701,-14.700500,0.047771,-0.013570,0.015998,-15.666301,-52.738201,18.801300,-93.396698,0.129960,17.611099,-0.263421,-0.430829,-0.667752,0.546903,-693.524475,1535.331177,-4658.648438,-693.741394,1454.639648,-4669.050293,-683.701294,1578.630005,-4687.690430,-705.962158,1486.489624,-4616.949707,-690.693176,1621.565308,-4660.903809,,,,,,,,,,,,,2616.307617,1567.738037,-3159.758301,,,,,,,,,,,,,,,,,,,,,,,,,,,,,,,,,
10076,100.760000,0.000000,0.000000,0.000000,1.000000,0.000000,0.000000,0.000000,57.698101,20.499701,-14.700500,0.047771,-0.013570,0.015998,-15.666301,-52.738201,18.801300,-93.396698,0.129960,17.611099,-0.263421,-0.430829,-0.667752,0.546903,-693.524475,1535.331177,-4658.648438,-693.741394,1454.639648,-4669.050293,-683.701294,1578.630005,-4687.690430,-705.962158,1486.489624,-4616.949707,-690.693176,1621.565308,-4660.903809,,,,,,,,,,,,,2616.290771,1567.735962,-3159.770996,,,,,,,,,,,,,,,,,,,,,,,,,,,,,,,,,
10077,100.770000,0.000000,0.000000,0.000000,1.000000,0.000000,0.000000,0.000000,57.698101,20.499701,-14.700500,0.047771,-0.013570,0.015998,-15.666301,-52.738201,18.801300,-93.396698,0.129960,17.611099,-0.263421,-0.430829,-0.667752,0.546903,-693.524475,1535.331177,-4658.648438,-693.741394,1454.639648,-4669.050293,-683.701294,1578.630005,-4687.690430,-705.962158,1486.489624,-4616.949707,-690.693176,1621.565308,-4660.903809,,,,,,,,,,,,,2616.285645,1567.742676,-3159.789795,,,,,,,,,,,,,,,,,,,,,,,,,,,,,,,,,
10078,100.780000,0.000000,0.000000,0.000000,1.000000,0.000000,0.000000,0.000000,57.698101,20.499701,-14.700500,0.047771,-0.013570,0.015998,-15.666301,-52.738201,18.801300,-93.396698,0.129960,17.611099,-0.263421,-0.430829,-0.667752,0.546903,-693.524475,1535.331177,-4658.648438,-693.741394,1454.639648,-4669.050293,-683.701294,1578.630005,-4687.690430,-705.962158,1486.489624,-4616.949707,-690.693176,1621.565308,-4660.903809,,,,,,,,,,,,,2616.306885,1567.741943,-3159.783936,,,,,,,,,,,,,,,,,,,,,,,,,,,,,,,,,
10079,100.790000,0.000000,0.000000,0.000000,1.000000,0.000000,0.000000,0.000000,57.698101,20.499701,-14.700500,0.047771,-0.013570,0.015998,-15.666301,-52.738201,18.801300,-93.396698,0.129960,17.611099,-0.263421,-0.430829,-0.667752,0.546903,-693.524475,1535.331177,-4658.648438,-693.741394,1454.639648,-4669.050293,-683.701294,1578.630005,-4687.690430,-705.962158,1486.489624,-4616.949707,-690.693176,1621.565308,-4660.903809,,,,,,,,,,,,,2616.288818,1567.747803,-3159.782471,,,,,,,,,,,,,,,,,,,,,,,,,,,,,,,,,
10080,100.800000,0.000000,0.000000,0.000000,1.000000,0.000000,0.000000,0.000000,57.698101,20.499701,-14.700500,0.047771,-0.013570,0.015998,-15.666301,-52.738201,18.801300,-93.396698,0.129960,17.611099,-0.263421,-0.430829,-0.667752,0.546903,-693.524475,1535.331177,-4658.648438,-693.741394,1454.639648,-4669.050293,-683.701294,1578.630005,-4687.690430,-705.962158,1486.489624,-4616.949707,-690.693176,1621.565308,-4660.903809,,,,,,,,,,,,,2616.280273,1567.763672,-3159.797119,,,,,,,,,,,,,,,,,,,,,,,,,,,,,,,,,
10081,100.810000,0.000000,0.000000,0.000000,1.000000,0.000000,0.000000,0.000000,57.698101,20.499701,-14.700500,0.047771,-0.013570,0.015998,-15.666301,-52.738201,18.801300,-93.396698,0.129960,17.611099,-0.263421,-0.430829,-0.667752,0.546903,-693.524475,1535.331177,-4658.648438,-693.741394,1454.639648,-4669.050293,-683.701294,1578.630005,-4687.690430,-705.962158,1486.489624,-4616.949707,-690.693176,1621.565308,-4660.903809,,,,,,,,,,,,,2616.302002,1567.728394,-3159.777588,,,,,,,,,,,,,,,,,,,,,,,,,,,,,,,,,
10082,100.820000,0.000000,0.000000,0.000000,1.000000,0.000000,0.000000,0.000000,57.698101,20.499701,-14.700500,0.047771,-0.013570,0.015998,-15.666301,-52.738201,18.801300,-93.396698,0.129960,17.611099,-0.263421,-0.430829,-0.667752,0.546903,-693.524475,1535.331177,-4658.648438,-693.741394,1454.639648,-4669.050293,-683.701294,1578.630005,-4687.690430,-705.962158,1486.489624,-4616.949707,-690.693176,1621.565308,-4660.903809,,,,,,,,,,,,,2616.287109,1567.708252,-3159.761963,,,,,,,,,,,,,,,,,,,,,,,,,,,,,,,,,
10083,100.830000,0.000000,0.000000,0.000000,1.000000,0.000000,0.000000,0.000000,57.698101,20.499701,-14.700500,0.047771,-0.013570,0.015998,-15.666301,-52.738201,18.801300,-93.396698,0.129960,17.611099,-0.263421,-0.430829,-0.667752,0.546903,-693.524475,1535.331177,-4658.648438,-693.741394,1454.639648,-4669.050293,-683.701294,1578.630005,-4687.690430,-705.962158,1486.489624,-4616.949707,-690.693176,1621.565308,-4660.903809,,,,,,,,,,,,,2616.318359,1567.760498,-3159.774902,,,,,,,,,,,,,,,,,,,,,,,,,,,,,,,,,
10084,100.840000,0.000000,0.000000,0.000000,1.000000,0.000000,0.000000,0.000000,57.698101,20.499701,-14.700500,0.047771,-0.013570,0.015998,-15.666301,-52.738201,18.801300,-93.396698,0.129960,17.611099,-0.263421,-0.430829,-0.667752,0.546903,-693.524475,1535.331177,-4658.648438,-693.741394,1454.639648,-4669.050293,-683.701294,1578.630005,-4687.690430,-705.962158,1486.489624,-4616.949707,-690.693176,1621.565308,-4660.903809,,,,,,,,,,,,,2616.279053,1567.757202,-3159.779297,,,,,,,,,,,,,,,,,,,,,,,,,,,,,,,,,
10085,100.850000,0.000000,0.000000,0.000000,1.000000,0.000000,0.000000,0.000000,57.698101,20.499701,-14.700500,0.047771,-0.013570,0.015998,-15.666301,-52.738201,18.801300,-93.396698,0.129960,17.611099,-0.263421,-0.430829,-0.667752,0.546903,-693.524475,1535.331177,-4658.648438,-693.741394,1454.639648,-4669.050293,-683.701294,1578.630005,-4687.690430,-705.962158,1486.489624,-4616.949707,-690.693176,1621.565308,-4660.903809,,,,,,,,,,,,,2616.270020,1567.749634,-3159.794922,,,,,,,,,,,,,,,,,,,,,,,,,,,,,,,,,
10086,100.860000,0.000000,0.000000,0.000000,1.000000,0.000000,0.000000,0.000000,57.698101,20.499701,-14.700500,0.047771,-0.013570,0.015998,-15.666301,-52.738201,18.801300,-93.396698,0.129960,17.611099,-0.263421,-0.430829,-0.667752,0.546903,-693.524475,1535.331177,-4658.648438,-693.741394,1454.639648,-4669.050293,-683.701294,1578.630005,-4687.690430,-705.962158,1486.489624,-4616.949707,-690.693176,1621.565308,-4660.903809,,,,,,,,,,,,,2616.291016,1567.730835,-3159.779541,,,,,,,,,,,,,,,,,,,,,,,,,,,,,,,,,
10087,100.870000,0.000000,0.000000,0.000000,1.000000,0.000000,0.000000,0.000000,57.698101,20.499701,-14.700500,0.047771,-0.013570,0.015998,-15.666301,-52.738201,18.801300,-93.396698,0.129960,17.611099,-0.263421,-0.430829,-0.667752,0.546903,-693.524475,1535.331177,-4658.648438,-693.741394,1454.639648,-4669.050293,-683.701294,1578.630005,-4687.690430,-705.962158,1486.489624,-4616.949707,-690.693176,1621.565308,-4660.903809,,,,,,,,,,,,,2616.281738,1567.749390,-3159.789551,,,,,,,,,,,,,,,,,,,,,,,,,,,,,,,,,
10088,100.880000,0.000000,0.000000,0.000000,1.000000,0.000000,0.000000,0.000000,57.698101,20.499701,-14.700500,0.047771,-0.013570,0.015998,-15.666301,-52.738201,18.801300,-93.396698,0.129960,17.611099,-0.263421,-0.430829,-0.667752,0.546903,-693.524475,1535.331177,-4658.648438,-693.741394,1454.639648,-4669.050293,-683.701294,1578.630005,-4687.690430,-705.962158,1486.489624,-4616.949707,-690.693176,1621.565308,-4660.903809,,,,,,,,,,,,,2616.301270,1567.750854,-3159.783447,,,,,,,,,,,,,,,,,,,,,,,,,,,,,,,,,
10089,100.890000,0.000000,0.000000,0.000000,1.000000,0.000000,0.000000,0.000000,57.698101,20.499701,-14.700500,0.047771,-0.013570,0.015998,-15.666301,-52.738201,18.801300,-93.396698,0.129960,17.611099,-0.263421,-0.430829,-0.667752,0.546903,-693.524475,1535.331177,-4658.648438,-693.741394,1454.639648,-4669.050293,-683.701294,1578.630005,-4687.690430,-705.962158,1486.489624,-4616.949707,-690.693176,1621.565308,-4660.903809,,,,,,,,,,,,,2616.278809,1567.738892,-3159.777832,,,,,,,,,,,,,,,,,,,,,,,,,,,,,,,,,
10090,100.900000,0.000000,0.000000,0.000000,1.000000,0.000000,0.000000,0.000000,57.698101,20.499701,-14.700500,0.047771,-0.013570,0.015998,-15.666301,-52.738201,18.801300,-93.396698,0.129960,17.611099,-0.263421,-0.430829,-0.667752,0.546903,-693.524475,1535.331177,-4658.648438,-693.741394,1454.639648,-4669.050293,-683.701294,1578.630005,-4687.690430,-705.962158,1486.489624,-4616.949707,-690.693176,1621.565308,-4660.903809,,,,,,,,,,,,,2616.268311,1567.763916,-3159.789551,,,,,,,,,,,,,,,,,,,,,,,,,,,,,,,,,
10091,100.910000,0.000000,0.000000,0.000000,1.000000,0.000000,0.000000,0.000000,57.698101,20.499701,-14.700500,0.047771,-0.013570,0.015998,-15.666301,-52.738201,18.801300,-93.396698,0.129960,17.611099,-0.263421,-0.430829,-0.667752,0.546903,-693.524475,1535.331177,-4658.648438,-693.741394,1454.639648,-4669.050293,-683.701294,1578.630005,-4687.690430,-705.962158,1486.489624,-4616.949707,-690.693176,1621.565308,-4660.903809,,,,,,,,,,,,,2616.287354,1567.746094,-3159.795410,,,,,,,,,,,,,,,,,,,,,,,,,,,,,,,,,
10092,100.920000,0.000000,0.000000,0.000000,1.000000,0.000000,0.000000,0.000000,57.698101,20.499701,-14.700500,0.047771,-0.013570,0.015998,-15.666301,-52.738201,18.801300,-93.396698,0.129960,17.611099,-0.263421,-0.430829,-0.667752,0.546903,-693.524475,1535.331177,-4658.648438,-693.741394,1454.639648,-4669.050293,-683.701294,1578.630005,-4687.690430,-705.962158,1486.489624,-4616.949707,-690.693176,1621.565308,-4660.903809,,,,,,,,,,,,,2616.271973,1567.770508,-3159.783691,,,,,,,,,,,,,,,,,,,,,,,,,,,,,,,,,
10093,100.930000,0.000000,0.000000,0.000000,1.000000,0.000000,0.000000,0.000000,57.698101,20.499701,-14.700500,0.047771,-0.013570,0.015998,-15.666301,-52.738201,18.801300,-93.396698,0.129960,17.611099,-0.263421,-0.430829,-0.667752,0.546903,-693.524475,1535.331177,-4658.648438,-693.741394,1454.639648,-4669.050293,-683.701294,1578.630005,-4687.690430,-705.962158,1486.489624,-4616.949707,-690.693176,1621.565308,-4660.903809,,,,,,,,,,,,,2616.277832,1567.785034,-3159.797607,,,,,,,,,,,,,,,,,,,,,,,,,,,,,,,,,
10094,100.940000,0.000000,0.000000,0.000000,1.000000,0.000000,0.000000,0.000000,57.698101,20.499701,-14.700500,0.047771,-0.013570,0.015998,-15.666301,-52.738201,18.801300,-93.396698,0.129960,17.611099,-0.263421,-0.430829,-0.667752,0.546903,-693.524475,1535.331177,-4658.648438,-693.741394,1454.639648,-4669.050293,-683.701294,1578.630005,-4687.690430,-705.962158,1486.489624,-4616.949707,-690.693176,1621.565308,-4660.903809,,,,,,,,,,,,,2616.270508,1567.791992,-3159.795166,,,,,,,,,,,,,,,,,,,,,,,,,,,,,,,,,
10095,100.950000,0.000000,0.000000,0.000000,1.000000,0.000000,0.000000,0.000000,57.698101,20.499701,-14.700500,0.047771,-0.013570,0.015998,-15.666301,-52.738201,18.801300,-93.396698,0.129960,17.611099,-0.263421,-0.430829,-0.667752,0.546903,-693.524475,1535.331177,-4658.648438,-693.741394,1454.639648,-4669.050293,-683.701294,1578.630005,-4687.690430,-705.962158,1486.489624,-4616.949707,-690.693176,1621.565308,-4660.903809,,,,,,,,,,,,,2616.270508,1567.757935,-3159.788574,,,,,,,,,,,,,,,,,,,,,,,,,,,,,,,,,
10096,100.960000,0.000000,0.000000,0.000000,1.000000,0.000000,0.000000,0.000000,57.698101,20.499701,-14.700500,0.047771,-0.013570,0.015998,-15.666301,-52.738201,18.801300,-93.396698,0.129960,17.611099,-0.263421,-0.430829,-0.667752,0.546903,-693.524475,1535.331177,-4658.648438,-693.741394,1454.639648,-4669.050293,-683.701294,1578.630005,-4687.690430,-705.962158,1486.489624,-4616.949707,-690.693176,1621.565308,-4660.903809,,,,,,,,,,,,,2616.317871,1567.770264,-3159.774170,,,,,,,,,,,,,,,,,,,,,,,,,,,,,,,,,
10097,100.970000,0.000000,0.000000,0.000000,1.000000,0.000000,0.000000,0.000000,57.698101,20.499701,-14.700500,0.047771,-0.013570,0.015998,-15.666301,-52.738201,18.801300,-93.396698,0.129960,17.611099,-0.263421,-0.430829,-0.667752,0.546903,-693.524475,1535.331177,-4658.648438,-693.741394,1454.639648,-4669.050293,-683.701294,1578.630005,-4687.690430,-705.962158,1486.489624,-4616.949707,-690.693176,1621.565308,-4660.903809,,,,,,,,,,,,,2616.288086,1567.750488,-3159.784668,,,,,,,,,,,,,,,,,,,,,,,,,,,,,,,,,
10098,100.980000,0.000000,0.000000,0.000000,1.000000,0.000000,0.000000,0.000000,57.698101,20.499701,-14.700500,0.047771,-0.013570,0.015998,-15.666301,-52.738201,18.801300,-93.396698,0.129960,17.611099,-0.263421,-0.430829,-0.667752,0.546903,-693.524475,1535.331177,-4658.648438,-693.741394,1454.639648,-4669.050293,-683.701294,1578.630005,-4687.690430,-705.962158,1486.489624,-4616.949707,-690.693176,1621.565308,-4660.903809,,,,,,,,,,,,,2616.295654,1567.745972,-3159.773926,,,,,,,,,,,,,,,,,,,,,,,,,,,,,,,,,
10099,100.990000,0.000000,0.000000,0.000000,1.000000,0.000000,0.000000,0.000000,57.698101,20.499701,-14.700500,0.047771,-0.013570,0.015998,-15.666301,-52.738201,18.801300,-93.396698,0.129960,17.611099,-0.263421,-0.430829,-0.667752,0.546903,-693.524475,1535.331177,-4658.648438,-693.741394,1454.639648,-4669.050293,-683.701294,1578.630005,-4687.690430,-705.962158,1486.489624,-4616.949707,-690.693176,1621.565308,-4660.903809,,,,,,,,,,,,,2616.304688,1567.736328,-3159.774414,,,,,,,,,,,,,,,,,,,,,,,,,,,,,,,,,
10100,101.000000,0.000000,0.000000,0.000000,1.000000,0.000000,0.000000,0.000000,57.698101,20.499701,-14.700500,0.047771,-0.013570,0.015998,-15.666301,-52.738201,18.801300,-93.396698,0.129960,17.611099,-0.263421,-0.430829,-0.667752,0.546903,-693.524475,1535.331177,-4658.648438,-693.741394,1454.639648,-4669.050293,-683.701294,1578.630005,-4687.690430,-705.962158,1486.489624,-4616.949707,-690.693176,1621.565308,-4660.903809,,,,,,,,,,,,,2616.335449,1567.751221,-3159.776611,,,,,,,,,,,,,,,,,,,,,,,,,,,,,,,,,
10101,101.010000,0.000000,0.000000,0.000000,1.000000,0.000000,0.000000,0.000000,57.698101,20.499701,-14.700500,0.047771,-0.013570,0.015998,-15.666301,-52.738201,18.801300,-93.396698,0.129960,17.611099,-0.263421,-0.430829,-0.667752,0.546903,-693.524475,1535.331177,-4658.648438,-693.741394,1454.639648,-4669.050293,-683.701294,1578.630005,-4687.690430,-705.962158,1486.489624,-4616.949707,-690.693176,1621.565308,-4660.903809,,,,,,,,,,,,,2616.284424,1567.737671,-3159.782471,,,,,,,,,,,,,,,,,,,,,,,,,,,,,,,,,
10102,101.020000,0.000000,0.000000,0.000000,1.000000,0.000000,0.000000,0.000000,57.698101,20.499701,-14.700500,0.047771,-0.013570,0.015998,-15.666301,-52.738201,18.801300,-93.396698,0.129960,17.611099,-0.263421,-0.430829,-0.667752,0.546903,-693.524475,1535.331177,-4658.648438,-693.741394,1454.639648,-4669.050293,-683.701294,1578.630005,-4687.690430,-705.962158,1486.489624,-4616.949707,-690.693176,1621.565308,-4660.903809,,,,,,,,,,,,,2616.270752,1567.778809,-3159.791260,,,,,,,,,,,,,,,,,,,,,,,,,,,,,,,,,
10103,101.030000,0.000000,0.000000,0.000000,1.000000,0.000000,0.000000,0.000000,57.698101,20.499701,-14.700500,0.047771,-0.013570,0.015998,-15.666301,-52.738201,18.801300,-93.396698,0.129960,17.611099,-0.263421,-0.430829,-0.667752,0.546903,-693.524475,1535.331177,-4658.648438,-693.741394,1454.639648,-4669.050293,-683.701294,1578.630005,-4687.690430,-705.962158,1486.489624,-4616.949707,-690.693176,1621.565308,-4660.903809,,,,,,,,,,,,,2616.275635,1567.754150,-3159.785400,,,,,,,,,,,,,,,,,,,,,,,,,,,,,,,,,
10104,101.040000,0.000000,0.000000,0.000000,1.000000,0.000000,0.000000,0.000000,57.698101,20.499701,-14.700500,0.047771,-0.013570,0.015998,-15.666301,-52.738201,18.801300,-93.396698,0.129960,17.611099,-0.263421,-0.430829,-0.667752,0.546903,-693.524475,1535.331177,-4658.648438,-693.741394,1454.639648,-4669.050293,-683.701294,1578.630005,-4687.690430,-705.962158,1486.489624,-4616.949707,-690.693176,1621.565308,-4660.903809,,,,,,,,,,,,,2616.260986,1567.708984,-3159.776855,,,,,,,,,,,,,,,,,,,,,,,,,,,,,,,,,
10105,101.050000,0.000000,0.000000,0.000000,1.000000,0.000000,0.000000,0.000000,57.698101,20.499701,-14.700500,0.047771,-0.013570,0.015998,-15.666301,-52.738201,18.801300,-93.396698,0.129960,17.611099,-0.263421,-0.430829,-0.667752,0.546903,-693.524475,1535.331177,-4658.648438,-693.741394,1454.639648,-4669.050293,-683.701294,1578.630005,-4687.690430,-705.962158,1486.489624,-4616.949707,-690.693176,1621.565308,-4660.903809,,,,,,,,,,,,,2616.292480,1567.757446,-3159.780273,,,,,,,,,,,,,,,,,,,,,,,,,,,,,,,,,
10106,101.060000,0.000000,0.000000,0.000000,1.000000,0.000000,0.000000,0.000000,57.698101,20.499701,-14.700500,0.047771,-0.013570,0.015998,-15.666301,-52.738201,18.801300,-93.396698,0.129960,17.611099,-0.263421,-0.430829,-0.667752,0.546903,-693.524475,1535.331177,-4658.648438,-693.741394,1454.639648,-4669.050293,-683.701294,1578.630005,-4687.690430,-705.962158,1486.489624,-4616.949707,-690.693176,1621.565308,-4660.903809,,,,,,,,,,,,,2616.277832,1567.730591,-3159.786621,,,,,,,,,,,,,,,,,,,,,,,,,,,,,,,,,
10107,101.070000,0.000000,0.000000,0.000000,1.000000,0.000000,0.000000,0.000000,57.698101,20.499701,-14.700500,0.047771,-0.013570,0.015998,-15.666301,-52.738201,18.801300,-93.396698,0.129960,17.611099,-0.263421,-0.430829,-0.667752,0.546903,-693.524475,1535.331177,-4658.648438,-693.741394,1454.639648,-4669.050293,-683.701294,1578.630005,-4687.690430,-705.962158,1486.489624,-4616.949707,-690.693176,1621.565308,-4660.903809,,,,,,,,,,,,,2616.273926,1567.779541,-3159.791504,,,,,,,,,,,,,,,,,,,,,,,,,,,,,,,,,
10108,101.080000,0.000000,0.000000,0.000000,1.000000,0.000000,0.000000,0.000000,57.698101,20.499701,-14.700500,0.047771,-0.013570,0.015998,-15.666301,-52.738201,18.801300,-93.396698,0.129960,17.611099,-0.263421,-0.430829,-0.667752,0.546903,-693.524475,1535.331177,-4658.648438,-693.741394,1454.639648,-4669.050293,-683.701294,1578.630005,-4687.690430,-705.962158,1486.489624,-4616.949707,-690.693176,1621.565308,-4660.903809,,,,,,,,,,,,,2616.275391,1567.748413,-3159.788086,,,,,,,,,,,,,,,,,,,,,,,,,,,,,,,,,
10109,101.090000,0.000000,0.000000,0.000000,1.000000,0.000000,0.000000,0.000000,57.698101,20.499701,-14.700500,0.047771,-0.013570,0.015998,-15.666301,-52.738201,18.801300,-93.396698,0.129960,17.611099,-0.263421,-0.430829,-0.667752,0.546903,-693.524475,1535.331177,-4658.648438,-693.741394,1454.639648,-4669.050293,-683.701294,1578.630005,-4687.690430,-705.962158,1486.489624,-4616.949707,-690.693176,1621.565308,-4660.903809,,,,,,,,,,,,,2616.291504,1567.745850,-3159.773438,,,,,,,,,,,,,,,,,,,,,,,,,,,,,,,,,
10110,101.100000,0.000000,0.000000,0.000000,1.000000,0.000000,0.000000,0.000000,57.698101,20.499701,-14.700500,0.047771,-0.013570,0.015998,-15.666301,-52.738201,18.801300,-93.396698,0.129960,17.611099,-0.263421,-0.430829,-0.667752,0.546903,-693.524475,1535.331177,-4658.648438,-693.741394,1454.639648,-4669.050293,-683.701294,1578.630005,-4687.690430,-705.962158,1486.489624,-4616.949707,-690.693176,1621.565308,-4660.903809,,,,,,,,,,,,,2616.300293,1567.728271,-3159.791016,,,,,,,,,,,,,,,,,,,,,,,,,,,,,,,,,
10111,101.110000,0.000000,0.000000,0.000000,1.000000,0.000000,0.000000,0.000000,57.698101,20.499701,-14.700500,0.047771,-0.013570,0.015998,-15.666301,-52.738201,18.801300,-93.396698,0.129960,17.611099,-0.263421,-0.430829,-0.667752,0.546903,-693.524475,1535.331177,-4658.648438,-693.741394,1454.639648,-4669.050293,-683.701294,1578.630005,-4687.690430,-705.962158,1486.489624,-4616.949707,-690.693176,1621.565308,-4660.903809,,,,,,,,,,,,,2616.312988,1567.728271,-3159.766602,,,,,,,,,,,,,,,,,,,,,,,,,,,,,,,,,
10112,101.120000,0.000000,0.000000,0.000000,1.000000,0.000000,0.000000,0.000000,57.698101,20.499701,-14.700500,0.047771,-0.013570,0.015998,-15.666301,-52.738201,18.801300,-93.396698,0.129960,17.611099,-0.263421,-0.430829,-0.667752,0.546903,-693.524475,1535.331177,-4658.648438,-693.741394,1454.639648,-4669.050293,-683.701294,1578.630005,-4687.690430,-705.962158,1486.489624,-4616.949707,-690.693176,1621.565308,-4660.903809,,,,,,,,,,,,,2616.317627,1567.770508,-3159.782471,,,,,,,,,,,,,,,,,,,,,,,,,,,,,,,,,
10113,101.130000,0.000000,0.000000,0.000000,1.000000,0.000000,0.000000,0.000000,57.698101,20.499701,-14.700500,0.047771,-0.013570,0.015998,-15.666301,-52.738201,18.801300,-93.396698,0.129960,17.611099,-0.263421,-0.430829,-0.667752,0.546903,-693.524475,1535.331177,-4658.648438,-693.741394,1454.639648,-4669.050293,-683.701294,1578.630005,-4687.690430,-705.962158,1486.489624,-4616.949707,-690.693176,1621.565308,-4660.903809,,,,,,,,,,,,,2616.307129,1567.753174,-3159.784180,,,,,,,,,,,,,,,,,,,,,,,,,,,,,,,,,
10114,101.140000,0.000000,0.000000,0.000000,1.000000,0.000000,0.000000,0.000000,57.698101,20.499701,-14.700500,0.047771,-0.013570,0.015998,-15.666301,-52.738201,18.801300,-93.396698,0.129960,17.611099,-0.263421,-0.430829,-0.667752,0.546903,-693.524475,1535.331177,-4658.648438,-693.741394,1454.639648,-4669.050293,-683.701294,1578.630005,-4687.690430,-705.962158,1486.489624,-4616.949707,-690.693176,1621.565308,-4660.903809,,,,,,,,,,,,,2616.290283,1567.741577,-3159.781982,,,,,,,,,,,,,,,,,,,,,,,,,,,,,,,,,
10115,101.150000,0.000000,0.000000,0.000000,1.000000,0.000000,0.000000,0.000000,57.698101,20.499701,-14.700500,0.047771,-0.013570,0.015998,-15.666301,-52.738201,18.801300,-93.396698,0.129960,17.611099,-0.263421,-0.430829,-0.667752,0.546903,-693.524475,1535.331177,-4658.648438,-693.741394,1454.639648,-4669.050293,-683.701294,1578.630005,-4687.690430,-705.962158,1486.489624,-4616.949707,-690.693176,1621.565308,-4660.903809,,,,,,,,,,,,,2616.297363,1567.734863,-3159.779541,,,,,,,,,,,,,,,,,,,,,,,,,,,,,,,,,
10116,101.160000,0.000000,0.000000,0.000000,1.000000,0.000000,0.000000,0.000000,57.698101,20.499701,-14.700500,0.047771,-0.013570,0.015998,-15.666301,-52.738201,18.801300,-93.396698,0.129960,17.611099,-0.263421,-0.430829,-0.667752,0.546903,-693.524475,1535.331177,-4658.648438,-693.741394,1454.639648,-4669.050293,-683.701294,1578.630005,-4687.690430,-705.962158,1486.489624,-4616.949707,-690.693176,1621.565308,-4660.903809,,,,,,,,,,,,,2616.289795,1567.732788,-3159.774658,,,,,,,,,,,,,,,,,,,,,,,,,,,,,,,,,
10117,101.170000,0.000000,0.000000,0.000000,1.000000,0.000000,0.000000,0.000000,57.698101,20.499701,-14.700500,0.047771,-0.013570,0.015998,-15.666301,-52.738201,18.801300,-93.396698,0.129960,17.611099,-0.263421,-0.430829,-0.667752,0.546903,-693.524475,1535.331177,-4658.648438,-693.741394,1454.639648,-4669.050293,-683.701294,1578.630005,-4687.690430,-705.962158,1486.489624,-4616.949707,-690.693176,1621.565308,-4660.903809,,,,,,,,,,,,,2616.314453,1567.727905,-3159.778076,,,,,,,,,,,,,,,,,,,,,,,,,,,,,,,,,
10118,101.180000,0.000000,0.000000,0.000000,1.000000,0.000000,0.000000,0.000000,57.698101,20.499701,-14.700500,0.047771,-0.013570,0.015998,-15.666301,-52.738201,18.801300,-93.396698,0.129960,17.611099,-0.263421,-0.430829,-0.667752,0.546903,-693.524475,1535.331177,-4658.648438,-693.741394,1454.639648,-4669.050293,-683.701294,1578.630005,-4687.690430,-705.962158,1486.489624,-4616.949707,-690.693176,1621.565308,-4660.903809,,,,,,,,,,,,,2616.301025,1567.726685,-3159.778076,,,,,,,,,,,,,,,,,,,,,,,,,,,,,,,,,
10119,101.190000,0.000000,0.000000,0.000000,1.000000,0.000000,0.000000,0.000000,57.698101,20.499701,-14.700500,0.047771,-0.013570,0.015998,-15.666301,-52.738201,18.801300,-93.396698,0.129960,17.611099,-0.263421,-0.430829,-0.667752,0.546903,-693.524475,1535.331177,-4658.648438,-693.741394,1454.639648,-4669.050293,-683.701294,1578.630005,-4687.690430,-705.962158,1486.489624,-4616.949707,-690.693176,1621.565308,-4660.903809,,,,,,,,,,,,,2616.270508,1567.765747,-3159.794922,,,,,,,,,,,,,,,,,,,,,,,,,,,,,,,,,
10120,101.200000,0.000000,0.000000,0.000000,1.000000,0.000000,0.000000,0.000000,57.698101,20.499701,-14.700500,0.047771,-0.013570,0.015998,-15.666301,-52.738201,18.801300,-93.396698,0.129960,17.611099,-0.263421,-0.430829,-0.667752,0.546903,-693.524475,1535.331177,-4658.648438,-693.741394,1454.639648,-4669.050293,-683.701294,1578.630005,-4687.690430,-705.962158,1486.489624,-4616.949707,-690.693176,1621.565308,-4660.903809,,,,,,,,,,,,,2616.268311,1567.768188,-3159.802979,,,,,,,,,,,,,,,,,,,,,,,,,,,,,,,,,
10121,101.210000,0.000000,0.000000,0.000000,1.000000,0.000000,0.000000,0.000000,57.698101,20.499701,-14.700500,0.047771,-0.013570,0.015998,-15.666301,-52.738201,18.801300,-93.396698,0.129960,17.611099,-0.263421,-0.430829,-0.667752,0.546903,-693.524475,1535.331177,-4658.648438,-693.741394,1454.639648,-4669.050293,-683.701294,1578.630005,-4687.690430,-705.962158,1486.489624,-4616.949707,-690.693176,1621.565308,-4660.903809,,,,,,,,,,,,,2616.296631,1567.770752,-3159.792969,,,,,,,,,,,,,,,,,,,,,,,,,,,,,,,,,
10122,101.220000,0.000000,0.000000,0.000000,1.000000,0.000000,0.000000,0.000000,57.698101,20.499701,-14.700500,0.047771,-0.013570,0.015998,-15.666301,-52.738201,18.801300,-93.396698,0.129960,17.611099,-0.263421,-0.430829,-0.667752,0.546903,-693.524475,1535.331177,-4658.648438,-693.741394,1454.639648,-4669.050293,-683.701294,1578.630005,-4687.690430,-705.962158,1486.489624,-4616.949707,-690.693176,1621.565308,-4660.903809,,,,,,,,,,,,,2616.311768,1567.754028,-3159.771729,,,,,,,,,,,,,,,,,,,,,,,,,,,,,,,,,
10123,101.230000,0.000000,0.000000,0.000000,1.000000,0.000000,0.000000,0.000000,57.698101,20.499701,-14.700500,0.047771,-0.013570,0.015998,-15.666301,-52.738201,18.801300,-93.396698,0.129960,17.611099,-0.263421,-0.430829,-0.667752,0.546903,-693.524475,1535.331177,-4658.648438,-693.741394,1454.639648,-4669.050293,-683.701294,1578.630005,-4687.690430,-705.962158,1486.489624,-4616.949707,-690.693176,1621.565308,-4660.903809,,,,,,,,,,,,,2616.311035,1567.724731,-3159.763428,,,,,,,,,,,,,,,,,,,,,,,,,,,,,,,,,
10124,101.240000,0.000000,0.000000,0.000000,1.000000,0.000000,0.000000,0.000000,57.698101,20.499701,-14.700500,0.047771,-0.013570,0.015998,-15.666301,-52.738201,18.801300,-93.396698,0.129960,17.611099,-0.263421,-0.430829,-0.667752,0.546903,-693.524475,1535.331177,-4658.648438,-693.741394,1454.639648,-4669.050293,-683.701294,1578.630005,-4687.690430,-705.962158,1486.489624,-4616.949707,-690.693176,1621.565308,-4660.903809,,,,,,,,,,,,,2616.318359,1567.721069,-3159.758545,,,,,,,,,,,,,,,,,,,,,,,,,,,,,,,,,
10125,101.250000,0.000000,0.000000,0.000000,1.000000,0.000000,0.000000,0.000000,57.698101,20.499701,-14.700500,0.047771,-0.013570,0.015998,-15.666301,-52.738201,18.801300,-93.396698,0.129960,17.611099,-0.263421,-0.430829,-0.667752,0.546903,-693.524475,1535.331177,-4658.648438,-693.741394,1454.639648,-4669.050293,-683.701294,1578.630005,-4687.690430,-705.962158,1486.489624,-4616.949707,-690.693176,1621.565308,-4660.903809,,,,,,,,,,,,,2616.328125,1567.745728,-3159.778076,,,,,,,,,,,,,,,,,,,,,,,,,,,,,,,,,
10126,101.260000,0.000000,0.000000,0.000000,1.000000,0.000000,0.000000,0.000000,57.698101,20.499701,-14.700500,0.047771,-0.013570,0.015998,-15.666301,-52.738201,18.801300,-93.396698,0.129960,17.611099,-0.263421,-0.430829,-0.667752,0.546903,-693.524475,1535.331177,-4658.648438,-693.741394,1454.639648,-4669.050293,-683.701294,1578.630005,-4687.690430,-705.962158,1486.489624,-4616.949707,-690.693176,1621.565308,-4660.903809,,,,,,,,,,,,,2616.300049,1567.733154,-3159.783691,,,,,,,,,,,,,,,,,,,,,,,,,,,,,,,,,
10127,101.270000,0.000000,0.000000,0.000000,1.000000,0.000000,0.000000,0.000000,57.698101,20.499701,-14.700500,0.047771,-0.013570,0.015998,-15.666301,-52.738201,18.801300,-93.396698,0.129960,17.611099,-0.263421,-0.430829,-0.667752,0.546903,-693.524475,1535.331177,-4658.648438,-693.741394,1454.639648,-4669.050293,-683.701294,1578.630005,-4687.690430,-705.962158,1486.489624,-4616.949707,-690.693176,1621.565308,-4660.903809,,,,,,,,,,,,,2616.299316,1567.755127,-3159.773438,,,,,,,,,,,,,,,,,,,,,,,,,,,,,,,,,
10128,101.280000,0.000000,0.000000,0.000000,1.000000,0.000000,0.000000,0.000000,57.698101,20.499701,-14.700500,0.047771,-0.013570,0.015998,-15.666301,-52.738201,18.801300,-93.396698,0.129960,17.611099,-0.263421,-0.430829,-0.667752,0.546903,-693.524475,1535.331177,-4658.648438,-693.741394,1454.639648,-4669.050293,-683.701294,1578.630005,-4687.690430,-705.962158,1486.489624,-4616.949707,-690.693176,1621.565308,-4660.903809,,,,,,,,,,,,,2616.291748,1567.725464,-3159.778320,,,,,,,,,,,,,,,,,,,,,,,,,,,,,,,,,
10129,101.290000,0.000000,0.000000,0.000000,1.000000,0.000000,0.000000,0.000000,57.698101,20.499701,-14.700500,0.047771,-0.013570,0.015998,-15.666301,-52.738201,18.801300,-93.396698,0.129960,17.611099,-0.263421,-0.430829,-0.667752,0.546903,-693.524475,1535.331177,-4658.648438,-693.741394,1454.639648,-4669.050293,-683.701294,1578.630005,-4687.690430,-705.962158,1486.489624,-4616.949707,-690.693176,1621.565308,-4660.903809,,,,,,,,,,,,,2616.322021,1567.767456,-3159.790527,,,,,,,,,,,,,,,,,,,,,,,,,,,,,,,,,
10130,101.300000,0.000000,0.000000,0.000000,1.000000,0.000000,0.000000,0.000000,57.698101,20.499701,-14.700500,0.047771,-0.013570,0.015998,-15.666301,-52.738201,18.801300,-93.396698,0.129960,17.611099,-0.263421,-0.430829,-0.667752,0.546903,-693.524475,1535.331177,-4658.648438,-693.741394,1454.639648,-4669.050293,-683.701294,1578.630005,-4687.690430,-705.962158,1486.489624,-4616.949707,-690.693176,1621.565308,-4660.903809,,,,,,,,,,,,,2616.310547,1567.762329,-3159.781982,,,,,,,,,,,,,,,,,,,,,,,,,,,,,,,,,
10131,101.310000,0.000000,0.000000,0.000000,1.000000,0.000000,0.000000,0.000000,57.698101,20.499701,-14.700500,0.047771,-0.013570,0.015998,-15.666301,-52.738201,18.801300,-93.396698,0.129960,17.611099,-0.263421,-0.430829,-0.667752,0.546903,-693.524475,1535.331177,-4658.648438,-693.741394,1454.639648,-4669.050293,-683.701294,1578.630005,-4687.690430,-705.962158,1486.489624,-4616.949707,-690.693176,1621.565308,-4660.903809,,,,,,,,,,,,,2616.318604,1567.767944,-3159.781250,,,,,,,,,,,,,,,,,,,,,,,,,,,,,,,,,
10132,101.320000,0.000000,0.000000,0.000000,1.000000,0.000000,0.000000,0.000000,57.698101,20.499701,-14.700500,0.047771,-0.013570,0.015998,-15.666301,-52.738201,18.801300,-93.396698,0.129960,17.611099,-0.263421,-0.430829,-0.667752,0.546903,-693.524475,1535.331177,-4658.648438,-693.741394,1454.639648,-4669.050293,-683.701294,1578.630005,-4687.690430,-705.962158,1486.489624,-4616.949707,-690.693176,1621.565308,-4660.903809,,,,,,,,,,,,,2616.330811,1567.733154,-3159.770264,,,,,,,,,,,,,,,,,,,,,,,,,,,,,,,,,
10133,101.330000,0.000000,0.000000,0.000000,1.000000,0.000000,0.000000,0.000000,57.698101,20.499701,-14.700500,0.047771,-0.013570,0.015998,-15.666301,-52.738201,18.801300,-93.396698,0.129960,17.611099,-0.263421,-0.430829,-0.667752,0.546903,-693.524475,1535.331177,-4658.648438,-693.741394,1454.639648,-4669.050293,-683.701294,1578.630005,-4687.690430,-705.962158,1486.489624,-4616.949707,-690.693176,1621.565308,-4660.903809,,,,,,,,,,,,,2616.301025,1567.765259,-3159.777832,,,,,,,,,,,,,,,,,,,,,,,,,,,,,,,,,
10134,101.340000,0.000000,0.000000,0.000000,1.000000,0.000000,0.000000,0.000000,57.698101,20.499701,-14.700500,0.047771,-0.013570,0.015998,-15.666301,-52.738201,18.801300,-93.396698,0.129960,17.611099,-0.263421,-0.430829,-0.667752,0.546903,-693.524475,1535.331177,-4658.648438,-693.741394,1454.639648,-4669.050293,-683.701294,1578.630005,-4687.690430,-705.962158,1486.489624,-4616.949707,-690.693176,1621.565308,-4660.903809,,,,,,,,,,,,,2616.262207,1567.771973,-3159.802002,,,,,,,,,,,,,,,,,,,,,,,,,,,,,,,,,
10135,101.350000,0.000000,0.000000,0.000000,1.000000,0.000000,0.000000,0.000000,57.698101,20.499701,-14.700500,0.047771,-0.013570,0.015998,-15.666301,-52.738201,18.801300,-93.396698,0.129960,17.611099,-0.263421,-0.430829,-0.667752,0.546903,-693.524475,1535.331177,-4658.648438,-693.741394,1454.639648,-4669.050293,-683.701294,1578.630005,-4687.690430,-705.962158,1486.489624,-4616.949707,-690.693176,1621.565308,-4660.903809,,,,,,,,,,,,,2616.281738,1567.737915,-3159.781494,,,,,,,,,,,,,,,,,,,,,,,,,,,,,,,,,
10136,101.360000,0.000000,0.000000,0.000000,1.000000,0.000000,0.000000,0.000000,57.698101,20.499701,-14.700500,0.047771,-0.013570,0.015998,-15.666301,-52.738201,18.801300,-93.396698,0.129960,17.611099,-0.263421,-0.430829,-0.667752,0.546903,-693.524475,1535.331177,-4658.648438,-693.741394,1454.639648,-4669.050293,-683.701294,1578.630005,-4687.690430,-705.962158,1486.489624,-4616.949707,-690.693176,1621.565308,-4660.903809,,,,,,,,,,,,,2616.332520,1567.750366,-3159.773682,,,,,,,,,,,,,,,,,,,,,,,,,,,,,,,,,
10137,101.370000,0.000000,0.000000,0.000000,1.000000,0.000000,0.000000,0.000000,57.698101,20.499701,-14.700500,0.047771,-0.013570,0.015998,-15.666301,-52.738201,18.801300,-93.396698,0.129960,17.611099,-0.263421,-0.430829,-0.667752,0.546903,-693.524475,1535.331177,-4658.648438,-693.741394,1454.639648,-4669.050293,-683.701294,1578.630005,-4687.690430,-705.962158,1486.489624,-4616.949707,-690.693176,1621.565308,-4660.903809,,,,,,,,,,,,,2616.277100,1567.721313,-3159.793945,,,,,,,,,,,,,,,,,,,,,,,,,,,,,,,,,
10138,101.380000,0.000000,0.000000,0.000000,1.000000,0.000000,0.000000,0.000000,57.698101,20.499701,-14.700500,0.047771,-0.013570,0.015998,-15.666301,-52.738201,18.801300,-93.396698,0.129960,17.611099,-0.263421,-0.430829,-0.667752,0.546903,-693.524475,1535.331177,-4658.648438,-693.741394,1454.639648,-4669.050293,-683.701294,1578.630005,-4687.690430,-705.962158,1486.489624,-4616.949707,-690.693176,1621.565308,-4660.903809,,,,,,,,,,,,,2616.274902,1567.765015,-3159.790527,,,,,,,,,,,,,,,,,,,,,,,,,,,,,,,,,
10139,101.390000,0.000000,0.000000,0.000000,1.000000,0.000000,0.000000,0.000000,57.698101,20.499701,-14.700500,0.047771,-0.013570,0.015998,-15.666301,-52.738201,18.801300,-93.396698,0.129960,17.611099,-0.263421,-0.430829,-0.667752,0.546903,-693.524475,1535.331177,-4658.648438,-693.741394,1454.639648,-4669.050293,-683.701294,1578.630005,-4687.690430,-705.962158,1486.489624,-4616.949707,-690.693176,1621.565308,-4660.903809,,,,,,,,,,,,,2616.279053,1567.774536,-3159.796875,,,,,,,,,,,,,,,,,,,,,,,,,,,,,,,,,
10140,101.400000,0.000000,0.000000,0.000000,1.000000,0.000000,0.000000,0.000000,57.698101,20.499701,-14.700500,0.047771,-0.013570,0.015998,-15.666301,-52.738201,18.801300,-93.396698,0.129960,17.611099,-0.263421,-0.430829,-0.667752,0.546903,-693.524475,1535.331177,-4658.648438,-693.741394,1454.639648,-4669.050293,-683.701294,1578.630005,-4687.690430,-705.962158,1486.489624,-4616.949707,-690.693176,1621.565308,-4660.903809,,,,,,,,,,,,,2616.295654,1567.767822,-3159.785156,,,,,,,,,,,,,,,,,,,,,,,,,,,,,,,,,
10141,101.410000,0.000000,0.000000,0.000000,1.000000,0.000000,0.000000,0.000000,57.698101,20.499701,-14.700500,0.047771,-0.013570,0.015998,-15.666301,-52.738201,18.801300,-93.396698,0.129960,17.611099,-0.263421,-0.430829,-0.667752,0.546903,-693.524475,1535.331177,-4658.648438,-693.741394,1454.639648,-4669.050293,-683.701294,1578.630005,-4687.690430,-705.962158,1486.489624,-4616.949707,-690.693176,1621.565308,-4660.903809,,,,,,,,,,,,,2616.284668,1567.734985,-3159.786133,,,,,,,,,,,,,,,,,,,,,,,,,,,,,,,,,
10142,101.420000,0.000000,0.000000,0.000000,1.000000,0.000000,0.000000,0.000000,57.698101,20.499701,-14.700500,0.047771,-0.013570,0.015998,-15.666301,-52.738201,18.801300,-93.396698,0.129960,17.611099,-0.263421,-0.430829,-0.667752,0.546903,-693.524475,1535.331177,-4658.648438,-693.741394,1454.639648,-4669.050293,-683.701294,1578.630005,-4687.690430,-705.962158,1486.489624,-4616.949707,-690.693176,1621.565308,-4660.903809,,,,,,,,,,,,,2616.321045,1567.743408,-3159.770752,,,,,,,,,,,,,,,,,,,,,,,,,,,,,,,,,
10143,101.430000,0.000000,0.000000,0.000000,1.000000,0.000000,0.000000,0.000000,57.698101,20.499701,-14.700500,0.047771,-0.013570,0.015998,-15.666301,-52.738201,18.801300,-93.396698,0.129960,17.611099,-0.263421,-0.430829,-0.667752,0.546903,-693.524475,1535.331177,-4658.648438,-693.741394,1454.639648,-4669.050293,-683.701294,1578.630005,-4687.690430,-705.962158,1486.489624,-4616.949707,-690.693176,1621.565308,-4660.903809,,,,,,,,,,,,,2616.275879,1567.756470,-3159.778809,,,,,,,,,,,,,,,,,,,,,,,,,,,,,,,,,
10144,101.440000,0.000000,0.000000,0.000000,1.000000,0.000000,0.000000,0.000000,57.698101,20.499701,-14.700500,0.047771,-0.013570,0.015998,-15.666301,-52.738201,18.801300,-93.396698,0.129960,17.611099,-0.263421,-0.430829,-0.667752,0.546903,-693.524475,1535.331177,-4658.648438,-693.741394,1454.639648,-4669.050293,-683.701294,1578.630005,-4687.690430,-705.962158,1486.489624,-4616.949707,-690.693176,1621.565308,-4660.903809,,,,,,,,,,,,,2616.297363,1567.710938,-3159.786377,,,,,,,,,,,,,,,,,,,,,,,,,,,,,,,,,
10145,101.450000,0.000000,0.000000,0.000000,1.000000,0.000000,0.000000,0.000000,57.698101,20.499701,-14.700500,0.047771,-0.013570,0.015998,-15.666301,-52.738201,18.801300,-93.396698,0.129960,17.611099,-0.263421,-0.430829,-0.667752,0.546903,-693.524475,1535.331177,-4658.648438,-693.741394,1454.639648,-4669.050293,-683.701294,1578.630005,-4687.690430,-705.962158,1486.489624,-4616.949707,-690.693176,1621.565308,-4660.903809,,,,,,,,,,,,,2616.287598,1567.787109,-3159.781738,,,,,,,,,,,,,,,,,,,,,,,,,,,,,,,,,
10146,101.460000,0.000000,0.000000,0.000000,1.000000,0.000000,0.000000,0.000000,57.698101,20.499701,-14.700500,0.047771,-0.013570,0.015998,-15.666301,-52.738201,18.801300,-93.396698,0.129960,17.611099,-0.263421,-0.430829,-0.667752,0.546903,-693.524475,1535.331177,-4658.648438,-693.741394,1454.639648,-4669.050293,-683.701294,1578.630005,-4687.690430,-705.962158,1486.489624,-4616.949707,-690.693176,1621.565308,-4660.903809,,,,,,,,,,,,,2616.267090,1567.768799,-3159.801514,,,,,,,,,,,,,,,,,,,,,,,,,,,,,,,,,
10147,101.470000,0.000000,0.000000,0.000000,1.000000,0.000000,0.000000,0.000000,57.698101,20.499701,-14.700500,0.047771,-0.013570,0.015998,-15.666301,-52.738201,18.801300,-93.396698,0.129960,17.611099,-0.263421,-0.430829,-0.667752,0.546903,-693.524475,1535.331177,-4658.648438,-693.741394,1454.639648,-4669.050293,-683.701294,1578.630005,-4687.690430,-705.962158,1486.489624,-4616.949707,-690.693176,1621.565308,-4660.903809,,,,,,,,,,,,,2616.323730,1567.752075,-3159.777100,,,,,,,,,,,,,,,,,,,,,,,,,,,,,,,,,
10148,101.480000,0.000000,0.000000,0.000000,1.000000,0.000000,0.000000,0.000000,57.698101,20.499701,-14.700500,0.047771,-0.013570,0.015998,-15.666301,-52.738201,18.801300,-93.396698,0.129960,17.611099,-0.263421,-0.430829,-0.667752,0.546903,-693.524475,1535.331177,-4658.648438,-693.741394,1454.639648,-4669.050293,-683.701294,1578.630005,-4687.690430,-705.962158,1486.489624,-4616.949707,-690.693176,1621.565308,-4660.903809,,,,,,,,,,,,,2616.314697,1567.721558,-3159.758545,,,,,,,,,,,,,,,,,,,,,,,,,,,,,,,,,
10149,101.490000,0.000000,0.000000,0.000000,1.000000,0.000000,0.000000,0.000000,57.698101,20.499701,-14.700500,0.047771,-0.013570,0.015998,-15.666301,-52.738201,18.801300,-93.396698,0.129960,17.611099,-0.263421,-0.430829,-0.667752,0.546903,-693.524475,1535.331177,-4658.648438,-693.741394,1454.639648,-4669.050293,-683.701294,1578.630005,-4687.690430,-705.962158,1486.489624,-4616.949707,-690.693176,1621.565308,-4660.903809,,,,,,,,,,,,,2616.273438,1567.733154,-3159.777100,,,,,,,,,,,,,,,,,,,,,,,,,,,,,,,,,
10150,101.500000,0.000000,0.000000,0.000000,1.000000,0.000000,0.000000,0.000000,57.698101,20.499701,-14.700500,0.047771,-0.013570,0.015998,-15.666301,-52.738201,18.801300,-93.396698,0.129960,17.611099,-0.263421,-0.430829,-0.667752,0.546903,-693.524475,1535.331177,-4658.648438,-693.741394,1454.639648,-4669.050293,-683.701294,1578.630005,-4687.690430,-705.962158,1486.489624,-4616.949707,-690.693176,1621.565308,-4660.903809,,,,,,,,,,,,,2616.265869,1567.758545,-3159.784424,,,,,,,,,,,,,,,,,,,,,,,,,,,,,,,,,
10151,101.510000,0.000000,0.000000,0.000000,1.000000,0.000000,0.000000,0.000000,57.698101,20.499701,-14.700500,0.047771,-0.013570,0.015998,-15.666301,-52.738201,18.801300,-93.396698,0.129960,17.611099,-0.263421,-0.430829,-0.667752,0.546903,-693.524475,1535.331177,-4658.648438,-693.741394,1454.639648,-4669.050293,-683.701294,1578.630005,-4687.690430,-705.962158,1486.489624,-4616.949707,-690.693176,1621.565308,-4660.903809,,,,,,,,,,,,,2616.277100,1567.758301,-3159.791992,,,,,,,,,,,,,,,,,,,,,,,,,,,,,,,,,
10152,101.520000,0.000000,0.000000,0.000000,1.000000,0.000000,0.000000,0.000000,57.698101,20.499701,-14.700500,0.047771,-0.013570,0.015998,-15.666301,-52.738201,18.801300,-93.396698,0.129960,17.611099,-0.263421,-0.430829,-0.667752,0.546903,-693.524475,1535.331177,-4658.648438,-693.741394,1454.639648,-4669.050293,-683.701294,1578.630005,-4687.690430,-705.962158,1486.489624,-4616.949707,-690.693176,1621.565308,-4660.903809,,,,,,,,,,,,,2616.286865,1567.747437,-3159.778076,,,,,,,,,,,,,,,,,,,,,,,,,,,,,,,,,
10153,101.530000,0.000000,0.000000,0.000000,1.000000,0.000000,0.000000,0.000000,57.698101,20.499701,-14.700500,0.047771,-0.013570,0.015998,-15.666301,-52.738201,18.801300,-93.396698,0.129960,17.611099,-0.263421,-0.430829,-0.667752,0.546903,-693.524475,1535.331177,-4658.648438,-693.741394,1454.639648,-4669.050293,-683.701294,1578.630005,-4687.690430,-705.962158,1486.489624,-4616.949707,-690.693176,1621.565308,-4660.903809,,,,,,,,,,,,,2616.305176,1567.759399,-3159.777100,,,,,,,,,,,,,,,,,,,,,,,,,,,,,,,,,
10154,101.540000,0.000000,0.000000,0.000000,1.000000,0.000000,0.000000,0.000000,57.698101,20.499701,-14.700500,0.047771,-0.013570,0.015998,-15.666301,-52.738201,18.801300,-93.396698,0.129960,17.611099,-0.263421,-0.430829,-0.667752,0.546903,-693.524475,1535.331177,-4658.648438,-693.741394,1454.639648,-4669.050293,-683.701294,1578.630005,-4687.690430,-705.962158,1486.489624,-4616.949707,-690.693176,1621.565308,-4660.903809,,,,,,,,,,,,,2616.306396,1567.749878,-3159.770264,,,,,,,,,,,,,,,,,,,,,,,,,,,,,,,,,
10155,101.550000,0.000000,0.000000,0.000000,1.000000,0.000000,0.000000,0.000000,57.698101,20.499701,-14.700500,0.047771,-0.013570,0.015998,-15.666301,-52.738201,18.801300,-93.396698,0.129960,17.611099,-0.263421,-0.430829,-0.667752,0.546903,-693.524475,1535.331177,-4658.648438,-693.741394,1454.639648,-4669.050293,-683.701294,1578.630005,-4687.690430,-705.962158,1486.489624,-4616.949707,-690.693176,1621.565308,-4660.903809,,,,,,,,,,,,,2616.305908,1567.743286,-3159.777344,,,,,,,,,,,,,,,,,,,,,,,,,,,,,,,,,
10156,101.560000,0.000000,0.000000,0.000000,1.000000,0.000000,0.000000,0.000000,57.698101,20.499701,-14.700500,0.047771,-0.013570,0.015998,-15.666301,-52.738201,18.801300,-93.396698,0.129960,17.611099,-0.263421,-0.430829,-0.667752,0.546903,-693.524475,1535.331177,-4658.648438,-693.741394,1454.639648,-4669.050293,-683.701294,1578.630005,-4687.690430,-705.962158,1486.489624,-4616.949707,-690.693176,1621.565308,-4660.903809,,,,,,,,,,,,,2616.330811,1567.762573,-3159.771240,,,,,,,,,,,,,,,,,,,,,,,,,,,,,,,,,
10157,101.570000,0.000000,0.000000,0.000000,1.000000,0.000000,0.000000,0.000000,57.698101,20.499701,-14.700500,0.047771,-0.013570,0.015998,-15.666301,-52.738201,18.801300,-93.396698,0.129960,17.611099,-0.263421,-0.430829,-0.667752,0.546903,-693.524475,1535.331177,-4658.648438,-693.741394,1454.639648,-4669.050293,-683.701294,1578.630005,-4687.690430,-705.962158,1486.489624,-4616.949707,-690.693176,1621.565308,-4660.903809,,,,,,,,,,,,,2616.305176,1567.744385,-3159.770752,,,,,,,,,,,,,,,,,,,,,,,,,,,,,,,,,
10158,101.580000,0.000000,0.000000,0.000000,1.000000,0.000000,0.000000,0.000000,57.698101,20.499701,-14.700500,0.047771,-0.013570,0.015998,-15.666301,-52.738201,18.801300,-93.396698,0.129960,17.611099,-0.263421,-0.430829,-0.667752,0.546903,-693.524475,1535.331177,-4658.648438,-693.741394,1454.639648,-4669.050293,-683.701294,1578.630005,-4687.690430,-705.962158,1486.489624,-4616.949707,-690.693176,1621.565308,-4660.903809,,,,,,,,,,,,,2616.271240,1567.751343,-3159.786621,,,,,,,,,,,,,,,,,,,,,,,,,,,,,,,,,
10159,101.590000,0.000000,0.000000,0.000000,1.000000,0.000000,0.000000,0.000000,57.698101,20.499701,-14.700500,0.047771,-0.013570,0.015998,-15.666301,-52.738201,18.801300,-93.396698,0.129960,17.611099,-0.263421,-0.430829,-0.667752,0.546903,-693.524475,1535.331177,-4658.648438,-693.741394,1454.639648,-4669.050293,-683.701294,1578.630005,-4687.690430,-705.962158,1486.489624,-4616.949707,-690.693176,1621.565308,-4660.903809,,,,,,,,,,,,,2616.287598,1567.719849,-3159.782715,,,,,,,,,,,,,,,,,,,,,,,,,,,,,,,,,
10160,101.600000,0.000000,0.000000,0.000000,1.000000,0.000000,0.000000,0.000000,57.698101,20.499701,-14.700500,0.047771,-0.013570,0.015998,-15.666301,-52.738201,18.801300,-93.396698,0.129960,17.611099,-0.263421,-0.430829,-0.667752,0.546903,-693.524475,1535.331177,-4658.648438,-693.741394,1454.639648,-4669.050293,-683.701294,1578.630005,-4687.690430,-705.962158,1486.489624,-4616.949707,-690.693176,1621.565308,-4660.903809,,,,,,,,,,,,,2616.281006,1567.735718,-3159.783936,,,,,,,,,,,,,,,,,,,,,,,,,,,,,,,,,
10161,101.610000,0.000000,0.000000,0.000000,1.000000,0.000000,0.000000,0.000000,57.698101,20.499701,-14.700500,0.047771,-0.013570,0.015998,-15.666301,-52.738201,18.801300,-93.396698,0.129960,17.611099,-0.263421,-0.430829,-0.667752,0.546903,-693.524475,1535.331177,-4658.648438,-693.741394,1454.639648,-4669.050293,-683.701294,1578.630005,-4687.690430,-705.962158,1486.489624,-4616.949707,-690.693176,1621.565308,-4660.903809,,,,,,,,,,,,,2616.276855,1567.743896,-3159.792236,,,,,,,,,,,,,,,,,,,,,,,,,,,,,,,,,
10162,101.620000,0.000000,0.000000,0.000000,1.000000,0.000000,0.000000,0.000000,57.698101,20.499701,-14.700500,0.047771,-0.013570,0.015998,-15.666301,-52.738201,18.801300,-93.396698,0.129960,17.611099,-0.263421,-0.430829,-0.667752,0.546903,-693.524475,1535.331177,-4658.648438,-693.741394,1454.639648,-4669.050293,-683.701294,1578.630005,-4687.690430,-705.962158,1486.489624,-4616.949707,-690.693176,1621.565308,-4660.903809,,,,,,,,,,,,,2616.292480,1567.736328,-3159.784912,,,,,,,,,,,,,,,,,,,,,,,,,,,,,,,,,
10163,101.630000,0.000000,0.000000,0.000000,1.000000,0.000000,0.000000,0.000000,57.698101,20.499701,-14.700500,0.047771,-0.013570,0.015998,-15.666301,-52.738201,18.801300,-93.396698,0.129960,17.611099,-0.263421,-0.430829,-0.667752,0.546903,-693.524475,1535.331177,-4658.648438,-693.741394,1454.639648,-4669.050293,-683.701294,1578.630005,-4687.690430,-705.962158,1486.489624,-4616.949707,-690.693176,1621.565308,-4660.903809,,,,,,,,,,,,,2616.283203,1567.744873,-3159.780518,,,,,,,,,,,,,,,,,,,,,,,,,,,,,,,,,
10164,101.640000,0.000000,0.000000,0.000000,1.000000,0.000000,0.000000,0.000000,57.698101,20.499701,-14.700500,0.047771,-0.013570,0.015998,-15.666301,-52.738201,18.801300,-93.396698,0.129960,17.611099,-0.263421,-0.430829,-0.667752,0.546903,-693.524475,1535.331177,-4658.648438,-693.741394,1454.639648,-4669.050293,-683.701294,1578.630005,-4687.690430,-705.962158,1486.489624,-4616.949707,-690.693176,1621.565308,-4660.903809,,,,,,,,,,,,,2616.294434,1567.759644,-3159.783447,,,,,,,,,,,,,,,,,,,,,,,,,,,,,,,,,
10165,101.650000,0.000000,0.000000,0.000000,1.000000,0.000000,0.000000,0.000000,57.698101,20.499701,-14.700500,0.047771,-0.013570,0.015998,-15.666301,-52.738201,18.801300,-93.396698,0.129960,17.611099,-0.263421,-0.430829,-0.667752,0.546903,-693.524475,1535.331177,-4658.648438,-693.741394,1454.639648,-4669.050293,-683.701294,1578.630005,-4687.690430,-705.962158,1486.489624,-4616.949707,-690.693176,1621.565308,-4660.903809,,,,,,,,,,,,,2616.287109,1567.740845,-3159.783447,,,,,,,,,,,,,,,,,,,,,,,,,,,,,,,,,
10166,101.660000,0.000000,0.000000,0.000000,1.000000,0.000000,0.000000,0.000000,57.698101,20.499701,-14.700500,0.047771,-0.013570,0.015998,-15.666301,-52.738201,18.801300,-93.396698,0.129960,17.611099,-0.263421,-0.430829,-0.667752,0.546903,-693.524475,1535.331177,-4658.648438,-693.741394,1454.639648,-4669.050293,-683.701294,1578.630005,-4687.690430,-705.962158,1486.489624,-4616.949707,-690.693176,1621.565308,-4660.903809,,,,,,,,,,,,,2616.308350,1567.724487,-3159.770264,,,,,,,,,,,,,,,,,,,,,,,,,,,,,,,,,
10167,101.670000,0.000000,0.000000,0.000000,1.000000,0.000000,0.000000,0.000000,57.698101,20.499701,-14.700500,0.047771,-0.013570,0.015998,-15.666301,-52.738201,18.801300,-93.396698,0.129960,17.611099,-0.263421,-0.430829,-0.667752,0.546903,-693.524475,1535.331177,-4658.648438,-693.741394,1454.639648,-4669.050293,-683.701294,1578.630005,-4687.690430,-705.962158,1486.489624,-4616.949707,-690.693176,1621.565308,-4660.903809,,,,,,,,,,,,,2616.341553,1567.708008,-3159.758789,,,,,,,,,,,,,,,,,,,,,,,,,,,,,,,,,
10168,101.680000,0.000000,0.000000,0.000000,1.000000,0.000000,0.000000,0.000000,57.698101,20.499701,-14.700500,0.047771,-0.013570,0.015998,-15.666301,-52.738201,18.801300,-93.396698,0.129960,17.611099,-0.263421,-0.430829,-0.667752,0.546903,-693.524475,1535.331177,-4658.648438,-693.741394,1454.639648,-4669.050293,-683.701294,1578.630005,-4687.690430,-705.962158,1486.489624,-4616.949707,-690.693176,1621.565308,-4660.903809,,,,,,,,,,,,,2616.278076,1567.721802,-3159.769775,,,,,,,,,,,,,,,,,,,,,,,,,,,,,,,,,
10169,101.690000,0.000000,0.000000,0.000000,1.000000,0.000000,0.000000,0.000000,57.698101,20.499701,-14.700500,0.047771,-0.013570,0.015998,-15.666301,-52.738201,18.801300,-93.396698,0.129960,17.611099,-0.263421,-0.430829,-0.667752,0.546903,-693.524475,1535.331177,-4658.648438,-693.741394,1454.639648,-4669.050293,-683.701294,1578.630005,-4687.690430,-705.962158,1486.489624,-4616.949707,-690.693176,1621.565308,-4660.903809,,,,,,,,,,,,,2616.286621,1567.744263,-3159.774658,,,,,,,,,,,,,,,,,,,,,,,,,,,,,,,,,
10170,101.700000,0.000000,0.000000,0.000000,1.000000,0.000000,0.000000,0.000000,57.698101,20.499701,-14.700500,0.047771,-0.013570,0.015998,-15.666301,-52.738201,18.801300,-93.396698,0.129960,17.611099,-0.263421,-0.430829,-0.667752,0.546903,-693.524475,1535.331177,-4658.648438,-693.741394,1454.639648,-4669.050293,-683.701294,1578.630005,-4687.690430,-705.962158,1486.489624,-4616.949707,-690.693176,1621.565308,-4660.903809,,,,,,,,,,,,,2616.297119,1567.737305,-3159.769287,,,,,,,,,,,,,,,,,,,,,,,,,,,,,,,,,
10171,101.710000,0.000000,0.000000,0.000000,1.000000,0.000000,0.000000,0.000000,57.698101,20.499701,-14.700500,0.047771,-0.013570,0.015998,-15.666301,-52.738201,18.801300,-93.396698,0.129960,17.611099,-0.263421,-0.430829,-0.667752,0.546903,-693.524475,1535.331177,-4658.648438,-693.741394,1454.639648,-4669.050293,-683.701294,1578.630005,-4687.690430,-705.962158,1486.489624,-4616.949707,-690.693176,1621.565308,-4660.903809,,,,,,,,,,,,,2616.271240,1567.729980,-3159.781738,,,,,,,,,,,,,,,,,,,,,,,,,,,,,,,,,
10172,101.720000,0.000000,0.000000,0.000000,1.000000,0.000000,0.000000,0.000000,57.698101,20.499701,-14.700500,0.047771,-0.013570,0.015998,-15.666301,-52.738201,18.801300,-93.396698,0.129960,17.611099,-0.263421,-0.430829,-0.667752,0.546903,-693.524475,1535.331177,-4658.648438,-693.741394,1454.639648,-4669.050293,-683.701294,1578.630005,-4687.690430,-705.962158,1486.489624,-4616.949707,-690.693176,1621.565308,-4660.903809,,,,,,,,,,,,,2616.282959,1567.752441,-3159.794434,,,,,,,,,,,,,,,,,,,,,,,,,,,,,,,,,
10173,101.730000,0.000000,0.000000,0.000000,1.000000,0.000000,0.000000,0.000000,57.698101,20.499701,-14.700500,0.047771,-0.013570,0.015998,-15.666301,-52.738201,18.801300,-93.396698,0.129960,17.611099,-0.263421,-0.430829,-0.667752,0.546903,-693.524475,1535.331177,-4658.648438,-693.741394,1454.639648,-4669.050293,-683.701294,1578.630005,-4687.690430,-705.962158,1486.489624,-4616.949707,-690.693176,1621.565308,-4660.903809,,,,,,,,,,,,,2616.271240,1567.706665,-3159.779053,,,,,,,,,,,,,,,,,,,,,,,,,,,,,,,,,
10174,101.740000,0.000000,0.000000,0.000000,1.000000,0.000000,0.000000,0.000000,57.698101,20.499701,-14.700500,0.047771,-0.013570,0.015998,-15.666301,-52.738201,18.801300,-93.396698,0.129960,17.611099,-0.263421,-0.430829,-0.667752,0.546903,-693.524475,1535.331177,-4658.648438,-693.741394,1454.639648,-4669.050293,-683.701294,1578.630005,-4687.690430,-705.962158,1486.489624,-4616.949707,-690.693176,1621.565308,-4660.903809,,,,,,,,,,,,,2616.315918,1567.757446,-3159.779785,,,,,,,,,,,,,,,,,,,,,,,,,,,,,,,,,
10175,101.750000,0.000000,0.000000,0.000000,1.000000,0.000000,0.000000,0.000000,57.698101,20.499701,-14.700500,0.047771,-0.013570,0.015998,-15.666301,-52.738201,18.801300,-93.396698,0.129960,17.611099,-0.263421,-0.430829,-0.667752,0.546903,-693.524475,1535.331177,-4658.648438,-693.741394,1454.639648,-4669.050293,-683.701294,1578.630005,-4687.690430,-705.962158,1486.489624,-4616.949707,-690.693176,1621.565308,-4660.903809,,,,,,,,,,,,,2616.294922,1567.767090,-3159.789307,,,,,,,,,,,,,,,,,,,,,,,,,,,,,,,,,
10176,101.760000,0.000000,0.000000,0.000000,1.000000,0.000000,0.000000,0.000000,57.698101,20.499701,-14.700500,0.047771,-0.013570,0.015998,-15.666301,-52.738201,18.801300,-93.396698,0.129960,17.611099,-0.263421,-0.430829,-0.667752,0.546903,-693.524475,1535.331177,-4658.648438,-693.741394,1454.639648,-4669.050293,-683.701294,1578.630005,-4687.690430,-705.962158,1486.489624,-4616.949707,-690.693176,1621.565308,-4660.903809,,,,,,,,,,,,,2616.293945,1567.777588,-3159.789795,,,,,,,,,,,,,,,,,,,,,,,,,,,,,,,,,
10177,101.770000,0.000000,0.000000,0.000000,1.000000,0.000000,0.000000,0.000000,57.698101,20.499701,-14.700500,0.047771,-0.013570,0.015998,-15.666301,-52.738201,18.801300,-93.396698,0.129960,17.611099,-0.263421,-0.430829,-0.667752,0.546903,-693.524475,1535.331177,-4658.648438,-693.741394,1454.639648,-4669.050293,-683.701294,1578.630005,-4687.690430,-705.962158,1486.489624,-4616.949707,-690.693176,1621.565308,-4660.903809,,,,,,,,,,,,,2616.301270,1567.761841,-3159.779785,,,,,,,,,,,,,,,,,,,,,,,,,,,,,,,,,
10178,101.780000,0.000000,0.000000,0.000000,1.000000,0.000000,0.000000,0.000000,57.698101,20.499701,-14.700500,0.047771,-0.013570,0.015998,-15.666301,-52.738201,18.801300,-93.396698,0.129960,17.611099,-0.263421,-0.430829,-0.667752,0.546903,-693.524475,1535.331177,-4658.648438,-693.741394,1454.639648,-4669.050293,-683.701294,1578.630005,-4687.690430,-705.962158,1486.489624,-4616.949707,-690.693176,1621.565308,-4660.903809,,,,,,,,,,,,,2616.341553,1567.760986,-3159.771484,,,,,,,,,,,,,,,,,,,,,,,,,,,,,,,,,
10179,101.790000,0.000000,0.000000,0.000000,1.000000,0.000000,0.000000,0.000000,57.698101,20.499701,-14.700500,0.047771,-0.013570,0.015998,-15.666301,-52.738201,18.801300,-93.396698,0.129960,17.611099,-0.263421,-0.430829,-0.667752,0.546903,-693.524475,1535.331177,-4658.648438,-693.741394,1454.639648,-4669.050293,-683.701294,1578.630005,-4687.690430,-705.962158,1486.489624,-4616.949707,-690.693176,1621.565308,-4660.903809,,,,,,,,,,,,,2616.306152,1567.755737,-3159.772217,,,,,,,,,,,,,,,,,,,,,,,,,,,,,,,,,
10180,101.800000,0.000000,0.000000,0.000000,1.000000,0.000000,0.000000,0.000000,57.698101,20.499701,-14.700500,0.047771,-0.013570,0.015998,-15.666301,-52.738201,18.801300,-93.396698,0.129960,17.611099,-0.263421,-0.430829,-0.667752,0.546903,-693.524475,1535.331177,-4658.648438,-693.741394,1454.639648,-4669.050293,-683.701294,1578.630005,-4687.690430,-705.962158,1486.489624,-4616.949707,-690.693176,1621.565308,-4660.903809,,,,,,,,,,,,,2616.305420,1567.746948,-3159.784424,,,,,,,,,,,,,,,,,,,,,,,,,,,,,,,,,
10181,101.810000,0.000000,0.000000,0.000000,1.000000,0.000000,0.000000,0.000000,57.698101,20.499701,-14.700500,0.047771,-0.013570,0.015998,-15.666301,-52.738201,18.801300,-93.396698,0.129960,17.611099,-0.263421,-0.430829,-0.667752,0.546903,-693.524475,1535.331177,-4658.648438,-693.741394,1454.639648,-4669.050293,-683.701294,1578.630005,-4687.690430,-705.962158,1486.489624,-4616.949707,-690.693176,1621.565308,-4660.903809,,,,,,,,,,,,,2616.265625,1567.736328,-3159.787598,,,,,,,,,,,,,,,,,,,,,,,,,,,,,,,,,
10182,101.820000,0.000000,0.000000,0.000000,1.000000,0.000000,0.000000,0.000000,57.698101,20.499701,-14.700500,0.047771,-0.013570,0.015998,-15.666301,-52.738201,18.801300,-93.396698,0.129960,17.611099,-0.263421,-0.430829,-0.667752,0.546903,-693.524475,1535.331177,-4658.648438,-693.741394,1454.639648,-4669.050293,-683.701294,1578.630005,-4687.690430,-705.962158,1486.489624,-4616.949707,-690.693176,1621.565308,-4660.903809,,,,,,,,,,,,,2616.285889,1567.742798,-3159.789795,,,,,,,,,,,,,,,,,,,,,,,,,,,,,,,,,
10183,101.830000,0.000000,0.000000,0.000000,1.000000,0.000000,0.000000,0.000000,57.698101,20.499701,-14.700500,0.047771,-0.013570,0.015998,-15.666301,-52.738201,18.801300,-93.396698,0.129960,17.611099,-0.263421,-0.430829,-0.667752,0.546903,-693.524475,1535.331177,-4658.648438,-693.741394,1454.639648,-4669.050293,-683.701294,1578.630005,-4687.690430,-705.962158,1486.489624,-4616.949707,-690.693176,1621.565308,-4660.903809,,,,,,,,,,,,,2616.284180,1567.723022,-3159.784424,,,,,,,,,,,,,,,,,,,,,,,,,,,,,,,,,
10184,101.840000,0.000000,0.000000,0.000000,1.000000,0.000000,0.000000,0.000000,57.698101,20.499701,-14.700500,0.047771,-0.013570,0.015998,-15.666301,-52.738201,18.801300,-93.396698,0.129960,17.611099,-0.263421,-0.430829,-0.667752,0.546903,-693.524475,1535.331177,-4658.648438,-693.741394,1454.639648,-4669.050293,-683.701294,1578.630005,-4687.690430,-705.962158,1486.489624,-4616.949707,-690.693176,1621.565308,-4660.903809,,,,,,,,,,,,,2616.260010,1567.705933,-3159.777832,,,,,,,,,,,,,,,,,,,,,,,,,,,,,,,,,
10185,101.850000,0.000000,0.000000,0.000000,1.000000,0.000000,0.000000,0.000000,57.698101,20.499701,-14.700500,0.047771,-0.013570,0.015998,-15.666301,-52.738201,18.801300,-93.396698,0.129960,17.611099,-0.263421,-0.430829,-0.667752,0.546903,-693.524475,1535.331177,-4658.648438,-693.741394,1454.639648,-4669.050293,-683.701294,1578.630005,-4687.690430,-705.962158,1486.489624,-4616.949707,-690.693176,1621.565308,-4660.903809,,,,,,,,,,,,,2616.287354,1567.712402,-3159.778076,,,,,,,,,,,,,,,,,,,,,,,,,,,,,,,,,
10186,101.860000,0.000000,0.000000,0.000000,1.000000,0.000000,0.000000,0.000000,57.698101,20.499701,-14.700500,0.047771,-0.013570,0.015998,-15.666301,-52.738201,18.801300,-93.396698,0.129960,17.611099,-0.263421,-0.430829,-0.667752,0.546903,-693.524475,1535.331177,-4658.648438,-693.741394,1454.639648,-4669.050293,-683.701294,1578.630005,-4687.690430,-705.962158,1486.489624,-4616.949707,-690.693176,1621.565308,-4660.903809,,,,,,,,,,,,,2616.321533,1567.723511,-3159.767090,,,,,,,,,,,,,,,,,,,,,,,,,,,,,,,,,
10187,101.870000,0.000000,0.000000,0.000000,1.000000,0.000000,0.000000,0.000000,57.698101,20.499701,-14.700500,0.047771,-0.013570,0.015998,-15.666301,-52.738201,18.801300,-93.396698,0.129960,17.611099,-0.263421,-0.430829,-0.667752,0.546903,-693.524475,1535.331177,-4658.648438,-693.741394,1454.639648,-4669.050293,-683.701294,1578.630005,-4687.690430,-705.962158,1486.489624,-4616.949707,-690.693176,1621.565308,-4660.903809,,,,,,,,,,,,,2616.296143,1567.729736,-3159.774414,,,,,,,,,,,,,,,,,,,,,,,,,,,,,,,,,
10188,101.880000,0.000000,0.000000,0.000000,1.000000,0.000000,0.000000,0.000000,57.698101,20.499701,-14.700500,0.047771,-0.013570,0.015998,-15.666301,-52.738201,18.801300,-93.396698,0.129960,17.611099,-0.263421,-0.430829,-0.667752,0.546903,-693.524475,1535.331177,-4658.648438,-693.741394,1454.639648,-4669.050293,-683.701294,1578.630005,-4687.690430,-705.962158,1486.489624,-4616.949707,-690.693176,1621.565308,-4660.903809,,,,,,,,,,,,,2616.325195,1567.744385,-3159.780518,,,,,,,,,,,,,,,,,,,,,,,,,,,,,,,,,
10189,101.890000,0.000000,0.000000,0.000000,1.000000,0.000000,0.000000,0.000000,57.698101,20.499701,-14.700500,0.047771,-0.013570,0.015998,-15.666301,-52.738201,18.801300,-93.396698,0.129960,17.611099,-0.263421,-0.430829,-0.667752,0.546903,-693.524475,1535.331177,-4658.648438,-693.741394,1454.639648,-4669.050293,-683.701294,1578.630005,-4687.690430,-705.962158,1486.489624,-4616.949707,-690.693176,1621.565308,-4660.903809,,,,,,,,,,,,,2616.310303,1567.708252,-3159.779785,,,,,,,,,,,,,,,,,,,,,,,,,,,,,,,,,
10190,101.900000,0.000000,0.000000,0.000000,1.000000,0.000000,0.000000,0.000000,57.698101,20.499701,-14.700500,0.047771,-0.013570,0.015998,-15.666301,-52.738201,18.801300,-93.396698,0.129960,17.611099,-0.263421,-0.430829,-0.667752,0.546903,-693.524475,1535.331177,-4658.648438,-693.741394,1454.639648,-4669.050293,-683.701294,1578.630005,-4687.690430,-705.962158,1486.489624,-4616.949707,-690.693176,1621.565308,-4660.903809,,,,,,,,,,,,,2616.327148,1567.749146,-3159.777100,,,,,,,,,,,,,,,,,,,,,,,,,,,,,,,,,
10191,101.910000,0.000000,0.000000,0.000000,1.000000,0.000000,0.000000,0.000000,57.698101,20.499701,-14.700500,0.047771,-0.013570,0.015998,-15.666301,-52.738201,18.801300,-93.396698,0.129960,17.611099,-0.263421,-0.430829,-0.667752,0.546903,-693.524475,1535.331177,-4658.648438,-693.741394,1454.639648,-4669.050293,-683.701294,1578.630005,-4687.690430,-705.962158,1486.489624,-4616.949707,-690.693176,1621.565308,-4660.903809,,,,,,,,,,,,,2616.302979,1567.762573,-3159.785400,,,,,,,,,,,,,,,,,,,,,,,,,,,,,,,,,
10192,101.920000,0.000000,0.000000,0.000000,1.000000,0.000000,0.000000,0.000000,57.698101,20.499701,-14.700500,0.047771,-0.013570,0.015998,-15.666301,-52.738201,18.801300,-93.396698,0.129960,17.611099,-0.263421,-0.430829,-0.667752,0.546903,-693.524475,1535.331177,-4658.648438,-693.741394,1454.639648,-4669.050293,-683.701294,1578.630005,-4687.690430,-705.962158,1486.489624,-4616.949707,-690.693176,1621.565308,-4660.903809,,,,,,,,,,,,,2616.275146,1567.751221,-3159.792725,,,,,,,,,,,,,,,,,,,,,,,,,,,,,,,,,
10193,101.930000,0.000000,0.000000,0.000000,1.000000,0.000000,0.000000,0.000000,57.698101,20.499701,-14.700500,0.047771,-0.013570,0.015998,-15.666301,-52.738201,18.801300,-93.396698,0.129960,17.611099,-0.263421,-0.430829,-0.667752,0.546903,-693.524475,1535.331177,-4658.648438,-693.741394,1454.639648,-4669.050293,-683.701294,1578.630005,-4687.690430,-705.962158,1486.489624,-4616.949707,-690.693176,1621.565308,-4660.903809,,,,,,,,,,,,,2616.274658,1567.755981,-3159.789551,,,,,,,,,,,,,,,,,,,,,,,,,,,,,,,,,
10194,101.940000,0.000000,0.000000,0.000000,1.000000,0.000000,0.000000,0.000000,57.698101,20.499701,-14.700500,0.047771,-0.013570,0.015998,-15.666301,-52.738201,18.801300,-93.396698,0.129960,17.611099,-0.263421,-0.430829,-0.667752,0.546903,-693.524475,1535.331177,-4658.648438,-693.741394,1454.639648,-4669.050293,-683.701294,1578.630005,-4687.690430,-705.962158,1486.489624,-4616.949707,-690.693176,1621.565308,-4660.903809,,,,,,,,,,,,,2616.284668,1567.766357,-3159.792236,,,,,,,,,,,,,,,,,,,,,,,,,,,,,,,,,
10195,101.950000,0.000000,0.000000,0.000000,1.000000,0.000000,0.000000,0.000000,57.698101,20.499701,-14.700500,0.047771,-0.013570,0.015998,-15.666301,-52.738201,18.801300,-93.396698,0.129960,17.611099,-0.263421,-0.430829,-0.667752,0.546903,-693.524475,1535.331177,-4658.648438,-693.741394,1454.639648,-4669.050293,-683.701294,1578.630005,-4687.690430,-705.962158,1486.489624,-4616.949707,-690.693176,1621.565308,-4660.903809,,,,,,,,,,,,,2616.267334,1567.762085,-3159.790039,,,,,,,,,,,,,,,,,,,,,,,,,,,,,,,,,
10196,101.960000,0.000000,0.000000,0.000000,1.000000,0.000000,0.000000,0.000000,57.698101,20.499701,-14.700500,0.047771,-0.013570,0.015998,-15.666301,-52.738201,18.801300,-93.396698,0.129960,17.611099,-0.263421,-0.430829,-0.667752,0.546903,-693.524475,1535.331177,-4658.648438,-693.741394,1454.639648,-4669.050293,-683.701294,1578.630005,-4687.690430,-705.962158,1486.489624,-4616.949707,-690.693176,1621.565308,-4660.903809,,,,,,,,,,,,,2616.293457,1567.741821,-3159.784912,,,,,,,,,,,,,,,,,,,,,,,,,,,,,,,,,
10197,101.970000,0.000000,0.000000,0.000000,1.000000,0.000000,0.000000,0.000000,57.698101,20.499701,-14.700500,0.047771,-0.013570,0.015998,-15.666301,-52.738201,18.801300,-93.396698,0.129960,17.611099,-0.263421,-0.430829,-0.667752,0.546903,-693.524475,1535.331177,-4658.648438,-693.741394,1454.639648,-4669.050293,-683.701294,1578.630005,-4687.690430,-705.962158,1486.489624,-4616.949707,-690.693176,1621.565308,-4660.903809,,,,,,,,,,,,,2616.309570,1567.763672,-3159.774658,,,,,,,,,,,,,,,,,,,,,,,,,,,,,,,,,
10198,101.980000,0.000000,0.000000,0.000000,1.000000,0.000000,0.000000,0.000000,57.698101,20.499701,-14.700500,0.047771,-0.013570,0.015998,-15.666301,-52.738201,18.801300,-93.396698,0.129960,17.611099,-0.263421,-0.430829,-0.667752,0.546903,-693.524475,1535.331177,-4658.648438,-693.741394,1454.639648,-4669.050293,-683.701294,1578.630005,-4687.690430,-705.962158,1486.489624,-4616.949707,-690.693176,1621.565308,-4660.903809,,,,,,,,,,,,,2616.289795,1567.795166,-3159.788818,,,,,,,,,,,,,,,,,,,,,,,,,,,,,,,,,
10199,101.990000,0.000000,0.000000,0.000000,1.000000,0.000000,0.000000,0.000000,57.698101,20.499701,-14.700500,0.047771,-0.013570,0.015998,-15.666301,-52.738201,18.801300,-93.396698,0.129960,17.611099,-0.263421,-0.430829,-0.667752,0.546903,-693.524475,1535.331177,-4658.648438,-693.741394,1454.639648,-4669.050293,-683.701294,1578.630005,-4687.690430,-705.962158,1486.489624,-4616.949707,-690.693176,1621.565308,-4660.903809,,,,,,,,,,,,,2616.287598,1567.781860,-3159.796143,,,,,,,,,,,,,,,,,,,,,,,,,,,,,,,,,
10200,102.000000,0.000000,0.000000,0.000000,1.000000,0.000000,0.000000,0.000000,57.698101,20.499701,-14.700500,0.047771,-0.013570,0.015998,-15.666301,-52.738201,18.801300,-93.396698,0.129960,17.611099,-0.263421,-0.430829,-0.667752,0.546903,-693.524475,1535.331177,-4658.648438,-693.741394,1454.639648,-4669.050293,-683.701294,1578.630005,-4687.690430,-705.962158,1486.489624,-4616.949707,-690.693176,1621.565308,-4660.903809,,,,,,,,,,,,,2616.284668,1567.751709,-3159.784668,,,,,,,,,,,,,,,,,,,,,,,,,,,,,,,,,
10201,102.010000,0.000000,0.000000,0.000000,1.000000,0.000000,0.000000,0.000000,57.698101,20.499701,-14.700500,0.047771,-0.013570,0.015998,-15.666301,-52.738201,18.801300,-93.396698,0.129960,17.611099,-0.263421,-0.430829,-0.667752,0.546903,-693.524475,1535.331177,-4658.648438,-693.741394,1454.639648,-4669.050293,-683.701294,1578.630005,-4687.690430,-705.962158,1486.489624,-4616.949707,-690.693176,1621.565308,-4660.903809,,,,,,,,,,,,,2616.298340,1567.748901,-3159.788818,,,,,,,,,,,,,,,,,,,,,,,,,,,,,,,,,
10202,102.020000,0.000000,0.000000,0.000000,1.000000,0.000000,0.000000,0.000000,57.698101,20.499701,-14.700500,0.047771,-0.013570,0.015998,-15.666301,-52.738201,18.801300,-93.396698,0.129960,17.611099,-0.263421,-0.430829,-0.667752,0.546903,-693.524475,1535.331177,-4658.648438,-693.741394,1454.639648,-4669.050293,-683.701294,1578.630005,-4687.690430,-705.962158,1486.489624,-4616.949707,-690.693176,1621.565308,-4660.903809,,,,,,,,,,,,,2616.292236,1567.753418,-3159.774658,,,,,,,,,,,,,,,,,,,,,,,,,,,,,,,,,
10203,102.030000,0.000000,0.000000,0.000000,1.000000,0.000000,0.000000,0.000000,57.698101,20.499701,-14.700500,0.047771,-0.013570,0.015998,-15.666301,-52.738201,18.801300,-93.396698,0.129960,17.611099,-0.263421,-0.430829,-0.667752,0.546903,-693.524475,1535.331177,-4658.648438,-693.741394,1454.639648,-4669.050293,-683.701294,1578.630005,-4687.690430,-705.962158,1486.489624,-4616.949707,-690.693176,1621.565308,-4660.903809,,,,,,,,,,,,,2616.279785,1567.753662,-3159.786865,,,,,,,,,,,,,,,,,,,,,,,,,,,,,,,,,
10204,102.040000,0.000000,0.000000,0.000000,1.000000,0.000000,0.000000,0.000000,57.698101,20.499701,-14.700500,0.047771,-0.013570,0.015998,-15.666301,-52.738201,18.801300,-93.396698,0.129960,17.611099,-0.263421,-0.430829,-0.667752,0.546903,-693.524475,1535.331177,-4658.648438,-693.741394,1454.639648,-4669.050293,-683.701294,1578.630005,-4687.690430,-705.962158,1486.489624,-4616.949707,-690.693176,1621.565308,-4660.903809,,,,,,,,,,,,,2616.293457,1567.753052,-3159.783203,,,,,,,,,,,,,,,,,,,,,,,,,,,,,,,,,
10205,102.050000,0.000000,0.000000,0.000000,1.000000,0.000000,0.000000,0.000000,57.698101,20.499701,-14.700500,0.047771,-0.013570,0.015998,-15.666301,-52.738201,18.801300,-93.396698,0.129960,17.611099,-0.263421,-0.430829,-0.667752,0.546903,-693.524475,1535.331177,-4658.648438,-693.741394,1454.639648,-4669.050293,-683.701294,1578.630005,-4687.690430,-705.962158,1486.489624,-4616.949707,-690.693176,1621.565308,-4660.903809,,,,,,,,,,,,,2616.289551,1567.765869,-3159.770508,,,,,,,,,,,,,,,,,,,,,,,,,,,,,,,,,
10206,102.060000,0.000000,0.000000,0.000000,1.000000,0.000000,0.000000,0.000000,57.698101,20.499701,-14.700500,0.047771,-0.013570,0.015998,-15.666301,-52.738201,18.801300,-93.396698,0.129960,17.611099,-0.263421,-0.430829,-0.667752,0.546903,-693.524475,1535.331177,-4658.648438,-693.741394,1454.639648,-4669.050293,-683.701294,1578.630005,-4687.690430,-705.962158,1486.489624,-4616.949707,-690.693176,1621.565308,-4660.903809,,,,,,,,,,,,,2616.321533,1567.766479,-3159.773926,,,,,,,,,,,,,,,,,,,,,,,,,,,,,,,,,
10207,102.070000,0.000000,0.000000,0.000000,1.000000,0.000000,0.000000,0.000000,57.698101,20.499701,-14.700500,0.047771,-0.013570,0.015998,-15.666301,-52.738201,18.801300,-93.396698,0.129960,17.611099,-0.263421,-0.430829,-0.667752,0.546903,-693.524475,1535.331177,-4658.648438,-693.741394,1454.639648,-4669.050293,-683.701294,1578.630005,-4687.690430,-705.962158,1486.489624,-4616.949707,-690.693176,1621.565308,-4660.903809,,,,,,,,,,,,,2616.303711,1567.777466,-3159.791504,,,,,,,,,,,,,,,,,,,,,,,,,,,,,,,,,
10208,102.080000,0.000000,0.000000,0.000000,1.000000,0.000000,0.000000,0.000000,57.698101,20.499701,-14.700500,0.047771,-0.013570,0.015998,-15.666301,-52.738201,18.801300,-93.396698,0.129960,17.611099,-0.263421,-0.430829,-0.667752,0.546903,-693.524475,1535.331177,-4658.648438,-693.741394,1454.639648,-4669.050293,-683.701294,1578.630005,-4687.690430,-705.962158,1486.489624,-4616.949707,-690.693176,1621.565308,-4660.903809,,,,,,,,,,,,,2616.288574,1567.779907,-3159.790039,,,,,,,,,,,,,,,,,,,,,,,,,,,,,,,,,
10209,102.090000,0.000000,0.000000,0.000000,1.000000,0.000000,0.000000,0.000000,57.698101,20.499701,-14.700500,0.047771,-0.013570,0.015998,-15.666301,-52.738201,18.801300,-93.396698,0.129960,17.611099,-0.263421,-0.430829,-0.667752,0.546903,-693.524475,1535.331177,-4658.648438,-693.741394,1454.639648,-4669.050293,-683.701294,1578.630005,-4687.690430,-705.962158,1486.489624,-4616.949707,-690.693176,1621.565308,-4660.903809,,,,,,,,,,,,,2616.270752,1567.768799,-3159.796875,,,,,,,,,,,,,,,,,,,,,,,,,,,,,,,,,
10210,102.100000,0.000000,0.000000,0.000000,1.000000,0.000000,0.000000,0.000000,57.698101,20.499701,-14.700500,0.047771,-0.013570,0.015998,-15.666301,-52.738201,18.801300,-93.396698,0.129960,17.611099,-0.263421,-0.430829,-0.667752,0.546903,-693.524475,1535.331177,-4658.648438,-693.741394,1454.639648,-4669.050293,-683.701294,1578.630005,-4687.690430,-705.962158,1486.489624,-4616.949707,-690.693176,1621.565308,-4660.903809,,,,,,,,,,,,,2616.277832,1567.779175,-3159.789795,,,,,,,,,,,,,,,,,,,,,,,,,,,,,,,,,
10211,102.110000,0.000000,0.000000,0.000000,1.000000,0.000000,0.000000,0.000000,57.698101,20.499701,-14.700500,0.047771,-0.013570,0.015998,-15.666301,-52.738201,18.801300,-93.396698,0.129960,17.611099,-0.263421,-0.430829,-0.667752,0.546903,-693.524475,1535.331177,-4658.648438,-693.741394,1454.639648,-4669.050293,-683.701294,1578.630005,-4687.690430,-705.962158,1486.489624,-4616.949707,-690.693176,1621.565308,-4660.903809,,,,,,,,,,,,,2616.289307,1567.757202,-3159.779785,,,,,,,,,,,,,,,,,,,,,,,,,,,,,,,,,
10212,102.120000,0.000000,0.000000,0.000000,1.000000,0.000000,0.000000,0.000000,57.698101,20.499701,-14.700500,0.047771,-0.013570,0.015998,-15.666301,-52.738201,18.801300,-93.396698,0.129960,17.611099,-0.263421,-0.430829,-0.667752,0.546903,-693.524475,1535.331177,-4658.648438,-693.741394,1454.639648,-4669.050293,-683.701294,1578.630005,-4687.690430,-705.962158,1486.489624,-4616.949707,-690.693176,1621.565308,-4660.903809,,,,,,,,,,,,,2616.281494,1567.787476,-3159.790771,,,,,,,,,,,,,,,,,,,,,,,,,,,,,,,,,
10213,102.130000,0.000000,0.000000,0.000000,1.000000,0.000000,0.000000,0.000000,57.698101,20.499701,-14.700500,0.047771,-0.013570,0.015998,-15.666301,-52.738201,18.801300,-93.396698,0.129960,17.611099,-0.263421,-0.430829,-0.667752,0.546903,-693.524475,1535.331177,-4658.648438,-693.741394,1454.639648,-4669.050293,-683.701294,1578.630005,-4687.690430,-705.962158,1486.489624,-4616.949707,-690.693176,1621.565308,-4660.903809,,,,,,,,,,,,,2616.314697,1567.750122,-3159.782959,,,,,,,,,,,,,,,,,,,,,,,,,,,,,,,,,
10214,102.140000,0.000000,0.000000,0.000000,1.000000,0.000000,0.000000,0.000000,57.698101,20.499701,-14.700500,0.047771,-0.013570,0.015998,-15.666301,-52.738201,18.801300,-93.396698,0.129960,17.611099,-0.263421,-0.430829,-0.667752,0.546903,-693.524475,1535.331177,-4658.648438,-693.741394,1454.639648,-4669.050293,-683.701294,1578.630005,-4687.690430,-705.962158,1486.489624,-4616.949707,-690.693176,1621.565308,-4660.903809,,,,,,,,,,,,,2616.315430,1567.697510,-3159.771729,,,,,,,,,,,,,,,,,,,,,,,,,,,,,,,,,
10215,102.150000,0.000000,0.000000,0.000000,1.000000,0.000000,0.000000,0.000000,57.698101,20.499701,-14.700500,0.047771,-0.013570,0.015998,-15.666301,-52.738201,18.801300,-93.396698,0.129960,17.611099,-0.263421,-0.430829,-0.667752,0.546903,-693.524475,1535.331177,-4658.648438,-693.741394,1454.639648,-4669.050293,-683.701294,1578.630005,-4687.690430,-705.962158,1486.489624,-4616.949707,-690.693176,1621.565308,-4660.903809,,,,,,,,,,,,,2616.290039,1567.721680,-3159.771729,,,,,,,,,,,,,,,,,,,,,,,,,,,,,,,,,
10216,102.160000,0.000000,0.000000,0.000000,1.000000,0.000000,0.000000,0.000000,57.698101,20.499701,-14.700500,0.047771,-0.013570,0.015998,-15.666301,-52.738201,18.801300,-93.396698,0.129960,17.611099,-0.263421,-0.430829,-0.667752,0.546903,-693.524475,1535.331177,-4658.648438,-693.741394,1454.639648,-4669.050293,-683.701294,1578.630005,-4687.690430,-705.962158,1486.489624,-4616.949707,-690.693176,1621.565308,-4660.903809,,,,,,,,,,,,,2616.296631,1567.712158,-3159.764893,,,,,,,,,,,,,,,,,,,,,,,,,,,,,,,,,
10217,102.170000,0.000000,0.000000,0.000000,1.000000,0.000000,0.000000,0.000000,57.698101,20.499701,-14.700500,0.047771,-0.013570,0.015998,-15.666301,-52.738201,18.801300,-93.396698,0.129960,17.611099,-0.263421,-0.430829,-0.667752,0.546903,-693.524475,1535.331177,-4658.648438,-693.741394,1454.639648,-4669.050293,-683.701294,1578.630005,-4687.690430,-705.962158,1486.489624,-4616.949707,-690.693176,1621.565308,-4660.903809,,,,,,,,,,,,,2616.330811,1567.759033,-3159.766602,,,,,,,,,,,,,,,,,,,,,,,,,,,,,,,,,
10218,102.180000,0.000000,0.000000,0.000000,1.000000,0.000000,0.000000,0.000000,57.698101,20.499701,-14.700500,0.047771,-0.013570,0.015998,-15.666301,-52.738201,18.801300,-93.396698,0.129960,17.611099,-0.263421,-0.430829,-0.667752,0.546903,-693.524475,1535.331177,-4658.648438,-693.741394,1454.639648,-4669.050293,-683.701294,1578.630005,-4687.690430,-705.962158,1486.489624,-4616.949707,-690.693176,1621.565308,-4660.903809,,,,,,,,,,,,,2616.292236,1567.725098,-3159.776855,,,,,,,,,,,,,,,,,,,,,,,,,,,,,,,,,
10219,102.190000,0.000000,0.000000,0.000000,1.000000,0.000000,0.000000,0.000000,57.698101,20.499701,-14.700500,0.047771,-0.013570,0.015998,-15.666301,-52.738201,18.801300,-93.396698,0.129960,17.611099,-0.263421,-0.430829,-0.667752,0.546903,-693.524475,1535.331177,-4658.648438,-693.741394,1454.639648,-4669.050293,-683.701294,1578.630005,-4687.690430,-705.962158,1486.489624,-4616.949707,-690.693176,1621.565308,-4660.903809,,,,,,,,,,,,,2616.308838,1567.728760,-3159.789795,,,,,,,,,,,,,,,,,,,,,,,,,,,,,,,,,
10220,102.200000,0.000000,0.000000,0.000000,1.000000,0.000000,0.000000,0.000000,57.698101,20.499701,-14.700500,0.047771,-0.013570,0.015998,-15.666301,-52.738201,18.801300,-93.396698,0.129960,17.611099,-0.263421,-0.430829,-0.667752,0.546903,-693.524475,1535.331177,-4658.648438,-693.741394,1454.639648,-4669.050293,-683.701294,1578.630005,-4687.690430,-705.962158,1486.489624,-4616.949707,-690.693176,1621.565308,-4660.903809,,,,,,,,,,,,,2616.314453,1567.749023,-3159.775879,,,,,,,,,,,,,,,,,,,,,,,,,,,,,,,,,
10221,102.210000,0.000000,0.000000,0.000000,1.000000,0.000000,0.000000,0.000000,57.698101,20.499701,-14.700500,0.047771,-0.013570,0.015998,-15.666301,-52.738201,18.801300,-93.396698,0.129960,17.611099,-0.263421,-0.430829,-0.667752,0.546903,-693.524475,1535.331177,-4658.648438,-693.741394,1454.639648,-4669.050293,-683.701294,1578.630005,-4687.690430,-705.962158,1486.489624,-4616.949707,-690.693176,1621.565308,-4660.903809,,,,,,,,,,,,,2616.298828,1567.739624,-3159.785645,,,,,,,,,,,,,,,,,,,,,,,,,,,,,,,,,
10222,102.220000,0.000000,0.000000,0.000000,1.000000,0.000000,0.000000,0.000000,57.698101,20.499701,-14.700500,0.047771,-0.013570,0.015998,-15.666301,-52.738201,18.801300,-93.396698,0.129960,17.611099,-0.263421,-0.430829,-0.667752,0.546903,-693.524475,1535.331177,-4658.648438,-693.741394,1454.639648,-4669.050293,-683.701294,1578.630005,-4687.690430,-705.962158,1486.489624,-4616.949707,-690.693176,1621.565308,-4660.903809,,,,,,,,,,,,,2616.293701,1567.720215,-3159.777100,,,,,,,,,,,,,,,,,,,,,,,,,,,,,,,,,
10223,102.230000,0.000000,0.000000,0.000000,1.000000,0.000000,0.000000,0.000000,57.698101,20.499701,-14.700500,0.047771,-0.013570,0.015998,-15.666301,-52.738201,18.801300,-93.396698,0.129960,17.611099,-0.263421,-0.430829,-0.667752,0.546903,-693.524475,1535.331177,-4658.648438,-693.741394,1454.639648,-4669.050293,-683.701294,1578.630005,-4687.690430,-705.962158,1486.489624,-4616.949707,-690.693176,1621.565308,-4660.903809,,,,,,,,,,,,,2616.294189,1567.745850,-3159.780029,,,,,,,,,,,,,,,,,,,,,,,,,,,,,,,,,
10224,102.240000,0.000000,0.000000,0.000000,1.000000,0.000000,0.000000,0.000000,57.698101,20.499701,-14.700500,0.047771,-0.013570,0.015998,-15.666301,-52.738201,18.801300,-93.396698,0.129960,17.611099,-0.263421,-0.430829,-0.667752,0.546903,-693.524475,1535.331177,-4658.648438,-693.741394,1454.639648,-4669.050293,-683.701294,1578.630005,-4687.690430,-705.962158,1486.489624,-4616.949707,-690.693176,1621.565308,-4660.903809,,,,,,,,,,,,,2616.268311,1567.752197,-3159.793457,,,,,,,,,,,,,,,,,,,,,,,,,,,,,,,,,
10225,102.250000,0.000000,0.000000,0.000000,1.000000,0.000000,0.000000,0.000000,57.698101,20.499701,-14.700500,0.047771,-0.013570,0.015998,-15.666301,-52.738201,18.801300,-93.396698,0.129960,17.611099,-0.263421,-0.430829,-0.667752,0.546903,-693.524475,1535.331177,-4658.648438,-693.741394,1454.639648,-4669.050293,-683.701294,1578.630005,-4687.690430,-705.962158,1486.489624,-4616.949707,-690.693176,1621.565308,-4660.903809,,,,,,,,,,,,,2616.284668,1567.744263,-3159.795410,,,,,,,,,,,,,,,,,,,,,,,,,,,,,,,,,
10226,102.260000,0.000000,0.000000,0.000000,1.000000,0.000000,0.000000,0.000000,57.698101,20.499701,-14.700500,0.047771,-0.013570,0.015998,-15.666301,-52.738201,18.801300,-93.396698,0.129960,17.611099,-0.263421,-0.430829,-0.667752,0.546903,-693.524475,1535.331177,-4658.648438,-693.741394,1454.639648,-4669.050293,-683.701294,1578.630005,-4687.690430,-705.962158,1486.489624,-4616.949707,-690.693176,1621.565308,-4660.903809,,,,,,,,,,,,,2616.298340,1567.705566,-3159.771240,,,,,,,,,,,,,,,,,,,,,,,,,,,,,,,,,
10227,102.270000,0.000000,0.000000,0.000000,1.000000,0.000000,0.000000,0.000000,57.698101,20.499701,-14.700500,0.047771,-0.013570,0.015998,-15.666301,-52.738201,18.801300,-93.396698,0.129960,17.611099,-0.263421,-0.430829,-0.667752,0.546903,-693.524475,1535.331177,-4658.648438,-693.741394,1454.639648,-4669.050293,-683.701294,1578.630005,-4687.690430,-705.962158,1486.489624,-4616.949707,-690.693176,1621.565308,-4660.903809,,,,,,,,,,,,,2616.275879,1567.704468,-3159.765869,,,,,,,,,,,,,,,,,,,,,,,,,,,,,,,,,
10228,102.280000,0.000000,0.000000,0.000000,1.000000,0.000000,0.000000,0.000000,57.698101,20.499701,-14.700500,0.047771,-0.013570,0.015998,-15.666301,-52.738201,18.801300,-93.396698,0.129960,17.611099,-0.263421,-0.430829,-0.667752,0.546903,-693.524475,1535.331177,-4658.648438,-693.741394,1454.639648,-4669.050293,-683.701294,1578.630005,-4687.690430,-705.962158,1486.489624,-4616.949707,-690.693176,1621.565308,-4660.903809,,,,,,,,,,,,,2616.326416,1567.738403,-3159.775146,,,,,,,,,,,,,,,,,,,,,,,,,,,,,,,,,
10229,102.290000,0.000000,0.000000,0.000000,1.000000,0.000000,0.000000,0.000000,57.698101,20.499701,-14.700500,0.047771,-0.013570,0.015998,-15.666301,-52.738201,18.801300,-93.396698,0.129960,17.611099,-0.263421,-0.430829,-0.667752,0.546903,-693.524475,1535.331177,-4658.648438,-693.741394,1454.639648,-4669.050293,-683.701294,1578.630005,-4687.690430,-705.962158,1486.489624,-4616.949707,-690.693176,1621.565308,-4660.903809,,,,,,,,,,,,,2616.317139,1567.729370,-3159.772461,,,,,,,,,,,,,,,,,,,,,,,,,,,,,,,,,
10230,102.300000,0.000000,0.000000,0.000000,1.000000,0.000000,0.000000,0.000000,57.698101,20.499701,-14.700500,0.047771,-0.013570,0.015998,-15.666301,-52.738201,18.801300,-93.396698,0.129960,17.611099,-0.263421,-0.430829,-0.667752,0.546903,-693.524475,1535.331177,-4658.648438,-693.741394,1454.639648,-4669.050293,-683.701294,1578.630005,-4687.690430,-705.962158,1486.489624,-4616.949707,-690.693176,1621.565308,-4660.903809,,,,,,,,,,,,,2616.278564,1567.770386,-3159.775146,,,,,,,,,,,,,,,,,,,,,,,,,,,,,,,,,
10231,102.310000,0.000000,0.000000,0.000000,1.000000,0.000000,0.000000,0.000000,57.698101,20.499701,-14.700500,0.047771,-0.013570,0.015998,-15.666301,-52.738201,18.801300,-93.396698,0.129960,17.611099,-0.263421,-0.430829,-0.667752,0.546903,-693.524475,1535.331177,-4658.648438,-693.741394,1454.639648,-4669.050293,-683.701294,1578.630005,-4687.690430,-705.962158,1486.489624,-4616.949707,-690.693176,1621.565308,-4660.903809,,,,,,,,,,,,,2616.287842,1567.789795,-3159.800293,,,,,,,,,,,,,,,,,,,,,,,,,,,,,,,,,
10232,102.320000,0.000000,0.000000,0.000000,1.000000,0.000000,0.000000,0.000000,57.698101,20.499701,-14.700500,0.047771,-0.013570,0.015998,-15.666301,-52.738201,18.801300,-93.396698,0.129960,17.611099,-0.263421,-0.430829,-0.667752,0.546903,-693.524475,1535.331177,-4658.648438,-693.741394,1454.639648,-4669.050293,-683.701294,1578.630005,-4687.690430,-705.962158,1486.489624,-4616.949707,-690.693176,1621.565308,-4660.903809,,,,,,,,,,,,,2616.281738,1567.738281,-3159.789307,,,,,,,,,,,,,,,,,,,,,,,,,,,,,,,,,
10233,102.330000,0.000000,0.000000,0.000000,1.000000,0.000000,0.000000,0.000000,57.698101,20.499701,-14.700500,0.047771,-0.013570,0.015998,-15.666301,-52.738201,18.801300,-93.396698,0.129960,17.611099,-0.263421,-0.430829,-0.667752,0.546903,-693.524475,1535.331177,-4658.648438,-693.741394,1454.639648,-4669.050293,-683.701294,1578.630005,-4687.690430,-705.962158,1486.489624,-4616.949707,-690.693176,1621.565308,-4660.903809,,,,,,,,,,,,,2616.272217,1567.726440,-3159.783936,,,,,,,,,,,,,,,,,,,,,,,,,,,,,,,,,
10234,102.340000,0.000000,0.000000,0.000000,1.000000,0.000000,0.000000,0.000000,57.698101,20.499701,-14.700500,0.047771,-0.013570,0.015998,-15.666301,-52.738201,18.801300,-93.396698,0.129960,17.611099,-0.263421,-0.430829,-0.667752,0.546903,-693.524475,1535.331177,-4658.648438,-693.741394,1454.639648,-4669.050293,-683.701294,1578.630005,-4687.690430,-705.962158,1486.489624,-4616.949707,-690.693176,1621.565308,-4660.903809,,,,,,,,,,,,,2616.317871,1567.749756,-3159.773926,,,,,,,,,,,,,,,,,,,,,,,,,,,,,,,,,
10235,102.350000,0.000000,0.000000,0.000000,1.000000,0.000000,0.000000,0.000000,57.698101,20.499701,-14.700500,0.047771,-0.013570,0.015998,-15.666301,-52.738201,18.801300,-93.396698,0.129960,17.611099,-0.263421,-0.430829,-0.667752,0.546903,-693.524475,1535.331177,-4658.648438,-693.741394,1454.639648,-4669.050293,-683.701294,1578.630005,-4687.690430,-705.962158,1486.489624,-4616.949707,-690.693176,1621.565308,-4660.903809,,,,,,,,,,,,,2616.295898,1567.759033,-3159.780273,,,,,,,,,,,,,,,,,,,,,,,,,,,,,,,,,
10236,102.360000,0.000000,0.000000,0.000000,1.000000,0.000000,0.000000,0.000000,57.698101,20.499701,-14.700500,0.047771,-0.013570,0.015998,-15.666301,-52.738201,18.801300,-93.396698,0.129960,17.611099,-0.263421,-0.430829,-0.667752,0.546903,-693.524475,1535.331177,-4658.648438,-693.741394,1454.639648,-4669.050293,-683.701294,1578.630005,-4687.690430,-705.962158,1486.489624,-4616.949707,-690.693176,1621.565308,-4660.903809,,,,,,,,,,,,,2616.279541,1567.743042,-3159.783203,,,,,,,,,,,,,,,,,,,,,,,,,,,,,,,,,
10237,102.370000,0.000000,0.000000,0.000000,1.000000,0.000000,0.000000,0.000000,57.698101,20.499701,-14.700500,0.047771,-0.013570,0.015998,-15.666301,-52.738201,18.801300,-93.396698,0.129960,17.611099,-0.263421,-0.430829,-0.667752,0.546903,-693.524475,1535.331177,-4658.648438,-693.741394,1454.639648,-4669.050293,-683.701294,1578.630005,-4687.690430,-705.962158,1486.489624,-4616.949707,-690.693176,1621.565308,-4660.903809,,,,,,,,,,,,,2616.300049,1567.772217,-3159.791260,,,,,,,,,,,,,,,,,,,,,,,,,,,,,,,,,
10238,102.380000,0.000000,0.000000,0.000000,1.000000,0.000000,0.000000,0.000000,57.698101,20.499701,-14.700500,0.047771,-0.013570,0.015998,-15.666301,-52.738201,18.801300,-93.396698,0.129960,17.611099,-0.263421,-0.430829,-0.667752,0.546903,-693.524475,1535.331177,-4658.648438,-693.741394,1454.639648,-4669.050293,-683.701294,1578.630005,-4687.690430,-705.962158,1486.489624,-4616.949707,-690.693176,1621.565308,-4660.903809,,,,,,,,,,,,,2616.267822,1567.721558,-3159.778320,,,,,,,,,,,,,,,,,,,,,,,,,,,,,,,,,
10239,102.390000,0.000000,0.000000,0.000000,1.000000,0.000000,0.000000,0.000000,57.698101,20.499701,-14.700500,0.047771,-0.013570,0.015998,-15.666301,-52.738201,18.801300,-93.396698,0.129960,17.611099,-0.263421,-0.430829,-0.667752,0.546903,-693.524475,1535.331177,-4658.648438,-693.741394,1454.639648,-4669.050293,-683.701294,1578.630005,-4687.690430,-705.962158,1486.489624,-4616.949707,-690.693176,1621.565308,-4660.903809,,,,,,,,,,,,,2616.290771,1567.752930,-3159.783447,,,,,,,,,,,,,,,,,,,,,,,,,,,,,,,,,
10240,102.400000,0.000000,0.000000,0.000000,1.000000,0.000000,0.000000,0.000000,57.698101,20.499701,-14.700500,0.047771,-0.013570,0.015998,-15.666301,-52.738201,18.801300,-93.396698,0.129960,17.611099,-0.263421,-0.430829,-0.667752,0.546903,-693.524475,1535.331177,-4658.648438,-693.741394,1454.639648,-4669.050293,-683.701294,1578.630005,-4687.690430,-705.962158,1486.489624,-4616.949707,-690.693176,1621.565308,-4660.903809,,,,,,,,,,,,,2616.281006,1567.766357,-3159.789307,,,,,,,,,,,,,,,,,,,,,,,,,,,,,,,,,
10241,102.410000,0.000000,0.000000,0.000000,1.000000,0.000000,0.000000,0.000000,57.698101,20.499701,-14.700500,0.047771,-0.013570,0.015998,-15.666301,-52.738201,18.801300,-93.396698,0.129960,17.611099,-0.263421,-0.430829,-0.667752,0.546903,-693.524475,1535.331177,-4658.648438,-693.741394,1454.639648,-4669.050293,-683.701294,1578.630005,-4687.690430,-705.962158,1486.489624,-4616.949707,-690.693176,1621.565308,-4660.903809,,,,,,,,,,,,,2616.262939,1567.739014,-3159.792480,,,,,,,,,,,,,,,,,,,,,,,,,,,,,,,,,
10242,102.420000,0.000000,0.000000,0.000000,1.000000,0.000000,0.000000,0.000000,57.698101,20.499701,-14.700500,0.047771,-0.013570,0.015998,-15.666301,-52.738201,18.801300,-93.396698,0.129960,17.611099,-0.263421,-0.430829,-0.667752,0.546903,-693.524475,1535.331177,-4658.648438,-693.741394,1454.639648,-4669.050293,-683.701294,1578.630005,-4687.690430,-705.962158,1486.489624,-4616.949707,-690.693176,1621.565308,-4660.903809,,,,,,,,,,,,,2616.276855,1567.739380,-3159.781250,,,,,,,,,,,,,,,,,,,,,,,,,,,,,,,,,
10243,102.430000,0.000000,0.000000,0.000000,1.000000,0.000000,0.000000,0.000000,57.698101,20.499701,-14.700500,0.047771,-0.013570,0.015998,-15.666301,-52.738201,18.801300,-93.396698,0.129960,17.611099,-0.263421,-0.430829,-0.667752,0.546903,-693.524475,1535.331177,-4658.648438,-693.741394,1454.639648,-4669.050293,-683.701294,1578.630005,-4687.690430,-705.962158,1486.489624,-4616.949707,-690.693176,1621.565308,-4660.903809,,,,,,,,,,,,,2616.284180,1567.715576,-3159.773438,,,,,,,,,,,,,,,,,,,,,,,,,,,,,,,,,
10244,102.440000,0.000000,0.000000,0.000000,1.000000,0.000000,0.000000,0.000000,57.698101,20.499701,-14.700500,0.047771,-0.013570,0.015998,-15.666301,-52.738201,18.801300,-93.396698,0.129960,17.611099,-0.263421,-0.430829,-0.667752,0.546903,-693.524475,1535.331177,-4658.648438,-693.741394,1454.639648,-4669.050293,-683.701294,1578.630005,-4687.690430,-705.962158,1486.489624,-4616.949707,-690.693176,1621.565308,-4660.903809,,,,,,,,,,,,,2616.314697,1567.755493,-3159.763184,,,,,,,,,,,,,,,,,,,,,,,,,,,,,,,,,
10245,102.450000,0.000000,0.000000,0.000000,1.000000,0.000000,0.000000,0.000000,57.698101,20.499701,-14.700500,0.047771,-0.013570,0.015998,-15.666301,-52.738201,18.801300,-93.396698,0.129960,17.611099,-0.263421,-0.430829,-0.667752,0.546903,-693.524475,1535.331177,-4658.648438,-693.741394,1454.639648,-4669.050293,-683.701294,1578.630005,-4687.690430,-705.962158,1486.489624,-4616.949707,-690.693176,1621.565308,-4660.903809,,,,,,,,,,,,,2616.292480,1567.746704,-3159.786621,,,,,,,,,,,,,,,,,,,,,,,,,,,,,,,,,
10246,102.460000,0.000000,0.000000,0.000000,1.000000,0.000000,0.000000,0.000000,57.698101,20.499701,-14.700500,0.047771,-0.013570,0.015998,-15.666301,-52.738201,18.801300,-93.396698,0.129960,17.611099,-0.263421,-0.430829,-0.667752,0.546903,-693.524475,1535.331177,-4658.648438,-693.741394,1454.639648,-4669.050293,-683.701294,1578.630005,-4687.690430,-705.962158,1486.489624,-4616.949707,-690.693176,1621.565308,-4660.903809,,,,,,,,,,,,,2616.283936,1567.736450,-3159.779053,,,,,,,,,,,,,,,,,,,,,,,,,,,,,,,,,
10247,102.470000,0.000000,0.000000,0.000000,1.000000,0.000000,0.000000,0.000000,57.698101,20.499701,-14.700500,0.047771,-0.013570,0.015998,-15.666301,-52.738201,18.801300,-93.396698,0.129960,17.611099,-0.263421,-0.430829,-0.667752,0.546903,-693.524475,1535.331177,-4658.648438,-693.741394,1454.639648,-4669.050293,-683.701294,1578.630005,-4687.690430,-705.962158,1486.489624,-4616.949707,-690.693176,1621.565308,-4660.903809,,,,,,,,,,,,,2616.322998,1567.756592,-3159.778564,,,,,,,,,,,,,,,,,,,,,,,,,,,,,,,,,
10248,102.480000,0.000000,0.000000,0.000000,1.000000,0.000000,0.000000,0.000000,57.698101,20.499701,-14.700500,0.047771,-0.013570,0.015998,-15.666301,-52.738201,18.801300,-93.396698,0.129960,17.611099,-0.263421,-0.430829,-0.667752,0.546903,-693.524475,1535.331177,-4658.648438,-693.741394,1454.639648,-4669.050293,-683.701294,1578.630005,-4687.690430,-705.962158,1486.489624,-4616.949707,-690.693176,1621.565308,-4660.903809,,,,,,,,,,,,,2616.302734,1567.746216,-3159.782227,,,,,,,,,,,,,,,,,,,,,,,,,,,,,,,,,
10249,102.490000,0.000000,0.000000,0.000000,1.000000,0.000000,0.000000,0.000000,57.698101,20.499701,-14.700500,0.047771,-0.013570,0.015998,-15.666301,-52.738201,18.801300,-93.396698,0.129960,17.611099,-0.263421,-0.430829,-0.667752,0.546903,-693.524475,1535.331177,-4658.648438,-693.741394,1454.639648,-4669.050293,-683.701294,1578.630005,-4687.690430,-705.962158,1486.489624,-4616.949707,-690.693176,1621.565308,-4660.903809,,,,,,,,,,,,,2616.304688,1567.763916,-3159.788330,,,,,,,,,,,,,,,,,,,,,,,,,,,,,,,,,
10250,102.500000,0.000000,0.000000,0.000000,1.000000,0.000000,0.000000,0.000000,57.698101,20.499701,-14.700500,0.047771,-0.013570,0.015998,-15.666301,-52.738201,18.801300,-93.396698,0.129960,17.611099,-0.263421,-0.430829,-0.667752,0.546903,-693.524475,1535.331177,-4658.648438,-693.741394,1454.639648,-4669.050293,-683.701294,1578.630005,-4687.690430,-705.962158,1486.489624,-4616.949707,-690.693176,1621.565308,-4660.903809,,,,,,,,,,,,,2616.289551,1567.774048,-3159.787354,,,,,,,,,,,,,,,,,,,,,,,,,,,,,,,,,
10251,102.510000,0.000000,0.000000,0.000000,1.000000,0.000000,0.000000,0.000000,57.698101,20.499701,-14.700500,0.047771,-0.013570,0.015998,-15.666301,-52.738201,18.801300,-93.396698,0.129960,17.611099,-0.263421,-0.430829,-0.667752,0.546903,-693.524475,1535.331177,-4658.648438,-693.741394,1454.639648,-4669.050293,-683.701294,1578.630005,-4687.690430,-705.962158,1486.489624,-4616.949707,-690.693176,1621.565308,-4660.903809,,,,,,,,,,,,,2616.274170,1567.770752,-3159.793701,,,,,,,,,,,,,,,,,,,,,,,,,,,,,,,,,
10252,102.520000,0.000000,0.000000,0.000000,1.000000,0.000000,0.000000,0.000000,57.698101,20.499701,-14.700500,0.047771,-0.013570,0.015998,-15.666301,-52.738201,18.801300,-93.396698,0.129960,17.611099,-0.263421,-0.430829,-0.667752,0.546903,-693.524475,1535.331177,-4658.648438,-693.741394,1454.639648,-4669.050293,-683.701294,1578.630005,-4687.690430,-705.962158,1486.489624,-4616.949707,-690.693176,1621.565308,-4660.903809,,,,,,,,,,,,,2616.299072,1567.719360,-3159.776855,,,,,,,,,,,,,,,,,,,,,,,,,,,,,,,,,
10253,102.530000,0.000000,0.000000,0.000000,1.000000,0.000000,0.000000,0.000000,57.698101,20.499701,-14.700500,0.047771,-0.013570,0.015998,-15.666301,-52.738201,18.801300,-93.396698,0.129960,17.611099,-0.263421,-0.430829,-0.667752,0.546903,-693.524475,1535.331177,-4658.648438,-693.741394,1454.639648,-4669.050293,-683.701294,1578.630005,-4687.690430,-705.962158,1486.489624,-4616.949707,-690.693176,1621.565308,-4660.903809,,,,,,,,,,,,,2616.297607,1567.717529,-3159.769287,,,,,,,,,,,,,,,,,,,,,,,,,,,,,,,,,
10254,102.540000,0.000000,0.000000,0.000000,1.000000,0.000000,0.000000,0.000000,57.698101,20.499701,-14.700500,0.047771,-0.013570,0.015998,-15.666301,-52.738201,18.801300,-93.396698,0.129960,17.611099,-0.263421,-0.430829,-0.667752,0.546903,-693.524475,1535.331177,-4658.648438,-693.741394,1454.639648,-4669.050293,-683.701294,1578.630005,-4687.690430,-705.962158,1486.489624,-4616.949707,-690.693176,1621.565308,-4660.903809,,,,,,,,,,,,,2616.278809,1567.731934,-3159.788330,,,,,,,,,,,,,,,,,,,,,,,,,,,,,,,,,
10255,102.550000,0.000000,0.000000,0.000000,1.000000,0.000000,0.000000,0.000000,57.698101,20.499701,-14.700500,0.047771,-0.013570,0.015998,-15.666301,-52.738201,18.801300,-93.396698,0.129960,17.611099,-0.263421,-0.430829,-0.667752,0.546903,-693.524475,1535.331177,-4658.648438,-693.741394,1454.639648,-4669.050293,-683.701294,1578.630005,-4687.690430,-705.962158,1486.489624,-4616.949707,-690.693176,1621.565308,-4660.903809,,,,,,,,,,,,,2616.267822,1567.741455,-3159.788086,,,,,,,,,,,,,,,,,,,,,,,,,,,,,,,,,
10256,102.560000,0.000000,0.000000,0.000000,1.000000,0.000000,0.000000,0.000000,57.698101,20.499701,-14.700500,0.047771,-0.013570,0.015998,-15.666301,-52.738201,18.801300,-93.396698,0.129960,17.611099,-0.263421,-0.430829,-0.667752,0.546903,-693.524475,1535.331177,-4658.648438,-693.741394,1454.639648,-4669.050293,-683.701294,1578.630005,-4687.690430,-705.962158,1486.489624,-4616.949707,-690.693176,1621.565308,-4660.903809,,,,,,,,,,,,,2616.281494,1567.775879,-3159.799561,,,,,,,,,,,,,,,,,,,,,,,,,,,,,,,,,
10257,102.570000,0.000000,0.000000,0.000000,1.000000,0.000000,0.000000,0.000000,57.698101,20.499701,-14.700500,0.047771,-0.013570,0.015998,-15.666301,-52.738201,18.801300,-93.396698,0.129960,17.611099,-0.263421,-0.430829,-0.667752,0.546903,-693.524475,1535.331177,-4658.648438,-693.741394,1454.639648,-4669.050293,-683.701294,1578.630005,-4687.690430,-705.962158,1486.489624,-4616.949707,-690.693176,1621.565308,-4660.903809,,,,,,,,,,,,,2616.283936,1567.771606,-3159.802490,,,,,,,,,,,,,,,,,,,,,,,,,,,,,,,,,
10258,102.580000,0.000000,0.000000,0.000000,1.000000,0.000000,0.000000,0.000000,57.698101,20.499701,-14.700500,0.047771,-0.013570,0.015998,-15.666301,-52.738201,18.801300,-93.396698,0.129960,17.611099,-0.263421,-0.430829,-0.667752,0.546903,-693.524475,1535.331177,-4658.648438,-693.741394,1454.639648,-4669.050293,-683.701294,1578.630005,-4687.690430,-705.962158,1486.489624,-4616.949707,-690.693176,1621.565308,-4660.903809,,,,,,,,,,,,,2616.307617,1567.733398,-3159.778320,,,,,,,,,,,,,,,,,,,,,,,,,,,,,,,,,
10259,102.590000,0.000000,0.000000,0.000000,1.000000,0.000000,0.000000,0.000000,57.698101,20.499701,-14.700500,0.047771,-0.013570,0.015998,-15.666301,-52.738201,18.801300,-93.396698,0.129960,17.611099,-0.263421,-0.430829,-0.667752,0.546903,-693.524475,1535.331177,-4658.648438,-693.741394,1454.639648,-4669.050293,-683.701294,1578.630005,-4687.690430,-705.962158,1486.489624,-4616.949707,-690.693176,1621.565308,-4660.903809,,,,,,,,,,,,,2616.307129,1567.731567,-3159.778564,,,,,,,,,,,,,,,,,,,,,,,,,,,,,,,,,
10260,102.600000,0.000000,0.000000,0.000000,1.000000,0.000000,0.000000,0.000000,57.698101,20.499701,-14.700500,0.047771,-0.013570,0.015998,-15.666301,-52.738201,18.801300,-93.396698,0.129960,17.611099,-0.263421,-0.430829,-0.667752,0.546903,-693.524475,1535.331177,-4658.648438,-693.741394,1454.639648,-4669.050293,-683.701294,1578.630005,-4687.690430,-705.962158,1486.489624,-4616.949707,-690.693176,1621.565308,-4660.903809,,,,,,,,,,,,,2616.303955,1567.735596,-3159.783203,,,,,,,,,,,,,,,,,,,,,,,,,,,,,,,,,
10261,102.610000,0.000000,0.000000,0.000000,1.000000,0.000000,0.000000,0.000000,57.698101,20.499701,-14.700500,0.047771,-0.013570,0.015998,-15.666301,-52.738201,18.801300,-93.396698,0.129960,17.611099,-0.263421,-0.430829,-0.667752,0.546903,-693.524475,1535.331177,-4658.648438,-693.741394,1454.639648,-4669.050293,-683.701294,1578.630005,-4687.690430,-705.962158,1486.489624,-4616.949707,-690.693176,1621.565308,-4660.903809,,,,,,,,,,,,,2616.307617,1567.775757,-3159.773926,,,,,,,,,,,,,,,,,,,,,,,,,,,,,,,,,
10262,102.620000,0.000000,0.000000,0.000000,1.000000,0.000000,0.000000,0.000000,57.698101,20.499701,-14.700500,0.047771,-0.013570,0.015998,-15.666301,-52.738201,18.801300,-93.396698,0.129960,17.611099,-0.263421,-0.430829,-0.667752,0.546903,-693.524475,1535.331177,-4658.648438,-693.741394,1454.639648,-4669.050293,-683.701294,1578.630005,-4687.690430,-705.962158,1486.489624,-4616.949707,-690.693176,1621.565308,-4660.903809,,,,,,,,,,,,,2616.270264,1567.780029,-3159.794678,,,,,,,,,,,,,,,,,,,,,,,,,,,,,,,,,
10263,102.630000,0.000000,0.000000,0.000000,1.000000,0.000000,0.000000,0.000000,57.698101,20.499701,-14.700500,0.047771,-0.013570,0.015998,-15.666301,-52.738201,18.801300,-93.396698,0.129960,17.611099,-0.263421,-0.430829,-0.667752,0.546903,-693.524475,1535.331177,-4658.648438,-693.741394,1454.639648,-4669.050293,-683.701294,1578.630005,-4687.690430,-705.962158,1486.489624,-4616.949707,-690.693176,1621.565308,-4660.903809,,,,,,,,,,,,,2616.290771,1567.732056,-3159.789307,,,,,,,,,,,,,,,,,,,,,,,,,,,,,,,,,
10264,102.640000,0.000000,0.000000,0.000000,1.000000,0.000000,0.000000,0.000000,57.698101,20.499701,-14.700500,0.047771,-0.013570,0.015998,-15.666301,-52.738201,18.801300,-93.396698,0.129960,17.611099,-0.263421,-0.430829,-0.667752,0.546903,-693.524475,1535.331177,-4658.648438,-693.741394,1454.639648,-4669.050293,-683.701294,1578.630005,-4687.690430,-705.962158,1486.489624,-4616.949707,-690.693176,1621.565308,-4660.903809,,,,,,,,,,,,,2616.309570,1567.758179,-3159.771240,,,,,,,,,,,,,,,,,,,,,,,,,,,,,,,,,
10265,102.650000,0.000000,0.000000,0.000000,1.000000,0.000000,0.000000,0.000000,57.698101,20.499701,-14.700500,0.047771,-0.013570,0.015998,-15.666301,-52.738201,18.801300,-93.396698,0.129960,17.611099,-0.263421,-0.430829,-0.667752,0.546903,-693.524475,1535.331177,-4658.648438,-693.741394,1454.639648,-4669.050293,-683.701294,1578.630005,-4687.690430,-705.962158,1486.489624,-4616.949707,-690.693176,1621.565308,-4660.903809,,,,,,,,,,,,,2616.316162,1567.732666,-3159.776855,,,,,,,,,,,,,,,,,,,,,,,,,,,,,,,,,
10266,102.660000,0.000000,0.000000,0.000000,1.000000,0.000000,0.000000,0.000000,57.698101,20.499701,-14.700500,0.047771,-0.013570,0.015998,-15.666301,-52.738201,18.801300,-93.396698,0.129960,17.611099,-0.263421,-0.430829,-0.667752,0.546903,-693.524475,1535.331177,-4658.648438,-693.741394,1454.639648,-4669.050293,-683.701294,1578.630005,-4687.690430,-705.962158,1486.489624,-4616.949707,-690.693176,1621.565308,-4660.903809,,,,,,,,,,,,,2616.299561,1567.744873,-3159.782471,,,,,,,,,,,,,,,,,,,,,,,,,,,,,,,,,
10267,102.670000,0.000000,0.000000,0.000000,1.000000,0.000000,0.000000,0.000000,57.698101,20.499701,-14.700500,0.047771,-0.013570,0.015998,-15.666301,-52.738201,18.801300,-93.396698,0.129960,17.611099,-0.263421,-0.430829,-0.667752,0.546903,-693.524475,1535.331177,-4658.648438,-693.741394,1454.639648,-4669.050293,-683.701294,1578.630005,-4687.690430,-705.962158,1486.489624,-4616.949707,-690.693176,1621.565308,-4660.903809,,,,,,,,,,,,,2616.316406,1567.786133,-3159.787842,,,,,,,,,,,,,,,,,,,,,,,,,,,,,,,,,
10268,102.680000,0.000000,0.000000,0.000000,1.000000,0.000000,0.000000,0.000000,57.698101,20.499701,-14.700500,0.047771,-0.013570,0.015998,-15.666301,-52.738201,18.801300,-93.396698,0.129960,17.611099,-0.263421,-0.430829,-0.667752,0.546903,-693.524475,1535.331177,-4658.648438,-693.741394,1454.639648,-4669.050293,-683.701294,1578.630005,-4687.690430,-705.962158,1486.489624,-4616.949707,-690.693176,1621.565308,-4660.903809,,,,,,,,,,,,,2616.260010,1567.745850,-3159.796143,,,,,,,,,,,,,,,,,,,,,,,,,,,,,,,,,
10269,102.690000,0.000000,0.000000,0.000000,1.000000,0.000000,0.000000,0.000000,57.698101,20.499701,-14.700500,0.047771,-0.013570,0.015998,-15.666301,-52.738201,18.801300,-93.396698,0.129960,17.611099,-0.263421,-0.430829,-0.667752,0.546903,-693.524475,1535.331177,-4658.648438,-693.741394,1454.639648,-4669.050293,-683.701294,1578.630005,-4687.690430,-705.962158,1486.489624,-4616.949707,-690.693176,1621.565308,-4660.903809,,,,,,,,,,,,,2616.293457,1567.754395,-3159.790527,,,,,,,,,,,,,,,,,,,,,,,,,,,,,,,,,
10270,102.700000,0.000000,0.000000,0.000000,1.000000,0.000000,0.000000,0.000000,57.698101,20.499701,-14.700500,0.047771,-0.013570,0.015998,-15.666301,-52.738201,18.801300,-93.396698,0.129960,17.611099,-0.263421,-0.430829,-0.667752,0.546903,-693.524475,1535.331177,-4658.648438,-693.741394,1454.639648,-4669.050293,-683.701294,1578.630005,-4687.690430,-705.962158,1486.489624,-4616.949707,-690.693176,1621.565308,-4660.903809,,,,,,,,,,,,,2616.288818,1567.704956,-3159.762207,,,,,,,,,,,,,,,,,,,,,,,,,,,,,,,,,
10271,102.710000,0.000000,0.000000,0.000000,1.000000,0.000000,0.000000,0.000000,57.698101,20.499701,-14.700500,0.047771,-0.013570,0.015998,-15.666301,-52.738201,18.801300,-93.396698,0.129960,17.611099,-0.263421,-0.430829,-0.667752,0.546903,-693.524475,1535.331177,-4658.648438,-693.741394,1454.639648,-4669.050293,-683.701294,1578.630005,-4687.690430,-705.962158,1486.489624,-4616.949707,-690.693176,1621.565308,-4660.903809,,,,,,,,,,,,,2616.312012,1567.713379,-3159.754883,,,,,,,,,,,,,,,,,,,,,,,,,,,,,,,,,
10272,102.720000,0.000000,0.000000,0.000000,1.000000,0.000000,0.000000,0.000000,57.698101,20.499701,-14.700500,0.047771,-0.013570,0.015998,-15.666301,-52.738201,18.801300,-93.396698,0.129960,17.611099,-0.263421,-0.430829,-0.667752,0.546903,-693.524475,1535.331177,-4658.648438,-693.741394,1454.639648,-4669.050293,-683.701294,1578.630005,-4687.690430,-705.962158,1486.489624,-4616.949707,-690.693176,1621.565308,-4660.903809,,,,,,,,,,,,,2616.298096,1567.763550,-3159.775879,,,,,,,,,,,,,,,,,,,,,,,,,,,,,,,,,
10273,102.730000,0.000000,0.000000,0.000000,1.000000,0.000000,0.000000,0.000000,57.698101,20.499701,-14.700500,0.047771,-0.013570,0.015998,-15.666301,-52.738201,18.801300,-93.396698,0.129960,17.611099,-0.263421,-0.430829,-0.667752,0.546903,-693.524475,1535.331177,-4658.648438,-693.741394,1454.639648,-4669.050293,-683.701294,1578.630005,-4687.690430,-705.962158,1486.489624,-4616.949707,-690.693176,1621.565308,-4660.903809,,,,,,,,,,,,,2616.294678,1567.747925,-3159.789551,,,,,,,,,,,,,,,,,,,,,,,,,,,,,,,,,
10274,102.740000,0.000000,0.000000,0.000000,1.000000,0.000000,0.000000,0.000000,57.698101,20.499701,-14.700500,0.047771,-0.013570,0.015998,-15.666301,-52.738201,18.801300,-93.396698,0.129960,17.611099,-0.263421,-0.430829,-0.667752,0.546903,-693.524475,1535.331177,-4658.648438,-693.741394,1454.639648,-4669.050293,-683.701294,1578.630005,-4687.690430,-705.962158,1486.489624,-4616.949707,-690.693176,1621.565308,-4660.903809,,,,,,,,,,,,,2616.292969,1567.749390,-3159.784424,,,,,,,,,,,,,,,,,,,,,,,,,,,,,,,,,
10275,102.750000,0.000000,0.000000,0.000000,1.000000,0.000000,0.000000,0.000000,57.698101,20.499701,-14.700500,0.047771,-0.013570,0.015998,-15.666301,-52.738201,18.801300,-93.396698,0.129960,17.611099,-0.263421,-0.430829,-0.667752,0.546903,-693.524475,1535.331177,-4658.648438,-693.741394,1454.639648,-4669.050293,-683.701294,1578.630005,-4687.690430,-705.962158,1486.489624,-4616.949707,-690.693176,1621.565308,-4660.903809,,,,,,,,,,,,,2616.305908,1567.770020,-3159.791504,,,,,,,,,,,,,,,,,,,,,,,,,,,,,,,,,
10276,102.760000,0.000000,0.000000,0.000000,1.000000,0.000000,0.000000,0.000000,57.698101,20.499701,-14.700500,0.047771,-0.013570,0.015998,-15.666301,-52.738201,18.801300,-93.396698,0.129960,17.611099,-0.263421,-0.430829,-0.667752,0.546903,-693.524475,1535.331177,-4658.648438,-693.741394,1454.639648,-4669.050293,-683.701294,1578.630005,-4687.690430,-705.962158,1486.489624,-4616.949707,-690.693176,1621.565308,-4660.903809,,,,,,,,,,,,,2616.277344,1567.723267,-3159.789062,,,,,,,,,,,,,,,,,,,,,,,,,,,,,,,,,
10277,102.770000,0.000000,0.000000,0.000000,1.000000,0.000000,0.000000,0.000000,57.698101,20.499701,-14.700500,0.047771,-0.013570,0.015998,-15.666301,-52.738201,18.801300,-93.396698,0.129960,17.611099,-0.263421,-0.430829,-0.667752,0.546903,-693.524475,1535.331177,-4658.648438,-693.741394,1454.639648,-4669.050293,-683.701294,1578.630005,-4687.690430,-705.962158,1486.489624,-4616.949707,-690.693176,1621.565308,-4660.903809,,,,,,,,,,,,,2616.331055,1567.753662,-3159.769287,,,,,,,,,,,,,,,,,,,,,,,,,,,,,,,,,
10278,102.780000,0.000000,0.000000,0.000000,1.000000,0.000000,0.000000,0.000000,57.698101,20.499701,-14.700500,0.047771,-0.013570,0.015998,-15.666301,-52.738201,18.801300,-93.396698,0.129960,17.611099,-0.263421,-0.430829,-0.667752,0.546903,-693.524475,1535.331177,-4658.648438,-693.741394,1454.639648,-4669.050293,-683.701294,1578.630005,-4687.690430,-705.962158,1486.489624,-4616.949707,-690.693176,1621.565308,-4660.903809,,,,,,,,,,,,,2616.281982,1567.728027,-3159.784912,,,,,,,,,,,,,,,,,,,,,,,,,,,,,,,,,
10279,102.790000,0.000000,0.000000,0.000000,1.000000,0.000000,0.000000,0.000000,57.698101,20.499701,-14.700500,0.047771,-0.013570,0.015998,-15.666301,-52.738201,18.801300,-93.396698,0.129960,17.611099,-0.263421,-0.430829,-0.667752,0.546903,-693.524475,1535.331177,-4658.648438,-693.741394,1454.639648,-4669.050293,-683.701294,1578.630005,-4687.690430,-705.962158,1486.489624,-4616.949707,-690.693176,1621.565308,-4660.903809,,,,,,,,,,,,,2616.293945,1567.757446,-3159.779785,,,,,,,,,,,,,,,,,,,,,,,,,,,,,,,,,
10280,102.800000,0.000000,0.000000,0.000000,1.000000,0.000000,0.000000,0.000000,57.698101,20.499701,-14.700500,0.047771,-0.013570,0.015998,-15.666301,-52.738201,18.801300,-93.396698,0.129960,17.611099,-0.263421,-0.430829,-0.667752,0.546903,-693.524475,1535.331177,-4658.648438,-693.741394,1454.639648,-4669.050293,-683.701294,1578.630005,-4687.690430,-705.962158,1486.489624,-4616.949707,-690.693176,1621.565308,-4660.903809,,,,,,,,,,,,,2616.272705,1567.797241,-3159.801758,,,,,,,,,,,,,,,,,,,,,,,,,,,,,,,,,
10281,102.810000,0.000000,0.000000,0.000000,1.000000,0.000000,0.000000,0.000000,57.698101,20.499701,-14.700500,0.047771,-0.013570,0.015998,-15.666301,-52.738201,18.801300,-93.396698,0.129960,17.611099,-0.263421,-0.430829,-0.667752,0.546903,-693.524475,1535.331177,-4658.648438,-693.741394,1454.639648,-4669.050293,-683.701294,1578.630005,-4687.690430,-705.962158,1486.489624,-4616.949707,-690.693176,1621.565308,-4660.903809,,,,,,,,,,,,,2616.248291,1567.739746,-3159.795654,,,,,,,,,,,,,,,,,,,,,,,,,,,,,,,,,
10282,102.820000,0.000000,0.000000,0.000000,1.000000,0.000000,0.000000,0.000000,57.698101,20.499701,-14.700500,0.047771,-0.013570,0.015998,-15.666301,-52.738201,18.801300,-93.396698,0.129960,17.611099,-0.263421,-0.430829,-0.667752,0.546903,-693.524475,1535.331177,-4658.648438,-693.741394,1454.639648,-4669.050293,-683.701294,1578.630005,-4687.690430,-705.962158,1486.489624,-4616.949707,-690.693176,1621.565308,-4660.903809,,,,,,,,,,,,,2616.328613,1567.752319,-3159.768311,,,,,,,,,,,,,,,,,,,,,,,,,,,,,,,,,
10283,102.830000,0.000000,0.000000,0.000000,1.000000,0.000000,0.000000,0.000000,57.698101,20.499701,-14.700500,0.047771,-0.013570,0.015998,-15.666301,-52.738201,18.801300,-93.396698,0.129960,17.611099,-0.263421,-0.430829,-0.667752,0.546903,-693.524475,1535.331177,-4658.648438,-693.741394,1454.639648,-4669.050293,-683.701294,1578.630005,-4687.690430,-705.962158,1486.489624,-4616.949707,-690.693176,1621.565308,-4660.903809,,,,,,,,,,,,,2616.287109,1567.761230,-3159.772705,,,,,,,,,,,,,,,,,,,,,,,,,,,,,,,,,
10284,102.840000,0.000000,0.000000,0.000000,1.000000,0.000000,0.000000,0.000000,57.698101,20.499701,-14.700500,0.047771,-0.013570,0.015998,-15.666301,-52.738201,18.801300,-93.396698,0.129960,17.611099,-0.263421,-0.430829,-0.667752,0.546903,-693.524475,1535.331177,-4658.648438,-693.741394,1454.639648,-4669.050293,-683.701294,1578.630005,-4687.690430,-705.962158,1486.489624,-4616.949707,-690.693176,1621.565308,-4660.903809,,,,,,,,,,,,,2616.263184,1567.750000,-3159.793945,,,,,,,,,,,,,,,,,,,,,,,,,,,,,,,,,
10285,102.850000,0.000000,0.000000,0.000000,1.000000,0.000000,0.000000,0.000000,57.698101,20.499701,-14.700500,0.047771,-0.013570,0.015998,-15.666301,-52.738201,18.801300,-93.396698,0.129960,17.611099,-0.263421,-0.430829,-0.667752,0.546903,-693.524475,1535.331177,-4658.648438,-693.741394,1454.639648,-4669.050293,-683.701294,1578.630005,-4687.690430,-705.962158,1486.489624,-4616.949707,-690.693176,1621.565308,-4660.903809,,,,,,,,,,,,,2616.288330,1567.748779,-3159.795410,,,,,,,,,,,,,,,,,,,,,,,,,,,,,,,,,
10286,102.860000,0.000000,0.000000,0.000000,1.000000,0.000000,0.000000,0.000000,57.698101,20.499701,-14.700500,0.047771,-0.013570,0.015998,-15.666301,-52.738201,18.801300,-93.396698,0.129960,17.611099,-0.263421,-0.430829,-0.667752,0.546903,-693.524475,1535.331177,-4658.648438,-693.741394,1454.639648,-4669.050293,-683.701294,1578.630005,-4687.690430,-705.962158,1486.489624,-4616.949707,-690.693176,1621.565308,-4660.903809,,,,,,,,,,,,,2616.303711,1567.730225,-3159.772949,,,,,,,,,,,,,,,,,,,,,,,,,,,,,,,,,
10287,102.870000,0.000000,0.000000,0.000000,1.000000,0.000000,0.000000,0.000000,57.698101,20.499701,-14.700500,0.047771,-0.013570,0.015998,-15.666301,-52.738201,18.801300,-93.396698,0.129960,17.611099,-0.263421,-0.430829,-0.667752,0.546903,-693.524475,1535.331177,-4658.648438,-693.741394,1454.639648,-4669.050293,-683.701294,1578.630005,-4687.690430,-705.962158,1486.489624,-4616.949707,-690.693176,1621.565308,-4660.903809,,,,,,,,,,,,,2616.311768,1567.744629,-3159.776611,,,,,,,,,,,,,,,,,,,,,,,,,,,,,,,,,
10288,102.880000,0.000000,0.000000,0.000000,1.000000,0.000000,0.000000,0.000000,57.698101,20.499701,-14.700500,0.047771,-0.013570,0.015998,-15.666301,-52.738201,18.801300,-93.396698,0.129960,17.611099,-0.263421,-0.430829,-0.667752,0.546903,-693.524475,1535.331177,-4658.648438,-693.741394,1454.639648,-4669.050293,-683.701294,1578.630005,-4687.690430,-705.962158,1486.489624,-4616.949707,-690.693176,1621.565308,-4660.903809,,,,,,,,,,,,,2616.313965,1567.782959,-3159.773926,,,,,,,,,,,,,,,,,,,,,,,,,,,,,,,,,
10289,102.890000,0.000000,0.000000,0.000000,1.000000,0.000000,0.000000,0.000000,57.698101,20.499701,-14.700500,0.047771,-0.013570,0.015998,-15.666301,-52.738201,18.801300,-93.396698,0.129960,17.611099,-0.263421,-0.430829,-0.667752,0.546903,-693.524475,1535.331177,-4658.648438,-693.741394,1454.639648,-4669.050293,-683.701294,1578.630005,-4687.690430,-705.962158,1486.489624,-4616.949707,-690.693176,1621.565308,-4660.903809,,,,,,,,,,,,,2616.280273,1567.754395,-3159.783447,,,,,,,,,,,,,,,,,,,,,,,,,,,,,,,,,
10290,102.900000,0.000000,0.000000,0.000000,1.000000,0.000000,0.000000,0.000000,57.698101,20.499701,-14.700500,0.047771,-0.013570,0.015998,-15.666301,-52.738201,18.801300,-93.396698,0.129960,17.611099,-0.263421,-0.430829,-0.667752,0.546903,-693.524475,1535.331177,-4658.648438,-693.741394,1454.639648,-4669.050293,-683.701294,1578.630005,-4687.690430,-705.962158,1486.489624,-4616.949707,-690.693176,1621.565308,-4660.903809,,,,,,,,,,,,,2616.298584,1567.783081,-3159.793457,,,,,,,,,,,,,,,,,,,,,,,,,,,,,,,,,
10291,102.910000,0.000000,0.000000,0.000000,1.000000,0.000000,0.000000,0.000000,57.698101,20.499701,-14.700500,0.047771,-0.013570,0.015998,-15.666301,-52.738201,18.801300,-93.396698,0.129960,17.611099,-0.263421,-0.430829,-0.667752,0.546903,-693.524475,1535.331177,-4658.648438,-693.741394,1454.639648,-4669.050293,-683.701294,1578.630005,-4687.690430,-705.962158,1486.489624,-4616.949707,-690.693176,1621.565308,-4660.903809,,,,,,,,,,,,,2616.301025,1567.729736,-3159.784424,,,,,,,,,,,,,,,,,,,,,,,,,,,,,,,,,
10292,102.920000,0.000000,0.000000,0.000000,1.000000,0.000000,0.000000,0.000000,57.698101,20.499701,-14.700500,0.047771,-0.013570,0.015998,-15.666301,-52.738201,18.801300,-93.396698,0.129960,17.611099,-0.263421,-0.430829,-0.667752,0.546903,-693.524475,1535.331177,-4658.648438,-693.741394,1454.639648,-4669.050293,-683.701294,1578.630005,-4687.690430,-705.962158,1486.489624,-4616.949707,-690.693176,1621.565308,-4660.903809,,,,,,,,,,,,,2616.321289,1567.734497,-3159.764648,,,,,,,,,,,,,,,,,,,,,,,,,,,,,,,,,
10293,102.930000,0.000000,0.000000,0.000000,1.000000,0.000000,0.000000,0.000000,57.698101,20.499701,-14.700500,0.047771,-0.013570,0.015998,-15.666301,-52.738201,18.801300,-93.396698,0.129960,17.611099,-0.263421,-0.430829,-0.667752,0.546903,-693.524475,1535.331177,-4658.648438,-693.741394,1454.639648,-4669.050293,-683.701294,1578.630005,-4687.690430,-705.962158,1486.489624,-4616.949707,-690.693176,1621.565308,-4660.903809,,,,,,,,,,,,,2616.297363,1567.713745,-3159.770752,,,,,,,,,,,,,,,,,,,,,,,,,,,,,,,,,
10294,102.940000,0.000000,0.000000,0.000000,1.000000,0.000000,0.000000,0.000000,57.698101,20.499701,-14.700500,0.047771,-0.013570,0.015998,-15.666301,-52.738201,18.801300,-93.396698,0.129960,17.611099,-0.263421,-0.430829,-0.667752,0.546903,-693.524475,1535.331177,-4658.648438,-693.741394,1454.639648,-4669.050293,-683.701294,1578.630005,-4687.690430,-705.962158,1486.489624,-4616.949707,-690.693176,1621.565308,-4660.903809,,,,,,,,,,,,,2616.308105,1567.736572,-3159.773438,,,,,,,,,,,,,,,,,,,,,,,,,,,,,,,,,
10295,102.950000,0.000000,0.000000,0.000000,1.000000,0.000000,0.000000,0.000000,57.698101,20.499701,-14.700500,0.047771,-0.013570,0.015998,-15.666301,-52.738201,18.801300,-93.396698,0.129960,17.611099,-0.263421,-0.430829,-0.667752,0.546903,-693.524475,1535.331177,-4658.648438,-693.741394,1454.639648,-4669.050293,-683.701294,1578.630005,-4687.690430,-705.962158,1486.489624,-4616.949707,-690.693176,1621.565308,-4660.903809,,,,,,,,,,,,,2616.322510,1567.759277,-3159.762207,,,,,,,,,,,,,,,,,,,,,,,,,,,,,,,,,
10296,102.960000,0.000000,0.000000,0.000000,1.000000,0.000000,0.000000,0.000000,57.698101,20.499701,-14.700500,0.047771,-0.013570,0.015998,-15.666301,-52.738201,18.801300,-93.396698,0.129960,17.611099,-0.263421,-0.430829,-0.667752,0.546903,-693.524475,1535.331177,-4658.648438,-693.741394,1454.639648,-4669.050293,-683.701294,1578.630005,-4687.690430,-705.962158,1486.489624,-4616.949707,-690.693176,1621.565308,-4660.903809,,,,,,,,,,,,,2616.308838,1567.755005,-3159.782227,,,,,,,,,,,,,,,,,,,,,,,,,,,,,,,,,
10297,102.970000,0.000000,0.000000,0.000000,1.000000,0.000000,0.000000,0.000000,57.698101,20.499701,-14.700500,0.047771,-0.013570,0.015998,-15.666301,-52.738201,18.801300,-93.396698,0.129960,17.611099,-0.263421,-0.430829,-0.667752,0.546903,-693.524475,1535.331177,-4658.648438,-693.741394,1454.639648,-4669.050293,-683.701294,1578.630005,-4687.690430,-705.962158,1486.489624,-4616.949707,-690.693176,1621.565308,-4660.903809,,,,,,,,,,,,,2616.270020,1567.768066,-3159.809326,,,,,,,,,,,,,,,,,,,,,,,,,,,,,,,,,
10298,102.980000,0.000000,0.000000,0.000000,1.000000,0.000000,0.000000,0.000000,57.698101,20.499701,-14.700500,0.047771,-0.013570,0.015998,-15.666301,-52.738201,18.801300,-93.396698,0.129960,17.611099,-0.263421,-0.430829,-0.667752,0.546903,-693.524475,1535.331177,-4658.648438,-693.741394,1454.639648,-4669.050293,-683.701294,1578.630005,-4687.690430,-705.962158,1486.489624,-4616.949707,-690.693176,1621.565308,-4660.903809,,,,,,,,,,,,,2616.289307,1567.780762,-3159.800537,,,,,,,,,,,,,,,,,,,,,,,,,,,,,,,,,
10299,102.990000,0.000000,0.000000,0.000000,1.000000,0.000000,0.000000,0.000000,57.698101,20.499701,-14.700500,0.047771,-0.013570,0.015998,-15.666301,-52.738201,18.801300,-93.396698,0.129960,17.611099,-0.263421,-0.430829,-0.667752,0.546903,-693.524475,1535.331177,-4658.648438,-693.741394,1454.639648,-4669.050293,-683.701294,1578.630005,-4687.690430,-705.962158,1486.489624,-4616.949707,-690.693176,1621.565308,-4660.903809,,,,,,,,,,,,,2616.277100,1567.740356,-3159.780518,,,,,,,,,,,,,,,,,,,,,,,,,,,,,,,,,
10300,103.000000,0.000000,0.000000,0.000000,1.000000,0.000000,0.000000,0.000000,57.698101,20.499701,-14.700500,0.047771,-0.013570,0.015998,-15.666301,-52.738201,18.801300,-93.396698,0.129960,17.611099,-0.263421,-0.430829,-0.667752,0.546903,-693.524475,1535.331177,-4658.648438,-693.741394,1454.639648,-4669.050293,-683.701294,1578.630005,-4687.690430,-705.962158,1486.489624,-4616.949707,-690.693176,1621.565308,-4660.903809,,,,,,,,,,,,,2616.299805,1567.772461,-3159.789795,,,,,,,,,,,,,,,,,,,,,,,,,,,,,,,,,
10301,103.010000,0.000000,0.000000,0.000000,1.000000,0.000000,0.000000,0.000000,57.698101,20.499701,-14.700500,0.047771,-0.013570,0.015998,-15.666301,-52.738201,18.801300,-93.396698,0.129960,17.611099,-0.263421,-0.430829,-0.667752,0.546903,-693.524475,1535.331177,-4658.648438,-693.741394,1454.639648,-4669.050293,-683.701294,1578.630005,-4687.690430,-705.962158,1486.489624,-4616.949707,-690.693176,1621.565308,-4660.903809,,,,,,,,,,,,,2616.297852,1567.784912,-3159.807861,,,,,,,,,,,,,,,,,,,,,,,,,,,,,,,,,
10302,103.020000,0.000000,0.000000,0.000000,1.000000,0.000000,0.000000,0.000000,57.698101,20.499701,-14.700500,0.047771,-0.013570,0.015998,-15.666301,-52.738201,18.801300,-93.396698,0.129960,17.611099,-0.263421,-0.430829,-0.667752,0.546903,-693.524475,1535.331177,-4658.648438,-693.741394,1454.639648,-4669.050293,-683.701294,1578.630005,-4687.690430,-705.962158,1486.489624,-4616.949707,-690.693176,1621.565308,-4660.903809,,,,,,,,,,,,,2616.302734,1567.782227,-3159.793701,,,,,,,,,,,,,,,,,,,,,,,,,,,,,,,,,
10303,103.030000,0.000000,0.000000,0.000000,1.000000,0.000000,0.000000,0.000000,57.698101,20.499701,-14.700500,0.047771,-0.013570,0.015998,-15.666301,-52.738201,18.801300,-93.396698,0.129960,17.611099,-0.263421,-0.430829,-0.667752,0.546903,-693.524475,1535.331177,-4658.648438,-693.741394,1454.639648,-4669.050293,-683.701294,1578.630005,-4687.690430,-705.962158,1486.489624,-4616.949707,-690.693176,1621.565308,-4660.903809,,,,,,,,,,,,,2616.308838,1567.744019,-3159.781494,,,,,,,,,,,,,,,,,,,,,,,,,,,,,,,,,
10304,103.040000,0.000000,0.000000,0.000000,1.000000,0.000000,0.000000,0.000000,57.698101,20.499701,-14.700500,0.047771,-0.013570,0.015998,-15.666301,-52.738201,18.801300,-93.396698,0.129960,17.611099,-0.263421,-0.430829,-0.667752,0.546903,-693.524475,1535.331177,-4658.648438,-693.741394,1454.639648,-4669.050293,-683.701294,1578.630005,-4687.690430,-705.962158,1486.489624,-4616.949707,-690.693176,1621.565308,-4660.903809,,,,,,,,,,,,,2616.284912,1567.715332,-3159.768555,,,,,,,,,,,,,,,,,,,,,,,,,,,,,,,,,
10305,103.050000,0.000000,0.000000,0.000000,1.000000,0.000000,0.000000,0.000000,57.698101,20.499701,-14.700500,0.047771,-0.013570,0.015998,-15.666301,-52.738201,18.801300,-93.396698,0.129960,17.611099,-0.263421,-0.430829,-0.667752,0.546903,-693.524475,1535.331177,-4658.648438,-693.741394,1454.639648,-4669.050293,-683.701294,1578.630005,-4687.690430,-705.962158,1486.489624,-4616.949707,-690.693176,1621.565308,-4660.903809,,,,,,,,,,,,,2616.288086,1567.739014,-3159.774902,,,,,,,,,,,,,,,,,,,,,,,,,,,,,,,,,
10306,103.060000,0.000000,0.000000,0.000000,1.000000,0.000000,0.000000,0.000000,57.698101,20.499701,-14.700500,0.047771,-0.013570,0.015998,-15.666301,-52.738201,18.801300,-93.396698,0.129960,17.611099,-0.263421,-0.430829,-0.667752,0.546903,-693.524475,1535.331177,-4658.648438,-693.741394,1454.639648,-4669.050293,-683.701294,1578.630005,-4687.690430,-705.962158,1486.489624,-4616.949707,-690.693176,1621.565308,-4660.903809,,,,,,,,,,,,,2616.308838,1567.758789,-3159.777832,,,,,,,,,,,,,,,,,,,,,,,,,,,,,,,,,
10307,103.070000,0.000000,0.000000,0.000000,1.000000,0.000000,0.000000,0.000000,57.698101,20.499701,-14.700500,0.047771,-0.013570,0.015998,-15.666301,-52.738201,18.801300,-93.396698,0.129960,17.611099,-0.263421,-0.430829,-0.667752,0.546903,-693.524475,1535.331177,-4658.648438,-693.741394,1454.639648,-4669.050293,-683.701294,1578.630005,-4687.690430,-705.962158,1486.489624,-4616.949707,-690.693176,1621.565308,-4660.903809,,,,,,,,,,,,,2616.278564,1567.746704,-3159.788574,,,,,,,,,,,,,,,,,,,,,,,,,,,,,,,,,
10308,103.080000,0.000000,0.000000,0.000000,1.000000,0.000000,0.000000,0.000000,57.698101,20.499701,-14.700500,0.047771,-0.013570,0.015998,-15.666301,-52.738201,18.801300,-93.396698,0.129960,17.611099,-0.263421,-0.430829,-0.667752,0.546903,-693.524475,1535.331177,-4658.648438,-693.741394,1454.639648,-4669.050293,-683.701294,1578.630005,-4687.690430,-705.962158,1486.489624,-4616.949707,-690.693176,1621.565308,-4660.903809,,,,,,,,,,,,,2616.291016,1567.711914,-3159.779541,,,,,,,,,,,,,,,,,,,,,,,,,,,,,,,,,
10309,103.090000,0.000000,0.000000,0.000000,1.000000,0.000000,0.000000,0.000000,57.698101,20.499701,-14.700500,0.047771,-0.013570,0.015998,-15.666301,-52.738201,18.801300,-93.396698,0.129960,17.611099,-0.263421,-0.430829,-0.667752,0.546903,-693.524475,1535.331177,-4658.648438,-693.741394,1454.639648,-4669.050293,-683.701294,1578.630005,-4687.690430,-705.962158,1486.489624,-4616.949707,-690.693176,1621.565308,-4660.903809,,,,,,,,,,,,,2616.302002,1567.757935,-3159.772949,,,,,,,,,,,,,,,,,,,,,,,,,,,,,,,,,
10310,103.100000,0.000000,0.000000,0.000000,1.000000,0.000000,0.000000,0.000000,57.698101,20.499701,-14.700500,0.047771,-0.013570,0.015998,-15.666301,-52.738201,18.801300,-93.396698,0.129960,17.611099,-0.263421,-0.430829,-0.667752,0.546903,-693.524475,1535.331177,-4658.648438,-693.741394,1454.639648,-4669.050293,-683.701294,1578.630005,-4687.690430,-705.962158,1486.489624,-4616.949707,-690.693176,1621.565308,-4660.903809,,,,,,,,,,,,,2616.287842,1567.755127,-3159.784912,,,,,,,,,,,,,,,,,,,,,,,,,,,,,,,,,
10311,103.110000,0.000000,0.000000,0.000000,1.000000,0.000000,0.000000,0.000000,57.698101,20.499701,-14.700500,0.047771,-0.013570,0.015998,-15.666301,-52.738201,18.801300,-93.396698,0.129960,17.611099,-0.263421,-0.430829,-0.667752,0.546903,-693.524475,1535.331177,-4658.648438,-693.741394,1454.639648,-4669.050293,-683.701294,1578.630005,-4687.690430,-705.962158,1486.489624,-4616.949707,-690.693176,1621.565308,-4660.903809,,,,,,,,,,,,,2616.294922,1567.760254,-3159.783447,,,,,,,,,,,,,,,,,,,,,,,,,,,,,,,,,
10312,103.120000,0.000000,0.000000,0.000000,1.000000,0.000000,0.000000,0.000000,57.698101,20.499701,-14.700500,0.047771,-0.013570,0.015998,-15.666301,-52.738201,18.801300,-93.396698,0.129960,17.611099,-0.263421,-0.430829,-0.667752,0.546903,-693.524475,1535.331177,-4658.648438,-693.741394,1454.639648,-4669.050293,-683.701294,1578.630005,-4687.690430,-705.962158,1486.489624,-4616.949707,-690.693176,1621.565308,-4660.903809,,,,,,,,,,,,,2616.284912,1567.725830,-3159.787354,,,,,,,,,,,,,,,,,,,,,,,,,,,,,,,,,
10313,103.130000,0.000000,0.000000,0.000000,1.000000,0.000000,0.000000,0.000000,57.698101,20.499701,-14.700500,0.047771,-0.013570,0.015998,-15.666301,-52.738201,18.801300,-93.396698,0.129960,17.611099,-0.263421,-0.430829,-0.667752,0.546903,-693.524475,1535.331177,-4658.648438,-693.741394,1454.639648,-4669.050293,-683.701294,1578.630005,-4687.690430,-705.962158,1486.489624,-4616.949707,-690.693176,1621.565308,-4660.903809,,,,,,,,,,,,,2616.298828,1567.743530,-3159.779053,,,,,,,,,,,,,,,,,,,,,,,,,,,,,,,,,
10314,103.140000,0.000000,0.000000,0.000000,1.000000,0.000000,0.000000,0.000000,57.698101,20.499701,-14.700500,0.047771,-0.013570,0.015998,-15.666301,-52.738201,18.801300,-93.396698,0.129960,17.611099,-0.263421,-0.430829,-0.667752,0.546903,-693.524475,1535.331177,-4658.648438,-693.741394,1454.639648,-4669.050293,-683.701294,1578.630005,-4687.690430,-705.962158,1486.489624,-4616.949707,-690.693176,1621.565308,-4660.903809,,,,,,,,,,,,,2616.320068,1567.732666,-3159.773682,,,,,,,,,,,,,,,,,,,,,,,,,,,,,,,,,
10315,103.150000,0.000000,0.000000,0.000000,1.000000,0.000000,0.000000,0.000000,57.698101,20.499701,-14.700500,0.047771,-0.013570,0.015998,-15.666301,-52.738201,18.801300,-93.396698,0.129960,17.611099,-0.263421,-0.430829,-0.667752,0.546903,-693.524475,1535.331177,-4658.648438,-693.741394,1454.639648,-4669.050293,-683.701294,1578.630005,-4687.690430,-705.962158,1486.489624,-4616.949707,-690.693176,1621.565308,-4660.903809,,,,,,,,,,,,,2616.285156,1567.718628,-3159.771729,,,,,,,,,,,,,,,,,,,,,,,,,,,,,,,,,
10316,103.160000,0.000000,0.000000,0.000000,1.000000,0.000000,0.000000,0.000000,57.698101,20.499701,-14.700500,0.047771,-0.013570,0.015998,-15.666301,-52.738201,18.801300,-93.396698,0.129960,17.611099,-0.263421,-0.430829,-0.667752,0.546903,-693.524475,1535.331177,-4658.648438,-693.741394,1454.639648,-4669.050293,-683.701294,1578.630005,-4687.690430,-705.962158,1486.489624,-4616.949707,-690.693176,1621.565308,-4660.903809,,,,,,,,,,,,,2616.283936,1567.742920,-3159.789307,,,,,,,,,,,,,,,,,,,,,,,,,,,,,,,,,
10317,103.170000,0.000000,0.000000,0.000000,1.000000,0.000000,0.000000,0.000000,57.698101,20.499701,-14.700500,0.047771,-0.013570,0.015998,-15.666301,-52.738201,18.801300,-93.396698,0.129960,17.611099,-0.263421,-0.430829,-0.667752,0.546903,-693.524475,1535.331177,-4658.648438,-693.741394,1454.639648,-4669.050293,-683.701294,1578.630005,-4687.690430,-705.962158,1486.489624,-4616.949707,-690.693176,1621.565308,-4660.903809,,,,,,,,,,,,,2616.317383,1567.744629,-3159.781738,,,,,,,,,,,,,,,,,,,,,,,,,,,,,,,,,
10318,103.180000,0.000000,0.000000,0.000000,1.000000,0.000000,0.000000,0.000000,57.698101,20.499701,-14.700500,0.047771,-0.013570,0.015998,-15.666301,-52.738201,18.801300,-93.396698,0.129960,17.611099,-0.263421,-0.430829,-0.667752,0.546903,-693.524475,1535.331177,-4658.648438,-693.741394,1454.639648,-4669.050293,-683.701294,1578.630005,-4687.690430,-705.962158,1486.489624,-4616.949707,-690.693176,1621.565308,-4660.903809,,,,,,,,,,,,,2616.266846,1567.738281,-3159.782715,,,,,,,,,,,,,,,,,,,,,,,,,,,,,,,,,
10319,103.190000,0.000000,0.000000,0.000000,1.000000,0.000000,0.000000,0.000000,57.698101,20.499701,-14.700500,0.047771,-0.013570,0.015998,-15.666301,-52.738201,18.801300,-93.396698,0.129960,17.611099,-0.263421,-0.430829,-0.667752,0.546903,-693.524475,1535.331177,-4658.648438,-693.741394,1454.639648,-4669.050293,-683.701294,1578.630005,-4687.690430,-705.962158,1486.489624,-4616.949707,-690.693176,1621.565308,-4660.903809,,,,,,,,,,,,,2616.296631,1567.749756,-3159.779297,,,,,,,,,,,,,,,,,,,,,,,,,,,,,,,,,
10320,103.200000,0.000000,0.000000,0.000000,1.000000,0.000000,0.000000,0.000000,57.698101,20.499701,-14.700500,0.047771,-0.013570,0.015998,-15.666301,-52.738201,18.801300,-93.396698,0.129960,17.611099,-0.263421,-0.430829,-0.667752,0.546903,-693.524475,1535.331177,-4658.648438,-693.741394,1454.639648,-4669.050293,-683.701294,1578.630005,-4687.690430,-705.962158,1486.489624,-4616.949707,-690.693176,1621.565308,-4660.903809,,,,,,,,,,,,,2616.301758,1567.728149,-3159.782471,,,,,,,,,,,,,,,,,,,,,,,,,,,,,,,,,
10321,103.210000,0.000000,0.000000,0.000000,1.000000,0.000000,0.000000,0.000000,57.698101,20.499701,-14.700500,0.047771,-0.013570,0.015998,-15.666301,-52.738201,18.801300,-93.396698,0.129960,17.611099,-0.263421,-0.430829,-0.667752,0.546903,-693.524475,1535.331177,-4658.648438,-693.741394,1454.639648,-4669.050293,-683.701294,1578.630005,-4687.690430,-705.962158,1486.489624,-4616.949707,-690.693176,1621.565308,-4660.903809,,,,,,,,,,,,,2616.304688,1567.716431,-3159.767822,,,,,,,,,,,,,,,,,,,,,,,,,,,,,,,,,
10322,103.220000,0.000000,0.000000,0.000000,1.000000,0.000000,0.000000,0.000000,57.698101,20.499701,-14.700500,0.047771,-0.013570,0.015998,-15.666301,-52.738201,18.801300,-93.396698,0.129960,17.611099,-0.263421,-0.430829,-0.667752,0.546903,-693.524475,1535.331177,-4658.648438,-693.741394,1454.639648,-4669.050293,-683.701294,1578.630005,-4687.690430,-705.962158,1486.489624,-4616.949707,-690.693176,1621.565308,-4660.903809,,,,,,,,,,,,,2616.268066,1567.742676,-3159.790771,,,,,,,,,,,,,,,,,,,,,,,,,,,,,,,,,
10323,103.230000,0.000000,0.000000,0.000000,1.000000,0.000000,0.000000,0.000000,57.698101,20.499701,-14.700500,0.047771,-0.013570,0.015998,-15.666301,-52.738201,18.801300,-93.396698,0.129960,17.611099,-0.263421,-0.430829,-0.667752,0.546903,-693.524475,1535.331177,-4658.648438,-693.741394,1454.639648,-4669.050293,-683.701294,1578.630005,-4687.690430,-705.962158,1486.489624,-4616.949707,-690.693176,1621.565308,-4660.903809,,,,,,,,,,,,,2616.270020,1567.758667,-3159.789551,,,,,,,,,,,,,,,,,,,,,,,,,,,,,,,,,
10324,103.240000,0.000000,0.000000,0.000000,1.000000,0.000000,0.000000,0.000000,57.698101,20.499701,-14.700500,0.047771,-0.013570,0.015998,-15.666301,-52.738201,18.801300,-93.396698,0.129960,17.611099,-0.263421,-0.430829,-0.667752,0.546903,-693.524475,1535.331177,-4658.648438,-693.741394,1454.639648,-4669.050293,-683.701294,1578.630005,-4687.690430,-705.962158,1486.489624,-4616.949707,-690.693176,1621.565308,-4660.903809,,,,,,,,,,,,,2616.285400,1567.797607,-3159.790039,,,,,,,,,,,,,,,,,,,,,,,,,,,,,,,,,
10325,103.250000,0.000000,0.000000,0.000000,1.000000,0.000000,0.000000,0.000000,57.698101,20.499701,-14.700500,0.047771,-0.013570,0.015998,-15.666301,-52.738201,18.801300,-93.396698,0.129960,17.611099,-0.263421,-0.430829,-0.667752,0.546903,-693.524475,1535.331177,-4658.648438,-693.741394,1454.639648,-4669.050293,-683.701294,1578.630005,-4687.690430,-705.962158,1486.489624,-4616.949707,-690.693176,1621.565308,-4660.903809,,,,,,,,,,,,,2616.327148,1567.775391,-3159.787354,,,,,,,,,,,,,,,,,,,,,,,,,,,,,,,,,
10326,103.260000,0.000000,0.000000,0.000000,1.000000,0.000000,0.000000,0.000000,57.698101,20.499701,-14.700500,0.047771,-0.013570,0.015998,-15.666301,-52.738201,18.801300,-93.396698,0.129960,17.611099,-0.263421,-0.430829,-0.667752,0.546903,-693.524475,1535.331177,-4658.648438,-693.741394,1454.639648,-4669.050293,-683.701294,1578.630005,-4687.690430,-705.962158,1486.489624,-4616.949707,-690.693176,1621.565308,-4660.903809,,,,,,,,,,,,,2616.302246,1567.750122,-3159.781006,,,,,,,,,,,,,,,,,,,,,,,,,,,,,,,,,
10327,103.270000,0.000000,0.000000,0.000000,1.000000,0.000000,0.000000,0.000000,57.698101,20.499701,-14.700500,0.047771,-0.013570,0.015998,-15.666301,-52.738201,18.801300,-93.396698,0.129960,17.611099,-0.263421,-0.430829,-0.667752,0.546903,-693.524475,1535.331177,-4658.648438,-693.741394,1454.639648,-4669.050293,-683.701294,1578.630005,-4687.690430,-705.962158,1486.489624,-4616.949707,-690.693176,1621.565308,-4660.903809,,,,,,,,,,,,,2616.291748,1567.773560,-3159.795166,,,,,,,,,,,,,,,,,,,,,,,,,,,,,,,,,
10328,103.280000,0.000000,0.000000,0.000000,1.000000,0.000000,0.000000,0.000000,57.698101,20.499701,-14.700500,0.047771,-0.013570,0.015998,-15.666301,-52.738201,18.801300,-93.396698,0.129960,17.611099,-0.263421,-0.430829,-0.667752,0.546903,-693.524475,1535.331177,-4658.648438,-693.741394,1454.639648,-4669.050293,-683.701294,1578.630005,-4687.690430,-705.962158,1486.489624,-4616.949707,-690.693176,1621.565308,-4660.903809,,,,,,,,,,,,,2616.283936,1567.755249,-3159.787109,,,,,,,,,,,,,,,,,,,,,,,,,,,,,,,,,
10329,103.290000,0.000000,0.000000,0.000000,1.000000,0.000000,0.000000,0.000000,57.698101,20.499701,-14.700500,0.047771,-0.013570,0.015998,-15.666301,-52.738201,18.801300,-93.396698,0.129960,17.611099,-0.263421,-0.430829,-0.667752,0.546903,-693.524475,1535.331177,-4658.648438,-693.741394,1454.639648,-4669.050293,-683.701294,1578.630005,-4687.690430,-705.962158,1486.489624,-4616.949707,-690.693176,1621.565308,-4660.903809,,,,,,,,,,,,,2616.297363,1567.768677,-3159.788330,,,,,,,,,,,,,,,,,,,,,,,,,,,,,,,,,
10330,103.300000,0.000000,0.000000,0.000000,1.000000,0.000000,0.000000,0.000000,57.698101,20.499701,-14.700500,0.047771,-0.013570,0.015998,-15.666301,-52.738201,18.801300,-93.396698,0.129960,17.611099,-0.263421,-0.430829,-0.667752,0.546903,-693.524475,1535.331177,-4658.648438,-693.741394,1454.639648,-4669.050293,-683.701294,1578.630005,-4687.690430,-705.962158,1486.489624,-4616.949707,-690.693176,1621.565308,-4660.903809,,,,,,,,,,,,,2616.287109,1567.766357,-3159.788086,,,,,,,,,,,,,,,,,,,,,,,,,,,,,,,,,
10331,103.310000,0.000000,0.000000,0.000000,1.000000,0.000000,0.000000,0.000000,57.698101,20.499701,-14.700500,0.047771,-0.013570,0.015998,-15.666301,-52.738201,18.801300,-93.396698,0.129960,17.611099,-0.263421,-0.430829,-0.667752,0.546903,-693.524475,1535.331177,-4658.648438,-693.741394,1454.639648,-4669.050293,-683.701294,1578.630005,-4687.690430,-705.962158,1486.489624,-4616.949707,-690.693176,1621.565308,-4660.903809,,,,,,,,,,,,,2616.279053,1567.748779,-3159.794434,,,,,,,,,,,,,,,,,,,,,,,,,,,,,,,,,
10332,103.320000,0.000000,0.000000,0.000000,1.000000,0.000000,0.000000,0.000000,57.698101,20.499701,-14.700500,0.047771,-0.013570,0.015998,-15.666301,-52.738201,18.801300,-93.396698,0.129960,17.611099,-0.263421,-0.430829,-0.667752,0.546903,-693.524475,1535.331177,-4658.648438,-693.741394,1454.639648,-4669.050293,-683.701294,1578.630005,-4687.690430,-705.962158,1486.489624,-4616.949707,-690.693176,1621.565308,-4660.903809,,,,,,,,,,,,,2616.278320,1567.719604,-3159.784912,,,,,,,,,,,,,,,,,,,,,,,,,,,,,,,,,
10333,103.330000,0.000000,0.000000,0.000000,1.000000,0.000000,0.000000,0.000000,57.698101,20.499701,-14.700500,0.047771,-0.013570,0.015998,-15.666301,-52.738201,18.801300,-93.396698,0.129960,17.611099,-0.263421,-0.430829,-0.667752,0.546903,-693.524475,1535.331177,-4658.648438,-693.741394,1454.639648,-4669.050293,-683.701294,1578.630005,-4687.690430,-705.962158,1486.489624,-4616.949707,-690.693176,1621.565308,-4660.903809,,,,,,,,,,,,,2616.308350,1567.729858,-3159.780273,,,,,,,,,,,,,,,,,,,,,,,,,,,,,,,,,
10334,103.340000,0.000000,0.000000,0.000000,1.000000,0.000000,0.000000,0.000000,57.698101,20.499701,-14.700500,0.047771,-0.013570,0.015998,-15.666301,-52.738201,18.801300,-93.396698,0.129960,17.611099,-0.263421,-0.430829,-0.667752,0.546903,-693.524475,1535.331177,-4658.648438,-693.741394,1454.639648,-4669.050293,-683.701294,1578.630005,-4687.690430,-705.962158,1486.489624,-4616.949707,-690.693176,1621.565308,-4660.903809,,,,,,,,,,,,,2616.322510,1567.722656,-3159.769775,,,,,,,,,,,,,,,,,,,,,,,,,,,,,,,,,
10335,103.350000,0.000000,0.000000,0.000000,1.000000,0.000000,0.000000,0.000000,57.698101,20.499701,-14.700500,0.047771,-0.013570,0.015998,-15.666301,-52.738201,18.801300,-93.396698,0.129960,17.611099,-0.263421,-0.430829,-0.667752,0.546903,-693.524475,1535.331177,-4658.648438,-693.741394,1454.639648,-4669.050293,-683.701294,1578.630005,-4687.690430,-705.962158,1486.489624,-4616.949707,-690.693176,1621.565308,-4660.903809,,,,,,,,,,,,,2616.281494,1567.722534,-3159.775146,,,,,,,,,,,,,,,,,,,,,,,,,,,,,,,,,
10336,103.360000,0.000000,0.000000,0.000000,1.000000,0.000000,0.000000,0.000000,57.698101,20.499701,-14.700500,0.047771,-0.013570,0.015998,-15.666301,-52.738201,18.801300,-93.396698,0.129960,17.611099,-0.263421,-0.430829,-0.667752,0.546903,-693.524475,1535.331177,-4658.648438,-693.741394,1454.639648,-4669.050293,-683.701294,1578.630005,-4687.690430,-705.962158,1486.489624,-4616.949707,-690.693176,1621.565308,-4660.903809,,,,,,,,,,,,,2616.259033,1567.734497,-3159.793213,,,,,,,,,,,,,,,,,,,,,,,,,,,,,,,,,
10337,103.370000,0.000000,0.000000,0.000000,1.000000,0.000000,0.000000,0.000000,57.698101,20.499701,-14.700500,0.047771,-0.013570,0.015998,-15.666301,-52.738201,18.801300,-93.396698,0.129960,17.611099,-0.263421,-0.430829,-0.667752,0.546903,-693.524475,1535.331177,-4658.648438,-693.741394,1454.639648,-4669.050293,-683.701294,1578.630005,-4687.690430,-705.962158,1486.489624,-4616.949707,-690.693176,1621.565308,-4660.903809,,,,,,,,,,,,,2616.270020,1567.723511,-3159.781982,,,,,,,,,,,,,,,,,,,,,,,,,,,,,,,,,
10338,103.380000,0.000000,0.000000,0.000000,1.000000,0.000000,0.000000,0.000000,57.698101,20.499701,-14.700500,0.047771,-0.013570,0.015998,-15.666301,-52.738201,18.801300,-93.396698,0.129960,17.611099,-0.263421,-0.430829,-0.667752,0.546903,-693.524475,1535.331177,-4658.648438,-693.741394,1454.639648,-4669.050293,-683.701294,1578.630005,-4687.690430,-705.962158,1486.489624,-4616.949707,-690.693176,1621.565308,-4660.903809,,,,,,,,,,,,,2616.312988,1567.773071,-3159.769287,,,,,,,,,,,,,,,,,,,,,,,,,,,,,,,,,
10339,103.390000,0.000000,0.000000,0.000000,1.000000,0.000000,0.000000,0.000000,57.698101,20.499701,-14.700500,0.047771,-0.013570,0.015998,-15.666301,-52.738201,18.801300,-93.396698,0.129960,17.611099,-0.263421,-0.430829,-0.667752,0.546903,-693.524475,1535.331177,-4658.648438,-693.741394,1454.639648,-4669.050293,-683.701294,1578.630005,-4687.690430,-705.962158,1486.489624,-4616.949707,-690.693176,1621.565308,-4660.903809,,,,,,,,,,,,,2616.288574,1567.742554,-3159.789062,,,,,,,,,,,,,,,,,,,,,,,,,,,,,,,,,
10340,103.400000,0.000000,0.000000,0.000000,1.000000,0.000000,0.000000,0.000000,57.698101,20.499701,-14.700500,0.047771,-0.013570,0.015998,-15.666301,-52.738201,18.801300,-93.396698,0.129960,17.611099,-0.263421,-0.430829,-0.667752,0.546903,-693.524475,1535.331177,-4658.648438,-693.741394,1454.639648,-4669.050293,-683.701294,1578.630005,-4687.690430,-705.962158,1486.489624,-4616.949707,-690.693176,1621.565308,-4660.903809,,,,,,,,,,,,,2616.309570,1567.733521,-3159.774902,,,,,,,,,,,,,,,,,,,,,,,,,,,,,,,,,
10341,103.410000,0.000000,0.000000,0.000000,1.000000,0.000000,0.000000,0.000000,57.698101,20.499701,-14.700500,0.047771,-0.013570,0.015998,-15.666301,-52.738201,18.801300,-93.396698,0.129960,17.611099,-0.263421,-0.430829,-0.667752,0.546903,-693.524475,1535.331177,-4658.648438,-693.741394,1454.639648,-4669.050293,-683.701294,1578.630005,-4687.690430,-705.962158,1486.489624,-4616.949707,-690.693176,1621.565308,-4660.903809,,,,,,,,,,,,,2616.315430,1567.744263,-3159.778564,,,,,,,,,,,,,,,,,,,,,,,,,,,,,,,,,
10342,103.420000,0.000000,0.000000,0.000000,1.000000,0.000000,0.000000,0.000000,57.698101,20.499701,-14.700500,0.047771,-0.013570,0.015998,-15.666301,-52.738201,18.801300,-93.396698,0.129960,17.611099,-0.263421,-0.430829,-0.667752,0.546903,-693.524475,1535.331177,-4658.648438,-693.741394,1454.639648,-4669.050293,-683.701294,1578.630005,-4687.690430,-705.962158,1486.489624,-4616.949707,-690.693176,1621.565308,-4660.903809,,,,,,,,,,,,,2616.280273,1567.755249,-3159.778076,,,,,,,,,,,,,,,,,,,,,,,,,,,,,,,,,
10343,103.430000,0.000000,0.000000,0.000000,1.000000,0.000000,0.000000,0.000000,57.698101,20.499701,-14.700500,0.047771,-0.013570,0.015998,-15.666301,-52.738201,18.801300,-93.396698,0.129960,17.611099,-0.263421,-0.430829,-0.667752,0.546903,-693.524475,1535.331177,-4658.648438,-693.741394,1454.639648,-4669.050293,-683.701294,1578.630005,-4687.690430,-705.962158,1486.489624,-4616.949707,-690.693176,1621.565308,-4660.903809,,,,,,,,,,,,,2616.281250,1567.759155,-3159.796631,,,,,,,,,,,,,,,,,,,,,,,,,,,,,,,,,
10344,103.440000,0.000000,0.000000,0.000000,1.000000,0.000000,0.000000,0.000000,57.698101,20.499701,-14.700500,0.047771,-0.013570,0.015998,-15.666301,-52.738201,18.801300,-93.396698,0.129960,17.611099,-0.263421,-0.430829,-0.667752,0.546903,-693.524475,1535.331177,-4658.648438,-693.741394,1454.639648,-4669.050293,-683.701294,1578.630005,-4687.690430,-705.962158,1486.489624,-4616.949707,-690.693176,1621.565308,-4660.903809,,,,,,,,,,,,,2616.252930,1567.758423,-3159.793945,,,,,,,,,,,,,,,,,,,,,,,,,,,,,,,,,
10345,103.450000,0.000000,0.000000,0.000000,1.000000,0.000000,0.000000,0.000000,57.698101,20.499701,-14.700500,0.047771,-0.013570,0.015998,-15.666301,-52.738201,18.801300,-93.396698,0.129960,17.611099,-0.263421,-0.430829,-0.667752,0.546903,-693.524475,1535.331177,-4658.648438,-693.741394,1454.639648,-4669.050293,-683.701294,1578.630005,-4687.690430,-705.962158,1486.489624,-4616.949707,-690.693176,1621.565308,-4660.903809,,,,,,,,,,,,,2616.285156,1567.754517,-3159.802979,,,,,,,,,,,,,,,,,,,,,,,,,,,,,,,,,
10346,103.460000,0.000000,0.000000,0.000000,1.000000,0.000000,0.000000,0.000000,57.698101,20.499701,-14.700500,0.047771,-0.013570,0.015998,-15.666301,-52.738201,18.801300,-93.396698,0.129960,17.611099,-0.263421,-0.430829,-0.667752,0.546903,-693.524475,1535.331177,-4658.648438,-693.741394,1454.639648,-4669.050293,-683.701294,1578.630005,-4687.690430,-705.962158,1486.489624,-4616.949707,-690.693176,1621.565308,-4660.903809,,,,,,,,,,,,,2616.270020,1567.716187,-3159.779785,,,,,,,,,,,,,,,,,,,,,,,,,,,,,,,,,
10347,103.470000,0.000000,0.000000,0.000000,1.000000,0.000000,0.000000,0.000000,57.698101,20.499701,-14.700500,0.047771,-0.013570,0.015998,-15.666301,-52.738201,18.801300,-93.396698,0.129960,17.611099,-0.263421,-0.430829,-0.667752,0.546903,-693.524475,1535.331177,-4658.648438,-693.741394,1454.639648,-4669.050293,-683.701294,1578.630005,-4687.690430,-705.962158,1486.489624,-4616.949707,-690.693176,1621.565308,-4660.903809,,,,,,,,,,,,,2616.266602,1567.734131,-3159.782715,,,,,,,,,,,,,,,,,,,,,,,,,,,,,,,,,
10348,103.480000,0.000000,0.000000,0.000000,1.000000,0.000000,0.000000,0.000000,57.698101,20.499701,-14.700500,0.047771,-0.013570,0.015998,-15.666301,-52.738201,18.801300,-93.396698,0.129960,17.611099,-0.263421,-0.430829,-0.667752,0.546903,-693.524475,1535.331177,-4658.648438,-693.741394,1454.639648,-4669.050293,-683.701294,1578.630005,-4687.690430,-705.962158,1486.489624,-4616.949707,-690.693176,1621.565308,-4660.903809,,,,,,,,,,,,,2616.277100,1567.743774,-3159.780518,,,,,,,,,,,,,,,,,,,,,,,,,,,,,,,,,
10349,103.490000,0.000000,0.000000,0.000000,1.000000,0.000000,0.000000,0.000000,57.698101,20.499701,-14.700500,0.047771,-0.013570,0.015998,-15.666301,-52.738201,18.801300,-93.396698,0.129960,17.611099,-0.263421,-0.430829,-0.667752,0.546903,-693.524475,1535.331177,-4658.648438,-693.741394,1454.639648,-4669.050293,-683.701294,1578.630005,-4687.690430,-705.962158,1486.489624,-4616.949707,-690.693176,1621.565308,-4660.903809,,,,,,,,,,,,,2616.294434,1567.729858,-3159.783691,,,,,,,,,,,,,,,,,,,,,,,,,,,,,,,,,
10350,103.500000,0.000000,0.000000,0.000000,1.000000,0.000000,0.000000,0.000000,57.698101,20.499701,-14.700500,0.047771,-0.013570,0.015998,-15.666301,-52.738201,18.801300,-93.396698,0.129960,17.611099,-0.263421,-0.430829,-0.667752,0.546903,-693.524475,1535.331177,-4658.648438,-693.741394,1454.639648,-4669.050293,-683.701294,1578.630005,-4687.690430,-705.962158,1486.489624,-4616.949707,-690.693176,1621.565308,-4660.903809,,,,,,,,,,,,,2616.285400,1567.759155,-3159.775879,,,,,,,,,,,,,,,,,,,,,,,,,,,,,,,,,
10351,103.510000,0.000000,0.000000,0.000000,1.000000,0.000000,0.000000,0.000000,57.698101,20.499701,-14.700500,0.047771,-0.013570,0.015998,-15.666301,-52.738201,18.801300,-93.396698,0.129960,17.611099,-0.263421,-0.430829,-0.667752,0.546903,-693.524475,1535.331177,-4658.648438,-693.741394,1454.639648,-4669.050293,-683.701294,1578.630005,-4687.690430,-705.962158,1486.489624,-4616.949707,-690.693176,1621.565308,-4660.903809,,,,,,,,,,,,,2616.291748,1567.731201,-3159.798828,,,,,,,,,,,,,,,,,,,,,,,,,,,,,,,,,
10352,103.520000,0.000000,0.000000,0.000000,1.000000,0.000000,0.000000,0.000000,57.698101,20.499701,-14.700500,0.047771,-0.013570,0.015998,-15.666301,-52.738201,18.801300,-93.396698,0.129960,17.611099,-0.263421,-0.430829,-0.667752,0.546903,-693.524475,1535.331177,-4658.648438,-693.741394,1454.639648,-4669.050293,-683.701294,1578.630005,-4687.690430,-705.962158,1486.489624,-4616.949707,-690.693176,1621.565308,-4660.903809,,,,,,,,,,,,,2616.274658,1567.726807,-3159.776855,,,,,,,,,,,,,,,,,,,,,,,,,,,,,,,,,
10353,103.530000,0.000000,0.000000,0.000000,1.000000,0.000000,0.000000,0.000000,57.698101,20.499701,-14.700500,0.047771,-0.013570,0.015998,-15.666301,-52.738201,18.801300,-93.396698,0.129960,17.611099,-0.263421,-0.430829,-0.667752,0.546903,-693.524475,1535.331177,-4658.648438,-693.741394,1454.639648,-4669.050293,-683.701294,1578.630005,-4687.690430,-705.962158,1486.489624,-4616.949707,-690.693176,1621.565308,-4660.903809,,,,,,,,,,,,,2616.302246,1567.738647,-3159.782471,,,,,,,,,,,,,,,,,,,,,,,,,,,,,,,,,
10354,103.540000,0.000000,0.000000,0.000000,1.000000,0.000000,0.000000,0.000000,57.698101,20.499701,-14.700500,0.047771,-0.013570,0.015998,-15.666301,-52.738201,18.801300,-93.396698,0.129960,17.611099,-0.263421,-0.430829,-0.667752,0.546903,-693.524475,1535.331177,-4658.648438,-693.741394,1454.639648,-4669.050293,-683.701294,1578.630005,-4687.690430,-705.962158,1486.489624,-4616.949707,-690.693176,1621.565308,-4660.903809,,,,,,,,,,,,,2616.283691,1567.712402,-3159.773682,,,,,,,,,,,,,,,,,,,,,,,,,,,,,,,,,
10355,103.550000,0.000000,0.000000,0.000000,1.000000,0.000000,0.000000,0.000000,57.698101,20.499701,-14.700500,0.047771,-0.013570,0.015998,-15.666301,-52.738201,18.801300,-93.396698,0.129960,17.611099,-0.263421,-0.430829,-0.667752,0.546903,-693.524475,1535.331177,-4658.648438,-693.741394,1454.639648,-4669.050293,-683.701294,1578.630005,-4687.690430,-705.962158,1486.489624,-4616.949707,-690.693176,1621.565308,-4660.903809,,,,,,,,,,,,,2616.266113,1567.716919,-3159.782227,,,,,,,,,,,,,,,,,,,,,,,,,,,,,,,,,
10356,103.560000,0.000000,0.000000,0.000000,1.000000,0.000000,0.000000,0.000000,57.698101,20.499701,-14.700500,0.047771,-0.013570,0.015998,-15.666301,-52.738201,18.801300,-93.396698,0.129960,17.611099,-0.263421,-0.430829,-0.667752,0.546903,-693.524475,1535.331177,-4658.648438,-693.741394,1454.639648,-4669.050293,-683.701294,1578.630005,-4687.690430,-705.962158,1486.489624,-4616.949707,-690.693176,1621.565308,-4660.903809,,,,,,,,,,,,,2616.247070,1567.722534,-3159.786377,,,,,,,,,,,,,,,,,,,,,,,,,,,,,,,,,
10357,103.570000,0.000000,0.000000,0.000000,1.000000,0.000000,0.000000,0.000000,57.698101,20.499701,-14.700500,0.047771,-0.013570,0.015998,-15.666301,-52.738201,18.801300,-93.396698,0.129960,17.611099,-0.263421,-0.430829,-0.667752,0.546903,-693.524475,1535.331177,-4658.648438,-693.741394,1454.639648,-4669.050293,-683.701294,1578.630005,-4687.690430,-705.962158,1486.489624,-4616.949707,-690.693176,1621.565308,-4660.903809,,,,,,,,,,,,,2616.281494,1567.723145,-3159.778320,,,,,,,,,,,,,,,,,,,,,,,,,,,,,,,,,
10358,103.580000,0.000000,0.000000,0.000000,1.000000,0.000000,0.000000,0.000000,57.698101,20.499701,-14.700500,0.047771,-0.013570,0.015998,-15.666301,-52.738201,18.801300,-93.396698,0.129960,17.611099,-0.263421,-0.430829,-0.667752,0.546903,-693.524475,1535.331177,-4658.648438,-693.741394,1454.639648,-4669.050293,-683.701294,1578.630005,-4687.690430,-705.962158,1486.489624,-4616.949707,-690.693176,1621.565308,-4660.903809,,,,,,,,,,,,,2616.289795,1567.750122,-3159.781494,,,,,,,,,,,,,,,,,,,,,,,,,,,,,,,,,
10359,103.590000,0.000000,0.000000,0.000000,1.000000,0.000000,0.000000,0.000000,57.698101,20.499701,-14.700500,0.047771,-0.013570,0.015998,-15.666301,-52.738201,18.801300,-93.396698,0.129960,17.611099,-0.263421,-0.430829,-0.667752,0.546903,-693.524475,1535.331177,-4658.648438,-693.741394,1454.639648,-4669.050293,-683.701294,1578.630005,-4687.690430,-705.962158,1486.489624,-4616.949707,-690.693176,1621.565308,-4660.903809,,,,,,,,,,,,,2616.283203,1567.737793,-3159.785400,,,,,,,,,,,,,,,,,,,,,,,,,,,,,,,,,
10360,103.600000,0.000000,0.000000,0.000000,1.000000,0.000000,0.000000,0.000000,57.698101,20.499701,-14.700500,0.047771,-0.013570,0.015998,-15.666301,-52.738201,18.801300,-93.396698,0.129960,17.611099,-0.263421,-0.430829,-0.667752,0.546903,-693.524475,1535.331177,-4658.648438,-693.741394,1454.639648,-4669.050293,-683.701294,1578.630005,-4687.690430,-705.962158,1486.489624,-4616.949707,-690.693176,1621.565308,-4660.903809,,,,,,,,,,,,,2616.298340,1567.744263,-3159.777832,,,,,,,,,,,,,,,,,,,,,,,,,,,,,,,,,
10361,103.610000,0.000000,0.000000,0.000000,1.000000,0.000000,0.000000,0.000000,57.698101,20.499701,-14.700500,0.047771,-0.013570,0.015998,-15.666301,-52.738201,18.801300,-93.396698,0.129960,17.611099,-0.263421,-0.430829,-0.667752,0.546903,-693.524475,1535.331177,-4658.648438,-693.741394,1454.639648,-4669.050293,-683.701294,1578.630005,-4687.690430,-705.962158,1486.489624,-4616.949707,-690.693176,1621.565308,-4660.903809,,,,,,,,,,,,,2616.295166,1567.774536,-3159.791992,,,,,,,,,,,,,,,,,,,,,,,,,,,,,,,,,
10362,103.620000,0.000000,0.000000,0.000000,1.000000,0.000000,0.000000,0.000000,57.698101,20.499701,-14.700500,0.047771,-0.013570,0.015998,-15.666301,-52.738201,18.801300,-93.396698,0.129960,17.611099,-0.263421,-0.430829,-0.667752,0.546903,-693.524475,1535.331177,-4658.648438,-693.741394,1454.639648,-4669.050293,-683.701294,1578.630005,-4687.690430,-705.962158,1486.489624,-4616.949707,-690.693176,1621.565308,-4660.903809,,,,,,,,,,,,,2616.306885,1567.770142,-3159.793213,,,,,,,,,,,,,,,,,,,,,,,,,,,,,,,,,
10363,103.630000,0.000000,0.000000,0.000000,1.000000,0.000000,0.000000,0.000000,57.698101,20.499701,-14.700500,0.047771,-0.013570,0.015998,-15.666301,-52.738201,18.801300,-93.396698,0.129960,17.611099,-0.263421,-0.430829,-0.667752,0.546903,-693.524475,1535.331177,-4658.648438,-693.741394,1454.639648,-4669.050293,-683.701294,1578.630005,-4687.690430,-705.962158,1486.489624,-4616.949707,-690.693176,1621.565308,-4660.903809,,,,,,,,,,,,,2616.297119,1567.790771,-3159.789795,,,,,,,,,,,,,,,,,,,,,,,,,,,,,,,,,
10364,103.640000,0.000000,0.000000,0.000000,1.000000,0.000000,0.000000,0.000000,57.698101,20.499701,-14.700500,0.047771,-0.013570,0.015998,-15.666301,-52.738201,18.801300,-93.396698,0.129960,17.611099,-0.263421,-0.430829,-0.667752,0.546903,-693.524475,1535.331177,-4658.648438,-693.741394,1454.639648,-4669.050293,-683.701294,1578.630005,-4687.690430,-705.962158,1486.489624,-4616.949707,-690.693176,1621.565308,-4660.903809,,,,,,,,,,,,,2616.275879,1567.721191,-3159.778564,,,,,,,,,,,,,,,,,,,,,,,,,,,,,,,,,
10365,103.650000,0.000000,0.000000,0.000000,1.000000,0.000000,0.000000,0.000000,57.698101,20.499701,-14.700500,0.047771,-0.013570,0.015998,-15.666301,-52.738201,18.801300,-93.396698,0.129960,17.611099,-0.263421,-0.430829,-0.667752,0.546903,-693.524475,1535.331177,-4658.648438,-693.741394,1454.639648,-4669.050293,-683.701294,1578.630005,-4687.690430,-705.962158,1486.489624,-4616.949707,-690.693176,1621.565308,-4660.903809,,,,,,,,,,,,,2616.312988,1567.733887,-3159.779053,,,,,,,,,,,,,,,,,,,,,,,,,,,,,,,,,
10366,103.660000,0.000000,0.000000,0.000000,1.000000,0.000000,0.000000,0.000000,57.698101,20.499701,-14.700500,0.047771,-0.013570,0.015998,-15.666301,-52.738201,18.801300,-93.396698,0.129960,17.611099,-0.263421,-0.430829,-0.667752,0.546903,-693.524475,1535.331177,-4658.648438,-693.741394,1454.639648,-4669.050293,-683.701294,1578.630005,-4687.690430,-705.962158,1486.489624,-4616.949707,-690.693176,1621.565308,-4660.903809,,,,,,,,,,,,,2616.241211,1567.757690,-3159.795898,,,,,,,,,,,,,,,,,,,,,,,,,,,,,,,,,
10367,103.670000,0.000000,0.000000,0.000000,1.000000,0.000000,0.000000,0.000000,57.698101,20.499701,-14.700500,0.047771,-0.013570,0.015998,-15.666301,-52.738201,18.801300,-93.396698,0.129960,17.611099,-0.263421,-0.430829,-0.667752,0.546903,-693.524475,1535.331177,-4658.648438,-693.741394,1454.639648,-4669.050293,-683.701294,1578.630005,-4687.690430,-705.962158,1486.489624,-4616.949707,-690.693176,1621.565308,-4660.903809,,,,,,,,,,,,,2616.242188,1567.761230,-3159.813721,,,,,,,,,,,,,,,,,,,,,,,,,,,,,,,,,
10368,103.680000,0.000000,0.000000,0.000000,1.000000,0.000000,0.000000,0.000000,57.698101,20.499701,-14.700500,0.047771,-0.013570,0.015998,-15.666301,-52.738201,18.801300,-93.396698,0.129960,17.611099,-0.263421,-0.430829,-0.667752,0.546903,-693.524475,1535.331177,-4658.648438,-693.741394,1454.639648,-4669.050293,-683.701294,1578.630005,-4687.690430,-705.962158,1486.489624,-4616.949707,-690.693176,1621.565308,-4660.903809,,,,,,,,,,,,,2616.272461,1567.776855,-3159.792236,,,,,,,,,,,,,,,,,,,,,,,,,,,,,,,,,
10369,103.690000,0.000000,0.000000,0.000000,1.000000,0.000000,0.000000,0.000000,57.698101,20.499701,-14.700500,0.047771,-0.013570,0.015998,-15.666301,-52.738201,18.801300,-93.396698,0.129960,17.611099,-0.263421,-0.430829,-0.667752,0.546903,-693.524475,1535.331177,-4658.648438,-693.741394,1454.639648,-4669.050293,-683.701294,1578.630005,-4687.690430,-705.962158,1486.489624,-4616.949707,-690.693176,1621.565308,-4660.903809,,,,,,,,,,,,,2616.308350,1567.758911,-3159.784180,,,,,,,,,,,,,,,,,,,,,,,,,,,,,,,,,
10370,103.700000,0.000000,0.000000,0.000000,1.000000,0.000000,0.000000,0.000000,57.698101,20.499701,-14.700500,0.047771,-0.013570,0.015998,-15.666301,-52.738201,18.801300,-93.396698,0.129960,17.611099,-0.263421,-0.430829,-0.667752,0.546903,-693.524475,1535.331177,-4658.648438,-693.741394,1454.639648,-4669.050293,-683.701294,1578.630005,-4687.690430,-705.962158,1486.489624,-4616.949707,-690.693176,1621.565308,-4660.903809,,,,,,,,,,,,,2616.320068,1567.735474,-3159.769043,,,,,,,,,,,,,,,,,,,,,,,,,,,,,,,,,
10371,103.710000,0.000000,0.000000,0.000000,1.000000,0.000000,0.000000,0.000000,57.698101,20.499701,-14.700500,0.047771,-0.013570,0.015998,-15.666301,-52.738201,18.801300,-93.396698,0.129960,17.611099,-0.263421,-0.430829,-0.667752,0.546903,-693.524475,1535.331177,-4658.648438,-693.741394,1454.639648,-4669.050293,-683.701294,1578.630005,-4687.690430,-705.962158,1486.489624,-4616.949707,-690.693176,1621.565308,-4660.903809,,,,,,,,,,,,,2616.317627,1567.747925,-3159.769043,,,,,,,,,,,,,,,,,,,,,,,,,,,,,,,,,
10372,103.720000,0.000000,0.000000,0.000000,1.000000,0.000000,0.000000,0.000000,57.698101,20.499701,-14.700500,0.047771,-0.013570,0.015998,-15.666301,-52.738201,18.801300,-93.396698,0.129960,17.611099,-0.263421,-0.430829,-0.667752,0.546903,-693.524475,1535.331177,-4658.648438,-693.741394,1454.639648,-4669.050293,-683.701294,1578.630005,-4687.690430,-705.962158,1486.489624,-4616.949707,-690.693176,1621.565308,-4660.903809,,,,,,,,,,,,,2616.291260,1567.744019,-3159.788330,,,,,,,,,,,,,,,,,,,,,,,,,,,,,,,,,
10373,103.730000,0.000000,0.000000,0.000000,1.000000,0.000000,0.000000,0.000000,57.698101,20.499701,-14.700500,0.047771,-0.013570,0.015998,-15.666301,-52.738201,18.801300,-93.396698,0.129960,17.611099,-0.263421,-0.430829,-0.667752,0.546903,-693.524475,1535.331177,-4658.648438,-693.741394,1454.639648,-4669.050293,-683.701294,1578.630005,-4687.690430,-705.962158,1486.489624,-4616.949707,-690.693176,1621.565308,-4660.903809,,,,,,,,,,,,,2616.296387,1567.766113,-3159.785645,,,,,,,,,,,,,,,,,,,,,,,,,,,,,,,,,
10374,103.740000,0.000000,0.000000,0.000000,1.000000,0.000000,0.000000,0.000000,57.698101,20.499701,-14.700500,0.047771,-0.013570,0.015998,-15.666301,-52.738201,18.801300,-93.396698,0.129960,17.611099,-0.263421,-0.430829,-0.667752,0.546903,-693.524475,1535.331177,-4658.648438,-693.741394,1454.639648,-4669.050293,-683.701294,1578.630005,-4687.690430,-705.962158,1486.489624,-4616.949707,-690.693176,1621.565308,-4660.903809,,,,,,,,,,,,,2616.278809,1567.757568,-3159.802002,,,,,,,,,,,,,,,,,,,,,,,,,,,,,,,,,
10375,103.750000,0.000000,0.000000,0.000000,1.000000,0.000000,0.000000,0.000000,57.698101,20.499701,-14.700500,0.047771,-0.013570,0.015998,-15.666301,-52.738201,18.801300,-93.396698,0.129960,17.611099,-0.263421,-0.430829,-0.667752,0.546903,-693.524475,1535.331177,-4658.648438,-693.741394,1454.639648,-4669.050293,-683.701294,1578.630005,-4687.690430,-705.962158,1486.489624,-4616.949707,-690.693176,1621.565308,-4660.903809,,,,,,,,,,,,,2616.275146,1567.747070,-3159.795410,,,,,,,,,,,,,,,,,,,,,,,,,,,,,,,,,
10376,103.760000,0.000000,0.000000,0.000000,1.000000,0.000000,0.000000,0.000000,57.698101,20.499701,-14.700500,0.047771,-0.013570,0.015998,-15.666301,-52.738201,18.801300,-93.396698,0.129960,17.611099,-0.263421,-0.430829,-0.667752,0.546903,-693.524475,1535.331177,-4658.648438,-693.741394,1454.639648,-4669.050293,-683.701294,1578.630005,-4687.690430,-705.962158,1486.489624,-4616.949707,-690.693176,1621.565308,-4660.903809,,,,,,,,,,,,,2616.271484,1567.777710,-3159.781250,,,,,,,,,,,,,,,,,,,,,,,,,153.677460,1491.255371,-4130.305664,,,,,,
10377,103.770000,0.000000,0.000000,0.000000,1.000000,0.000000,0.000000,0.000000,57.698101,20.499701,-14.700500,0.047771,-0.013570,0.015998,-15.666301,-52.738201,18.801300,-93.396698,0.129960,17.611099,-0.263421,-0.430829,-0.667752,0.546903,-693.524475,1535.331177,-4658.648438,-693.741394,1454.639648,-4669.050293,-683.701294,1578.630005,-4687.690430,-705.962158,1486.489624,-4616.949707,-690.693176,1621.565308,-4660.903809,,,,,,,,,,,,,2616.304443,1567.759888,-3159.782227,,,,,,,,,,,,,,,,,,,,,,,,,156.315140,1489.755615,-4129.424316,,,,,,
10378,103.780000,0.000000,0.000000,0.000000,1.000000,0.000000,0.000000,0.000000,57.698101,20.499701,-14.700500,0.047771,-0.013570,0.015998,-15.666301,-52.738201,18.801300,-93.396698,0.129960,17.611099,-0.263421,-0.430829,-0.667752,0.546903,-693.524475,1535.331177,-4658.648438,-693.741394,1454.639648,-4669.050293,-683.701294,1578.630005,-4687.690430,-705.962158,1486.489624,-4616.949707,-690.693176,1621.565308,-4660.903809,,,,,,,,,,,,,2616.294678,1567.737183,-3159.782715,,,,,,,,,,,,,,,,,,,,,,,,,159.410553,1489.077026,-4128.699707,,,,,,
10379,103.790000,0.000000,0.000000,0.000000,1.000000,0.000000,0.000000,0.000000,57.698101,20.499701,-14.700500,0.047771,-0.013570,0.015998,-15.666301,-52.738201,18.801300,-93.396698,0.129960,17.611099,-0.263421,-0.430829,-0.667752,0.546903,-693.524475,1535.331177,-4658.648438,-693.741394,1454.639648,-4669.050293,-683.701294,1578.630005,-4687.690430,-705.962158,1486.489624,-4616.949707,-690.693176,1621.565308,-4660.903809,,,,,,,,,,,,,2616.276855,1567.777222,-3159.794434,,,,,,,,,,,,,,,,,,,,,,,,,163.046494,1489.043457,-4127.680176,,,,,,
10380,103.800000,0.000000,0.000000,0.000000,1.000000,0.000000,0.000000,0.000000,57.698101,20.499701,-14.700500,0.047771,-0.013570,0.015998,-15.666301,-52.738201,18.801300,-93.396698,0.129960,17.611099,-0.263421,-0.430829,-0.667752,0.546903,-693.524475,1535.331177,-4658.648438,-693.741394,1454.639648,-4669.050293,-683.701294,1578.630005,-4687.690430,-705.962158,1486.489624,-4616.949707,-690.693176,1621.565308,-4660.903809,,,,,,,,,,,,,2616.286133,1567.758057,-3159.799561,,,,,,,,,,,,,,,,,,,,,,,,,166.404099,1488.672485,-4126.766602,,,,,,
10381,103.810000,0.000000,0.000000,0.000000,1.000000,0.000000,0.000000,0.000000,57.698101,20.499701,-14.700500,0.047771,-0.013570,0.015998,-15.666301,-52.738201,18.801300,-93.396698,0.129960,17.611099,-0.263421,-0.430829,-0.667752,0.546903,-693.524475,1535.331177,-4658.648438,-693.741394,1454.639648,-4669.050293,-683.701294,1578.630005,-4687.690430,-705.962158,1486.489624,-4616.949707,-690.693176,1621.565308,-4660.903809,,,,,,,,,,,,,2616.285889,1567.760132,-3159.792725,,,,,,,,,,,,,,,,,,,,,,,,,168.416245,1487.337158,-4126.942871,,,,,,
10382,103.820000,0.000000,0.000000,0.000000,1.000000,0.000000,0.000000,0.000000,57.698101,20.499701,-14.700500,0.047771,-0.013570,0.015998,-15.666301,-52.738201,18.801300,-93.396698,0.129960,17.611099,-0.263421,-0.430829,-0.667752,0.546903,-693.524475,1535.331177,-4658.648438,-693.741394,1454.639648,-4669.050293,-683.701294,1578.630005,-4687.690430,-705.962158,1486.489624,-4616.949707,-690.693176,1621.565308,-4660.903809,,,,,,,,,,,,,2616.305664,1567.740234,-3159.772949,,,,,,,,,,,,,,,,,,,,,,,,,171.621353,1486.835571,-4126.321289,,,,,,
10383,103.830000,0.000000,0.000000,0.000000,1.000000,0.000000,0.000000,0.000000,57.698101,20.499701,-14.700500,0.047771,-0.013570,0.015998,-15.666301,-52.738201,18.801300,-93.396698,0.129960,17.611099,-0.263421,-0.430829,-0.667752,0.546903,-693.524475,1535.331177,-4658.648438,-693.741394,1454.639648,-4669.050293,-683.701294,1578.630005,-4687.690430,-705.962158,1486.489624,-4616.949707,-690.693176,1621.565308,-4660.903809,,,,,,,,,,,,,2616.316406,1567.742065,-3159.766357,,,,,,,,,,,,,,,,,,,,,,,,,175.726593,1486.679688,-4125.480957,,,,,,
10384,103.840000,0.000000,0.000000,0.000000,1.000000,0.000000,0.000000,0.000000,57.698101,20.499701,-14.700500,0.047771,-0.013570,0.015998,-15.666301,-52.738201,18.801300,-93.396698,0.129960,17.611099,-0.263421,-0.430829,-0.667752,0.546903,-693.524475,1535.331177,-4658.648438,-693.741394,1454.639648,-4669.050293,-683.701294,1578.630005,-4687.690430,-705.962158,1486.489624,-4616.949707,-690.693176,1621.565308,-4660.903809,,,,,,,,,,,,,2616.292969,1567.768066,-3159.781006,,,,,,,,,,,,,,,,,,,,,,,,,178.473114,1485.906738,-4125.152344,,,,,,
10385,103.850000,0.000000,0.000000,0.000000,1.000000,0.000000,0.000000,0.000000,57.698101,20.499701,-14.700500,0.047771,-0.013570,0.015998,-15.666301,-52.738201,18.801300,-93.396698,0.129960,17.611099,-0.263421,-0.430829,-0.667752,0.546903,-693.524475,1535.331177,-4658.648438,-693.741394,1454.639648,-4669.050293,-683.701294,1578.630005,-4687.690430,-705.962158,1486.489624,-4616.949707,-690.693176,1621.565308,-4660.903809,,,,,,,,,,,,,2616.286133,1567.780518,-3159.789062,,,,,,,,,,,,,,,,,,,,,,,,,181.258972,1485.061646,-4124.976562,,,,,,
10386,103.860000,0.000000,0.000000,0.000000,1.000000,0.000000,0.000000,0.000000,57.698101,20.499701,-14.700500,0.047771,-0.013570,0.015998,-15.666301,-52.738201,18.801300,-93.396698,0.129960,17.611099,-0.263421,-0.430829,-0.667752,0.546903,-693.524475,1535.331177,-4658.648438,-693.741394,1454.639648,-4669.050293,-683.701294,1578.630005,-4687.690430,-705.962158,1486.489624,-4616.949707,-690.693176,1621.565308,-4660.903809,,,,,,,,,,,,,2616.293945,1567.792358,-3159.797119,,,,,,,,,,,,,,,,,,,,,,,,,185.480209,1484.943115,-4123.806641,,,,,,
10387,103.870000,0.000000,0.000000,0.000000,1.000000,0.000000,0.000000,0.000000,57.698101,20.499701,-14.700500,0.047771,-0.013570,0.015998,-15.666301,-52.738201,18.801300,-93.396698,0.129960,17.611099,-0.263421,-0.430829,-0.667752,0.546903,-693.524475,1535.331177,-4658.648438,-693.741394,1454.639648,-4669.050293,-683.701294,1578.630005,-4687.690430,-705.962158,1486.489624,-4616.949707,-690.693176,1621.565308,-4660.903809,,,,,,,,,,,,,2616.236084,1567.805054,-3159.806641,,,,,,,,,,,,,,,,,,,,,,,,,189.359146,1484.773193,-4123.007324,,,,,,
10388,103.880000,0.000000,0.000000,0.000000,1.000000,0.000000,0.000000,0.000000,57.698101,20.499701,-14.700500,0.047771,-0.013570,0.015998,-15.666301,-52.738201,18.801300,-93.396698,0.129960,17.611099,-0.263421,-0.430829,-0.667752,0.546903,-693.524475,1535.331177,-4658.648438,-693.741394,1454.639648,-4669.050293,-683.701294,1578.630005,-4687.690430,-705.962158,1486.489624,-4616.949707,-690.693176,1621.565308,-4660.903809,,,,,,,,,,,,,2616.235107,1567.761108,-3159.821533,,,,,,,,,,,,,,,,,,,,,,,,,191.724533,1483.667603,-4123.144043,214.288666,1451.094727,-4169.742676,,,
10389,103.890000,0.000000,0.000000,0.000000,1.000000,0.000000,0.000000,0.000000,57.698101,20.499701,-14.700500,0.047771,-0.013570,0.015998,-15.666301,-52.738201,18.801300,-93.396698,0.129960,17.611099,-0.263421,-0.430829,-0.667752,0.546903,-693.524475,1535.331177,-4658.648438,-693.741394,1454.639648,-4669.050293,-683.701294,1578.630005,-4687.690430,-705.962158,1486.489624,-4616.949707,-690.693176,1621.565308,-4660.903809,,,,,,,,,,,,,2616.259277,1567.772339,-3159.784668,,,,,,,,,,,,,,,,,,,,,,,,,195.512665,1483.283081,-4122.503418,217.996582,1449.480713,-4169.146484,,,
10390,103.900000,0.000000,0.000000,0.000000,1.000000,0.000000,0.000000,0.000000,57.698101,20.499701,-14.700500,0.047771,-0.013570,0.015998,-15.666301,-52.738201,18.801300,-93.396698,0.129960,17.611099,-0.263421,-0.430829,-0.667752,0.546903,-693.524475,1535.331177,-4658.648438,-693.741394,1454.639648,-4669.050293,-683.701294,1578.630005,-4687.690430,-705.962158,1486.489624,-4616.949707,-690.693176,1621.565308,-4660.903809,,,,,,,,,,,,,2616.309814,1567.771484,-3159.785645,,,,,,,,,,,,,,,,,,,,,,,,,199.798538,1483.318115,-4121.362793,222.203247,1449.517212,-4168.289062,,,
10391,103.910000,0.000000,0.000000,0.000000,1.000000,0.000000,0.000000,0.000000,57.698101,20.499701,-14.700500,0.047771,-0.013570,0.015998,-15.666301,-52.738201,18.801300,-93.396698,0.129960,17.611099,-0.263421,-0.430829,-0.667752,0.546903,-693.524475,1535.331177,-4658.648438,-693.741394,1454.639648,-4669.050293,-683.701294,1578.630005,-4687.690430,-705.962158,1486.489624,-4616.949707,-690.693176,1621.565308,-4660.903809,,,,,,,,,,,,,2616.304688,1567.742798,-3159.784424,,,,,,,,,,,,,,,,,,,,,,,,,201.962494,1482.353516,-4121.558594,225.410446,1449.164185,-4167.580078,,,
10392,103.920000,0.000000,0.000000,0.000000,1.000000,0.000000,0.000000,0.000000,57.698101,20.499701,-14.700500,0.047771,-0.013570,0.015998,-15.666301,-52.738201,18.801300,-93.396698,0.129960,17.611099,-0.263421,-0.430829,-0.667752,0.546903,-693.524475,1535.331177,-4658.648438,-693.741394,1454.639648,-4669.050293,-683.701294,1578.630005,-4687.690430,-705.962158,1486.489624,-4616.949707,-690.693176,1621.565308,-4660.903809,,,,,,,,,,,,,2616.287842,1567.763550,-3159.789307,,,,,,,,,,,,,,,,,,,,,,,,,206.481903,1482.144775,-4120.397949,228.732132,1448.390991,-4167.297363,,,
10393,103.930000,0.000000,0.000000,0.000000,1.000000,0.000000,0.000000,0.000000,57.698101,20.499701,-14.700500,0.047771,-0.013570,0.015998,-15.666301,-52.738201,18.801300,-93.396698,0.129960,17.611099,-0.263421,-0.430829,-0.667752,0.546903,-693.524475,1535.331177,-4658.648438,-693.741394,1454.639648,-4669.050293,-683.701294,1578.630005,-4687.690430,-705.962158,1486.489624,-4616.949707,-690.693176,1621.565308,-4660.903809,,,,,,,,,,,,,2616.264160,1567.756958,-3159.792969,,,,,,,,,,,,,,,,,,,,,,,,,210.521484,1481.990356,-4119.606445,233.443054,1448.445923,-4165.949707,,,
10394,103.940000,0.000000,0.000000,0.000000,1.000000,0.000000,0.000000,0.000000,57.698101,20.499701,-14.700500,0.047771,-0.013570,0.015998,-15.666301,-52.738201,18.801300,-93.396698,0.129960,17.611099,-0.263421,-0.430829,-0.667752,0.546903,-693.524475,1535.331177,-4658.648438,-693.741394,1454.639648,-4669.050293,-683.701294,1578.630005,-4687.690430,-705.962158,1486.489624,-4616.949707,-690.693176,1621.565308,-4660.903809,,,,,,,,,,,,,2616.293457,1567.747314,-3159.787354,,,,,,,,,,,,,,,,,,,,,,,,,212.972382,1481.222900,-4119.787109,236.275543,1447.846313,-4165.987305,,,
10395,103.950000,0.000000,0.000000,0.000000,1.000000,0.000000,0.000000,0.000000,57.698101,20.499701,-14.700500,0.047771,-0.013570,0.015998,-15.666301,-52.738201,18.801300,-93.396698,0.129960,17.611099,-0.263421,-0.430829,-0.667752,0.546903,-693.524475,1535.331177,-4658.648438,-693.741394,1454.639648,-4669.050293,-683.701294,1578.630005,-4687.690430,-705.962158,1486.489624,-4616.949707,-690.693176,1621.565308,-4660.903809,,,,,,,,,,,,,2616.284668,1567.723267,-3159.780762,,,,,,,,,,,,,,,,,,,,,,,,,217.121826,1481.284912,-4118.962402,239.808258,1447.421509,-4165.577637,,,
10396,103.960000,0.000000,0.000000,0.000000,1.000000,0.000000,0.000000,0.000000,57.698101,20.499701,-14.700500,0.047771,-0.013570,0.015998,-15.666301,-52.738201,18.801300,-93.396698,0.129960,17.611099,-0.263421,-0.430829,-0.667752,0.546903,-693.524475,1535.331177,-4658.648438,-693.741394,1454.639648,-4669.050293,-683.701294,1578.630005,-4687.690430,-705.962158,1486.489624,-4616.949707,-690.693176,1621.565308,-4660.903809,,,,,,,,,,,,,2616.290039,1567.731079,-3159.784912,,,,,,,,,,,,,,,,,,,,,,,,,221.664307,1480.928345,-4117.838867,244.773941,1447.342285,-4164.282227,,,
10397,103.970000,0.000000,0.000000,0.000000,1.000000,0.000000,0.000000,0.000000,57.698101,20.499701,-14.700500,0.047771,-0.013570,0.015998,-15.666301,-52.738201,18.801300,-93.396698,0.129960,17.611099,-0.263421,-0.430829,-0.667752,0.546903,-693.524475,1535.331177,-4658.648438,-693.741394,1454.639648,-4669.050293,-683.701294,1578.630005,-4687.690430,-705.962158,1486.489624,-4616.949707,-690.693176,1621.565308,-4660.903809,,,,,,,,,,,,,2616.287842,1567.738525,-3159.788086,,,,,,,,,,,,,,,,,,,,,,,,,224.563095,1480.268311,-4117.663574,247.708420,1446.654785,-4164.190430,,,
10398,103.980000,0.000000,0.000000,0.000000,1.000000,0.000000,0.000000,0.000000,57.698101,20.499701,-14.700500,0.047771,-0.013570,0.015998,-15.666301,-52.738201,18.801300,-93.396698,0.129960,17.611099,-0.263421,-0.430829,-0.667752,0.546903,-693.524475,1535.331177,-4658.648438,-693.741394,1454.639648,-4669.050293,-683.701294,1578.630005,-4687.690430,-705.962158,1486.489624,-4616.949707,-690.693176,1621.565308,-4660.903809,,,,,,,,,,,,,2616.295654,1567.720947,-3159.780762,,,,,,,,,,,,,,,,,,,,,,,,,229.182220,1480.032959,-4116.898438,251.910065,1446.737183,-4163.344727,,,
10399,103.990000,0.000000,0.000000,0.000000,1.000000,0.000000,0.000000,0.000000,57.698101,20.499701,-14.700500,0.047771,-0.013570,0.015998,-15.666301,-52.738201,18.801300,-93.396698,0.129960,17.611099,-0.263421,-0.430829,-0.667752,0.546903,-693.524475,1535.331177,-4658.648438,-693.741394,1454.639648,-4669.050293,-683.701294,1578.630005,-4687.690430,-705.962158,1486.489624,-4616.949707,-690.693176,1621.565308,-4660.903809,,,,,,,,,,,,,2616.286621,1567.764648,-3159.777100,,,,,,,,,,,,,,,,,,,,,,,,,233.184982,1479.722412,-4116.279297,256.414185,1446.552368,-4162.614746,,,
10400,104.000000,0.000000,0.000000,0.000000,1.000000,0.000000,0.000000,0.000000,57.698101,20.499701,-14.700500,0.047771,-0.013570,0.015998,-15.666301,-52.738201,18.801300,-93.396698,0.129960,17.611099,-0.263421,-0.430829,-0.667752,0.546903,-693.524475,1535.331177,-4658.648438,-693.741394,1454.639648,-4669.050293,-683.701294,1578.630005,-4687.690430,-705.962158,1486.489624,-4616.949707,-690.693176,1621.565308,-4660.903809,,,,,,,,,,,,,2616.304688,1567.735718,-3159.777100,,,,,,,,,,,,,,,,,,,,,,,,,236.658646,1479.432617,-4115.852539,259.562683,1445.720093,-4162.469238,,,
10401,104.010000,0.000000,0.000000,0.000000,1.000000,0.000000,0.000000,0.000000,57.698101,20.499701,-14.700500,0.047771,-0.013570,0.015998,-15.666301,-52.738201,18.801300,-93.396698,0.129960,17.611099,-0.263421,-0.430829,-0.667752,0.546903,-693.524475,1535.331177,-4658.648438,-693.741394,1454.639648,-4669.050293,-683.701294,1578.630005,-4687.690430,-705.962158,1486.489624,-4616.949707,-690.693176,1621.565308,-4660.903809,,,,,,,,,,,,,2616.314941,1567.760620,-3159.777832,,,,,,,,,,,,,,,,,,,,,,,,,242.037598,1479.478149,-4114.499023,264.672241,1445.768066,-4161.318359,,,
10402,104.020000,0.000000,0.000000,0.000000,1.000000,0.000000,0.000000,0.000000,57.698101,20.499701,-14.700500,0.047771,-0.013570,0.015998,-15.666301,-52.738201,18.801300,-93.396698,0.129960,17.611099,-0.263421,-0.430829,-0.667752,0.546903,-693.524475,1535.331177,-4658.648438,-693.741394,1454.639648,-4669.050293,-683.701294,1578.630005,-4687.690430,-705.962158,1486.489624,-4616.949707,-690.693176,1621.565308,-4660.903809,,,,,,,,,,,,,2616.314697,1567.746094,-3159.774902,,,,,,,,,,,,,,,,,,,,,,,,,245.069748,1478.919312,-4114.592773,268.231293,1445.488647,-4161.080078,,,
10403,104.030000,0.000000,0.000000,0.000000,1.000000,0.000000,0.000000,0.000000,57.698101,20.499701,-14.700500,0.047771,-0.013570,0.015998,-15.666301,-52.738201,18.801300,-93.396698,0.129960,17.611099,-0.263421,-0.430829,-0.667752,0.546903,-693.524475,1535.331177,-4658.648438,-693.741394,1454.639648,-4669.050293,-683.701294,1578.630005,-4687.690430,-705.962158,1486.489624,-4616.949707,-690.693176,1621.565308,-4660.903809,,,,,,,,,,,,,2616.297119,1567.772583,-3159.775635,,,,,,,,,,,,,,,,,,,,,,,,,249.920624,1478.819214,-4113.779785,272.598511,1445.210205,-4160.463379,,,
10404,104.040000,0.000000,0.000000,0.000000,1.000000,0.000000,0.000000,0.000000,57.698101,20.499701,-14.700500,0.047771,-0.013570,0.015998,-15.666301,-52.738201,18.801300,-93.396698,0.129960,17.611099,-0.263421,-0.430829,-0.667752,0.546903,-693.524475,1535.331177,-4658.648438,-693.741394,1454.639648,-4669.050293,-683.701294,1578.630005,-4687.690430,-705.962158,1486.489624,-4616.949707,-690.693176,1621.565308,-4660.903809,,,,,,,,,,,,,2616.302734,1567.746704,-3159.788086,,,,,,,,,,,,,,,,,,,,,,,,,253.932053,1478.641113,-4113.067871,277.516113,1445.362671,-4159.540039,,,
10405,104.050000,0.000000,0.000000,0.000000,1.000000,0.000000,0.000000,0.000000,57.698101,20.499701,-14.700500,0.047771,-0.013570,0.015998,-15.666301,-52.738201,18.801300,-93.396698,0.129960,17.611099,-0.263421,-0.430829,-0.667752,0.546903,-693.524475,1535.331177,-4658.648438,-693.741394,1454.639648,-4669.050293,-683.701294,1578.630005,-4687.690430,-705.962158,1486.489624,-4616.949707,-690.693176,1621.565308,-4660.903809,,,,,,,,,,,,,2616.297119,1567.775146,-3159.790527,,,,,,,,,,,,,,,,,,,,,,,,,258.115692,1478.472168,-4112.518066,280.576447,1444.801270,-4159.412109,,,
10406,104.060000,0.000000,0.000000,0.000000,1.000000,0.000000,0.000000,0.000000,57.698101,20.499701,-14.700500,0.047771,-0.013570,0.015998,-15.666301,-52.738201,18.801300,-93.396698,0.129960,17.611099,-0.263421,-0.430829,-0.667752,0.546903,-693.524475,1535.331177,-4658.648438,-693.741394,1454.639648,-4669.050293,-683.701294,1578.630005,-4687.690430,-705.962158,1486.489624,-4616.949707,-690.693176,1621.565308,-4660.903809,,,,,,,,,,,,,2616.289307,1567.758057,-3159.785156,,,,,,,,,,,,,,,,,,,,,,,,,263.075745,1478.503662,-4111.705078,285.999298,1444.769287,-4158.217773,,,
10407,104.070000,0.000000,0.000000,0.000000,1.000000,0.000000,0.000000,0.000000,57.698101,20.499701,-14.700500,0.047771,-0.013570,0.015998,-15.666301,-52.738201,18.801300,-93.396698,0.129960,17.611099,-0.263421,-0.430829,-0.667752,0.546903,-693.524475,1535.331177,-4658.648438,-693.741394,1454.639648,-4669.050293,-683.701294,1578.630005,-4687.690430,-705.962158,1486.489624,-4616.949707,-690.693176,1621.565308,-4660.903809,,,,,,,,,,,,,2616.260010,1567.751221,-3159.794189,,,,,,,,,,,,,,,,,,,,,,,,,266.259186,1477.870972,-4111.594238,289.303314,1444.259766,-4158.140137,,,
10408,104.080000,0.000000,0.000000,0.000000,1.000000,0.000000,0.000000,0.000000,57.698101,20.499701,-14.700500,0.047771,-0.013570,0.015998,-15.666301,-52.738201,18.801300,-93.396698,0.129960,17.611099,-0.263421,-0.430829,-0.667752,0.546903,-693.524475,1535.331177,-4658.648438,-693.741394,1454.639648,-4669.050293,-683.701294,1578.630005,-4687.690430,-705.962158,1486.489624,-4616.949707,-690.693176,1621.565308,-4660.903809,,,,,,,,,,,,,2616.290039,1567.755859,-3159.802734,,,,,,,,,,,,,,,,,,,,,,,,,271.901062,1478.153198,-4110.183105,294.350861,1444.519775,-4156.773438,,,
10409,104.090000,0.000000,0.000000,0.000000,1.000000,0.000000,0.000000,0.000000,57.698101,20.499701,-14.700500,0.047771,-0.013570,0.015998,-15.666301,-52.738201,18.801300,-93.396698,0.129960,17.611099,-0.263421,-0.430829,-0.667752,0.546903,-693.524475,1535.331177,-4658.648438,-693.741394,1454.639648,-4669.050293,-683.701294,1578.630005,-4687.690430,-705.962158,1486.489624,-4616.949707,-690.693176,1621.565308,-4660.903809,,,,,,,,,,,,,2616.270264,1567.728516,-3159.786377,,,,,,,,,,,,,,,,,,,,,,,,,275.286163,1477.678589,-4109.950684,298.758667,1444.531250,-4156.057617,,,
10410,104.100000,0.000000,0.000000,0.000000,1.000000,0.000000,0.000000,0.000000,57.698101,20.499701,-14.700500,0.047771,-0.013570,0.015998,-15.666301,-52.738201,18.801300,-93.396698,0.129960,17.611099,-0.263421,-0.430829,-0.667752,0.546903,-693.524475,1535.331177,-4658.648438,-693.741394,1454.639648,-4669.050293,-683.701294,1578.630005,-4687.690430,-705.962158,1486.489624,-4616.949707,-690.693176,1621.565308,-4660.903809,,,,,,,,,,,,,2616.298584,1567.738770,-3159.777588,,,,,,,,,,,,,,,,,,,,,,,,,280.077942,1477.767090,-4109.019043,302.493591,1444.138306,-4155.676270,,,
10411,104.110000,0.000000,0.000000,0.000000,1.000000,0.000000,0.000000,0.000000,57.698101,20.499701,-14.700500,0.047771,-0.013570,0.015998,-15.666301,-52.738201,18.801300,-93.396698,0.129960,17.611099,-0.263421,-0.430829,-0.667752,0.546903,-693.524475,1535.331177,-4658.648438,-693.741394,1454.639648,-4669.050293,-683.701294,1578.630005,-4687.690430,-705.962158,1486.489624,-4616.949707,-690.693176,1621.565308,-4660.903809,,,,,,,,,,,,,2616.306885,1567.761108,-3159.781982,,,,,,,,,,,,,,,,,,,,,,,,,284.388947,1477.860107,-4108.232910,307.829254,1444.406128,-4154.355957,,,
10412,104.120000,0.000000,0.000000,0.000000,1.000000,0.000000,0.000000,0.000000,57.698101,20.499701,-14.700500,0.047771,-0.013570,0.015998,-15.666301,-52.738201,18.801300,-93.396698,0.129960,17.611099,-0.263421,-0.430829,-0.667752,0.546903,-693.524475,1535.331177,-4658.648438,-693.741394,1454.639648,-4669.050293,-683.701294,1578.630005,-4687.690430,-705.962158,1486.489624,-4616.949707,-690.693176,1621.565308,-4660.903809,,,,,,,,,,,,,2616.291016,1567.766968,-3159.792480,,,,,,,,,,,,,,,,,,,,,,,,,288.618103,1477.709717,-4107.366699,310.820679,1443.681885,-4154.497559,,,
10413,104.130000,0.000000,0.000000,0.000000,1.000000,0.000000,0.000000,0.000000,57.698101,20.499701,-14.700500,0.047771,-0.013570,0.015998,-15.666301,-52.738201,18.801300,-93.396698,0.129960,17.611099,-0.263421,-0.430829,-0.667752,0.546903,-693.524475,1535.331177,-4658.648438,-693.741394,1454.639648,-4669.050293,-683.701294,1578.630005,-4687.690430,-705.962158,1486.489624,-4616.949707,-690.693176,1621.565308,-4660.903809,,,,,,,,,,,,,2616.297852,1567.734985,-3159.784912,,,,,,,,,,,,,,,,,,,,,,,,,293.756134,1477.815308,-4106.250488,316.369751,1444.308838,-4152.891602,,,
10414,104.140000,0.000000,0.000000,0.000000,1.000000,0.000000,0.000000,0.000000,57.698101,20.499701,-14.700500,0.047771,-0.013570,0.015998,-15.666301,-52.738201,18.801300,-93.396698,0.129960,17.611099,-0.263421,-0.430829,-0.667752,0.546903,-693.524475,1535.331177,-4658.648438,-693.741394,1454.639648,-4669.050293,-683.701294,1578.630005,-4687.690430,-705.962158,1486.489624,-4616.949707,-690.693176,1621.565308,-4660.903809,,,,,,,,,,,,,2616.300781,1567.734985,-3159.781982,,,,,,,,,,,,,,,,,,,,,,,,,296.864075,1477.424438,-4106.121582,319.604706,1443.971313,-4152.914551,,,
10415,104.150000,0.000000,0.000000,0.000000,1.000000,0.000000,0.000000,0.000000,57.698101,20.499701,-14.700500,0.047771,-0.013570,0.015998,-15.666301,-52.738201,18.801300,-93.396698,0.129960,17.611099,-0.263421,-0.430829,-0.667752,0.546903,-693.524475,1535.331177,-4658.648438,-693.741394,1454.639648,-4669.050293,-683.701294,1578.630005,-4687.690430,-705.962158,1486.489624,-4616.949707,-690.693176,1621.565308,-4660.903809,,,,,,,,,,,,,2616.311035,1567.743286,-3159.780762,,,,,,,,,,,,,,,,,,,,,,,,,302.261566,1477.995728,-4104.836426,324.102112,1444.262207,-4151.888672,,,
10416,104.160000,0.000000,0.000000,0.000000,1.000000,0.000000,0.000000,0.000000,57.698101,20.499701,-14.700500,0.047771,-0.013570,0.015998,-15.666301,-52.738201,18.801300,-93.396698,0.129960,17.611099,-0.263421,-0.430829,-0.667752,0.546903,-693.524475,1535.331177,-4658.648438,-693.741394,1454.639648,-4669.050293,-683.701294,1578.630005,-4687.690430,-705.962158,1486.489624,-4616.949707,-690.693176,1621.565308,-4660.903809,,,,,,,,,,,,,2616.333496,1567.730103,-3159.761719,,,,,,,,,,,,,,,,,,,,,,,,,305.646393,1477.739014,-4104.402344,328.671814,1444.728394,-4150.854492,,,
10417,104.170000,0.000000,0.000000,0.000000,1.000000,0.000000,0.000000,0.000000,57.698101,20.499701,-14.700500,0.047771,-0.013570,0.015998,-15.666301,-52.738201,18.801300,-93.396698,0.129960,17.611099,-0.263421,-0.430829,-0.667752,0.546903,-693.524475,1535.331177,-4658.648438,-693.741394,1454.639648,-4669.050293,-683.701294,1578.630005,-4687.690430,-705.962158,1486.489624,-4616.949707,-690.693176,1621.565308,-4660.903809,,,,,,,,,,,,,2616.307373,1567.719360,-3159.767090,,,,,,,,,,,,,,,,,,,,,,,,,310.223602,1478.138550,-4103.437988,332.029724,1444.396729,-4150.526367,,,
10418,104.180000,0.000000,0.000000,0.000000,1.000000,0.000000,0.000000,0.000000,57.698101,20.499701,-14.700500,0.047771,-0.013570,0.015998,-15.666301,-52.738201,18.801300,-93.396698,0.129960,17.611099,-0.263421,-0.430829,-0.667752,0.546903,-693.524475,1535.331177,-4658.648438,-693.741394,1454.639648,-4669.050293,-683.701294,1578.630005,-4687.690430,-705.962158,1486.489624,-4616.949707,-690.693176,1621.565308,-4660.903809,,,,,,,,,,,,,2616.321533,1567.726685,-3159.770508,,,,,,,,,,,,,,,,,,,,,,,,,314.504761,1478.755737,-4102.447754,337.074249,1445.020996,-4149.195801,,,
10419,104.190000,0.000000,0.000000,0.000000,1.000000,0.000000,0.000000,0.000000,57.698101,20.499701,-14.700500,0.047771,-0.013570,0.015998,-15.666301,-52.738201,18.801300,-93.396698,0.129960,17.611099,-0.263421,-0.430829,-0.667752,0.546903,-693.524475,1535.331177,-4658.648438,-693.741394,1454.639648,-4669.050293,-683.701294,1578.630005,-4687.690430,-705.962158,1486.489624,-4616.949707,-690.693176,1621.565308,-4660.903809,,,,,,,,,,,,,2616.300781,1567.763916,-3159.773926,,,,,,,,,,,,,,,,,,,,,,,,,317.637238,1478.867554,-4102.113770,340.053223,1444.986450,-4148.819336,,,
10420,104.200000,0.000000,0.000000,0.000000,1.000000,0.000000,0.000000,0.000000,57.698101,20.499701,-14.700500,0.047771,-0.013570,0.015998,-15.666301,-52.738201,18.801300,-93.396698,0.129960,17.611099,-0.263421,-0.430829,-0.667752,0.546903,-693.524475,1535.331177,-4658.648438,-693.741394,1454.639648,-4669.050293,-683.701294,1578.630005,-4687.690430,-705.962158,1486.489624,-4616.949707,-690.693176,1621.565308,-4660.903809,,,,,,,,,,,,,2616.291504,1567.750122,-3159.781250,,,,,,,,,,,,,,,,,,,,,,,,,322.386047,1479.886963,-4100.832031,344.634369,1445.790283,-4147.556641,,,
10421,104.210000,0.000000,0.000000,0.000000,1.000000,0.000000,0.000000,0.000000,57.698101,20.499701,-14.700500,0.047771,-0.013570,0.015998,-15.666301,-52.738201,18.801300,-93.396698,0.129960,17.611099,-0.263421,-0.430829,-0.667752,0.546903,-693.524475,1535.331177,-4658.648438,-693.741394,1454.639648,-4669.050293,-683.701294,1578.630005,-4687.690430,-705.962158,1486.489624,-4616.949707,-690.693176,1621.565308,-4660.903809,,,,,,,,,,,,,2616.277100,1567.744507,-3159.794678,,,,,,,,,,,,,,,,,,,,,,,,,325.612488,1479.794189,-4100.242188,348.623169,1446.614868,-4146.456055,,,
10422,104.220000,0.000000,0.000000,0.000000,1.000000,0.000000,0.000000,0.000000,57.698101,20.499701,-14.700500,0.047771,-0.013570,0.015998,-15.666301,-52.738201,18.801300,-93.396698,0.129960,17.611099,-0.263421,-0.430829,-0.667752,0.546903,-693.524475,1535.331177,-4658.648438,-693.741394,1454.639648,-4669.050293,-683.701294,1578.630005,-4687.690430,-705.962158,1486.489624,-4616.949707,-690.693176,1621.565308,-4660.903809,,,,,,,,,,,,,2616.256836,1567.766602,-3159.795898,,,,,,,,,,,,,,,,,,,,,,,,,329.903534,1480.641113,-4099.029297,351.685303,1446.694702,-4146.147461,,,
10423,104.230000,0.000000,0.000000,0.000000,1.000000,0.000000,0.000000,0.000000,57.698101,20.499701,-14.700500,0.047771,-0.013570,0.015998,-15.666301,-52.738201,18.801300,-93.396698,0.129960,17.611099,-0.263421,-0.430829,-0.667752,0.546903,-693.524475,1535.331177,-4658.648438,-693.741394,1454.639648,-4669.050293,-683.701294,1578.630005,-4687.690430,-705.962158,1486.489624,-4616.949707,-690.693176,1621.565308,-4660.903809,,,,,,,,,,,,,2616.262207,1567.778198,-3159.808350,,,,,,,,,,,,,,,,,,,,,,,,,333.630676,1481.497070,-4098.195312,356.413391,1447.660767,-4144.638184,,,
10424,104.240000,0.000000,0.000000,0.000000,1.000000,0.000000,0.000000,0.000000,57.698101,20.499701,-14.700500,0.047771,-0.013570,0.015998,-15.666301,-52.738201,18.801300,-93.396698,0.129960,17.611099,-0.263421,-0.430829,-0.667752,0.546903,-693.524475,1535.331177,-4658.648438,-693.741394,1454.639648,-4669.050293,-683.701294,1578.630005,-4687.690430,-705.962158,1486.489624,-4616.949707,-690.693176,1621.565308,-4660.903809,,,,,,,,,,,,,2616.281250,1567.753662,-3159.800293,,,,,,,,,,,,,,,,,,,,,,,,,336.181000,1481.932861,-4098.015625,358.910706,1447.954590,-4144.474609,,,
10425,104.250000,0.000000,0.000000,0.000000,1.000000,0.000000,0.000000,0.000000,57.698101,20.499701,-14.700500,0.047771,-0.013570,0.015998,-15.666301,-52.738201,18.801300,-93.396698,0.129960,17.611099,-0.263421,-0.430829,-0.667752,0.546903,-693.524475,1535.331177,-4658.648438,-693.741394,1454.639648,-4669.050293,-683.701294,1578.630005,-4687.690430,-705.962158,1486.489624,-4616.949707,-690.693176,1621.565308,-4660.903809,,,,,,,,,,,,,2616.268311,1567.725708,-3159.791504,,,,,,,,,,,,,,,,,,,,,,,,,341.119843,1483.285645,-4096.319824,362.884216,1448.944946,-4143.424805,,,
10426,104.260000,0.000000,0.000000,0.000000,1.000000,0.000000,0.000000,0.000000,57.698101,20.499701,-14.700500,0.047771,-0.013570,0.015998,-15.666301,-52.738201,18.801300,-93.396698,0.129960,17.611099,-0.263421,-0.430829,-0.667752,0.546903,-693.524475,1535.331177,-4658.648438,-693.741394,1454.639648,-4669.050293,-683.701294,1578.630005,-4687.690430,-705.962158,1486.489624,-4616.949707,-690.693176,1621.565308,-4660.903809,,,,,,,,,,,,,2616.278564,1567.745972,-3159.792236,,,,,,,,,,,,,,,,,,,,,,,,,343.211700,1483.448608,-4096.469238,366.722748,1450.152344,-4142.382812,,,
10427,104.270000,0.000000,0.000000,0.000000,1.000000,0.000000,0.000000,0.000000,57.698101,20.499701,-14.700500,0.047771,-0.013570,0.015998,-15.666301,-52.738201,18.801300,-93.396698,0.129960,17.611099,-0.263421,-0.430829,-0.667752,0.546903,-693.524475,1535.331177,-4658.648438,-693.741394,1454.639648,-4669.050293,-683.701294,1578.630005,-4687.690430,-705.962158,1486.489624,-4616.949707,-690.693176,1621.565308,-4660.903809,,,,,,,,,,,,,2616.302002,1567.747681,-3159.787598,,,,,,,,,,,,,,,,,,,,,,,,,346.857239,1484.565674,-4095.890137,368.832001,1450.545776,-4142.638184,,,
10428,104.280000,0.000000,0.000000,0.000000,1.000000,0.000000,0.000000,0.000000,57.698101,20.499701,-14.700500,0.047771,-0.013570,0.015998,-15.666301,-52.738201,18.801300,-93.396698,0.129960,17.611099,-0.263421,-0.430829,-0.667752,0.546903,-693.524475,1535.331177,-4658.648438,-693.741394,1454.639648,-4669.050293,-683.701294,1578.630005,-4687.690430,-705.962158,1486.489624,-4616.949707,-690.693176,1621.565308,-4660.903809,,,,,,,,,,,,,2616.289795,1567.773315,-3159.795410,,,,,,,,,,,,,,,,,,,,,,,,,350.795685,1485.784058,-4094.705078,373.322266,1451.830444,-4141.367676,,,
10429,104.290000,0.000000,0.000000,0.000000,1.000000,0.000000,0.000000,0.000000,57.698101,20.499701,-14.700500,0.047771,-0.013570,0.015998,-15.666301,-52.738201,18.801300,-93.396698,0.129960,17.611099,-0.263421,-0.430829,-0.667752,0.546903,-693.524475,1535.331177,-4658.648438,-693.741394,1454.639648,-4669.050293,-683.701294,1578.630005,-4687.690430,-705.962158,1486.489624,-4616.949707,-690.693176,1621.565308,-4660.903809,,,,,,,,,,,,,2616.305664,1567.754517,-3159.800781,,,,,,,,,,,,,,,,,,,,,,,,,352.936737,1485.830688,-4094.848633,375.865723,1452.529663,-4141.276367,,,
10430,104.300000,0.000000,0.000000,0.000000,1.000000,0.000000,0.000000,0.000000,57.698101,20.499701,-14.700500,0.047771,-0.013570,0.015998,-15.666301,-52.738201,18.801300,-93.396698,0.129960,17.611099,-0.263421,-0.430829,-0.667752,0.546903,-693.524475,1535.331177,-4658.648438,-693.741394,1454.639648,-4669.050293,-683.701294,1578.630005,-4687.690430,-705.962158,1486.489624,-4616.949707,-690.693176,1621.565308,-4660.903809,,,,,,,,,,,,,2616.306152,1567.727173,-3159.783447,,,,,,,,,,,,,,,,,,,,,,,,,356.718781,1486.813232,-4093.989746,378.663025,1453.234375,-4141.122559,,,
10431,104.310000,0.000000,0.000000,0.000000,1.000000,0.000000,0.000000,0.000000,57.698101,20.499701,-14.700500,0.047771,-0.013570,0.015998,-15.666301,-52.738201,18.801300,-93.396698,0.129960,17.611099,-0.263421,-0.430829,-0.667752,0.546903,-693.524475,1535.331177,-4658.648438,-693.741394,1454.639648,-4669.050293,-683.701294,1578.630005,-4687.690430,-705.962158,1486.489624,-4616.949707,-690.693176,1621.565308,-4660.903809,,,,,,,,,,,,,2616.306152,1567.739746,-3159.778320,,,,,,,,,,,,,,,,,,,,,,,,,359.713745,1487.713623,-4093.395264,382.734558,1454.457886,-4140.062500,,,
10432,104.320000,0.000000,0.000000,0.000000,1.000000,0.000000,0.000000,0.000000,57.698101,20.499701,-14.700500,0.047771,-0.013570,0.015998,-15.666301,-52.738201,18.801300,-93.396698,0.129960,17.611099,-0.263421,-0.430829,-0.667752,0.546903,-693.524475,1535.331177,-4658.648438,-693.741394,1454.639648,-4669.050293,-683.701294,1578.630005,-4687.690430,-705.962158,1486.489624,-4616.949707,-690.693176,1621.565308,-4660.903809,,,,,,,,,,,,,2616.321533,1567.741333,-3159.781250,,,,,,,,,,,,,,,,,,,,,,,,,361.789825,1488.451416,-4093.503418,384.618622,1454.722168,-4140.374512,,,
10433,104.330000,0.000000,0.000000,0.000000,1.000000,0.000000,0.000000,0.000000,57.698101,20.499701,-14.700500,0.047771,-0.013570,0.015998,-15.666301,-52.738201,18.801300,-93.396698,0.129960,17.611099,-0.263421,-0.430829,-0.667752,0.546903,-693.524475,1535.331177,-4658.648438,-693.741394,1454.639648,-4669.050293,-683.701294,1578.630005,-4687.690430,-705.962158,1486.489624,-4616.949707,-690.693176,1621.565308,-4660.903809,,,,,,,,,,,,,2616.264648,1567.741089,-3159.799072,,,,,,,,,,,,,,,,,,,,,,,,,365.467865,1489.171631,-4092.700928,387.833466,1455.593262,-4140.089844,,,
10434,104.340000,0.000000,0.000000,0.000000,1.000000,0.000000,0.000000,0.000000,57.698101,20.499701,-14.700500,0.047771,-0.013570,0.015998,-15.666301,-52.738201,18.801300,-93.396698,0.129960,17.611099,-0.263421,-0.430829,-0.667752,0.546903,-693.524475,1535.331177,-4658.648438,-693.741394,1454.639648,-4669.050293,-683.701294,1578.630005,-4687.690430,-705.962158,1486.489624,-4616.949707,-690.693176,1621.565308,-4660.903809,,,,,,,,,,,,,2616.277588,1567.734131,-3159.784668,,,,,,,,,,,,,,,,,,,,,,,,,368.347168,1489.651978,-4092.347168,391.309357,1456.819824,-4139.416504,,,
10435,104.350000,0.000000,0.000000,0.000000,1.000000,0.000000,0.000000,0.000000,57.698101,20.499701,-14.700500,0.047771,-0.013570,0.015998,-15.666301,-52.738201,18.801300,-93.396698,0.129960,17.611099,-0.263421,-0.430829,-0.667752,0.546903,-693.524475,1535.331177,-4658.648438,-693.741394,1454.639648,-4669.050293,-683.701294,1578.630005,-4687.690430,-705.962158,1486.489624,-4616.949707,-690.693176,1621.565308,-4660.903809,,,,,,,,,,,,,2616.274170,1567.742676,-3159.788574,,,,,,,,,,,,,,,,,,,,,,,,,370.258179,1489.764526,-4092.799072,392.837982,1457.031372,-4140.164062,,,
10436,104.360000,0.000000,0.000000,0.000000,1.000000,0.000000,0.000000,0.000000,57.698101,20.499701,-14.700500,0.047771,-0.013570,0.015998,-15.666301,-52.738201,18.801300,-93.396698,0.129960,17.611099,-0.263421,-0.430829,-0.667752,0.546903,-693.524475,1535.331177,-4658.648438,-693.741394,1454.639648,-4669.050293,-683.701294,1578.630005,-4687.690430,-705.962158,1486.489624,-4616.949707,-690.693176,1621.565308,-4660.903809,,,,,,,,,,,,,2616.293213,1567.749878,-3159.774170,,,,,,,,,,,,,,,,,,,,,,,,,374.461884,1490.500366,-4091.883545,396.597351,1457.989136,-4139.492188,,,
10437,104.370000,0.000000,0.000000,0.000000,1.000000,0.000000,0.000000,0.000000,57.698101,20.499701,-14.700500,0.047771,-0.013570,0.015998,-15.666301,-52.738201,18.801300,-93.396698,0.129960,17.611099,-0.263421,-0.430829,-0.667752,0.546903,-693.524475,1535.331177,-4658.648438,-693.741394,1454.639648,-4669.050293,-683.701294,1578.630005,-4687.690430,-705.962158,1486.489624,-4616.949707,-690.693176,1621.565308,-4660.903809,,,,,,,,,,,,,2616.292725,1567.756836,-3159.790283,,,,,,,,,,,,,,,,,,,,,,,,,377.192749,1490.835449,-4091.691895,399.490967,1458.770874,-4139.364746,,,
10438,104.380000,0.000000,0.000000,0.000000,1.000000,0.000000,0.000000,0.000000,57.698101,20.499701,-14.700500,0.047771,-0.013570,0.015998,-15.666301,-52.738201,18.801300,-93.396698,0.129960,17.611099,-0.263421,-0.430829,-0.667752,0.546903,-693.524475,1535.331177,-4658.648438,-693.741394,1454.639648,-4669.050293,-683.701294,1578.630005,-4687.690430,-705.962158,1486.489624,-4616.949707,-690.693176,1621.565308,-4660.903809,,,,,,,,,,,,,2616.305420,1567.786743,-3159.785400,,,,,,,,,,,,,,,,,,,,,,,,,379.569885,1491.004395,-4091.952881,401.393188,1459.041138,-4139.922852,,,
10439,104.390000,0.000000,0.000000,0.000000,1.000000,0.000000,0.000000,0.000000,57.698101,20.499701,-14.700500,0.047771,-0.013570,0.015998,-15.666301,-52.738201,18.801300,-93.396698,0.129960,17.611099,-0.263421,-0.430829,-0.667752,0.546903,-693.524475,1535.331177,-4658.648438,-693.741394,1454.639648,-4669.050293,-683.701294,1578.630005,-4687.690430,-705.962158,1486.489624,-4616.949707,-690.693176,1621.565308,-4660.903809,,,,,,,,,,,,,2616.283691,1567.737915,-3159.783936,,,,,,,,,,,,,,,,,,,,,,,,,383.624207,1491.884155,-4091.189941,405.325531,1459.906982,-4139.354492,,,
10440,104.400000,0.000000,0.000000,0.000000,1.000000,0.000000,0.000000,0.000000,57.698101,20.499701,-14.700500,0.047771,-0.013570,0.015998,-15.666301,-52.738201,18.801300,-93.396698,0.129960,17.611099,-0.263421,-0.430829,-0.667752,0.546903,-693.524475,1535.331177,-4658.648438,-693.741394,1454.639648,-4669.050293,-683.701294,1578.630005,-4687.690430,-705.962158,1486.489624,-4616.949707,-690.693176,1621.565308,-4660.903809,,,,,,,,,,,,,2616.299316,1567.716797,-3159.770996,,,,,,,,,,,,,,,,,,,,,,,,,386.053558,1492.034180,-4091.436279,407.971802,1460.156372,-4139.621094,,,
10441,104.410000,0.000000,0.000000,0.000000,1.000000,0.000000,0.000000,0.000000,57.698101,20.499701,-14.700500,0.047771,-0.013570,0.015998,-15.666301,-52.738201,18.801300,-93.396698,0.129960,17.611099,-0.263421,-0.430829,-0.667752,0.546903,-693.524475,1535.331177,-4658.648438,-693.741394,1454.639648,-4669.050293,-683.701294,1578.630005,-4687.690430,-705.962158,1486.489624,-4616.949707,-690.693176,1621.565308,-4660.903809,,,,,,,,,,,,,2616.333496,1567.718994,-3159.760254,,,,,,,,,,,,,,,,,,,,,,,,,388.947876,1492.507568,-4091.140381,410.716461,1460.448730,-4139.556641,,,
10442,104.420000,0.000000,0.000000,0.000000,1.000000,0.000000,0.000000,0.000000,57.698101,20.499701,-14.700500,0.047771,-0.013570,0.015998,-15.666301,-52.738201,18.801300,-93.396698,0.129960,17.611099,-0.263421,-0.430829,-0.667752,0.546903,-693.524475,1535.331177,-4658.648438,-693.741394,1454.639648,-4669.050293,-683.701294,1578.630005,-4687.690430,-705.962158,1486.489624,-4616.949707,-690.693176,1621.565308,-4660.903809,,,,,,,,,,,,,2616.304688,1567.745483,-3159.777832,,,,,,,,,,,,,,,,,,,,,,,,,392.853577,1493.220093,-4090.617676,414.447144,1461.142334,-4138.928711,,,
10443,104.430000,0.000000,0.000000,0.000000,1.000000,0.000000,0.000000,0.000000,57.698101,20.499701,-14.700500,0.047771,-0.013570,0.015998,-15.666301,-52.738201,18.801300,-93.396698,0.129960,17.611099,-0.263421,-0.430829,-0.667752,0.546903,-693.524475,1535.331177,-4658.648438,-693.741394,1454.639648,-4669.050293,-683.701294,1578.630005,-4687.690430,-705.962158,1486.489624,-4616.949707,-690.693176,1621.565308,-4660.903809,,,,,,,,,,,,,2616.291992,1567.744751,-3159.797607,,,,,,,,,,,,,,,,,,,,,,,,,394.541046,1492.849731,-4091.131592,416.636383,1461.230591,-4139.057617,,,
10444,104.440000,0.000000,0.000000,0.000000,1.000000,0.000000,0.000000,0.000000,57.698101,20.499701,-14.700500,0.047771,-0.013570,0.015998,-15.666301,-52.738201,18.801300,-93.396698,0.129960,17.611099,-0.263421,-0.430829,-0.667752,0.546903,-693.524475,1535.331177,-4658.648438,-693.741394,1454.639648,-4669.050293,-683.701294,1578.630005,-4687.690430,-705.962158,1486.489624,-4616.949707,-690.693176,1621.565308,-4660.903809,,,,,,,,,,,,,2616.291748,1567.761475,-3159.793701,,,,,,,,,,,,,,,,,,,,,,,,,398.041687,1493.288208,-4090.633789,419.606232,1461.611816,-4138.780273,,,
10445,104.450000,0.000000,0.000000,0.000000,1.000000,0.000000,0.000000,0.000000,57.698101,20.499701,-14.700500,0.047771,-0.013570,0.015998,-15.666301,-52.738201,18.801300,-93.396698,0.129960,17.611099,-0.263421,-0.430829,-0.667752,0.546903,-693.524475,1535.331177,-4658.648438,-693.741394,1454.639648,-4669.050293,-683.701294,1578.630005,-4687.690430,-705.962158,1486.489624,-4616.949707,-690.693176,1621.565308,-4660.903809,,,,,,,,,,,,,2616.289551,1567.735229,-3159.786133,,,,,,,,,,,,,,,,,,,,,,,,,401.609283,1493.976562,-4089.794189,423.726379,1462.359985,-4137.666504,,,
10446,104.460000,0.000000,0.000000,0.000000,1.000000,0.000000,0.000000,0.000000,57.698101,20.499701,-14.700500,0.047771,-0.013570,0.015998,-15.666301,-52.738201,18.801300,-93.396698,0.129960,17.611099,-0.263421,-0.430829,-0.667752,0.546903,-693.524475,1535.331177,-4658.648438,-693.741394,1454.639648,-4669.050293,-683.701294,1578.630005,-4687.690430,-705.962158,1486.489624,-4616.949707,-690.693176,1621.565308,-4660.903809,,,,,,,,,,,,,2616.291016,1567.724243,-3159.776855,,,,,,,,,,,,,,,,,,,,,,,,,403.875488,1493.899780,-4089.816650,425.988007,1462.013184,-4137.709473,,,
10447,104.470000,0.000000,0.000000,0.000000,1.000000,0.000000,0.000000,0.000000,57.698101,20.499701,-14.700500,0.047771,-0.013570,0.015998,-15.666301,-52.738201,18.801300,-93.396698,0.129960,17.611099,-0.263421,-0.430829,-0.667752,0.546903,-693.524475,1535.331177,-4658.648438,-693.741394,1454.639648,-4669.050293,-683.701294,1578.630005,-4687.690430,-705.962158,1486.489624,-4616.949707,-690.693176,1621.565308,-4660.903809,,,,,,,,,,,,,2616.270264,1567.736694,-3159.793945,,,,,,,,,,,,,,,,,,,,,,,,,406.236633,1493.945923,-4089.786621,428.699677,1461.904053,-4137.448730,,,
10448,104.480000,0.000000,0.000000,0.000000,1.000000,0.000000,0.000000,0.000000,57.698101,20.499701,-14.700500,0.047771,-0.013570,0.015998,-15.666301,-52.738201,18.801300,-93.396698,0.129960,17.611099,-0.263421,-0.430829,-0.667752,0.546903,-693.524475,1535.331177,-4658.648438,-693.741394,1454.639648,-4669.050293,-683.701294,1578.630005,-4687.690430,-705.962158,1486.489624,-4616.949707,-690.693176,1621.565308,-4660.903809,,,,,,,,,,,,,2616.282959,1567.741821,-3159.793457,,,,,,,,,,,,,,,,,,,,,,,,,410.353882,1494.600464,-4088.416504,432.422607,1462.433960,-4136.303711,,,
10449,104.490000,0.000000,0.000000,0.000000,1.000000,0.000000,0.000000,0.000000,57.698101,20.499701,-14.700500,0.047771,-0.013570,0.015998,-15.666301,-52.738201,18.801300,-93.396698,0.129960,17.611099,-0.263421,-0.430829,-0.667752,0.546903,-693.524475,1535.331177,-4658.648438,-693.741394,1454.639648,-4669.050293,-683.701294,1578.630005,-4687.690430,-705.962158,1486.489624,-4616.949707,-690.693176,1621.565308,-4660.903809,,,,,,,,,,,,,2616.287598,1567.733276,-3159.793945,,,,,,,,,,,,,,,,,,,,,,,,,412.502472,1494.347900,-4088.413330,435.049194,1462.584106,-4135.940918,,,
10450,104.500000,0.000000,0.000000,0.000000,1.000000,0.000000,0.000000,0.000000,57.698101,20.499701,-14.700500,0.047771,-0.013570,0.015998,-15.666301,-52.738201,18.801300,-93.396698,0.129960,17.611099,-0.263421,-0.430829,-0.667752,0.546903,-693.524475,1535.331177,-4658.648438,-693.741394,1454.639648,-4669.050293,-683.701294,1578.630005,-4687.690430,-705.962158,1486.489624,-4616.949707,-690.693176,1621.565308,-4660.903809,,,,,,,,,,,,,2616.283203,1567.766724,-3159.795166,,,,,,,,,,,,,,,,,,,,,,,,,414.803558,1494.241455,-4088.086182,437.056732,1462.383667,-4135.736816,,,
10451,104.510000,0.000000,0.000000,0.000000,1.000000,0.000000,0.000000,0.000000,57.698101,20.499701,-14.700500,0.047771,-0.013570,0.015998,-15.666301,-52.738201,18.801300,-93.396698,0.129960,17.611099,-0.263421,-0.430829,-0.667752,0.546903,-693.524475,1535.331177,-4658.648438,-693.741394,1454.639648,-4669.050293,-683.701294,1578.630005,-4687.690430,-705.962158,1486.489624,-4616.949707,-690.693176,1621.565308,-4660.903809,,,,,,,,,,,,,2616.259521,1567.730591,-3159.788086,,,,,,,,,,,,,,,,,,,,,,,,,418.162689,1494.585693,-4087.125732,440.664978,1462.499512,-4134.761719,,,
10452,104.520000,0.000000,0.000000,0.000000,1.000000,0.000000,0.000000,0.000000,57.698101,20.499701,-14.700500,0.047771,-0.013570,0.015998,-15.666301,-52.738201,18.801300,-93.396698,0.129960,17.611099,-0.263421,-0.430829,-0.667752,0.546903,-693.524475,1535.331177,-4658.648438,-693.741394,1454.639648,-4669.050293,-683.701294,1578.630005,-4687.690430,-705.962158,1486.489624,-4616.949707,-690.693176,1621.565308,-4660.903809,,,,,,,,,,,,,2616.262695,1567.716064,-3159.792969,,,,,,,,,,,,,,,,,,,,,,,,,421.189575,1494.781982,-4086.436768,443.951172,1462.639648,-4133.902832,,,
10453,104.530000,0.000000,0.000000,0.000000,1.000000,0.000000,0.000000,0.000000,57.698101,20.499701,-14.700500,0.047771,-0.013570,0.015998,-15.666301,-52.738201,18.801300,-93.396698,0.129960,17.611099,-0.263421,-0.430829,-0.667752,0.546903,-693.524475,1535.331177,-4658.648438,-693.741394,1454.639648,-4669.050293,-683.701294,1578.630005,-4687.690430,-705.962158,1486.489624,-4616.949707,-690.693176,1621.565308,-4660.903809,,,,,,,,,,,,,2616.299316,1567.760864,-3159.779785,,,,,,,,,,,,,,,,,,,,,,,,,423.077026,1494.499756,-4086.218750,446.098022,1462.449341,-4133.543945,,,
10454,104.540000,0.000000,0.000000,0.000000,1.000000,0.000000,0.000000,0.000000,57.698101,20.499701,-14.700500,0.047771,-0.013570,0.015998,-15.666301,-52.738201,18.801300,-93.396698,0.129960,17.611099,-0.263421,-0.430829,-0.667752,0.546903,-693.524475,1535.331177,-4658.648438,-693.741394,1454.639648,-4669.050293,-683.701294,1578.630005,-4687.690430,-705.962158,1486.489624,-4616.949707,-690.693176,1621.565308,-4660.903809,,,,,,,,,,,,,2616.292480,1567.721924,-3159.779785,,,,,,,,,,,,,,,,,,,,,,,,,425.504059,1494.480835,-4085.618896,448.282471,1462.413086,-4133.241699,,,
10455,104.550000,0.000000,0.000000,0.000000,1.000000,0.000000,0.000000,0.000000,57.698101,20.499701,-14.700500,0.047771,-0.013570,0.015998,-15.666301,-52.738201,18.801300,-93.396698,0.129960,17.611099,-0.263421,-0.430829,-0.667752,0.546903,-693.524475,1535.331177,-4658.648438,-693.741394,1454.639648,-4669.050293,-683.701294,1578.630005,-4687.690430,-705.962158,1486.489624,-4616.949707,-690.693176,1621.565308,-4660.903809,,,,,,,,,,,,,2616.290039,1567.730347,-3159.789551,,,,,,,,,,,,,,,,,,,,,,,,,428.769104,1494.677612,-4084.679199,451.501251,1462.736084,-4132.173340,,,
10456,104.560000,0.000000,0.000000,0.000000,1.000000,0.000000,0.000000,0.000000,57.698101,20.499701,-14.700500,0.047771,-0.013570,0.015998,-15.666301,-52.738201,18.801300,-93.396698,0.129960,17.611099,-0.263421,-0.430829,-0.667752,0.546903,-693.524475,1535.331177,-4658.648438,-693.741394,1454.639648,-4669.050293,-683.701294,1578.630005,-4687.690430,-705.962158,1486.489624,-4616.949707,-690.693176,1621.565308,-4660.903809,,,,,,,,,,,,,2616.268555,1567.726562,-3159.791016,,,,,,,,,,,,,,,,,,,,,,,,,431.857941,1494.944824,-4083.523193,454.542511,1463.052490,-4131.156250,,,
10457,104.570000,0.000000,0.000000,0.000000,1.000000,0.000000,0.000000,0.000000,57.698101,20.499701,-14.700500,0.047771,-0.013570,0.015998,-15.666301,-52.738201,18.801300,-93.396698,0.129960,17.611099,-0.263421,-0.430829,-0.667752,0.546903,-693.524475,1535.331177,-4658.648438,-693.741394,1454.639648,-4669.050293,-683.701294,1578.630005,-4687.690430,-705.962158,1486.489624,-4616.949707,-690.693176,1621.565308,-4660.903809,,,,,,,,,,,,,2616.296387,1567.720093,-3159.787842,,,,,,,,,,,,,,,,,,,,,,,,,433.629791,1494.836060,-4083.220459,456.326111,1462.581665,-4130.917480,,,
10458,104.580000,0.000000,0.000000,0.000000,1.000000,0.000000,0.000000,0.000000,57.698101,20.499701,-14.700500,0.047771,-0.013570,0.015998,-15.666301,-52.738201,18.801300,-93.396698,0.129960,17.611099,-0.263421,-0.430829,-0.667752,0.546903,-693.524475,1535.331177,-4658.648438,-693.741394,1454.639648,-4669.050293,-683.701294,1578.630005,-4687.690430,-705.962158,1486.489624,-4616.949707,-690.693176,1621.565308,-4660.903809,,,,,,,,,,,,,2616.261719,1567.721680,-3159.787598,,,,,,,,,,,,,,,,,,,,,,,,,435.654694,1494.479004,-4082.728760,458.517426,1462.257935,-4130.423340,,,
10459,104.590000,0.000000,0.000000,0.000000,1.000000,0.000000,0.000000,0.000000,57.698101,20.499701,-14.700500,0.047771,-0.013570,0.015998,-15.666301,-52.738201,18.801300,-93.396698,0.129960,17.611099,-0.263421,-0.430829,-0.667752,0.546903,-693.524475,1535.331177,-4658.648438,-693.741394,1454.639648,-4669.050293,-683.701294,1578.630005,-4687.690430,-705.962158,1486.489624,-4616.949707,-690.693176,1621.565308,-4660.903809,,,,,,,,,,,,,2616.256592,1567.763672,-3159.794189,,,,,,,,,,,,,,,,,,,,,,,,,438.632935,1494.514160,-4081.770020,461.441254,1462.482910,-4129.283203,,,
10460,104.600000,0.000000,0.000000,0.000000,1.000000,0.000000,0.000000,0.000000,57.698101,20.499701,-14.700500,0.047771,-0.013570,0.015998,-15.666301,-52.738201,18.801300,-93.396698,0.129960,17.611099,-0.263421,-0.430829,-0.667752,0.546903,-693.524475,1535.331177,-4658.648438,-693.741394,1454.639648,-4669.050293,-683.701294,1578.630005,-4687.690430,-705.962158,1486.489624,-4616.949707,-690.693176,1621.565308,-4660.903809,,,,,,,,,,,,,2616.291260,1567.779663,-3159.798828,,,,,,,,,,,,,,,,,,,,,,,,,441.674286,1494.819580,-4080.580322,464.318848,1462.840210,-4128.333008,,,
10461,104.610000,0.000000,0.000000,0.000000,1.000000,0.000000,0.000000,0.000000,57.698101,20.499701,-14.700500,0.047771,-0.013570,0.015998,-15.666301,-52.738201,18.801300,-93.396698,0.129960,17.611099,-0.263421,-0.430829,-0.667752,0.546903,-693.524475,1535.331177,-4658.648438,-693.741394,1454.639648,-4669.050293,-683.701294,1578.630005,-4687.690430,-705.962158,1486.489624,-4616.949707,-690.693176,1621.565308,-4660.903809,,,,,,,,,,,,,2616.291992,1567.740845,-3159.785400,,,,,,,,,,,,,,,,,,,,,,,,,443.893280,1494.768066,-4079.888916,466.434509,1462.883057,-4127.784180,,,
10462,104.620000,0.000000,0.000000,0.000000,1.000000,0.000000,0.000000,0.000000,57.698101,20.499701,-14.700500,0.047771,-0.013570,0.015998,-15.666301,-52.738201,18.801300,-93.396698,0.129960,17.611099,-0.263421,-0.430829,-0.667752,0.546903,-693.524475,1535.331177,-4658.648438,-693.741394,1454.639648,-4669.050293,-683.701294,1578.630005,-4687.690430,-705.962158,1486.489624,-4616.949707,-690.693176,1621.565308,-4660.903809,,,,,,,,,,,,,2616.325439,1567.733276,-3159.764160,,,,,,,,,,,,,,,,,,,,,,,,,445.163269,1494.099243,-4079.877930,467.822845,1462.504639,-4127.681641,,,
10463,104.630000,0.000000,0.000000,0.000000,1.000000,0.000000,0.000000,0.000000,57.698101,20.499701,-14.700500,0.047771,-0.013570,0.015998,-15.666301,-52.738201,18.801300,-93.396698,0.129960,17.611099,-0.263421,-0.430829,-0.667752,0.546903,-693.524475,1535.331177,-4658.648438,-693.741394,1454.639648,-4669.050293,-683.701294,1578.630005,-4687.690430,-705.962158,1486.489624,-4616.949707,-690.693176,1621.565308,-4660.903809,,,,,,,,,,,,,2616.296387,1567.764160,-3159.789551,,,,,,,,,,,,,,,,,,,,,,,,,447.308105,1493.827637,-4079.253174,470.033905,1462.359497,-4126.968750,,,
10464,104.640000,0.000000,0.000000,0.000000,1.000000,0.000000,0.000000,0.000000,57.698101,20.499701,-14.700500,0.047771,-0.013570,0.015998,-15.666301,-52.738201,18.801300,-93.396698,0.129960,17.611099,-0.263421,-0.430829,-0.667752,0.546903,-693.524475,1535.331177,-4658.648438,-693.741394,1454.639648,-4669.050293,-683.701294,1578.630005,-4687.690430,-705.962158,1486.489624,-4616.949707,-690.693176,1621.565308,-4660.903809,,,,,,,,,,,,,2616.263184,1567.703247,-3159.805176,,,,,,,,,,,,,,,,,,,,,,,,,450.062469,1494.069824,-4078.140137,472.846619,1462.371094,-4126.020996,,,
10465,104.650000,0.000000,0.000000,0.000000,1.000000,0.000000,0.000000,0.000000,57.698101,20.499701,-14.700500,0.047771,-0.013570,0.015998,-15.666301,-52.738201,18.801300,-93.396698,0.129960,17.611099,-0.263421,-0.430829,-0.667752,0.546903,-693.524475,1535.331177,-4658.648438,-693.741394,1454.639648,-4669.050293,-683.701294,1578.630005,-4687.690430,-705.962158,1486.489624,-4616.949707,-690.693176,1621.565308,-4660.903809,,,,,,,,,,,,,2616.297363,1567.689209,-3159.767822,,,,,,,,,,,,,,,,,,,,,,,,,452.943085,1494.503174,-4077.029785,475.276184,1462.349854,-4125.274902,,,
10466,104.660000,0.000000,0.000000,0.000000,1.000000,0.000000,0.000000,0.000000,57.698101,20.499701,-14.700500,0.047771,-0.013570,0.015998,-15.666301,-52.738201,18.801300,-93.396698,0.129960,17.611099,-0.263421,-0.430829,-0.667752,0.546903,-693.524475,1535.331177,-4658.648438,-693.741394,1454.639648,-4669.050293,-683.701294,1578.630005,-4687.690430,-705.962158,1486.489624,-4616.949707,-690.693176,1621.565308,-4660.903809,,,,,,,,,,,,,2616.298096,1567.713745,-3159.762451,,,,,,,,,,,,,,,,,,,,,,,,,454.865936,1494.359741,-4076.644531,477.476501,1462.312378,-4124.509277,,,
10467,104.670000,0.000000,0.000000,0.000000,1.000000,0.000000,0.000000,0.000000,57.698101,20.499701,-14.700500,0.047771,-0.013570,0.015998,-15.666301,-52.738201,18.801300,-93.396698,0.129960,17.611099,-0.263421,-0.430829,-0.667752,0.546903,-693.524475,1535.331177,-4658.648438,-693.741394,1454.639648,-4669.050293,-683.701294,1578.630005,-4687.690430,-705.962158,1486.489624,-4616.949707,-690.693176,1621.565308,-4660.903809,,,,,,,,,,,,,2616.310303,1567.741333,-3159.775391,,,,,,,,,,,,,,,,,,,,,,,,,455.935425,1493.687256,-4076.570068,478.711456,1461.920044,-4124.250000,,,
10468,104.680000,0.000000,0.000000,0.000000,1.000000,0.000000,0.000000,0.000000,57.698101,20.499701,-14.700500,0.047771,-0.013570,0.015998,-15.666301,-52.738201,18.801300,-93.396698,0.129960,17.611099,-0.263421,-0.430829,-0.667752,0.546903,-693.524475,1535.331177,-4658.648438,-693.741394,1454.639648,-4669.050293,-683.701294,1578.630005,-4687.690430,-705.962158,1486.489624,-4616.949707,-690.693176,1621.565308,-4660.903809,,,,,,,,,,,,,2616.304199,1567.732544,-3159.784180,,,,,,,,,,,,,,,,,,,,,,,,,458.142303,1493.532593,-4075.834717,480.656860,1461.803101,-4123.681641,,,
10469,104.690000,0.000000,0.000000,0.000000,1.000000,0.000000,0.000000,0.000000,57.698101,20.499701,-14.700500,0.047771,-0.013570,0.015998,-15.666301,-52.738201,18.801300,-93.396698,0.129960,17.611099,-0.263421,-0.430829,-0.667752,0.546903,-693.524475,1535.331177,-4658.648438,-693.741394,1454.639648,-4669.050293,-683.701294,1578.630005,-4687.690430,-705.962158,1486.489624,-4616.949707,-690.693176,1621.565308,-4660.903809,,,,,,,,,,,,,2616.323242,1567.774658,-3159.779785,,,,,,,,,,,,,,,,,,,,,,,,,460.573822,1493.610352,-4075.070312,483.266724,1461.944092,-4122.722168,,,
10470,104.700000,0.000000,0.000000,0.000000,1.000000,0.000000,0.000000,0.000000,57.698101,20.499701,-14.700500,0.047771,-0.013570,0.015998,-15.666301,-52.738201,18.801300,-93.396698,0.129960,17.611099,-0.263421,-0.430829,-0.667752,0.546903,-693.524475,1535.331177,-4658.648438,-693.741394,1454.639648,-4669.050293,-683.701294,1578.630005,-4687.690430,-705.962158,1486.489624,-4616.949707,-690.693176,1621.565308,-4660.903809,,,,,,,,,,,,,2616.289062,1567.762695,-3159.791748,,,,,,,,,,,,,,,,,,,,,,,,,462.890594,1494.057129,-4074.472900,486.096436,1462.099854,-4121.564453,,,
10471,104.710000,0.000000,0.000000,0.000000,1.000000,0.000000,0.000000,0.000000,57.698101,20.499701,-14.700500,0.047771,-0.013570,0.015998,-15.666301,-52.738201,18.801300,-93.396698,0.129960,17.611099,-0.263421,-0.430829,-0.667752,0.546903,-693.524475,1535.331177,-4658.648438,-693.741394,1454.639648,-4669.050293,-683.701294,1578.630005,-4687.690430,-705.962158,1486.489624,-4616.949707,-690.693176,1621.565308,-4660.903809,,,,,,,,,,,,,2616.275635,1567.718506,-3159.783447,,,,,,,,,,,,,,,,,,,,,,,,,465.303345,1494.029541,-4073.398682,488.290985,1461.983032,-4120.832520,,,
10472,104.720000,0.000000,0.000000,0.000000,1.000000,0.000000,0.000000,0.000000,57.698101,20.499701,-14.700500,0.047771,-0.013570,0.015998,-15.666301,-52.738201,18.801300,-93.396698,0.129960,17.611099,-0.263421,-0.430829,-0.667752,0.546903,-693.524475,1535.331177,-4658.648438,-693.741394,1454.639648,-4669.050293,-683.701294,1578.630005,-4687.690430,-705.962158,1486.489624,-4616.949707,-690.693176,1621.565308,-4660.903809,,,,,,,,,,,,,2616.291748,1567.739624,-3159.776855,,,,,,,,,,,,,,,,,,,,,,,,,466.904114,1493.865967,-4072.940918,489.829590,1461.644775,-4120.556641,,,
10473,104.730000,0.000000,0.000000,0.000000,1.000000,0.000000,0.000000,0.000000,57.698101,20.499701,-14.700500,0.047771,-0.013570,0.015998,-15.666301,-52.738201,18.801300,-93.396698,0.129960,17.611099,-0.263421,-0.430829,-0.667752,0.546903,-693.524475,1535.331177,-4658.648438,-693.741394,1454.639648,-4669.050293,-683.701294,1578.630005,-4687.690430,-705.962158,1486.489624,-4616.949707,-690.693176,1621.565308,-4660.903809,,,,,,,,,,,,,2616.267822,1567.750854,-3159.791992,,,,,,,,,,,,,,,,,,,,,,,,,468.456207,1493.749023,-4072.534180,491.309235,1461.419556,-4120.183105,,,
10474,104.740000,0.000000,0.000000,0.000000,1.000000,0.000000,0.000000,0.000000,57.698101,20.499701,-14.700500,0.047771,-0.013570,0.015998,-15.666301,-52.738201,18.801300,-93.396698,0.129960,17.611099,-0.263421,-0.430829,-0.667752,0.546903,-693.524475,1535.331177,-4658.648438,-693.741394,1454.639648,-4669.050293,-683.701294,1578.630005,-4687.690430,-705.962158,1486.489624,-4616.949707,-690.693176,1621.565308,-4660.903809,,,,,,,,,,,,,2616.291016,1567.756836,-3159.802490,,,,,,,,,,,,,,,,,,,,,,,,,470.647064,1493.815063,-4071.882324,493.799744,1461.648560,-4119.040527,,,
10475,104.750000,0.000000,0.000000,0.000000,1.000000,0.000000,0.000000,0.000000,57.698101,20.499701,-14.700500,0.047771,-0.013570,0.015998,-15.666301,-52.738201,18.801300,-93.396698,0.129960,17.611099,-0.263421,-0.430829,-0.667752,0.546903,-693.524475,1535.331177,-4658.648438,-693.741394,1454.639648,-4669.050293,-683.701294,1578.630005,-4687.690430,-705.962158,1486.489624,-4616.949707,-690.693176,1621.565308,-4660.903809,,,,,,,,,,,,,2616.288574,1567.756104,-3159.803223,,,,,,,,,,,,,,,,,,,,,,,,,473.180481,1494.155518,-4070.855225,496.483429,1462.055664,-4117.767578,,,
10476,104.760000,0.000000,0.000000,0.000000,1.000000,0.000000,0.000000,0.000000,57.698101,20.499701,-14.700500,0.047771,-0.013570,0.015998,-15.666301,-52.738201,18.801300,-93.396698,0.129960,17.611099,-0.263421,-0.430829,-0.667752,0.546903,-693.524475,1535.331177,-4658.648438,-693.741394,1454.639648,-4669.050293,-683.701294,1578.630005,-4687.690430,-705.962158,1486.489624,-4616.949707,-690.693176,1621.565308,-4660.903809,,,,,,,,,,,,,2616.283203,1567.769531,-3159.802490,,,,,,,,,,,,,,,,,,,,,,,,,475.808685,1494.622681,-4069.754150,498.871277,1462.312134,-4116.817383,,,
10477,104.770000,0.000000,0.000000,0.000000,1.000000,0.000000,0.000000,0.000000,57.698101,20.499701,-14.700500,0.047771,-0.013570,0.015998,-15.666301,-52.738201,18.801300,-93.396698,0.129960,17.611099,-0.263421,-0.430829,-0.667752,0.546903,-693.524475,1535.331177,-4658.648438,-693.741394,1454.639648,-4669.050293,-683.701294,1578.630005,-4687.690430,-705.962158,1486.489624,-4616.949707,-690.693176,1621.565308,-4660.903809,,,,,,,,,,,,,2616.284668,1567.759888,-3159.803467,,,,,,,,,,,,,,,,,,,,,,,,,477.319489,1494.502197,-4069.251953,500.672089,1462.153198,-4116.224609,,,
10478,104.780000,0.000000,0.000000,0.000000,1.000000,0.000000,0.000000,0.000000,57.698101,20.499701,-14.700500,0.047771,-0.013570,0.015998,-15.666301,-52.738201,18.801300,-93.396698,0.129960,17.611099,-0.263421,-0.430829,-0.667752,0.546903,-693.524475,1535.331177,-4658.648438,-693.741394,1454.639648,-4669.050293,-683.701294,1578.630005,-4687.690430,-705.962158,1486.489624,-4616.949707,-690.693176,1621.565308,-4660.903809,,,,,,,,,,,,,2616.296387,1567.765381,-3159.805176,,,,,,,,,,,,,,,,,,,,,,,,,478.897766,1494.370972,-4068.687012,502.102783,1461.765747,-4115.833008,,,
10479,104.790000,0.000000,0.000000,0.000000,1.000000,0.000000,0.000000,0.000000,57.698101,20.499701,-14.700500,0.047771,-0.013570,0.015998,-15.666301,-52.738201,18.801300,-93.396698,0.129960,17.611099,-0.263421,-0.430829,-0.667752,0.546903,-693.524475,1535.331177,-4658.648438,-693.741394,1454.639648,-4669.050293,-683.701294,1578.630005,-4687.690430,-705.962158,1486.489624,-4616.949707,-690.693176,1621.565308,-4660.903809,,,,,,,,,,,,,2616.284912,1567.748047,-3159.782227,,,,,,,,,,,,,,,,,,,,,,,,,480.655426,1494.384521,-4068.129150,504.274017,1461.731934,-4114.947266,,,
10480,104.800000,0.000000,0.000000,0.000000,1.000000,0.000000,0.000000,0.000000,57.698101,20.499701,-14.700500,0.047771,-0.013570,0.015998,-15.666301,-52.738201,18.801300,-93.396698,0.129960,17.611099,-0.263421,-0.430829,-0.667752,0.546903,-693.524475,1535.331177,-4658.648438,-693.741394,1454.639648,-4669.050293,-683.701294,1578.630005,-4687.690430,-705.962158,1486.489624,-4616.949707,-690.693176,1621.565308,-4660.903809,,,,,,,,,,,,,2616.309082,1567.731201,-3159.768555,,,,,,,,,,,,,,,,,,,,,,,,,482.929169,1495.098511,-4067.078125,506.519684,1462.046997,-4113.936523,,,
10481,104.810000,0.000000,0.000000,0.000000,1.000000,0.000000,0.000000,0.000000,57.698101,20.499701,-14.700500,0.047771,-0.013570,0.015998,-15.666301,-52.738201,18.801300,-93.396698,0.129960,17.611099,-0.263421,-0.430829,-0.667752,0.546903,-693.524475,1535.331177,-4658.648438,-693.741394,1454.639648,-4669.050293,-683.701294,1578.630005,-4687.690430,-705.962158,1486.489624,-4616.949707,-690.693176,1621.565308,-4660.903809,,,,,,,,,,,,,2616.302734,1567.750244,-3159.772705,,,,,,,,,,,,,,,,,,,,,,,,,485.595856,1495.344360,-4065.754883,509.069336,1462.509521,-4112.671875,,,
10482,104.820000,0.000000,0.000000,0.000000,1.000000,0.000000,0.000000,0.000000,57.698101,20.499701,-14.700500,0.047771,-0.013570,0.015998,-15.666301,-52.738201,18.801300,-93.396698,0.129960,17.611099,-0.263421,-0.430829,-0.667752,0.546903,-693.524475,1535.331177,-4658.648438,-693.741394,1454.639648,-4669.050293,-683.701294,1578.630005,-4687.690430,-705.962158,1486.489624,-4616.949707,-690.693176,1621.565308,-4660.903809,,,,,,,,,,,,,2616.298096,1567.728394,-3159.785400,,,,,,,,,,,,,,,,,,,,,,,,,487.811707,1495.275879,-4064.810791,511.274231,1462.768188,-4111.720703,,,
10483,104.830000,0.000000,0.000000,0.000000,1.000000,0.000000,0.000000,0.000000,57.698101,20.499701,-14.700500,0.047771,-0.013570,0.015998,-15.666301,-52.738201,18.801300,-93.396698,0.129960,17.611099,-0.263421,-0.430829,-0.667752,0.546903,-693.524475,1535.331177,-4658.648438,-693.741394,1454.639648,-4669.050293,-683.701294,1578.630005,-4687.690430,-705.962158,1486.489624,-4616.949707,-690.693176,1621.565308,-4660.903809,,,,,,,,,,,,,2616.279541,1567.760742,-3159.779297,,,,,,,,,,,,,,,,,,,,,,,,,488.894531,1495.079834,-4064.602295,512.593140,1462.481079,-4111.277832,,,
10484,104.840000,0.000000,0.000000,0.000000,1.000000,0.000000,0.000000,0.000000,57.698101,20.499701,-14.700500,0.047771,-0.013570,0.015998,-15.666301,-52.738201,18.801300,-93.396698,0.129960,17.611099,-0.263421,-0.430829,-0.667752,0.546903,-693.524475,1535.331177,-4658.648438,-693.741394,1454.639648,-4669.050293,-683.701294,1578.630005,-4687.690430,-705.962158,1486.489624,-4616.949707,-690.693176,1621.565308,-4660.903809,,,,,,,,,,,,,2616.241943,1567.726562,-3159.799561,,,,,,,,,,,,,,,,,,,,,,,,,490.675079,1494.529907,-4063.916260,514.058533,1462.186157,-4110.793457,,,
10485,104.850000,0.000000,0.000000,0.000000,1.000000,0.000000,0.000000,0.000000,57.698101,20.499701,-14.700500,0.047771,-0.013570,0.015998,-15.666301,-52.738201,18.801300,-93.396698,0.129960,17.611099,-0.263421,-0.430829,-0.667752,0.546903,-693.524475,1535.331177,-4658.648438,-693.741394,1454.639648,-4669.050293,-683.701294,1578.630005,-4687.690430,-705.962158,1486.489624,-4616.949707,-690.693176,1621.565308,-4660.903809,,,,,,,,,,,,,2616.257812,1567.719238,-3159.799561,,,,,,,,,,,,,,,,,,,,,,,,,492.927948,1494.353882,-4062.977783,516.298096,1462.099365,-4109.902344,,,
10486,104.860000,0.000000,0.000000,0.000000,1.000000,0.000000,0.000000,0.000000,57.698101,20.499701,-14.700500,0.047771,-0.013570,0.015998,-15.666301,-52.738201,18.801300,-93.396698,0.129960,17.611099,-0.263421,-0.430829,-0.667752,0.546903,-693.524475,1535.331177,-4658.648438,-693.741394,1454.639648,-4669.050293,-683.701294,1578.630005,-4687.690430,-705.962158,1486.489624,-4616.949707,-690.693176,1621.565308,-4660.903809,,,,,,,,,,,,,2616.293213,1567.760376,-3159.788574,,,,,,,,,,,,,,,,,,,,,,,,,495.338074,1494.404297,-4061.850586,518.816772,1462.165161,-4108.777832,,,
10487,104.870000,0.000000,0.000000,0.000000,1.000000,0.000000,0.000000,0.000000,57.698101,20.499701,-14.700500,0.047771,-0.013570,0.015998,-15.666301,-52.738201,18.801300,-93.396698,0.129960,17.611099,-0.263421,-0.430829,-0.667752,0.546903,-693.524475,1535.331177,-4658.648438,-693.741394,1454.639648,-4669.050293,-683.701294,1578.630005,-4687.690430,-705.962158,1486.489624,-4616.949707,-690.693176,1621.565308,-4660.903809,,,,,,,,,,,,,2616.264648,1567.720337,-3159.781738,,,,,,,,,,,,,,,,,,,,,,,,,497.771149,1494.611694,-4060.534912,521.260071,1462.288086,-4107.593262,,,
10488,104.880000,0.000000,0.000000,0.000000,1.000000,0.000000,0.000000,0.000000,57.698101,20.499701,-14.700500,0.047771,-0.013570,0.015998,-15.666301,-52.738201,18.801300,-93.396698,0.129960,17.611099,-0.263421,-0.430829,-0.667752,0.546903,-693.524475,1535.331177,-4658.648438,-693.741394,1454.639648,-4669.050293,-683.701294,1578.630005,-4687.690430,-705.962158,1486.489624,-4616.949707,-690.693176,1621.565308,-4660.903809,,,,,,,,,,,,,2616.305664,1567.709473,-3159.778809,,,,,,,,,,,,,,,,,,,,,,,,,500.135712,1494.758179,-4059.263184,523.406433,1462.319214,-4106.565430,,,
10489,104.890000,0.000000,0.000000,0.000000,1.000000,0.000000,0.000000,0.000000,57.698101,20.499701,-14.700500,0.047771,-0.013570,0.015998,-15.666301,-52.738201,18.801300,-93.396698,0.129960,17.611099,-0.263421,-0.430829,-0.667752,0.546903,-693.524475,1535.331177,-4658.648438,-693.741394,1454.639648,-4669.050293,-683.701294,1578.630005,-4687.690430,-705.962158,1486.489624,-4616.949707,-690.693176,1621.565308,-4660.903809,,,,,,,,,,,,,2616.299561,1567.732300,-3159.774658,,,,,,,,,,,,,,,,,,,,,,,,,501.617981,1494.290527,-4058.593750,524.802734,1461.993408,-4105.882812,,,
10490,104.900000,0.000000,0.000000,0.000000,1.000000,0.000000,0.000000,0.000000,57.698101,20.499701,-14.700500,0.047771,-0.013570,0.015998,-15.666301,-52.738201,18.801300,-93.396698,0.129960,17.611099,-0.263421,-0.430829,-0.667752,0.546903,-693.524475,1535.331177,-4658.648438,-693.741394,1454.639648,-4669.050293,-683.701294,1578.630005,-4687.690430,-705.962158,1486.489624,-4616.949707,-690.693176,1621.565308,-4660.903809,,,,,,,,,,,,,2616.282715,1567.725952,-3159.791016,,,,,,,,,,,,,,,,,,,,,,,,,503.039062,1493.643799,-4057.980469,526.424500,1461.688599,-4105.097168,,,
10491,104.910000,0.000000,0.000000,0.000000,1.000000,0.000000,0.000000,0.000000,57.698101,20.499701,-14.700500,0.047771,-0.013570,0.015998,-15.666301,-52.738201,18.801300,-93.396698,0.129960,17.611099,-0.263421,-0.430829,-0.667752,0.546903,-693.524475,1535.331177,-4658.648438,-693.741394,1454.639648,-4669.050293,-683.701294,1578.630005,-4687.690430,-705.962158,1486.489624,-4616.949707,-690.693176,1621.565308,-4660.903809,,,,,,,,,,,,,2616.286865,1567.719604,-3159.777588,,,,,,,,,,,,,,,,,,,,,,,,,505.309875,1493.226929,-4056.791260,528.222229,1461.162476,-4104.300781,,,
10492,104.920000,0.000000,0.000000,0.000000,1.000000,0.000000,0.000000,0.000000,57.698101,20.499701,-14.700500,0.047771,-0.013570,0.015998,-15.666301,-52.738201,18.801300,-93.396698,0.129960,17.611099,-0.263421,-0.430829,-0.667752,0.546903,-693.524475,1535.331177,-4658.648438,-693.741394,1454.639648,-4669.050293,-683.701294,1578.630005,-4687.690430,-705.962158,1486.489624,-4616.949707,-690.693176,1621.565308,-4660.903809,,,,,,,,,,,,,2616.297363,1567.733765,-3159.777344,,,,,,,,,,,,,,,,,,,,,,,,,507.446106,1492.921021,-4055.743164,530.774963,1460.809692,-4102.914551,,,
10493,104.930000,0.000000,0.000000,0.000000,1.000000,0.000000,0.000000,0.000000,57.698101,20.499701,-14.700500,0.047771,-0.013570,0.015998,-15.666301,-52.738201,18.801300,-93.396698,0.129960,17.611099,-0.263421,-0.430829,-0.667752,0.546903,-693.524475,1535.331177,-4658.648438,-693.741394,1454.639648,-4669.050293,-683.701294,1578.630005,-4687.690430,-705.962158,1486.489624,-4616.949707,-690.693176,1621.565308,-4660.903809,,,,,,,,,,,,,2616.255615,1567.726318,-3159.784912,,,,,,,,,,,,,,,,,,,,,,,,,509.835480,1492.948486,-4054.368896,533.059204,1460.580933,-4101.696777,,,
10494,104.940000,0.000000,0.000000,0.000000,1.000000,0.000000,0.000000,0.000000,57.698101,20.499701,-14.700500,0.047771,-0.013570,0.015998,-15.666301,-52.738201,18.801300,-93.396698,0.129960,17.611099,-0.263421,-0.430829,-0.667752,0.546903,-693.524475,1535.331177,-4658.648438,-693.741394,1454.639648,-4669.050293,-683.701294,1578.630005,-4687.690430,-705.962158,1486.489624,-4616.949707,-690.693176,1621.565308,-4660.903809,,,,,,,,,,,,,2616.292480,1567.722168,-3159.790527,,,,,,,,,,,,,,,,,,,,,,,,,512.566040,1493.034668,-4052.766357,535.480530,1460.539185,-4100.411133,,,
10495,104.950000,0.000000,0.000000,0.000000,1.000000,0.000000,0.000000,0.000000,57.698101,20.499701,-14.700500,0.047771,-0.013570,0.015998,-15.666301,-52.738201,18.801300,-93.396698,0.129960,17.611099,-0.263421,-0.430829,-0.667752,0.546903,-693.524475,1535.331177,-4658.648438,-693.741394,1454.639648,-4669.050293,-683.701294,1578.630005,-4687.690430,-705.962158,1486.489624,-4616.949707,-690.693176,1621.565308,-4660.903809,,,,,,,,,,,,,2616.276855,1567.753906,-3159.782715,,,,,,,,,,,,,,,,,,,,,,,,,514.858948,1492.778687,-4051.586182,537.679077,1460.479858,-4099.143555,,,
10496,104.960000,0.000000,0.000000,0.000000,1.000000,0.000000,0.000000,0.000000,57.698101,20.499701,-14.700500,0.047771,-0.013570,0.015998,-15.666301,-52.738201,18.801300,-93.396698,0.129960,17.611099,-0.263421,-0.430829,-0.667752,0.546903,-693.524475,1535.331177,-4658.648438,-693.741394,1454.639648,-4669.050293,-683.701294,1578.630005,-4687.690430,-705.962158,1486.489624,-4616.949707,-690.693176,1621.565308,-4660.903809,,,,,,,,,,,,,2616.278564,1567.761108,-3159.796631,,,,,,,,,,,,,,,,,,,,,,,,,516.449524,1491.986450,-4050.869873,539.459717,1460.072510,-4097.991699,,,
10497,104.970000,0.000000,0.000000,0.000000,1.000000,0.000000,0.000000,0.000000,57.698101,20.499701,-14.700500,0.047771,-0.013570,0.015998,-15.666301,-52.738201,18.801300,-93.396698,0.129960,17.611099,-0.263421,-0.430829,-0.667752,0.546903,-693.524475,1535.331177,-4658.648438,-693.741394,1454.639648,-4669.050293,-683.701294,1578.630005,-4687.690430,-705.962158,1486.489624,-4616.949707,-690.693176,1621.565308,-4660.903809,,,,,,,,,,,,,2616.251465,1567.739258,-3159.793701,,,,,,,,,,,,,,,,,,,,,,,,,518.034485,1491.235107,-4050.147949,541.166626,1459.312500,-4097.314453,,,
10498,104.980000,0.000000,0.000000,0.000000,1.000000,0.000000,0.000000,0.000000,57.698101,20.499701,-14.700500,0.047771,-0.013570,0.015998,-15.666301,-52.738201,18.801300,-93.396698,0.129960,17.611099,-0.263421,-0.430829,-0.667752,0.546903,-693.524475,1535.331177,-4658.648438,-693.741394,1454.639648,-4669.050293,-683.701294,1578.630005,-4687.690430,-705.962158,1486.489624,-4616.949707,-690.693176,1621.565308,-4660.903809,,,,,,,,,,,,,2616.279541,1567.750854,-3159.787109,,,,,,,,,,,,,,,,,,,,,,,,,520.117188,1490.948975,-4048.905273,543.067017,1458.599487,-4096.477539,,,
10499,104.990000,0.000000,0.000000,0.000000,1.000000,0.000000,0.000000,0.000000,57.698101,20.499701,-14.700500,0.047771,-0.013570,0.015998,-15.666301,-52.738201,18.801300,-93.396698,0.129960,17.611099,-0.263421,-0.430829,-0.667752,0.546903,-693.524475,1535.331177,-4658.648438,-693.741394,1454.639648,-4669.050293,-683.701294,1578.630005,-4687.690430,-705.962158,1486.489624,-4616.949707,-690.693176,1621.565308,-4660.903809,,,,,,,,,,,,,2616.270996,1567.739990,-3159.796143,,,,,,,,,,,,,,,,,,,,,,,,,522.349976,1490.770874,-4047.674072,545.408020,1458.400269,-4094.980713,,,
10500,105.000000,0.000000,0.000000,0.000000,1.000000,0.000000,0.000000,0.000000,57.698101,20.499701,-14.700500,0.047771,-0.013570,0.015998,-15.666301,-52.738201,18.801300,-93.396698,0.129960,17.611099,-0.263421,-0.430829,-0.667752,0.546903,-693.524475,1535.331177,-4658.648438,-693.741394,1454.639648,-4669.050293,-683.701294,1578.630005,-4687.690430,-705.962158,1486.489624,-4616.949707,-690.693176,1621.565308,-4660.903809,,,,,,,,,,,,,2616.285645,1567.757080,-3159.789307,,,,,,,,,,,,,,,,,,,,,,,,,525.194031,1490.737183,-4046.211182,547.918335,1458.386841,-4093.586914,,,
10501,105.010000,0.000000,0.000000,0.000000,1.000000,0.000000,0.000000,0.000000,57.698101,20.499701,-14.700500,0.047771,-0.013570,0.015998,-15.666301,-52.738201,18.801300,-93.396698,0.129960,17.611099,-0.263421,-0.430829,-0.667752,0.546903,-693.524475,1535.331177,-4658.648438,-693.741394,1454.639648,-4669.050293,-683.701294,1578.630005,-4687.690430,-705.962158,1486.489624,-4616.949707,-690.693176,1621.565308,-4660.903809,,,,,,,,,,,,,2616.280273,1567.759155,-3159.796143,,,,,,,,,,,,,,,,,,,,,,,,,527.430725,1490.814331,-4045.169922,550.652527,1458.511230,-4092.035889,,,
10502,105.020000,0.000000,0.000000,0.000000,1.000000,0.000000,0.000000,0.000000,57.698101,20.499701,-14.700500,0.047771,-0.013570,0.015998,-15.666301,-52.738201,18.801300,-93.396698,0.129960,17.611099,-0.263421,-0.430829,-0.667752,0.546903,-693.524475,1535.331177,-4658.648438,-693.741394,1454.639648,-4669.050293,-683.701294,1578.630005,-4687.690430,-705.962158,1486.489624,-4616.949707,-690.693176,1621.565308,-4660.903809,,,,,,,,,,,,,2616.291016,1567.748047,-3159.791992,,,,,,,,,,,,,,,,,,,,,,,,,530.173462,1490.608154,-4043.484131,553.003113,1458.273560,-4090.734375,,,
10503,105.030000,0.000000,0.000000,0.000000,1.000000,0.000000,0.000000,0.000000,57.698101,20.499701,-14.700500,0.047771,-0.013570,0.015998,-15.666301,-52.738201,18.801300,-93.396698,0.129960,17.611099,-0.263421,-0.430829,-0.667752,0.546903,-693.524475,1535.331177,-4658.648438,-693.741394,1454.639648,-4669.050293,-683.701294,1578.630005,-4687.690430,-705.962158,1486.489624,-4616.949707,-690.693176,1621.565308,-4660.903809,,,,,,,,,,,,,2616.299561,1567.770264,-3159.790771,,,,,,,,,,,,,,,,,,,,,,,,,531.777649,1490.230835,-4042.766602,554.926025,1457.670044,-4089.737793,,,
10504,105.040000,0.000000,0.000000,0.000000,1.000000,0.000000,0.000000,0.000000,57.698101,20.499701,-14.700500,0.047771,-0.013570,0.015998,-15.666301,-52.738201,18.801300,-93.396698,0.129960,17.611099,-0.263421,-0.430829,-0.667752,0.546903,-693.524475,1535.331177,-4658.648438,-693.741394,1454.639648,-4669.050293,-683.701294,1578.630005,-4687.690430,-705.962158,1486.489624,-4616.949707,-690.693176,1621.565308,-4660.903809,,,,,,,,,,,,,2616.278564,1567.771606,-3159.802734,,,,,,,,,,,,,,,,,,,,,,,,,533.733521,1490.365356,-4041.348389,556.523926,1457.109741,-4088.990234,,,
10505,105.050000,0.000000,0.000000,0.000000,1.000000,0.000000,0.000000,0.000000,57.698101,20.499701,-14.700500,0.047771,-0.013570,0.015998,-15.666301,-52.738201,18.801300,-93.396698,0.129960,17.611099,-0.263421,-0.430829,-0.667752,0.546903,-693.524475,1535.331177,-4658.648438,-693.741394,1454.639648,-4669.050293,-683.701294,1578.630005,-4687.690430,-705.962158,1486.489624,-4616.949707,-690.693176,1621.565308,-4660.903809,,,,,,,,,,,,,2616.296631,1567.730225,-3159.785156,,,,,,,,,,,,,,,,,,,,,,,,,535.978821,1489.961060,-4040.187744,558.739014,1457.006836,-4087.677002,,,
10506,105.060000,0.000000,0.000000,0.000000,1.000000,0.000000,0.000000,0.000000,57.698101,20.499701,-14.700500,0.047771,-0.013570,0.015998,-15.666301,-52.738201,18.801300,-93.396698,0.129960,17.611099,-0.263421,-0.430829,-0.667752,0.546903,-693.524475,1535.331177,-4658.648438,-693.741394,1454.639648,-4669.050293,-683.701294,1578.630005,-4687.690430,-705.962158,1486.489624,-4616.949707,-690.693176,1621.565308,-4660.903809,,,,,,,,,,,,,2616.322754,1567.778564,-3159.783203,,,,,,,,,,,,,,,,,,,,,,,,,539.149780,1489.978516,-4038.441650,561.584290,1457.280518,-4085.881348,,,
10507,105.070000,0.000000,0.000000,0.000000,1.000000,0.000000,0.000000,0.000000,57.698101,20.499701,-14.700500,0.047771,-0.013570,0.015998,-15.666301,-52.738201,18.801300,-93.396698,0.129960,17.611099,-0.263421,-0.430829,-0.667752,0.546903,-693.524475,1535.331177,-4658.648438,-693.741394,1454.639648,-4669.050293,-683.701294,1578.630005,-4687.690430,-705.962158,1486.489624,-4616.949707,-690.693176,1621.565308,-4660.903809,,,,,,,,,,,,,2616.270752,1567.754150,-3159.799072,,,,,,,,,,,,,,,,,,,,,,,,,541.983093,1490.193848,-4036.742188,564.426880,1457.637207,-4084.105469,,,
10508,105.080000,0.000000,0.000000,0.000000,1.000000,0.000000,0.000000,0.000000,57.698101,20.499701,-14.700500,0.047771,-0.013570,0.015998,-15.666301,-52.738201,18.801300,-93.396698,0.129960,17.611099,-0.263421,-0.430829,-0.667752,0.546903,-693.524475,1535.331177,-4658.648438,-693.741394,1454.639648,-4669.050293,-683.701294,1578.630005,-4687.690430,-705.962158,1486.489624,-4616.949707,-690.693176,1621.565308,-4660.903809,,,,,,,,,,,,,2616.264893,1567.764893,-3159.802979,,,,,,,,,,,,,,,,,,,,,,,,,544.420715,1490.250244,-4035.218750,567.055481,1457.836304,-4082.473389,,,
10509,105.090000,0.000000,0.000000,0.000000,1.000000,0.000000,0.000000,0.000000,57.698101,20.499701,-14.700500,0.047771,-0.013570,0.015998,-15.666301,-52.738201,18.801300,-93.396698,0.129960,17.611099,-0.263421,-0.430829,-0.667752,0.546903,-693.524475,1535.331177,-4658.648438,-693.741394,1454.639648,-4669.050293,-683.701294,1578.630005,-4687.690430,-705.962158,1486.489624,-4616.949707,-690.693176,1621.565308,-4660.903809,,,,,,,,,,,,,2616.266113,1567.739380,-3159.790283,,,,,,,,,,,,,,,,,,,,,,,,,546.231506,1490.007446,-4033.937988,569.168091,1457.648804,-4081.077637,,,
10510,105.100000,0.000000,0.000000,0.000000,1.000000,0.000000,0.000000,0.000000,57.698101,20.499701,-14.700500,0.047771,-0.013570,0.015998,-15.666301,-52.738201,18.801300,-93.396698,0.129960,17.611099,-0.263421,-0.430829,-0.667752,0.546903,-693.524475,1535.331177,-4658.648438,-693.741394,1454.639648,-4669.050293,-683.701294,1578.630005,-4687.690430,-705.962158,1486.489624,-4616.949707,-690.693176,1621.565308,-4660.903809,,,,,,,,,,,,,2616.274170,1567.762573,-3159.779053,,,,,,,,,,,,,,,,,,,,,,,,,548.185181,1489.997314,-4032.648926,571.014282,1457.318359,-4079.960449,,,
10511,105.110000,0.000000,0.000000,0.000000,1.000000,0.000000,0.000000,0.000000,57.698101,20.499701,-14.700500,0.047771,-0.013570,0.015998,-15.666301,-52.738201,18.801300,-93.396698,0.129960,17.611099,-0.263421,-0.430829,-0.667752,0.546903,-693.524475,1535.331177,-4658.648438,-693.741394,1454.639648,-4669.050293,-683.701294,1578.630005,-4687.690430,-705.962158,1486.489624,-4616.949707,-690.693176,1621.565308,-4660.903809,,,,,,,,,,,,,2616.254150,1567.747070,-3159.796631,,,,,,,,,,,,,,,,,,,,,,,,,550.796814,1490.680908,-4030.768799,573.559753,1457.517090,-4078.235596,,,
10512,105.120000,0.000000,0.000000,0.000000,1.000000,0.000000,0.000000,0.000000,57.698101,20.499701,-14.700500,0.047771,-0.013570,0.015998,-15.666301,-52.738201,18.801300,-93.396698,0.129960,17.611099,-0.263421,-0.430829,-0.667752,0.546903,-693.524475,1535.331177,-4658.648438,-693.741394,1454.639648,-4669.050293,-683.701294,1578.630005,-4687.690430,-705.962158,1486.489624,-4616.949707,-690.693176,1621.565308,-4660.903809,,,,,,,,,,,,,2616.317383,1567.738892,-3159.775146,,,,,,,,,,,,,,,,,,,,,,,,,554.114624,1490.987915,-4028.537842,576.397156,1457.993774,-4076.314941,,,
10513,105.130000,0.000000,0.000000,0.000000,1.000000,0.000000,0.000000,0.000000,57.698101,20.499701,-14.700500,0.047771,-0.013570,0.015998,-15.666301,-52.738201,18.801300,-93.396698,0.129960,17.611099,-0.263421,-0.430829,-0.667752,0.546903,-693.524475,1535.331177,-4658.648438,-693.741394,1454.639648,-4669.050293,-683.701294,1578.630005,-4687.690430,-705.962158,1486.489624,-4616.949707,-690.693176,1621.565308,-4660.903809,,,,,,,,,,,,,2616.265137,1567.712524,-3159.785156,,,,,,,,,,,,,,,,,,,,,,,,,556.997375,1491.152344,-4026.636230,579.563477,1458.671509,-4073.981689,,,
10514,105.140000,0.000000,0.000000,0.000000,1.000000,0.000000,0.000000,0.000000,57.698101,20.499701,-14.700500,0.047771,-0.013570,0.015998,-15.666301,-52.738201,18.801300,-93.396698,0.129960,17.611099,-0.263421,-0.430829,-0.667752,0.546903,-693.524475,1535.331177,-4658.648438,-693.741394,1454.639648,-4669.050293,-683.701294,1578.630005,-4687.690430,-705.962158,1486.489624,-4616.949707,-690.693176,1621.565308,-4660.903809,,,,,,,,,,,,,2616.287109,1567.775879,-3159.797363,,,,,,,,,,,,,,,,,,,,,,,,,558.939392,1491.230225,-4025.361084,581.706299,1458.719849,-4072.547363,,,
10515,105.150000,0.000000,0.000000,0.000000,1.000000,0.000000,0.000000,0.000000,57.698101,20.499701,-14.700500,0.047771,-0.013570,0.015998,-15.666301,-52.738201,18.801300,-93.396698,0.129960,17.611099,-0.263421,-0.430829,-0.667752,0.546903,-693.524475,1535.331177,-4658.648438,-693.741394,1454.639648,-4669.050293,-683.701294,1578.630005,-4687.690430,-705.962158,1486.489624,-4616.949707,-690.693176,1621.565308,-4660.903809,,,,,,,,,,,,,2616.284668,1567.780151,-3159.814453,,,,,,,,,,,,,,,,,,,,,,,,,561.069763,1490.807617,-4023.733154,583.752625,1458.462769,-4071.204590,,,
10516,105.160000,0.000000,0.000000,0.000000,1.000000,0.000000,0.000000,0.000000,57.698101,20.499701,-14.700500,0.047771,-0.013570,0.015998,-15.666301,-52.738201,18.801300,-93.396698,0.129960,17.611099,-0.263421,-0.430829,-0.667752,0.546903,-693.524475,1535.331177,-4658.648438,-693.741394,1454.639648,-4669.050293,-683.701294,1578.630005,-4687.690430,-705.962158,1486.489624,-4616.949707,-690.693176,1621.565308,-4660.903809,,,,,,,,,,,,,2616.265625,1567.772705,-3159.797852,,,,,,,,,,,,,,,,,,,,,,,,,563.600891,1490.783081,-4021.886230,586.026062,1458.285034,-4069.395508,,,
10517,105.170000,0.000000,0.000000,0.000000,1.000000,0.000000,0.000000,0.000000,57.698101,20.499701,-14.700500,0.047771,-0.013570,0.015998,-15.666301,-52.738201,18.801300,-93.396698,0.129960,17.611099,-0.263421,-0.430829,-0.667752,0.546903,-693.524475,1535.331177,-4658.648438,-693.741394,1454.639648,-4669.050293,-683.701294,1578.630005,-4687.690430,-705.962158,1486.489624,-4616.949707,-690.693176,1621.565308,-4660.903809,,,,,,,,,,,,,2616.263672,1567.761353,-3159.806152,,,,,,,,,,,,,,,,,,,,,,,,,566.371765,1491.066772,-4019.705322,588.835693,1458.462280,-4067.407715,,,
10518,105.180000,0.000000,0.000000,0.000000,1.000000,0.000000,0.000000,0.000000,57.698101,20.499701,-14.700500,0.047771,-0.013570,0.015998,-15.666301,-52.738201,18.801300,-93.396698,0.129960,17.611099,-0.263421,-0.430829,-0.667752,0.546903,-693.524475,1535.331177,-4658.648438,-693.741394,1454.639648,-4669.050293,-683.701294,1578.630005,-4687.690430,-705.962158,1486.489624,-4616.949707,-690.693176,1621.565308,-4660.903809,,,,,,,,,,,,,2616.258301,1567.758789,-3159.796143,,,,,,,,,,,,,,,,,,,,,,,,,569.793945,1491.550171,-4017.108887,591.864502,1458.936646,-4065.094482,,,
10519,105.190000,0.000000,0.000000,0.000000,1.000000,0.000000,0.000000,0.000000,57.698101,20.499701,-14.700500,0.047771,-0.013570,0.015998,-15.666301,-52.738201,18.801300,-93.396698,0.129960,17.611099,-0.263421,-0.430829,-0.667752,0.546903,-693.524475,1535.331177,-4658.648438,-693.741394,1454.639648,-4669.050293,-683.701294,1578.630005,-4687.690430,-705.962158,1486.489624,-4616.949707,-690.693176,1621.565308,-4660.903809,,,,,,,,,,,,,2616.257324,1567.770020,-3159.794189,,,,,,,,,,,,,,,,,,,,,,,,,572.727783,1491.706787,-4014.916504,594.919617,1459.444946,-4062.561523,,,
10520,105.200000,0.000000,0.000000,0.000000,1.000000,0.000000,0.000000,0.000000,57.698101,20.499701,-14.700500,0.047771,-0.013570,0.015998,-15.666301,-52.738201,18.801300,-93.396698,0.129960,17.611099,-0.263421,-0.430829,-0.667752,0.546903,-693.524475,1535.331177,-4658.648438,-693.741394,1454.639648,-4669.050293,-683.701294,1578.630005,-4687.690430,-705.962158,1486.489624,-4616.949707,-690.693176,1621.565308,-4660.903809,,,,,,,,,,,,,2616.249023,1567.782104,-3159.803467,,,,,,,,,,,,,,,,,,,,,,,,,574.862366,1491.614990,-4013.310791,597.328186,1459.382568,-4060.686523,,,
10521,105.210000,0.000000,0.000000,0.000000,1.000000,0.000000,0.000000,0.000000,57.698101,20.499701,-14.700500,0.047771,-0.013570,0.015998,-15.666301,-52.738201,18.801300,-93.396698,0.129960,17.611099,-0.263421,-0.430829,-0.667752,0.546903,-693.524475,1535.331177,-4658.648438,-693.741394,1454.639648,-4669.050293,-683.701294,1578.630005,-4687.690430,-705.962158,1486.489624,-4616.949707,-690.693176,1621.565308,-4660.903809,,,,,,,,,,,,,2616.287109,1567.774902,-3159.789795,,,,,,,,,,,,,,,,,,,,,,,,,577.133728,1491.050415,-4011.371094,599.740479,1459.020752,-4058.805420,,,
10522,105.220000,0.000000,0.000000,0.000000,1.000000,0.000000,0.000000,0.000000,57.698101,20.499701,-14.700500,0.047771,-0.013570,0.015998,-15.666301,-52.738201,18.801300,-93.396698,0.129960,17.611099,-0.263421,-0.430829,-0.667752,0.546903,-693.524475,1535.331177,-4658.648438,-693.741394,1454.639648,-4669.050293,-683.701294,1578.630005,-4687.690430,-705.962158,1486.489624,-4616.949707,-690.693176,1621.565308,-4660.903809,,,,,,,,,,,,,2616.298828,1567.730835,-3159.781250,,,,,,,,,,,,,,,,,,,,,,,,,579.841187,1491.254150,-4008.958740,602.086731,1458.585449,-4056.891357,,,
10523,105.230000,0.000000,0.000000,0.000000,1.000000,0.000000,0.000000,0.000000,57.698101,20.499701,-14.700500,0.047771,-0.013570,0.015998,-15.666301,-52.738201,18.801300,-93.396698,0.129960,17.611099,-0.263421,-0.430829,-0.667752,0.546903,-693.524475,1535.331177,-4658.648438,-693.741394,1454.639648,-4669.050293,-683.701294,1578.630005,-4687.690430,-705.962158,1486.489624,-4616.949707,-690.693176,1621.565308,-4660.903809,,,,,,,,,,,,,2616.294434,1567.768311,-3159.781982,,,,,,,,,,,,,,,,,,,,,,,,,582.379517,1491.189697,-4006.695312,604.832764,1458.644409,-4054.372803,,,
10524,105.240000,0.000000,0.000000,0.000000,1.000000,0.000000,0.000000,0.000000,57.698101,20.499701,-14.700500,0.047771,-0.013570,0.015998,-15.666301,-52.738201,18.801300,-93.396698,0.129960,17.611099,-0.263421,-0.430829,-0.667752,0.546903,-693.524475,1535.331177,-4658.648438,-693.741394,1454.639648,-4669.050293,-683.701294,1578.630005,-4687.690430,-705.962158,1486.489624,-4616.949707,-690.693176,1621.565308,-4660.903809,,,,,,,,,,,,,2616.291992,1567.761597,-3159.794434,,,,,,,,,,,,,,,,,,,,,,,,,585.771301,1491.573120,-4004.140381,607.880188,1458.910156,-4051.848389,,,
10525,105.250000,0.000000,0.000000,0.000000,1.000000,0.000000,0.000000,0.000000,57.698101,20.499701,-14.700500,0.047771,-0.013570,0.015998,-15.666301,-52.738201,18.801300,-93.396698,0.129960,17.611099,-0.263421,-0.430829,-0.667752,0.546903,-693.524475,1535.331177,-4658.648438,-693.741394,1454.639648,-4669.050293,-683.701294,1578.630005,-4687.690430,-705.962158,1486.489624,-4616.949707,-690.693176,1621.565308,-4660.903809,,,,,,,,,,,,,2616.258545,1567.736694,-3159.792480,,,,,,,,,,,,,,,,,,,,,,,,,588.918701,1491.460815,-4001.596436,611.230225,1459.283691,-4049.099365,,,
10526,105.260000,0.000000,0.000000,0.000000,1.000000,0.000000,0.000000,0.000000,57.698101,20.499701,-14.700500,0.047771,-0.013570,0.015998,-15.666301,-52.738201,18.801300,-93.396698,0.129960,17.611099,-0.263421,-0.430829,-0.667752,0.546903,-693.524475,1535.331177,-4658.648438,-693.741394,1454.639648,-4669.050293,-683.701294,1578.630005,-4687.690430,-705.962158,1486.489624,-4616.949707,-690.693176,1621.565308,-4660.903809,,,,,,,,,,,,,2616.277588,1567.765503,-3159.787842,,,,,,,,,,,,,,,,,,,,,,,,,591.972656,1491.344849,-3999.007812,614.184753,1459.240479,-4046.723389,,,
10527,105.270000,0.000000,0.000000,0.000000,1.000000,0.000000,0.000000,0.000000,57.698101,20.499701,-14.700500,0.047771,-0.013570,0.015998,-15.666301,-52.738201,18.801300,-93.396698,0.129960,17.611099,-0.263421,-0.430829,-0.667752,0.546903,-693.524475,1535.331177,-4658.648438,-693.741394,1454.639648,-4669.050293,-683.701294,1578.630005,-4687.690430,-705.962158,1486.489624,-4616.949707,-690.693176,1621.565308,-4660.903809,,,,,,,,,,,,,2616.260498,1567.741211,-3159.798828,,,,,,,,,,,,,,,,,,,,,,,,,594.456299,1491.119385,-3996.718750,616.982727,1458.951782,-4044.259521,,,
10528,105.280000,0.000000,0.000000,0.000000,1.000000,0.000000,0.000000,0.000000,57.698101,20.499701,-14.700500,0.047771,-0.013570,0.015998,-15.666301,-52.738201,18.801300,-93.396698,0.129960,17.611099,-0.263421,-0.430829,-0.667752,0.546903,-693.524475,1535.331177,-4658.648438,-693.741394,1454.639648,-4669.050293,-683.701294,1578.630005,-4687.690430,-705.962158,1486.489624,-4616.949707,-690.693176,1621.565308,-4660.903809,,,,,,,,,,,,,2616.303955,1567.715088,-3159.786133,,,,,,,,,,,,,,,,,,,,,,,,,596.547607,1490.859863,-3994.745117,619.109985,1458.548096,-4042.200928,,,
10529,105.290000,0.000000,0.000000,0.000000,1.000000,0.000000,0.000000,0.000000,57.698101,20.499701,-14.700500,0.047771,-0.013570,0.015998,-15.666301,-52.738201,18.801300,-93.396698,0.129960,17.611099,-0.263421,-0.430829,-0.667752,0.546903,-693.524475,1535.331177,-4658.648438,-693.741394,1454.639648,-4669.050293,-683.701294,1578.630005,-4687.690430,-705.962158,1486.489624,-4616.949707,-690.693176,1621.565308,-4660.903809,,,,,,,,,,,,,2616.291748,1567.724854,-3159.776855,,,,,,,,,,,,,,,,,,,,,,,,,599.340454,1490.845703,-3992.418945,621.533020,1458.410278,-4040.008545,,,
10530,105.300000,0.000000,0.000000,0.000000,1.000000,0.000000,0.000000,0.000000,57.698101,20.499701,-14.700500,0.047771,-0.013570,0.015998,-15.666301,-52.738201,18.801300,-93.396698,0.129960,17.611099,-0.263421,-0.430829,-0.667752,0.546903,-693.524475,1535.331177,-4658.648438,-693.741394,1454.639648,-4669.050293,-683.701294,1578.630005,-4687.690430,-705.962158,1486.489624,-4616.949707,-690.693176,1621.565308,-4660.903809,,,,,,,,,,,,,2616.303955,1567.760498,-3159.783936,,,,,,,,,,,,,,,,,,,,,,,,,602.947205,1491.116089,-3989.348877,624.489197,1458.564697,-4037.429443,,,
10531,105.310000,0.000000,0.000000,0.000000,1.000000,0.000000,0.000000,0.000000,57.698101,20.499701,-14.700500,0.047771,-0.013570,0.015998,-15.666301,-52.738201,18.801300,-93.396698,0.129960,17.611099,-0.263421,-0.430829,-0.667752,0.546903,-693.524475,1535.331177,-4658.648438,-693.741394,1454.639648,-4669.050293,-683.701294,1578.630005,-4687.690430,-705.962158,1486.489624,-4616.949707,-690.693176,1621.565308,-4660.903809,,,,,,,,,,,,,2616.289795,1567.772705,-3159.793701,,,,,,,,,,,,,,,,,,,,,,,,,606.198425,1491.530151,-3986.582520,628.078796,1458.812866,-4034.290771,,,
10532,105.320000,0.000000,0.000000,0.000000,1.000000,0.000000,0.000000,0.000000,57.698101,20.499701,-14.700500,0.047771,-0.013570,0.015998,-15.666301,-52.738201,18.801300,-93.396698,0.129960,17.611099,-0.263421,-0.430829,-0.667752,0.546903,-693.524475,1535.331177,-4658.648438,-693.741394,1454.639648,-4669.050293,-683.701294,1578.630005,-4687.690430,-705.962158,1486.489624,-4616.949707,-690.693176,1621.565308,-4660.903809,,,,,,,,,,,,,2616.266357,1567.754883,-3159.807861,,,,,,,,,,,,,,,,,,,,,,,,,609.296936,1491.470459,-3983.995361,631.302002,1458.867432,-4031.672363,,,
10533,105.330000,0.000000,0.000000,0.000000,1.000000,0.000000,0.000000,0.000000,57.698101,20.499701,-14.700500,0.047771,-0.013570,0.015998,-15.666301,-52.738201,18.801300,-93.396698,0.129960,17.611099,-0.263421,-0.430829,-0.667752,0.546903,-693.524475,1535.331177,-4658.648438,-693.741394,1454.639648,-4669.050293,-683.701294,1578.630005,-4687.690430,-705.962158,1486.489624,-4616.949707,-690.693176,1621.565308,-4660.903809,,,,,,,,,,,,,2616.288818,1567.749390,-3159.784424,,,,,,,,,,,,,,,,,,,,,,,,,611.986145,1491.727539,-3981.544189,634.349365,1458.960327,-4029.002197,,,
10534,105.340000,0.000000,0.000000,0.000000,1.000000,0.000000,0.000000,0.000000,57.698101,20.499701,-14.700500,0.047771,-0.013570,0.015998,-15.666301,-52.738201,18.801300,-93.396698,0.129960,17.611099,-0.263421,-0.430829,-0.667752,0.546903,-693.524475,1535.331177,-4658.648438,-693.741394,1454.639648,-4669.050293,-683.701294,1578.630005,-4687.690430,-705.962158,1486.489624,-4616.949707,-690.693176,1621.565308,-4660.903809,,,,,,,,,,,,,2616.307373,1567.744751,-3159.786377,,,,,,,,,,,,,,,,,,,,,,,,,614.247009,1491.367432,-3979.103516,636.669922,1458.873779,-4026.592285,,,
10535,105.350000,0.000000,0.000000,0.000000,1.000000,0.000000,0.000000,0.000000,57.698101,20.499701,-14.700500,0.047771,-0.013570,0.015998,-15.666301,-52.738201,18.801300,-93.396698,0.129960,17.611099,-0.263421,-0.430829,-0.667752,0.546903,-693.524475,1535.331177,-4658.648438,-693.741394,1454.639648,-4669.050293,-683.701294,1578.630005,-4687.690430,-705.962158,1486.489624,-4616.949707,-690.693176,1621.565308,-4660.903809,,,,,,,,,,,,,2616.308105,1567.758057,-3159.777832,,,,,,,,,,,,,,,,,,,,,,,,,617.559937,1491.527344,-3976.207031,639.199585,1458.927856,-4024.043457,,,
10536,105.360000,0.000000,0.000000,0.000000,1.000000,0.000000,0.000000,0.000000,57.698101,20.499701,-14.700500,0.047771,-0.013570,0.015998,-15.666301,-52.738201,18.801300,-93.396698,0.129960,17.611099,-0.263421,-0.430829,-0.667752,0.546903,-693.524475,1535.331177,-4658.648438,-693.741394,1454.639648,-4669.050293,-683.701294,1578.630005,-4687.690430,-705.962158,1486.489624,-4616.949707,-690.693176,1621.565308,-4660.903809,,,,,,,,,,,,,2616.293701,1567.762817,-3159.785400,,,,,,,,,,,,,,,,,,,,,,,,,620.439270,1491.393066,-3973.880615,641.693542,1458.664185,-4021.763916,,,
10537,105.370000,0.000000,0.000000,0.000000,1.000000,0.000000,0.000000,0.000000,57.698101,20.499701,-14.700500,0.047771,-0.013570,0.015998,-15.666301,-52.738201,18.801300,-93.396698,0.129960,17.611099,-0.263421,-0.430829,-0.667752,0.546903,-693.524475,1535.331177,-4658.648438,-693.741394,1454.639648,-4669.050293,-683.701294,1578.630005,-4687.690430,-705.962158,1486.489624,-4616.949707,-690.693176,1621.565308,-4660.903809,,,,,,,,,,,,,2616.280029,1567.758789,-3159.807617,,,,,,,,,,,,,,,,,,,,,,,,,624.056702,1491.813477,-3970.669922,645.217590,1458.719727,-4018.724854,,,
10538,105.380000,0.000000,0.000000,0.000000,1.000000,0.000000,0.000000,0.000000,57.698101,20.499701,-14.700500,0.047771,-0.013570,0.015998,-15.666301,-52.738201,18.801300,-93.396698,0.129960,17.611099,-0.263421,-0.430829,-0.667752,0.546903,-693.524475,1535.331177,-4658.648438,-693.741394,1454.639648,-4669.050293,-683.701294,1578.630005,-4687.690430,-705.962158,1486.489624,-4616.949707,-690.693176,1621.565308,-4660.903809,,,,,,,,,,,,,2616.307617,1567.737671,-3159.783447,,,,,,,,,,,,,,,,,,,,,,,,,627.367615,1492.270996,-3967.697266,648.665710,1459.109863,-4015.517334,,,
10539,105.390000,0.000000,0.000000,0.000000,1.000000,0.000000,0.000000,0.000000,57.698101,20.499701,-14.700500,0.047771,-0.013570,0.015998,-15.666301,-52.738201,18.801300,-93.396698,0.129960,17.611099,-0.263421,-0.430829,-0.667752,0.546903,-693.524475,1535.331177,-4658.648438,-693.741394,1454.639648,-4669.050293,-683.701294,1578.630005,-4687.690430,-705.962158,1486.489624,-4616.949707,-690.693176,1621.565308,-4660.903809,,,,,,,,,,,,,2616.308594,1567.760986,-3159.785889,,,,,,,,,,,,,,,,,,,,,,,,,630.050171,1492.479370,-3965.279785,651.940125,1459.557983,-4012.659180,,,
10540,105.400000,0.000000,0.000000,0.000000,1.000000,0.000000,0.000000,0.000000,57.698101,20.499701,-14.700500,0.047771,-0.013570,0.015998,-15.666301,-52.738201,18.801300,-93.396698,0.129960,17.611099,-0.263421,-0.430829,-0.667752,0.546903,-693.524475,1535.331177,-4658.648438,-693.741394,1454.639648,-4669.050293,-683.701294,1578.630005,-4687.690430,-705.962158,1486.489624,-4616.949707,-690.693176,1621.565308,-4660.903809,,,,,,,,,,,,,2616.277832,1567.742310,-3159.781006,,,,,,,,,,,,,,,,,,,,,,,,,632.428833,1492.761353,-3962.710938,654.640320,1459.847656,-4009.945312,,,
10541,105.410000,0.000000,0.000000,0.000000,1.000000,0.000000,0.000000,0.000000,57.698101,20.499701,-14.700500,0.047771,-0.013570,0.015998,-15.666301,-52.738201,18.801300,-93.396698,0.129960,17.611099,-0.263421,-0.430829,-0.667752,0.546903,-693.524475,1535.331177,-4658.648438,-693.741394,1454.639648,-4669.050293,-683.701294,1578.630005,-4687.690430,-705.962158,1486.489624,-4616.949707,-690.693176,1621.565308,-4660.903809,,,,,,,,,,,,,2616.285889,1567.755249,-3159.785645,,,,,,,,,,,,,,,,,,,,,,,,,635.138062,1492.638184,-3960.112549,657.168762,1459.978271,-4007.268066,,,
10542,105.420000,0.000000,0.000000,0.000000,1.000000,0.000000,0.000000,0.000000,57.698101,20.499701,-14.700500,0.047771,-0.013570,0.015998,-15.666301,-52.738201,18.801300,-93.396698,0.129960,17.611099,-0.263421,-0.430829,-0.667752,0.546903,-693.524475,1535.331177,-4658.648438,-693.741394,1454.639648,-4669.050293,-683.701294,1578.630005,-4687.690430,-705.962158,1486.489624,-4616.949707,-690.693176,1621.565308,-4660.903809,,,,,,,,,,,,,2616.298584,1567.804077,-3159.796143,,,,,,,,,,,,,,,,,,,,,,,,,638.539978,1493.154663,-3957.313477,659.681213,1459.760498,-4004.821289,,,
10543,105.430000,0.000000,0.000000,0.000000,1.000000,0.000000,0.000000,0.000000,57.698101,20.499701,-14.700500,0.047771,-0.013570,0.015998,-15.666301,-52.738201,18.801300,-93.396698,0.129960,17.611099,-0.263421,-0.430829,-0.667752,0.546903,-693.524475,1535.331177,-4658.648438,-693.741394,1454.639648,-4669.050293,-683.701294,1578.630005,-4687.690430,-705.962158,1486.489624,-4616.949707,-690.693176,1621.565308,-4660.903809,,,,,,,,,,,,,2616.274902,1567.784790,-3159.798828,,,,,,,,,,,,,,,,,,,,,,,,,641.790283,1493.613647,-3954.466553,662.932495,1459.922119,-4002.068604,,,
10544,105.440000,0.000000,0.000000,0.000000,1.000000,0.000000,0.000000,0.000000,57.698101,20.499701,-14.700500,0.047771,-0.013570,0.015998,-15.666301,-52.738201,18.801300,-93.396698,0.129960,17.611099,-0.263421,-0.430829,-0.667752,0.546903,-693.524475,1535.331177,-4658.648438,-693.741394,1454.639648,-4669.050293,-683.701294,1578.630005,-4687.690430,-705.962158,1486.489624,-4616.949707,-690.693176,1621.565308,-4660.903809,,,,,,,,,,,,,2616.266846,1567.762451,-3159.800049,,,,,,,,,,,,,,,,,,,,,,,,,645.130371,1494.282593,-3951.401367,666.267822,1460.590576,-3998.946289,,,
10545,105.450000,0.000000,0.000000,0.000000,1.000000,0.000000,0.000000,0.000000,57.698101,20.499701,-14.700500,0.047771,-0.013570,0.015998,-15.666301,-52.738201,18.801300,-93.396698,0.129960,17.611099,-0.263421,-0.430829,-0.667752,0.546903,-693.524475,1535.331177,-4658.648438,-693.741394,1454.639648,-4669.050293,-683.701294,1578.630005,-4687.690430,-705.962158,1486.489624,-4616.949707,-690.693176,1621.565308,-4660.903809,,,,,,,,,,,,,2616.247070,1567.769775,-3159.794922,,,,,,,,,,,,,,,,,,,,,,,,,647.706970,1494.672852,-3948.774658,669.640442,1461.384155,-3995.826660,,,
10546,105.460000,0.000000,0.000000,0.000000,1.000000,0.000000,0.000000,0.000000,57.698101,20.499701,-14.700500,0.047771,-0.013570,0.015998,-15.666301,-52.738201,18.801300,-93.396698,0.129960,17.611099,-0.263421,-0.430829,-0.667752,0.546903,-693.524475,1535.331177,-4658.648438,-693.741394,1454.639648,-4669.050293,-683.701294,1578.630005,-4687.690430,-705.962158,1486.489624,-4616.949707,-690.693176,1621.565308,-4660.903809,,,,,,,,,,,,,2616.286865,1567.790649,-3159.808105,,,,,,,,,,,,,,,,,,,,,,,,,649.957153,1495.257080,-3946.533691,672.158936,1461.784546,-3993.579590,,,
10547,105.470000,0.000000,0.000000,0.000000,1.000000,0.000000,0.000000,0.000000,57.698101,20.499701,-14.700500,0.047771,-0.013570,0.015998,-15.666301,-52.738201,18.801300,-93.396698,0.129960,17.611099,-0.263421,-0.430829,-0.667752,0.546903,-693.524475,1535.331177,-4658.648438,-693.741394,1454.639648,-4669.050293,-683.701294,1578.630005,-4687.690430,-705.962158,1486.489624,-4616.949707,-690.693176,1621.565308,-4660.903809,,,,,,,,,,,,,2616.292725,1567.771729,-3159.796143,,,,,,,,,,,,,,,,,,,,,,,,,652.661560,1495.430054,-3944.157959,674.511292,1462.113525,-3991.134766,,,
10548,105.480000,0.000000,0.000000,0.000000,1.000000,0.000000,0.000000,0.000000,57.698101,20.499701,-14.700500,0.047771,-0.013570,0.015998,-15.666301,-52.738201,18.801300,-93.396698,0.129960,17.611099,-0.263421,-0.430829,-0.667752,0.546903,-693.524475,1535.331177,-4658.648438,-693.741394,1454.639648,-4669.050293,-683.701294,1578.630005,-4687.690430,-705.962158,1486.489624,-4616.949707,-690.693176,1621.565308,-4660.903809,,,,,,,,,,,,,2616.287842,1567.746216,-3159.788818,,,,,,,,,,,,,,,,,,,,,,,,,656.410217,1496.351074,-3940.982422,677.094788,1462.321533,-3988.583740,,,
10549,105.490000,0.000000,0.000000,0.000000,1.000000,0.000000,0.000000,0.000000,57.698101,20.499701,-14.700500,0.047771,-0.013570,0.015998,-15.666301,-52.738201,18.801300,-93.396698,0.129960,17.611099,-0.263421,-0.430829,-0.667752,0.546903,-693.524475,1535.331177,-4658.648438,-693.741394,1454.639648,-4669.050293,-683.701294,1578.630005,-4687.690430,-705.962158,1486.489624,-4616.949707,-690.693176,1621.565308,-4660.903809,,,,,,,,,,,,,2616.293945,1567.771118,-3159.789062,,,,,,,,,,,,,,,,,,,,,,,,,659.773193,1496.810791,-3938.283203,680.359802,1462.657959,-3986.005615,,,
10550,105.500000,0.000000,0.000000,0.000000,1.000000,0.000000,0.000000,0.000000,57.698101,20.499701,-14.700500,0.047771,-0.013570,0.015998,-15.666301,-52.738201,18.801300,-93.396698,0.129960,17.611099,-0.263421,-0.430829,-0.667752,0.546903,-693.524475,1535.331177,-4658.648438,-693.741394,1454.639648,-4669.050293,-683.701294,1578.630005,-4687.690430,-705.962158,1486.489624,-4616.949707,-690.693176,1621.565308,-4660.903809,,,,,,,,,,,,,2616.293457,1567.746460,-3159.780762,,,,,,,,,,,,,,,,,,,,,,,,,662.434387,1497.104248,-3936.104736,683.662537,1463.249390,-3983.380859,,,
10551,105.510000,0.000000,0.000000,0.000000,1.000000,0.000000,0.000000,0.000000,57.698101,20.499701,-14.700500,0.047771,-0.013570,0.015998,-15.666301,-52.738201,18.801300,-93.396698,0.129960,17.611099,-0.263421,-0.430829,-0.667752,0.546903,-693.524475,1535.331177,-4658.648438,-693.741394,1454.639648,-4669.050293,-683.701294,1578.630005,-4687.690430,-705.962158,1486.489624,-4616.949707,-690.693176,1621.565308,-4660.903809,,,,,,,,,,,,,2616.306641,1567.736572,-3159.773926,,,,,,,,,,,,,,,,,,,,,,,,,664.773376,1497.563965,-3933.863770,686.753296,1463.988403,-3980.699463,,,
10552,105.520000,0.000000,0.000000,0.000000,1.000000,0.000000,0.000000,0.000000,57.698101,20.499701,-14.700500,0.047771,-0.013570,0.015998,-15.666301,-52.738201,18.801300,-93.396698,0.129960,17.611099,-0.263421,-0.430829,-0.667752,0.546903,-693.524475,1535.331177,-4658.648438,-693.741394,1454.639648,-4669.050293,-683.701294,1578.630005,-4687.690430,-705.962158,1486.489624,-4616.949707,-690.693176,1621.565308,-4660.903809,,,,,,,,,,,,,2616.273926,1567.757080,-3159.783936,,,,,,,,,,,,,,,,,,,,,,,,,667.228210,1498.255981,-3931.388916,689.039124,1464.338989,-3978.407471,,,
10553,105.530000,0.000000,0.000000,0.000000,1.000000,0.000000,0.000000,0.000000,57.698101,20.499701,-14.700500,0.047771,-0.013570,0.015998,-15.666301,-52.738201,18.801300,-93.396698,0.129960,17.611099,-0.263421,-0.430829,-0.667752,0.546903,-693.524475,1535.331177,-4658.648438,-693.741394,1454.639648,-4669.050293,-683.701294,1578.630005,-4687.690430,-705.962158,1486.489624,-4616.949707,-690.693176,1621.565308,-4660.903809,,,,,,,,,,,,,2616.266602,1567.803223,-3159.802490,,,,,,,,,,,,,,,,,,,,,,,,,670.097534,1499.052856,-3929.012939,691.028076,1464.535522,-3976.382812,,,
10554,105.540000,0.000000,0.000000,0.000000,1.000000,0.000000,0.000000,0.000000,57.698101,20.499701,-14.700500,0.047771,-0.013570,0.015998,-15.666301,-52.738201,18.801300,-93.396698,0.129960,17.611099,-0.263421,-0.430829,-0.667752,0.546903,-693.524475,1535.331177,-4658.648438,-693.741394,1454.639648,-4669.050293,-683.701294,1578.630005,-4687.690430,-705.962158,1486.489624,-4616.949707,-690.693176,1621.565308,-4660.903809,,,,,,,,,,,,,2616.275879,1567.801147,-3159.803467,,,,,,,,,,,,,,,,,,,,,,,,,673.353516,1499.386475,-3926.550293,693.513428,1464.888184,-3974.347900,,,
10555,105.550000,0.000000,0.000000,0.000000,1.000000,0.000000,0.000000,0.000000,57.698101,20.499701,-14.700500,0.047771,-0.013570,0.015998,-15.666301,-52.738201,18.801300,-93.396698,0.129960,17.611099,-0.263421,-0.430829,-0.667752,0.546903,-693.524475,1535.331177,-4658.648438,-693.741394,1454.639648,-4669.050293,-683.701294,1578.630005,-4687.690430,-705.962158,1486.489624,-4616.949707,-690.693176,1621.565308,-4660.903809,,,,,,,,,,,,,2616.319824,1567.757202,-3159.785156,,,,,,,,,,,,,,,,,,,,,,,,,676.281860,1499.672852,-3924.305176,696.583557,1465.537476,-3971.627930,,,
10556,105.560000,0.000000,0.000000,0.000000,1.000000,0.000000,0.000000,0.000000,57.698101,20.499701,-14.700500,0.047771,-0.013570,0.015998,-15.666301,-52.738201,18.801300,-93.396698,0.129960,17.611099,-0.263421,-0.430829,-0.667752,0.546903,-693.524475,1535.331177,-4658.648438,-693.741394,1454.639648,-4669.050293,-683.701294,1578.630005,-4687.690430,-705.962158,1486.489624,-4616.949707,-690.693176,1621.565308,-4660.903809,,,,,,,,,,,,,2616.284424,1567.756470,-3159.789551,,,,,,,,,,,,,,,,,,,,,,,,,678.462219,1499.883789,-3922.158447,699.888000,1466.216675,-3968.905029,,,
10557,105.570000,0.000000,0.000000,0.000000,1.000000,0.000000,0.000000,0.000000,57.698101,20.499701,-14.700500,0.047771,-0.013570,0.015998,-15.666301,-52.738201,18.801300,-93.396698,0.129960,17.611099,-0.263421,-0.430829,-0.667752,0.546903,-693.524475,1535.331177,-4658.648438,-693.741394,1454.639648,-4669.050293,-683.701294,1578.630005,-4687.690430,-705.962158,1486.489624,-4616.949707,-690.693176,1621.565308,-4660.903809,,,,,,,,,,,,,2616.262451,1567.739990,-3159.790771,,,,,,,,,,,,,,,,,,,,,,,,,680.342041,1500.050903,-3920.194092,702.724304,1466.617432,-3966.332031,,,
10558,105.580000,0.000000,0.000000,0.000000,1.000000,0.000000,0.000000,0.000000,57.698101,20.499701,-14.700500,0.047771,-0.013570,0.015998,-15.666301,-52.738201,18.801300,-93.396698,0.129960,17.611099,-0.263421,-0.430829,-0.667752,0.546903,-693.524475,1535.331177,-4658.648438,-693.741394,1454.639648,-4669.050293,-683.701294,1578.630005,-4687.690430,-705.962158,1486.489624,-4616.949707,-690.693176,1621.565308,-4660.903809,,,,,,,,,,,,,2616.278809,1567.767456,-3159.800537,,,,,,,,,,,,,,,,,,,,,,,,,683.175171,1500.788086,-3917.673828,704.870422,1466.643188,-3964.484863,,,
10559,105.590000,0.000000,0.000000,0.000000,1.000000,0.000000,0.000000,0.000000,57.698101,20.499701,-14.700500,0.047771,-0.013570,0.015998,-15.666301,-52.738201,18.801300,-93.396698,0.129960,17.611099,-0.263421,-0.430829,-0.667752,0.546903,-693.524475,1535.331177,-4658.648438,-693.741394,1454.639648,-4669.050293,-683.701294,1578.630005,-4687.690430,-705.962158,1486.489624,-4616.949707,-690.693176,1621.565308,-4660.903809,,,,,,,,,,,,,2616.292236,1567.743408,-3159.788086,,,,,,,,,,,,,,,,,,,,,,,,,685.539734,1501.052490,-3915.854492,706.570190,1466.638794,-3962.747314,,,
10560,105.600000,0.000000,0.000000,0.000000,1.000000,0.000000,0.000000,0.000000,57.698101,20.499701,-14.700500,0.047771,-0.013570,0.015998,-15.666301,-52.738201,18.801300,-93.396698,0.129960,17.611099,-0.263421,-0.430829,-0.667752,0.546903,-693.524475,1535.331177,-4658.648438,-693.741394,1454.639648,-4669.050293,-683.701294,1578.630005,-4687.690430,-705.962158,1486.489624,-4616.949707,-690.693176,1621.565308,-4660.903809,,,,,,,,,,,,,2616.314941,1567.731445,-3159.774170,,,,,,,,,,,,,,,,,,,,,,,,,688.435181,1502.176758,-3913.158691,708.864685,1467.071289,-3960.341553,,,
10561,105.610000,0.000000,0.000000,0.000000,1.000000,0.000000,0.000000,0.000000,57.698101,20.499701,-14.700500,0.047771,-0.013570,0.015998,-15.666301,-52.738201,18.801300,-93.396698,0.129960,17.611099,-0.263421,-0.430829,-0.667752,0.546903,-693.524475,1535.331177,-4658.648438,-693.741394,1454.639648,-4669.050293,-683.701294,1578.630005,-4687.690430,-705.962158,1486.489624,-4616.949707,-690.693176,1621.565308,-4660.903809,,,,,,,,,,,,,2616.293701,1567.768066,-3159.781250,,,,,,,,,,,,,,,,,,,,,,,,,691.181580,1502.655273,-3910.545166,711.478516,1467.631348,-3957.882812,,,
10562,105.620000,0.000000,0.000000,0.000000,1.000000,0.000000,0.000000,0.000000,57.698101,20.499701,-14.700500,0.047771,-0.013570,0.015998,-15.666301,-52.738201,18.801300,-93.396698,0.129960,17.611099,-0.263421,-0.430829,-0.667752,0.546903,-693.524475,1535.331177,-4658.648438,-693.741394,1454.639648,-4669.050293,-683.701294,1578.630005,-4687.690430,-705.962158,1486.489624,-4616.949707,-690.693176,1621.565308,-4660.903809,,,,,,,,,,,,,2616.294922,1567.748901,-3159.782715,,,,,,,,,,,,,,,,,,,,,,,,,693.272522,1502.819946,-3908.575439,714.147278,1468.200073,-3955.504150,,,
10563,105.630000,0.000000,0.000000,0.000000,1.000000,0.000000,0.000000,0.000000,57.698101,20.499701,-14.700500,0.047771,-0.013570,0.015998,-15.666301,-52.738201,18.801300,-93.396698,0.129960,17.611099,-0.263421,-0.430829,-0.667752,0.546903,-693.524475,1535.331177,-4658.648438,-693.741394,1454.639648,-4669.050293,-683.701294,1578.630005,-4687.690430,-705.962158,1486.489624,-4616.949707,-690.693176,1621.565308,-4660.903809,,,,,,,,,,,,,2616.266846,1567.777832,-3159.791016,,,,,,,,,,,,,,,,,,,,,,,,,694.800110,1502.736450,-3906.972656,716.848633,1468.684326,-3953.072266,,,
10564,105.640000,0.000000,0.000000,0.000000,1.000000,0.000000,0.000000,0.000000,57.698101,20.499701,-14.700500,0.047771,-0.013570,0.015998,-15.666301,-52.738201,18.801300,-93.396698,0.129960,17.611099,-0.263421,-0.430829,-0.667752,0.546903,-693.524475,1535.331177,-4658.648438,-693.741394,1454.639648,-4669.050293,-683.701294,1578.630005,-4687.690430,-705.962158,1486.489624,-4616.949707,-690.693176,1621.565308,-4660.903809,,,,,,,,,,,,,2616.248535,1567.736450,-3159.802734,,,,,,,,,,,,,,,,,,,,,,,,,696.684509,1502.816895,-3904.957275,719.365417,1468.947266,-3950.595703,,,
10565,105.650000,0.000000,0.000000,0.000000,1.000000,0.000000,0.000000,0.000000,57.698101,20.499701,-14.700500,0.047771,-0.013570,0.015998,-15.666301,-52.738201,18.801300,-93.396698,0.129960,17.611099,-0.263421,-0.430829,-0.667752,0.546903,-693.524475,1535.331177,-4658.648438,-693.741394,1454.639648,-4669.050293,-683.701294,1578.630005,-4687.690430,-705.962158,1486.489624,-4616.949707,-690.693176,1621.565308,-4660.903809,,,,,,,,,,,,,2616.278320,1567.772095,-3159.795654,,,,,,,,,,,,,,,,,,,,,,,,,699.312378,1503.478882,-3902.272461,721.497192,1468.937378,-3948.414307,,,
10566,105.660000,0.000000,0.000000,0.000000,1.000000,0.000000,0.000000,0.000000,57.698101,20.499701,-14.700500,0.047771,-0.013570,0.015998,-15.666301,-52.738201,18.801300,-93.396698,0.129960,17.611099,-0.263421,-0.430829,-0.667752,0.546903,-693.524475,1535.331177,-4658.648438,-693.741394,1454.639648,-4669.050293,-683.701294,1578.630005,-4687.690430,-705.962158,1486.489624,-4616.949707,-690.693176,1621.565308,-4660.903809,,,,,,,,,,,,,2616.251465,1567.740723,-3159.794922,,,,,,,,,,,,,,,,,,,,,,,,,701.324219,1503.342651,-3900.367676,723.355408,1468.858032,-3946.581055,,,
10567,105.670000,0.000000,0.000000,0.000000,1.000000,0.000000,0.000000,0.000000,57.698101,20.499701,-14.700500,0.047771,-0.013570,0.015998,-15.666301,-52.738201,18.801300,-93.396698,0.129960,17.611099,-0.263421,-0.430829,-0.667752,0.546903,-693.524475,1535.331177,-4658.648438,-693.741394,1454.639648,-4669.050293,-683.701294,1578.630005,-4687.690430,-705.962158,1486.489624,-4616.949707,-690.693176,1621.565308,-4660.903809,,,,,,,,,,,,,2616.259521,1567.761719,-3159.790527,,,,,,,,,,,,,,,,,,,,,,,,,704.021240,1503.861938,-3898.021729,724.861877,1468.824219,-3944.856689,,,
10568,105.680000,0.000000,0.000000,0.000000,1.000000,0.000000,0.000000,0.000000,57.698101,20.499701,-14.700500,0.047771,-0.013570,0.015998,-15.666301,-52.738201,18.801300,-93.396698,0.129960,17.611099,-0.263421,-0.430829,-0.667752,0.546903,-693.524475,1535.331177,-4658.648438,-693.741394,1454.639648,-4669.050293,-683.701294,1578.630005,-4687.690430,-705.962158,1486.489624,-4616.949707,-690.693176,1621.565308,-4660.903809,,,,,,,,,,,,,2616.253418,1567.770142,-3159.796631,,,,,,,,,,,,,,,,,,,,,,,,,706.275513,1504.108032,-3895.821777,726.992249,1469.182983,-3942.555664,,,
10569,105.690000,0.000000,0.000000,0.000000,1.000000,0.000000,0.000000,0.000000,57.698101,20.499701,-14.700500,0.047771,-0.013570,0.015998,-15.666301,-52.738201,18.801300,-93.396698,0.129960,17.611099,-0.263421,-0.430829,-0.667752,0.546903,-693.524475,1535.331177,-4658.648438,-693.741394,1454.639648,-4669.050293,-683.701294,1578.630005,-4687.690430,-705.962158,1486.489624,-4616.949707,-690.693176,1621.565308,-4660.903809,,,,,,,,,,,,,2616.286133,1567.736206,-3159.781494,,,,,,,,,,,,,,,,,,,,,,,,,708.628174,1504.818726,-3893.405762,729.268982,1469.599487,-3940.166016,,,
10570,105.700000,0.000000,0.000000,0.000000,1.000000,0.000000,0.000000,0.000000,57.698101,20.499701,-14.700500,0.047771,-0.013570,0.015998,-15.666301,-52.738201,18.801300,-93.396698,0.129960,17.611099,-0.263421,-0.430829,-0.667752,0.546903,-693.524475,1535.331177,-4658.648438,-693.741394,1454.639648,-4669.050293,-683.701294,1578.630005,-4687.690430,-705.962158,1486.489624,-4616.949707,-690.693176,1621.565308,-4660.903809,,,,,,,,,,,,,2616.299316,1567.753662,-3159.779297,,,,,,,,,,,,,,,,,,,,,,,,,710.748108,1505.239502,-3891.254639,731.482849,1469.869263,-3938.205078,,,
10571,105.710000,0.000000,0.000000,0.000000,1.000000,0.000000,0.000000,0.000000,57.698101,20.499701,-14.700500,0.047771,-0.013570,0.015998,-15.666301,-52.738201,18.801300,-93.396698,0.129960,17.611099,-0.263421,-0.430829,-0.667752,0.546903,-693.524475,1535.331177,-4658.648438,-693.741394,1454.639648,-4669.050293,-683.701294,1578.630005,-4687.690430,-705.962158,1486.489624,-4616.949707,-690.693176,1621.565308,-4660.903809,,,,,,,,,,,,,2616.291504,1567.738281,-3159.787109,,,,,,,,,,,,,,,,,,,,,,,,,712.522095,1504.645508,-3889.675537,733.960205,1470.065552,-3935.971924,,,
10572,105.720000,0.000000,0.000000,0.000000,1.000000,0.000000,0.000000,0.000000,57.698101,20.499701,-14.700500,0.047771,-0.013570,0.015998,-15.666301,-52.738201,18.801300,-93.396698,0.129960,17.611099,-0.263421,-0.430829,-0.667752,0.546903,-693.524475,1535.331177,-4658.648438,-693.741394,1454.639648,-4669.050293,-683.701294,1578.630005,-4687.690430,-705.962158,1486.489624,-4616.949707,-690.693176,1621.565308,-4660.903809,,,,,,,,,,,,,2616.266602,1567.747070,-3159.792725,,,,,,,,,,,,,,,,,,,,,,,,,714.411377,1504.303223,-3887.635742,736.576660,1470.195312,-3933.489990,,,
10573,105.730000,0.000000,0.000000,0.000000,1.000000,0.000000,0.000000,0.000000,57.698101,20.499701,-14.700500,0.047771,-0.013570,0.015998,-15.666301,-52.738201,18.801300,-93.396698,0.129960,17.611099,-0.263421,-0.430829,-0.667752,0.546903,-693.524475,1535.331177,-4658.648438,-693.741394,1454.639648,-4669.050293,-683.701294,1578.630005,-4687.690430,-705.962158,1486.489624,-4616.949707,-690.693176,1621.565308,-4660.903809,,,,,,,,,,,,,2616.266113,1567.736328,-3159.787842,,,,,,,,,,,,,,,,,,,,,,,,,716.352051,1504.154175,-3885.593994,738.977661,1470.177002,-3931.270020,,,
10574,105.740000,0.000000,0.000000,0.000000,1.000000,0.000000,0.000000,0.000000,57.698101,20.499701,-14.700500,0.047771,-0.013570,0.015998,-15.666301,-52.738201,18.801300,-93.396698,0.129960,17.611099,-0.263421,-0.430829,-0.667752,0.546903,-693.524475,1535.331177,-4658.648438,-693.741394,1454.639648,-4669.050293,-683.701294,1578.630005,-4687.690430,-705.962158,1486.489624,-4616.949707,-690.693176,1621.565308,-4660.903809,,,,,,,,,,,,,2616.266846,1567.728394,-3159.793945,,,,,,,,,,,,,,,,,,,,,,,,,718.581665,1504.183472,-3883.528809,740.876648,1469.958130,-3929.598633,,,
10575,105.750000,0.000000,0.000000,0.000000,1.000000,0.000000,0.000000,0.000000,57.698101,20.499701,-14.700500,0.047771,-0.013570,0.015998,-15.666301,-52.738201,18.801300,-93.396698,0.129960,17.611099,-0.263421,-0.430829,-0.667752,0.546903,-693.524475,1535.331177,-4658.648438,-693.741394,1454.639648,-4669.050293,-683.701294,1578.630005,-4687.690430,-705.962158,1486.489624,-4616.949707,-690.693176,1621.565308,-4660.903809,,,,,,,,,,,,,2616.299316,1567.750366,-3159.786865,,,,,,,,,,,,,,,,,,,,,,,,,720.783936,1504.263794,-3881.648926,742.496887,1469.847534,-3927.818604,,,
10576,105.760000,0.000000,0.000000,0.000000,1.000000,0.000000,0.000000,0.000000,57.698101,20.499701,-14.700500,0.047771,-0.013570,0.015998,-15.666301,-52.738201,18.801300,-93.396698,0.129960,17.611099,-0.263421,-0.430829,-0.667752,0.546903,-693.524475,1535.331177,-4658.648438,-693.741394,1454.639648,-4669.050293,-683.701294,1578.630005,-4687.690430,-705.962158,1486.489624,-4616.949707,-690.693176,1621.565308,-4660.903809,,,,,,,,,,,,,2616.272949,1567.754272,-3159.803223,,,,,,,,,,,,,,,,,,,,,,,,,723.371704,1505.053345,-3879.043213,744.345886,1469.912476,-3925.724121,,,
10577,105.770000,0.000000,0.000000,0.000000,1.000000,0.000000,0.000000,0.000000,57.698101,20.499701,-14.700500,0.047771,-0.013570,0.015998,-15.666301,-52.738201,18.801300,-93.396698,0.129960,17.611099,-0.263421,-0.430829,-0.667752,0.546903,-693.524475,1535.331177,-4658.648438,-693.741394,1454.639648,-4669.050293,-683.701294,1578.630005,-4687.690430,-705.962158,1486.489624,-4616.949707,-690.693176,1621.565308,-4660.903809,,,,,,,,,,,,,2616.247559,1567.734741,-3159.791992,,,,,,,,,,,,,,,,,,,,,,,,,725.891296,1505.537476,-3876.626221,746.297607,1469.817993,-3923.774170,,,
10578,105.780000,0.000000,0.000000,0.000000,1.000000,0.000000,0.000000,0.000000,57.698101,20.499701,-14.700500,0.047771,-0.013570,0.015998,-15.666301,-52.738201,18.801300,-93.396698,0.129960,17.611099,-0.263421,-0.430829,-0.667752,0.546903,-693.524475,1535.331177,-4658.648438,-693.741394,1454.639648,-4669.050293,-683.701294,1578.630005,-4687.690430,-705.962158,1486.489624,-4616.949707,-690.693176,1621.565308,-4660.903809,,,,,,,,,,,,,2616.265137,1567.743408,-3159.788818,,,,,,,,,,,,,,,,,,,,,,,,,728.333801,1505.145020,-3874.712402,748.429382,1469.586182,-3921.965820,,,
10579,105.790000,0.000000,0.000000,0.000000,1.000000,0.000000,0.000000,0.000000,57.698101,20.499701,-14.700500,0.047771,-0.013570,0.015998,-15.666301,-52.738201,18.801300,-93.396698,0.129960,17.611099,-0.263421,-0.430829,-0.667752,0.546903,-693.524475,1535.331177,-4658.648438,-693.741394,1454.639648,-4669.050293,-683.701294,1578.630005,-4687.690430,-705.962158,1486.489624,-4616.949707,-690.693176,1621.565308,-4660.903809,,,,,,,,,,,,,2616.289551,1567.769043,-3159.786133,,,,,,,,,,,,,,,,,,,,,,,,,730.544861,1505.179565,-3872.892334,751.090088,1469.486450,-3919.876465,,,
10580,105.800000,0.000000,0.000000,0.000000,1.000000,0.000000,0.000000,0.000000,57.698101,20.499701,-14.700500,0.047771,-0.013570,0.015998,-15.666301,-52.738201,18.801300,-93.396698,0.129960,17.611099,-0.263421,-0.430829,-0.667752,0.546903,-693.524475,1535.331177,-4658.648438,-693.741394,1454.639648,-4669.050293,-683.701294,1578.630005,-4687.690430,-705.962158,1486.489624,-4616.949707,-690.693176,1621.565308,-4660.903809,,,,,,,,,,,,,2616.303711,1567.767578,-3159.783936,,,,,,,,,,,,,,,,,,,,,,,,,732.584717,1504.641968,-3871.174561,753.882507,1469.697876,-3917.428223,,,
10581,105.810000,0.000000,0.000000,0.000000,1.000000,0.000000,0.000000,0.000000,57.698101,20.499701,-14.700500,0.047771,-0.013570,0.015998,-15.666301,-52.738201,18.801300,-93.396698,0.129960,17.611099,-0.263421,-0.430829,-0.667752,0.546903,-693.524475,1535.331177,-4658.648438,-693.741394,1454.639648,-4669.050293,-683.701294,1578.630005,-4687.690430,-705.962158,1486.489624,-4616.949707,-690.693176,1621.565308,-4660.903809,,,,,,,,,,,,,2616.298584,1567.736328,-3159.780762,,,,,,,,,,,,,,,,,,,,,,,,,734.694031,1504.565918,-3869.125488,756.416687,1469.871094,-3915.282227,,,
10582,105.820000,0.000000,0.000000,0.000000,1.000000,0.000000,0.000000,0.000000,57.698101,20.499701,-14.700500,0.047771,-0.013570,0.015998,-15.666301,-52.738201,18.801300,-93.396698,0.129960,17.611099,-0.263421,-0.430829,-0.667752,0.546903,-693.524475,1535.331177,-4658.648438,-693.741394,1454.639648,-4669.050293,-683.701294,1578.630005,-4687.690430,-705.962158,1486.489624,-4616.949707,-690.693176,1621.565308,-4660.903809,,,,,,,,,,,,,2616.264893,1567.751221,-3159.798340,,,,,,,,,,,,,,,,,,,,,,,,,736.323242,1504.226318,-3867.732178,758.602356,1469.945679,-3913.422119,,,
10583,105.830000,0.000000,0.000000,0.000000,1.000000,0.000000,0.000000,0.000000,57.698101,20.499701,-14.700500,0.047771,-0.013570,0.015998,-15.666301,-52.738201,18.801300,-93.396698,0.129960,17.611099,-0.263421,-0.430829,-0.667752,0.546903,-693.524475,1535.331177,-4658.648438,-693.741394,1454.639648,-4669.050293,-683.701294,1578.630005,-4687.690430,-705.962158,1486.489624,-4616.949707,-690.693176,1621.565308,-4660.903809,,,,,,,,,,,,,2616.247314,1567.750732,-3159.811035,,,,,,,,,,,,,,,,,,,,,,,,,738.868042,1504.220459,-3865.725342,760.279480,1469.678955,-3912.082764,,,
10584,105.840000,0.000000,0.000000,0.000000,1.000000,0.000000,0.000000,0.000000,57.698101,20.499701,-14.700500,0.047771,-0.013570,0.015998,-15.666301,-52.738201,18.801300,-93.396698,0.129960,17.611099,-0.263421,-0.430829,-0.667752,0.546903,-693.524475,1535.331177,-4658.648438,-693.741394,1454.639648,-4669.050293,-683.701294,1578.630005,-4687.690430,-705.962158,1486.489624,-4616.949707,-690.693176,1621.565308,-4660.903809,,,,,,,,,,,,,2616.259277,1567.779297,-3159.796631,,,,,,,,,,,,,,,,,,,,,,,,,741.542358,1504.270386,-3863.900391,762.345642,1469.336060,-3910.455322,,,
10585,105.850000,0.000000,0.000000,0.000000,1.000000,0.000000,0.000000,0.000000,57.698101,20.499701,-14.700500,0.047771,-0.013570,0.015998,-15.666301,-52.738201,18.801300,-93.396698,0.129960,17.611099,-0.263421,-0.430829,-0.667752,0.546903,-693.524475,1535.331177,-4658.648438,-693.741394,1454.639648,-4669.050293,-683.701294,1578.630005,-4687.690430,-705.962158,1486.489624,-4616.949707,-690.693176,1621.565308,-4660.903809,,,,,,,,,,,,,2616.250732,1567.729126,-3159.795410,,,,,,,,,,,,,,,,,,,,,,,,,744.344604,1504.327026,-3861.879395,764.356018,1468.837769,-3908.764404,,,
10586,105.860000,0.000000,0.000000,0.000000,1.000000,0.000000,0.000000,0.000000,57.698101,20.499701,-14.700500,0.047771,-0.013570,0.015998,-15.666301,-52.738201,18.801300,-93.396698,0.129960,17.611099,-0.263421,-0.430829,-0.667752,0.546903,-693.524475,1535.331177,-4658.648438,-693.741394,1454.639648,-4669.050293,-683.701294,1578.630005,-4687.690430,-705.962158,1486.489624,-4616.949707,-690.693176,1621.565308,-4660.903809,,,,,,,,,,,,,2616.266113,1567.736694,-3159.785156,,,,,,,,,,,,,,,,,,,,,,,,,746.910278,1504.220337,-3859.968018,766.675964,1468.716187,-3906.863037,,,
10587,105.870000,0.000000,0.000000,0.000000,1.000000,0.000000,0.000000,0.000000,57.698101,20.499701,-14.700500,0.047771,-0.013570,0.015998,-15.666301,-52.738201,18.801300,-93.396698,0.129960,17.611099,-0.263421,-0.430829,-0.667752,0.546903,-693.524475,1535.331177,-4658.648438,-693.741394,1454.639648,-4669.050293,-683.701294,1578.630005,-4687.690430,-705.962158,1486.489624,-4616.949707,-690.693176,1621.565308,-4660.903809,,,,,,,,,,,,,2616.270996,1567.749878,-3159.791748,,,,,,,,,,,,,,,,,,,,,,,,,749.014526,1503.997192,-3858.247803,769.178101,1468.781616,-3904.900391,,,
10588,105.880000,0.000000,0.000000,0.000000,1.000000,0.000000,0.000000,0.000000,57.698101,20.499701,-14.700500,0.047771,-0.013570,0.015998,-15.666301,-52.738201,18.801300,-93.396698,0.129960,17.611099,-0.263421,-0.430829,-0.667752,0.546903,-693.524475,1535.331177,-4658.648438,-693.741394,1454.639648,-4669.050293,-683.701294,1578.630005,-4687.690430,-705.962158,1486.489624,-4616.949707,-690.693176,1621.565308,-4660.903809,,,,,,,,,,,,,2616.301758,1567.758911,-3159.785400,,,,,,,,,,,,,,,,,,,,,,,,,750.582275,1503.645508,-3856.911377,771.658752,1468.910400,-3903.220703,,,
10589,105.890000,0.000000,0.000000,0.000000,1.000000,0.000000,0.000000,0.000000,57.698101,20.499701,-14.700500,0.047771,-0.013570,0.015998,-15.666301,-52.738201,18.801300,-93.396698,0.129960,17.611099,-0.263421,-0.430829,-0.667752,0.546903,-693.524475,1535.331177,-4658.648438,-693.741394,1454.639648,-4669.050293,-683.701294,1578.630005,-4687.690430,-705.962158,1486.489624,-4616.949707,-690.693176,1621.565308,-4660.903809,,,,,,,,,,,,,2616.295410,1567.736816,-3159.775879,,,,,,,,,,,,,,,,,,,,,,,,,752.603943,1503.449341,-3855.446777,774.288635,1468.979736,-3901.406494,,,
10590,105.900000,0.000000,0.000000,0.000000,1.000000,0.000000,0.000000,0.000000,57.698101,20.499701,-14.700500,0.047771,-0.013570,0.015998,-15.666301,-52.738201,18.801300,-93.396698,0.129960,17.611099,-0.263421,-0.430829,-0.667752,0.546903,-693.524475,1535.331177,-4658.648438,-693.741394,1454.639648,-4669.050293,-683.701294,1578.630005,-4687.690430,-705.962158,1486.489624,-4616.949707,-690.693176,1621.565308,-4660.903809,,,,,,,,,,,,,2616.267090,1567.736816,-3159.784912,,,,,,,,,,,,,,,,,,,,,,,,,755.044495,1503.258789,-3853.837646,776.247803,1468.480347,-3900.055664,,,
10591,105.910000,0.000000,0.000000,0.000000,1.000000,0.000000,0.000000,0.000000,57.698101,20.499701,-14.700500,0.047771,-0.013570,0.015998,-15.666301,-52.738201,18.801300,-93.396698,0.129960,17.611099,-0.263421,-0.430829,-0.667752,0.546903,-693.524475,1535.331177,-4658.648438,-693.741394,1454.639648,-4669.050293,-683.701294,1578.630005,-4687.690430,-705.962158,1486.489624,-4616.949707,-690.693176,1621.565308,-4660.903809,,,,,,,,,,,,,2616.281250,1567.752319,-3159.787109,,,,,,,,,,,,,,,,,,,,,,,,,758.016113,1503.423340,-3851.844482,778.334717,1468.049561,-3898.556396,,,
10592,105.920000,0.000000,0.000000,0.000000,1.000000,0.000000,0.000000,0.000000,57.698101,20.499701,-14.700500,0.047771,-0.013570,0.015998,-15.666301,-52.738201,18.801300,-93.396698,0.129960,17.611099,-0.263421,-0.430829,-0.667752,0.546903,-693.524475,1535.331177,-4658.648438,-693.741394,1454.639648,-4669.050293,-683.701294,1578.630005,-4687.690430,-705.962158,1486.489624,-4616.949707,-690.693176,1621.565308,-4660.903809,,,,,,,,,,,,,2616.276367,1567.774780,-3159.794434,,,,,,,,,,,,,,,,,,,,,,,,,760.367249,1503.047729,-3850.278809,779.828552,1467.557495,-3897.275391,,,
10593,105.930000,0.000000,0.000000,0.000000,1.000000,0.000000,0.000000,0.000000,57.698101,20.499701,-14.700500,0.047771,-0.013570,0.015998,-15.666301,-52.738201,18.801300,-93.396698,0.129960,17.611099,-0.263421,-0.430829,-0.667752,0.546903,-693.524475,1535.331177,-4658.648438,-693.741394,1454.639648,-4669.050293,-683.701294,1578.630005,-4687.690430,-705.962158,1486.489624,-4616.949707,-690.693176,1621.565308,-4660.903809,,,,,,,,,,,,,2616.266357,1567.746460,-3159.795410,,,,,,,,,,,,,,,,,,,,,,,,,762.832947,1503.299438,-3848.416748,781.863525,1467.356445,-3895.881348,,,
10594,105.940000,0.000000,0.000000,0.000000,1.000000,0.000000,0.000000,0.000000,57.698101,20.499701,-14.700500,0.047771,-0.013570,0.015998,-15.666301,-52.738201,18.801300,-93.396698,0.129960,17.611099,-0.263421,-0.430829,-0.667752,0.546903,-693.524475,1535.331177,-4658.648438,-693.741394,1454.639648,-4669.050293,-683.701294,1578.630005,-4687.690430,-705.962158,1486.489624,-4616.949707,-690.693176,1621.565308,-4660.903809,,,,,,,,,,,,,2616.287598,1567.747803,-3159.786865,,,,,,,,,,,,,,,,,,,,,,,,,764.836853,1502.942871,-3846.989014,783.975647,1467.268555,-3894.412598,,,
10595,105.950000,0.000000,0.000000,0.000000,1.000000,0.000000,0.000000,0.000000,57.698101,20.499701,-14.700500,0.047771,-0.013570,0.015998,-15.666301,-52.738201,18.801300,-93.396698,0.129960,17.611099,-0.263421,-0.430829,-0.667752,0.546903,-693.524475,1535.331177,-4658.648438,-693.741394,1454.639648,-4669.050293,-683.701294,1578.630005,-4687.690430,-705.962158,1486.489624,-4616.949707,-690.693176,1621.565308,-4660.903809,,,,,,,,,,,,,2616.296143,1567.737671,-3159.774414,,,,,,,,,,,,,,,,,,,,,,,,,766.508667,1502.194702,-3845.918213,786.507935,1467.129395,-3892.816650,,,
10596,105.960000,0.000000,0.000000,0.000000,1.000000,0.000000,0.000000,0.000000,57.698101,20.499701,-14.700500,0.047771,-0.013570,0.015998,-15.666301,-52.738201,18.801300,-93.396698,0.129960,17.611099,-0.263421,-0.430829,-0.667752,0.546903,-693.524475,1535.331177,-4658.648438,-693.741394,1454.639648,-4669.050293,-683.701294,1578.630005,-4687.690430,-705.962158,1486.489624,-4616.949707,-690.693176,1621.565308,-4660.903809,,,,,,,,,,,,,2616.280762,1567.729370,-3159.780273,,,,,,,,,,,,,,,,,,,,,,,,,768.807556,1501.961792,-3844.218750,788.855469,1466.738281,-3891.378174,,,
10597,105.970000,0.000000,0.000000,0.000000,1.000000,0.000000,0.000000,0.000000,57.698101,20.499701,-14.700500,0.047771,-0.013570,0.015998,-15.666301,-52.738201,18.801300,-93.396698,0.129960,17.611099,-0.263421,-0.430829,-0.667752,0.546903,-693.524475,1535.331177,-4658.648438,-693.741394,1454.639648,-4669.050293,-683.701294,1578.630005,-4687.690430,-705.962158,1486.489624,-4616.949707,-690.693176,1621.565308,-4660.903809,,,,,,,,,,,,,2616.261230,1567.752075,-3159.785645,,,,,,,,,,,,,,,,,,,,,,,,,770.428772,1501.180298,-3843.453125,791.108215,1466.555420,-3889.958496,,,
10598,105.980000,0.000000,0.000000,0.000000,1.000000,0.000000,0.000000,0.000000,57.698101,20.499701,-14.700500,0.047771,-0.013570,0.015998,-15.666301,-52.738201,18.801300,-93.396698,0.129960,17.611099,-0.263421,-0.430829,-0.667752,0.546903,-693.524475,1535.331177,-4658.648438,-693.741394,1454.639648,-4669.050293,-683.701294,1578.630005,-4687.690430,-705.962158,1486.489624,-4616.949707,-690.693176,1621.565308,-4660.903809,,,,,,,,,,,,,2616.258057,1567.718628,-3159.797852,,,,,,,,,,,,,,,,,,,,,,,,,772.852173,1501.070435,-3841.847412,793.180176,1466.533936,-3888.421143,,,
10599,105.990000,0.000000,0.000000,0.000000,1.000000,0.000000,0.000000,0.000000,57.698101,20.499701,-14.700500,0.047771,-0.013570,0.015998,-15.666301,-52.738201,18.801300,-93.396698,0.129960,17.611099,-0.263421,-0.430829,-0.667752,0.546903,-693.524475,1535.331177,-4658.648438,-693.741394,1454.639648,-4669.050293,-683.701294,1578.630005,-4687.690430,-705.962158,1486.489624,-4616.949707,-690.693176,1621.565308,-4660.903809,,,,,,,,,,,,,2616.253174,1567.746582,-3159.788818,,,,,,,,,,,,,,,,,,,,,,,,,775.303467,1501.180908,-3840.296143,794.520020,1466.176636,-3887.344727,,,
10600,106.000000,0.000000,0.000000,0.000000,1.000000,0.000000,0.000000,0.000000,57.698101,20.499701,-14.700500,0.047771,-0.013570,0.015998,-15.666301,-52.738201,18.801300,-93.396698,0.129960,17.611099,-0.263421,-0.430829,-0.667752,0.546903,-693.524475,1535.331177,-4658.648438,-693.741394,1454.639648,-4669.050293,-683.701294,1578.630005,-4687.690430,-705.962158,1486.489624,-4616.949707,-690.693176,1621.565308,-4660.903809,,,,,,,,,,,,,2616.288330,1567.760986,-3159.785645,,,,,,,,,,,,,,,,,,,,,,,,,777.603577,1501.293335,-3838.599121,796.372070,1465.975952,-3885.858887,,,
10601,106.010000,0.000000,0.000000,0.000000,1.000000,0.000000,0.000000,0.000000,57.698101,20.499701,-14.700500,0.047771,-0.013570,0.015998,-15.666301,-52.738201,18.801300,-93.396698,0.129960,17.611099,-0.263421,-0.430829,-0.667752,0.546903,-693.524475,1535.331177,-4658.648438,-693.741394,1454.639648,-4669.050293,-683.701294,1578.630005,-4687.690430,-705.962158,1486.489624,-4616.949707,-690.693176,1621.565308,-4660.903809,,,,,,,,,,,,,2616.276611,1567.758301,-3159.789062,,,,,,,,,,,,,,,,,,,,,,,,,779.773621,1501.130493,-3836.968750,798.004028,1465.472534,-3884.773438,,,
10602,106.020000,0.000000,0.000000,0.000000,1.000000,0.000000,0.000000,0.000000,57.698101,20.499701,-14.700500,0.047771,-0.013570,0.015998,-15.666301,-52.738201,18.801300,-93.396698,0.129960,17.611099,-0.263421,-0.430829,-0.667752,0.546903,-693.524475,1535.331177,-4658.648438,-693.741394,1454.639648,-4669.050293,-683.701294,1578.630005,-4687.690430,-705.962158,1486.489624,-4616.949707,-690.693176,1621.565308,-4660.903809,,,,,,,,,,,,,2616.281494,1567.773193,-3159.795166,,,,,,,,,,,,,,,,,,,,,,,,,781.480164,1500.689941,-3835.708496,800.104492,1465.195923,-3883.371826,,,
10603,106.030000,0.000000,0.000000,0.000000,1.000000,0.000000,0.000000,0.000000,57.698101,20.499701,-14.700500,0.047771,-0.013570,0.015998,-15.666301,-52.738201,18.801300,-93.396698,0.129960,17.611099,-0.263421,-0.430829,-0.667752,0.546903,-693.524475,1535.331177,-4658.648438,-693.741394,1454.639648,-4669.050293,-683.701294,1578.630005,-4687.690430,-705.962158,1486.489624,-4616.949707,-690.693176,1621.565308,-4660.903809,,,,,,,,,,,,,2616.286133,1567.718750,-3159.788574,,,,,,,,,,,,,,,,,,,,,,,,,782.873230,1500.176270,-3834.678467,802.242310,1465.253174,-3881.797119,,,
10604,106.040000,0.000000,0.000000,0.000000,1.000000,0.000000,0.000000,0.000000,57.698101,20.499701,-14.700500,0.047771,-0.013570,0.015998,-15.666301,-52.738201,18.801300,-93.396698,0.129960,17.611099,-0.263421,-0.430829,-0.667752,0.546903,-693.524475,1535.331177,-4658.648438,-693.741394,1454.639648,-4669.050293,-683.701294,1578.630005,-4687.690430,-705.962158,1486.489624,-4616.949707,-690.693176,1621.565308,-4660.903809,,,,,,,,,,,,,2616.295166,1567.716797,-3159.776611,,,,,,,,,,,,,,,,,,,,,,,,,784.354797,1499.836304,-3833.479980,804.076843,1465.294189,-3880.628906,,,
10605,106.050000,0.000000,0.000000,0.000000,1.000000,0.000000,0.000000,0.000000,57.698101,20.499701,-14.700500,0.047771,-0.013570,0.015998,-15.666301,-52.738201,18.801300,-93.396698,0.129960,17.611099,-0.263421,-0.430829,-0.667752,0.546903,-693.524475,1535.331177,-4658.648438,-693.741394,1454.639648,-4669.050293,-683.701294,1578.630005,-4687.690430,-705.962158,1486.489624,-4616.949707,-690.693176,1621.565308,-4660.903809,,,,,,,,,,,,,2616.295166,1567.761597,-3159.783936,,,,,,,,,,,,,,,,,,,,,,,,,785.683167,1499.541138,-3832.580078,805.966492,1465.414185,-3879.261230,,,
10606,106.060000,0.000000,0.000000,0.000000,1.000000,0.000000,0.000000,0.000000,57.698101,20.499701,-14.700500,0.047771,-0.013570,0.015998,-15.666301,-52.738201,18.801300,-93.396698,0.129960,17.611099,-0.263421,-0.430829,-0.667752,0.546903,-693.524475,1535.331177,-4658.648438,-693.741394,1454.639648,-4669.050293,-683.701294,1578.630005,-4687.690430,-705.962158,1486.489624,-4616.949707,-690.693176,1621.565308,-4660.903809,,,,,,,,,,,,,2616.293213,1567.757812,-3159.792725,,,,,,,,,,,,,,,,,,,,,,,,,787.552124,1499.480713,-3831.109375,807.827271,1465.473877,-3877.786377,,,
10607,106.070000,0.000000,0.000000,0.000000,1.000000,0.000000,0.000000,0.000000,57.698101,20.499701,-14.700500,0.047771,-0.013570,0.015998,-15.666301,-52.738201,18.801300,-93.396698,0.129960,17.611099,-0.263421,-0.430829,-0.667752,0.546903,-693.524475,1535.331177,-4658.648438,-693.741394,1454.639648,-4669.050293,-683.701294,1578.630005,-4687.690430,-705.962158,1486.489624,-4616.949707,-690.693176,1621.565308,-4660.903809,,,,,,,,,,,,,2616.281494,1567.740845,-3159.785645,,,,,,,,,,,,,,,,,,,,,,,,,789.560425,1499.364014,-3829.482910,809.236328,1465.126953,-3876.570068,,,
10608,106.080000,0.000000,0.000000,0.000000,1.000000,0.000000,0.000000,0.000000,57.698101,20.499701,-14.700500,0.047771,-0.013570,0.015998,-15.666301,-52.738201,18.801300,-93.396698,0.129960,17.611099,-0.263421,-0.430829,-0.667752,0.546903,-693.524475,1535.331177,-4658.648438,-693.741394,1454.639648,-4669.050293,-683.701294,1578.630005,-4687.690430,-705.962158,1486.489624,-4616.949707,-690.693176,1621.565308,-4660.903809,,,,,,,,,,,,,2616.268799,1567.761353,-3159.786377,,,,,,,,,,,,,,,,,,,,,,,,,791.704773,1499.200317,-3827.887695,810.777832,1464.757202,-3875.262695,,,
10609,106.090000,0.000000,0.000000,0.000000,1.000000,0.000000,0.000000,0.000000,57.698101,20.499701,-14.700500,0.047771,-0.013570,0.015998,-15.666301,-52.738201,18.801300,-93.396698,0.129960,17.611099,-0.263421,-0.430829,-0.667752,0.546903,-693.524475,1535.331177,-4658.648438,-693.741394,1454.639648,-4669.050293,-683.701294,1578.630005,-4687.690430,-705.962158,1486.489624,-4616.949707,-690.693176,1621.565308,-4660.903809,,,,,,,,,,,,,2616.322021,1567.764160,-3159.772949,,,,,,,,,,,,,,,,,,,,,,,,,793.731445,1499.026733,-3826.327881,812.441040,1464.394165,-3874.016113,,,
10610,106.100000,0.000000,0.000000,0.000000,1.000000,0.000000,0.000000,0.000000,57.698101,20.499701,-14.700500,0.047771,-0.013570,0.015998,-15.666301,-52.738201,18.801300,-93.396698,0.129960,17.611099,-0.263421,-0.430829,-0.667752,0.546903,-693.524475,1535.331177,-4658.648438,-693.741394,1454.639648,-4669.050293,-683.701294,1578.630005,-4687.690430,-705.962158,1486.489624,-4616.949707,-690.693176,1621.565308,-4660.903809,,,,,,,,,,,,,2616.301514,1567.771729,-3159.774902,,,,,,,,,,,,,,,,,,,,,,,,,795.471497,1498.769653,-3825.094482,813.593140,1463.943481,-3873.198242,,,
10611,106.110000,0.000000,0.000000,0.000000,1.000000,0.000000,0.000000,0.000000,57.698101,20.499701,-14.700500,0.047771,-0.013570,0.015998,-15.666301,-52.738201,18.801300,-93.396698,0.129960,17.611099,-0.263421,-0.430829,-0.667752,0.546903,-693.524475,1535.331177,-4658.648438,-693.741394,1454.639648,-4669.050293,-683.701294,1578.630005,-4687.690430,-705.962158,1486.489624,-4616.949707,-690.693176,1621.565308,-4660.903809,,,,,,,,,,,,,2616.305908,1567.747192,-3159.771484,,,,,,,,,,,,,,,,,,,,,,,,,797.305725,1498.634888,-3823.916748,814.803101,1463.645020,-3872.335693,,,
10612,106.120000,0.000000,0.000000,0.000000,1.000000,0.000000,0.000000,0.000000,57.698101,20.499701,-14.700500,0.047771,-0.013570,0.015998,-15.666301,-52.738201,18.801300,-93.396698,0.129960,17.611099,-0.263421,-0.430829,-0.667752,0.546903,-693.524475,1535.331177,-4658.648438,-693.741394,1454.639648,-4669.050293,-683.701294,1578.630005,-4687.690430,-705.962158,1486.489624,-4616.949707,-690.693176,1621.565308,-4660.903809,,,,,,,,,,,,,2616.304688,1567.739014,-3159.772217,,,,,,,,,,,,,,,,,,,,,,,,,798.908081,1498.411987,-3822.740967,816.496216,1463.610962,-3871.170166,,,
10613,106.130000,0.000000,0.000000,0.000000,1.000000,0.000000,0.000000,0.000000,57.698101,20.499701,-14.700500,0.047771,-0.013570,0.015998,-15.666301,-52.738201,18.801300,-93.396698,0.129960,17.611099,-0.263421,-0.430829,-0.667752,0.546903,-693.524475,1535.331177,-4658.648438,-693.741394,1454.639648,-4669.050293,-683.701294,1578.630005,-4687.690430,-705.962158,1486.489624,-4616.949707,-690.693176,1621.565308,-4660.903809,,,,,,,,,,,,,2616.306396,1567.722534,-3159.771973,,,,,,,,,,,,,,,,,,,,,,,,,800.123169,1497.897095,-3822.007812,818.235535,1463.603882,-3870.102539,,,
10614,106.140000,0.000000,0.000000,0.000000,1.000000,0.000000,0.000000,0.000000,57.698101,20.499701,-14.700500,0.047771,-0.013570,0.015998,-15.666301,-52.738201,18.801300,-93.396698,0.129960,17.611099,-0.263421,-0.430829,-0.667752,0.546903,-693.524475,1535.331177,-4658.648438,-693.741394,1454.639648,-4669.050293,-683.701294,1578.630005,-4687.690430,-705.962158,1486.489624,-4616.949707,-690.693176,1621.565308,-4660.903809,,,,,,,,,,,,,2616.290283,1567.738892,-3159.780762,,,,,,,,,,,,,,,,,,,,,,,,,801.637512,1497.326294,-3821.129883,820.256409,1463.582764,-3868.967285,,,
10615,106.150000,0.000000,0.000000,0.000000,1.000000,0.000000,0.000000,0.000000,57.698101,20.499701,-14.700500,0.047771,-0.013570,0.015998,-15.666301,-52.738201,18.801300,-93.396698,0.129960,17.611099,-0.263421,-0.430829,-0.667752,0.546903,-693.524475,1535.331177,-4658.648438,-693.741394,1454.639648,-4669.050293,-683.701294,1578.630005,-4687.690430,-705.962158,1486.489624,-4616.949707,-690.693176,1621.565308,-4660.903809,,,,,,,,,,,,,2616.277832,1567.747070,-3159.781006,,,,,,,,,,,,,,,,,,,,,,,,,803.440186,1496.879517,-3820.035889,822.341858,1463.366577,-3867.792725,,,
10616,106.160000,0.000000,0.000000,0.000000,1.000000,0.000000,0.000000,0.000000,57.698101,20.499701,-14.700500,0.047771,-0.013570,0.015998,-15.666301,-52.738201,18.801300,-93.396698,0.129960,17.611099,-0.263421,-0.430829,-0.667752,0.546903,-693.524475,1535.331177,-4658.648438,-693.741394,1454.639648,-4669.050293,-683.701294,1578.630005,-4687.690430,-705.962158,1486.489624,-4616.949707,-690.693176,1621.565308,-4660.903809,,,,,,,,,,,,,2616.253174,1567.733276,-3159.790771,,,,,,,,,,,,,,,,,,,,,,,,,805.667725,1496.734375,-3818.665527,824.418457,1463.105835,-3866.553955,,,
10617,106.170000,0.000000,0.000000,0.000000,1.000000,0.000000,0.000000,0.000000,57.698101,20.499701,-14.700500,0.047771,-0.013570,0.015998,-15.666301,-52.738201,18.801300,-93.396698,0.129960,17.611099,-0.263421,-0.430829,-0.667752,0.546903,-693.524475,1535.331177,-4658.648438,-693.741394,1454.639648,-4669.050293,-683.701294,1578.630005,-4687.690430,-705.962158,1486.489624,-4616.949707,-690.693176,1621.565308,-4660.903809,,,,,,,,,,,,,2616.293457,1567.759399,-3159.793213,,,,,,,,,,,,,,,,,,,,,,,,,807.746643,1496.813965,-3817.394287,826.144470,1462.845337,-3865.444580,,,
10618,106.180000,0.000000,0.000000,0.000000,1.000000,0.000000,0.000000,0.000000,57.698101,20.499701,-14.700500,0.047771,-0.013570,0.015998,-15.666301,-52.738201,18.801300,-93.396698,0.129960,17.611099,-0.263421,-0.430829,-0.667752,0.546903,-693.524475,1535.331177,-4658.648438,-693.741394,1454.639648,-4669.050293,-683.701294,1578.630005,-4687.690430,-705.962158,1486.489624,-4616.949707,-690.693176,1621.565308,-4660.903809,,,,,,,,,,,,,2616.291016,1567.768677,-3159.781006,,,,,,,,,,,,,,,,,,,,,,,,,810.053223,1497.040527,-3815.898926,827.296082,1462.558228,-3864.612061,,,
10619,106.190000,0.000000,0.000000,0.000000,1.000000,0.000000,0.000000,0.000000,57.698101,20.499701,-14.700500,0.047771,-0.013570,0.015998,-15.666301,-52.738201,18.801300,-93.396698,0.129960,17.611099,-0.263421,-0.430829,-0.667752,0.546903,-693.524475,1535.331177,-4658.648438,-693.741394,1454.639648,-4669.050293,-683.701294,1578.630005,-4687.690430,-705.962158,1486.489624,-4616.949707,-690.693176,1621.565308,-4660.903809,,,,,,,,,,,,,2616.254395,1567.733765,-3159.789062,,,,,,,,,,,,,,,,,,,,,,,,,812.337769,1497.093262,-3814.491943,828.805847,1462.379028,-3863.611084,,,
10620,106.200000,0.000000,0.000000,0.000000,1.000000,0.000000,0.000000,0.000000,57.698101,20.499701,-14.700500,0.047771,-0.013570,0.015998,-15.666301,-52.738201,18.801300,-93.396698,0.129960,17.611099,-0.263421,-0.430829,-0.667752,0.546903,-693.524475,1535.331177,-4658.648438,-693.741394,1454.639648,-4669.050293,-683.701294,1578.630005,-4687.690430,-705.962158,1486.489624,-4616.949707,-690.693176,1621.565308,-4660.903809,,,,,,,,,,,,,2616.268799,1567.752808,-3159.786621,,,,,,,,,,,,,,,,,,,,,,,,,813.835754,1496.621582,-3813.710938,830.727234,1462.269409,-3862.433594,,,
10621,106.210000,0.000000,0.000000,0.000000,1.000000,0.000000,0.000000,0.000000,57.698101,20.499701,-14.700500,0.047771,-0.013570,0.015998,-15.666301,-52.738201,18.801300,-93.396698,0.129960,17.611099,-0.263421,-0.430829,-0.667752,0.546903,-693.524475,1535.331177,-4658.648438,-693.741394,1454.639648,-4669.050293,-683.701294,1578.630005,-4687.690430,-705.962158,1486.489624,-4616.949707,-690.693176,1621.565308,-4660.903809,,,,,,,,,,,,,2616.275879,1567.742188,-3159.791748,,,,,,,,,,,,,,,,,,,,,,,,,815.270813,1496.202026,-3813.050537,832.929871,1462.157715,-3861.324951,,,
10622,106.220000,0.000000,0.000000,0.000000,1.000000,0.000000,0.000000,0.000000,57.698101,20.499701,-14.700500,0.047771,-0.013570,0.015998,-15.666301,-52.738201,18.801300,-93.396698,0.129960,17.611099,-0.263421,-0.430829,-0.667752,0.546903,-693.524475,1535.331177,-4658.648438,-693.741394,1454.639648,-4669.050293,-683.701294,1578.630005,-4687.690430,-705.962158,1486.489624,-4616.949707,-690.693176,1621.565308,-4660.903809,,,,,,,,,,,,,2616.251953,1567.713867,-3159.784180,,,,,,,,,,,,,,,,,,,,,,,,,816.982483,1496.030151,-3812.059570,835.563599,1462.212524,-3859.935547,,,
10623,106.230000,0.000000,0.000000,0.000000,1.000000,0.000000,0.000000,0.000000,57.698101,20.499701,-14.700500,0.047771,-0.013570,0.015998,-15.666301,-52.738201,18.801300,-93.396698,0.129960,17.611099,-0.263421,-0.430829,-0.667752,0.546903,-693.524475,1535.331177,-4658.648438,-693.741394,1454.639648,-4669.050293,-683.701294,1578.630005,-4687.690430,-705.962158,1486.489624,-4616.949707,-690.693176,1621.565308,-4660.903809,,,,,,,,,,,,,2616.291016,1567.742310,-3159.771729,,,,,,,,,,,,,,,,,,,,,,,,,819.154663,1496.186035,-3810.816406,837.871521,1462.378296,-3858.578613,,,
10624,106.240000,0.000000,0.000000,0.000000,1.000000,0.000000,0.000000,0.000000,57.698101,20.499701,-14.700500,0.047771,-0.013570,0.015998,-15.666301,-52.738201,18.801300,-93.396698,0.129960,17.611099,-0.263421,-0.430829,-0.667752,0.546903,-693.524475,1535.331177,-4658.648438,-693.741394,1454.639648,-4669.050293,-683.701294,1578.630005,-4687.690430,-705.962158,1486.489624,-4616.949707,-690.693176,1621.565308,-4660.903809,,,,,,,,,,,,,2616.287354,1567.730225,-3159.770996,,,,,,,,,,,,,,,,,,,,,,,,,821.651672,1496.559937,-3809.417236,839.824768,1462.479614,-3857.460938,,,
10625,106.250000,0.000000,0.000000,0.000000,1.000000,0.000000,0.000000,0.000000,57.698101,20.499701,-14.700500,0.047771,-0.013570,0.015998,-15.666301,-52.738201,18.801300,-93.396698,0.129960,17.611099,-0.263421,-0.430829,-0.667752,0.546903,-693.524475,1535.331177,-4658.648438,-693.741394,1454.639648,-4669.050293,-683.701294,1578.630005,-4687.690430,-705.962158,1486.489624,-4616.949707,-690.693176,1621.565308,-4660.903809,,,,,,,,,,,,,2616.299072,1567.730347,-3159.775146,,,,,,,,,,,,,,,,,,,,,,,,,823.924683,1496.844238,-3808.221680,840.901062,1462.181763,-3856.925781,,,
10626,106.260000,0.000000,0.000000,0.000000,1.000000,0.000000,0.000000,0.000000,57.698101,20.499701,-14.700500,0.047771,-0.013570,0.015998,-15.666301,-52.738201,18.801300,-93.396698,0.129960,17.611099,-0.263421,-0.430829,-0.667752,0.546903,-693.524475,1535.331177,-4658.648438,-693.741394,1454.639648,-4669.050293,-683.701294,1578.630005,-4687.690430,-705.962158,1486.489624,-4616.949707,-690.693176,1621.565308,-4660.903809,,,,,,,,,,,,,2616.293213,1567.760498,-3159.779541,,,,,,,,,,,,,,,,,,,,,,,,,825.723022,1496.878784,-3807.238525,842.655151,1462.194580,-3855.988770,,,
10627,106.270000,0.000000,0.000000,0.000000,1.000000,0.000000,0.000000,0.000000,57.698101,20.499701,-14.700500,0.047771,-0.013570,0.015998,-15.666301,-52.738201,18.801300,-93.396698,0.129960,17.611099,-0.263421,-0.430829,-0.667752,0.546903,-693.524475,1535.331177,-4658.648438,-693.741394,1454.639648,-4669.050293,-683.701294,1578.630005,-4687.690430,-705.962158,1486.489624,-4616.949707,-690.693176,1621.565308,-4660.903809,,,,,,,,,,,,,2616.275391,1567.760986,-3159.787354,,,,,,,,,,,,,,,,,,,,,,,,,827.183228,1496.620361,-3806.453369,845.131409,1462.558838,-3854.637939,,,
10628,106.280000,0.000000,0.000000,0.000000,1.000000,0.000000,0.000000,0.000000,57.698101,20.499701,-14.700500,0.047771,-0.013570,0.015998,-15.666301,-52.738201,18.801300,-93.396698,0.129960,17.611099,-0.263421,-0.430829,-0.667752,0.546903,-693.524475,1535.331177,-4658.648438,-693.741394,1454.639648,-4669.050293,-683.701294,1578.630005,-4687.690430,-705.962158,1486.489624,-4616.949707,-690.693176,1621.565308,-4660.903809,,,,,,,,,,,,,2616.293945,1567.743774,-3159.792969,,,,,,,,,,,,,,,,,,,,,,,,,828.802673,1496.401978,-3805.704834,847.695740,1462.944092,-3853.313965,,,
10629,106.290000,0.000000,0.000000,0.000000,1.000000,0.000000,0.000000,0.000000,57.698101,20.499701,-14.700500,0.047771,-0.013570,0.015998,-15.666301,-52.738201,18.801300,-93.396698,0.129960,17.611099,-0.263421,-0.430829,-0.667752,0.546903,-693.524475,1535.331177,-4658.648438,-693.741394,1454.639648,-4669.050293,-683.701294,1578.630005,-4687.690430,-705.962158,1486.489624,-4616.949707,-690.693176,1621.565308,-4660.903809,,,,,,,,,,,,,2616.272217,1567.745972,-3159.783203,,,,,,,,,,,,,,,,,,,,,,,,,831.118103,1496.569824,-3804.596436,849.709473,1463.029907,-3852.287109,,,
10630,106.300000,0.000000,0.000000,0.000000,1.000000,0.000000,0.000000,0.000000,57.698101,20.499701,-14.700500,0.047771,-0.013570,0.015998,-15.666301,-52.738201,18.801300,-93.396698,0.129960,17.611099,-0.263421,-0.430829,-0.667752,0.546903,-693.524475,1535.331177,-4658.648438,-693.741394,1454.639648,-4669.050293,-683.701294,1578.630005,-4687.690430,-705.962158,1486.489624,-4616.949707,-690.693176,1621.565308,-4660.903809,,,,,,,,,,,,,2616.263184,1567.716187,-3159.776855,,,,,,,,,,,,,,,,,,,,,,,,,833.527893,1496.920532,-3803.392822,851.412109,1462.900391,-3851.547607,,,
10631,106.310000,0.000000,0.000000,0.000000,1.000000,0.000000,0.000000,0.000000,57.698101,20.499701,-14.700500,0.047771,-0.013570,0.015998,-15.666301,-52.738201,18.801300,-93.396698,0.129960,17.611099,-0.263421,-0.430829,-0.667752,0.546903,-693.524475,1535.331177,-4658.648438,-693.741394,1454.639648,-4669.050293,-683.701294,1578.630005,-4687.690430,-705.962158,1486.489624,-4616.949707,-690.693176,1621.565308,-4660.903809,,,,,,,,,,,,,2616.298340,1567.736206,-3159.786377,,,,,,,,,,,,,,,,,,,,,,,,,835.791992,1497.282715,-3802.148926,852.901001,1462.736206,-3850.677246,,,
10632,106.320000,0.000000,0.000000,0.000000,1.000000,0.000000,0.000000,0.000000,57.698101,20.499701,-14.700500,0.047771,-0.013570,0.015998,-15.666301,-52.738201,18.801300,-93.396698,0.129960,17.611099,-0.263421,-0.430829,-0.667752,0.546903,-693.524475,1535.331177,-4658.648438,-693.741394,1454.639648,-4669.050293,-683.701294,1578.630005,-4687.690430,-705.962158,1486.489624,-4616.949707,-690.693176,1621.565308,-4660.903809,,,,,,,,,,,,,2616.303711,1567.736206,-3159.778564,,,,,,,,,,,,,,,,,,,,,,,,,837.617310,1497.428955,-3801.078613,854.671753,1462.786865,-3849.722412,,,
10633,106.330000,0.000000,0.000000,0.000000,1.000000,0.000000,0.000000,0.000000,57.698101,20.499701,-14.700500,0.047771,-0.013570,0.015998,-15.666301,-52.738201,18.801300,-93.396698,0.129960,17.611099,-0.263421,-0.430829,-0.667752,0.546903,-693.524475,1535.331177,-4658.648438,-693.741394,1454.639648,-4669.050293,-683.701294,1578.630005,-4687.690430,-705.962158,1486.489624,-4616.949707,-690.693176,1621.565308,-4660.903809,,,,,,,,,,,,,2616.269043,1567.712646,-3159.776855,,,,,,,,,,,,,,,,,,,,,,,,,838.794556,1497.223999,-3800.402832,856.964722,1463.137939,-3848.447510,,,
10634,106.340000,0.000000,0.000000,0.000000,1.000000,0.000000,0.000000,0.000000,57.698101,20.499701,-14.700500,0.047771,-0.013570,0.015998,-15.666301,-52.738201,18.801300,-93.396698,0.129960,17.611099,-0.263421,-0.430829,-0.667752,0.546903,-693.524475,1535.331177,-4658.648438,-693.741394,1454.639648,-4669.050293,-683.701294,1578.630005,-4687.690430,-705.962158,1486.489624,-4616.949707,-690.693176,1621.565308,-4660.903809,,,,,,,,,,,,,2616.302246,1567.710693,-3159.769043,,,,,,,,,,,,,,,,,,,,,,,,,840.490906,1497.176392,-3799.626465,859.235657,1463.558716,-3847.295166,,,
10635,106.350000,0.000000,0.000000,0.000000,1.000000,0.000000,0.000000,0.000000,57.698101,20.499701,-14.700500,0.047771,-0.013570,0.015998,-15.666301,-52.738201,18.801300,-93.396698,0.129960,17.611099,-0.263421,-0.430829,-0.667752,0.546903,-693.524475,1535.331177,-4658.648438,-693.741394,1454.639648,-4669.050293,-683.701294,1578.630005,-4687.690430,-705.962158,1486.489624,-4616.949707,-690.693176,1621.565308,-4660.903809,,,,,,,,,,,,,2616.295166,1567.746704,-3159.780762,,,,,,,,,,,,,,,,,,,,,,,,,842.682922,1497.410767,-3798.397217,861.205688,1463.719604,-3846.345703,,,
10636,106.360000,0.000000,0.000000,0.000000,1.000000,0.000000,0.000000,0.000000,57.698101,20.499701,-14.700500,0.047771,-0.013570,0.015998,-15.666301,-52.738201,18.801300,-93.396698,0.129960,17.611099,-0.263421,-0.430829,-0.667752,0.546903,-693.524475,1535.331177,-4658.648438,-693.741394,1454.639648,-4669.050293,-683.701294,1578.630005,-4687.690430,-705.962158,1486.489624,-4616.949707,-690.693176,1621.565308,-4660.903809,,,,,,,,,,,,,2616.302002,1567.745239,-3159.788086,,,,,,,,,,,,,,,,,,,,,,,,,845.324829,1497.722778,-3797.001953,862.927856,1463.623901,-3845.474121,,,
10637,106.370000,0.000000,0.000000,0.000000,1.000000,0.000000,0.000000,0.000000,57.698101,20.499701,-14.700500,0.047771,-0.013570,0.015998,-15.666301,-52.738201,18.801300,-93.396698,0.129960,17.611099,-0.263421,-0.430829,-0.667752,0.546903,-693.524475,1535.331177,-4658.648438,-693.741394,1454.639648,-4669.050293,-683.701294,1578.630005,-4687.690430,-705.962158,1486.489624,-4616.949707,-690.693176,1621.565308,-4660.903809,,,,,,,,,,,,,2616.268555,1567.756958,-3159.797119,,,,,,,,,,,,,,,,,,,,,,,,,847.427185,1497.807617,-3795.956543,864.738281,1463.402710,-3844.567871,,,
10638,106.380000,0.000000,0.000000,0.000000,1.000000,0.000000,0.000000,0.000000,57.698101,20.499701,-14.700500,0.047771,-0.013570,0.015998,-15.666301,-52.738201,18.801300,-93.396698,0.129960,17.611099,-0.263421,-0.430829,-0.667752,0.546903,-693.524475,1535.331177,-4658.648438,-693.741394,1454.639648,-4669.050293,-683.701294,1578.630005,-4687.690430,-705.962158,1486.489624,-4616.949707,-690.693176,1621.565308,-4660.903809,,,,,,,,,,,,,2616.274658,1567.745117,-3159.801514,,,,,,,,,,,,,,,,,,,,,,,,,849.278748,1497.811157,-3794.945312,866.435059,1463.171143,-3843.705566,,,
10639,106.390000,0.000000,0.000000,0.000000,1.000000,0.000000,0.000000,0.000000,57.698101,20.499701,-14.700500,0.047771,-0.013570,0.015998,-15.666301,-52.738201,18.801300,-93.396698,0.129960,17.611099,-0.263421,-0.430829,-0.667752,0.546903,-693.524475,1535.331177,-4658.648438,-693.741394,1454.639648,-4669.050293,-683.701294,1578.630005,-4687.690430,-705.962158,1486.489624,-4616.949707,-690.693176,1621.565308,-4660.903809,,,,,,,,,,,,,2616.283447,1567.732178,-3159.792480,,,,,,,,,,,,,,,,,,,,,,,,,850.474121,1497.615112,-3794.347900,868.721863,1463.496216,-3842.519775,,,
10640,106.400000,0.000000,0.000000,0.000000,1.000000,0.000000,0.000000,0.000000,57.698101,20.499701,-14.700500,0.047771,-0.013570,0.015998,-15.666301,-52.738201,18.801300,-93.396698,0.129960,17.611099,-0.263421,-0.430829,-0.667752,0.546903,-693.524475,1535.331177,-4658.648438,-693.741394,1454.639648,-4669.050293,-683.701294,1578.630005,-4687.690430,-705.962158,1486.489624,-4616.949707,-690.693176,1621.565308,-4660.903809,,,,,,,,,,,,,2616.265869,1567.758301,-3159.784912,,,,,,,,,,,,,,,,,,,,,,,,,851.976501,1497.675049,-3793.487549,871.074036,1463.927490,-3841.286133,,,
10641,106.410000,0.000000,0.000000,0.000000,1.000000,0.000000,0.000000,0.000000,57.698101,20.499701,-14.700500,0.047771,-0.013570,0.015998,-15.666301,-52.738201,18.801300,-93.396698,0.129960,17.611099,-0.263421,-0.430829,-0.667752,0.546903,-693.524475,1535.331177,-4658.648438,-693.741394,1454.639648,-4669.050293,-683.701294,1578.630005,-4687.690430,-705.962158,1486.489624,-4616.949707,-690.693176,1621.565308,-4660.903809,,,,,,,,,,,,,2616.290039,1567.754883,-3159.797607,,,,,,,,,,,,,,,,,,,,,,,,,854.163086,1497.856079,-3792.291016,873.100586,1464.087769,-3840.286865,,,
10642,106.420000,0.000000,0.000000,0.000000,1.000000,0.000000,0.000000,0.000000,57.698101,20.499701,-14.700500,0.047771,-0.013570,0.015998,-15.666301,-52.738201,18.801300,-93.396698,0.129960,17.611099,-0.263421,-0.430829,-0.667752,0.546903,-693.524475,1535.331177,-4658.648438,-693.741394,1454.639648,-4669.050293,-683.701294,1578.630005,-4687.690430,-705.962158,1486.489624,-4616.949707,-690.693176,1621.565308,-4660.903809,,,,,,,,,,,,,2616.311523,1567.760864,-3159.775391,,,,,,,,,,,,,,,,,,,,,,,,,856.653015,1498.067627,-3790.979492,874.772339,1463.987671,-3839.401367,,,
10643,106.430000,0.000000,0.000000,0.000000,1.000000,0.000000,0.000000,0.000000,57.698101,20.499701,-14.700500,0.047771,-0.013570,0.015998,-15.666301,-52.738201,18.801300,-93.396698,0.129960,17.611099,-0.263421,-0.430829,-0.667752,0.546903,-693.524475,1535.331177,-4658.648438,-693.741394,1454.639648,-4669.050293,-683.701294,1578.630005,-4687.690430,-705.962158,1486.489624,-4616.949707,-690.693176,1621.565308,-4660.903809,,,,,,,,,,,,,2616.307129,1567.755737,-3159.764648,,,,,,,,,,,,,,,,,,,,,,,,,858.972412,1498.102905,-3789.836670,876.477722,1463.708374,-3838.550049,,,
10644,106.440000,0.000000,0.000000,0.000000,1.000000,0.000000,0.000000,0.000000,57.698101,20.499701,-14.700500,0.047771,-0.013570,0.015998,-15.666301,-52.738201,18.801300,-93.396698,0.129960,17.611099,-0.263421,-0.430829,-0.667752,0.546903,-693.524475,1535.331177,-4658.648438,-693.741394,1454.639648,-4669.050293,-683.701294,1578.630005,-4687.690430,-705.962158,1486.489624,-4616.949707,-690.693176,1621.565308,-4660.903809,,,,,,,,,,,,,2616.267822,1567.730591,-3159.790527,,,,,,,,,,,,,,,,,,,,,,,,,860.811035,1497.848755,-3789.064453,878.130005,1463.232300,-3837.822266,,,
10645,106.450000,0.000000,0.000000,0.000000,1.000000,0.000000,0.000000,0.000000,57.698101,20.499701,-14.700500,0.047771,-0.013570,0.015998,-15.666301,-52.738201,18.801300,-93.396698,0.129960,17.611099,-0.263421,-0.430829,-0.667752,0.546903,-693.524475,1535.331177,-4658.648438,-693.741394,1454.639648,-4669.050293,-683.701294,1578.630005,-4687.690430,-705.962158,1486.489624,-4616.949707,-690.693176,1621.565308,-4660.903809,,,,,,,,,,,,,2616.262939,1567.749390,-3159.790039,,,,,,,,,,,,,,,,,,,,,,,,,862.255859,1497.498169,-3788.355469,880.702454,1463.294800,-3836.514648,,,
10646,106.460000,0.000000,0.000000,0.000000,1.000000,0.000000,0.000000,0.000000,57.698101,20.499701,-14.700500,0.047771,-0.013570,0.015998,-15.666301,-52.738201,18.801300,-93.396698,0.129960,17.611099,-0.263421,-0.430829,-0.667752,0.546903,-693.524475,1535.331177,-4658.648438,-693.741394,1454.639648,-4669.050293,-683.701294,1578.630005,-4687.690430,-705.962158,1486.489624,-4616.949707,-690.693176,1621.565308,-4660.903809,,,,,,,,,,,,,2616.267334,1567.745972,-3159.784912,,,,,,,,,,,,,,,,,,,,,,,,,863.748718,1497.212158,-3787.544678,883.114136,1463.401733,-3835.353760,,,
10647,106.470000,0.000000,0.000000,0.000000,1.000000,0.000000,0.000000,0.000000,57.698101,20.499701,-14.700500,0.047771,-0.013570,0.015998,-15.666301,-52.738201,18.801300,-93.396698,0.129960,17.611099,-0.263421,-0.430829,-0.667752,0.546903,-693.524475,1535.331177,-4658.648438,-693.741394,1454.639648,-4669.050293,-683.701294,1578.630005,-4687.690430,-705.962158,1486.489624,-4616.949707,-690.693176,1621.565308,-4660.903809,,,,,,,,,,,,,2616.255371,1567.730957,-3159.792725,,,,,,,,,,,,,,,,,,,,,,,,,865.882996,1497.127930,-3786.499756,885.323608,1463.465454,-3834.293945,,,
10648,106.480000,0.000000,0.000000,0.000000,1.000000,0.000000,0.000000,0.000000,57.698101,20.499701,-14.700500,0.047771,-0.013570,0.015998,-15.666301,-52.738201,18.801300,-93.396698,0.129960,17.611099,-0.263421,-0.430829,-0.667752,0.546903,-693.524475,1535.331177,-4658.648438,-693.741394,1454.639648,-4669.050293,-683.701294,1578.630005,-4687.690430,-705.962158,1486.489624,-4616.949707,-690.693176,1621.565308,-4660.903809,,,,,,,,,,,,,2616.303955,1567.749878,-3159.780762,,,,,,,,,,,,,,,,,,,,,,,,,868.492004,1497.119873,-3785.405273,886.864624,1463.120850,-3833.613037,,,
10649,106.490000,0.000000,0.000000,0.000000,1.000000,0.000000,0.000000,0.000000,57.698101,20.499701,-14.700500,0.047771,-0.013570,0.015998,-15.666301,-52.738201,18.801300,-93.396698,0.129960,17.611099,-0.263421,-0.430829,-0.667752,0.546903,-693.524475,1535.331177,-4658.648438,-693.741394,1454.639648,-4669.050293,-683.701294,1578.630005,-4687.690430,-705.962158,1486.489624,-4616.949707,-690.693176,1621.565308,-4660.903809,,,,,,,,,,,,,2616.318115,1567.725098,-3159.773926,,,,,,,,,,,,,,,,,,,,,,,,,871.195862,1497.058960,-3784.158203,889.000000,1462.715332,-3832.574463,,,
10650,106.500000,0.000000,0.000000,0.000000,1.000000,0.000000,0.000000,0.000000,57.698101,20.499701,-14.700500,0.047771,-0.013570,0.015998,-15.666301,-52.738201,18.801300,-93.396698,0.129960,17.611099,-0.263421,-0.430829,-0.667752,0.546903,-693.524475,1535.331177,-4658.648438,-693.741394,1454.639648,-4669.050293,-683.701294,1578.630005,-4687.690430,-705.962158,1486.489624,-4616.949707,-690.693176,1621.565308,-4660.903809,,,,,,,,,,,,,2616.282227,1567.748047,-3159.775146,,,,,,,,,,,,,,,,,,,,,,,,,873.477234,1496.779297,-3783.045410,891.032166,1462.116943,-3831.850830,,,
10651,106.510000,0.000000,0.000000,0.000000,1.000000,0.000000,0.000000,0.000000,57.698101,20.499701,-14.700500,0.047771,-0.013570,0.015998,-15.666301,-52.738201,18.801300,-93.396698,0.129960,17.611099,-0.263421,-0.430829,-0.667752,0.546903,-693.524475,1535.331177,-4658.648438,-693.741394,1454.639648,-4669.050293,-683.701294,1578.630005,-4687.690430,-705.962158,1486.489624,-4616.949707,-690.693176,1621.565308,-4660.903809,,,,,,,,,,,,,2616.265137,1567.730957,-3159.792236,,,,,,,,,,,,,,,,,,,,,,,,,874.978210,1496.161621,-3782.490967,893.835999,1461.987427,-3830.657471,,,
10652,106.520000,0.000000,0.000000,0.000000,1.000000,0.000000,0.000000,0.000000,57.698101,20.499701,-14.700500,0.047771,-0.013570,0.015998,-15.666301,-52.738201,18.801300,-93.396698,0.129960,17.611099,-0.263421,-0.430829,-0.667752,0.546903,-693.524475,1535.331177,-4658.648438,-693.741394,1454.639648,-4669.050293,-683.701294,1578.630005,-4687.690430,-705.962158,1486.489624,-4616.949707,-690.693176,1621.565308,-4660.903809,,,,,,,,,,,,,2616.291260,1567.751221,-3159.782227,,,,,,,,,,,,,,,,,,,,,,,,,876.763672,1495.730225,-3781.934326,896.678467,1462.173462,-3829.226807,,,
10653,106.530000,0.000000,0.000000,0.000000,1.000000,0.000000,0.000000,0.000000,57.698101,20.499701,-14.700500,0.047771,-0.013570,0.015998,-15.666301,-52.738201,18.801300,-93.396698,0.129960,17.611099,-0.263421,-0.430829,-0.667752,0.546903,-693.524475,1535.331177,-4658.648438,-693.741394,1454.639648,-4669.050293,-683.701294,1578.630005,-4687.690430,-705.962158,1486.489624,-4616.949707,-690.693176,1621.565308,-4660.903809,,,,,,,,,,,,,2616.295654,1567.757080,-3159.772461,,,,,,,,,,,,,,,,,,,,,,,,,879.702332,1495.641357,-3780.531738,898.760132,1461.905029,-3828.308350,,,
10654,106.540000,0.000000,0.000000,0.000000,1.000000,0.000000,0.000000,0.000000,57.698101,20.499701,-14.700500,0.047771,-0.013570,0.015998,-15.666301,-52.738201,18.801300,-93.396698,0.129960,17.611099,-0.263421,-0.430829,-0.667752,0.546903,-693.524475,1535.331177,-4658.648438,-693.741394,1454.639648,-4669.050293,-683.701294,1578.630005,-4687.690430,-705.962158,1486.489624,-4616.949707,-690.693176,1621.565308,-4660.903809,,,,,,,,,,,,,2616.277344,1567.745239,-3159.787109,,,,,,,,,,,,,,,,,,,,,,,,,882.943176,1495.552002,-3779.044678,900.980713,1461.221924,-3827.536865,,,
10655,106.550000,0.000000,0.000000,0.000000,1.000000,0.000000,0.000000,0.000000,57.698101,20.499701,-14.700500,0.047771,-0.013570,0.015998,-15.666301,-52.738201,18.801300,-93.396698,0.129960,17.611099,-0.263421,-0.430829,-0.667752,0.546903,-693.524475,1535.331177,-4658.648438,-693.741394,1454.639648,-4669.050293,-683.701294,1578.630005,-4687.690430,-705.962158,1486.489624,-4616.949707,-690.693176,1621.565308,-4660.903809,,,,,,,,,,,,,2616.274658,1567.761719,-3159.792969,,,,,,,,,,,,,,,,,,,,,,,,,885.316467,1495.074097,-3778.214600,903.258301,1460.621216,-3826.811279,,,
10656,106.560000,0.000000,0.000000,0.000000,1.000000,0.000000,0.000000,0.000000,57.698101,20.499701,-14.700500,0.047771,-0.013570,0.015998,-15.666301,-52.738201,18.801300,-93.396698,0.129960,17.611099,-0.263421,-0.430829,-0.667752,0.546903,-693.524475,1535.331177,-4658.648438,-693.741394,1454.639648,-4669.050293,-683.701294,1578.630005,-4687.690430,-705.962158,1486.489624,-4616.949707,-690.693176,1621.565308,-4660.903809,,,,,,,,,,,,,2616.283691,1567.755005,-3159.784180,,,,,,,,,,,,,,,,,,,,,,,,,886.987366,1494.437866,-3777.677734,906.654663,1460.700317,-3825.218506,,,
10657,106.570000,0.000000,0.000000,0.000000,1.000000,0.000000,0.000000,0.000000,57.698101,20.499701,-14.700500,0.047771,-0.013570,0.015998,-15.666301,-52.738201,18.801300,-93.396698,0.129960,17.611099,-0.263421,-0.430829,-0.667752,0.546903,-693.524475,1535.331177,-4658.648438,-693.741394,1454.639648,-4669.050293,-683.701294,1578.630005,-4687.690430,-705.962158,1486.489624,-4616.949707,-690.693176,1621.565308,-4660.903809,,,,,,,,,,,,,2616.279053,1567.735474,-3159.783203,,,,,,,,,,,,,,,,,,,,,,,,,889.512817,1494.073364,-3776.675781,909.387146,1460.582642,-3824.328125,,,
10658,106.580000,0.000000,0.000000,0.000000,1.000000,0.000000,0.000000,0.000000,57.698101,20.499701,-14.700500,0.047771,-0.013570,0.015998,-15.666301,-52.738201,18.801300,-93.396698,0.129960,17.611099,-0.263421,-0.430829,-0.667752,0.546903,-693.524475,1535.331177,-4658.648438,-693.741394,1454.639648,-4669.050293,-683.701294,1578.630005,-4687.690430,-705.962158,1486.489624,-4616.949707,-690.693176,1621.565308,-4660.903809,,,,,,,,,,,,,2616.311523,1567.740601,-3159.766357,,,,,,,,,,,,,,,,,,,,,,,,,892.981628,1493.953857,-3775.418213,911.795166,1459.991577,-3823.579346,,,
10659,106.590000,0.000000,0.000000,0.000000,1.000000,0.000000,0.000000,0.000000,57.698101,20.499701,-14.700500,0.047771,-0.013570,0.015998,-15.666301,-52.738201,18.801300,-93.396698,0.129960,17.611099,-0.263421,-0.430829,-0.667752,0.546903,-693.524475,1535.331177,-4658.648438,-693.741394,1454.639648,-4669.050293,-683.701294,1578.630005,-4687.690430,-705.962158,1486.489624,-4616.949707,-690.693176,1621.565308,-4660.903809,,,,,,,,,,,,,2616.268555,1567.749390,-3159.783691,,,,,,,,,,,,,,,,,,,,,,,,,895.991394,1493.745117,-3774.281006,913.895081,1459.082153,-3823.197266,,,
10660,106.600000,0.000000,0.000000,0.000000,1.000000,0.000000,0.000000,0.000000,57.698101,20.499701,-14.700500,0.047771,-0.013570,0.015998,-15.666301,-52.738201,18.801300,-93.396698,0.129960,17.611099,-0.263421,-0.430829,-0.667752,0.546903,-693.524475,1535.331177,-4658.648438,-693.741394,1454.639648,-4669.050293,-683.701294,1578.630005,-4687.690430,-705.962158,1486.489624,-4616.949707,-690.693176,1621.565308,-4660.903809,,,,,,,,,,,,,2616.259521,1567.792969,-3159.803955,,,,,,,,,,,,,,,,,,,,,,,,,898.072754,1493.095459,-3773.664307,917.374084,1458.838135,-3821.994629,,,
10661,106.610000,0.000000,0.000000,0.000000,1.000000,0.000000,0.000000,0.000000,57.698101,20.499701,-14.700500,0.047771,-0.013570,0.015998,-15.666301,-52.738201,18.801300,-93.396698,0.129960,17.611099,-0.263421,-0.430829,-0.667752,0.546903,-693.524475,1535.331177,-4658.648438,-693.741394,1454.639648,-4669.050293,-683.701294,1578.630005,-4687.690430,-705.962158,1486.489624,-4616.949707,-690.693176,1621.565308,-4660.903809,,,,,,,,,,,,,2616.268066,1567.782104,-3159.813232,,,,,,,,,,,,,,,,,,,,,,,,,900.295715,1492.450684,-3773.359863,920.577332,1458.870605,-3820.846191,,,
10662,106.620000,0.000000,0.000000,0.000000,1.000000,0.000000,0.000000,0.000000,57.698101,20.499701,-14.700500,0.047771,-0.013570,0.015998,-15.666301,-52.738201,18.801300,-93.396698,0.129960,17.611099,-0.263421,-0.430829,-0.667752,0.546903,-693.524475,1535.331177,-4658.648438,-693.741394,1454.639648,-4669.050293,-683.701294,1578.630005,-4687.690430,-705.962158,1486.489624,-4616.949707,-690.693176,1621.565308,-4660.903809,,,,,,,,,,,,,2616.285645,1567.756592,-3159.790283,,,,,,,,,,,,,,,,,,,,,,,,,903.881775,1492.130981,-3772.221680,923.026245,1458.261841,-3820.378174,,,
10663,106.630000,0.000000,0.000000,0.000000,1.000000,0.000000,0.000000,0.000000,57.698101,20.499701,-14.700500,0.047771,-0.013570,0.015998,-15.666301,-52.738201,18.801300,-93.396698,0.129960,17.611099,-0.263421,-0.430829,-0.667752,0.546903,-693.524475,1535.331177,-4658.648438,-693.741394,1454.639648,-4669.050293,-683.701294,1578.630005,-4687.690430,-705.962158,1486.489624,-4616.949707,-690.693176,1621.565308,-4660.903809,,,,,,,,,,,,,2616.315430,1567.718872,-3159.765381,,,,,,,,,,,,,,,,,,,,,,,,,907.124268,1491.731079,-3771.430664,925.529114,1457.558838,-3819.717773,,,
10664,106.640000,0.000000,0.000000,0.000000,1.000000,0.000000,0.000000,0.000000,57.698101,20.499701,-14.700500,0.047771,-0.013570,0.015998,-15.666301,-52.738201,18.801300,-93.396698,0.129960,17.611099,-0.263421,-0.430829,-0.667752,0.546903,-693.524475,1535.331177,-4658.648438,-693.741394,1454.639648,-4669.050293,-683.701294,1578.630005,-4687.690430,-705.962158,1486.489624,-4616.949707,-690.693176,1621.565308,-4660.903809,,,,,,,,,,,,,2616.292725,1567.751221,-3159.769043,,,,,,,,,,,,,,,,,,,,,,,,,909.177368,1490.885498,-3771.172852,929.306091,1457.527344,-3818.624756,,,
10665,106.650000,0.000000,0.000000,0.000000,1.000000,0.000000,0.000000,0.000000,57.698101,20.499701,-14.700500,0.047771,-0.013570,0.015998,-15.666301,-52.738201,18.801300,-93.396698,0.129960,17.611099,-0.263421,-0.430829,-0.667752,0.546903,-693.524475,1535.331177,-4658.648438,-693.741394,1454.639648,-4669.050293,-683.701294,1578.630005,-4687.690430,-705.962158,1486.489624,-4616.949707,-690.693176,1621.565308,-4660.903809,,,,,,,,,,,,,2616.258789,1567.745239,-3159.791748,,,,,,,,,,,,,,,,,,,,,,,,,911.965210,1490.164062,-3770.767822,932.067566,1457.128174,-3818.118164,,,
10666,106.660000,0.000000,0.000000,0.000000,1.000000,0.000000,0.000000,0.000000,57.698101,20.499701,-14.700500,0.047771,-0.013570,0.015998,-15.666301,-52.738201,18.801300,-93.396698,0.129960,17.611099,-0.263421,-0.430829,-0.667752,0.546903,-693.524475,1535.331177,-4658.648438,-693.741394,1454.639648,-4669.050293,-683.701294,1578.630005,-4687.690430,-705.962158,1486.489624,-4616.949707,-690.693176,1621.565308,-4660.903809,,,,,,,,,,,,,2616.281494,1567.739502,-3159.791016,,,,,,,,,,,,,,,,,,,,,,,,,916.034119,1489.947754,-3769.477295,934.398804,1456.276611,-3818.292236,,,
10667,106.670000,0.000000,0.000000,0.000000,1.000000,0.000000,0.000000,0.000000,57.698101,20.499701,-14.700500,0.047771,-0.013570,0.015998,-15.666301,-52.738201,18.801300,-93.396698,0.129960,17.611099,-0.263421,-0.430829,-0.667752,0.546903,-693.524475,1535.331177,-4658.648438,-693.741394,1454.639648,-4669.050293,-683.701294,1578.630005,-4687.690430,-705.962158,1486.489624,-4616.949707,-690.693176,1621.565308,-4660.903809,,,,,,,,,,,,,2616.294189,1567.721313,-3159.787598,,,,,,,,,,,,,,,,,,,,,,,,,919.077332,1489.517456,-3768.921143,937.682861,1455.947754,-3817.907715,,,
10668,106.680000,0.000000,0.000000,0.000000,1.000000,0.000000,0.000000,0.000000,57.698101,20.499701,-14.700500,0.047771,-0.013570,0.015998,-15.666301,-52.738201,18.801300,-93.396698,0.129960,17.611099,-0.263421,-0.430829,-0.667752,0.546903,-693.524475,1535.331177,-4658.648438,-693.741394,1454.639648,-4669.050293,-683.701294,1578.630005,-4687.690430,-705.962158,1486.489624,-4616.949707,-690.693176,1621.565308,-4660.903809,,,,,,,,,,,,,2616.286133,1567.745483,-3159.777344,,,,,,,,,,,,,,,,,,,,,,,,,921.331604,1488.614624,-3769.040039,941.107300,1455.876343,-3817.200928,,,
10669,106.690000,0.000000,0.000000,0.000000,1.000000,0.000000,0.000000,0.000000,57.698101,20.499701,-14.700500,0.047771,-0.013570,0.015998,-15.666301,-52.738201,18.801300,-93.396698,0.129960,17.611099,-0.263421,-0.430829,-0.667752,0.546903,-693.524475,1535.331177,-4658.648438,-693.741394,1454.639648,-4669.050293,-683.701294,1578.630005,-4687.690430,-705.962158,1486.489624,-4616.949707,-690.693176,1621.565308,-4660.903809,,,,,,,,,,,,,2616.280029,1567.771851,-3159.796875,,,,,,,,,,,,,,,,,,,,,,,,,925.329834,1488.312378,-3768.493408,943.647949,1455.239624,-3817.222412,,,
10670,106.700000,0.000000,0.000000,0.000000,1.000000,0.000000,0.000000,0.000000,57.698101,20.499701,-14.700500,0.047771,-0.013570,0.015998,-15.666301,-52.738201,18.801300,-93.396698,0.129960,17.611099,-0.263421,-0.430829,-0.667752,0.546903,-693.524475,1535.331177,-4658.648438,-693.741394,1454.639648,-4669.050293,-683.701294,1578.630005,-4687.690430,-705.962158,1486.489624,-4616.949707,-690.693176,1621.565308,-4660.903809,,,,,,,,,,,,,2616.285889,1567.778809,-3159.790039,,,,,,,,,,,,,,,,,,,,,,,,,928.515503,1487.815674,-3768.348389,947.148499,1454.772827,-3817.045898,,,
10671,106.710000,0.000000,0.000000,0.000000,1.000000,0.000000,0.000000,0.000000,57.698101,20.499701,-14.700500,0.047771,-0.013570,0.015998,-15.666301,-52.738201,18.801300,-93.396698,0.129960,17.611099,-0.263421,-0.430829,-0.667752,0.546903,-693.524475,1535.331177,-4658.648438,-693.741394,1454.639648,-4669.050293,-683.701294,1578.630005,-4687.690430,-705.962158,1486.489624,-4616.949707,-690.693176,1621.565308,-4660.903809,,,,,,,,,,,,,2616.265869,1567.775391,-3159.795166,,,,,,,,,,,,,,,,,,,,,,,,,931.231689,1487.320435,-3768.246826,950.672119,1454.647949,-3816.788574,,,
10672,106.720000,0.000000,0.000000,0.000000,1.000000,0.000000,0.000000,0.000000,57.698101,20.499701,-14.700500,0.047771,-0.013570,0.015998,-15.666301,-52.738201,18.801300,-93.396698,0.129960,17.611099,-0.263421,-0.430829,-0.667752,0.546903,-693.524475,1535.331177,-4658.648438,-693.741394,1454.639648,-4669.050293,-683.701294,1578.630005,-4687.690430,-705.962158,1486.489624,-4616.949707,-690.693176,1621.565308,-4660.903809,,,,,,,,,,,,,2616.266113,1567.774902,-3159.789307,,,,,,,,,,,,,,,,,,,,,,,,,935.831299,1487.419434,-3767.369873,953.018677,1454.013306,-3817.107666,,,
10673,106.730000,0.000000,0.000000,0.000000,1.000000,0.000000,0.000000,0.000000,57.698101,20.499701,-14.700500,0.047771,-0.013570,0.015998,-15.666301,-52.738201,18.801300,-93.396698,0.129960,17.611099,-0.263421,-0.430829,-0.667752,0.546903,-693.524475,1535.331177,-4658.648438,-693.741394,1454.639648,-4669.050293,-683.701294,1578.630005,-4687.690430,-705.962158,1486.489624,-4616.949707,-690.693176,1621.565308,-4660.903809,,,,,,,,,,,,,2616.293701,1567.764282,-3159.786865,,,,,,,,,,,,,,,,,,,,,,,,,938.282166,1486.454224,-3768.078369,957.828735,1454.086060,-3816.273926,,,
10674,106.740000,0.000000,0.000000,0.000000,1.000000,0.000000,0.000000,0.000000,57.698101,20.499701,-14.700500,0.047771,-0.013570,0.015998,-15.666301,-52.738201,18.801300,-93.396698,0.129960,17.611099,-0.263421,-0.430829,-0.667752,0.546903,-693.524475,1535.331177,-4658.648438,-693.741394,1454.639648,-4669.050293,-683.701294,1578.630005,-4687.690430,-705.962158,1486.489624,-4616.949707,-690.693176,1621.565308,-4660.903809,,,,,,,,,,,,,2616.273926,1567.768555,-3159.780762,,,,,,,,,,,,,,,,,,,,,,,,,942.300781,1486.543945,-3767.474609,960.319214,1453.475952,-3816.785156,,,
10675,106.750000,0.000000,0.000000,0.000000,1.000000,0.000000,0.000000,0.000000,57.698101,20.499701,-14.700500,0.047771,-0.013570,0.015998,-15.666301,-52.738201,18.801300,-93.396698,0.129960,17.611099,-0.263421,-0.430829,-0.667752,0.546903,-693.524475,1535.331177,-4658.648438,-693.741394,1454.639648,-4669.050293,-683.701294,1578.630005,-4687.690430,-705.962158,1486.489624,-4616.949707,-690.693176,1621.565308,-4660.903809,,,,,,,,,,,,,2616.269531,1567.760010,-3159.792236,,,,,,,,,,,,,,,,,,,,,,,,,945.985962,1486.667236,-3767.020508,964.195435,1453.565552,-3816.228760,,,
10676,106.760000,0.000000,0.000000,0.000000,1.000000,0.000000,0.000000,0.000000,57.698101,20.499701,-14.700500,0.047771,-0.013570,0.015998,-15.666301,-52.738201,18.801300,-93.396698,0.129960,17.611099,-0.263421,-0.430829,-0.667752,0.546903,-693.524475,1535.331177,-4658.648438,-693.741394,1454.639648,-4669.050293,-683.701294,1578.630005,-4687.690430,-705.962158,1486.489624,-4616.949707,-690.693176,1621.565308,-4660.903809,,,,,,,,,,,,,2616.263916,1567.736816,-3159.798828,,,,,,,,,,,,,,,,,,,,,,,,,948.793030,1486.017334,-3767.592773,967.803528,1453.630737,-3816.099609,,,
10677,106.770000,0.000000,0.000000,0.000000,1.000000,0.000000,0.000000,0.000000,57.698101,20.499701,-14.700500,0.047771,-0.013570,0.015998,-15.666301,-52.738201,18.801300,-93.396698,0.129960,17.611099,-0.263421,-0.430829,-0.667752,0.546903,-693.524475,1535.331177,-4658.648438,-693.741394,1454.639648,-4669.050293,-683.701294,1578.630005,-4687.690430,-705.962158,1486.489624,-4616.949707,-690.693176,1621.565308,-4660.903809,,,,,,,,,,,,,2616.290771,1567.742798,-3159.789795,,,,,,,,,,,,,,,,,,,,,,,,,953.572327,1486.456055,-3766.687012,970.902710,1453.093628,-3816.496582,,,
10678,106.780000,0.000000,0.000000,0.000000,1.000000,0.000000,0.000000,0.000000,57.698101,20.499701,-14.700500,0.047771,-0.013570,0.015998,-15.666301,-52.738201,18.801300,-93.396698,0.129960,17.611099,-0.263421,-0.430829,-0.667752,0.546903,-693.524475,1535.331177,-4658.648438,-693.741394,1454.639648,-4669.050293,-683.701294,1578.630005,-4687.690430,-705.962158,1486.489624,-4616.949707,-690.693176,1621.565308,-4660.903809,,,,,,,,,,,,,2616.289062,1567.744629,-3159.787109,,,,,,,,,,,,,,,,,,,,,,,,,956.168518,1485.784912,-3767.120117,975.966980,1453.620239,-3815.313477,,,
10679,106.790000,0.000000,0.000000,0.000000,1.000000,0.000000,0.000000,0.000000,57.698101,20.499701,-14.700500,0.047771,-0.013570,0.015998,-15.666301,-52.738201,18.801300,-93.396698,0.129960,17.611099,-0.263421,-0.430829,-0.667752,0.546903,-693.524475,1535.331177,-4658.648438,-693.741394,1454.639648,-4669.050293,-683.701294,1578.630005,-4687.690430,-705.962158,1486.489624,-4616.949707,-690.693176,1621.565308,-4660.903809,,,,,,,,,,,,,2616.308350,1567.778809,-3159.782959,,,,,,,,,,,,,,,,,,,,,,,,,961.120056,1486.459717,-3766.305420,978.463379,1453.177856,-3815.863770,,,
10680,106.800000,0.000000,0.000000,0.000000,1.000000,0.000000,0.000000,0.000000,57.698101,20.499701,-14.700500,0.047771,-0.013570,0.015998,-15.666301,-52.738201,18.801300,-93.396698,0.129960,17.611099,-0.263421,-0.430829,-0.667752,0.546903,-693.524475,1535.331177,-4658.648438,-693.741394,1454.639648,-4669.050293,-683.701294,1578.630005,-4687.690430,-705.962158,1486.489624,-4616.949707,-690.693176,1621.565308,-4660.903809,,,,,,,,,,,,,2616.258545,1567.740601,-3159.797119,,,,,,,,,,,,,,,,,,,,,,,,,963.912292,1486.113281,-3766.515625,983.542114,1453.839600,-3814.975586,,,
10681,106.810000,0.000000,0.000000,0.000000,1.000000,0.000000,0.000000,0.000000,57.698101,20.499701,-14.700500,0.047771,-0.013570,0.015998,-15.666301,-52.738201,18.801300,-93.396698,0.129960,17.611099,-0.263421,-0.430829,-0.667752,0.546903,-693.524475,1535.331177,-4658.648438,-693.741394,1454.639648,-4669.050293,-683.701294,1578.630005,-4687.690430,-705.962158,1486.489624,-4616.949707,-690.693176,1621.565308,-4660.903809,,,,,,,,,,,,,2616.268066,1567.725708,-3159.787354,,,,,,,,,,,,,,,,,,,,,,,,,968.666809,1486.700928,-3765.754639,986.411072,1453.476562,-3815.120117,,,
10682,106.820000,0.000000,0.000000,0.000000,1.000000,0.000000,0.000000,0.000000,57.698101,20.499701,-14.700500,0.047771,-0.013570,0.015998,-15.666301,-52.738201,18.801300,-93.396698,0.129960,17.611099,-0.263421,-0.430829,-0.667752,0.546903,-693.524475,1535.331177,-4658.648438,-693.741394,1454.639648,-4669.050293,-683.701294,1578.630005,-4687.690430,-705.962158,1486.489624,-4616.949707,-690.693176,1621.565308,-4660.903809,,,,,,,,,,,,,2616.289307,1567.754517,-3159.786865,,,,,,,,,,,,,,,,,,,,,,,,,971.802795,1486.825317,-3765.812500,991.074890,1454.395874,-3814.439209,,,
10683,106.830000,0.000000,0.000000,0.000000,1.000000,0.000000,0.000000,0.000000,57.698101,20.499701,-14.700500,0.047771,-0.013570,0.015998,-15.666301,-52.738201,18.801300,-93.396698,0.129960,17.611099,-0.263421,-0.430829,-0.667752,0.546903,-693.524475,1535.331177,-4658.648438,-693.741394,1454.639648,-4669.050293,-683.701294,1578.630005,-4687.690430,-705.962158,1486.489624,-4616.949707,-690.693176,1621.565308,-4660.903809,,,,,,,,,,,,,2616.294922,1567.753662,-3159.790039,,,,,,,,,,,,,,,,,,,,,,,,,976.296021,1487.466675,-3765.018066,994.197083,1454.498169,-3814.503418,,,
10684,106.840000,0.000000,0.000000,0.000000,1.000000,0.000000,0.000000,0.000000,57.698101,20.499701,-14.700500,0.047771,-0.013570,0.015998,-15.666301,-52.738201,18.801300,-93.396698,0.129960,17.611099,-0.263421,-0.430829,-0.667752,0.546903,-693.524475,1535.331177,-4658.648438,-693.741394,1454.639648,-4669.050293,-683.701294,1578.630005,-4687.690430,-705.962158,1486.489624,-4616.949707,-690.693176,1621.565308,-4660.903809,,,,,,,,,,,,,2616.285645,1567.772217,-3159.786377,,,,,,,,,,,,,,,,,,,,,,,,,979.735840,1487.641479,-3765.118652,999.102966,1455.216797,-3813.634033,,,
10685,106.850000,0.000000,0.000000,0.000000,1.000000,0.000000,0.000000,0.000000,57.698101,20.499701,-14.700500,0.047771,-0.013570,0.015998,-15.666301,-52.738201,18.801300,-93.396698,0.129960,17.611099,-0.263421,-0.430829,-0.667752,0.546903,-693.524475,1535.331177,-4658.648438,-693.741394,1454.639648,-4669.050293,-683.701294,1578.630005,-4687.690430,-705.962158,1486.489624,-4616.949707,-690.693176,1621.565308,-4660.903809,,,,,,,,,,,,,2616.258057,1567.736694,-3159.790771,,,,,,,,,,,,,,,,,,,,,,,,,983.950134,1488.313965,-3764.476318,1002.208374,1455.377930,-3813.820557,,,
10686,106.860000,0.000000,0.000000,0.000000,1.000000,0.000000,0.000000,0.000000,57.698101,20.499701,-14.700500,0.047771,-0.013570,0.015998,-15.666301,-52.738201,18.801300,-93.396698,0.129960,17.611099,-0.263421,-0.430829,-0.667752,0.546903,-693.524475,1535.331177,-4658.648438,-693.741394,1454.639648,-4669.050293,-683.701294,1578.630005,-4687.690430,-705.962158,1486.489624,-4616.949707,-690.693176,1621.565308,-4660.903809,,,,,,,,,,,,,2616.293457,1567.735840,-3159.783203,,,,,,,,,,,,,,,,,,,,,,,,,987.590088,1488.856201,-3764.197266,1006.862976,1456.357788,-3812.969238,,,
10687,106.870000,0.000000,0.000000,0.000000,1.000000,0.000000,0.000000,0.000000,57.698101,20.499701,-14.700500,0.047771,-0.013570,0.015998,-15.666301,-52.738201,18.801300,-93.396698,0.129960,17.611099,-0.263421,-0.430829,-0.667752,0.546903,-693.524475,1535.331177,-4658.648438,-693.741394,1454.639648,-4669.050293,-683.701294,1578.630005,-4687.690430,-705.962158,1486.489624,-4616.949707,-690.693176,1621.565308,-4660.903809,,,,,,,,,,,,,2616.306396,1567.745850,-3159.784668,,,,,,,,,,,,,,,,,,,,,,,,,991.980530,1489.566406,-3763.902100,1009.812805,1456.542236,-3813.375488,,,
10688,106.880000,0.000000,0.000000,0.000000,1.000000,0.000000,0.000000,0.000000,57.698101,20.499701,-14.700500,0.047771,-0.013570,0.015998,-15.666301,-52.738201,18.801300,-93.396698,0.129960,17.611099,-0.263421,-0.430829,-0.667752,0.546903,-693.524475,1535.331177,-4658.648438,-693.741394,1454.639648,-4669.050293,-683.701294,1578.630005,-4687.690430,-705.962158,1486.489624,-4616.949707,-690.693176,1621.565308,-4660.903809,,,,,,,,,,,,,2616.265137,1567.749390,-3159.781006,,,,,,,,,,,,,,,,,,,,,,,,,995.607605,1489.914307,-3763.525146,1014.836670,1457.612305,-3812.235107,,,
10689,106.890000,0.000000,0.000000,0.000000,1.000000,0.000000,0.000000,0.000000,57.698101,20.499701,-14.700500,0.047771,-0.013570,0.015998,-15.666301,-52.738201,18.801300,-93.396698,0.129960,17.611099,-0.263421,-0.430829,-0.667752,0.546903,-693.524475,1535.331177,-4658.648438,-693.741394,1454.639648,-4669.050293,-683.701294,1578.630005,-4687.690430,-705.962158,1486.489624,-4616.949707,-690.693176,1621.565308,-4660.903809,,,,,,,,,,,,,2616.266357,1567.746826,-3159.784668,,,,,,,,,,,,,,,,,,,,,,,,,999.900879,1490.621338,-3762.952881,1018.051880,1457.924561,-3812.137451,,,
10690,106.900000,0.000000,0.000000,0.000000,1.000000,0.000000,0.000000,0.000000,57.698101,20.499701,-14.700500,0.047771,-0.013570,0.015998,-15.666301,-52.738201,18.801300,-93.396698,0.129960,17.611099,-0.263421,-0.430829,-0.667752,0.546903,-693.524475,1535.331177,-4658.648438,-693.741394,1454.639648,-4669.050293,-683.701294,1578.630005,-4687.690430,-705.962158,1486.489624,-4616.949707,-690.693176,1621.565308,-4660.903809,,,,,,,,,,,,,2616.278076,1567.719116,-3159.785645,,,,,,,,,,,,,,,,,,,,,,,,,1003.255371,1491.085938,-3762.995605,1022.372986,1458.621460,-3811.693604,,,
10691,106.910000,0.000000,0.000000,0.000000,1.000000,0.000000,0.000000,0.000000,57.698101,20.499701,-14.700500,0.047771,-0.013570,0.015998,-15.666301,-52.738201,18.801300,-93.396698,0.129960,17.611099,-0.263421,-0.430829,-0.667752,0.546903,-693.524475,1535.331177,-4658.648438,-693.741394,1454.639648,-4669.050293,-683.701294,1578.630005,-4687.690430,-705.962158,1486.489624,-4616.949707,-690.693176,1621.565308,-4660.903809,,,,,,,,,,,,,2616.323975,1567.792236,-3159.778564,,,,,,,,,,,,,,,,,,,,,,,,,1007.981750,1492.094116,-3761.819824,1025.535889,1458.977051,-3811.407227,,,
10692,106.920000,0.000000,0.000000,0.000000,1.000000,0.000000,0.000000,0.000000,57.698101,20.499701,-14.700500,0.047771,-0.013570,0.015998,-15.666301,-52.738201,18.801300,-93.396698,0.129960,17.611099,-0.263421,-0.430829,-0.667752,0.546903,-693.524475,1535.331177,-4658.648438,-693.741394,1454.639648,-4669.050293,-683.701294,1578.630005,-4687.690430,-705.962158,1486.489624,-4616.949707,-690.693176,1621.565308,-4660.903809,,,,,,,,,,,,,2616.292236,1567.751709,-3159.791504,,,,,,,,,,,,,,,,,,,,,,,,,1011.291382,1492.375610,-3761.749512,1030.201294,1460.037598,-3810.523682,,,
10693,106.930000,0.000000,0.000000,0.000000,1.000000,0.000000,0.000000,0.000000,57.698101,20.499701,-14.700500,0.047771,-0.013570,0.015998,-15.666301,-52.738201,18.801300,-93.396698,0.129960,17.611099,-0.263421,-0.430829,-0.667752,0.546903,-693.524475,1535.331177,-4658.648438,-693.741394,1454.639648,-4669.050293,-683.701294,1578.630005,-4687.690430,-705.962158,1486.489624,-4616.949707,-690.693176,1621.565308,-4660.903809,,,,,,,,,,,,,2616.289307,1567.725952,-3159.780762,,,,,,,,,,,,,,,,,,,,,,,,,1015.490295,1493.126953,-3761.013184,1033.391602,1460.364624,-3810.468994,,,
10694,106.940000,0.000000,0.000000,0.000000,1.000000,0.000000,0.000000,0.000000,57.698101,20.499701,-14.700500,0.047771,-0.013570,0.015998,-15.666301,-52.738201,18.801300,-93.396698,0.129960,17.611099,-0.263421,-0.430829,-0.667752,0.546903,-693.524475,1535.331177,-4658.648438,-693.741394,1454.639648,-4669.050293,-683.701294,1578.630005,-4687.690430,-705.962158,1486.489624,-4616.949707,-690.693176,1621.565308,-4660.903809,,,,,,,,,,,,,2616.294189,1567.743408,-3159.785156,,,,,,,,,,,,,,,,,,,,,,,,,1019.090393,1493.636353,-3760.472656,1037.778320,1461.062134,-3809.390869,,,
10695,106.950000,0.000000,0.000000,0.000000,1.000000,0.000000,0.000000,0.000000,57.698101,20.499701,-14.700500,0.047771,-0.013570,0.015998,-15.666301,-52.738201,18.801300,-93.396698,0.129960,17.611099,-0.263421,-0.430829,-0.667752,0.546903,-693.524475,1535.331177,-4658.648438,-693.741394,1454.639648,-4669.050293,-683.701294,1578.630005,-4687.690430,-705.962158,1486.489624,-4616.949707,-690.693176,1621.565308,-4660.903809,,,,,,,,,,,,,2616.288818,1567.765137,-3159.787842,,,,,,,,,,,,,,,,,,,,,,,,,1022.915588,1494.335449,-3759.786377,1041.381104,1461.466064,-3808.907227,,,
10696,106.960000,0.000000,0.000000,0.000000,1.000000,0.000000,0.000000,0.000000,57.698101,20.499701,-14.700500,0.047771,-0.013570,0.015998,-15.666301,-52.738201,18.801300,-93.396698,0.129960,17.611099,-0.263421,-0.430829,-0.667752,0.546903,-693.524475,1535.331177,-4658.648438,-693.741394,1454.639648,-4669.050293,-683.701294,1578.630005,-4687.690430,-705.962158,1486.489624,-4616.949707,-690.693176,1621.565308,-4660.903809,,,,,,,,,,,,,2616.318848,1567.738892,-3159.779541,,,,,,,,,,,,,,,,,,,,,,,,,1026.625854,1495.071167,-3759.229248,1044.999023,1462.104004,-3808.488525,,,
10697,106.970000,0.000000,0.000000,0.000000,1.000000,0.000000,0.000000,0.000000,57.698101,20.499701,-14.700500,0.047771,-0.013570,0.015998,-15.666301,-52.738201,18.801300,-93.396698,0.129960,17.611099,-0.263421,-0.430829,-0.667752,0.546903,-693.524475,1535.331177,-4658.648438,-693.741394,1454.639648,-4669.050293,-683.701294,1578.630005,-4687.690430,-705.962158,1486.489624,-4616.949707,-690.693176,1621.565308,-4660.903809,,,,,,,,,,,,,2616.312988,1567.729248,-3159.778809,,,,,,,,,,,,,,,,,,,,,,,,,1030.011719,1495.472900,-3758.761475,1048.882568,1462.919189,-3807.508545,,,
10698,106.980000,0.000000,0.000000,0.000000,1.000000,0.000000,0.000000,0.000000,57.698101,20.499701,-14.700500,0.047771,-0.013570,0.015998,-15.666301,-52.738201,18.801300,-93.396698,0.129960,17.611099,-0.263421,-0.430829,-0.667752,0.546903,-693.524475,1535.331177,-4658.648438,-693.741394,1454.639648,-4669.050293,-683.701294,1578.630005,-4687.690430,-705.962158,1486.489624,-4616.949707,-690.693176,1621.565308,-4660.903809,,,,,,,,,,,,,2616.306152,1567.751709,-3159.771729,,,,,,,,,,,,,,,,,,,,,,,,,1034.526001,1496.198364,-3757.552734,1052.316040,1463.350464,-3806.926270,,,
10699,106.990000,0.000000,0.000000,0.000000,1.000000,0.000000,0.000000,0.000000,57.698101,20.499701,-14.700500,0.047771,-0.013570,0.015998,-15.666301,-52.738201,18.801300,-93.396698,0.129960,17.611099,-0.263421,-0.430829,-0.667752,0.546903,-693.524475,1535.331177,-4658.648438,-693.741394,1454.639648,-4669.050293,-683.701294,1578.630005,-4687.690430,-705.962158,1486.489624,-4616.949707,-690.693176,1621.565308,-4660.903809,,,,,,,,,,,,,2616.289551,1567.730713,-3159.781250,,,,,,,,,,,,,,,,,,,,,,,,,1037.496826,1496.230835,-3757.491455,1056.639282,1463.886841,-3806.019287,,,
10700,107.000000,0.000000,0.000000,0.000000,1.000000,0.000000,0.000000,0.000000,57.698101,20.499701,-14.700500,0.047771,-0.013570,0.015998,-15.666301,-52.738201,18.801300,-93.396698,0.129960,17.611099,-0.263421,-0.430829,-0.667752,0.546903,-693.524475,1535.331177,-4658.648438,-693.741394,1454.639648,-4669.050293,-683.701294,1578.630005,-4687.690430,-705.962158,1486.489624,-4616.949707,-690.693176,1621.565308,-4660.903809,,,,,,,,,,,,,2616.261719,1567.715942,-3159.778809,,,,,,,,,,,,,,,,,,,,,,,,,1041.971680,1497.281372,-3756.282959,1059.622437,1463.883545,-3805.810303,,,
10701,107.010000,0.000000,0.000000,0.000000,1.000000,0.000000,0.000000,0.000000,57.698101,20.499701,-14.700500,0.047771,-0.013570,0.015998,-15.666301,-52.738201,18.801300,-93.396698,0.129960,17.611099,-0.263421,-0.430829,-0.667752,0.546903,-693.524475,1535.331177,-4658.648438,-693.741394,1454.639648,-4669.050293,-683.701294,1578.630005,-4687.690430,-705.962158,1486.489624,-4616.949707,-690.693176,1621.565308,-4660.903809,,,,,,,,,,,,,2616.263916,1567.731323,-3159.779541,,,,,,,,,,,,,,,,,,,,,,,,,1044.472534,1497.229248,-3756.177979,1064.458984,1464.871582,-3804.245605,,,
10702,107.020000,0.000000,0.000000,0.000000,1.000000,0.000000,0.000000,0.000000,57.698101,20.499701,-14.700500,0.047771,-0.013570,0.015998,-15.666301,-52.738201,18.801300,-93.396698,0.129960,17.611099,-0.263421,-0.430829,-0.667752,0.546903,-693.524475,1535.331177,-4658.648438,-693.741394,1454.639648,-4669.050293,-683.701294,1578.630005,-4687.690430,-705.962158,1486.489624,-4616.949707,-690.693176,1621.565308,-4660.903809,,,,,,,,,,,,,2616.286133,1567.694458,-3159.781006,,,,,,,,,,,,,,,,,,,,,,,,,1049.271606,1498.110107,-3754.805420,1066.982300,1464.822876,-3804.200439,,,
10703,107.030000,0.000000,0.000000,0.000000,1.000000,0.000000,0.000000,0.000000,57.698101,20.499701,-14.700500,0.047771,-0.013570,0.015998,-15.666301,-52.738201,18.801300,-93.396698,0.129960,17.611099,-0.263421,-0.430829,-0.667752,0.546903,-693.524475,1535.331177,-4658.648438,-693.741394,1454.639648,-4669.050293,-683.701294,1578.630005,-4687.690430,-705.962158,1486.489624,-4616.949707,-690.693176,1621.565308,-4660.903809,,,,,,,,,,,,,2616.319580,1567.744751,-3159.772705,,,,,,,,,,,,,,,,,,,,,,,,,1052.159790,1498.295410,-3754.580078,1071.277832,1465.664185,-3803.058838,,,
10704,107.040000,0.000000,0.000000,0.000000,1.000000,0.000000,0.000000,0.000000,57.698101,20.499701,-14.700500,0.047771,-0.013570,0.015998,-15.666301,-52.738201,18.801300,-93.396698,0.129960,17.611099,-0.263421,-0.430829,-0.667752,0.546903,-693.524475,1535.331177,-4658.648438,-693.741394,1454.639648,-4669.050293,-683.701294,1578.630005,-4687.690430,-705.962158,1486.489624,-4616.949707,-690.693176,1621.565308,-4660.903809,,,,,,,,,,,,,2616.292725,1567.746460,-3159.775391,,,,,,,,,,,,,,,,,,,,,,,,,1055.649414,1498.808105,-3753.892822,1074.635864,1465.924194,-3802.408447,,,
10705,107.050000,0.000000,0.000000,0.000000,1.000000,0.000000,0.000000,0.000000,57.698101,20.499701,-14.700500,0.047771,-0.013570,0.015998,-15.666301,-52.738201,18.801300,-93.396698,0.129960,17.611099,-0.263421,-0.430829,-0.667752,0.546903,-693.524475,1535.331177,-4658.648438,-693.741394,1454.639648,-4669.050293,-683.701294,1578.630005,-4687.690430,-705.962158,1486.489624,-4616.949707,-690.693176,1621.565308,-4660.903809,,,,,,,,,,,,,2616.280518,1567.739746,-3159.787598,,,,,,,,,,,,,,,,,,,,,,,,,1059.653687,1499.562988,-3752.734619,1077.954834,1466.259766,-3801.594482,,,
10706,107.060000,0.000000,0.000000,0.000000,1.000000,0.000000,0.000000,0.000000,57.698101,20.499701,-14.700500,0.047771,-0.013570,0.015998,-15.666301,-52.738201,18.801300,-93.396698,0.129960,17.611099,-0.263421,-0.430829,-0.667752,0.546903,-693.524475,1535.331177,-4658.648438,-693.741394,1454.639648,-4669.050293,-683.701294,1578.630005,-4687.690430,-705.962158,1486.489624,-4616.949707,-690.693176,1621.565308,-4660.903809,,,,,,,,,,,,,2616.318848,1567.751099,-3159.771484,,,,,,,,,,,,,,,,,,,,,,,,,1062.188721,1499.408447,-3752.473877,1082.130981,1466.976929,-3800.382324,,,
10707,107.070000,0.000000,0.000000,0.000000,1.000000,0.000000,0.000000,0.000000,57.698101,20.499701,-14.700500,0.047771,-0.013570,0.015998,-15.666301,-52.738201,18.801300,-93.396698,0.129960,17.611099,-0.263421,-0.430829,-0.667752,0.546903,-693.524475,1535.331177,-4658.648438,-693.741394,1454.639648,-4669.050293,-683.701294,1578.630005,-4687.690430,-705.962158,1486.489624,-4616.949707,-690.693176,1621.565308,-4660.903809,,,,,,,,,,,,,2616.283203,1567.736084,-3159.781250,,,,,,,,,,,,,,,,,,,,,,,,,1066.864136,1500.199707,-3751.071045,1084.593506,1466.665405,-3800.344482,,,
10708,107.080000,0.000000,0.000000,0.000000,1.000000,0.000000,0.000000,0.000000,57.698101,20.499701,-14.700500,0.047771,-0.013570,0.015998,-15.666301,-52.738201,18.801300,-93.396698,0.129960,17.611099,-0.263421,-0.430829,-0.667752,0.546903,-693.524475,1535.331177,-4658.648438,-693.741394,1454.639648,-4669.050293,-683.701294,1578.630005,-4687.690430,-705.962158,1486.489624,-4616.949707,-690.693176,1621.565308,-4660.903809,,,,,,,,,,,,,2616.301758,1567.777100,-3159.791504,,,,,,,,,,,,,,,,,,,,,,,,,1069.433350,1499.781250,-3750.964111,1089.168213,1467.250977,-3798.933105,,,
10709,107.090000,0.000000,0.000000,0.000000,1.000000,0.000000,0.000000,0.000000,57.698101,20.499701,-14.700500,0.047771,-0.013570,0.015998,-15.666301,-52.738201,18.801300,-93.396698,0.129960,17.611099,-0.263421,-0.430829,-0.667752,0.546903,-693.524475,1535.331177,-4658.648438,-693.741394,1454.639648,-4669.050293,-683.701294,1578.630005,-4687.690430,-705.962158,1486.489624,-4616.949707,-690.693176,1621.565308,-4660.903809,,,,,,,,,,,,,2616.266357,1567.767822,-3159.789062,,,,,,,,,,,,,,,,,,,,,,,,,1072.890381,1500.082397,-3749.947510,1092.119019,1467.225342,-3798.392578,,,
10710,107.100000,0.000000,0.000000,0.000000,1.000000,0.000000,0.000000,0.000000,57.698101,20.499701,-14.700500,0.047771,-0.013570,0.015998,-15.666301,-52.738201,18.801300,-93.396698,0.129960,17.611099,-0.263421,-0.430829,-0.667752,0.546903,-693.524475,1535.331177,-4658.648438,-693.741394,1454.639648,-4669.050293,-683.701294,1578.630005,-4687.690430,-705.962158,1486.489624,-4616.949707,-690.693176,1621.565308,-4660.903809,,,,,,,,,,,,,2616.299805,1567.773682,-3159.791016,,,,,,,,,,,,,,,,,,,,,,,,,1076.977295,1500.793701,-3748.552490,1095.033813,1467.348022,-3797.691162,,,
10711,107.110000,0.000000,0.000000,0.000000,1.000000,0.000000,0.000000,0.000000,57.698101,20.499701,-14.700500,0.047771,-0.013570,0.015998,-15.666301,-52.738201,18.801300,-93.396698,0.129960,17.611099,-0.263421,-0.430829,-0.667752,0.546903,-693.524475,1535.331177,-4658.648438,-693.741394,1454.639648,-4669.050293,-683.701294,1578.630005,-4687.690430,-705.962158,1486.489624,-4616.949707,-690.693176,1621.565308,-4660.903809,,,,,,,,,,,,,2616.298828,1567.750977,-3159.781494,,,,,,,,,,,,,,,,,,,,,,,,,1079.198364,1500.217163,-3748.295654,1099.107666,1467.874268,-3796.441895,,,
10712,107.120000,0.000000,0.000000,0.000000,1.000000,0.000000,0.000000,0.000000,57.698101,20.499701,-14.700500,0.047771,-0.013570,0.015998,-15.666301,-52.738201,18.801300,-93.396698,0.129960,17.611099,-0.263421,-0.430829,-0.667752,0.546903,-693.524475,1535.331177,-4658.648438,-693.741394,1454.639648,-4669.050293,-683.701294,1578.630005,-4687.690430,-705.962158,1486.489624,-4616.949707,-690.693176,1621.565308,-4660.903809,,,,,,,,,,,,,2616.304443,1567.732178,-3159.768799,,,,,,,,,,,,,,,,,,,,,,,,,1083.265503,1500.429810,-3747.179199,1101.922485,1467.561035,-3795.806152,,,
10713,107.130000,0.000000,0.000000,0.000000,1.000000,0.000000,0.000000,0.000000,57.698101,20.499701,-14.700500,0.047771,-0.013570,0.015998,-15.666301,-52.738201,18.801300,-93.396698,0.129960,17.611099,-0.263421,-0.430829,-0.667752,0.546903,-693.524475,1535.331177,-4658.648438,-693.741394,1454.639648,-4669.050293,-683.701294,1578.630005,-4687.690430,-705.962158,1486.489624,-4616.949707,-690.693176,1621.565308,-4660.903809,,,,,,,,,,,,,2616.302979,1567.755615,-3159.770264,,,,,,,,,,,,,,,,,,,,,,,,,1086.659302,1500.717407,-3746.116211,1105.247070,1467.287476,-3795.101562,,,
10714,107.140000,0.000000,0.000000,0.000000,1.000000,0.000000,0.000000,0.000000,57.698101,20.499701,-14.700500,0.047771,-0.013570,0.015998,-15.666301,-52.738201,18.801300,-93.396698,0.129960,17.611099,-0.263421,-0.430829,-0.667752,0.546903,-693.524475,1535.331177,-4658.648438,-693.741394,1454.639648,-4669.050293,-683.701294,1578.630005,-4687.690430,-705.962158,1486.489624,-4616.949707,-690.693176,1621.565308,-4660.903809,,,,,,,,,,,,,2616.280029,1567.759888,-3159.789551,,,,,,,,,,,,,,,,,,,,,,,,,1088.855103,1500.285400,-3745.876465,1109.315674,1467.708740,-3793.696045,,,
10715,107.150000,0.000000,0.000000,0.000000,1.000000,0.000000,0.000000,0.000000,57.698101,20.499701,-14.700500,0.047771,-0.013570,0.015998,-15.666301,-52.738201,18.801300,-93.396698,0.129960,17.611099,-0.263421,-0.430829,-0.667752,0.546903,-693.524475,1535.331177,-4658.648438,-693.741394,1454.639648,-4669.050293,-683.701294,1578.630005,-4687.690430,-705.962158,1486.489624,-4616.949707,-690.693176,1621.565308,-4660.903809,,,,,,,,,,,,,2616.291260,1567.744019,-3159.793213,,,,,,,,,,,,,,,,,,,,,,,,,1093.137451,1500.533569,-3744.306396,1111.627930,1467.246582,-3793.319336,,,
10716,107.160000,0.000000,0.000000,0.000000,1.000000,0.000000,0.000000,0.000000,57.698101,20.499701,-14.700500,0.047771,-0.013570,0.015998,-15.666301,-52.738201,18.801300,-93.396698,0.129960,17.611099,-0.263421,-0.430829,-0.667752,0.546903,-693.524475,1535.331177,-4658.648438,-693.741394,1454.639648,-4669.050293,-683.701294,1578.630005,-4687.690430,-705.962158,1486.489624,-4616.949707,-690.693176,1621.565308,-4660.903809,,,,,,,,,,,,,2616.291748,1567.743896,-3159.781738,,,,,,,,,,,,,,,,,,,,,,,,,1096.364502,1500.424927,-3743.439453,1115.144287,1467.262085,-3792.227539,,,
10717,107.170000,0.000000,0.000000,0.000000,1.000000,0.000000,0.000000,0.000000,57.698101,20.499701,-14.700500,0.047771,-0.013570,0.015998,-15.666301,-52.738201,18.801300,-93.396698,0.129960,17.611099,-0.263421,-0.430829,-0.667752,0.546903,-693.524475,1535.331177,-4658.648438,-693.741394,1454.639648,-4669.050293,-683.701294,1578.630005,-4687.690430,-705.962158,1486.489624,-4616.949707,-690.693176,1621.565308,-4660.903809,,,,,,,,,,,,,2616.284424,1567.738892,-3159.775146,,,,,,,,,,,,,,,,,,,,,,,,,1098.718750,1499.853516,-3742.941895,1119.139160,1467.488647,-3790.718262,,,
10718,107.180000,0.000000,0.000000,0.000000,1.000000,0.000000,0.000000,0.000000,57.698101,20.499701,-14.700500,0.047771,-0.013570,0.015998,-15.666301,-52.738201,18.801300,-93.396698,0.129960,17.611099,-0.263421,-0.430829,-0.667752,0.546903,-693.524475,1535.331177,-4658.648438,-693.741394,1454.639648,-4669.050293,-683.701294,1578.630005,-4687.690430,-705.962158,1486.489624,-4616.949707,-690.693176,1621.565308,-4660.903809,,,,,,,,,,,,,2616.279053,1567.729126,-3159.786133,,,,,,,,,,,,,,,,,,,,,,,,,1102.641235,1499.970825,-3741.484619,1121.267090,1466.691162,-3790.466797,,,
10719,107.190000,0.000000,0.000000,0.000000,1.000000,0.000000,0.000000,0.000000,57.698101,20.499701,-14.700500,0.047771,-0.013570,0.015998,-15.666301,-52.738201,18.801300,-93.396698,0.129960,17.611099,-0.263421,-0.430829,-0.667752,0.546903,-693.524475,1535.331177,-4658.648438,-693.741394,1454.639648,-4669.050293,-683.701294,1578.630005,-4687.690430,-705.962158,1486.489624,-4616.949707,-690.693176,1621.565308,-4660.903809,,,,,,,,,,,,,2616.286377,1567.725830,-3159.779541,,,,,,,,,,,,,,,,,,,,,,,,,1105.937866,1499.886719,-3740.449707,1124.664429,1466.614014,-3789.467041,,,
10720,107.200000,0.000000,0.000000,0.000000,1.000000,0.000000,0.000000,0.000000,57.698101,20.499701,-14.700500,0.047771,-0.013570,0.015998,-15.666301,-52.738201,18.801300,-93.396698,0.129960,17.611099,-0.263421,-0.430829,-0.667752,0.546903,-693.524475,1535.331177,-4658.648438,-693.741394,1454.639648,-4669.050293,-683.701294,1578.630005,-4687.690430,-705.962158,1486.489624,-4616.949707,-690.693176,1621.565308,-4660.903809,,,,,,,,,,,,,2616.273682,1567.754639,-3159.789551,,,,,,,,,,,,,,,,,,,,,,,,,1108.217529,1499.077393,-3740.075195,1128.494141,1466.823853,-3788.029297,,,
10721,107.210000,0.000000,0.000000,0.000000,1.000000,0.000000,0.000000,0.000000,57.698101,20.499701,-14.700500,0.047771,-0.013570,0.015998,-15.666301,-52.738201,18.801300,-93.396698,0.129960,17.611099,-0.263421,-0.430829,-0.667752,0.546903,-693.524475,1535.331177,-4658.648438,-693.741394,1454.639648,-4669.050293,-683.701294,1578.630005,-4687.690430,-705.962158,1486.489624,-4616.949707,-690.693176,1621.565308,-4660.903809,,,,,,,,,,,,,2616.265869,1567.749023,-3159.783203,,,,,,,,,,,,,,,,,,,,,,,,,1111.590332,1498.988892,-3738.837158,1131.048340,1466.015991,-3787.419434,,,
10722,107.220000,0.000000,0.000000,0.000000,1.000000,0.000000,0.000000,0.000000,57.698101,20.499701,-14.700500,0.047771,-0.013570,0.015998,-15.666301,-52.738201,18.801300,-93.396698,0.129960,17.611099,-0.263421,-0.430829,-0.667752,0.546903,-693.524475,1535.331177,-4658.648438,-693.741394,1454.639648,-4669.050293,-683.701294,1578.630005,-4687.690430,-705.962158,1486.489624,-4616.949707,-690.693176,1621.565308,-4660.903809,,,,,,,,,,,,,2616.281006,1567.751343,-3159.791504,,,,,,,,,,,,,,,,,,,,,,,,,1115.572144,1499.192139,-3737.276367,1133.706543,1465.677734,-3786.636719,,,
10723,107.230000,0.000000,0.000000,0.000000,1.000000,0.000000,0.000000,0.000000,57.698101,20.499701,-14.700500,0.047771,-0.013570,0.015998,-15.666301,-52.738201,18.801300,-93.396698,0.129960,17.611099,-0.263421,-0.430829,-0.667752,0.546903,-693.524475,1535.331177,-4658.648438,-693.741394,1454.639648,-4669.050293,-683.701294,1578.630005,-4687.690430,-705.962158,1486.489624,-4616.949707,-690.693176,1621.565308,-4660.903809,,,,,,,,,,,,,2616.316895,1567.757080,-3159.780518,,,,,,,,,,,,,,,,,,,,,,,,,1117.877808,1498.311035,-3736.804932,1137.511841,1465.787476,-3785.137207,,,
10724,107.240000,0.000000,0.000000,0.000000,1.000000,0.000000,0.000000,0.000000,57.698101,20.499701,-14.700500,0.047771,-0.013570,0.015998,-15.666301,-52.738201,18.801300,-93.396698,0.129960,17.611099,-0.263421,-0.430829,-0.667752,0.546903,-693.524475,1535.331177,-4658.648438,-693.741394,1454.639648,-4669.050293,-683.701294,1578.630005,-4687.690430,-705.962158,1486.489624,-4616.949707,-690.693176,1621.565308,-4660.903809,,,,,,,,,,,,,2616.303955,1567.756226,-3159.784668,,,,,,,,,,,,,,,,,,,,,,,,,1120.545532,1497.795410,-3735.826660,1140.492065,1465.293457,-3784.053711,,,
10725,107.250000,0.000000,0.000000,0.000000,1.000000,0.000000,0.000000,0.000000,57.698101,20.499701,-14.700500,0.047771,-0.013570,0.015998,-15.666301,-52.738201,18.801300,-93.396698,0.129960,17.611099,-0.263421,-0.430829,-0.667752,0.546903,-693.524475,1535.331177,-4658.648438,-693.741394,1454.639648,-4669.050293,-683.701294,1578.630005,-4687.690430,-705.962158,1486.489624,-4616.949707,-690.693176,1621.565308,-4660.903809,,,,,,,,,,,,,2616.261963,1567.712036,-3159.776123,,,,,,,,,,,,,,,,,,,,,,,,,1124.063477,1497.754395,-3734.462158,1142.594727,1464.516968,-3783.472656,,,
10726,107.260000,0.000000,0.000000,0.000000,1.000000,0.000000,0.000000,0.000000,57.698101,20.499701,-14.700500,0.047771,-0.013570,0.015998,-15.666301,-52.738201,18.801300,-93.396698,0.129960,17.611099,-0.263421,-0.430829,-0.667752,0.546903,-693.524475,1535.331177,-4658.648438,-693.741394,1454.639648,-4669.050293,-683.701294,1578.630005,-4687.690430,-705.962158,1486.489624,-4616.949707,-690.693176,1621.565308,-4660.903809,,,,,,,,,,,,,2616.303223,1567.747192,-3159.770264,,,,,,,,,,,,,,,,,,,,,,,,,1127.149658,1497.727173,-3733.181152,1145.947388,1464.345581,-3781.995361,,,
10727,107.270000,0.000000,0.000000,0.000000,1.000000,0.000000,0.000000,0.000000,57.698101,20.499701,-14.700500,0.047771,-0.013570,0.015998,-15.666301,-52.738201,18.801300,-93.396698,0.129960,17.611099,-0.263421,-0.430829,-0.667752,0.546903,-693.524475,1535.331177,-4658.648438,-693.741394,1454.639648,-4669.050293,-683.701294,1578.630005,-4687.690430,-705.962158,1486.489624,-4616.949707,-690.693176,1621.565308,-4660.903809,,,,,,,,,,,,,2616.276367,1567.715210,-3159.780029,,,,,,,,,,,,,,,,,,,,,,,,,1129.359619,1496.771606,-3732.458252,1149.547974,1464.386963,-3780.297607,,,
10728,107.280000,0.000000,0.000000,0.000000,1.000000,0.000000,0.000000,0.000000,57.698101,20.499701,-14.700500,0.047771,-0.013570,0.015998,-15.666301,-52.738201,18.801300,-93.396698,0.129960,17.611099,-0.263421,-0.430829,-0.667752,0.546903,-693.524475,1535.331177,-4658.648438,-693.741394,1454.639648,-4669.050293,-683.701294,1578.630005,-4687.690430,-705.962158,1486.489624,-4616.949707,-690.693176,1621.565308,-4660.903809,,,,,,,,,,,,,2616.302490,1567.698120,-3159.777832,,,,,,,,,,,,,,,,,,,,,,,,,1131.774780,1496.224731,-3731.435303,1152.251221,1463.633179,-3779.300293,,,
10729,107.290000,0.000000,0.000000,0.000000,1.000000,0.000000,0.000000,0.000000,57.698101,20.499701,-14.700500,0.047771,-0.013570,0.015998,-15.666301,-52.738201,18.801300,-93.396698,0.129960,17.611099,-0.263421,-0.430829,-0.667752,0.546903,-693.524475,1535.331177,-4658.648438,-693.741394,1454.639648,-4669.050293,-683.701294,1578.630005,-4687.690430,-705.962158,1486.489624,-4616.949707,-690.693176,1621.565308,-4660.903809,,,,,,,,,,,,,2616.306396,1567.748535,-3159.785156,,,,,,,,,,,,,,,,,,,,,,,,,1134.840576,1496.142822,-3730.036377,1154.328491,1462.852173,-3778.435303,,,
10730,107.300000,0.000000,0.000000,0.000000,1.000000,0.000000,0.000000,0.000000,57.698101,20.499701,-14.700500,0.047771,-0.013570,0.015998,-15.666301,-52.738201,18.801300,-93.396698,0.129960,17.611099,-0.263421,-0.430829,-0.667752,0.546903,-693.524475,1535.331177,-4658.648438,-693.741394,1454.639648,-4669.050293,-683.701294,1578.630005,-4687.690430,-705.962158,1486.489624,-4616.949707,-690.693176,1621.565308,-4660.903809,,,,,,,,,,,,,2616.300293,1567.766357,-3159.783447,,,,,,,,,,,,,,,,,,,,,,,,,1137.982666,1496.036011,-3728.478027,1156.813599,1462.381226,-3777.332275,,,
10731,107.310000,0.000000,0.000000,0.000000,1.000000,0.000000,0.000000,0.000000,57.698101,20.499701,-14.700500,0.047771,-0.013570,0.015998,-15.666301,-52.738201,18.801300,-93.396698,0.129960,17.611099,-0.263421,-0.430829,-0.667752,0.546903,-693.524475,1535.331177,-4658.648438,-693.741394,1454.639648,-4669.050293,-683.701294,1578.630005,-4687.690430,-705.962158,1486.489624,-4616.949707,-690.693176,1621.565308,-4660.903809,,,,,,,,,,,,,2616.274902,1567.754272,-3159.790283,,,,,,,,,,,,,,,,,,,,,,,,,1140.273926,1495.111694,-3727.574463,1160.123291,1461.986572,-3775.691162,,,
10732,107.320000,0.000000,0.000000,0.000000,1.000000,0.000000,0.000000,0.000000,57.698101,20.499701,-14.700500,0.047771,-0.013570,0.015998,-15.666301,-52.738201,18.801300,-93.396698,0.129960,17.611099,-0.263421,-0.430829,-0.667752,0.546903,-693.524475,1535.331177,-4658.648438,-693.741394,1454.639648,-4669.050293,-683.701294,1578.630005,-4687.690430,-705.962158,1486.489624,-4616.949707,-690.693176,1621.565308,-4660.903809,,,,,,,,,,,,,2616.304688,1567.783203,-3159.789795,,,,,,,,,,,,,,,,,,,,,,,,,1142.242310,1494.242920,-3726.634033,1163.024048,1461.711182,-3774.429932,,,
10733,107.330000,0.000000,0.000000,0.000000,1.000000,0.000000,0.000000,0.000000,57.698101,20.499701,-14.700500,0.047771,-0.013570,0.015998,-15.666301,-52.738201,18.801300,-93.396698,0.129960,17.611099,-0.263421,-0.430829,-0.667752,0.546903,-693.524475,1535.331177,-4658.648438,-693.741394,1454.639648,-4669.050293,-683.701294,1578.630005,-4687.690430,-705.962158,1486.489624,-4616.949707,-690.693176,1621.565308,-4660.903809,,,,,,,,,,,,,2616.261719,1567.769897,-3159.800537,,,,,,,,,,,,,,,,,,,,,,,,,1144.496338,1493.622803,-3725.834961,1165.051147,1461.013672,-3773.645996,,,
10734,107.340000,0.000000,0.000000,0.000000,1.000000,0.000000,0.000000,0.000000,57.698101,20.499701,-14.700500,0.047771,-0.013570,0.015998,-15.666301,-52.738201,18.801300,-93.396698,0.129960,17.611099,-0.263421,-0.430829,-0.667752,0.546903,-693.524475,1535.331177,-4658.648438,-693.741394,1454.639648,-4669.050293,-683.701294,1578.630005,-4687.690430,-705.962158,1486.489624,-4616.949707,-690.693176,1621.565308,-4660.903809,,,,,,,,,,,,,2616.277100,1567.718506,-3159.793701,,,,,,,,,,,,,,,,,,,,,,,,,1147.661255,1493.236206,-3724.225098,1167.239868,1460.289673,-3772.747070,,,
10735,107.350000,0.000000,0.000000,0.000000,1.000000,0.000000,0.000000,0.000000,57.698101,20.499701,-14.700500,0.047771,-0.013570,0.015998,-15.666301,-52.738201,18.801300,-93.396698,0.129960,17.611099,-0.263421,-0.430829,-0.667752,0.546903,-693.524475,1535.331177,-4658.648438,-693.741394,1454.639648,-4669.050293,-683.701294,1578.630005,-4687.690430,-705.962158,1486.489624,-4616.949707,-690.693176,1621.565308,-4660.903809,,,,,,,,,,,,,2616.304443,1567.735718,-3159.773926,,,,,,,,,,,,,,,,,,,,,,,,,1150.491577,1492.689819,-3723.171387,1169.386230,1459.312622,-3772.085693,,,
10736,107.360000,0.000000,0.000000,0.000000,1.000000,0.000000,0.000000,0.000000,57.698101,20.499701,-14.700500,0.047771,-0.013570,0.015998,-15.666301,-52.738201,18.801300,-93.396698,0.129960,17.611099,-0.263421,-0.430829,-0.667752,0.546903,-693.524475,1535.331177,-4658.648438,-693.741394,1454.639648,-4669.050293,-683.701294,1578.630005,-4687.690430,-705.962158,1486.489624,-4616.949707,-690.693176,1621.565308,-4660.903809,,,,,,,,,,,,,2616.305176,1567.741943,-3159.775391,,,,,,,,,,,,,,,,,,,,,,,,,1153.031128,1492.265381,-3722.121094,1172.537598,1458.965942,-3770.645996,,,
10737,107.370000,0.000000,0.000000,0.000000,1.000000,0.000000,0.000000,0.000000,57.698101,20.499701,-14.700500,0.047771,-0.013570,0.015998,-15.666301,-52.738201,18.801300,-93.396698,0.129960,17.611099,-0.263421,-0.430829,-0.667752,0.546903,-693.524475,1535.331177,-4658.648438,-693.741394,1454.639648,-4669.050293,-683.701294,1578.630005,-4687.690430,-705.962158,1486.489624,-4616.949707,-690.693176,1621.565308,-4660.903809,,,,,,,,,,,,,2616.272217,1567.700195,-3159.782471,,,,,,,,,,,,,,,,,,,,,,,,,1154.828125,1491.336914,-3721.583740,1175.241821,1458.784546,-3769.546387,,,
10738,107.380000,0.000000,0.000000,0.000000,1.000000,0.000000,0.000000,0.000000,57.698101,20.499701,-14.700500,0.047771,-0.013570,0.015998,-15.666301,-52.738201,18.801300,-93.396698,0.129960,17.611099,-0.263421,-0.430829,-0.667752,0.546903,-693.524475,1535.331177,-4658.648438,-693.741394,1454.639648,-4669.050293,-683.701294,1578.630005,-4687.690430,-705.962158,1486.489624,-4616.949707,-690.693176,1621.565308,-4660.903809,,,,,,,,,,,,,2616.263184,1567.718750,-3159.786133,,,,,,,,,,,,,,,,,,,,,,,,,1157.243530,1490.560669,-3720.904785,1177.376953,1458.031128,-3768.914551,,,
10739,107.390000,0.000000,0.000000,0.000000,1.000000,0.000000,0.000000,0.000000,57.698101,20.499701,-14.700500,0.047771,-0.013570,0.015998,-15.666301,-52.738201,18.801300,-93.396698,0.129960,17.611099,-0.263421,-0.430829,-0.667752,0.546903,-693.524475,1535.331177,-4658.648438,-693.741394,1454.639648,-4669.050293,-683.701294,1578.630005,-4687.690430,-705.962158,1486.489624,-4616.949707,-690.693176,1621.565308,-4660.903809,,,,,,,,,,,,,2616.276123,1567.741699,-3159.789551,,,,,,,,,,,,,,,,,,,,,,,,,1160.520386,1490.417236,-3719.480469,1179.535400,1457.245728,-3768.126221,,,
10740,107.400000,0.000000,0.000000,0.000000,1.000000,0.000000,0.000000,0.000000,57.698101,20.499701,-14.700500,0.047771,-0.013570,0.015998,-15.666301,-52.738201,18.801300,-93.396698,0.129960,17.611099,-0.263421,-0.430829,-0.667752,0.546903,-693.524475,1535.331177,-4658.648438,-693.741394,1454.639648,-4669.050293,-683.701294,1578.630005,-4687.690430,-705.962158,1486.489624,-4616.949707,-690.693176,1621.565308,-4660.903809,,,,,,,,,,,,,2616.307617,1567.705811,-3159.774658,,,,,,,,,,,,,,,,,,,,,,,,,1163.534058,1490.309937,-3718.256104,1182.037842,1456.872192,-3767.208496,,,
10741,107.410000,0.000000,0.000000,0.000000,1.000000,0.000000,0.000000,0.000000,57.698101,20.499701,-14.700500,0.047771,-0.013570,0.015998,-15.666301,-52.738201,18.801300,-93.396698,0.129960,17.611099,-0.263421,-0.430829,-0.667752,0.546903,-693.524475,1535.331177,-4658.648438,-693.741394,1454.639648,-4669.050293,-683.701294,1578.630005,-4687.690430,-705.962158,1486.489624,-4616.949707,-690.693176,1621.565308,-4660.903809,,,,,,,,,,,,,2616.310059,1567.752441,-3159.762695,,,,,,,,,,,,,,,,,,,,,,,,,1165.461060,1489.634155,-3717.689941,1185.046509,1456.826416,-3765.899902,,,
10742,107.420000,0.000000,0.000000,0.000000,1.000000,0.000000,0.000000,0.000000,57.698101,20.499701,-14.700500,0.047771,-0.013570,0.015998,-15.666301,-52.738201,18.801300,-93.396698,0.129960,17.611099,-0.263421,-0.430829,-0.667752,0.546903,-693.524475,1535.331177,-4658.648438,-693.741394,1454.639648,-4669.050293,-683.701294,1578.630005,-4687.690430,-705.962158,1486.489624,-4616.949707,-690.693176,1621.565308,-4660.903809,,,,,,,,,,,,,2616.295654,1567.689941,-3159.768555,,,,,,,,,,,,,,,,,,,,,,,,,1167.536133,1488.960205,-3716.881348,1187.700439,1456.457642,-3764.795654,,,
10743,107.430000,0.000000,0.000000,0.000000,1.000000,0.000000,0.000000,0.000000,57.698101,20.499701,-14.700500,0.047771,-0.013570,0.015998,-15.666301,-52.738201,18.801300,-93.396698,0.129960,17.611099,-0.263421,-0.430829,-0.667752,0.546903,-693.524475,1535.331177,-4658.648438,-693.741394,1454.639648,-4669.050293,-683.701294,1578.630005,-4687.690430,-705.962158,1486.489624,-4616.949707,-690.693176,1621.565308,-4660.903809,,,,,,,,,,,,,2616.290527,1567.706421,-3159.763916,,,,,,,,,,,,,,,,,,,,,,,,,1170.622192,1488.786133,-3715.644287,1190.121582,1455.782104,-3763.923828,,,
10744,107.440000,0.000000,0.000000,0.000000,1.000000,0.000000,0.000000,0.000000,57.698101,20.499701,-14.700500,0.047771,-0.013570,0.015998,-15.666301,-52.738201,18.801300,-93.396698,0.129960,17.611099,-0.263421,-0.430829,-0.667752,0.546903,-693.524475,1535.331177,-4658.648438,-693.741394,1454.639648,-4669.050293,-683.701294,1578.630005,-4687.690430,-705.962158,1486.489624,-4616.949707,-690.693176,1621.565308,-4660.903809,,,,,,,,,,,,,2616.287842,1567.746460,-3159.788818,,,,,,,,,,,,,,,,,,,,,,,,,1173.633545,1488.957642,-3714.261963,1192.336548,1455.279297,-3762.996826,,,
10745,107.450000,0.000000,0.000000,0.000000,1.000000,0.000000,0.000000,0.000000,57.698101,20.499701,-14.700500,0.047771,-0.013570,0.015998,-15.666301,-52.738201,18.801300,-93.396698,0.129960,17.611099,-0.263421,-0.430829,-0.667752,0.546903,-693.524475,1535.331177,-4658.648438,-693.741394,1454.639648,-4669.050293,-683.701294,1578.630005,-4687.690430,-705.962158,1486.489624,-4616.949707,-690.693176,1621.565308,-4660.903809,,,,,,,,,,,,,2616.281982,1567.742432,-3159.790527,,,,,,,,,,,,,,,,,,,,,,,,,1175.905518,1488.652466,-3713.202393,1195.504883,1455.418213,-3761.530762,,,
10746,107.460000,0.000000,0.000000,0.000000,1.000000,0.000000,0.000000,0.000000,57.698101,20.499701,-14.700500,0.047771,-0.013570,0.015998,-15.666301,-52.738201,18.801300,-93.396698,0.129960,17.611099,-0.263421,-0.430829,-0.667752,0.546903,-693.524475,1535.331177,-4658.648438,-693.741394,1454.639648,-4669.050293,-683.701294,1578.630005,-4687.690430,-705.962158,1486.489624,-4616.949707,-690.693176,1621.565308,-4660.903809,,,,,,,,,,,,,2616.276367,1567.740967,-3159.776123,,,,,,,,,,,,,,,,,,,,,,,,,1178.018433,1488.049316,-3712.491699,1198.522705,1455.467041,-3760.135742,,,
10747,107.470000,0.000000,0.000000,0.000000,1.000000,0.000000,0.000000,0.000000,57.698101,20.499701,-14.700500,0.047771,-0.013570,0.015998,-15.666301,-52.738201,18.801300,-93.396698,0.129960,17.611099,-0.263421,-0.430829,-0.667752,0.546903,-693.524475,1535.331177,-4658.648438,-693.741394,1454.639648,-4669.050293,-683.701294,1578.630005,-4687.690430,-705.962158,1486.489624,-4616.949707,-690.693176,1621.565308,-4660.903809,,,,,,,,,,,,,2616.275391,1567.770020,-3159.791260,,,,,,,,,,,,,,,,,,,,,,,,,1181.026733,1487.994019,-3711.113281,1201.072998,1454.936279,-3759.095215,,,
10748,107.480000,0.000000,0.000000,0.000000,1.000000,0.000000,0.000000,0.000000,57.698101,20.499701,-14.700500,0.047771,-0.013570,0.015998,-15.666301,-52.738201,18.801300,-93.396698,0.129960,17.611099,-0.263421,-0.430829,-0.667752,0.546903,-693.524475,1535.331177,-4658.648438,-693.741394,1454.639648,-4669.050293,-683.701294,1578.630005,-4687.690430,-705.962158,1486.489624,-4616.949707,-690.693176,1621.565308,-4660.903809,,,,,,,,,,,,,2616.266846,1567.776855,-3159.802490,,,,,,,,,,,,,,,,,,,,,,,,,1184.299805,1488.208252,-3709.558838,1203.065063,1454.520264,-3758.344971,,,
10749,107.490000,0.000000,0.000000,0.000000,1.000000,0.000000,0.000000,0.000000,57.698101,20.499701,-14.700500,0.047771,-0.013570,0.015998,-15.666301,-52.738201,18.801300,-93.396698,0.129960,17.611099,-0.263421,-0.430829,-0.667752,0.546903,-693.524475,1535.331177,-4658.648438,-693.741394,1454.639648,-4669.050293,-683.701294,1578.630005,-4687.690430,-705.962158,1486.489624,-4616.949707,-690.693176,1621.565308,-4660.903809,,,,,,,,,,,,,2616.258545,1567.789062,-3159.806641,,,,,,,,,,,,,,,,,,,,,,,,,1186.654419,1487.965210,-3708.630371,1206.399048,1454.682373,-3756.847168,,,
10750,107.500000,0.000000,0.000000,0.000000,1.000000,0.000000,0.000000,0.000000,57.698101,20.499701,-14.700500,0.047771,-0.013570,0.015998,-15.666301,-52.738201,18.801300,-93.396698,0.129960,17.611099,-0.263421,-0.430829,-0.667752,0.546903,-693.524475,1535.331177,-4658.648438,-693.741394,1454.639648,-4669.050293,-683.701294,1578.630005,-4687.690430,-705.962158,1486.489624,-4616.949707,-690.693176,1621.565308,-4660.903809,,,,,,,,,,,,,2616.280029,1567.743164,-3159.790527,,,,,,,,,,,,,,,,,,,,,,,,,1188.807983,1487.511108,-3707.787109,1209.429688,1454.828735,-3755.378906,,,
10751,107.510000,0.000000,0.000000,0.000000,1.000000,0.000000,0.000000,0.000000,57.698101,20.499701,-14.700500,0.047771,-0.013570,0.015998,-15.666301,-52.738201,18.801300,-93.396698,0.129960,17.611099,-0.263421,-0.430829,-0.667752,0.546903,-693.524475,1535.331177,-4658.648438,-693.741394,1454.639648,-4669.050293,-683.701294,1578.630005,-4687.690430,-705.962158,1486.489624,-4616.949707,-690.693176,1621.565308,-4660.903809,,,,,,,,,,,,,2616.315430,1567.753662,-3159.766113,,,,,,,,,,,,,,,,,,,,,,,,,1192.078125,1487.436401,-3706.345215,1211.925171,1454.549683,-3754.384766,,,
10752,107.520000,0.000000,0.000000,0.000000,1.000000,0.000000,0.000000,0.000000,57.698101,20.499701,-14.700500,0.047771,-0.013570,0.015998,-15.666301,-52.738201,18.801300,-93.396698,0.129960,17.611099,-0.263421,-0.430829,-0.667752,0.546903,-693.524475,1535.331177,-4658.648438,-693.741394,1454.639648,-4669.050293,-683.701294,1578.630005,-4687.690430,-705.962158,1486.489624,-4616.949707,-690.693176,1621.565308,-4660.903809,,,,,,,,,,,,,2616.282715,1567.737915,-3159.785889,,,,,,,,,,,,,,,,,,,,,,,,,1195.464966,1487.728882,-3704.733643,1214.106689,1454.225586,-3753.593018,,,
10753,107.530000,0.000000,0.000000,0.000000,1.000000,0.000000,0.000000,0.000000,57.698101,20.499701,-14.700500,0.047771,-0.013570,0.015998,-15.666301,-52.738201,18.801300,-93.396698,0.129960,17.611099,-0.263421,-0.430829,-0.667752,0.546903,-693.524475,1535.331177,-4658.648438,-693.741394,1454.639648,-4669.050293,-683.701294,1578.630005,-4687.690430,-705.962158,1486.489624,-4616.949707,-690.693176,1621.565308,-4660.903809,,,,,,,,,,,,,2616.308594,1567.752808,-3159.778809,,,,,,,,,,,,,,,,,,,,,,,,,1197.860596,1487.706177,-3703.686035,1217.502441,1454.494629,-3751.938232,,,
10754,107.540000,0.000000,0.000000,0.000000,1.000000,0.000000,0.000000,0.000000,57.698101,20.499701,-14.700500,0.047771,-0.013570,0.015998,-15.666301,-52.738201,18.801300,-93.396698,0.129960,17.611099,-0.263421,-0.430829,-0.667752,0.546903,-693.524475,1535.331177,-4658.648438,-693.741394,1454.639648,-4669.050293,-683.701294,1578.630005,-4687.690430,-705.962158,1486.489624,-4616.949707,-690.693176,1621.565308,-4660.903809,,,,,,,,,,,,,2616.327148,1567.746338,-3159.765869,,,,,,,,,,,,,,,,,,,,,,,,,1199.897949,1487.380859,-3702.907471,1220.423096,1454.775513,-3750.527832,,,
10755,107.550000,0.000000,0.000000,0.000000,1.000000,0.000000,0.000000,0.000000,57.698101,20.499701,-14.700500,0.047771,-0.013570,0.015998,-15.666301,-52.738201,18.801300,-93.396698,0.129960,17.611099,-0.263421,-0.430829,-0.667752,0.546903,-693.524475,1535.331177,-4658.648438,-693.741394,1454.639648,-4669.050293,-683.701294,1578.630005,-4687.690430,-705.962158,1486.489624,-4616.949707,-690.693176,1621.565308,-4660.903809,,,,,,,,,,,,,2616.316162,1567.768921,-3159.779053,,,,,,,,,,,,,,,,,,,,,,,,,1203.349121,1487.433838,-3701.279297,1222.796509,1454.519043,-3749.607422,,,
10756,107.560000,0.000000,0.000000,0.000000,1.000000,0.000000,0.000000,0.000000,57.698101,20.499701,-14.700500,0.047771,-0.013570,0.015998,-15.666301,-52.738201,18.801300,-93.396698,0.129960,17.611099,-0.263421,-0.430829,-0.667752,0.546903,-693.524475,1535.331177,-4658.648438,-693.741394,1454.639648,-4669.050293,-683.701294,1578.630005,-4687.690430,-705.962158,1486.489624,-4616.949707,-690.693176,1621.565308,-4660.903809,,,,,,,,,,,,,2616.306396,1567.734375,-3159.777344,,,,,,,,,,,,,,,,,,,,,,,,,1206.508911,1487.659302,-3699.735596,1225.151611,1454.179321,-3748.537109,,,
10757,107.570000,0.000000,0.000000,0.000000,1.000000,0.000000,0.000000,0.000000,57.698101,20.499701,-14.700500,0.047771,-0.013570,0.015998,-15.666301,-52.738201,18.801300,-93.396698,0.129960,17.611099,-0.263421,-0.430829,-0.667752,0.546903,-693.524475,1535.331177,-4658.648438,-693.741394,1454.639648,-4669.050293,-683.701294,1578.630005,-4687.690430,-705.962158,1486.489624,-4616.949707,-690.693176,1621.565308,-4660.903809,,,,,,,,,,,,,2616.316650,1567.701904,-3159.767578,,,,,,,,,,,,,,,,,,,,,,,,,1208.648315,1487.418701,-3698.713623,1228.592407,1454.543335,-3746.803467,,,
10758,107.580000,0.000000,0.000000,0.000000,1.000000,0.000000,0.000000,0.000000,57.698101,20.499701,-14.700500,0.047771,-0.013570,0.015998,-15.666301,-52.738201,18.801300,-93.396698,0.129960,17.611099,-0.263421,-0.430829,-0.667752,0.546903,-693.524475,1535.331177,-4658.648438,-693.741394,1454.639648,-4669.050293,-683.701294,1578.630005,-4687.690430,-705.962158,1486.489624,-4616.949707,-690.693176,1621.565308,-4660.903809,,,,,,,,,,,,,2616.249268,1567.757812,-3159.789551,,,,,,,,,,,,,,,,,,,,,,,,,1210.722412,1487.234131,-3697.726562,1231.301270,1454.674194,-3745.459229,,,
10759,107.590000,0.000000,0.000000,0.000000,1.000000,0.000000,0.000000,0.000000,57.698101,20.499701,-14.700500,0.047771,-0.013570,0.015998,-15.666301,-52.738201,18.801300,-93.396698,0.129960,17.611099,-0.263421,-0.430829,-0.667752,0.546903,-693.524475,1535.331177,-4658.648438,-693.741394,1454.639648,-4669.050293,-683.701294,1578.630005,-4687.690430,-705.962158,1486.489624,-4616.949707,-690.693176,1621.565308,-4660.903809,,,,,,,,,,,,,2616.257324,1567.780762,-3159.814697,,,,,,,,,,,,,,,,,,,,,,,,,1213.902344,1487.381592,-3696.176025,1233.506714,1454.545654,-3744.434814,,,
10760,107.600000,0.000000,0.000000,0.000000,1.000000,0.000000,0.000000,0.000000,57.698101,20.499701,-14.700500,0.047771,-0.013570,0.015998,-15.666301,-52.738201,18.801300,-93.396698,0.129960,17.611099,-0.263421,-0.430829,-0.667752,0.546903,-693.524475,1535.331177,-4658.648438,-693.741394,1454.639648,-4669.050293,-683.701294,1578.630005,-4687.690430,-705.962158,1486.489624,-4616.949707,-690.693176,1621.565308,-4660.903809,,,,,,,,,,,,,2616.302979,1567.746826,-3159.795898,,,,,,,,,,,,,,,,,,,,,,,,,1217.213013,1487.677124,-3694.410156,1235.828613,1454.198730,-3743.287109,,,
10761,107.610000,0.000000,0.000000,0.000000,1.000000,0.000000,0.000000,0.000000,57.698101,20.499701,-14.700500,0.047771,-0.013570,0.015998,-15.666301,-52.738201,18.801300,-93.396698,0.129960,17.611099,-0.263421,-0.430829,-0.667752,0.546903,-693.524475,1535.331177,-4658.648438,-693.741394,1454.639648,-4669.050293,-683.701294,1578.630005,-4687.690430,-705.962158,1486.489624,-4616.949707,-690.693176,1621.565308,-4660.903809,,,,,,,,,,,,,2616.328857,1567.718872,-3159.761230,,,,,,,,,,,,,,,,,,,,,,,,,1219.540771,1487.449341,-3693.243896,1239.055176,1454.354492,-3741.772705,,,
10762,107.620000,0.000000,0.000000,0.000000,1.000000,0.000000,0.000000,0.000000,57.698101,20.499701,-14.700500,0.047771,-0.013570,0.015998,-15.666301,-52.738201,18.801300,-93.396698,0.129960,17.611099,-0.263421,-0.430829,-0.667752,0.546903,-693.524475,1535.331177,-4658.648438,-693.741394,1454.639648,-4669.050293,-683.701294,1578.630005,-4687.690430,-705.962158,1486.489624,-4616.949707,-690.693176,1621.565308,-4660.903809,,,,,,,,,,,,,2616.318604,1567.743896,-3159.758301,,,,,,,,,,,,,,,,,,,,,,,,,1221.267700,1487.104126,-3692.442383,1242.052124,1454.621094,-3740.203857,,,
10763,107.630000,0.000000,0.000000,0.000000,1.000000,0.000000,0.000000,0.000000,57.698101,20.499701,-14.700500,0.047771,-0.013570,0.015998,-15.666301,-52.738201,18.801300,-93.396698,0.129960,17.611099,-0.263421,-0.430829,-0.667752,0.546903,-693.524475,1535.331177,-4658.648438,-693.741394,1454.639648,-4669.050293,-683.701294,1578.630005,-4687.690430,-705.962158,1486.489624,-4616.949707,-690.693176,1621.565308,-4660.903809,,,,,,,,,,,,,2616.294922,1567.744751,-3159.783936,,,,,,,,,,,,,,,,,,,,,,,,,1224.038940,1487.263550,-3691.004395,1244.029785,1454.420654,-3739.227783,,,
10764,107.640000,0.000000,0.000000,0.000000,1.000000,0.000000,0.000000,0.000000,57.698101,20.499701,-14.700500,0.047771,-0.013570,0.015998,-15.666301,-52.738201,18.801300,-93.396698,0.129960,17.611099,-0.263421,-0.430829,-0.667752,0.546903,-693.524475,1535.331177,-4658.648438,-693.741394,1454.639648,-4669.050293,-683.701294,1578.630005,-4687.690430,-705.962158,1486.489624,-4616.949707,-690.693176,1621.565308,-4660.903809,,,,,,,,,,,,,2616.272461,1567.733887,-3159.790283,,,,,,,,,,,,,,,,,,,,,,,,,1227.274536,1487.577026,-3689.361084,1245.928467,1454.202515,-3738.270752,,,
10765,107.650000,0.000000,0.000000,0.000000,1.000000,0.000000,0.000000,0.000000,57.698101,20.499701,-14.700500,0.047771,-0.013570,0.015998,-15.666301,-52.738201,18.801300,-93.396698,0.129960,17.611099,-0.263421,-0.430829,-0.667752,0.546903,-693.524475,1535.331177,-4658.648438,-693.741394,1454.639648,-4669.050293,-683.701294,1578.630005,-4687.690430,-705.962158,1486.489624,-4616.949707,-690.693176,1621.565308,-4660.903809,,,,,,,,,,,,,2616.309814,1567.743652,-3159.781494,,,,,,,,,,,,,,,,,,,,,,,,,1229.730469,1487.433960,-3688.073242,1248.541748,1453.986084,-3736.968018,,,
10766,107.660000,0.000000,0.000000,0.000000,1.000000,0.000000,0.000000,0.000000,57.698101,20.499701,-14.700500,0.047771,-0.013570,0.015998,-15.666301,-52.738201,18.801300,-93.396698,0.129960,17.611099,-0.263421,-0.430829,-0.667752,0.546903,-693.524475,1535.331177,-4658.648438,-693.741394,1454.639648,-4669.050293,-683.701294,1578.630005,-4687.690430,-705.962158,1486.489624,-4616.949707,-690.693176,1621.565308,-4660.903809,,,,,,,,,,,,,2616.278320,1567.728149,-3159.778809,,,,,,,,,,,,,,,,,,,,,,,,,1231.448975,1486.996704,-3687.243896,1251.639038,1454.219238,-3735.258301,,,
10767,107.670000,0.000000,0.000000,0.000000,1.000000,0.000000,0.000000,0.000000,57.698101,20.499701,-14.700500,0.047771,-0.013570,0.015998,-15.666301,-52.738201,18.801300,-93.396698,0.129960,17.611099,-0.263421,-0.430829,-0.667752,0.546903,-693.524475,1535.331177,-4658.648438,-693.741394,1454.639648,-4669.050293,-683.701294,1578.630005,-4687.690430,-705.962158,1486.489624,-4616.949707,-690.693176,1621.565308,-4660.903809,,,,,,,,,,,,,2616.271484,1567.719604,-3159.783936,,,,,,,,,,,,,,,,,,,,,,,,,1233.577393,1486.923218,-3686.036865,1254.035767,1454.370483,-3733.909912,,,
10768,107.680000,0.000000,0.000000,0.000000,1.000000,0.000000,0.000000,0.000000,57.698101,20.499701,-14.700500,0.047771,-0.013570,0.015998,-15.666301,-52.738201,18.801300,-93.396698,0.129960,17.611099,-0.263421,-0.430829,-0.667752,0.546903,-693.524475,1535.331177,-4658.648438,-693.741394,1454.639648,-4669.050293,-683.701294,1578.630005,-4687.690430,-705.962158,1486.489624,-4616.949707,-690.693176,1621.565308,-4660.903809,,,,,,,,,,,,,2616.306885,1567.762817,-3159.782715,,,,,,,,,,,,,,,,,,,,,,,,,1236.417358,1487.180054,-3684.436279,1255.742432,1454.132324,-3732.876221,,,
10769,107.690000,0.000000,0.000000,0.000000,1.000000,0.000000,0.000000,0.000000,57.698101,20.499701,-14.700500,0.047771,-0.013570,0.015998,-15.666301,-52.738201,18.801300,-93.396698,0.129960,17.611099,-0.263421,-0.430829,-0.667752,0.546903,-693.524475,1535.331177,-4658.648438,-693.741394,1454.639648,-4669.050293,-683.701294,1578.630005,-4687.690430,-705.962158,1486.489624,-4616.949707,-690.693176,1621.565308,-4660.903809,,,,,,,,,,,,,2616.299805,1567.724243,-3159.771729,,,,,,,,,,,,,,,,,,,,,,,,,1239.346680,1487.405518,-3682.815186,1257.629883,1453.768066,-3731.853760,,,
10770,107.700000,0.000000,0.000000,0.000000,1.000000,0.000000,0.000000,0.000000,57.698101,20.499701,-14.700500,0.047771,-0.013570,0.015998,-15.666301,-52.738201,18.801300,-93.396698,0.129960,17.611099,-0.263421,-0.430829,-0.667752,0.546903,-693.524475,1535.331177,-4658.648438,-693.741394,1454.639648,-4669.050293,-683.701294,1578.630005,-4687.690430,-705.962158,1486.489624,-4616.949707,-690.693176,1621.565308,-4660.903809,,,,,,,,,,,,,2616.300049,1567.751343,-3159.773682,,,,,,,,,,,,,,,,,,,,,,,,,1241.557739,1487.230957,-3681.567383,1260.335449,1453.584717,-3730.367432,,,
10771,107.710000,0.000000,0.000000,0.000000,1.000000,0.000000,0.000000,0.000000,57.698101,20.499701,-14.700500,0.047771,-0.013570,0.015998,-15.666301,-52.738201,18.801300,-93.396698,0.129960,17.611099,-0.263421,-0.430829,-0.667752,0.546903,-693.524475,1535.331177,-4658.648438,-693.741394,1454.639648,-4669.050293,-683.701294,1578.630005,-4687.690430,-705.962158,1486.489624,-4616.949707,-690.693176,1621.565308,-4660.903809,,,,,,,,,,,,,2616.282959,1567.771973,-3159.778809,,,,,,,,,,,,,,,,,,,,,,,,,1243.270264,1486.814697,-3680.564941,1263.332397,1453.846191,-3728.508545,,,
10772,107.720000,0.000000,0.000000,0.000000,1.000000,0.000000,0.000000,0.000000,57.698101,20.499701,-14.700500,0.047771,-0.013570,0.015998,-15.666301,-52.738201,18.801300,-93.396698,0.129960,17.611099,-0.263421,-0.430829,-0.667752,0.546903,-693.524475,1535.331177,-4658.648438,-693.741394,1454.639648,-4669.050293,-683.701294,1578.630005,-4687.690430,-705.962158,1486.489624,-4616.949707,-690.693176,1621.565308,-4660.903809,,,,,,,,,,,,,2616.296387,1567.741821,-3159.770264,,,,,,,,,,,,,,,,,,,,,,,,,1245.460693,1486.783569,-3679.252197,1265.880615,1454.004517,-3726.887695,,,
10773,107.730000,0.000000,0.000000,0.000000,1.000000,0.000000,0.000000,0.000000,57.698101,20.499701,-14.700500,0.047771,-0.013570,0.015998,-15.666301,-52.738201,18.801300,-93.396698,0.129960,17.611099,-0.263421,-0.430829,-0.667752,0.546903,-693.524475,1535.331177,-4658.648438,-693.741394,1454.639648,-4669.050293,-683.701294,1578.630005,-4687.690430,-705.962158,1486.489624,-4616.949707,-690.693176,1621.565308,-4660.903809,,,,,,,,,,,,,2616.311035,1567.767334,-3159.784912,,,,,,,,,,,,,,,,,,,,,,,,,1248.322510,1487.240112,-3677.374268,1267.721313,1453.920166,-3725.499756,,,
10774,107.740000,0.000000,0.000000,0.000000,1.000000,0.000000,0.000000,0.000000,57.698101,20.499701,-14.700500,0.047771,-0.013570,0.015998,-15.666301,-52.738201,18.801300,-93.396698,0.129960,17.611099,-0.263421,-0.430829,-0.667752,0.546903,-693.524475,1535.331177,-4658.648438,-693.741394,1454.639648,-4669.050293,-683.701294,1578.630005,-4687.690430,-705.962158,1486.489624,-4616.949707,-690.693176,1621.565308,-4660.903809,,,,,,,,,,,,,2616.291748,1567.761353,-3159.785889,,,,,,,,,,,,,,,,,,,,,,,,,1251.257690,1487.736450,-3675.544678,1269.700806,1453.878784,-3724.166992,,,
10775,107.750000,0.000000,0.000000,0.000000,1.000000,0.000000,0.000000,0.000000,57.698101,20.499701,-14.700500,0.047771,-0.013570,0.015998,-15.666301,-52.738201,18.801300,-93.396698,0.129960,17.611099,-0.263421,-0.430829,-0.667752,0.546903,-693.524475,1535.331177,-4658.648438,-693.741394,1454.639648,-4669.050293,-683.701294,1578.630005,-4687.690430,-705.962158,1486.489624,-4616.949707,-690.693176,1621.565308,-4660.903809,,,,,,,,,,,,,2616.279541,1567.741211,-3159.786865,,,,,,,,,,,,,,,,,,,,,,,,,1253.342651,1487.540283,-3674.150391,1272.346558,1453.884033,-3722.462891,,,
10776,107.760000,0.000000,0.000000,0.000000,1.000000,0.000000,0.000000,0.000000,57.698101,20.499701,-14.700500,0.047771,-0.013570,0.015998,-15.666301,-52.738201,18.801300,-93.396698,0.129960,17.611099,-0.263421,-0.430829,-0.667752,0.546903,-693.524475,1535.331177,-4658.648438,-693.741394,1454.639648,-4669.050293,-683.701294,1578.630005,-4687.690430,-705.962158,1486.489624,-4616.949707,-690.693176,1621.565308,-4660.903809,,,,,,,,,,,,,2616.286865,1567.769043,-3159.788574,,,,,,,,,,,,,,,,,,,,,,,,,1255.335327,1487.378418,-3672.661621,1275.595703,1454.175537,-3720.289307,,,
10777,107.770000,0.000000,0.000000,0.000000,1.000000,0.000000,0.000000,0.000000,57.698101,20.499701,-14.700500,0.047771,-0.013570,0.015998,-15.666301,-52.738201,18.801300,-93.396698,0.129960,17.611099,-0.263421,-0.430829,-0.667752,0.546903,-693.524475,1535.331177,-4658.648438,-693.741394,1454.639648,-4669.050293,-683.701294,1578.630005,-4687.690430,-705.962158,1486.489624,-4616.949707,-690.693176,1621.565308,-4660.903809,,,,,,,,,,,,,2616.295898,1567.772949,-3159.793945,,,,,,,,,,,,,,,,,,,,,,,,,1257.702271,1487.528687,-3670.905273,1278.296509,1454.514160,-3718.436768,,,
10778,107.780000,0.000000,0.000000,0.000000,1.000000,0.000000,0.000000,0.000000,57.698101,20.499701,-14.700500,0.047771,-0.013570,0.015998,-15.666301,-52.738201,18.801300,-93.396698,0.129960,17.611099,-0.263421,-0.430829,-0.667752,0.546903,-693.524475,1535.331177,-4658.648438,-693.741394,1454.639648,-4669.050293,-683.701294,1578.630005,-4687.690430,-705.962158,1486.489624,-4616.949707,-690.693176,1621.565308,-4660.903809,,,,,,,,,,,,,2616.301514,1567.790649,-3159.794678,,,,,,,,,,,,,,,,,,,,,,,,,1261.100586,1488.602051,-3668.092773,1280.044312,1454.374146,-3716.960449,,,
10779,107.790000,0.000000,0.000000,0.000000,1.000000,0.000000,0.000000,0.000000,57.698101,20.499701,-14.700500,0.047771,-0.013570,0.015998,-15.666301,-52.738201,18.801300,-93.396698,0.129960,17.611099,-0.263421,-0.430829,-0.667752,0.546903,-693.524475,1535.331177,-4658.648438,-693.741394,1454.639648,-4669.050293,-683.701294,1578.630005,-4687.690430,-705.962158,1486.489624,-4616.949707,-690.693176,1621.565308,-4660.903809,,,,,,,,,,,,,2616.289551,1567.746094,-3159.787354,,,,,,,,,,,,,,,,,,,,,,,,,1263.732422,1489.050537,-3666.020752,1282.169678,1454.434937,-3715.293457,,,
10780,107.800000,0.000000,0.000000,0.000000,1.000000,0.000000,0.000000,0.000000,57.698101,20.499701,-14.700500,0.047771,-0.013570,0.015998,-15.666301,-52.738201,18.801300,-93.396698,0.129960,17.611099,-0.263421,-0.430829,-0.667752,0.546903,-693.524475,1535.331177,-4658.648438,-693.741394,1454.639648,-4669.050293,-683.701294,1578.630005,-4687.690430,-705.962158,1486.489624,-4616.949707,-690.693176,1621.565308,-4660.903809,,,,,,,,,,,,,2616.293945,1567.762207,-3159.779785,,,,,,,,,,,,,,,,,,,,,,,,,1266.043579,1489.018433,-3664.027588,1285.091187,1454.652222,-3713.110596,,,
10781,107.810000,0.000000,0.000000,0.000000,1.000000,0.000000,0.000000,0.000000,57.698101,20.499701,-14.700500,0.047771,-0.013570,0.015998,-15.666301,-52.738201,18.801300,-93.396698,0.129960,17.611099,-0.263421,-0.430829,-0.667752,0.546903,-693.524475,1535.331177,-4658.648438,-693.741394,1454.639648,-4669.050293,-683.701294,1578.630005,-4687.690430,-705.962158,1486.489624,-4616.949707,-690.693176,1621.565308,-4660.903809,,,,,,,,,,,,,2616.311279,1567.752563,-3159.790527,,,,,,,,,,,,,,,,,,,,,,,,,1268.487305,1488.879028,-3662.027344,1288.510986,1454.939087,-3710.685547,,,
10782,107.820000,0.000000,0.000000,0.000000,1.000000,0.000000,0.000000,0.000000,57.698101,20.499701,-14.700500,0.047771,-0.013570,0.015998,-15.666301,-52.738201,18.801300,-93.396698,0.129960,17.611099,-0.263421,-0.430829,-0.667752,0.546903,-693.524475,1535.331177,-4658.648438,-693.741394,1454.639648,-4669.050293,-683.701294,1578.630005,-4687.690430,-705.962158,1486.489624,-4616.949707,-690.693176,1621.565308,-4660.903809,,,,,,,,,,,,,2616.294434,1567.724976,-3159.770020,,,,,,,,,,,,,,,,,,,,,,,,,1271.062866,1488.932373,-3659.951660,1291.374146,1455.081543,-3708.435059,,,
10783,107.830000,0.000000,0.000000,0.000000,1.000000,0.000000,0.000000,0.000000,57.698101,20.499701,-14.700500,0.047771,-0.013570,0.015998,-15.666301,-52.738201,18.801300,-93.396698,0.129960,17.611099,-0.263421,-0.430829,-0.667752,0.546903,-693.524475,1535.331177,-4658.648438,-693.741394,1454.639648,-4669.050293,-683.701294,1578.630005,-4687.690430,-705.962158,1486.489624,-4616.949707,-690.693176,1621.565308,-4660.903809,,,,,,,,,,,,,2616.312012,1567.750977,-3159.770996,,,,,,,,,,,,,,,,,,,,,,,,,1273.955322,1489.243530,-3657.836914,1293.287109,1454.836670,-3706.926270,,,
10784,107.840000,0.000000,0.000000,0.000000,1.000000,0.000000,0.000000,0.000000,57.698101,20.499701,-14.700500,0.047771,-0.013570,0.015998,-15.666301,-52.738201,18.801300,-93.396698,0.129960,17.611099,-0.263421,-0.430829,-0.667752,0.546903,-693.524475,1535.331177,-4658.648438,-693.741394,1454.639648,-4669.050293,-683.701294,1578.630005,-4687.690430,-705.962158,1486.489624,-4616.949707,-690.693176,1621.565308,-4660.903809,,,,,,,,,,,,,2616.278320,1567.763062,-3159.795654,,,,,,,,,,,,,,,,,,,,,,,,,1277.108643,1489.462402,-3655.795410,1295.582397,1454.882568,-3704.932129,,,
10785,107.850000,0.000000,0.000000,0.000000,1.000000,0.000000,0.000000,0.000000,57.698101,20.499701,-14.700500,0.047771,-0.013570,0.015998,-15.666301,-52.738201,18.801300,-93.396698,0.129960,17.611099,-0.263421,-0.430829,-0.667752,0.546903,-693.524475,1535.331177,-4658.648438,-693.741394,1454.639648,-4669.050293,-683.701294,1578.630005,-4687.690430,-705.962158,1486.489624,-4616.949707,-690.693176,1621.565308,-4660.903809,,,,,,,,,,,,,2616.278076,1567.755737,-3159.787842,,,,,,,,,,,,,,,,,,,,,,,,,1279.664185,1489.279907,-3653.614990,1298.479126,1454.912231,-3702.752686,,,
10786,107.860000,0.000000,0.000000,0.000000,1.000000,0.000000,0.000000,0.000000,57.698101,20.499701,-14.700500,0.047771,-0.013570,0.015998,-15.666301,-52.738201,18.801300,-93.396698,0.129960,17.611099,-0.263421,-0.430829,-0.667752,0.546903,-693.524475,1535.331177,-4658.648438,-693.741394,1454.639648,-4669.050293,-683.701294,1578.630005,-4687.690430,-705.962158,1486.489624,-4616.949707,-690.693176,1621.565308,-4660.903809,,,,,,,,,,,,,2616.280273,1567.739258,-3159.780518,,,,,,,,,,,,,,,,,,,,,,,,,1282.170410,1489.086670,-3651.396973,1301.940796,1455.018799,-3700.225098,,,
10787,107.870000,0.000000,0.000000,0.000000,1.000000,0.000000,0.000000,0.000000,57.698101,20.499701,-14.700500,0.047771,-0.013570,0.015998,-15.666301,-52.738201,18.801300,-93.396698,0.129960,17.611099,-0.263421,-0.430829,-0.667752,0.546903,-693.524475,1535.331177,-4658.648438,-693.741394,1454.639648,-4669.050293,-683.701294,1578.630005,-4687.690430,-705.962158,1486.489624,-4616.949707,-690.693176,1621.565308,-4660.903809,,,,,,,,,,,,,2616.292236,1567.726929,-3159.788086,,,,,,,,,,,,,,,,,,,,,,,,,1284.889648,1489.183960,-3649.125977,1304.805664,1455.163208,-3698.078125,,,
10788,107.880000,0.000000,0.000000,0.000000,1.000000,0.000000,0.000000,0.000000,57.698101,20.499701,-14.700500,0.047771,-0.013570,0.015998,-15.666301,-52.738201,18.801300,-93.396698,0.129960,17.611099,-0.263421,-0.430829,-0.667752,0.546903,-693.524475,1535.331177,-4658.648438,-693.741394,1454.639648,-4669.050293,-683.701294,1578.630005,-4687.690430,-705.962158,1486.489624,-4616.949707,-690.693176,1621.565308,-4660.903809,,,,,,,,,,,,,2616.275635,1567.804077,-3159.791504,,,,,,,,,,,,,,,,,,,,,,,,,1288.028564,1489.462646,-3646.850830,1306.991333,1455.060303,-3696.142334,,,
10789,107.890000,0.000000,0.000000,0.000000,1.000000,0.000000,0.000000,0.000000,57.698101,20.499701,-14.700500,0.047771,-0.013570,0.015998,-15.666301,-52.738201,18.801300,-93.396698,0.129960,17.611099,-0.263421,-0.430829,-0.667752,0.546903,-693.524475,1535.331177,-4658.648438,-693.741394,1454.639648,-4669.050293,-683.701294,1578.630005,-4687.690430,-705.962158,1486.489624,-4616.949707,-690.693176,1621.565308,-4660.903809,,,,,,,,,,,,,2616.242432,1567.738647,-3159.796875,,,,,,,,,,,,,,,,,,,,,,,,,1291.266479,1489.602417,-3644.702148,1309.622803,1455.476929,-3693.555176,,,
10790,107.900000,0.000000,0.000000,0.000000,1.000000,0.000000,0.000000,0.000000,57.698101,20.499701,-14.700500,0.047771,-0.013570,0.015998,-15.666301,-52.738201,18.801300,-93.396698,0.129960,17.611099,-0.263421,-0.430829,-0.667752,0.546903,-693.524475,1535.331177,-4658.648438,-693.741394,1454.639648,-4669.050293,-683.701294,1578.630005,-4687.690430,-705.962158,1486.489624,-4616.949707,-690.693176,1621.565308,-4660.903809,,,,,,,,,,,,,2616.292236,1567.734009,-3159.779541,,,,,,,,,,,,,,,,,,,,,,,,,1294.015259,1489.467896,-3642.425293,1312.825684,1455.690186,-3691.279541,,,
10791,107.910000,0.000000,0.000000,0.000000,1.000000,0.000000,0.000000,0.000000,57.698101,20.499701,-14.700500,0.047771,-0.013570,0.015998,-15.666301,-52.738201,18.801300,-93.396698,0.129960,17.611099,-0.263421,-0.430829,-0.667752,0.546903,-693.524475,1535.331177,-4658.648438,-693.741394,1454.639648,-4669.050293,-683.701294,1578.630005,-4687.690430,-705.962158,1486.489624,-4616.949707,-690.693176,1621.565308,-4660.903809,,,,,,,,,,,,,2616.319336,1567.742920,-3159.773682,,,,,,,,,,,,,,,,,,,,,,,,,1296.702881,1489.464233,-3640.049805,1316.129517,1455.939087,-3688.969971,,,
10792,107.920000,0.000000,0.000000,0.000000,1.000000,0.000000,0.000000,0.000000,57.698101,20.499701,-14.700500,0.047771,-0.013570,0.015998,-15.666301,-52.738201,18.801300,-93.396698,0.129960,17.611099,-0.263421,-0.430829,-0.667752,0.546903,-693.524475,1535.331177,-4658.648438,-693.741394,1454.639648,-4669.050293,-683.701294,1578.630005,-4687.690430,-705.962158,1486.489624,-4616.949707,-690.693176,1621.565308,-4660.903809,,,,,,,,,,,,,2616.305664,1567.765991,-3159.777100,,,,,,,,,,,,,,,,,,,,,,,,,1299.878418,1489.962158,-3637.693848,1318.860840,1456.190674,-3686.672852,,,
10793,107.930000,0.000000,0.000000,0.000000,1.000000,0.000000,0.000000,0.000000,57.698101,20.499701,-14.700500,0.047771,-0.013570,0.015998,-15.666301,-52.738201,18.801300,-93.396698,0.129960,17.611099,-0.263421,-0.430829,-0.667752,0.546903,-693.524475,1535.331177,-4658.648438,-693.741394,1454.639648,-4669.050293,-683.701294,1578.630005,-4687.690430,-705.962158,1486.489624,-4616.949707,-690.693176,1621.565308,-4660.903809,,,,,,,,,,,,,2616.283691,1567.754150,-3159.787598,,,,,,,,,,,,,,,,,,,,,,,,,1303.303467,1490.348267,-3635.442139,1321.589233,1456.236938,-3684.266113,,,
10794,107.940000,0.000000,0.000000,0.000000,1.000000,0.000000,0.000000,0.000000,57.698101,20.499701,-14.700500,0.047771,-0.013570,0.015998,-15.666301,-52.738201,18.801300,-93.396698,0.129960,17.611099,-0.263421,-0.430829,-0.667752,0.546903,-693.524475,1535.331177,-4658.648438,-693.741394,1454.639648,-4669.050293,-683.701294,1578.630005,-4687.690430,-705.962158,1486.489624,-4616.949707,-690.693176,1621.565308,-4660.903809,,,,,,,,,,,,,2616.295410,1567.742920,-3159.777588,,,,,,,,,,,,,,,,,,,,,,,,,1306.195557,1490.311401,-3633.084717,1324.799561,1456.421143,-3681.979248,,,
10795,107.950000,0.000000,0.000000,0.000000,1.000000,0.000000,0.000000,0.000000,57.698101,20.499701,-14.700500,0.047771,-0.013570,0.015998,-15.666301,-52.738201,18.801300,-93.396698,0.129960,17.611099,-0.263421,-0.430829,-0.667752,0.546903,-693.524475,1535.331177,-4658.648438,-693.741394,1454.639648,-4669.050293,-683.701294,1578.630005,-4687.690430,-705.962158,1486.489624,-4616.949707,-690.693176,1621.565308,-4660.903809,,,,,,,,,,,,,2616.296875,1567.785034,-3159.779541,,,,,,,,,,,,,,,,,,,,,,,,,1308.892090,1490.319336,-3630.659668,1328.351440,1456.794312,-3679.729736,,,
10796,107.960000,0.000000,0.000000,0.000000,1.000000,0.000000,0.000000,0.000000,57.698101,20.499701,-14.700500,0.047771,-0.013570,0.015998,-15.666301,-52.738201,18.801300,-93.396698,0.129960,17.611099,-0.263421,-0.430829,-0.667752,0.546903,-693.524475,1535.331177,-4658.648438,-693.741394,1454.639648,-4669.050293,-683.701294,1578.630005,-4687.690430,-705.962158,1486.489624,-4616.949707,-690.693176,1621.565308,-4660.903809,,,,,,,,,,,,,2616.252930,1567.726685,-3159.798584,,,,,,,,,,,,,,,,,,,,,,,,,1312.244385,1490.847046,-3628.368896,1331.258423,1457.077881,-3677.423340,,,
10797,107.970000,0.000000,0.000000,0.000000,1.000000,0.000000,0.000000,0.000000,57.698101,20.499701,-14.700500,0.047771,-0.013570,0.015998,-15.666301,-52.738201,18.801300,-93.396698,0.129960,17.611099,-0.263421,-0.430829,-0.667752,0.546903,-693.524475,1535.331177,-4658.648438,-693.741394,1454.639648,-4669.050293,-683.701294,1578.630005,-4687.690430,-705.962158,1486.489624,-4616.949707,-690.693176,1621.565308,-4660.903809,,,,,,,,,,,,,2616.306641,1567.766602,-3159.785645,,,,,,,,,,,,,,,,,,,,,,,,,1315.714478,1491.480713,-3626.091797,1333.957397,1457.381836,-3675.078369,1338.054565,1624.250488,-3671.936768
10798,107.980000,0.000000,0.000000,0.000000,1.000000,0.000000,0.000000,0.000000,57.698101,20.499701,-14.700500,0.047771,-0.013570,0.015998,-15.666301,-52.738201,18.801300,-93.396698,0.129960,17.611099,-0.263421,-0.430829,-0.667752,0.546903,-693.524475,1535.331177,-4658.648438,-693.741394,1454.639648,-4669.050293,-683.701294,1578.630005,-4687.690430,-705.962158,1486.489624,-4616.949707,-690.693176,1621.565308,-4660.903809,,,,,,,,,,,,,2616.315186,1567.728516,-3159.781006,,,,,,,,,,,,,,,,,,,,,,,,,1318.718384,1491.687256,-3623.751465,1337.386963,1458.015259,-3672.832520,1341.135254,1624.907837,-3669.733643
10799,107.990000,0.000000,0.000000,0.000000,1.000000,0.000000,0.000000,0.000000,57.698101,20.499701,-14.700500,0.047771,-0.013570,0.015998,-15.666301,-52.738201,18.801300,-93.396698,0.129960,17.611099,-0.263421,-0.430829,-0.667752,0.546903,-693.524475,1535.331177,-4658.648438,-693.741394,1454.639648,-4669.050293,-683.701294,1578.630005,-4687.690430,-705.962158,1486.489624,-4616.949707,-690.693176,1621.565308,-4660.903809,,,,,,,,,,,,,2616.306885,1567.736084,-3159.769287,,,,,,,,,,,,,,,,,,,,,,,,,1321.629761,1491.821167,-3621.423584,1340.786865,1458.395386,-3670.622314,1344.174438,1625.609985,-3667.468018
10800,108.000000,0.000000,0.000000,0.000000,1.000000,0.000000,0.000000,0.000000,57.698101,20.499701,-14.700500,0.047771,-0.013570,0.015998,-15.666301,-52.738201,18.801300,-93.396698,0.129960,17.611099,-0.263421,-0.430829,-0.667752,0.546903,-693.524475,1535.331177,-4658.648438,-693.741333,1454.639771,-4669.050293,-683.701294,1578.630005,-4687.690430,-705.962158,1486.489746,-4616.949707,-690.693176,1621.565308,-4660.903809,,,,,,,,,,,,,2616.295166,1567.758667,-3159.781982,,,,,,,,,,,,,,,,,,,,,,,,,1325.369019,1492.379028,-3619.303955,1343.879639,1458.575806,-3668.364746,1346.865479,1625.901733,-3665.245605
10801,108.010000,0.000000,0.000000,0.000000,1.000000,0.000000,0.000000,0.000000,57.698101,20.499701,-14.700500,0.047771,-0.013570,0.015998,-15.666301,-52.738201,18.801300,-93.396698,0.129960,17.611099,-0.232029,-0.473798,-0.676066,0.514405,1346.320435,1540.207764,-3658.503418,1346.976318,1459.216309,-3666.205078,1359.793945,1582.513428,-3687.544922,1328.693237,1492.783691,-3617.040039,1349.818115,1626.317749,-3663.223877,1346.913208,1459.068970,-3666.189697,1359.901855,1582.582642,-3687.607178,1328.748535,1492.917358,-3617.075439,1349.717163,1626.260620,-3663.141602,2616.314453,1567.756470,-3159.778320,,,,,,,,,,,,,,,,,,,,,,,,,,,,,,,,,
10802,108.020000,0.000000,0.000000,0.000000,1.000000,0.000000,0.000000,0.000000,57.698101,20.499701,-14.700500,0.047771,-0.013570,0.015998,-15.666301,-52.738201,18.801300,-93.396698,0.129960,17.611099,-0.230625,-0.475573,-0.675895,0.513623,1349.468384,1540.675903,-3656.399902,1350.260742,1459.674072,-3663.978271,1363.015503,1582.955688,-3685.444824,1331.719604,1493.290771,-3614.943848,1352.877441,1626.783081,-3661.232666,1350.520874,1459.863281,-3664.108154,1362.748169,1582.783691,-3685.542725,1331.511963,1493.278931,-3614.782227,1353.089966,1626.782227,-3661.179688,2616.308350,1567.745483,-3159.776611,,,,,,,,,,,,,,,,,,,,,,,,,,,,,,,,,
10803,108.030000,0.000000,0.000000,0.000000,1.000000,0.000000,0.000000,0.000000,57.698101,20.499701,-14.700500,0.047771,-0.013570,0.015998,-15.666301,-52.738201,18.801300,-93.396698,0.129960,17.611099,-0.231714,-0.475001,-0.675548,0.514118,1352.770142,1541.246826,-3654.306641,1353.520020,1460.241455,-3661.850830,1366.250610,1583.509888,-3683.406494,1335.120117,1493.884888,-3612.781738,1356.189575,1627.350952,-3659.187012,1353.566650,1460.287354,-3661.915039,1366.250610,1583.518677,-3683.480225,1335.072021,1493.959351,-3612.697510,1356.189575,1627.217773,-3659.127686,2616.292236,1567.749268,-3159.777100,,,,,,,,,,,,,,,,,,,,,,,,,,,,,,,,,
10804,108.040000,0.000000,0.000000,0.000000,1.000000,0.000000,0.000000,0.000000,57.698101,20.499701,-14.700500,0.047771,-0.013570,0.015998,-15.666301,-52.738201,18.801300,-93.396698,0.129960,17.611099,-0.233921,-0.473337,-0.674309,0.516276,1355.832886,1541.607910,-3652.234863,1356.634766,1460.602051,-3659.768555,1369.044189,1583.882812,-3681.440918,1338.549805,1494.231323,-3610.572510,1359.102905,1627.715454,-3657.156982,1356.495361,1460.376465,-3659.756104,1369.255981,1584.049683,-3681.468018,1338.651978,1494.361816,-3610.600098,1358.930420,1627.638428,-3657.114990,2616.287842,1567.739624,-3159.779785,,,,,,,,,,,,,,,,,,,,,,,,,,,,,,,,,
10805,108.050000,0.000000,0.000000,0.000000,1.000000,0.000000,0.000000,0.000000,57.698101,20.499701,-14.700500,0.047771,-0.013570,0.015998,-15.666301,-52.738201,18.801300,-93.396698,0.129960,17.611099,-0.232530,-0.474415,-0.673515,0.516951,1358.993408,1542.030151,-3650.158691,1360.097778,1461.024292,-3657.654053,1372.112305,1584.338623,-3679.357666,1341.796143,1494.611084,-3608.509277,1361.967285,1628.146606,-3655.113525,1360.307251,1460.979980,-3657.698242,1371.824585,1584.334717,-3679.414062,1341.609131,1494.524536,-3608.406982,1362.230347,1628.287476,-3655.117188,2616.284912,1567.768066,-3159.785889,,,,,,,,,,,,,,,,,,,,,,,,,,,,,,,,,
10806,108.060000,0.000000,0.000000,0.000000,1.000000,0.000000,0.000000,0.000000,57.698101,20.499701,-14.700500,0.047771,-0.013570,0.015998,-15.666301,-52.738201,18.801300,-93.396698,0.129960,17.611099,-0.233532,-0.474095,-0.673098,0.517335,1362.356201,1542.630127,-3648.131836,1363.431519,1461.617920,-3655.563232,1375.416016,1584.912598,-3677.395020,1345.245117,1495.247925,-3606.405029,1365.331909,1628.741943,-3653.164062,1363.571899,1461.514771,-3655.601562,1375.248291,1585.004639,-3677.471924,1345.112549,1495.222778,-3606.309814,1365.487427,1628.779785,-3653.146973,2616.260010,1567.734131,-3159.794678,,,,,,,,,,,,,,,,,,,,,,,,,,,,,,,,,
10807,108.070000,0.000000,0.000000,0.000000,1.000000,0.000000,0.000000,0.000000,57.698101,20.499701,-14.700500,0.047771,-0.013570,0.015998,-15.666301,-52.738201,18.801300,-93.396698,0.129960,17.611099,-0.235915,-0.472902,-0.672273,0.518417,1365.505737,1542.958130,-3646.050049,1366.496948,1461.937012,-3653.395264,1378.415283,1585.200806,-3675.437256,1348.615356,1495.632202,-3604.169922,1368.495117,1629.062744,-3651.197754,1366.379272,1461.781616,-3653.390381,1378.594727,1585.324585,-3675.444336,1348.733032,1495.867798,-3604.235596,1368.314331,1628.862183,-3651.128906,2616.266846,1567.733643,-3159.796875,,,,,,,,,,,,,,,,,,,,,,,,,,,,,,,,,
10808,108.080000,0.000000,0.000000,0.000000,1.000000,0.000000,0.000000,0.000000,57.698101,20.499701,-14.700500,0.047771,-0.013570,0.015998,-15.666301,-52.738201,18.801300,-93.396698,0.129960,17.611099,-0.234587,-0.474301,-0.672162,0.517887,1368.801025,1543.281494,-3643.949463,1369.925903,1462.255493,-3651.221191,1381.763184,1585.515869,-3673.325195,1351.818848,1495.969116,-3602.091064,1371.696167,1629.385498,-3649.160156,1370.044922,1462.403564,-3651.307861,1381.673706,1585.484863,-3673.397705,1351.719727,1496.032959,-3601.988525,1371.776367,1629.205444,-3649.103027,2616.299316,1567.738525,-3159.779297,,,,,,,,,,,,,,,,,,,,,,,,,,,,,,,,,
10809,108.090000,0.000000,0.000000,0.000000,1.000000,0.000000,0.000000,0.000000,57.698101,20.499701,-14.700500,0.047771,-0.013570,0.015998,-15.666301,-52.738201,18.801300,-93.396698,0.129960,17.611099,-0.234918,-0.473901,-0.672018,0.518288,1372.161499,1543.730469,-3641.868164,1373.292114,1462.706543,-3649.161133,1385.077393,1585.974609,-3671.250488,1355.242798,1496.404785,-3599.999268,1375.033569,1629.836426,-3647.061279,1373.453735,1462.716675,-3649.221680,1384.899048,1585.999268,-3671.348145,1355.070679,1496.298462,-3599.843506,1375.209839,1629.902710,-3647.052490,2616.260498,1567.709106,-3159.780029,,,,,,,,,,,,,,,,,,,,,,,,,,,,,,,,,
10810,108.100000,0.000000,0.000000,0.000000,1.000000,0.000000,0.000000,0.000000,57.698101,20.499701,-14.700500,0.047771,-0.013570,0.015998,-15.666301,-52.738201,18.801300,-93.396698,0.129960,17.611099,-0.235778,-0.472971,-0.671335,0.519631,1375.447510,1544.129517,-3639.772705,1376.652954,1463.109497,-3647.097900,1388.200928,1586.399780,-3669.188232,1358.744141,1496.768066,-3597.857422,1378.191895,1630.240723,-3644.946777,1376.549194,1462.840454,-3647.095215,1388.381836,1586.601318,-3669.260742,1358.800293,1496.845459,-3597.839355,1378.064575,1630.219238,-3644.903564,2616.318115,1567.747070,-3159.778809,,,,,,,,,,,,,,,,,,,,,,,,,,,,,,,,,
10811,108.110000,0.000000,0.000000,0.000000,1.000000,0.000000,0.000000,0.000000,57.698101,20.499701,-14.700500,0.047771,-0.013570,0.015998,-15.666301,-52.738201,18.801300,-93.396698,0.129960,17.611099,-0.235375,-0.473590,-0.671556,0.518964,1378.656616,1544.504517,-3637.596924,1379.839600,1463.480225,-3644.877686,1391.485596,1586.753906,-3667.009766,1361.851440,1497.172485,-3595.689209,1381.449829,1630.611816,-3642.810303,1379.857788,1463.348267,-3644.898682,1391.488647,1586.880249,-3667.062256,1361.825928,1497.224854,-3595.646973,1381.454956,1630.565674,-3642.783691,2616.296143,1567.734619,-3159.780762,,,,,,,,,,,,,,,,,,,,,,,,,,,,,,,,,
10812,108.120000,0.000000,0.000000,0.000000,1.000000,0.000000,0.000000,0.000000,57.698101,20.499701,-14.700500,0.047771,-0.013570,0.015998,-15.666301,-52.738201,18.801300,-93.396698,0.129960,17.611099,-0.236461,-0.473351,-0.671763,0.518420,1382.134033,1544.873657,-3635.437988,1383.140015,1463.840820,-3642.649902,1395.018921,1587.070679,-3664.901611,1365.276123,1497.613037,-3593.470947,1385.101318,1630.970337,-3640.729248,1383.415527,1463.993164,-3642.776611,1394.701416,1586.939941,-3664.977295,1365.051147,1497.580078,-3593.303711,1385.362549,1630.982178,-3640.702637,2616.287842,1567.712891,-3159.772217,,,,,,,,,,,,,,,,,,,,,,,,,,,,,,,,,
10813,108.130000,0.000000,0.000000,0.000000,1.000000,0.000000,0.000000,0.000000,57.698101,20.499701,-14.700500,0.047771,-0.013570,0.015998,-15.666301,-52.738201,18.801300,-93.396698,0.129960,17.611099,-0.238161,-0.471973,-0.671416,0.519347,1385.654297,1545.211548,-3633.374023,1386.572754,1464.179565,-3640.606689,1398.426758,1587.406006,-3662.890137,1368.964966,1497.953491,-3591.336670,1388.652954,1631.307373,-3638.662354,1386.476562,1464.141968,-3640.605713,1398.618164,1587.493042,-3662.966553,1369.046387,1498.099121,-3591.351074,1388.474365,1631.100464,-3638.568115,2616.290283,1567.740601,-3159.789551,,,,,,,,,,,,,,,,,,,,,,,,,,,,,,,,,
10814,108.140000,0.000000,0.000000,0.000000,1.000000,0.000000,0.000000,0.000000,57.698101,20.499701,-14.700500,0.047771,-0.013570,0.015998,-15.666301,-52.738201,18.801300,-93.396698,0.129960,17.611099,-0.239159,-0.471098,-0.671748,0.519254,1388.856934,1545.425903,-3631.205566,1389.612549,1464.395264,-3638.472900,1401.647339,1587.608887,-3660.730225,1372.165283,1498.181396,-3589.154053,1392.002319,1631.518188,-3636.465088,1389.589966,1464.152222,-3638.407959,1401.643066,1587.707153,-3660.738770,1372.182373,1498.195923,-3589.212158,1392.008911,1631.621338,-3636.453857,2616.263916,1567.687256,-3159.781006,,,,,,,,,,,,,,,,,,,,,,,,,,,,,,,,,
10815,108.150000,0.000000,0.000000,0.000000,1.000000,0.000000,0.000000,0.000000,57.698101,20.499701,-14.700500,0.047771,-0.013570,0.015998,-15.666301,-52.738201,18.801300,-93.396698,0.129960,17.611099,-0.237967,-0.472606,-0.672043,0.518048,1392.370728,1545.909058,-3629.048584,1393.151733,1464.870605,-3636.224365,1405.295776,1588.058960,-3658.562012,1375.488403,1498.711548,-3587.020508,1395.546753,1631.995361,-3634.387695,1393.377197,1464.806885,-3636.274658,1405.007324,1588.111816,-3658.668945,1375.272095,1498.616577,-3586.878174,1395.816162,1632.103760,-3634.372314,2616.287109,1567.728516,-3159.773438,,,,,,,,,,,,,,,,,,,,,,,,,,,,,,,,,
10816,108.160000,0.000000,0.000000,0.000000,1.000000,0.000000,0.000000,0.000000,57.698101,20.499701,-14.700500,0.047771,-0.013570,0.015998,-15.666301,-52.738201,18.801300,-93.396698,0.129960,17.611099,-0.239456,-0.472321,-0.671761,0.517987,1395.781250,1546.330566,-3626.974121,1396.437500,1465.280762,-3634.033691,1408.692383,1588.420288,-3656.579346,1378.936035,1499.216797,-3584.837402,1399.059204,1632.404663,-3632.445801,1396.424805,1465.273315,-3634.108398,1408.803223,1588.504272,-3656.685303,1378.931396,1499.354004,-3584.734375,1398.960693,1632.176880,-3632.355469,2616.251221,1567.756958,-3159.790039,,,,,,,,,,,,,,,,,,,,,,,,,,,,,,,,,
10817,108.170000,0.000000,0.000000,0.000000,1.000000,0.000000,0.000000,0.000000,57.698101,20.499701,-14.700500,0.047771,-0.013570,0.015998,-15.666301,-52.738201,18.801300,-93.396698,0.129960,17.611099,-0.241601,-0.471632,-0.672264,0.516966,1399.097046,1546.571289,-3624.809570,1399.392212,1465.510254,-3631.763916,1412.115967,1588.567017,-3654.500732,1382.152832,1499.584595,-3582.570801,1402.727539,1632.623413,-3630.402588,1399.353394,1465.496826,-3631.773193,1412.198242,1588.583252,-3654.537354,1382.199585,1499.733276,-3582.595459,1402.634277,1632.468018,-3630.326416,2616.289062,1567.820557,-3159.802490,,,,,,,,,,,,,,,,,,,,,,,,,,,,,,,,,
10818,108.180000,0.000000,0.000000,0.000000,1.000000,0.000000,0.000000,0.000000,57.698101,20.499701,-14.700500,0.047771,-0.013570,0.015998,-15.666301,-52.738201,18.801300,-93.396698,0.129960,17.611099,-0.240713,-0.472787,-0.672296,0.516283,1402.444214,1546.939209,-3622.633057,1402.796387,1465.871948,-3629.510742,1415.534912,1588.912964,-3652.323730,1385.392090,1499.984497,-3580.401855,1406.053711,1632.987915,-3628.295410,1402.990234,1465.879761,-3629.546143,1415.280640,1588.948853,-3652.413330,1385.190796,1499.828735,-3580.261719,1406.302246,1633.096680,-3628.307129,2616.277100,1567.754395,-3159.799805,,,,,,,,,,,,,,,,,,,,,,,,,,,,,,,,,
10819,108.190000,0.000000,0.000000,0.000000,1.000000,0.000000,0.000000,0.000000,57.698101,20.499701,-14.700500,0.047771,-0.013570,0.015998,-15.666301,-52.738201,18.801300,-93.396698,0.129960,17.611099,-0.240419,-0.473711,-0.671371,0.516776,1405.859009,1547.401001,-3620.488281,1406.403931,1466.323975,-3627.238037,1418.864380,1589.358521,-3650.239258,1388.898193,1500.472900,-3578.190918,1409.269287,1633.448730,-3626.284424,1406.374390,1466.197144,-3627.266846,1418.988037,1589.586182,-3650.377930,1388.882935,1500.478638,-3578.083008,1409.205933,1633.369263,-3626.243652,2616.288330,1567.724121,-3159.768066,,,,,,,,,,,,,,,,,,,,,,,,,,,,,,,,,
10820,108.200000,0.000000,0.000000,0.000000,1.000000,0.000000,0.000000,0.000000,57.698101,20.499701,-14.700500,0.047771,-0.013570,0.015998,-15.666301,-52.738201,18.801300,-93.396698,0.129960,17.611099,-0.243912,-0.472204,-0.671142,0.516816,1409.005005,1547.806030,-3618.261230,1409.203613,1466.715698,-3624.868652,1421.976562,1589.661743,-3648.170410,1392.139893,1501.017090,-3575.771973,1412.699951,1633.829956,-3624.233887,1409.136475,1466.493286,-3624.836426,1422.046509,1589.757446,-3648.167969,1392.201538,1501.137695,-3575.838623,1412.634399,1633.820068,-3624.203369,2616.272705,1567.744019,-3159.785156,,,,,,,,,,,,,,,,,,,,,,,,,,,,,,,,,
10821,108.210000,0.000000,0.000000,0.000000,1.000000,0.000000,0.000000,0.000000,57.698101,20.499701,-14.700500,0.047771,-0.013570,0.015998,-15.666301,-52.738201,18.801300,-93.396698,0.129960,17.611099,-0.243976,-0.473634,-0.671629,0.514840,1412.110718,1548.099487,-3615.968018,1412.127686,1466.992676,-3622.373047,1425.292236,1589.847656,-3645.935303,1394.979248,1501.459229,-3573.421875,1416.043579,1634.098755,-3622.141357,1412.284546,1467.012817,-3622.401855,1425.059448,1589.791870,-3645.944580,1394.856567,1501.424316,-3573.379883,1416.239014,1634.169556,-3622.147217,2616.282471,1567.736328,-3159.782959,,,,,,,,,,,,,,,,,,,,,,,,,,,,,,,,,
10822,108.220000,0.000000,0.000000,0.000000,1.000000,0.000000,0.000000,0.000000,57.698101,20.499701,-14.700500,0.047771,-0.013570,0.015998,-15.666301,-52.738201,18.801300,-93.396698,0.129960,17.611099,-0.240660,-0.477087,-0.671201,0.513770,1415.378906,1548.540039,-3613.683594,1415.762451,1467.420288,-3619.912354,1428.664551,1590.274414,-3643.624268,1398.051392,1501.925171,-3571.189209,1419.037354,1634.540283,-3620.008789,1415.871460,1467.557861,-3620.067871,1428.655151,1590.353149,-3643.764893,1397.912109,1501.950684,-3570.925781,1419.071411,1634.291260,-3619.954590,2616.275879,1567.727173,-3159.771729,,,,,,,,,,,,,,,,,,,,,,,,,,,,,,,,,
10823,108.230000,0.000000,0.000000,0.000000,1.000000,0.000000,0.000000,0.000000,57.698101,20.499701,-14.700500,0.047771,-0.013570,0.015998,-15.666301,-52.738201,18.801300,-93.396698,0.129960,17.611099,-0.242122,-0.476271,-0.670469,0.514795,1418.599854,1548.932007,-3611.356201,1418.985229,1467.808594,-3617.537109,1431.747437,1590.652466,-3641.376953,1401.463745,1502.337280,-3568.761963,1422.202881,1634.929688,-3617.749023,1418.955078,1467.664062,-3617.528809,1431.819702,1590.783691,-3641.459473,1401.486938,1502.477417,-3568.773682,1422.137451,1634.802979,-3617.663086,2616.330322,1567.715576,-3159.775879,,,,,,,,,,,,,,,,,,,,,,,,,,,,,,,,,
10824,108.240000,0.000000,0.000000,0.000000,1.000000,0.000000,0.000000,0.000000,57.698101,20.499701,-14.700500,0.047771,-0.013570,0.015998,-15.666301,-52.738201,18.801300,-93.396698,0.129960,17.611099,-0.244671,-0.474534,-0.670245,0.515486,1421.509644,1549.171021,-3608.975830,1421.686890,1468.045898,-3615.144287,1434.565796,1590.858643,-3639.082275,1404.530029,1502.619751,-3566.271484,1425.255859,1635.159790,-3615.405273,1421.684692,1467.808472,-3615.082764,1434.526489,1590.941284,-3639.071045,1404.532471,1502.611084,-3566.323486,1425.296265,1635.303711,-3615.417725,2616.292725,1567.719116,-3159.766113,,,,,,,,,,,,,,,,,,,,,,,,,,,,,,,,,
10825,108.250000,0.000000,0.000000,0.000000,1.000000,0.000000,0.000000,0.000000,57.698101,20.499701,-14.700500,0.047771,-0.013570,0.015998,-15.666301,-52.738201,18.801300,-93.396698,0.129960,17.611099,-0.243679,-0.476016,-0.670672,0.514031,1424.341553,1549.393799,-3606.566162,1424.487183,1468.260864,-3612.630859,1437.561768,1591.033691,-3636.666992,1407.138306,1502.909180,-3563.878662,1428.178955,1635.371582,-3613.088135,1424.599243,1468.178711,-3612.644043,1437.410034,1591.103516,-3636.712158,1407.021484,1502.812378,-3563.797852,1428.334839,1635.484131,-3613.110352,2616.297607,1567.742188,-3159.773682,,,,,,,,,,,,,,,,,,,,,,,,,,,,,,,,,
10826,108.260000,0.000000,0.000000,0.000000,1.000000,0.000000,0.000000,0.000000,57.698101,20.499701,-14.700500,0.047771,-0.013570,0.015998,-15.666301,-52.738201,18.801300,-93.396698,0.129960,17.611099,-0.240128,-0.479894,-0.670579,0.512214,1427.386353,1549.670166,-3604.160400,1427.832031,1468.523193,-3610.016846,1440.798462,1591.273193,-3634.227295,1409.874146,1503.242432,-3561.536865,1431.040771,1635.642334,-3610.860352,1427.888306,1468.648560,-3610.139404,1440.859497,1591.327881,-3634.394043,1409.782471,1503.270264,-3561.317383,1431.010742,1635.428345,-3610.777588,2616.300781,1567.739868,-3159.778076,,,,,,,,,,,,,,,,,,,,,,,,,,,,,,,,,
10827,108.270000,0.000000,0.000000,0.000000,1.000000,0.000000,0.000000,0.000000,57.698101,20.499701,-14.700500,0.047771,-0.013570,0.015998,-15.666301,-52.738201,18.801300,-93.396698,0.129960,17.611099,-0.242748,-0.478172,-0.669740,0.513686,1430.350830,1549.833008,-3601.765381,1430.713623,1468.682983,-3607.586670,1443.570435,1591.415039,-3631.946289,1413.117920,1503.434326,-3558.996582,1434.001221,1635.800171,-3608.531982,1430.713745,1468.681396,-3607.660645,1443.667236,1591.485596,-3632.069824,1413.104370,1503.590820,-3558.897949,1433.910522,1635.557129,-3608.416016,2616.281006,1567.755249,-3159.781982,,,,,,,,,,,,,,,,,,,,,,,,,,,,,,,,,
10828,108.280000,0.000000,0.000000,0.000000,1.000000,0.000000,0.000000,0.000000,57.698101,20.499701,-14.700500,0.047771,-0.013570,0.015998,-15.666301,-52.738201,18.801300,-93.396698,0.129960,17.611099,-0.244114,-0.476820,-0.669136,0.515081,1433.170166,1549.953979,-3599.315674,1433.547607,1468.807129,-3605.179688,1446.221436,1591.558105,-3629.539307,1416.169189,1503.524414,-3556.487549,1436.742554,1635.926392,-3606.055908,1433.592041,1468.563477,-3605.202393,1446.162476,1591.645386,-3629.531738,1416.144165,1503.634277,-3556.489014,1436.784424,1635.946655,-3606.043457,2616.317139,1567.708496,-3159.769531,,,,,,,,,,,,,,,,,,,,,,,,,,,,,,,,,
10829,108.290000,0.000000,0.000000,0.000000,1.000000,0.000000,0.000000,0.000000,57.698101,20.499701,-14.700500,0.047771,-0.013570,0.015998,-15.666301,-52.738201,18.801300,-93.396698,0.129960,17.611099,-0.245356,-0.475708,-0.669598,0.514918,1435.805298,1550.001221,-3596.854004,1435.971802,1468.857056,-3602.765137,1448.884033,1591.591064,-3627.085449,1418.795776,1503.588501,-3554.010986,1439.569580,1635.968506,-3603.554199,1436.034180,1468.609497,-3602.681885,1448.724243,1591.645386,-3627.038086,1418.766846,1503.583374,-3554.105469,1439.708618,1636.160278,-3603.580078,2616.298340,1567.745117,-3159.764648,,,,,,,,,,,,,,,,,,,,,,,,,,,,,,,,,
10830,108.300000,0.000000,0.000000,0.000000,1.000000,0.000000,0.000000,0.000000,57.698101,20.499701,-14.700500,0.047771,-0.013570,0.015998,-15.666301,-52.738201,18.801300,-93.396698,0.129960,17.611099,-0.243337,-0.477489,-0.670039,0.513653,1438.508423,1550.051392,-3594.333496,1438.762451,1468.904541,-3600.201904,1451.740112,1591.634399,-3624.507568,1421.273926,1503.649414,-3551.569092,1442.257080,1636.017822,-3601.054932,1438.867065,1468.878296,-3600.255127,1451.660278,1591.717407,-3624.642578,1421.142212,1503.585938,-3551.409912,1442.348999,1636.023071,-3601.019775,2616.335693,1567.732910,-3159.770508,,,,,,,,,,,,,,,,,,,,,,,,,,,,,,,,,
10831,108.310000,0.000000,0.000000,0.000000,1.000000,0.000000,0.000000,0.000000,57.698101,20.499701,-14.700500,0.047771,-0.013570,0.015998,-15.666301,-52.738201,18.801300,-93.396698,0.129960,17.611099,-0.240342,-0.479581,-0.670170,0.512944,1441.439575,1550.115601,-3591.842773,1441.960938,1468.969971,-3597.712891,1454.763184,1591.737305,-3621.923096,1424.039917,1503.662964,-3549.200439,1444.994507,1636.092529,-3598.534668,1442.007568,1469.123779,-3597.850098,1454.845337,1591.798584,-3622.087402,1423.951782,1503.679565,-3548.959717,1444.948120,1635.853027,-3598.461670,2616.273682,1567.741577,-3159.788086,,,,,,,,,,,,,,,,,,,,,,,,,,,,,,,,,
10832,108.320000,0.000000,0.000000,0.000000,1.000000,0.000000,0.000000,0.000000,57.698101,20.499701,-14.700500,0.047771,-0.013570,0.015998,-15.666301,-52.738201,18.801300,-93.396698,0.129960,17.611099,-0.241206,-0.478033,-0.669887,0.514350,1444.311279,1550.167114,-3589.425537,1444.856323,1469.031250,-3595.427246,1457.482422,1591.844604,-3619.495605,1427.120117,1503.636108,-3546.783936,1447.786255,1636.156738,-3595.995117,1444.842651,1468.979492,-3595.479980,1457.593750,1591.971069,-3619.628174,1427.103760,1503.699097,-3546.675537,1447.710693,1636.025391,-3595.922363,2616.265869,1567.762573,-3159.792969,,,,,,,,,,,,,,,,,,,,,,,,,,,,,,,,,
10833,108.330000,0.000000,0.000000,0.000000,1.000000,0.000000,0.000000,0.000000,57.698101,20.499701,-14.700500,0.047771,-0.013570,0.015998,-15.666301,-52.738201,18.801300,-93.396698,0.129960,17.611099,-0.244196,-0.474811,-0.669537,0.516375,1447.065430,1550.187622,-3586.979492,1447.444580,1469.062622,-3593.138184,1460.008911,1591.904297,-3617.093994,1430.213989,1503.598999,-3544.265137,1450.594360,1636.184692,-3593.419922,1447.438354,1468.814575,-3593.104980,1460.008301,1591.991821,-3617.129395,1430.219727,1503.662354,-3544.297607,1450.594604,1636.251221,-3593.381348,2616.299561,1567.749634,-3159.791504,,,,,,,,,,,,,,,,,,,,,,,,,,,,,,,,,
10834,108.340000,0.000000,0.000000,0.000000,1.000000,0.000000,0.000000,0.000000,57.698101,20.499701,-14.700500,0.047771,-0.013570,0.015998,-15.666301,-52.738201,18.801300,-93.396698,0.129960,17.611099,-0.245259,-0.473781,-0.670474,0.515602,1449.743530,1550.179810,-3584.549805,1449.829346,1469.058838,-3590.773438,1462.794556,1591.874756,-3614.648438,1432.783691,1503.616821,-3541.850586,1453.566284,1636.169189,-3590.927246,1449.866089,1468.860596,-3590.729736,1462.695557,1591.910889,-3614.604980,1432.770752,1503.643066,-3541.917480,1453.646973,1636.293457,-3590.942627,2616.283936,1567.742676,-3159.789062,,,,,,,,,,,,,,,,,,,,,,,,,,,,,,,,,
10835,108.350000,0.000000,0.000000,0.000000,1.000000,0.000000,0.000000,0.000000,57.698101,20.499701,-14.700500,0.047771,-0.013570,0.015998,-15.666301,-52.738201,18.801300,-93.396698,0.129960,17.611099,-0.242402,-0.476052,-0.671183,0.513936,1452.468506,1550.097168,-3582.170654,1452.674072,1468.974976,-3588.373291,1465.727295,1591.796021,-3612.172852,1435.203369,1503.530029,-3539.598633,1456.269409,1636.088257,-3588.538086,1452.790405,1469.050903,-3588.416992,1465.624634,1591.788574,-3612.288330,1435.079224,1503.461792,-3539.478027,1456.372192,1636.085693,-3588.496582,2616.289307,1567.739990,-3159.784912,,,,,,,,,,,,,,,,,,,,,,,,,,,,,,,,,
10836,108.360000,0.000000,0.000000,0.000000,1.000000,0.000000,0.000000,0.000000,57.698101,20.499701,-14.700500,0.047771,-0.013570,0.015998,-15.666301,-52.738201,18.801300,-93.396698,0.129960,17.611099,-0.239483,-0.477530,-0.671529,0.513481,1455.427856,1550.074219,-3579.860107,1455.876465,1468.959839,-3586.152100,1468.761963,1591.840332,-3609.735107,1438.023926,1503.415283,-3537.445312,1459.049194,1636.081665,-3586.108398,1455.934326,1469.044922,-3586.272217,1468.842285,1592.060791,-3609.966553,1437.882935,1503.318848,-3537.115479,1459.042114,1635.880615,-3586.067627,2616.286865,1567.729370,-3159.773193,,,,,,,,,,,,,,,,,,,,,,,,,,,,,,,,,
10837,108.370000,0.000000,0.000000,0.000000,1.000000,0.000000,0.000000,0.000000,57.698101,20.499701,-14.700500,0.047771,-0.013570,0.015998,-15.666301,-52.738201,18.801300,-93.396698,0.129960,17.611099,-0.241167,-0.475503,-0.671031,0.515221,1458.369263,1550.094360,-3577.650879,1458.799927,1468.988647,-3584.054932,1471.505371,1591.904419,-3607.551758,1441.242798,1503.373413,-3535.191406,1461.928711,1636.111206,-3583.805176,1458.833862,1468.930542,-3584.092529,1471.512085,1592.038452,-3607.652344,1441.178345,1503.333496,-3535.069824,1461.948975,1636.083740,-3583.789062,2616.291016,1567.715698,-3159.776855,,,,,,,,,,,,,,,,,,,,,,,,,,,,,,,,,
10838,108.380000,0.000000,0.000000,0.000000,1.000000,0.000000,0.000000,0.000000,57.698101,20.499701,-14.700500,0.047771,-0.013570,0.015998,-15.666301,-52.738201,18.801300,-93.396698,0.129960,17.611099,-0.243788,-0.473383,-0.671187,0.515737,1461.167603,1550.114624,-3575.480713,1461.317017,1469.011597,-3581.930420,1474.245361,1591.901733,-3605.439209,1444.161743,1503.421631,-3532.941895,1464.946167,1636.123901,-3581.611084,1461.356201,1468.890137,-3581.891602,1474.158203,1591.899780,-3605.431885,1444.151001,1503.491943,-3533.018799,1465.005981,1636.173096,-3581.580078,2616.309326,1567.747681,-3159.778076,,,,,,,,,,,,,,,,,,,,,,,,,,,,,,,,,
10839,108.390000,0.000000,0.000000,0.000000,1.000000,0.000000,0.000000,0.000000,57.698101,20.499701,-14.700500,0.047771,-0.013570,0.015998,-15.666301,-52.738201,18.801300,-93.396698,0.129960,17.611099,-0.243877,-0.473519,-0.672207,0.514239,1463.904663,1549.981934,-3573.333008,1463.816650,1468.878540,-3579.779541,1477.169067,1591.727417,-3603.267578,1446.672729,1503.343384,-3530.825684,1467.959961,1635.978882,-3579.459229,1463.908813,1468.860107,-3579.807617,1477.031494,1591.624268,-3603.261719,1446.622803,1503.460205,-3530.851807,1468.046143,1635.980957,-3579.410889,2616.289307,1567.740479,-3159.784912,,,,,,,,,,,,,,,,,,,,,,,,,,,,,,,,,
10840,108.400000,0.000000,0.000000,0.000000,1.000000,0.000000,0.000000,0.000000,57.698101,20.499701,-14.700500,0.047771,-0.013570,0.015998,-15.666301,-52.738201,18.801300,-93.396698,0.129960,17.611099,-0.240577,-0.476008,-0.672740,0.512796,1466.766357,1549.870972,-3571.285645,1466.884033,1468.766602,-3577.719971,1480.211182,1591.636719,-3601.111328,1449.254883,1503.206665,-3528.921143,1470.715332,1635.874390,-3577.390137,1466.916382,1468.743408,-3577.837402,1480.296143,1591.803589,-3601.261963,1449.168945,1503.207520,-3528.677002,1470.682983,1635.742676,-3577.355713,2616.283691,1567.756592,-3159.787354,,,,,,,,,,,,,,,,,,,,,,,,,,,,,,,,,
10841,108.410000,0.000000,0.000000,0.000000,1.000000,0.000000,0.000000,0.000000,57.698101,20.499701,-14.700500,0.047771,-0.013570,0.015998,-15.666301,-52.738201,18.801300,-93.396698,0.129960,17.611099,-0.240362,-0.475680,-0.672434,0.513603,1469.764648,1549.937378,-3569.335205,1469.993530,1468.838135,-3575.831055,1483.120361,1591.744995,-3599.142334,1452.361572,1503.215698,-3526.989258,1473.583496,1635.951050,-3575.378174,1470.037476,1468.821533,-3575.903809,1483.159912,1591.880493,-3599.305176,1452.263184,1503.144287,-3526.779297,1473.590088,1635.909912,-3575.345459,2616.289795,1567.749512,-3159.787842,,,,,,,,,,,,,,,,,,,,,,,,,,,,,,,,,
10842,108.420000,0.000000,0.000000,0.000000,1.000000,0.000000,0.000000,0.000000,57.698101,20.499701,-14.700500,0.047771,-0.013570,0.015998,-15.666301,-52.738201,18.801300,-93.396698,0.129960,17.611099,-0.243538,-0.472971,-0.672297,0.514786,1472.629639,1550.032471,-3567.467285,1472.594482,1468.938354,-3574.030518,1485.847534,1591.830078,-3597.349365,1455.455078,1503.320801,-3525.016846,1476.621460,1636.040894,-3573.471924,1472.654785,1468.864502,-3574.035645,1485.761230,1591.821411,-3597.368896,1455.415649,1503.372437,-3525.025146,1476.687256,1636.070312,-3573.439453,2616.295410,1567.740234,-3159.788086,,,,,,,,,,,,,,,,,,,,,,,,,,,,,,,,,
10843,108.430000,0.000000,0.000000,0.000000,1.000000,0.000000,0.000000,0.000000,57.698101,20.499701,-14.700500,0.047771,-0.013570,0.015998,-15.666301,-52.738201,18.801300,-93.396698,0.129960,17.611099,-0.245099,-0.472152,-0.672652,0.514333,1475.357300,1549.951416,-3565.637207,1475.075439,1468.855103,-3572.168213,1488.624390,1591.699707,-3595.566650,1458.148926,1503.305298,-3523.128174,1479.580322,1635.945801,-3571.685059,1475.170410,1468.838257,-3572.159424,1488.435181,1591.592285,-3595.517334,1458.105103,1503.391846,-3523.203857,1479.703003,1635.975708,-3571.663086,2616.260010,1567.745972,-3159.792236,,,,,,,,,,,,,,,,,,,,,,,,,,,,,,,,,
10844,108.440000,0.000000,0.000000,0.000000,1.000000,0.000000,0.000000,0.000000,57.698101,20.499701,-14.700500,0.047771,-0.013570,0.015998,-15.666301,-52.738201,18.801300,-93.396698,0.129960,17.611099,-0.241273,-0.474941,-0.673488,0.512477,1478.225220,1549.885986,-3563.917480,1478.141724,1468.789795,-3570.455322,1491.728271,1591.657837,-3593.708008,1460.660889,1503.208984,-3521.588623,1482.369873,1635.887451,-3569.917480,1478.152710,1468.795532,-3570.525146,1491.816040,1591.841309,-3593.844971,1460.595825,1503.155029,-3521.393555,1482.339478,1635.765381,-3569.901611,2616.269287,1567.746460,-3159.798340,,,,,,,,,,,,,,,,,,,,,,,,,,,,,,,,,
10845,108.450000,0.000000,0.000000,0.000000,1.000000,0.000000,0.000000,0.000000,57.698101,20.499701,-14.700500,0.047771,-0.013570,0.015998,-15.666301,-52.738201,18.801300,-93.396698,0.129960,17.611099,-0.241159,-0.474803,-0.672785,0.513580,1481.281738,1550.001099,-3562.345947,1481.371582,1468.906006,-3568.897705,1494.649902,1591.808228,-3592.147949,1463.880615,1503.277832,-3520.000977,1485.224854,1636.012817,-3568.336914,1481.429688,1468.814453,-3568.937012,1494.634155,1591.972046,-3592.290283,1463.785034,1503.221802,-3519.853271,1485.268799,1636.006348,-3568.307373,2616.286133,1567.735718,-3159.783691,,,,,,,,,,,,,,,,,,,,,,,,,,,,,,,,,
10846,108.460000,0.000000,0.000000,0.000000,1.000000,0.000000,0.000000,0.000000,57.698101,20.499701,-14.700500,0.047771,-0.013570,0.015998,-15.666301,-52.738201,18.801300,-93.396698,0.129960,17.611099,-0.244819,-0.472061,-0.672219,0.515115,1484.106689,1550.121704,-3560.845703,1483.959717,1469.027466,-3567.407959,1497.281860,1591.904175,-3590.767822,1467.006958,1503.429810,-3518.343506,1488.177979,1636.125488,-3566.863281,1484.053467,1468.856445,-3567.414062,1497.106567,1591.885132,-3590.702148,1466.960815,1503.510376,-3518.389160,1488.307129,1636.226440,-3566.872070,2616.286865,1567.747803,-3159.779053,,,,,,,,,,,,,,,,,,,,,,,,,,,,,,,,,
10847,108.470000,0.000000,0.000000,0.000000,1.000000,0.000000,0.000000,0.000000,57.698101,20.499701,-14.700500,0.047771,-0.013570,0.015998,-15.666301,-52.738201,18.801300,-93.396698,0.129960,17.611099,-0.244930,-0.472871,-0.672652,0.513753,1486.732422,1550.101685,-3559.374512,1486.438965,1468.998413,-3565.818604,1500.055908,1591.814087,-3589.329102,1469.447388,1503.505981,-3516.841553,1490.987671,1636.088379,-3565.508789,1486.462769,1468.868164,-3565.806885,1500.021606,1591.867310,-3589.355713,1469.426636,1503.524780,-3516.844727,1491.020874,1636.138428,-3565.490479,2616.290283,1567.774414,-3159.789062,,,,,,,,,,,,,,,,,,,,,,,,,,,,,,,,,
10848,108.480000,0.000000,0.000000,0.000000,1.000000,0.000000,0.000000,0.000000,57.698101,20.499701,-14.700500,0.047771,-0.013570,0.015998,-15.666301,-52.738201,18.801300,-93.396698,0.129960,17.611099,-0.242256,-0.475623,-0.672470,0.512717,1489.687378,1550.108398,-3558.033203,1489.656982,1468.994385,-3564.346191,1503.118530,1591.807617,-3587.957764,1472.215698,1503.535889,-3515.551270,1493.758179,1636.096069,-3564.277344,1489.708374,1469.137573,-3564.455811,1503.178467,1591.897461,-3588.124756,1472.118408,1503.498535,-3515.317383,1493.739258,1635.896606,-3564.224365,2616.299561,1567.807251,-3159.800049,,,,,,,,,,,,,,,,,,,,,,,,,,,,,,,,,
10849,108.490000,0.000000,0.000000,0.000000,1.000000,0.000000,0.000000,0.000000,57.698101,20.499701,-14.700500,0.047771,-0.013570,0.015998,-15.666301,-52.738201,18.801300,-93.396698,0.129960,17.611099,-0.246101,-0.472840,-0.671165,0.515164,1492.754028,1550.177979,-3556.828369,1492.623779,1469.062378,-3563.119385,1505.871338,1591.864502,-3586.909424,1475.732422,1503.622803,-3514.145020,1496.788330,1636.162476,-3563.139160,1492.710571,1468.982788,-3563.145020,1505.741821,1591.838745,-3586.901367,1475.682373,1503.736572,-3514.161865,1496.877319,1636.153809,-3563.105225,2616.281494,1567.715942,-3159.781006,,,,,,,,,,,,,,,,,,,,,,,,,,,,,,,,,
10850,108.500000,0.000000,0.000000,0.000000,1.000000,0.000000,0.000000,0.000000,57.698101,20.499701,-14.700500,0.047771,-0.013570,0.015998,-15.666301,-52.738201,18.801300,-93.396698,0.129960,17.611099,-0.248443,-0.471419,-0.670833,0.515774,1495.431641,1550.132202,-3555.611816,1495.125610,1469.013550,-3561.859619,1508.460938,1591.780029,-3585.784668,1478.557129,1503.629028,-3512.813721,1499.582886,1636.106201,-3561.989258,1495.187866,1468.797485,-3561.806885,1508.321411,1591.774170,-3585.749268,1478.535034,1503.693848,-3512.910889,1499.690186,1636.252686,-3561.973877,2616.290771,1567.747925,-3159.769287,,,,,,,,,,,,,,,,,,,,,,,,,,,,,,,,,
10851,108.510000,0.000000,0.000000,0.000000,1.000000,0.000000,0.000000,0.000000,57.698101,20.499701,-14.700500,0.047771,-0.013570,0.015998,-15.666301,-52.738201,18.801300,-93.396698,0.129960,17.611099,-0.245626,-0.474763,-0.671025,0.513803,1498.090332,1550.177246,-3554.399902,1497.960693,1469.043701,-3560.456787,1511.335083,1591.772827,-3584.551025,1480.891724,1503.750610,-3511.647705,1502.174072,1636.141968,-3560.944092,1497.950439,1468.994385,-3560.513916,1511.459961,1591.959839,-3584.717773,1480.853760,1503.750366,-3511.488281,1502.109619,1636.026245,-3560.890625,2616.285645,1567.762817,-3159.787354,,,,,,,,,,,,,,,,,,,,,,,,,,,,,,,,,
10852,108.520000,0.000000,0.000000,0.000000,1.000000,0.000000,0.000000,0.000000,57.698101,20.499701,-14.700500,0.047771,-0.013570,0.015998,-15.666301,-52.738201,18.801300,-93.396698,0.129960,17.611099,-0.247329,-0.474042,-0.670354,0.514526,1501.118896,1550.274902,-3553.313232,1500.939453,1469.135010,-3559.282959,1514.254517,1591.834229,-3583.562012,1484.078735,1503.899048,-3510.442383,1505.202759,1636.231323,-3559.965332,1501.043457,1469.276489,-3559.410400,1514.210693,1591.753784,-3583.650146,1483.989990,1503.982910,-3510.302490,1505.235596,1636.096924,-3559.891113,2616.249756,1567.765381,-3159.802490,,,,,,,,,,,,,,,,,,,,,,,,,,,,,,,,,
10853,108.530000,0.000000,0.000000,0.000000,1.000000,0.000000,0.000000,0.000000,57.698101,20.499701,-14.700500,0.047771,-0.013570,0.015998,-15.666301,-52.738201,18.801300,-93.396698,0.129960,17.611099,-0.249902,-0.472204,-0.669663,0.515872,1503.927979,1550.154297,-3552.213379,1503.639404,1469.013672,-3558.167725,1516.887451,1591.697632,-3582.560059,1487.147949,1503.800049,-3509.217041,1508.036987,1636.106201,-3558.908691,1503.808350,1468.952271,-3558.204102,1516.611938,1591.649536,-3582.526367,1487.041138,1503.903687,-3509.228760,1508.237183,1636.105591,-3558.891113,2616.280762,1567.779175,-3159.805908,,,,,,,,,,,,,,,,,,,,,,,,,,,,,,,,,
10854,108.540000,0.000000,0.000000,0.000000,1.000000,0.000000,0.000000,0.000000,57.698101,20.499701,-14.700500,0.047771,-0.013570,0.015998,-15.666301,-52.738201,18.801300,-93.396698,0.129960,17.611099,-0.248933,-0.473019,-0.669732,0.515503,1506.498047,1550.079346,-3551.104004,1506.286133,1468.937256,-3557.041748,1519.502563,1591.625977,-3581.426758,1489.644775,1503.721436,-3508.140381,1510.558838,1636.032959,-3557.807373,1506.243896,1468.758911,-3557.073975,1519.617188,1591.843628,-3581.507568,1489.635864,1503.681763,-3508.026367,1510.508057,1636.045166,-3557.817383,2616.281006,1567.728149,-3159.789795,,,,,,,,,,,,,,,,,,,,,,,,,,,,,,,,,
10855,108.550000,0.000000,0.000000,0.000000,1.000000,0.000000,0.000000,0.000000,57.698101,20.499701,-14.700500,0.047771,-0.013570,0.015998,-15.666301,-52.738201,18.801300,-93.396698,0.129960,17.611099,-0.247593,-0.474227,-0.669352,0.515533,1509.399658,1550.231323,-3550.040039,1509.391113,1469.085571,-3555.930908,1522.394043,1591.790161,-3580.350098,1492.531860,1503.859619,-3507.096680,1513.281616,1636.190186,-3556.781982,1509.448120,1468.977417,-3556.045166,1522.423218,1591.910034,-3580.491699,1492.430664,1503.847778,-3506.865234,1513.289185,1636.190796,-3556.749268,2616.281006,1567.728027,-3159.771729,,,,,,,,,,,,,,,,,,,,,,,,,,,,,,,,,
10856,108.560000,0.000000,0.000000,0.000000,1.000000,0.000000,0.000000,0.000000,57.698101,20.499701,-14.700500,0.047771,-0.013570,0.015998,-15.666301,-52.738201,18.801300,-93.396698,0.129960,17.611099,-0.250707,-0.472190,-0.668790,0.516626,1512.311890,1550.259399,-3549.031250,1512.103027,1469.110962,-3554.882812,1525.155762,1591.779053,-3579.459229,1495.681396,1503.940186,-3505.938965,1516.307495,1636.207520,-3555.843994,1512.177979,1469.114380,-3554.917725,1525.052368,1591.724121,-3579.453125,1495.636841,1504.029663,-3505.939209,1516.376465,1636.168701,-3555.814209,2616.305176,1567.759644,-3159.777100,,,,,,,,,,,,,,,,,,,,,,,,,,,,,,,,,
10857,108.570000,0.000000,0.000000,0.000000,1.000000,0.000000,0.000000,0.000000,57.698101,20.499701,-14.700500,0.047771,-0.013570,0.015998,-15.666301,-52.738201,18.801300,-93.396698,0.129960,17.611099,-0.250533,-0.472121,-0.668661,0.516941,1514.967285,1549.990479,-3548.018799,1514.812744,1468.843872,-3553.895020,1527.776611,1591.528442,-3578.436279,1498.377197,1503.646851,-3504.937500,1518.902710,1635.943359,-3554.805664,1514.910156,1468.777710,-3553.918457,1527.658081,1591.550659,-3578.493408,1498.302490,1503.720825,-3504.913330,1518.997559,1635.912354,-3554.750977,2616.302246,1567.778564,-3159.774902,,,,,,,,,,,,,,,,,,,,,,,,,,,,,,,,,
10858,108.580000,0.000000,0.000000,0.000000,1.000000,0.000000,0.000000,0.000000,57.698101,20.499701,-14.700500,0.047771,-0.013570,0.015998,-15.666301,-52.738201,18.801300,-93.396698,0.129960,17.611099,-0.248356,-0.473690,-0.668954,0.516175,1517.781738,1549.899780,-3547.031250,1517.781982,1468.753174,-3552.911865,1530.692261,1591.458618,-3577.377441,1501.029297,1503.528809,-3504.042236,1521.623535,1635.858887,-3553.793457,1517.759155,1468.614136,-3552.957031,1530.849854,1591.698364,-3577.606201,1500.980469,1503.451538,-3503.842529,1521.560791,1635.865845,-3553.742920,2616.289307,1567.771973,-3159.783936,,,,,,,,,,,,,,,,,,,,,,,,,,,,,,,,,
10859,108.590000,0.000000,0.000000,0.000000,1.000000,0.000000,0.000000,0.000000,57.698101,20.499701,-14.700500,0.047771,-0.013570,0.015998,-15.666301,-52.738201,18.801300,-93.396698,0.129960,17.611099,-0.250579,-0.471840,-0.668186,0.517788,1520.735962,1549.970825,-3546.085205,1520.690063,1468.825806,-3551.986084,1533.443237,1591.536255,-3576.508057,1504.272461,1503.590210,-3502.995117,1524.538208,1635.931396,-3552.851318,1520.816650,1468.796265,-3552.036865,1533.296997,1591.526978,-3576.579102,1504.162842,1503.606934,-3502.915771,1524.663818,1635.953247,-3552.811035,2616.288330,1567.769287,-3159.794189,,,,,,,,,,,,,,,,,,,,,,,,,,,,,,,,,
10860,108.600000,0.000000,0.000000,0.000000,1.000000,0.000000,0.000000,0.000000,57.698101,20.499701,-14.700500,0.047771,-0.013570,0.015998,-15.666301,-52.738201,18.801300,-93.396698,0.129960,17.611099,-0.253175,-0.469610,-0.668468,0.518188,1523.341675,1549.754150,-3545.091064,1522.990234,1468.614258,-3551.052490,1536.003906,1591.300659,-3575.558594,1506.983276,1503.395264,-3501.937500,1527.389038,1635.706665,-3551.815674,1523.086060,1468.583008,-3551.079346,1535.855225,1591.276367,-3575.539795,1506.922852,1503.474365,-3501.943359,1527.497437,1635.681152,-3551.800537,2616.282959,1567.762573,-3159.783936,,,,,,,,,,,,,,,,,,,,,,,,,,,,,,,,,
10861,108.610000,0.000000,0.000000,0.000000,1.000000,0.000000,0.000000,0.000000,57.698101,20.499701,-14.700500,0.047771,-0.013570,0.015998,-15.666301,-52.738201,18.801300,-93.396698,0.129960,17.611099,-0.251328,-0.470950,-0.669318,0.516773,1526.118530,1549.425903,-3544.112061,1525.771484,1468.287354,-3550.091797,1538.966675,1590.973999,-3574.499268,1509.501343,1503.064331,-3501.060303,1530.234497,1635.378540,-3550.796387,1525.745972,1468.201294,-3550.197021,1539.141846,1591.222534,-3574.663574,1509.456665,1503.024170,-3500.803711,1530.151733,1635.289429,-3550.783203,2616.297119,1567.759521,-3159.783691,,,,,,,,,,,,,,,,,,,,,,,,,,,,,,,,,
10862,108.620000,0.000000,0.000000,0.000000,1.000000,0.000000,0.000000,0.000000,57.698101,20.499701,-14.700500,0.047771,-0.013570,0.015998,-15.666301,-52.738201,18.801300,-93.396698,0.129960,17.611099,-0.252557,-0.469261,-0.668681,0.518532,1529.244385,1549.415283,-3543.167969,1528.946777,1468.284058,-3549.249756,1541.887573,1591.014893,-3573.571045,1512.905151,1502.982178,-3500.086914,1533.238159,1635.380249,-3549.764404,1528.989380,1468.234131,-3549.289062,1541.863647,1591.097168,-3573.633545,1512.845215,1502.949951,-3499.987061,1533.275146,1635.380615,-3549.760498,2616.292236,1567.742798,-3159.781494,,,,,,,,,,,,,,,,,,,,,,,,,,,,,,,,,
10863,108.630000,0.000000,0.000000,0.000000,1.000000,0.000000,0.000000,0.000000,57.698101,20.499701,-14.700500,0.047771,-0.013570,0.015998,-15.666301,-52.738201,18.801300,-93.396698,0.129960,17.611099,-0.254579,-0.466975,-0.668631,0.519669,1532.025879,1549.276367,-3542.203125,1531.570435,1468.154785,-3548.403076,1544.542969,1590.902588,-3572.621826,1515.883667,1502.803101,-3499.091064,1536.106567,1635.245117,-3548.696533,1531.679443,1468.115356,-3548.410156,1544.340698,1590.861450,-3572.564697,1515.819092,1502.853516,-3499.125488,1536.255249,1635.271729,-3548.708008,2616.278076,1567.762451,-3159.794434,,,,,,,,,,,,,,,,,,,,,,,,,,,,,,,,,
10864,108.640000,0.000000,0.000000,0.000000,1.000000,0.000000,0.000000,0.000000,57.698101,20.499701,-14.700500,0.047771,-0.013570,0.015998,-15.666301,-52.738201,18.801300,-93.396698,0.129960,17.611099,-0.252969,-0.468077,-0.669789,0.517971,1534.621826,1548.911499,-3541.197510,1534.085815,1467.793213,-3547.433838,1547.364014,1590.532593,-3571.529541,1518.178345,1502.443237,-3498.194336,1538.859131,1634.877075,-3547.632568,1534.085693,1467.789307,-3547.484375,1547.438721,1590.642578,-3571.643555,1518.145630,1502.433350,-3498.066162,1538.820312,1634.787109,-3547.597412,2616.264160,1567.736328,-3159.790039,,,,,,,,,,,,,,,,,,,,,,,,,,,,,,,,,
10865,108.650000,0.000000,0.000000,0.000000,1.000000,0.000000,0.000000,0.000000,57.698101,20.499701,-14.700500,0.047771,-0.013570,0.015998,-15.666301,-52.738201,18.801300,-93.396698,0.129960,17.611099,-0.253436,-0.467178,-0.670204,0.518017,1537.707031,1548.684082,-3540.297363,1537.060181,1467.573730,-3546.624756,1550.459473,1590.323486,-3570.600098,1521.264771,1502.187988,-3497.323486,1542.043823,1634.651489,-3546.640869,1537.092163,1467.592896,-3546.699219,1550.485352,1590.399780,-3570.689453,1521.207886,1502.182007,-3497.176025,1542.040527,1634.563721,-3546.617676,2616.299805,1567.766846,-3159.789307,,,,,,,,,,,,,,,,,,,,,,,,,,,,,,,,,
10866,108.660000,0.000000,0.000000,0.000000,1.000000,0.000000,0.000000,0.000000,57.698101,20.499701,-14.700500,0.047771,-0.013570,0.015998,-15.666301,-52.738201,18.801300,-93.396698,0.129960,17.611099,-0.255182,-0.464763,-0.669776,0.519883,1540.659058,1548.530273,-3539.402344,1539.975830,1467.432495,-3545.885254,1553.201538,1590.230591,-3569.708496,1524.513428,1501.947754,-3496.409668,1544.945312,1634.510376,-3545.605225,1540.136597,1467.361694,-3545.920898,1552.964966,1590.212402,-3569.730469,1524.395752,1501.985962,-3496.377441,1545.136353,1634.560059,-3545.582031,2616.282471,1567.744019,-3159.782227,,,,,,,,,,,,,,,,,,,,,,,,,,,,,,,,,
10867,108.670000,0.000000,0.000000,0.000000,1.000000,0.000000,0.000000,0.000000,57.698101,20.499701,-14.700500,0.047771,-0.013570,0.015998,-15.666301,-52.738201,18.801300,-93.396698,0.129960,17.611099,-0.254829,-0.464728,-0.670394,0.519290,1543.237915,1548.244507,-3538.449463,1542.471924,1467.151978,-3544.989014,1555.866821,1589.951416,-3568.710938,1526.983765,1501.650757,-3495.509766,1547.629150,1634.223999,-3544.588135,1542.556641,1467.059448,-3545.052246,1555.795166,1590.012573,-3568.784424,1526.898438,1501.677979,-3495.404785,1547.699097,1634.226562,-3544.556885,2616.294678,1567.759766,-3159.786377,,,,,,,,,,,,,,,,,,,,,,,,,,,,,,,,,
10868,108.680000,0.000000,0.000000,0.000000,1.000000,0.000000,0.000000,0.000000,57.698101,20.499701,-14.700500,0.047771,-0.013570,0.015998,-15.666301,-52.738201,18.801300,-93.396698,0.129960,17.611099,-0.253857,-0.465603,-0.671134,0.518025,1546.169922,1547.923950,-3537.579590,1545.338013,1466.831543,-3544.112305,1558.959229,1589.612915,-3567.798096,1529.702148,1501.353638,-3494.695801,1550.680054,1633.897827,-3543.711670,1545.341919,1466.892090,-3544.156494,1559.046753,1589.749634,-3567.962402,1529.653687,1501.293823,-3494.536377,1550.641357,1633.763550,-3543.666748,2616.281250,1567.778198,-3159.794434,,,,,,,,,,,,,,,,,,,,,,,,,,,,,,,,,
10869,108.690000,0.000000,0.000000,0.000000,1.000000,0.000000,0.000000,0.000000,57.698101,20.499701,-14.700500,0.047771,-0.013570,0.015998,-15.666301,-52.738201,18.801300,-93.396698,0.129960,17.611099,-0.255818,-0.463659,-0.670302,0.519877,1549.329590,1547.693604,-3536.845459,1548.496460,1466.605713,-3543.432861,1561.891235,1589.411987,-3567.119141,1533.178467,1501.082764,-3493.885742,1553.752441,1633.674438,-3542.943848,1548.604492,1466.572388,-3543.479736,1561.752686,1589.359253,-3567.149902,1533.103027,1501.171997,-3493.859863,1553.854248,1633.669067,-3542.893799,2616.289307,1567.755005,-3159.799561,,,,,,,,,,,,,,,,,,,,,,,,,,,,,,,,,
10870,108.700000,0.000000,0.000000,0.000000,1.000000,0.000000,0.000000,0.000000,57.698101,20.499701,-14.700500,0.047771,-0.013570,0.015998,-15.666301,-52.738201,18.801300,-93.396698,0.129960,17.611099,-0.256082,-0.463082,-0.670597,0.519881,1551.934692,1547.364746,-3536.087891,1551.027954,1466.282593,-3542.737549,1564.506958,1589.095825,-3566.339600,1535.778931,1500.734253,-3493.151123,1556.424927,1633.346436,-3542.123535,1551.091431,1466.138428,-3542.782715,1564.440308,1589.150513,-3566.363525,1535.723633,1500.774292,-3493.094482,1556.486816,1633.386230,-3542.113281,2616.283447,1567.754272,-3159.784424,,,,,,,,,,,,,,,,,,,,,,,,,,,,,,,,,
10871,108.710000,0.000000,0.000000,0.000000,1.000000,0.000000,0.000000,0.000000,57.698101,20.499701,-14.700500,0.047771,-0.013570,0.015998,-15.666301,-52.738201,18.801300,-93.396698,0.129960,17.611099,-0.255665,-0.464065,-0.671524,0.518010,1554.726562,1547.093140,-3535.334229,1553.635498,1466.007080,-3541.907471,1567.521240,1588.761841,-3565.578613,1538.287842,1500.546875,-3492.413330,1559.461914,1633.057007,-3541.436768,1553.632202,1465.881348,-3541.964600,1567.614258,1588.980347,-3565.732666,1538.233276,1500.478638,-3492.225830,1559.436035,1633.052124,-3541.420654,2616.282959,1567.776855,-3159.795166,,,,,,,,,,,,,,,,,,,,,,,,,,,,,,,,,
10872,108.720000,0.000000,0.000000,0.000000,1.000000,0.000000,0.000000,0.000000,57.698101,20.499701,-14.700500,0.047771,-0.013570,0.015998,-15.666301,-52.738201,18.801300,-93.396698,0.129960,17.611099,-0.257793,-0.462675,-0.670858,0.519061,1557.987183,1546.834717,-3534.704590,1556.811890,1465.746582,-3541.237793,1570.635986,1588.483154,-3565.038086,1541.762573,1500.316040,-3491.672852,1562.738281,1632.793213,-3540.869873,1556.904663,1465.806885,-3541.304932,1570.544312,1588.380371,-3565.087891,1541.699951,1500.412231,-3491.625977,1562.797363,1632.738159,-3540.801758,2616.280273,1567.761475,-3159.796875,,,,,,,,,,,,,,,,,,,,,,,,,,,,,,,,,
10873,108.730000,0.000000,0.000000,0.000000,1.000000,0.000000,0.000000,0.000000,57.698101,20.499701,-14.700500,0.047771,-0.013570,0.015998,-15.666301,-52.738201,18.801300,-93.396698,0.129960,17.611099,-0.257386,-0.462757,-0.670439,0.519731,1560.679810,1546.423828,-3534.045654,1559.645264,1465.335449,-3540.600586,1573.249512,1588.102539,-3564.370361,1544.545410,1499.865234,-3491.022949,1565.279053,1632.392212,-3540.188721,1559.727173,1465.284302,-3540.625732,1573.139771,1588.098633,-3564.390869,1544.486084,1499.920044,-3491.006836,1565.364990,1632.391724,-3540.160645,2616.263184,1567.775269,-3159.790039,,,,,,,,,,,,,,,,,,,,,,,,,,,,,,,,,
10874,108.740000,0.000000,0.000000,0.000000,1.000000,0.000000,0.000000,0.000000,57.698101,20.499701,-14.700500,0.047771,-0.013570,0.015998,-15.666301,-52.738201,18.801300,-93.396698,0.129960,17.611099,-0.257148,-0.463638,-0.671485,0.517709,1563.346069,1546.201294,-3533.386230,1562.081787,1465.110107,-3539.863525,1576.156372,1587.809937,-3563.706543,1546.909546,1499.736938,-3490.375977,1568.236328,1632.148682,-3539.598389,1562.052734,1464.886963,-3539.932129,1576.263794,1587.977661,-3563.807129,1546.890381,1499.734253,-3490.235352,1568.184937,1632.197876,-3539.582520,2616.290771,1567.729614,-3159.786865,,,,,,,,,,,,,,,,,,,,,,,,,,,,,,,,,
10875,108.750000,0.000000,0.000000,0.000000,1.000000,0.000000,0.000000,0.000000,57.698101,20.499701,-14.700500,0.047771,-0.013570,0.015998,-15.666301,-52.738201,18.801300,-93.396698,0.129960,17.611099,-0.259148,-0.462345,-0.671487,0.517865,1566.430054,1545.967773,-3532.772705,1564.951416,1464.878052,-3539.223877,1579.210205,1587.539185,-3563.156982,1550.065674,1499.552246,-3489.682373,1571.493164,1631.901978,-3539.027344,1565.031982,1464.902222,-3539.260010,1579.111816,1587.521362,-3563.179443,1550.007446,1499.603638,-3489.652100,1571.568970,1631.843140,-3538.999268,2616.283203,1567.728882,-3159.774170,,,,,,,,,,,,,,,,,,,,,,,,,,,,,,,,,
10876,108.760000,0.000000,0.000000,0.000000,1.000000,0.000000,0.000000,0.000000,57.698101,20.499701,-14.700500,0.047771,-0.013570,0.015998,-15.666301,-52.738201,18.801300,-93.396698,0.129960,17.611099,-0.258794,-0.462225,-0.670879,0.518936,1569.176636,1545.504272,-3532.129395,1567.881104,1464.414551,-3538.621338,1581.830566,1587.121094,-3562.504150,1552.961792,1499.028076,-3489.047607,1574.033203,1631.453247,-3538.343994,1568.010010,1464.454224,-3538.675293,1581.662476,1587.099243,-3562.515869,1552.872925,1499.116455,-3489.013672,1574.161743,1631.343384,-3538.312500,2616.329834,1567.744385,-3159.768799,,,,,,,,,,,,,,,,,,,,,,,,,,,,,,,,,
10877,108.770000,0.000000,0.000000,0.000000,1.000000,0.000000,0.000000,0.000000,57.698101,20.499701,-14.700500,0.047771,-0.013570,0.015998,-15.666301,-52.738201,18.801300,-93.396698,0.129960,17.611099,-0.256825,-0.464120,-0.672054,0.516698,1571.908936,1545.243042,-3531.490723,1570.545288,1464.151611,-3537.946289,1584.842896,1586.824463,-3561.795898,1555.314575,1498.814819,-3488.502197,1576.932861,1631.181519,-3537.718506,1570.531372,1463.924805,-3537.987061,1584.936401,1587.064575,-3561.947754,1555.263550,1498.723633,-3488.330566,1576.912842,1631.260986,-3537.710449,2616.266357,1567.723633,-3159.784912,,,,,,,,,,,,,,,,,,,,,,,,,,,,,,,,,
10878,108.780000,0.000000,0.000000,0.000000,1.000000,0.000000,0.000000,0.000000,57.698101,20.499701,-14.700500,0.047771,-0.013570,0.015998,-15.666301,-52.738201,18.801300,-93.396698,0.129960,17.611099,-0.259388,-0.462169,-0.671976,0.517267,1574.788330,1545.084473,-3530.953369,1573.180054,1463.998169,-3537.415771,1587.644897,1586.639038,-3561.328369,1558.335693,1498.689941,-3487.874023,1579.992676,1631.011108,-3537.195557,1573.238281,1463.833740,-3537.448242,1587.568604,1586.704956,-3561.332520,1558.285522,1498.711060,-3487.832520,1580.065552,1631.077637,-3537.204346,2616.286377,1567.760986,-3159.794678,,,,,,,,,,,,,,,,,,,,,,,,,,,,,,,,,
10879,108.790000,0.000000,0.000000,0.000000,1.000000,0.000000,0.000000,0.000000,57.698101,20.499701,-14.700500,0.047771,-0.013570,0.015998,-15.666301,-52.738201,18.801300,-93.396698,0.129960,17.611099,-0.259544,-0.461773,-0.671456,0.518218,1577.546021,1544.669067,-3530.420166,1576.045288,1463.582886,-3536.910645,1590.287842,1586.254028,-3560.801758,1561.237671,1498.233765,-3487.329590,1582.613281,1630.605713,-3536.638184,1576.151123,1463.685181,-3537.010498,1590.180298,1586.109131,-3560.809570,1561.178345,1498.382812,-3487.284180,1582.672241,1630.501343,-3536.579346,2616.315674,1567.756714,-3159.789795,,,,,,,,,,,,,,,,,,,,,,,,,,,,,,,,,
10880,108.800000,0.000000,0.000000,0.000000,1.000000,0.000000,0.000000,0.000000,57.698101,20.499701,-14.700500,0.047771,-0.013570,0.015998,-15.666301,-52.738201,18.801300,-93.396698,0.129960,17.611099,-0.257727,-0.462629,-0.672082,0.517549,1580.254883,1544.286255,-3529.906006,1578.828735,1463.205566,-3536.481201,1593.102417,1585.907837,-3560.192871,1563.789307,1497.800171,-3486.930420,1585.299194,1630.231689,-3536.019531,1578.862793,1463.107666,-3536.538330,1593.138428,1586.098145,-3560.364014,1563.706543,1497.746582,-3486.743652,1585.308838,1630.209839,-3535.984375,2616.274658,1567.748901,-3159.786865,,,,,,,,,,,,,,,,,,,,,,,,,,,,,,,,,
10881,108.810000,0.000000,0.000000,0.000000,1.000000,0.000000,0.000000,0.000000,57.698101,20.499701,-14.700500,0.047771,-0.013570,0.015998,-15.666301,-52.738201,18.801300,-93.396698,0.129960,17.611099,-0.259604,-0.461290,-0.672344,0.517465,1582.931152,1544.058838,-3529.473633,1581.252686,1462.982910,-3536.047363,1595.783569,1585.645874,-3559.805664,1566.494141,1497.616577,-3486.439697,1588.194214,1629.990112,-3535.601318,1581.293213,1462.700928,-3536.130615,1595.779053,1585.799316,-3559.878174,1566.432251,1497.640503,-3486.303955,1588.222778,1630.061646,-3535.591797,2616.303467,1567.700317,-3159.778809,,,,,,,,,,,,,,,,,,,,,,,,,,,,,,,,,
10882,108.820000,0.000000,0.000000,0.000000,1.000000,0.000000,0.000000,0.000000,57.698101,20.499701,-14.700500,0.047771,-0.013570,0.015998,-15.666301,-52.738201,18.801300,-93.396698,0.129960,17.611099,-0.260497,-0.460603,-0.671440,0.518801,1585.800415,1543.711304,-3529.098389,1584.224121,1462.631958,-3535.654785,1598.478516,1585.313965,-3559.482422,1569.591064,1497.249878,-3485.998779,1590.907959,1629.649902,-3535.257080,1584.331665,1462.690063,-3535.699951,1598.318726,1585.246094,-3559.446777,1569.538330,1497.427002,-3486.029297,1591.010376,1629.477295,-3535.214355,2616.285400,1567.695801,-3159.767090,,,,,,,,,,,,,,,,,,,,,,,,,,,,,,,,,
10883,108.830000,0.000000,0.000000,0.000000,1.000000,0.000000,0.000000,0.000000,57.698101,20.499701,-14.700500,0.047771,-0.013570,0.015998,-15.666301,-52.738201,18.801300,-93.396698,0.129960,17.611099,-0.259957,-0.461124,-0.672094,0.517761,1588.467163,1543.160156,-3528.681396,1586.801514,1462.082397,-3535.235596,1601.277588,1584.743896,-3559.035889,1572.086548,1496.723267,-3485.620117,1593.702759,1629.091553,-3534.833496,1586.849854,1462.120850,-3535.285889,1601.274414,1584.784912,-3559.156494,1572.027832,1496.746338,-3485.514893,1593.714478,1628.987793,-3534.765869,2616.288818,1567.725952,-3159.774658,,,,,,,,,,,,,,,,,,,,,,,,,,,,,,,,,
10884,108.840000,0.000000,0.000000,0.000000,1.000000,0.000000,0.000000,0.000000,57.698101,20.499701,-14.700500,0.047771,-0.013570,0.015998,-15.666301,-52.738201,18.801300,-93.396698,0.129960,17.611099,-0.260731,-0.460598,-0.672865,0.516838,1591.145386,1542.792847,-3528.345703,1589.232178,1461.721313,-3534.910400,1604.071533,1584.341675,-3558.698975,1574.638550,1496.399902,-3485.285400,1596.639160,1628.708740,-3534.487793,1589.230347,1461.479126,-3534.938477,1604.129517,1584.609253,-3558.835693,1574.572144,1496.264160,-3485.110107,1596.650757,1628.818237,-3534.502686,2616.279541,1567.782715,-3159.792725,,,,,,,,,,,,,,,,,,,,,,,,,,,,,,,,,
10885,108.850000,0.000000,0.000000,0.000000,1.000000,0.000000,0.000000,0.000000,57.698101,20.499701,-14.700500,0.047771,-0.013570,0.015998,-15.666301,-52.738201,18.801300,-93.396698,0.129960,17.611099,-0.261360,-0.460374,-0.671759,0.518157,1593.933838,1542.435669,-3528.045898,1592.182251,1461.355713,-3534.550537,1606.680420,1583.992310,-3558.464355,1577.653931,1496.035400,-3484.906982,1599.218750,1628.359375,-3534.261963,1592.317017,1461.254272,-3534.656006,1606.532471,1583.965088,-3558.489746,1577.555542,1496.182861,-3484.825684,1599.328247,1628.342651,-3534.214600,2616.272705,1567.749390,-3159.793701,,,,,,,,,,,,,,,,,,,,,,,,,,,,,,,,,
10886,108.860000,0.000000,0.000000,0.000000,1.000000,0.000000,0.000000,0.000000,57.698101,20.499701,-14.700500,0.047771,-0.013570,0.015998,-15.666301,-52.738201,18.801300,-93.396698,0.129960,17.611099,-0.261045,-0.461035,-0.672037,0.517367,1596.632690,1541.835449,-3527.671631,1594.835938,1460.751953,-3534.121338,1609.469116,1583.361206,-3558.094482,1580.234253,1495.478027,-3484.531738,1601.991455,1627.750732,-3533.938965,1594.896484,1460.834351,-3534.190430,1609.439453,1583.367310,-3558.149170,1580.188599,1495.577148,-3484.459961,1602.008911,1627.549805,-3533.879150,2616.293457,1567.749390,-3159.784912,,,,,,,,,,,,,,,,,,,,,,,,,,,,,,,,,
10887,108.870000,0.000000,0.000000,0.000000,1.000000,0.000000,0.000000,0.000000,57.698101,20.499701,-14.700500,0.047771,-0.013570,0.015998,-15.666301,-52.738201,18.801300,-93.396698,0.129960,17.611099,-0.260181,-0.462248,-0.672960,0.515516,1599.434326,1541.327881,-3527.323242,1597.504028,1460.242798,-3533.712402,1612.494385,1582.801636,-3557.721924,1582.744141,1495.040405,-3484.219971,1604.994873,1627.226807,-3533.638428,1597.518433,1460.059692,-3533.772461,1612.551514,1583.036377,-3557.868408,1582.645630,1494.845093,-3483.966797,1605.014648,1627.359253,-3533.667236,2616.300293,1567.763916,-3159.781006,,,,,,,,,,,,,,,,,,,,,,,,,,,,,,,,,
10888,108.880000,0.000000,0.000000,0.000000,1.000000,0.000000,0.000000,0.000000,57.698101,20.499701,-14.700500,0.047771,-0.013570,0.015998,-15.666301,-52.738201,18.801300,-93.396698,0.129960,17.611099,-0.262091,-0.460790,-0.672058,0.517029,1602.177002,1540.885864,-3526.913086,1600.244507,1459.799561,-3533.286621,1615.037964,1582.363770,-3557.390869,1585.763550,1494.593384,-3483.708984,1607.662109,1626.786987,-3533.265869,1600.299072,1459.668701,-3533.312744,1614.984131,1582.456299,-3557.454102,1585.711182,1494.639160,-3483.658447,1607.713623,1626.776245,-3533.231689,2616.310303,1567.766113,-3159.781494,,,,,,,,,,,,,,,,,,,,,,,,,,,,,,,,,
10889,108.890000,0.000000,0.000000,0.000000,1.000000,0.000000,0.000000,0.000000,57.698101,20.499701,-14.700500,0.047771,-0.013570,0.015998,-15.666301,-52.738201,18.801300,-93.396698,0.129960,17.611099,-0.261146,-0.461773,-0.672125,0.516542,1604.928345,1540.325439,-3526.467529,1603.067261,1459.234497,-3532.802490,1617.846191,1581.795410,-3556.931885,1588.426025,1494.045410,-3483.284180,1610.374146,1626.226807,-3532.851562,1603.165039,1459.342529,-3532.870850,1617.767334,1581.719482,-3557.011963,1588.364014,1494.193115,-3483.239746,1610.420654,1626.041260,-3532.740723,2616.270020,1567.732788,-3159.780762,,,,,,,,,,,,,,,,,,,,,,,,,,,,,,,,,
10890,108.900000,0.000000,0.000000,0.000000,1.000000,0.000000,0.000000,0.000000,57.698101,20.499701,-14.700500,0.047771,-0.013570,0.015998,-15.666301,-52.738201,18.801300,-93.396698,0.129960,17.611099,-0.259252,-0.463320,-0.673680,0.514080,1607.823242,1539.795288,-3526.043701,1605.816895,1458.708984,-3532.394775,1621.058716,1581.235229,-3556.412109,1590.899902,1493.553345,-3482.982422,1613.517578,1625.683716,-3532.384766,1605.854492,1458.624634,-3532.457275,1621.092163,1581.422485,-3556.579834,1590.780029,1493.358643,-3482.717529,1613.548828,1625.761353,-3532.393066,2616.318115,1567.751587,-3159.771729,,,,,,,,,,,,,,,,,,,,,,,,,,,,,,,,,
10891,108.910000,0.000000,0.000000,0.000000,1.000000,0.000000,0.000000,0.000000,57.698101,20.499701,-14.700500,0.047771,-0.013570,0.015998,-15.666301,-52.738201,18.801300,-93.396698,0.129960,17.611099,-0.261471,-0.461687,-0.673050,0.515249,1610.604370,1539.311768,-3525.589844,1608.504028,1458.226562,-3531.924072,1623.683350,1580.741089,-3556.041016,1593.911621,1493.083862,-3482.423828,1616.318604,1625.195801,-3531.970703,1608.553711,1458.013062,-3531.970459,1623.635010,1580.842529,-3556.072510,1593.854126,1493.083130,-3482.342041,1616.379883,1625.290649,-3531.979736,2616.318359,1567.756958,-3159.781006,,,,,,,,,,,,,,,,,,,,,,,,,,,,,,,,,
10892,108.920000,0.000000,0.000000,0.000000,1.000000,0.000000,0.000000,0.000000,57.698101,20.499701,-14.700500,0.047771,-0.013570,0.015998,-15.666301,-52.738201,18.801300,-93.396698,0.129960,17.611099,-0.260181,-0.462846,-0.672733,0.515276,1613.543335,1538.796509,-3525.111816,1611.635742,1457.703857,-3531.410156,1626.616089,1580.238525,-3555.548096,1596.832275,1492.554565,-3481.968262,1619.089478,1624.689575,-3531.520996,1611.708008,1457.828979,-3531.463867,1626.570435,1580.160278,-3555.627686,1596.795410,1492.720703,-3481.948486,1619.101440,1624.465088,-3531.395508,2616.299316,1567.722412,-3159.776855,,,,,,,,,,,,,,,,,,,,,,,,,,,,,,,,,
10893,108.930000,0.000000,0.000000,0.000000,1.000000,0.000000,0.000000,0.000000,57.698101,20.499701,-14.700500,0.047771,-0.013570,0.015998,-15.666301,-52.738201,18.801300,-93.396698,0.129960,17.611099,-0.259278,-0.463631,-0.674385,0.512861,1616.535522,1538.278442,-3524.626465,1614.359497,1457.194214,-3530.947021,1629.917358,1579.675903,-3554.989014,1599.432617,1492.092773,-3481.575928,1622.432617,1624.151245,-3530.993652,1614.377686,1457.142578,-3530.987061,1629.983276,1579.883911,-3555.179932,1599.342529,1491.947510,-3481.359863,1622.435059,1624.151733,-3530.976807,2616.334717,1567.704468,-3159.762207,,,,,,,,,,,,,,,,,,,,,,,,,,,,,,,,,
10894,108.940000,0.000000,0.000000,0.000000,1.000000,0.000000,0.000000,0.000000,57.698101,20.499701,-14.700500,0.047771,-0.013570,0.015998,-15.666301,-52.738201,18.801300,-93.396698,0.129960,17.611099,-0.260663,-0.462282,-0.674139,0.513699,1619.361328,1537.767578,-3524.122803,1617.110107,1456.688354,-3530.483154,1632.641968,1579.175293,-3554.515625,1602.409424,1491.566040,-3481.029541,1625.283691,1623.640503,-3530.462402,1617.145386,1456.479248,-3530.517090,1632.614380,1579.309814,-3554.564941,1602.345093,1491.498657,-3480.922607,1625.342163,1623.771484,-3530.487793,2616.293701,1567.722778,-3159.773682,,,,,,,,,,,,,,,,,,,,,,,,,,,,,,,,,
10895,108.950000,0.000000,0.000000,0.000000,1.000000,0.000000,0.000000,0.000000,57.698101,20.499701,-14.700500,0.047771,-0.013570,0.015998,-15.666301,-52.738201,18.801300,-93.396698,0.129960,17.611099,-0.259269,-0.463391,-0.673608,0.514102,1622.405273,1537.387207,-3523.629395,1620.408813,1456.299683,-3529.967041,1635.635376,1578.823853,-3554.005127,1605.487915,1491.150513,-3480.560303,1628.088989,1623.275269,-3529.984863,1620.517700,1456.391724,-3530.073242,1635.544067,1578.766479,-3554.032959,1605.424316,1491.363647,-3480.501709,1628.141602,1623.022827,-3529.900146,2616.302734,1567.746338,-3159.787354,,,,,,,,,,,,,,,,,,,,,,,,,,,,,,,,,
10896,108.960000,0.000000,0.000000,0.000000,1.000000,0.000000,0.000000,0.000000,57.698101,20.499701,-14.700500,0.047771,-0.013570,0.015998,-15.666301,-52.738201,18.801300,-93.396698,0.129960,17.611099,-0.258580,-0.463699,-0.675410,0.511801,1625.494873,1536.897217,-3523.122314,1623.188965,1455.823364,-3529.531738,1639.027832,1578.301514,-3553.408447,1608.200073,1490.698364,-3480.162598,1631.562378,1622.765625,-3529.386230,1623.233276,1455.813843,-3529.602783,1639.042236,1578.361084,-3553.527832,1608.111206,1490.604858,-3479.972412,1631.582764,1622.799805,-3529.371338,2616.281738,1567.756104,-3159.786377,,,,,,,,,,,,,,,,,,,,,,,,,,,,,,,,,
10897,108.970000,0.000000,0.000000,0.000000,1.000000,0.000000,0.000000,0.000000,57.698101,20.499701,-14.700500,0.047771,-0.013570,0.015998,-15.666301,-52.738201,18.801300,-93.396698,0.129960,17.611099,-0.260467,-0.461502,-0.675124,0.513206,1628.388794,1536.409058,-3522.560791,1625.986084,1455.346558,-3529.076904,1641.761353,1577.849243,-3552.869141,1611.330444,1490.157837,-3479.562988,1634.477295,1622.282471,-3528.734375,1626.045654,1455.130737,-3529.108154,1641.692383,1577.941406,-3552.906006,1611.263428,1490.133789,-3479.490234,1634.562256,1622.417725,-3528.743164,2616.270996,1567.736084,-3159.798096,,,,,,,,,,,,,,,,,,,,,,,,,,,,,,,,,
10898,108.980000,0.000000,0.000000,0.000000,1.000000,0.000000,0.000000,0.000000,57.698101,20.499701,-14.700500,0.047771,-0.013570,0.015998,-15.666301,-52.738201,18.801300,-93.396698,0.129960,17.611099,-0.257691,-0.463087,-0.675188,0.513095,1631.634033,1536.154785,-3522.054199,1629.524536,1455.089844,-3528.640381,1645.041748,1577.659058,-3552.259277,1614.485840,1489.818848,-3479.183350,1637.483887,1622.051636,-3528.133789,1629.577271,1455.108643,-3528.698975,1645.029053,1577.642822,-3552.357422,1614.449585,1489.985107,-3479.132812,1637.476318,1621.877808,-3528.013428,2616.294678,1567.730713,-3159.781982,,,,,,,,,,,,,,,,,,,,,,,,,,,,,,,,,
10899,108.990000,0.000000,0.000000,0.000000,1.000000,0.000000,0.000000,0.000000,57.698101,20.499701,-14.700500,0.047771,-0.013570,0.015998,-15.666301,-52.738201,18.801300,-93.396698,0.129960,17.611099,-0.257402,-0.463677,-0.676874,0.510480,1634.777100,1535.725708,-3521.514404,1632.315674,1454.669678,-3528.087158,1648.508545,1577.157715,-3551.672852,1617.228149,1489.483398,-3478.704834,1641.055664,1621.592407,-3527.592773,1632.400879,1454.729858,-3528.147949,1648.458252,1577.213867,-3551.781738,1617.113892,1489.390015,-3478.536133,1641.123169,1621.563232,-3527.579590,2616.270996,1567.765259,-3159.781738,,,,,,,,,,,,,,,,,,,,,,,,,,,,,,,,,
10900,109.000000,0.000000,0.000000,0.000000,1.000000,0.000000,0.000000,0.000000,57.698101,20.499701,-14.700500,0.047771,-0.013570,0.015998,-15.666301,-52.738201,18.801300,-93.396698,0.129960,17.611099,-0.258399,-0.462125,-0.675924,0.512637,1637.800903,1535.324219,-3521.019287,1635.479492,1454.271729,-3527.685059,1651.278931,1576.825439,-3551.197266,1620.584717,1488.988037,-3478.176025,1643.860596,1621.212158,-3527.018066,1635.511963,1454.163330,-3527.714844,1651.235840,1576.826782,-3551.193115,1620.563354,1489.044800,-3478.163574,1643.894165,1621.256836,-3527.007324,2616.275635,1567.754883,-3159.799072,,,,,,,,,,,,,,,,,,,,,,,,,,,,,,,,,
10901,109.010000,0.000000,0.000000,0.000000,1.000000,0.000000,0.000000,0.000000,57.698101,20.499701,-14.700500,0.047771,-0.013570,0.015998,-15.666301,-52.738201,18.801300,-93.396698,0.129960,17.611099,-0.256156,-0.463807,-0.676506,0.511475,1641.173340,1535.252563,-3520.514404,1638.955444,1454.197998,-3527.191650,1654.803955,1576.763184,-3550.610840,1623.730713,1488.904419,-3477.776123,1647.203247,1621.145020,-3526.479492,1639.008911,1454.133911,-3527.249512,1654.782104,1576.872559,-3550.692871,1623.670288,1488.969604,-3477.677979,1647.230713,1621.038086,-3526.437500,2616.297607,1567.743530,-3159.779053,,,,,,,,,,,,,,,,,,,,,,,,,,,,,,,,,
10902,109.020000,0.000000,0.000000,0.000000,1.000000,0.000000,0.000000,0.000000,57.698101,20.499701,-14.700500,0.047771,-0.013570,0.015998,-15.666301,-52.738201,18.801300,-93.396698,0.129960,17.611099,-0.256038,-0.464321,-0.677913,0.509200,1644.219482,1534.828491,-3519.954102,1641.689209,1453.780884,-3526.604248,1658.127808,1576.268921,-3550.020264,1626.434692,1488.572021,-3477.257568,1650.626343,1620.692627,-3525.934814,1641.772583,1453.786865,-3526.666016,1658.081787,1576.332520,-3550.147461,1626.312256,1488.472168,-3477.075195,1650.695312,1620.713745,-3525.914307,2616.306396,1567.724487,-3159.773926,,,,,,,,,,,,,,,,,,,,,,,,,,,,,,,,,
10903,109.030000,0.000000,0.000000,0.000000,1.000000,0.000000,0.000000,0.000000,57.698101,20.499701,-14.700500,0.047771,-0.013570,0.015998,-15.666301,-52.738201,18.801300,-93.396698,0.129960,17.611099,-0.255939,-0.464291,-0.676581,0.511045,1647.536133,1534.697266,-3519.459717,1645.309448,1453.639282,-3526.092041,1661.212402,1576.187378,-3549.563721,1630.031372,1488.377808,-3476.715576,1653.591431,1620.584961,-3525.467285,1645.352417,1453.656006,-3526.145020,1661.178955,1576.134521,-3549.575928,1630.022095,1488.565918,-3476.716797,1653.590698,1620.440186,-3525.395020,2616.289062,1567.729126,-3159.777344,,,,,,,,,,,,,,,,,,,,,,,,,,,,,,,,,
10904,109.040000,0.000000,0.000000,0.000000,1.000000,0.000000,0.000000,0.000000,57.698101,20.499701,-14.700500,0.047771,-0.013570,0.015998,-15.666301,-52.738201,18.801300,-93.396698,0.129960,17.611099,-0.254469,-0.465257,-0.677637,0.509500,1650.774658,1534.549316,-3518.944092,1648.474609,1453.496948,-3525.619141,1664.654175,1576.032959,-3548.963623,1632.997681,1488.236572,-3476.304932,1656.971924,1620.431274,-3524.888184,1648.559204,1453.300049,-3525.634277,1664.562256,1576.177612,-3549.058350,1632.891235,1488.161011,-3476.202881,1657.087036,1620.553833,-3524.883057,2616.274414,1567.754517,-3159.783203,,,,,,,,,,,,,,,,,,,,,,,,,,,,,,,,,
10905,109.050000,0.000000,0.000000,0.000000,1.000000,0.000000,0.000000,0.000000,57.698101,20.499701,-14.700500,0.047771,-0.013570,0.015998,-15.666301,-52.738201,18.801300,-93.396698,0.129960,17.611099,-0.254052,-0.466367,-0.677683,0.508630,1653.788574,1534.372437,-3518.384033,1651.483276,1453.310791,-3524.944824,1667.755371,1575.807861,-3548.429688,1635.891113,1488.127563,-3475.721680,1660.024536,1620.243774,-3524.439453,1651.579224,1453.273682,-3525.029541,1667.661987,1575.824463,-3548.446777,1635.820679,1488.259521,-3475.651123,1660.093750,1620.135376,-3524.405762,2616.235107,1567.727173,-3159.789307,,,,,,,,,,,,,,,,,,,,,,,,,,,,,,,,,
10906,109.060000,0.000000,0.000000,0.000000,1.000000,0.000000,0.000000,0.000000,57.698101,20.499701,-14.700500,0.047771,-0.013570,0.015998,-15.666301,-52.738201,18.801300,-93.396698,0.129960,17.611099,-0.252174,-0.468025,-0.677805,0.507879,1657.260864,1534.433716,-3517.909424,1655.105835,1453.364990,-3524.432373,1671.317505,1575.871338,-3547.910400,1639.217773,1488.188477,-3475.308838,1663.402588,1620.310425,-3523.986084,1655.098022,1453.346191,-3524.506104,1671.391724,1575.933350,-3547.957764,1639.218262,1488.301880,-3475.224854,1663.331543,1620.147095,-3523.942871,2616.296387,1567.738647,-3159.781494,,,,,,,,,,,,,,,,,,,,,,,,,,,,,,,,,
10907,109.070000,0.000000,0.000000,0.000000,1.000000,0.000000,0.000000,0.000000,57.698101,20.499701,-14.700500,0.047771,-0.013570,0.015998,-15.666301,-52.738201,18.801300,-93.396698,0.129960,17.611099,-0.251127,-0.468589,-0.678087,0.507501,1660.266113,1534.304932,-3517.360596,1658.165161,1453.237671,-3523.919189,1674.377930,1575.760254,-3547.311035,1642.138550,1488.035522,-3474.822266,1666.382812,1620.186646,-3523.390137,1658.259888,1453.012817,-3523.955078,1674.265015,1575.899780,-3547.353027,1642.019897,1487.926880,-3474.698730,1666.529053,1620.375122,-3523.436768,2616.322021,1567.737671,-3159.770752,,,,,,,,,,,,,,,,,,,,,,,,,,,,,,,,,
10908,109.080000,0.000000,0.000000,0.000000,1.000000,0.000000,0.000000,0.000000,57.698101,20.499701,-14.700500,0.047771,-0.013570,0.015998,-15.666301,-52.738201,18.801300,-93.396698,0.129960,17.611099,-0.248575,-0.470791,-0.677299,0.507772,1663.495972,1534.497192,-3516.867920,1661.806274,1453.414429,-3523.354736,1677.565308,1575.988159,-3546.788574,1645.369873,1488.185669,-3474.374756,1669.242554,1620.400513,-3522.953369,1661.854858,1453.385986,-3523.427246,1677.573608,1576.063599,-3546.891846,1645.313843,1488.286499,-3474.265625,1669.238647,1620.251709,-3522.879395,2616.281982,1567.715332,-3159.776611,,,,,,,,,,,,,,,,,,,,,,,,,,,,,,,,,
10909,109.090000,0.000000,0.000000,0.000000,1.000000,0.000000,0.000000,0.000000,57.698101,20.499701,-14.700500,0.047771,-0.013570,0.015998,-15.666301,-52.738201,18.801300,-93.396698,0.129960,17.611099,-0.248345,-0.471658,-0.677943,0.506218,1666.682129,1534.624512,-3516.375244,1664.840210,1453.538330,-3522.777832,1680.928101,1576.052490,-3546.299805,1648.331909,1488.398560,-3473.885254,1672.628296,1620.508667,-3522.538330,1664.922363,1453.524658,-3522.844971,1680.857788,1576.067627,-3546.338379,1648.250977,1488.410889,-3473.786621,1672.695068,1620.495728,-3522.528564,2616.299561,1567.761841,-3159.769531,,,,,,,,,,,,,,,,,,,,,,,,,,,,,,,,,
10910,109.100000,0.000000,0.000000,0.000000,1.000000,0.000000,0.000000,0.000000,57.698101,20.499701,-14.700500,0.047771,-0.013570,0.015998,-15.666301,-52.738201,18.801300,-93.396698,0.129960,17.611099,-0.246146,-0.473256,-0.677334,0.506616,1669.623779,1534.688599,-3515.866211,1668.133301,1453.593750,-3522.249512,1683.820190,1576.164307,-3545.748291,1651.293091,1488.402344,-3473.433594,1675.248413,1620.594116,-3522.033936,1668.275024,1453.662476,-3522.370117,1683.699707,1576.183105,-3545.781494,1651.170410,1488.462769,-3473.287598,1675.355591,1620.447510,-3522.023682,2616.285156,1567.738281,-3159.787109,,,,,,,,,,,,,,,,,,,,,,,,,,,,,,,,,
10911,109.110000,0.000000,0.000000,0.000000,1.000000,0.000000,0.000000,0.000000,57.698101,20.499701,-14.700500,0.047771,-0.013570,0.015998,-15.666301,-52.738201,18.801300,-93.396698,0.129960,17.611099,-0.245237,-0.473410,-0.677014,0.507341,1673.018555,1535.020630,-3515.461426,1671.713501,1453.927490,-3521.907471,1687.138062,1576.551025,-3545.303711,1654.768799,1488.660645,-3473.074219,1678.453857,1620.943359,-3521.560303,1671.722778,1453.743164,-3521.956299,1687.183228,1576.697754,-3545.397217,1654.740601,1488.744751,-3472.992920,1678.431641,1620.895386,-3521.509277,2616.294678,1567.766846,-3159.786865,,,,,,,,,,,,,,,,,,,,,,,,,,,,,,,,,
10912,109.120000,0.000000,0.000000,0.000000,1.000000,0.000000,0.000000,0.000000,57.698101,20.499701,-14.700500,0.047771,-0.013570,0.015998,-15.666301,-52.738201,18.801300,-93.396698,0.129960,17.611099,-0.244643,-0.473428,-0.677426,0.507061,1675.861694,1535.236328,-3514.948486,1674.546753,1454.149048,-3521.463867,1690.029175,1576.788452,-3544.738037,1657.546875,1488.845459,-3472.623291,1681.324097,1621.162842,-3520.968994,1674.621460,1453.987671,-3521.452881,1689.934937,1576.885376,-3544.814209,1657.450317,1488.730469,-3472.552246,1681.447144,1621.346436,-3520.974121,2616.291504,1567.747437,-3159.782227,,,,,,,,,,,,,,,,,,,,,,,,,,,,,,,,,
10913,109.130000,0.000000,0.000000,0.000000,1.000000,0.000000,0.000000,0.000000,57.698101,20.499701,-14.700500,0.047771,-0.013570,0.015998,-15.666301,-52.738201,18.801300,-93.396698,0.129960,17.611099,-0.242016,-0.475310,-0.676791,0.507409,1679.054199,1535.756958,-3514.520752,1678.137329,1454.662476,-3521.015625,1693.177246,1577.363647,-3544.255127,1660.744995,1489.296509,-3472.269043,1684.156982,1621.705444,-3520.542725,1678.120117,1454.678345,-3521.070068,1693.271606,1577.396606,-3544.326416,1660.752930,1489.396851,-3472.203613,1684.068115,1621.546143,-3520.476074,2616.280762,1567.750366,-3159.779541,,,,,,,,,,,,,,,,,,,,,,,,,,,,,,,,,
10914,109.140000,0.000000,0.000000,0.000000,1.000000,0.000000,0.000000,0.000000,57.698101,20.499701,-14.700500,0.047771,-0.013570,0.015998,-15.666301,-52.738201,18.801300,-93.396698,0.129960,17.611099,-0.242127,-0.475057,-0.677756,0.506302,1682.105713,1536.063843,-3514.096191,1680.976807,1454.976074,-3520.641846,1696.374268,1577.650146,-3543.789551,1663.623901,1489.627319,-3471.893555,1687.447632,1622.001709,-3520.059814,1681.064819,1454.853394,-3520.703125,1696.304565,1577.697021,-3543.864258,1663.526855,1489.618164,-3471.779541,1687.526855,1622.081177,-3520.036865,2616.288818,1567.745972,-3159.784668,,,,,,,,,,,,,,,,,,,,,,,,,,,,,,,,,
10915,109.150000,0.000000,0.000000,0.000000,1.000000,0.000000,0.000000,0.000000,57.698101,20.499701,-14.700500,0.047771,-0.013570,0.015998,-15.666301,-52.738201,18.801300,-93.396698,0.129960,17.611099,-0.239561,-0.476267,-0.676637,0.507881,1685.180786,1536.475586,-3513.694336,1684.579834,1455.386597,-3520.295898,1699.266235,1578.170776,-3543.322266,1666.879639,1489.895630,-3471.571289,1689.997314,1622.449341,-3519.587646,1684.670654,1455.410522,-3520.403809,1699.228149,1578.173462,-3543.395752,1666.806641,1490.088623,-3471.467285,1690.016846,1622.225098,-3519.492188,2616.266846,1567.718872,-3159.788086,,,,,,,,,,,,,,,,,,,,,,,,,,,,,,,,,
10916,109.160000,0.000000,0.000000,0.000000,1.000000,0.000000,0.000000,0.000000,57.698101,20.499701,-14.700500,0.047771,-0.013570,0.015998,-15.666301,-52.738201,18.801300,-93.396698,0.129960,17.611099,-0.239688,-0.475435,-0.676622,0.508621,1688.202271,1537.043579,-3513.365723,1687.630127,1455.963379,-3520.074707,1702.215698,1578.785400,-3542.962402,1669.997192,1490.398193,-3471.273438,1692.965942,1623.027710,-3519.152344,1687.603760,1455.746948,-3520.090332,1702.281006,1578.984131,-3543.016357,1669.988403,1490.404053,-3471.212158,1692.941406,1623.036499,-3519.152100,2616.298096,1567.753418,-3159.781494,,,,,,,,,,,,,,,,,,,,,,,,,,,,,,,,,
10917,109.170000,0.000000,0.000000,0.000000,1.000000,0.000000,0.000000,0.000000,57.698101,20.499701,-14.700500,0.047771,-0.013570,0.015998,-15.666301,-52.738201,18.801300,-93.396698,0.129960,17.611099,-0.236873,-0.476643,-0.676193,0.509377,1691.201050,1537.673096,-3513.031494,1691.039185,1456.599121,-3519.837891,1705.138916,1579.515869,-3542.520996,1673.043335,1490.892212,-3471.069336,1695.582886,1623.685547,-3518.697510,1691.238525,1456.618408,-3519.921143,1704.910645,1579.523315,-3542.590088,1672.855225,1490.842529,-3470.919678,1695.790771,1623.707031,-3518.692139,2616.311768,1567.735107,-3159.770508,,,,,,,,,,,,,,,,,,,,,,,,,,,,,,,,,
10918,109.180000,0.000000,0.000000,0.000000,1.000000,0.000000,0.000000,0.000000,57.698101,20.499701,-14.700500,0.047771,-0.013570,0.015998,-15.666301,-52.738201,18.801300,-93.396698,0.129960,17.611099,-0.237610,-0.475536,-0.675750,0.510655,1694.212280,1538.338135,-3512.766846,1694.103394,1457.270508,-3519.648193,1708.005493,1580.221558,-3542.266846,1676.248291,1491.500977,-3470.783936,1698.492065,1624.359985,-3518.368164,1694.047729,1457.092407,-3519.694092,1708.128540,1580.367676,-3542.306152,1676.272095,1491.572876,-3470.721924,1698.406006,1624.317261,-3518.352295,2616.299316,1567.713745,-3159.766113,,,,,,,,,,,,,,,,,,,,,,,,,,,,,,,,,
10919,109.190000,0.000000,0.000000,0.000000,1.000000,0.000000,0.000000,0.000000,57.698101,20.499701,-14.700500,0.047771,-0.013570,0.015998,-15.666301,-52.738201,18.801300,-93.396698,0.129960,17.611099,-0.234789,-0.477131,-0.675590,0.510685,1697.294800,1538.900879,-3512.557617,1697.518188,1457.837402,-3519.485840,1711.092529,1580.851685,-3541.959229,1679.278076,1491.973511,-3470.698242,1701.290771,1624.941040,-3518.086426,1697.704224,1457.917114,-3519.594971,1710.904419,1580.813477,-3542.013184,1679.082886,1491.847656,-3470.495605,1701.477539,1625.017700,-3518.112549,2616.280762,1567.720093,-3159.780762,,,,,,,,,,,,,,,,,,,,,,,,,,,,,,,,,
10920,109.200000,0.000000,0.000000,0.000000,1.000000,0.000000,0.000000,0.000000,57.698101,20.499701,-14.700500,0.047771,-0.013570,0.015998,-15.666301,-52.738201,18.801300,-93.396698,0.129960,17.611099,-0.234304,-0.476713,-0.674643,0.512545,1700.454346,1539.304932,-3512.399170,1700.967529,1458.250000,-3519.412109,1714.036133,1581.337402,-3541.784912,1682.696777,1492.267578,-3470.552734,1704.116821,1625.365112,-3517.847168,1700.907349,1458.139282,-3519.482178,1714.205078,1581.423950,-3541.858154,1682.739380,1492.446045,-3470.486084,1703.964478,1625.211914,-3517.765625,2616.277344,1567.725464,-3159.767822,,,,,,,,,,,,,,,,,,,,,,,,,,,,,,,,,
10921,109.210000,0.000000,0.000000,0.000000,1.000000,0.000000,0.000000,0.000000,57.698101,20.499701,-14.700500,0.047771,-0.013570,0.015998,-15.666301,-52.738201,18.801300,-93.396698,0.129960,17.611099,-0.232824,-0.477048,-0.674820,0.512676,1703.671509,1539.796387,-3512.300293,1704.327637,1458.751465,-3519.416504,1717.254883,1581.887939,-3541.600342,1685.891479,1492.677124,-3470.555664,1707.211792,1625.869141,-3517.628418,1704.520142,1458.819214,-3519.518799,1717.059204,1581.892090,-3541.676025,1685.687622,1492.565063,-3470.350342,1707.404541,1625.901611,-3517.641113,2616.317871,1567.773438,-3159.764648,,,,,,,,,,,,,,,,,,,,,,,,,,,,,,,,,
10922,109.220000,0.000000,0.000000,0.000000,1.000000,0.000000,0.000000,0.000000,57.698101,20.499701,-14.700500,0.047771,-0.013570,0.015998,-15.666301,-52.738201,18.801300,-93.396698,0.129960,17.611099,-0.234558,-0.474972,-0.674342,0.514438,1706.857544,1540.338745,-3512.265625,1707.487915,1459.303955,-3519.498779,1720.243652,1582.474487,-3541.593018,1689.355469,1493.156982,-3470.474121,1710.343018,1626.419800,-3517.496582,1707.345947,1459.119507,-3519.475830,1720.476318,1582.695923,-3541.640137,1689.453125,1493.263184,-3470.491943,1710.163208,1626.282959,-3517.456055,2616.273193,1567.739746,-3159.783691,,,,,,,,,,,,,,,,,,,,,,,,,,,,,,,,,
10923,109.230000,0.000000,0.000000,0.000000,1.000000,0.000000,0.000000,0.000000,57.698101,20.499701,-14.700500,0.047771,-0.013570,0.015998,-15.666301,-52.738201,18.801300,-93.396698,0.129960,17.611099,-0.232211,-0.476197,-0.674232,0.514515,1710.051147,1540.886475,-3512.240234,1710.957520,1459.859131,-3519.526123,1723.435913,1583.083008,-3541.480713,1692.512329,1493.622925,-3470.556641,1713.298950,1626.981201,-3517.396973,1711.146118,1459.924438,-3519.637451,1723.243042,1583.073120,-3541.532959,1692.332886,1493.579468,-3470.381836,1713.476562,1626.968872,-3517.403076,2616.293945,1567.758179,-3159.771484,,,,,,,,,,,,,,,,,,,,,,,,,,,,,,,,,
10924,109.240000,0.000000,0.000000,0.000000,1.000000,0.000000,0.000000,0.000000,57.698101,20.499701,-14.700500,0.047771,-0.013570,0.015998,-15.666301,-52.738201,18.801300,-93.396698,0.129960,17.611099,-0.233234,-0.475294,-0.673605,0.515707,1713.366943,1541.312622,-3512.318115,1714.315796,1460.286865,-3519.617432,1726.606201,1583.524048,-3541.603271,1696.024414,1494.028931,-3470.575439,1716.521484,1627.410645,-3517.476318,1714.243530,1460.127563,-3519.620605,1726.744873,1583.675049,-3541.665039,1696.072510,1494.138550,-3470.567871,1716.410522,1627.309937,-3517.420898,2616.295410,1567.755981,-3159.773926,,,,,,,,,,,,,,,,,,,,,,,,,,,,,,,,,
10925,109.250000,0.000000,0.000000,0.000000,1.000000,0.000000,0.000000,0.000000,57.698101,20.499701,-14.700500,0.047771,-0.013570,0.015998,-15.666301,-52.738201,18.801300,-93.396698,0.129960,17.611099,-0.231358,-0.476448,-0.673600,0.515494,1716.739014,1541.631592,-3512.424316,1717.881836,1460.609985,-3519.741699,1730.006714,1583.878174,-3541.645996,1699.329712,1494.300903,-3470.762451,1719.738037,1627.737427,-3517.546631,1718.046509,1460.589233,-3519.845459,1729.862183,1583.878906,-3541.746582,1699.138184,1494.182373,-3470.541504,1719.895752,1627.866089,-3517.541748,2616.257080,1567.755615,-3159.796875,,,,,,,,,,,,,,,,,,,,,,,,,,,,,,,,,
10926,109.260000,0.000000,0.000000,0.000000,1.000000,0.000000,0.000000,0.000000,57.698101,20.499701,-14.700500,0.047771,-0.013570,0.015998,-15.666301,-52.738201,18.801300,-93.396698,0.129960,17.611099,-0.233879,-0.474968,-0.672732,0.516853,1720.162109,1541.970337,-3512.615234,1721.227295,1460.942627,-3519.875000,1733.251221,1584.188721,-3541.958008,1703.011841,1494.679565,-3470.801025,1723.157959,1628.070923,-3517.826660,1721.091064,1460.788330,-3519.867676,1733.497314,1584.372681,-3542.027832,1703.102051,1494.773560,-3470.796143,1722.967896,1627.952637,-3517.774170,2616.298584,1567.769165,-3159.784424,,,,,,,,,,,,,,,,,,,,,,,,,,,,,,,,,
10927,109.270000,0.000000,0.000000,0.000000,1.000000,0.000000,0.000000,0.000000,57.698101,20.499701,-14.700500,0.047771,-0.013570,0.015998,-15.666301,-52.738201,18.801300,-93.396698,0.129960,17.611099,-0.231843,-0.476621,-0.672163,0.516990,1723.554199,1542.441406,-3512.772949,1724.930786,1461.413452,-3519.979492,1736.615356,1584.687744,-3542.088135,1706.399170,1495.115723,-3471.000244,1726.271729,1628.548706,-3518.024414,1725.135620,1461.516235,-3520.067871,1736.359863,1584.603882,-3542.103516,1706.247437,1495.150269,-3470.915283,1726.473633,1628.494507,-3518.010498,2616.318848,1567.740234,-3159.773926,,,,,,,,,,,,,,,,,,,,,,,,,,,,,,,,,
10928,109.280000,0.000000,0.000000,0.000000,1.000000,0.000000,0.000000,0.000000,57.698101,20.499701,-14.700500,0.047771,-0.013570,0.015998,-15.666301,-52.738201,18.801300,-93.396698,0.129960,17.611099,-0.232767,-0.476367,-0.671523,0.517640,1726.954956,1542.843750,-3512.910400,1728.357544,1461.809937,-3520.045410,1739.922119,1585.069946,-3542.295898,1709.926636,1495.547485,-3471.052490,1729.613403,1628.947632,-3518.247559,1728.300537,1461.695923,-3520.102783,1740.069336,1585.192383,-3542.349121,1709.955444,1495.640991,-3470.979004,1729.499512,1628.848877,-3518.213379,2616.268066,1567.714111,-3159.766846,,,,,,,,,,,,,,,,,,,,,,,,,,,,,,,,,
10929,109.290000,0.000000,0.000000,0.000000,1.000000,0.000000,0.000000,0.000000,57.698101,20.499701,-14.700500,0.047771,-0.013570,0.015998,-15.666301,-52.738201,18.801300,-93.396698,0.129960,17.611099,-0.230900,-0.478024,-0.671155,0.517426,1730.563232,1543.076172,-3513.055664,1732.210449,1462.041138,-3520.124023,1743.543823,1585.314819,-3542.417236,1713.481934,1495.765869,-3471.235107,1733.016846,1629.182983,-3518.446045,1732.365723,1461.953857,-3520.216553,1743.375977,1585.298828,-3542.444824,1713.338623,1495.726685,-3471.100098,1733.177979,1629.326660,-3518.459961,2616.318604,1567.766846,-3159.784912,,,,,,,,,,,,,,,,,,,,,,,,,,,,,,,,,
10930,109.300000,0.000000,0.000000,0.000000,1.000000,0.000000,0.000000,0.000000,57.698101,20.499701,-14.700500,0.047771,-0.013570,0.015998,-15.666301,-52.738201,18.801300,-93.396698,0.129960,17.611099,-0.230496,-0.478570,-0.670907,0.517423,1734.096191,1543.237671,-3513.173584,1735.822388,1462.200317,-3520.195557,1747.068359,1585.471802,-3542.545654,1717.015259,1495.935425,-3471.343994,1736.478394,1629.343628,-3518.609131,1735.737061,1462.073242,-3520.260986,1747.295898,1585.588745,-3542.648682,1717.055054,1496.012817,-3471.243652,1736.310425,1629.282227,-3518.550293,2616.278809,1567.751587,-3159.780029,,,,,,,,,,,,,,,,,,,,,,,,,,,,,,,,,
10931,109.310000,0.000000,0.000000,0.000000,1.000000,0.000000,0.000000,0.000000,57.698101,20.499701,-14.700500,0.047771,-0.013570,0.015998,-15.666301,-52.738201,18.801300,-93.396698,0.129960,17.611099,-0.231229,-0.478552,-0.670687,0.517397,1737.671021,1543.572266,-3513.241211,1739.347900,1462.527344,-3520.187500,1750.633301,1585.771484,-3542.667969,1720.610962,1496.318970,-3471.348145,1740.091797,1629.671753,-3518.761963,1739.539307,1462.607422,-3520.254883,1750.374268,1585.682373,-3542.675537,1720.474731,1496.363647,-3471.294922,1740.291504,1629.631104,-3518.742920,2616.279297,1567.753784,-3159.788330,,,,,,,,,,,,,,,,,,,,,,,,,,,,,,,,,
10932,109.320000,0.000000,0.000000,0.000000,1.000000,0.000000,0.000000,0.000000,57.698101,20.499701,-14.700500,0.047771,-0.013570,0.015998,-15.666301,-52.738201,18.801300,-93.396698,0.129960,17.611099,-0.229102,-0.480389,-0.670788,0.516510,1741.142334,1543.795654,-3513.268555,1742.987183,1462.749634,-3520.157959,1754.203613,1585.998657,-3542.645752,1723.920776,1496.539062,-3471.444824,1743.457397,1629.895630,-3518.825195,1742.986328,1462.636841,-3520.223877,1754.289185,1586.118042,-3542.746582,1723.899414,1496.639160,-3471.344971,1743.396851,1629.794067,-3518.761230,2616.273682,1567.769897,-3159.795166,,,,,,,,,,,,,,,,,,,,,,,,,,,,,,,,,
10933,109.330000,0.000000,0.000000,0.000000,1.000000,0.000000,0.000000,0.000000,57.698101,20.499701,-14.700500,0.047771,-0.013570,0.015998,-15.666301,-52.738201,18.801300,-93.396698,0.129960,17.611099,-0.229036,-0.480992,-0.670640,0.516169,1744.913696,1543.854736,-3513.261719,1746.767944,1462.801636,-3520.065430,1758.002075,1586.027466,-3542.670166,1727.653320,1496.640991,-3471.405762,1747.231323,1629.948975,-3518.905762,1746.939697,1462.692993,-3520.136230,1757.775391,1585.991577,-3542.663818,1727.518433,1496.628174,-3471.325195,1747.430664,1630.111328,-3518.926270,2616.287109,1567.790405,-3159.805176,,,,,,,,,,,,,,,,,,,,,,,,,,,,,,,,,
10934,109.340000,0.000000,0.000000,0.000000,1.000000,0.000000,0.000000,0.000000,57.698101,20.499701,-14.700500,0.047771,-0.013570,0.015998,-15.666301,-52.738201,18.801300,-93.396698,0.129960,17.611099,-0.227799,-0.482048,-0.670792,0.515534,1748.497070,1543.961914,-3513.199219,1750.428711,1462.908081,-3519.973389,1761.658203,1586.135132,-3542.574707,1731.124756,1496.748535,-3471.389404,1750.776855,1630.056030,-3518.859863,1750.374146,1462.912476,-3520.027832,1761.847656,1586.259033,-3542.697266,1731.137207,1496.791992,-3471.277832,1750.639404,1629.881836,-3518.799561,2616.275635,1567.767700,-3159.788330,,,,,,,,,,,,,,,,,,,,,,,,,,,,,,,,,
10935,109.350000,0.000000,0.000000,0.000000,1.000000,0.000000,0.000000,0.000000,57.698101,20.499701,-14.700500,0.047771,-0.013570,0.015998,-15.666301,-52.738201,18.801300,-93.396698,0.129960,17.611099,-0.227601,-0.482699,-0.671132,0.514569,1752.047974,1544.182007,-3513.090820,1753.899292,1463.120850,-3519.797607,1765.317261,1586.316895,-3542.472656,1734.536377,1497.021729,-3471.279053,1754.438843,1630.269043,-3518.813965,1754.041748,1463.115356,-3519.840576,1765.120239,1586.312988,-3542.477783,1734.425659,1497.037231,-3471.231201,1754.601807,1630.262207,-3518.815186,2616.265869,1567.750488,-3159.785645,,,,,,,,,,,,,,,,,,,,,,,,,,,,,,,,,
10936,109.360000,0.000000,0.000000,0.000000,1.000000,0.000000,0.000000,0.000000,57.698101,20.499701,-14.700500,0.047771,-0.013570,0.015998,-15.666301,-52.738201,18.801300,-93.396698,0.129960,17.611099,-0.225947,-0.484004,-0.671104,0.514108,1755.606689,1544.244507,-3512.926270,1757.614502,1463.184326,-3519.602295,1768.925781,1586.392456,-3542.266846,1738.003662,1497.067871,-3471.171387,1757.882568,1630.333618,-3518.664795,1757.584473,1462.983765,-3519.657715,1769.038818,1586.519287,-3542.346191,1738.008179,1497.169800,-3471.098145,1757.800049,1630.298950,-3518.611816,2616.281250,1567.751221,-3159.788086,,,,,,,,,,,,,,,,,,,,,,,,,,,,,,,,,
10937,109.370000,0.000000,0.000000,0.000000,1.000000,0.000000,0.000000,0.000000,57.698101,20.499701,-14.700500,0.047771,-0.013570,0.015998,-15.666301,-52.738201,18.801300,-93.396698,0.129960,17.611099,-0.225945,-0.484129,-0.671498,0.513477,1759.239136,1544.251343,-3512.725098,1761.156494,1463.188354,-3519.393799,1772.635498,1586.381226,-3542.056396,1741.541382,1497.098633,-3470.982910,1761.623047,1630.337280,-3518.467529,1761.279541,1463.170166,-3519.450684,1772.485840,1586.336182,-3542.070312,1741.436523,1497.077881,-3470.908447,1761.754761,1630.421753,-3518.472168,2616.296631,1567.717773,-3159.774414,,,,,,,,,,,,,,,,,,,,,,,,,,,,,,,,,
10938,109.380000,0.000000,0.000000,0.000000,1.000000,0.000000,0.000000,0.000000,57.698101,20.499701,-14.700500,0.047771,-0.013570,0.015998,-15.666301,-52.738201,18.801300,-93.396698,0.129960,17.611099,-0.225262,-0.484495,-0.672008,0.512763,1762.738037,1544.382568,-3512.511963,1764.616821,1463.320923,-3519.207275,1776.227051,1586.514771,-3541.797363,1744.916870,1497.225586,-3470.827393,1765.191040,1630.469116,-3518.216064,1764.556519,1463.260010,-3519.189697,1776.354248,1586.704224,-3541.876953,1744.957886,1497.328125,-3470.832520,1765.084839,1630.229370,-3518.148438,2616.321045,1567.719604,-3159.767822,,,,,,,,,,,,,,,,,,,,,,,,,,,,,,,,,
10939,109.390000,0.000000,0.000000,0.000000,1.000000,0.000000,0.000000,0.000000,57.698101,20.499701,-14.700500,0.047771,-0.013570,0.015998,-15.666301,-52.738201,18.801300,-93.396698,0.129960,17.611099,-0.223947,-0.485514,-0.672472,0.511768,1766.244385,1544.552490,-3512.244873,1768.143433,1463.490479,-3518.930908,1779.853516,1586.682983,-3541.477295,1748.253418,1497.397949,-3470.630615,1768.727173,1630.638672,-3517.940674,1768.341675,1463.391846,-3518.999512,1779.604248,1586.723022,-3541.512207,1748.091064,1497.420410,-3470.537842,1768.940063,1630.673706,-3517.933105,2616.316406,1567.752930,-3159.774658,,,,,,,,,,,,,,,,,,,,,,,,,,,,,,,,,
10940,109.400000,0.000000,0.000000,0.000000,1.000000,0.000000,0.000000,0.000000,57.698101,20.499701,-14.700500,0.047771,-0.013570,0.015998,-15.666301,-52.738201,18.801300,-93.396698,0.129960,17.611099,-0.223819,-0.485143,-0.672686,0.511894,1769.767578,1544.563599,-3511.923828,1771.657593,1463.507568,-3518.682617,1783.373535,1586.718994,-3541.121582,1751.782104,1497.373413,-3470.347412,1772.256714,1630.654663,-3517.543213,1771.592041,1463.295532,-3518.733154,1783.548584,1586.795410,-3541.222656,1751.817505,1497.502197,-3470.291748,1772.114624,1630.652100,-3517.455322,2616.274414,1567.752197,-3159.788086,,,,,,,,,,,,,,,,,,,,,,,,,,,,,,,,,
10941,109.410000,0.000000,0.000000,0.000000,1.000000,0.000000,0.000000,0.000000,57.698101,20.499701,-14.700500,0.047771,-0.013570,0.015998,-15.666301,-52.738201,18.801300,-93.396698,0.129960,17.611099,-0.222540,-0.485682,-0.673533,0.510825,1773.337646,1544.702881,-3511.615723,1775.186035,1463.651489,-3518.442871,1787.085815,1586.874146,-3540.723877,1755.160156,1497.489136,-3470.149902,1775.918213,1630.796997,-3517.145996,1775.377686,1463.763428,-3518.528076,1786.862671,1586.842896,-3540.750977,1754.971558,1497.356567,-3469.988281,1776.132324,1630.844604,-3517.189697,2616.262207,1567.800415,-3159.797119,,,,,,,,,,,,,,,,,,,,,,,,,,,,,,,,,
10942,109.420000,0.000000,0.000000,0.000000,1.000000,0.000000,0.000000,0.000000,57.698101,20.499701,-14.700500,0.047771,-0.013570,0.015998,-15.666301,-52.738201,18.801300,-93.396698,0.129960,17.611099,-0.222834,-0.484986,-0.673789,0.511021,1776.725952,1544.936646,-3511.281494,1778.518188,1463.890869,-3518.189697,1790.464722,1587.128052,-3540.364746,1758.569580,1497.693359,-3469.840088,1779.351196,1631.034668,-3516.731201,1778.437256,1463.782104,-3518.180664,1790.588623,1587.263916,-3540.369873,1758.651245,1497.871948,-3469.889648,1779.225220,1630.824951,-3516.683838,2616.260742,1567.722290,-3159.793457,,,,,,,,,,,,,,,,,,,,,,,,,,,,,,,,,
10943,109.430000,0.000000,0.000000,0.000000,1.000000,0.000000,0.000000,0.000000,57.698101,20.499701,-14.700500,0.047771,-0.013570,0.015998,-15.666301,-52.738201,18.801300,-93.396698,0.129960,17.611099,-0.220364,-0.486289,-0.674571,0.509821,1780.134277,1545.091309,-3510.877686,1782.014771,1464.053467,-3517.854980,1794.028687,1587.319214,-3539.833740,1761.749023,1497.796631,-3469.595947,1782.744751,1631.196045,-3516.225586,1782.217163,1464.007690,-3517.946777,1793.788818,1587.330688,-3539.862061,1761.555542,1497.719116,-3469.439697,1782.972900,1631.307861,-3516.258057,2616.298340,1567.742065,-3159.788330,,,,,,,,,,,,,,,,,,,,,,,,,,,,,,,,,
10944,109.440000,0.000000,0.000000,0.000000,1.000000,0.000000,0.000000,0.000000,57.698101,20.499701,-14.700500,0.047771,-0.013570,0.015998,-15.666301,-52.738201,18.801300,-93.396698,0.129960,17.611099,-0.221636,-0.484647,-0.674669,0.510702,1783.622314,1545.235107,-3510.489014,1785.402588,1464.205566,-3517.587646,1797.431641,1587.491577,-3539.444092,1765.369385,1497.898560,-3469.196533,1786.285400,1631.345093,-3515.727539,1785.246582,1464.033447,-3517.610840,1797.695312,1587.557007,-3539.456787,1765.508057,1498.110474,-3469.227295,1786.040649,1631.242188,-3515.659424,2616.283691,1567.772217,-3159.790039,,,,,,,,,,,,,,,,,,,,,,,,,,,,,,,,,
10945,109.450000,0.000000,0.000000,0.000000,1.000000,0.000000,0.000000,0.000000,57.698101,20.499701,-14.700500,0.047771,-0.013570,0.015998,-15.666301,-52.738201,18.801300,-93.396698,0.129960,17.611099,-0.219404,-0.485504,-0.675566,0.509665,1787.019043,1545.438110,-3510.073486,1788.855591,1464.419922,-3517.286865,1800.971680,1587.741943,-3538.890381,1768.558838,1498.034180,-3468.950684,1789.689941,1631.556519,-3515.165771,1789.061768,1464.616943,-3517.335449,1800.723877,1587.660889,-3538.951904,1768.389038,1497.958252,-3468.858154,1789.904419,1631.524048,-3515.153076,2616.253662,1567.724365,-3159.793457,,,,,,,,,,,,,,,,,,,,,,,,,,,,,,,,,
10946,109.460000,0.000000,0.000000,0.000000,1.000000,0.000000,0.000000,0.000000,57.698101,20.499701,-14.700500,0.047771,-0.013570,0.015998,-15.666301,-52.738201,18.801300,-93.396698,0.129960,17.611099,-0.218960,-0.485121,-0.676095,0.509519,1790.295288,1545.774414,-3509.669189,1792.097656,1464.765747,-3516.996582,1804.284546,1588.112549,-3538.417969,1771.788818,1498.320923,-3468.624756,1793.009888,1631.898804,-3514.637695,1792.045898,1464.678589,-3517.005127,1804.384399,1588.250610,-3538.441895,1771.833862,1498.457520,-3468.631104,1792.915527,1631.706299,-3514.597412,2616.255859,1567.748779,-3159.785156,,,,,,,,,,,,,,,,,,,,,,,,,,,,,,,,,
10947,109.470000,0.000000,0.000000,0.000000,1.000000,0.000000,0.000000,0.000000,57.698101,20.499701,-14.700500,0.047771,-0.013570,0.015998,-15.666301,-52.738201,18.801300,-93.396698,0.129960,17.611099,-0.216800,-0.486034,-0.676602,0.508900,1793.624390,1546.017822,-3509.212891,1795.553833,1465.019897,-3516.627686,1807.699585,1588.406006,-3537.845947,1774.980713,1498.494385,-3468.311523,1796.263672,1632.150879,-3514.066650,1795.732056,1464.948853,-3516.707275,1807.507446,1588.387085,-3537.904785,1774.827148,1498.509399,-3468.204102,1796.431763,1632.224609,-3514.036865,2616.287109,1567.754395,-3159.788086,,,,,,,,,,,,,,,,,,,,,,,,,,,,,,,,,
10948,109.480000,0.000000,0.000000,0.000000,1.000000,0.000000,0.000000,0.000000,57.698101,20.499701,-14.700500,0.047771,-0.013570,0.015998,-15.666301,-52.738201,18.801300,-93.396698,0.129960,17.611099,-0.216625,-0.485212,-0.677315,0.508810,1796.995239,1546.145386,-3508.810059,1798.839355,1465.160278,-3516.382812,1811.108521,1588.574707,-3537.363281,1778.310547,1498.562012,-3467.997314,1799.722656,1632.285156,-3513.496826,1798.773804,1464.968994,-3516.435547,1811.254639,1588.667847,-3537.399414,1778.341553,1498.621582,-3467.935059,1799.613037,1632.312988,-3513.477295,2616.272949,1567.764038,-3159.793213,,,,,,,,,,,,,,,,,,,,,,,,,,,,,,,,,
10949,109.490000,0.000000,0.000000,0.000000,1.000000,0.000000,0.000000,0.000000,57.698101,20.499701,-14.700500,0.047771,-0.013570,0.015998,-15.666301,-52.738201,18.801300,-93.396698,0.129960,17.611099,-0.215418,-0.485446,-0.677374,0.509020,1800.236938,1546.354370,-3508.412842,1802.215088,1465.380249,-3516.067871,1814.334839,1588.834961,-3536.897217,1781.554443,1498.699829,-3467.682373,1802.843262,1632.503052,-3513.003906,1802.321289,1465.524536,-3516.129395,1814.218506,1588.763550,-3536.893066,1781.485107,1498.766479,-3467.644043,1802.931152,1632.364624,-3512.988037,2616.307129,1567.740601,-3159.785889,,,,,,,,,,,,,,,,,,,,,,,,,,,,,,,,,
10950,109.500000,0.000000,0.000000,0.000000,1.000000,0.000000,0.000000,0.000000,57.698101,20.499701,-14.700500,0.047771,-0.013570,0.015998,-15.666301,-52.738201,18.801300,-93.396698,0.129960,17.611099,-0.214091,-0.486086,-0.678602,0.507331,1803.411011,1546.684570,-3508.018311,1805.264893,1465.713867,-3515.741455,1817.724121,1589.164185,-3536.396729,1784.446655,1499.028564,-3467.419922,1806.208252,1632.832153,-3512.514893,1805.343628,1465.734375,-3515.783936,1817.674072,1589.238403,-3536.487549,1784.356689,1499.036987,-3467.324219,1806.267090,1632.728516,-3512.475830,2616.283936,1567.762329,-3159.776611,,,,,,,,,,,,,,,,,,,,,,,,,,,,,,,,,
10951,109.510000,0.000000,0.000000,0.000000,1.000000,0.000000,0.000000,0.000000,57.698101,20.499701,-14.700500,0.047771,-0.013570,0.015998,-15.666301,-52.738201,18.801300,-93.396698,0.129960,17.611099,-0.214095,-0.485179,-0.678178,0.508762,1806.584717,1546.864014,-3507.673340,1808.579468,1465.908325,-3515.516846,1820.742798,1589.412231,-3536.026367,1787.816162,1499.112671,-3467.095947,1809.200317,1633.023315,-3512.053711,1808.579224,1465.753906,-3515.552979,1820.773926,1589.510742,-3536.049072,1787.818970,1499.254395,-3467.076660,1809.166504,1632.935181,-3512.015137,2616.281982,1567.751709,-3159.784180,,,,,,,,,,,,,,,,,,,,,,,,,,,,,,,,,
10952,109.520000,0.000000,0.000000,0.000000,1.000000,0.000000,0.000000,0.000000,57.698101,20.499701,-14.700500,0.047771,-0.013570,0.015998,-15.666301,-52.738201,18.801300,-93.396698,0.129960,17.611099,-0.211327,-0.487002,-0.679358,0.506599,1809.779297,1546.864380,-3507.350586,1811.784668,1465.911621,-3515.223145,1824.197998,1589.418945,-3535.562744,1790.646484,1499.102905,-3466.955566,1812.488037,1633.024292,-3511.660889,1811.929321,1465.805786,-3515.310791,1824.084351,1589.471680,-3535.652100,1790.463135,1498.962280,-3466.749756,1812.633545,1633.208252,-3511.670166,2616.272461,1567.753418,-3159.783203,,,,,,,,,,,,,,,,,,,,,,,,,,,,,,,,,
10953,109.530000,0.000000,0.000000,0.000000,1.000000,0.000000,0.000000,0.000000,57.698101,20.499701,-14.700500,0.047771,-0.013570,0.015998,-15.666301,-52.738201,18.801300,-93.396698,0.129960,17.611099,-0.211740,-0.485996,-0.679250,0.507537,1812.863647,1547.006348,-3507.069580,1814.893799,1466.064575,-3515.047607,1827.187134,1589.603882,-3535.265381,1793.859985,1499.184204,-3466.685547,1815.513794,1633.172974,-3511.279785,1814.781616,1466.001343,-3515.035645,1827.382446,1589.715698,-3535.305664,1793.952881,1499.306763,-3466.712158,1815.337646,1632.996216,-3511.223145,2616.278320,1567.727905,-3159.783203,,,,,,,,,,,,,,,,,,,,,,,,,,,,,,,,,
10954,109.540000,0.000000,0.000000,0.000000,1.000000,0.000000,0.000000,0.000000,57.698101,20.499701,-14.700500,0.047771,-0.013570,0.015998,-15.666301,-52.738201,18.801300,-93.396698,0.129960,17.611099,-0.211264,-0.486181,-0.679567,0.507133,1815.876099,1547.214844,-3506.799072,1817.890503,1466.275391,-3514.804199,1830.251953,1589.818115,-3534.959229,1796.801636,1499.384033,-3466.458496,1818.560303,1633.382202,-3510.973633,1818.058472,1466.403076,-3514.867676,1830.044312,1589.759277,-3534.966797,1796.666382,1499.349243,-3466.375732,1818.737549,1633.350708,-3510.989258,2616.320801,1567.747803,-3159.770996,,,,,,,,,,,,,,,,,,,,,,,,,,,,,,,,,
10955,109.550000,0.000000,0.000000,0.000000,1.000000,0.000000,0.000000,0.000000,57.698101,20.499701,-14.700500,0.047771,-0.013570,0.015998,-15.666301,-52.738201,18.801300,-93.396698,0.129960,17.611099,-0.210497,-0.486478,-0.679544,0.507199,1818.856323,1547.307373,-3506.580078,1820.960693,1466.372925,-3514.613281,1833.225952,1589.935425,-3534.706055,1799.777832,1499.442505,-3466.281982,1821.460938,1633.478882,-3510.718750,1820.935669,1466.144409,-3514.651367,1833.297241,1590.029785,-3534.739746,1799.797607,1499.588745,-3466.264404,1821.395264,1633.451172,-3510.669434,2616.280029,1567.713135,-3159.772705,,,,,,,,,,,,,,,,,,,,,,,,,,,,,,,,,
10956,109.560000,0.000000,0.000000,0.000000,1.000000,0.000000,0.000000,0.000000,57.698101,20.499701,-14.700500,0.047771,-0.013570,0.015998,-15.666301,-52.738201,18.801300,-93.396698,0.129960,17.611099,-0.208118,-0.487571,-0.679424,0.507291,1822.001221,1547.326172,-3506.376465,1824.383911,1466.405396,-3514.469238,1836.359985,1590.021484,-3534.406006,1802.898315,1499.369507,-3466.199463,1824.362671,1633.508667,-3510.431641,1824.452881,1466.470703,-3514.533447,1836.292480,1589.871338,-3534.393555,1802.857544,1499.427734,-3466.167236,1824.398560,1633.526245,-3510.412598,2616.284912,1567.734741,-3159.774902,,,,,,,,,,,,,,,,,,,,,,,,,,,,,,,,,
10957,109.570000,0.000000,0.000000,0.000000,1.000000,0.000000,0.000000,0.000000,57.698101,20.499701,-14.700500,0.047771,-0.013570,0.015998,-15.666301,-52.738201,18.801300,-93.396698,0.129960,17.611099,-0.208115,-0.487355,-0.680468,0.506099,1824.899658,1547.285645,-3506.163086,1827.069702,1466.365234,-3514.318848,1839.415039,1589.963867,-3534.137695,1805.608765,1499.349121,-3466.051514,1827.505005,1633.464600,-3510.144287,1827.080566,1466.381470,-3514.341309,1839.444580,1590.072510,-3534.198242,1805.557251,1499.244873,-3465.945801,1827.513428,1633.442261,-3510.161133,2616.331543,1567.766846,-3159.772949,,,,,,,,,,,,,,,,,,,,,,,,,,,,,,,,,
10958,109.580000,0.000000,0.000000,0.000000,1.000000,0.000000,0.000000,0.000000,57.698101,20.499701,-14.700500,0.047771,-0.013570,0.015998,-15.666301,-52.738201,18.801300,-93.396698,0.129960,17.611099,-0.207950,-0.486964,-0.680133,0.506993,1827.808472,1547.408081,-3505.976318,1830.094604,1466.497192,-3514.195312,1842.224609,1590.129761,-3533.936279,1808.639404,1499.411865,-3465.877930,1830.275269,1633.593872,-3509.896240,1830.090820,1466.516602,-3514.196045,1842.235352,1590.206421,-3533.943848,1808.654541,1499.541260,-3465.901123,1830.250488,1633.338501,-3509.860107,2616.270996,1567.716553,-3159.783936,,,,,,,,,,,,,,,,,,,,,,,,,,,,,,,,,
10959,109.590000,0.000000,0.000000,0.000000,1.000000,0.000000,0.000000,0.000000,57.698101,20.499701,-14.700500,0.047771,-0.013570,0.015998,-15.666301,-52.738201,18.801300,-93.396698,0.129960,17.611099,-0.206387,-0.487762,-0.680746,0.506041,1830.736816,1547.337769,-3505.755615,1833.051758,1466.432617,-3514.021729,1845.270630,1590.078003,-3533.625732,1811.399902,1499.314697,-3465.770264,1833.224976,1633.526245,-3509.604980,1833.200195,1466.359375,-3514.061523,1845.093872,1590.106079,-3533.679199,1811.267700,1499.295532,-3465.695068,1833.385742,1633.590942,-3509.587646,2616.279785,1567.786255,-3159.789307,,,,,,,,,,,,,,,,,,,,,,,,,,,,,,,,,
10960,109.600000,0.000000,0.000000,0.000000,1.000000,0.000000,0.000000,0.000000,57.698101,20.499701,-14.700500,0.047771,-0.013570,0.015998,-15.666301,-52.738201,18.801300,-93.396698,0.129960,17.611099,-0.206849,-0.486986,-0.680979,0.506286,1833.615601,1547.183960,-3505.560791,1835.863037,1466.284912,-3513.904541,1848.134644,1589.939941,-3533.414551,1814.308472,1499.137329,-3465.589355,1836.155884,1633.374268,-3509.334961,1835.795166,1466.107300,-3513.916992,1848.275391,1590.029175,-3533.479980,1814.336548,1499.146851,-3465.550781,1836.054932,1633.447144,-3509.301758,2616.246582,1567.739502,-3159.802979,,,,,,,,,,,,,,,,,,,,,,,,,,,,,,,,,
10961,109.610000,0.000000,0.000000,0.000000,1.000000,0.000000,0.000000,0.000000,57.698101,20.499701,-14.700500,0.047771,-0.013570,0.015998,-15.666301,-52.738201,18.801300,-93.396698,0.129960,17.611099,-0.205656,-0.486998,-0.680856,0.506927,1836.608887,1547.096924,-3505.403564,1839.039673,1466.214111,-3513.853027,1851.062012,1589.921509,-3533.186279,1817.367676,1498.955078,-3465.514893,1838.966187,1633.297485,-3509.060059,1839.137695,1466.383667,-3513.860352,1850.908569,1589.799072,-3533.164062,1817.331055,1499.099487,-3465.574951,1839.061279,1633.097046,-3509.011475,2616.266602,1567.735107,-3159.788574,,,,,,,,,,,,,,,,,,,,,,,,,,,,,,,,,
10962,109.620000,0.000000,0.000000,0.000000,1.000000,0.000000,0.000000,0.000000,57.698101,20.499701,-14.700500,0.047771,-0.013570,0.015998,-15.666301,-52.738201,18.801300,-93.396698,0.129960,17.611099,-0.204779,-0.487334,-0.682620,0.504580,1839.438232,1547.059326,-3505.162598,1841.584595,1466.177368,-3513.697510,1854.188477,1589.858398,-3532.828125,1819.823730,1498.947876,-3465.419189,1842.155884,1633.253906,-3508.705566,1841.641724,1466.145752,-3513.735352,1854.164917,1590.024536,-3532.914551,1819.731445,1498.895386,-3465.296631,1842.206665,1633.182129,-3508.702881,2616.274414,1567.731567,-3159.785889,,,,,,,,,,,,,,,,,,,,,,,,,,,,,,,,,
10963,109.630000,0.000000,0.000000,0.000000,1.000000,0.000000,0.000000,0.000000,57.698101,20.499701,-14.700500,0.047771,-0.013570,0.015998,-15.666301,-52.738201,18.801300,-93.396698,0.129960,17.611099,-0.204833,-0.486617,-0.682108,0.505941,1842.284180,1546.932739,-3505.011963,1844.574585,1466.063599,-3513.631592,1856.882935,1589.788818,-3532.669678,1822.860107,1498.742554,-3465.270508,1844.818970,1633.135986,-3508.476318,1844.530762,1465.863403,-3513.658203,1856.947998,1589.840454,-3532.653076,1822.924194,1498.971802,-3465.314209,1844.734375,1633.060913,-3508.429688,2616.289551,1567.763672,-3159.781250,,,,,,,,,,,,,,,,,,,,,,,,,,,,,,,,,
10964,109.640000,0.000000,0.000000,0.000000,1.000000,0.000000,0.000000,0.000000,57.698101,20.499701,-14.700500,0.047771,-0.013570,0.015998,-15.666301,-52.738201,18.801300,-93.396698,0.129960,17.611099,-0.202952,-0.487519,-0.682540,0.505247,1845.215210,1546.725464,-3504.856201,1847.609131,1465.865356,-3513.531006,1859.898560,1589.615845,-3532.415527,1825.658691,1498.487305,-3465.237793,1847.694336,1632.933716,-3508.239746,1847.708374,1465.864990,-3513.560059,1859.767822,1589.476440,-3532.435547,1825.594360,1498.522461,-3465.231201,1847.786011,1633.031128,-3508.197754,2616.285400,1567.698486,-3159.775391,,,,,,,,,,,,,,,,,,,,,,,,,,,,,,,,,
10965,109.650000,0.000000,0.000000,0.000000,1.000000,0.000000,0.000000,0.000000,57.698101,20.499701,-14.700500,0.047771,-0.013570,0.015998,-15.666301,-52.738201,18.801300,-93.396698,0.129960,17.611099,-0.202666,-0.487471,-0.684030,0.503390,1847.946045,1546.555908,-3504.632812,1850.058350,1465.696411,-3513.386475,1862.867310,1589.419189,-3532.106201,1828.098022,1498.350464,-3465.119629,1850.760376,1632.757568,-3507.918457,1850.000854,1465.604370,-3513.426270,1863.048096,1589.669312,-3532.194092,1828.098999,1498.343140,-3465.009521,1850.659180,1632.638916,-3507.914062,2616.311768,1567.758423,-3159.776123,,,,,,,,,,,,,,,,,,,,,,,,,,,,,,,,,
10966,109.660000,0.000000,0.000000,0.000000,1.000000,0.000000,0.000000,0.000000,57.698101,20.499701,-14.700500,0.047771,-0.013570,0.015998,-15.666301,-52.738201,18.801300,-93.396698,0.129960,17.611099,-0.201878,-0.487411,-0.683519,0.504457,1850.692627,1546.590454,-3504.460938,1853.022583,1465.744141,-3513.280762,1865.491089,1589.516357,-3531.903320,1830.984985,1498.299316,-3464.982422,1853.271973,1632.802124,-3507.677490,1853.091797,1465.807129,-3513.301025,1865.389526,1589.489136,-3531.883545,1830.961182,1498.489380,-3465.024902,1853.332397,1632.562744,-3507.632324,2616.303711,1567.749390,-3159.781250,,,,,,,,,,,,,,,,,,,,,,,,,,,,,,,,,
10967,109.670000,0.000000,0.000000,0.000000,1.000000,0.000000,0.000000,0.000000,57.698101,20.499701,-14.700500,0.047771,-0.013570,0.015998,-15.666301,-52.738201,18.801300,-93.396698,0.129960,17.611099,-0.200431,-0.488303,-0.684220,0.503221,1853.492676,1546.399414,-3504.246826,1855.810669,1465.555298,-3513.090576,1868.437622,1589.327637,-3531.605713,1833.582642,1498.104004,-3464.875244,1856.139893,1632.610718,-3507.415039,1855.908813,1465.385620,-3513.142090,1868.359863,1589.414307,-3531.669922,1833.482666,1498.096191,-3464.782959,1856.223877,1632.690186,-3507.395020,2616.269287,1567.758545,-3159.793701,,,,,,,,,,,,,,,,,,,,,,,,,,,,,,,,,
10968,109.680000,0.000000,0.000000,0.000000,1.000000,0.000000,0.000000,0.000000,57.698101,20.499701,-14.700500,0.047771,-0.013570,0.015998,-15.666301,-52.738201,18.801300,-93.396698,0.129960,17.611099,-0.199625,-0.488430,-0.685123,0.502188,1856.113281,1546.104736,-3504.007324,1858.334473,1465.267212,-3512.934570,1871.192871,1589.041016,-3531.279785,1836.029297,1497.795532,-3464.741211,1858.896484,1632.315674,-3507.073486,1858.290405,1465.213989,-3512.960938,1871.327881,1589.108032,-3531.360352,1836.031494,1497.755981,-3464.663330,1858.812622,1632.346802,-3507.050537,2616.293701,1567.736816,-3159.778564,,,,,,,,,,,,,,,,,,,,,,,,,,,,,,,,,
10969,109.690000,0.000000,0.000000,0.000000,1.000000,0.000000,0.000000,0.000000,57.698101,20.499701,-14.700500,0.047771,-0.013570,0.015998,-15.666301,-52.738201,18.801300,-93.396698,0.129960,17.611099,-0.199734,-0.487948,-0.684652,0.503254,1858.929932,1546.084961,-3503.821777,1861.266357,1465.255859,-3512.795410,1873.888672,1589.059814,-3531.100098,1838.997925,1497.722900,-3464.543701,1861.566528,1632.301758,-3506.848389,1861.376465,1465.445068,-3512.830566,1873.718872,1588.919556,-3531.043945,1838.961792,1497.912964,-3464.594482,1861.666016,1632.048706,-3506.815918,2616.294922,1567.740479,-3159.775391,,,,,,,,,,,,,,,,,,,,,,,,,,,,,,,,,
10970,109.700000,0.000000,0.000000,0.000000,1.000000,0.000000,0.000000,0.000000,57.698101,20.499701,-14.700500,0.047771,-0.013570,0.015998,-15.666301,-52.738201,18.801300,-93.396698,0.129960,17.611099,-0.198139,-0.488913,-0.686050,0.501039,1861.538818,1546.029663,-3503.613037,1863.726318,1465.201782,-3512.635010,1876.764648,1588.987549,-3530.769775,1841.255737,1497.687866,-3464.489746,1864.408203,1632.241821,-3506.557373,1863.817383,1465.216431,-3512.671387,1876.702759,1589.118896,-3530.878662,1841.129639,1497.617065,-3464.358887,1864.492676,1632.168457,-3506.540039,2616.294922,1567.752075,-3159.786865,,,,,,,,,,,,,,,,,,,,,,,,,,,,,,,,,
10971,109.710000,0.000000,0.000000,0.000000,1.000000,0.000000,0.000000,0.000000,57.698101,20.499701,-14.700500,0.047771,-0.013570,0.015998,-15.666301,-52.738201,18.801300,-93.396698,0.129960,17.611099,-0.196791,-0.489642,-0.685967,0.500973,1864.015015,1545.811646,-3503.322998,1866.355347,1464.989502,-3512.358643,1879.243042,1588.800537,-3530.429932,1843.707153,1497.427856,-3464.264404,1866.754272,1632.029053,-3506.239502,1866.353516,1464.788452,-3512.404541,1879.315796,1588.933716,-3530.508301,1843.698730,1497.575195,-3464.215820,1866.694092,1631.945312,-3506.167969,2616.294189,1567.735840,-3159.776855,,,,,,,,,,,,,,,,,,,,,,,,,,,,,,,,,
10972,109.720000,0.000000,0.000000,0.000000,1.000000,0.000000,0.000000,0.000000,57.698101,20.499701,-14.700500,0.047771,-0.013570,0.015998,-15.666301,-52.738201,18.801300,-93.396698,0.129960,17.611099,-0.197063,-0.488855,-0.685762,0.501915,1866.848999,1545.725708,-3503.114258,1869.244141,1464.914551,-3512.233887,1881.978638,1588.755127,-3530.211670,1846.670410,1497.285034,-3464.059082,1869.502563,1631.948364,-3505.952148,1869.330933,1464.991211,-3512.262207,1881.829956,1588.533813,-3530.166992,1846.641968,1497.390991,-3464.101562,1869.574585,1631.962280,-3505.921631,2616.272949,1567.715210,-3159.778809,,,,,,,,,,,,,,,,,,,,,,,,,,,,,,,,,
10973,109.730000,0.000000,0.000000,0.000000,1.000000,0.000000,0.000000,0.000000,57.698101,20.499701,-14.700500,0.047771,-0.013570,0.015998,-15.666301,-52.738201,18.801300,-93.396698,0.129960,17.611099,-0.195863,-0.489190,-0.687429,0.499773,1869.333862,1545.556641,-3502.874512,1871.505249,1464.752075,-3512.107178,1884.733765,1588.576904,-3529.833984,1848.810669,1497.123657,-3463.989990,1872.285645,1631.774292,-3505.567383,1871.484131,1464.807739,-3512.084717,1884.796753,1588.695312,-3529.912598,1848.789062,1497.011963,-3463.936523,1872.269409,1631.714722,-3505.567627,2616.282471,1567.742676,-3159.783447,,,,,,,,,,,,,,,,,,,,,,,,,,,,,,,,,
10974,109.740000,0.000000,0.000000,0.000000,1.000000,0.000000,0.000000,0.000000,57.698101,20.499701,-14.700500,0.047771,-0.013570,0.015998,-15.666301,-52.738201,18.801300,-93.396698,0.129960,17.611099,-0.195593,-0.489017,-0.687506,0.499941,1871.715210,1545.431763,-3502.501465,1873.915527,1464.633789,-3511.786133,1887.101807,1588.474854,-3529.432129,1851.206543,1496.966309,-3463.649414,1874.636719,1631.652100,-3505.137939,1873.913208,1464.642456,-3511.798828,1887.152710,1588.632324,-3529.494873,1851.194458,1497.041626,-3463.610596,1874.599487,1631.384399,-3505.100098,2616.271729,1567.723877,-3159.794434,,,,,,,,,,,,,,,,,,,,,,,,,,,,,,,,,
10975,109.750000,0.000000,0.000000,0.000000,1.000000,0.000000,0.000000,0.000000,57.698101,20.499701,-14.700500,0.047771,-0.013570,0.015998,-15.666301,-52.738201,18.801300,-93.396698,0.129960,17.611099,-0.195510,-0.488098,-0.687358,0.501075,1874.365356,1545.306763,-3502.200439,1876.662720,1464.527588,-3511.622559,1889.637207,1588.416138,-3529.090088,1854.002563,1496.748169,-3463.387939,1877.158691,1631.535522,-3504.700439,1876.758057,1464.477051,-3511.647461,1889.454224,1588.303711,-3529.016846,1853.976807,1496.949829,-3463.462402,1877.253174,1631.503296,-3504.673828,2616.282227,1567.750000,-3159.784912,,,,,,,,,,,,,,,,,,,,,,,,,,,,,,,,,
10976,109.760000,0.000000,0.000000,0.000000,1.000000,0.000000,0.000000,0.000000,57.698101,20.499701,-14.700500,0.047771,-0.013570,0.015998,-15.666301,-52.738201,18.801300,-93.396698,0.129960,17.611099,-0.194067,-0.488907,-0.688421,0.499384,1876.913452,1545.051514,-3501.881836,1879.122192,1464.275146,-3511.350342,1892.387573,1588.154175,-3528.666260,1856.281494,1496.499512,-3463.203613,1879.862427,1631.277100,-3504.306885,1879.119629,1464.109985,-3511.371338,1892.427002,1588.207275,-3528.714111,1856.267944,1496.506714,-3463.166016,1879.839355,1631.371948,-3504.277588,2616.269775,1567.749878,-3159.786865,,,,,,,,,,,,,,,,,,,,,,,,,,,,,,,,,
10977,109.770000,0.000000,0.000000,0.000000,1.000000,0.000000,0.000000,0.000000,57.698101,20.499701,-14.700500,0.047771,-0.013570,0.015998,-15.666301,-52.738201,18.801300,-93.396698,0.129960,17.611099,-0.193925,-0.488189,-0.689021,0.499313,1879.176270,1544.737183,-3501.450195,1881.315308,1463.975220,-3511.055908,1894.680664,1587.872314,-3528.165283,1858.512207,1496.137207,-3462.849609,1882.196899,1630.964355,-3503.730225,1881.276611,1463.986694,-3511.093750,1894.815918,1587.988403,-3528.228760,1858.512817,1496.141968,-3462.763916,1882.106445,1630.832764,-3503.717773,2616.290771,1567.750854,-3159.780518,,,,,,,,,,,,,,,,,,,,,,,,,,,,,,,,,
10978,109.780000,0.000000,0.000000,0.000000,1.000000,0.000000,0.000000,0.000000,57.698101,20.499701,-14.700500,0.047771,-0.013570,0.015998,-15.666301,-52.738201,18.801300,-93.396698,0.129960,17.611099,-0.194049,-0.487121,-0.689056,0.500260,1881.648071,1544.711426,-3501.066650,1883.825806,1463.968018,-3510.818359,1897.063354,1587.904541,-3527.739502,1861.102539,1496.028931,-3462.506836,1884.600464,1630.944702,-3503.202148,1883.900024,1464.102051,-3510.838135,1896.928955,1587.779785,-3527.673584,1861.097290,1496.231934,-3462.578369,1884.664917,1630.724365,-3503.175781,2616.302979,1567.748047,-3159.764648,,,,,,,,,,,,,,,,,,,,,,,,,,,,,,,,,
10979,109.790000,0.000000,0.000000,0.000000,1.000000,0.000000,0.000000,0.000000,57.698101,20.499701,-14.700500,0.047771,-0.013570,0.015998,-15.666301,-52.738201,18.801300,-93.396698,0.129960,17.611099,-0.193007,-0.487877,-0.689437,0.499401,1884.060303,1544.529541,-3500.655518,1886.248291,1463.785889,-3510.403076,1899.571289,1587.719727,-3527.277344,1863.379883,1495.850830,-3462.163086,1887.041626,1630.762085,-3502.778076,1886.313354,1463.688843,-3510.399902,1899.482422,1587.796143,-3527.308105,1863.330811,1495.897583,-3462.163330,1887.114380,1630.734741,-3502.750977,2616.256836,1567.720459,-3159.784424,,,,,,,,,,,,,,,,,,,,,,,,,,,,,,,,,
10980,109.800000,0.000000,0.000000,0.000000,1.000000,0.000000,0.000000,0.000000,57.698101,20.499701,-14.700500,0.047771,-0.013570,0.015998,-15.666301,-52.738201,18.801300,-93.396698,0.129960,17.611099,-0.191834,-0.488453,-0.689930,0.498608,1886.263428,1544.136841,-3500.202881,1888.464478,1463.398071,-3509.988281,1901.867920,1587.338379,-3526.751709,1865.450806,1495.441406,-3461.802734,1889.270264,1630.369873,-3502.268555,1888.482910,1463.263672,-3510.054199,1901.923462,1587.422241,-3526.822021,1865.396851,1495.412842,-3461.683350,1889.251099,1630.442383,-3502.252686,2616.278809,1567.773682,-3159.789062,,,,,,,,,,,,,,,,,,,,,,,,,,,,,,,,,
10981,109.810000,0.000000,0.000000,0.000000,1.000000,0.000000,0.000000,0.000000,57.698101,20.499701,-14.700500,0.047771,-0.013570,0.015998,-15.666301,-52.738201,18.801300,-93.396698,0.129960,17.611099,-0.191072,-0.488418,-0.689299,0.499807,1888.548218,1543.919556,-3499.771484,1890.988647,1463.194214,-3509.610352,1904.011841,1587.185181,-3526.298584,1867.897827,1495.136597,-3461.395020,1891.294312,1630.162598,-3501.782227,1890.992554,1463.258667,-3509.633545,1904.049805,1587.145020,-3526.343018,1867.903198,1495.243408,-3461.386475,1891.243774,1630.025024,-3501.718018,2616.298096,1567.773193,-3159.788818,,,,,,,,,,,,,,,,,,,,,,,,,,,,,,,,,
10982,109.820000,0.000000,0.000000,0.000000,1.000000,0.000000,0.000000,0.000000,57.698101,20.499701,-14.700500,0.047771,-0.013570,0.015998,-15.666301,-52.738201,18.801300,-93.396698,0.129960,17.611099,-0.192550,-0.487330,-0.688853,0.500915,1890.858032,1543.909790,-3499.397705,1893.264648,1463.184814,-3509.248047,1906.200439,1587.177368,-3525.991699,1870.381592,1495.124146,-3460.931641,1893.585449,1630.153198,-3501.419434,1893.312500,1463.297241,-3509.238037,1906.090820,1587.098755,-3525.937012,1870.394165,1495.307251,-3461.025879,1893.637817,1629.926392,-3501.392090,2616.254883,1567.770874,-3159.796143,,,,,,,,,,,,,,,,,,,,,,,,,,,,,,,,,
10983,109.830000,0.000000,0.000000,0.000000,1.000000,0.000000,0.000000,0.000000,57.698101,20.499701,-14.700500,0.047771,-0.013570,0.015998,-15.666301,-52.738201,18.801300,-93.396698,0.129960,17.611099,-0.191328,-0.488026,-0.689388,0.499968,1893.025391,1543.844604,-3499.008301,1895.435791,1463.122803,-3508.884277,1908.477539,1587.117554,-3525.529785,1872.395386,1495.050415,-3460.635010,1895.792725,1630.087769,-3500.983643,1895.479004,1463.041992,-3508.881104,1908.431396,1587.270142,-3525.582275,1872.345093,1495.057861,-3460.604736,1895.844849,1630.017822,-3500.968994,2616.312012,1567.774780,-3159.791016,,,,,,,,,,,,,,,,,,,,,,,,,,,,,,,,,
10984,109.840000,0.000000,0.000000,0.000000,1.000000,0.000000,0.000000,0.000000,57.698101,20.499701,-14.700500,0.047771,-0.013570,0.015998,-15.666301,-52.738201,18.801300,-93.396698,0.129960,17.611099,-0.190151,-0.488930,-0.688667,0.500528,1895.038940,1543.610718,-3498.581787,1897.707397,1462.890991,-3508.408203,1910.406982,1586.914795,-3525.101318,1874.489258,1494.776489,-3460.216309,1897.552124,1629.860596,-3500.601318,1897.764771,1462.694092,-3508.468750,1910.435303,1587.098022,-3525.242676,1874.392090,1494.755249,-3460.074707,1897.565186,1629.893555,-3500.554932,2616.267334,1567.773438,-3159.792969,,,,,,,,,,,,,,,,,,,,,,,,,,,,,,,,,
10985,109.850000,0.000000,0.000000,0.000000,1.000000,0.000000,0.000000,0.000000,57.698101,20.499701,-14.700500,0.047771,-0.013570,0.015998,-15.666301,-52.738201,18.801300,-93.396698,0.129960,17.611099,-0.190854,-0.487797,-0.687497,0.502967,1897.439941,1543.561279,-3498.242188,1900.335083,1462.857422,-3508.133789,1912.529053,1586.934326,-3524.809082,1877.246582,1494.632935,-3459.807373,1899.648926,1629.820435,-3500.218018,1900.363403,1462.899414,-3508.184570,1912.528809,1586.801270,-3524.819092,1877.247803,1494.789551,-3459.805664,1899.619263,1629.757690,-3500.158203,2616.288574,1567.764038,-3159.783936,,,,,,,,,,,,,,,,,,,,,,,,,,,,,,,,,
10986,109.860000,0.000000,0.000000,0.000000,1.000000,0.000000,0.000000,0.000000,57.698101,20.499701,-14.700500,0.047771,-0.013570,0.015998,-15.666301,-52.738201,18.801300,-93.396698,0.129960,17.611099,-0.192160,-0.486799,-0.688155,0.502538,1899.680664,1543.490112,-3497.906982,1902.320190,1462.783569,-3507.848145,1914.839111,1586.833618,-3524.482666,1879.427124,1494.600098,-3459.455322,1902.135986,1629.743652,-3499.841553,1902.340576,1462.866211,-3507.810547,1914.777344,1586.797852,-3524.473145,1879.424805,1494.597778,-3459.504150,1902.179688,1629.700562,-3499.838623,2616.282959,1567.756958,-3159.786133,,,,,,,,,,,,,,,,,,,,,,,,,,,,,,,,,
10987,109.870000,0.000000,0.000000,0.000000,1.000000,0.000000,0.000000,0.000000,57.698101,20.499701,-14.700500,0.047771,-0.013570,0.015998,-15.666301,-52.738201,18.801300,-93.396698,0.129960,17.611099,-0.191884,-0.487628,-0.688457,0.501423,1901.768799,1543.445557,-3497.506592,1904.331177,1462.725830,-3507.360840,1917.045776,1586.743530,-3524.088867,1881.361206,1494.619263,-3459.055420,1904.336914,1629.693970,-3499.520996,1904.342773,1462.732910,-3507.375977,1917.092529,1586.954956,-3524.186523,1881.305176,1494.568848,-3458.956787,1904.337524,1629.540283,-3499.515381,2616.295410,1567.755859,-3159.779297,,,,,,,,,,,,,,,,,,,,,,,,,,,,,,,,,
10988,109.880000,0.000000,0.000000,0.000000,1.000000,0.000000,0.000000,0.000000,57.698101,20.499701,-14.700500,0.047771,-0.013570,0.015998,-15.666301,-52.738201,18.801300,-93.396698,0.129960,17.611099,-0.191874,-0.487129,-0.687549,0.503157,1903.937134,1543.435181,-3497.128174,1906.726074,1462.728516,-3507.027832,1919.011841,1586.793091,-3523.728027,1883.778931,1494.527344,-3458.649170,1906.231445,1629.692139,-3499.107910,1906.770386,1462.696289,-3507.075684,1919.004883,1586.890503,-3523.778564,1883.739746,1494.693970,-3458.600342,1906.229492,1629.441772,-3499.046875,2616.279297,1567.734497,-3159.778564,,,,,,,,,,,,,,,,,,,,,,,,,,,,,,,,,
10989,109.890000,0.000000,0.000000,0.000000,1.000000,0.000000,0.000000,0.000000,57.698101,20.499701,-14.700500,0.047771,-0.013570,0.015998,-15.666301,-52.738201,18.801300,-93.396698,0.129960,17.611099,-0.193191,-0.486174,-0.686851,0.504528,1906.308105,1543.384521,-3496.747314,1909.129395,1462.678955,-3506.645752,1921.225586,1586.751953,-3523.420166,1886.364380,1494.464233,-3458.172119,1908.512695,1629.643311,-3498.750977,1909.230225,1462.574585,-3506.631836,1921.042480,1586.707031,-3523.407471,1886.322266,1494.604370,-3458.249756,1908.628052,1629.652710,-3498.701172,2616.295898,1567.738525,-3159.788574,,,,,,,,,,,,,,,,,,,,,,,,,,,,,,,,,
10990,109.900000,0.000000,0.000000,0.000000,1.000000,0.000000,0.000000,0.000000,57.698101,20.499701,-14.700500,0.047771,-0.013570,0.015998,-15.666301,-52.738201,18.801300,-93.396698,0.129960,17.611099,-0.193169,-0.486225,-0.687960,0.502973,1908.627563,1543.320801,-3496.317871,1911.209473,1462.610718,-3506.245605,1923.738281,1586.651489,-3522.941650,1888.448730,1494.448364,-3457.804443,1911.113403,1629.572876,-3498.279541,1911.201660,1462.477173,-3506.264648,1923.768799,1586.744751,-3522.957031,1888.420166,1494.332520,-3457.730713,1911.118530,1629.728760,-3498.318359,2616.250977,1567.742920,-3159.786377,,,,,,,,,,,,,,,,,,,,,,,,,,,,,,,,,
10991,109.910000,0.000000,0.000000,0.000000,1.000000,0.000000,0.000000,0.000000,57.698101,20.499701,-14.700500,0.047771,-0.013570,0.015998,-15.666301,-52.738201,18.801300,-93.396698,0.129960,17.611099,-0.192757,-0.486368,-0.688405,0.502384,1910.850708,1543.269043,-3495.798584,1913.382568,1462.561157,-3505.756592,1926.035034,1586.598755,-3522.382080,1890.576660,1494.396729,-3457.335205,1913.408691,1629.519897,-3497.720215,1913.380371,1462.599243,-3505.810791,1926.119507,1586.604370,-3522.452637,1890.559082,1494.435791,-3457.253418,1913.343994,1629.434326,-3497.677002,2616.295410,1567.725952,-3159.791992,,,,,,,,,,,,,,,,,,,,,,,,,,,,,,,,,
10992,109.920000,0.000000,0.000000,0.000000,1.000000,0.000000,0.000000,0.000000,57.698101,20.499701,-14.700500,0.047771,-0.013570,0.015998,-15.666301,-52.738201,18.801300,-93.396698,0.129960,17.611099,-0.193993,-0.485163,-0.688007,0.503617,1913.228882,1543.373779,-3495.253174,1915.752930,1462.671997,-3505.262695,1928.281006,1586.723511,-3521.879150,1893.140137,1494.473267,-3456.728516,1915.741455,1629.626709,-3497.142090,1915.853760,1462.807373,-3505.269043,1928.113281,1586.629395,-3521.848877,1893.110352,1494.702637,-3456.807861,1915.842773,1629.335571,-3497.083984,2616.289795,1567.747437,-3159.765381,,,,,,,,,,,,,,,,,,,,,,,,,,,,,,,,,
10993,109.930000,0.000000,0.000000,0.000000,1.000000,0.000000,0.000000,0.000000,57.698101,20.499701,-14.700500,0.047771,-0.013570,0.015998,-15.666301,-52.738201,18.801300,-93.396698,0.129960,17.611099,-0.193162,-0.485195,-0.689142,0.502352,1915.608765,1543.438599,-3494.688232,1917.994629,1462.745728,-3504.804199,1930.825928,1586.794312,-3521.210449,1895.309692,1494.525635,-3456.289551,1918.304688,1629.688599,-3496.448730,1918.051270,1462.670288,-3504.833740,1930.777832,1586.896118,-3521.247314,1895.253296,1494.567871,-3456.240967,1918.351929,1629.621948,-3496.432129,2616.261475,1567.726318,-3159.791260,,,,,,,,,,,,,,,,,,,,,,,,,,,,,,,,,
10994,109.940000,0.000000,0.000000,0.000000,1.000000,0.000000,0.000000,0.000000,57.698101,20.499701,-14.700500,0.047771,-0.013570,0.015998,-15.666301,-52.738201,18.801300,-93.396698,0.129960,17.611099,-0.191077,-0.486352,-0.689770,0.501167,1917.821655,1543.317749,-3493.971436,1920.279297,1462.632202,-3504.126709,1933.173584,1586.693970,-3520.382080,1897.324585,1494.375732,-3455.715332,1920.509155,1629.569580,-3495.661133,1920.302124,1462.393677,-3504.175049,1933.221558,1586.862671,-3520.481445,1897.260742,1494.329102,-3455.600830,1920.506226,1629.671509,-3495.636719,2616.268311,1567.748657,-3159.797363,,,,,,,,,,,,,,,,,,,,,,,,,,,,,,,,,
10995,109.950000,0.000000,0.000000,0.000000,1.000000,0.000000,0.000000,0.000000,57.698101,20.499701,-14.700500,0.047771,-0.013570,0.015998,-15.666301,-52.738201,18.801300,-93.396698,0.129960,17.611099,-0.190561,-0.486043,-0.689368,0.502215,1920.343872,1543.299927,-3493.308350,1922.973633,1462.629639,-3503.542480,1935.578613,1586.735352,-3519.689453,1899.985596,1494.275879,-3455.083252,1922.837646,1629.559082,-3494.917969,1922.976929,1462.692749,-3503.552490,1935.597534,1586.636353,-3519.718750,1899.992920,1494.325806,-3455.090576,1922.808594,1629.540649,-3494.873047,2616.290527,1567.727173,-3159.782715,,,,,,,,,,,,,,,,,,,,,,,,,,,,,,,,,
10996,109.960000,0.000000,0.000000,0.000000,1.000000,0.000000,0.000000,0.000000,57.698101,20.499701,-14.700500,0.047771,-0.013570,0.015998,-15.666301,-52.738201,18.801300,-93.396698,0.129960,17.611099,-0.191776,-0.484972,-0.690102,0.501780,1922.894043,1543.423950,-3492.639160,1925.266724,1462.754761,-3502.943359,1938.201782,1586.835938,-3519.016846,1902.470581,1494.428833,-3454.411621,1925.636841,1629.676758,-3494.184570,1925.277832,1462.842041,-3502.904541,1938.146118,1586.779175,-3518.993896,1902.497437,1494.527344,-3454.502930,1925.656738,1629.547729,-3494.157715,2616.327393,1567.766602,-3159.773682,,,,,,,,,,,,,,,,,,,,,,,,,,,,,,,,,
10997,109.970000,0.000000,0.000000,0.000000,1.000000,0.000000,0.000000,0.000000,57.698101,20.499701,-14.700500,0.047771,-0.013570,0.015998,-15.666301,-52.738201,18.801300,-93.396698,0.129960,17.611099,-0.190292,-0.486138,-0.690937,0.500065,1925.168701,1543.438477,-3491.907471,1927.488647,1462.766357,-3502.201904,1940.670776,1586.830811,-3518.203613,1904.482178,1494.469238,-3453.788330,1928.033325,1629.687500,-3493.435547,1927.514160,1462.799683,-3502.203125,1940.677368,1586.998535,-3518.287109,1904.430664,1494.452515,-3453.727051,1928.054443,1629.500244,-3493.417236,2616.261719,1567.748413,-3159.793213,,,,,,,,,,,,,,,,,,,,,,,,,,,,,,,,,
10998,109.980000,0.000000,0.000000,0.000000,1.000000,0.000000,0.000000,0.000000,57.698101,20.499701,-14.700500,0.047771,-0.013570,0.015998,-15.666301,-52.738201,18.801300,-93.396698,0.129960,17.611099,-0.188709,-0.487028,-0.690572,0.500304,1927.563599,1543.418091,-3491.157715,1930.118896,1462.753174,-3501.452881,1943.024902,1586.852661,-3517.408203,1906.900024,1494.392212,-3453.099121,1930.210327,1629.674316,-3492.670654,1930.162231,1462.669800,-3501.497559,1943.022583,1586.959961,-3517.468262,1906.850342,1494.471802,-3453.033936,1930.218506,1629.572876,-3492.631592,2616.269287,1567.773560,-3159.797363,,,,,,,,,,,,,,,,,,,,,,,,,,,,,,,,,
10999,109.990000,0.000000,0.000000,0.000000,1.000000,0.000000,0.000000,0.000000,57.698101,20.499701,-14.700500,0.047771,-0.013570,0.015998,-15.666301,-52.738201,18.801300,-93.396698,0.129960,17.611099,-0.189401,-0.486275,-0.690277,0.501180,1930.331665,1543.428223,-3490.417480,1932.903564,1462.768799,-3500.750977,1945.699097,1586.881470,-3516.692139,1909.796753,1494.376221,-3452.322998,1932.927368,1629.686523,-3491.903809,1932.947266,1462.676025,-3500.745850,1945.590698,1586.762329,-3516.643066,1909.812134,1494.534790,-3452.420898,1932.970825,1629.743042,-3491.864990,2616.270508,1567.747803,-3159.784424,,,,,,,,,,,,,,,,,,,,,,,,,,,,,,,,,
11000,110.000000,0.000000,0.000000,0.000000,1.000000,0.000000,0.000000,0.000000,57.698101,20.499701,-14.700500,0.047771,-0.013570,0.015998,-15.666301,-52.738201,18.801300,-93.396698,0.129960,17.611099,-0.189318,-0.485859,-0.691741,0.499594,1932.848755,1543.301514,-3489.635498,1935.138062,1462.648315,-3500.083984,1948.425537,1586.735840,-3515.818115,1912.062378,1494.270264,-3451.650635,1935.769043,1629.551636,-3490.989014,1935.072998,1462.617432,-3500.053223,1948.506836,1586.783936,-3515.824951,1912.109253,1494.256592,-3451.675293,1935.707031,1629.549316,-3490.987793,2616.279053,1567.744385,-3159.791504,,,,,,,,,,,,,,,,,,,,,,,,,,,,,,,,,
11001,110.010000,0.000000,0.000000,0.000000,1.000000,0.000000,0.000000,0.000000,57.698101,20.499701,-14.700500,0.047771,-0.013570,0.015998,-15.666301,-52.738201,18.801300,-93.396698,0.129960,17.611099,-0.189008,-0.485830,-0.692122,0.499212,1935.226318,1543.255127,-3488.773926,1937.475464,1462.606567,-3499.266602,1950.853882,1586.694946,-3514.917236,1914.375000,1494.214966,-3450.836182,1938.201050,1629.504150,-3490.075195,1937.514160,1462.713867,-3499.299072,1950.850098,1586.739868,-3514.960938,1914.340576,1494.303833,-3450.791992,1938.200806,1629.227173,-3490.036377,2616.282959,1567.738892,-3159.778076,,,,,,,,,,,,,,,,,,,,,,,,,,,,,,,,,
11002,110.020000,0.000000,0.000000,0.000000,1.000000,0.000000,0.000000,0.000000,57.698101,20.499701,-14.700500,0.047771,-0.013570,0.015998,-15.666301,-52.738201,18.801300,-93.396698,0.129960,17.611099,-0.189491,-0.485001,-0.692301,0.499587,1938.030640,1543.390015,-3487.994629,1940.224976,1462.750854,-3498.570801,1953.630493,1586.848633,-3514.123535,1917.225464,1494.321899,-3450.067871,1941.041382,1629.639038,-3489.216797,1940.309814,1462.784790,-3498.601318,1953.483765,1586.787354,-3514.062256,1917.195679,1494.486694,-3450.102783,1941.127319,1629.499634,-3489.209473,2616.294189,1567.760620,-3159.779785,,,,,,,,,,,,,,,,,,,,,,,,,,,,,,,,,
11003,110.030000,0.000000,0.000000,0.000000,1.000000,0.000000,0.000000,0.000000,57.698101,20.499701,-14.700500,0.047771,-0.013570,0.015998,-15.666301,-52.738201,18.801300,-93.396698,0.129960,17.611099,-0.189092,-0.485089,-0.692788,0.498977,1940.748169,1543.290771,-3487.116943,1942.884155,1462.655029,-3497.731689,1956.424561,1586.748657,-3513.200928,1919.844727,1494.221924,-3449.245117,1943.839233,1629.537598,-3488.290039,1942.925781,1462.464355,-3497.725586,1956.383667,1586.819580,-3513.257080,1919.807373,1494.237671,-3449.238770,1943.881470,1629.627075,-3488.245850,2616.283203,1567.770752,-3159.780518,,,,,,,,,,,,,,,,,,,,,,,,,,,,,,,,,
11004,110.040000,0.000000,0.000000,0.000000,1.000000,0.000000,0.000000,0.000000,57.698101,20.499701,-14.700500,0.047771,-0.013570,0.015998,-15.666301,-52.738201,18.801300,-93.396698,0.129960,17.611099,-0.188591,-0.485122,-0.693604,0.498000,1943.218872,1543.049561,-3486.165039,1945.241455,1462.419800,-3496.846191,1959.019409,1586.504028,-3512.179932,1922.158447,1493.982666,-3448.377930,1946.455933,1629.292114,-3487.256348,1945.244751,1462.417358,-3496.870117,1959.080200,1586.493530,-3512.265381,1922.143555,1494.021118,-3448.334473,1946.408081,1629.265625,-3487.191162,2616.304688,1567.746460,-3159.782715,,,,,,,,,,,,,,,,,,,,,,,,,,,,,,,,,
11005,110.050000,0.000000,0.000000,0.000000,1.000000,0.000000,0.000000,0.000000,57.698101,20.499701,-14.700500,0.047771,-0.013570,0.015998,-15.666301,-52.738201,18.801300,-93.396698,0.129960,17.611099,-0.189569,-0.484096,-0.693741,0.498437,1946.106445,1543.228638,-3485.267090,1948.029785,1462.605103,-3496.014160,1961.873047,1586.688721,-3511.292725,1925.107422,1494.151733,-3447.458740,1949.415283,1629.469116,-3486.302734,1948.133179,1462.762939,-3496.010010,1961.720093,1586.591064,-3511.298584,1925.066406,1494.292236,-3447.508789,1949.511719,1629.256836,-3486.247314,2616.271240,1567.733154,-3159.782959,,,,,,,,,,,,,,,,,,,,,,,,,,,,,,,,,
11006,110.060000,0.000000,0.000000,0.000000,1.000000,0.000000,0.000000,0.000000,57.698101,20.499701,-14.700500,0.047771,-0.013570,0.015998,-15.666301,-52.738201,18.801300,-93.396698,0.129960,17.611099,-0.190010,-0.483424,-0.694461,0.497917,1948.802490,1543.306030,-3484.328369,1950.549194,1462.689331,-3495.156006,1964.648193,1586.758545,-3510.318848,1927.718506,1494.236206,-3446.558105,1952.293823,1629.540283,-3485.280029,1950.585449,1462.658936,-3495.108398,1964.592529,1586.827881,-3510.395264,1927.690186,1494.266968,-3446.592285,1952.340942,1629.470703,-3485.218018,2616.271240,1567.751953,-3159.786133,,,,,,,,,,,,,,,,,,,,,,,,,,,,,,,,,
11007,110.070000,0.000000,0.000000,0.000000,1.000000,0.000000,0.000000,0.000000,57.698101,20.499701,-14.700500,0.047771,-0.013570,0.015998,-15.666301,-52.738201,18.801300,-93.396698,0.129960,17.611099,-0.188561,-0.484122,-0.694850,0.497246,1951.273193,1543.073608,-3483.271240,1953.086060,1462.464111,-3494.140625,1967.194824,1586.546997,-3509.180176,1930.074097,1493.974121,-3445.604004,1954.737793,1629.309692,-3484.159424,1953.113647,1462.331909,-3494.174805,1967.234619,1586.662964,-3509.292725,1930.025269,1494.015991,-3445.531250,1954.722656,1629.286011,-3484.094971,2616.282959,1567.724609,-3159.783203,,,,,,,,,,,,,,,,,,,,,,,,,,,,,,,,,
11008,110.080000,0.000000,0.000000,0.000000,1.000000,0.000000,0.000000,0.000000,57.698101,20.499701,-14.700500,0.047771,-0.013570,0.015998,-15.666301,-52.738201,18.801300,-93.396698,0.129960,17.611099,-0.189709,-0.483130,-0.695174,0.497323,1954.134888,1543.006226,-3482.279785,1955.782959,1462.399902,-3493.200439,1970.064819,1586.467529,-3508.204102,1932.947876,1493.920776,-3444.587402,1957.744141,1629.236694,-3483.127197,1955.882080,1462.441284,-3493.197998,1969.914429,1586.392456,-3508.227539,1932.884155,1493.942749,-3444.599609,1957.854492,1629.243896,-3483.094238,2616.282715,1567.727051,-3159.782227,,,,,,,,,,,,,,,,,,,,,,,,,,,,,,,,,
11009,110.090000,0.000000,0.000000,0.000000,1.000000,0.000000,0.000000,0.000000,57.698101,20.499701,-14.700500,0.047771,-0.013570,0.015998,-15.666301,-52.738201,18.801300,-93.396698,0.129960,17.611099,-0.190146,-0.482615,-0.695965,0.496548,1956.921875,1543.107544,-3481.301270,1958.369019,1462.505737,-3492.282715,1972.957642,1586.548706,-3507.194092,1935.615601,1494.046509,-3443.644287,1960.744873,1629.329468,-3482.083984,1958.357178,1462.568604,-3492.243896,1972.961060,1586.582642,-3507.210449,1935.640015,1494.115479,-3443.694824,1960.727661,1629.146362,-3482.052490,2616.276367,1567.751953,-3159.782959,,,,,,,,,,,,,,,,,,,,,,,,,,,,,,,,,
11010,110.100000,0.000000,0.000000,0.000000,1.000000,0.000000,0.000000,0.000000,57.698101,20.499701,-14.700500,0.047771,-0.013570,0.015998,-15.666301,-52.738201,18.801300,-93.396698,0.129960,17.611099,-0.189466,-0.483408,-0.696091,0.495859,1959.314697,1543.015015,-3480.158936,1960.778564,1462.406738,-3491.091064,1975.419312,1586.439331,-3506.037109,1937.910156,1493.978149,-3442.526611,1963.150635,1629.235962,-3480.981689,1960.790649,1462.396973,-3491.097412,1975.445679,1586.546021,-3506.108154,1937.885010,1494.017700,-3442.490723,1963.137451,1629.095825,-3480.941162,2616.273193,1567.802490,-3159.791748,,,,,,,,,,,,,,,,,,,,,,,,,,,,,,,,,
11011,110.110000,0.000000,0.000000,0.000000,1.000000,0.000000,0.000000,0.000000,57.698101,20.499701,-14.700500,0.047771,-0.013570,0.015998,-15.666301,-52.738201,18.801300,-93.396698,0.129960,17.611099,-0.189933,-0.483722,-0.696336,0.495030,1961.959106,1542.829590,-3479.044678,1963.289673,1462.208252,-3489.896973,1978.153198,1586.200684,-3504.956299,1940.448975,1493.866699,-3441.375977,1965.944702,1629.042969,-3479.949219,1963.411987,1462.052612,-3489.969238,1978.023926,1586.174316,-3504.969482,1940.353760,1493.893188,-3441.312500,1966.061035,1629.196411,-3479.932129,2616.228271,1567.708252,-3159.797607,,,,,,,,,,,,,,,,,,,,,,,,,,,,,,,,,
11012,110.120000,0.000000,0.000000,0.000000,1.000000,0.000000,0.000000,0.000000,57.698101,20.499701,-14.700500,0.047771,-0.013570,0.015998,-15.666301,-52.738201,18.801300,-93.396698,0.129960,17.611099,-0.190068,-0.483581,-0.696373,0.495065,1964.962646,1542.819580,-3477.983887,1966.275513,1462.199341,-3488.845703,1981.155151,1586.190796,-3503.896240,1943.457153,1493.856201,-3440.313232,1968.962646,1629.032349,-3478.880371,1966.293457,1462.200195,-3488.827393,1981.147339,1586.216187,-3503.960693,1943.445312,1493.914307,-3440.328369,1968.963745,1628.944824,-3478.817871,2616.276855,1567.759521,-3159.790527,,,,,,,,,,,,,,,,,,,,,,,,,,,,,,,,,
11013,110.130000,0.000000,0.000000,0.000000,1.000000,0.000000,0.000000,0.000000,57.698101,20.499701,-14.700500,0.047771,-0.013570,0.015998,-15.666301,-52.738201,18.801300,-93.396698,0.129960,17.611099,-0.190291,-0.483466,-0.696606,0.494763,1967.426270,1542.686768,-3476.817871,1968.665283,1462.065796,-3487.683838,1983.657227,1586.044556,-3502.728760,1945.877808,1493.741211,-3439.148682,1971.504883,1628.895996,-3477.710205,1968.643188,1462.171875,-3487.644531,1983.692627,1586.118042,-3502.768555,1945.900146,1493.801880,-3439.179443,1971.462280,1628.617676,-3477.671875,2616.266602,1567.738159,-3159.783203,,,,,,,,,,,,,,,,,,,,,,,,,,,,,,,,,
11014,110.140000,0.000000,0.000000,0.000000,1.000000,0.000000,0.000000,0.000000,57.698101,20.499701,-14.700500,0.047771,-0.013570,0.015998,-15.666301,-52.738201,18.801300,-93.396698,0.129960,17.611099,-0.190772,-0.484048,-0.697037,0.493400,1969.839233,1542.593140,-3475.562988,1970.885986,1461.954224,-3486.315430,1986.217407,1585.873047,-3501.511230,1948.112793,1493.755371,-3437.856201,1974.140503,1628.790161,-3476.569092,1970.975098,1461.902832,-3486.330566,1986.114868,1585.956055,-3501.562256,1948.031494,1493.780273,-3437.817627,1974.233643,1628.735352,-3476.542725,2616.312988,1567.765503,-3159.775146,,,,,,,,,,,,,,,,,,,,,,,,,,,,,,,,,
11015,110.150000,0.000000,0.000000,0.000000,1.000000,0.000000,0.000000,0.000000,57.698101,20.499701,-14.700500,0.047771,-0.013570,0.015998,-15.666301,-52.738201,18.801300,-93.396698,0.129960,17.611099,-0.190610,-0.484717,-0.697056,0.492778,1972.603027,1542.543823,-3474.359863,1973.627808,1461.893799,-3485.030762,1989.040527,1585.790161,-3500.326416,1950.797241,1493.753662,-3436.636963,1976.946655,1628.737671,-3475.445068,1973.718262,1461.748779,-3485.064941,1988.935791,1585.794067,-3500.348877,1950.735718,1493.827026,-3436.619873,1977.027832,1628.796631,-3475.407227,2616.284912,1567.712036,-3159.778076,,,,,,,,,,,,,,,,,,,,,,,,,,,,,,,,,
11016,110.160000,0.000000,0.000000,0.000000,1.000000,0.000000,0.000000,0.000000,57.698101,20.499701,-14.700500,0.047771,-0.013570,0.015998,-15.666301,-52.738201,18.801300,-93.396698,0.129960,17.611099,-0.189787,-0.485266,-0.696737,0.493006,1975.297119,1542.389282,-3473.057617,1976.468384,1461.739136,-3483.712646,1991.698608,1585.657959,-3499.009521,1953.520508,1493.570068,-3435.355469,1979.500854,1628.590088,-3474.152100,1976.486084,1461.774536,-3483.709717,1991.697754,1585.638794,-3499.058838,1953.515747,1493.648438,-3435.366699,1979.487671,1628.491821,-3474.091797,2616.288574,1567.749512,-3159.770752,,,,,,,,,,,,,,,,,,,,,,,,,,,,,,,,,
11017,110.170000,0.000000,0.000000,0.000000,1.000000,0.000000,0.000000,0.000000,57.698101,20.499701,-14.700500,0.047771,-0.013570,0.015998,-15.666301,-52.738201,18.801300,-93.396698,0.129960,17.611099,-0.190582,-0.484426,-0.696899,0.493297,1977.578003,1542.263672,-3471.677734,1978.657959,1461.619629,-3482.387939,1993.960083,1585.535400,-3497.636963,1955.841431,1493.438232,-3433.960693,1981.852539,1628.461426,-3472.725098,1978.659058,1461.747681,-3482.336670,1993.939453,1585.570557,-3497.651123,1955.850220,1493.457642,-3434.005615,1981.864990,1628.264771,-3472.712158,2616.269775,1567.747559,-3159.783203,,,,,,,,,,,,,,,,,,,,,,,,,,,,,,,,,
11018,110.180000,0.000000,0.000000,0.000000,1.000000,0.000000,0.000000,0.000000,57.698101,20.499701,-14.700500,0.047771,-0.013570,0.015998,-15.666301,-52.738201,18.801300,-93.396698,0.129960,17.611099,-0.190856,-0.484784,-0.697358,0.492189,1979.929443,1542.241211,-3470.191895,1980.851074,1461.587036,-3480.840820,1996.435181,1585.458740,-3496.163330,1958.043213,1493.490356,-3432.465088,1984.388306,1628.429077,-3471.298340,1980.946045,1461.569336,-3480.866455,1996.304932,1585.482300,-3496.164551,1957.967163,1493.503296,-3432.434570,1984.498413,1628.410400,-3471.302734,2616.270020,1567.750732,-3159.803223,,,,,,,,,,,,,,,,,,,,,,,,,,,,,,,,,
11019,110.190000,0.000000,0.000000,0.000000,1.000000,0.000000,0.000000,0.000000,57.698101,20.499701,-14.700500,0.047771,-0.013570,0.015998,-15.666301,-52.738201,18.801300,-93.396698,0.129960,17.611099,-0.189676,-0.485937,-0.697345,0.491526,1982.551636,1542.217041,-3468.727295,1983.563721,1461.555908,-3479.315430,1999.117188,1585.427124,-3494.673096,1960.569214,1493.478149,-3431.040771,1986.956543,1628.406982,-3469.879883,1983.618774,1461.407837,-3479.367676,1999.078369,1585.464233,-3494.690918,1960.525024,1493.550293,-3430.997314,1986.987549,1628.434570,-3469.856934,2616.260742,1567.761597,-3159.793213,,,,,,,,,,,,,,,,,,,,,,,,,,,,,,,,,
11020,110.200000,0.000000,0.000000,0.000000,1.000000,0.000000,0.000000,0.000000,57.698101,20.499701,-14.700500,0.047771,-0.013570,0.015998,-15.666301,-52.738201,18.801300,-93.396698,0.129960,17.611099,-0.189580,-0.485613,-0.696900,0.492513,1985.143799,1542.026978,-3467.194824,1986.285889,1461.372925,-3477.823730,2001.597900,1585.279175,-3493.141113,1963.297974,1493.230713,-3429.503174,1989.393188,1628.225220,-3468.311035,1986.293091,1461.406982,-3477.836426,2001.597656,1585.217041,-3493.142090,1963.329956,1493.411011,-3429.546875,1989.354004,1628.078369,-3468.252930,2616.294189,1567.779663,-3159.789062,,,,,,,,,,,,,,,,,,,,,,,,,,,,,,,,,
11021,110.210000,0.000000,0.000000,0.000000,1.000000,0.000000,0.000000,0.000000,57.698101,20.499701,-14.700500,0.047771,-0.013570,0.015998,-15.666301,-52.738201,18.801300,-93.396698,0.129960,17.611099,-0.190138,-0.484779,-0.697161,0.492751,1987.361084,1541.890137,-3465.605225,1988.421509,1461.245483,-3476.313232,2003.804199,1585.154297,-3491.538574,1965.542236,1493.074951,-3427.922607,1991.676270,1628.086060,-3466.646484,1988.414429,1461.412231,-3476.262695,2003.795410,1585.192871,-3491.545410,1965.560669,1493.113403,-3427.969482,1991.672607,1627.814087,-3466.635986,2616.294922,1567.759277,-3159.784912,,,,,,,,,,,,,,,,,,,,,,,,,,,,,,,,,
11022,110.220000,0.000000,0.000000,0.000000,1.000000,0.000000,0.000000,0.000000,57.698101,20.499701,-14.700500,0.047771,-0.013570,0.015998,-15.666301,-52.738201,18.801300,-93.396698,0.129960,17.611099,-0.190464,-0.484587,-0.697630,0.492149,1989.565918,1541.848755,-3463.953857,1990.491333,1461.204346,-3474.675537,2006.085449,1585.089600,-3489.877930,1967.660034,1493.064087,-3426.282227,1994.026978,1628.037476,-3464.979980,1990.597900,1461.284424,-3474.675537,2005.910645,1585.054810,-3489.861328,1967.589722,1493.058716,-3426.285645,1994.164307,1627.996460,-3464.992188,2616.290527,1567.763550,-3159.780518,,,,,,,,,,,,,,,,,,,,,,,,,,,,,,,,,
11023,110.230000,0.000000,0.000000,0.000000,1.000000,0.000000,0.000000,0.000000,57.698101,20.499701,-14.700500,0.047771,-0.013570,0.015998,-15.666301,-52.738201,18.801300,-93.396698,0.129960,17.611099,-0.189708,-0.485055,-0.697980,0.491485,1991.992310,1541.738525,-3462.300293,1992.913330,1461.095581,-3473.034180,2008.586670,1584.977905,-3488.178711,1969.982666,1492.954956,-3424.687744,1996.486694,1627.925781,-3463.300781,1993.015137,1460.933105,-3473.068604,2008.481689,1585.030273,-3488.229004,1969.886230,1492.938599,-3424.628418,1996.596191,1628.046631,-3463.276611,2616.286133,1567.746216,-3159.782715,,,,,,,,,,,,,,,,,,,,,,,,,,,,,,,,,
11024,110.240000,0.000000,0.000000,0.000000,1.000000,0.000000,0.000000,0.000000,57.698101,20.499701,-14.700500,0.047771,-0.013570,0.015998,-15.666301,-52.738201,18.801300,-93.396698,0.129960,17.611099,-0.189317,-0.484669,-0.697844,0.492208,1994.548828,1541.592407,-3460.648193,1995.574463,1460.962280,-3471.468750,2011.068359,1584.882080,-3486.490234,1972.628296,1492.738647,-3423.074707,1998.923950,1627.786743,-3461.559570,1995.587402,1460.916992,-3471.483154,2011.081177,1584.871460,-3486.535400,1972.626099,1492.833374,-3423.072998,1998.900146,1627.750732,-3461.499268,2616.283691,1567.741333,-3159.787109,,,,,,,,,,,,,,,,,,,,,,,,,,,,,,,,,
11025,110.250000,0.000000,0.000000,0.000000,1.000000,0.000000,0.000000,0.000000,57.698101,20.499701,-14.700500,0.047771,-0.013570,0.015998,-15.666301,-52.738201,18.801300,-93.396698,0.129960,17.611099,-0.189845,-0.483536,-0.697704,0.493316,1996.823120,1541.471069,-3458.927979,1997.876221,1460.856445,-3469.859863,2013.233398,1584.807861,-3484.760498,1975.050781,1492.550537,-3421.354980,2001.131714,1627.669922,-3459.735840,1997.866333,1460.954712,-3469.851318,2013.278931,1584.859253,-3484.811035,1975.064697,1492.645508,-3421.359375,2001.073853,1627.384277,-3459.681152,2616.267090,1567.714355,-3159.776611,,,,,,,,,,,,,,,,,,,,,,,,,,,,,,,,,
11026,110.260000,0.000000,0.000000,0.000000,1.000000,0.000000,0.000000,0.000000,57.698101,20.499701,-14.700500,0.047771,-0.013570,0.015998,-15.666301,-52.738201,18.801300,-93.396698,0.129960,17.611099,-0.190446,-0.483136,-0.697872,0.493238,1998.887817,1541.391235,-3457.199951,1999.847778,1460.776733,-3468.141113,2015.313599,1584.713989,-3483.046631,1977.107422,1492.488892,-3419.608154,2003.282349,1627.585815,-3458.004395,1999.862183,1460.850586,-3468.132812,2015.307373,1584.763306,-3483.072754,1977.105347,1492.573730,-3419.618896,2003.275391,1627.347778,-3457.970947,2616.317139,1567.719238,-3159.768555,,,,,,,,,,,,,,,,,,,,,,,,,,,,,,,,,
11027,110.270000,0.000000,0.000000,0.000000,1.000000,0.000000,0.000000,0.000000,57.698101,20.499701,-14.700500,0.047771,-0.013570,0.015998,-15.666301,-52.738201,18.801300,-93.396698,0.129960,17.611099,-0.190887,-0.482952,-0.697841,0.493293,2001.079834,1541.211914,-3455.448730,2001.998901,1460.594849,-3466.375244,2017.500122,1584.523438,-3481.317383,1979.312744,1492.325195,-3417.828857,2005.507202,1627.404541,-3456.272949,2002.104004,1460.525635,-3466.419434,2017.372559,1584.573120,-3481.326660,1979.211426,1492.294189,-3417.758789,2005.630981,1627.455444,-3456.289795,2616.321533,1567.782959,-3159.770020,,,,,,,,,,,,,,,,,,,,,,,,,,,,,,,,,
11028,110.280000,0.000000,0.000000,0.000000,1.000000,0.000000,0.000000,0.000000,57.698101,20.499701,-14.700500,0.047771,-0.013570,0.015998,-15.666301,-52.738201,18.801300,-93.396698,0.129960,17.611099,-0.191421,-0.482676,-0.697728,0.493516,2003.466309,1541.007324,-3453.721191,2004.355713,1460.388306,-3464.635742,2019.862427,1584.311279,-3479.618164,1981.737793,1492.130981,-3416.065674,2007.909790,1627.198853,-3454.565430,2004.395264,1460.259155,-3464.676270,2019.831177,1584.338867,-3479.626953,1981.682251,1492.067261,-3415.999756,2007.962646,1627.368042,-3454.583740,2616.271973,1567.732788,-3159.787598,,,,,,,,,,,,,,,,,,,,,,,,,,,,,,,,,
11029,110.290000,0.000000,0.000000,0.000000,1.000000,0.000000,0.000000,0.000000,57.698101,20.499701,-14.700500,0.047771,-0.013570,0.015998,-15.666301,-52.738201,18.801300,-93.396698,0.129960,17.611099,-0.190909,-0.482670,-0.697188,0.494482,2005.871582,1540.895264,-3451.972168,2006.947266,1460.282471,-3462.916260,2022.153320,1584.247314,-3477.860352,1984.275269,1491.953857,-3414.324951,2010.109863,1627.097412,-3452.787109,2006.942505,1460.289307,-3462.899170,2022.177246,1584.357544,-3477.906494,1984.270264,1491.977539,-3414.320068,2010.097046,1626.950439,-3452.764160,2616.279297,1567.743164,-3159.791748,,,,,,,,,,,,,,,,,,,,,,,,,,,,,,,,,
11030,110.300000,0.000000,0.000000,0.000000,1.000000,0.000000,0.000000,0.000000,57.698101,20.499701,-14.700500,0.047771,-0.013570,0.015998,-15.666301,-52.738201,18.801300,-93.396698,0.129960,17.611099,-0.192078,-0.481717,-0.696662,0.495698,2007.963379,1540.829468,-3450.178711,2009.054199,1460.218872,-3461.137451,2024.111694,1584.196533,-3476.125244,1986.551147,1491.867676,-3412.452637,2012.136475,1627.034790,-3450.998779,2009.047241,1460.291992,-3461.103516,2024.123413,1584.279785,-3476.160645,1986.574707,1491.995850,-3412.500488,2012.103271,1626.694092,-3450.942627,2616.295410,1567.764893,-3159.780518,,,,,,,,,,,,,,,,,,,,,,,,,,,,,,,,,
11031,110.310000,0.000000,0.000000,0.000000,1.000000,0.000000,0.000000,0.000000,57.698101,20.499701,-14.700500,0.047771,-0.013570,0.015998,-15.666301,-52.738201,18.801300,-93.396698,0.129960,17.611099,-0.191979,-0.481971,-0.696177,0.496171,2010.091553,1540.688110,-3448.356934,2011.286987,1460.073242,-3459.272461,2026.175537,1584.062866,-3474.330811,1988.754150,1491.718384,-3410.598877,2014.149414,1626.898560,-3449.224854,2011.327026,1460.065186,-3459.271973,2026.143555,1584.115234,-3474.390137,1988.729248,1491.840698,-3410.605957,2014.164917,1626.721069,-3449.153564,2616.300781,1567.764526,-3159.776123,,,,,,,,,,,,,,,,,,,,,,,,,,,,,,,,,
11032,110.320000,0.000000,0.000000,0.000000,1.000000,0.000000,0.000000,0.000000,57.698101,20.499701,-14.700500,0.047771,-0.013570,0.015998,-15.666301,-52.738201,18.801300,-93.396698,0.129960,17.611099,-0.192184,-0.482334,-0.695714,0.496388,2012.271606,1540.413818,-3446.520996,2013.520508,1459.788086,-3457.350586,2028.317017,1583.771973,-3472.546875,1990.980469,1491.469604,-3408.704102,2016.268433,1626.625977,-3447.482910,2013.615356,1459.644897,-3457.384766,2028.216309,1583.776001,-3472.589111,1990.895630,1491.450562,-3408.654541,2016.371704,1626.787109,-3447.456055,2616.284668,1567.755127,-3159.793213,,,,,,,,,,,,,,,,,,,,,,,,,,,,,,,,,
11033,110.330000,0.000000,0.000000,0.000000,1.000000,0.000000,0.000000,0.000000,57.698101,20.499701,-14.700500,0.047771,-0.013570,0.015998,-15.666301,-52.738201,18.801300,-93.396698,0.129960,17.611099,-0.194615,-0.480813,-0.695759,0.496853,2014.494141,1540.170410,-3444.759521,2015.497925,1459.541260,-3455.589111,2030.501587,1583.489136,-3470.873779,1993.290771,1491.278442,-3406.825928,2018.686523,1626.373047,-3445.749512,2015.589233,1459.452393,-3455.615967,2030.353271,1583.437378,-3470.846191,1993.229370,1491.276367,-3406.816895,2018.811035,1626.523071,-3445.759277,2616.280029,1567.765381,-3159.793701,,,,,,,,,,,,,,,,,,,,,,,,,,,,,,,,,
11034,110.340000,0.000000,0.000000,0.000000,1.000000,0.000000,0.000000,0.000000,57.698101,20.499701,-14.700500,0.047771,-0.013570,0.015998,-15.666301,-52.738201,18.801300,-93.396698,0.129960,17.611099,-0.195056,-0.480732,-0.695157,0.497601,2016.864502,1540.149902,-3443.028076,2017.945801,1459.515381,-3453.809814,2032.777588,1583.471558,-3469.195068,1995.781494,1491.256104,-3405.029541,2020.953125,1626.356812,-3444.077393,2017.989380,1459.605469,-3453.841064,2032.729126,1583.449951,-3469.174072,1995.765991,1491.356079,-3405.024658,2020.976562,1626.178223,-3444.072754,2616.270020,1567.740845,-3159.775879,,,,,,,,,,,,,,,,,,,,,,,,,,,,,,,,,
11035,110.350000,0.000000,0.000000,0.000000,1.000000,0.000000,0.000000,0.000000,57.698101,20.499701,-14.700500,0.047771,-0.013570,0.015998,-15.666301,-52.738201,18.801300,-93.396698,0.129960,17.611099,-0.195818,-0.480453,-0.694090,0.499058,2019.033936,1540.047363,-3441.318115,2020.262207,1459.406616,-3452.036621,2034.766968,1583.382812,-3467.571045,1998.180786,1491.138062,-3403.213135,2022.925659,1626.262329,-3442.451416,2020.260864,1459.438843,-3452.034180,2034.775024,1583.424561,-3467.578857,1998.202393,1491.278564,-3403.242920,2022.894653,1626.023071,-3442.412354,2616.251221,1567.758301,-3159.793945,,,,,,,,,,,,,,,,,,,,,,,,,,,,,,,,,
11036,110.360000,0.000000,0.000000,0.000000,1.000000,0.000000,0.000000,0.000000,57.698101,20.499701,-14.700500,0.047771,-0.013570,0.015998,-15.666301,-52.738201,18.801300,-93.396698,0.129960,17.611099,-0.195367,-0.481190,-0.693343,0.499563,2021.207764,1539.743408,-3439.583496,2022.617310,1459.093750,-3450.213135,2036.862183,1583.084229,-3465.874756,2000.438477,1490.830688,-3401.437012,2024.913086,1625.965332,-3440.809082,2022.613525,1458.976196,-3450.211426,2036.885986,1583.148071,-3465.922119,2000.444946,1490.926147,-3401.448242,2024.886353,1625.921509,-3440.752930,2616.246826,1567.777344,-3159.797363,,,,,,,,,,,,,,,,,,,,,,,,,,,,,,,,,
11037,110.370000,0.000000,0.000000,0.000000,1.000000,0.000000,0.000000,0.000000,57.698101,20.499701,-14.700500,0.047771,-0.013570,0.015998,-15.666301,-52.738201,18.801300,-93.396698,0.129960,17.611099,-0.196648,-0.480815,-0.693130,0.499717,2023.361694,1539.432983,-3437.875244,2024.669189,1458.772583,-3448.435303,2038.994507,1582.735107,-3464.242676,2002.636963,1490.574463,-3399.635254,2027.146118,1625.650146,-3439.187744,2024.681519,1458.752808,-3448.460938,2039.016968,1582.722656,-3464.290283,2002.612061,1490.562500,-3399.587891,2027.135132,1625.694336,-3439.161621,2616.265625,1567.767212,-3159.790771,,,,,,,,,,,,,,,,,,,,,,,,,,,,,,,,,
11038,110.380000,0.000000,0.000000,0.000000,1.000000,0.000000,0.000000,0.000000,57.698101,20.499701,-14.700500,0.047771,-0.013570,0.015998,-15.666301,-52.738201,18.801300,-93.396698,0.129960,17.611099,-0.200287,-0.478962,-0.692943,0.500311,2025.527222,1539.288452,-3436.197021,2026.495728,1458.613525,-3446.683594,2041.099976,1582.513428,-3462.726074,2004.934570,1490.535278,-3397.751465,2029.578735,1625.491577,-3437.626709,2026.589844,1458.622070,-3446.700439,2040.929810,1582.479858,-3462.677246,2004.882812,1490.594482,-3397.768311,2029.698608,1625.452515,-3437.638916,2616.281738,1567.738037,-3159.778320,,,,,,,,,,,,,,,,,,,,,,,,,,,,,,,,,
11039,110.390000,0.000000,0.000000,0.000000,1.000000,0.000000,0.000000,0.000000,57.698101,20.499701,-14.700500,0.047771,-0.013570,0.015998,-15.666301,-52.738201,18.801300,-93.396698,0.129960,17.611099,-0.201371,-0.478536,-0.692103,0.501445,2027.787964,1539.241333,-3434.577881,2028.818359,1458.558838,-3444.999756,2043.219604,1582.462524,-3461.195557,2007.382812,1490.496216,-3396.022461,2031.730835,1625.448120,-3436.093750,2028.891113,1458.492798,-3445.025879,2043.121094,1582.485107,-3461.193115,2007.338501,1490.593506,-3396.020020,2031.800293,1625.395142,-3436.072754,2616.246338,1567.729736,-3159.779541,,,,,,,,,,,,,,,,,,,,,,,,,,,,,,,,,
11040,110.400000,0.000000,0.000000,0.000000,1.000000,0.000000,0.000000,0.000000,57.698101,20.499701,-14.700500,0.047771,-0.013570,0.015998,-15.666301,-52.738201,18.801300,-93.396698,0.129960,17.611099,-0.201624,-0.478423,-0.690755,0.503306,2030.120850,1539.049194,-3432.990723,2031.416138,1458.364258,-3443.364502,2045.320801,1582.309082,-3459.678711,2010.000977,1490.254761,-3394.347900,2033.745483,1625.268677,-3434.572021,2031.450317,1458.260132,-3443.363525,2045.285889,1582.413574,-3459.725098,2009.973267,1490.332031,-3394.346191,2033.772949,1625.191528,-3434.530029,2616.275391,1567.734863,-3159.789307,,,,,,,,,,,,,,,,,,,,,,,,,,,,,,,,,
11041,110.410000,0.000000,0.000000,0.000000,1.000000,0.000000,0.000000,0.000000,57.698101,20.499701,-14.700500,0.047771,-0.013570,0.015998,-15.666301,-52.738201,18.801300,-93.396698,0.129960,17.611099,-0.201516,-0.479056,-0.690211,0.503493,2032.327148,1538.754272,-3431.373779,2033.720459,1458.058350,-3441.649170,2047.487305,1581.999512,-3458.108154,2012.249023,1489.983154,-3392.679688,2035.852173,1624.975952,-3433.058105,2033.733887,1458.116211,-3441.669678,2047.537354,1582.006226,-3458.212158,2012.222046,1490.007446,-3392.624756,2035.816406,1624.882935,-3432.989258,2616.271973,1567.746582,-3159.781738,,,,,,,,,,,,,,,,,,,,,,,,,,,,,,,,,
11042,110.420000,0.000000,0.000000,0.000000,1.000000,0.000000,0.000000,0.000000,57.698101,20.499701,-14.700500,0.047771,-0.013570,0.015998,-15.666301,-52.738201,18.801300,-93.396698,0.129960,17.611099,-0.203823,-0.478502,-0.690182,0.503131,2034.448608,1538.573242,-3429.764160,2035.572754,1457.856079,-3439.904053,2049.642822,1581.728149,-3456.625244,2014.361084,1489.927856,-3390.917236,2038.218018,1624.781372,-3431.610352,2035.650024,1458.005737,-3439.959229,2049.613037,1581.666870,-3456.704102,2014.291748,1489.947021,-3390.836182,2038.244751,1624.680786,-3431.560547,2616.282471,1567.755127,-3159.785645,,,,,,,,,,,,,,,,,,,,,,,,,,,,,,,,,
11043,110.430000,0.000000,0.000000,0.000000,1.000000,0.000000,0.000000,0.000000,57.698101,20.499701,-14.700500,0.047771,-0.013570,0.015998,-15.666301,-52.738201,18.801300,-93.396698,0.129960,17.611099,-0.206470,-0.477665,-0.689265,0.504103,2036.602295,1538.532471,-3428.157959,2037.618652,1457.794678,-3438.143555,2051.666504,1581.624512,-3455.192627,2016.710938,1489.976807,-3389.098389,2040.412842,1624.734375,-3430.197510,2037.767700,1457.830078,-3438.196289,2051.468018,1581.577026,-3455.195801,2016.603760,1490.019653,-3389.053467,2040.566406,1624.700073,-3430.187988,2616.270264,1567.730225,-3159.795410,,,,,,,,,,,,,,,,,,,,,,,,,,,,,,,,,
11044,110.440000,0.000000,0.000000,0.000000,1.000000,0.000000,0.000000,0.000000,57.698101,20.499701,-14.700500,0.047771,-0.013570,0.015998,-15.666301,-52.738201,18.801300,-93.396698,0.129960,17.611099,-0.208734,-0.477020,-0.687838,0.505728,2038.872192,1538.538574,-3426.566895,2039.931030,1457.781372,-3436.389893,2053.722168,1581.592651,-3453.779541,2019.273315,1490.039795,-3387.289307,2042.562500,1624.740723,-3428.808350,2039.971069,1457.503784,-3436.366211,2053.627197,1581.707764,-3453.756348,2019.259399,1490.123779,-3387.341309,2042.630493,1624.787598,-3428.799316,2616.298340,1567.776367,-3159.792480,,,,,,,,,,,,,,,,,,,,,,,,,,,,,,,,,
11045,110.450000,0.000000,0.000000,0.000000,1.000000,0.000000,0.000000,0.000000,57.698101,20.499701,-14.700500,0.047771,-0.013570,0.015998,-15.666301,-52.738201,18.801300,-93.396698,0.129960,17.611099,-0.208460,-0.478176,-0.686310,0.506824,2041.087402,1538.554565,-3424.937500,2042.451416,1457.779419,-3434.573975,2055.770264,1581.601562,-3452.251953,2021.677979,1490.072754,-3385.544922,2044.450073,1624.764648,-3427.378906,2042.449951,1457.674072,-3434.551025,2055.762451,1581.723022,-3452.268555,2021.678955,1490.117798,-3385.564697,2044.458130,1624.704834,-3427.364258,2616.254883,1567.742920,-3159.792236,,,,,,,,,,,,,,,,,,,,,,,,,,,,,,,,,
11046,110.460000,0.000000,0.000000,0.000000,1.000000,0.000000,0.000000,0.000000,57.698101,20.499701,-14.700500,0.047771,-0.013570,0.015998,-15.666301,-52.738201,18.801300,-93.396698,0.129960,17.611099,-0.207882,-0.479913,-0.685280,0.506813,2043.217896,1538.607300,-3423.233154,2044.788574,1457.808960,-3432.641357,2057.859619,1581.611816,-3450.636475,2023.836182,1490.190674,-3383.747070,2046.387207,1624.817749,-3425.908203,2044.802002,1457.885742,-3432.700928,2057.921875,1581.602539,-3450.713379,2023.804932,1490.210693,-3383.652100,2046.342896,1624.729492,-3425.865723,2616.272461,1567.758301,-3159.790771,,,,,,,,,,,,,,,,,,,,,,,,,,,,,,,,,
11047,110.470000,0.000000,0.000000,0.000000,1.000000,0.000000,0.000000,0.000000,57.698101,20.499701,-14.700500,0.047771,-0.013570,0.015998,-15.666301,-52.738201,18.801300,-93.396698,0.129960,17.611099,-0.209744,-0.480098,-0.684658,0.506712,2045.230591,1538.737061,-3421.469238,2046.679443,1457.911133,-3430.656494,2059.855469,1581.647461,-3449.028564,2025.889893,1490.454102,-3381.799805,2048.497559,1624.935913,-3424.391846,2046.746704,1458.041992,-3430.749023,2059.849609,1581.563965,-3449.086426,2025.827637,1490.498413,-3381.693115,2048.501221,1624.853760,-3424.350830,2616.286377,1567.720947,-3159.775879,,,,,,,,,,,,,,,,,,,,,,,,,,,,,,,,,
11048,110.480000,0.000000,0.000000,0.000000,1.000000,0.000000,0.000000,0.000000,57.698101,20.499701,-14.700500,0.047771,-0.013570,0.015998,-15.666301,-52.738201,18.801300,-93.396698,0.129960,17.611099,-0.211456,-0.479625,-0.683459,0.508065,2047.315796,1538.944580,-3419.634277,2048.821533,1458.105225,-3428.693359,2061.760254,1581.826660,-3447.332520,2028.218018,1490.704590,-3379.795410,2050.463379,1625.142334,-3422.715820,2048.975342,1458.104492,-3428.756836,2061.552979,1581.779907,-3447.322510,2028.116943,1490.835083,-3379.769531,2050.611816,1625.056519,-3422.687744,2616.287354,1567.714478,-3159.765137,,,,,,,,,,,,,,,,,,,,,,,,,,,,,,,,,
11049,110.490000,0.000000,0.000000,0.000000,1.000000,0.000000,0.000000,0.000000,57.698101,20.499701,-14.700500,0.047771,-0.013570,0.015998,-15.666301,-52.738201,18.801300,-93.396698,0.129960,17.611099,-0.212690,-0.479149,-0.681982,0.509980,2049.499756,1539.164307,-3417.743164,2051.184570,1458.318359,-3426.711914,2063.698242,1582.052002,-3445.559814,2030.718506,1490.920654,-3377.758301,2052.397217,1625.366455,-3420.943115,2051.260254,1458.093994,-3426.691895,2063.529053,1582.109009,-3445.483398,2030.704224,1491.101196,-3377.864014,2052.500000,1625.349487,-3420.934326,2616.294922,1567.749390,-3159.768555,,,,,,,,,,,,,,,,,,,,,,,,,,,,,,,,,
11050,110.500000,0.000000,0.000000,0.000000,1.000000,0.000000,0.000000,0.000000,57.698101,20.499701,-14.700500,0.047771,-0.013570,0.015998,-15.666301,-52.738201,18.801300,-93.396698,0.129960,17.611099,-0.210687,-0.480699,-0.680905,0.510791,2051.593018,1539.410156,-3415.761475,2053.692139,1458.566406,-3424.662842,2065.672119,1582.344238,-3443.567139,2032.919922,1491.107300,-3375.797607,2054.088135,1625.622803,-3419.018311,2053.718994,1458.437500,-3424.631104,2065.623535,1582.500122,-3443.605469,2032.892700,1491.119019,-3375.805664,2054.134521,1625.589111,-3419.004395,2616.242920,1567.781494,-3159.797852,,,,,,,,,,,,,,,,,,,,,,,,,,,,,,,,,
11051,110.510000,0.000000,0.000000,0.000000,1.000000,0.000000,0.000000,0.000000,57.698101,20.499701,-14.700500,0.047771,-0.013570,0.015998,-15.666301,-52.738201,18.801300,-93.396698,0.129960,17.611099,-0.209415,-0.481851,-0.680097,0.511305,2053.629395,1539.620361,-3413.672119,2056.008301,1458.776611,-3422.501709,2067.627197,1582.576904,-3441.484131,2035.029663,1491.290405,-3373.706543,2055.852295,1625.837891,-3416.995850,2056.041992,1458.822876,-3422.504883,2067.623535,1582.674683,-3441.585449,2034.965576,1491.211426,-3373.625244,2055.882812,1625.773804,-3416.974854,2616.263672,1567.750732,-3159.795410,,,,,,,,,,,,,,,,,,,,,,,,,,,,,,,,,
11052,110.520000,0.000000,0.000000,0.000000,1.000000,0.000000,0.000000,0.000000,57.698101,20.499701,-14.700500,0.047771,-0.013570,0.015998,-15.666301,-52.738201,18.801300,-93.396698,0.129960,17.611099,-0.209723,-0.482195,-0.680299,0.510586,2055.661865,1539.822632,-3411.514404,2057.938965,1458.967896,-3420.270752,2069.737061,1582.735596,-3439.354980,2036.968994,1491.553223,-3371.519287,2058.002686,1626.034058,-3414.913086,2057.954346,1459.044800,-3420.356689,2069.808105,1582.723999,-3439.426758,2036.915039,1491.483154,-3371.358398,2057.969482,1626.034912,-3414.907227,2616.294434,1567.741455,-3159.775146,,,,,,,,,,,,,,,,,,,,,,,,,,,,,,,,,
11053,110.530000,0.000000,0.000000,0.000000,1.000000,0.000000,0.000000,0.000000,57.698101,20.499701,-14.700500,0.047771,-0.013570,0.015998,-15.666301,-52.738201,18.801300,-93.396698,0.129960,17.611099,-0.211492,-0.481105,-0.680207,0.511006,2057.823242,1539.993896,-3409.350098,2059.944336,1459.133911,-3418.095947,2071.852051,1582.879272,-3437.256104,2039.216797,1491.761841,-3369.269775,2060.279541,1626.200928,-3412.778320,2060.009277,1459.191284,-3418.163574,2071.804688,1582.758789,-3437.272949,2039.177368,1491.869019,-3369.233643,2060.298828,1626.156738,-3412.731689,2616.293213,1567.735840,-3159.774902,,,,,,,,,,,,,,,,,,,,,,,,,,,,,,,,,
11054,110.540000,0.000000,0.000000,0.000000,1.000000,0.000000,0.000000,0.000000,57.698101,20.499701,-14.700500,0.047771,-0.013570,0.015998,-15.666301,-52.738201,18.801300,-93.396698,0.129960,17.611099,-0.214197,-0.479200,-0.679727,0.512307,2060.069824,1540.140015,-3407.147461,2062.036377,1459.276855,-3415.900879,2073.949707,1583.006958,-3435.155762,2041.692261,1491.932495,-3366.931885,2062.600830,1626.343994,-3410.600586,2062.142822,1459.141846,-3415.883057,2073.730469,1582.980103,-3435.092285,2041.655518,1492.119751,-3367.047363,2062.736328,1626.325073,-3410.569580,2616.302979,1567.719727,-3159.770508,,,,,,,,,,,,,,,,,,,,,,,,,,,,,,,,,
11055,110.550000,0.000000,0.000000,0.000000,1.000000,0.000000,0.000000,0.000000,57.698101,20.499701,-14.700500,0.047771,-0.013570,0.015998,-15.666301,-52.738201,18.801300,-93.396698,0.129960,17.611099,-0.214242,-0.479049,-0.679713,0.512448,2062.320312,1540.332275,-3404.923340,2064.291504,1459.471069,-3413.694336,2076.186035,1583.206421,-3432.927979,2043.961792,1492.114746,-3364.711182,2064.841553,1626.537231,-3408.360107,2064.333008,1459.329590,-3413.684082,2076.086426,1583.312866,-3432.874756,2043.949097,1492.216431,-3364.759766,2064.908691,1626.470825,-3408.372559,2616.285645,1567.739990,-3159.775146,,,,,,,,,,,,,,,,,,,,,,,,,,,,,,,,,
11056,110.560000,0.000000,0.000000,0.000000,1.000000,0.000000,0.000000,0.000000,57.698101,20.499701,-14.700500,0.047771,-0.013570,0.015998,-15.666301,-52.738201,18.801300,-93.396698,0.129960,17.611099,-0.212969,-0.479709,-0.679743,0.512322,2064.482910,1540.576416,-3402.679932,2066.581787,1459.721313,-3411.476562,2078.364014,1583.479248,-3430.632812,2046.085083,1492.319580,-3362.532959,2066.900635,1626.785889,-3406.077148,2066.620361,1459.714233,-3411.462158,2078.328125,1583.606934,-3430.718750,2046.035278,1492.310669,-3362.501709,2066.946289,1626.678711,-3406.042480,2616.322754,1567.760010,-3159.769287,,,,,,,,,,,,,,,,,,,,,,,,,,,,,,,,,
11057,110.570000,0.000000,0.000000,0.000000,1.000000,0.000000,0.000000,0.000000,57.698101,20.499701,-14.700500,0.047771,-0.013570,0.015998,-15.666301,-52.738201,18.801300,-93.396698,0.129960,17.611099,-0.212935,-0.480440,-0.680235,0.510996,2066.638428,1540.874634,-3400.397949,2068.598389,1460.006226,-3409.104736,2080.667480,1583.720703,-3428.364258,2048.054688,1492.696289,-3360.242432,2069.233398,1627.075439,-3403.880371,2068.645020,1460.045654,-3409.136230,2080.675537,1583.762085,-3428.492432,2047.969849,1492.602173,-3360.116455,2069.255371,1627.082520,-3403.843262,2616.260254,1567.757324,-3159.789795,,,,,,,,,,,,,,,,,,,,,,,,,,,,,,,,,
11058,110.580000,0.000000,0.000000,0.000000,1.000000,0.000000,0.000000,0.000000,57.698101,20.499701,-14.700500,0.047771,-0.013570,0.015998,-15.666301,-52.738201,18.801300,-93.396698,0.129960,17.611099,-0.215164,-0.479394,-0.680431,0.510783,2068.901855,1541.115845,-3398.098877,2070.579834,1460.235352,-3406.751709,2082.955566,1583.897461,-3426.151367,2050.323242,1493.025146,-3357.835938,2071.748535,1627.305786,-3401.656982,2070.670410,1460.320312,-3406.872070,2082.914307,1583.752686,-3426.187012,2050.240967,1493.042969,-3357.704834,2071.779785,1627.345337,-3401.634521,2616.275879,1567.753540,-3159.790283,,,,,,,,,,,,,,,,,,,,,,,,,,,,,,,,,
11059,110.590000,0.000000,0.000000,0.000000,1.000000,0.000000,0.000000,0.000000,57.698101,20.499701,-14.700500,0.047771,-0.013570,0.015998,-15.666301,-52.738201,18.801300,-93.396698,0.129960,17.611099,-0.217609,-0.477624,-0.680199,0.511714,2071.220947,1541.371704,-3395.835693,2072.716309,1460.489380,-3404.505371,2085.171143,1584.133423,-3423.969971,2052.812256,1493.307129,-3355.463623,2074.183838,1627.557129,-3399.403564,2072.862061,1460.448730,-3404.560303,2084.957275,1584.052979,-3423.946777,2052.723389,1493.446899,-3355.463379,2074.327881,1627.535156,-3399.371094,2616.269775,1567.741455,-3159.787354,,,,,,,,,,,,,,,,,,,,,,,,,,,,,,,,,
11060,110.600000,0.000000,0.000000,0.000000,1.000000,0.000000,0.000000,0.000000,57.698101,20.499701,-14.700500,0.047771,-0.013570,0.015998,-15.666301,-52.738201,18.801300,-93.396698,0.129960,17.611099,-0.218785,-0.476619,-0.679913,0.512530,2073.524170,1541.588501,-3393.541260,2074.976318,1460.708130,-3402.236084,2087.381836,1584.354980,-3421.714355,2055.250977,1493.516968,-3353.116455,2076.488281,1627.774536,-3397.098633,2075.005127,1460.530884,-3402.219238,2087.309814,1584.492554,-3421.687012,2055.251221,1493.681274,-3353.181152,2076.530273,1627.652222,-3397.079102,2616.309326,1567.756348,-3159.779297,,,,,,,,,,,,,,,,,,,,,,,,,,,,,,,,,
11061,110.610000,0.000000,0.000000,0.000000,1.000000,0.000000,0.000000,0.000000,57.698101,20.499701,-14.700500,0.047771,-0.013570,0.015998,-15.666301,-52.738201,18.801300,-93.396698,0.129960,17.611099,-0.217855,-0.477381,-0.679718,0.512474,2075.790039,1541.913452,-3391.221436,2077.367920,1461.032593,-3399.889404,2089.646729,1584.690308,-3419.378906,2057.499756,1493.829102,-3350.819336,2078.645264,1628.102295,-3394.798340,2077.356934,1460.931519,-3399.882080,2089.686523,1584.895264,-3419.441162,2057.486084,1493.831421,-3350.782227,2078.633789,1628.015625,-3394.787598,2616.275635,1567.791626,-3159.789551,,,,,,,,,,,,,,,,,,,,,,,,,,,,,,,,,
11062,110.620000,0.000000,0.000000,0.000000,1.000000,0.000000,0.000000,0.000000,57.698101,20.499701,-14.700500,0.047771,-0.013570,0.015998,-15.666301,-52.738201,18.801300,-93.396698,0.129960,17.611099,-0.216936,-0.478533,-0.679984,0.511437,2078.119873,1542.278076,-3388.891846,2079.703857,1461.389526,-3397.487549,2092.088867,1585.027466,-3417.035400,2059.672119,1494.232422,-3348.515381,2081.013916,1628.462891,-3392.529297,2079.774902,1461.408936,-3397.522705,2092.053223,1585.119873,-3417.154053,2059.557861,1494.111938,-3348.367676,2081.076904,1628.464111,-3392.514160,2616.243164,1567.742310,-3159.794678,,,,,,,,,,,,,,,,,,,,,,,,,,,,,,,,,
11063,110.630000,0.000000,0.000000,0.000000,1.000000,0.000000,0.000000,0.000000,57.698101,20.499701,-14.700500,0.047771,-0.013570,0.015998,-15.666301,-52.738201,18.801300,-93.396698,0.129960,17.611099,-0.218798,-0.477907,-0.680524,0.510509,2080.374023,1542.530396,-3386.534912,2081.627686,1461.628418,-3395.057617,2094.450684,1585.199097,-3414.747314,2061.823486,1494.594360,-3346.075195,2083.593994,1628.700073,-3390.259521,2081.751709,1461.685547,-3395.149414,2094.337646,1585.089722,-3414.786865,2061.704102,1494.537354,-3345.945557,2083.699219,1628.807373,-3390.255859,2616.278320,1567.722290,-3159.781006,,,,,,,,,,,,,,,,,,,,,,,,,,,,,,,,,
11064,110.640000,0.000000,0.000000,0.000000,1.000000,0.000000,0.000000,0.000000,57.698101,20.499701,-14.700500,0.047771,-0.013570,0.015998,-15.666301,-52.738201,18.801300,-93.396698,0.129960,17.611099,-0.220794,-0.477039,-0.680141,0.510971,2082.686523,1542.772583,-3384.166260,2083.801758,1461.860474,-3392.611572,2096.697998,1585.394653,-3412.481201,2064.245850,1494.901123,-3343.579834,2085.999756,1628.934204,-3387.992432,2083.918701,1461.895752,-3392.668701,2096.528809,1585.291504,-3412.442627,2064.183594,1495.056885,-3343.587646,2086.104736,1628.843994,-3387.964355,2616.298584,1567.765625,-3159.768066,,,,,,,,,,,,,,,,,,,,,,,,,,,,,,,,,
11065,110.650000,0.000000,0.000000,0.000000,1.000000,0.000000,0.000000,0.000000,57.698101,20.499701,-14.700500,0.047771,-0.013570,0.015998,-15.666301,-52.738201,18.801300,-93.396698,0.129960,17.611099,-0.221057,-0.476940,-0.680137,0.510955,2085.083252,1542.962891,-3381.868408,2086.169434,1462.049194,-3390.302246,2099.095703,1585.576538,-3410.195801,2066.645752,1495.103271,-3341.266602,2088.421875,1629.122925,-3385.708496,2086.176514,1461.914917,-3390.304932,2099.085205,1585.718262,-3410.201416,2066.655518,1495.282959,-3341.299805,2088.415771,1628.934937,-3385.667725,2616.310059,1567.737915,-3159.775879,,,,,,,,,,,,,,,,,,,,,,,,,,,,,,,,,
11066,110.660000,0.000000,0.000000,0.000000,1.000000,0.000000,0.000000,0.000000,57.698101,20.499701,-14.700500,0.047771,-0.013570,0.015998,-15.666301,-52.738201,18.801300,-93.396698,0.129960,17.611099,-0.221095,-0.476988,-0.680209,0.510798,2087.336426,1543.213013,-3379.509033,2088.399902,1462.298096,-3387.934326,2101.366943,1585.819336,-3407.838379,2068.877441,1495.363281,-3338.905518,2090.701904,1629.371582,-3383.357666,2088.385498,1462.129517,-3387.911133,2101.369385,1586.000854,-3407.836670,2068.884277,1495.404541,-3338.921143,2090.706055,1629.319458,-3383.364014,2616.312988,1567.736572,-3159.769043,,,,,,,,,,,,,,,,,,,,,,,,,,,,,,,,,
11067,110.670000,0.000000,0.000000,0.000000,1.000000,0.000000,0.000000,0.000000,57.698101,20.499701,-14.700500,0.047771,-0.013570,0.015998,-15.666301,-52.738201,18.801300,-93.396698,0.129960,17.611099,-0.220182,-0.478032,-0.680265,0.510143,2089.739258,1543.513794,-3377.170898,2090.858643,1462.593140,-3385.534180,2103.836914,1586.105103,-3405.489502,2071.178711,1495.686157,-3336.587402,2093.083008,1629.670898,-3381.071777,2090.929443,1462.587646,-3385.567627,2103.775879,1586.145630,-3405.548096,2071.081055,1495.571655,-3336.475586,2093.163574,1629.742920,-3381.083008,2616.272461,1567.771851,-3159.774902,,,,,,,,,,,,,,,,,,,,,,,,,,,,,,,,,
11068,110.680000,0.000000,0.000000,0.000000,1.000000,0.000000,0.000000,0.000000,57.698101,20.499701,-14.700500,0.047771,-0.013570,0.015998,-15.666301,-52.738201,18.801300,-93.396698,0.129960,17.611099,-0.220258,-0.478406,-0.680896,0.508915,2091.979980,1543.737427,-3374.884033,2092.933838,1462.810181,-3383.203369,2106.221191,1586.282349,-3403.200684,2073.242920,1495.972534,-3334.308105,2095.521729,1629.884888,-3378.824463,2093.078613,1462.902588,-3383.307617,2106.100586,1586.166016,-3403.264893,2073.104736,1495.925293,-3334.158203,2095.630615,1629.953491,-3378.804443,2616.277588,1567.736694,-3159.789062,,,,,,,,,,,,,,,,,,,,,,,,,,,,,,,,,
11069,110.690000,0.000000,0.000000,0.000000,1.000000,0.000000,0.000000,0.000000,57.698101,20.499701,-14.700500,0.047771,-0.013570,0.015998,-15.666301,-52.738201,18.801300,-93.396698,0.129960,17.611099,-0.220869,-0.477867,-0.680813,0.509268,2094.268066,1543.918091,-3372.605225,2095.186523,1462.992188,-3380.941650,2108.470703,1586.464722,-3400.938721,2075.589844,1496.150513,-3332.005615,2097.824951,1630.065308,-3376.535645,2095.281738,1463.076904,-3380.994873,2108.369873,1586.390137,-3400.957031,2075.529785,1496.253052,-3331.978760,2097.892334,1629.951782,-3376.490479,2616.260986,1567.746338,-3159.792236,,,,,,,,,,,,,,,,,,,,,,,,,,,,,,,,,
11070,110.700000,0.000000,0.000000,0.000000,1.000000,0.000000,0.000000,0.000000,57.698101,20.499701,-14.700500,0.047771,-0.013570,0.015998,-15.666301,-52.738201,18.801300,-93.396698,0.129960,17.611099,-0.221721,-0.476680,-0.680693,0.510170,2096.696045,1544.061401,-3370.406982,2097.587891,1463.144165,-3378.829590,2110.805176,1586.637451,-3398.742676,2078.151611,1496.251587,-3329.795166,2100.239502,1630.212646,-3374.259766,2097.554199,1463.035034,-3378.836914,2110.878906,1586.785767,-3398.781006,2078.186035,1496.421631,-3329.805908,2100.163086,1629.998169,-3374.199707,2616.286865,1567.740234,-3159.791260,,,,,,,,,,,,,,,,,,,,,,,,,,,,,,,,,
11071,110.710000,0.000000,0.000000,0.000000,1.000000,0.000000,0.000000,0.000000,57.698101,20.499701,-14.700500,0.047771,-0.013570,0.015998,-15.666301,-52.738201,18.801300,-93.396698,0.129960,17.611099,-0.222337,-0.475644,-0.681014,0.510440,2098.929688,1544.193604,-3368.241943,2099.723145,1463.285645,-3376.764160,2113.024414,1586.789673,-3396.554932,2080.418945,1496.353394,-3327.650879,2102.552002,1630.345947,-3371.998291,2099.701172,1463.132324,-3376.739014,2113.045654,1586.969238,-3396.571289,2080.423828,1496.362793,-3327.653564,2102.548096,1630.316162,-3372.004150,2616.318848,1567.748047,-3159.776367,,,,,,,,,,,,,,,,,,,,,,,,,,,,,,,,,
11072,110.720000,0.000000,0.000000,0.000000,1.000000,0.000000,0.000000,0.000000,57.698101,20.499701,-14.700500,0.047771,-0.013570,0.015998,-15.666301,-52.738201,18.801300,-93.396698,0.129960,17.611099,-0.220938,-0.476534,-0.681475,0.509601,2101.291260,1544.377441,-3366.110352,2102.126465,1463.472046,-3374.652100,2115.489258,1586.983032,-3394.357178,2082.631104,1496.523682,-3325.603516,2104.917969,1630.531250,-3369.828369,2102.223389,1463.488403,-3374.687500,2115.399170,1586.995361,-3394.437500,2082.510742,1496.402954,-3325.485352,2105.023926,1630.615479,-3369.822998,2616.330566,1567.745850,-3159.770752,,,,,,,,,,,,,,,,,,,,,,,,,,,,,,,,,
11073,110.730000,0.000000,0.000000,0.000000,1.000000,0.000000,0.000000,0.000000,57.698101,20.499701,-14.700500,0.047771,-0.013570,0.015998,-15.666301,-52.738201,18.801300,-93.396698,0.129960,17.611099,-0.221880,-0.475921,-0.681947,0.509133,2103.579834,1544.466553,-3364.030273,2104.218994,1463.560425,-3372.582764,2117.839844,1587.042969,-3392.289795,2084.861084,1496.650635,-3323.505859,2107.398926,1630.612183,-3367.742676,2104.358398,1463.666260,-3372.677490,2117.721191,1586.919922,-3392.357666,2084.740723,1496.647705,-3323.385986,2107.495605,1630.632324,-3367.704590,2616.288086,1567.749268,-3159.774414,,,,,,,,,,,,,,,,,,,,,,,,,,,,,,,,,
11074,110.740000,0.000000,0.000000,0.000000,1.000000,0.000000,0.000000,0.000000,57.698101,20.499701,-14.700500,0.047771,-0.013570,0.015998,-15.666301,-52.738201,18.801300,-93.396698,0.129960,17.611099,-0.223457,-0.474370,-0.681991,0.509832,2105.895020,1544.517090,-3362.012451,2106.393066,1463.617676,-3370.636719,2120.085938,1587.099609,-3390.297607,2087.292480,1496.690308,-3321.447266,2109.808350,1630.660889,-3365.667480,2106.501221,1463.690674,-3370.746826,2120.004150,1587.042114,-3390.314697,2087.218262,1496.854248,-3321.364502,2109.860840,1630.485229,-3365.620117,2616.280518,1567.770264,-3159.786865,,,,,,,,,,,,,,,,,,,,,,,,,,,,,,,,,
11075,110.750000,0.000000,0.000000,0.000000,1.000000,0.000000,0.000000,0.000000,57.698101,20.499701,-14.700500,0.047771,-0.013570,0.015998,-15.666301,-52.738201,18.801300,-93.396698,0.129960,17.611099,-0.223965,-0.473276,-0.682053,0.510542,2108.289551,1544.558105,-3360.046631,2108.760742,1463.670410,-3368.781494,2122.413818,1587.177856,-3388.309082,2089.783203,1496.677734,-3319.500732,2112.199707,1630.706543,-3363.595215,2108.752441,1463.520874,-3368.795654,2122.468506,1587.358398,-3388.390381,2089.784180,1496.822754,-3319.479492,2112.153564,1630.531860,-3363.521240,2616.282959,1567.770386,-3159.779297,,,,,,,,,,,,,,,,,,,,,,,,,,,,,,,,,
11076,110.760000,0.000000,0.000000,0.000000,1.000000,0.000000,0.000000,0.000000,57.698101,20.499701,-14.700500,0.047771,-0.013570,0.015998,-15.666301,-52.738201,18.801300,-93.396698,0.129960,17.611099,-0.225032,-0.471825,-0.682608,0.510675,2110.540527,1544.587402,-3358.106445,2110.822021,1463.711914,-3366.961426,2124.672607,1587.219971,-3386.345703,2092.050537,1496.685059,-3317.579102,2114.617432,1630.732910,-3361.539062,2110.805420,1463.535522,-3366.898193,2124.671631,1587.413086,-3386.388916,2092.042969,1496.632690,-3317.594727,2114.639893,1630.771729,-3361.541748,2616.267090,1567.771240,-3159.790527,,,,,,,,,,,,,,,,,,,,,,,,,,,,,,,,,
11077,110.770000,0.000000,0.000000,0.000000,1.000000,0.000000,0.000000,0.000000,57.698101,20.499701,-14.700500,0.047771,-0.013570,0.015998,-15.666301,-52.738201,18.801300,-93.396698,0.129960,17.611099,-0.223618,-0.472892,-0.683398,0.509250,2112.896240,1544.689697,-3356.196045,2113.143555,1463.814697,-3365.057373,2127.201416,1587.311523,-3384.364502,2094.170166,1496.801147,-3315.760986,2117.069824,1630.831543,-3359.601562,2113.289062,1463.820557,-3365.154053,2127.074463,1587.274048,-3384.437012,2094.012695,1496.722168,-3315.589600,2117.202148,1630.937988,-3359.592529,2616.300293,1567.737061,-3159.784912,,,,,,,,,,,,,,,,,,,,,,,,,,,,,,,,,
11078,110.780000,0.000000,0.000000,0.000000,1.000000,0.000000,0.000000,0.000000,57.698101,20.499701,-14.700500,0.047771,-0.013570,0.015998,-15.666301,-52.738201,18.801300,-93.396698,0.129960,17.611099,-0.225086,-0.471315,-0.683606,0.509786,2115.104004,1544.653198,-3354.293457,2115.188232,1463.787842,-3363.244141,2129.362549,1587.283325,-3382.472412,2096.465332,1496.749756,-3313.835449,2119.399658,1630.792114,-3357.621338,2115.357910,1463.932495,-3363.354980,2129.198730,1587.193970,-3382.506104,2096.338623,1496.808350,-3313.723877,2119.526611,1630.685547,-3357.594971,2616.297363,1567.729370,-3159.776611,,,,,,,,,,,,,,,,,,,,,,,,,,,,,,,,,
11079,110.790000,0.000000,0.000000,0.000000,1.000000,0.000000,0.000000,0.000000,57.698101,20.499701,-14.700500,0.047771,-0.013570,0.015998,-15.666301,-52.738201,18.801300,-93.396698,0.129960,17.611099,-0.225933,-0.469925,-0.683524,0.510803,2117.507324,1544.628296,-3352.484131,2117.563232,1463.775635,-3361.549805,2131.663086,1587.299194,-3380.653564,2099.015625,1496.666382,-3312.028076,2121.786865,1630.772095,-3355.705322,2117.589600,1463.771240,-3361.575684,2131.657959,1587.369629,-3380.696533,2099.001465,1496.816772,-3312.013184,2121.777588,1630.535156,-3355.642090,2616.293945,1567.747559,-3159.778320,,,,,,,,,,,,,,,,,,,,,,,,,,,,,,,,,
11080,110.800000,0.000000,0.000000,0.000000,1.000000,0.000000,0.000000,0.000000,57.698101,20.499701,-14.700500,0.047771,-0.013570,0.015998,-15.666301,-52.738201,18.801300,-93.396698,0.129960,17.611099,-0.226473,-0.468632,-0.683785,0.511402,2119.846680,1544.634766,-3350.717773,2119.836182,1463.797974,-3359.923340,2133.955078,1587.346802,-3378.848633,2101.430176,1496.613037,-3310.298340,2124.164795,1630.781738,-3353.800537,2119.830811,1463.584351,-3359.910156,2133.962158,1587.537354,-3378.882812,2101.418457,1496.626099,-3310.284912,2124.175049,1630.785767,-3353.796143,2616.302002,1567.754395,-3159.776123,,,,,,,,,,,,,,,,,,,,,,,,,,,,,,,,,
11081,110.810000,0.000000,0.000000,0.000000,1.000000,0.000000,0.000000,0.000000,57.698101,20.499701,-14.700500,0.047771,-0.013570,0.015998,-15.666301,-52.738201,18.801300,-93.396698,0.129960,17.611099,-0.226564,-0.468199,-0.684386,0.510954,2122.122314,1544.663208,-3348.977295,2121.990967,1463.834351,-3358.252441,2136.298584,1587.378052,-3377.069824,2103.628418,1496.634521,-3308.601562,2126.571045,1630.806152,-3351.985352,2122.053955,1463.674561,-3358.273193,2136.233154,1587.453613,-3377.119141,2103.553711,1496.571289,-3308.533447,2126.655029,1630.951172,-3351.984131,2616.278564,1567.729370,-3159.774902,,,,,,,,,,,,,,,,,,,,,,,,,,,,,,,,,
11082,110.820000,0.000000,0.000000,0.000000,1.000000,0.000000,0.000000,0.000000,57.698101,20.499701,-14.700500,0.047771,-0.013570,0.015998,-15.666301,-52.738201,18.801300,-93.396698,0.129960,17.611099,-0.225680,-0.468584,-0.684853,0.510367,2124.401367,1544.613037,-3347.294678,2124.269775,1463.789307,-3356.614014,2138.656250,1587.339233,-3375.330078,2105.798828,1496.567383,-3306.989014,2128.880859,1630.756348,-3350.245117,2124.419434,1463.871216,-3356.756348,2138.554443,1587.237183,-3375.401611,2105.657471,1496.573242,-3306.803711,2128.968506,1630.774048,-3350.213867,2616.308838,1567.731323,-3159.763184,,,,,,,,,,,,,,,,,,,,,,,,,,,,,,,,,
11083,110.830000,0.000000,0.000000,0.000000,1.000000,0.000000,0.000000,0.000000,57.698101,20.499701,-14.700500,0.047771,-0.013570,0.015998,-15.666301,-52.738201,18.801300,-93.396698,0.129960,17.611099,-0.227098,-0.466802,-0.684866,0.511353,2126.733154,1544.549316,-3345.708008,2126.492920,1463.739380,-3355.144043,2140.890625,1587.304932,-3373.747559,2108.281006,1496.459961,-3305.385254,2131.267822,1630.693359,-3348.554443,2126.584717,1463.814331,-3355.248779,2140.829346,1587.279541,-3373.764893,2108.213135,1496.584473,-3305.289795,2131.309814,1630.519043,-3348.525879,2616.313965,1567.730713,-3159.769531,,,,,,,,,,,,,,,,,,,,,,,,,,,,,,,,,
11084,110.840000,0.000000,0.000000,0.000000,1.000000,0.000000,0.000000,0.000000,57.698101,20.499701,-14.700500,0.047771,-0.013570,0.015998,-15.666301,-52.738201,18.801300,-93.396698,0.129960,17.611099,-0.228287,-0.465402,-0.684875,0.512086,2129.157715,1544.537598,-3344.200439,2128.821533,1463.737671,-3353.719727,2143.242676,1587.311890,-3372.248291,2110.820312,1496.419922,-3303.859131,2133.746582,1630.681030,-3346.974121,2128.800537,1463.558105,-3353.734863,2143.304199,1587.478516,-3372.310303,2110.823486,1496.499756,-3303.828125,2133.707031,1630.613647,-3346.933350,2616.288330,1567.754761,-3159.769531,,,,,,,,,,,,,,,,,,,,,,,,,,,,,,,,,
11085,110.850000,0.000000,0.000000,0.000000,1.000000,0.000000,0.000000,0.000000,57.698101,20.499701,-14.700500,0.047771,-0.013570,0.015998,-15.666301,-52.738201,18.801300,-93.396698,0.129960,17.611099,-0.230020,-0.463665,-0.685206,0.512444,2131.433105,1544.530762,-3342.731689,2130.873291,1463.742310,-3352.335938,2145.492676,1587.303467,-3370.794434,2113.162109,1496.411011,-3302.363037,2136.204102,1630.666626,-3345.433105,2130.875732,1463.549805,-3352.315674,2145.469971,1587.407227,-3370.799561,2113.143311,1496.355469,-3302.356445,2136.245605,1630.804565,-3345.454590,2616.307373,1567.782837,-3159.784424,,,,,,,,,,,,,,,,,,,,,,,,,,,,,,,,,
11086,110.860000,0.000000,0.000000,0.000000,1.000000,0.000000,0.000000,0.000000,57.698101,20.499701,-14.700500,0.047771,-0.013570,0.015998,-15.666301,-52.738201,18.801300,-93.396698,0.129960,17.611099,-0.229144,-0.464518,-0.685484,0.511691,2133.823730,1544.562744,-3341.335938,2133.282715,1463.770752,-3350.912842,2147.969482,1587.323730,-3369.373291,2115.430176,1496.459473,-3301.003174,2138.612305,1630.697021,-3344.054443,2133.429199,1463.838013,-3350.992432,2147.838623,1587.292358,-3369.466309,2115.282959,1496.406860,-3300.855713,2138.736572,1630.712036,-3344.024658,2616.275635,1567.743286,-3159.781494,,,,,,,,,,,,,,,,,,,,,,,,,,,,,,,,,
11087,110.870000,0.000000,0.000000,0.000000,1.000000,0.000000,0.000000,0.000000,57.698101,20.499701,-14.700500,0.047771,-0.013570,0.015998,-15.666301,-52.738201,18.801300,-93.396698,0.129960,17.611099,-0.231347,-0.462425,-0.685052,0.513172,2136.207764,1544.593628,-3340.013916,2135.559082,1463.810547,-3349.658691,2150.187256,1587.372192,-3368.108154,2118.060547,1496.464111,-3299.601074,2141.024170,1630.727783,-3342.687988,2135.619141,1463.924805,-3349.716309,2150.141602,1587.310425,-3368.119629,2118.038574,1496.636230,-3299.585205,2141.034668,1630.492676,-3342.628906,2616.285889,1567.782471,-3159.786865,,,,,,,,,,,,,,,,,,,,,,,,,,,,,,,,,
11088,110.880000,0.000000,0.000000,0.000000,1.000000,0.000000,0.000000,0.000000,57.698101,20.499701,-14.700500,0.047771,-0.013570,0.015998,-15.666301,-52.738201,18.801300,-93.396698,0.129960,17.611099,-0.232458,-0.461654,-0.685258,0.513089,2138.774170,1544.656250,-3338.759277,2137.966553,1463.875122,-3348.407959,2152.766357,1587.412842,-3366.880127,2120.631348,1496.555054,-3298.310547,2143.732178,1630.782227,-3341.437744,2137.962158,1463.784302,-3348.424072,2152.827637,1587.570190,-3366.989014,2120.606201,1496.557983,-3298.238525,2143.706543,1630.727051,-3341.396484,2616.281494,1567.761841,-3159.784668,,,,,,,,,,,,,,,,,,,,,,,,,,,,,,,,,
11089,110.890000,0.000000,0.000000,0.000000,1.000000,0.000000,0.000000,0.000000,57.698101,20.499701,-14.700500,0.047771,-0.013570,0.015998,-15.666301,-52.738201,18.801300,-93.396698,0.129960,17.611099,-0.234255,-0.460716,-0.684964,0.513507,2141.104248,1544.733398,-3337.545410,2140.160156,1463.947144,-3347.139404,2155.037598,1587.455078,-3365.748535,2123.062500,1496.680054,-3296.994873,2146.156494,1630.851685,-3340.298340,2140.227783,1463.728394,-3347.136719,2154.941650,1587.601807,-3365.789307,2122.982910,1496.598511,-3296.942871,2146.272217,1631.002197,-3340.315186,2616.280518,1567.774048,-3159.787842,,,,,,,,,,,,,,,,,,,,,,,,,,,,,,,,,
11090,110.900000,0.000000,0.000000,0.000000,1.000000,0.000000,0.000000,0.000000,57.698101,20.499701,-14.700500,0.047771,-0.013570,0.015998,-15.666301,-52.738201,18.801300,-93.396698,0.129960,17.611099,-0.233418,-0.462092,-0.684244,0.513612,2143.499268,1544.902466,-3336.315186,2142.761230,1464.098633,-3345.778564,2157.394531,1587.609863,-3364.558838,2125.481934,1496.874146,-3295.724121,2148.359863,1631.027466,-3339.198730,2142.903809,1464.119751,-3345.884766,2157.277344,1587.596558,-3364.641846,2125.351807,1496.925293,-3295.579590,2148.460693,1630.972290,-3339.151123,2616.278076,1567.709595,-3159.769775,,,,,,,,,,,,,,,,,,,,,,,,,,,,,,,,,
11091,110.910000,0.000000,0.000000,0.000000,1.000000,0.000000,0.000000,0.000000,57.698101,20.499701,-14.700500,0.047771,-0.013570,0.015998,-15.666301,-52.738201,18.801300,-93.396698,0.129960,17.611099,-0.235166,-0.461742,-0.683992,0.513465,2146.018066,1545.113159,-3335.200195,2145.115234,1464.295654,-3344.530518,2159.909180,1587.750854,-3363.551025,2128.029053,1497.181641,-3294.482422,2151.018311,1631.224854,-3338.236816,2145.119385,1464.337402,-3344.599854,2159.960449,1587.714355,-3363.591553,2128.038330,1497.348755,-3294.434326,2150.946777,1631.048828,-3338.164062,2616.290039,1567.742065,-3159.769775,,,,,,,,,,,,,,,,,,,,,,,,,,,,,,,,,
11092,110.920000,0.000000,0.000000,0.000000,1.000000,0.000000,0.000000,0.000000,57.698101,20.499701,-14.700500,0.047771,-0.013570,0.015998,-15.666301,-52.738201,18.801300,-93.396698,0.129960,17.611099,-0.236423,-0.461596,-0.683926,0.513106,2148.391602,1545.230835,-3334.026611,2147.340576,1464.402710,-3343.248535,2162.308594,1587.808105,-3362.455322,2130.387207,1497.382935,-3293.217285,2153.529297,1631.329956,-3337.184570,2147.380371,1464.442993,-3343.267822,2162.280762,1587.845825,-3362.500488,2130.338623,1497.345581,-3293.156738,2153.564453,1631.289062,-3337.180420,2616.244385,1567.742554,-3159.789307,,,,,,,,,,,,,,,,,,,,,,,,,,,,,,,,,
11093,110.930000,0.000000,0.000000,0.000000,1.000000,0.000000,0.000000,0.000000,57.698101,20.499701,-14.700500,0.047771,-0.013570,0.015998,-15.666301,-52.738201,18.801300,-93.396698,0.129960,17.611099,-0.236386,-0.462264,-0.682928,0.513851,2150.641846,1545.346313,-3332.833252,2149.780518,1464.502563,-3341.937988,2164.445068,1587.915405,-3361.329590,2132.769531,1497.514404,-3291.947021,2155.572510,1631.452759,-3336.118164,2149.893555,1464.540771,-3341.999756,2164.340088,1587.982544,-3361.400146,2132.635010,1497.415649,-3291.791992,2155.687012,1631.440308,-3336.130371,2616.281250,1567.766235,-3159.794434,,,,,,,,,,,,,,,,,,,,,,,,,,,,,,,,,
11094,110.940000,0.000000,0.000000,0.000000,1.000000,0.000000,0.000000,0.000000,57.698101,20.499701,-14.700500,0.047771,-0.013570,0.015998,-15.666301,-52.738201,18.801300,-93.396698,0.129960,17.611099,-0.236454,-0.462514,-0.681902,0.514957,2153.084717,1545.680176,-3331.710938,2152.423096,1464.826782,-3340.746826,2166.738037,1588.261475,-3360.261230,2135.392822,1497.835815,-3290.760742,2157.784912,1631.796631,-3335.074219,2152.485352,1464.698364,-3340.794922,2166.682861,1588.349365,-3360.303467,2135.335205,1497.895874,-3290.698975,2157.835205,1631.773438,-3335.049561,2616.308594,1567.752808,-3159.779785,,,,,,,,,,,,,,,,,,,,,,,,,,,,,,,,,
11095,110.950000,0.000000,0.000000,0.000000,1.000000,0.000000,0.000000,0.000000,57.698101,20.499701,-14.700500,0.047771,-0.013570,0.015998,-15.666301,-52.738201,18.801300,-93.396698,0.129960,17.611099,-0.237691,-0.462413,-0.681689,0.514759,2155.399414,1545.975952,-3330.564697,2154.621826,1465.110840,-3339.484131,2169.056641,1588.499512,-3359.199219,2137.718018,1498.212158,-3289.516113,2160.200928,1632.081665,-3334.059326,2154.691406,1464.937378,-3339.522461,2168.979248,1588.548218,-3359.227539,2137.652100,1498.203735,-3289.458252,2160.283936,1632.207031,-3334.054199,2616.288818,1567.760620,-3159.774658,,,,,,,,,,,,,,,,,,,,,,,,,,,,,,,,,
11096,110.960000,0.000000,0.000000,0.000000,1.000000,0.000000,0.000000,0.000000,57.698101,20.499701,-14.700500,0.047771,-0.013570,0.015998,-15.666301,-52.738201,18.801300,-93.396698,0.129960,17.611099,-0.237760,-0.462922,-0.681802,0.514121,2157.579834,1546.142578,-3329.381348,2156.746338,1465.269409,-3338.223633,2171.302246,1588.627441,-3358.041992,2139.815918,1498.432739,-3288.305664,2162.454834,1632.240845,-3332.953369,2156.832764,1465.189941,-3338.340576,2171.263916,1588.641846,-3358.110107,2139.711914,1498.421509,-3288.126709,2162.506836,1632.310669,-3332.937500,2616.283447,1567.740967,-3159.786621,,,,,,,,,,,,,,,,,,,,,,,,,,,,,,,,,
11097,110.970000,0.000000,0.000000,0.000000,1.000000,0.000000,0.000000,0.000000,57.698101,20.499701,-14.700500,0.047771,-0.013570,0.015998,-15.666301,-52.738201,18.801300,-93.396698,0.129960,17.611099,-0.238047,-0.462746,-0.680722,0.515575,2159.810059,1546.357178,-3328.234375,2159.177002,1465.478760,-3337.045654,2173.345947,1588.869019,-3356.943848,2142.277100,1498.613892,-3287.098877,2164.439941,1632.467163,-3331.849365,2159.289307,1465.602661,-3337.151367,2173.258545,1588.800659,-3356.974365,2142.198730,1498.725098,-3287.005859,2164.501465,1632.304565,-3331.807129,2616.274902,1567.709717,-3159.770508,,,,,,,,,,,,,,,,,,,,,,,,,,,,,,,,,
11098,110.980000,0.000000,0.000000,0.000000,1.000000,0.000000,0.000000,0.000000,57.698101,20.499701,-14.700500,0.047771,-0.013570,0.015998,-15.666301,-52.738201,18.801300,-93.396698,0.129960,17.611099,-0.239141,-0.461593,-0.680176,0.516821,2162.185059,1546.605957,-3327.162598,2161.572266,1465.731812,-3336.013916,2175.573730,1589.142456,-3355.904297,2144.853516,1498.828613,-3285.980957,2166.739990,1632.721069,-3330.750732,2161.586914,1465.737427,-3336.029053,2175.569824,1589.204956,-3355.927979,2144.842285,1498.894897,-3285.964355,2166.739502,1632.576904,-3330.727051,2616.260986,1567.759766,-3159.778320,,,,,,,,,,,,,,,,,,,,,,,,,,,,,,,,,
11099,110.990000,0.000000,0.000000,0.000000,1.000000,0.000000,0.000000,0.000000,57.698101,20.499701,-14.700500,0.047771,-0.013570,0.015998,-15.666301,-52.738201,18.801300,-93.396698,0.129960,17.611099,-0.239249,-0.461162,-0.680012,0.517372,2164.319824,1546.770752,-3326.056885,2163.746338,1465.901367,-3334.955322,2177.648438,1589.332275,-3354.789795,2147.066406,1498.958618,-3284.882812,2168.817871,1632.890747,-3329.600098,2163.790771,1465.717773,-3334.951904,2177.597168,1589.523682,-3354.854736,2147.002197,1498.897095,-3284.820557,2168.887207,1632.946777,-3329.605469,2616.264893,1567.766602,-3159.791260,,,,,,,,,,,,,,,,,,,,,,,,,,,,,,,,,
11100,111.000000,0.000000,0.000000,0.000000,1.000000,0.000000,0.000000,0.000000,57.698101,20.499701,-14.700500,0.047771,-0.013570,0.015998,-15.666301,-52.738201,18.801300,-93.396698,0.129960,17.611099,-0.239734,-0.460656,-0.679511,0.518255,2166.326904,1546.994141,-3324.932129,2165.816895,1466.125610,-3333.841064,2179.547852,1589.573486,-3353.688232,2149.215088,1499.158203,-3283.726807,2170.728516,1633.119263,-3328.472412,2165.923096,1465.957153,-3333.903809,2179.445068,1589.744385,-3353.769287,2149.093994,1499.118530,-3283.585693,2170.838867,1633.154785,-3328.472168,2616.270264,1567.772583,-3159.785400,,,,,,,,,,,,,,,,,,,,,,,,,,,,,,,,,
11101,111.010000,0.000000,0.000000,0.000000,1.000000,0.000000,0.000000,0.000000,57.698101,20.499701,-14.700500,0.047771,-0.013570,0.015998,-15.666301,-52.738201,18.801300,-93.396698,0.129960,17.611099,-0.240238,-0.459482,-0.678627,0.520218,2168.530762,1547.204224,-3323.895996,2168.190186,1466.345459,-3332.900146,2181.523682,1589.851685,-3352.655273,2151.711426,1499.275635,-3282.677734,2172.697266,1633.344482,-3327.350586,2168.280518,1466.358032,-3333.000244,2181.452881,1589.811768,-3352.684326,2151.641602,1499.386230,-3282.585205,2172.747070,1633.267090,-3327.312500,2616.295166,1567.746948,-3159.785156,,,,,,,,,,,,,,,,,,,,,,,,,,,,,,,,,
11102,111.020000,0.000000,0.000000,0.000000,1.000000,0.000000,0.000000,0.000000,57.698101,20.499701,-14.700500,0.047771,-0.013570,0.015998,-15.666301,-52.738201,18.801300,-93.396698,0.129960,17.611099,-0.241765,-0.457736,-0.678843,0.520769,2170.770996,1547.250488,-3322.866455,2170.252441,1466.403687,-3331.969238,2183.713623,1589.911499,-3351.628418,2154.046387,1499.299438,-3281.635986,2175.071045,1633.387817,-3326.232178,2170.274170,1466.413208,-3332.052002,2183.738525,1589.894775,-3351.665283,2154.018311,1499.342041,-3281.534912,2175.051514,1633.354736,-3326.210205,2616.305908,1567.721069,-3159.763428,,,,,,,,,,,,,,,,,,,,,,,,,,,,,,,,,
11103,111.030000,0.000000,0.000000,0.000000,1.000000,0.000000,0.000000,0.000000,57.698101,20.499701,-14.700500,0.047771,-0.013570,0.015998,-15.666301,-52.738201,18.801300,-93.396698,0.129960,17.611099,-0.242638,-0.456609,-0.679227,0.520852,2172.986572,1547.167480,-3321.814209,2172.315918,1466.330933,-3330.998047,2185.934326,1589.836426,-3350.561768,2156.276123,1499.201904,-3280.594727,2177.419678,1633.301025,-3325.102539,2172.357666,1466.298706,-3331.080078,2185.930908,1589.920898,-3350.607422,2156.197266,1499.105591,-3280.417725,2177.451416,1633.334961,-3325.134277,2616.320312,1567.723145,-3159.765137,,,,,,,,,,,,,,,,,,,,,,,,,,,,,,,,,
11104,111.040000,0.000000,0.000000,0.000000,1.000000,0.000000,0.000000,0.000000,57.698101,20.499701,-14.700500,0.047771,-0.013570,0.015998,-15.666301,-52.738201,18.801300,-93.396698,0.129960,17.611099,-0.243048,-0.455559,-0.678522,0.522496,2175.160156,1547.193481,-3320.812012,2174.625732,1466.366333,-3330.086426,2187.918457,1589.922485,-3349.555176,2158.694092,1499.145874,-3279.589844,2179.402588,1633.339722,-3324.016113,2174.730713,1466.301758,-3330.210205,2187.838379,1589.982178,-3349.591553,2158.592285,1499.207642,-3279.432373,2179.477051,1633.284058,-3324.010010,2616.273193,1567.749023,-3159.781250,,,,,,,,,,,,,,,,,,,,,,,,,,,,,,,,,
11105,111.050000,0.000000,0.000000,0.000000,1.000000,0.000000,0.000000,0.000000,57.698101,20.499701,-14.700500,0.047771,-0.013570,0.015998,-15.666301,-52.738201,18.801300,-93.396698,0.129960,17.611099,-0.243137,-0.454502,-0.678052,0.523983,2177.367676,1547.223633,-3319.799072,2176.961670,1466.410889,-3329.204834,2189.963623,1590.023926,-3348.508057,2161.109131,1499.077271,-3278.609863,2181.436279,1633.383057,-3322.873779,2177.078369,1466.376953,-3329.294678,2189.832520,1589.996094,-3348.516113,2161.028320,1499.231812,-3278.550049,2181.530029,1633.295776,-3322.834229,2616.265869,1567.760376,-3159.794189,,,,,,,,,,,,,,,,,,,,,,,,,,,,,,,,,
11106,111.060000,0.000000,0.000000,0.000000,1.000000,0.000000,0.000000,0.000000,57.698101,20.499701,-14.700500,0.047771,-0.013570,0.015998,-15.666301,-52.738201,18.801300,-93.396698,0.129960,17.611099,-0.243931,-0.453152,-0.678885,0.523705,2179.625732,1547.152222,-3318.788574,2178.989990,1466.356079,-3328.323975,2192.281494,1589.965576,-3347.451172,2163.316162,1498.981812,-3277.647217,2183.915039,1633.305420,-3321.731445,2179.036865,1466.315674,-3328.373291,2192.257812,1590.037964,-3347.518066,2163.248779,1498.933105,-3277.532471,2183.954102,1633.320801,-3321.725830,2616.240479,1567.779785,-3159.796387,,,,,,,,,,,,,,,,,,,,,,,,,,,,,,,,,
11107,111.070000,0.000000,0.000000,0.000000,1.000000,0.000000,0.000000,0.000000,57.698101,20.499701,-14.700500,0.047771,-0.013570,0.015998,-15.666301,-52.738201,18.801300,-93.396698,0.129960,17.611099,-0.244699,-0.452015,-0.679649,0.523337,2181.941406,1546.904053,-3317.761475,2181.084961,1466.121948,-3327.396973,2194.662598,1589.720947,-3346.389893,2165.572021,1498.723999,-3276.655762,2186.446533,1633.049683,-3320.603027,2181.150391,1466.130737,-3327.447266,2194.616699,1589.761841,-3346.464844,2165.470215,1498.571167,-3276.498291,2186.518066,1633.137939,-3320.617676,2616.236572,1567.774658,-3159.807861,,,,,,,,,,,,,,,,,,,,,,,,,,,,,,,,,
11108,111.080000,0.000000,0.000000,0.000000,1.000000,0.000000,0.000000,0.000000,57.698101,20.499701,-14.700500,0.047771,-0.013570,0.015998,-15.666301,-52.738201,18.801300,-93.396698,0.129960,17.611099,-0.244594,-0.451219,-0.679349,0.524462,2184.283691,1546.681396,-3316.763428,2183.534424,1465.912231,-3326.516113,2196.885254,1589.560059,-3345.352295,2168.065186,1498.415649,-3275.698242,2188.649902,1632.838013,-3319.486572,2183.659912,1465.923096,-3326.579102,2196.742676,1589.551636,-3345.405029,2167.963135,1498.461060,-3275.619629,2188.767334,1632.789551,-3319.450928,2616.241699,1567.767090,-3159.803955,,,,,,,,,,,,,,,,,,,,,,,,,,,,,,,,,
11109,111.090000,0.000000,0.000000,0.000000,1.000000,0.000000,0.000000,0.000000,57.698101,20.499701,-14.700500,0.047771,-0.013570,0.015998,-15.666301,-52.738201,18.801300,-93.396698,0.129960,17.611099,-0.244777,-0.450151,-0.679431,0.525187,2186.579346,1546.558838,-3315.780518,2185.827393,1465.806152,-3325.668213,2199.115234,1589.488403,-3344.321777,2170.452148,1498.220337,-3274.764893,2190.922119,1632.720947,-3318.366699,2185.957520,1465.675415,-3325.775879,2198.971436,1589.486328,-3344.328857,2170.359375,1498.368530,-3274.686035,2191.029297,1632.704468,-3318.333740,2616.277344,1567.737671,-3159.788818,,,,,,,,,,,,,,,,,,,,,,,,,,,,,,,,,
11110,111.100000,0.000000,0.000000,0.000000,1.000000,0.000000,0.000000,0.000000,57.698101,20.499701,-14.700500,0.047771,-0.013570,0.015998,-15.666301,-52.738201,18.801300,-93.396698,0.129960,17.611099,-0.245639,-0.448826,-0.680434,0.524621,2188.933838,1546.330322,-3314.769775,2187.904297,1465.595581,-3324.778809,2201.564697,1589.262329,-3343.265625,2172.713867,1497.982056,-3273.802246,2193.552490,1632.481689,-3317.232178,2187.992188,1465.519897,-3324.838135,2201.471680,1589.325195,-3343.305664,2172.616943,1497.927124,-3273.687012,2193.651611,1632.546875,-3317.244141,2616.283447,1567.749634,-3159.781982,,,,,,,,,,,,,,,,,,,,,,,,,,,,,,,,,
11111,111.110000,0.000000,0.000000,0.000000,1.000000,0.000000,0.000000,0.000000,57.698101,20.499701,-14.700500,0.047771,-0.013570,0.015998,-15.666301,-52.738201,18.801300,-93.396698,0.129960,17.611099,-0.246374,-0.447936,-0.681401,0.523780,2191.278809,1545.847412,-3313.778320,2189.979248,1465.125488,-3323.858887,2204.029297,1588.763550,-3342.244873,2174.930176,1497.515381,-3272.842773,2196.176025,1631.985474,-3316.166992,2190.055908,1465.192017,-3323.947510,2203.991699,1588.764160,-3342.320068,2174.820557,1497.378296,-3272.645264,2196.234863,1632.039673,-3316.178467,2616.268799,1567.746460,-3159.778320,,,,,,,,,,,,,,,,,,,,,,,,,,,,,,,,,
11112,111.120000,0.000000,0.000000,0.000000,1.000000,0.000000,0.000000,0.000000,57.698101,20.499701,-14.700500,0.047771,-0.013570,0.015998,-15.666301,-52.738201,18.801300,-93.396698,0.129960,17.611099,-0.245597,-0.447973,-0.681136,0.524458,2193.627441,1545.517212,-3312.832031,2192.486084,1464.801514,-3322.982666,2206.305908,1588.482300,-3341.256836,2177.356689,1497.118774,-3271.944092,2198.360596,1631.666382,-3315.144775,2192.632568,1464.790283,-3323.105713,2206.157959,1588.426758,-3341.295166,2177.245605,1497.247192,-3271.830566,2198.470459,1631.609985,-3315.097656,2616.277100,1567.739380,-3159.778076,,,,,,,,,,,,,,,,,,,,,,,,,,,,,,,,,
11113,111.130000,0.000000,0.000000,0.000000,1.000000,0.000000,0.000000,0.000000,57.698101,20.499701,-14.700500,0.047771,-0.013570,0.015998,-15.666301,-52.738201,18.801300,-93.396698,0.129960,17.611099,-0.245666,-0.447373,-0.681417,0.524573,2196.022705,1545.227051,-3311.973633,2194.834717,1464.522705,-3322.208252,2208.703125,1588.215698,-3340.361816,2179.756348,1496.793579,-3271.125244,2200.797119,1631.376343,-3314.198975,2194.938721,1464.427368,-3322.315918,2208.613525,1588.238892,-3340.406494,2179.668213,1496.895996,-3271.010254,2200.870605,1631.347046,-3314.161865,2616.308350,1567.725464,-3159.774902,,,,,,,,,,,,,,,,,,,,,,,,,,,,,,,,,
11114,111.140000,0.000000,0.000000,0.000000,1.000000,0.000000,0.000000,0.000000,57.698101,20.499701,-14.700500,0.047771,-0.013570,0.015998,-15.666301,-52.738201,18.801300,-93.396698,0.129960,17.611099,-0.247223,-0.446156,-0.682574,0.523373,2198.429443,1544.703857,-3311.118408,2196.832764,1464.011108,-3321.388428,2211.267822,1587.644043,-3339.508789,2182.000488,1496.330322,-3270.264160,2203.616699,1630.830078,-3313.311768,2196.927734,1464.105835,-3321.435791,2211.166504,1587.632568,-3339.539062,2181.915039,1496.286377,-3270.179199,2203.708740,1630.792480,-3313.319336,2616.296875,1567.707764,-3159.768066,,,,,,,,,,,,,,,,,,,,,,,,,,,,,,,,,
11115,111.150000,0.000000,0.000000,0.000000,1.000000,0.000000,0.000000,0.000000,57.698101,20.499701,-14.700500,0.047771,-0.013570,0.015998,-15.666301,-52.738201,18.801300,-93.396698,0.129960,17.611099,-0.246538,-0.447011,-0.683092,0.522288,2200.604004,1544.130615,-3310.267090,2198.958740,1463.434082,-3320.500000,2213.571289,1587.043213,-3338.640869,2184.002441,1495.794922,-3269.437988,2205.883301,1630.250488,-3312.489990,2199.064941,1463.414062,-3320.600098,2213.488281,1587.133545,-3338.710693,2183.878174,1495.755737,-3269.251465,2205.973633,1630.217529,-3312.494385,2616.287842,1567.715942,-3159.766602,,,,,,,,,,,,,,,,,,,,,,,,,,,,,,,,,
11116,111.160000,0.000000,0.000000,0.000000,1.000000,0.000000,0.000000,0.000000,57.698101,20.499701,-14.700500,0.047771,-0.013570,0.015998,-15.666301,-52.738201,18.801300,-93.396698,0.129960,17.611099,-0.247078,-0.446873,-0.682548,0.522862,2202.834961,1543.668945,-3309.459717,2201.237549,1462.965210,-3319.643066,2215.720947,1586.575562,-3337.879639,2186.340332,1495.343506,-3268.574951,2208.041504,1629.791748,-3311.740967,2201.335938,1462.889893,-3319.741699,2215.635498,1586.605713,-3337.924316,2186.256592,1495.441162,-3268.466309,2208.112061,1629.741821,-3311.705322,2616.281494,1567.722900,-3159.782959,,,,,,,,,,,,,,,,,,,,,,,,,,,,,,,,,
11117,111.170000,0.000000,0.000000,0.000000,1.000000,0.000000,0.000000,0.000000,57.698101,20.499701,-14.700500,0.047771,-0.013570,0.015998,-15.666301,-52.738201,18.801300,-93.396698,0.129960,17.611099,-0.247621,-0.446906,-0.682673,0.522414,2205.263672,1543.144043,-3308.687744,2203.565918,1462.434937,-3318.812256,2218.194580,1586.014282,-3337.141846,2188.720215,1494.868286,-3267.764160,2210.573975,1629.258789,-3311.032471,2203.655518,1462.422363,-3318.895752,2218.100586,1586.018921,-3337.143066,2188.653076,1494.960083,-3267.688232,2210.646240,1629.176636,-3311.022705,2616.295654,1567.734009,-3159.782227,,,,,,,,,,,,,,,,,,,,,,,,,,,,,,,,,
11118,111.180000,0.000000,0.000000,0.000000,1.000000,0.000000,0.000000,0.000000,57.698101,20.499701,-14.700500,0.047771,-0.013570,0.015998,-15.666301,-52.738201,18.801300,-93.396698,0.129960,17.611099,-0.248755,-0.446788,-0.683149,0.521353,2207.561279,1542.492432,-3307.947021,2205.614990,1461.777588,-3317.979980,2220.607422,1585.291504,-3336.455322,2190.892334,1494.312744,-3266.961182,2213.130127,1628.588013,-3310.390869,2205.663574,1461.853638,-3318.038818,2220.598389,1585.377808,-3336.524902,2190.808838,1494.192139,-3266.794434,2213.165771,1628.537598,-3310.414307,2616.312988,1567.766113,-3159.777344,,,,,,,,,,,,,,,,,,,,,,,,,,,,,,,,,
11119,111.190000,0.000000,0.000000,0.000000,1.000000,0.000000,0.000000,0.000000,57.698101,20.499701,-14.700500,0.047771,-0.013570,0.015998,-15.666301,-52.738201,18.801300,-93.396698,0.129960,17.611099,-0.248022,-0.448111,-0.683168,0.520540,2209.624512,1541.870239,-3307.129639,2207.724121,1461.140747,-3317.053223,2222.751953,1584.630981,-3335.658447,2192.836670,1493.746216,-3266.126953,2215.185547,1627.963257,-3309.679443,2207.842773,1460.975586,-3317.143799,2222.646240,1584.792236,-3335.755615,2192.694092,1493.690430,-3265.938965,2215.304688,1628.015869,-3309.675781,2616.280762,1567.790771,-3159.785400,,,,,,,,,,,,,,,,,,,,,,,,,,,,,,,,,
11120,111.200000,0.000000,0.000000,0.000000,1.000000,0.000000,0.000000,0.000000,57.698101,20.499701,-14.700500,0.047771,-0.013570,0.015998,-15.666301,-52.738201,18.801300,-93.396698,0.129960,17.611099,-0.249628,-0.447364,-0.683441,0.520058,2211.690674,1541.183594,-3306.340820,2209.544189,1460.453247,-3316.207520,2224.866943,1583.889771,-3334.929199,2194.869141,1493.132324,-3265.266846,2217.482422,1627.259399,-3308.960205,2209.604492,1460.332886,-3316.329590,2224.865967,1584.014648,-3335.025635,2194.786377,1493.182251,-3265.077393,2217.501465,1627.208618,-3308.928955,2616.283447,1567.735962,-3159.782227,,,,,,,,,,,,,,,,,,,,,,,,,,,,,,,,,
11121,111.210000,0.000000,0.000000,0.000000,1.000000,0.000000,0.000000,0.000000,57.698101,20.499701,-14.700500,0.047771,-0.013570,0.015998,-15.666301,-52.738201,18.801300,-93.396698,0.129960,17.611099,-0.251103,-0.446542,-0.683467,0.520020,2214.081299,1540.562378,-3305.633301,2211.760986,1459.832031,-3315.460693,2227.253906,1583.233032,-3334.276123,2197.289062,1492.558228,-3264.491943,2220.021240,1626.626465,-3308.303955,2211.858154,1459.924561,-3315.501709,2227.139648,1583.217407,-3334.289062,2197.217285,1492.569458,-3264.440918,2220.114258,1626.538818,-3308.302979,2616.304932,1567.746094,-3159.765625,,,,,,,,,,,,,,,,,,,,,,,,,,,,,,,,,
11122,111.220000,0.000000,0.000000,0.000000,1.000000,0.000000,0.000000,0.000000,57.698101,20.499701,-14.700500,0.047771,-0.013570,0.015998,-15.666301,-52.738201,18.801300,-93.396698,0.129960,17.611099,-0.251198,-0.447061,-0.683726,0.519187,2216.342773,1539.957275,-3304.916504,2213.935547,1459.220215,-3314.666748,2229.604736,1582.583130,-3333.584717,2199.438232,1492.014771,-3263.749268,2222.392090,1626.011230,-3307.665283,2213.979004,1459.125854,-3314.706055,2229.567871,1582.657837,-3333.623779,2199.384766,1491.998291,-3263.673584,2222.438721,1626.044678,-3307.663574,2616.244873,1567.756592,-3159.785889,,,,,,,,,,,,,,,,,,,,,,,,,,,,,,,,,
11123,111.230000,0.000000,0.000000,0.000000,1.000000,0.000000,0.000000,0.000000,57.698101,20.499701,-14.700500,0.047771,-0.013570,0.015998,-15.666301,-52.738201,18.801300,-93.396698,0.129960,17.611099,-0.250710,-0.448228,-0.683988,0.518070,2218.384033,1539.272217,-3304.114014,2215.943359,1458.523315,-3313.757080,2231.765625,1581.847046,-3332.802490,2201.318604,1491.401245,-3262.930176,2224.508789,1625.317627,-3306.966309,2216.049316,1458.442871,-3313.849365,2231.661377,1581.918945,-3332.835938,2201.216309,1491.425415,-3262.801514,2224.606934,1625.300659,-3306.968018,2616.274170,1567.776611,-3159.801025,,,,,,,,,,,,,,,,,,,,,,,,,,,,,,,,,
11124,111.240000,0.000000,0.000000,0.000000,1.000000,0.000000,0.000000,0.000000,57.698101,20.499701,-14.700500,0.047771,-0.013570,0.015998,-15.666301,-52.738201,18.801300,-93.396698,0.129960,17.611099,-0.251931,-0.448104,-0.684500,0.516908,2220.399658,1538.464844,-3303.371094,2217.689453,1457.712646,-3312.914551,2233.906006,1580.960693,-3332.118164,2203.198242,1490.700317,-3262.120361,2226.804688,1624.486206,-3306.331299,2217.763184,1457.847656,-3313.021484,2233.890625,1580.996338,-3332.182373,2203.111328,1490.663208,-3261.935059,2226.832275,1624.354858,-3306.335938,2616.279297,1567.735596,-3159.786621,,,,,,,,,,,,,,,,,,,,,,,,,,,,,,,,,
11125,111.250000,0.000000,0.000000,0.000000,1.000000,0.000000,0.000000,0.000000,57.698101,20.499701,-14.700500,0.047771,-0.013570,0.015998,-15.666301,-52.738201,18.801300,-93.396698,0.129960,17.611099,-0.253041,-0.447693,-0.684416,0.516833,2222.442383,1537.804565,-3302.674561,2219.615479,1457.049072,-3312.156250,2235.945312,1580.263794,-3331.477051,2205.261963,1490.089722,-3261.357422,2228.946777,1623.815918,-3305.707275,2219.723877,1457.083130,-3312.215088,2235.833252,1580.271240,-3331.536377,2205.145264,1490.008057,-3261.230225,2229.059814,1623.852173,-3305.710693,2616.297363,1567.761719,-3159.772949,,,,,,,,,,,,,,,,,,,,,,,,,,,,,,,,,
11126,111.260000,0.000000,0.000000,0.000000,1.000000,0.000000,0.000000,0.000000,57.698101,20.499701,-14.700500,0.047771,-0.013570,0.015998,-15.666301,-52.738201,18.801300,-93.396698,0.129960,17.611099,-0.254432,-0.447391,-0.684836,0.515853,2224.573486,1537.218018,-3302.006104,2221.479736,1456.461060,-3311.391846,2238.178467,1579.601196,-3330.872559,2207.288330,1489.605225,-3260.614990,2231.347168,1623.204712,-3305.144531,2221.550049,1456.216675,-3311.430664,2238.078613,1579.706787,-3330.872070,2207.229248,1489.643188,-3260.576172,2231.443359,1623.281616,-3305.150146,2616.245361,1567.746826,-3159.790527,,,,,,,,,,,,,,,,,,,,,,,,,,,,,,,,,
11127,111.270000,0.000000,0.000000,0.000000,1.000000,0.000000,0.000000,0.000000,57.698101,20.499701,-14.700500,0.047771,-0.013570,0.015998,-15.666301,-52.738201,18.801300,-93.396698,0.129960,17.611099,-0.254133,-0.448441,-0.685142,0.514682,2226.697998,1536.496582,-3301.302734,2223.538818,1455.729736,-3310.579834,2240.428223,1578.822754,-3330.193848,2209.247803,1488.963379,-3259.889404,2233.576416,1622.471069,-3304.547607,2223.591309,1455.708008,-3310.659912,2240.394287,1578.809082,-3330.212158,2209.206055,1489.038208,-3259.810303,2233.599609,1622.435059,-3304.526855,2616.280273,1567.733765,-3159.791748,,,,,,,,,,,,,,,,,,,,,,,,,,,,,,,,,
11128,111.280000,0.000000,0.000000,0.000000,1.000000,0.000000,0.000000,0.000000,57.698101,20.499701,-14.700500,0.047771,-0.013570,0.015998,-15.666301,-52.738201,18.801300,-93.396698,0.129960,17.611099,-0.254592,-0.448672,-0.684866,0.514622,2228.550049,1535.813599,-3300.626465,2225.379150,1455.037109,-3309.815918,2242.270508,1578.107422,-3329.569336,2211.115479,1488.326050,-3259.154053,2235.434814,1621.783813,-3303.966553,2225.383301,1455.128052,-3309.833008,2242.291992,1578.151001,-3329.588623,2211.096436,1488.265991,-3259.093506,2235.427246,1621.708984,-3303.989746,2616.297852,1567.759033,-3159.780273,,,,,,,,,,,,,,,,,,,,,,,,,,,,,,,,,
11129,111.290000,0.000000,0.000000,0.000000,1.000000,0.000000,0.000000,0.000000,57.698101,20.499701,-14.700500,0.047771,-0.013570,0.015998,-15.666301,-52.738201,18.801300,-93.396698,0.129960,17.611099,-0.254436,-0.449520,-0.684728,0.514141,2230.396729,1535.124023,-3299.972656,2227.243652,1454.334839,-3309.055908,2244.156738,1577.379150,-3328.953369,2212.904785,1487.692505,-3258.460449,2237.281494,1621.090088,-3303.420410,2227.327148,1454.255859,-3309.113770,2244.084473,1577.497437,-3329.036377,2212.798828,1487.644287,-3258.321045,2237.367188,1621.099243,-3303.414795,2616.262939,1567.732788,-3159.787109,,,,,,,,,,,,,,,,,,,,,,,,,,,,,,,,,
11130,111.300000,0.000000,0.000000,0.000000,1.000000,0.000000,0.000000,0.000000,57.698101,20.499701,-14.700500,0.047771,-0.013570,0.015998,-15.666301,-52.738201,18.801300,-93.396698,0.129960,17.611099,-0.255594,-0.449620,-0.685252,0.512780,2232.246338,1534.360718,-3299.277832,2228.819336,1453.568848,-3308.236084,2246.149658,1576.523926,-3328.323730,2214.593506,1487.053101,-3257.692627,2239.423096,1620.297485,-3302.858643,2228.994873,1453.488159,-3308.354736,2245.945557,1576.547607,-3328.350830,2214.440674,1487.082764,-3257.544922,2239.603027,1620.323608,-3302.861572,2616.294189,1567.745483,-3159.781982,,,,,,,,,,,,,,,,,,,,,,,,,,,,,,,,,
11131,111.310000,0.000000,0.000000,0.000000,1.000000,0.000000,0.000000,0.000000,57.698101,20.499701,-14.700500,0.047771,-0.013570,0.015998,-15.666301,-52.738201,18.801300,-93.396698,0.129960,17.611099,-0.256718,-0.449261,-0.685382,0.512360,2234.062744,1533.712891,-3298.588135,2230.468750,1452.920776,-3307.479980,2248.003662,1575.827515,-3327.686523,2216.380615,1486.470459,-3256.940918,2241.397705,1619.632935,-3302.244873,2230.557861,1452.906128,-3307.557373,2247.917480,1575.871094,-3327.710693,2216.276123,1486.400757,-3256.796875,2241.494141,1619.668945,-3302.278076,2616.297363,1567.727295,-3159.780762,,,,,,,,,,,,,,,,,,,,,,,,,,,,,,,,,
11132,111.320000,0.000000,0.000000,0.000000,1.000000,0.000000,0.000000,0.000000,57.698101,20.499701,-14.700500,0.047771,-0.013570,0.015998,-15.666301,-52.738201,18.801300,-93.396698,0.129960,17.611099,-0.257507,-0.448907,-0.684784,0.513072,2235.823730,1533.063843,-3297.960205,2232.264648,1452.264893,-3306.803467,2249.665771,1575.173706,-3327.112793,2218.274170,1485.829834,-3256.247803,2243.089844,1618.987305,-3301.677002,2232.249512,1452.198242,-3306.804443,2249.688477,1575.264038,-3327.114014,2218.264648,1485.766235,-3256.210205,2243.092773,1619.028442,-3301.711914,2616.306396,1567.742188,-3159.773926,,,,,,,,,,,,,,,,,,,,,,,,,,,,,,,,,
11133,111.330000,0.000000,0.000000,0.000000,1.000000,0.000000,0.000000,0.000000,57.698101,20.499701,-14.700500,0.047771,-0.013570,0.015998,-15.666301,-52.738201,18.801300,-93.396698,0.129960,17.611099,-0.257698,-0.449047,-0.684782,0.512857,2237.480225,1532.245239,-3297.264160,2233.890381,1451.443359,-3306.067139,2251.340820,1574.335083,-3326.436523,2219.909180,1485.038940,-3255.529053,2244.780273,1618.163940,-3301.023193,2233.917725,1451.204712,-3306.085205,2251.300781,1574.472046,-3326.457764,2219.883301,1485.122070,-3255.514404,2244.818115,1618.161377,-3301.002930,2616.310547,1567.755615,-3159.774414,,,,,,,,,,,,,,,,,,,,,,,,,,,,,,,,,
11134,111.340000,0.000000,0.000000,0.000000,1.000000,0.000000,0.000000,0.000000,57.698101,20.499701,-14.700500,0.047771,-0.013570,0.015998,-15.666301,-52.738201,18.801300,-93.396698,0.129960,17.611099,-0.256355,-0.450701,-0.685315,0.511365,2239.205811,1531.484497,-3296.546143,2235.618408,1450.674072,-3305.272461,2253.239258,1573.532593,-3325.696533,2221.394775,1484.336792,-3254.846924,2246.571045,1617.394775,-3300.368896,2235.675537,1450.679688,-3305.399902,2253.229736,1573.525269,-3325.725586,2221.358398,1484.521973,-3254.731445,2246.558105,1617.216187,-3300.316650,2616.329834,1567.731934,-3159.766113,,,,,,,,,,,,,,,,,,,,,,,,,,,,,,,,,
11135,111.350000,0.000000,0.000000,0.000000,1.000000,0.000000,0.000000,0.000000,57.698101,20.499701,-14.700500,0.047771,-0.013570,0.015998,-15.666301,-52.738201,18.801300,-93.396698,0.129960,17.611099,-0.256833,-0.450304,-0.685430,0.511320,2240.750244,1530.816162,-3295.827393,2237.088623,1450.009888,-3304.561279,2254.789551,1572.856934,-3324.985352,2222.941162,1483.677124,-3254.117188,2248.181885,1616.721069,-3299.645508,2237.154785,1450.091309,-3304.628174,2254.743164,1572.848145,-3325.007324,2222.880859,1483.667236,-3254.021729,2248.224609,1616.661499,-3299.650635,2616.285400,1567.721436,-3159.774658,,,,,,,,,,,,,,,,,,,,,,,,,,,,,,,,,
11136,111.360000,0.000000,0.000000,0.000000,1.000000,0.000000,0.000000,0.000000,57.698101,20.499701,-14.700500,0.047771,-0.013570,0.015998,-15.666301,-52.738201,18.801300,-93.396698,0.129960,17.611099,-0.258559,-0.448726,-0.685549,0.511678,2242.287598,1530.097656,-3295.152100,2238.427490,1449.304810,-3303.925781,2256.287354,1572.130371,-3324.340576,2224.561279,1482.965454,-3253.399170,2249.874512,1615.989990,-3298.942871,2238.520020,1449.278931,-3303.980225,2256.185547,1572.170776,-3324.382324,2224.451904,1482.877441,-3253.274902,2249.987793,1616.060181,-3298.964355,2616.304688,1567.742798,-3159.779297,,,,,,,,,,,,,,,,,,,,,,,,,,,,,,,,,
11137,111.370000,0.000000,0.000000,0.000000,1.000000,0.000000,0.000000,0.000000,57.698101,20.499701,-14.700500,0.047771,-0.013570,0.015998,-15.666301,-52.738201,18.801300,-93.396698,0.129960,17.611099,-0.257822,-0.449630,-0.686423,0.510082,2243.862061,1529.274902,-3294.359863,2239.877686,1448.485229,-3303.105957,2258.055176,1571.264893,-3323.516602,2225.884521,1482.199585,-3252.650391,2251.631348,1615.150391,-3298.166504,2240.072266,1448.393188,-3303.237793,2257.832764,1571.301147,-3323.551025,2225.706055,1482.205200,-3252.470947,2251.835449,1615.198242,-3298.177734,2616.267822,1567.737793,-3159.781006,,,,,,,,,,,,,,,,,,,,,,,,,,,,,,,,,
11138,111.380000,0.000000,0.000000,0.000000,1.000000,0.000000,0.000000,0.000000,57.698101,20.499701,-14.700500,0.047771,-0.013570,0.015998,-15.666301,-52.738201,18.801300,-93.396698,0.129960,17.611099,-0.258274,-0.449069,-0.687177,0.509332,2245.332764,1528.584961,-3293.674072,2241.145508,1447.810791,-3302.468018,2259.626709,1570.556763,-3322.807617,2227.242920,1481.529419,-3251.990234,2253.315430,1614.443115,-3297.429932,2241.330078,1447.826660,-3302.604736,2259.435303,1570.575806,-3322.845459,2227.059570,1481.480591,-3251.775879,2253.496094,1614.453735,-3297.458008,2616.289795,1567.760498,-3159.790283,,,,,,,,,,,,,,,,,,,,,,,,,,,,,,,,,
11139,111.390000,0.000000,0.000000,0.000000,1.000000,0.000000,0.000000,0.000000,57.698101,20.499701,-14.700500,0.047771,-0.013570,0.015998,-15.666301,-52.738201,18.801300,-93.396698,0.129960,17.611099,-0.259115,-0.447983,-0.687466,0.509472,2246.711670,1527.975952,-3292.947754,2242.390137,1447.216309,-3301.810547,2261.000244,1569.955688,-3322.072510,2228.648682,1480.905762,-3251.269043,2254.807861,1613.826294,-3296.638672,2242.468018,1447.260986,-3301.894043,2260.954834,1570.005859,-3322.129883,2228.541016,1480.804321,-3251.086182,2254.872314,1613.822754,-3296.662354,2616.257080,1567.763550,-3159.791992,,,,,,,,,,,,,,,,,,,,,,,,,,,,,,,,,
11140,111.400000,0.000000,0.000000,0.000000,1.000000,0.000000,0.000000,0.000000,57.698101,20.499701,-14.700500,0.047771,-0.013570,0.015998,-15.666301,-52.738201,18.801300,-93.396698,0.129960,17.611099,-0.260256,-0.446124,-0.687801,0.510068,2248.122559,1527.318481,-3292.225830,2243.645264,1446.583374,-3301.233643,2262.362793,1569.334961,-3321.321045,2230.147705,1480.192017,-3250.572754,2256.334229,1613.163696,-3295.775879,2243.702881,1446.565430,-3301.267334,2262.328857,1569.486450,-3321.426270,2230.037354,1480.047363,-3250.408691,2256.401855,1613.170532,-3295.789062,2616.292725,1567.758423,-3159.785156,,,,,,,,,,,,,,,,,,,,,,,,,,,,,,,,,
11141,111.410000,0.000000,0.000000,0.000000,1.000000,0.000000,0.000000,0.000000,57.698101,20.499701,-14.700500,0.047771,-0.013570,0.015998,-15.666301,-52.738201,18.801300,-93.396698,0.129960,17.611099,-0.260480,-0.445902,-0.688069,0.509787,2249.518311,1526.612549,-3291.540283,2244.960938,1445.883423,-3300.561035,2263.795654,1568.620117,-3320.630615,2231.503418,1479.496582,-3249.892822,2257.813477,1612.450317,-3295.077148,2245.010742,1445.739014,-3300.600342,2263.744385,1568.730103,-3320.672607,2231.457764,1479.574707,-3249.843506,2257.860352,1612.403687,-3295.048340,2616.294922,1567.741455,-3159.780273,,,,,,,,,,,,,,,,,,,,,,,,,,,,,,,,,
11142,111.420000,0.000000,0.000000,0.000000,1.000000,0.000000,0.000000,0.000000,57.698101,20.499701,-14.700500,0.047771,-0.013570,0.015998,-15.666301,-52.738201,18.801300,-93.396698,0.129960,17.611099,-0.260918,-0.445193,-0.688772,0.509233,2250.817871,1526.005737,-3290.862305,2246.075439,1445.294800,-3299.950928,2265.175537,1568.006470,-3319.922607,2232.716797,1478.894165,-3249.247070,2259.303223,1611.827881,-3294.328613,2246.064941,1445.168213,-3300.045166,2265.245605,1568.053101,-3319.987793,2232.724121,1479.064819,-3249.156006,2259.234375,1611.741333,-3294.255859,2616.286865,1567.779297,-3159.777344,,,,,,,,,,,,,,,,,,,,,,,,,,,,,,,,,
11143,111.430000,0.000000,0.000000,0.000000,1.000000,0.000000,0.000000,0.000000,57.698101,20.499701,-14.700500,0.047771,-0.013570,0.015998,-15.666301,-52.738201,18.801300,-93.396698,0.129960,17.611099,-0.261852,-0.443954,-0.688918,0.509638,2252.024658,1525.583130,-3290.183838,2247.170166,1444.887451,-3299.347168,2266.344727,1567.600342,-3319.238770,2233.991455,1478.445190,-3248.569092,2260.592285,1611.399902,-3293.580078,2247.146484,1444.782227,-3299.392578,2266.409668,1567.649292,-3319.288818,2234.003418,1478.527588,-3248.519775,2260.540039,1611.372070,-3293.535889,2616.245605,1567.751709,-3159.802734,,,,,,,,,,,,,,,,,,,,,,,,,,,,,,,,,
11144,111.440000,0.000000,0.000000,0.000000,1.000000,0.000000,0.000000,0.000000,57.698101,20.499701,-14.700500,0.047771,-0.013570,0.015998,-15.666301,-52.738201,18.801300,-93.396698,0.129960,17.611099,-0.262583,-0.442969,-0.688731,0.510371,2253.220459,1525.194946,-3289.552734,2248.343750,1444.506592,-3298.769775,2267.459229,1567.236938,-3318.612061,2235.303711,1478.021851,-3247.927490,2261.775635,1611.014893,-3292.901367,2248.376221,1444.486938,-3298.793945,2267.449463,1567.341919,-3318.687988,2235.234619,1477.921509,-3247.814209,2261.813965,1611.027832,-3292.908936,2616.273193,1567.754028,-3159.795410,,,,,,,,,,,,,,,,,,,,,,,,,,,,,,,,,
11145,111.450000,0.000000,0.000000,0.000000,1.000000,0.000000,0.000000,0.000000,57.698101,20.499701,-14.700500,0.047771,-0.013570,0.015998,-15.666301,-52.738201,18.801300,-93.396698,0.129960,17.611099,-0.262920,-0.442197,-0.688974,0.510538,2254.469482,1524.781982,-3288.936768,2249.522461,1444.106567,-3298.229980,2268.701416,1566.843262,-3317.971436,2236.571289,1477.579224,-3247.337158,2263.082275,1610.598877,-3292.208984,2249.611084,1444.131226,-3298.244141,2268.579346,1566.913086,-3317.981934,2236.475586,1477.483154,-3247.267334,2263.205811,1610.598633,-3292.251709,2616.326416,1567.765259,-3159.767334,,,,,,,,,,,,,,,,,,,,,,,,,,,,,,,,,
11146,111.460000,0.000000,0.000000,0.000000,1.000000,0.000000,0.000000,0.000000,57.698101,20.499701,-14.700500,0.047771,-0.013570,0.015998,-15.666301,-52.738201,18.801300,-93.396698,0.129960,17.611099,-0.263092,-0.442336,-0.689123,0.510129,2255.652832,1524.373779,-3288.361084,2250.645020,1443.698120,-3297.619629,2269.928467,1566.410645,-3317.409424,2237.703125,1477.203979,-3246.746338,2264.335205,1610.182373,-3291.668701,2250.822510,1443.657471,-3297.688232,2269.689209,1566.460327,-3317.439697,2237.544434,1477.175903,-3246.633789,2264.550293,1610.203369,-3291.683350,2616.334961,1567.712158,-3159.762207,,,,,,,,,,,,,,,,,,,,,,,,,,,,,,,,,
11147,111.470000,0.000000,0.000000,0.000000,1.000000,0.000000,0.000000,0.000000,57.698101,20.499701,-14.700500,0.047771,-0.013570,0.015998,-15.666301,-52.738201,18.801300,-93.396698,0.129960,17.611099,-0.262189,-0.443567,-0.689276,0.509317,2256.751221,1524.003540,-3287.783447,2251.787598,1443.317261,-3296.972168,2271.115234,1566.011963,-3316.829346,2238.672363,1476.875122,-3246.177734,2265.429932,1609.810059,-3291.153809,2251.991211,1443.225098,-3297.121826,2270.889648,1566.035400,-3316.876953,2238.484131,1476.887695,-3245.976074,2265.636475,1609.863037,-3291.155029,2616.332275,1567.723999,-3159.754395,,,,,,,,,,,,,,,,,,,,,,,,,,,,,,,,,
11148,111.480000,0.000000,0.000000,0.000000,1.000000,0.000000,0.000000,0.000000,57.698101,20.499701,-14.700500,0.047771,-0.013570,0.015998,-15.666301,-52.738201,18.801300,-93.396698,0.129960,17.611099,-0.262407,-0.444027,-0.688757,0.509505,2257.832520,1523.766357,-3287.252441,2252.933838,1443.064941,-3296.341553,2272.153564,1565.751343,-3316.353516,2239.803955,1476.673584,-3245.584473,2266.438477,1609.575928,-3290.729736,2253.139648,1443.025146,-3296.505127,2271.957275,1565.807739,-3316.446777,2239.609619,1476.720825,-3245.346436,2266.613037,1609.515503,-3290.702393,2616.311523,1567.735718,-3159.769775,,,,,,,,,,,,,,,,,,,,,,,,,,,,,,,,,
11149,111.490000,0.000000,0.000000,0.000000,1.000000,0.000000,0.000000,0.000000,57.698101,20.499701,-14.700500,0.047771,-0.013570,0.015998,-15.666301,-52.738201,18.801300,-93.396698,0.129960,17.611099,-0.262358,-0.444321,-0.688722,0.509323,2258.858887,1523.597412,-3286.757324,2253.963379,1442.891602,-3295.810303,2273.195557,1565.568115,-3315.871338,2240.808594,1476.524902,-3245.075928,2267.468262,1609.405151,-3290.271484,2254.055908,1442.871460,-3295.923340,2273.143311,1565.624634,-3315.954590,2240.685059,1476.466309,-3244.859375,2267.538330,1609.419800,-3290.271240,2616.278809,1567.761841,-3159.777832,,,,,,,,,,,,,,,,,,,,,,,,,,,,,,,,,
11150,111.500000,0.000000,0.000000,0.000000,1.000000,0.000000,0.000000,0.000000,57.698101,20.499701,-14.700500,0.047771,-0.013570,0.015998,-15.666301,-52.738201,18.801300,-93.396698,0.129960,17.611099,-0.263650,-0.443609,-0.687894,0.510394,2259.863525,1523.421265,-3286.319580,2254.997559,1442.707031,-3295.312500,2274.053223,1565.388428,-3315.510498,2242.013184,1476.355835,-3244.544189,2268.390381,1609.234131,-3289.910889,2255.006348,1442.745605,-3295.388916,2274.114502,1565.443604,-3315.588867,2241.968018,1476.287476,-3244.376709,2268.364746,1609.205688,-3289.911865,2616.283447,1567.761841,-3159.790283,,,,,,,,,,,,,,,,,,,,,,,,,,,,,,,,,
11151,111.510000,0.000000,0.000000,0.000000,1.000000,0.000000,0.000000,0.000000,57.698101,20.499701,-14.700500,0.047771,-0.013570,0.015998,-15.666301,-52.738201,18.801300,-93.396698,0.129960,17.611099,-0.264872,-0.443132,-0.686970,0.511420,2260.835449,1523.272583,-3285.855957,2256.019531,1442.545654,-3294.761475,2274.878174,1565.228760,-3315.133789,2243.181885,1476.225464,-3243.976562,2269.261963,1609.090942,-3289.552246,2256.004395,1442.558716,-3294.759033,2274.937256,1565.305908,-3315.212158,2243.169189,1476.163940,-3243.918701,2269.234619,1609.065063,-3289.537354,2616.248291,1567.752197,-3159.795410,,,,,,,,,,,,,,,,,,,,,,,,,,,,,,,,,
11152,111.520000,0.000000,0.000000,0.000000,1.000000,0.000000,0.000000,0.000000,57.698101,20.499701,-14.700500,0.047771,-0.013570,0.015998,-15.666301,-52.738201,18.801300,-93.396698,0.129960,17.611099,-0.265600,-0.443006,-0.686397,0.511919,2261.768799,1523.102661,-3285.405518,2256.981689,1442.365723,-3294.235840,2275.733154,1565.042725,-3314.743408,2244.220215,1476.079712,-3243.454590,2270.140381,1608.922607,-3289.187256,2256.939941,1442.276001,-3294.238770,2275.798828,1565.121094,-3314.762207,2244.243652,1476.110107,-3243.444336,2270.094238,1608.902832,-3289.176514,2616.281982,1567.725342,-3159.785645,,,,,,,,,,,,,,,,,,,,,,,,,,,,,,,,,
11153,111.530000,0.000000,0.000000,0.000000,1.000000,0.000000,0.000000,0.000000,57.698101,20.499701,-14.700500,0.047771,-0.013570,0.015998,-15.666301,-52.738201,18.801300,-93.396698,0.129960,17.611099,-0.265681,-0.444273,-0.685826,0.511545,2262.746582,1522.931396,-3284.992432,2258.024170,1442.169189,-3293.624756,2276.718262,1564.806641,-3314.419678,2245.178467,1476.002808,-3242.944336,2271.065186,1608.746948,-3288.981201,2258.046387,1442.038940,-3293.644043,2276.692627,1564.920410,-3314.438965,2245.148926,1476.023926,-3242.906494,2271.098877,1608.740112,-3288.982666,2616.284912,1567.725098,-3159.762939,,,,,,,,,,,,,,,,,,,,,,,,,,,,,,,,,
11154,111.540000,0.000000,0.000000,0.000000,1.000000,0.000000,0.000000,0.000000,57.698101,20.499701,-14.700500,0.047771,-0.013570,0.015998,-15.666301,-52.738201,18.801300,-93.396698,0.129960,17.611099,-0.265639,-0.445315,-0.685694,0.510836,2263.719971,1522.803833,-3284.594238,2258.992188,1442.026733,-3293.082764,2277.751709,1564.620239,-3314.076660,2246.069580,1475.958740,-3242.487549,2272.066650,1608.609741,-3288.730225,2259.084473,1441.861816,-3293.171875,2277.646973,1564.700195,-3314.082275,2245.988770,1476.021362,-3242.391113,2272.162354,1608.621582,-3288.736084,2616.281006,1567.750000,-3159.776367,,,,,,,,,,,,,,,,,,,,,,,,,,,,,,,,,
11155,111.550000,0.000000,0.000000,0.000000,1.000000,0.000000,0.000000,0.000000,57.698101,20.499701,-14.700500,0.047771,-0.013570,0.015998,-15.666301,-52.738201,18.801300,-93.396698,0.129960,17.611099,-0.265583,-0.446488,-0.685294,0.510379,2264.685791,1522.697998,-3284.186768,2260.007080,1441.900757,-3292.508301,2278.742188,1564.457397,-3313.738281,2246.994629,1475.935547,-3242.005371,2272.999512,1608.498779,-3288.495117,2260.187256,1441.859375,-3292.638428,2278.542236,1564.429688,-3313.786621,2246.846924,1476.001099,-3241.855713,2273.163818,1608.502686,-3288.467285,2616.280029,1567.751221,-3159.789551,,,,,,,,,,,,,,,,,,,,,,,,,,,,,,,,,
11156,111.560000,0.000000,0.000000,0.000000,1.000000,0.000000,0.000000,0.000000,57.698101,20.499701,-14.700500,0.047771,-0.013570,0.015998,-15.666301,-52.738201,18.801300,-93.396698,0.129960,17.611099,-0.264969,-0.447781,-0.684794,0.510236,2265.546143,1522.619263,-3283.829834,2261.009277,1441.801025,-3292.026123,2279.597168,1564.350952,-3313.422607,2247.842041,1475.899658,-3241.606201,2273.735840,1608.425537,-3288.264404,2261.233887,1441.849365,-3292.177979,2279.372070,1564.323486,-3313.518311,2247.644531,1475.920166,-3241.391357,2273.926270,1608.387695,-3288.229492,2616.276855,1567.768433,-3159.789795,,,,,,,,,,,,,,,,,,,,,,,,,,,,,,,,,
11157,111.570000,0.000000,0.000000,0.000000,1.000000,0.000000,0.000000,0.000000,57.698101,20.499701,-14.700500,0.047771,-0.013570,0.015998,-15.666301,-52.738201,18.801300,-93.396698,0.129960,17.611099,-0.264865,-0.448533,-0.684153,0.510489,2266.356201,1522.596802,-3283.440674,2261.942871,1441.760864,-3291.528076,2280.355469,1564.309082,-3313.085205,2248.707275,1475.908569,-3241.159424,2274.419189,1608.409058,-3287.989258,2262.194824,1441.848511,-3291.702148,2280.097900,1564.281860,-3313.151367,2248.496338,1475.934204,-3240.931885,2274.633301,1608.329956,-3287.977539,2616.280518,1567.764771,-3159.784912,,,,,,,,,,,,,,,,,,,,,,,,,,,,,,,,,
11158,111.580000,0.000000,0.000000,0.000000,1.000000,0.000000,0.000000,0.000000,57.698101,20.499701,-14.700500,0.047771,-0.013570,0.015998,-15.666301,-52.738201,18.801300,-93.396698,0.129960,17.611099,-0.265285,-0.448650,-0.683657,0.510832,2267.196777,1522.593872,-3283.040527,2262.828369,1441.748169,-3291.054443,2281.137939,1564.290161,-3312.735107,2249.622070,1475.929932,-3240.701416,2275.198242,1608.407471,-3287.670898,2262.987305,1441.822876,-3291.189941,2281.006348,1564.305054,-3312.812500,2249.468506,1475.919434,-3240.489502,2275.319824,1608.331787,-3287.660400,2616.331787,1567.765259,-3159.765869,,,,,,,,,,,,,,,,,,,,,,,,,,,,,,,,,
11159,111.590000,0.000000,0.000000,0.000000,1.000000,0.000000,0.000000,0.000000,57.698101,20.499701,-14.700500,0.047771,-0.013570,0.015998,-15.666301,-52.738201,18.801300,-93.396698,0.129960,17.611099,-0.265585,-0.448623,-0.683155,0.511371,2268.049316,1522.622925,-3282.717529,2263.749512,1441.769653,-3290.691406,2281.914795,1564.319702,-3312.446777,2250.570068,1475.960449,-3240.337402,2275.962402,1608.442139,-3287.394287,2263.812012,1441.806396,-3290.778076,2281.898193,1564.342163,-3312.531982,2250.498291,1475.967163,-3240.190430,2275.985596,1608.378662,-3287.362793,2616.289795,1567.738281,-3159.772949,,,,,,,,,,,,,,,,,,,,,,,,,,,,,,,,,
11160,111.600000,0.000000,0.000000,0.000000,1.000000,0.000000,0.000000,0.000000,57.698101,20.499701,-14.700500,0.047771,-0.013570,0.015998,-15.666301,-52.738201,18.801300,-93.396698,0.129960,17.611099,-0.266151,-0.448367,-0.682308,0.512432,2268.921875,1522.631348,-3282.356445,2264.738037,1441.767456,-3290.285645,2282.645264,1564.338623,-3312.137207,2251.624023,1475.957764,-3239.914062,2276.680176,1608.461792,-3287.088867,2264.703125,1441.788818,-3290.300781,2282.739258,1564.391968,-3312.200928,2251.639648,1475.960815,-3239.865967,2276.608398,1608.382446,-3287.060547,2616.294434,1567.747559,-3159.773193,,,,,,,,,,,,,,,,,,,,,,,,,,,,,,,,,
11161,111.610000,0.000000,0.000000,0.000000,1.000000,0.000000,0.000000,0.000000,57.698101,20.499701,-14.700500,0.047771,-0.013570,0.015998,-15.666301,-52.738201,18.801300,-93.396698,0.129960,17.611099,-0.266274,-0.448159,-0.681906,0.513085,2269.759277,1522.605225,-3281.973389,2265.653320,1441.738037,-3289.909180,2283.402100,1564.331543,-3311.764160,2252.562012,1475.906982,-3239.517334,2277.419189,1608.444580,-3286.702637,2265.625000,1441.731201,-3289.907227,2283.464111,1564.382202,-3311.805908,2252.571045,1475.882935,-3239.489014,2277.379395,1608.426880,-3286.693115,2616.263428,1567.777954,-3159.796143,,,,,,,,,,,,,,,,,,,,,,,,,,,,,,,,,
11162,111.620000,0.000000,0.000000,0.000000,1.000000,0.000000,0.000000,0.000000,57.698101,20.499701,-14.700500,0.047771,-0.013570,0.015998,-15.666301,-52.738201,18.801300,-93.396698,0.129960,17.611099,-0.266271,-0.448138,-0.681670,0.513417,2270.544922,1522.557983,-3281.604492,2266.491455,1441.687988,-3289.538330,2284.146240,1564.293457,-3311.401367,2253.398682,1475.848022,-3239.140869,2278.143555,1608.402588,-3286.337402,2266.474121,1441.566528,-3289.549072,2284.194824,1564.394653,-3311.472412,2253.386475,1475.832520,-3239.084961,2278.126709,1608.437744,-3286.316650,2616.232910,1567.739502,-3159.799072,,,,,,,,,,,,,,,,,,,,,,,,,,,,,,,,,
11163,111.630000,0.000000,0.000000,0.000000,1.000000,0.000000,0.000000,0.000000,57.698101,20.499701,-14.700500,0.047771,-0.013570,0.015998,-15.666301,-52.738201,18.801300,-93.396698,0.129960,17.611099,-0.265819,-0.448512,-0.681597,0.513422,2271.432373,1522.512085,-3281.214600,2267.441650,1441.638428,-3289.143555,2285.033447,1564.253784,-3311.003174,2254.277588,1475.795044,-3238.762451,2278.976562,1608.361328,-3285.949707,2267.454346,1441.448975,-3289.176758,2285.034424,1564.388428,-3311.050293,2254.234619,1475.758545,-3238.675049,2279.006836,1608.442139,-3285.960449,2616.254150,1567.741821,-3159.789795,,,,,,,,,,,,,,,,,,,,,,,,,,,,,,,,,
11164,111.640000,0.000000,0.000000,0.000000,1.000000,0.000000,0.000000,0.000000,57.698101,20.499701,-14.700500,0.047771,-0.013570,0.015998,-15.666301,-52.738201,18.801300,-93.396698,0.129960,17.611099,-0.265623,-0.448517,-0.681863,0.513167,2272.391846,1522.431396,-3280.835938,2268.370361,1441.561768,-3288.791504,2286.030518,1564.175903,-3310.603027,2255.188965,1475.709351,-3238.408447,2279.977295,1608.278809,-3285.540283,2268.450684,1441.391113,-3288.861572,2285.952881,1564.243286,-3310.658447,2255.102051,1475.710449,-3238.296387,2280.065918,1608.369507,-3285.528320,2616.282959,1567.729248,-3159.774902,,,,,,,,,,,,,,,,,,,,,,,,,,,,,,,,,
11165,111.650000,0.000000,0.000000,0.000000,1.000000,0.000000,0.000000,0.000000,57.698101,20.499701,-14.700500,0.047771,-0.013570,0.015998,-15.666301,-52.738201,18.801300,-93.396698,0.129960,17.611099,-0.265096,-0.449091,-0.682270,0.512396,2273.321289,1522.345093,-3280.520020,2269.261719,1441.475952,-3288.461182,2287.054688,1564.071655,-3310.268799,2255.992188,1475.647095,-3238.117432,2280.976562,1608.185913,-3285.232422,2269.454590,1441.422241,-3288.580811,2286.844971,1564.080811,-3310.358887,2255.804932,1475.625488,-3237.922363,2281.172363,1608.250000,-3285.210938,2616.323730,1567.763184,-3159.764404,,,,,,,,,,,,,,,,,,,,,,,,,,,,,,,,,
11166,111.660000,0.000000,0.000000,0.000000,1.000000,0.000000,0.000000,0.000000,57.698101,20.499701,-14.700500,0.047771,-0.013570,0.015998,-15.666301,-52.738201,18.801300,-93.396698,0.129960,17.611099,-0.265006,-0.449094,-0.682669,0.511907,2274.298828,1522.232910,-3280.160889,2270.165283,1441.369385,-3288.120605,2288.096924,1563.951416,-3309.891113,2256.890381,1475.544189,-3237.780518,2282.042969,1608.066895,-3284.851074,2270.370850,1441.347778,-3288.282471,2287.886230,1563.929688,-3309.955322,2256.706299,1475.577271,-3237.567139,2282.225342,1608.077515,-3284.833252,2616.304688,1567.746094,-3159.767334,,,,,,,,,,,,,,,,,,,,,,,,,,,,,,,,,
11167,111.670000,0.000000,0.000000,0.000000,1.000000,0.000000,0.000000,0.000000,57.698101,20.499701,-14.700500,0.047771,-0.013570,0.015998,-15.666301,-52.738201,18.801300,-93.396698,0.129960,17.611099,-0.265228,-0.448355,-0.683094,0.511874,2275.210205,1522.138306,-3279.827393,2270.983398,1441.288574,-3287.876221,2289.028809,1563.875977,-3309.520996,2257.785889,1475.419800,-3237.486572,2283.042480,1607.969238,-3284.425537,2271.164795,1441.268799,-3288.014648,2288.847656,1563.880859,-3309.599609,2257.625732,1475.478638,-3237.302734,2283.196289,1607.927979,-3284.388916,2616.267334,1567.763184,-3159.781250,,,,,,,,,,,,,,,,,,,,,,,,,,,,,,,,,
11168,111.680000,0.000000,0.000000,0.000000,1.000000,0.000000,0.000000,0.000000,57.698101,20.499701,-14.700500,0.047771,-0.013570,0.015998,-15.666301,-52.738201,18.801300,-93.396698,0.129960,17.611099,-0.265304,-0.447608,-0.683541,0.511891,2276.156006,1522.088257,-3279.568359,2271.851318,1441.253296,-3287.724121,2289.993164,1563.853760,-3309.214600,2258.716797,1475.328125,-3237.279541,2284.062500,1607.918335,-3284.055420,2271.963867,1441.258179,-3287.836426,2289.909668,1563.895996,-3309.294434,2258.611816,1475.398682,-3237.120850,2284.136475,1607.802979,-3284.013916,2616.265625,1567.765747,-3159.804443,,,,,,,,,,,,,,,,,,,,,,,,,,,,,,,,,
11169,111.690000,0.000000,0.000000,0.000000,1.000000,0.000000,0.000000,0.000000,57.698101,20.499701,-14.700500,0.047771,-0.013570,0.015998,-15.666301,-52.738201,18.801300,-93.396698,0.129960,17.611099,-0.265751,-0.446372,-0.683800,0.512392,2277.180664,1522.047852,-3279.284424,2272.806396,1441.229858,-3287.570312,2290.979736,1563.855591,-3308.888672,2259.804199,1475.225708,-3237.038330,2285.132080,1607.880615,-3283.640381,2272.799805,1441.219116,-3287.634277,2291.046875,1563.934326,-3308.947510,2259.800049,1475.297241,-3236.945312,2285.074463,1607.737061,-3283.606689,2616.264893,1567.744141,-3159.786133,,,,,,,,,,,,,,,,,,,,,,,,,,,,,,,,,
11170,111.700000,0.000000,0.000000,0.000000,1.000000,0.000000,0.000000,0.000000,57.698101,20.499701,-14.700500,0.047771,-0.013570,0.015998,-15.666301,-52.738201,18.801300,-93.396698,0.129960,17.611099,-0.266601,-0.445087,-0.683713,0.513184,2278.147949,1521.953857,-3279.034180,2273.725098,1441.147217,-3287.405273,2291.862549,1563.794434,-3308.631104,2260.895508,1475.084351,-3236.790039,2286.108398,1607.789673,-3283.310059,2273.688721,1441.082275,-3287.413818,2291.934814,1563.887451,-3308.667480,2260.915283,1475.123901,-3236.767578,2286.054443,1607.723877,-3283.289551,2616.264404,1567.764648,-3159.781738,,,,,,,,,,,,,,,,,,,,,,,,,,,,,,,,,
11171,111.710000,0.000000,0.000000,0.000000,1.000000,0.000000,0.000000,0.000000,57.698101,20.499701,-14.700500,0.047771,-0.013570,0.015998,-15.666301,-52.738201,18.801300,-93.396698,0.129960,17.611099,-0.266660,-0.444527,-0.684171,0.513029,2279.088379,1521.826782,-3278.816406,2274.579590,1441.033325,-3287.269287,2292.838135,1563.683472,-3308.374512,2261.798828,1474.931763,-3236.615723,2287.136475,1607.658569,-3283.006348,2274.565186,1441.011475,-3287.273682,2292.878906,1563.787231,-3308.405762,2261.784668,1474.862915,-3236.557129,2287.125977,1607.649536,-3283.027832,2616.293701,1567.784424,-3159.785400,,,,,,,,,,,,,,,,,,,,,,,,,,,,,,,,,
11172,111.720000,0.000000,0.000000,0.000000,1.000000,0.000000,0.000000,0.000000,57.698101,20.499701,-14.700500,0.047771,-0.013570,0.015998,-15.666301,-52.738201,18.801300,-93.396698,0.129960,17.611099,-0.266557,-0.444091,-0.684787,0.512638,2280.157471,1521.722534,-3278.617920,2275.546387,1440.944092,-3287.156494,2293.972900,1563.592041,-3308.126953,2262.791504,1474.806152,-3236.472412,2288.319580,1607.548218,-3282.715332,2275.556396,1440.871704,-3287.171631,2293.970459,1563.692383,-3308.150391,2262.741943,1474.676636,-3236.381348,2288.359619,1607.645996,-3282.763916,2616.294678,1567.770996,-3159.784180,,,,,,,,,,,,,,,,,,,,,,,,,,,,,,,,,
11173,111.730000,0.000000,0.000000,0.000000,1.000000,0.000000,0.000000,0.000000,57.698101,20.499701,-14.700500,0.047771,-0.013570,0.015998,-15.666301,-52.738201,18.801300,-93.396698,0.129960,17.611099,-0.266051,-0.444471,-0.685090,0.512166,2281.242920,1521.574707,-3278.459961,2276.621338,1440.797852,-3287.007812,2295.120117,1563.440552,-3307.945557,2263.792236,1474.662964,-3236.344238,2289.437744,1607.397949,-3282.542480,2276.757568,1440.754517,-3287.056885,2294.937256,1563.509277,-3307.972900,2263.646240,1474.557251,-3236.221191,2289.625000,1607.478760,-3282.585205,2616.312988,1567.743042,-3159.771240,,,,,,,,,,,,,,,,,,,,,,,,,,,,,,,,,
11174,111.740000,0.000000,0.000000,0.000000,1.000000,0.000000,0.000000,0.000000,57.698101,20.499701,-14.700500,0.047771,-0.013570,0.015998,-15.666301,-52.738201,18.801300,-93.396698,0.129960,17.611099,-0.265253,-0.444819,-0.685640,0.511541,2282.258057,1521.329468,-3278.334473,2277.613525,1440.559326,-3286.932861,2296.225098,1563.202637,-3307.766846,2264.686035,1474.406006,-3236.282227,2290.507324,1607.150391,-3282.355225,2277.791992,1440.458008,-3287.035156,2296.009766,1563.263184,-3307.815918,2264.515381,1474.384888,-3236.120117,2290.710693,1607.210693,-3282.363525,2616.291748,1567.742920,-3159.775879,,,,,,,,,,,,,,,,,,,,,,,,,,,,,,,,,
11175,111.750000,0.000000,0.000000,0.000000,1.000000,0.000000,0.000000,0.000000,57.698101,20.499701,-14.700500,0.047771,-0.013570,0.015998,-15.666301,-52.738201,18.801300,-93.396698,0.129960,17.611099,-0.264364,-0.445224,-0.686402,0.510628,2283.326416,1521.142456,-3278.274658,2278.623779,1440.381714,-3286.930908,2297.419922,1563.017334,-3307.644287,2265.586426,1474.214111,-3236.298584,2291.675049,1606.957031,-3282.225098,2278.801025,1440.286377,-3287.089111,2297.253174,1563.081421,-3307.717285,2265.419434,1474.275391,-3236.082520,2291.825928,1606.927002,-3282.204834,2616.304443,1567.740601,-3159.776123,,,,,,,,,,,,,,,,,,,,,,,,,,,,,,,,,
11176,111.760000,0.000000,0.000000,0.000000,1.000000,0.000000,0.000000,0.000000,57.698101,20.499701,-14.700500,0.047771,-0.013570,0.015998,-15.666301,-52.738201,18.801300,-93.396698,0.129960,17.611099,-0.264844,-0.444720,-0.686842,0.510225,2284.354980,1520.979858,-3278.257812,2279.510254,1440.230469,-3286.941895,2298.502441,1562.841919,-3307.619873,2266.559814,1474.065674,-3236.289307,2292.846924,1606.781616,-3282.180420,2279.573975,1440.154053,-3287.086914,2298.496826,1562.923462,-3307.685791,2266.493408,1474.198486,-3236.105469,2292.853271,1606.649048,-3282.141113,2616.278320,1567.728394,-3159.776367,,,,,,,,,,,,,,,,,,,,,,,,,,,,,,,,,
11177,111.770000,0.000000,0.000000,0.000000,1.000000,0.000000,0.000000,0.000000,57.698101,20.499701,-14.700500,0.047771,-0.013570,0.015998,-15.666301,-52.738201,18.801300,-93.396698,0.129960,17.611099,-0.265471,-0.444047,-0.687027,0.510237,2285.364746,1520.779541,-3278.263672,2280.419678,1440.039429,-3286.977295,2299.514648,1562.639526,-3307.627197,2267.580078,1473.865479,-3236.290283,2293.944092,1606.573853,-3282.159668,2280.409912,1440.002319,-3287.046875,2299.593018,1562.715454,-3307.703125,2267.575684,1473.944580,-3236.187988,2293.880127,1606.456787,-3282.112549,2616.312744,1567.729370,-3159.773682,,,,,,,,,,,,,,,,,,,,,,,,,,,,,,,,,
11178,111.780000,0.000000,0.000000,0.000000,1.000000,0.000000,0.000000,0.000000,57.698101,20.499701,-14.700500,0.047771,-0.013570,0.015998,-15.666301,-52.738201,18.801300,-93.396698,0.129960,17.611099,-0.266569,-0.442784,-0.687398,0.510262,2286.331299,1520.565430,-3278.297607,2281.202881,1439.843628,-3287.075195,2300.488037,1562.425415,-3307.658203,2268.563232,1473.646606,-3236.322754,2295.071533,1606.346191,-3282.134277,2281.167969,1439.721558,-3287.079590,2300.524658,1562.484985,-3307.647705,2268.584961,1473.683228,-3236.326904,2295.046387,1606.364502,-3282.136475,2616.315918,1567.743530,-3159.763916,,,,,,,,,,,,,,,,,,,,,,,,,,,,,,,,,
11179,111.790000,0.000000,0.000000,0.000000,1.000000,0.000000,0.000000,0.000000,57.698101,20.499701,-14.700500,0.047771,-0.013570,0.015998,-15.666301,-52.738201,18.801300,-93.396698,0.129960,17.611099,-0.266847,-0.442550,-0.687761,0.509830,2287.263428,1520.294067,-3278.415527,2282.026611,1439.580444,-3287.203369,2301.474609,1562.138916,-3307.771240,2269.434570,1473.393677,-3236.445557,2296.117676,1606.063599,-3282.241455,2281.997314,1439.456909,-3287.182861,2301.497070,1562.247070,-3307.761719,2269.431641,1473.323730,-3236.433594,2296.127197,1606.148193,-3282.283203,2616.281982,1567.712646,-3159.776123,,,,,,,,,,,,,,,,,,,,,,,,,,,,,,,,,
11180,111.800000,0.000000,0.000000,0.000000,1.000000,0.000000,0.000000,0.000000,57.698101,20.499701,-14.700500,0.047771,-0.013570,0.015998,-15.666301,-52.738201,18.801300,-93.396698,0.129960,17.611099,-0.267225,-0.442398,-0.688219,0.509145,2288.223389,1520.004028,-3278.575195,2282.841064,1439.298828,-3287.353027,2302.515869,1561.818848,-3307.934326,2270.301758,1473.141968,-3236.602295,2297.235107,1605.756714,-3282.411133,2282.911133,1439.253296,-3287.354736,2302.396729,1561.893433,-3307.916504,2270.214844,1473.018799,-3236.550537,2297.370605,1605.854248,-3282.479980,2616.302734,1567.705078,-3159.773926,,,,,,,,,,,,,,,,,,,,,,,,,,,,,,,,,
11181,111.810000,0.000000,0.000000,0.000000,1.000000,0.000000,0.000000,0.000000,57.698101,20.499701,-14.700500,0.047771,-0.013570,0.015998,-15.666301,-52.738201,18.801300,-93.396698,0.129960,17.611099,-0.266553,-0.443094,-0.688518,0.508488,2289.162109,1519.647583,-3278.746826,2283.781006,1438.940674,-3287.508545,2303.534424,1561.448364,-3308.086914,2271.129639,1472.805054,-3236.799805,2298.203369,1605.396729,-3282.592285,2283.899414,1438.936035,-3287.546387,2303.379150,1561.511108,-3308.112549,2271.005859,1472.721436,-3236.700928,2298.357178,1605.420776,-3282.625732,2616.292725,1567.732422,-3159.768555,,,,,,,,,,,,,,,,,,,,,,,,,,,,,,,,,
11182,111.820000,0.000000,0.000000,0.000000,1.000000,0.000000,0.000000,0.000000,57.698101,20.499701,-14.700500,0.047771,-0.013570,0.015998,-15.666301,-52.738201,18.801300,-93.396698,0.129960,17.611099,-0.264999,-0.444723,-0.689263,0.506866,2290.054199,1519.300049,-3278.913818,2284.661865,1438.589600,-3287.635498,2304.622559,1561.064697,-3308.208496,2271.750488,1472.507324,-3237.028076,2299.181152,1605.039062,-3282.782227,2284.813477,1438.550415,-3287.736816,2304.478027,1561.153809,-3308.310059,2271.592041,1472.501099,-3236.841309,2299.320801,1604.996826,-3282.759277,2616.306885,1567.740356,-3159.773682,,,,,,,,,,,,,,,,,,,,,,,,,,,,,,,,,
11183,111.830000,0.000000,0.000000,0.000000,1.000000,0.000000,0.000000,0.000000,57.698101,20.499701,-14.700500,0.047771,-0.013570,0.015998,-15.666301,-52.738201,18.801300,-93.396698,0.129960,17.611099,-0.264160,-0.445788,-0.689578,0.505940,2290.917236,1518.985229,-3279.120850,2285.530029,1438.269043,-3287.793457,2305.592285,1560.721436,-3308.403076,2272.465088,1472.232422,-3237.256104,2300.081299,1604.718506,-3283.031006,2285.635742,1438.217773,-3287.904785,2305.532471,1560.844971,-3308.529053,2272.346436,1472.288208,-3237.062256,2300.146240,1604.596924,-3282.980713,2616.270020,1567.727783,-3159.777832,,,,,,,,,,,,,,,,,,,,,,,,,,,,,,,,,
11184,111.840000,0.000000,0.000000,0.000000,1.000000,0.000000,0.000000,0.000000,57.698101,20.499701,-14.700500,0.047771,-0.013570,0.015998,-15.666301,-52.738201,18.801300,-93.396698,0.129960,17.611099,-0.263748,-0.446294,-0.689998,0.505135,2291.697510,1518.726318,-3279.323486,2286.255127,1438.012085,-3287.979980,2306.469238,1560.439575,-3308.589844,2273.118652,1472.004028,-3237.480713,2300.946777,1604.449951,-3283.243652,2286.308105,1437.938354,-3288.079834,2306.464844,1560.514771,-3308.673340,2273.053223,1472.064819,-3237.330811,2300.961670,1604.391357,-3283.206543,2616.277832,1567.751709,-3159.779785,,,,,,,,,,,,,,,,,,,,,,,,,,,,,,,,,
11185,111.850000,0.000000,0.000000,0.000000,1.000000,0.000000,0.000000,0.000000,57.698101,20.499701,-14.700500,0.047771,-0.013570,0.015998,-15.666301,-52.738201,18.801300,-93.396698,0.129960,17.611099,-0.264607,-0.445353,-0.690295,0.505111,2292.407471,1518.418945,-3279.628174,2286.819336,1437.719482,-3288.329346,2307.188477,1560.128540,-3308.894775,2273.836182,1471.697632,-3237.780762,2301.785889,1604.130249,-3283.507812,2286.868408,1437.599365,-3288.394775,2307.156982,1560.215576,-3308.951660,2273.777100,1471.733276,-3237.681152,2301.825928,1604.124634,-3283.487793,2616.295898,1567.745239,-3159.782715,,,,,,,,,,,,,,,,,,,,,,,,,,,,,,,,,
11186,111.860000,0.000000,0.000000,0.000000,1.000000,0.000000,0.000000,0.000000,57.698101,20.499701,-14.700500,0.047771,-0.013570,0.015998,-15.666301,-52.738201,18.801300,-93.396698,0.129960,17.611099,-0.265019,-0.444746,-0.690703,0.504872,2293.073975,1518.097168,-3279.927002,2287.363770,1437.411499,-3288.677002,2307.892578,1559.804932,-3309.177490,2274.467285,1471.375000,-3238.096191,2302.572021,1603.797607,-3283.757324,2287.404785,1437.319580,-3288.703857,2307.859863,1559.926270,-3309.240723,2274.410645,1471.371948,-3238.022461,2302.617188,1603.775635,-3283.744141,2616.292480,1567.716553,-3159.776611,,,,,,,,,,,,,,,,,,,,,,,,,,,,,,,,,
11187,111.870000,0.000000,0.000000,0.000000,1.000000,0.000000,0.000000,0.000000,57.698101,20.499701,-14.700500,0.047771,-0.013570,0.015998,-15.666301,-52.738201,18.801300,-93.396698,0.129960,17.611099,-0.265909,-0.443683,-0.690990,0.504946,2293.730957,1517.769531,-3280.254639,2287.876953,1437.100464,-3289.061279,2308.549072,1559.479736,-3309.501953,2275.144775,1471.040039,-3238.423096,2303.353027,1603.458496,-3284.032227,2287.910156,1437.044189,-3289.067871,2308.498291,1559.532104,-3309.509033,2275.107422,1471.022095,-3238.398926,2303.407227,1603.480957,-3284.042725,2616.261475,1567.752563,-3159.784424,,,,,,,,,,,,,,,,,,,,,,,,,,,,,,,,,
11188,111.880000,0.000000,0.000000,0.000000,1.000000,0.000000,0.000000,0.000000,57.698101,20.499701,-14.700500,0.047771,-0.013570,0.015998,-15.666301,-52.738201,18.801300,-93.396698,0.129960,17.611099,-0.266286,-0.443229,-0.691497,0.504452,2294.334229,1517.361572,-3280.616943,2288.334961,1436.706665,-3289.457031,2309.218262,1559.057983,-3309.850098,2275.676758,1470.646729,-3238.800781,2304.106689,1603.034912,-3284.359863,2288.400635,1436.667725,-3289.443115,2309.090088,1559.095703,-3309.819580,2275.626465,1470.634521,-3238.818359,2304.217041,1603.051270,-3284.386230,2616.284912,1567.760376,-3159.780029,,,,,,,,,,,,,,,,,,,,,,,,,,,,,,,,,
11189,111.890000,0.000000,0.000000,0.000000,1.000000,0.000000,0.000000,0.000000,57.698101,20.499701,-14.700500,0.047771,-0.013570,0.015998,-15.666301,-52.738201,18.801300,-93.396698,0.129960,17.611099,-0.266020,-0.443587,-0.692072,0.503488,2294.887695,1516.894653,-3281.006836,2288.785156,1436.246826,-3289.840088,2309.889160,1558.562256,-3310.221191,2276.082031,1470.217407,-3239.215088,2304.794678,1602.552612,-3284.750732,2288.852295,1436.243042,-3289.817871,2309.760498,1558.632935,-3310.184326,2276.024170,1470.169312,-3239.225586,2304.911133,1602.537476,-3284.799561,2616.290039,1567.802246,-3159.785645,,,,,,,,,,,,,,,,,,,,,,,,,,,,,,,,,
11190,111.900000,0.000000,0.000000,0.000000,1.000000,0.000000,0.000000,0.000000,57.698101,20.499701,-14.700500,0.047771,-0.013570,0.015998,-15.666301,-52.738201,18.801300,-93.396698,0.129960,17.611099,-0.265401,-0.443995,-0.692547,0.502801,2295.338623,1516.464600,-3281.395264,2289.201416,1435.821777,-3290.250488,2310.429932,1558.125488,-3310.572754,2276.413086,1469.795044,-3239.649170,2305.310547,1602.116333,-3285.108398,2289.269043,1435.808716,-3290.257812,2310.307861,1558.126709,-3310.532227,2276.368896,1469.810059,-3239.658691,2305.405518,1602.112915,-3285.130859,2616.263672,1567.752563,-3159.800781,,,,,,,,,,,,,,,,,,,,,,,,,,,,,,,,,
11191,111.910000,0.000000,0.000000,0.000000,1.000000,0.000000,0.000000,0.000000,57.698101,20.499701,-14.700500,0.047771,-0.013570,0.015998,-15.666301,-52.738201,18.801300,-93.396698,0.129960,17.611099,-0.264633,-0.444560,-0.692875,0.502256,2295.740723,1516.076294,-3281.808594,2289.615479,1435.434082,-3290.677246,2310.902588,1557.735474,-3310.951904,2276.714600,1469.408936,-3240.105713,2305.729736,1601.727051,-3285.499512,2289.685059,1435.357422,-3290.695312,2310.790039,1557.732788,-3310.947998,2276.665771,1469.448486,-3240.102295,2305.821777,1601.765137,-3285.489258,2616.254639,1567.727173,-3159.784912,,,,,,,,,,,,,,,,,,,,,,,,,,,,,,,,,
11192,111.920000,0.000000,0.000000,0.000000,1.000000,0.000000,0.000000,0.000000,57.698101,20.499701,-14.700500,0.047771,-0.013570,0.015998,-15.666301,-52.738201,18.801300,-93.396698,0.129960,17.611099,-0.263724,-0.445093,-0.693336,0.501624,2296.095459,1515.713379,-3282.311035,2289.973145,1435.074829,-3291.215576,2311.343506,1557.375854,-3311.404541,2276.949463,1469.040405,-3240.668945,2306.115234,1601.362427,-3285.954590,2290.049805,1434.956299,-3291.251221,2311.243896,1557.457642,-3311.429199,2276.881836,1469.080688,-3240.621582,2306.206787,1601.356079,-3285.944336,2616.300537,1567.732056,-3159.774902,,,,,,,,,,,,,,,,,,,,,,,,,,,,,,,,,
11193,111.930000,0.000000,0.000000,0.000000,1.000000,0.000000,0.000000,0.000000,57.698101,20.499701,-14.700500,0.047771,-0.013570,0.015998,-15.666301,-52.738201,18.801300,-93.396698,0.129960,17.611099,-0.262494,-0.445730,-0.693792,0.501073,2296.398682,1515.413696,-3282.835693,2290.320801,1434.777954,-3291.796631,2311.727539,1557.093018,-3311.862793,2277.134521,1468.717163,-3241.274902,2306.411621,1601.066650,-3286.408447,2290.384033,1434.690308,-3291.866943,2311.666260,1557.131470,-3311.879883,2277.084717,1468.808228,-3241.207520,2306.460205,1601.025269,-3286.388672,2616.291992,1567.732056,-3159.776855,,,,,,,,,,,,,,,,,,,,,,,,,,,,,,,,,
11194,111.940000,0.000000,0.000000,0.000000,1.000000,0.000000,0.000000,0.000000,57.698101,20.499701,-14.700500,0.047771,-0.013570,0.015998,-15.666301,-52.738201,18.801300,-93.396698,0.129960,17.611099,-0.261074,-0.446912,-0.694064,0.500385,2296.661133,1515.174438,-3283.357178,2290.671631,1434.531860,-3292.314697,2312.076172,1556.854126,-3312.337891,2277.265137,1468.479126,-3241.856201,2306.631836,1600.832642,-3286.919678,2290.717041,1434.426147,-3292.413574,2312.054688,1556.887085,-3312.359375,2277.220703,1468.563232,-3241.751465,2306.652344,1600.818481,-3286.905029,2616.259277,1567.744507,-3159.786377,,,,,,,,,,,,,,,,,,,,,,,,,,,,,,,,,
11195,111.950000,0.000000,0.000000,0.000000,1.000000,0.000000,0.000000,0.000000,57.698101,20.499701,-14.700500,0.047771,-0.013570,0.015998,-15.666301,-52.738201,18.801300,-93.396698,0.129960,17.611099,-0.259815,-0.447634,-0.694425,0.499894,2296.888428,1514.968994,-3283.954590,2290.963867,1434.326538,-3292.956787,2312.373535,1556.665161,-3312.874023,2277.385498,1468.251465,-3242.528809,2306.830322,1600.633057,-3287.458496,2291.023926,1434.276489,-3293.049072,2312.356201,1556.705200,-3312.950195,2277.313965,1468.287476,-3242.388428,2306.856201,1600.608643,-3287.426025,2616.285889,1567.787231,-3159.794189,,,,,,,,,,,,,,,,,,,,,,,,,,,,,,,,,
11196,111.960000,0.000000,0.000000,0.000000,1.000000,0.000000,0.000000,0.000000,57.698101,20.499701,-14.700500,0.047771,-0.013570,0.015998,-15.666301,-52.738201,18.801300,-93.396698,0.129960,17.611099,-0.258675,-0.448056,-0.694672,0.499764,2297.104004,1514.749756,-3284.577148,2291.265137,1434.109009,-3293.649414,2312.620605,1556.479004,-3313.432129,2277.545898,1467.987061,-3243.228516,2306.984375,1600.424316,-3287.998291,2291.337158,1434.100586,-3293.755371,2312.614746,1556.552002,-3313.545898,2277.450928,1468.003540,-3243.037842,2307.006348,1600.347168,-3287.958984,2616.249268,1567.752441,-3159.802246,,,,,,,,,,,,,,,,,,,,,,,,,,,,,,,,,
11197,111.970000,0.000000,0.000000,0.000000,1.000000,0.000000,0.000000,0.000000,57.698101,20.499701,-14.700500,0.047771,-0.013570,0.015998,-15.666301,-52.738201,18.801300,-93.396698,0.129960,17.611099,-0.258121,-0.448353,-0.694880,0.499495,2297.252441,1514.568970,-3285.219482,2291.431885,1433.929443,-3294.315430,2312.806885,1556.304688,-3314.044678,2277.639160,1467.797119,-3243.907227,2307.131836,1600.244751,-3288.610107,2291.538330,1433.928833,-3294.433594,2312.764893,1556.382080,-3314.177002,2277.501953,1467.777832,-3243.676270,2307.190674,1600.189575,-3288.575439,2616.257080,1567.753052,-3159.789307,,,,,,,,,,,,,,,,,,,,,,,,,,,,,,,,,
11198,111.980000,0.000000,0.000000,0.000000,1.000000,0.000000,0.000000,0.000000,57.698101,20.499701,-14.700500,0.047771,-0.013570,0.015998,-15.666301,-52.738201,18.801300,-93.396698,0.129960,17.611099,-0.257726,-0.448757,-0.694882,0.499332,2297.357666,1514.455200,-3285.904785,2291.573975,1433.811401,-3294.987061,2312.929688,1556.188965,-3314.723389,2277.714600,1467.687134,-3244.602783,2307.211914,1600.133423,-3289.306152,2291.686523,1433.763916,-3295.096191,2312.859619,1556.300781,-3314.833984,2277.571289,1467.663940,-3244.387939,2307.297119,1600.093628,-3289.288330,2616.281982,1567.760132,-3159.785645,,,,,,,,,,,,,,,,,,,,,,,,,,,,,,,,,
11199,111.990000,0.000000,0.000000,0.000000,1.000000,0.000000,0.000000,0.000000,57.698101,20.499701,-14.700500,0.047771,-0.013570,0.015998,-15.666301,-52.738201,18.801300,-93.396698,0.129960,17.611099,-0.257597,-0.448623,-0.694882,0.499520,2297.459961,1514.396729,-3286.612061,2291.700439,1433.754883,-3295.726807,2313.015625,1556.147095,-3315.415283,2277.836670,1467.605591,-3245.326416,2307.287598,1600.079468,-3289.979492,2291.813965,1433.679321,-3295.844238,2312.940674,1556.254639,-3315.513428,2277.694092,1467.589233,-3245.111572,2307.377686,1600.062500,-3289.967041,2616.243652,1567.765625,-3159.795898,,,,,,,,,,,,,,,,,,,,,,,,,,,,,,,,,
11200,112.000000,0.000000,0.000000,0.000000,1.000000,0.000000,0.000000,0.000000,57.698101,20.499701,-14.700500,0.047771,-0.013570,0.015998,-15.666301,-52.738201,18.801300,-93.396698,0.129960,17.611099,-0.257570,-0.448062,-0.695146,0.499670,2297.596436,1514.424194,-3287.392334,2291.805908,1433.794678,-3296.594482,2313.150635,1556.201904,-3316.156982,2277.979492,1467.593140,-3246.149414,2307.449707,1600.107422,-3290.668701,2291.905518,1433.666626,-3296.711426,2313.084961,1556.302002,-3316.239014,2277.864746,1467.629395,-3245.969482,2307.524658,1600.095703,-3290.645752,2616.302246,1567.733643,-3159.777588,,,,,,,,,,,,,,,,,,,,,,,,,,,,,,,,,
11201,112.010000,0.000000,0.000000,0.000000,1.000000,0.000000,0.000000,0.000000,57.698101,20.499701,-14.700500,0.047771,-0.013570,0.015998,-15.666301,-52.738201,18.801300,-93.396698,0.129960,17.611099,-0.257768,-0.447566,-0.695206,0.499929,2297.783203,1514.478149,-3288.155029,2291.973145,1433.855713,-3297.406250,2313.314697,1556.273315,-3316.906494,2278.199951,1467.621704,-3246.924561,2307.644531,1600.162354,-3291.382812,2292.062256,1433.696777,-3297.511475,2313.237549,1556.334351,-3316.947754,2278.107422,1467.664795,-3246.791748,2307.726807,1600.205322,-3291.371094,2616.320557,1567.746094,-3159.764160,,,,,,,,,,,,,,,,,,,,,,,,,,,,,,,,,
11202,112.020000,0.000000,0.000000,0.000000,1.000000,0.000000,0.000000,0.000000,57.698101,20.499701,-14.700500,0.047771,-0.013570,0.015998,-15.666301,-52.738201,18.801300,-93.396698,0.129960,17.611099,-0.258435,-0.446888,-0.695200,0.500199,2297.959473,1514.565674,-3288.973877,2292.086914,1433.950195,-3298.247070,2313.461670,1556.363770,-3317.736572,2278.426270,1467.703369,-3247.726562,2307.863525,1600.245605,-3292.184814,2292.172119,1433.754639,-3298.307129,2313.345703,1556.383301,-3317.746094,2278.358643,1467.766235,-3247.680664,2307.971924,1600.344360,-3292.166016,2616.286133,1567.734131,-3159.770752,,,,,,,,,,,,,,,,,,,,,,,,,,,,,,,,,
11203,112.030000,0.000000,0.000000,0.000000,1.000000,0.000000,0.000000,0.000000,57.698101,20.499701,-14.700500,0.047771,-0.013570,0.015998,-15.666301,-52.738201,18.801300,-93.396698,0.129960,17.611099,-0.259026,-0.446291,-0.694988,0.500722,2298.111572,1514.682373,-3289.832764,2292.228760,1434.069336,-3299.120117,2313.552246,1556.491333,-3318.613281,2278.665283,1467.804932,-3248.561523,2308.000488,1600.364380,-3293.036133,2292.322021,1433.908691,-3299.176514,2313.410156,1556.473999,-3318.600342,2278.601562,1467.882202,-3248.536133,2308.119141,1600.457031,-3293.021240,2616.300781,1567.778442,-3159.783203,,,,,,,,,,,,,,,,,,,,,,,,,,,,,,,,,
11204,112.040000,0.000000,0.000000,0.000000,1.000000,0.000000,0.000000,0.000000,57.698101,20.499701,-14.700500,0.047771,-0.013570,0.015998,-15.666301,-52.738201,18.801300,-93.396698,0.129960,17.611099,-0.259552,-0.445686,-0.695143,0.500772,2298.349854,1514.907471,-3290.711670,2292.384766,1434.303833,-3300.029785,2313.789062,1556.716797,-3319.492188,2278.916504,1468.027100,-3249.437500,2308.308838,1600.582397,-3293.886963,2292.445312,1434.104004,-3300.086670,2313.672852,1556.678589,-3319.434082,2278.887207,1468.131592,-3249.441650,2308.399658,1600.702881,-3293.887451,2616.273926,1567.723633,-3159.792480,,,,,,,,,,,,,,,,,,,,,,,,,,,,,,,,,
11205,112.050000,0.000000,0.000000,0.000000,1.000000,0.000000,0.000000,0.000000,57.698101,20.499701,-14.700500,0.047771,-0.013570,0.015998,-15.666301,-52.738201,18.801300,-93.396698,0.129960,17.611099,-0.258325,-0.447030,-0.695130,0.500226,2298.601562,1515.161255,-3291.584717,2292.753662,1434.542847,-3300.848389,2314.098877,1556.959839,-3320.349609,2279.071533,1468.299194,-3250.335449,2308.482422,1600.843506,-3294.804932,2292.825684,1434.422241,-3300.902344,2313.994629,1556.943359,-3320.337158,2279.025879,1468.387817,-3250.312988,2308.562256,1600.886475,-3294.788818,2616.277100,1567.760010,-3159.778564,,,,,,,,,,,,,,,,,,,,,,,,,,,,,,,,,
11206,112.060000,0.000000,0.000000,0.000000,1.000000,0.000000,0.000000,0.000000,57.698101,20.499701,-14.700500,0.047771,-0.013570,0.015998,-15.666301,-52.738201,18.801300,-93.396698,0.129960,17.611099,-0.256907,-0.448665,-0.694977,0.499705,2298.886230,1515.480713,-3292.496094,2293.199463,1434.841919,-3301.681641,2314.433838,1557.267090,-3321.251953,2279.263672,1468.640381,-3251.266357,2308.647949,1601.173950,-3295.785156,2293.295410,1434.849121,-3301.767822,2314.369141,1557.284912,-3321.331299,2279.169189,1468.667725,-3251.132568,2308.708496,1601.123657,-3295.749512,2616.291504,1567.739014,-3159.778076,,,,,,,,,,,,,,,,,,,,,,,,,,,,,,,,,
11207,112.070000,0.000000,0.000000,0.000000,1.000000,0.000000,0.000000,0.000000,57.698101,20.499701,-14.700500,0.047771,-0.013570,0.015998,-15.666301,-52.738201,18.801300,-93.396698,0.129960,17.611099,-0.255501,-0.450709,-0.694865,0.498741,2299.121582,1515.835327,-3293.413086,2293.565674,1435.171753,-3302.461426,2314.762207,1557.579956,-3322.178955,2279.351807,1469.057495,-3252.182617,2308.806641,1601.532227,-3296.829590,2293.643066,1435.076416,-3302.587891,2314.742188,1557.701172,-3322.260254,2279.247559,1469.087646,-3251.977783,2308.845947,1601.479004,-3296.817627,2616.277588,1567.725830,-3159.782959,,,,,,,,,,,,,,,,,,,,,,,,,,,,,,,,,
11208,112.080000,0.000000,0.000000,0.000000,1.000000,0.000000,0.000000,0.000000,57.698101,20.499701,-14.700500,0.047771,-0.013570,0.015998,-15.666301,-52.738201,18.801300,-93.396698,0.129960,17.611099,-0.255515,-0.451559,-0.694801,0.498055,2299.352539,1516.190796,-3294.304932,2293.771973,1435.515381,-3303.231689,2315.053467,1557.881958,-3323.114990,2279.502686,1469.488281,-3253.027344,2309.082520,1601.877686,-3297.844971,2293.871582,1435.398560,-3303.348633,2315.007568,1557.998657,-3323.242188,2279.373047,1469.507202,-3252.817871,2309.147461,1601.859497,-3297.804688,2616.294678,1567.747559,-3159.787842,,,,,,,,,,,,,,,,,,,,,,,,,,,,,,,,,
11209,112.090000,0.000000,0.000000,0.000000,1.000000,0.000000,0.000000,0.000000,57.698101,20.499701,-14.700500,0.047771,-0.013570,0.015998,-15.666301,-52.738201,18.801300,-93.396698,0.129960,17.611099,-0.256359,-0.451859,-0.694213,0.498168,2299.562256,1516.648682,-3295.260254,2293.980957,1435.957153,-3304.040527,2315.220703,1558.292114,-3324.162598,2279.770996,1470.014893,-3253.876709,2309.276123,1602.330566,-3298.960938,2294.059082,1435.894775,-3304.170654,2315.172607,1558.314087,-3324.172852,2279.697266,1470.087402,-3253.729004,2309.319336,1602.300171,-3298.964600,2616.281738,1567.762695,-3159.779297,,,,,,,,,,,,,,,,,,,,,,,,,,,,,,,,,
11210,112.100000,0.000000,0.000000,0.000000,1.000000,0.000000,0.000000,0.000000,57.698101,20.499701,-14.700500,0.047771,-0.013570,0.015998,-15.666301,-52.738201,18.801300,-93.396698,0.129960,17.611099,-0.257479,-0.452136,-0.693561,0.498247,2299.760254,1517.187134,-3296.185303,2294.155518,1436.478516,-3304.790527,2315.374512,1558.769409,-3325.199463,2280.033936,1470.640625,-3254.673096,2309.477295,1602.860229,-3300.077881,2294.214600,1436.452759,-3304.804443,2315.308594,1558.800903,-3325.252441,2279.978516,1470.650024,-3254.636230,2309.538086,1602.846069,-3300.048340,2616.291504,1567.749634,-3159.777100,,,,,,,,,,,,,,,,,,,,,,,,,,,,,,,,,
11211,112.110000,0.000000,0.000000,0.000000,1.000000,0.000000,0.000000,0.000000,57.698101,20.499701,-14.700500,0.047771,-0.013570,0.015998,-15.666301,-52.738201,18.801300,-93.396698,0.129960,17.611099,-0.258198,-0.452839,-0.692735,0.498386,2299.897217,1517.832397,-3297.070312,2294.343994,1437.099609,-3305.479736,2315.456299,1559.357300,-3326.196045,2280.239990,1471.369995,-3255.431152,2309.548340,1603.502930,-3301.174072,2294.389404,1437.051636,-3305.462158,2315.327637,1559.294922,-3326.120361,2280.242188,1471.478516,-3255.531250,2309.619873,1603.507324,-3301.168701,2616.289795,1567.744995,-3159.772705,,,,,,,,,,,,,,,,,,,,,,,,,,,,,,,,,
11212,112.120000,0.000000,0.000000,0.000000,1.000000,0.000000,0.000000,0.000000,57.698101,20.499701,-14.700500,0.047771,-0.013570,0.015998,-15.666301,-52.738201,18.801300,-93.396698,0.129960,17.611099,-0.257747,-0.454510,-0.691827,0.498359,2299.908691,1518.509644,-3297.992432,2294.543457,1437.742676,-3306.193848,2315.433105,1559.988892,-3327.201660,2280.273682,1472.117798,-3256.264160,2309.384277,1604.189453,-3302.310303,2294.600342,1437.702515,-3306.200684,2315.324219,1559.968140,-3327.164551,2280.244873,1472.167114,-3256.289307,2309.461670,1604.199951,-3302.313232,2616.286377,1567.744385,-3159.792969,,,,,,,,,,,,,,,,,,,,,,,,,,,,,,,,,
11213,112.130000,0.000000,0.000000,0.000000,1.000000,0.000000,0.000000,0.000000,57.698101,20.499701,-14.700500,0.047771,-0.013570,0.015998,-15.666301,-52.738201,18.801300,-93.396698,0.129960,17.611099,-0.255727,-0.457671,-0.690993,0.497665,2299.909668,1519.295532,-3298.849121,2294.863525,1438.483276,-3306.801514,2315.475586,1560.725098,-3328.106689,2280.172607,1472.983276,-3257.080811,2309.126953,1604.991089,-3303.407227,2294.924561,1438.466187,-3306.814941,2315.397461,1560.768433,-3328.126953,2280.119385,1472.990723,-3257.052734,2309.196289,1604.957520,-3303.402344,2616.276855,1567.749390,-3159.786133,,,,,,,,,,,,,,,,,,,,,,,,,,,,,,,,,
11214,112.140000,0.000000,0.000000,0.000000,1.000000,0.000000,0.000000,0.000000,57.698101,20.499701,-14.700500,0.047771,-0.013570,0.015998,-15.666301,-52.738201,18.801300,-93.396698,0.129960,17.611099,-0.254074,-0.460433,-0.690039,0.497287,2299.836182,1520.015503,-3299.674561,2295.099609,1439.161255,-3307.389160,2315.406250,1561.402466,-3328.989990,2280.050049,1473.772217,-3257.853027,2308.788818,1605.726196,-3304.465576,2295.161377,1439.160034,-3307.443359,2315.371338,1561.512695,-3329.049072,2279.963867,1473.731323,-3257.724854,2308.841064,1605.659668,-3304.475830,2616.299561,1567.735840,-3159.785889,,,,,,,,,,,,,,,,,,,,,,,,,,,,,,,,,
11215,112.150000,0.000000,0.000000,0.000000,1.000000,0.000000,0.000000,0.000000,57.698101,20.499701,-14.700500,0.047771,-0.013570,0.015998,-15.666301,-52.738201,18.801300,-93.396698,0.129960,17.611099,-0.253365,-0.462550,-0.689023,0.497093,2299.741699,1520.726074,-3300.506836,2295.225830,1439.835938,-3307.971191,2315.290283,1562.055908,-3329.914062,2279.954834,1474.570068,-3258.589600,2308.496094,1606.442749,-3305.552246,2295.322021,1439.857544,-3308.041016,2315.236328,1562.152222,-3330.030273,2279.835938,1474.545044,-3258.427246,2308.563232,1606.351562,-3305.522461,2616.292725,1567.744751,-3159.768555,,,,,,,,,,,,,,,,,,,,,,,,,,,,,,,,,
11216,112.160000,0.000000,0.000000,0.000000,1.000000,0.000000,0.000000,0.000000,57.698101,20.499701,-14.700500,0.047771,-0.013570,0.015998,-15.666301,-52.738201,18.801300,-93.396698,0.129960,17.611099,-0.253004,-0.464635,-0.687679,0.497193,2299.666992,1521.456909,-3301.305664,2295.395752,1440.526978,-3308.478027,2315.149902,1562.722046,-3330.838135,2279.936523,1475.399902,-3259.252930,2308.184814,1607.179199,-3306.653564,2295.474609,1440.582886,-3308.571045,2315.126953,1562.847778,-3330.909912,2279.832520,1475.374756,-3259.068359,2308.228027,1607.018799,-3306.663330,2616.287109,1567.760864,-3159.785156,,,,,,,,,,,,,,,,,,,,,,,,,,,,,,,,,
11217,112.170000,0.000000,0.000000,0.000000,1.000000,0.000000,0.000000,0.000000,57.698101,20.499701,-14.700500,0.047771,-0.013570,0.015998,-15.666301,-52.738201,18.801300,-93.396698,0.129960,17.611099,-0.253923,-0.465305,-0.686287,0.498021,2299.595459,1522.151367,-3302.061279,2295.472412,1441.193848,-3309.005859,2314.934570,1563.367188,-3331.737549,2280.044678,1476.168945,-3259.843018,2307.929932,1607.875610,-3307.658691,2295.553711,1441.151001,-3309.048828,2314.873535,1563.450562,-3331.844238,2279.968750,1476.254761,-3259.767334,2307.983398,1607.749512,-3307.582764,2616.256348,1567.754883,-3159.788086,,,,,,,,,,,,,,,,,,,,,,,,,,,,,,,,,
11218,112.180000,0.000000,0.000000,0.000000,1.000000,0.000000,0.000000,0.000000,57.698101,20.499701,-14.700500,0.047771,-0.013570,0.015998,-15.666301,-52.738201,18.801300,-93.396698,0.129960,17.611099,-0.254069,-0.466400,-0.684671,0.499146,2299.501953,1522.915283,-3302.839355,2295.661377,1441.925903,-3309.570801,2314.664551,1564.108887,-3332.636719,2280.156738,1476.972534,-3260.483398,2307.524414,1608.654053,-3308.666016,2295.652588,1441.857300,-3309.623535,2314.697266,1564.134766,-3332.627197,2280.162598,1477.035889,-3260.438965,2307.495361,1608.632568,-3308.667480,2616.279541,1567.718018,-3159.778564,,,,,,,,,,,,,,,,,,,,,,,,,,,,,,,,,
11219,112.190000,0.000000,0.000000,0.000000,1.000000,0.000000,0.000000,0.000000,57.698101,20.499701,-14.700500,0.047771,-0.013570,0.015998,-15.666301,-52.738201,18.801300,-93.396698,0.129960,17.611099,-0.253784,-0.467584,-0.683043,0.500411,2299.359619,1523.847290,-3303.540771,2295.858398,1442.827759,-3310.091553,2314.335449,1565.038574,-3333.435791,2280.227295,1477.917236,-3261.074707,2307.017334,1609.606201,-3309.560547,2295.836182,1442.561035,-3310.131836,2314.323486,1564.995605,-3333.350830,2280.269775,1478.069580,-3261.124023,2307.007568,1609.741699,-3309.565186,2616.319092,1567.776245,-3159.759277,,,,,,,,,,,,,,,,,,,,,,,,,,,,,,,,,
11220,112.200000,0.000000,0.000000,0.000000,1.000000,0.000000,0.000000,0.000000,57.698101,20.499701,-14.700500,0.047771,-0.013570,0.015998,-15.666301,-52.738201,18.801300,-93.396698,0.129960,17.611099,-0.253298,-0.469167,-0.681381,0.501440,2299.188965,1524.790283,-3304.167236,2296.041260,1443.738770,-3310.500000,2313.999756,1565.964844,-3334.167236,2280.236328,1478.892944,-3261.585449,2306.478271,1610.564819,-3310.416016,2296.075928,1443.508179,-3310.495117,2313.935303,1566.019775,-3334.172852,2280.214600,1478.966064,-3261.606934,2306.534180,1610.642090,-3310.393555,2616.276611,1567.754272,-3159.790283,,,,,,,,,,,,,,,,,,,,,,,,,,,,,,,,,
11221,112.210000,0.000000,0.000000,0.000000,1.000000,0.000000,0.000000,0.000000,57.698101,20.499701,-14.700500,0.047771,-0.013570,0.015998,-15.666301,-52.738201,18.801300,-93.396698,0.129960,17.611099,-0.252922,-0.470081,-0.680225,0.502342,2299.077393,1525.687744,-3304.721191,2296.189453,1444.617310,-3310.932617,2313.756348,1566.864624,-3334.782959,2280.271973,1479.793579,-3262.070557,2306.092041,1611.475708,-3311.098389,2296.317627,1444.556030,-3310.962646,2313.563965,1566.859375,-3334.781982,2280.178467,1479.824951,-3262.046875,2306.248291,1611.509399,-3311.093750,2616.287598,1567.744995,-3159.782959,,,,,,,,,,,,,,,,,,,,,,,,,,,,,,,,,
11222,112.220000,0.000000,0.000000,0.000000,1.000000,0.000000,0.000000,0.000000,57.698101,20.499701,-14.700500,0.047771,-0.013570,0.015998,-15.666301,-52.738201,18.801300,-93.396698,0.129960,17.611099,-0.252025,-0.471181,-0.679653,0.502537,2299.002441,1526.549805,-3305.186035,2296.307617,1445.466797,-3311.318848,2313.644531,1567.728394,-3335.263184,2280.220459,1480.657715,-3262.522949,2305.836670,1612.346680,-3311.639160,2296.452881,1445.500610,-3311.390869,2313.478516,1567.701538,-3335.297852,2280.100586,1480.668945,-3262.429932,2305.976074,1612.328369,-3311.626709,2616.282471,1567.744019,-3159.790527,,,,,,,,,,,,,,,,,,,,,,,,,,,,,,,,,
11223,112.230000,0.000000,0.000000,0.000000,1.000000,0.000000,0.000000,0.000000,57.698101,20.499701,-14.700500,0.047771,-0.013570,0.015998,-15.666301,-52.738201,18.801300,-93.396698,0.129960,17.611099,-0.250910,-0.472279,-0.678924,0.503051,2299.003906,1527.412964,-3305.604736,2296.565918,1446.317139,-3311.677246,2313.574219,1568.611816,-3335.688965,2280.286133,1481.498169,-3262.937988,2305.588867,1613.224976,-3312.114502,2296.717773,1446.409058,-3311.779297,2313.422607,1568.579224,-3335.713623,2280.151611,1481.470337,-3262.797363,2305.723389,1613.197021,-3312.128662,2616.281982,1567.740479,-3159.782471,,,,,,,,,,,,,,,,,,,,,,,,,,,,,,,,,
11224,112.240000,0.000000,0.000000,0.000000,1.000000,0.000000,0.000000,0.000000,57.698101,20.499701,-14.700500,0.047771,-0.013570,0.015998,-15.666301,-52.738201,18.801300,-93.396698,0.129960,17.611099,-0.249692,-0.472867,-0.678018,0.504323,2299.023682,1528.305908,-3305.954102,2296.920654,1447.202026,-3312.045166,2313.443359,1569.570312,-3336.021484,2280.468506,1482.306030,-3263.308105,2305.262207,1614.145386,-3312.442383,2296.963867,1447.230103,-3312.090820,2313.444580,1569.643677,-3336.115479,2280.388916,1482.220459,-3263.165771,2305.289062,1614.125488,-3312.436768,2616.286133,1567.782959,-3159.782471,,,,,,,,,,,,,,,,,,,,,,,,,,,,,,,,,
11225,112.250000,0.000000,0.000000,0.000000,1.000000,0.000000,0.000000,0.000000,57.698101,20.499701,-14.700500,0.047771,-0.013570,0.015998,-15.666301,-52.738201,18.801300,-93.396698,0.129960,17.611099,-0.249454,-0.472520,-0.677173,0.505899,2299.071533,1529.150757,-3306.248047,2297.203369,1448.045166,-3312.391602,2313.307373,1570.479614,-3336.313965,2280.739014,1483.065063,-3263.598145,2305.036377,1615.013306,-3312.687988,2297.193115,1447.932495,-3312.389160,2313.347656,1570.543701,-3336.393066,2280.709229,1482.967285,-3263.526367,2305.035156,1615.162964,-3312.682373,2616.266846,1567.739136,-3159.792725,,,,,,,,,,,,,,,,,,,,,,,,,,,,,,,,,
11226,112.260000,0.000000,0.000000,0.000000,1.000000,0.000000,0.000000,0.000000,57.698101,20.499701,-14.700500,0.047771,-0.013570,0.015998,-15.666301,-52.738201,18.801300,-93.396698,0.129960,17.611099,-0.248530,-0.471943,-0.676383,0.507945,2299.268555,1530.103394,-3306.492676,2297.726807,1449.003174,-3312.794678,2313.282471,1571.550903,-3336.499756,2281.198730,1483.857178,-3263.904541,2304.865723,1616.002808,-3312.771240,2297.703613,1448.900391,-3312.754639,2313.297607,1571.619507,-3336.516602,2281.204834,1483.817261,-3263.919678,2304.866943,1616.074707,-3312.777588,2616.296875,1567.780396,-3159.789307,,,,,,,,,,,,,,,,,,,,,,,,,,,,,,,,,
11227,112.270000,0.000000,0.000000,0.000000,1.000000,0.000000,0.000000,0.000000,57.698101,20.499701,-14.700500,0.047771,-0.013570,0.015998,-15.666301,-52.738201,18.801300,-93.396698,0.129960,17.611099,-0.246736,-0.472279,-0.675617,0.509525,2299.526855,1531.035156,-3306.681885,2298.378174,1449.937622,-3313.101318,2313.369629,1572.592041,-3336.617188,2281.640381,1484.642212,-3264.176025,2304.719727,1616.969116,-3312.832764,2298.405273,1449.868286,-3313.022217,2313.283691,1572.696411,-3336.625732,2281.628418,1484.661865,-3264.260986,2304.787598,1616.917236,-3312.817871,2616.300293,1567.729858,-3159.770996,,,,,,,,,,,,,,,,,,,,,,,,,,,,,,,,,
11228,112.280000,0.000000,0.000000,0.000000,1.000000,0.000000,0.000000,0.000000,57.698101,20.499701,-14.700500,0.047771,-0.013570,0.015998,-15.666301,-52.738201,18.801300,-93.396698,0.129960,17.611099,-0.244698,-0.472668,-0.675431,0.510393,2299.778076,1531.899292,-3306.801514,2298.926025,1450.809937,-3313.369385,2313.542725,1573.558105,-3336.630859,2281.957764,1485.367676,-3264.419434,2304.685059,1617.861816,-3312.786133,2298.991699,1450.702881,-3313.338135,2313.429199,1573.701904,-3336.661865,2281.911133,1485.431030,-3264.447510,2304.777344,1617.764893,-3312.758301,2616.297852,1567.734253,-3159.770264,,,,,,,,,,,,,,,,,,,,,,,,,,,,,,,,,
11229,112.290000,0.000000,0.000000,0.000000,1.000000,0.000000,0.000000,0.000000,57.698101,20.499701,-14.700500,0.047771,-0.013570,0.015998,-15.666301,-52.738201,18.801300,-93.396698,0.129960,17.611099,-0.243076,-0.472614,-0.675408,0.511248,2300.055176,1532.695068,-3306.915283,2299.429932,1451.617798,-3313.656250,2313.747070,1574.453979,-3336.637939,2282.304443,1486.025635,-3264.655762,2304.739258,1618.682983,-3312.710693,2299.536133,1451.549194,-3313.705566,2313.616211,1574.527222,-3336.656250,2282.224365,1486.134033,-3264.614014,2304.844238,1618.569214,-3312.684570,2616.314209,1567.713623,-3159.770752,,,,,,,,,,,,,,,,,,,,,,,,,,,,,,,,,
11230,112.300000,0.000000,0.000000,0.000000,1.000000,0.000000,0.000000,0.000000,57.698101,20.499701,-14.700500,0.047771,-0.013570,0.015998,-15.666301,-52.738201,18.801300,-93.396698,0.129960,17.611099,-0.241813,-0.472191,-0.675538,0.512065,2300.336914,1533.515991,-3306.996582,2299.874268,1452.454102,-3313.931152,2313.963623,1575.372437,-3336.611816,2282.653809,1486.711426,-3264.858398,2304.855469,1619.526489,-3312.584717,2300.013916,1452.390015,-3314.001709,2313.798340,1575.445068,-3336.643311,2282.538818,1486.789551,-3264.775635,2304.994141,1619.440674,-3312.566162,2616.296875,1567.759399,-3159.779053,,,,,,,,,,,,,,,,,,,,,,,,,,,,,,,,,
11231,112.310000,0.000000,0.000000,0.000000,1.000000,0.000000,0.000000,0.000000,57.698101,20.499701,-14.700500,0.047771,-0.013570,0.015998,-15.666301,-52.738201,18.801300,-93.396698,0.129960,17.611099,-0.240296,-0.471908,-0.675843,0.512637,2300.706543,1534.380737,-3307.082764,2300.395996,1453.335815,-3314.220459,2314.300293,1576.334961,-3336.574463,2283.048340,1487.439941,-3265.085938,2305.081787,1620.412720,-3312.449463,2300.506592,1453.327881,-3314.296387,2314.206299,1576.366211,-3336.647461,2282.933838,1487.431641,-3264.953125,2305.174316,1620.397461,-3312.428467,2616.297363,1567.748901,-3159.780762,,,,,,,,,,,,,,,,,,,,,,,,,,,,,,,,,
11232,112.320000,0.000000,0.000000,0.000000,1.000000,0.000000,0.000000,0.000000,57.698101,20.499701,-14.700500,0.047771,-0.013570,0.015998,-15.666301,-52.738201,18.801300,-93.396698,0.129960,17.611099,-0.239122,-0.471255,-0.675933,0.513668,2301.260010,1535.249878,-3307.196777,2301.118896,1454.223633,-3314.550781,2314.765137,1577.310913,-3336.576904,2283.700928,1488.160278,-3265.325195,2305.455078,1621.304810,-3312.334229,2301.180908,1454.147461,-3314.615967,2314.727295,1577.290405,-3336.627197,2283.643799,1488.207520,-3265.249268,2305.488770,1621.352783,-3312.294922,2616.312500,1567.748169,-3159.762939,,,,,,,,,,,,,,,,,,,,,,,,,,,,,,,,,
11233,112.330000,0.000000,0.000000,0.000000,1.000000,0.000000,0.000000,0.000000,57.698101,20.499701,-14.700500,0.047771,-0.013570,0.015998,-15.666301,-52.738201,18.801300,-93.396698,0.129960,17.611099,-0.238289,-0.469957,-0.675996,0.515158,2301.805176,1536.020508,-3307.330078,2301.823730,1455.019653,-3314.958008,2315.175049,1578.209106,-3336.588867,2284.411865,1488.752563,-3265.590576,2305.810547,1622.101074,-3312.182861,2301.864502,1455.010742,-3314.996826,2315.135010,1578.095215,-3336.602295,2284.391113,1488.822876,-3265.581787,2305.827637,1622.148560,-3312.139404,2616.303467,1567.756714,-3159.778076,,,,,,,,,,,,,,,,,,,,,,,,,,,,,,,,,
11234,112.340000,0.000000,0.000000,0.000000,1.000000,0.000000,0.000000,0.000000,57.698101,20.499701,-14.700500,0.047771,-0.013570,0.015998,-15.666301,-52.738201,18.801300,-93.396698,0.129960,17.611099,-0.237110,-0.468991,-0.676333,0.516139,2302.298096,1536.690186,-3307.429932,2302.446777,1455.715088,-3315.325684,2315.594482,1578.997070,-3336.551514,2284.988525,1489.256348,-3265.843994,2306.162354,1622.792725,-3311.998779,2302.478271,1455.718384,-3315.353516,2315.566895,1578.953003,-3336.566650,2284.959961,1489.250366,-3265.810303,2306.186279,1622.839722,-3311.989990,2616.313965,1567.770264,-3159.778320,,,,,,,,,,,,,,,,,,,,,,,,,,,,,,,,,
11235,112.350000,0.000000,0.000000,0.000000,1.000000,0.000000,0.000000,0.000000,57.698101,20.499701,-14.700500,0.047771,-0.013570,0.015998,-15.666301,-52.738201,18.801300,-93.396698,0.129960,17.611099,-0.236130,-0.467821,-0.676593,0.517309,2302.748047,1537.278564,-3307.533691,2303.025879,1456.331055,-3315.704102,2315.948242,1579.706177,-3336.522461,2285.553955,1489.674927,-3266.094238,2306.463867,1623.402344,-3311.813721,2303.042725,1456.302979,-3315.731934,2315.931396,1579.716919,-3336.507568,2285.537598,1489.678467,-3266.064453,2306.480713,1623.415649,-3311.831055,2616.302979,1567.756226,-3159.773926,,,,,,,,,,,,,,,,,,,,,,,,,,,,,,,,,
11236,112.360000,0.000000,0.000000,0.000000,1.000000,0.000000,0.000000,0.000000,57.698101,20.499701,-14.700500,0.047771,-0.013570,0.015998,-15.666301,-52.738201,18.801300,-93.396698,0.129960,17.611099,-0.235256,-0.466528,-0.677118,0.518186,2303.218994,1537.798218,-3307.684814,2303.559814,1456.880493,-3316.143799,2316.362061,1580.339966,-3336.532227,2286.095703,1490.032715,-3266.402832,2306.858887,1623.939819,-3311.660889,2303.632812,1456.841919,-3316.191895,2316.288086,1580.355957,-3336.558594,2286.022705,1490.009766,-3266.323242,2306.932617,1623.984497,-3311.664062,2616.276123,1567.746826,-3159.786865,,,,,,,,,,,,,,,,,,,,,,,,,,,,,,,,,
11237,112.370000,0.000000,0.000000,0.000000,1.000000,0.000000,0.000000,0.000000,57.698101,20.499701,-14.700500,0.047771,-0.013570,0.015998,-15.666301,-52.738201,18.801300,-93.396698,0.129960,17.611099,-0.234407,-0.465268,-0.677494,0.519212,2303.720947,1538.232910,-3307.887451,2304.150635,1457.345093,-3316.623291,2316.786133,1580.888916,-3336.601562,2286.693604,1490.306030,-3266.752930,2307.253662,1624.392090,-3311.572266,2304.234619,1457.302979,-3316.683838,2316.728516,1580.991089,-3336.701660,2286.585938,1490.259399,-3266.606445,2307.323975,1624.379761,-3311.554199,2616.300781,1567.750244,-3159.778076,,,,,,,,,,,,,,,,,,,,,,,,,,,,,,,,,
11238,112.380000,0.000000,0.000000,0.000000,1.000000,0.000000,0.000000,0.000000,57.698101,20.499701,-14.700500,0.047771,-0.013570,0.015998,-15.666301,-52.738201,18.801300,-93.396698,0.129960,17.611099,-0.233448,-0.464322,-0.677296,0.520746,2304.362549,1538.680786,-3308.156738,2305.002686,1457.819214,-3317.120605,2317.276123,1581.452759,-3336.766357,2287.515625,1490.592163,-3267.136719,2307.655273,1624.859253,-3311.603271,2305.130859,1457.847534,-3317.204102,2317.150391,1581.434082,-3336.817383,2287.409424,1490.658813,-3267.040527,2307.759277,1624.784790,-3311.564697,2616.296875,1567.780273,-3159.777344,,,,,,,,,,,,,,,,,,,,,,,,,,,,,,,,,
11239,112.390000,0.000000,0.000000,0.000000,1.000000,0.000000,0.000000,0.000000,57.698101,20.499701,-14.700500,0.047771,-0.013570,0.015998,-15.666301,-52.738201,18.801300,-93.396698,0.129960,17.611099,-0.233829,-0.462421,-0.677449,0.522066,2305.019531,1539.083496,-3308.487549,2305.657959,1458.249023,-3317.691406,2317.812744,1581.944458,-3337.018311,2288.341064,1490.867798,-3267.547852,2308.267090,1625.272949,-3311.692871,2305.709961,1458.215820,-3317.748779,2317.767334,1581.952881,-3337.026123,2288.302734,1490.959595,-3267.502441,2308.299316,1625.207886,-3311.672363,2616.247314,1567.738159,-3159.784668,,,,,,,,,,,,,,,,,,,,,,,,,,,,,,,,,
11240,112.400000,0.000000,0.000000,0.000000,1.000000,0.000000,0.000000,0.000000,57.698101,20.499701,-14.700500,0.047771,-0.013570,0.015998,-15.666301,-52.738201,18.801300,-93.396698,0.129960,17.611099,-0.234567,-0.460319,-0.677660,0.523319,2305.651855,1539.365845,-3308.810059,2306.235352,1458.557861,-3318.247314,2318.331787,1582.305786,-3337.272217,2289.138428,1491.036499,-3267.937744,2308.902588,1625.563599,-3311.782715,2306.260254,1458.500977,-3318.249023,2318.295654,1582.389038,-3337.283447,2289.118408,1491.081055,-3267.934082,2308.932861,1625.493530,-3311.773438,2616.285889,1567.737915,-3159.785156,,,,,,,,,,,,,,,,,,,,,,,,,,,,,,,,,
11241,112.410000,0.000000,0.000000,0.000000,1.000000,0.000000,0.000000,0.000000,57.698101,20.499701,-14.700500,0.047771,-0.013570,0.015998,-15.666301,-52.738201,18.801300,-93.396698,0.129960,17.611099,-0.234722,-0.458769,-0.677724,0.524525,2306.250977,1539.545166,-3309.154297,2306.863037,1458.762085,-3318.800537,2318.818115,1582.566895,-3337.542969,2289.890137,1491.099609,-3268.358154,2309.433105,1625.752441,-3311.915283,2306.892578,1458.735107,-3318.784912,2318.770752,1582.616089,-3337.565918,2289.860107,1491.071045,-3268.353271,2309.479736,1625.760010,-3311.913574,2616.301025,1567.743774,-3159.781006,,,,,,,,,,,,,,,,,,,,,,,,,,,,,,,,,
11242,112.420000,0.000000,0.000000,0.000000,1.000000,0.000000,0.000000,0.000000,57.698101,20.499701,-14.700500,0.047771,-0.013570,0.015998,-15.666301,-52.738201,18.801300,-93.396698,0.129960,17.611099,-0.234680,-0.457396,-0.678063,0.525305,2306.841797,1539.678223,-3309.515869,2307.442627,1458.920288,-3319.371582,2319.349854,1582.774292,-3337.817871,2290.564453,1491.125977,-3268.813477,2310.010498,1625.892578,-3312.060791,2307.485596,1458.859497,-3319.365723,2319.284180,1582.875854,-3337.839111,2290.508057,1491.031006,-3268.768066,2310.086182,1625.948853,-3312.090576,2616.253418,1567.733154,-3159.774414,,,,,,,,,,,,,,,,,,,,,,,,,,,,,,,,,
11243,112.430000,0.000000,0.000000,0.000000,1.000000,0.000000,0.000000,0.000000,57.698101,20.499701,-14.700500,0.047771,-0.013570,0.015998,-15.666301,-52.738201,18.801300,-93.396698,0.129960,17.611099,-0.233988,-0.456997,-0.678376,0.525556,2307.442139,1539.750488,-3309.854248,2308.084229,1459.009399,-3319.844971,2319.942627,1582.899414,-3338.078613,2291.169434,1491.122681,-3269.239990,2310.572266,1625.970459,-3312.253418,2308.130371,1458.900146,-3319.854736,2319.886963,1583.050659,-3338.115967,2291.098145,1491.000854,-3269.154053,2310.648926,1626.051636,-3312.290527,2616.274902,1567.757446,-3159.791016,,,,,,,,,,,,,,,,,,,,,,,,,,,,,,,,,
11244,112.440000,0.000000,0.000000,0.000000,1.000000,0.000000,0.000000,0.000000,57.698101,20.499701,-14.700500,0.047771,-0.013570,0.015998,-15.666301,-52.738201,18.801300,-93.396698,0.129960,17.611099,-0.232706,-0.456825,-0.678337,0.526325,2308.110352,1539.817261,-3310.241455,2308.936279,1459.096924,-3320.385498,2320.540527,1583.046997,-3338.373047,2291.909424,1491.076782,-3269.733643,2311.054932,1626.048218,-3312.473877,2309.047119,1459.177490,-3320.451172,2320.428955,1583.120239,-3338.414307,2291.762451,1490.872681,-3269.540771,2311.187256,1626.074585,-3312.536621,2616.263672,1567.769165,-3159.784668,,,,,,,,,,,,,,,,,,,,,,,,,,,,,,,,,
11245,112.450000,0.000000,0.000000,0.000000,1.000000,0.000000,0.000000,0.000000,57.698101,20.499701,-14.700500,0.047771,-0.013570,0.015998,-15.666301,-52.738201,18.801300,-93.396698,0.129960,17.611099,-0.233123,-0.455376,-0.678082,0.527722,2308.830566,1539.787964,-3310.674561,2309.710449,1459.088623,-3320.978516,2321.114502,1583.086182,-3338.765137,2292.824951,1490.951172,-3270.205566,2311.671875,1626.026367,-3312.749512,2309.788818,1459.130859,-3321.015625,2321.012207,1583.137207,-3338.759033,2292.735840,1490.832886,-3270.107910,2311.780029,1626.045044,-3312.810791,2616.263184,1567.743286,-3159.791504,,,,,,,,,,,,,,,,,,,,,,,,,,,,,,,,,
11246,112.460000,0.000000,0.000000,0.000000,1.000000,0.000000,0.000000,0.000000,57.698101,20.499701,-14.700500,0.047771,-0.013570,0.015998,-15.666301,-52.738201,18.801300,-93.396698,0.129960,17.611099,-0.233126,-0.454476,-0.677819,0.528835,2309.565186,1539.724487,-3311.154053,2310.533447,1459.041870,-3321.580322,2321.731689,1583.081421,-3339.205322,2293.710938,1490.805420,-3270.724854,2312.284912,1625.969604,-3313.105713,2310.558594,1459.059814,-3321.580078,2321.680664,1583.092529,-3339.174805,2293.695068,1490.803345,-3270.730957,2312.326172,1625.942383,-3313.130371,2616.272705,1567.751587,-3159.787842,,,,,,,,,,,,,,,,,,,,,,,,,,,,,,,,,
11247,112.470000,0.000000,0.000000,0.000000,1.000000,0.000000,0.000000,0.000000,57.698101,20.499701,-14.700500,0.047771,-0.013570,0.015998,-15.666301,-52.738201,18.801300,-93.396698,0.129960,17.611099,-0.232428,-0.454562,-0.677952,0.528896,2310.275879,1539.587646,-3311.622559,2311.304688,1458.913574,-3322.110107,2322.444580,1582.973633,-3339.627686,2294.409424,1490.627563,-3271.247559,2312.944092,1625.836060,-3313.504883,2311.289062,1458.864136,-3322.102539,2322.462891,1582.991821,-3339.627930,2294.433350,1490.712402,-3271.283447,2312.918213,1625.784790,-3313.477539,2616.312256,1567.782227,-3159.778809,,,,,,,,,,,,,,,,,,,,,,,,,,,,,,,,,
11248,112.480000,0.000000,0.000000,0.000000,1.000000,0.000000,0.000000,0.000000,57.698101,20.499701,-14.700500,0.047771,-0.013570,0.015998,-15.666301,-52.738201,18.801300,-93.396698,0.129960,17.611099,-0.232084,-0.454672,-0.678385,0.528398,2311.027344,1539.452881,-3312.129150,2312.007080,1458.782104,-3322.645996,2323.264160,1582.839966,-3340.103027,2295.073242,1490.489868,-3271.792480,2313.764404,1625.699829,-3313.975830,2312.019775,1458.655762,-3322.717041,2323.275391,1582.875488,-3340.097412,2295.063232,1490.582153,-3271.738525,2313.751953,1625.692627,-3313.967041,2616.303711,1567.748047,-3159.779053,,,,,,,,,,,,,,,,,,,,,,,,,,,,,,,,,
11249,112.490000,0.000000,0.000000,0.000000,1.000000,0.000000,0.000000,0.000000,57.698101,20.499701,-14.700500,0.047771,-0.013570,0.015998,-15.666301,-52.738201,18.801300,-93.396698,0.129960,17.611099,-0.232234,-0.454687,-0.678869,0.527697,2311.792969,1539.251343,-3312.616211,2312.651611,1458.578369,-3323.126953,2324.117920,1582.617065,-3340.584229,2295.733887,1490.316406,-3272.286865,2314.668701,1625.493774,-3314.466309,2312.678955,1458.430542,-3323.196777,2324.112061,1582.695557,-3340.591797,2295.707520,1490.395386,-3272.220459,2314.675049,1625.476074,-3314.458740,2616.283203,1567.769653,-3159.781738,,,,,,,,,,,,,,,,,,,,,,,,,,,,,,,,,
11250,112.500000,0.000000,0.000000,0.000000,1.000000,0.000000,0.000000,0.000000,57.698101,20.499701,-14.700500,0.047771,-0.013570,0.015998,-15.666301,-52.738201,18.801300,-93.396698,0.129960,17.611099,-0.232192,-0.454358,-0.679420,0.527289,2312.488037,1539.086670,-3313.124268,2313.249268,1458.421265,-3323.699707,2324.876465,1582.459473,-3341.053223,2296.354248,1490.139526,-3272.839600,2315.472168,1625.326904,-3314.904053,2313.317383,1458.333862,-3323.775879,2324.811768,1582.482178,-3341.049805,2296.301025,1490.218750,-3272.773926,2315.523193,1625.310791,-3314.898438,2616.280273,1567.729736,-3159.781250,,,,,,,,,,,,,,,,,,,,,,,,,,,,,,,,,
11251,112.510000,0.000000,0.000000,0.000000,1.000000,0.000000,0.000000,0.000000,57.698101,20.499701,-14.700500,0.047771,-0.013570,0.015998,-15.666301,-52.738201,18.801300,-93.396698,0.129960,17.611099,-0.231290,-0.454659,-0.679517,0.527302,2313.193359,1538.940063,-3313.669189,2314.041748,1458.281982,-3324.294678,2325.587646,1582.341431,-3341.551270,2297.038818,1489.953125,-3273.441406,2316.104736,1625.183960,-3315.389648,2314.203857,1458.286377,-3324.405518,2325.412842,1582.340576,-3341.577881,2296.901611,1489.996704,-3273.309814,2316.252930,1625.138306,-3315.383789,2616.289795,1567.759399,-3159.780762,,,,,,,,,,,,,,,,,,,,,,,,,,,,,,,,,
11252,112.520000,0.000000,0.000000,0.000000,1.000000,0.000000,0.000000,0.000000,57.698101,20.499701,-14.700500,0.047771,-0.013570,0.015998,-15.666301,-52.738201,18.801300,-93.396698,0.129960,17.611099,-0.231508,-0.454440,-0.679203,0.527799,2313.898438,1538.784302,-3314.293213,2314.791992,1458.126953,-3324.920410,2326.230713,1582.194702,-3342.188477,2297.823730,1489.785522,-3274.047607,2316.746826,1625.030151,-3316.015625,2314.956055,1458.174072,-3325.008301,2326.025879,1582.193115,-3342.186523,2297.697998,1489.844360,-3273.957764,2316.915771,1624.924072,-3316.022217,2616.297363,1567.729858,-3159.777344,,,,,,,,,,,,,,,,,,,,,,,,,,,,,,,,,
11253,112.530000,0.000000,0.000000,0.000000,1.000000,0.000000,0.000000,0.000000,57.698101,20.499701,-14.700500,0.047771,-0.013570,0.015998,-15.666301,-52.738201,18.801300,-93.396698,0.129960,17.611099,-0.231951,-0.453795,-0.679031,0.528380,2314.564697,1538.612793,-3314.905029,2315.459961,1457.961304,-3325.576172,2326.832764,1582.041138,-3342.800781,2298.579346,1489.588745,-3274.654541,2317.386719,1624.860352,-3316.587646,2315.521484,1457.987061,-3325.595703,2326.734619,1582.002808,-3342.772705,2298.549072,1489.692261,-3274.676514,2317.451416,1624.767944,-3316.574219,2616.266846,1567.747437,-3159.790283,,,,,,,,,,,,,,,,,,,,,,,,,,,,,,,,,
11254,112.540000,0.000000,0.000000,0.000000,1.000000,0.000000,0.000000,0.000000,57.698101,20.499701,-14.700500,0.047771,-0.013570,0.015998,-15.666301,-52.738201,18.801300,-93.396698,0.129960,17.611099,-0.232688,-0.453096,-0.679008,0.528685,2315.248779,1538.458740,-3315.574707,2316.077393,1457.809814,-3326.270996,2327.484375,1581.888306,-3343.482910,2299.317871,1489.431763,-3275.306152,2318.115234,1624.705200,-3317.238037,2316.088867,1457.810913,-3326.270020,2327.443359,1581.861206,-3343.428223,2299.334717,1489.552246,-3275.369385,2318.128662,1624.615845,-3317.234863,2616.288330,1567.760132,-3159.791992,,,,,,,,,,,,,,,,,,,,,,,,,,,,,,,,,
11255,112.550000,0.000000,0.000000,0.000000,1.000000,0.000000,0.000000,0.000000,57.698101,20.499701,-14.700500,0.047771,-0.013570,0.015998,-15.666301,-52.738201,18.801300,-93.396698,0.129960,17.611099,-0.232685,-0.453276,-0.679100,0.528414,2315.917725,1538.284668,-3316.219482,2316.720947,1457.632446,-3326.892578,2328.183105,1581.701782,-3344.134033,2299.948730,1489.275269,-3275.945068,2318.817871,1624.529541,-3317.906250,2316.688721,1457.645752,-3326.883301,2328.228760,1581.806030,-3344.121094,2299.966553,1489.261841,-3275.936523,2318.787598,1624.425537,-3317.938477,2616.296875,1567.711548,-3159.779297,,,,,,,,,,,,,,,,,,,,,,,,,,,,,,,,,
11256,112.560000,0.000000,0.000000,0.000000,1.000000,0.000000,0.000000,0.000000,57.698101,20.499701,-14.700500,0.047771,-0.013570,0.015998,-15.666301,-52.738201,18.801300,-93.396698,0.129960,17.611099,-0.233057,-0.453173,-0.679026,0.528434,2316.480225,1538.087769,-3316.861084,2317.254150,1457.431885,-3327.509521,2328.739258,1581.492676,-3344.797363,2300.524414,1489.095215,-3276.560791,2319.402832,1624.331299,-3318.576660,2317.256592,1457.425415,-3327.470459,2328.721191,1581.565796,-3344.816162,2300.513428,1489.039185,-3276.573486,2319.427490,1624.322144,-3318.585449,2616.296143,1567.740601,-3159.772461,,,,,,,,,,,,,,,,,,,,,,,,,,,,,,,,,
11257,112.570000,0.000000,0.000000,0.000000,1.000000,0.000000,0.000000,0.000000,57.698101,20.499701,-14.700500,0.047771,-0.013570,0.015998,-15.666301,-52.738201,18.801300,-93.396698,0.129960,17.611099,-0.233389,-0.453183,-0.679040,0.528260,2317.048096,1537.954102,-3317.484863,2317.774658,1457.293213,-3328.098633,2329.322998,1581.340210,-3345.443359,2301.076660,1488.987793,-3277.158691,2320.017822,1624.195312,-3319.238525,2317.786621,1457.234497,-3328.067139,2329.293701,1581.407959,-3345.464111,2301.048096,1488.869507,-3277.146484,2320.063965,1624.304688,-3319.262207,2616.287109,1567.737915,-3159.778809,,,,,,,,,,,,,,,,,,,,,,,,,,,,,,,,,
11258,112.580000,0.000000,0.000000,0.000000,1.000000,0.000000,0.000000,0.000000,57.698101,20.499701,-14.700500,0.047771,-0.013570,0.015998,-15.666301,-52.738201,18.801300,-93.396698,0.129960,17.611099,-0.233806,-0.452934,-0.679017,0.528319,2317.602783,1537.880737,-3318.124023,2318.288574,1457.218750,-3328.730713,2329.869629,1581.259521,-3346.097656,2301.648438,1488.924561,-3277.779053,2320.604492,1624.120728,-3319.888672,2318.369385,1457.084351,-3328.696045,2329.745361,1581.518433,-3346.193115,2301.534912,1488.738525,-3277.699463,2320.743164,1624.198486,-3319.912842,2616.259766,1567.748169,-3159.781494,,,,,,,,,,,,,,,,,,,,,,,,,,,,,,,,,
11259,112.590000,0.000000,0.000000,0.000000,1.000000,0.000000,0.000000,0.000000,57.698101,20.499701,-14.700500,0.047771,-0.013570,0.015998,-15.666301,-52.738201,18.801300,-93.396698,0.129960,17.611099,-0.233004,-0.453598,-0.678933,0.528213,2318.143066,1537.733154,-3318.687012,2318.927490,1457.069824,-3329.277832,2330.418945,1581.118774,-3346.645752,2302.162109,1488.768555,-3278.362549,2321.063477,1623.975708,-3320.461426,2319.044434,1457.006958,-3329.218506,2330.236816,1581.386475,-3346.804932,2302.011963,1488.563721,-3278.287598,2321.245850,1623.996704,-3320.452881,2616.261963,1567.739380,-3159.791992,,,,,,,,,,,,,,,,,,,,,,,,,,,,,,,,,
11260,112.600000,0.000000,0.000000,0.000000,1.000000,0.000000,0.000000,0.000000,57.698101,20.499701,-14.700500,0.047771,-0.013570,0.015998,-15.666301,-52.738201,18.801300,-93.396698,0.129960,17.611099,-0.233006,-0.453724,-0.678549,0.528596,2318.689697,1537.680176,-3319.281494,2319.549072,1457.014038,-3329.845215,2330.911865,1581.068237,-3347.260010,2302.772705,1488.713623,-3278.934326,2321.524414,1623.924805,-3321.086914,2319.684082,1457.006226,-3329.815186,2330.709229,1581.226318,-3347.371582,2302.631592,1488.592407,-3278.873291,2321.713867,1623.905518,-3321.073975,2616.286621,1567.766235,-3159.789795,,,,,,,,,,,,,,,,,,,,,,,,,,,,,,,,,
11261,112.610000,0.000000,0.000000,0.000000,1.000000,0.000000,0.000000,0.000000,57.698101,20.499701,-14.700500,0.047771,-0.013570,0.015998,-15.666301,-52.738201,18.801300,-93.396698,0.129960,17.611099,-0.233034,-0.453684,-0.678165,0.529110,2319.164795,1537.644043,-3319.838867,2320.102295,1456.978027,-3330.396240,2331.320801,1581.042603,-3347.829834,2303.329102,1488.664185,-3279.475586,2321.906982,1623.891602,-3321.653320,2320.238037,1456.936646,-3330.392334,2331.117676,1581.157715,-3347.894287,2303.213135,1488.651367,-3279.440430,2322.082764,1623.837646,-3321.633301,2616.287109,1567.754272,-3159.782227,,,,,,,,,,,,,,,,,,,,,,,,,,,,,,,,,
11262,112.620000,0.000000,0.000000,0.000000,1.000000,0.000000,0.000000,0.000000,57.698101,20.499701,-14.700500,0.047771,-0.013570,0.015998,-15.666301,-52.738201,18.801300,-93.396698,0.129960,17.611099,-0.233383,-0.453314,-0.677751,0.529803,2319.625488,1537.587646,-3320.343262,2320.616699,1456.923340,-3330.908691,2331.695557,1580.999268,-3348.351318,2303.901367,1488.590454,-3279.957520,2322.287842,1623.837769,-3322.155518,2320.729980,1456.830688,-3330.904297,2331.515625,1581.104614,-3348.371582,2303.821533,1488.673218,-3279.969727,2322.431396,1623.742676,-3322.127441,2616.280273,1567.720825,-3159.778564,,,,,,,,,,,,,,,,,,,,,,,,,,,,,,,,,
11263,112.630000,0.000000,0.000000,0.000000,1.000000,0.000000,0.000000,0.000000,57.698101,20.499701,-14.700500,0.047771,-0.013570,0.015998,-15.666301,-52.738201,18.801300,-93.396698,0.129960,17.611099,-0.233354,-0.453327,-0.677589,0.530013,2320.090088,1537.598267,-3320.861084,2321.118652,1456.934082,-3331.423828,2332.133057,1581.014771,-3348.873047,2304.398438,1488.594849,-3280.470215,2322.709961,1623.849487,-3322.677246,2321.175049,1456.804443,-3331.388428,2332.046631,1581.197632,-3348.947510,2304.357422,1488.711792,-3280.502930,2322.779053,1623.680908,-3322.606445,2616.310547,1567.725342,-3159.759277,,,,,,,,,,,,,,,,,,,,,,,,,,,,,,,,,
11264,112.640000,0.000000,0.000000,0.000000,1.000000,0.000000,0.000000,0.000000,57.698101,20.499701,-14.700500,0.047771,-0.013570,0.015998,-15.666301,-52.738201,18.801300,-93.396698,0.129960,17.611099,-0.233508,-0.453606,-0.677436,0.529902,2320.540039,1537.588379,-3321.352051,2321.569580,1456.916504,-3331.855469,2332.586182,1580.984497,-3349.394287,2304.843994,1488.614502,-3280.927246,2323.159912,1623.838257,-3323.230713,2321.619873,1456.730347,-3331.817139,2332.501953,1581.213745,-3349.452393,2304.807373,1488.720337,-3280.959717,2323.227051,1623.694946,-3323.180176,2616.291260,1567.733765,-3159.776367,,,,,,,,,,,,,,,,,,,,,,,,,,,,,,,,,
11265,112.650000,0.000000,0.000000,0.000000,1.000000,0.000000,0.000000,0.000000,57.698101,20.499701,-14.700500,0.047771,-0.013570,0.015998,-15.666301,-52.738201,18.801300,-93.396698,0.129960,17.611099,-0.233305,-0.454007,-0.677503,0.529562,2320.951660,1537.588989,-3321.834473,2321.979492,1456.912354,-3332.302734,2333.033936,1580.971069,-3349.882812,2305.205811,1488.634766,-3281.405273,2323.587402,1623.837769,-3323.747314,2322.052002,1456.718506,-3332.321289,2332.954590,1581.253906,-3349.970703,2305.133545,1488.690674,-3281.341797,2323.663574,1623.715454,-3323.716797,2616.272949,1567.733887,-3159.783447,,,,,,,,,,,,,,,,,,,,,,,,,,,,,,,,,
11266,112.660000,0.000000,0.000000,0.000000,1.000000,0.000000,0.000000,0.000000,57.698101,20.499701,-14.700500,0.047771,-0.013570,0.015998,-15.666301,-52.738201,18.801300,-93.396698,0.129960,17.611099,-0.233872,-0.453726,-0.677551,0.529492,2321.324707,1537.629517,-3322.268555,2322.278564,1456.949951,-3332.720703,2333.414062,1580.996216,-3350.337646,2305.579590,1488.696289,-3281.813477,2324.026855,1623.875610,-3324.202148,2322.370361,1456.731445,-3332.752930,2333.316406,1581.255371,-3350.433350,2305.494385,1488.763306,-3281.740234,2324.115479,1623.780273,-3324.162109,2616.293457,1567.716797,-3159.773926,,,,,,,,,,,,,,,,,,,,,,,,,,,,,,,,,
11267,112.670000,0.000000,0.000000,0.000000,1.000000,0.000000,0.000000,0.000000,57.698101,20.499701,-14.700500,0.047771,-0.013570,0.015998,-15.666301,-52.738201,18.801300,-93.396698,0.129960,17.611099,-0.234395,-0.453561,-0.677602,0.529336,2321.673096,1537.692139,-3322.683594,2322.553467,1457.008301,-3333.107666,2333.777588,1581.039062,-3350.777100,2305.917236,1488.786377,-3282.199707,2324.444336,1623.935425,-3324.649902,2322.659424,1456.804932,-3333.121826,2333.661865,1581.291504,-3350.918701,2305.815674,1488.824585,-3282.125732,2324.549805,1623.863892,-3324.586670,2616.319336,1567.746704,-3159.765869,,,,,,,,,,,,,,,,,,,,,,,,,,,,,,,,,
11268,112.680000,0.000000,0.000000,0.000000,1.000000,0.000000,0.000000,0.000000,57.698101,20.499701,-14.700500,0.047771,-0.013570,0.015998,-15.666301,-52.738201,18.801300,-93.396698,0.129960,17.611099,-0.234347,-0.453724,-0.677428,0.529441,2322.016602,1537.772949,-3323.086182,2322.933594,1457.086426,-3333.487793,2334.103516,1581.117310,-3351.191162,2306.280029,1488.871216,-3282.589600,2324.749512,1624.016846,-3325.076416,2323.064453,1456.932007,-3333.500488,2333.942627,1581.325195,-3351.321045,2306.156738,1488.869263,-3282.510498,2324.893799,1623.979492,-3325.026611,2616.252686,1567.748291,-3159.794434,,,,,,,,,,,,,,,,,,,,,,,,,,,,,,,,,
11269,112.690000,0.000000,0.000000,0.000000,1.000000,0.000000,0.000000,0.000000,57.698101,20.499701,-14.700500,0.047771,-0.013570,0.015998,-15.666301,-52.738201,18.801300,-93.396698,0.129960,17.611099,-0.233983,-0.454199,-0.677163,0.529533,2322.369629,1537.853638,-3323.465332,2323.372070,1457.163330,-3333.829346,2334.437012,1581.196777,-3351.580322,2306.647949,1488.955200,-3282.958984,2325.021240,1624.099243,-3325.492432,2323.531738,1457.069946,-3333.857178,2334.237305,1581.361938,-3351.710938,2306.501221,1488.967651,-3282.867676,2325.196777,1624.026123,-3325.435791,2616.281006,1567.788330,-3159.796143,,,,,,,,,,,,,,,,,,,,,,,,,,,,,,,,,
11270,112.700000,0.000000,0.000000,0.000000,1.000000,0.000000,0.000000,0.000000,57.698101,20.499701,-14.700500,0.047771,-0.013570,0.015998,-15.666301,-52.738201,18.801300,-93.396698,0.129960,17.611099,-0.233590,-0.454512,-0.676769,0.529941,2322.640625,1537.923828,-3323.784180,2323.765381,1457.233276,-3334.133789,2334.652832,1581.279907,-3351.903076,2306.978516,1489.009521,-3283.273926,2325.166016,1624.172974,-3325.825439,2323.941895,1457.160645,-3334.192871,2334.439209,1581.400146,-3352.007568,2306.821289,1489.044312,-3283.164062,2325.350830,1624.095947,-3325.777832,2616.299072,1567.746948,-3159.787354,,,,,,,,,,,,,,,,,,,,,,,,,,,,,,,,,
11271,112.710000,0.000000,0.000000,0.000000,1.000000,0.000000,0.000000,0.000000,57.698101,20.499701,-14.700500,0.047771,-0.013570,0.015998,-15.666301,-52.738201,18.801300,-93.396698,0.129960,17.611099,-0.233798,-0.454591,-0.676421,0.530226,2322.926270,1537.992676,-3324.096680,2324.093018,1457.297607,-3334.406006,2334.894775,1581.341675,-3352.245117,2307.318604,1489.089722,-3283.552002,2325.398193,1624.242310,-3326.183594,2324.284668,1457.221436,-3334.441406,2334.640869,1581.474609,-3352.358887,2307.157227,1489.141479,-3283.472900,2325.612305,1624.139038,-3326.120361,2616.314209,1567.751587,-3159.772705,,,,,,,,,,,,,,,,,,,,,,,,,,,,,,,,,
11272,112.720000,0.000000,0.000000,0.000000,1.000000,0.000000,0.000000,0.000000,57.698101,20.499701,-14.700500,0.047771,-0.013570,0.015998,-15.666301,-52.738201,18.801300,-93.396698,0.129960,17.611099,-0.234216,-0.454441,-0.676003,0.530704,2323.144043,1538.052246,-3324.382812,2324.348389,1457.353760,-3334.661377,2335.046875,1581.397583,-3352.564453,2307.622559,1489.155396,-3283.797607,2325.557861,1624.302368,-3326.507324,2324.531006,1457.275879,-3334.671387,2334.791504,1581.518677,-3352.676514,2307.479736,1489.253418,-3283.767334,2325.768555,1624.161255,-3326.420410,2616.314453,1567.714722,-3159.767578,,,,,,,,,,,,,,,,,,,,,,,,,,,,,,,,,
11273,112.730000,0.000000,0.000000,0.000000,1.000000,0.000000,0.000000,0.000000,57.698101,20.499701,-14.700500,0.047771,-0.013570,0.015998,-15.666301,-52.738201,18.801300,-93.396698,0.129960,17.611099,-0.234247,-0.454579,-0.675687,0.530974,2323.327637,1538.085938,-3324.663330,2324.588623,1457.384521,-3334.911865,2335.190186,1581.429199,-3352.865234,2307.854004,1489.193115,-3284.054932,2325.677490,1624.337036,-3326.821533,2324.757812,1457.288574,-3334.909912,2334.941406,1581.565674,-3352.953369,2307.725098,1489.291260,-3284.044678,2325.880615,1624.199463,-3326.748535,2616.307617,1567.740723,-3159.774902,,,,,,,,,,,,,,,,,,,,,,,,,,,,,,,,,
11274,112.740000,0.000000,0.000000,0.000000,1.000000,0.000000,0.000000,0.000000,57.698101,20.499701,-14.700500,0.047771,-0.013570,0.015998,-15.666301,-52.738201,18.801300,-93.396698,0.129960,17.611099,-0.234429,-0.454648,-0.675303,0.531323,2323.505371,1538.156860,-3324.929932,2324.819824,1457.451538,-3335.141113,2335.316895,1581.495728,-3353.159912,2308.095459,1489.271606,-3284.288086,2325.789551,1624.408691,-3327.130371,2324.990967,1457.332764,-3335.130127,2335.053711,1581.631470,-3353.229736,2307.972412,1489.392212,-3284.302246,2325.999268,1624.271851,-3327.058594,2616.275391,1567.742432,-3159.786621,,,,,,,,,,,,,,,,,,,,,,,,,,,,,,,,,
11275,112.750000,0.000000,0.000000,0.000000,1.000000,0.000000,0.000000,0.000000,57.698101,20.499701,-14.700500,0.047771,-0.013570,0.015998,-15.666301,-52.738201,18.801300,-93.396698,0.129960,17.611099,-0.234316,-0.454809,-0.674900,0.531748,2323.618896,1538.215942,-3325.177246,2325.025879,1457.509644,-3335.367432,2335.372314,1581.561279,-3353.421631,2308.276855,1489.323364,-3284.518799,2325.800537,1624.469849,-3327.400879,2325.178223,1457.378174,-3335.351562,2335.124512,1581.669067,-3353.451660,2308.177002,1489.493652,-3284.571289,2325.988770,1624.324097,-3327.333496,2616.309082,1567.750122,-3159.768066,,,,,,,,,,,,,,,,,,,,,,,,,,,,,,,,,
11276,112.760000,0.000000,0.000000,0.000000,1.000000,0.000000,0.000000,0.000000,57.698101,20.499701,-14.700500,0.047771,-0.013570,0.015998,-15.666301,-52.738201,18.801300,-93.396698,0.129960,17.611099,-0.234242,-0.454855,-0.674636,0.532075,2323.722656,1538.292480,-3325.407471,2325.192139,1457.586670,-3335.592529,2335.433105,1581.645386,-3353.658203,2308.431396,1489.390381,-3284.741455,2325.833496,1624.548096,-3327.637939,2325.322266,1457.463989,-3335.579102,2335.220215,1581.786011,-3353.679688,2308.343994,1489.525635,-3284.775391,2326.000244,1624.394531,-3327.593750,2616.312012,1567.715454,-3159.758057,,,,,,,,,,,,,,,,,,,,,,,,,,,,,,,,,
11277,112.770000,0.000000,0.000000,0.000000,1.000000,0.000000,0.000000,0.000000,57.698101,20.499701,-14.700500,0.047771,-0.013570,0.015998,-15.666301,-52.738201,18.801300,-93.396698,0.129960,17.611099,-0.234281,-0.454784,-0.674339,0.532494,2323.752686,1538.349365,-3325.603027,2325.281494,1457.644409,-3335.787354,2335.409424,1581.711182,-3353.862305,2308.527588,1489.435669,-3284.926025,2325.792236,1624.606445,-3327.836426,2325.394287,1457.511963,-3335.794922,2335.226318,1581.837769,-3353.853516,2308.457031,1489.635010,-3284.966553,2325.930420,1624.414795,-3327.796143,2616.281738,1567.752075,-3159.774658,,,,,,,,,,,,,,,,,,,,,,,,,,,,,,,,,
11278,112.780000,0.000000,0.000000,0.000000,1.000000,0.000000,0.000000,0.000000,57.698101,20.499701,-14.700500,0.047771,-0.013570,0.015998,-15.666301,-52.738201,18.801300,-93.396698,0.129960,17.611099,-0.234146,-0.454984,-0.674134,0.532643,2323.799805,1538.430908,-3325.798096,2325.381592,1457.724609,-3335.962646,2335.433838,1581.793335,-3354.065918,2308.599121,1489.517334,-3285.111572,2325.784912,1624.688843,-3328.052002,2325.464844,1457.559692,-3335.958008,2335.311035,1581.948730,-3354.099609,2308.545654,1489.687744,-3285.141113,2325.877686,1624.528076,-3327.993652,2616.299805,1567.726562,-3159.784668,,,,,,,,,,,,,,,,,,,,,,,,,,,,,,,,,
11279,112.790000,0.000000,0.000000,0.000000,1.000000,0.000000,0.000000,0.000000,57.698101,20.499701,-14.700500,0.047771,-0.013570,0.015998,-15.666301,-52.738201,18.801300,-93.396698,0.129960,17.611099,-0.234218,-0.454878,-0.673879,0.533024,2323.825439,1538.521362,-3325.960449,2325.454346,1457.816284,-3336.126953,2335.411133,1581.891846,-3354.235352,2308.685059,1489.597168,-3285.264404,2325.750977,1624.780640,-3328.214600,2325.536377,1457.648071,-3336.117676,2335.286377,1582.063599,-3354.270996,2308.629395,1489.738525,-3285.288086,2325.847168,1624.635864,-3328.165283,2616.286377,1567.739990,-3159.788574,,,,,,,,,,,,,,,,,,,,,,,,,,,,,,,,,
11280,112.800000,0.000000,0.000000,0.000000,1.000000,0.000000,0.000000,0.000000,57.698101,20.499701,-14.700500,0.047771,-0.013570,0.015998,-15.666301,-52.738201,18.801300,-93.396698,0.129960,17.611099,-0.234152,-0.454870,-0.673539,0.533491,2323.833984,1538.632935,-3326.111328,2325.542236,1457.929443,-3336.278076,2335.359863,1582.015381,-3354.392578,2308.765381,1489.693237,-3285.407227,2325.668213,1624.894165,-3328.367188,2325.598877,1457.740845,-3336.257324,2335.276367,1582.214722,-3354.445801,2308.726318,1489.817749,-3285.430664,2325.733154,1624.760010,-3328.313721,2616.270264,1567.738770,-3159.789551,,,,,,,,,,,,,,,,,,,,,,,,,,,,,,,,,
11281,112.810000,0.000000,0.000000,0.000000,1.000000,0.000000,0.000000,0.000000,57.698101,20.499701,-14.700500,0.047771,-0.013570,0.015998,-15.666301,-52.738201,18.801300,-93.396698,0.129960,17.611099,-0.233978,-0.454950,-0.673155,0.533983,2323.840576,1538.700562,-3326.242920,2325.648193,1457.998901,-3336.406738,2335.302734,1582.096313,-3354.529541,2308.846680,1489.743530,-3285.532227,2325.564697,1624.963989,-3328.502930,2325.719727,1457.841187,-3336.401367,2335.204590,1582.275024,-3354.587158,2308.792480,1489.857422,-3285.534424,2325.643311,1624.830811,-3328.450439,2616.259521,1567.740601,-3159.776855,,,,,,,,,,,,,,,,,,,,,,,,,,,,,,,,,
11282,112.820000,0.000000,0.000000,0.000000,1.000000,0.000000,0.000000,0.000000,57.698101,20.499701,-14.700500,0.047771,-0.013570,0.015998,-15.666301,-52.738201,18.801300,-93.396698,0.129960,17.611099,-0.234175,-0.454795,-0.672715,0.534582,2323.857422,1538.844360,-3326.389893,2325.735596,1458.143188,-3336.545898,2335.241455,1582.248291,-3354.695312,2308.961670,1489.876831,-3285.655518,2325.490234,1625.109253,-3328.662354,2325.802979,1457.954712,-3336.528076,2335.153076,1582.467041,-3354.783447,2308.908203,1489.988037,-3285.658936,2325.562500,1624.972778,-3328.593750,2616.307617,1567.733398,-3159.766602,,,,,,,,,,,,,,,,,,,,,,,,,,,,,,,,,
11283,112.830000,0.000000,0.000000,0.000000,1.000000,0.000000,0.000000,0.000000,57.698101,20.499701,-14.700500,0.047771,-0.013570,0.015998,-15.666301,-52.738201,18.801300,-93.396698,0.129960,17.611099,-0.234132,-0.454622,-0.672355,0.535200,2323.867676,1538.954712,-3326.515137,2325.831787,1458.258423,-3336.692627,2335.176758,1582.378906,-3354.820068,2309.064453,1489.960083,-3285.780029,2325.397217,1625.221924,-3328.768311,2325.900146,1458.068848,-3336.659912,2335.093262,1582.641846,-3354.957031,2309.003418,1490.029541,-3285.769531,2325.471680,1625.095825,-3328.687988,2616.287109,1567.702759,-3159.775879,,,,,,,,,,,,,,,,,,,,,,,,,,,,,,,,,
11284,112.840000,0.000000,0.000000,0.000000,1.000000,0.000000,0.000000,0.000000,57.698101,20.499701,-14.700500,0.047771,-0.013570,0.015998,-15.666301,-52.738201,18.801300,-93.396698,0.129960,17.611099,-0.234730,-0.453944,-0.672012,0.535945,2323.855957,1539.069214,-3326.636230,2325.837158,1458.376831,-3336.843262,2335.075928,1582.507690,-3354.954346,2309.174072,1490.054443,-3285.881348,2325.336426,1625.337891,-3328.866455,2325.897949,1458.161621,-3336.801270,2335.003662,1582.758301,-3355.096924,2309.120605,1490.121948,-3285.881104,2325.400391,1625.245117,-3328.779297,2616.269287,1567.737915,-3159.775635,,,,,,,,,,,,,,,,,,,,,,,,,,,,,,,,,
11285,112.850000,0.000000,0.000000,0.000000,1.000000,0.000000,0.000000,0.000000,57.698101,20.499701,-14.700500,0.047771,-0.013570,0.015998,-15.666301,-52.738201,18.801300,-93.396698,0.129960,17.611099,-0.234505,-0.453896,-0.671741,0.536424,2323.876465,1539.170898,-3326.745117,2325.944336,1458.483765,-3336.975342,2335.039062,1582.630005,-3355.054199,2309.261963,1490.128174,-3285.999268,2325.260254,1625.441772,-3328.951172,2326.009521,1458.280762,-3336.928711,2334.963623,1582.902222,-3355.221680,2309.200928,1490.176880,-3285.990234,2325.329834,1625.343384,-3328.858154,2616.260742,1567.707520,-3159.788330,,,,,,,,,,,,,,,,,,,,,,,,,,,,,,,,,
11286,112.860000,0.000000,0.000000,0.000000,1.000000,0.000000,0.000000,0.000000,57.698101,20.499701,-14.700500,0.047771,-0.013570,0.015998,-15.666301,-52.738201,18.801300,-93.396698,0.129960,17.611099,-0.234647,-0.453532,-0.671561,0.536893,2323.902588,1539.267090,-3326.840332,2326.001709,1458.585083,-3337.104736,2335.011475,1582.743164,-3355.144531,2309.358398,1490.200806,-3286.097900,2325.238770,1625.539551,-3329.013916,2326.060791,1458.367065,-3337.064941,2334.953613,1583.033325,-3355.322754,2309.298584,1490.239990,-3286.074463,2325.297852,1625.451416,-3328.923340,2616.297852,1567.745850,-3159.774658,,,,,,,,,,,,,,,,,,,,,,,,,,,,,,,,,
11287,112.870000,0.000000,0.000000,0.000000,1.000000,0.000000,0.000000,0.000000,57.698101,20.499701,-14.700500,0.047771,-0.013570,0.015998,-15.666301,-52.738201,18.801300,-93.396698,0.129960,17.611099,-0.234265,-0.453669,-0.671447,0.537087,2323.965576,1539.347656,-3326.927246,2326.133301,1458.669556,-3337.208008,2335.052246,1582.838623,-3355.217285,2309.442871,1490.261108,-3286.201660,2325.234131,1625.621582,-3329.081787,2326.195312,1458.456909,-3337.175049,2334.991699,1583.135620,-3355.393311,2309.375732,1490.272705,-3286.161133,2325.297607,1625.554443,-3329.006104,2616.295898,1567.745605,-3159.775391,,,,,,,,,,,,,,,,,,,,,,,,,,,,,,,,,
11288,112.880000,0.000000,0.000000,0.000000,1.000000,0.000000,0.000000,0.000000,57.698101,20.499701,-14.700500,0.047771,-0.013570,0.015998,-15.666301,-52.738201,18.801300,-93.396698,0.129960,17.611099,-0.233986,-0.453683,-0.671388,0.537271,2324.030518,1539.408081,-3327.020752,2326.246338,1458.734497,-3337.326172,2335.098145,1582.914185,-3355.294922,2309.527832,1490.300415,-3286.313232,2325.250488,1625.683472,-3329.147705,2326.309326,1458.535889,-3337.326904,2335.066895,1583.215454,-3355.511230,2309.445557,1490.294067,-3286.215820,2325.299072,1625.623779,-3329.064453,2616.270996,1567.726074,-3159.781982,,,,,,,,,,,,,,,,,,,,,,,,,,,,,,,,,
11289,112.890000,0.000000,0.000000,0.000000,1.000000,0.000000,0.000000,0.000000,57.698101,20.499701,-14.700500,0.047771,-0.013570,0.015998,-15.666301,-52.738201,18.801300,-93.396698,0.129960,17.611099,-0.233863,-0.453568,-0.671092,0.537791,2324.129883,1539.469238,-3327.117432,2326.426270,1458.800781,-3337.445557,2335.134521,1582.994629,-3355.386719,2309.702881,1490.335449,-3286.414795,2325.255615,1625.746338,-3329.222656,2326.505859,1458.607544,-3337.445068,2335.072266,1583.294678,-3355.595947,2309.608398,1490.316895,-3286.315918,2325.327393,1625.694336,-3329.146973,2616.293701,1567.750732,-3159.780273,,,,,,,,,,,,,,,,,,,,,,,,,,,,,,,,,
11290,112.900000,0.000000,0.000000,0.000000,1.000000,0.000000,0.000000,0.000000,57.698101,20.499701,-14.700500,0.047771,-0.013570,0.015998,-15.666301,-52.738201,18.801300,-93.396698,0.129960,17.611099,-0.233764,-0.453503,-0.671027,0.537971,2324.239990,1539.479004,-3327.230713,2326.564941,1458.813721,-3337.576660,2335.224609,1583.014771,-3355.491943,2309.836670,1490.330933,-3286.536865,2325.333496,1625.756958,-3329.317383,2326.643066,1458.639404,-3337.594238,2335.175537,1583.296875,-3355.702881,2309.741455,1490.333740,-3286.422852,2325.395020,1625.680542,-3329.234131,2616.262695,1567.738037,-3159.784424,,,,,,,,,,,,,,,,,,,,,,,,,,,,,,,,,
11291,112.910000,0.000000,0.000000,0.000000,1.000000,0.000000,0.000000,0.000000,57.698101,20.499701,-14.700500,0.047771,-0.013570,0.015998,-15.666301,-52.738201,18.801300,-93.396698,0.129960,17.611099,-0.234284,-0.453001,-0.670859,0.538377,2324.377441,1539.471802,-3327.348145,2326.686523,1458.808105,-3337.710449,2335.313721,1583.011841,-3355.621338,2310.043701,1490.317261,-3286.637451,2325.466064,1625.750122,-3329.423584,2326.784668,1458.644775,-3337.732910,2335.225098,1583.239502,-3355.796387,2309.936768,1490.304565,-3286.526855,2325.555176,1625.717529,-3329.356934,2616.273193,1567.737061,-3159.781738,,,,,,,,,,,,,,,,,,,,,,,,,,,,,,,,,
11292,112.920000,0.000000,0.000000,0.000000,1.000000,0.000000,0.000000,0.000000,57.698101,20.499701,-14.700500,0.047771,-0.013570,0.015998,-15.666301,-52.738201,18.801300,-93.396698,0.129960,17.611099,-0.233886,-0.453285,-0.670805,0.538378,2324.527100,1539.419434,-3327.474854,2326.889160,1458.756958,-3337.834961,2335.462402,1582.965576,-3355.738770,2310.187256,1490.257080,-3286.775879,2325.569336,1625.698364,-3329.549316,2327.003418,1458.634277,-3337.865479,2335.354736,1583.199951,-3355.937500,2310.056152,1490.221069,-3286.635254,2325.677490,1625.648315,-3329.481201,2616.277100,1567.736572,-3159.779541,,,,,,,,,,,,,,,,,,,,,,,,,,,,,,,,,
11293,112.930000,0.000000,0.000000,0.000000,1.000000,0.000000,0.000000,0.000000,57.698101,20.499701,-14.700500,0.047771,-0.013570,0.015998,-15.666301,-52.738201,18.801300,-93.396698,0.129960,17.611099,-0.233799,-0.453388,-0.670674,0.538492,2324.687744,1539.350342,-3327.632812,2327.084229,1458.687744,-3337.984131,2335.606445,1582.898193,-3355.901123,2310.365967,1490.186279,-3286.929443,2325.694092,1625.629517,-3329.717041,2327.224854,1458.535889,-3338.046387,2335.478516,1583.135620,-3356.103271,2310.214844,1490.185669,-3286.760010,2325.816162,1625.566895,-3329.640869,2616.279541,1567.793213,-3159.781494,,,,,,,,,,,,,,,,,,,,,,,,,,,,,,,,,
11294,112.940000,0.000000,0.000000,0.000000,1.000000,0.000000,0.000000,0.000000,57.698101,20.499701,-14.700500,0.047771,-0.013570,0.015998,-15.666301,-52.738201,18.801300,-93.396698,0.129960,17.611099,-0.233956,-0.453297,-0.670489,0.538730,2324.878662,1539.274414,-3327.812744,2327.295898,1458.611572,-3338.156982,2335.765625,1582.822754,-3356.092041,2310.598389,1490.109863,-3287.095215,2325.854736,1625.553711,-3329.906250,2327.413818,1458.496216,-3338.213867,2335.666260,1583.043457,-3356.282471,2310.468262,1490.131958,-3286.942627,2325.954346,1625.447998,-3329.826660,2616.262207,1567.768066,-3159.800049,,,,,,,,,,,,,,,,,,,,,,,,,,,,,,,,,
11295,112.950000,0.000000,0.000000,0.000000,1.000000,0.000000,0.000000,0.000000,57.698101,20.499701,-14.700500,0.047771,-0.013570,0.015998,-15.666301,-52.738201,18.801300,-93.396698,0.129960,17.611099,-0.234166,-0.453113,-0.670290,0.539042,2325.075684,1539.170044,-3327.991211,2327.512939,1458.507935,-3338.336426,2335.922607,1582.721924,-3356.280518,2310.847656,1490.000977,-3287.260986,2326.019287,1625.449585,-3330.086670,2327.621826,1458.435181,-3338.382812,2335.826904,1582.935913,-3356.465820,2310.723633,1490.010742,-3287.117676,2326.117920,1625.319214,-3330.011963,2616.291260,1567.716797,-3159.773438,,,,,,,,,,,,,,,,,,,,,,,,,,,,,,,,,
11296,112.960000,0.000000,0.000000,0.000000,1.000000,0.000000,0.000000,0.000000,57.698101,20.499701,-14.700500,0.047771,-0.013570,0.015998,-15.666301,-52.738201,18.801300,-93.396698,0.129960,17.611099,-0.234587,-0.452643,-0.670213,0.539349,2325.309082,1539.071289,-3328.170410,2327.723145,1458.411621,-3338.539062,2336.121582,1582.629028,-3356.463623,2311.132080,1489.893555,-3287.432861,2326.259033,1625.351318,-3330.245605,2327.839844,1458.381470,-3338.564453,2335.994629,1582.793823,-3356.628906,2311.010986,1489.905273,-3287.328857,2326.380371,1625.214355,-3330.168701,2616.284424,1567.701294,-3159.763184,,,,,,,,,,,,,,,,,,,,,,,,,,,,,,,,,
11297,112.970000,0.000000,0.000000,0.000000,1.000000,0.000000,0.000000,0.000000,57.698101,20.499701,-14.700500,0.047771,-0.013570,0.015998,-15.666301,-52.738201,18.801300,-93.396698,0.129960,17.611099,-0.234981,-0.452194,-0.670168,0.539611,2325.548584,1538.918579,-3328.338623,2327.936279,1458.261108,-3338.731201,2336.332520,1582.481812,-3356.634521,2311.415527,1489.732788,-3287.595703,2326.510498,1625.198975,-3330.392822,2328.038818,1458.227783,-3338.730225,2336.216553,1582.669312,-3356.816650,2311.307861,1489.739502,-3287.518311,2326.623291,1625.050903,-3330.304932,2616.301514,1567.739014,-3159.774170,,,,,,,,,,,,,,,,,,,,,,,,,,,,,,,,,
11298,112.980000,0.000000,0.000000,0.000000,1.000000,0.000000,0.000000,0.000000,57.698101,20.499701,-14.700500,0.047771,-0.013570,0.015998,-15.666301,-52.738201,18.801300,-93.396698,0.129960,17.611099,-0.235420,-0.451608,-0.670066,0.540037,2325.820068,1538.771973,-3328.508789,2328.191162,1458.118774,-3338.939209,2336.556641,1582.347290,-3356.804199,2311.754395,1489.568848,-3287.763428,2326.777588,1625.053223,-3330.528564,2328.293457,1458.109741,-3338.935303,2336.433594,1582.501221,-3356.961182,2311.653809,1489.588379,-3287.703857,2326.894531,1624.891602,-3330.444580,2616.259766,1567.755859,-3159.790039,,,,,,,,,,,,,,,,,,,,,,,,,,,,,,,,,
11299,112.990000,0.000000,0.000000,0.000000,1.000000,0.000000,0.000000,0.000000,57.698101,20.499701,-14.700500,0.047771,-0.013570,0.015998,-15.666301,-52.738201,18.801300,-93.396698,0.129960,17.611099,-0.236098,-0.450704,-0.670077,0.540482,2326.141846,1538.627563,-3328.702393,2328.452393,1457.980591,-3339.194580,2336.833984,1582.217651,-3356.991699,2312.146973,1489.402344,-3287.959229,2327.134033,1624.909668,-3330.663818,2328.572266,1458.013550,-3339.174561,2336.672852,1582.352905,-3357.143311,2312.036621,1489.402954,-3287.915771,2327.283691,1624.738770,-3330.584473,2616.263428,1567.769409,-3159.795654,,,,,,,,,,,,,,,,,,,,,,,,,,,,,,,,,
11300,113.000000,0.000000,0.000000,0.000000,1.000000,0.000000,0.000000,0.000000,57.698101,20.499701,-14.700500,0.047771,-0.013570,0.015998,-15.666301,-52.738201,18.801300,-93.396698,0.129960,17.611099,-0.236992,-0.449526,-0.670237,0.540873,2326.442139,1538.470581,-3328.900391,2328.642090,1457.831421,-3339.474609,2337.100586,1582.076660,-3357.177979,2312.509521,1489.221069,-3288.165283,2327.516602,1624.753540,-3330.783447,2328.742432,1457.823364,-3339.458008,2336.967529,1582.212036,-3357.312012,2312.418457,1489.250488,-3288.134033,2327.637939,1624.596191,-3330.703613,2616.259277,1567.768066,-3159.793945,,,,,,,,,,,,,,,,,,,,,,,,,,,,,,,,,
11301,113.010000,0.000000,0.000000,0.000000,1.000000,0.000000,0.000000,0.000000,57.698101,20.499701,-14.700500,0.047771,-0.013570,0.015998,-15.666301,-52.738201,18.801300,-93.396698,0.129960,17.611099,-0.237752,-0.448417,-0.670453,0.541191,2326.770020,1538.308960,-3329.101562,2328.862549,1457.678345,-3339.762207,2337.404785,1581.932617,-3357.360840,2312.885254,1489.032593,-3288.382812,2327.927490,1624.592651,-3330.900146,2328.962158,1457.643188,-3339.741699,2337.270264,1582.084717,-3357.495850,2312.795654,1489.063599,-3288.355713,2328.048340,1624.448853,-3330.820801,2616.297363,1567.773560,-3159.785400,,,,,,,,,,,,,,,,,,,,,,,,,,,,,,,,,
11302,113.020000,0.000000,0.000000,0.000000,1.000000,0.000000,0.000000,0.000000,57.698101,20.499701,-14.700500,0.047771,-0.013570,0.015998,-15.666301,-52.738201,18.801300,-93.396698,0.129960,17.611099,-0.238576,-0.447302,-0.670541,0.541643,2327.094238,1538.162231,-3329.286865,2329.096924,1457.539551,-3340.025391,2337.686523,1581.803223,-3357.535156,2313.281006,1488.859741,-3288.575195,2328.312744,1624.446533,-3331.011230,2329.198486,1457.522461,-3339.967773,2337.520264,1581.967896,-3357.648193,2313.192627,1488.838745,-3288.580322,2328.459229,1624.330933,-3330.959961,2616.297363,1567.793579,-3159.789551,,,,,,,,,,,,,,,,,,,,,,,,,,,,,,,,,
11303,113.030000,0.000000,0.000000,0.000000,1.000000,0.000000,0.000000,0.000000,57.698101,20.499701,-14.700500,0.047771,-0.013570,0.015998,-15.666301,-52.738201,18.801300,-93.396698,0.129960,17.611099,-0.238845,-0.446597,-0.670659,0.541960,2327.402100,1538.028564,-3329.458252,2329.367920,1457.415283,-3340.272949,2337.968262,1581.692383,-3357.681152,2313.630127,1488.692993,-3288.772705,2328.642090,1624.314209,-3331.105713,2329.443848,1457.410034,-3340.188721,2337.828369,1581.855347,-3357.774414,2313.557617,1488.610840,-3288.795654,2328.769531,1624.251831,-3331.081787,2616.273682,1567.710938,-3159.788574,,,,,,,,,,,,,,,,,,,,,,,,,,,,,,,,,
11304,113.040000,0.000000,0.000000,0.000000,1.000000,0.000000,0.000000,0.000000,57.698101,20.499701,-14.700500,0.047771,-0.013570,0.015998,-15.666301,-52.738201,18.801300,-93.396698,0.129960,17.611099,-0.239142,-0.445820,-0.670835,0.542251,2327.714600,1537.915649,-3329.626953,2329.629883,1457.312500,-3340.526367,2338.260254,1581.603516,-3357.820557,2313.978760,1488.544678,-3288.972412,2328.990234,1624.202393,-3331.188721,2329.703857,1457.323730,-3340.451660,2338.121582,1581.745117,-3357.889160,2313.906006,1488.442993,-3288.987061,2329.117676,1624.159668,-3331.185547,2616.289551,1567.730103,-3159.775146,,,,,,,,,,,,,,,,,,,,,,,,,,,,,,,,,
11305,113.050000,0.000000,0.000000,0.000000,1.000000,0.000000,0.000000,0.000000,57.698101,20.499701,-14.700500,0.047771,-0.013570,0.015998,-15.666301,-52.738201,18.801300,-93.396698,0.129960,17.611099,-0.239120,-0.445276,-0.671040,0.542453,2328.020996,1537.788574,-3329.800537,2329.913574,1457.196411,-3340.784668,2338.556885,1581.503540,-3357.955811,2314.301758,1488.378296,-3289.188232,2329.312256,1624.076660,-3331.273682,2329.993896,1457.173828,-3340.712646,2338.406982,1581.676514,-3358.028076,2314.222168,1488.275513,-3289.195557,2329.448486,1624.043335,-3331.272705,2616.287842,1567.752686,-3159.788086,,,,,,,,,,,,,,,,,,,,,,,,,,,,,,,,,
11306,113.060000,0.000000,0.000000,0.000000,1.000000,0.000000,0.000000,0.000000,57.698101,20.499701,-14.700500,0.047771,-0.013570,0.015998,-15.666301,-52.738201,18.801300,-93.396698,0.129960,17.611099,-0.238896,-0.444783,-0.671115,0.542865,2328.292480,1537.662598,-3329.969727,2330.213867,1457.084106,-3341.048828,2338.792969,1581.415039,-3358.079590,2314.617432,1488.198853,-3289.407227,2329.544922,1623.952759,-3331.342773,2330.314209,1457.011719,-3340.987549,2338.606934,1581.580444,-3358.123291,2314.529785,1488.117554,-3289.419678,2329.707520,1623.956665,-3331.351807,2616.274414,1567.719604,-3159.787842,,,,,,,,,,,,,,,,,,,,,,,,,,,,,,,,,
11307,113.070000,0.000000,0.000000,0.000000,1.000000,0.000000,0.000000,0.000000,57.698101,20.499701,-14.700500,0.047771,-0.013570,0.015998,-15.666301,-52.738201,18.801300,-93.396698,0.129960,17.611099,-0.239076,-0.443728,-0.671423,0.543268,2328.563721,1537.531128,-3330.183594,2330.430420,1456.970581,-3341.401611,2339.039551,1581.326172,-3358.236328,2314.930908,1488.005249,-3289.682861,2329.853760,1623.822876,-3331.413086,2330.529053,1456.870117,-3341.375977,2338.875977,1581.457275,-3358.270020,2314.848145,1487.960693,-3289.673096,2329.996094,1623.845825,-3331.416504,2616.287842,1567.736206,-3159.773682,,,,,,,,,,,,,,,,,,,,,,,,,,,,,,,,,
11308,113.080000,0.000000,0.000000,0.000000,1.000000,0.000000,0.000000,0.000000,57.698101,20.499701,-14.700500,0.047771,-0.013570,0.015998,-15.666301,-52.738201,18.801300,-93.396698,0.129960,17.611099,-0.239058,-0.442892,-0.671710,0.543602,2328.852051,1537.445801,-3330.425049,2330.687012,1456.902222,-3341.770508,2339.309570,1581.281738,-3358.420654,2315.249268,1487.860352,-3289.987061,2330.162109,1623.739014,-3331.521729,2330.807373,1456.798950,-3341.772949,2339.130371,1581.431274,-3358.472168,2315.147705,1487.843506,-3289.945068,2330.316162,1623.719360,-3331.514404,2616.328613,1567.735107,-3159.773193,,,,,,,,,,,,,,,,,,,,,,,,,,,,,,,,,
11309,113.090000,0.000000,0.000000,0.000000,1.000000,0.000000,0.000000,0.000000,57.698101,20.499701,-14.700500,0.047771,-0.013570,0.015998,-15.666301,-52.738201,18.801300,-93.396698,0.129960,17.611099,-0.239390,-0.442062,-0.671988,0.543789,2329.114014,1537.300049,-3330.691162,2330.873535,1456.767578,-3342.126953,2339.565186,1581.158813,-3358.653320,2315.530029,1487.680542,-3290.288330,2330.486816,1623.593506,-3331.695557,2331.001709,1456.598999,-3342.125244,2339.377686,1581.336548,-3358.714844,2315.422852,1487.648926,-3290.243896,2330.649414,1623.624023,-3331.686279,2616.315430,1567.695312,-3159.755615,,,,,,,,,,,,,,,,,,,,,,,,,,,,,,,,,
11310,113.100000,0.000000,0.000000,0.000000,1.000000,0.000000,0.000000,0.000000,57.698101,20.499701,-14.700500,0.047771,-0.013570,0.015998,-15.666301,-52.738201,18.801300,-93.396698,0.129960,17.611099,-0.239324,-0.441506,-0.672258,0.543935,2329.384766,1537.174194,-3330.969482,2331.113770,1456.654175,-3342.496826,2339.835205,1581.061279,-3358.887695,2315.806641,1487.513428,-3290.615967,2330.783691,1623.468262,-3331.877441,2331.207275,1456.491211,-3342.484375,2339.709229,1581.301392,-3358.998047,2315.716309,1487.478394,-3290.560303,2330.897217,1623.447266,-3331.848389,2616.296143,1567.747437,-3159.768799,,,,,,,,,,,,,,,,,,,,,,,,,,,,,,,,,
11311,113.110000,0.000000,0.000000,0.000000,1.000000,0.000000,0.000000,0.000000,57.698101,20.499701,-14.700500,0.047771,-0.013570,0.015998,-15.666301,-52.738201,18.801300,-93.396698,0.129960,17.611099,-0.239475,-0.440954,-0.672438,0.544094,2329.657715,1537.062012,-3331.270508,2331.346191,1456.550781,-3342.864746,2340.101074,1580.967773,-3359.161865,2316.095459,1487.373535,-3290.945557,2331.088623,1623.356201,-3332.109375,2331.431152,1456.375488,-3342.846924,2340.001221,1581.268311,-3359.333496,2316.002686,1487.333862,-3290.872314,2331.185303,1623.308472,-3332.055664,2616.250488,1567.739136,-3159.788574,,,,,,,,,,,,,,,,,,,,,,,,,,,,,,,,,
11312,113.120000,0.000000,0.000000,0.000000,1.000000,0.000000,0.000000,0.000000,57.698101,20.499701,-14.700500,0.047771,-0.013570,0.015998,-15.666301,-52.738201,18.801300,-93.396698,0.129960,17.611099,-0.239631,-0.440287,-0.672353,0.544670,2329.888916,1537.052734,-3331.621582,2331.593018,1456.552979,-3343.293213,2340.272461,1580.988647,-3359.487793,2316.406738,1487.321411,-3291.322754,2331.282959,1623.348389,-3332.382568,2331.655762,1456.317383,-3343.308105,2340.224854,1581.223633,-3359.629639,2316.325928,1487.237305,-3291.215332,2331.346191,1623.433960,-3332.348877,2616.271973,1567.738770,-3159.786133,,,,,,,,,,,,,,,,,,,,,,,,,,,,,,,,,
11313,113.130000,0.000000,0.000000,0.000000,1.000000,0.000000,0.000000,0.000000,57.698101,20.499701,-14.700500,0.047771,-0.013570,0.015998,-15.666301,-52.738201,18.801300,-93.396698,0.129960,17.611099,-0.239740,-0.439521,-0.672436,0.545139,2330.119873,1536.959473,-3331.961914,2331.814453,1456.474121,-3343.733154,2340.462402,1580.929932,-3359.788818,2316.696289,1487.178467,-3291.704834,2331.506348,1623.256104,-3332.620361,2331.892090,1456.202515,-3343.761963,2340.399902,1581.182373,-3359.935059,2316.608154,1487.128906,-3291.592285,2331.577637,1623.321533,-3332.578125,2616.261719,1567.712402,-3159.780518,,,,,,,,,,,,,,,,,,,,,,,,,,,,,,,,,
11314,113.140000,0.000000,0.000000,0.000000,1.000000,0.000000,0.000000,0.000000,57.698101,20.499701,-14.700500,0.047771,-0.013570,0.015998,-15.666301,-52.738201,18.801300,-93.396698,0.129960,17.611099,-0.239336,-0.439392,-0.672485,0.545359,2330.395020,1536.877930,-3332.351562,2332.135498,1456.402344,-3344.183594,2340.720459,1580.875000,-3360.142578,2316.988525,1487.058838,-3292.135742,2331.735352,1623.175659,-3332.943604,2332.208984,1456.149414,-3344.188477,2340.660156,1581.164795,-3360.322998,2316.903076,1487.017700,-3292.039062,2331.803223,1623.196045,-3332.883301,2616.274414,1567.744141,-3159.778564,,,,,,,,,,,,,,,,,,,,,,,,,,,,,,,,,
11315,113.150000,0.000000,0.000000,0.000000,1.000000,0.000000,0.000000,0.000000,57.698101,20.499701,-14.700500,0.047771,-0.013570,0.015998,-15.666301,-52.738201,18.801300,-93.396698,0.129960,17.611099,-0.240069,-0.438471,-0.672414,0.545866,2330.626465,1536.764648,-3332.721680,2332.311279,1456.295898,-3344.607910,2340.897705,1580.775635,-3360.510986,2317.303223,1486.925049,-3292.503906,2331.993652,1623.062256,-3333.263916,2332.368408,1456.032104,-3344.596924,2340.855957,1581.071899,-3360.693115,2317.229980,1486.867798,-3292.420654,2332.049805,1623.102295,-3333.205078,2616.272705,1567.721191,-3159.774902,,,,,,,,,,,,,,,,,,,,,,,,,,,,,,,,,
11316,113.160000,0.000000,0.000000,0.000000,1.000000,0.000000,0.000000,0.000000,57.698101,20.499701,-14.700500,0.047771,-0.013570,0.015998,-15.666301,-52.738201,18.801300,-93.396698,0.129960,17.611099,-0.240344,-0.437982,-0.672246,0.546344,2330.835693,1536.654785,-3333.081299,2332.532227,1456.191895,-3345.005371,2341.052246,1580.681641,-3360.865479,2317.586182,1486.792969,-3292.866699,2332.171631,1622.953125,-3333.587402,2332.614258,1455.912231,-3344.991943,2340.961182,1580.994873,-3361.021484,2317.502930,1486.759277,-3292.799072,2332.259521,1622.969482,-3333.538086,2616.252930,1567.743408,-3159.774902,,,,,,,,,,,,,,,,,,,,,,,,,,,,,,,,,
11317,113.170000,0.000000,0.000000,0.000000,1.000000,0.000000,0.000000,0.000000,57.698101,20.499701,-14.700500,0.047771,-0.013570,0.015998,-15.666301,-52.738201,18.801300,-93.396698,0.129960,17.611099,-0.240957,-0.437267,-0.671982,0.546971,2331.022705,1536.521606,-3333.423096,2332.712158,1456.063354,-3345.380127,2341.165039,1580.560913,-3361.214844,2317.877441,1486.641724,-3293.196533,2332.336182,1622.820435,-3333.901123,2332.791748,1455.811646,-3345.350342,2341.059814,1580.828613,-3361.335205,2317.801025,1486.594727,-3293.155518,2332.433350,1622.861206,-3333.865479,2616.264648,1567.741333,-3159.789307,,,,,,,,,,,,,,,,,,,,,,,,,,,,,,,,,
11318,113.180000,0.000000,0.000000,0.000000,1.000000,0.000000,0.000000,0.000000,57.698101,20.499701,-14.700500,0.047771,-0.013570,0.015998,-15.666301,-52.738201,18.801300,-93.396698,0.129960,17.611099,-0.241227,-0.436766,-0.671767,0.547516,2331.191650,1536.387573,-3333.768311,2332.902588,1455.935547,-3345.764160,2341.270996,1580.444458,-3361.555176,2318.130615,1486.483154,-3293.544678,2332.461914,1622.687256,-3334.209229,2332.972412,1455.676514,-3345.728516,2341.174561,1580.703125,-3361.661621,2318.070557,1486.488159,-3293.531738,2332.545166,1622.686768,-3334.163086,2616.276611,1567.751587,-3159.775391,,,,,,,,,,,,,,,,,,,,,,,,,,,,,,,,,
11319,113.190000,0.000000,0.000000,0.000000,1.000000,0.000000,0.000000,0.000000,57.698101,20.499701,-14.700500,0.047771,-0.013570,0.015998,-15.666301,-52.738201,18.801300,-93.396698,0.129960,17.611099,-0.241573,-0.436481,-0.671652,0.547733,2331.376221,1536.274658,-3334.142334,2333.073486,1455.822876,-3346.140625,2341.428223,1580.331543,-3361.939209,2318.355469,1486.370239,-3293.906006,2332.648193,1622.574341,-3334.583984,2333.161621,1455.553101,-3346.111572,2341.308838,1580.580566,-3362.049072,2318.280518,1486.354980,-3293.879883,2332.752197,1622.609985,-3334.540283,2616.266846,1567.749146,-3159.784424,,,,,,,,,,,,,,,,,,,,,,,,,,,,,,,,,
11320,113.200000,0.000000,0.000000,0.000000,1.000000,0.000000,0.000000,0.000000,57.698101,20.499701,-14.700500,0.047771,-0.013570,0.015998,-15.666301,-52.738201,18.801300,-93.396698,0.129960,17.611099,-0.242092,-0.435756,-0.671534,0.548224,2331.513916,1536.126587,-3334.481445,2333.185791,1455.681152,-3346.526367,2341.511475,1580.198364,-3362.274170,2318.572021,1486.200562,-3294.246094,2332.786133,1622.426514,-3334.878906,2333.267822,1455.416870,-3346.491211,2341.395264,1580.404785,-3362.361572,2318.507812,1486.199341,-3294.242432,2332.885986,1622.475586,-3334.835205,2616.284668,1567.760376,-3159.783203,,,,,,,,,,,,,,,,,,,,,,,,,,,,,,,,,
11321,113.210000,0.000000,0.000000,0.000000,1.000000,0.000000,0.000000,0.000000,57.698101,20.499701,-14.700500,0.047771,-0.013570,0.015998,-15.666301,-52.738201,18.801300,-93.396698,0.129960,17.611099,-0.242494,-0.435224,-0.671498,0.548513,2331.662598,1535.980347,-3334.815918,2333.303467,1455.539185,-3346.894043,2341.629395,1580.060913,-3362.605713,2318.767822,1486.041260,-3294.581543,2332.949951,1622.280151,-3335.182129,2333.369385,1455.271729,-3346.844727,2341.531250,1580.283325,-3362.694824,2318.713379,1486.024170,-3294.585693,2333.037109,1622.335083,-3335.143066,2616.274902,1567.764160,-3159.777832,,,,,,,,,,,,,,,,,,,,,,,,,,,,,,,,,
11322,113.220000,0.000000,0.000000,0.000000,1.000000,0.000000,0.000000,0.000000,57.698101,20.499701,-14.700500,0.047771,-0.013570,0.015998,-15.666301,-52.738201,18.801300,-93.396698,0.129960,17.611099,-0.242636,-0.434988,-0.671341,0.548830,2331.786133,1535.805786,-3335.132568,2333.446045,1455.367432,-3347.226318,2341.714844,1579.894897,-3362.922363,2318.941406,1485.854980,-3294.896973,2333.042236,1622.106201,-3335.484619,2333.519775,1455.137939,-3347.170898,2341.596924,1580.072754,-3362.990479,2318.886230,1485.849731,-3294.920898,2333.142334,1622.155640,-3335.446533,2616.284180,1567.714355,-3159.781250,,,,,,,,,,,,,,,,,,,,,,,,,,,,,,,,,
11323,113.230000,0.000000,0.000000,0.000000,1.000000,0.000000,0.000000,0.000000,57.698101,20.499701,-14.700500,0.047771,-0.013570,0.015998,-15.666301,-52.738201,18.801300,-93.396698,0.129960,17.611099,-0.242827,-0.434758,-0.671386,0.548873,2331.891357,1535.624023,-3335.447021,2333.523193,1455.187256,-3347.554443,2341.817383,1579.714844,-3363.235352,2319.054199,1485.670166,-3295.212646,2333.170410,1621.924072,-3335.785889,2333.588623,1454.962646,-3347.469971,2341.700928,1579.940674,-3363.321289,2318.999756,1485.628296,-3295.245117,2333.271729,1621.969482,-3335.751709,2616.252930,1567.725830,-3159.785645,,,,,,,,,,,,,,,,,,,,,,,,,,,,,,,,,
11324,113.240000,0.000000,0.000000,0.000000,1.000000,0.000000,0.000000,0.000000,57.698101,20.499701,-14.700500,0.047771,-0.013570,0.015998,-15.666301,-52.738201,18.801300,-93.396698,0.129960,17.611099,-0.242915,-0.434902,-0.671374,0.548735,2331.974854,1535.461060,-3335.777344,2333.594238,1455.019531,-3347.854736,2341.912842,1579.540039,-3363.580078,2319.122559,1485.524292,-3295.526611,2333.269043,1621.760742,-3336.147461,2333.640137,1454.813721,-3347.786377,2341.829590,1579.768188,-3363.653809,2319.073975,1485.440552,-3295.532715,2333.350830,1621.829712,-3336.137939,2616.254395,1567.780884,-3159.785645,,,,,,,,,,,,,,,,,,,,,,,,,,,,,,,,,
11325,113.250000,0.000000,0.000000,0.000000,1.000000,0.000000,0.000000,0.000000,57.698101,20.499701,-14.700500,0.047771,-0.013570,0.015998,-15.666301,-52.738201,18.801300,-93.396698,0.129960,17.611099,-0.243098,-0.434766,-0.671261,0.548900,2332.060303,1535.302246,-3336.067627,2333.682373,1454.860474,-3348.143311,2341.976562,1579.381348,-3363.877930,2319.238037,1485.365479,-3295.807373,2333.344238,1621.602051,-3336.441650,2333.743164,1454.705200,-3348.076660,2341.862549,1579.613892,-3363.937744,2319.179443,1485.291016,-3295.816650,2333.447266,1621.618042,-3336.442383,2616.267334,1567.726929,-3159.787598,,,,,,,,,,,,,,,,,,,,,,,,,,,,,,,,,
11326,113.260000,0.000000,0.000000,0.000000,1.000000,0.000000,0.000000,0.000000,57.698101,20.499701,-14.700500,0.047771,-0.013570,0.015998,-15.666301,-52.738201,18.801300,-93.396698,0.129960,17.611099,-0.243297,-0.434493,-0.671348,0.548921,2332.145752,1535.198486,-3336.352295,2333.731201,1454.758911,-3348.447754,2342.063477,1579.280396,-3364.157715,2319.326660,1485.257080,-3296.096680,2333.461426,1621.497925,-3336.707031,2333.808594,1454.588501,-3348.395020,2341.931885,1579.490723,-3364.220459,2319.255371,1485.178223,-3296.092041,2333.580811,1621.549194,-3336.704834,2616.321533,1567.726440,-3159.756592,,,,,,,,,,,,,,,,,,,,,,,,,,,,,,,,,
11327,113.270000,0.000000,0.000000,0.000000,1.000000,0.000000,0.000000,0.000000,57.698101,20.499701,-14.700500,0.047771,-0.013570,0.015998,-15.666301,-52.738201,18.801300,-93.396698,0.129960,17.611099,-0.243792,-0.433532,-0.671415,0.549380,2332.211182,1535.068726,-3336.643799,2333.742920,1454.641113,-3348.824951,2342.086670,1579.175659,-3364.424316,2319.458496,1485.090454,-3296.412842,2333.557129,1621.368042,-3336.912354,2333.794434,1454.455933,-3348.788818,2342.004883,1579.394531,-3364.486328,2319.403564,1485.014160,-3296.389160,2333.638184,1621.420410,-3336.913818,2616.264648,1567.687744,-3159.766846,,,,,,,,,,,,,,,,,,,,,,,,,,,,,,,,,
11328,113.280000,0.000000,0.000000,0.000000,1.000000,0.000000,0.000000,0.000000,57.698101,20.499701,-14.700500,0.047771,-0.013570,0.015998,-15.666301,-52.738201,18.801300,-93.396698,0.129960,17.611099,-0.244075,-0.432869,-0.671615,0.549531,2332.265381,1534.983276,-3336.941895,2333.735840,1454.564819,-3349.191406,2342.135010,1579.107422,-3364.697510,2319.529053,1484.979248,-3296.737793,2333.661621,1621.281982,-3337.140869,2333.793945,1454.377441,-3349.162598,2342.044678,1579.302246,-3364.751709,2319.468506,1484.890503,-3296.708252,2333.751709,1621.368530,-3337.147461,2616.280029,1567.766479,-3159.779785,,,,,,,,,,,,,,,,,,,,,,,,,,,,,,,,,
11329,113.290000,0.000000,0.000000,0.000000,1.000000,0.000000,0.000000,0.000000,57.698101,20.499701,-14.700500,0.047771,-0.013570,0.015998,-15.666301,-52.738201,18.801300,-93.396698,0.129960,17.611099,-0.244140,-0.432372,-0.671691,0.549801,2332.283691,1534.927368,-3337.186768,2333.742432,1454.518555,-3349.501465,2342.131104,1579.073364,-3364.915283,2319.579834,1484.891602,-3297.011963,2333.681641,1621.226074,-3337.318359,2333.802246,1454.394409,-3349.485107,2342.042725,1579.209473,-3364.964844,2319.515381,1484.793335,-3296.971680,2333.771729,1621.315796,-3337.326416,2616.280273,1567.768921,-3159.784424,,,,,,,,,,,,,,,,,,,,,,,,,,,,,,,,,
11330,113.300000,0.000000,0.000000,0.000000,1.000000,0.000000,0.000000,0.000000,57.698101,20.499701,-14.700500,0.047771,-0.013570,0.015998,-15.666301,-52.738201,18.801300,-93.396698,0.129960,17.611099,-0.244527,-0.431822,-0.671608,0.550163,2332.331787,1534.864136,-3337.415771,2333.770264,1454.460571,-3349.766113,2342.139160,1579.021484,-3365.140137,2319.686279,1484.812012,-3297.243164,2333.731689,1621.162842,-3337.513184,2333.815918,1454.327148,-3349.724121,2342.066650,1579.184204,-3365.207764,2319.632568,1484.705078,-3297.222412,2333.808838,1621.246338,-3337.511230,2616.284668,1567.732666,-3159.790527,,,,,,,,,,,,,,,,,,,,,,,,,,,,,,,,,
11331,113.310000,0.000000,0.000000,0.000000,1.000000,0.000000,0.000000,0.000000,57.698101,20.499701,-14.700500,0.047771,-0.013570,0.015998,-15.666301,-52.738201,18.801300,-93.396698,0.129960,17.611099,-0.244454,-0.431734,-0.671594,0.550282,2332.364990,1534.819946,-3337.633545,2333.817627,1454.419556,-3350.003662,2342.160889,1578.985962,-3365.348633,2319.733398,1484.755493,-3297.471680,2333.747803,1621.119019,-3337.710449,2333.877441,1454.272949,-3349.952393,2342.067871,1579.150635,-3365.434082,2319.661865,1484.594849,-3297.442383,2333.850830,1621.266724,-3337.707764,2616.277344,1567.744751,-3159.775391,,,,,,,,,,,,,,,,,,,,,,,,,,,,,,,,,
11332,113.320000,0.000000,0.000000,0.000000,1.000000,0.000000,0.000000,0.000000,57.698101,20.499701,-14.700500,0.047771,-0.013570,0.015998,-15.666301,-52.738201,18.801300,-93.396698,0.129960,17.611099,-0.244676,-0.431377,-0.671543,0.550525,2332.351318,1534.805298,-3337.821777,2333.793945,1454.408813,-3350.218018,2342.120605,1578.979980,-3365.532227,2319.757812,1484.728271,-3297.663574,2333.732666,1621.104370,-3337.873047,2333.863770,1454.219238,-3350.166992,2342.008545,1579.156250,-3365.603516,2319.686279,1484.603638,-3297.648438,2333.846924,1621.247803,-3337.870117,2616.283691,1567.747192,-3159.784424,,,,,,,,,,,,,,,,,,,,,,,,,,,,,,,,,
11333,113.330000,0.000000,0.000000,0.000000,1.000000,0.000000,0.000000,0.000000,57.698101,20.499701,-14.700500,0.047771,-0.013570,0.015998,-15.666301,-52.738201,18.801300,-93.396698,0.129960,17.611099,-0.244853,-0.430984,-0.671455,0.550861,2332.362793,1534.808716,-3338.011230,2333.809326,1454.417847,-3350.442871,2342.095703,1578.997192,-3365.712646,2319.819580,1484.712158,-3297.861816,2333.726807,1621.108154,-3338.027588,2333.869385,1454.256226,-3350.366211,2341.996094,1579.201294,-3365.822998,2319.748779,1484.556763,-3297.852295,2333.831299,1621.229492,-3338.009521,2616.308838,1567.730347,-3159.772949,,,,,,,,,,,,,,,,,,,,,,,,,,,,,,,,,
11334,113.340000,0.000000,0.000000,0.000000,1.000000,0.000000,0.000000,0.000000,57.698101,20.499701,-14.700500,0.047771,-0.013570,0.015998,-15.666301,-52.738201,18.801300,-93.396698,0.129960,17.611099,-0.244909,-0.430784,-0.671582,0.550837,2332.329834,1534.849976,-3338.205811,2333.747803,1454.462402,-3350.662109,2342.070557,1579.043701,-3365.895996,2319.779053,1484.745239,-3298.069092,2333.721191,1621.148926,-3338.196045,2333.808594,1454.260010,-3350.591797,2341.971436,1579.281738,-3366.000732,2319.703125,1484.564575,-3298.041992,2333.830078,1621.302979,-3338.193115,2616.276855,1567.736816,-3159.776123,,,,,,,,,,,,,,,,,,,,,,,,,,,,,,,,,
11335,113.350000,0.000000,0.000000,0.000000,1.000000,0.000000,0.000000,0.000000,57.698101,20.499701,-14.700500,0.047771,-0.013570,0.015998,-15.666301,-52.738201,18.801300,-93.396698,0.129960,17.611099,-0.245233,-0.430292,-0.671484,0.551197,2332.266113,1534.879272,-3338.379150,2333.673584,1454.496704,-3350.869385,2341.966797,1579.084717,-3366.064697,2319.772705,1484.757812,-3298.245361,2333.651367,1621.178345,-3338.336914,2333.753418,1454.292236,-3350.811279,2341.829102,1579.277222,-3366.114990,2319.690918,1484.592896,-3298.231689,2333.792725,1621.363403,-3338.359863,2616.260742,1567.709839,-3159.775879,,,,,,,,,,,,,,,,,,,,,,,,,,,,,,,,,
11336,113.360000,0.000000,0.000000,0.000000,1.000000,0.000000,0.000000,0.000000,57.698101,20.499701,-14.700500,0.047771,-0.013570,0.015998,-15.666301,-52.738201,18.801300,-93.396698,0.129960,17.611099,-0.244884,-0.430254,-0.671503,0.551360,2332.165039,1534.916504,-3338.538574,2333.614502,1454.541382,-3351.071289,2341.852783,1579.141235,-3366.197754,2319.683838,1484.767578,-3298.435303,2333.508789,1621.216187,-3338.450195,2333.682617,1454.347900,-3351.022949,2341.743408,1579.341553,-3366.267090,2319.608154,1484.609863,-3298.404785,2333.624756,1621.373169,-3338.461670,2616.269043,1567.713745,-3159.783203,,,,,,,,,,,,,,,,,,,,,,,,,,,,,,,,,
11337,113.370000,0.000000,0.000000,0.000000,1.000000,0.000000,0.000000,0.000000,57.698101,20.499701,-14.700500,0.047771,-0.013570,0.015998,-15.666301,-52.738201,18.801300,-93.396698,0.129960,17.611099,-0.244794,-0.430210,-0.671425,0.551529,2332.032471,1534.966064,-3338.687256,2333.510254,1454.593628,-3351.233643,2341.700684,1579.199219,-3366.339600,2319.574219,1484.805542,-3298.591064,2333.344482,1621.266235,-3338.583984,2333.594727,1454.359985,-3351.200439,2341.567871,1579.389038,-3366.386719,2319.488770,1484.648560,-3298.553223,2333.483887,1621.472656,-3338.609863,2616.272461,1567.726685,-3159.774902,,,,,,,,,,,,,,,,,,,,,,,,,,,,,,,,,
11338,113.380000,0.000000,0.000000,0.000000,1.000000,0.000000,0.000000,0.000000,57.698101,20.499701,-14.700500,0.047771,-0.013570,0.015998,-15.666301,-52.738201,18.801300,-93.396698,0.129960,17.611099,-0.244271,-0.430343,-0.671390,0.551699,2331.895508,1535.030396,-3338.828857,2333.444824,1454.664673,-3351.410889,2341.548096,1579.283569,-3366.454590,2319.449219,1484.841919,-3298.763916,2333.139893,1621.331421,-3338.685547,2333.519287,1454.415161,-3351.373535,2341.432129,1579.536011,-3366.520264,2319.367188,1484.682861,-3298.715332,2333.261719,1621.493774,-3338.708252,2616.261475,1567.730835,-3159.783447,,,,,,,,,,,,,,,,,,,,,,,,,,,,,,,,,
11339,113.390000,0.000000,0.000000,0.000000,1.000000,0.000000,0.000000,0.000000,57.698101,20.499701,-14.700500,0.047771,-0.013570,0.015998,-15.666301,-52.738201,18.801300,-93.396698,0.129960,17.611099,-0.244505,-0.429993,-0.671194,0.552107,2331.707520,1535.125488,-3338.974609,2333.273926,1454.763550,-3351.577881,2341.311279,1579.389038,-3366.601074,2319.326660,1484.922485,-3298.907715,2332.918213,1621.427002,-3338.812012,2333.362061,1454.463989,-3351.538818,2341.170166,1579.671387,-3366.657715,2319.234619,1484.744995,-3298.856689,2333.063721,1621.628174,-3338.848389,2616.275146,1567.750732,-3159.790283,,,,,,,,,,,,,,,,,,,,,,,,,,,,,,,,,
11340,113.400000,0.000000,0.000000,0.000000,1.000000,0.000000,0.000000,0.000000,57.698101,20.499701,-14.700500,0.047771,-0.013570,0.015998,-15.666301,-52.738201,18.801300,-93.396698,0.129960,17.611099,-0.244254,-0.429742,-0.670888,0.552785,2331.477295,1535.215088,-3339.074951,2333.142822,1454.863892,-3351.733887,2341.003174,1579.510498,-3366.677246,2319.190674,1484.968262,-3299.033936,2332.572754,1621.518188,-3338.854004,2333.221436,1454.572754,-3351.692871,2340.874023,1579.769409,-3366.719482,2319.114258,1484.827881,-3299.002686,2332.702148,1621.693237,-3338.884521,2616.292969,1567.717041,-3159.781494,,,,,,,,,,,,,,,,,,,,,,,,,,,,,,,,,
11341,113.410000,0.000000,0.000000,0.000000,1.000000,0.000000,0.000000,0.000000,57.698101,20.499701,-14.700500,0.047771,-0.013570,0.015998,-15.666301,-52.738201,18.801300,-93.396698,0.129960,17.611099,-0.244136,-0.429469,-0.670718,0.553255,2331.207275,1535.286377,-3339.193115,2332.927979,1454.943848,-3351.899902,2340.680664,1579.605225,-3366.775635,2318.985352,1485.006836,-3299.173584,2332.234863,1621.589966,-3338.923096,2333.023193,1454.627319,-3351.845215,2340.523193,1579.883179,-3366.829590,2318.904297,1484.901855,-3299.162598,2332.378906,1621.735352,-3338.934570,2616.277100,1567.737427,-3159.771484,,,,,,,,,,,,,,,,,,,,,,,,,,,,,,,,,
11342,113.420000,0.000000,0.000000,0.000000,1.000000,0.000000,0.000000,0.000000,57.698101,20.499701,-14.700500,0.047771,-0.013570,0.015998,-15.666301,-52.738201,18.801300,-93.396698,0.129960,17.611099,-0.244042,-0.429218,-0.670494,0.553763,2330.892334,1535.383911,-3339.308350,2332.675537,1455.049316,-3352.055908,2340.307129,1579.724731,-3366.875732,2318.742920,1485.073730,-3299.305176,2331.843262,1621.688232,-3338.995850,2332.773438,1454.741821,-3351.984131,2340.147217,1580.002441,-3366.959473,2318.654785,1484.934448,-3299.295166,2331.995117,1621.862793,-3338.995361,2616.289795,1567.751221,-3159.790771,,,,,,,,,,,,,,,,,,,,,,,,,,,,,,,,,
11343,113.430000,0.000000,0.000000,0.000000,1.000000,0.000000,0.000000,0.000000,57.698101,20.499701,-14.700500,0.047771,-0.013570,0.015998,-15.666301,-52.738201,18.801300,-93.396698,0.129960,17.611099,-0.243918,-0.428951,-0.670223,0.554353,2330.598389,1535.498779,-3339.436523,2332.457520,1455.173096,-3352.229980,2339.944580,1579.864746,-3366.986816,2318.533691,1485.153442,-3299.451904,2331.457520,1621.803833,-3339.077393,2332.561768,1454.896362,-3352.160156,2339.783203,1580.153931,-3367.114014,2318.436523,1485.023804,-3299.430176,2331.605469,1621.934570,-3339.051514,2616.281494,1567.738159,-3159.790039,,,,,,,,,,,,,,,,,,,,,,,,,,,,,,,,,
11344,113.440000,0.000000,0.000000,0.000000,1.000000,0.000000,0.000000,0.000000,57.698101,20.499701,-14.700500,0.047771,-0.013570,0.015998,-15.666301,-52.738201,18.801300,-93.396698,0.129960,17.611099,-0.243983,-0.428609,-0.669882,0.555000,2330.272461,1535.595581,-3339.559814,2332.198730,1455.277100,-3352.388428,2339.540771,1579.982422,-3367.102783,2318.306641,1485.221680,-3299.581543,2331.043701,1621.901367,-3339.166260,2332.273926,1455.023315,-3352.322510,2339.429199,1580.238770,-3367.230225,2318.232178,1485.112671,-3299.563721,2331.150879,1622.016235,-3339.130371,2616.294922,1567.747192,-3159.773438,,,,,,,,,,,,,,,,,,,,,,,,,,,,,,,,,
11345,113.450000,0.000000,0.000000,0.000000,1.000000,0.000000,0.000000,0.000000,57.698101,20.499701,-14.700500,0.047771,-0.013570,0.015998,-15.666301,-52.738201,18.801300,-93.396698,0.129960,17.611099,-0.243653,-0.428557,-0.669668,0.555444,2329.954590,1535.685181,-3339.708008,2331.966797,1455.374878,-3352.574707,2339.171631,1580.095093,-3367.231201,2318.047852,1485.279419,-3299.752197,2330.632080,1621.991577,-3339.274170,2332.007812,1455.119873,-3352.525146,2339.121826,1580.365112,-3367.361328,2317.995850,1485.181396,-3299.717773,2330.691162,1622.083008,-3339.240723,2616.259766,1567.730591,-3159.783691,,,,,,,,,,,,,,,,,,,,,,,,,,,,,,,,,
11346,113.460000,0.000000,0.000000,0.000000,1.000000,0.000000,0.000000,0.000000,57.698101,20.499701,-14.700500,0.047771,-0.013570,0.015998,-15.666301,-52.738201,18.801300,-93.396698,0.129960,17.611099,-0.243506,-0.428378,-0.669428,0.555934,2329.643311,1535.766235,-3339.884521,2331.725830,1455.463501,-3352.787354,2338.802734,1580.197021,-3367.393311,2317.806396,1485.331665,-3299.944336,2330.237793,1622.072998,-3339.413086,2331.725586,1455.240112,-3352.762451,2338.822266,1580.431030,-3367.501465,2317.782227,1485.234497,-3299.891846,2330.245361,1622.164307,-3339.392578,2616.265137,1567.732666,-3159.779785,,,,,,,,,,,,,,,,,,,,,,,,,,,,,,,,,
11347,113.470000,0.000000,0.000000,0.000000,1.000000,0.000000,0.000000,0.000000,57.698101,20.499701,-14.700500,0.047771,-0.013570,0.015998,-15.666301,-52.738201,18.801300,-93.396698,0.129960,17.611099,-0.243603,-0.428014,-0.669209,0.556436,2329.336914,1535.876465,-3340.080811,2331.458252,1455.580811,-3353.020752,2338.437744,1580.325073,-3367.579834,2317.575928,1485.416748,-3300.149902,2329.875488,1622.183594,-3339.572510,2331.448242,1455.353027,-3353.022705,2338.485840,1580.554688,-3367.696045,2317.555176,1485.323364,-3300.066650,2329.862549,1622.277710,-3339.549561,2616.272705,1567.762573,-3159.782715,,,,,,,,,,,,,,,,,,,,,,,,,,,,,,,,,
11348,113.480000,0.000000,0.000000,0.000000,1.000000,0.000000,0.000000,0.000000,57.698101,20.499701,-14.700500,0.047771,-0.013570,0.015998,-15.666301,-52.738201,18.801300,-93.396698,0.129960,17.611099,-0.243988,-0.427429,-0.668938,0.557043,2329.003662,1535.947266,-3340.278320,2331.141357,1455.658081,-3353.255859,2338.032227,1580.411987,-3367.775146,2317.340332,1485.465088,-3300.347412,2329.500000,1622.254395,-3339.734863,2331.137207,1455.466675,-3353.254150,2338.065674,1580.603271,-3367.876221,2317.318604,1485.369629,-3300.275391,2329.494873,1622.351440,-3339.716309,2616.262695,1567.739136,-3159.783447,,,,,,,,,,,,,,,,,,,,,,,,,,,,,,,,,
11349,113.490000,0.000000,0.000000,0.000000,1.000000,0.000000,0.000000,0.000000,57.698101,20.499701,-14.700500,0.047771,-0.013570,0.015998,-15.666301,-52.738201,18.801300,-93.396698,0.129960,17.611099,-0.243837,-0.427377,-0.668647,0.557498,2328.707764,1536.040894,-3340.467773,2330.923828,1455.756714,-3353.462891,2337.679688,1580.520752,-3367.958740,2317.112305,1485.538086,-3300.542725,2329.114990,1622.348267,-3339.906250,2330.926514,1455.611816,-3353.457275,2337.705811,1580.641479,-3368.073975,2317.089844,1485.464600,-3300.485107,2329.109863,1622.448242,-3339.859863,2616.286133,1567.714600,-3159.779297,,,,,,,,,,,,,,,,,,,,,,,,,,,,,,,,,
11350,113.500000,0.000000,0.000000,0.000000,1.000000,0.000000,0.000000,0.000000,57.698101,20.499701,-14.700500,0.047771,-0.013570,0.015998,-15.666301,-52.738201,18.801300,-93.396698,0.129960,17.611099,-0.243792,-0.427475,-0.668403,0.557734,2328.436768,1536.137817,-3340.699463,2330.705078,1455.852905,-3353.681152,2337.374756,1580.618896,-3368.199707,2316.881348,1485.634155,-3300.764160,2328.785889,1622.445557,-3340.153076,2330.723145,1455.705566,-3353.663330,2337.371826,1580.722046,-3368.312012,2316.854980,1485.596313,-3300.735352,2328.799561,1622.527588,-3340.092529,2616.275879,1567.712402,-3159.774414,,,,,,,,,,,,,,,,,,,,,,,,,,,,,,,,,
11351,113.510000,0.000000,0.000000,0.000000,1.000000,0.000000,0.000000,0.000000,57.698101,20.499701,-14.700500,0.047771,-0.013570,0.015998,-15.666301,-52.738201,18.801300,-93.396698,0.129960,17.611099,-0.243830,-0.427574,-0.668009,0.558114,2328.142334,1536.271362,-3340.943359,2330.482178,1455.984375,-3353.899658,2337.024902,1580.752075,-3368.462158,2316.654053,1485.769775,-3300.986084,2328.408447,1622.579590,-3340.425293,2330.479980,1455.870972,-3353.875488,2337.046387,1580.824951,-3368.558594,2316.646973,1485.756348,-3300.979248,2328.397461,1622.632812,-3340.363037,2616.292236,1567.776489,-3159.779541,,,,,,,,,,,,,,,,,,,,,,,,,,,,,,,,,
11352,113.520000,0.000000,0.000000,0.000000,1.000000,0.000000,0.000000,0.000000,57.698101,20.499701,-14.700500,0.047771,-0.013570,0.015998,-15.666301,-52.738201,18.801300,-93.396698,0.129960,17.611099,-0.244125,-0.427741,-0.667728,0.558194,2327.899902,1536.389282,-3341.221436,2330.254395,1456.093018,-3354.118408,2336.760010,1580.851318,-3368.777344,2316.440674,1485.914795,-3301.221436,2328.144775,1622.697876,-3340.768311,2330.246094,1455.982910,-3354.083008,2336.782959,1580.958740,-3368.865479,2316.437744,1485.902588,-3301.223633,2328.134033,1622.715454,-3340.718262,2616.282715,1567.736328,-3159.781494,,,,,,,,,,,,,,,,,,,,,,,,,,,,,,,,,
11353,113.530000,0.000000,0.000000,0.000000,1.000000,0.000000,0.000000,0.000000,57.698101,20.499701,-14.700500,0.047771,-0.013570,0.015998,-15.666301,-52.738201,18.801300,-93.396698,0.129960,17.611099,-0.244372,-0.427954,-0.667341,0.558385,2327.629639,1536.529907,-3341.502930,2330.024658,1456.224976,-3354.336670,2336.451416,1580.975220,-3369.098145,2316.217285,1486.080933,-3301.457764,2327.824707,1622.838989,-3341.118896,2330.020508,1456.138916,-3354.313965,2336.469971,1581.038086,-3369.172852,2316.215576,1486.091675,-3301.461914,2327.812988,1622.850220,-3341.065430,2616.276855,1567.745972,-3159.775391,,,,,,,,,,,,,,,,,,,,,,,,,,,,,,,,,
11354,113.540000,0.000000,0.000000,0.000000,1.000000,0.000000,0.000000,0.000000,57.698101,20.499701,-14.700500,0.047771,-0.013570,0.015998,-15.666301,-52.738201,18.801300,-93.396698,0.129960,17.611099,-0.244473,-0.428190,-0.667179,0.558354,2327.395020,1536.690918,-3341.814697,2329.804688,1456.378906,-3354.601562,2336.211426,1581.121704,-3369.435303,2315.988281,1486.263306,-3301.740967,2327.575195,1623.000244,-3341.480957,2329.837402,1456.302612,-3354.602539,2336.187988,1581.204224,-3369.532471,2315.954346,1486.283936,-3301.709961,2327.599854,1622.976074,-3341.419922,2616.279785,1567.717285,-3159.779541,,,,,,,,,,,,,,,,,,,,,,,,,,,,,,,,,
11355,113.550000,0.000000,0.000000,0.000000,1.000000,0.000000,0.000000,0.000000,57.698101,20.499701,-14.700500,0.047771,-0.013570,0.015998,-15.666301,-52.738201,18.801300,-93.396698,0.129960,17.611099,-0.244139,-0.428747,-0.666731,0.558607,2327.114258,1536.835693,-3342.100098,2329.644287,1456.519043,-3354.834961,2335.886230,1581.261108,-3369.743164,2315.752441,1486.417358,-3302.001709,2327.174072,1623.145386,-3341.820801,2329.677979,1456.487061,-3354.843994,2335.865967,1581.335938,-3369.849365,2315.713379,1486.427979,-3301.951904,2327.198242,1623.096191,-3341.760986,2616.304443,1567.756592,-3159.775635,,,,,,,,,,,,,,,,,,,,,,,,,,,,,,,,,
11356,113.560000,0.000000,0.000000,0.000000,1.000000,0.000000,0.000000,0.000000,57.698101,20.499701,-14.700500,0.047771,-0.013570,0.015998,-15.666301,-52.738201,18.801300,-93.396698,0.129960,17.611099,-0.243997,-0.429294,-0.666187,0.558899,2326.848877,1537.056030,-3342.412598,2329.493652,1456.731689,-3355.074951,2335.567139,1581.469116,-3370.092773,2315.545898,1486.657959,-3302.272461,2326.789062,1623.365967,-3342.210449,2329.524902,1456.692993,-3355.067627,2335.531982,1581.585571,-3370.158691,2315.509033,1486.627319,-3302.234863,2326.827881,1623.326294,-3342.193604,2616.299316,1567.738892,-3159.779053,,,,,,,,,,,,,,,,,,,,,,,,,,,,,,,,,
11357,113.570000,0.000000,0.000000,0.000000,1.000000,0.000000,0.000000,0.000000,57.698101,20.499701,-14.700500,0.047771,-0.013570,0.015998,-15.666301,-52.738201,18.801300,-93.396698,0.129960,17.611099,-0.243855,-0.429531,-0.665788,0.559253,2326.540527,1537.307251,-3342.691162,2329.277832,1456.981812,-3355.327393,2335.206299,1581.721191,-3370.386475,2315.297119,1486.909180,-3302.533936,2326.380615,1623.617188,-3342.517090,2329.321777,1456.916626,-3355.278809,2335.127686,1581.906128,-3370.448730,2315.253662,1486.864380,-3302.534424,2326.453125,1623.560791,-3342.508545,2616.298096,1567.769165,-3159.785156,,,,,,,,,,,,,,,,,,,,,,,,,,,,,,,,,
11358,113.580000,0.000000,0.000000,0.000000,1.000000,0.000000,0.000000,0.000000,57.698101,20.499701,-14.700500,0.047771,-0.013570,0.015998,-15.666301,-52.738201,18.801300,-93.396698,0.129960,17.611099,-0.243601,-0.429831,-0.665551,0.559415,2326.269043,1537.536011,-3342.959473,2329.079346,1457.209839,-3355.575195,2334.908936,1581.950684,-3370.661377,2315.051514,1487.138184,-3302.794678,2326.036377,1623.845703,-3342.806152,2329.144043,1457.119385,-3355.509766,2334.783203,1582.150146,-3370.704102,2314.992188,1487.048462,-3302.806396,2326.145996,1623.844360,-3342.819824,2616.271484,1567.734863,-3159.789795,,,,,,,,,,,,,,,,,,,,,,,,,,,,,,,,,
11359,113.590000,0.000000,0.000000,0.000000,1.000000,0.000000,0.000000,0.000000,57.698101,20.499701,-14.700500,0.047771,-0.013570,0.015998,-15.666301,-52.738201,18.801300,-93.396698,0.129960,17.611099,-0.243356,-0.429966,-0.665267,0.559756,2325.947266,1537.833252,-3343.265625,2328.842285,1457.510254,-3355.882324,2334.541748,1582.257324,-3370.966553,2314.781006,1487.422974,-3303.102295,2325.624268,1624.142700,-3343.110840,2328.904785,1457.343018,-3355.799072,2334.439453,1582.514404,-3371.101562,2314.713135,1487.286743,-3303.091797,2325.719727,1624.209106,-3343.082275,2616.286133,1567.723633,-3159.777588,,,,,,,,,,,,,,,,,,,,,,,,,,,,,,,,,
11360,113.600000,0.000000,0.000000,0.000000,1.000000,0.000000,0.000000,0.000000,57.698101,20.499701,-14.700500,0.047771,-0.013570,0.015998,-15.666301,-52.738201,18.801300,-93.396698,0.129960,17.611099,-0.243290,-0.430088,-0.664790,0.560258,2325.562500,1538.125732,-3343.562256,2328.557861,1457.803467,-3356.160156,2334.086182,1582.554077,-3371.278320,2314.479980,1487.710938,-3303.381348,2325.125732,1624.434692,-3343.429443,2328.639893,1457.545532,-3356.097168,2333.956787,1582.807739,-3371.365234,2314.409180,1487.605103,-3303.370605,2325.240723,1624.551270,-3343.418945,2616.266113,1567.729492,-3159.778564,,,,,,,,,,,,,,,,,,,,,,,,,,,,,,,,,
11361,113.610000,0.000000,0.000000,0.000000,1.000000,0.000000,0.000000,0.000000,57.698101,20.499701,-14.700500,0.047771,-0.013570,0.015998,-15.666301,-52.738201,18.801300,-93.396698,0.129960,17.611099,-0.243119,-0.430224,-0.664416,0.560670,2325.153564,1538.414551,-3343.852295,2328.241943,1458.094482,-3356.441406,2333.620605,1582.849854,-3371.574707,2314.136963,1487.991211,-3303.664062,2324.614990,1624.722900,-3343.728760,2328.315430,1457.789429,-3356.408936,2333.505127,1583.081909,-3371.600586,2314.077881,1487.891479,-3303.644287,2324.721680,1624.888306,-3343.755371,2616.252686,1567.768921,-3159.786865,,,,,,,,,,,,,,,,,,,,,,,,,,,,,,,,,
11362,113.620000,0.000000,0.000000,0.000000,1.000000,0.000000,0.000000,0.000000,57.698101,20.499701,-14.700500,0.047771,-0.013570,0.015998,-15.666301,-52.738201,18.801300,-93.396698,0.129960,17.611099,-0.242600,-0.430435,-0.664186,0.561007,2324.739990,1538.717163,-3344.141602,2327.935547,1458.404419,-3356.750732,2333.165527,1583.170410,-3371.847656,2313.765625,1488.269287,-3303.972656,2324.092773,1625.024780,-3343.995605,2328.012451,1458.147217,-3356.703613,2333.044678,1583.361084,-3371.890869,2313.702881,1488.157593,-3303.964600,2324.206055,1625.201416,-3344.006592,2616.273438,1567.753662,-3159.792236,,,,,,,,,,,,,,,,,,,,,,,,,,,,,,,,,
11363,113.630000,0.000000,0.000000,0.000000,1.000000,0.000000,0.000000,0.000000,57.698101,20.499701,-14.700500,0.047771,-0.013570,0.015998,-15.666301,-52.738201,18.801300,-93.396698,0.129960,17.611099,-0.243255,-0.430000,-0.663622,0.561724,2324.291748,1538.997681,-3344.445068,2327.523926,1458.683716,-3357.037598,2332.619141,1583.449463,-3372.182861,2313.448730,1488.552856,-3304.236328,2323.574951,1625.304810,-3344.322754,2327.619385,1458.463989,-3356.996826,2332.468506,1583.529907,-3372.196045,2313.386719,1488.505737,-3304.265381,2323.708008,1625.490845,-3344.316895,2616.289307,1567.726807,-3159.778320,,,,,,,,,,,,,,,,,,,,,,,,,,,,,,,,,
11364,113.640000,0.000000,0.000000,0.000000,1.000000,0.000000,0.000000,0.000000,57.698101,20.499701,-14.700500,0.047771,-0.013570,0.015998,-15.666301,-52.738201,18.801300,-93.396698,0.129960,17.611099,-0.243363,-0.429895,-0.663164,0.562297,2323.809082,1539.290039,-3344.753174,2327.120117,1458.978638,-3357.341553,2332.059082,1583.748657,-3372.503418,2313.062500,1488.836914,-3304.529541,2322.994873,1625.596313,-3344.638672,2327.211670,1458.856689,-3357.323242,2331.902832,1583.803101,-3372.480469,2312.997803,1488.780029,-3304.540771,2323.130127,1625.728271,-3344.668701,2616.289307,1567.718140,-3159.774902,,,,,,,,,,,,,,,,,,,,,,,,,,,,,,,,,
11365,113.650000,0.000000,0.000000,0.000000,1.000000,0.000000,0.000000,0.000000,57.698101,20.499701,-14.700500,0.047771,-0.013570,0.015998,-15.666301,-52.738201,18.801300,-93.396698,0.129960,17.611099,-0.243915,-0.429256,-0.662975,0.562769,2323.317627,1539.562744,-3345.082764,2326.607910,1459.255249,-3357.700928,2331.511230,1584.029907,-3372.836182,2312.651611,1489.097168,-3304.852783,2322.499023,1625.868896,-3344.941162,2326.692627,1459.132080,-3357.717773,2331.368896,1584.058350,-3372.773438,2312.598877,1489.099731,-3304.857666,2322.613770,1625.960815,-3344.981689,2616.278564,1567.753540,-3159.778320,,,,,,,,,,,,,,,,,,,,,,,,,,,,,,,,,
11366,113.660000,0.000000,0.000000,0.000000,1.000000,0.000000,0.000000,0.000000,57.698101,20.499701,-14.700500,0.047771,-0.013570,0.015998,-15.666301,-52.738201,18.801300,-93.396698,0.129960,17.611099,-0.244352,-0.428883,-0.662799,0.563071,2322.831055,1539.812256,-3345.393799,2326.107910,1459.504883,-3358.016357,2330.985596,1584.279663,-3373.158203,2312.221436,1489.346313,-3305.149658,2322.009277,1626.118286,-3345.251221,2326.192871,1459.422119,-3358.029053,2330.846924,1584.320068,-3373.123291,2312.162354,1489.339966,-3305.143066,2322.123291,1626.168579,-3345.280518,2616.269531,1567.723755,-3159.783936,,,,,,,,,,,,,,,,,,,,,,,,,,,,,,,,,
11367,113.670000,0.000000,0.000000,0.000000,1.000000,0.000000,0.000000,0.000000,57.698101,20.499701,-14.700500,0.047771,-0.013570,0.015998,-15.666301,-52.738201,18.801300,-93.396698,0.129960,17.611099,-0.244654,-0.428556,-0.662152,0.563949,2322.304443,1540.094604,-3345.701660,2325.676514,1459.791626,-3358.327637,2330.342285,1584.573120,-3373.482178,2311.843506,1489.614502,-3305.436279,2321.355469,1626.399536,-3345.560303,2325.772217,1459.684692,-3358.300781,2330.187744,1584.616821,-3373.498047,2311.776855,1489.596069,-3305.458008,2321.484131,1626.483276,-3345.548096,2616.288086,1567.760132,-3159.775391,,,,,,,,,,,,,,,,,,,,,,,,,,,,,,,,,
11368,113.680000,0.000000,0.000000,0.000000,1.000000,0.000000,0.000000,0.000000,57.698101,20.499701,-14.700500,0.047771,-0.013570,0.015998,-15.666301,-52.738201,18.801300,-93.396698,0.129960,17.611099,-0.244344,-0.429005,-0.661510,0.564496,2321.800049,1540.352173,-3346.027832,2325.329102,1460.049438,-3358.611084,2329.755615,1584.831543,-3373.830811,2311.430908,1489.873169,-3305.737549,2320.684082,1626.655151,-3345.932129,2325.427246,1459.920410,-3358.582764,2329.588135,1584.921021,-3373.822754,2311.357666,1489.793701,-3305.743652,2320.829834,1626.782471,-3345.962402,2616.254639,1567.748535,-3159.787354,,,,,,,,,,,,,,,,,,,,,,,,,,,,,,,,,
11369,113.690000,0.000000,0.000000,0.000000,1.000000,0.000000,0.000000,0.000000,57.698101,20.499701,-14.700500,0.047771,-0.013570,0.015998,-15.666301,-52.738201,18.801300,-93.396698,0.129960,17.611099,-0.244382,-0.428890,-0.660838,0.565353,2321.286133,1540.587158,-3346.334473,2324.944580,1460.290161,-3358.918213,2329.126953,1585.079346,-3374.149658,2311.058594,1490.091553,-3306.028564,2320.014893,1626.887939,-3346.241455,2325.053467,1460.124268,-3358.884033,2328.937500,1585.230347,-3374.140625,2310.974365,1489.976807,-3306.023193,2320.180176,1627.030029,-3346.290527,2616.260986,1567.724365,-3159.788086,,,,,,,,,,,,,,,,,,,,,,,,,,,,,,,,,
11370,113.700000,0.000000,0.000000,0.000000,1.000000,0.000000,0.000000,0.000000,57.698101,20.499701,-14.700500,0.047771,-0.013570,0.015998,-15.666301,-52.738201,18.801300,-93.396698,0.129960,17.611099,-0.243652,-0.429349,-0.660111,0.566168,2320.754395,1540.783813,-3346.602783,2324.638916,1460.497070,-3359.184326,2328.484619,1585.297241,-3374.414795,2310.648193,1490.260376,-3306.300781,2319.245605,1627.080688,-3346.510742,2324.752930,1460.355103,-3359.151855,2328.305664,1585.463501,-3374.478516,2310.544189,1490.088989,-3306.252197,2319.409180,1627.237549,-3346.530762,2616.311523,1567.750854,-3159.774902,,,,,,,,,,,,,,,,,,,,,,,,,,,,,,,,,
11371,113.710000,0.000000,0.000000,0.000000,1.000000,0.000000,0.000000,0.000000,57.698101,20.499701,-14.700500,0.047771,-0.013570,0.015998,-15.666301,-52.738201,18.801300,-93.396698,0.129960,17.611099,-0.243173,-0.429925,-0.659243,0.566947,2320.186035,1540.990479,-3346.868652,2324.290039,1460.707153,-3359.402588,2327.801514,1585.508301,-3374.705322,2310.208740,1490.463501,-3306.539551,2318.444336,1627.283081,-3346.827393,2324.374268,1460.544678,-3359.348145,2327.655273,1585.680420,-3374.735840,2310.133789,1490.279175,-3306.523193,2318.580811,1627.466187,-3346.868896,2616.260010,1567.726074,-3159.781006,,,,,,,,,,,,,,,,,,,,,,,,,,,,,,,,,
11372,113.720000,0.000000,0.000000,0.000000,1.000000,0.000000,0.000000,0.000000,57.698101,20.499701,-14.700500,0.047771,-0.013570,0.015998,-15.666301,-52.738201,18.801300,-93.396698,0.129960,17.611099,-0.242597,-0.430355,-0.658811,0.567370,2319.657471,1541.154907,-3347.128174,2323.910400,1460.877930,-3359.653076,2327.213623,1585.683960,-3374.963135,2309.741455,1490.613525,-3306.801514,2317.764404,1627.444214,-3347.094971,2323.958008,1460.729126,-3359.582520,2327.127930,1585.897339,-3375.037842,2309.684570,1490.369385,-3306.768555,2317.854248,1627.624268,-3347.125732,2616.277588,1567.745605,-3159.782715,,,,,,,,,,,,,,,,,,,,,,,,,,,,,,,,,
11373,113.730000,0.000000,0.000000,0.000000,1.000000,0.000000,0.000000,0.000000,57.698101,20.499701,-14.700500,0.047771,-0.013570,0.015998,-15.666301,-52.738201,18.801300,-93.396698,0.129960,17.611099,-0.242036,-0.431045,-0.658302,0.567677,2319.121582,1541.276733,-3347.348877,2323.531738,1461.000610,-3359.824219,2326.625488,1585.803589,-3375.201172,2309.255859,1490.740356,-3307.003906,2317.072998,1627.562500,-3347.366211,2323.577881,1460.850098,-3359.744141,2326.545654,1586.011230,-3375.300049,2309.202637,1490.526001,-3306.985107,2317.154541,1627.722168,-3347.371338,2616.261719,1567.741455,-3159.791748,,,,,,,,,,,,,,,,,,,,,,,,,,,,,,,,,
11374,113.740000,0.000000,0.000000,0.000000,1.000000,0.000000,0.000000,0.000000,57.698101,20.499701,-14.700500,0.047771,-0.013570,0.015998,-15.666301,-52.738201,18.801300,-93.396698,0.129960,17.611099,-0.241400,-0.431968,-0.658017,0.567577,2318.577148,1541.428833,-3347.642334,2323.105225,1461.148193,-3360.046143,2326.079346,1585.942627,-3375.516113,2308.697266,1490.912598,-3307.275879,2316.426270,1627.712158,-3347.731689,2323.145020,1460.932495,-3360.006348,2326.059082,1586.231934,-3375.736084,2308.635742,1490.723145,-3307.173340,2316.463623,1627.844727,-3347.677979,2616.286865,1567.727539,-3159.780029,,,,,,,,,,,,,,,,,,,,,,,,,,,,,,,,,
11375,113.750000,0.000000,0.000000,0.000000,1.000000,0.000000,0.000000,0.000000,57.698101,20.499701,-14.700500,0.047771,-0.013570,0.015998,-15.666301,-52.738201,18.801300,-93.396698,0.129960,17.611099,-0.241360,-0.432358,-0.657322,0.568102,2317.989502,1541.565552,-3347.902832,2322.650879,1461.282593,-3360.242676,2325.407959,1586.069336,-3375.814941,2308.207764,1491.065430,-3307.491943,2315.691895,1627.844971,-3348.061523,2322.701904,1461.051025,-3360.239014,2325.372559,1586.357300,-3375.986084,2308.140137,1490.899292,-3307.365234,2315.738037,1627.964111,-3348.036377,2616.295654,1567.736328,-3159.779541,,,,,,,,,,,,,,,,,,,,,,,,,,,,,,,,,
11376,113.760000,0.000000,0.000000,0.000000,1.000000,0.000000,0.000000,0.000000,57.698101,20.499701,-14.700500,0.047771,-0.013570,0.015998,-15.666301,-52.738201,18.801300,-93.396698,0.129960,17.611099,-0.241342,-0.432580,-0.656842,0.568495,2317.472168,1541.708496,-3348.156006,2322.224854,1461.425049,-3360.457275,2324.829590,1586.207275,-3376.092529,2307.762207,1491.216919,-3307.717285,2315.072266,1627.984985,-3348.356689,2322.290283,1461.222900,-3360.473633,2324.779297,1586.465088,-3376.262695,2307.685059,1491.096558,-3307.583984,2315.126465,1628.060181,-3348.320801,2616.275146,1567.745239,-3159.777832,,,,,,,,,,,,,,,,,,,,,,,,,,,,,,,,,
11377,113.770000,0.000000,0.000000,0.000000,1.000000,0.000000,0.000000,0.000000,57.698101,20.499701,-14.700500,0.047771,-0.013570,0.015998,-15.666301,-52.738201,18.801300,-93.396698,0.129960,17.611099,-0.241358,-0.432741,-0.656229,0.569074,2316.898926,1541.821655,-3348.418213,2321.765869,1461.539551,-3360.683838,2324.170898,1586.317993,-3376.380615,2307.291260,1491.334839,-3307.948975,2314.367432,1628.094360,-3348.658936,2321.844727,1461.395996,-3360.699951,2324.094971,1586.522949,-3376.548828,2307.201904,1491.212524,-3307.817383,2314.441162,1628.164429,-3348.617920,2616.267822,1567.715576,-3159.786865,,,,,,,,,,,,,,,,,,,,,,,,,,,,,,,,,
11378,113.780000,0.000000,0.000000,0.000000,1.000000,0.000000,0.000000,0.000000,57.698101,20.499701,-14.700500,0.047771,-0.013570,0.015998,-15.666301,-52.738201,18.801300,-93.396698,0.129960,17.611099,-0.242576,-0.432255,-0.655602,0.569648,2316.300781,1541.949341,-3348.713379,2321.145996,1461.655884,-3360.912109,2323.482178,1586.418701,-3376.742432,2306.821777,1491.501953,-3308.164795,2313.753418,1628.221436,-3349.034424,2321.224365,1461.289673,-3360.926758,2323.412354,1586.667725,-3376.853760,2306.760010,1491.445190,-3308.085205,2313.814209,1628.364746,-3349.003174,2616.307129,1567.755493,-3159.775391,,,,,,,,,,,,,,,,,,,,,,,,,,,,,,,,,
11379,113.790000,0.000000,0.000000,0.000000,1.000000,0.000000,0.000000,0.000000,57.698101,20.499701,-14.700500,0.047771,-0.013570,0.015998,-15.666301,-52.738201,18.801300,-93.396698,0.129960,17.611099,-0.242130,-0.432464,-0.654918,0.570465,2315.757080,1542.187256,-3348.980957,2320.787354,1461.905762,-3361.183838,2322.828369,1586.674316,-3377.009277,2306.404541,1491.716187,-3308.432617,2313.007568,1628.453003,-3349.297852,2320.900146,1461.749756,-3361.189453,2322.668701,1586.931396,-3377.114258,2306.291748,1491.549316,-3308.310303,2313.145264,1628.533325,-3349.314209,2616.277100,1567.718872,-3159.780518,,,,,,,,,,,,,,,,,,,,,,,,,,,,,,,,,
11380,113.800000,0.000000,0.000000,0.000000,1.000000,0.000000,0.000000,0.000000,57.698101,20.499701,-14.700500,0.047771,-0.013570,0.015998,-15.666301,-52.738201,18.801300,-93.396698,0.129960,17.611099,-0.243163,-0.431723,-0.654178,0.571435,2315.213135,1542.332275,-3349.248291,2320.271240,1462.050415,-3361.437744,2322.150879,1586.814941,-3377.317383,2306.042236,1491.868652,-3308.649170,2312.388428,1628.595581,-3349.588135,2320.393311,1461.891968,-3361.475830,2321.979248,1586.927246,-3377.313477,2305.943604,1491.751831,-3308.561035,2312.541504,1628.764648,-3349.645264,2616.263184,1567.719360,-3159.781494,,,,,,,,,,,,,,,,,,,,,,,,,,,,,,,,,
11381,113.810000,0.000000,0.000000,0.000000,1.000000,0.000000,0.000000,0.000000,57.698101,20.499701,-14.700500,0.047771,-0.013570,0.015998,-15.666301,-52.738201,18.801300,-93.396698,0.129960,17.611099,-0.243589,-0.431671,-0.653207,0.572403,2314.641357,1542.504395,-3349.544922,2319.835449,1462.223145,-3361.681396,2321.436768,1586.978516,-3377.662354,2305.648682,1492.054565,-3308.888916,2311.645020,1628.761597,-3349.947266,2319.978516,1462.091797,-3361.713135,2321.215088,1587.124756,-3377.647949,2305.524902,1491.874878,-3308.781982,2311.843506,1628.937988,-3350.037598,2616.254395,1567.755615,-3159.796631,,,,,,,,,,,,,,,,,,,,,,,,,,,,,,,,,
11382,113.820000,0.000000,0.000000,0.000000,1.000000,0.000000,0.000000,0.000000,57.698101,20.499701,-14.700500,0.047771,-0.013570,0.015998,-15.666301,-52.738201,18.801300,-93.396698,0.129960,17.611099,-0.243377,-0.432274,-0.652453,0.572897,2314.164551,1542.691650,-3349.828369,2319.520020,1462.409424,-3361.887207,2320.876709,1587.152222,-3377.987061,2305.264893,1492.263062,-3309.125732,2310.996826,1628.942383,-3350.313721,2319.666748,1462.254395,-3361.923096,2320.654297,1587.295532,-3377.967285,2305.140869,1492.078735,-3309.016602,2311.197510,1629.151001,-3350.409912,2616.263916,1567.740234,-3159.797119,,,,,,,,,,,,,,,,,,,,,,,,,,,,,,,,,
11383,113.830000,0.000000,0.000000,0.000000,1.000000,0.000000,0.000000,0.000000,57.698101,20.499701,-14.700500,0.047771,-0.013570,0.015998,-15.666301,-52.738201,18.801300,-93.396698,0.129960,17.611099,-0.243284,-0.432539,-0.651582,0.573727,2313.683838,1542.844116,-3350.057373,2319.214600,1462.567139,-3362.072754,2320.273926,1587.303223,-3378.247070,2304.928711,1492.419067,-3309.318604,2310.317871,1629.086914,-3350.591064,2319.333252,1462.323486,-3362.092773,2320.111572,1587.485962,-3378.260742,2304.834229,1492.253052,-3309.224121,2310.463867,1629.317383,-3350.655273,2616.279541,1567.708862,-3159.766602,,,,,,,,,,,,,,,,,,,,,,,,,,,,,,,,,
11384,113.840000,0.000000,0.000000,0.000000,1.000000,0.000000,0.000000,0.000000,57.698101,20.499701,-14.700500,0.047771,-0.013570,0.015998,-15.666301,-52.738201,18.801300,-93.396698,0.129960,17.611099,-0.242728,-0.433331,-0.650727,0.574336,2313.196777,1542.984131,-3350.280518,2318.947754,1462.712036,-3362.224854,2319.688965,1587.437012,-3378.502930,2304.546875,1492.570435,-3309.505371,2309.604004,1629.217407,-3350.888672,2319.045410,1462.466064,-3362.236816,2319.567383,1587.622803,-3378.550293,2304.464844,1492.388428,-3309.403809,2309.716553,1629.458740,-3350.932373,2616.264404,1567.728271,-3159.779541,,,,,,,,,,,,,,,,,,,,,,,,,,,,,,,,,
11385,113.850000,0.000000,0.000000,0.000000,1.000000,0.000000,0.000000,0.000000,57.698101,20.499701,-14.700500,0.047771,-0.013570,0.015998,-15.666301,-52.738201,18.801300,-93.396698,0.129960,17.611099,-0.242325,-0.433962,-0.649876,0.574992,2312.731201,1543.131714,-3350.516846,2318.685059,1462.864990,-3362.397217,2319.120361,1587.578613,-3378.771973,2304.195557,1492.728271,-3309.704834,2308.924072,1629.355225,-3351.192871,2318.766602,1462.628662,-3362.421875,2319.029785,1587.757935,-3378.826172,2304.125732,1492.581909,-3309.597412,2309.006836,1629.552490,-3351.223145,2616.282471,1567.744263,-3159.783936,,,,,,,,,,,,,,,,,,,,,,,,,,,,,,,,,
11386,113.860000,0.000000,0.000000,0.000000,1.000000,0.000000,0.000000,0.000000,57.698101,20.499701,-14.700500,0.047771,-0.013570,0.015998,-15.666301,-52.738201,18.801300,-93.396698,0.129960,17.611099,-0.242406,-0.433930,-0.649159,0.575792,2312.351807,1543.277710,-3350.745850,2318.434326,1463.018311,-3362.610352,2318.628418,1587.727783,-3379.021484,2303.954102,1492.870972,-3309.909668,2308.390137,1629.494141,-3351.442383,2318.491211,1462.806519,-3362.623291,2318.568115,1587.927612,-3379.090576,2303.899414,1492.723022,-3309.806641,2308.446045,1629.651123,-3351.465576,2616.273193,1567.757935,-3159.784424,,,,,,,,,,,,,,,,,,,,,,,,,,,,,,,,,
11387,113.870000,0.000000,0.000000,0.000000,1.000000,0.000000,0.000000,0.000000,57.698101,20.499701,-14.700500,0.047771,-0.013570,0.015998,-15.666301,-52.738201,18.801300,-93.396698,0.129960,17.611099,-0.241997,-0.434201,-0.648595,0.576396,2311.964111,1543.394897,-3350.934814,2318.201172,1463.146362,-3362.792725,2318.156494,1587.854858,-3379.213379,2303.661377,1492.975220,-3310.094727,2307.836914,1629.603516,-3351.637939,2318.230469,1462.925537,-3362.788330,2318.134277,1588.056641,-3379.282959,2303.632812,1492.863159,-3310.024658,2307.859619,1629.731445,-3351.647705,2616.246582,1567.751465,-3159.804932,,,,,,,,,,,,,,,,,,,,,,,,,,,,,,,,,
11388,113.880000,0.000000,0.000000,0.000000,1.000000,0.000000,0.000000,0.000000,57.698101,20.499701,-14.700500,0.047771,-0.013570,0.015998,-15.666301,-52.738201,18.801300,-93.396698,0.129960,17.611099,-0.241535,-0.434719,-0.648075,0.576784,2311.625732,1543.519409,-3351.126953,2318.010742,1463.277100,-3362.948975,2317.757324,1587.978760,-3379.419678,2303.386719,1493.101562,-3310.271729,2307.347656,1629.720337,-3351.867188,2318.003906,1463.088867,-3362.955078,2317.790527,1588.175781,-3379.480957,2303.383301,1493.043335,-3310.208496,2307.328125,1629.771851,-3351.869873,2616.272949,1567.761597,-3159.782471,,,,,,,,,,,,,,,,,,,,,,,,,,,,,,,,,
11389,113.890000,0.000000,0.000000,0.000000,1.000000,0.000000,0.000000,0.000000,57.698101,20.499701,-14.700500,0.047771,-0.013570,0.015998,-15.666301,-52.738201,18.801300,-93.396698,0.129960,17.611099,-0.241025,-0.435329,-0.647493,0.577190,2311.337158,1543.679443,-3351.332764,2317.886230,1463.443726,-3363.108643,2317.403564,1588.136108,-3379.643799,2303.166016,1493.266724,-3310.457764,2306.893066,1629.871582,-3352.120361,2317.867188,1463.285156,-3363.115479,2317.458984,1588.354370,-3379.718262,2303.168457,1493.204834,-3310.383545,2306.861572,1629.887573,-3352.121582,2616.258789,1567.755493,-3159.795166,,,,,,,,,,,,,,,,,,,,,,,,,,,,,,,,,
11390,113.900000,0.000000,0.000000,0.000000,1.000000,0.000000,0.000000,0.000000,57.698101,20.499701,-14.700500,0.047771,-0.013570,0.015998,-15.666301,-52.738201,18.801300,-93.396698,0.129960,17.611099,-0.240779,-0.435634,-0.646989,0.577628,2311.076416,1543.841919,-3351.504395,2317.747070,1463.612183,-3363.252930,2317.076904,1588.298096,-3379.830078,2302.979248,1493.430908,-3310.612793,2306.502197,1630.026978,-3352.321533,2317.735352,1463.438232,-3363.240234,2317.132080,1588.562622,-3379.977539,2302.972168,1493.351318,-3310.531494,2306.474609,1630.041992,-3352.290039,2616.288086,1567.714600,-3159.782715,,,,,,,,,,,,,,,,,,,,,,,,,,,,,,,,,
11391,113.910000,0.000000,0.000000,0.000000,1.000000,0.000000,0.000000,0.000000,57.698101,20.499701,-14.700500,0.047771,-0.013570,0.015998,-15.666301,-52.738201,18.801300,-93.396698,0.129960,17.611099,-0.240646,-0.435917,-0.646683,0.577813,2310.865723,1544.005493,-3351.657959,2317.606445,1463.776855,-3363.373779,2316.833984,1588.455688,-3379.999756,2302.803223,1493.603516,-3310.748047,2306.218506,1630.186279,-3352.509521,2317.610840,1463.555054,-3363.355469,2316.864990,1588.701172,-3380.145752,2302.789062,1493.530640,-3310.681396,2306.202881,1630.245483,-3352.468750,2616.316162,1567.720581,-3159.760498,,,,,,,,,,,,,,,,,,,,,,,,,,,,,,,,,
11392,113.920000,0.000000,0.000000,0.000000,1.000000,0.000000,0.000000,0.000000,57.698101,20.499701,-14.700500,0.047771,-0.013570,0.015998,-15.666301,-52.738201,18.801300,-93.396698,0.129960,17.611099,-0.240098,-0.436532,-0.646410,0.577882,2310.696533,1544.160400,-3351.799316,2317.546387,1463.935425,-3363.477539,2316.647217,1588.607178,-3380.150391,2302.643555,1493.763794,-3310.880859,2305.949219,1630.335327,-3352.688232,2317.544434,1463.686035,-3363.458984,2316.698242,1588.860962,-3380.324707,2302.633545,1493.727051,-3310.820068,2305.917969,1630.377441,-3352.620117,2616.283203,1567.733032,-3159.775879,,,,,,,,,,,,,,,,,,,,,,,,,,,,,,,,,
11393,113.930000,0.000000,0.000000,0.000000,1.000000,0.000000,0.000000,0.000000,57.698101,20.499701,-14.700500,0.047771,-0.013570,0.015998,-15.666301,-52.738201,18.801300,-93.396698,0.129960,17.611099,-0.239869,-0.436935,-0.646239,0.577863,2310.566162,1544.290771,-3351.934570,2317.469238,1464.064819,-3363.574707,2316.511719,1588.729126,-3380.300049,2302.513184,1493.906616,-3311.000977,2305.770752,1630.462646,-3352.862793,2317.474854,1463.761719,-3363.550781,2316.550049,1588.993286,-3380.464844,2302.501465,1493.866333,-3310.947266,2305.745361,1630.538330,-3352.798340,2616.266846,1567.745850,-3159.785889,,,,,,,,,,,,,,,,,,,,,,,,,,,,,,,,,
11394,113.940000,0.000000,0.000000,0.000000,1.000000,0.000000,0.000000,0.000000,57.698101,20.499701,-14.700500,0.047771,-0.013570,0.015998,-15.666301,-52.738201,18.801300,-93.396698,0.129960,17.611099,-0.239608,-0.437346,-0.646233,0.577667,2310.495605,1544.422485,-3352.053955,2317.424561,1464.194092,-3363.660889,2316.460938,1588.852661,-3380.427734,2302.411377,1494.050415,-3311.111328,2305.685791,1630.593140,-3353.014893,2317.436035,1463.891479,-3363.628906,2316.489258,1589.139038,-3380.606689,2302.394043,1493.989136,-3311.052734,2305.669434,1630.673706,-3352.952637,2616.260742,1567.747559,-3159.781006,,,,,,,,,,,,,,,,,,,,,,,,,,,,,,,,,
11395,113.950000,0.000000,0.000000,0.000000,1.000000,0.000000,0.000000,0.000000,57.698101,20.499701,-14.700500,0.047771,-0.013570,0.015998,-15.666301,-52.738201,18.801300,-93.396698,0.129960,17.611099,-0.239415,-0.437770,-0.646129,0.577542,2310.426025,1544.546021,-3352.155273,2317.390625,1464.314331,-3363.718506,2316.399170,1588.964600,-3380.545654,2302.325684,1494.190674,-3311.195312,2305.588135,1630.714600,-3353.161133,2317.394531,1463.968018,-3363.686035,2316.438965,1589.240845,-3380.707764,2302.317383,1494.148804,-3311.150391,2305.560059,1630.813232,-3353.097656,2616.268555,1567.764771,-3159.784668,,,,,,,,,,,,,,,,,,,,,,,,,,,,,,,,,
11396,113.960000,0.000000,0.000000,0.000000,1.000000,0.000000,0.000000,0.000000,57.698101,20.499701,-14.700500,0.047771,-0.013570,0.015998,-15.666301,-52.738201,18.801300,-93.396698,0.129960,17.611099,-0.239385,-0.438149,-0.646005,0.577407,2310.388428,1544.647949,-3352.257324,2317.373535,1464.410156,-3363.766357,2316.368896,1589.049683,-3380.672363,2302.274902,1494.316895,-3311.270264,2305.536133,1630.815063,-3353.319824,2317.378174,1464.057007,-3363.727539,2316.402100,1589.310181,-3380.820068,2302.269287,1494.304565,-3311.246094,2305.509521,1630.897461,-3353.251465,2616.262695,1567.735840,-3159.790771,,,,,,,,,,,,,,,,,,,,,,,,,,,,,,,,,
11397,113.970000,0.000000,0.000000,0.000000,1.000000,0.000000,0.000000,0.000000,57.698101,20.499701,-14.700500,0.047771,-0.013570,0.015998,-15.666301,-52.738201,18.801300,-93.396698,0.129960,17.611099,-0.238921,-0.438986,-0.645833,0.577155,2310.336426,1544.739136,-3352.340088,2317.395752,1464.496826,-3363.771484,2316.335205,1589.121826,-3380.781250,2302.187500,1494.436157,-3311.325439,2305.427002,1630.902100,-3353.481445,2317.400879,1464.142456,-3363.722656,2316.365479,1589.394897,-3380.933350,2302.181152,1494.394287,-3311.299072,2305.404053,1631.008423,-3353.420166,2616.289551,1567.740112,-3159.775879,,,,,,,,,,,,,,,,,,,,,,,,,,,,,,,,,
11398,113.980000,0.000000,0.000000,0.000000,1.000000,0.000000,0.000000,0.000000,57.698101,20.499701,-14.700500,0.047771,-0.013570,0.015998,-15.666301,-52.738201,18.801300,-93.396698,0.129960,17.611099,-0.239163,-0.439447,-0.645789,0.576753,2310.312256,1544.854126,-3352.423584,2317.340820,1464.596069,-3363.762695,2316.347168,1589.202515,-3380.910645,2302.117676,1494.600342,-3311.358154,2305.443604,1631.017944,-3353.663086,2317.364746,1464.246338,-3363.724365,2316.342285,1589.456787,-3381.022949,2302.101318,1494.537598,-3311.325195,2305.444824,1631.155029,-3353.630615,2616.277100,1567.743652,-3159.787354,,,,,,,,,,,,,,,,,,,,,,,,,,,,,,,,,
11399,113.990000,0.000000,0.000000,0.000000,1.000000,0.000000,0.000000,0.000000,57.698101,20.499701,-14.700500,0.047771,-0.013570,0.015998,-15.666301,-52.738201,18.801300,-93.396698,0.129960,17.611099,-0.238761,-0.440363,-0.645625,0.576404,2310.297363,1544.976929,-3352.469238,2317.388672,1464.710938,-3363.712891,2316.360107,1589.299194,-3380.990967,2302.054932,1494.761108,-3311.366699,2305.385010,1631.136841,-3353.806152,2317.415771,1464.351807,-3363.681152,2316.353271,1589.552612,-3381.098145,2302.037109,1494.693848,-3311.327637,2305.387695,1631.285767,-3353.779297,2616.290039,1567.741455,-3159.784912,,,,,,,,,,,,,,,,,,,,,,,,,,,,,,,,,
11400,114.000000,0.000000,0.000000,0.000000,1.000000,0.000000,0.000000,0.000000,57.698101,20.499701,-14.700500,0.047771,-0.013570,0.015998,-15.666301,-52.738201,18.801300,-93.396698,0.129960,17.611099,-0.237928,-0.441515,-0.645601,0.575894,2310.254395,1545.078857,-3352.489502,2317.429932,1464.808594,-3363.649170,2316.369385,1589.382568,-3381.028809,2301.927979,1494.890259,-3311.370850,2305.290039,1631.234375,-3353.908691,2317.469971,1464.469238,-3363.624268,2316.350830,1589.650146,-3381.161865,2301.897461,1494.820679,-3311.314453,2305.303955,1631.359497,-3353.872070,2616.266602,1567.722656,-3159.787354,,,,,,,,,,,,,,,,,,,,,,,,,,,,,,,,,
11401,114.010000,0.000000,0.000000,0.000000,1.000000,0.000000,0.000000,0.000000,57.698101,20.499701,-14.700500,0.047771,-0.013570,0.015998,-15.666301,-52.738201,18.801300,-93.396698,0.129960,17.611099,-0.237727,-0.442149,-0.645719,0.575359,2310.236816,1545.215942,-3352.500977,2317.401611,1464.935059,-3363.590576,2316.410889,1589.496338,-3381.063721,2301.830566,1495.060425,-3311.357910,2305.304443,1631.372192,-3353.991211,2317.458984,1464.570557,-3363.579834,2316.374512,1589.777100,-3381.199219,2301.785400,1494.947388,-3311.269531,2305.333740,1631.550537,-3353.968750,2616.265381,1567.729858,-3159.786133,,,,,,,,,,,,,,,,,,,,,,,,,,,,,,,,,
11402,114.020000,0.000000,0.000000,0.000000,1.000000,0.000000,0.000000,0.000000,57.698101,20.499701,-14.700500,0.047771,-0.013570,0.015998,-15.666301,-52.738201,18.801300,-93.396698,0.129960,17.611099,-0.237843,-0.442376,-0.645606,0.575264,2310.203613,1545.332153,-3352.508301,2317.370850,1465.044922,-3363.550781,2316.380859,1589.596436,-3381.095703,2301.792236,1495.200195,-3311.337891,2305.270508,1631.487549,-3354.048828,2317.416748,1464.697388,-3363.549316,2316.362793,1589.852539,-3381.220947,2301.755615,1495.115112,-3311.254395,2305.284912,1631.642578,-3354.022217,2616.273438,1567.728149,-3159.784912,,,,,,,,,,,,,,,,,,,,,,,,,,,,,,,,,
11403,114.030000,0.000000,0.000000,0.000000,1.000000,0.000000,0.000000,0.000000,57.698101,20.499701,-14.700500,0.047771,-0.013570,0.015998,-15.666301,-52.738201,18.801300,-93.396698,0.129960,17.611099,-0.237579,-0.442880,-0.645757,0.574814,2310.161133,1545.433838,-3352.503662,2317.321289,1465.140015,-3363.502197,2316.390625,1589.684082,-3381.101318,2301.678467,1495.321777,-3311.323730,2305.254150,1631.589844,-3354.087891,2317.374023,1464.786865,-3363.498535,2316.356201,1589.946411,-3381.207520,2301.637939,1495.216919,-3311.239746,2305.281738,1631.764648,-3354.080078,2616.294434,1567.782227,-3159.781250,,,,,,,,,,,,,,,,,,,,,,,,,,,,,,,,,
11404,114.040000,0.000000,0.000000,0.000000,1.000000,0.000000,0.000000,0.000000,57.698101,20.499701,-14.700500,0.047771,-0.013570,0.015998,-15.666301,-52.738201,18.801300,-93.396698,0.129960,17.611099,-0.237429,-0.443291,-0.645747,0.574570,2310.127930,1545.570312,-3352.511719,2317.299561,1465.271362,-3363.464844,2316.381348,1589.806885,-3381.125244,2301.610352,1495.478027,-3311.314941,2305.220459,1631.725586,-3354.141357,2317.365967,1464.958862,-3363.465088,2316.325195,1590.051514,-3381.228271,2301.557861,1495.354126,-3311.221436,2305.267578,1631.904297,-3354.140869,2616.265137,1567.748291,-3159.789062,,,,,,,,,,,,,,,,,,,,,,,,,,,,,,,,,
11405,114.050000,0.000000,0.000000,0.000000,1.000000,0.000000,0.000000,0.000000,57.698101,20.499701,-14.700500,0.047771,-0.013570,0.015998,-15.666301,-52.738201,18.801300,-93.396698,0.129960,17.611099,-0.237662,-0.443363,-0.645677,0.574497,2310.086670,1545.714844,-3352.523682,2317.241455,1465.409546,-3363.441406,2316.343018,1589.937134,-3381.158447,2301.567383,1495.642944,-3311.302246,2305.195068,1631.870117,-3354.192139,2317.304932,1465.091553,-3363.439209,2316.289795,1590.171631,-3381.257324,2301.518799,1495.534424,-3311.219238,2305.238037,1632.046021,-3354.186768,2616.273926,1567.723999,-3159.778076,,,,,,,,,,,,,,,,,,,,,,,,,,,,,,,,,
11406,114.060000,0.000000,0.000000,0.000000,1.000000,0.000000,0.000000,0.000000,57.698101,20.499701,-14.700500,0.047771,-0.013570,0.015998,-15.666301,-52.738201,18.801300,-93.396698,0.129960,17.611099,-0.237682,-0.443574,-0.645640,0.574368,2310.041016,1545.870361,-3352.556885,2317.195557,1465.560425,-3363.441406,2316.308350,1590.081177,-3381.207031,2301.506592,1495.814819,-3311.318848,2305.153320,1632.025146,-3354.260498,2317.270020,1465.231323,-3363.445557,2316.244385,1590.338379,-3381.318604,2301.447266,1495.682861,-3311.214355,2305.206543,1632.214355,-3354.259033,2616.284912,1567.733765,-3159.785889,,,,,,,,,,,,,,,,,,,,,,,,,,,,,,,,,
11407,114.070000,0.000000,0.000000,0.000000,1.000000,0.000000,0.000000,0.000000,57.698101,20.499701,-14.700500,0.047771,-0.013570,0.015998,-15.666301,-52.738201,18.801300,-93.396698,0.129960,17.611099,-0.238081,-0.443447,-0.645529,0.574426,2309.968018,1546.034302,-3352.586426,2317.097412,1465.718872,-3363.447021,2316.222656,1590.233398,-3381.257568,2301.454590,1495.995728,-3311.323486,2305.097412,1632.189575,-3354.317871,2317.181641,1465.408691,-3363.455811,2316.141602,1590.438965,-3381.340088,2301.391357,1495.861572,-3311.226807,2305.165771,1632.415039,-3354.328369,2616.258789,1567.753296,-3159.797363,,,,,,,,,,,,,,,,,,,,,,,,,,,,,,,,,
11408,114.080000,0.000000,0.000000,0.000000,1.000000,0.000000,0.000000,0.000000,57.698101,20.499701,-14.700500,0.047771,-0.013570,0.015998,-15.666301,-52.738201,18.801300,-93.396698,0.129960,17.611099,-0.238231,-0.443411,-0.645512,0.574410,2309.894531,1546.235596,-3352.627197,2317.009521,1465.917480,-3363.477539,2316.149170,1590.429443,-3381.306396,2301.383057,1496.204346,-3311.354980,2305.036377,1632.391357,-3354.370117,2317.098633,1465.660156,-3363.483643,2316.055420,1590.651855,-3381.410645,2301.306396,1496.033936,-3311.236572,2305.118896,1632.591797,-3354.381836,2616.281006,1567.709595,-3159.782959,,,,,,,,,,,,,,,,,,,,,,,,,,,,,,,,,
11409,114.090000,0.000000,0.000000,0.000000,1.000000,0.000000,0.000000,0.000000,57.698101,20.499701,-14.700500,0.047771,-0.013570,0.015998,-15.666301,-52.738201,18.801300,-93.396698,0.129960,17.611099,-0.238300,-0.443339,-0.645356,0.574612,2309.827637,1546.457153,-3352.664795,2316.965332,1466.141235,-3363.515625,2316.054932,1590.652344,-3381.347656,2301.350830,1496.424194,-3311.387207,2304.938965,1632.611206,-3354.407959,2317.054932,1465.919556,-3363.516602,2315.953369,1590.855225,-3381.449463,2301.272705,1496.260864,-3311.279541,2305.027344,1632.791748,-3354.415771,2616.299561,1567.780396,-3159.783936,,,,,,,,,,,,,,,,,,,,,,,,,,,,,,,,,
11410,114.100000,0.000000,0.000000,0.000000,1.000000,0.000000,0.000000,0.000000,57.698101,20.499701,-14.700500,0.047771,-0.013570,0.015998,-15.666301,-52.738201,18.801300,-93.396698,0.129960,17.611099,-0.238351,-0.443299,-0.645249,0.574743,2309.741943,1546.683472,-3352.728271,2316.895020,1466.368652,-3363.578125,2315.951172,1590.878906,-3381.414795,2301.288086,1496.650146,-3311.446777,2304.833496,1632.836182,-3354.473877,2316.970947,1466.148193,-3363.571533,2315.870850,1591.107056,-3381.538086,2301.220459,1496.516113,-3311.348877,2304.901855,1632.964722,-3354.463623,2616.283447,1567.744019,-3159.787598,,,,,,,,,,,,,,,,,,,,,,,,,,,,,,,,,
11411,114.110000,0.000000,0.000000,0.000000,1.000000,0.000000,0.000000,0.000000,57.698101,20.499701,-14.700500,0.047771,-0.013570,0.015998,-15.666301,-52.738201,18.801300,-93.396698,0.129960,17.611099,-0.238152,-0.443310,-0.645077,0.575010,2309.622559,1546.903687,-3352.775635,2316.833252,1466.596191,-3363.641113,2315.798340,1591.109131,-3381.454102,2301.207031,1496.856567,-3311.502930,2304.651611,1633.053345,-3354.504395,2316.906494,1466.427124,-3363.629883,2315.719727,1591.331543,-3381.605713,2301.135498,1496.730957,-3311.404297,2304.719238,1633.135986,-3354.476074,2616.335449,1567.761353,-3159.773682,,,,,,,,,,,,,,,,,,,,,,,,,,,,,,,,,
11412,114.120000,0.000000,0.000000,0.000000,1.000000,0.000000,0.000000,0.000000,57.698101,20.499701,-14.700500,0.047771,-0.013570,0.015998,-15.666301,-52.738201,18.801300,-93.396698,0.129960,17.611099,-0.238160,-0.443271,-0.645059,0.575057,2309.488281,1547.135132,-3352.834961,2316.702148,1466.828613,-3363.704834,2315.658691,1591.342163,-3381.511963,2301.080078,1497.085449,-3311.563721,2304.512207,1633.284424,-3354.559082,2316.794922,1466.674194,-3363.688232,2315.542725,1591.544067,-3381.650879,2300.991455,1496.908325,-3311.459229,2304.612793,1633.419800,-3354.546387,2616.270996,1567.724609,-3159.777344,,,,,,,,,,,,,,,,,,,,,,,,,,,,,,,,,
11413,114.130000,0.000000,0.000000,0.000000,1.000000,0.000000,0.000000,0.000000,57.698101,20.499701,-14.700500,0.047771,-0.013570,0.015998,-15.666301,-52.738201,18.801300,-93.396698,0.129960,17.611099,-0.238116,-0.443283,-0.644881,0.575264,2309.370117,1547.380249,-3352.924072,2316.623535,1467.077148,-3363.793701,2315.511963,1591.589844,-3381.603271,2300.995605,1497.327148,-3311.650146,2304.349121,1633.526978,-3354.649414,2316.729736,1466.941650,-3363.804443,2315.379150,1591.764282,-3381.716553,2300.895996,1497.175049,-3311.529785,2304.463867,1633.642944,-3354.647949,2616.287842,1567.782959,-3159.788818,,,,,,,,,,,,,,,,,,,,,,,,,,,,,,,,,
11414,114.140000,0.000000,0.000000,0.000000,1.000000,0.000000,0.000000,0.000000,57.698101,20.499701,-14.700500,0.047771,-0.013570,0.015998,-15.666301,-52.738201,18.801300,-93.396698,0.129960,17.611099,-0.238053,-0.443334,-0.644560,0.575611,2309.214600,1547.612793,-3353.016113,2316.536377,1467.314941,-3363.878662,2315.307617,1591.824707,-3381.702393,2300.898193,1497.556885,-3311.733643,2304.115967,1633.754761,-3354.749512,2316.644531,1467.183838,-3363.895264,2315.169189,1591.989136,-3381.794189,2300.797607,1497.395508,-3311.610596,2304.236328,1633.884399,-3354.763672,2616.270264,1567.778564,-3159.804688,,,,,,,,,,,,,,,,,,,,,,,,,,,,,,,,,
11415,114.150000,0.000000,0.000000,0.000000,1.000000,0.000000,0.000000,0.000000,57.698101,20.499701,-14.700500,0.047771,-0.013570,0.015998,-15.666301,-52.738201,18.801300,-93.396698,0.129960,17.611099,-0.237805,-0.443572,-0.644414,0.575693,2309.087402,1547.859253,-3353.156006,2316.462891,1467.564819,-3364.006592,2315.166748,1592.071655,-3381.844482,2300.782959,1497.802979,-3311.872070,2303.937500,1633.998047,-3354.901367,2316.558350,1467.496216,-3364.020020,2315.025879,1592.236328,-3381.904297,2300.685059,1497.600220,-3311.742188,2304.063721,1634.101196,-3354.951172,2616.269775,1567.757568,-3159.791260,,,,,,,,,,,,,,,,,,,,,,,,,,,,,,,,,
11416,114.160000,0.000000,0.000000,0.000000,1.000000,0.000000,0.000000,0.000000,57.698101,20.499701,-14.700500,0.047771,-0.013570,0.015998,-15.666301,-52.738201,18.801300,-93.396698,0.129960,17.611099,-0.237339,-0.443907,-0.644129,0.575947,2308.935547,1548.127319,-3353.327393,2316.416504,1467.841675,-3364.170898,2314.978271,1592.346313,-3382.013184,2300.666748,1498.062012,-3312.047119,2303.680664,1634.259521,-3355.078125,2316.517334,1467.781128,-3364.195068,2314.838623,1592.526123,-3382.099854,2300.562012,1497.897461,-3311.904541,2303.803467,1634.306519,-3355.104492,2616.312744,1567.774292,-3159.783203,,,,,,,,,,,,,,,,,,,,,,,,,,,,,,,,,
11417,114.170000,0.000000,0.000000,0.000000,1.000000,0.000000,0.000000,0.000000,57.698101,20.499701,-14.700500,0.047771,-0.013570,0.015998,-15.666301,-52.738201,18.801300,-93.396698,0.129960,17.611099,-0.237131,-0.444017,-0.643924,0.576177,2308.813721,1548.419067,-3353.543945,2316.357422,1468.139404,-3364.388916,2314.825195,1592.643555,-3382.228027,2300.579590,1498.346436,-3312.265625,2303.492676,1634.547363,-3355.293213,2316.468994,1468.086914,-3364.425781,2314.674805,1592.807007,-3382.313477,2300.462891,1498.167236,-3312.102539,2303.626709,1634.611572,-3355.324463,2616.271973,1567.757080,-3159.776611,,,,,,,,,,,,,,,,,,,,,,,,,,,,,,,,,
11418,114.180000,0.000000,0.000000,0.000000,1.000000,0.000000,0.000000,0.000000,57.698101,20.499701,-14.700500,0.047771,-0.013570,0.015998,-15.666301,-52.738201,18.801300,-93.396698,0.129960,17.611099,-0.236785,-0.444140,-0.643729,0.576442,2308.653076,1548.687500,-3353.787598,2316.274414,1468.416870,-3364.645996,2314.630859,1592.922974,-3382.461670,2300.454834,1498.599121,-3312.520996,2303.252197,1634.811035,-3355.521729,2316.396729,1468.351562,-3364.685059,2314.480957,1593.058105,-3382.585938,2300.330566,1498.443237,-3312.358398,2303.384033,1634.893311,-3355.515625,2616.273438,1567.730103,-3159.782959,,,,,,,,,,,,,,,,,,,,,,,,,,,,,,,,,
11419,114.190000,0.000000,0.000000,0.000000,1.000000,0.000000,0.000000,0.000000,57.698101,20.499701,-14.700500,0.047771,-0.013570,0.015998,-15.666301,-52.738201,18.801300,-93.396698,0.129960,17.611099,-0.237152,-0.444005,-0.643487,0.576666,2308.541992,1548.991333,-3354.094482,2316.167236,1468.718262,-3364.931396,2314.484863,1593.217651,-3382.790039,2300.391357,1498.916382,-3312.802246,2303.124512,1635.113403,-3355.854248,2316.317383,1468.654419,-3364.985840,2314.304443,1593.306152,-3382.911621,2300.243408,1498.725586,-3312.615234,2303.287842,1635.271729,-3355.852783,2616.272461,1567.770386,-3159.788574,,,,,,,,,,,,,,,,,,,,,,,,,,,,,,,,,
11420,114.200000,0.000000,0.000000,0.000000,1.000000,0.000000,0.000000,0.000000,57.698101,20.499701,-14.700500,0.047771,-0.013570,0.015998,-15.666301,-52.738201,18.801300,-93.396698,0.129960,17.611099,-0.237678,-0.443653,-0.643015,0.577246,2308.410889,1549.285156,-3354.447998,2316.069092,1469.013916,-3365.274902,2314.272461,1593.506836,-3383.167480,2300.368652,1499.217163,-3313.126221,2302.933350,1635.403076,-3356.223633,2316.235107,1468.933960,-3365.309570,2314.050781,1593.598389,-3383.266113,2300.218750,1499.036987,-3312.980957,2303.128174,1635.572632,-3356.231934,2616.271484,1567.770142,-3159.787109,,,,,,,,,,,,,,,,,,,,,,,,,,,,,,,,,
11421,114.210000,0.000000,0.000000,0.000000,1.000000,0.000000,0.000000,0.000000,57.698101,20.499701,-14.700500,0.047771,-0.013570,0.015998,-15.666301,-52.738201,18.801300,-93.396698,0.129960,17.611099,-0.238730,-0.443098,-0.642575,0.577728,2308.286621,1549.561646,-3354.867432,2315.911133,1469.282593,-3365.661133,2314.075439,1593.763672,-3383.631348,2300.349609,1499.521606,-3313.491455,2302.810547,1635.678711,-3356.685547,2316.060059,1469.131836,-3365.698975,2313.872803,1593.876099,-3383.654297,2300.231934,1499.376831,-3313.380127,2302.985107,1635.869141,-3356.737793,2616.294678,1567.698730,-3159.768311,,,,,,,,,,,,,,,,,,,,,,,,,,,,,,,,,
11422,114.220000,0.000000,0.000000,0.000000,1.000000,0.000000,0.000000,0.000000,57.698101,20.499701,-14.700500,0.047771,-0.013570,0.015998,-15.666301,-52.738201,18.801300,-93.396698,0.129960,17.611099,-0.239323,-0.442998,-0.642214,0.577961,2308.156006,1549.796387,-3355.312012,2315.778320,1469.510376,-3366.053955,2313.902344,1593.977295,-3384.117188,2300.278076,1499.786865,-3313.887939,2302.665039,1635.911255,-3357.189209,2315.936035,1469.277832,-3366.083252,2313.696289,1594.106323,-3384.132080,2300.169434,1499.672363,-3313.804443,2302.837646,1636.133301,-3357.235596,2616.280273,1567.723999,-3159.764893,,,,,,,,,,,,,,,,,,,,,,,,,,,,,,,,,
11423,114.230000,0.000000,0.000000,0.000000,1.000000,0.000000,0.000000,0.000000,57.698101,20.499701,-14.700500,0.047771,-0.013570,0.015998,-15.666301,-52.738201,18.801300,-93.396698,0.129960,17.611099,-0.240402,-0.442831,-0.641688,0.578224,2308.058594,1550.013062,-3355.748291,2315.651367,1469.711548,-3366.395508,2313.749268,1594.153931,-3384.625732,2300.261719,1500.061279,-3314.239014,2302.571533,1636.125854,-3357.732178,2315.835693,1469.423950,-3366.398193,2313.508789,1594.254761,-3384.645020,2300.152832,1500.015381,-3314.214111,2302.764160,1636.352783,-3357.738525,2616.289795,1567.748169,-3159.785645,,,,,,,,,,,,,,,,,,,,,,,,,,,,,,,,,
11424,114.240000,0.000000,0.000000,0.000000,1.000000,0.000000,0.000000,0.000000,57.698101,20.499701,-14.700500,0.047771,-0.013570,0.015998,-15.666301,-52.738201,18.801300,-93.396698,0.129960,17.611099,-0.241406,-0.442825,-0.641148,0.578410,2307.940186,1550.247314,-3356.187256,2315.512695,1469.929321,-3366.724121,2313.582764,1594.343384,-3385.142578,2300.213379,1500.359741,-3314.588135,2302.452148,1636.357056,-3358.294678,2315.710205,1469.574341,-3366.699219,2313.321533,1594.484741,-3385.166016,2300.104248,1500.303833,-3314.581543,2302.658447,1636.614014,-3358.301270,2616.262695,1567.764160,-3159.786133,,,,,,,,,,,,,,,,,,,,,,,,,,,,,,,,,
11425,114.250000,0.000000,0.000000,0.000000,1.000000,0.000000,0.000000,0.000000,57.698101,20.499701,-14.700500,0.047771,-0.013570,0.015998,-15.666301,-52.738201,18.801300,-93.396698,0.129960,17.611099,-0.241559,-0.443499,-0.640597,0.578441,2307.796875,1550.459351,-3356.606689,2315.442139,1470.132080,-3367.019531,2313.409668,1594.516479,-3385.626953,2300.101318,1500.628174,-3314.934326,2302.234863,1636.561035,-3358.845947,2315.619141,1469.845581,-3366.997314,2313.154297,1594.654907,-3385.618896,2299.999512,1500.564087,-3314.929932,2302.435547,1636.772339,-3358.881348,2616.251953,1567.753052,-3159.791504,,,,,,,,,,,,,,,,,,,,,,,,,,,,,,,,,
11426,114.260000,0.000000,0.000000,0.000000,1.000000,0.000000,0.000000,0.000000,57.698101,20.499701,-14.700500,0.047771,-0.013570,0.015998,-15.666301,-52.738201,18.801300,-93.396698,0.129960,17.611099,-0.241539,-0.443971,-0.640238,0.578484,2307.615234,1550.649902,-3356.996094,2315.321777,1470.319092,-3367.335449,2313.207031,1594.685425,-3386.052979,2299.940430,1500.849854,-3315.282227,2301.992432,1636.745605,-3359.312988,2315.495850,1470.042236,-3367.334473,2312.952881,1594.805298,-3386.008545,2299.841553,1500.803101,-3315.273682,2302.190186,1636.947144,-3359.368896,2616.230957,1567.728882,-3159.793457,,,,,,,,,,,,,,,,,,,,,,,,,,,,,,,,,
11427,114.270000,0.000000,0.000000,0.000000,1.000000,0.000000,0.000000,0.000000,57.698101,20.499701,-14.700500,0.047771,-0.013570,0.015998,-15.666301,-52.738201,18.801300,-93.396698,0.129960,17.611099,-0.241508,-0.444276,-0.639788,0.578761,2307.463379,1550.869751,-3357.348877,2315.253418,1470.540527,-3367.639160,2313.006592,1594.893066,-3386.433594,2299.843750,1501.087524,-3315.604004,2301.749756,1636.957886,-3359.718994,2315.422363,1470.295044,-3367.634277,2312.767578,1594.995361,-3386.423340,2299.743896,1501.042480,-3315.591553,2301.937744,1637.144775,-3359.747803,2616.304932,1567.771729,-3159.775391,,,,,,,,,,,,,,,,,,,,,,,,,,,,,,,,,
11428,114.280000,0.000000,0.000000,0.000000,1.000000,0.000000,0.000000,0.000000,57.698101,20.499701,-14.700500,0.047771,-0.013570,0.015998,-15.666301,-52.738201,18.801300,-93.396698,0.129960,17.611099,-0.241701,-0.444372,-0.639549,0.578871,2307.288330,1551.027832,-3357.664795,2315.098389,1470.695679,-3367.916992,2312.808594,1595.038086,-3386.773926,2299.697754,1501.264404,-3315.892090,2301.548828,1637.113037,-3360.076416,2315.267090,1470.464355,-3367.919189,2312.582031,1595.129761,-3386.795410,2299.593994,1501.236938,-3315.870117,2301.727051,1637.275513,-3360.076904,2616.303711,1567.751587,-3159.771729,,,,,,,,,,,,,,,,,,,,,,,,,,,,,,,,,
11429,114.290000,0.000000,0.000000,0.000000,1.000000,0.000000,0.000000,0.000000,57.698101,20.499701,-14.700500,0.047771,-0.013570,0.015998,-15.666301,-52.738201,18.801300,-93.396698,0.129960,17.611099,-0.241987,-0.444474,-0.639138,0.579126,2307.113770,1551.180542,-3357.966309,2314.964844,1470.846069,-3368.167480,2312.588135,1595.173584,-3387.110107,2299.581055,1501.442139,-3316.153564,2301.321289,1637.260742,-3360.434814,2315.123291,1470.632812,-3368.170898,2312.376953,1595.244019,-3387.129395,2299.483398,1501.413086,-3316.132568,2301.488770,1637.430298,-3360.434814,2616.290039,1567.739014,-3159.770264,,,,,,,,,,,,,,,,,,,,,,,,,,,,,,,,,
11430,114.300000,0.000000,0.000000,0.000000,1.000000,0.000000,0.000000,0.000000,57.698101,20.499701,-14.700500,0.047771,-0.013570,0.015998,-15.666301,-52.738201,18.801300,-93.396698,0.129960,17.611099,-0.241711,-0.444977,-0.638771,0.579260,2306.963379,1551.319214,-3358.258057,2314.907959,1470.987305,-3368.406982,2312.408691,1595.301147,-3387.424072,2299.457764,1501.597168,-3316.420898,2301.079102,1637.391602,-3360.780273,2315.032715,1470.792358,-3368.399414,2312.232666,1595.450439,-3387.454346,2299.374512,1501.532593,-3316.382812,2301.216064,1637.503174,-3360.798340,2616.285400,1567.732666,-3159.777832,,,,,,,,,,,,,,,,,,,,,,,,,,,,,,,,,
11431,114.310000,0.000000,0.000000,0.000000,1.000000,0.000000,0.000000,0.000000,57.698101,20.499701,-14.700500,0.047771,-0.013570,0.015998,-15.666301,-52.738201,18.801300,-93.396698,0.129960,17.611099,-0.242091,-0.444931,-0.638463,0.579477,2306.809082,1551.389404,-3358.522217,2314.766846,1471.054077,-3368.634033,2312.216553,1595.356812,-3387.717041,2299.354004,1501.688354,-3316.650879,2300.898682,1637.458740,-3361.086670,2314.891846,1470.884155,-3368.608398,2312.009766,1595.498901,-3387.695312,2299.274902,1501.613281,-3316.645264,2301.059570,1637.571655,-3361.139404,2616.305176,1567.761719,-3159.775391,,,,,,,,,,,,,,,,,,,,,,,,,,,,,,,,,
11432,114.320000,0.000000,0.000000,0.000000,1.000000,0.000000,0.000000,0.000000,57.698101,20.499701,-14.700500,0.047771,-0.013570,0.015998,-15.666301,-52.738201,18.801300,-93.396698,0.129960,17.611099,-0.242651,-0.444687,-0.638266,0.579646,2306.684082,1551.481201,-3358.768799,2314.615234,1471.140137,-3368.855469,2312.062744,1595.435059,-3387.989258,2299.272461,1501.799438,-3316.866943,2300.785645,1637.550537,-3361.363037,2314.729492,1471.003418,-3368.812744,2311.867188,1595.563721,-3387.986328,2299.195557,1501.680176,-3316.862793,2300.942383,1637.690063,-3361.413574,2616.287109,1567.745239,-3159.773926,,,,,,,,,,,,,,,,,,,,,,,,,,,,,,,,,
11433,114.330000,0.000000,0.000000,0.000000,1.000000,0.000000,0.000000,0.000000,57.698101,20.499701,-14.700500,0.047771,-0.013570,0.015998,-15.666301,-52.738201,18.801300,-93.396698,0.129960,17.611099,-0.243047,-0.444738,-0.638086,0.579640,2306.556396,1551.494629,-3359.020996,2314.472168,1471.145630,-3369.056885,2311.925293,1595.427612,-3388.274414,2299.160645,1501.842651,-3317.081055,2300.667480,1637.562866,-3361.671143,2314.580322,1471.010254,-3369.017090,2311.742432,1595.554688,-3388.274170,2299.088867,1501.743408,-3317.079346,2300.812744,1637.680054,-3361.713623,2616.269531,1567.723633,-3159.774902,,,,,,,,,,,,,,,,,,,,,,,,,,,,,,,,,
11434,114.340000,0.000000,0.000000,0.000000,1.000000,0.000000,0.000000,0.000000,57.698101,20.499701,-14.700500,0.047771,-0.013570,0.015998,-15.666301,-52.738201,18.801300,-93.396698,0.129960,17.611099,-0.243742,-0.444394,-0.637821,0.579904,2306.422852,1551.490967,-3359.243408,2314.311035,1471.136230,-3369.254395,2311.749756,1595.409546,-3388.526611,2299.089600,1501.859863,-3317.267822,2300.541748,1637.558838,-3361.924561,2314.424072,1471.019165,-3369.206787,2311.560547,1595.526855,-3388.553955,2299.010986,1501.757446,-3317.267334,2300.693115,1637.671021,-3361.947021,2616.290283,1567.712280,-3159.771484,,,,,,,,,,,,,,,,,,,,,,,,,,,,,,,,,
11435,114.350000,0.000000,0.000000,0.000000,1.000000,0.000000,0.000000,0.000000,57.698101,20.499701,-14.700500,0.047771,-0.013570,0.015998,-15.666301,-52.738201,18.801300,-93.396698,0.129960,17.611099,-0.244361,-0.444032,-0.637625,0.580136,2306.306885,1551.473022,-3359.448486,2314.163086,1471.113281,-3369.445801,2311.598389,1595.381104,-3388.753662,2299.026611,1501.856689,-3317.446045,2300.438965,1637.541138,-3362.148193,2314.289307,1471.010986,-3369.397461,2311.393799,1595.475342,-3388.799072,2298.937256,1501.753540,-3317.444824,2300.604736,1637.663086,-3362.154541,2616.274658,1567.746948,-3159.772461,,,,,,,,,,,,,,,,,,,,,,,,,,,,,,,,,
11436,114.360000,0.000000,0.000000,0.000000,1.000000,0.000000,0.000000,0.000000,57.698101,20.499701,-14.700500,0.047771,-0.013570,0.015998,-15.666301,-52.738201,18.801300,-93.396698,0.129960,17.611099,-0.245285,-0.443539,-0.637430,0.580337,2306.238037,1551.421997,-3359.633789,2314.027832,1471.052612,-3369.605225,2311.495361,1595.311890,-3388.972168,2299.014404,1501.831665,-3317.591064,2300.414307,1637.492065,-3362.366211,2314.147705,1470.967041,-3369.557373,2311.292480,1595.423828,-3389.011230,2298.926514,1501.722778,-3317.585693,2300.578857,1637.585815,-3362.382812,2616.277588,1567.758789,-3159.783447,,,,,,,,,,,,,,,,,,,,,,,,,,,,,,,,,
11437,114.370000,0.000000,0.000000,0.000000,1.000000,0.000000,0.000000,0.000000,57.698101,20.499701,-14.700500,0.047771,-0.013570,0.015998,-15.666301,-52.738201,18.801300,-93.396698,0.129960,17.611099,-0.245566,-0.443418,-0.637194,0.580570,2306.199707,1551.343262,-3359.808838,2314.002441,1470.973267,-3369.765381,2311.421631,1595.226562,-3389.163574,2299.023682,1501.762329,-3317.746826,2300.351318,1637.411011,-3362.559814,2314.105469,1470.895630,-3369.722412,2311.240967,1595.343994,-3389.182861,2298.947998,1501.651489,-3317.739990,2300.498047,1637.491333,-3362.592529,2616.258301,1567.747437,-3159.790039,,,,,,,,,,,,,,,,,,,,,,,,,,,,,,,,,
11438,114.380000,0.000000,0.000000,0.000000,1.000000,0.000000,0.000000,0.000000,57.698101,20.499701,-14.700500,0.047771,-0.013570,0.015998,-15.666301,-52.738201,18.801300,-93.396698,0.129960,17.611099,-0.246225,-0.442959,-0.636992,0.580863,2306.167480,1551.251709,-3359.974365,2313.937012,1470.878052,-3369.927002,2311.347412,1595.127563,-3389.347656,2299.054443,1501.681152,-3317.889404,2300.331787,1637.320068,-3362.733643,2314.044922,1470.804932,-3369.901367,2311.152344,1595.219849,-3389.317871,2298.979248,1501.596558,-3317.887939,2300.489014,1637.396118,-3362.790771,2616.292480,1567.736328,-3159.780029,,,,,,,,,,,,,,,,,,,,,,,,,,,,,,,,,
11439,114.390000,0.000000,0.000000,0.000000,1.000000,0.000000,0.000000,0.000000,57.698101,20.499701,-14.700500,0.047771,-0.013570,0.015998,-15.666301,-52.738201,18.801300,-93.396698,0.129960,17.611099,-0.246335,-0.443141,-0.636888,0.580792,2306.167236,1551.132324,-3360.143311,2313.938965,1470.754028,-3370.056152,2311.348389,1594.994019,-3389.537354,2299.051270,1501.582153,-3318.034912,2300.329590,1637.199341,-3362.945068,2314.027100,1470.655640,-3370.046387,2311.202393,1595.126587,-3389.537354,2298.984863,1501.474731,-3317.992188,2300.448730,1637.280396,-3362.998779,2616.290283,1567.714233,-3159.779053,,,,,,,,,,,,,,,,,,,,,,,,,,,,,,,,,
11440,114.400000,0.000000,0.000000,0.000000,1.000000,0.000000,0.000000,0.000000,57.698101,20.499701,-14.700500,0.047771,-0.013570,0.015998,-15.666301,-52.738201,18.801300,-93.396698,0.129960,17.611099,-0.246514,-0.443342,-0.636814,0.580643,2306.243408,1550.997437,-3360.312500,2314.003174,1470.611938,-3370.176025,2311.434814,1594.840820,-3389.732422,2299.115479,1501.473877,-3318.174805,2300.420166,1637.063721,-3363.166504,2314.114014,1470.474243,-3370.178711,2311.263428,1594.975830,-3389.727783,2299.037354,1501.398438,-3318.130615,2300.556396,1637.148682,-3363.214600,2616.263428,1567.752197,-3159.785156,,,,,,,,,,,,,,,,,,,,,,,,,,,,,,,,,
11441,114.410000,0.000000,0.000000,0.000000,1.000000,0.000000,0.000000,0.000000,57.698101,20.499701,-14.700500,0.047771,-0.013570,0.015998,-15.666301,-52.738201,18.801300,-93.396698,0.129960,17.611099,-0.247140,-0.443166,-0.636550,0.580801,2306.315186,1550.830200,-3360.478516,2314.051270,1470.437134,-3370.298828,2311.475098,1594.653320,-3389.933838,2299.234131,1501.335327,-3318.299072,2300.500000,1636.895264,-3363.381836,2314.180420,1470.279053,-3370.308350,2311.278809,1594.744385,-3389.899170,2299.150879,1501.276978,-3318.269775,2300.655762,1637.027588,-3363.438477,2616.282227,1567.763306,-3159.792725,,,,,,,,,,,,,,,,,,,,,,,,,,,,,,,,,
11442,114.420000,0.000000,0.000000,0.000000,1.000000,0.000000,0.000000,0.000000,57.698101,20.499701,-14.700500,0.047771,-0.013570,0.015998,-15.666301,-52.738201,18.801300,-93.396698,0.129960,17.611099,-0.247297,-0.443627,-0.636579,0.580350,2306.469238,1550.669434,-3360.667725,2314.171387,1470.262939,-3370.404785,2311.673828,1594.461426,-3390.161621,2299.331055,1501.218994,-3318.445801,2300.700928,1636.734741,-3363.658447,2314.303955,1470.058838,-3370.419434,2311.483887,1594.562500,-3390.125732,2299.249023,1501.153442,-3318.409424,2300.852539,1636.907349,-3363.721191,2616.263184,1567.716553,-3159.781006,,,,,,,,,,,,,,,,,,,,,,,,,,,,,,,,,
11443,114.430000,0.000000,0.000000,0.000000,1.000000,0.000000,0.000000,0.000000,57.698101,20.499701,-14.700500,0.047771,-0.013570,0.015998,-15.666301,-52.738201,18.801300,-93.396698,0.129960,17.611099,-0.247378,-0.444101,-0.636514,0.580025,2306.655273,1550.487549,-3360.839111,2314.349854,1470.070679,-3370.497070,2311.888428,1594.251465,-3390.369385,2299.478271,1501.077026,-3318.577148,2300.904053,1636.551025,-3363.912842,2314.483887,1469.845947,-3370.501221,2311.703125,1594.368164,-3390.362305,2299.395752,1501.018066,-3318.543457,2301.050293,1636.716431,-3363.952881,2616.309814,1567.762329,-3159.765869,,,,,,,,,,,,,,,,,,,,,,,,,,,,,,,,,
11444,114.440000,0.000000,0.000000,0.000000,1.000000,0.000000,0.000000,0.000000,57.698101,20.499701,-14.700500,0.047771,-0.013570,0.015998,-15.666301,-52.738201,18.801300,-93.396698,0.129960,17.611099,-0.247618,-0.444286,-0.636460,0.579840,2306.908936,1550.306396,-3361.032959,2314.580322,1469.881104,-3370.637939,2312.156494,1594.049561,-3390.591553,2299.715576,1500.925781,-3318.739014,2301.183105,1636.369629,-3364.163086,2314.719482,1469.597168,-3370.632080,2311.960938,1594.223267,-3390.578613,2299.634766,1500.860229,-3318.708008,2301.332764,1636.538940,-3364.215088,2616.253662,1567.721802,-3159.786865,,,,,,,,,,,,,,,,,,,,,,,,,,,,,,,,,
11445,114.450000,0.000000,0.000000,0.000000,1.000000,0.000000,0.000000,0.000000,57.698101,20.499701,-14.700500,0.047771,-0.013570,0.015998,-15.666301,-52.738201,18.801300,-93.396698,0.129960,17.611099,-0.247329,-0.444725,-0.636757,0.579300,2307.205322,1550.124756,-3361.232666,2314.846191,1469.692993,-3370.807861,2312.521729,1593.858276,-3390.793213,2299.921143,1500.757690,-3318.938477,2301.532471,1636.190430,-3364.391113,2314.983643,1469.413086,-3370.804199,2312.335449,1594.053223,-3390.813477,2299.835938,1500.684204,-3318.889404,2301.674805,1636.342163,-3364.427490,2616.264404,1567.741943,-3159.787109,,,,,,,,,,,,,,,,,,,,,,,,,,,,,,,,,
11446,114.460000,0.000000,0.000000,0.000000,1.000000,0.000000,0.000000,0.000000,57.698101,20.499701,-14.700500,0.047771,-0.013570,0.015998,-15.666301,-52.738201,18.801300,-93.396698,0.129960,17.611099,-0.247688,-0.444414,-0.637015,0.579101,2307.538818,1549.965942,-3361.444824,2315.092285,1469.527466,-3371.032715,2312.884766,1593.697266,-3391.003174,2300.225342,1500.601807,-3319.152100,2301.952393,1636.037720,-3364.590576,2315.196289,1469.176514,-3371.016602,2312.762207,1593.915771,-3391.053467,2300.165527,1500.517822,-3319.102539,2302.042969,1636.231689,-3364.611084,2616.263184,1567.730835,-3159.777588,,,,,,,,,,,,,,,,,,,,,,,,,,,,,,,,,
11447,114.470000,0.000000,0.000000,0.000000,1.000000,0.000000,0.000000,0.000000,57.698101,20.499701,-14.700500,0.047771,-0.013570,0.015998,-15.666301,-52.738201,18.801300,-93.396698,0.129960,17.611099,-0.247465,-0.444284,-0.637333,0.578947,2307.894775,1549.774902,-3361.682129,2315.417725,1469.339111,-3371.317627,2313.272217,1593.522583,-3391.210693,2300.541992,1500.387207,-3319.423828,2302.346924,1635.851074,-3364.776123,2315.503906,1469.004639,-3371.319092,2313.193848,1593.727783,-3391.308838,2300.487793,1500.343506,-3319.359131,2302.402588,1635.994751,-3364.752441,2616.301270,1567.759521,-3159.776611,,,,,,,,,,,,,,,,,,,,,,,,,,,,,,,,,
11448,114.480000,0.000000,0.000000,0.000000,1.000000,0.000000,0.000000,0.000000,57.698101,20.499701,-14.700500,0.047771,-0.013570,0.015998,-15.666301,-52.738201,18.801300,-93.396698,0.129960,17.611099,-0.248120,-0.443652,-0.637782,0.578657,2308.267334,1549.558105,-3361.948486,2315.636475,1469.112061,-3371.616455,2313.690918,1593.305054,-3391.469727,2300.872314,1500.170776,-3319.697021,2302.869873,1635.644897,-3365.010498,2315.697754,1468.764404,-3371.615967,2313.653564,1593.524658,-3391.593750,2300.832520,1500.146851,-3319.632812,2302.893311,1635.764404,-3364.966309,2616.279785,1567.756592,-3159.783936,,,,,,,,,,,,,,,,,,,,,,,,,,,,,,,,,
11449,114.490000,0.000000,0.000000,0.000000,1.000000,0.000000,0.000000,0.000000,57.698101,20.499701,-14.700500,0.047771,-0.013570,0.015998,-15.666301,-52.738201,18.801300,-93.396698,0.129960,17.611099,-0.248369,-0.443460,-0.638355,0.578064,2308.693848,1549.339844,-3362.270752,2315.925781,1468.882812,-3371.950684,2314.201416,1593.082275,-3391.782959,2301.201904,1499.958252,-3320.030029,2303.446533,1635.436401,-3365.319824,2315.973633,1468.552124,-3371.939697,2314.185059,1593.339966,-3391.952393,2301.164062,1499.909546,-3319.950928,2303.458008,1635.542969,-3365.263672,2616.302002,1567.708496,-3159.767822,,,,,,,,,,,,,,,,,,,,,,,,,,,,,,,,,
11450,114.500000,0.000000,0.000000,0.000000,1.000000,0.000000,0.000000,0.000000,57.698101,20.499701,-14.700500,0.047771,-0.013570,0.015998,-15.666301,-52.738201,18.801300,-93.396698,0.129960,17.611099,-0.249378,-0.442809,-0.638978,0.577441,2309.113770,1549.119995,-3362.647705,2316.114502,1468.642456,-3372.328613,2314.705811,1592.844604,-3392.170654,2301.536621,1499.762817,-3320.393311,2304.098145,1635.230347,-3365.698242,2316.131592,1468.385132,-3372.334961,2314.736572,1593.128174,-3392.354736,2301.508545,1499.686646,-3320.274414,2304.083740,1635.291138,-3365.655029,2616.306396,1567.760742,-3159.766602,,,,,,,,,,,,,,,,,,,,,,,,,,,,,,,,,
11451,114.510000,0.000000,0.000000,0.000000,1.000000,0.000000,0.000000,0.000000,57.698101,20.499701,-14.700500,0.047771,-0.013570,0.015998,-15.666301,-52.738201,18.801300,-93.396698,0.129960,17.611099,-0.250893,-0.441767,-0.639690,0.576794,2309.534180,1548.947144,-3363.067627,2316.230469,1468.444580,-3372.754639,2315.214355,1592.648682,-3392.607666,2301.876953,1499.621338,-3320.791016,2304.814209,1635.074097,-3366.117188,2316.283447,1468.225098,-3372.783936,2315.183350,1592.875488,-3392.739990,2301.823975,1499.531982,-3320.656982,2304.843994,1635.155151,-3366.101074,2616.287842,1567.758545,-3159.776123,,,,,,,,,,,,,,,,,,,,,,,,,,,,,,,,,
11452,114.520000,0.000000,0.000000,0.000000,1.000000,0.000000,0.000000,0.000000,57.698101,20.499701,-14.700500,0.047771,-0.013570,0.015998,-15.666301,-52.738201,18.801300,-93.396698,0.129960,17.611099,-0.252372,-0.440831,-0.640183,0.576318,2309.913086,1548.792114,-3363.483887,2316.349854,1468.267090,-3373.160889,2315.654297,1592.467529,-3393.051025,2302.208008,1499.502319,-3321.174072,2305.440674,1634.931763,-3366.549805,2316.433105,1468.042114,-3373.197021,2315.572998,1592.655273,-3393.144043,2302.131836,1499.347778,-3321.022705,2305.514160,1635.115234,-3366.571045,2616.275879,1567.731934,-3159.788086,,,,,,,,,,,,,,,,,,,,,,,,,,,,,,,,,
11453,114.530000,0.000000,0.000000,0.000000,1.000000,0.000000,0.000000,0.000000,57.698101,20.499701,-14.700500,0.047771,-0.013570,0.015998,-15.666301,-52.738201,18.801300,-93.396698,0.129960,17.611099,-0.253141,-0.440417,-0.640421,0.576032,2310.205078,1548.600220,-3363.879883,2316.507812,1468.062622,-3373.540283,2315.980713,1592.258179,-3393.465820,2302.470703,1499.334473,-3321.547607,2305.860596,1634.745728,-3366.965820,2316.576660,1467.869873,-3373.549561,2315.899170,1592.497437,-3393.557373,2302.398926,1499.110229,-3321.394043,2305.936523,1634.921265,-3367.013916,2616.272461,1567.740356,-3159.786621,,,,,,,,,,,,,,,,,,,,,,,,,,,,,,,,,
11454,114.540000,0.000000,0.000000,0.000000,1.000000,0.000000,0.000000,0.000000,57.698101,20.499701,-14.700500,0.047771,-0.013570,0.015998,-15.666301,-52.738201,18.801300,-93.396698,0.129960,17.611099,-0.254464,-0.439569,-0.640143,0.576407,2310.519775,1548.472046,-3364.283691,2316.728271,1467.924805,-3373.924316,2316.237061,1592.110840,-3393.909180,2302.879395,1499.233276,-3321.903076,2306.234131,1634.619507,-3367.398682,2316.803711,1467.723145,-3373.896729,2316.116455,1592.365234,-3393.952148,2302.813477,1499.020630,-3321.814209,2306.336914,1634.788330,-3367.472168,2616.299316,1567.768921,-3159.776123,,,,,,,,,,,,,,,,,,,,,,,,,,,,,,,,,
11455,114.550000,0.000000,0.000000,0.000000,1.000000,0.000000,0.000000,0.000000,57.698101,20.499701,-14.700500,0.047771,-0.013570,0.015998,-15.666301,-52.738201,18.801300,-93.396698,0.129960,17.611099,-0.255121,-0.438964,-0.639919,0.576825,2310.770752,1548.340454,-3364.667725,2316.952393,1467.792969,-3374.323486,2316.432129,1591.979736,-3394.302979,2303.211426,1499.100952,-3322.272949,2306.486816,1634.488403,-3367.770996,2317.050049,1467.600342,-3374.300049,2316.274902,1592.177612,-3394.310791,2303.133301,1498.881470,-3322.197510,2306.625244,1634.713501,-3367.865723,2616.284668,1567.740845,-3159.782471,,,,,,,,,,,,,,,,,,,,,,,,,,,,,,,,,
11456,114.560000,0.000000,0.000000,0.000000,1.000000,0.000000,0.000000,0.000000,57.698101,20.499701,-14.700500,0.047771,-0.013570,0.015998,-15.666301,-52.738201,18.801300,-93.396698,0.129960,17.611099,-0.255465,-0.438477,-0.639821,0.577152,2310.947998,1548.213135,-3365.047119,2317.115234,1467.668579,-3374.735840,2316.570557,1591.861450,-3394.677002,2303.444336,1498.960693,-3322.657471,2306.661377,1634.362061,-3368.118408,2317.209473,1467.472534,-3374.696289,2316.416016,1592.059448,-3394.693115,2303.371826,1498.757812,-3322.604736,2306.794189,1634.573608,-3368.197021,2616.294678,1567.739868,-3159.780518,,,,,,,,,,,,,,,,,,,,,,,,,,,,,,,,,
11457,114.570000,0.000000,0.000000,0.000000,1.000000,0.000000,0.000000,0.000000,57.698101,20.499701,-14.700500,0.047771,-0.013570,0.015998,-15.666301,-52.738201,18.801300,-93.396698,0.129960,17.611099,-0.255798,-0.438040,-0.639680,0.577493,2311.074951,1548.070923,-3365.436279,2317.236328,1467.528931,-3375.151123,2316.655518,1591.726440,-3395.063477,2303.630859,1498.808350,-3323.048096,2306.777344,1634.220093,-3368.482422,2317.321777,1467.342773,-3375.091309,2316.503906,1591.893555,-3395.055176,2303.570801,1498.613647,-3323.035400,2306.907959,1634.446411,-3368.567139,2616.307617,1567.733276,-3159.768311,,,,,,,,,,,,,,,,,,,,,,,,,,,,,,,,,
11458,114.580000,0.000000,0.000000,0.000000,1.000000,0.000000,0.000000,0.000000,57.698101,20.499701,-14.700500,0.047771,-0.013570,0.015998,-15.666301,-52.738201,18.801300,-93.396698,0.129960,17.611099,-0.256391,-0.437420,-0.639529,0.577867,2311.182129,1547.917725,-3365.829346,2317.310303,1467.376343,-3375.569092,2316.714844,1591.577148,-3395.459473,2303.808350,1498.649414,-3323.435303,2306.894531,1634.068237,-3368.852783,2317.385010,1467.206665,-3375.503906,2316.584717,1591.751099,-3395.484863,2303.752930,1498.455933,-3323.417725,2307.006348,1634.265015,-3368.911865,2616.293457,1567.724243,-3159.772705,,,,,,,,,,,,,,,,,,,,,,,,,,,,,,,,,
11459,114.590000,0.000000,0.000000,0.000000,1.000000,0.000000,0.000000,0.000000,57.698101,20.499701,-14.700500,0.047771,-0.013570,0.015998,-15.666301,-52.738201,18.801300,-93.396698,0.129960,17.611099,-0.256898,-0.437065,-0.639496,0.577947,2311.226318,1547.720825,-3366.259766,2317.304443,1467.175293,-3375.997070,2316.746582,1591.374023,-3395.901611,2303.877441,1498.461182,-3323.851562,2306.977295,1633.873047,-3369.288818,2317.388184,1467.025146,-3375.952393,2316.610107,1591.532471,-3395.939453,2303.809814,1498.269775,-3323.808350,2307.095947,1634.063110,-3369.340820,2616.270508,1567.730347,-3159.767090,,,,,,,,,,,,,,,,,,,,,,,,,,,,,,,,,
11460,114.600000,0.000000,0.000000,0.000000,1.000000,0.000000,0.000000,0.000000,57.698101,20.499701,-14.700500,0.047771,-0.013570,0.015998,-15.666301,-52.738201,18.801300,-93.396698,0.129960,17.611099,-0.257256,-0.436933,-0.639142,0.578278,2311.259521,1547.531372,-3366.644043,2317.363525,1466.984863,-3376.356934,2316.727539,1591.175537,-3396.308594,2303.978760,1498.284790,-3324.208984,2306.968018,1633.680542,-3369.701904,2317.465820,1466.864014,-3376.326904,2316.562500,1591.289185,-3396.323730,2303.902100,1498.149658,-3324.180420,2307.108643,1633.832275,-3369.747559,2616.268311,1567.689331,-3159.772217,,,,,,,,,,,,,,,,,,,,,,,,,,,,,,,,,
11461,114.610000,0.000000,0.000000,0.000000,1.000000,0.000000,0.000000,0.000000,57.698101,20.499701,-14.700500,0.047771,-0.013570,0.015998,-15.666301,-52.738201,18.801300,-93.396698,0.129960,17.611099,-0.258116,-0.436783,-0.638689,0.578509,2311.248779,1547.349609,-3367.087158,2317.335449,1466.792480,-3376.723389,2316.666504,1590.961670,-3396.808105,2304.040283,1498.148926,-3324.586426,2306.952637,1633.495483,-3370.230469,2317.414551,1466.642700,-3376.681641,2316.522461,1591.098999,-3396.772949,2303.988037,1498.029053,-3324.587646,2307.071045,1633.638062,-3370.306885,2616.270996,1567.736450,-3159.774658,,,,,,,,,,,,,,,,,,,,,,,,,,,,,,,,,
11462,114.620000,0.000000,0.000000,0.000000,1.000000,0.000000,0.000000,0.000000,57.698101,20.499701,-14.700500,0.047771,-0.013570,0.015998,-15.666301,-52.738201,18.801300,-93.396698,0.129960,17.611099,-0.258814,-0.436634,-0.638286,0.578755,2311.190186,1547.151489,-3367.515869,2317.270020,1466.586792,-3377.093262,2316.559570,1590.739014,-3397.281494,2304.049316,1497.985840,-3324.963135,2306.881104,1633.294189,-3370.725098,2317.344482,1466.424927,-3377.047852,2316.431396,1590.863281,-3397.264160,2304.000732,1497.857666,-3324.962158,2306.988281,1633.468750,-3370.789551,2616.303467,1567.750610,-3159.762939,,,,,,,,,,,,,,,,,,,,,,,,,,,,,,,,,
11463,114.630000,0.000000,0.000000,0.000000,1.000000,0.000000,0.000000,0.000000,57.698101,20.499701,-14.700500,0.047771,-0.013570,0.015998,-15.666301,-52.738201,18.801300,-93.396698,0.129960,17.611099,-0.259183,-0.436549,-0.637969,0.579003,2311.127686,1546.991333,-3367.910400,2317.224365,1466.424194,-3377.456055,2316.455078,1590.566772,-3397.701416,2304.042725,1497.843384,-3325.327881,2306.788330,1633.131226,-3371.156006,2317.310547,1466.245728,-3377.432861,2316.322754,1590.725464,-3397.718750,2303.979492,1497.703369,-3325.281494,2306.899658,1633.296997,-3371.210938,2616.286621,1567.791626,-3159.790283,,,,,,,,,,,,,,,,,,,,,,,,,,,,,,,,,
11464,114.640000,0.000000,0.000000,0.000000,1.000000,0.000000,0.000000,0.000000,57.698101,20.499701,-14.700500,0.047771,-0.013570,0.015998,-15.666301,-52.738201,18.801300,-93.396698,0.129960,17.611099,-0.260537,-0.435655,-0.637525,0.579559,2311.068604,1546.851929,-3368.296143,2317.097900,1466.277222,-3377.820312,2316.310547,1590.409424,-3398.128418,2304.111328,1497.729248,-3325.663330,2306.754395,1632.991943,-3371.572021,2317.189209,1466.094604,-3377.789551,2316.169922,1590.508667,-3398.119629,2304.053711,1497.630615,-3325.657471,2306.871582,1633.182495,-3371.619385,2616.250000,1567.744507,-3159.797363,,,,,,,,,,,,,,,,,,,,,,,,,,,,,,,,,
11465,114.650000,0.000000,0.000000,0.000000,1.000000,0.000000,0.000000,0.000000,57.698101,20.499701,-14.700500,0.047771,-0.013570,0.015998,-15.666301,-52.738201,18.801300,-93.396698,0.129960,17.611099,-0.260872,-0.435433,-0.637365,0.579750,2310.977051,1546.719971,-3368.648438,2316.999023,1466.144043,-3378.166748,2316.190186,1590.273315,-3398.492432,2304.060547,1497.603516,-3326.002197,2306.657959,1632.859497,-3371.933105,2317.074219,1465.952881,-3378.107910,2316.072998,1590.408081,-3398.522217,2304.011230,1497.481567,-3326.002441,2306.755127,1633.041992,-3371.960938,2616.281250,1567.749756,-3159.793213,,,,,,,,,,,,,,,,,,,,,,,,,,,,,,,,,
11466,114.660000,0.000000,0.000000,0.000000,1.000000,0.000000,0.000000,0.000000,57.698101,20.499701,-14.700500,0.047771,-0.013570,0.015998,-15.666301,-52.738201,18.801300,-93.396698,0.129960,17.611099,-0.260955,-0.435238,-0.637262,0.579973,2310.912354,1546.627930,-3368.943359,2316.947510,1466.055054,-3378.479492,2316.098389,1590.187622,-3398.782471,2304.031738,1497.502197,-3326.301758,2306.571777,1632.766968,-3372.209961,2317.026123,1465.874390,-3378.436279,2315.988281,1590.294312,-3398.833740,2303.979004,1497.404907,-3326.290039,2306.663574,1632.941406,-3372.212402,2616.274414,1567.757812,-3159.785400,,,,,,,,,,,,,,,,,,,,,,,,,,,,,,,,,
11467,114.670000,0.000000,0.000000,0.000000,1.000000,0.000000,0.000000,0.000000,57.698101,20.499701,-14.700500,0.047771,-0.013570,0.015998,-15.666301,-52.738201,18.801300,-93.396698,0.129960,17.611099,-0.261318,-0.434867,-0.636891,0.580494,2310.871826,1546.582642,-3369.206787,2316.939453,1466.013428,-3378.752197,2315.986328,1590.145508,-3399.053711,2304.085938,1497.453003,-3326.554688,2306.475586,1632.719116,-3372.466553,2317.018066,1465.810547,-3378.727295,2315.878906,1590.249512,-3399.075195,2304.036865,1497.374390,-3326.538818,2306.563965,1632.897095,-3372.486572,2616.258057,1567.692749,-3159.779297,,,,,,,,,,,,,,,,,,,,,,,,,,,,,,,,,
11468,114.680000,0.000000,0.000000,0.000000,1.000000,0.000000,0.000000,0.000000,57.698101,20.499701,-14.700500,0.047771,-0.013570,0.015998,-15.666301,-52.738201,18.801300,-93.396698,0.129960,17.611099,-0.261184,-0.434995,-0.636813,0.580543,2310.854248,1546.546753,-3369.455078,2316.950928,1465.979004,-3378.994873,2315.961182,1590.109741,-3399.302979,2304.074707,1497.416870,-3326.802246,2306.429932,1632.681519,-3372.719971,2317.023682,1465.781250,-3378.979492,2315.860352,1590.204834,-3399.299805,2304.028809,1497.309082,-3326.774658,2306.515625,1632.898682,-3372.769531,2616.286133,1567.759888,-3159.772949,,,,,,,,,,,,,,,,,,,,,,,,,,,,,,,,,
11469,114.690000,0.000000,0.000000,0.000000,1.000000,0.000000,0.000000,0.000000,57.698101,20.499701,-14.700500,0.047771,-0.013570,0.015998,-15.666301,-52.738201,18.801300,-93.396698,0.129960,17.611099,-0.261275,-0.435012,-0.636624,0.580698,2310.826416,1546.569824,-3369.673828,2316.947754,1466.002197,-3379.198730,2315.908447,1590.128296,-3399.532227,2304.077881,1497.446533,-3327.008301,2306.371094,1632.702515,-3372.955322,2317.042480,1465.832642,-3379.197510,2315.762939,1590.224609,-3399.494385,2304.016357,1497.353638,-3326.978760,2306.491943,1632.876953,-3373.028076,2616.297363,1567.753174,-3159.778320,,,,,,,,,,,,,,,,,,,,,,,,,,,,,,,,,
11470,114.700000,0.000000,0.000000,0.000000,1.000000,0.000000,0.000000,0.000000,57.698101,20.499701,-14.700500,0.047771,-0.013570,0.015998,-15.666301,-52.738201,18.801300,-93.396698,0.129960,17.611099,-0.260894,-0.435295,-0.636583,0.580702,2310.812500,1546.610474,-3369.863525,2316.984375,1466.046631,-3379.387695,2315.894775,1590.173096,-3399.715820,2304.056396,1497.481567,-3327.205566,2306.313965,1632.740845,-3373.144531,2317.080811,1465.926636,-3379.390137,2315.739258,1590.264648,-3399.676025,2303.987061,1497.359741,-3327.161133,2306.446289,1632.901855,-3373.229736,2616.266602,1567.736206,-3159.788574,,,,,,,,,,,,,,,,,,,,,,,,,,,,,,,,,
11471,114.710000,0.000000,0.000000,0.000000,1.000000,0.000000,0.000000,0.000000,57.698101,20.499701,-14.700500,0.047771,-0.013570,0.015998,-15.666301,-52.738201,18.801300,-93.396698,0.129960,17.611099,-0.260790,-0.435400,-0.636474,0.580790,2310.791748,1546.680420,-3370.043457,2316.995850,1466.118286,-3379.562012,2315.861084,1590.243164,-3399.897949,2304.049561,1497.551514,-3327.383545,2306.260498,1632.808960,-3373.330322,2317.067871,1465.973022,-3379.532959,2315.748535,1590.365479,-3399.908691,2303.998291,1497.421997,-3327.354492,2306.355713,1632.967163,-3373.379395,2616.329590,1567.716675,-3159.767334,,,,,,,,,,,,,,,,,,,,,,,,,,,,,,,,,
11472,114.720000,0.000000,0.000000,0.000000,1.000000,0.000000,0.000000,0.000000,57.698101,20.499701,-14.700500,0.047771,-0.013570,0.015998,-15.666301,-52.738201,18.801300,-93.396698,0.129960,17.611099,-0.261279,-0.434972,-0.636334,0.581044,2310.766846,1546.791382,-3370.205078,2316.944336,1466.228271,-3379.731445,2315.801025,1590.353027,-3400.067383,2304.077148,1497.664185,-3327.535156,2306.245117,1632.920654,-3373.486816,2317.046143,1466.095093,-3379.696289,2315.633301,1590.459473,-3400.062500,2304.004395,1497.517456,-3327.515869,2306.387939,1633.106201,-3373.549805,2616.279541,1567.712646,-3159.762695,,,,,,,,,,,,,,,,,,,,,,,,,,,,,,,,,
11473,114.730000,0.000000,0.000000,0.000000,1.000000,0.000000,0.000000,0.000000,57.698101,20.499701,-14.700500,0.047771,-0.013570,0.015998,-15.666301,-52.738201,18.801300,-93.396698,0.129960,17.611099,-0.260966,-0.434993,-0.636276,0.581232,2310.701416,1546.912231,-3370.359131,2316.928711,1466.356323,-3379.915039,2315.716797,1590.488159,-3400.203369,2304.030762,1497.764648,-3327.709717,2306.129395,1633.039917,-3373.608643,2317.022217,1466.249756,-3379.857422,2315.559570,1590.615112,-3400.245361,2303.959229,1497.601929,-3327.695068,2306.262451,1633.189697,-3373.642090,2616.283936,1567.770752,-3159.784180,,,,,,,,,,,,,,,,,,,,,,,,,,,,,,,,,
11474,114.740000,0.000000,0.000000,0.000000,1.000000,0.000000,0.000000,0.000000,57.698101,20.499701,-14.700500,0.047771,-0.013570,0.015998,-15.666301,-52.738201,18.801300,-93.396698,0.129960,17.611099,-0.260731,-0.434922,-0.636208,0.581465,2310.675781,1547.085815,-3370.499023,2316.946533,1466.537354,-3380.089355,2315.666992,1590.677246,-3400.324951,2304.032715,1497.916504,-3327.870361,2306.057129,1633.212280,-3373.711914,2317.038086,1466.434814,-3380.032471,2315.516602,1590.813965,-3400.390869,2303.960205,1497.758179,-3327.846924,2306.182861,1633.343018,-3373.729492,2616.268311,1567.758545,-3159.792480,,,,,,,,,,,,,,,,,,,,,,,,,,,,,,,,,
11475,114.750000,0.000000,0.000000,0.000000,1.000000,0.000000,0.000000,0.000000,57.698101,20.499701,-14.700500,0.047771,-0.013570,0.015998,-15.666301,-52.738201,18.801300,-93.396698,0.129960,17.611099,-0.260534,-0.434678,-0.636117,0.581835,2310.594971,1547.264771,-3370.619873,2316.911621,1466.726562,-3380.264893,2315.546875,1590.878784,-3400.419189,2303.999756,1498.063599,-3328.020264,2305.921631,1633.390625,-3373.774170,2317.020508,1466.598755,-3380.217285,2315.373779,1590.992432,-3400.460938,2303.921143,1497.944702,-3328.009521,2306.064209,1633.532349,-3373.792725,2616.266357,1567.776855,-3159.793457,,,,,,,,,,,,,,,,,,,,,,,,,,,,,,,,,
11476,114.760000,0.000000,0.000000,0.000000,1.000000,0.000000,0.000000,0.000000,57.698101,20.499701,-14.700500,0.047771,-0.013570,0.015998,-15.666301,-52.738201,18.801300,-93.396698,0.129960,17.611099,-0.260333,-0.434352,-0.635985,0.582312,2310.479492,1547.477051,-3370.718018,2316.852051,1466.951294,-3380.430176,2315.379883,1591.118042,-3400.486328,2303.947510,1498.237427,-3328.153076,2305.738281,1633.601685,-3373.802490,2316.956543,1466.858643,-3380.384521,2315.208252,1591.207031,-3400.518799,2303.872803,1498.152222,-3328.158203,2305.877441,1633.697754,-3373.812500,2616.278320,1567.767578,-3159.793213,,,,,,,,,,,,,,,,,,,,,,,,,,,,,,,,,
11477,114.770000,0.000000,0.000000,0.000000,1.000000,0.000000,0.000000,0.000000,57.698101,20.499701,-14.700500,0.047771,-0.013570,0.015998,-15.666301,-52.738201,18.801300,-93.396698,0.129960,17.611099,-0.259974,-0.434252,-0.635969,0.582565,2310.382080,1547.721191,-3370.837402,2316.803955,1467.205688,-3380.602051,2315.259766,1591.384888,-3400.576416,2303.875000,1498.449463,-3328.305908,2305.589600,1633.844971,-3373.865479,2316.919189,1467.088257,-3380.554688,2315.072021,1591.507324,-3400.614258,2303.792236,1498.340088,-3328.298096,2305.741943,1633.958740,-3373.885010,2616.279297,1567.749634,-3159.791016,,,,,,,,,,,,,,,,,,,,,,,,,,,,,,,,,
11478,114.780000,0.000000,0.000000,0.000000,1.000000,0.000000,0.000000,0.000000,57.698101,20.499701,-14.700500,0.047771,-0.013570,0.015998,-15.666301,-52.738201,18.801300,-93.396698,0.129960,17.611099,-0.259664,-0.434068,-0.635817,0.583006,2310.246094,1547.968750,-3370.958008,2316.738525,1467.465820,-3380.780518,2315.075439,1591.657471,-3400.667969,2303.795898,1498.661621,-3328.458984,2305.374023,1634.090210,-3373.924805,2316.847900,1467.373535,-3380.742432,2314.902344,1591.730469,-3400.704102,2303.717773,1498.581665,-3328.457764,2305.515625,1634.196899,-3373.928955,2616.276123,1567.747681,-3159.787109,,,,,,,,,,,,,,,,,,,,,,,,,,,,,,,,,
11479,114.790000,0.000000,0.000000,0.000000,1.000000,0.000000,0.000000,0.000000,57.698101,20.499701,-14.700500,0.047771,-0.013570,0.015998,-15.666301,-52.738201,18.801300,-93.396698,0.129960,17.611099,-0.259464,-0.433734,-0.635782,0.583383,2310.117188,1548.223145,-3371.090576,2316.646973,1467.731812,-3380.982422,2314.909668,1591.938843,-3400.766846,2303.713135,1498.877686,-3328.628906,2305.199219,1634.344482,-3373.984131,2316.754395,1467.655273,-3380.955322,2314.737061,1592.032349,-3400.801514,2303.631348,1498.766479,-3328.601562,2305.342285,1634.446045,-3374.006592,2616.272949,1567.746460,-3159.789551,,,,,,,,,,,,,,,,,,,,,,,,,,,,,,,,,
11480,114.800000,0.000000,0.000000,0.000000,1.000000,0.000000,0.000000,0.000000,57.698101,20.499701,-14.700500,0.047771,-0.013570,0.015998,-15.666301,-52.738201,18.801300,-93.396698,0.129960,17.611099,-0.259351,-0.433513,-0.635644,0.583747,2309.954834,1548.512451,-3371.218018,2316.528564,1468.029907,-3381.151855,2314.705811,1592.245361,-3400.875488,2303.602051,1499.142700,-3328.776855,2304.982910,1634.632080,-3374.067627,2316.637939,1467.893799,-3381.120117,2314.534180,1592.337402,-3400.884277,2303.529541,1499.068726,-3328.776367,2305.121094,1634.756958,-3374.091553,2616.274902,1567.739990,-3159.779297,,,,,,,,,,,,,,,,,,,,,,,,,,,,,,,,,
11481,114.810000,0.000000,0.000000,0.000000,1.000000,0.000000,0.000000,0.000000,57.698101,20.499701,-14.700500,0.047771,-0.013570,0.015998,-15.666301,-52.738201,18.801300,-93.396698,0.129960,17.611099,-0.258965,-0.433470,-0.635567,0.584034,2309.771240,1548.789551,-3371.328857,2316.408203,1468.317749,-3381.308838,2314.493164,1592.543335,-3400.959961,2303.449951,1499.390015,-3328.917725,2304.733643,1634.906982,-3374.128662,2316.544922,1468.130127,-3381.285400,2314.282227,1592.654907,-3400.947510,2303.363281,1499.309937,-3328.910156,2304.903076,1635.071411,-3374.173096,2616.263428,1567.755005,-3159.776611,,,,,,,,,,,,,,,,,,,,,,,,,,,,,,,,,
11482,114.820000,0.000000,0.000000,0.000000,1.000000,0.000000,0.000000,0.000000,57.698101,20.499701,-14.700500,0.047771,-0.013570,0.015998,-15.666301,-52.738201,18.801300,-93.396698,0.129960,17.611099,-0.258870,-0.433364,-0.635388,0.584349,2309.522705,1549.104614,-3371.452881,2316.207275,1468.639648,-3381.455566,2314.205811,1592.869019,-3401.074707,2303.248291,1499.690308,-3329.052002,2304.429199,1635.219604,-3374.228760,2316.343750,1468.401733,-3381.424561,2314.006836,1593.013184,-3401.090332,2303.163574,1499.596191,-3329.035156,2304.588135,1635.411499,-3374.261475,2616.294434,1567.717529,-3159.774902,,,,,,,,,,,,,,,,,,,,,,,,,,,,,,,,,
11483,114.830000,0.000000,0.000000,0.000000,1.000000,0.000000,0.000000,0.000000,57.698101,20.499701,-14.700500,0.047771,-0.013570,0.015998,-15.666301,-52.738201,18.801300,-93.396698,0.129960,17.611099,-0.259121,-0.433039,-0.635142,0.584747,2309.291016,1549.418457,-3371.579346,2315.996582,1468.957397,-3381.599121,2313.921631,1593.188110,-3401.201660,2303.086670,1499.996826,-3329.176758,2304.159424,1635.531616,-3374.339844,2316.158691,1468.698853,-3381.566650,2313.685791,1593.329956,-3401.215088,2302.988037,1499.903076,-3329.164062,2304.348389,1635.748413,-3374.373291,2616.277588,1567.748291,-3159.770752,,,,,,,,,,,,,,,,,,,,,,,,,,,,,,,,,
11484,114.840000,0.000000,0.000000,0.000000,1.000000,0.000000,0.000000,0.000000,57.698101,20.499701,-14.700500,0.047771,-0.013570,0.015998,-15.666301,-52.738201,18.801300,-93.396698,0.129960,17.611099,-0.258902,-0.433178,-0.635037,0.584854,2309.053223,1549.750000,-3371.706299,2315.803467,1469.292847,-3381.727783,2313.669678,1593.523438,-3401.325195,2302.861816,1500.323120,-3329.307617,2303.877441,1635.860718,-3374.464111,2315.976318,1469.077759,-3381.718750,2313.416016,1593.673218,-3401.350586,2302.744629,1500.199463,-3329.252930,2304.083984,1636.061890,-3374.507080,2616.296387,1567.723999,-3159.787598,,,,,,,,,,,,,,,,,,,,,,,,,,,,,,,,,
11485,114.850000,0.000000,0.000000,0.000000,1.000000,0.000000,0.000000,0.000000,57.698101,20.499701,-14.700500,0.047771,-0.013570,0.015998,-15.666301,-52.738201,18.801300,-93.396698,0.129960,17.611099,-0.258814,-0.433222,-0.634942,0.584964,2308.786133,1550.051147,-3371.837646,2315.564941,1469.596680,-3381.860840,2313.387939,1593.826782,-3401.455566,2302.611572,1500.621216,-3329.440186,2303.580322,1636.160034,-3374.593750,2315.716064,1469.413086,-3381.853516,2313.167236,1593.981201,-3401.503418,2302.501953,1500.487671,-3329.371094,2303.759766,1636.332520,-3374.626709,2616.307373,1567.742065,-3159.771973,,,,,,,,,,,,,,,,,,,,,,,,,,,,,,,,,
11486,114.860000,0.000000,0.000000,0.000000,1.000000,0.000000,0.000000,0.000000,57.698101,20.499701,-14.700500,0.047771,-0.013570,0.015998,-15.666301,-52.738201,18.801300,-93.396698,0.129960,17.611099,-0.258929,-0.432989,-0.634814,0.585225,2308.504150,1550.340698,-3371.974121,2315.296631,1469.889771,-3382.017090,2313.073486,1594.123047,-3401.587158,2302.372559,1500.901367,-3329.581543,2303.273926,1636.448730,-3374.710693,2315.441406,1469.728271,-3382.012695,2312.861084,1594.256348,-3401.628662,2302.268066,1500.790649,-3329.521484,2303.446289,1636.596802,-3374.737793,2616.320557,1567.733032,-3159.757568,,,,,,,,,,,,,,,,,,,,,,,,,,,,,,,,,
11487,114.870000,0.000000,0.000000,0.000000,1.000000,0.000000,0.000000,0.000000,57.698101,20.499701,-14.700500,0.047771,-0.013570,0.015998,-15.666301,-52.738201,18.801300,-93.396698,0.129960,17.611099,-0.258649,-0.433174,-0.634551,0.585497,2308.187256,1550.630249,-3372.112549,2315.061523,1470.186157,-3382.154541,2312.718994,1594.417236,-3401.724609,2302.096191,1501.184692,-3329.721436,2302.872070,1636.733032,-3374.849854,2315.187988,1470.043213,-3382.147217,2312.531494,1594.527588,-3401.748779,2302.003662,1501.046631,-3329.663086,2303.029053,1636.913574,-3374.893311,2616.311523,1567.718994,-3159.762451,,,,,,,,,,,,,,,,,,,,,,,,,,,,,,,,,
11488,114.880000,0.000000,0.000000,0.000000,1.000000,0.000000,0.000000,0.000000,57.698101,20.499701,-14.700500,0.047771,-0.013570,0.015998,-15.666301,-52.738201,18.801300,-93.396698,0.129960,17.611099,-0.258184,-0.433541,-0.634216,0.585792,2307.880371,1550.876343,-3372.252686,2314.870117,1470.441162,-3382.285889,2312.370117,1594.667847,-3401.864502,2301.831543,1501.425049,-3329.862305,2302.449951,1636.971802,-3374.997803,2314.994385,1470.347168,-3382.281250,2312.171143,1594.763550,-3401.862061,2301.738770,1501.294067,-3329.812012,2302.615723,1637.110962,-3375.057617,2616.309082,1567.726929,-3159.763184,,,,,,,,,,,,,,,,,,,,,,,,,,,,,,,,,
11489,114.890000,0.000000,0.000000,0.000000,1.000000,0.000000,0.000000,0.000000,57.698101,20.499701,-14.700500,0.047771,-0.013570,0.015998,-15.666301,-52.738201,18.801300,-93.396698,0.129960,17.611099,-0.258513,-0.433403,-0.633784,0.586217,2307.529541,1551.102417,-3372.395264,2314.562744,1470.668335,-3382.407227,2311.954590,1594.886108,-3402.028320,2301.564209,1501.662354,-3329.979736,2302.036621,1637.193115,-3375.165771,2314.682129,1470.555664,-3382.393799,2311.759521,1594.983643,-3402.011963,2301.479004,1501.528442,-3329.944092,2302.197754,1637.354980,-3375.234619,2616.292725,1567.767578,-3159.785889,,,,,,,,,,,,,,,,,,,,,,,,,,,,,,,,,
11490,114.900000,0.000000,0.000000,0.000000,1.000000,0.000000,0.000000,0.000000,57.698101,20.499701,-14.700500,0.047771,-0.013570,0.015998,-15.666301,-52.738201,18.801300,-93.396698,0.129960,17.611099,-0.258260,-0.433725,-0.633499,0.586398,2307.215820,1551.304077,-3372.558350,2314.329590,1470.874023,-3382.546143,2311.610840,1595.084229,-3402.201172,2301.281006,1501.869629,-3330.132080,2301.642090,1637.388672,-3375.353516,2314.461914,1470.789551,-3382.514648,2311.386230,1595.216309,-3402.223389,2301.176270,1501.670654,-3330.079102,2301.830566,1637.550293,-3375.419678,2616.285156,1567.771362,-3159.795166,,,,,,,,,,,,,,,,,,,,,,,,,,,,,,,,,
11491,114.910000,0.000000,0.000000,0.000000,1.000000,0.000000,0.000000,0.000000,57.698101,20.499701,-14.700500,0.047771,-0.013570,0.015998,-15.666301,-52.738201,18.801300,-93.396698,0.129960,17.611099,-0.257937,-0.434037,-0.633244,0.586586,2306.940674,1551.488525,-3372.713623,2314.137695,1471.064087,-3382.686523,2311.306885,1595.268555,-3402.360352,2301.033447,1502.054321,-3330.283203,2301.284180,1637.567261,-3375.523926,2314.264648,1470.998657,-3382.640381,2311.093506,1595.392822,-3402.422607,2300.930420,1501.860474,-3330.239014,2301.461426,1637.708862,-3375.555908,2616.275879,1567.738525,-3159.783936,,,,,,,,,,,,,,,,,,,,,,,,,,,,,,,,,
11492,114.920000,0.000000,0.000000,0.000000,1.000000,0.000000,0.000000,0.000000,57.698101,20.499701,-14.700500,0.047771,-0.013570,0.015998,-15.666301,-52.738201,18.801300,-93.396698,0.129960,17.611099,-0.258116,-0.433897,-0.632877,0.587006,2306.632812,1551.626465,-3372.891602,2313.879395,1471.206055,-3382.860596,2310.938965,1595.405762,-3402.548584,2300.802002,1502.193604,-3330.449219,2300.910156,1637.700684,-3375.708008,2313.989746,1471.156860,-3382.831787,2310.760742,1595.501587,-3402.608398,2300.710205,1502.009033,-3330.390869,2301.061768,1637.840820,-3375.737793,2616.316650,1567.750122,-3159.761719,,,,,,,,,,,,,,,,,,,,,,,,,,,,,,,,,
11493,114.930000,0.000000,0.000000,0.000000,1.000000,0.000000,0.000000,0.000000,57.698101,20.499701,-14.700500,0.047771,-0.013570,0.015998,-15.666301,-52.738201,18.801300,-93.396698,0.129960,17.611099,-0.258321,-0.433728,-0.632543,0.587401,2306.305664,1551.749146,-3373.086670,2313.593262,1471.332153,-3383.053711,2310.555420,1595.527710,-3402.752686,2300.547363,1502.317383,-3330.632812,2300.526367,1637.819458,-3375.907227,2313.699707,1471.232910,-3383.041260,2310.394287,1595.644531,-3402.802490,2300.462158,1502.148926,-3330.560059,2300.662109,1637.975708,-3375.943848,2616.285645,1567.752441,-3159.767090,,,,,,,,,,,,,,,,,,,,,,,,,,,,,,,,,
11494,114.940000,0.000000,0.000000,0.000000,1.000000,0.000000,0.000000,0.000000,57.698101,20.499701,-14.700500,0.047771,-0.013570,0.015998,-15.666301,-52.738201,18.801300,-93.396698,0.129960,17.611099,-0.258380,-0.433738,-0.632085,0.587860,2305.962891,1551.841553,-3373.283447,2313.329346,1471.429932,-3383.236084,2310.145020,1595.617554,-3402.962891,2300.287109,1502.413940,-3330.813721,2300.089355,1637.904907,-3376.120850,2313.432861,1471.296753,-3383.227539,2309.992432,1595.731079,-3402.987305,2300.211426,1502.264771,-3330.751953,2300.216309,1638.080811,-3376.168701,2616.250488,1567.729980,-3159.787354,,,,,,,,,,,,,,,,,,,,,,,,,,,,,,,,,
11495,114.950000,0.000000,0.000000,0.000000,1.000000,0.000000,0.000000,0.000000,57.698101,20.499701,-14.700500,0.047771,-0.013570,0.015998,-15.666301,-52.738201,18.801300,-93.396698,0.129960,17.611099,-0.258571,-0.433562,-0.631831,0.588179,2305.656982,1551.933228,-3373.475342,2313.051025,1471.524414,-3383.429688,2309.794189,1595.709351,-3403.161133,2300.039551,1502.505493,-3330.998047,2299.742676,1637.993652,-3376.312500,2313.136475,1471.375610,-3383.407471,2309.671631,1595.856201,-3403.216797,2299.976318,1502.348755,-3330.935303,2299.842529,1638.156860,-3376.342773,2616.299072,1567.717041,-3159.780518,,,,,,,,,,,,,,,,,,,,,,,,,,,,,,,,,
11496,114.960000,0.000000,0.000000,0.000000,1.000000,0.000000,0.000000,0.000000,57.698101,20.499701,-14.700500,0.047771,-0.013570,0.015998,-15.666301,-52.738201,18.801300,-93.396698,0.129960,17.611099,-0.258550,-0.433665,-0.631531,0.588434,2305.349609,1552.026611,-3373.645020,2312.801270,1471.621094,-3383.582520,2309.447510,1595.798950,-3403.341797,2299.779053,1502.604736,-3331.154785,2299.370605,1638.082031,-3376.500732,2312.884277,1471.415039,-3383.544434,2309.337402,1595.984009,-3403.434082,2299.721680,1502.472412,-3331.103516,2299.454102,1638.238037,-3376.501709,2616.254883,1567.743042,-3159.761963,,,,,,,,,,,,,,,,,,,,,,,,,,,,,,,,,
11497,114.970000,0.000000,0.000000,0.000000,1.000000,0.000000,0.000000,0.000000,57.698101,20.499701,-14.700500,0.047771,-0.013570,0.015998,-15.666301,-52.738201,18.801300,-93.396698,0.129960,17.611099,-0.258566,-0.433623,-0.631162,0.588855,2305.062988,1552.070312,-3373.795166,2312.583496,1471.671021,-3383.731934,2309.101562,1595.844238,-3403.497803,2299.564941,1502.646240,-3331.298096,2299.002197,1638.119995,-3376.653076,2312.656738,1471.520264,-3383.676025,2308.996338,1596.011597,-3403.607910,2299.511230,1502.515747,-3331.265381,2299.082520,1638.239868,-3376.636963,2616.261230,1567.755127,-3159.801025,,,,,,,,,,,,,,,,,,,,,,,,,,,,,,,,,
11498,114.980000,0.000000,0.000000,0.000000,1.000000,0.000000,0.000000,0.000000,57.698101,20.499701,-14.700500,0.047771,-0.013570,0.015998,-15.666301,-52.738201,18.801300,-93.396698,0.129960,17.611099,-0.258386,-0.433839,-0.631096,0.588845,2304.824707,1552.133057,-3373.952637,2312.376465,1471.734985,-3383.875732,2308.862549,1595.904785,-3403.658691,2299.323730,1502.712402,-3331.451904,2298.736572,1638.180420,-3376.823975,2312.439941,1471.516724,-3383.796143,2308.777832,1596.124023,-3403.797119,2299.281982,1502.575439,-3331.429199,2298.797119,1638.322021,-3376.795410,2616.300293,1567.729492,-3159.789307,,,,,,,,,,,,,,,,,,,,,,,,,,,,,,,,,
11499,114.990000,0.000000,0.000000,0.000000,1.000000,0.000000,0.000000,0.000000,57.698101,20.499701,-14.700500,0.047771,-0.013570,0.015998,-15.666301,-52.738201,18.801300,-93.396698,0.129960,17.611099,-0.258154,-0.434263,-0.630879,0.588867,2304.579834,1552.182861,-3374.092773,2312.194580,1471.785889,-3383.975830,2308.606201,1595.944458,-3403.815186,2299.085449,1502.776978,-3331.574219,2298.432861,1638.224609,-3377.006104,2312.241699,1471.532471,-3383.897461,2308.552979,1596.168579,-3403.957275,2299.056885,1502.645752,-3331.548828,2298.467285,1638.386597,-3376.973633,2616.257812,1567.710327,-3159.766357,,,,,,,,,,,,,,,,,,,,,,,,,,,,,,,,,
11500,115.000000,0.000000,0.000000,0.000000,1.000000,0.000000,0.000000,0.000000,57.698101,20.499701,-14.700500,0.047771,-0.013570,0.015998,-15.666301,-52.738201,18.801300,-93.396698,0.129960,17.611099,-0.258243,-0.434324,-0.630665,0.589012,2304.364014,1552.270630,-3374.243408,2312.007324,1471.873657,-3384.104980,2308.364990,1596.025024,-3403.979980,2298.900635,1502.875122,-3331.708740,2298.182617,1638.309082,-3377.180420,2312.049561,1471.604004,-3384.027344,2308.313232,1596.267090,-3404.092529,2298.877930,1502.764893,-3331.694580,2298.214600,1638.444824,-3377.163574,2616.295654,1567.749512,-3159.767090,,,,,,,,,,,,,,,,,,,,,,,,,,,,,,,,,
11501,115.010000,0.000000,0.000000,0.000000,1.000000,0.000000,0.000000,0.000000,57.698101,20.499701,-14.700500,0.047771,-0.013570,0.015998,-15.666301,-52.738201,18.801300,-93.396698,0.129960,17.611099,-0.258130,-0.434704,-0.630549,0.588905,2304.152588,1552.324585,-3374.392822,2311.825928,1471.924927,-3384.208984,2308.159180,1596.065186,-3404.148682,2298.677246,1502.948730,-3331.836670,2297.947754,1638.359619,-3377.376465,2311.846191,1471.619995,-3384.142578,2308.147461,1596.287720,-3404.248291,2298.671143,1502.860596,-3331.822266,2297.946533,1638.517090,-3377.358154,2616.286377,1567.762939,-3159.781982,,,,,,,,,,,,,,,,,,,,,,,,,,,,,,,,,
11502,115.020000,0.000000,0.000000,0.000000,1.000000,0.000000,0.000000,0.000000,57.698101,20.499701,-14.700500,0.047771,-0.013570,0.015998,-15.666301,-52.738201,18.801300,-93.396698,0.129960,17.611099,-0.258203,-0.434998,-0.630483,0.588726,2303.997070,1552.378662,-3374.538574,2311.669189,1471.972534,-3384.303223,2308.017578,1596.100952,-3404.319580,2298.502686,1503.028931,-3331.954834,2297.798340,1638.412354,-3377.577148,2311.696045,1471.622925,-3384.227539,2307.995361,1596.359741,-3404.418945,2298.494629,1502.940430,-3331.944092,2297.804199,1638.573242,-3377.563232,2616.282959,1567.718140,-3159.781006,,,,,,,,,,,,,,,,,,,,,,,,,,,,,,,,,
11503,115.030000,0.000000,0.000000,0.000000,1.000000,0.000000,0.000000,0.000000,57.698101,20.499701,-14.700500,0.047771,-0.013570,0.015998,-15.666301,-52.738201,18.801300,-93.396698,0.129960,17.611099,-0.258649,-0.434934,-0.630378,0.588691,2303.840332,1552.436768,-3374.668945,2311.478516,1472.022827,-3384.394043,2307.856201,1596.141235,-3404.476562,2298.357422,1503.112549,-3332.053955,2297.669189,1638.470947,-3377.750732,2311.514648,1471.673096,-3384.312988,2307.817871,1596.402100,-3404.572266,2298.344727,1503.020264,-3332.047363,2297.686523,1638.634399,-3377.740234,2616.300537,1567.721069,-3159.765381,,,,,,,,,,,,,,,,,,,,,,,,,,,,,,,,,
11504,115.040000,0.000000,0.000000,0.000000,1.000000,0.000000,0.000000,0.000000,57.698101,20.499701,-14.700500,0.047771,-0.013570,0.015998,-15.666301,-52.738201,18.801300,-93.396698,0.129960,17.611099,-0.258685,-0.435195,-0.630278,0.588589,2303.661133,1552.464966,-3374.788574,2311.309814,1472.046631,-3384.470215,2307.681885,1596.154541,-3404.617188,2298.170166,1503.161987,-3332.149902,2297.482666,1638.496826,-3377.916016,2311.358398,1471.700562,-3384.393799,2307.633545,1596.375000,-3404.724121,2298.149902,1503.106689,-3332.153564,2297.507812,1638.652344,-3377.879150,2616.324219,1567.748047,-3159.766113,,,,,,,,,,,,,,,,,,,,,,,,,,,,,,,,,
11505,115.050000,0.000000,0.000000,0.000000,1.000000,0.000000,0.000000,0.000000,57.698101,20.499701,-14.700500,0.047771,-0.013570,0.015998,-15.666301,-52.738201,18.801300,-93.396698,0.129960,17.611099,-0.258734,-0.435477,-0.630342,0.588290,2303.497314,1552.519897,-3374.909424,2311.123291,1472.094116,-3384.545898,2307.550049,1596.192871,-3404.758545,2297.965088,1503.240723,-3332.248779,2297.350830,1638.552368,-3378.084473,2311.154053,1471.733643,-3384.465088,2307.529297,1596.442261,-3404.883545,2297.954346,1503.182129,-3332.246582,2297.355225,1638.697754,-3378.042236,2616.272705,1567.737061,-3159.778809,,,,,,,,,,,,,,,,,,,,,,,,,,,,,,,,,
11506,115.060000,0.000000,0.000000,0.000000,1.000000,0.000000,0.000000,0.000000,57.698101,20.499701,-14.700500,0.047771,-0.013570,0.015998,-15.666301,-52.738201,18.801300,-93.396698,0.129960,17.611099,-0.258666,-0.435761,-0.630310,0.588144,2303.343506,1552.573120,-3375.009521,2310.979492,1472.144043,-3384.611084,2307.409180,1596.234741,-3404.873047,2297.791504,1503.309814,-3332.333008,2297.193604,1638.603882,-3378.220703,2311.034180,1471.770996,-3384.528076,2307.357422,1596.485596,-3405.007812,2297.767090,1503.249268,-3332.329834,2297.221436,1638.760864,-3378.173096,2616.263428,1567.755981,-3159.782959,,,,,,,,,,,,,,,,,,,,,,,,,,,,,,,,,
11507,115.070000,0.000000,0.000000,0.000000,1.000000,0.000000,0.000000,0.000000,57.698101,20.499701,-14.700500,0.047771,-0.013570,0.015998,-15.666301,-52.738201,18.801300,-93.396698,0.129960,17.611099,-0.258766,-0.435936,-0.630356,0.587921,2303.197754,1552.607788,-3375.104004,2310.810059,1472.172119,-3384.669922,2307.287109,1596.255737,-3404.984131,2297.616699,1503.364136,-3332.408691,2297.077393,1638.639282,-3378.352539,2310.869385,1471.783813,-3384.582031,2307.233398,1596.505981,-3405.137695,2297.589355,1503.287231,-3332.400391,2297.106689,1638.829346,-3378.296631,2616.326904,1567.748047,-3159.762695,,,,,,,,,,,,,,,,,,,,,,,,,,,,,,,,,
11508,115.080000,0.000000,0.000000,0.000000,1.000000,0.000000,0.000000,0.000000,57.698101,20.499701,-14.700500,0.047771,-0.013570,0.015998,-15.666301,-52.738201,18.801300,-93.396698,0.129960,17.611099,-0.259005,-0.435828,-0.630299,0.587957,2303.018311,1552.608643,-3375.185059,2310.613525,1472.170166,-3384.740479,2307.099609,1596.250732,-3405.075195,2297.450684,1503.373291,-3332.478271,2296.909424,1638.640503,-3378.445801,2310.666748,1471.746338,-3384.649902,2307.052734,1596.504150,-3405.203613,2297.430420,1503.311157,-3332.481201,2296.930908,1638.834595,-3378.399658,2616.320557,1567.711548,-3159.744141,,,,,,,,,,,,,,,,,,,,,,,,,,,,,,,,,
11509,115.090000,0.000000,0.000000,0.000000,1.000000,0.000000,0.000000,0.000000,57.698101,20.499701,-14.700500,0.047771,-0.013570,0.015998,-15.666301,-52.738201,18.801300,-93.396698,0.129960,17.611099,-0.258934,-0.436267,-0.630282,0.587681,2302.916260,1552.650513,-3375.285156,2310.516357,1472.205933,-3384.783936,2307.024170,1596.273926,-3405.198975,2297.310791,1503.442139,-3332.552490,2296.813477,1638.680664,-3378.604980,2310.574707,1471.817261,-3384.689453,2306.960693,1596.527710,-3405.312256,2297.287109,1503.373413,-3332.561279,2296.849121,1638.854614,-3378.571289,2616.284912,1567.748535,-3159.776367,,,,,,,,,,,,,,,,,,,,,,,,,,,,,,,,,
11510,115.100000,0.000000,0.000000,0.000000,1.000000,0.000000,0.000000,0.000000,57.698101,20.499701,-14.700500,0.047771,-0.013570,0.015998,-15.666301,-52.738201,18.801300,-93.396698,0.129960,17.611099,-0.258696,-0.436706,-0.630281,0.587461,2302.751221,1552.635010,-3375.347656,2310.373779,1472.187744,-3384.807373,2306.882568,1596.247192,-3405.274414,2297.110840,1503.442383,-3332.601318,2296.637939,1638.662842,-3378.707275,2310.400146,1471.782349,-3384.723145,2306.872314,1596.532349,-3405.414062,2297.102783,1503.377441,-3332.591064,2296.634033,1638.819214,-3378.664795,2616.305420,1567.741089,-3159.783203,,,,,,,,,,,,,,,,,,,,,,,,,,,,,,,,,
11511,115.110000,0.000000,0.000000,0.000000,1.000000,0.000000,0.000000,0.000000,57.698101,20.499701,-14.700500,0.047771,-0.013570,0.015998,-15.666301,-52.738201,18.801300,-93.396698,0.129960,17.611099,-0.258627,-0.436953,-0.630397,0.587183,2302.592285,1552.609985,-3375.404053,2310.197021,1472.157959,-3384.836914,2306.757080,1596.212891,-3405.339844,2296.907959,1503.430664,-3332.648193,2296.507080,1638.638794,-3378.791260,2310.230469,1471.780762,-3384.767334,2306.734619,1596.493042,-3405.466064,2296.894043,1503.351685,-3332.624023,2296.513672,1638.793213,-3378.764648,2616.283203,1567.714600,-3159.771973,,,,,,,,,,,,,,,,,,,,,,,,,,,,,,,,,
11512,115.120000,0.000000,0.000000,0.000000,1.000000,0.000000,0.000000,0.000000,57.698101,20.499701,-14.700500,0.047771,-0.013570,0.015998,-15.666301,-52.738201,18.801300,-93.396698,0.129960,17.611099,-0.258766,-0.437174,-0.630373,0.586983,2302.487793,1552.565430,-3375.437744,2310.076416,1472.106323,-3384.822998,2306.669922,1596.150391,-3405.397217,2296.781494,1503.411621,-3332.655518,2296.423340,1638.593628,-3378.875000,2310.118408,1471.671509,-3384.763428,2306.639404,1596.438599,-3405.500977,2296.766602,1503.369873,-3332.638184,2296.433105,1638.738281,-3378.851318,2616.278320,1567.729858,-3159.777344,,,,,,,,,,,,,,,,,,,,,,,,,,,,,,,,,
11513,115.130000,0.000000,0.000000,0.000000,1.000000,0.000000,0.000000,0.000000,57.698101,20.499701,-14.700500,0.047771,-0.013570,0.015998,-15.666301,-52.738201,18.801300,-93.396698,0.129960,17.611099,-0.258829,-0.437275,-0.630426,0.586824,2302.383301,1552.496216,-3375.453857,2309.952393,1472.032837,-3384.818604,2306.583252,1596.072876,-3405.422852,2296.655518,1503.354126,-3332.661133,2296.342529,1638.525146,-3378.912842,2309.990967,1471.602173,-3384.764648,2306.558350,1596.360107,-3405.522705,2296.641357,1503.290894,-3332.631836,2296.348877,1638.692749,-3378.900146,2616.288086,1567.741333,-3159.776611,,,,,,,,,,,,,,,,,,,,,,,,,,,,,,,,,
11514,115.140000,0.000000,0.000000,0.000000,1.000000,0.000000,0.000000,0.000000,57.698101,20.499701,-14.700500,0.047771,-0.013570,0.015998,-15.666301,-52.738201,18.801300,-93.396698,0.129960,17.611099,-0.258290,-0.437810,-0.630631,0.586441,2302.279785,1552.395142,-3375.436035,2309.867188,1471.931396,-3384.782471,2306.531006,1595.970215,-3405.400391,2296.478027,1503.255493,-3332.650391,2296.242676,1638.423706,-3378.910889,2309.917480,1471.504028,-3384.735107,2306.494873,1596.271851,-3405.522705,2296.454102,1503.175293,-3332.601562,2296.259033,1638.596558,-3378.893555,2616.295410,1567.746582,-3159.774902,,,,,,,,,,,,,,,,,,,,,,,,,,,,,,,,,
11515,115.150000,0.000000,0.000000,0.000000,1.000000,0.000000,0.000000,0.000000,57.698101,20.499701,-14.700500,0.047771,-0.013570,0.015998,-15.666301,-52.738201,18.801300,-93.396698,0.129960,17.611099,-0.258238,-0.437950,-0.630681,0.586305,2302.211182,1552.308838,-3375.395508,2309.793213,1471.842896,-3384.727783,2306.478516,1595.879028,-3405.364258,2296.388184,1503.175903,-3332.605225,2296.185303,1638.337646,-3378.884766,2309.847900,1471.426880,-3384.701660,2306.441162,1596.155273,-3405.475098,2296.361328,1503.116455,-3332.549072,2296.203125,1638.497803,-3378.867188,2616.319092,1567.762573,-3159.772705,,,,,,,,,,,,,,,,,,,,,,,,,,,,,,,,,
11516,115.160000,0.000000,0.000000,0.000000,1.000000,0.000000,0.000000,0.000000,57.698101,20.499701,-14.700500,0.047771,-0.013570,0.015998,-15.666301,-52.738201,18.801300,-93.396698,0.129960,17.611099,-0.257777,-0.438380,-0.630971,0.585875,2302.146484,1552.162476,-3375.347900,2309.722656,1471.694946,-3384.670166,2306.473145,1595.732544,-3405.308594,2296.241455,1503.029907,-3332.568115,2296.147949,1638.192993,-3378.844238,2309.771729,1471.315308,-3384.642334,2306.438232,1596.067139,-3405.444580,2296.211182,1502.921387,-3332.482422,2296.167725,1638.334839,-3378.839600,2616.284424,1567.709351,-3159.773926,,,,,,,,,,,,,,,,,,,,,,,,,,,,,,,,,
11517,115.170000,0.000000,0.000000,0.000000,1.000000,0.000000,0.000000,0.000000,57.698101,20.499701,-14.700500,0.047771,-0.013570,0.015998,-15.666301,-52.738201,18.801300,-93.396698,0.129960,17.611099,-0.257563,-0.438525,-0.631137,0.585681,2302.093262,1552.033813,-3375.269775,2309.661865,1471.565918,-3384.596191,2306.448486,1595.606445,-3405.222412,2296.149902,1502.897217,-3332.500000,2296.112549,1638.065674,-3378.760498,2309.727783,1471.176270,-3384.578369,2306.397705,1595.916138,-3405.367188,2296.108398,1502.783813,-3332.402588,2296.143799,1638.238647,-3378.748779,2616.291748,1567.746216,-3159.764648,,,,,,,,,,,,,,,,,,,,,,,,,,,,,,,,,
11518,115.180000,0.000000,0.000000,0.000000,1.000000,0.000000,0.000000,0.000000,57.698101,20.499701,-14.700500,0.047771,-0.013570,0.015998,-15.666301,-52.738201,18.801300,-93.396698,0.129960,17.611099,-0.257191,-0.438768,-0.631351,0.585433,2302.119629,1551.857178,-3375.175781,2309.689453,1471.390259,-3384.508789,2306.512451,1595.435059,-3405.115479,2296.124756,1502.713379,-3332.421631,2296.152344,1637.890503,-3378.656982,2309.750000,1471.050659,-3384.492432,2306.464600,1595.777832,-3405.285889,2296.079102,1502.581299,-3332.303467,2296.184082,1638.020386,-3378.643311,2616.289551,1567.759644,-3159.782227,,,,,,,,,,,,,,,,,,,,,,,,,,,,,,,,,
11519,115.190000,0.000000,0.000000,0.000000,1.000000,0.000000,0.000000,0.000000,57.698101,20.499701,-14.700500,0.047771,-0.013570,0.015998,-15.666301,-52.738201,18.801300,-93.396698,0.129960,17.611099,-0.257066,-0.438858,-0.631764,0.584974,2302.116455,1551.667114,-3375.044678,2309.621338,1471.194702,-3384.384277,2306.574707,1595.245728,-3404.973389,2296.039307,1502.521851,-3332.303711,2296.230225,1637.706299,-3378.516846,2309.723633,1470.851074,-3384.382324,2306.469727,1595.543579,-3405.124023,2295.965820,1502.380249,-3332.175293,2296.305420,1637.882568,-3378.511230,2616.275391,1567.755737,-3159.776855,,,,,,,,,,,,,,,,,,,,,,,,,,,,,,,,,
11520,115.200000,0.000000,0.000000,0.000000,1.000000,0.000000,0.000000,0.000000,57.698101,20.499701,-14.700500,0.047771,-0.013570,0.015998,-15.666301,-52.738201,18.801300,-93.396698,0.129960,17.611099,-0.256189,-0.439228,-0.632241,0.584566,2302.110840,1551.427490,-3374.872803,2309.626465,1470.961426,-3384.258057,2306.638428,1595.028564,-3404.758789,2295.936523,1502.250244,-3332.182861,2296.241943,1637.469971,-3378.291992,2309.716797,1470.636353,-3384.267090,2306.569824,1595.357422,-3405.002197,2295.860596,1502.126099,-3332.019531,2296.291504,1637.593262,-3378.237061,2616.286133,1567.759033,-3159.780762,,,,,,,,,,,,,,,,,,,,,,,,,,,,,,,,,
11521,115.210000,0.000000,0.000000,0.000000,1.000000,0.000000,0.000000,0.000000,57.698101,20.499701,-14.700500,0.047771,-0.013570,0.015998,-15.666301,-52.738201,18.801300,-93.396698,0.129960,17.611099,-0.256070,-0.439261,-0.632798,0.583990,2302.156982,1551.221802,-3374.691895,2309.580566,1470.749268,-3384.093262,2306.768311,1594.825806,-3404.560547,2295.878906,1502.039917,-3332.022461,2296.399658,1637.272583,-3378.091553,2309.677246,1470.420654,-3384.122314,2306.694092,1595.155640,-3404.788818,2295.795898,1501.915771,-3331.838379,2296.454346,1637.393555,-3378.048096,2616.266357,1567.731323,-3159.787842,,,,,,,,,,,,,,,,,,,,,,,,,,,,,,,,,
11522,115.220000,0.000000,0.000000,0.000000,1.000000,0.000000,0.000000,0.000000,57.698101,20.499701,-14.700500,0.047771,-0.013570,0.015998,-15.666301,-52.738201,18.801300,-93.396698,0.129960,17.611099,-0.255546,-0.439417,-0.633171,0.583698,2302.191406,1550.995361,-3374.480713,2309.605957,1470.526367,-3383.920166,2306.853271,1594.615845,-3404.317383,2295.845215,1501.789795,-3331.848389,2296.461182,1637.049683,-3377.836914,2309.694824,1470.208984,-3383.950195,2306.792969,1594.939087,-3404.553711,2295.764404,1501.634155,-3331.646973,2296.508057,1637.195923,-3377.796143,2616.261719,1567.755371,-3159.795410,,,,,,,,,,,,,,,,,,,,,,,,,,,,,,,,,
11523,115.230000,0.000000,0.000000,0.000000,1.000000,0.000000,0.000000,0.000000,57.698101,20.499701,-14.700500,0.047771,-0.013570,0.015998,-15.666301,-52.738201,18.801300,-93.396698,0.129960,17.611099,-0.255612,-0.439250,-0.633422,0.583523,2302.260986,1550.812988,-3374.249756,2309.622559,1470.341553,-3383.710449,2306.951416,1594.438354,-3404.074951,2295.882080,1501.600342,-3331.630371,2296.587158,1636.871948,-3377.583008,2309.704346,1470.046143,-3383.712646,2306.882812,1594.725098,-3404.269775,2295.814209,1501.473145,-3331.491699,2296.638428,1637.006958,-3377.546631,2616.290283,1567.748779,-3159.782715,,,,,,,,,,,,,,,,,,,,,,,,,,,,,,,,,
11524,115.240000,0.000000,0.000000,0.000000,1.000000,0.000000,0.000000,0.000000,57.698101,20.499701,-14.700500,0.047771,-0.013570,0.015998,-15.666301,-52.738201,18.801300,-93.396698,0.129960,17.611099,-0.255813,-0.438939,-0.633644,0.583427,2302.319580,1550.590576,-3373.993652,2309.619629,1470.116821,-3383.481934,2307.028809,1594.221558,-3403.807373,2295.923584,1501.369385,-3331.386719,2296.706299,1636.654541,-3377.298096,2309.677246,1469.832886,-3383.457764,2306.979004,1594.490601,-3403.959717,2295.878662,1501.234009,-3331.289795,2296.743164,1636.804077,-3377.280762,2616.298096,1567.716919,-3159.774902,,,,,,,,,,,,,,,,,,,,,,,,,,,,,,,,,
11525,115.250000,0.000000,0.000000,0.000000,1.000000,0.000000,0.000000,0.000000,57.698101,20.499701,-14.700500,0.047771,-0.013570,0.015998,-15.666301,-52.738201,18.801300,-93.396698,0.129960,17.611099,-0.256030,-0.438546,-0.633950,0.583295,2302.399170,1550.361816,-3373.711182,2309.621094,1469.885742,-3383.238770,2307.134521,1594.001831,-3403.507812,2295.977539,1501.127686,-3331.123047,2296.863281,1636.432495,-3376.974854,2309.696045,1469.640991,-3383.215820,2307.048340,1594.229370,-3403.621582,2295.920410,1500.970337,-3331.031738,2296.930908,1636.606689,-3376.980713,2616.285889,1567.744873,-3159.782227,,,,,,,,,,,,,,,,,,,,,,,,,,,,,,,,,
11526,115.260000,0.000000,0.000000,0.000000,1.000000,0.000000,0.000000,0.000000,57.698101,20.499701,-14.700500,0.047771,-0.013570,0.015998,-15.666301,-52.738201,18.801300,-93.396698,0.129960,17.611099,-0.256003,-0.438139,-0.634319,0.583212,2302.439209,1550.099609,-3373.395752,2309.601318,1469.626221,-3382.991211,2307.200928,1593.760864,-3403.156738,2295.989746,1500.834717,-3330.847412,2296.964600,1636.176880,-3376.587158,2309.679688,1469.471558,-3382.965820,2307.099854,1593.900757,-3403.253662,2295.927979,1500.704102,-3330.785156,2297.047363,1636.326172,-3376.580322,2616.268799,1567.726807,-3159.782471,,,,,,,,,,,,,,,,,,,,,,,,,,,,,,,,,
11527,115.270000,0.000000,0.000000,0.000000,1.000000,0.000000,0.000000,0.000000,57.698101,20.499701,-14.700500,0.047771,-0.013570,0.015998,-15.666301,-52.738201,18.801300,-93.396698,0.129960,17.611099,-0.256219,-0.437507,-0.634759,0.583113,2302.486084,1549.889526,-3373.074219,2309.549072,1469.416504,-3382.746094,2307.277100,1593.571655,-3402.800049,2296.009766,1500.594482,-3330.564941,2297.108398,1635.975830,-3376.185547,2309.652344,1469.276978,-3382.710938,2307.128906,1593.684570,-3402.875000,2295.934082,1500.478027,-3330.530762,2297.230225,1636.126099,-3376.182617,2616.287109,1567.766113,-3159.787109,,,,,,,,,,,,,,,,,,,,,,,,,,,,,,,,,
11528,115.280000,0.000000,0.000000,0.000000,1.000000,0.000000,0.000000,0.000000,57.698101,20.499701,-14.700500,0.047771,-0.013570,0.015998,-15.666301,-52.738201,18.801300,-93.396698,0.129960,17.611099,-0.255827,-0.437357,-0.635149,0.582973,2302.536133,1549.713013,-3372.756592,2309.575439,1469.246216,-3382.497559,2307.362305,1593.420654,-3402.439209,2296.014160,1500.381348,-3330.296875,2297.191895,1635.804077,-3375.792480,2309.689209,1469.165405,-3382.456787,2307.181396,1593.513428,-3402.496338,2295.926270,1500.240845,-3330.269531,2297.343750,1635.940308,-3375.806396,2616.276855,1567.749878,-3159.786133,,,,,,,,,,,,,,,,,,,,,,,,,,,,,,,,,
11529,115.290000,0.000000,0.000000,0.000000,1.000000,0.000000,0.000000,0.000000,57.698101,20.499701,-14.700500,0.047771,-0.013570,0.015998,-15.666301,-52.738201,18.801300,-93.396698,0.129960,17.611099,-0.255883,-0.436733,-0.635446,0.583091,2302.556641,1549.522949,-3372.397705,2309.543701,1469.062622,-3382.228027,2307.385498,1593.258911,-3402.038086,2296.038818,1500.150513,-3329.984619,2297.259033,1635.620239,-3375.339600,2309.649902,1468.984619,-3382.202881,2307.209717,1593.345581,-3402.050293,2295.959229,1500.030029,-3329.959961,2297.405273,1635.740356,-3375.380127,2616.275635,1567.741333,-3159.788574,,,,,,,,,,,,,,,,,,,,,,,,,,,,,,,,,
11530,115.300000,0.000000,0.000000,0.000000,1.000000,0.000000,0.000000,0.000000,57.698101,20.499701,-14.700500,0.047771,-0.013570,0.015998,-15.666301,-52.738201,18.801300,-93.396698,0.129960,17.611099,-0.255792,-0.436317,-0.635965,0.582878,2302.594727,1549.346802,-3372.013428,2309.501221,1468.889038,-3381.922363,2307.469971,1593.106812,-3401.610596,2296.023438,1499.939453,-3329.649170,2297.384033,1635.452148,-3374.871338,2309.612549,1468.802124,-3381.890625,2307.276611,1593.200928,-3401.597900,2295.943115,1499.817871,-3329.638184,2297.543213,1635.577637,-3374.928955,2616.271973,1567.728516,-3159.776611,,,,,,,,,,,,,,,,,,,,,,,,,,,,,,,,,
11531,115.310000,0.000000,0.000000,0.000000,1.000000,0.000000,0.000000,0.000000,57.698101,20.499701,-14.700500,0.047771,-0.013570,0.015998,-15.666301,-52.738201,18.801300,-93.396698,0.129960,17.611099,-0.255499,-0.436009,-0.636465,0.582691,2302.619385,1549.175049,-3371.632812,2309.472168,1468.722900,-3381.625000,2307.539307,1592.963257,-3401.180908,2295.994141,1499.727051,-3329.324707,2297.472168,1635.287109,-3374.400391,2309.588623,1468.661743,-3381.600830,2307.344482,1593.032349,-3401.186523,2295.905029,1499.585693,-3329.296875,2297.637695,1635.429443,-3374.450195,2616.294189,1567.738159,-3159.776855,,,,,,,,,,,,,,,,,,,,,,,,,,,,,,,,,
11532,115.320000,0.000000,0.000000,0.000000,1.000000,0.000000,0.000000,0.000000,57.698101,20.499701,-14.700500,0.047771,-0.013570,0.015998,-15.666301,-52.738201,18.801300,-93.396698,0.129960,17.611099,-0.255590,-0.435310,-0.636819,0.582787,2302.650879,1549.047852,-3371.224609,2309.436523,1468.602173,-3381.314209,2307.578125,1592.866211,-3400.726807,2296.024902,1499.556396,-3328.967529,2297.564209,1635.166748,-3373.889648,2309.559814,1468.557373,-3381.299805,2307.367920,1592.932129,-3400.718994,2295.929688,1499.420288,-3328.933350,2297.741211,1635.290283,-3373.948486,2616.260010,1567.749146,-3159.783447,,,,,,,,,,,,,,,,,,,,,,,,,,,,,,,,,
11533,115.330000,0.000000,0.000000,0.000000,1.000000,0.000000,0.000000,0.000000,57.698101,20.499701,-14.700500,0.047771,-0.013570,0.015998,-15.666301,-52.738201,18.801300,-93.396698,0.129960,17.611099,-0.254980,-0.435157,-0.637378,0.582556,2302.671631,1548.934082,-3370.820312,2309.428955,1468.498169,-3381.005127,2307.652344,1592.787598,-3400.261475,2295.975342,1499.392212,-3328.633301,2297.630127,1635.058838,-3373.381104,2309.556152,1468.451660,-3380.979492,2307.434570,1592.866577,-3400.266602,2295.873779,1499.221436,-3328.595947,2297.816406,1635.205444,-3373.441895,2616.268311,1567.731689,-3159.797119,,,,,,,,,,,,,,,,,,,,,,,,,,,,,,,,,
11534,115.340000,0.000000,0.000000,0.000000,1.000000,0.000000,0.000000,0.000000,57.698101,20.499701,-14.700500,0.047771,-0.013570,0.015998,-15.666301,-52.738201,18.801300,-93.396698,0.129960,17.611099,-0.254777,-0.434878,-0.637729,0.582470,2302.669434,1548.844360,-3370.406006,2309.389648,1468.413818,-3380.658203,2307.676758,1592.720459,-3399.808350,2295.941406,1499.269653,-3328.262451,2297.670166,1634.973633,-3372.894043,2309.505371,1468.352173,-3380.632324,2307.477051,1592.825684,-3399.813965,2295.850342,1499.122925,-3328.229248,2297.837891,1635.085815,-3372.950439,2616.303955,1567.756836,-3159.778809,,,,,,,,,,,,,,,,,,,,,,,,,,,,,,,,,
11535,115.350000,0.000000,0.000000,0.000000,1.000000,0.000000,0.000000,0.000000,57.698101,20.499701,-14.700500,0.047771,-0.013570,0.015998,-15.666301,-52.738201,18.801300,-93.396698,0.129960,17.611099,-0.253963,-0.435107,-0.638175,0.582166,2302.665283,1548.743652,-3369.964844,2309.397217,1468.321655,-3380.276611,2307.729004,1592.645508,-3399.319336,2295.857178,1499.131958,-3327.877686,2297.677490,1634.875488,-3372.385498,2309.500732,1468.256470,-3380.264404,2307.560303,1592.730957,-3399.329102,2295.775879,1499.010376,-3327.837646,2297.819824,1634.983032,-3372.429932,2616.317871,1567.756348,-3159.766357,,,,,,,,,,,,,,,,,,,,,,,,,,,,,,,,,
11536,115.360000,0.000000,0.000000,0.000000,1.000000,0.000000,0.000000,0.000000,57.698101,20.499701,-14.700500,0.047771,-0.013570,0.015998,-15.666301,-52.738201,18.801300,-93.396698,0.129960,17.611099,-0.253489,-0.434867,-0.638697,0.581980,2302.678955,1548.679443,-3369.515869,2309.374268,1468.266357,-3379.920410,2307.789307,1592.614258,-3398.812988,2295.812012,1499.020508,-3327.494629,2297.740723,1634.817017,-3371.835205,2309.487305,1468.180908,-3379.912598,2307.607666,1592.698364,-3398.814209,2295.727051,1498.917480,-3327.458984,2297.891846,1634.929810,-3371.878906,2616.291260,1567.769897,-3159.767334,,,,,,,,,,,,,,,,,,,,,,,,,,,,,,,,,
11537,115.370000,0.000000,0.000000,0.000000,1.000000,0.000000,0.000000,0.000000,57.698101,20.499701,-14.700500,0.047771,-0.013570,0.015998,-15.666301,-52.738201,18.801300,-93.396698,0.129960,17.611099,-0.252389,-0.435107,-0.639330,0.581584,2302.663086,1548.611572,-3369.059814,2309.369629,1468.211182,-3379.554932,2307.849365,1592.584229,-3398.286865,2295.689209,1498.898071,-3327.120361,2297.744385,1634.752930,-3371.276855,2309.493896,1468.122192,-3379.554688,2307.660156,1592.685425,-3398.319336,2295.590820,1498.783936,-3327.060303,2297.902832,1634.861206,-3371.306641,2616.292236,1567.749878,-3159.783936,,,,,,,,,,,,,,,,,,,,,,,,,,,,,,,,,
11538,115.380000,0.000000,0.000000,0.000000,1.000000,0.000000,0.000000,0.000000,57.698101,20.499701,-14.700500,0.047771,-0.013570,0.015998,-15.666301,-52.738201,18.801300,-93.396698,0.129960,17.611099,-0.252159,-0.434861,-0.639721,0.581437,2302.653809,1548.539551,-3368.621826,2309.318115,1468.144287,-3379.183105,2307.874756,1592.534058,-3397.809814,2295.637695,1498.794434,-3326.726807,2297.784668,1634.685547,-3370.767334,2309.420410,1468.027466,-3379.175049,2307.732422,1592.657593,-3397.887207,2295.553467,1498.668945,-3326.655762,2297.905029,1634.809204,-3370.770752,2616.301270,1567.775879,-3159.781494,,,,,,,,,,,,,,,,,,,,,,,,,,,,,,,,,
11539,115.390000,0.000000,0.000000,0.000000,1.000000,0.000000,0.000000,0.000000,57.698101,20.499701,-14.700500,0.047771,-0.013570,0.015998,-15.666301,-52.738201,18.801300,-93.396698,0.129960,17.611099,-0.252101,-0.434501,-0.639988,0.581438,2302.660645,1548.470093,-3368.208984,2309.287598,1468.080078,-3378.832520,2307.894775,1592.484497,-3397.364258,2295.631348,1498.696289,-3326.350342,2297.828857,1634.619873,-3370.287842,2309.360596,1467.938599,-3378.818604,2307.793945,1592.640259,-3397.428467,2295.572021,1498.577881,-3326.288818,2297.912598,1634.727905,-3370.301270,2616.295410,1567.757812,-3159.787354,,,,,,,,,,,,,,,,,,,,,,,,,,,,,,,,,
11540,115.400000,0.000000,0.000000,0.000000,1.000000,0.000000,0.000000,0.000000,57.698101,20.499701,-14.700500,0.047771,-0.013570,0.015998,-15.666301,-52.738201,18.801300,-93.396698,0.129960,17.611099,-0.251291,-0.434714,-0.640499,0.581066,2302.678467,1548.371460,-3367.793457,2309.304199,1467.989502,-3378.479248,2307.978271,1592.411377,-3396.898438,2295.558105,1498.560791,-3325.994141,2297.872803,1634.524292,-3369.802002,2309.361328,1467.820068,-3378.468994,2307.896729,1592.613281,-3396.941406,2295.509033,1498.398682,-3325.913818,2297.941406,1634.656982,-3369.850098,2616.266846,1567.736084,-3159.780273,,,,,,,,,,,,,,,,,,,,,,,,,,,,,,,,,
11541,115.410000,0.000000,0.000000,0.000000,1.000000,0.000000,0.000000,0.000000,57.698101,20.499701,-14.700500,0.047771,-0.013570,0.015998,-15.666301,-52.738201,18.801300,-93.396698,0.129960,17.611099,-0.250837,-0.434573,-0.640799,0.581037,2302.689941,1548.286743,-3367.371582,2309.317383,1467.914673,-3378.130127,2308.009766,1592.354126,-3396.431152,2295.541992,1498.436646,-3325.624268,2297.890869,1634.441895,-3369.300293,2309.367432,1467.724243,-3378.135010,2307.955078,1592.547729,-3396.499512,2295.497070,1498.298584,-3325.528809,2297.937988,1634.575439,-3369.324951,2616.288818,1567.766235,-3159.785889,,,,,,,,,,,,,,,,,,,,,,,,,,,,,,,,,
11542,115.420000,0.000000,0.000000,0.000000,1.000000,0.000000,0.000000,0.000000,57.698101,20.499701,-14.700500,0.047771,-0.013570,0.015998,-15.666301,-52.738201,18.801300,-93.396698,0.129960,17.611099,-0.250657,-0.434434,-0.641005,0.580991,2302.687012,1548.165283,-3366.981201,2309.299561,1467.797607,-3377.782227,2308.022217,1592.247314,-3396.015869,2295.519531,1498.293945,-3325.262451,2297.906494,1634.322388,-3368.864258,2309.370605,1467.621460,-3377.792236,2307.944092,1592.431152,-3396.114746,2295.456055,1498.169312,-3325.156738,2297.972412,1634.439331,-3368.864014,2616.299316,1567.745605,-3159.774414,,,,,,,,,,,,,,,,,,,,,,,,,,,,,,,,,
11543,115.430000,0.000000,0.000000,0.000000,1.000000,0.000000,0.000000,0.000000,57.698101,20.499701,-14.700500,0.047771,-0.013570,0.015998,-15.666301,-52.738201,18.801300,-93.396698,0.129960,17.611099,-0.250374,-0.434833,-0.641112,0.580697,2302.693848,1548.027832,-3366.629150,2309.313965,1467.657349,-3377.403564,2308.064697,1592.102783,-3395.667969,2295.476318,1498.166748,-3324.906738,2297.920410,1634.184814,-3368.537842,2309.387207,1467.422607,-3377.415039,2307.992432,1592.306885,-3395.776855,2295.415283,1498.053833,-3324.802002,2297.979736,1634.323242,-3368.530273,2616.295654,1567.730347,-3159.772949,,,,,,,,,,,,,,,,,,,,,,,,,,,,,,,,,
11544,115.440000,0.000000,0.000000,0.000000,1.000000,0.000000,0.000000,0.000000,57.698101,20.499701,-14.700500,0.047771,-0.013570,0.015998,-15.666301,-52.738201,18.801300,-93.396698,0.129960,17.611099,-0.250103,-0.435282,-0.641334,0.580232,2302.771484,1547.869995,-3366.317139,2309.375000,1467.493652,-3377.058105,2308.199951,1591.934082,-3395.361816,2295.476318,1498.024414,-3324.589844,2298.034668,1634.028198,-3368.258545,2309.460693,1467.229736,-3377.071777,2308.110352,1592.169189,-3395.469238,2295.406738,1497.898315,-3324.474854,2298.107422,1634.176880,-3368.260742,2616.294189,1567.708740,-3159.778076,,,,,,,,,,,,,,,,,,,,,,,,,,,,,,,,,
11545,115.450000,0.000000,0.000000,0.000000,1.000000,0.000000,0.000000,0.000000,57.698101,20.499701,-14.700500,0.047771,-0.013570,0.015998,-15.666301,-52.738201,18.801300,-93.396698,0.129960,17.611099,-0.249834,-0.435685,-0.641421,0.579948,2302.826416,1547.678223,-3365.991943,2309.439453,1467.298706,-3376.703857,2308.288086,1591.734253,-3395.042725,2295.483887,1497.844116,-3324.259033,2298.093994,1633.836060,-3367.961914,2309.505371,1467.043579,-3376.709717,2308.228271,1591.984863,-3395.171143,2295.425293,1497.705322,-3324.139404,2298.144775,1633.977051,-3367.956055,2616.323242,1567.746582,-3159.756836,,,,,,,,,,,,,,,,,,,,,,,,,,,,,,,,,
11546,115.460000,0.000000,0.000000,0.000000,1.000000,0.000000,0.000000,0.000000,57.698101,20.499701,-14.700500,0.047771,-0.013570,0.015998,-15.666301,-52.738201,18.801300,-93.396698,0.129960,17.611099,-0.249212,-0.436619,-0.641595,0.579321,2302.931152,1547.472534,-3365.674561,2309.571289,1467.086182,-3376.318359,2308.465820,1591.509888,-3394.739746,2295.483643,1497.665039,-3323.928711,2298.203613,1633.628906,-3367.711426,2309.643066,1466.833984,-3376.349365,2308.396973,1591.748535,-3394.829102,2295.417480,1497.488281,-3323.776123,2298.264160,1633.810547,-3367.743652,2616.303955,1567.739746,-3159.763184,,,,,,,,,,,,,,,,,,,,,,,,,,,,,,,,,
11547,115.470000,0.000000,0.000000,0.000000,1.000000,0.000000,0.000000,0.000000,57.698101,20.499701,-14.700500,0.047771,-0.013570,0.015998,-15.666301,-52.738201,18.801300,-93.396698,0.129960,17.611099,-0.248733,-0.437372,-0.641762,0.578774,2303.096191,1547.248779,-3365.343262,2309.749756,1466.856079,-3375.930420,2308.694824,1591.270142,-3394.420898,2295.558350,1497.464600,-3323.585693,2298.381836,1633.404785,-3367.436523,2309.800293,1466.599487,-3375.945068,2308.659912,1591.550293,-3394.550537,2295.503662,1497.265259,-3323.427246,2298.416748,1633.577026,-3367.454102,2616.286133,1567.739868,-3159.789062,,,,,,,,,,,,,,,,,,,,,,,,,,,,,,,,,
11548,115.480000,0.000000,0.000000,0.000000,1.000000,0.000000,0.000000,0.000000,57.698101,20.499701,-14.700500,0.047771,-0.013570,0.015998,-15.666301,-52.738201,18.801300,-93.396698,0.129960,17.611099,-0.248489,-0.437967,-0.641959,0.578210,2303.306396,1546.989502,-3365.017578,2309.941406,1466.587646,-3375.546631,2308.970947,1590.991089,-3394.111816,2295.679688,1497.233276,-3323.242920,2298.633301,1633.146240,-3367.168945,2309.995605,1466.297852,-3375.547119,2308.931641,1591.276978,-3394.254639,2295.626221,1497.053223,-3323.106445,2298.670166,1633.326538,-3367.170654,2616.284668,1567.752808,-3159.787842,,,,,,,,,,,,,,,,,,,,,,,,,,,,,,,,,
11549,115.490000,0.000000,0.000000,0.000000,1.000000,0.000000,0.000000,0.000000,57.698101,20.499701,-14.700500,0.047771,-0.013570,0.015998,-15.666301,-52.738201,18.801300,-93.396698,0.129960,17.611099,-0.248231,-0.438671,-0.642113,0.577616,2303.532227,1546.733398,-3364.710693,2310.156006,1466.321167,-3375.166992,2309.263184,1590.710693,-3393.828857,2295.814697,1497.011841,-3322.911377,2298.894287,1632.890137,-3366.936035,2310.212158,1466.022827,-3375.165283,2309.234131,1590.981079,-3394.011963,2295.762451,1496.910156,-3322.798340,2298.920898,1633.016235,-3366.889404,2616.280762,1567.735596,-3159.771973,,,,,,,,,,,,,,,,,,,,,,,,,,,,,,,,,
11550,115.500000,0.000000,0.000000,0.000000,1.000000,0.000000,0.000000,0.000000,57.698101,20.499701,-14.700500,0.047771,-0.013570,0.015998,-15.666301,-52.738201,18.801300,-93.396698,0.129960,17.611099,-0.247771,-0.439465,-0.642442,0.576844,2303.805420,1546.466675,-3364.405273,2310.407715,1466.044556,-3374.799072,2309.630127,1590.423706,-3393.535645,2295.961182,1496.774048,-3322.595215,2299.222412,1632.624756,-3366.691650,2310.469727,1465.781128,-3374.798096,2309.588623,1590.702148,-3393.725342,2295.902100,1496.687134,-3322.483398,2299.259277,1632.704224,-3366.642334,2616.320801,1567.716309,-3159.767334,,,,,,,,,,,,,,,,,,,,,,,,,,,,,,,,,
11551,115.510000,0.000000,0.000000,0.000000,1.000000,0.000000,0.000000,0.000000,57.698101,20.499701,-14.700500,0.047771,-0.013570,0.015998,-15.666301,-52.738201,18.801300,-93.396698,0.129960,17.611099,-0.248258,-0.439878,-0.642649,0.576088,2304.125488,1546.198853,-3364.139648,2310.618652,1465.754028,-3374.425537,2310.031494,1590.109985,-3393.322510,2296.184326,1496.571411,-3322.270508,2299.667480,1632.360352,-3366.539551,2310.685791,1465.439453,-3374.438232,2309.979736,1590.392944,-3393.459229,2296.126709,1496.476929,-3322.154785,2299.710449,1632.477173,-3366.523438,2616.330566,1567.754639,-3159.770508,,,,,,,,,,,,,,,,,,,,,,,,,,,,,,,,,
11552,115.520000,0.000000,0.000000,0.000000,1.000000,0.000000,0.000000,0.000000,57.698101,20.499701,-14.700500,0.047771,-0.013570,0.015998,-15.666301,-52.738201,18.801300,-93.396698,0.129960,17.611099,-0.247905,-0.440688,-0.642885,0.575358,2304.412842,1545.929077,-3363.807373,2310.887939,1465.472900,-3374.016113,2310.403076,1589.814087,-3393.012207,2296.357178,1496.338623,-3321.916260,2300.002930,1632.090942,-3366.284912,2310.947021,1465.213867,-3374.027344,2310.357910,1590.042480,-3393.130127,2296.306152,1496.268799,-3321.820557,2300.041260,1632.184326,-3366.264648,2616.299805,1567.763184,-3159.781006,,,,,,,,,,,,,,,,,,,,,,,,,,,,,,,,,
11553,115.530000,0.000000,0.000000,0.000000,1.000000,0.000000,0.000000,0.000000,57.698101,20.499701,-14.700500,0.047771,-0.013570,0.015998,-15.666301,-52.738201,18.801300,-93.396698,0.129960,17.611099,-0.248009,-0.441297,-0.643131,0.574570,2304.725586,1545.668335,-3363.460693,2311.127686,1465.194214,-3373.573975,2310.803955,1589.515503,-3392.704590,2296.558105,1496.131836,-3321.527588,2300.412598,1631.832275,-3366.036865,2311.158691,1464.972290,-3373.543945,2310.787354,1589.739258,-3392.841797,2296.527832,1496.059814,-3321.472412,2300.430176,1631.906738,-3366.000000,2616.277588,1567.740112,-3159.774170,,,,,,,,,,,,,,,,,,,,,,,,,,,,,,,,,
11554,115.540000,0.000000,0.000000,0.000000,1.000000,0.000000,0.000000,0.000000,57.698101,20.499701,-14.700500,0.047771,-0.013570,0.015998,-15.666301,-52.738201,18.801300,-93.396698,0.129960,17.611099,-0.248360,-0.441672,-0.643424,0.573802,2305.000488,1545.430542,-3363.121582,2311.294189,1464.937134,-3373.148438,2311.166016,1589.239258,-3392.404541,2296.727539,1495.948242,-3321.145020,2300.814697,1631.597900,-3365.788086,2311.356689,1464.732788,-3373.092041,2311.086914,1589.465088,-3392.547119,2296.675049,1495.851318,-3321.108643,2300.879150,1631.683105,-3365.750488,2616.302734,1567.732178,-3159.771240,,,,,,,,,,,,,,,,,,,,,,,,,,,,,,,,,
11555,115.550000,0.000000,0.000000,0.000000,1.000000,0.000000,0.000000,0.000000,57.698101,20.499701,-14.700500,0.047771,-0.013570,0.015998,-15.666301,-52.738201,18.801300,-93.396698,0.129960,17.611099,-0.248282,-0.442418,-0.643582,0.573083,2305.269287,1545.218018,-3362.772217,2311.525635,1464.709473,-3372.701172,2311.512695,1588.990723,-3392.092529,2296.893066,1495.786865,-3320.755615,2301.145264,1631.385254,-3365.539307,2311.585449,1464.529297,-3372.656494,2311.435547,1589.238770,-3392.232910,2296.833496,1495.630249,-3320.682373,2301.212646,1631.486206,-3365.527588,2616.282959,1567.769409,-3159.778809,,,,,,,,,,,,,,,,,,,,,,,,,,,,,,,,,
11556,115.560000,0.000000,0.000000,0.000000,1.000000,0.000000,0.000000,0.000000,57.698101,20.499701,-14.700500,0.047771,-0.013570,0.015998,-15.666301,-52.738201,18.801300,-93.396698,0.129960,17.611099,-0.247710,-0.443454,-0.643783,0.572304,2305.553955,1545.039673,-3362.384521,2311.820068,1464.520996,-3372.225098,2311.886230,1588.785034,-3391.726562,2297.053223,1495.647583,-3320.347412,2301.456055,1631.205200,-3365.239258,2311.845703,1464.383057,-3372.182617,2311.845459,1589.049927,-3391.816406,2297.018555,1495.468384,-3320.275146,2301.498291,1631.272827,-3365.269043,2616.288818,1567.745361,-3159.779297,,,,,,,,,,,,,,,,,,,,,,,,,,,,,,,,,
11557,115.570000,0.000000,0.000000,0.000000,1.000000,0.000000,0.000000,0.000000,57.698101,20.499701,-14.700500,0.047771,-0.013570,0.015998,-15.666301,-52.738201,18.801300,-93.396698,0.129960,17.611099,-0.246923,-0.444872,-0.643811,0.571511,2305.821045,1544.922852,-3361.968994,2312.147949,1464.393677,-3371.684326,2312.236572,1588.632446,-3391.346191,2297.196289,1495.582275,-3319.896484,2301.702881,1631.083130,-3364.948730,2312.181152,1464.268066,-3371.642334,2312.176270,1588.890137,-3391.415039,2297.153564,1495.353760,-3319.813232,2301.762939,1631.186646,-3365.005127,2616.294678,1567.764771,-3159.774902,,,,,,,,,,,,,,,,,,,,,,,,,,,,,,,,,
11558,115.580000,0.000000,0.000000,0.000000,1.000000,0.000000,0.000000,0.000000,57.698101,20.499701,-14.700500,0.047771,-0.013570,0.015998,-15.666301,-52.738201,18.801300,-93.396698,0.129960,17.611099,-0.246646,-0.445756,-0.643943,0.570793,2306.109131,1544.828613,-3361.556885,2312.424316,1464.286865,-3371.173584,2312.602783,1588.504517,-3390.966797,2297.378418,1495.536011,-3319.449951,2302.031006,1630.987427,-3364.636475,2312.480469,1464.169067,-3371.134277,2312.514404,1588.734009,-3391.060303,2297.315918,1495.322510,-3319.365234,2302.113037,1631.094482,-3364.669678,2616.297852,1567.761475,-3159.778076,,,,,,,,,,,,,,,,,,,,,,,,,,,,,,,,,
11559,115.590000,0.000000,0.000000,0.000000,1.000000,0.000000,0.000000,0.000000,57.698101,20.499701,-14.700500,0.047771,-0.013570,0.015998,-15.666301,-52.738201,18.801300,-93.396698,0.129960,17.611099,-0.246359,-0.446406,-0.644329,0.569972,2306.343506,1544.741211,-3361.091064,2312.604248,1464.188110,-3370.649414,2312.937256,1588.394287,-3390.512939,2297.481445,1495.480713,-3318.974365,2302.351318,1630.901855,-3364.228027,2312.645996,1464.043335,-3370.594238,2312.875732,1588.619507,-3390.623291,2297.434082,1495.280762,-3318.909912,2302.411133,1631.026001,-3364.242188,2616.291992,1567.714600,-3159.768799,,,,,,,,,,,,,,,,,,,,,,,,,,,,,,,,,
11560,115.600000,0.000000,0.000000,0.000000,1.000000,0.000000,0.000000,0.000000,57.698101,20.499701,-14.700500,0.047771,-0.013570,0.015998,-15.666301,-52.738201,18.801300,-93.396698,0.129960,17.611099,-0.245615,-0.447509,-0.644479,0.569259,2306.583252,1544.720825,-3360.593994,2312.881348,1464.160889,-3370.070312,2313.257812,1588.351318,-3390.030762,2297.603516,1495.492432,-3318.464355,2302.589844,1630.878418,-3363.810791,2312.913086,1464.022827,-3370.008057,2313.204590,1588.565918,-3390.125000,2297.565186,1495.288208,-3318.413086,2302.643311,1631.008911,-3363.833740,2616.268799,1567.716309,-3159.777344,,,,,,,,,,,,,,,,,,,,,,,,,,,,,,,,,
11561,115.610000,0.000000,0.000000,0.000000,1.000000,0.000000,0.000000,0.000000,57.698101,20.499701,-14.700500,0.047771,-0.013570,0.015998,-15.666301,-52.738201,18.801300,-93.396698,0.129960,17.611099,-0.244875,-0.448823,-0.644602,0.568403,2306.757324,1544.698730,-3360.088867,2313.091309,1464.128418,-3369.450928,2313.525635,1588.295532,-3389.554199,2297.642822,1495.518799,-3317.931641,2302.769287,1630.852295,-3363.418457,2313.109131,1463.958740,-3369.357666,2313.476807,1588.522339,-3389.618408,2297.622314,1495.289917,-3317.916992,2302.818115,1631.023926,-3363.463623,2616.271240,1567.762085,-3159.784912,,,,,,,,,,,,,,,,,,,,,,,,,,,,,,,,,
11562,115.620000,0.000000,0.000000,0.000000,1.000000,0.000000,0.000000,0.000000,57.698101,20.499701,-14.700500,0.047771,-0.013570,0.015998,-15.666301,-52.738201,18.801300,-93.396698,0.129960,17.611099,-0.244271,-0.449727,-0.644724,0.567811,2306.906738,1544.739990,-3359.606201,2313.269775,1464.164062,-3368.899902,2313.742188,1588.317993,-3389.083984,2297.695068,1495.587158,-3317.438721,2302.919678,1630.891113,-3363.002441,2313.305908,1463.992432,-3368.835205,2313.669678,1588.537720,-3389.124023,2297.660645,1495.375610,-3317.402832,2302.988037,1631.057617,-3363.064697,2616.260498,1567.771973,-3159.795166,,,,,,,,,,,,,,,,,,,,,,,,,,,,,,,,,
11563,115.630000,0.000000,0.000000,0.000000,1.000000,0.000000,0.000000,0.000000,57.698101,20.499701,-14.700500,0.047771,-0.013570,0.015998,-15.666301,-52.738201,18.801300,-93.396698,0.129960,17.611099,-0.243658,-0.450432,-0.644949,0.567259,2306.996338,1544.863037,-3359.070312,2313.374023,1464.283936,-3368.327393,2313.899658,1588.432251,-3388.545166,2297.688721,1495.722534,-3316.909180,2303.022949,1631.013428,-3362.499512,2313.404053,1464.103271,-3368.264893,2313.856934,1588.641724,-3388.642578,2297.655518,1495.548462,-3316.865967,2303.066162,1631.161987,-3362.510498,2616.283691,1567.765259,-3159.797607,,,,,,,,,,,,,,,,,,,,,,,,,,,,,,,,,
11564,115.640000,0.000000,0.000000,0.000000,1.000000,0.000000,0.000000,0.000000,57.698101,20.499701,-14.700500,0.047771,-0.013570,0.015998,-15.666301,-52.738201,18.801300,-93.396698,0.129960,17.611099,-0.242290,-0.451594,-0.645179,0.566659,2307.066162,1545.036377,-3358.489502,2313.540039,1464.461914,-3367.719971,2314.046387,1588.609985,-3387.939941,2297.638672,1495.890137,-3316.361572,2303.039795,1631.183594,-3361.936279,2313.569824,1464.286865,-3367.681152,2314.010742,1588.803711,-3388.023438,2297.604492,1495.729614,-3316.300537,2303.077393,1631.326782,-3361.954102,2616.270508,1567.738892,-3159.791504,,,,,,,,,,,,,,,,,,,,,,,,,,,,,,,,,
11565,115.650000,0.000000,0.000000,0.000000,1.000000,0.000000,0.000000,0.000000,57.698101,20.499701,-14.700500,0.047771,-0.013570,0.015998,-15.666301,-52.738201,18.801300,-93.396698,0.129960,17.611099,-0.242372,-0.451874,-0.645113,0.566476,2307.072266,1545.247559,-3357.946045,2313.541016,1464.666992,-3367.125732,2314.066895,1588.802734,-3387.420410,2297.625244,1496.127563,-3315.791992,2303.055420,1631.393188,-3361.446045,2313.573242,1464.456909,-3367.050293,2314.004639,1589.009766,-3387.468750,2297.600830,1495.986328,-3315.788086,2303.109619,1631.538574,-3361.475830,2616.255127,1567.789673,-3159.796875,,,,,,,,,,,,,,,,,,,,,,,,,,,,,,,,,
11566,115.660000,0.000000,0.000000,0.000000,1.000000,0.000000,0.000000,0.000000,57.698101,20.499701,-14.700500,0.047771,-0.013570,0.015998,-15.666301,-52.738201,18.801300,-93.396698,0.129960,17.611099,-0.241355,-0.452882,-0.645112,0.566106,2307.017822,1545.524292,-3357.370605,2313.587402,1464.946777,-3366.505371,2314.053955,1589.076294,-3386.839600,2297.499268,1496.409424,-3315.226807,2302.930664,1631.664917,-3360.910400,2313.591797,1464.809204,-3366.401367,2314.027588,1589.297119,-3386.934326,2297.487793,1496.219604,-3315.229004,2302.961182,1631.773926,-3360.921631,2616.281494,1567.791138,-3159.795654,,,,,,,,,,,,,,,,,,,,,,,,,,,,,,,,,
11567,115.670000,0.000000,0.000000,0.000000,1.000000,0.000000,0.000000,0.000000,57.698101,20.499701,-14.700500,0.047771,-0.013570,0.015998,-15.666301,-52.738201,18.801300,-93.396698,0.129960,17.611099,-0.241078,-0.453130,-0.645067,0.566077,2306.897705,1545.812866,-3356.821533,2313.503906,1465.237305,-3365.947266,2313.936035,1589.365723,-3386.288574,2297.370605,1496.696777,-3314.680908,2302.779785,1631.951660,-3360.369141,2313.520264,1465.092163,-3365.851807,2313.885254,1589.606445,-3386.359863,2297.353027,1496.554810,-3314.689941,2302.825195,1632.011353,-3360.385986,2616.261963,1567.774902,-3159.791748,,,,,,,,,,,,,,,,,,,,,,,,,,,,,,,,,
11568,115.680000,0.000000,0.000000,0.000000,1.000000,0.000000,0.000000,0.000000,57.698101,20.499701,-14.700500,0.047771,-0.013570,0.015998,-15.666301,-52.738201,18.801300,-93.396698,0.129960,17.611099,-0.240160,-0.453584,-0.645118,0.566045,2306.773438,1546.172729,-3356.287354,2313.472412,1465.608032,-3365.440430,2313.822021,1589.746582,-3385.720947,2297.219482,1497.027222,-3314.187012,2302.579590,1632.309326,-3359.800293,2313.492432,1465.440186,-3365.353027,2313.781494,1589.957642,-3385.815430,2297.201904,1496.951294,-3314.203857,2302.613770,1632.351074,-3359.780273,2616.298828,1567.715820,-3159.780273,,,,,,,,,,,,,,,,,,,,,,,,,,,,,,,,,
11569,115.690000,0.000000,0.000000,0.000000,1.000000,0.000000,0.000000,0.000000,57.698101,20.499701,-14.700500,0.047771,-0.013570,0.015998,-15.666301,-52.738201,18.801300,-93.396698,0.129960,17.611099,-0.239466,-0.453728,-0.645369,0.565938,2306.661865,1546.549072,-3355.742920,2313.394775,1465.993286,-3364.949951,2313.735840,1590.147705,-3385.133789,2297.067871,1497.368286,-3313.693115,2302.448730,1632.687256,-3359.194824,2313.414307,1465.807495,-3364.889404,2313.700439,1590.391113,-3385.206299,2297.051514,1497.342651,-3313.697998,2302.477783,1632.672241,-3359.181885,2616.267334,1567.726074,-3159.769531,,,,,,,,,,,,,,,,,,,,,,,,,,,,,,,,,
11570,115.700000,0.000000,0.000000,0.000000,1.000000,0.000000,0.000000,0.000000,57.698101,20.499701,-14.700500,0.047771,-0.013570,0.015998,-15.666301,-52.738201,18.801300,-93.396698,0.129960,17.611099,-0.238957,-0.453842,-0.645501,0.565911,2306.469482,1546.867554,-3355.247803,2313.237305,1466.318970,-3364.491943,2313.554688,1590.484375,-3384.608887,2296.854980,1497.661255,-3313.232666,2302.230957,1633.006226,-3358.657227,2313.282227,1466.159790,-3364.458740,2313.486572,1590.700439,-3384.671387,2296.820801,1497.698608,-3313.235596,2302.284912,1632.923218,-3358.628418,2616.289062,1567.770752,-3159.778564,,,,,,,,,,,,,,,,,,,,,,,,,,,,,,,,,
11571,115.710000,0.000000,0.000000,0.000000,1.000000,0.000000,0.000000,0.000000,57.698101,20.499701,-14.700500,0.047771,-0.013570,0.015998,-15.666301,-52.738201,18.801300,-93.396698,0.129960,17.611099,-0.238049,-0.454316,-0.645579,0.565825,2306.244873,1547.253174,-3354.758545,2313.097900,1466.714355,-3364.026367,2313.346436,1590.888916,-3384.087646,2296.595703,1498.019775,-3312.782959,2301.938965,1633.389648,-3358.137207,2313.125488,1466.572998,-3363.967285,2313.312988,1591.083740,-3384.208740,2296.572021,1498.062500,-3312.804443,2301.968262,1633.303345,-3358.061035,2616.257812,1567.734253,-3159.785400,,,,,,,,,,,,,,,,,,,,,,,,,,,,,,,,,
11572,115.720000,0.000000,0.000000,0.000000,1.000000,0.000000,0.000000,0.000000,57.698101,20.499701,-14.700500,0.047771,-0.013570,0.015998,-15.666301,-52.738201,18.801300,-93.396698,0.129960,17.611099,-0.237274,-0.454899,-0.645456,0.565822,2306.007812,1547.612061,-3354.308594,2312.965820,1467.081177,-3363.566162,2313.107666,1591.256104,-3383.625732,2296.346436,1498.367432,-3312.349121,2301.611084,1633.743774,-3357.693359,2312.999023,1466.885010,-3363.538086,2313.095947,1591.406616,-3383.760742,2296.319336,1498.435059,-3312.345947,2301.619873,1633.716797,-3357.597900,2616.305176,1567.752563,-3159.779541,,,,,,,,,,,,,,,,,,,,,,,,,,,,,,,,,
11573,115.730000,0.000000,0.000000,0.000000,1.000000,0.000000,0.000000,0.000000,57.698101,20.499701,-14.700500,0.047771,-0.013570,0.015998,-15.666301,-52.738201,18.801300,-93.396698,0.129960,17.611099,-0.236641,-0.455325,-0.645338,0.565880,2305.742920,1547.960327,-3353.932617,2312.791504,1467.437134,-3363.188965,2312.834717,1591.614014,-3383.237305,2296.080078,1498.702515,-3311.988770,2301.265381,1634.087769,-3357.314941,2312.833008,1467.169556,-3363.194824,2312.841309,1591.763916,-3383.397461,2296.045654,1498.819580,-3311.958252,2301.256592,1634.070312,-3357.191406,2616.293945,1567.743652,-3159.776855,,,,,,,,,,,,,,,,,,,,,,,,,,,,,,,,,
11574,115.740000,0.000000,0.000000,0.000000,1.000000,0.000000,0.000000,0.000000,57.698101,20.499701,-14.700500,0.047771,-0.013570,0.015998,-15.666301,-52.738201,18.801300,-93.396698,0.129960,17.611099,-0.236452,-0.455531,-0.645253,0.565889,2305.511475,1548.292236,-3353.610596,2312.594482,1467.770630,-3362.853516,2312.599365,1591.944946,-3382.917969,2295.849365,1499.036133,-3311.664795,2301.002930,1634.417603,-3357.005859,2312.640137,1467.462036,-3362.843018,2312.596924,1592.114258,-3383.082275,2295.815186,1499.138672,-3311.645752,2301.000000,1634.425415,-3356.883789,2616.314453,1567.774292,-3159.772217,,,,,,,,,,,,,,,,,,,,,,,,,,,,,,,,,
11575,115.750000,0.000000,0.000000,0.000000,1.000000,0.000000,0.000000,0.000000,57.698101,20.499701,-14.700500,0.047771,-0.013570,0.015998,-15.666301,-52.738201,18.801300,-93.396698,0.129960,17.611099,-0.236508,-0.455620,-0.645081,0.565990,2305.286621,1548.600098,-3353.324219,2312.393555,1468.078003,-3362.545166,2312.356445,1592.246582,-3382.644775,2295.646240,1499.352905,-3311.363037,2300.750244,1634.723022,-3356.743408,2312.441895,1467.809814,-3362.504639,2312.331543,1592.430664,-3382.812500,2295.609619,1499.365967,-3311.344727,2300.768555,1634.780029,-3356.649170,2616.292480,1567.741211,-3159.774902,,,,,,,,,,,,,,,,,,,,,,,,,,,,,,,,,
11576,115.760000,0.000000,0.000000,0.000000,1.000000,0.000000,0.000000,0.000000,57.698101,20.499701,-14.700500,0.047771,-0.013570,0.015998,-15.666301,-52.738201,18.801300,-93.396698,0.129960,17.611099,-0.236834,-0.455382,-0.644839,0.566321,2305.050293,1548.918945,-3353.076172,2312.170410,1468.397827,-3362.295166,2312.074951,1592.563843,-3382.410400,2295.470459,1499.674194,-3311.098145,2300.485107,1635.040283,-3356.501221,2312.218750,1468.151855,-3362.269775,2312.048584,1592.718750,-3382.548096,2295.433350,1499.651245,-3311.061768,2300.506348,1635.142212,-3356.434082,2616.305176,1567.747070,-3159.763672,,,,,,,,,,,,,,,,,,,,,,,,,,,,,,,,,
11577,115.770000,0.000000,0.000000,0.000000,1.000000,0.000000,0.000000,0.000000,57.698101,20.499701,-14.700500,0.047771,-0.013570,0.015998,-15.666301,-52.738201,18.801300,-93.396698,0.129960,17.611099,-0.236598,-0.455775,-0.644781,0.566169,2304.858398,1549.160156,-3352.855225,2312.008301,1468.637451,-3362.038574,2311.896484,1592.796265,-3382.199219,2295.255859,1499.928101,-3310.867188,2300.272949,1635.278931,-3356.315674,2312.085693,1468.403198,-3362.046387,2311.837646,1592.969971,-3382.337891,2295.186523,1499.837769,-3310.764648,2300.326172,1635.423218,-3356.280029,2616.285645,1567.730835,-3159.769287,,,,,,,,,,,,,,,,,,,,,,,,,,,,,,,,,
11578,115.780000,0.000000,0.000000,0.000000,1.000000,0.000000,0.000000,0.000000,57.698101,20.499701,-14.700500,0.047771,-0.013570,0.015998,-15.666301,-52.738201,18.801300,-93.396698,0.129960,17.611099,-0.236693,-0.455919,-0.644674,0.566136,2304.690186,1549.335571,-3352.639160,2311.844971,1468.809692,-3361.789795,2311.726074,1592.960083,-3382.000732,2295.089844,1500.119995,-3310.631592,2300.099609,1635.452759,-3356.134766,2311.920654,1468.602051,-3361.798096,2311.664551,1593.145508,-3382.141357,2295.019287,1500.044067,-3310.530762,2300.154541,1635.548828,-3356.098145,2616.341309,1567.776733,-3159.773926,,,,,,,,,,,,,,,,,,,,,,,,,,,,,,,,,
11579,115.790000,0.000000,0.000000,0.000000,1.000000,0.000000,0.000000,0.000000,57.698101,20.499701,-14.700500,0.047771,-0.013570,0.015998,-15.666301,-52.738201,18.801300,-93.396698,0.129960,17.611099,-0.236522,-0.456592,-0.644795,0.565526,2304.575195,1549.482788,-3352.454590,2311.708496,1468.945923,-3361.525146,2311.677734,1593.079224,-3381.842041,2294.885742,1500.307495,-3310.420410,2300.028809,1635.598877,-3356.031006,2311.776611,1468.738525,-3361.527588,2311.623779,1593.278320,-3381.983398,2294.816162,1500.181885,-3310.304688,2300.081055,1635.731567,-3356.010498,2616.312012,1567.760986,-3159.777100,,,,,,,,,,,,,,,,,,,,,,,,,,,,,,,,,
11580,115.800000,0.000000,0.000000,0.000000,1.000000,0.000000,0.000000,0.000000,57.698101,20.499701,-14.700500,0.047771,-0.013570,0.015998,-15.666301,-52.738201,18.801300,-93.396698,0.129960,17.611099,-0.236346,-0.457350,-0.644734,0.565057,2304.486084,1549.576660,-3352.285400,2311.631592,1469.030151,-3361.260254,2311.632812,1593.141846,-3381.708496,2294.733398,1500.445801,-3310.213867,2299.946289,1635.688965,-3355.959473,2311.690430,1468.833618,-3361.226074,2311.575195,1593.368896,-3381.860840,2294.670166,1500.273071,-3310.118164,2300.003174,1635.836304,-3355.944580,2616.285645,1567.784058,-3159.786621,,,,,,,,,,,,,,,,,,,,,,,,,,,,,,,,,
11581,115.810000,0.000000,0.000000,0.000000,1.000000,0.000000,0.000000,0.000000,57.698101,20.499701,-14.700500,0.047771,-0.013570,0.015998,-15.666301,-52.738201,18.801300,-93.396698,0.129960,17.611099,-0.235988,-0.458321,-0.644445,0.564750,2304.422119,1549.612915,-3352.125732,2311.640381,1469.060303,-3360.987061,2311.587891,1593.146240,-3381.591064,2294.632812,1500.527954,-3310.009033,2299.827393,1635.717285,-3355.915527,2311.710205,1468.878906,-3360.965088,2311.511963,1593.352173,-3381.720215,2294.561035,1500.351318,-3309.906250,2299.899658,1635.871460,-3355.915283,2616.307129,1567.766479,-3159.780029,,,,,,,,,,,,,,,,,,,,,,,,,,,,,,,,,
11582,115.820000,0.000000,0.000000,0.000000,1.000000,0.000000,0.000000,0.000000,57.698101,20.499701,-14.700500,0.047771,-0.013570,0.015998,-15.666301,-52.738201,18.801300,-93.396698,0.129960,17.611099,-0.236040,-0.459078,-0.644281,0.564300,2304.374756,1549.609619,-3351.987305,2311.596191,1469.044189,-3360.728027,2311.577393,1593.101196,-3381.505371,2294.533936,1500.584473,-3309.812988,2299.791260,1635.709106,-3355.902588,2311.664307,1468.860840,-3360.697021,2311.498047,1593.338257,-3381.646729,2294.458496,1500.372681,-3309.699951,2299.867676,1635.870605,-3355.909668,2616.317871,1567.741699,-3159.769287,,,,,,,,,,,,,,,,,,,,,,,,,,,,,,,,,
11583,115.830000,0.000000,0.000000,0.000000,1.000000,0.000000,0.000000,0.000000,57.698101,20.499701,-14.700500,0.047771,-0.013570,0.015998,-15.666301,-52.738201,18.801300,-93.396698,0.129960,17.611099,-0.236066,-0.459883,-0.644140,0.563794,2304.348389,1549.553223,-3351.863281,2311.569824,1468.974365,-3360.479248,2311.594482,1593.001343,-3381.434570,2294.447266,1500.589966,-3309.631348,2299.781982,1635.647705,-3355.907959,2311.637695,1468.767578,-3360.465332,2311.529785,1593.224365,-3381.572754,2294.373291,1500.397339,-3309.505615,2299.846680,1635.823975,-3355.911865,2616.296875,1567.718628,-3159.769531,,,,,,,,,,,,,,,,,,,,,,,,,,,,,,,,,
11584,115.840000,0.000000,0.000000,0.000000,1.000000,0.000000,0.000000,0.000000,57.698101,20.499701,-14.700500,0.047771,-0.013570,0.015998,-15.666301,-52.738201,18.801300,-93.396698,0.129960,17.611099,-0.235732,-0.461049,-0.644036,0.563101,2304.367188,1549.482178,-3351.744629,2311.615234,1468.890625,-3360.218750,2311.678955,1592.885010,-3381.366211,2294.371582,1500.583618,-3309.459961,2299.803467,1635.569824,-3355.933350,2311.680664,1468.682739,-3360.211914,2311.625732,1593.112915,-3381.515625,2294.293457,1500.351929,-3309.305176,2299.863281,1635.778442,-3355.944336,2616.304932,1567.779663,-3159.781738,,,,,,,,,,,,,,,,,,,,,,,,,,,,,,,,,
11585,115.850000,0.000000,0.000000,0.000000,1.000000,0.000000,0.000000,0.000000,57.698101,20.499701,-14.700500,0.047771,-0.013570,0.015998,-15.666301,-52.738201,18.801300,-93.396698,0.129960,17.611099,-0.235124,-0.462388,-0.643897,0.562414,2304.431885,1549.382690,-3351.608398,2311.741455,1468.781982,-3359.941162,2311.808105,1592.744751,-3381.273438,2294.337646,1500.542480,-3309.279541,2299.840332,1635.461792,-3355.938477,2311.806152,1468.585571,-3359.927979,2311.755859,1592.978027,-3381.442871,2294.256104,1500.298950,-3309.121338,2299.900635,1635.666138,-3355.940674,2616.277100,1567.790771,-3159.789307,,,,,,,,,,,,,,,,,,,,,,,,,,,,,,,,,
11586,115.860000,0.000000,0.000000,0.000000,1.000000,0.000000,0.000000,0.000000,57.698101,20.499701,-14.700500,0.047771,-0.013570,0.015998,-15.666301,-52.738201,18.801300,-93.396698,0.129960,17.611099,-0.235369,-0.462968,-0.643806,0.561939,2304.477783,1549.216187,-3351.445312,2311.755859,1468.601074,-3359.665527,2311.895752,1592.535278,-3381.162598,2294.329834,1500.437012,-3309.058838,2299.929199,1635.291626,-3355.893066,2311.843262,1468.366089,-3359.661377,2311.813965,1592.732056,-3381.297852,2294.242188,1500.233887,-3308.920410,2300.010742,1635.530029,-3355.900146,2616.253906,1567.803345,-3159.807373,,,,,,,,,,,,,,,,,,,,,,,,,,,,,,,,,
11587,115.870000,0.000000,0.000000,0.000000,1.000000,0.000000,0.000000,0.000000,57.698101,20.499701,-14.700500,0.047771,-0.013570,0.015998,-15.666301,-52.738201,18.801300,-93.396698,0.129960,17.611099,-0.235445,-0.463571,-0.643959,0.561234,2304.573730,1549.031982,-3351.287109,2311.792725,1468.401978,-3359.413330,2312.068115,1592.313232,-3381.040527,2294.328369,1500.306274,-3308.863037,2300.105713,1635.106567,-3355.831543,2311.852539,1468.141479,-3359.414795,2312.033203,1592.526001,-3381.173828,2294.264160,1500.134033,-3308.727783,2300.146484,1635.319946,-3355.835205,2616.287598,1567.725342,-3159.784668,,,,,,,,,,,,,,,,,,,,,,,,,,,,,,,,,
11588,115.880000,0.000000,0.000000,0.000000,1.000000,0.000000,0.000000,0.000000,57.698101,20.499701,-14.700500,0.047771,-0.013570,0.015998,-15.666301,-52.738201,18.801300,-93.396698,0.129960,17.611099,-0.235189,-0.464210,-0.644244,0.560486,2304.684082,1548.834229,-3351.111328,2311.858154,1468.193848,-3359.174072,2312.266602,1592.091431,-3380.877441,2294.322998,1500.142578,-3308.676270,2300.288574,1634.909180,-3355.717773,2311.921631,1467.914673,-3359.194824,2312.234375,1592.279419,-3380.992188,2294.256104,1499.970703,-3308.525635,2300.327393,1635.161377,-3355.732178,2616.299316,1567.761597,-3159.764404,,,,,,,,,,,,,,,,,,,,,,,,,,,,,,,,,
11589,115.890000,0.000000,0.000000,0.000000,1.000000,0.000000,0.000000,0.000000,57.698101,20.499701,-14.700500,0.047771,-0.013570,0.015998,-15.666301,-52.738201,18.801300,-93.396698,0.129960,17.611099,-0.235416,-0.464413,-0.644456,0.559979,2304.780273,1548.618164,-3350.900146,2311.877197,1467.966064,-3358.914062,2312.421387,1591.851074,-3380.686768,2294.348389,1499.960815,-3308.443115,2300.473877,1634.695068,-3355.556885,2311.934814,1467.696899,-3358.940186,2312.393066,1592.048950,-3380.787354,2294.288330,1499.828979,-3308.304688,2300.507080,1634.883789,-3355.570801,2616.288086,1567.733276,-3159.771729,,,,,,,,,,,,,,,,,,,,,,,,,,,,,,,,,
11590,115.900000,0.000000,0.000000,0.000000,1.000000,0.000000,0.000000,0.000000,57.698101,20.499701,-14.700500,0.047771,-0.013570,0.015998,-15.666301,-52.738201,18.801300,-93.396698,0.129960,17.611099,-0.235662,-0.464661,-0.644789,0.559287,2304.855225,1548.378296,-3350.650879,2311.847168,1467.711670,-3358.609863,2312.578125,1591.582520,-3380.457764,2294.324219,1499.761353,-3308.171631,2300.670654,1634.458130,-3355.363281,2311.912109,1467.433228,-3358.626953,2312.535156,1591.798096,-3380.562256,2294.257568,1499.609253,-3308.033447,2300.717529,1634.660767,-3355.383301,2616.298828,1567.753418,-3159.776855,,,,,,,,,,,,,,,,,,,,,,,,,,,,,,,,,
11591,115.910000,0.000000,0.000000,0.000000,1.000000,0.000000,0.000000,0.000000,57.698101,20.499701,-14.700500,0.047771,-0.013570,0.015998,-15.666301,-52.738201,18.801300,-93.396698,0.129960,17.611099,-0.236566,-0.464221,-0.644928,0.559109,2304.906006,1548.131836,-3350.345703,2311.770996,1467.452026,-3358.282471,2312.648193,1591.312988,-3380.180908,2294.366211,1499.546753,-3307.832275,2300.837891,1634.215576,-3355.086670,2311.854248,1467.124634,-3358.294189,2312.580566,1591.506348,-3380.272705,2294.301270,1499.474243,-3307.740967,2300.897217,1634.395752,-3355.083008,2616.311279,1567.746948,-3159.776855,,,,,,,,,,,,,,,,,,,,,,,,,,,,,,,,,
11592,115.920000,0.000000,0.000000,0.000000,1.000000,0.000000,0.000000,0.000000,57.698101,20.499701,-14.700500,0.047771,-0.013570,0.015998,-15.666301,-52.738201,18.801300,-93.396698,0.129960,17.611099,-0.236668,-0.464162,-0.645304,0.558681,2304.979736,1547.857666,-3349.995605,2311.759521,1467.171265,-3357.938721,2312.780762,1591.033569,-3379.823486,2294.370605,1499.279663,-3307.491455,2301.008057,1633.946411,-3354.728760,2311.838135,1466.873413,-3357.939209,2312.725342,1591.262451,-3379.975342,2294.299072,1499.193359,-3307.384766,2301.060303,1634.088013,-3354.697754,2616.274902,1567.743286,-3159.770264,,,,,,,,,,,,,,,,,,,,,,,,,,,,,,,,,
11593,115.930000,0.000000,0.000000,0.000000,1.000000,0.000000,0.000000,0.000000,57.698101,20.499701,-14.700500,0.047771,-0.013570,0.015998,-15.666301,-52.738201,18.801300,-93.396698,0.129960,17.611099,-0.236858,-0.463984,-0.645306,0.558746,2305.046387,1547.603760,-3349.623291,2311.807373,1466.916504,-3357.573730,2312.840332,1590.779663,-3379.452637,2294.449707,1499.025513,-3307.116211,2301.087646,1633.693481,-3354.350098,2311.889893,1466.628052,-3357.589844,2312.764893,1590.981445,-3379.532715,2294.385010,1498.977539,-3307.030762,2301.150879,1633.807739,-3354.349121,2616.275391,1567.762939,-3159.789307,,,,,,,,,,,,,,,,,,,,,,,,,,,,,,,,,
11594,115.940000,0.000000,0.000000,0.000000,1.000000,0.000000,0.000000,0.000000,57.698101,20.499701,-14.700500,0.047771,-0.013570,0.015998,-15.666301,-52.738201,18.801300,-93.396698,0.129960,17.611099,-0.236777,-0.463972,-0.645491,0.558576,2305.119873,1547.354980,-3349.202148,2311.855225,1466.666992,-3357.166260,2312.939209,1590.533936,-3379.020508,2294.491943,1498.772095,-3306.708252,2301.193359,1633.446899,-3353.913330,2311.963623,1466.398315,-3357.173828,2312.796631,1590.707642,-3379.027344,2294.419434,1498.723633,-3306.657227,2301.308350,1633.577637,-3353.953857,2616.283936,1567.740479,-3159.773438,,,,,,,,,,,,,,,,,,,,,,,,,,,,,,,,,
11595,115.950000,0.000000,0.000000,0.000000,1.000000,0.000000,0.000000,0.000000,57.698101,20.499701,-14.700500,0.047771,-0.013570,0.015998,-15.666301,-52.738201,18.801300,-93.396698,0.129960,17.611099,-0.236817,-0.463611,-0.645712,0.558604,2305.150879,1547.094604,-3348.717529,2311.849365,1466.408813,-3356.735840,2312.977051,1590.289429,-3378.511230,2294.518799,1498.488892,-3306.250732,2301.258789,1633.191284,-3353.372070,2311.937256,1466.111572,-3356.733887,2312.842773,1590.499512,-3378.472168,2294.468994,1498.474854,-3306.230957,2301.358154,1633.276123,-3353.430664,2616.274170,1567.700684,-3159.769287,,,,,,,,,,,,,,,,,,,,,,,,,,,,,,,,,
11596,115.960000,0.000000,0.000000,0.000000,1.000000,0.000000,0.000000,0.000000,57.698101,20.499701,-14.700500,0.047771,-0.013570,0.015998,-15.666301,-52.738201,18.801300,-93.396698,0.129960,17.611099,-0.236794,-0.462906,-0.646034,0.558826,2305.187744,1546.854004,-3348.175537,2311.848389,1466.176636,-3356.307617,2313.006348,1590.085693,-3377.917480,2294.570801,1498.195679,-3305.765381,2301.325195,1632.958252,-3352.711670,2311.963867,1465.926392,-3356.284912,2312.821777,1590.253784,-3377.891113,2294.503662,1498.180664,-3305.769775,2301.465576,1633.047852,-3352.753174,2616.282959,1567.736572,-3159.760986,,,,,,,,,,,,,,,,,,,,,,,,,,,,,,,,,
11597,115.970000,0.000000,0.000000,0.000000,1.000000,0.000000,0.000000,0.000000,57.698101,20.499701,-14.700500,0.047771,-0.013570,0.015998,-15.666301,-52.738201,18.801300,-93.396698,0.129960,17.611099,-0.236531,-0.462359,-0.646264,0.559125,2305.212402,1546.579468,-3347.608398,2311.878906,1465.913940,-3355.852295,2313.013184,1589.852417,-3377.295166,2294.620117,1497.862427,-3305.259521,2301.337891,1632.689331,-3352.025879,2311.984863,1465.744873,-3355.809814,2312.822266,1589.986328,-3377.267822,2294.556152,1497.842773,-3305.289551,2301.484619,1632.747559,-3352.060303,2616.284180,1567.709473,-3159.781006,,,,,,,,,,,,,,,,,,,,,,,,,,,,,,,,,
11598,115.980000,0.000000,0.000000,0.000000,1.000000,0.000000,0.000000,0.000000,57.698101,20.499701,-14.700500,0.047771,-0.013570,0.015998,-15.666301,-52.738201,18.801300,-93.396698,0.129960,17.611099,-0.236045,-0.461940,-0.646430,0.559484,2305.274658,1546.348389,-3347.025635,2311.982910,1465.697998,-3355.383789,2313.049561,1589.667114,-3376.652344,2294.712158,1497.566162,-3304.744141,2301.354492,1632.462402,-3351.321777,2312.056641,1465.561279,-3355.358887,2312.909180,1589.808594,-3376.612793,2294.664307,1497.519775,-3304.748779,2301.465820,1632.511597,-3351.379883,2616.279053,1567.744873,-3159.770508,,,,,,,,,,,,,,,,,,,,,,,,,,,,,,,,,
11599,115.990000,0.000000,0.000000,0.000000,1.000000,0.000000,0.000000,0.000000,57.698101,20.499701,-14.700500,0.047771,-0.013570,0.015998,-15.666301,-52.738201,18.801300,-93.396698,0.129960,17.611099,-0.235014,-0.461742,-0.646847,0.559599,2305.301270,1546.085327,-3346.356445,2312.063232,1465.454224,-3354.855713,2313.088135,1589.463135,-3375.893555,2294.713867,1497.219360,-3304.178223,2301.339111,1632.204956,-3350.498047,2312.106445,1465.310791,-3354.819580,2313.002441,1589.663330,-3375.902344,2294.679443,1497.143555,-3304.162354,2301.410156,1632.236816,-3350.540283,2616.286133,1567.750122,-3159.787842,,,,,,,,,,,,,,,,,,,,,,,,,,,,,,,,,
11600,116.000000,0.000000,0.000000,0.000000,1.000000,0.000000,0.000000,0.000000,57.698101,20.499701,-14.700500,0.047771,-0.013570,0.015998,-15.666301,-52.738201,18.801300,-93.396698,0.129960,17.611099,-0.233954,-0.461543,-0.647272,0.559716,2305.304443,1545.777832,-3345.647461,2312.122314,1465.166748,-3354.291016,2313.103760,1589.215576,-3375.093018,2294.692627,1496.826172,-3303.574951,2301.299316,1631.902954,-3349.631348,2312.173828,1465.051392,-3354.252441,2313.018066,1589.384521,-3375.144287,2294.645264,1496.719360,-3303.544922,2301.375000,1631.963501,-3349.651611,2616.305420,1567.754028,-3159.779297,,,,,,,,,,,,,,,,,,,,,,,,,,,,,,,,,
11601,116.010000,0.000000,0.000000,0.000000,1.000000,0.000000,0.000000,0.000000,57.698101,20.499701,-14.700500,0.047771,-0.013570,0.015998,-15.666301,-52.738201,18.801300,-93.396698,0.129960,17.611099,-0.233231,-0.461249,-0.647882,0.559555,2305.271484,1545.438965,-3344.894287,2312.069092,1464.840088,-3353.665527,2313.116943,1588.923340,-3374.258545,2294.598145,1496.420776,-3302.914795,2301.301514,1631.572144,-3348.737549,2312.065918,1464.726685,-3353.609131,2313.116455,1589.112549,-3374.330078,2294.588623,1496.268799,-3302.883057,2301.314453,1631.652588,-3348.757080,2616.249268,1567.725952,-3159.784180,,,,,,,,,,,,,,,,,,,,,,,,,,,,,,,,,
11602,116.020000,0.000000,0.000000,0.000000,1.000000,0.000000,0.000000,0.000000,57.698101,20.499701,-14.700500,0.047771,-0.013570,0.015998,-15.666301,-52.738201,18.801300,-93.396698,0.129960,17.611099,-0.231902,-0.461166,-0.648763,0.559155,2305.271484,1545.117310,-3344.061279,2312.064941,1464.535889,-3352.995605,2313.201416,1588.664185,-3373.310059,2294.481445,1496.009399,-3302.216797,2301.337646,1631.259888,-3347.722656,2312.080078,1464.428955,-3352.965820,2313.196289,1588.854614,-3373.420410,2294.442139,1495.767944,-3302.109375,2301.362793,1631.411865,-3347.748047,2616.242188,1567.727539,-3159.792969,,,,,,,,,,,,,,,,,,,,,,,,,,,,,,,,,
11603,116.030000,0.000000,0.000000,0.000000,1.000000,0.000000,0.000000,0.000000,57.698101,20.499701,-14.700500,0.047771,-0.013570,0.015998,-15.666301,-52.738201,18.801300,-93.396698,0.129960,17.611099,-0.230551,-0.461293,-0.649392,0.558878,2305.289062,1544.787842,-3343.231201,2312.124023,1464.224243,-3352.293457,2313.279541,1588.389282,-3372.382080,2294.408936,1495.602295,-3301.501465,2301.343262,1630.936035,-3346.747314,2312.150146,1464.089233,-3352.279785,2313.289307,1588.619751,-3372.567627,2294.346191,1495.331543,-3301.333252,2301.363037,1631.106445,-3346.743408,2616.271973,1567.735840,-3159.775635,,,,,,,,,,,,,,,,,,,,,,,,,,,,,,,,,
11604,116.040000,0.000000,0.000000,0.000000,1.000000,0.000000,0.000000,0.000000,57.698101,20.499701,-14.700500,0.047771,-0.013570,0.015998,-15.666301,-52.738201,18.801300,-93.396698,0.129960,17.611099,-0.229112,-0.461418,-0.649885,0.558794,2305.348145,1544.473633,-3342.287598,2312.262695,1463.932007,-3351.484131,2313.374512,1588.135010,-3371.338623,2294.407471,1495.202393,-3300.674561,2301.347656,1630.625366,-3345.652588,2312.304688,1463.825562,-3351.480225,2313.340576,1588.306641,-3371.450195,2294.342529,1494.980957,-3300.541504,2301.396240,1630.774414,-3345.672119,2616.278076,1567.736938,-3159.774902,,,,,,,,,,,,,,,,,,,,,,,,,,,,,,,,,
11605,116.050000,0.000000,0.000000,0.000000,1.000000,0.000000,0.000000,0.000000,57.698101,20.499701,-14.700500,0.047771,-0.013570,0.015998,-15.666301,-52.738201,18.801300,-93.396698,0.129960,17.611099,-0.228951,-0.460572,-0.650667,0.558648,2305.451172,1544.133789,-3341.317139,2312.258789,1463.601074,-3350.671387,2313.527344,1587.840820,-3370.285645,2294.456299,1494.796387,-3299.797119,2301.562256,1630.296997,-3344.514404,2312.338623,1463.496460,-3350.644775,2313.421875,1588.066406,-3370.435303,2294.365479,1494.648682,-3299.703613,2301.659424,1630.340332,-3344.497314,2616.301025,1567.776123,-3159.781738,,,,,,,,,,,,,,,,,,,,,,,,,,,,,,,,,
11606,116.060000,0.000000,0.000000,0.000000,1.000000,0.000000,0.000000,0.000000,57.698101,20.499701,-14.700500,0.047771,-0.013570,0.015998,-15.666301,-52.738201,18.801300,-93.396698,0.129960,17.611099,-0.228489,-0.460125,-0.651275,0.558497,2305.472900,1543.872925,-3340.338135,2312.232422,1463.350830,-3349.816650,2313.592773,1587.620605,-3369.233154,2294.424072,1494.477051,-3298.902344,2301.641846,1630.043579,-3343.400879,2312.307373,1463.194214,-3349.773193,2313.482178,1587.858398,-3369.340576,2294.353516,1494.368408,-3298.854248,2301.736816,1630.088989,-3343.394531,2616.268555,1567.751587,-3159.789062,,,,,,,,,,,,,,,,,,,,,,,,,,,,,,,,,
11607,116.070000,0.000000,0.000000,0.000000,1.000000,0.000000,0.000000,0.000000,57.698101,20.499701,-14.700500,0.047771,-0.013570,0.015998,-15.666301,-52.738201,18.801300,-93.396698,0.129960,17.611099,-0.228040,-0.459460,-0.651842,0.558566,2305.513428,1543.603149,-3339.276123,2312.238525,1463.096558,-3348.908936,2313.653564,1587.402832,-3368.086670,2294.441650,1494.132446,-3297.935547,2301.720215,1629.781250,-3342.173096,2312.346680,1462.851562,-3348.871582,2313.503418,1587.615723,-3368.171387,2294.367188,1494.120483,-3297.924316,2301.834473,1629.822876,-3342.143311,2616.280029,1567.743774,-3159.779541,,,,,,,,,,,,,,,,,,,,,,,,,,,,,,,,,
11608,116.080000,0.000000,0.000000,0.000000,1.000000,0.000000,0.000000,0.000000,57.698101,20.499701,-14.700500,0.047771,-0.013570,0.015998,-15.666301,-52.738201,18.801300,-93.396698,0.129960,17.611099,-0.228089,-0.458663,-0.652269,0.558703,2305.544189,1543.392456,-3338.231445,2312.203613,1462.894897,-3347.986328,2313.689453,1587.227661,-3366.986328,2294.474121,1493.869995,-3296.952393,2301.809326,1629.577271,-3341.001221,2312.322754,1462.623535,-3347.922119,2313.495850,1587.374390,-3366.990479,2294.409424,1493.854614,-3296.999512,2301.957031,1629.704224,-3341.004639,2616.285156,1567.742798,-3159.776367,,,,,,,,,,,,,,,,,,,,,,,,,,,,,,,,,
11609,116.090000,0.000000,0.000000,0.000000,1.000000,0.000000,0.000000,0.000000,57.698101,20.499701,-14.700500,0.047771,-0.013570,0.015998,-15.666301,-52.738201,18.801300,-93.396698,0.129960,17.611099,-0.226545,-0.458692,-0.652760,0.558733,2305.595703,1543.226196,-3337.114502,2312.351318,1462.756104,-3347.027344,2313.765137,1587.130737,-3365.756592,2294.478760,1493.604980,-3295.967041,2301.787354,1629.413330,-3339.707275,2312.486572,1462.503540,-3346.975830,2313.547119,1587.276733,-3365.756836,2294.403076,1493.680908,-3296.033691,2301.944580,1629.428589,-3339.684814,2616.275391,1567.707031,-3159.767822,,,,,,,,,,,,,,,,,,,,,,,,,,,,,,,,,
11610,116.100000,0.000000,0.000000,0.000000,1.000000,0.000000,0.000000,0.000000,57.698101,20.499701,-14.700500,0.047771,-0.013570,0.015998,-15.666301,-52.738201,18.801300,-93.396698,0.129960,17.611099,-0.225585,-0.458694,-0.653259,0.558538,2305.665283,1543.057495,-3336.053467,2312.443115,1462.602173,-3346.070557,2313.879150,1587.003540,-3364.618652,2294.483398,1493.376343,-3294.995850,2301.855225,1629.247925,-3338.528320,2312.599854,1462.351074,-3346.032471,2313.647949,1587.147705,-3364.656982,2294.388428,1493.477905,-3295.046875,2302.025391,1629.239258,-3338.475830,2616.290039,1567.719727,-3159.773682,,,,,,,,,,,,,,,,,,,,,,,,,,,,,,,,,
11611,116.110000,0.000000,0.000000,0.000000,1.000000,0.000000,0.000000,0.000000,57.698101,20.499701,-14.700500,0.047771,-0.013570,0.015998,-15.666301,-52.738201,18.801300,-93.396698,0.129960,17.611099,-0.224474,-0.458581,-0.654025,0.558182,2305.753906,1542.935425,-3334.920410,2312.523438,1462.497070,-3345.079346,2314.040527,1586.933716,-3363.384277,2294.472656,1493.178955,-3293.981201,2301.979248,1629.131836,-3337.236572,2312.657959,1462.274780,-3345.072998,2313.848877,1587.113525,-3363.419922,2294.383301,1493.340332,-3294.009521,2302.124023,1629.008911,-3337.180908,2616.293945,1567.786377,-3159.783447,,,,,,,,,,,,,,,,,,,,,,,,,,,,,,,,,
11612,116.120000,0.000000,0.000000,0.000000,1.000000,0.000000,0.000000,0.000000,57.698101,20.499701,-14.700500,0.047771,-0.013570,0.015998,-15.666301,-52.738201,18.801300,-93.396698,0.129960,17.611099,-0.223064,-0.458888,-0.654740,0.557656,2305.828613,1542.838867,-3333.864990,2312.624268,1462.416382,-3344.131592,2314.202393,1586.881958,-3362.233643,2294.422363,1493.018066,-3293.039062,2302.065430,1629.039062,-3336.054932,2312.765625,1462.221802,-3344.147461,2314.008789,1587.105347,-3362.296387,2294.315918,1493.187012,-3293.026855,2302.221191,1628.843018,-3335.990967,2616.280518,1567.760986,-3159.787354,,,,,,,,,,,,,,,,,,,,,,,,,,,,,,,,,
11613,116.130000,0.000000,0.000000,0.000000,1.000000,0.000000,0.000000,0.000000,57.698101,20.499701,-14.700500,0.047771,-0.013570,0.015998,-15.666301,-52.738201,18.801300,-93.396698,0.129960,17.611099,-0.221939,-0.459070,-0.655494,0.557068,2305.967285,1542.785156,-3332.765137,2312.749268,1462.374390,-3343.130859,2314.435303,1586.865112,-3361.048584,2294.432129,1492.911133,-3292.040283,2302.252197,1628.990356,-3334.840332,2312.882080,1462.192017,-3343.158447,2314.265381,1587.120972,-3361.143311,2294.322754,1493.036377,-3291.987061,2302.392822,1628.802368,-3334.778809,2616.275879,1567.734863,-3159.782471,,,,,,,,,,,,,,,,,,,,,,,,,,,,,,,,,
11614,116.140000,0.000000,0.000000,0.000000,1.000000,0.000000,0.000000,0.000000,57.698101,20.499701,-14.700500,0.047771,-0.013570,0.015998,-15.666301,-52.738201,18.801300,-93.396698,0.129960,17.611099,-0.221013,-0.458771,-0.656236,0.556809,2306.078125,1542.765259,-3331.708984,2312.839355,1462.372192,-3342.224854,2314.606934,1586.897583,-3359.892334,2294.461670,1492.815552,-3291.100342,2302.404785,1628.976074,-3333.617920,2312.982178,1462.272095,-3342.264404,2314.418701,1587.151855,-3360.007812,2294.330566,1492.897705,-3291.008545,2302.572998,1628.751465,-3333.563477,2616.275391,1567.789551,-3159.781738,,,,,,,,,,,,,,,,,,,,,,,,,,,,,,,,,
11615,116.150000,0.000000,0.000000,0.000000,1.000000,0.000000,0.000000,0.000000,57.698101,20.499701,-14.700500,0.047771,-0.013570,0.015998,-15.666301,-52.738201,18.801300,-93.396698,0.129960,17.611099,-0.219639,-0.459052,-0.657083,0.556123,2306.271973,1542.834961,-3330.666016,2313.029053,1462.456055,-3341.292480,2314.908691,1587.009399,-3358.750488,2294.506348,1492.824219,-3290.175781,2302.644043,1629.050537,-3332.445312,2313.155518,1462.369263,-3341.332275,2314.747314,1587.291870,-3358.880127,2294.379639,1492.863525,-3290.061523,2302.792725,1628.838623,-3332.403320,2616.271240,1567.772461,-3159.794434,,,,,,,,,,,,,,,,,,,,,,,,,,,,,,,,,
11616,116.160000,0.000000,0.000000,0.000000,1.000000,0.000000,0.000000,0.000000,57.698101,20.499701,-14.700500,0.047771,-0.013570,0.015998,-15.666301,-52.738201,18.801300,-93.396698,0.129960,17.611099,-0.219077,-0.458553,-0.657620,0.556121,2306.399170,1542.880127,-3329.683350,2313.136230,1462.518188,-3340.449219,2315.061035,1587.101562,-3357.685791,2294.601074,1492.801270,-3289.286621,2302.797852,1629.099854,-3331.311279,2313.275146,1462.468262,-3340.482178,2314.877930,1587.384155,-3357.845703,2294.455566,1492.782227,-3289.151367,2302.967529,1628.914917,-3331.270752,2616.270752,1567.725464,-3159.779785,,,,,,,,,,,,,,,,,,,,,,,,,,,,,,,,,
11617,116.170000,0.000000,0.000000,0.000000,1.000000,0.000000,0.000000,0.000000,57.698101,20.499701,-14.700500,0.047771,-0.013570,0.015998,-15.666301,-52.738201,18.801300,-93.396698,0.129960,17.611099,-0.218355,-0.458411,-0.658304,0.555711,2306.597900,1542.986694,-3328.719482,2313.294922,1462.635620,-3339.591064,2315.332031,1587.242310,-3356.645508,2294.705566,1492.858154,-3288.412109,2303.059326,1629.211182,-3330.228760,2313.424316,1462.581177,-3339.610840,2315.151367,1587.579712,-3356.817871,2294.565674,1492.836060,-3288.284180,2303.228516,1628.989990,-3330.187744,2616.299072,1567.748901,-3159.781738,,,,,,,,,,,,,,,,,,,,,,,,,,,,,,,,,
11618,116.180000,0.000000,0.000000,0.000000,1.000000,0.000000,0.000000,0.000000,57.698101,20.499701,-14.700500,0.047771,-0.013570,0.015998,-15.666301,-52.738201,18.801300,-93.396698,0.129960,17.611099,-0.217988,-0.458000,-0.658977,0.555397,2306.782227,1543.122559,-3327.865723,2313.405029,1462.780396,-3338.848145,2315.577393,1587.409180,-3355.723145,2294.814941,1492.948364,-3287.637207,2303.331055,1629.352417,-3329.253662,2313.547852,1462.707397,-3338.871338,2315.375244,1587.736328,-3355.880371,2294.669922,1492.937988,-3287.516113,2303.513672,1629.146973,-3329.216309,2616.266846,1567.720215,-3159.785156,,,,,,,,,,,,,,,,,,,,,,,,,,,,,,,,,
11619,116.190000,0.000000,0.000000,0.000000,1.000000,0.000000,0.000000,0.000000,57.698101,20.499701,-14.700500,0.047771,-0.013570,0.015998,-15.666301,-52.738201,18.801300,-93.396698,0.129960,17.611099,-0.217547,-0.457711,-0.659619,0.555047,2306.985352,1543.277588,-3327.079590,2313.545654,1462.943970,-3338.161133,2315.844238,1587.592651,-3354.871826,2294.938477,1493.061768,-3286.927002,2303.612793,1629.512451,-3328.358154,2313.687500,1462.891968,-3338.204346,2315.657471,1587.900757,-3355.024902,2294.789062,1493.067139,-3286.784668,2303.789062,1629.277466,-3328.319824,2616.314209,1567.727295,-3159.767334,,,,,,,,,,,,,,,,,,,,,,,,,,,,,,,,,
11620,116.200000,0.000000,0.000000,0.000000,1.000000,0.000000,0.000000,0.000000,57.698101,20.499701,-14.700500,0.047771,-0.013570,0.015998,-15.666301,-52.738201,18.801300,-93.396698,0.129960,17.611099,-0.217557,-0.456620,-0.660439,0.554966,2307.189697,1543.452026,-3326.298340,2313.620605,1463.132446,-3337.557373,2316.093262,1587.813232,-3354.002197,2295.099365,1493.168213,-3286.244141,2303.945557,1629.694336,-3327.388916,2313.762207,1463.066406,-3337.595703,2315.905029,1588.090454,-3354.137451,2294.958740,1493.194946,-3286.125732,2304.118652,1629.477295,-3327.346680,2616.310791,1567.749268,-3159.764404,,,,,,,,,,,,,,,,,,,,,,,,,,,,,,,,,
11621,116.210000,0.000000,0.000000,0.000000,1.000000,0.000000,0.000000,0.000000,57.698101,20.499701,-14.700500,0.047771,-0.013570,0.015998,-15.666301,-52.738201,18.801300,-93.396698,0.129960,17.611099,-0.217230,-0.456220,-0.661266,0.554439,2307.395020,1543.637329,-3325.600830,2313.715576,1463.324341,-3336.968506,2316.387695,1588.024414,-3353.234863,2295.196533,1493.314941,-3285.627930,2304.280273,1629.885742,-3326.572510,2313.837402,1463.256958,-3336.988770,2316.228271,1588.320068,-3353.392334,2295.069336,1493.319702,-3285.518066,2304.429688,1629.682007,-3326.522461,2616.269531,1567.731812,-3159.779785,,,,,,,,,,,,,,,,,,,,,,,,,,,,,,,,,
11622,116.220000,0.000000,0.000000,0.000000,1.000000,0.000000,0.000000,0.000000,57.698101,20.499701,-14.700500,0.047771,-0.013570,0.015998,-15.666301,-52.738201,18.801300,-93.396698,0.129960,17.611099,-0.217068,-0.455809,-0.662109,0.553833,2307.601074,1543.839966,-3324.915039,2313.787354,1463.529907,-3336.376953,2316.690674,1588.244873,-3352.488037,2295.286621,1493.490112,-3285.012207,2304.639160,1630.094849,-3325.782471,2313.933105,1463.455688,-3336.368896,2316.475098,1588.540649,-3352.656006,2295.144531,1493.451294,-3284.924316,2304.827393,1629.951050,-3325.734619,2616.301270,1567.757690,-3159.779053,,,,,,,,,,,,,,,,,,,,,,,,,,,,,,,,,
11623,116.230000,0.000000,0.000000,0.000000,1.000000,0.000000,0.000000,0.000000,57.698101,20.499701,-14.700500,0.047771,-0.013570,0.015998,-15.666301,-52.738201,18.801300,-93.396698,0.129960,17.611099,-0.216640,-0.455508,-0.663144,0.553009,2307.763184,1544.011719,-3324.274658,2313.807129,1463.706421,-3335.844971,2316.980225,1588.438721,-3351.770020,2295.291992,1493.628418,-3284.463135,2304.973145,1630.273560,-3325.020508,2313.946289,1463.582764,-3335.838379,2316.769287,1588.726440,-3351.886719,2295.169922,1493.637207,-3284.406250,2305.149414,1630.134033,-3324.984131,2616.279541,1567.715942,-3159.773682,,,,,,,,,,,,,,,,,,,,,,,,,,,,,,,,,
11624,116.240000,0.000000,0.000000,0.000000,1.000000,0.000000,0.000000,0.000000,57.698101,20.499701,-14.700500,0.047771,-0.013570,0.015998,-15.666301,-52.738201,18.801300,-93.396698,0.129960,17.611099,-0.216455,-0.455124,-0.663972,0.552405,2307.905762,1544.222168,-3323.674561,2313.820557,1463.920654,-3335.337646,2317.218994,1588.666382,-3351.109619,2295.319092,1493.812256,-3283.933105,2305.264160,1630.489502,-3324.318359,2313.955078,1463.824829,-3335.338867,2317.017578,1588.953369,-3351.231445,2295.195801,1493.836304,-3283.868164,2305.438721,1630.302368,-3324.276611,2616.290527,1567.761475,-3159.775879,,,,,,,,,,,,,,,,,,,,,,,,,,,,,,,,,
11625,116.250000,0.000000,0.000000,0.000000,1.000000,0.000000,0.000000,0.000000,57.698101,20.499701,-14.700500,0.047771,-0.013570,0.015998,-15.666301,-52.738201,18.801300,-93.396698,0.129960,17.611099,-0.216392,-0.454592,-0.664750,0.551931,2308.029053,1544.427734,-3323.097656,2313.813477,1464.131470,-3334.861816,2317.423340,1588.891602,-3350.473145,2295.347900,1493.988037,-3283.423828,2305.530762,1630.700073,-3323.631836,2313.947754,1464.013550,-3334.879395,2317.239502,1589.158325,-3350.588867,2295.228027,1494.062378,-3283.357910,2305.690430,1630.494385,-3323.575195,2616.282715,1567.737793,-3159.784424,,,,,,,,,,,,,,,,,,,,,,,,,,,,,,,,,
11626,116.260000,0.000000,0.000000,0.000000,1.000000,0.000000,0.000000,0.000000,57.698101,20.499701,-14.700500,0.047771,-0.013570,0.015998,-15.666301,-52.738201,18.801300,-93.396698,0.129960,17.611099,-0.215036,-0.454925,-0.666046,0.550624,2308.184814,1544.640991,-3322.511719,2313.871826,1464.354126,-3334.386963,2317.765869,1589.133423,-3349.775879,2295.258301,1494.158325,-3282.972412,2305.843018,1630.918457,-3322.911377,2313.990967,1464.275879,-3334.450195,2317.648438,1589.213379,-3349.858643,2295.153564,1494.270996,-3282.892334,2305.945068,1630.805420,-3322.844238,2616.284668,1567.752563,-3159.786621,,,,,,,,,,,,,,,,,,,,,,,,,,,,,,,,,
11627,116.270000,0.000000,0.000000,0.000000,1.000000,0.000000,0.000000,0.000000,57.698101,20.499701,-14.700500,0.047771,-0.013570,0.015998,-15.666301,-52.738201,18.801300,-93.396698,0.129960,17.611099,-0.213922,-0.455074,-0.666981,0.549801,2308.215332,1544.878418,-3321.933838,2313.851562,1464.603760,-3333.915771,2317.919434,1589.402222,-3349.103027,2295.125244,1494.348999,-3282.507568,2305.965088,1631.158691,-3322.208252,2313.958740,1464.542725,-3333.986328,2317.798340,1589.484009,-3349.117920,2295.035889,1494.458618,-3282.436523,2306.069580,1631.027100,-3322.192139,2616.248535,1567.724365,-3159.794434,,,,,,,,,,,,,,,,,,,,,,,,,,,,,,,,,
11628,116.280000,0.000000,0.000000,0.000000,1.000000,0.000000,0.000000,0.000000,57.698101,20.499701,-14.700500,0.047771,-0.013570,0.015998,-15.666301,-52.738201,18.801300,-93.396698,0.129960,17.611099,-0.212733,-0.455042,-0.668017,0.549031,2308.215820,1545.117920,-3321.332520,2313.796631,1464.860962,-3333.457031,2318.041748,1589.684204,-3348.387939,2294.964355,1494.525757,-3282.041260,2306.060791,1631.401123,-3321.443604,2313.897949,1464.764404,-3333.501709,2317.927246,1589.767822,-3348.429199,2294.883545,1494.648315,-3282.001221,2306.154785,1631.291382,-3321.397461,2616.273682,1567.736328,-3159.786865,,,,,,,,,,,,,,,,,,,,,,,,,,,,,,,,,
11629,116.290000,0.000000,0.000000,0.000000,1.000000,0.000000,0.000000,0.000000,57.698101,20.499701,-14.700500,0.047771,-0.013570,0.015998,-15.666301,-52.738201,18.801300,-93.396698,0.129960,17.611099,-0.211530,-0.454521,-0.669500,0.548120,2308.216797,1545.357300,-3320.672607,2313.669678,1465.125977,-3333.022461,2318.198242,1589.984497,-3347.570312,2294.767334,1494.674683,-3281.565430,2306.231934,1631.644653,-3320.531494,2313.769531,1465.039551,-3333.034912,2318.063232,1590.062012,-3347.607422,2294.694336,1494.825562,-3281.574219,2306.339844,1631.502319,-3320.471680,2616.273193,1567.743164,-3159.783447,,,,,,,,,,,,,,,,,,,,,,,,,,,,,,,,,
11630,116.300000,0.000000,0.000000,0.000000,1.000000,0.000000,0.000000,0.000000,57.698101,20.499701,-14.700500,0.047771,-0.013570,0.015998,-15.666301,-52.738201,18.801300,-93.396698,0.129960,17.611099,-0.209697,-0.454314,-0.671070,0.547076,2308.179688,1545.576050,-3320.000488,2313.556885,1465.377075,-3332.592041,2318.332764,1590.275513,-3346.713623,2294.502197,1494.786743,-3281.111572,2306.326660,1631.865356,-3319.584717,2313.618408,1465.342407,-3332.590088,2318.250244,1590.322510,-3346.752197,2294.459717,1494.963501,-3281.144287,2306.391602,1631.671021,-3319.509766,2616.306885,1567.801758,-3159.789795,,,,,,,,,,,,,,,,,,,,,,,,,,,,,,,,,
11631,116.310000,0.000000,0.000000,0.000000,1.000000,0.000000,0.000000,0.000000,57.698101,20.499701,-14.700500,0.047771,-0.013570,0.015998,-15.666301,-52.738201,18.801300,-93.396698,0.129960,17.611099,-0.207771,-0.453965,-0.672745,0.546041,2308.128906,1545.823364,-3319.285156,2313.425293,1465.662231,-3332.149658,2318.456543,1590.603638,-3345.794922,2294.219971,1494.914307,-3280.635498,2306.413086,1632.113403,-3318.560059,2313.484131,1465.665161,-3332.152100,2318.376465,1590.623779,-3345.822266,2294.179932,1495.070679,-3280.662109,2306.477295,1631.926147,-3318.499512,2616.318604,1567.736938,-3159.777832,,,,,,,,,,,,,,,,,,,,,,,,,,,,,,,,,
11632,116.320000,0.000000,0.000000,0.000000,1.000000,0.000000,0.000000,0.000000,57.698101,20.499701,-14.700500,0.047771,-0.013570,0.015998,-15.666301,-52.738201,18.801300,-93.396698,0.129960,17.611099,-0.205827,-0.453084,-0.674756,0.545026,2308.069824,1546.038086,-3318.468994,2313.237549,1465.927124,-3331.693359,2318.584717,1590.920044,-3344.731934,2293.919678,1494.977783,-3280.107422,2306.537842,1632.327148,-3317.343018,2313.293701,1465.958130,-3331.705811,2318.495850,1590.910156,-3344.713623,2293.886230,1495.104736,-3280.131104,2306.605713,1632.173340,-3317.325928,2616.291260,1567.708740,-3159.764160,,,,,,,,,,,,,,,,,,,,,,,,,,,,,,,,,
11633,116.330000,0.000000,0.000000,0.000000,1.000000,0.000000,0.000000,0.000000,57.698101,20.499701,-14.700500,0.047771,-0.013570,0.015998,-15.666301,-52.738201,18.801300,-93.396698,0.129960,17.611099,-0.203233,-0.453328,-0.676706,0.543378,2307.954834,1546.208496,-3317.675537,2313.051270,1466.135742,-3331.156250,2318.713379,1591.164185,-3343.713135,2293.475586,1495.038330,-3279.584229,2306.578613,1632.495850,-3316.248535,2313.105225,1466.210083,-3331.154541,2318.636963,1591.166260,-3343.726318,2293.437988,1495.108887,-3279.592773,2306.645752,1632.338745,-3316.227051,2616.307129,1567.703491,-3159.759521,,,,,,,,,,,,,,,,,,,,,,,,,,,,,,,,,
11634,116.340000,0.000000,0.000000,0.000000,1.000000,0.000000,0.000000,0.000000,57.698101,20.499701,-14.700500,0.047771,-0.013570,0.015998,-15.666301,-52.738201,18.801300,-93.396698,0.129960,17.611099,-0.199974,-0.453957,-0.678831,0.541407,2307.837646,1546.319580,-3316.814941,2312.898193,1466.289917,-3330.561523,2318.876465,1591.354980,-3342.596191,2292.974121,1495.030640,-3279.032715,2306.602051,1632.603271,-3315.068604,2312.962646,1466.356201,-3330.551025,2318.794434,1591.381226,-3342.649658,2292.922607,1495.087646,-3279.032471,2306.677979,1632.441650,-3315.023926,2616.286377,1567.731934,-3159.769531,,,,,,,,,,,,,,,,,,,,,,,,,,,,,,,,,
11635,116.350000,0.000000,0.000000,0.000000,1.000000,0.000000,0.000000,0.000000,57.698101,20.499701,-14.700500,0.047771,-0.013570,0.015998,-15.666301,-52.738201,18.801300,-93.396698,0.129960,17.611099,-0.196885,-0.454756,-0.680667,0.539561,2307.716797,1546.433228,-3315.949219,2312.771240,1466.440674,-3329.913330,2319.009033,1591.535034,-3341.503418,2292.501953,1495.044800,-3278.442871,2306.584961,1632.712524,-3313.937012,2312.809814,1466.473022,-3329.926514,2318.962402,1591.611206,-3341.517578,2292.460205,1495.040649,-3278.402832,2306.636230,1632.604736,-3313.950195,2616.281250,1567.737793,-3159.784912,,,,,,,,,,,,,,,,,,,,,,,,,,,,,,,,,
11636,116.360000,0.000000,0.000000,0.000000,1.000000,0.000000,0.000000,0.000000,57.698101,20.499701,-14.700500,0.047771,-0.013570,0.015998,-15.666301,-52.738201,18.801300,-93.396698,0.129960,17.611099,-0.194267,-0.455216,-0.682478,0.537832,2307.530762,1546.482300,-3315.047607,2312.534668,1466.525513,-3329.232910,2319.063232,1591.644775,-3340.386475,2291.988525,1495.002563,-3277.801758,2306.535889,1632.756714,-3312.769043,2312.593262,1466.566406,-3329.223633,2318.996094,1591.722046,-3340.458740,2291.925049,1494.970581,-3277.763672,2306.607666,1632.670776,-3312.745117,2616.267578,1567.757446,-3159.786133,,,,,,,,,,,,,,,,,,,,,,,,,,,,,,,,,
11637,116.370000,0.000000,0.000000,0.000000,1.000000,0.000000,0.000000,0.000000,57.698101,20.499701,-14.700500,0.047771,-0.013570,0.015998,-15.666301,-52.738201,18.801300,-93.396698,0.129960,17.611099,-0.191786,-0.455337,-0.684057,0.536612,2307.363037,1546.538696,-3314.161133,2312.357666,1466.626343,-3328.597412,2319.075684,1591.776367,-3339.282227,2291.572021,1494.946777,-3277.176025,2306.446777,1632.805664,-3311.588379,2312.390625,1466.650146,-3328.597656,2319.030273,1591.860474,-3339.299805,2291.533691,1494.924194,-3277.145996,2306.497070,1632.719849,-3311.601562,2616.310303,1567.741699,-3159.774170,,,,,,,,,,,,,,,,,,,,,,,,,,,,,,,,,
11638,116.380000,0.000000,0.000000,0.000000,1.000000,0.000000,0.000000,0.000000,57.698101,20.499701,-14.700500,0.047771,-0.013570,0.015998,-15.666301,-52.738201,18.801300,-93.396698,0.129960,17.611099,-0.189169,-0.455669,-0.685216,0.535779,2307.192383,1546.554810,-3313.270508,2312.271729,1466.687988,-3327.927734,2319.027588,1591.871216,-3338.191406,2291.218506,1494.846802,-3276.526611,2306.251221,1632.813354,-3310.436035,2312.244629,1466.730103,-3327.877197,2319.046143,1592.008423,-3338.209229,2291.225586,1494.789062,-3276.537109,2306.253418,1632.695312,-3310.460449,2616.295654,1567.741333,-3159.753662,,,,,,,,,,,,,,,,,,,,,,,,,,,,,,,,,
11639,116.390000,0.000000,0.000000,0.000000,1.000000,0.000000,0.000000,0.000000,57.698101,20.499701,-14.700500,0.047771,-0.013570,0.015998,-15.666301,-52.738201,18.801300,-93.396698,0.129960,17.611099,-0.186064,-0.456052,-0.686256,0.535209,2306.998779,1546.501465,-3312.315674,2312.246826,1466.692627,-3327.226318,2318.923584,1591.918457,-3337.010010,2290.876465,1494.646851,-3275.844238,2305.947998,1632.748413,-3309.181885,2312.233643,1466.760376,-3327.150879,2318.908936,1592.009155,-3337.036865,2290.885010,1494.646606,-3275.897949,2305.968994,1632.580322,-3309.174805,2616.277100,1567.717285,-3159.772949,,,,,,,,,,,,,,,,,,,,,,,,,,,,,,,,,
11640,116.400000,0.000000,0.000000,0.000000,1.000000,0.000000,0.000000,0.000000,57.698101,20.499701,-14.700500,0.047771,-0.013570,0.015998,-15.666301,-52.738201,18.801300,-93.396698,0.129960,17.611099,-0.182985,-0.456408,-0.687298,0.534630,2306.736084,1546.426147,-3311.367432,2312.149170,1466.676025,-3326.531494,2318.749756,1591.942505,-3335.834473,2290.466797,1494.426147,-3275.169678,2305.578125,1632.660278,-3307.934326,2312.113770,1466.742065,-3326.441162,2318.740723,1591.987061,-3335.821533,2290.513184,1494.494629,-3275.282471,2305.577881,1632.467896,-3307.927979,2616.261475,1567.764526,-3159.791748,,,,,,,,,,,,,,,,,,,,,,,,,,,,,,,,,
11641,116.410000,0.000000,0.000000,0.000000,1.000000,0.000000,0.000000,0.000000,57.698101,20.499701,-14.700500,0.047771,-0.013570,0.015998,-15.666301,-52.738201,18.801300,-93.396698,0.129960,17.611099,-0.180127,-0.456627,-0.688387,0.534013,2306.392090,1546.257690,-3310.360107,2311.937744,1466.565186,-3325.776855,2318.499756,1591.868042,-3334.604980,2289.973145,1494.119629,-3274.429443,2305.157959,1632.478394,-3306.629395,2311.955566,1466.715576,-3325.716797,2318.425537,1591.855225,-3334.573730,2289.976074,1494.171753,-3274.501709,2305.220215,1632.279297,-3306.646729,2616.272949,1567.746338,-3159.797119,,,,,,,,,,,,,,,,,,,,,,,,,,,,,,,,,
11642,116.420000,0.000000,0.000000,0.000000,1.000000,0.000000,0.000000,0.000000,57.698101,20.499701,-14.700500,0.047771,-0.013570,0.015998,-15.666301,-52.738201,18.801300,-93.396698,0.129960,17.611099,-0.177234,-0.456976,-0.689793,0.532866,2306.126709,1546.116943,-3309.328613,2311.739258,1466.476685,-3324.989258,2318.391113,1591.807495,-3333.342529,2289.479980,1493.859375,-3273.677246,2304.895996,1632.324463,-3305.304932,2311.824951,1466.614746,-3324.934082,2318.234375,1591.776245,-3333.358154,2289.430664,1493.919800,-3273.737061,2305.027100,1632.148071,-3305.280518,2616.270996,1567.721069,-3159.779785,,,,,,,,,,,,,,,,,,,,,,,,,,,,,,,,,
11643,116.430000,0.000000,0.000000,0.000000,1.000000,0.000000,0.000000,0.000000,57.698101,20.499701,-14.700500,0.047771,-0.013570,0.015998,-15.666301,-52.738201,18.801300,-93.396698,0.129960,17.611099,-0.173920,-0.457793,-0.691359,0.531226,2305.866943,1545.924438,-3308.322510,2311.548828,1466.331909,-3324.200195,2318.338623,1591.685059,-3332.094971,2288.922119,1493.561646,-3272.967285,2304.658203,1632.119141,-3304.027344,2311.667236,1466.465210,-3324.201904,2318.157715,1591.684082,-3332.086670,2288.832764,1493.556519,-3272.947998,2304.820557,1631.990479,-3304.054199,2616.303467,1567.736450,-3159.768555,,,,,,,,,,,,,,,,,,,,,,,,,,,,,,,,,
11644,116.440000,0.000000,0.000000,0.000000,1.000000,0.000000,0.000000,0.000000,57.698101,20.499701,-14.700500,0.047771,-0.013570,0.015998,-15.666301,-52.738201,18.801300,-93.396698,0.129960,17.611099,-0.171492,-0.457551,-0.692795,0.530353,2305.635010,1545.806152,-3307.264160,2311.340088,1466.273315,-3323.429199,2318.238037,1591.652222,-3330.801514,2288.503906,1493.315186,-3272.189941,2304.458008,1631.984131,-3302.635986,2311.462891,1466.366211,-3323.436768,2318.078613,1591.675903,-3330.847412,2288.391846,1493.260620,-3272.137451,2304.608154,1631.922974,-3302.635986,2616.306885,1567.746582,-3159.774902,,,,,,,,,,,,,,,,,,,,,,,,,,,,,,,,,
11645,116.450000,0.000000,0.000000,0.000000,1.000000,0.000000,0.000000,0.000000,57.698101,20.499701,-14.700500,0.047771,-0.013570,0.015998,-15.666301,-52.738201,18.801300,-93.396698,0.129960,17.611099,-0.169274,-0.457661,-0.693771,0.529693,2305.372559,1545.536621,-3306.233154,2311.154053,1466.051025,-3322.602295,2318.066895,1591.451416,-3329.586670,2288.103271,1492.943481,-3271.380371,2304.165527,1631.700928,-3301.363037,2311.199463,1466.108643,-3322.556885,2317.963867,1591.492065,-3329.585205,2288.071533,1492.939453,-3271.416260,2304.256836,1631.603638,-3301.373779,2616.272949,1567.740479,-3159.785156,,,,,,,,,,,,,,,,,,,,,,,,,,,,,,,,,
11646,116.460000,0.000000,0.000000,0.000000,1.000000,0.000000,0.000000,0.000000,57.698101,20.499701,-14.700500,0.047771,-0.013570,0.015998,-15.666301,-52.738201,18.801300,-93.396698,0.129960,17.611099,-0.166996,-0.457601,-0.694749,0.529185,2305.159424,1545.243164,-3305.195312,2311.030762,1465.812500,-3321.797607,2317.929199,1591.236938,-3328.351562,2287.771973,1492.532593,-3270.579590,2303.905029,1631.390869,-3300.052490,2311.037598,1465.816162,-3321.749756,2317.906006,1591.306641,-3328.394287,2287.771729,1492.607788,-3270.627686,2303.922363,1631.231812,-3300.008301,2616.269775,1567.767334,-3159.784424,,,,,,,,,,,,,,,,,,,,,,,,,,,,,,,,,
11647,116.470000,0.000000,0.000000,0.000000,1.000000,0.000000,0.000000,0.000000,57.698101,20.499701,-14.700500,0.047771,-0.013570,0.015998,-15.666301,-52.738201,18.801300,-93.396698,0.129960,17.611099,-0.165227,-0.457498,-0.695966,0.528231,2304.888184,1544.855835,-3304.117676,2310.738770,1465.466187,-3320.921875,2317.789307,1590.901245,-3327.097900,2287.321289,1492.066284,-3269.713623,2303.703613,1630.989990,-3298.737061,2310.692383,1465.398560,-3320.887695,2317.849365,1591.014771,-3327.121582,2287.368896,1492.196045,-3269.764648,2303.641113,1630.808838,-3298.696533,2616.241699,1567.729492,-3159.793457,,,,,,,,,,,,,,,,,,,,,,,,,,,,,,,,,
11648,116.480000,0.000000,0.000000,0.000000,1.000000,0.000000,0.000000,0.000000,57.698101,20.499701,-14.700500,0.047771,-0.013570,0.015998,-15.666301,-52.738201,18.801300,-93.396698,0.129960,17.611099,-0.163051,-0.458119,-0.696994,0.527011,2304.573730,1544.471924,-3303.046631,2310.464111,1465.112061,-3319.977295,2317.619873,1590.554932,-3325.869385,2286.799316,1491.625122,-3268.837646,2303.411621,1630.596069,-3297.502197,2310.457031,1464.995605,-3319.909668,2317.595703,1590.685791,-3325.901611,2286.819336,1491.725708,-3268.922363,2303.422363,1630.482056,-3297.454102,2616.261719,1567.728271,-3159.785156,,,,,,,,,,,,,,,,,,,,,,,,,,,,,,,,,
11649,116.490000,0.000000,0.000000,0.000000,1.000000,0.000000,0.000000,0.000000,57.698101,20.499701,-14.700500,0.047771,-0.013570,0.015998,-15.666301,-52.738201,18.801300,-93.396698,0.129960,17.611099,-0.161336,-0.458103,-0.698330,0.525783,2304.338135,1544.096680,-3301.917236,2310.172607,1464.772827,-3319.035645,2317.545166,1590.219604,-3324.565918,2286.347656,1491.187134,-3267.918945,2303.287598,1630.207520,-3296.148682,2310.284180,1464.608032,-3319.052734,2317.383301,1590.297363,-3324.563965,2286.275879,1491.238037,-3267.920898,2303.412354,1630.235107,-3296.132080,2616.251221,1567.733154,-3159.786865,,,,,,,,,,,,,,,,,,,,,,,,,,,,,,,,,
11650,116.500000,0.000000,0.000000,0.000000,1.000000,0.000000,0.000000,0.000000,57.698101,20.499701,-14.700500,0.047771,-0.013570,0.015998,-15.666301,-52.738201,18.801300,-93.396698,0.129960,17.611099,-0.159778,-0.458548,-0.699152,0.524778,2304.125244,1543.709351,-3300.843262,2309.969971,1464.406250,-3318.053711,2317.450928,1589.855713,-3323.374268,2285.967773,1490.763306,-3266.990723,2303.112549,1629.812500,-3294.954102,2310.118896,1464.262817,-3318.060303,2317.217529,1589.944214,-3323.375732,2285.867188,1490.796631,-3266.994873,2303.297119,1629.833130,-3294.941162,2616.270508,1567.739868,-3159.784912,,,,,,,,,,,,,,,,,,,,,,,,,,,,,,,,,
11651,116.510000,0.000000,0.000000,0.000000,1.000000,0.000000,0.000000,0.000000,57.698101,20.499701,-14.700500,0.047771,-0.013570,0.015998,-15.666301,-52.738201,18.801300,-93.396698,0.129960,17.611099,-0.158463,-0.458048,-0.700206,0.524207,2304.021973,1543.347412,-3299.738770,2309.836426,1464.088745,-3317.163818,2317.436279,1589.546387,-3322.108643,2285.745850,1490.320312,-3266.077637,2303.069824,1629.433960,-3293.605225,2309.974854,1463.914062,-3317.174316,2317.221436,1589.656006,-3322.104980,2285.652588,1490.341064,-3266.077637,2303.241455,1629.475708,-3293.598633,2616.289062,1567.768555,-3159.785645,,,,,,,,,,,,,,,,,,,,,,,,,,,,,,,,,
11652,116.520000,0.000000,0.000000,0.000000,1.000000,0.000000,0.000000,0.000000,57.698101,20.499701,-14.700500,0.047771,-0.013570,0.015998,-15.666301,-52.738201,18.801300,-93.396698,0.129960,17.611099,-0.156674,-0.458386,-0.700887,0.523539,2303.882812,1542.932007,-3298.670654,2309.769043,1463.705811,-3316.217773,2317.374756,1589.172974,-3320.907227,2285.487549,1489.842285,-3265.173340,2302.899658,1629.007324,-3292.384521,2309.847168,1463.584106,-3316.183594,2317.242432,1589.242065,-3320.939453,2285.444580,1489.927002,-3265.226562,2302.996338,1628.973267,-3292.333008,2616.298584,1567.763672,-3159.777100,,,,,,,,,,,,,,,,,,,,,,,,,,,,,,,,,
11653,116.530000,0.000000,0.000000,0.000000,1.000000,0.000000,0.000000,0.000000,57.698101,20.499701,-14.700500,0.047771,-0.013570,0.015998,-15.666301,-52.738201,18.801300,-93.396698,0.129960,17.611099,-0.155300,-0.457897,-0.701930,0.522978,2303.719727,1542.478638,-3297.581787,2309.584961,1463.299194,-3315.345215,2317.297119,1588.773438,-3319.653320,2285.208252,1489.306152,-3264.280273,2302.788574,1628.536133,-3291.047852,2309.635498,1463.260864,-3315.319336,2317.225342,1588.814453,-3319.707031,2285.176758,1489.401123,-3264.312988,2302.841309,1628.437256,-3290.986084,2616.288086,1567.723755,-3159.765381,,,,,,,,,,,,,,,,,,,,,,,,,,,,,,,,,
11654,116.540000,0.000000,0.000000,0.000000,1.000000,0.000000,0.000000,0.000000,57.698101,20.499701,-14.700500,0.047771,-0.013570,0.015998,-15.666301,-52.738201,18.801300,-93.396698,0.129960,17.611099,-0.155486,-0.456574,-0.703026,0.522607,2303.581299,1541.904785,-3296.533447,2309.250977,1462.757935,-3314.504639,2317.241699,1588.225098,-3318.499756,2284.982178,1488.689209,-3263.349854,2302.850098,1627.947266,-3289.779297,2309.239990,1462.717407,-3314.495605,2317.252441,1588.238647,-3318.504395,2285.019287,1488.883667,-3263.402344,2302.814209,1627.787720,-3289.732910,2616.268311,1567.737061,-3159.779785,,,,,,,,,,,,,,,,,,,,,,,,,,,,,,,,,
11655,116.550000,0.000000,0.000000,0.000000,1.000000,0.000000,0.000000,0.000000,57.698101,20.499701,-14.700500,0.047771,-0.013570,0.015998,-15.666301,-52.738201,18.801300,-93.396698,0.129960,17.611099,-0.155444,-0.455675,-0.704728,0.521111,2303.473877,1541.327393,-3295.428711,2308.835693,1462.201050,-3313.583984,2317.347412,1587.643433,-3317.270264,2284.622070,1488.109619,-3262.391602,2303.090332,1627.355591,-3288.468750,2308.819824,1462.211670,-3313.543457,2317.357910,1587.672852,-3317.297119,2284.647705,1488.200928,-3262.442871,2303.070557,1627.217773,-3288.430420,2616.261719,1567.727417,-3159.795166,,,,,,,,,,,,,,,,,,,,,,,,,,,,,,,,,
11656,116.560000,0.000000,0.000000,0.000000,1.000000,0.000000,0.000000,0.000000,57.698101,20.499701,-14.700500,0.047771,-0.013570,0.015998,-15.666301,-52.738201,18.801300,-93.396698,0.129960,17.611099,-0.155715,-0.454552,-0.705858,0.520481,2303.355225,1540.763428,-3294.391357,2308.495117,1461.662109,-3312.718750,2317.338379,1587.088989,-3316.142822,2284.382080,1487.525635,-3261.456055,2303.205078,1626.777344,-3287.247559,2308.523926,1461.728394,-3312.695557,2317.283447,1587.161743,-3316.145020,2284.354248,1487.520020,-3261.455078,2303.263672,1626.635010,-3287.271240,2616.265869,1567.732910,-3159.782959,,,,,,,,,,,,,,,,,,,,,,,,,,,,,,,,,
11657,116.570000,0.000000,0.000000,0.000000,1.000000,0.000000,0.000000,0.000000,57.698101,20.499701,-14.700500,0.047771,-0.013570,0.015998,-15.666301,-52.738201,18.801300,-93.396698,0.129960,17.611099,-0.155603,-0.453417,-0.706634,0.520451,2303.320557,1540.267090,-3293.358643,2308.359619,1461.204590,-3311.880859,2317.338623,1586.629639,-3315.008545,2284.313721,1486.970947,-3260.537354,2303.270508,1626.263672,-3286.007080,2308.446777,1461.372314,-3311.812012,2317.154541,1586.563354,-3314.995361,2284.270508,1486.985107,-3260.601807,2303.414795,1626.147827,-3286.018311,2616.288330,1567.750610,-3159.773193,,,,,,,,,,,,,,,,,,,,,,,,,,,,,,,,,
11658,116.580000,0.000000,0.000000,0.000000,1.000000,0.000000,0.000000,0.000000,57.698101,20.499701,-14.700500,0.047771,-0.013570,0.015998,-15.666301,-52.738201,18.801300,-93.396698,0.129960,17.611099,-0.155616,-0.452677,-0.707424,0.520018,2303.298828,1539.820312,-3292.400391,2308.202148,1460.779541,-3311.051025,2317.391602,1586.194214,-3313.977783,2284.207520,1486.503174,-3259.662598,2303.394287,1625.804810,-3284.910156,2308.291016,1460.942871,-3310.995850,2317.190674,1586.093628,-3313.929443,2284.163330,1486.477417,-3259.720215,2303.546387,1625.767944,-3284.947754,2616.288330,1567.760376,-3159.792480,,,,,,,,,,,,,,,,,,,,,,,,,,,,,,,,,
11659,116.590000,0.000000,0.000000,0.000000,1.000000,0.000000,0.000000,0.000000,57.698101,20.499701,-14.700500,0.047771,-0.013570,0.015998,-15.666301,-52.738201,18.801300,-93.396698,0.129960,17.611099,-0.155681,-0.452156,-0.707940,0.519750,2303.271973,1539.338867,-3291.401367,2308.081299,1460.312134,-3310.136230,2317.412354,1585.719360,-3312.932861,2284.127441,1486.008911,-3258.715332,2303.466797,1625.315186,-3283.820557,2308.115723,1460.466187,-3310.075439,2317.307373,1585.657959,-3312.899902,2284.111084,1485.947754,-3258.765381,2303.553223,1625.291992,-3283.859375,2616.264160,1567.746826,-3159.780762,,,,,,,,,,,,,,,,,,,,,,,,,,,,,,,,,
11660,116.600000,0.000000,0.000000,0.000000,1.000000,0.000000,0.000000,0.000000,57.698101,20.499701,-14.700500,0.047771,-0.013570,0.015998,-15.666301,-52.738201,18.801300,-93.396698,0.129960,17.611099,-0.155540,-0.451602,-0.708468,0.519554,2303.202393,1538.868408,-3290.432861,2307.942139,1459.862915,-3309.274658,2317.382324,1585.265503,-3311.902588,2284.012451,1485.511230,-3257.817871,2303.472168,1624.834351,-3282.736328,2307.930664,1459.933350,-3309.176514,2317.324951,1585.270752,-3311.885254,2284.043457,1485.532227,-3257.928223,2303.512939,1624.738281,-3282.741699,2616.291748,1567.791870,-3159.793945,,,,,,,,,,,,,,,,,,,,,,,,,,,,,,,,,
11661,116.610000,0.000000,0.000000,0.000000,1.000000,0.000000,0.000000,0.000000,57.698101,20.499701,-14.700500,0.047771,-0.013570,0.015998,-15.666301,-52.738201,18.801300,-93.396698,0.129960,17.611099,-0.155058,-0.451685,-0.709114,0.518745,2303.106934,1538.334229,-3289.495605,2307.771729,1459.335815,-3308.385742,2317.386475,1584.727417,-3310.907959,2283.789307,1484.979858,-3256.951660,2303.480469,1624.294189,-3281.737061,2307.757080,1459.349609,-3308.347412,2317.376465,1584.754517,-3310.897705,2283.809570,1485.001465,-3256.996338,2303.485107,1624.230469,-3281.742432,2616.283447,1567.753784,-3159.786133,,,,,,,,,,,,,,,,,,,,,,,,,,,,,,,,,
11662,116.620000,0.000000,0.000000,0.000000,1.000000,0.000000,0.000000,0.000000,57.698101,20.499701,-14.700500,0.047771,-0.013570,0.015998,-15.666301,-52.738201,18.801300,-93.396698,0.129960,17.611099,-0.154854,-0.451297,-0.710009,0.517918,2302.952148,1537.770142,-3288.483643,2307.473145,1458.787354,-3307.473389,2317.345459,1584.162109,-3309.821777,2283.496094,1484.412598,-3256.027344,2303.493408,1623.718872,-3280.611816,2307.467041,1458.753296,-3307.443115,2317.362793,1584.256104,-3309.879150,2283.497803,1484.460693,-3256.044922,2303.480469,1623.609741,-3280.568604,2616.302246,1567.720215,-3159.766846,,,,,,,,,,,,,,,,,,,,,,,,,,,,,,,,,
11663,116.630000,0.000000,0.000000,0.000000,1.000000,0.000000,0.000000,0.000000,57.698101,20.499701,-14.700500,0.047771,-0.013570,0.015998,-15.666301,-52.738201,18.801300,-93.396698,0.129960,17.611099,-0.154115,-0.451861,-0.710581,0.516861,2302.916016,1537.240479,-3287.540527,2307.390869,1458.254883,-3306.529785,2317.426514,1583.617676,-3308.831787,2283.303711,1483.902344,-3255.146484,2303.542969,1623.187256,-3279.653809,2307.429443,1458.231812,-3306.535400,2317.408203,1583.740601,-3308.902100,2283.256592,1483.942139,-3255.108154,2303.569580,1623.046509,-3279.617676,2616.297607,1567.759766,-3159.760986,,,,,,,,,,,,,,,,,,,,,,,,,,,,,,,,,
11664,116.640000,0.000000,0.000000,0.000000,1.000000,0.000000,0.000000,0.000000,57.698101,20.499701,-14.700500,0.047771,-0.013570,0.015998,-15.666301,-52.738201,18.801300,-93.396698,0.129960,17.611099,-0.154059,-0.451321,-0.711419,0.516196,2302.914062,1536.656372,-3286.612549,2307.243896,1457.688599,-3305.709229,2317.521729,1583.034790,-3307.834473,2283.186768,1483.311523,-3254.299316,2303.704102,1622.590942,-3278.607178,2307.329102,1457.616455,-3305.753662,2317.454102,1583.110352,-3307.893799,2283.114746,1483.429932,-3254.247070,2303.757568,1622.469116,-3278.552979,2616.290771,1567.762207,-3159.788330,,,,,,,,,,,,,,,,,,,,,,,,,,,,,,,,,
11665,116.650000,0.000000,0.000000,0.000000,1.000000,0.000000,0.000000,0.000000,57.698101,20.499701,-14.700500,0.047771,-0.013570,0.015998,-15.666301,-52.738201,18.801300,-93.396698,0.129960,17.611099,-0.154714,-0.450731,-0.711679,0.516157,2302.958008,1536.092651,-3285.716064,2307.173828,1457.127563,-3304.849121,2317.586426,1582.463257,-3306.940674,2283.218262,1482.756958,-3253.395508,2303.853516,1622.023071,-3277.678467,2307.295654,1457.066528,-3304.877197,2317.417236,1582.467041,-3306.955078,2283.144043,1482.934814,-3253.399414,2303.970947,1621.907227,-3277.632080,2616.284180,1567.795410,-3159.794922,,,,,,,,,,,,,,,,,,,,,,,,,,,,,,,,,
11666,116.660000,0.000000,0.000000,0.000000,1.000000,0.000000,0.000000,0.000000,57.698101,20.499701,-14.700500,0.047771,-0.013570,0.015998,-15.666301,-52.738201,18.801300,-93.396698,0.129960,17.611099,-0.155327,-0.450290,-0.712087,0.515795,2302.983643,1535.523315,-3284.846924,2307.054443,1456.556152,-3304.003418,2317.668945,1581.875488,-3306.072998,2283.185547,1482.211548,-3252.522461,2304.025879,1621.450195,-3276.789062,2307.179688,1456.517456,-3304.021240,2317.461426,1581.804321,-3306.061035,2283.124512,1482.418091,-3252.562988,2304.154541,1621.360596,-3276.743896,2616.303711,1567.752808,-3159.779785,,,,,,,,,,,,,,,,,,,,,,,,,,,,,,,,,
11667,116.670000,0.000000,0.000000,0.000000,1.000000,0.000000,0.000000,0.000000,57.698101,20.499701,-14.700500,0.047771,-0.013570,0.015998,-15.666301,-52.738201,18.801300,-93.396698,0.129960,17.611099,-0.155511,-0.449821,-0.712529,0.515538,2303.018311,1535.044189,-3283.964600,2306.992188,1456.087769,-3303.185547,2317.748047,1581.396484,-3305.159180,2283.171875,1481.729248,-3251.675049,2304.161133,1620.963379,-3275.838623,2307.132568,1456.149780,-3303.174805,2317.511719,1581.295166,-3305.168701,2283.096191,1481.865479,-3251.716553,2304.320557,1620.856079,-3275.797852,2616.301025,1567.768188,-3159.772217,,,,,,,,,,,,,,,,,,,,,,,,,,,,,,,,,
11668,116.680000,0.000000,0.000000,0.000000,1.000000,0.000000,0.000000,0.000000,57.698101,20.499701,-14.700500,0.047771,-0.013570,0.015998,-15.666301,-52.738201,18.801300,-93.396698,0.129960,17.611099,-0.156855,-0.449091,-0.712821,0.515364,2302.986572,1534.569092,-3283.202393,2306.757568,1455.602539,-3302.422119,2317.756836,1580.889282,-3304.438965,2283.112549,1481.298096,-3250.857666,2304.319336,1620.486938,-3275.090820,2306.853271,1455.693115,-3302.381592,2317.552734,1580.790039,-3304.408936,2283.074219,1481.381714,-3250.928467,2304.455566,1620.401855,-3275.086914,2616.282959,1567.745850,-3159.783203,,,,,,,,,,,,,,,,,,,,,,,,,,,,,,,,,
11669,116.690000,0.000000,0.000000,0.000000,1.000000,0.000000,0.000000,0.000000,57.698101,20.499701,-14.700500,0.047771,-0.013570,0.015998,-15.666301,-52.738201,18.801300,-93.396698,0.129960,17.611099,-0.157795,-0.448780,-0.712967,0.515146,2302.892578,1534.086670,-3282.394043,2306.525146,1455.106079,-3301.582031,2317.697998,1580.376221,-3303.672852,2282.989746,1480.858521,-3249.996094,2304.357666,1620.006348,-3274.324219,2306.550781,1455.108643,-3301.558838,2317.608398,1580.360352,-3303.620605,2282.992188,1480.904785,-3250.050293,2304.416504,1619.972534,-3274.345703,2616.295898,1567.724976,-3159.774902,,,,,,,,,,,,,,,,,,,,,,,,,,,,,,,,,
11670,116.700000,0.000000,0.000000,0.000000,1.000000,0.000000,0.000000,0.000000,57.698101,20.499701,-14.700500,0.047771,-0.013570,0.015998,-15.666301,-52.738201,18.801300,-93.396698,0.129960,17.611099,-0.158705,-0.448430,-0.713386,0.514591,2302.747070,1533.539429,-3281.555908,2306.189941,1454.546509,-3300.729004,2317.629883,1579.791870,-3302.861328,2282.763184,1480.361816,-3249.125000,2304.405029,1619.457642,-3273.508301,2306.190186,1454.497437,-3300.667725,2317.582764,1579.890869,-3302.862061,2282.760742,1480.320679,-3249.179199,2304.451172,1619.452271,-3273.514160,2616.268066,1567.783813,-3159.782471,,,,,,,,,,,,,,,,,,,,,,,,,,,,,,,,,
11671,116.710000,0.000000,0.000000,0.000000,1.000000,0.000000,0.000000,0.000000,57.698101,20.499701,-14.700500,0.047771,-0.013570,0.015998,-15.666301,-52.738201,18.801300,-93.396698,0.129960,17.611099,-0.158547,-0.448862,-0.713725,0.513792,2302.587402,1533.043457,-3280.819092,2305.963867,1454.038696,-3299.955322,2317.558105,1579.269409,-3302.120605,2282.490723,1479.903198,-3248.396973,2304.337402,1618.962891,-3272.803467,2305.963623,1454.061279,-3299.886475,2317.549561,1579.406006,-3302.186768,2282.460938,1479.779297,-3248.409180,2304.373291,1618.931396,-3272.798828,2616.233643,1567.758911,-3159.794434,,,,,,,,,,,,,,,,,,,,,,,,,,,,,,,,,
11672,116.720000,0.000000,0.000000,0.000000,1.000000,0.000000,0.000000,0.000000,57.698101,20.499701,-14.700500,0.047771,-0.013570,0.015998,-15.666301,-52.738201,18.801300,-93.396698,0.129960,17.611099,-0.159047,-0.448629,-0.713779,0.513767,2302.467773,1532.559570,-3280.060303,2305.778076,1453.549927,-3299.188477,2317.447266,1578.773193,-3301.382080,2282.368164,1479.436157,-3247.612061,2304.277832,1618.478882,-3272.058594,2305.767822,1453.666382,-3299.162598,2317.477051,1578.860840,-3301.409424,2282.344971,1479.327271,-3247.573486,2304.281250,1618.383545,-3272.093750,2616.250732,1567.727417,-3159.786621,,,,,,,,,,,,,,,,,,,,,,,,,,,,,,,,,
11673,116.730000,0.000000,0.000000,0.000000,1.000000,0.000000,0.000000,0.000000,57.698101,20.499701,-14.700500,0.047771,-0.013570,0.015998,-15.666301,-52.738201,18.801300,-93.396698,0.129960,17.611099,-0.159696,-0.448718,-0.713928,0.513280,2302.349609,1532.046753,-3279.315918,2305.542236,1453.017212,-3298.380859,2317.386475,1578.222046,-3300.680664,2282.186768,1478.978149,-3246.817383,2304.282959,1617.970093,-3271.384766,2305.507080,1453.093750,-3298.351074,2317.458008,1578.361328,-3300.718262,2282.190918,1478.949951,-3246.796143,2304.242188,1617.774536,-3271.403564,2616.314453,1567.765991,-3159.769287,,,,,,,,,,,,,,,,,,,,,,,,,,,,,,,,,
11674,116.740000,0.000000,0.000000,0.000000,1.000000,0.000000,0.000000,0.000000,57.698101,20.499701,-14.700500,0.047771,-0.013570,0.015998,-15.666301,-52.738201,18.801300,-93.396698,0.129960,17.611099,-0.160987,-0.448122,-0.714077,0.513191,2302.180664,1531.492554,-3278.603516,2305.200439,1452.450928,-3297.646484,2317.242920,1577.635376,-3300.020264,2282.007324,1478.468750,-3246.038330,2304.272461,1617.415405,-3270.708740,2305.222656,1452.555176,-3297.590576,2317.193848,1577.654785,-3300.040771,2282.001465,1478.515381,-3246.080322,2304.310547,1617.231567,-3270.698242,2616.312988,1567.728149,-3159.771729,,,,,,,,,,,,,,,,,,,,,,,,,,,,,,,,,
11675,116.750000,0.000000,0.000000,0.000000,1.000000,0.000000,0.000000,0.000000,57.698101,20.499701,-14.700500,0.047771,-0.013570,0.015998,-15.666301,-52.738201,18.801300,-93.396698,0.129960,17.611099,-0.162404,-0.447636,-0.714032,0.513231,2302.019287,1530.943481,-3277.916748,2304.885498,1451.882935,-3296.904785,2317.087402,1577.049438,-3299.408447,2281.859619,1477.972168,-3245.257812,2304.245117,1616.869751,-3270.095459,2304.953369,1452.031128,-3296.862793,2316.958008,1576.984863,-3299.393799,2281.841553,1478.081543,-3245.315674,2304.331787,1616.664551,-3270.092285,2616.300293,1567.729004,-3159.765137,,,,,,,,,,,,,,,,,,,,,,,,,,,,,,,,,
11676,116.760000,0.000000,0.000000,0.000000,1.000000,0.000000,0.000000,0.000000,57.698101,20.499701,-14.700500,0.047771,-0.013570,0.015998,-15.666301,-52.738201,18.801300,-93.396698,0.129960,17.611099,-0.163180,-0.447772,-0.714351,0.512421,2301.763672,1530.375732,-3277.193604,2304.458496,1451.290894,-3296.105713,2316.927246,1576.428711,-3298.731934,2281.495605,1477.479126,-3244.480957,2304.173828,1616.304565,-3269.455322,2304.504150,1451.358276,-3296.041016,2316.790039,1576.357422,-3298.701416,2281.508057,1477.623169,-3244.599365,2304.251709,1616.163818,-3269.437500,2616.299316,1567.746094,-3159.774902,,,,,,,,,,,,,,,,,,,,,,,,,,,,,,,,,
11677,116.770000,0.000000,0.000000,0.000000,1.000000,0.000000,0.000000,0.000000,57.698101,20.499701,-14.700500,0.047771,-0.013570,0.015998,-15.666301,-52.738201,18.801300,-93.396698,0.129960,17.611099,-0.163699,-0.447939,-0.714504,0.511896,2301.499512,1529.792236,-3276.502686,2304.089111,1450.688599,-3295.351074,2316.722412,1575.807861,-3298.079102,2281.163574,1476.948608,-3243.746338,2304.023193,1615.723999,-3268.833984,2304.135010,1450.727051,-3295.352051,2316.649658,1575.766968,-3298.073730,2281.158936,1477.126831,-3243.779541,2304.055908,1615.547119,-3268.804199,2616.297363,1567.774170,-3159.793213,,,,,,,,,,,,,,,,,,,,,,,,,,,,,,,,,
11678,116.780000,0.000000,0.000000,0.000000,1.000000,0.000000,0.000000,0.000000,57.698101,20.499701,-14.700500,0.047771,-0.013570,0.015998,-15.666301,-52.738201,18.801300,-93.396698,0.129960,17.611099,-0.163587,-0.448838,-0.714646,0.510945,2301.146729,1529.224487,-3275.785645,2303.685547,1450.092651,-3294.521729,2316.463379,1575.193848,-3297.394287,2280.687012,1476.447998,-3242.998047,2303.750732,1615.163818,-3268.228516,2303.763184,1450.070679,-3294.583252,2316.380859,1575.156738,-3297.385986,2280.644287,1476.599609,-3242.964600,2303.797119,1615.079712,-3268.208008,2616.268066,1567.731934,-3159.781250,,,,,,,,,,,,,,,,,,,,,,,,,,,,,,,,,
11679,116.790000,0.000000,0.000000,0.000000,1.000000,0.000000,0.000000,0.000000,57.698101,20.499701,-14.700500,0.047771,-0.013570,0.015998,-15.666301,-52.738201,18.801300,-93.396698,0.129960,17.611099,-0.163217,-0.449459,-0.714462,0.510774,2300.725586,1528.685425,-3275.057861,2303.325928,1449.541260,-3293.733154,2316.047363,1574.646362,-3296.680664,2280.250244,1475.923096,-3242.257324,2303.278809,1614.631470,-3267.560059,2303.401855,1449.525635,-3293.793457,2316.006104,1574.656616,-3296.737549,2280.184570,1476.022705,-3242.184570,2303.308838,1614.539551,-3267.511719,2616.314209,1567.743408,-3159.770996,,,,,,,,,,,,,,,,,,,,,,,,,,,,,,,,,
11680,116.800000,0.000000,0.000000,0.000000,1.000000,0.000000,0.000000,0.000000,57.698101,20.499701,-14.700500,0.047771,-0.013570,0.015998,-15.666301,-52.738201,18.801300,-93.396698,0.129960,17.611099,-0.163937,-0.449022,-0.713645,0.512069,2300.261230,1528.122192,-3274.385742,2302.957275,1448.975098,-3293.034912,2315.433105,1574.102905,-3296.072266,2279.981201,1475.335083,-3241.503662,2302.673340,1614.076050,-3266.931641,2303.009521,1448.971436,-3293.080078,2315.422363,1574.122314,-3296.141113,2279.944092,1475.524780,-3241.453613,2302.663574,1613.864502,-3266.854248,2616.315186,1567.737427,-3159.769775,,,,,,,,,,,,,,,,,,,,,,,,,,,,,,,,,
11681,116.810000,0.000000,0.000000,0.000000,1.000000,0.000000,0.000000,0.000000,57.698101,20.499701,-14.700500,0.047771,-0.013570,0.015998,-15.666301,-52.738201,18.801300,-93.396698,0.129960,17.611099,-0.164958,-0.448388,-0.713122,0.513025,2299.726074,1527.534790,-3273.635742,2302.424805,1448.384155,-3292.270264,2314.793945,1573.520752,-3295.383545,2279.590088,1474.741943,-3240.674805,2302.094971,1613.492676,-3266.214844,2302.518555,1448.394165,-3292.268555,2314.639893,1573.434082,-3295.397705,2279.554932,1474.952881,-3240.728271,2302.181641,1613.365112,-3266.150635,2616.313965,1567.744263,-3159.781006,,,,,,,,,,,,,,,,,,,,,,,,,,,,,,,,,
11682,116.820000,0.000000,0.000000,0.000000,1.000000,0.000000,0.000000,0.000000,57.698101,20.499701,-14.700500,0.047771,-0.013570,0.015998,-15.666301,-52.738201,18.801300,-93.396698,0.129960,17.611099,-0.166847,-0.447126,-0.713029,0.513643,2299.201416,1526.940918,-3272.957520,2301.725342,1447.786987,-3291.602539,2314.221924,1572.909424,-3294.774658,2279.156738,1474.171265,-3239.903809,2301.701660,1612.896240,-3265.548828,2301.775879,1447.732666,-3291.600342,2314.109863,1572.838989,-3294.744385,2279.166504,1474.396118,-3239.985840,2301.750000,1612.818726,-3265.507324,2616.290039,1567.722656,-3159.769043,,,,,,,,,,,,,,,,,,,,,,,,,,,,,,,,,
11683,116.830000,0.000000,0.000000,0.000000,1.000000,0.000000,0.000000,0.000000,57.698101,20.499701,-14.700500,0.047771,-0.013570,0.015998,-15.666301,-52.738201,18.801300,-93.396698,0.129960,17.611099,-0.167134,-0.446895,-0.713120,0.513625,2298.682861,1526.302124,-3272.208984,2301.159912,1447.149170,-3290.864014,2313.711182,1572.266235,-3294.030273,2278.634277,1473.537964,-3239.148926,2301.226318,1612.255493,-3264.792480,2301.209229,1447.067627,-3290.859375,2313.611816,1572.287842,-3294.009277,2278.615234,1473.619629,-3239.186035,2301.293457,1612.233643,-3264.780762,2616.308350,1567.755737,-3159.782471,,,,,,,,,,,,,,,,,,,,,,,,,,,,,,,,,
11684,116.840000,0.000000,0.000000,0.000000,1.000000,0.000000,0.000000,0.000000,57.698101,20.499701,-14.700500,0.047771,-0.013570,0.015998,-15.666301,-52.738201,18.801300,-93.396698,0.129960,17.611099,-0.165564,-0.447606,-0.713516,0.512964,2298.104980,1525.639404,-3271.447021,2300.674072,1446.500854,-3290.150879,2313.200195,1571.623779,-3293.178711,2277.949707,1472.845215,-3238.500000,2300.595947,1611.588013,-3263.958252,2300.722656,1446.489258,-3290.178955,2313.192871,1571.766602,-3293.261719,2277.861084,1472.755371,-3238.395264,2300.635010,1611.551636,-3263.950195,2616.283936,1567.717041,-3159.778076,,,,,,,,,,,,,,,,,,,,,,,,,,,,,,,,,
11685,116.850000,0.000000,0.000000,0.000000,1.000000,0.000000,0.000000,0.000000,57.698101,20.499701,-14.700500,0.047771,-0.013570,0.015998,-15.666301,-52.738201,18.801300,-93.396698,0.129960,17.611099,-0.165349,-0.446905,-0.713336,0.513895,2297.490967,1524.921387,-3270.698486,2300.152344,1445.812378,-3289.513916,2312.490234,1570.957642,-3292.387207,2277.456543,1472.052612,-3237.797607,2299.865234,1610.863281,-3263.095703,2300.187500,1445.871948,-3289.560303,2312.497559,1571.006836,-3292.419922,2277.412354,1472.082886,-3237.715088,2299.866699,1610.715576,-3263.097168,2616.296631,1567.737427,-3159.780029,,,,,,,,,,,,,,,,,,,,,,,,,,,,,,,,,
11686,116.860000,0.000000,0.000000,0.000000,1.000000,0.000000,0.000000,0.000000,57.698101,20.499701,-14.700500,0.047771,-0.013570,0.015998,-15.666301,-52.738201,18.801300,-93.396698,0.129960,17.611099,-0.166386,-0.445753,-0.713162,0.514801,2296.851318,1524.177490,-3269.958496,2299.458740,1445.082397,-3288.840332,2311.766357,1570.231812,-3291.666748,2276.941895,1471.281616,-3237.024902,2299.238770,1610.114258,-3262.301758,2299.517822,1445.125732,-3288.828369,2311.652100,1570.165527,-3291.648682,2276.914307,1471.315063,-3237.054443,2299.316162,1610.099854,-3262.300293,2616.303955,1567.780762,-3159.773682,,,,,,,,,,,,,,,,,,,,,,,,,,,,,,,,,
11687,116.870000,0.000000,0.000000,0.000000,1.000000,0.000000,0.000000,0.000000,57.698101,20.499701,-14.700500,0.047771,-0.013570,0.015998,-15.666301,-52.738201,18.801300,-93.396698,0.129960,17.611099,-0.167274,-0.444520,-0.713591,0.514984,2296.172119,1523.440186,-3269.268799,2298.621582,1444.366089,-3288.258789,2311.095215,1569.501953,-3290.955811,2276.273438,1470.529419,-3236.352539,2298.697754,1609.363647,-3261.507812,2298.584229,1444.267700,-3288.175293,2311.062988,1569.560547,-3290.913086,2276.325195,1470.550293,-3236.474121,2298.714844,1609.377930,-3261.513428,2616.289795,1567.743896,-3159.778564,,,,,,,,,,,,,,,,,,,,,,,,,,,,,,,,,
11688,116.880000,0.000000,0.000000,0.000000,1.000000,0.000000,0.000000,0.000000,57.698101,20.499701,-14.700500,0.047771,-0.013570,0.015998,-15.666301,-52.738201,18.801300,-93.396698,0.129960,17.611099,-0.166398,-0.444780,-0.714257,0.514120,2295.435303,1522.684814,-3268.572510,2297.849365,1443.624023,-3287.622559,2310.460938,1568.748779,-3290.183594,2275.398438,1469.767700,-3235.750488,2298.031738,1608.599121,-3260.733398,2297.859619,1443.648071,-3287.539062,2310.408691,1568.851562,-3290.213867,2275.362305,1469.586182,-3235.789062,2298.106445,1608.641357,-3260.752686,2616.300781,1567.767212,-3159.766113,,,,,,,,,,,,,,,,,,,,,,,,,,,,,,,,,
11689,116.890000,0.000000,0.000000,0.000000,1.000000,0.000000,0.000000,0.000000,57.698101,20.499701,-14.700500,0.047771,-0.013570,0.015998,-15.666301,-52.738201,18.801300,-93.396698,0.129960,17.611099,-0.164591,-0.445290,-0.714516,0.513900,2294.638672,1521.944092,-3267.945068,2297.212158,1442.910767,-3287.088379,2309.682617,1568.053711,-3289.445801,2274.554199,1468.960815,-3235.259277,2297.105469,1607.851196,-3259.986572,2297.229248,1443.019653,-3287.046631,2309.697998,1568.166626,-3289.547119,2274.503906,1468.865234,-3235.218750,2297.123779,1607.726807,-3259.969727,2616.288086,1567.762939,-3159.781494,,,,,,,,,,,,,,,,,,,,,,,,,,,,,,,,,
11690,116.900000,0.000000,0.000000,0.000000,1.000000,0.000000,0.000000,0.000000,57.698101,20.499701,-14.700500,0.047771,-0.013570,0.015998,-15.666301,-52.738201,18.801300,-93.396698,0.129960,17.611099,-0.164809,-0.444261,-0.714606,0.514596,2293.841797,1521.178345,-3267.396484,2296.406738,1442.175903,-3286.667480,2308.826660,1567.327026,-3288.854980,2273.841064,1468.136963,-3234.753662,2296.292725,1607.073853,-3259.309326,2296.476807,1442.317749,-3286.631836,2308.722168,1567.307861,-3288.873291,2273.798584,1468.152466,-3234.768799,2296.379883,1606.934204,-3259.310059,2616.302490,1567.740601,-3159.775391,,,,,,,,,,,,,,,,,,,,,,,,,,,,,,,,,
11691,116.910000,0.000000,0.000000,0.000000,1.000000,0.000000,0.000000,0.000000,57.698101,20.499701,-14.700500,0.047771,-0.013570,0.015998,-15.666301,-52.738201,18.801300,-93.396698,0.129960,17.611099,-0.165236,-0.443653,-0.714588,0.515008,2293.053955,1520.468628,-3266.916992,2295.590088,1441.476807,-3286.235596,2308.002686,1566.629395,-3288.374268,2273.106934,1467.408691,-3234.271240,2295.515625,1606.359741,-3258.786621,2295.632812,1441.517700,-3286.177490,2307.893311,1566.635254,-3288.367676,2273.101807,1467.510986,-3234.353271,2295.589844,1606.203491,-3258.771240,2616.270996,1567.748901,-3159.779785,,,,,,,,,,,,,,,,,,,,,,,,,,,,,,,,,
11692,116.920000,0.000000,0.000000,0.000000,1.000000,0.000000,0.000000,0.000000,57.698101,20.499701,-14.700500,0.047771,-0.013570,0.015998,-15.666301,-52.738201,18.801300,-93.396698,0.129960,17.611099,-0.164716,-0.443594,-0.714834,0.514884,2292.209717,1519.782471,-3266.527832,2294.763672,1440.806152,-3285.907227,2307.176758,1565.960571,-3287.935303,2272.234863,1466.696289,-3233.942139,2294.663086,1605.667114,-3258.326904,2294.804443,1440.799927,-3285.859619,2307.062012,1566.018311,-3287.907471,2272.218018,1466.731445,-3234.002441,2294.752197,1605.578735,-3258.342041,2616.285889,1567.757568,-3159.782959,,,,,,,,,,,,,,,,,,,,,,,,,,,,,,,,,
11693,116.930000,0.000000,0.000000,0.000000,1.000000,0.000000,0.000000,0.000000,57.698101,20.499701,-14.700500,0.047771,-0.013570,0.015998,-15.666301,-52.738201,18.801300,-93.396698,0.129960,17.611099,-0.163162,-0.444022,-0.714680,0.515224,2291.263428,1519.122192,-3266.218994,2294.032959,1440.170410,-3285.668213,2306.179688,1565.353271,-3287.547119,2271.328369,1465.961426,-3233.730225,2293.511963,1605.004028,-3257.929688,2294.107666,1440.320557,-3285.679932,2306.138428,1565.431885,-3287.620361,2271.245605,1465.948975,-3233.648193,2293.570068,1604.772095,-3257.926758,2616.283936,1567.740234,-3159.781982,,,,,,,,,,,,,,,,,,,,,,,,,,,,,,,,,
11694,116.940000,0.000000,0.000000,0.000000,1.000000,0.000000,0.000000,0.000000,57.698101,20.499701,-14.700500,0.047771,-0.013570,0.015998,-15.666301,-52.738201,18.801300,-93.396698,0.129960,17.611099,-0.162998,-0.443924,-0.714140,0.516107,2290.380127,1518.481201,-3265.959229,2293.286377,1439.537109,-3285.420410,2305.189941,1564.743530,-3287.294434,2270.574951,1465.278320,-3233.460449,2292.469727,1604.366211,-3257.661865,2293.357666,1439.647949,-3285.443604,2305.142578,1564.800659,-3287.345947,2270.509521,1465.339966,-3233.395020,2292.518555,1604.108154,-3257.650635,2616.287109,1567.759521,-3159.781494,,,,,,,,,,,,,,,,,,,,,,,,,,,,,,,,,
11695,116.950000,0.000000,0.000000,0.000000,1.000000,0.000000,0.000000,0.000000,57.698101,20.499701,-14.700500,0.047771,-0.013570,0.015998,-15.666301,-52.738201,18.801300,-93.396698,0.129960,17.611099,-0.163429,-0.443295,-0.713518,0.517371,2289.555908,1517.878052,-3265.792725,2292.558594,1438.945679,-3285.285889,2304.224365,1564.174438,-3287.151367,2269.933838,1464.628174,-3233.259521,2291.507324,1603.764160,-3257.473389,2292.646973,1439.050415,-3285.282959,2304.082031,1564.172363,-3287.124268,2269.885742,1464.724121,-3233.267578,2291.619629,1603.543945,-3257.497559,2616.270020,1567.730225,-3159.778564,,,,,,,,,,,,,,,,,,,,,,,,,,,,,,,,,
11696,116.960000,0.000000,0.000000,0.000000,1.000000,0.000000,0.000000,0.000000,57.698101,20.499701,-14.700500,0.047771,-0.013570,0.015998,-15.666301,-52.738201,18.801300,-93.396698,0.129960,17.611099,-0.163918,-0.442668,-0.712912,0.518587,2288.782715,1517.273560,-3265.728516,2291.870117,1438.351196,-3285.249512,2303.315186,1563.600464,-3287.114014,2269.337891,1463.981934,-3233.157471,2290.608154,1603.160889,-3257.392822,2291.925293,1438.398438,-3285.191162,2303.170898,1563.612549,-3287.080811,2269.326416,1464.094482,-3233.245605,2290.711670,1602.976562,-3257.398438,2616.257568,1567.748291,-3159.780762,,,,,,,,,,,,,,,,,,,,,,,,,,,,,,,,,
11697,116.970000,0.000000,0.000000,0.000000,1.000000,0.000000,0.000000,0.000000,57.698101,20.499701,-14.700500,0.047771,-0.013570,0.015998,-15.666301,-52.738201,18.801300,-93.396698,0.129960,17.611099,-0.163996,-0.442375,-0.712277,0.519683,2287.891357,1516.644165,-3265.707520,2291.109863,1437.730957,-3285.244141,2302.294189,1563.003662,-3287.109863,2268.608154,1463.308350,-3233.112549,2289.553223,1602.533936,-3257.363037,2291.142822,1437.754028,-3285.190186,2302.209961,1563.066040,-3287.114502,2268.598877,1463.394287,-3233.174561,2289.617432,1602.348145,-3257.352051,2616.270752,1567.754395,-3159.786133,,,,,,,,,,,,,,,,,,,,,,,,,,,,,,,,,
11698,116.980000,0.000000,0.000000,0.000000,1.000000,0.000000,0.000000,0.000000,57.698101,20.499701,-14.700500,0.047771,-0.013570,0.015998,-15.666301,-52.738201,18.801300,-93.396698,0.129960,17.611099,-0.163237,-0.442690,-0.711691,0.520458,2287.020996,1516.059937,-3265.661621,2290.446045,1437.156494,-3285.202637,2301.319824,1562.456787,-3287.052979,2267.853027,1462.673950,-3233.081055,2288.464600,1601.953003,-3257.309814,2290.495361,1437.206909,-3285.194092,2301.285156,1562.547485,-3287.132568,2267.805664,1462.748535,-3233.053711,2288.499756,1601.710205,-3257.263672,2616.271240,1567.742554,-3159.787842,,,,,,,,,,,,,,,,,,,,,,,,,,,,,,,,,
11699,116.990000,0.000000,0.000000,0.000000,1.000000,0.000000,0.000000,0.000000,57.698101,20.499701,-14.700500,0.047771,-0.013570,0.015998,-15.666301,-52.738201,18.801300,-93.396698,0.129960,17.611099,-0.163742,-0.442078,-0.711234,0.521442,2286.248779,1515.470337,-3265.630127,2289.724365,1436.576294,-3285.199707,2300.439697,1561.890381,-3287.043213,2267.224121,1462.052368,-3233.017822,2287.606445,1601.362915,-3257.259033,2289.813232,1436.596436,-3285.221924,2300.348389,1561.954102,-3287.098877,2267.145752,1462.113647,-3232.969238,2287.688965,1601.209961,-3257.229248,2616.269287,1567.738281,-3159.780762,,,,,,,,,,,,,,,,,,,,,,,,,,,,,,,,,
11700,117.000000,0.000000,0.000000,0.000000,1.000000,0.000000,0.000000,0.000000,57.698101,20.499701,-14.700500,0.047771,-0.013570,0.015998,-15.666301,-52.738201,18.801300,-93.396698,0.129960,17.611099,-0.164368,-0.441110,-0.710525,0.523028,2285.550049,1514.908569,-3265.635254,2289.124268,1436.033936,-3285.266113,2299.566650,1561.371704,-3287.069336,2266.754395,1461.430176,-3232.989258,2286.755371,1600.798584,-3257.216064,2289.263184,1436.084839,-3285.280029,2299.365967,1561.385742,-3287.083496,2266.651611,1461.467407,-3232.963623,2286.921387,1600.691284,-3257.215332,2616.276855,1567.744141,-3159.794922,,,,,,,,,,,,,,,,,,,,,,,,,,,,,,,,,
11701,117.010000,0.000000,0.000000,0.000000,1.000000,0.000000,0.000000,0.000000,57.698101,20.499701,-14.700500,0.047771,-0.013570,0.015998,-15.666301,-52.738201,18.801300,-93.396698,0.129960,17.611099,-0.165028,-0.440227,-0.709892,0.524422,2284.886963,1514.392700,-3265.712158,2288.535889,1435.533691,-3285.391602,2298.750732,1560.890381,-3287.170898,2266.293701,1460.866089,-3233.029541,2285.968018,1600.280884,-3257.257080,2288.665283,1435.583984,-3285.390625,2298.550293,1560.915161,-3287.179688,2266.202148,1460.919678,-3233.022949,2286.133301,1600.144043,-3257.256348,2616.266846,1567.727417,-3159.774902,,,,,,,,,,,,,,,,,,,,,,,,,,,,,,,,,
11702,117.020000,0.000000,0.000000,0.000000,1.000000,0.000000,0.000000,0.000000,57.698101,20.499701,-14.700500,0.047771,-0.013570,0.015998,-15.666301,-52.738201,18.801300,-93.396698,0.129960,17.611099,-0.165582,-0.439527,-0.709027,0.526004,2284.260986,1513.885498,-3265.780762,2288.038818,1435.038940,-3285.485596,2297.942627,1560.420532,-3287.275391,2265.902832,1460.308228,-3233.048096,2285.159912,1599.774658,-3257.313477,2288.131836,1435.077515,-3285.463867,2297.804199,1560.495728,-3287.318115,2265.831055,1460.360474,-3233.048096,2285.282227,1599.594604,-3257.291992,2616.276611,1567.740356,-3159.775879,,,,,,,,,,,,,,,,,,,,,,,,,,,,,,,,,
11703,117.030000,0.000000,0.000000,0.000000,1.000000,0.000000,0.000000,0.000000,57.698101,20.499701,-14.700500,0.047771,-0.013570,0.015998,-15.666301,-52.738201,18.801300,-93.396698,0.129960,17.611099,-0.165713,-0.438916,-0.708126,0.527683,2283.655762,1513.372437,-3265.822510,2287.619873,1434.547241,-3285.576416,2297.141357,1559.958984,-3287.329346,2265.544434,1459.724121,-3233.068604,2284.318115,1599.259766,-3257.314941,2287.670898,1434.554688,-3285.540527,2297.054199,1560.056885,-3287.366943,2265.513672,1459.864502,-3233.105469,2284.388672,1598.984009,-3257.275635,2616.297852,1567.770020,-3159.787598,,,,,,,,,,,,,,,,,,,,,,,,,,,,,,,,,
11704,117.040000,0.000000,0.000000,0.000000,1.000000,0.000000,0.000000,0.000000,57.698101,20.499701,-14.700500,0.047771,-0.013570,0.015998,-15.666301,-52.738201,18.801300,-93.396698,0.129960,17.611099,-0.165833,-0.438383,-0.707558,0.528850,2283.155518,1512.888062,-3265.851807,2287.236328,1434.080933,-3285.654053,2296.507080,1559.512085,-3287.360596,2265.213135,1459.187256,-3233.090820,2283.665039,1598.772217,-3257.301025,2287.264160,1434.049194,-3285.610596,2296.451416,1559.629639,-3287.400879,2265.205078,1459.353882,-3233.146240,2283.703857,1598.497192,-3257.248535,2616.282959,1567.783447,-3159.793213,,,,,,,,,,,,,,,,,,,,,,,,,,,,,,,,,
11705,117.050000,0.000000,0.000000,0.000000,1.000000,0.000000,0.000000,0.000000,57.698101,20.499701,-14.700500,0.047771,-0.013570,0.015998,-15.666301,-52.738201,18.801300,-93.396698,0.129960,17.611099,-0.166773,-0.437132,-0.706926,0.530432,2282.672607,1512.376587,-3265.872803,2286.800537,1433.591187,-3285.751465,2295.854980,1559.038818,-3287.403320,2264.959473,1458.621460,-3233.076172,2283.075439,1598.254883,-3257.259766,2286.843018,1433.497803,-3285.695068,2295.751465,1559.177368,-3287.419189,2264.944580,1458.760742,-3233.155029,2283.151611,1598.069092,-3257.222656,2616.289062,1567.792480,-3159.795654,,,,,,,,,,,,,,,,,,,,,,,,,,,,,,,,,
11706,117.060000,0.000000,0.000000,0.000000,1.000000,0.000000,0.000000,0.000000,57.698101,20.499701,-14.700500,0.047771,-0.013570,0.015998,-15.666301,-52.738201,18.801300,-93.396698,0.129960,17.611099,-0.169036,-0.434782,-0.705685,0.533292,2282.399658,1511.943237,-3265.917969,2286.560547,1433.184326,-3285.894531,2295.275146,1558.656372,-3287.523682,2265.108887,1458.116821,-3233.013428,2282.653809,1597.815674,-3257.239990,2286.576904,1433.045776,-3285.785156,2295.123047,1558.690674,-3287.433594,2265.172607,1458.406738,-3233.266846,2282.732422,1597.671997,-3257.220947,2616.332275,1567.724365,-3159.768555,,,,,,,,,,,,,,,,,,,,,,,,,,,,,,,,,
11707,117.070000,0.000000,0.000000,0.000000,1.000000,0.000000,0.000000,0.000000,57.698101,20.499701,-14.700500,0.047771,-0.013570,0.015998,-15.666301,-52.738201,18.801300,-93.396698,0.129960,17.611099,-0.167398,-0.435861,-0.705868,0.532686,2281.967041,1511.421143,-3265.935791,2286.267090,1432.668945,-3285.909424,2294.895508,1558.147705,-3287.480957,2264.582764,1457.576172,-3233.110840,2282.122559,1597.292358,-3257.241943,2286.367920,1432.611816,-3285.820312,2294.650391,1558.260376,-3287.457764,2264.520020,1457.569702,-3233.208008,2282.318359,1597.250854,-3257.253906,2616.320312,1567.728271,-3159.760254,,,,,,,,,,,,,,,,,,,,,,,,,,,,,,,,,
11708,117.080000,0.000000,0.000000,0.000000,1.000000,0.000000,0.000000,0.000000,57.698101,20.499701,-14.700500,0.047771,-0.013570,0.015998,-15.666301,-52.738201,18.801300,-93.396698,0.129960,17.611099,-0.167106,-0.436264,-0.705582,0.532825,2281.712402,1511.077148,-3265.939209,2286.094971,1432.319580,-3285.873535,2294.612549,1557.805298,-3287.498047,2264.355713,1457.231812,-3233.100342,2281.785889,1596.952271,-3257.284668,2286.242432,1432.342651,-3285.862549,2294.373779,1557.933960,-3287.519287,2264.222900,1457.162842,-3233.065674,2282.002441,1596.875977,-3257.312256,2616.275391,1567.736572,-3159.774658,,,,,,,,,,,,,,,,,,,,,,,,,,,,,,,,,
11709,117.090000,0.000000,0.000000,0.000000,1.000000,0.000000,0.000000,0.000000,57.698101,20.499701,-14.700500,0.047771,-0.013570,0.015998,-15.666301,-52.738201,18.801300,-93.396698,0.129960,17.611099,-0.167343,-0.436346,-0.705192,0.533200,2281.504639,1510.700439,-3265.930176,2285.933594,1431.934692,-3285.822021,2294.354004,1557.425903,-3287.525146,2264.212402,1456.860840,-3233.047607,2281.518799,1596.580566,-3257.325684,2286.083496,1431.935425,-3285.830566,2294.116211,1557.533447,-3287.529785,2264.085693,1456.826538,-3233.010010,2281.727539,1596.511841,-3257.353760,2616.307373,1567.736328,-3159.776367,,,,,,,,,,,,,,,,,,,,,,,,,,,,,,,,,
11710,117.100000,0.000000,0.000000,0.000000,1.000000,0.000000,0.000000,0.000000,57.698101,20.499701,-14.700500,0.047771,-0.013570,0.015998,-15.666301,-52.738201,18.801300,-93.396698,0.129960,17.611099,-0.167474,-0.436269,-0.704784,0.533762,2281.404541,1510.370239,-3265.935791,2285.901367,1431.605347,-3285.815918,2294.183838,1557.105347,-3287.551758,2264.200195,1456.518555,-3233.027344,2281.332764,1596.252075,-3257.348633,2286.034180,1431.633911,-3285.811768,2293.964111,1557.221558,-3287.550537,2264.081543,1456.455444,-3232.991943,2281.532227,1596.174927,-3257.390625,2616.243408,1567.718262,-3159.778076,,,,,,,,,,,,,,,,,,,,,,,,,,,,,,,,,
11711,117.110000,0.000000,0.000000,0.000000,1.000000,0.000000,0.000000,0.000000,57.698101,20.499701,-14.700500,0.047771,-0.013570,0.015998,-15.666301,-52.738201,18.801300,-93.396698,0.129960,17.611099,-0.167583,-0.436362,-0.704410,0.534145,2281.316406,1510.066406,-3265.933594,2285.872070,1431.296631,-3285.780762,2294.043457,1556.802856,-3287.576660,2264.176270,1456.214355,-3232.992188,2281.173828,1595.952026,-3257.384521,2285.964111,1431.336060,-3285.759277,2293.885254,1556.899048,-3287.580322,2264.092285,1456.153198,-3232.978027,2281.321777,1595.880249,-3257.417969,2616.286377,1567.731689,-3159.774414,,,,,,,,,,,,,,,,,,,,,,,,,,,,,,,,,
11712,117.120000,0.000000,0.000000,0.000000,1.000000,0.000000,0.000000,0.000000,57.698101,20.499701,-14.700500,0.047771,-0.013570,0.015998,-15.666301,-52.738201,18.801300,-93.396698,0.129960,17.611099,-0.167511,-0.436688,-0.704054,0.534370,2281.284912,1509.816040,-3265.906494,2285.911377,1431.037964,-3285.704590,2293.974121,1556.550293,-3287.576904,2264.186768,1455.969360,-3232.934326,2281.066650,1595.706787,-3257.410645,2285.991943,1431.111816,-3285.695801,2293.858154,1556.579346,-3287.596191,2264.117920,1455.946045,-3232.914795,2281.174072,1595.626343,-3257.420898,2616.302734,1567.779419,-3159.784912,,,,,,,,,,,,,,,,,,,,,,,,,,,,,,,,,
11713,117.130000,0.000000,0.000000,0.000000,1.000000,0.000000,0.000000,0.000000,57.698101,20.499701,-14.700500,0.047771,-0.013570,0.015998,-15.666301,-52.738201,18.801300,-93.396698,0.129960,17.611099,-0.167333,-0.437195,-0.703812,0.534329,2281.288086,1509.626343,-3265.870605,2285.970947,1430.835938,-3285.606201,2293.969238,1556.351074,-3287.566406,2264.194092,1455.795410,-3232.870605,2281.018555,1595.523315,-3257.439209,2286.051514,1430.915894,-3285.610107,2293.875000,1556.365967,-3287.607666,2264.123535,1455.793335,-3232.834961,2281.106689,1595.429565,-3257.429199,2616.258545,1567.749512,-3159.787842,,,,,,,,,,,,,,,,,,,,,,,,,,,,,,,,,
11714,117.140000,0.000000,0.000000,0.000000,1.000000,0.000000,0.000000,0.000000,57.698101,20.499701,-14.700500,0.047771,-0.013570,0.015998,-15.666301,-52.738201,18.801300,-93.396698,0.129960,17.611099,-0.166893,-0.437765,-0.703447,0.534482,2281.325928,1509.485596,-3265.808350,2286.120850,1430.688965,-3285.491943,2293.972656,1556.212158,-3287.520020,2264.263184,1455.654297,-3232.792725,2280.946533,1595.387207,-3257.428711,2286.198730,1430.807251,-3285.508789,2293.906006,1556.205444,-3287.581543,2264.191162,1455.656982,-3232.735596,2281.013428,1595.274048,-3257.407471,2616.277100,1567.737305,-3159.772217,,,,,,,,,,,,,,,,,,,,,,,,,,,,,,,,,
11715,117.150000,0.000000,0.000000,0.000000,1.000000,0.000000,0.000000,0.000000,57.698101,20.499701,-14.700500,0.047771,-0.013570,0.015998,-15.666301,-52.738201,18.801300,-93.396698,0.129960,17.611099,-0.166869,-0.438016,-0.703221,0.534580,2281.375977,1509.391357,-3265.735596,2286.211914,1430.587280,-3285.379639,2294.003174,1556.113281,-3287.468506,2264.334473,1455.567993,-3232.695801,2280.953613,1595.296875,-3257.398438,2286.294434,1430.701782,-3285.402344,2293.926270,1556.088013,-3287.520996,2264.262451,1455.580322,-3232.641357,2281.025146,1595.197632,-3257.378418,2616.301270,1567.747070,-3159.776123,,,,,,,,,,,,,,,,,,,,,,,,,,,,,,,,,
11716,117.160000,0.000000,0.000000,0.000000,1.000000,0.000000,0.000000,0.000000,57.698101,20.499701,-14.700500,0.047771,-0.013570,0.015998,-15.666301,-52.738201,18.801300,-93.396698,0.129960,17.611099,-0.166317,-0.438534,-0.703118,0.534463,2281.474365,1509.324585,-3265.633057,2286.385254,1430.518311,-3285.249268,2294.104004,1556.048340,-3287.360596,2264.419434,1455.499756,-3232.602783,2280.988770,1595.232056,-3257.319336,2286.465088,1430.659302,-3285.282227,2294.048584,1556.041138,-3287.425049,2264.341309,1455.506470,-3232.523438,2281.049072,1595.093506,-3257.301270,2616.293457,1567.744995,-3159.783203,,,,,,,,,,,,,,,,,,,,,,,,,,,,,,,,,
11717,117.170000,0.000000,0.000000,0.000000,1.000000,0.000000,0.000000,0.000000,57.698101,20.499701,-14.700500,0.047771,-0.013570,0.015998,-15.666301,-52.738201,18.801300,-93.396698,0.129960,17.611099,-0.166090,-0.438708,-0.702977,0.534578,2281.567871,1509.287354,-3265.525391,2286.530762,1430.482178,-3285.132812,2294.178711,1556.016479,-3287.252441,2264.531494,1455.455811,-3232.496582,2281.030518,1595.195312,-3257.219238,2286.582764,1430.610718,-3285.175293,2294.166748,1556.005249,-3287.312500,2264.476562,1455.494507,-3232.415039,2281.048340,1595.036255,-3257.196045,2616.290527,1567.750854,-3159.779541,,,,,,,,,,,,,,,,,,,,,,,,,,,,,,,,,
11718,117.180000,0.000000,0.000000,0.000000,1.000000,0.000000,0.000000,0.000000,57.698101,20.499701,-14.700500,0.047771,-0.013570,0.015998,-15.666301,-52.738201,18.801300,-93.396698,0.129960,17.611099,-0.165748,-0.438852,-0.702875,0.534699,2281.690918,1509.301025,-3265.422607,2286.712646,1430.501221,-3285.036621,2294.283203,1556.040527,-3287.138184,2264.672119,1455.455078,-3232.408203,2281.095459,1595.207642,-3257.106934,2286.772217,1430.636719,-3285.074951,2294.255615,1556.037842,-3287.190674,2264.609863,1455.471802,-3232.327148,2281.130859,1595.057373,-3257.095947,2616.280518,1567.748291,-3159.773682,,,,,,,,,,,,,,,,,,,,,,,,,,,,,,,,,
11719,117.190000,0.000000,0.000000,0.000000,1.000000,0.000000,0.000000,0.000000,57.698101,20.499701,-14.700500,0.047771,-0.013570,0.015998,-15.666301,-52.738201,18.801300,-93.396698,0.129960,17.611099,-0.165190,-0.439114,-0.702909,0.534612,2281.837891,1509.332520,-3265.322021,2286.915283,1430.539429,-3284.948242,2294.435791,1556.082275,-3287.012451,2264.803467,1455.471924,-3232.339600,2281.197021,1595.237061,-3256.987305,2286.985596,1430.685425,-3284.989258,2294.392090,1556.086914,-3287.056885,2264.730957,1455.473022,-3232.250977,2281.250000,1595.085205,-3256.989746,2616.282959,1567.732666,-3159.785889,,,,,,,,,,,,,,,,,,,,,,,,,,,,,,,,,
11720,117.200000,0.000000,0.000000,0.000000,1.000000,0.000000,0.000000,0.000000,57.698101,20.499701,-14.700500,0.047771,-0.013570,0.015998,-15.666301,-52.738201,18.801300,-93.396698,0.129960,17.611099,-0.165369,-0.438957,-0.702564,0.535139,2281.994873,1509.361572,-3265.249512,2287.123779,1430.571045,-3284.873047,2294.529053,1556.120483,-3286.957031,2265.041748,1455.488892,-3232.244873,2281.285156,1595.266235,-3256.922607,2287.169678,1430.670654,-3284.895996,2294.498535,1556.116333,-3286.991699,2264.997559,1455.515381,-3232.195068,2281.317383,1595.141479,-3256.914062,2616.303711,1567.774048,-3159.772217,,,,,,,,,,,,,,,,,,,,,,,,,,,,,,,,,
11721,117.210000,0.000000,0.000000,0.000000,1.000000,0.000000,0.000000,0.000000,57.698101,20.499701,-14.700500,0.047771,-0.013570,0.015998,-15.666301,-52.738201,18.801300,-93.396698,0.129960,17.611099,-0.165372,-0.438875,-0.702441,0.535367,2282.179443,1509.430786,-3265.187744,2287.334961,1430.643921,-3284.819336,2294.686279,1556.196533,-3286.895752,2265.260010,1455.548340,-3232.181885,2281.436035,1595.334351,-3256.854004,2287.379395,1430.744263,-3284.831787,2294.652344,1556.189697,-3286.933838,2265.215820,1455.548950,-3232.139893,2281.472656,1595.241577,-3256.845947,2616.296875,1567.752930,-3159.784180,,,,,,,,,,,,,,,,,,,,,,,,,,,,,,,,,
11722,117.220000,0.000000,0.000000,0.000000,1.000000,0.000000,0.000000,0.000000,57.698101,20.499701,-14.700500,0.047771,-0.013570,0.015998,-15.666301,-52.738201,18.801300,-93.396698,0.129960,17.611099,-0.165708,-0.438754,-0.702254,0.535607,2282.386963,1509.476074,-3265.158936,2287.541748,1430.684937,-3284.773438,2294.865723,1556.238525,-3286.890625,2265.507568,1455.599243,-3232.123291,2281.633301,1595.381836,-3256.848145,2287.567139,1430.721558,-3284.773193,2294.837158,1556.200073,-3286.914307,2265.490479,1455.628052,-3232.123047,2281.652344,1595.354736,-3256.825195,2616.284668,1567.759888,-3159.782959,,,,,,,,,,,,,,,,,,,,,,,,,,,,,,,,,
11723,117.230000,0.000000,0.000000,0.000000,1.000000,0.000000,0.000000,0.000000,57.698101,20.499701,-14.700500,0.047771,-0.013570,0.015998,-15.666301,-52.738201,18.801300,-93.396698,0.129960,17.611099,-0.166018,-0.438538,-0.702274,0.535661,2282.618408,1509.496460,-3265.151855,2287.736328,1430.703857,-3284.770508,2295.095215,1556.255493,-3286.892090,2265.746826,1455.624268,-3232.104736,2281.895752,1595.402466,-3256.840088,2287.779297,1430.734375,-3284.763428,2295.027100,1556.198120,-3286.903076,2265.724121,1455.672119,-3232.125000,2281.941406,1595.379395,-3256.816895,2616.278809,1567.784546,-3159.792969,,,,,,,,,,,,,,,,,,,,,,,,,,,,,,,,,
11724,117.240000,0.000000,0.000000,0.000000,1.000000,0.000000,0.000000,0.000000,57.698101,20.499701,-14.700500,0.047771,-0.013570,0.015998,-15.666301,-52.738201,18.801300,-93.396698,0.129960,17.611099,-0.166346,-0.438310,-0.702140,0.535923,2282.834229,1509.480347,-3265.159912,2287.944580,1430.687378,-3284.778564,2295.282959,1556.239868,-3286.915283,2266.002930,1455.607788,-3232.092773,2282.106934,1595.386719,-3256.852539,2287.994141,1430.727295,-3284.763184,2295.197266,1556.190674,-3286.922119,2265.977539,1455.673462,-3232.123291,2282.166260,1595.328003,-3256.830811,2616.256348,1567.759888,-3159.796387,,,,,,,,,,,,,,,,,,,,,,,,,,,,,,,,,
11725,117.250000,0.000000,0.000000,0.000000,1.000000,0.000000,0.000000,0.000000,57.698101,20.499701,-14.700500,0.047771,-0.013570,0.015998,-15.666301,-52.738201,18.801300,-93.396698,0.129960,17.611099,-0.166820,-0.438051,-0.702090,0.536052,2283.072754,1509.487427,-3265.186768,2288.140869,1430.690186,-3284.799561,2295.510254,1556.240356,-3286.962158,2266.262451,1455.624146,-3232.093994,2282.377197,1595.395264,-3256.891357,2288.197998,1430.719604,-3284.770752,2295.395264,1556.156250,-3286.963135,2266.238525,1455.690796,-3232.151367,2282.452148,1595.379639,-3256.862305,2616.277100,1567.759399,-3159.788818,,,,,,,,,,,,,,,,,,,,,,,,,,,,,,,,,
11726,117.260000,0.000000,0.000000,0.000000,1.000000,0.000000,0.000000,0.000000,57.698101,20.499701,-14.700500,0.047771,-0.013570,0.015998,-15.666301,-52.738201,18.801300,-93.396698,0.129960,17.611099,-0.166879,-0.438234,-0.702240,0.535687,2283.303467,1509.449463,-3265.226318,2288.328613,1430.642822,-3284.812256,2295.782715,1556.187378,-3287.010498,2266.441650,1455.607666,-3232.125000,2282.660889,1595.360229,-3256.957764,2288.387207,1430.637329,-3284.791992,2295.663330,1556.105713,-3286.998291,2266.417480,1455.664185,-3232.180176,2282.739990,1595.387085,-3256.934326,2616.269043,1567.763428,-3159.786377,,,,,,,,,,,,,,,,,,,,,,,,,,,,,,,,,
11727,117.270000,0.000000,0.000000,0.000000,1.000000,0.000000,0.000000,0.000000,57.698101,20.499701,-14.700500,0.047771,-0.013570,0.015998,-15.666301,-52.738201,18.801300,-93.396698,0.129960,17.611099,-0.167246,-0.438078,-0.702380,0.535517,2283.536621,1509.375610,-3265.275391,2288.492188,1430.562988,-3284.855225,2296.041016,1556.101685,-3287.070557,2266.649658,1455.550171,-3232.160156,2282.963867,1595.287720,-3257.015869,2288.565674,1430.549438,-3284.838867,2295.892334,1556.033813,-3287.045654,2266.617432,1455.641724,-3232.219727,2283.061768,1595.274902,-3256.997070,2616.245850,1567.738037,-3159.790283,,,,,,,,,,,,,,,,,,,,,,,,,,,,,,,,,
11728,117.280000,0.000000,0.000000,0.000000,1.000000,0.000000,0.000000,0.000000,57.698101,20.499701,-14.700500,0.047771,-0.013570,0.015998,-15.666301,-52.738201,18.801300,-93.396698,0.129960,17.611099,-0.167535,-0.438292,-0.702568,0.535005,2283.727783,1509.261353,-3265.360107,2288.603027,1430.431396,-3284.889648,2296.290771,1555.960205,-3287.179932,2266.770508,1455.475098,-3232.217041,2283.247070,1595.179199,-3257.153809,2288.687988,1430.417725,-3284.870361,2296.108887,1555.856567,-3287.138916,2266.738037,1455.594971,-3232.296631,2283.360840,1595.171997,-3257.133545,2616.315674,1567.740967,-3159.765625,,,,,,,,,,,,,,,,,,,,,,,,,,,,,,,,,
11729,117.290000,0.000000,0.000000,0.000000,1.000000,0.000000,0.000000,0.000000,57.698101,20.499701,-14.700500,0.047771,-0.013570,0.015998,-15.666301,-52.738201,18.801300,-93.396698,0.129960,17.611099,-0.167461,-0.438729,-0.702675,0.534529,2283.872314,1509.119385,-3265.468994,2288.722412,1430.274902,-3284.946289,2296.484375,1555.797974,-3287.303955,2266.850586,1455.362671,-3232.311279,2283.432129,1595.042358,-3257.314697,2288.802490,1430.244385,-3284.921875,2296.309326,1555.721313,-3287.263428,2266.823486,1455.506104,-3232.401123,2283.541260,1595.008057,-3257.291504,2616.286865,1567.713745,-3159.769531,,,,,,,,,,,,,,,,,,,,,,,,,,,,,,,,,
11730,117.300000,0.000000,0.000000,0.000000,1.000000,0.000000,0.000000,0.000000,57.698101,20.499701,-14.700500,0.047771,-0.013570,0.015998,-15.666301,-52.738201,18.801300,-93.396698,0.129960,17.611099,-0.167206,-0.439468,-0.702781,0.533862,2284.021973,1508.991333,-3265.612793,2288.861084,1430.126587,-3285.010498,2296.699707,1555.642944,-3287.467285,2266.910400,1455.274292,-3232.437012,2283.617188,1594.921875,-3257.536377,2288.926025,1430.129028,-3284.993896,2296.564697,1555.582397,-3287.438232,2266.887695,1455.409912,-3232.502930,2283.702881,1594.846680,-3257.517578,2616.284424,1567.730103,-3159.773926,,,,,,,,,,,,,,,,,,,,,,,,,,,,,,,,,
11731,117.310000,0.000000,0.000000,0.000000,1.000000,0.000000,0.000000,0.000000,57.698101,20.499701,-14.700500,0.047771,-0.013570,0.015998,-15.666301,-52.738201,18.801300,-93.396698,0.129960,17.611099,-0.167458,-0.439875,-0.702763,0.533472,2284.134277,1508.862427,-3265.804688,2288.932861,1429.975464,-3285.122559,2296.849854,1555.484497,-3287.699951,2266.975586,1455.188599,-3232.583008,2283.778809,1594.801025,-3257.813232,2288.981934,1429.985718,-3285.089600,2296.736816,1555.411621,-3287.685059,2266.967285,1455.313110,-3232.666260,2283.846436,1594.742432,-3257.782715,2616.250977,1567.716675,-3159.781982,,,,,,,,,,,,,,,,,,,,,,,,,,,,,,,,,
11732,117.320000,0.000000,0.000000,0.000000,1.000000,0.000000,0.000000,0.000000,57.698101,20.499701,-14.700500,0.047771,-0.013570,0.015998,-15.666301,-52.738201,18.801300,-93.396698,0.129960,17.611099,-0.167364,-0.440588,-0.702679,0.533023,2284.199463,1508.719482,-3266.032471,2289.005127,1429.809814,-3285.255615,2296.952637,1555.314209,-3287.963867,2266.987061,1455.086792,-3232.772217,2283.852783,1594.667236,-3258.138184,2289.049561,1429.783691,-3285.219971,2296.843506,1555.236450,-3287.951660,2266.987061,1455.233032,-3232.871582,2283.911621,1594.632812,-3258.094238,2616.281738,1567.746826,-3159.780273,,,,,,,,,,,,,,,,,,,,,,,,,,,,,,,,,
11733,117.330000,0.000000,0.000000,0.000000,1.000000,0.000000,0.000000,0.000000,57.698101,20.499701,-14.700500,0.047771,-0.013570,0.015998,-15.666301,-52.738201,18.801300,-93.396698,0.129960,17.611099,-0.167241,-0.441490,-0.702712,0.532272,2284.200684,1508.555542,-3266.277588,2288.986816,1429.616699,-3285.384766,2297.025391,1555.111694,-3288.249268,2266.891602,1454.979858,-3232.975586,2283.898682,1594.514160,-3258.500488,2289.053955,1429.589355,-3285.349854,2296.889160,1555.064453,-3288.250488,2266.866455,1455.096313,-3233.055420,2283.986572,1594.474976,-3258.457520,2616.279541,1567.788086,-3159.788330,,,,,,,,,,,,,,,,,,,,,,,,,,,,,,,,,
11734,117.340000,0.000000,0.000000,0.000000,1.000000,0.000000,0.000000,0.000000,57.698101,20.499701,-14.700500,0.047771,-0.013570,0.015998,-15.666301,-52.738201,18.801300,-93.396698,0.129960,17.611099,-0.167100,-0.442212,-0.702721,0.531704,2284.178711,1508.417480,-3266.546143,2288.958252,1429.456543,-3285.563965,2297.056396,1554.944946,-3288.547852,2266.797119,1454.884399,-3233.213623,2283.903076,1594.384155,-3258.859619,2289.023926,1429.428467,-3285.535889,2296.927002,1554.905029,-3288.547363,2266.772217,1455.009521,-3233.286377,2283.986572,1594.331177,-3258.818604,2616.276123,1567.765137,-3159.796631,,,,,,,,,,,,,,,,,,,,,,,,,,,,,,,,,
11735,117.350000,0.000000,0.000000,0.000000,1.000000,0.000000,0.000000,0.000000,57.698101,20.499701,-14.700500,0.047771,-0.013570,0.015998,-15.666301,-52.738201,18.801300,-93.396698,0.129960,17.611099,-0.167449,-0.442674,-0.702640,0.531317,2284.116699,1508.242310,-3266.868896,2288.854004,1429.255249,-3285.788330,2297.029785,1554.734985,-3288.923096,2266.691895,1454.760498,-3233.476318,2283.891113,1594.218506,-3259.287354,2288.914795,1429.213501,-3285.779785,2296.909668,1554.694580,-3288.898682,2266.673340,1454.906372,-3233.538818,2283.964111,1594.162231,-3259.261230,2616.281494,1567.758301,-3159.785400,,,,,,,,,,,,,,,,,,,,,,,,,,,,,,,,,
11736,117.360000,0.000000,0.000000,0.000000,1.000000,0.000000,0.000000,0.000000,57.698101,20.499701,-14.700500,0.047771,-0.013570,0.015998,-15.666301,-52.738201,18.801300,-93.396698,0.129960,17.611099,-0.167899,-0.442861,-0.702412,0.531321,2283.991943,1508.075928,-3267.210205,2288.712402,1429.070679,-3286.057861,2296.897949,1554.546753,-3289.314941,2266.579590,1454.627319,-3233.758545,2283.777832,1594.059326,-3259.709717,2288.775146,1429.014404,-3286.061279,2296.782471,1554.543701,-3289.284912,2266.555664,1454.775513,-3233.802246,2283.852051,1593.976807,-3259.693359,2616.266602,1567.742188,-3159.778809,,,,,,,,,,,,,,,,,,,,,,,,,,,,,,,,,
11737,117.370000,0.000000,0.000000,0.000000,1.000000,0.000000,0.000000,0.000000,57.698101,20.499701,-14.700500,0.047771,-0.013570,0.015998,-15.666301,-52.738201,18.801300,-93.396698,0.129960,17.611099,-0.168375,-0.442981,-0.702357,0.531143,2283.854980,1507.928223,-3267.554688,2288.522705,1428.905640,-3286.342285,2296.778320,1554.374268,-3289.700928,2266.425293,1454.515869,-3234.054199,2283.693359,1593.917603,-3260.121582,2288.595215,1428.836304,-3286.364258,2296.657959,1554.360840,-3289.667725,2266.393311,1454.674072,-3234.082764,2283.768799,1593.849121,-3260.105469,2616.260742,1567.737915,-3159.778809,,,,,,,,,,,,,,,,,,,,,,,,,,,,,,,,,
11738,117.380000,0.000000,0.000000,0.000000,1.000000,0.000000,0.000000,0.000000,57.698101,20.499701,-14.700500,0.047771,-0.013570,0.015998,-15.666301,-52.738201,18.801300,-93.396698,0.129960,17.611099,-0.168837,-0.443075,-0.702190,0.531139,2283.641846,1507.818726,-3267.919434,2288.281982,1428.780518,-3286.648926,2296.561523,1554.244995,-3290.109375,2266.221191,1454.435669,-3234.367188,2283.502441,1593.813721,-3260.552490,2288.383789,1428.732910,-3286.665527,2296.391357,1554.196655,-3290.084961,2266.167969,1454.579712,-3234.400146,2283.614746,1593.767944,-3260.526855,2616.265625,1567.753174,-3159.785156,,,,,,,,,,,,,,,,,,,,,,,,,,,,,,,,,
11739,117.390000,0.000000,0.000000,0.000000,1.000000,0.000000,0.000000,0.000000,57.698101,20.499701,-14.700500,0.047771,-0.013570,0.015998,-15.666301,-52.738201,18.801300,-93.396698,0.129960,17.611099,-0.169207,-0.443172,-0.702046,0.531131,2283.415527,1507.715454,-3268.326172,2288.034912,1428.664307,-3287.005615,2296.332275,1554.125122,-3290.552734,2266.002441,1454.357300,-3234.730713,2283.292480,1593.715454,-3261.015869,2288.127686,1428.618774,-3286.992920,2296.159424,1554.113159,-3290.533691,2265.954834,1454.478882,-3234.785156,2283.412598,1593.652710,-3260.992432,2616.271240,1567.761108,-3159.785645,,,,,,,,,,,,,,,,,,,,,,,,,,,,,,,,,
11740,117.400000,0.000000,0.000000,0.000000,1.000000,0.000000,0.000000,0.000000,57.698101,20.499701,-14.700500,0.047771,-0.013570,0.015998,-15.666301,-52.738201,18.801300,-93.396698,0.129960,17.611099,-0.169852,-0.443275,-0.701710,0.531281,2283.145020,1507.645508,-3268.774170,2287.747314,1428.574463,-3287.373291,2296.036865,1554.031494,-3291.063965,2265.768311,1454.322998,-3235.103027,2283.026855,1593.653198,-3261.556396,2287.831543,1428.564331,-3287.358643,2295.854248,1553.975830,-3291.008301,2265.731934,1454.425537,-3235.168457,2283.148682,1593.613403,-3261.559082,2616.302246,1567.751343,-3159.775391,,,,,,,,,,,,,,,,,,,,,,,,,,,,,,,,,
11741,117.410000,0.000000,0.000000,0.000000,1.000000,0.000000,0.000000,0.000000,57.698101,20.499701,-14.700500,0.047771,-0.013570,0.015998,-15.666301,-52.738201,18.801300,-93.396698,0.129960,17.611099,-0.170841,-0.443031,-0.701340,0.531657,2282.833252,1507.591309,-3269.252441,2287.393799,1428.503174,-3287.789307,2295.680176,1553.956543,-3291.611572,2265.525879,1454.300049,-3235.496582,2282.733643,1593.605469,-3262.112549,2287.490723,1428.512085,-3287.792236,2295.500488,1553.906738,-3291.572754,2265.471436,1454.376221,-3235.526123,2282.861328,1593.565063,-3262.116211,2616.312256,1567.724976,-3159.754883,,,,,,,,,,,,,,,,,,,,,,,,,,,,,,,,,
11742,117.420000,0.000000,0.000000,0.000000,1.000000,0.000000,0.000000,0.000000,57.698101,20.499701,-14.700500,0.047771,-0.013570,0.015998,-15.666301,-52.738201,18.801300,-93.396698,0.129960,17.611099,-0.171939,-0.442806,-0.700986,0.531956,2282.530273,1507.561279,-3269.751465,2287.030518,1428.452393,-3288.213867,2295.340576,1553.899536,-3292.187744,2265.282471,1454.310547,-3235.901367,2282.467773,1593.583130,-3262.702881,2287.125488,1428.480957,-3288.223389,2295.197266,1553.840454,-3292.196777,2265.219482,1454.352905,-3235.903076,2282.574707,1593.567261,-3262.683350,2616.294678,1567.742310,-3159.770020,,,,,,,,,,,,,,,,,,,,,,,,,,,,,,,,,
11743,117.430000,0.000000,0.000000,0.000000,1.000000,0.000000,0.000000,0.000000,57.698101,20.499701,-14.700500,0.047771,-0.013570,0.015998,-15.666301,-52.738201,18.801300,-93.396698,0.129960,17.611099,-0.173138,-0.442378,-0.700561,0.532484,2282.203369,1507.550293,-3270.239746,2286.651367,1428.425171,-3288.645752,2294.952637,1553.868652,-3292.751221,2265.047852,1454.329224,-3236.295898,2282.161865,1593.578247,-3263.265869,2286.735107,1428.496948,-3288.631104,2294.803711,1553.775757,-3292.742920,2265.000244,1454.361084,-3236.326172,2282.268311,1593.560669,-3263.256836,2616.311035,1567.726196,-3159.783691,,,,,,,,,,,,,,,,,,,,,,,,,,,,,,,,,
11744,117.440000,0.000000,0.000000,0.000000,1.000000,0.000000,0.000000,0.000000,57.698101,20.499701,-14.700500,0.047771,-0.013570,0.015998,-15.666301,-52.738201,18.801300,-93.396698,0.129960,17.611099,-0.173635,-0.442468,-0.700247,0.532661,2281.807617,1507.548584,-3270.761719,2286.253662,1428.408325,-3289.102539,2294.529297,1553.849609,-3293.324707,2264.690674,1454.354126,-3236.756836,2281.756836,1593.582520,-3263.862793,2286.333008,1428.518066,-3289.079834,2294.381104,1553.767334,-3293.301025,2264.645264,1454.354370,-3236.785400,2281.869141,1593.552612,-3263.877686,2616.273193,1567.749023,-3159.776611,,,,,,,,,,,,,,,,,,,,,,,,,,,,,,,,,
11745,117.450000,0.000000,0.000000,0.000000,1.000000,0.000000,0.000000,0.000000,57.698101,20.499701,-14.700500,0.047771,-0.013570,0.015998,-15.666301,-52.738201,18.801300,-93.396698,0.129960,17.611099,-0.174802,-0.442267,-0.699764,0.533080,2281.456543,1507.555420,-3271.328857,2285.858643,1428.392334,-3289.581787,2294.124023,1553.828247,-3293.979736,2264.420654,1454.403320,-3237.217041,2281.422363,1593.597900,-3264.536865,2285.963623,1428.514404,-3289.577148,2293.959961,1553.716309,-3293.983398,2264.354492,1454.410400,-3237.223877,2281.545410,1593.577393,-3264.531250,2616.250000,1567.723267,-3159.783936,,,,,,,,,,,,,,,,,,,,,,,,,,,,,,,,,
11746,117.460000,0.000000,0.000000,0.000000,1.000000,0.000000,0.000000,0.000000,57.698101,20.499701,-14.700500,0.047771,-0.013570,0.015998,-15.666301,-52.738201,18.801300,-93.396698,0.129960,17.611099,-0.175911,-0.442179,-0.699342,0.533342,2281.103027,1507.561890,-3271.889160,2285.453125,1428.373535,-3290.044678,2293.733887,1553.801880,-3294.627686,2264.125977,1454.459106,-3237.671631,2281.099365,1593.613525,-3265.212646,2285.548096,1428.475830,-3290.060059,2293.581055,1553.696899,-3294.598145,2264.066406,1454.465820,-3237.666504,2281.213379,1593.604736,-3265.230713,2616.295166,1567.754395,-3159.782227,,,,,,,,,,,,,,,,,,,,,,,,,,,,,,,,,
11747,117.470000,0.000000,0.000000,0.000000,1.000000,0.000000,0.000000,0.000000,57.698101,20.499701,-14.700500,0.047771,-0.013570,0.015998,-15.666301,-52.738201,18.801300,-93.396698,0.129960,17.611099,-0.176679,-0.442891,-0.698624,0.533439,2280.737793,1507.524048,-3272.456055,2285.113281,1428.294067,-3290.423340,2293.331787,1553.714844,-3295.314453,2263.808594,1454.495850,-3238.099365,2280.697754,1593.591431,-3265.987305,2285.217773,1428.449829,-3290.452148,2293.179688,1553.610229,-3295.281738,2263.734375,1454.460571,-3238.064697,2280.819824,1593.579468,-3266.027344,2616.281982,1567.753052,-3159.783447,,,,,,,,,,,,,,,,,,,,,,,,,,,,,,,,,
11748,117.480000,0.000000,0.000000,0.000000,1.000000,0.000000,0.000000,0.000000,57.698101,20.499701,-14.700500,0.047771,-0.013570,0.015998,-15.666301,-52.738201,18.801300,-93.396698,0.129960,17.611099,-0.177857,-0.443408,-0.697852,0.533628,2280.386963,1507.484497,-3273.023682,2284.753174,1428.209351,-3290.791748,2292.935059,1553.618774,-3296.021240,2263.522461,1454.541992,-3238.503174,2280.336914,1593.568481,-3266.778320,2284.847412,1428.362671,-3290.793701,2292.808350,1553.535400,-3296.040527,2263.450684,1454.501953,-3238.479736,2280.442871,1593.544556,-3266.781250,2616.274414,1567.722168,-3159.784424,,,,,,,,,,,,,,,,,,,,,,,,,,,,,,,,,
11749,117.490000,0.000000,0.000000,0.000000,1.000000,0.000000,0.000000,0.000000,57.698101,20.499701,-14.700500,0.047771,-0.013570,0.015998,-15.666301,-52.738201,18.801300,-93.396698,0.129960,17.611099,-0.178682,-0.444353,-0.697115,0.533530,2280.009766,1507.436890,-3273.619385,2284.390381,1428.111694,-3291.159912,2292.538818,1553.507568,-3296.754150,2263.169678,1454.589966,-3238.940918,2279.939941,1593.538452,-3267.622559,2284.489258,1428.312988,-3291.159424,2292.416016,1553.445068,-3296.781250,2263.087402,1454.521240,-3238.901367,2280.052490,1593.482910,-3267.636719,2616.280273,1567.727295,-3159.781250,,,,,,,,,,,,,,,,,,,,,,,,,,,,,,,,,
11750,117.500000,0.000000,0.000000,0.000000,1.000000,0.000000,0.000000,0.000000,57.698101,20.499701,-14.700500,0.047771,-0.013570,0.015998,-15.666301,-52.738201,18.801300,-93.396698,0.129960,17.611099,-0.180010,-0.445516,-0.696170,0.533347,2279.622070,1507.370850,-3274.248779,2283.988281,1427.977051,-3291.479736,2292.133545,1553.349854,-3297.574707,2262.808838,1454.661377,-3239.348877,2279.557617,1593.495361,-3268.591553,2284.091553,1428.204590,-3291.489746,2292.026123,1553.314453,-3297.622314,2262.713135,1454.578369,-3239.279053,2279.667480,1593.404175,-3268.603516,2616.298340,1567.711060,-3159.761475,,,,,,,,,,,,,,,,,,,,,,,,,,,,,,,,,
11751,117.510000,0.000000,0.000000,0.000000,1.000000,0.000000,0.000000,0.000000,57.698101,20.499701,-14.700500,0.047771,-0.013570,0.015998,-15.666301,-52.738201,18.801300,-93.396698,0.129960,17.611099,-0.181048,-0.447148,-0.695105,0.533019,2279.271484,1507.288330,-3274.844971,2283.668457,1427.820190,-3291.721924,2291.772217,1553.167480,-3298.372559,2262.469238,1454.728760,-3239.714355,2279.176514,1593.437256,-3269.570557,2283.768066,1428.028687,-3291.746338,2291.670410,1553.137939,-3298.406006,2262.373291,1454.639526,-3239.632080,2279.281982,1593.360962,-3269.594238,2616.316406,1567.735107,-3159.759766,,,,,,,,,,,,,,,,,,,,,,,,,,,,,,,,,
11752,117.520000,0.000000,0.000000,0.000000,1.000000,0.000000,0.000000,0.000000,57.698101,20.499701,-14.700500,0.047771,-0.013570,0.015998,-15.666301,-52.738201,18.801300,-93.396698,0.129960,17.611099,-0.181820,-0.449241,-0.693973,0.532471,2278.895508,1507.196655,-3275.454834,2283.353760,1427.648438,-3291.933105,2291.402100,1552.965332,-3299.193359,2262.076416,1454.802734,-3240.085938,2278.750244,1593.370483,-3270.606445,2283.452881,1427.858765,-3291.978271,2291.298584,1552.925781,-3299.197510,2261.983154,1454.723633,-3239.994141,2278.854980,1593.294067,-3270.651123,2616.271729,1567.703735,-3159.772461,,,,,,,,,,,,,,,,,,,,,,,,,,,,,,,,,
11753,117.530000,0.000000,0.000000,0.000000,1.000000,0.000000,0.000000,0.000000,57.698101,20.499701,-14.700500,0.047771,-0.013570,0.015998,-15.666301,-52.738201,18.801300,-93.396698,0.129960,17.611099,-0.183185,-0.450971,-0.692761,0.532119,2278.534424,1507.107300,-3276.058105,2283.005859,1427.477417,-3292.133545,2291.027344,1552.757446,-3300.031006,2261.732178,1454.890015,-3240.420898,2278.372314,1593.304565,-3271.647217,2283.132324,1427.677124,-3292.150146,2290.901367,1552.717529,-3300.120117,2261.611572,1454.801514,-3240.335449,2278.495850,1593.244019,-3271.626953,2616.270508,1567.733887,-3159.782227,,,,,,,,,,,,,,,,,,,,,,,,,,,,,,,,,
11754,117.540000,0.000000,0.000000,0.000000,1.000000,0.000000,0.000000,0.000000,57.698101,20.499701,-14.700500,0.047771,-0.013570,0.015998,-15.666301,-52.738201,18.801300,-93.396698,0.129960,17.611099,-0.184541,-0.453052,-0.691449,0.531588,2278.115967,1506.992310,-3276.645752,2282.608643,1427.272949,-3292.265137,2290.607666,1552.507690,-3300.874268,2261.312256,1454.975830,-3240.716797,2277.935059,1593.213379,-3272.726318,2282.716797,1427.390137,-3292.294189,2290.485352,1552.496338,-3300.911865,2261.215576,1454.942261,-3240.650635,2278.049805,1593.143555,-3272.727295,2616.282227,1567.707153,-3159.770508,,,,,,,,,,,,,,,,,,,,,,,,,,,,,,,,,
11755,117.550000,0.000000,0.000000,0.000000,1.000000,0.000000,0.000000,0.000000,57.698101,20.499701,-14.700500,0.047771,-0.013570,0.015998,-15.666301,-52.738201,18.801300,-93.396698,0.129960,17.611099,-0.186197,-0.454938,-0.690496,0.530639,2277.731934,1506.870117,-3277.190674,2282.140137,1427.059937,-3292.363770,2290.279053,1552.235596,-3301.670166,2260.862793,1455.073608,-3240.975830,2277.645264,1593.111694,-3273.752930,2282.235596,1427.140869,-3292.394287,2290.183594,1552.229614,-3301.729004,2260.770996,1455.042236,-3240.904541,2277.736816,1593.069336,-3273.734863,2616.312012,1567.728638,-3159.758545,,,,,,,,,,,,,,,,,,,,,,,,,,,,,,,,,
11756,117.560000,0.000000,0.000000,0.000000,1.000000,0.000000,0.000000,0.000000,57.698101,20.499701,-14.700500,0.047771,-0.013570,0.015998,-15.666301,-52.738201,18.801300,-93.396698,0.129960,17.611099,-0.187751,-0.456882,-0.689365,0.529890,2277.306641,1506.726440,-3277.650635,2281.675537,1426.829468,-3292.372559,2289.881836,1551.946533,-3302.383301,2260.403809,1455.143799,-3241.146973,2277.264648,1592.986084,-3274.699463,2281.750488,1426.900757,-3292.426270,2289.832764,1551.927490,-3302.439209,2260.327393,1455.133179,-3241.057373,2277.315430,1592.946899,-3274.678711,2616.294434,1567.744263,-3159.775635,,,,,,,,,,,,,,,,,,,,,,,,,,,,,,,,,
11757,117.570000,0.000000,0.000000,0.000000,1.000000,0.000000,0.000000,0.000000,57.698101,20.499701,-14.700500,0.047771,-0.013570,0.015998,-15.666301,-52.738201,18.801300,-93.396698,0.129960,17.611099,-0.189334,-0.458636,-0.688424,0.529035,2276.875488,1506.568115,-3278.054932,2281.168457,1426.590332,-3292.354492,2289.497314,1551.644775,-3303.024414,2259.919189,1455.195190,-3241.281494,2276.916992,1592.842041,-3275.558838,2281.213867,1426.586182,-3292.416992,2289.474365,1551.635498,-3303.033203,2259.879395,1455.249146,-3241.218018,2276.935303,1592.803955,-3275.550293,2616.269531,1567.747803,-3159.781738,,,,,,,,,,,,,,,,,,,,,,,,,,,,,,,,,
11758,117.580000,0.000000,0.000000,0.000000,1.000000,0.000000,0.000000,0.000000,57.698101,20.499701,-14.700500,0.047771,-0.013570,0.015998,-15.666301,-52.738201,18.801300,-93.396698,0.129960,17.611099,-0.190850,-0.460522,-0.687603,0.527918,2276.449707,1506.398804,-3278.396729,2280.643799,1426.339600,-3292.263428,2289.147705,1551.323608,-3303.600586,2259.401367,1455.247314,-3241.358398,2276.605957,1592.684814,-3276.364502,2280.661133,1426.296753,-3292.309326,2289.134277,1551.280029,-3303.567627,2259.399658,1455.327148,-3241.346924,2276.604248,1592.692871,-3276.364014,2616.326660,1567.729858,-3159.770996,,,,,,,,,,,,,,,,,,,,,,,,,,,,,,,,,
11759,117.590000,0.000000,0.000000,0.000000,1.000000,0.000000,0.000000,0.000000,57.698101,20.499701,-14.700500,0.047771,-0.013570,0.015998,-15.666301,-52.738201,18.801300,-93.396698,0.129960,17.611099,-0.191782,-0.462672,-0.686670,0.526914,2276.022461,1506.215698,-3278.688965,2280.203125,1426.083862,-3292.133789,2288.779297,1551.003784,-3304.105469,2258.894287,1455.264160,-3241.412354,2276.213135,1592.511108,-3277.104004,2280.197510,1426.043701,-3292.166260,2288.790771,1550.978516,-3304.068115,2258.915039,1455.370850,-3241.420654,2276.187988,1592.475830,-3277.101318,2616.317383,1567.773193,-3159.764404,,,,,,,,,,,,,,,,,,,,,,,,,,,,,,,,,
11760,117.600000,0.000000,0.000000,0.000000,1.000000,0.000000,0.000000,0.000000,57.698101,20.499701,-14.700500,0.047771,-0.013570,0.015998,-15.666301,-52.738201,18.801300,-93.396698,0.129960,17.611099,-0.192007,-0.464542,-0.686242,0.525742,2275.596680,1506.021973,-3278.912598,2279.759766,1425.839111,-3292.054199,2288.448242,1550.708740,-3304.459229,2258.338867,1455.218018,-3241.494629,2275.839844,1592.322510,-3277.641846,2279.811523,1425.833374,-3292.091309,2288.395264,1550.668701,-3304.465332,2258.304443,1455.296021,-3241.476074,2275.873779,1592.292114,-3277.617676,2616.267090,1567.722534,-3159.791260,,,,,,,,,,,,,,,,,,,,,,,,,,,,,,,,,
11761,117.610000,0.000000,0.000000,0.000000,1.000000,0.000000,0.000000,0.000000,57.698101,20.499701,-14.700500,0.047771,-0.013570,0.015998,-15.666301,-52.738201,18.801300,-93.396698,0.129960,17.611099,-0.192435,-0.466146,-0.685867,0.524656,2275.162842,1505.817017,-3279.075439,2279.281006,1425.585938,-3291.935059,2288.104004,1550.405029,-3304.749268,2257.787109,1455.156372,-3241.518311,2275.479492,1592.121094,-3278.099121,2279.349854,1425.560059,-3291.989014,2288.037109,1550.372681,-3304.753906,2257.739258,1455.258057,-3241.485596,2275.524170,1592.081421,-3278.072510,2616.243652,1567.719116,-3159.788574,,,,,,,,,,,,,,,,,,,,,,,,,,,,,,,,,
11762,117.620000,0.000000,0.000000,0.000000,1.000000,0.000000,0.000000,0.000000,57.698101,20.499701,-14.700500,0.047771,-0.013570,0.015998,-15.666301,-52.738201,18.801300,-93.396698,0.129960,17.611099,-0.193073,-0.467470,-0.685461,0.523772,2274.717041,1505.590942,-3279.184326,2278.780273,1425.315552,-3291.781982,2287.727295,1550.085083,-3304.985840,2257.252441,1455.065918,-3241.485596,2275.108154,1591.897339,-3278.484131,2278.838379,1425.292969,-3291.817627,2287.656006,1550.087036,-3304.974121,2257.216064,1455.170166,-3241.474121,2275.157715,1591.815308,-3278.470215,2616.280518,1567.726562,-3159.780762,,,,,,,,,,,,,,,,,,,,,,,,,,,,,,,,,
11763,117.630000,0.000000,0.000000,0.000000,1.000000,0.000000,0.000000,0.000000,57.698101,20.499701,-14.700500,0.047771,-0.013570,0.015998,-15.666301,-52.738201,18.801300,-93.396698,0.129960,17.611099,-0.193349,-0.468939,-0.685165,0.522743,2274.193604,1505.278076,-3279.230713,2278.218262,1424.962402,-3291.581055,2287.291016,1549.685059,-3305.138428,2256.613281,1454.879395,-3241.416992,2274.651611,1591.585815,-3278.786621,2278.327148,1424.961914,-3291.620850,2287.150146,1549.658691,-3305.144775,2256.537598,1454.982910,-3241.399414,2274.756592,1591.508667,-3278.757812,2616.288818,1567.728516,-3159.774658,,,,,,,,,,,,,,,,,,,,,,,,,,,,,,,,,
11764,117.640000,0.000000,0.000000,0.000000,1.000000,0.000000,0.000000,0.000000,57.698101,20.499701,-14.700500,0.047771,-0.013570,0.015998,-15.666301,-52.738201,18.801300,-93.396698,0.129960,17.611099,-0.194744,-0.469518,-0.684905,0.522047,2273.619141,1504.926025,-3279.229492,2277.492676,1424.569458,-3291.360596,2286.775391,1549.237915,-3305.269531,2255.978516,1454.663330,-3241.263184,2274.229980,1591.233887,-3279.024414,2277.610596,1424.527222,-3291.381836,2286.602295,1549.181030,-3305.275391,2255.905762,1454.776245,-3241.280762,2274.349854,1591.218750,-3278.979492,2616.274170,1567.747437,-3159.781982,,,,,,,,,,,,,,,,,,,,,,,,,,,,,,,,,
11765,117.650000,0.000000,0.000000,0.000000,1.000000,0.000000,0.000000,0.000000,57.698101,20.499701,-14.700500,0.047771,-0.013570,0.015998,-15.666301,-52.738201,18.801300,-93.396698,0.129960,17.611099,-0.195839,-0.469950,-0.684993,0.521131,2273.008545,1504.588501,-3279.203613,2276.702881,1424.199341,-3291.173828,2286.258545,1548.818848,-3305.334473,2255.263184,1454.441040,-3241.133789,2273.809814,1590.894897,-3279.172119,2276.809570,1424.116333,-3291.191895,2286.117188,1548.802368,-3305.364258,2255.191895,1454.519653,-3241.135742,2273.915039,1590.913452,-3279.123779,2616.259521,1567.741577,-3159.789551,,,,,,,,,,,,,,,,,,,,,,,,,,,,,,,,,
11766,117.660000,0.000000,0.000000,0.000000,1.000000,0.000000,0.000000,0.000000,57.698101,20.499701,-14.700500,0.047771,-0.013570,0.015998,-15.666301,-52.738201,18.801300,-93.396698,0.129960,17.611099,-0.196501,-0.470444,-0.685131,0.520255,2272.454102,1504.231934,-3279.136475,2276.011475,1423.817627,-3290.977783,2285.794922,1548.397339,-3305.330811,2254.601318,1454.176270,-3240.996094,2273.408447,1590.536743,-3279.240967,2276.081299,1423.769043,-3291.005371,2285.729248,1548.461182,-3305.385254,2254.533691,1454.200562,-3240.945068,2273.469482,1590.498535,-3279.211182,2616.275879,1567.770630,-3159.792480,,,,,,,,,,,,,,,,,,,,,,,,,,,,,,,,,
11767,117.670000,0.000000,0.000000,0.000000,1.000000,0.000000,0.000000,0.000000,57.698101,20.499701,-14.700500,0.047771,-0.013570,0.015998,-15.666301,-52.738201,18.801300,-93.396698,0.129960,17.611099,-0.196628,-0.471163,-0.685014,0.519711,2271.952393,1503.935425,-3279.086426,2275.485107,1423.502441,-3290.808105,2285.341064,1548.057007,-3305.330566,2254.036621,1453.942993,-3240.892334,2272.946533,1590.239624,-3279.313965,2275.537109,1423.489624,-3290.853271,2285.324463,1548.075928,-3305.401123,2253.988770,1454.054688,-3240.840576,2272.956787,1590.120972,-3279.244385,2616.277100,1567.773315,-3159.797852,,,,,,,,,,,,,,,,,,,,,,,,,,,,,,,,,
11768,117.680000,0.000000,0.000000,0.000000,1.000000,0.000000,0.000000,0.000000,57.698101,20.499701,-14.700500,0.047771,-0.013570,0.015998,-15.666301,-52.738201,18.801300,-93.396698,0.129960,17.611099,-0.197008,-0.471406,-0.685091,0.519245,2271.448486,1503.651245,-3279.022217,2274.904541,1423.205078,-3290.675781,2284.885498,1547.737427,-3305.300781,2253.476074,1453.708496,-3240.790039,2272.527100,1589.954102,-3279.322266,2274.951660,1423.236572,-3290.719727,2284.876465,1547.732056,-3305.370361,2253.433838,1453.823486,-3240.741455,2272.528809,1589.808228,-3279.249268,2616.266846,1567.738770,-3159.772705,,,,,,,,,,,,,,,,,,,,,,,,,,,,,,,,,
11769,117.690000,0.000000,0.000000,0.000000,1.000000,0.000000,0.000000,0.000000,57.698101,20.499701,-14.700500,0.047771,-0.013570,0.015998,-15.666301,-52.738201,18.801300,-93.396698,0.129960,17.611099,-0.197579,-0.471807,-0.685074,0.518685,2270.932129,1503.365112,-3278.906738,2274.299072,1422.899170,-3290.448975,2284.423096,1547.399902,-3305.243896,2252.897461,1453.495483,-3240.608643,2272.108887,1589.666260,-3279.325684,2274.341553,1422.918701,-3290.467285,2284.396484,1547.376343,-3305.298584,2252.870850,1453.624023,-3240.605957,2272.118652,1589.540649,-3279.249756,2616.284424,1567.727783,-3159.766357,,,,,,,,,,,,,,,,,,,,,,,,,,,,,,,,,
11770,117.700000,0.000000,0.000000,0.000000,1.000000,0.000000,0.000000,0.000000,57.698101,20.499701,-14.700500,0.047771,-0.013570,0.015998,-15.666301,-52.738201,18.801300,-93.396698,0.129960,17.611099,-0.197971,-0.472226,-0.685366,0.517768,2270.367676,1503.075439,-3278.732422,2273.603027,1422.591309,-3290.185791,2283.959473,1547.058228,-3305.104492,2252.211670,1453.278687,-3240.396729,2271.696533,1589.373901,-3279.241943,2273.633057,1422.573853,-3290.186523,2283.934326,1547.078613,-3305.149170,2252.196777,1453.405884,-3240.414551,2271.706299,1589.241699,-3279.174805,2616.288574,1567.741699,-3159.771240,,,,,,,,,,,,,,,,,,,,,,,,,,,,,,,,,
11771,117.710000,0.000000,0.000000,0.000000,1.000000,0.000000,0.000000,0.000000,57.698101,20.499701,-14.700500,0.047771,-0.013570,0.015998,-15.666301,-52.738201,18.801300,-93.396698,0.129960,17.611099,-0.198486,-0.472213,-0.685882,0.516898,2269.721191,1502.764038,-3278.517090,2272.781250,1422.268677,-3289.939453,2283.418701,1546.706665,-3304.901367,2251.442871,1453.021851,-3240.168457,2271.241943,1589.059082,-3279.058594,2272.817871,1422.171021,-3289.958008,2283.404541,1546.844849,-3304.970215,2251.402100,1453.088623,-3240.127441,2271.260498,1588.956177,-3279.014893,2616.311279,1567.722900,-3159.775391,,,,,,,,,,,,,,,,,,,,,,,,,,,,,,,,,
11772,117.720000,0.000000,0.000000,0.000000,1.000000,0.000000,0.000000,0.000000,57.698101,20.499701,-14.700500,0.047771,-0.013570,0.015998,-15.666301,-52.738201,18.801300,-93.396698,0.129960,17.611099,-0.199737,-0.471584,-0.686199,0.516571,2268.940430,1502.425659,-3278.260010,2271.801025,1421.920776,-3289.667236,2282.683838,1546.331177,-3304.682373,2250.626465,1452.734009,-3239.863281,2270.650635,1588.717041,-3278.827148,2271.868408,1421.853638,-3289.712158,2282.621826,1546.425903,-3304.712891,2250.554688,1452.733765,-3239.786621,2270.713867,1588.691650,-3278.829102,2616.297119,1567.731689,-3159.764404,,,,,,,,,,,,,,,,,,,,,,,,,,,,,,,,,
11773,117.730000,0.000000,0.000000,0.000000,1.000000,0.000000,0.000000,0.000000,57.698101,20.499701,-14.700500,0.047771,-0.013570,0.015998,-15.666301,-52.738201,18.801300,-93.396698,0.129960,17.611099,-0.199728,-0.471941,-0.686194,0.516254,2268.195312,1502.165649,-3277.938965,2271.041260,1421.653076,-3289.294678,2281.968750,1546.051147,-3304.378662,2249.841797,1452.502563,-3239.524170,2269.929932,1588.456177,-3278.557861,2271.189941,1421.604248,-3289.350342,2281.779053,1546.053345,-3304.394287,2249.718994,1452.497437,-3239.454834,2270.093018,1588.508179,-3278.558105,2616.288086,1567.755615,-3159.770264,,,,,,,,,,,,,,,,,,,,,,,,,,,,,,,,,
11774,117.740000,0.000000,0.000000,0.000000,1.000000,0.000000,0.000000,0.000000,57.698101,20.499701,-14.700500,0.047771,-0.013570,0.015998,-15.666301,-52.738201,18.801300,-93.396698,0.129960,17.611099,-0.198941,-0.472065,-0.686273,0.516339,2267.518311,1501.890869,-3277.616699,2270.443604,1421.389282,-3289.029785,2281.285889,1545.807617,-3304.007568,2249.160889,1452.183716,-3239.260742,2269.182129,1588.183228,-3278.168701,2270.528076,1421.337524,-3289.073242,2281.196777,1545.837769,-3304.032227,2249.094482,1452.259644,-3239.219971,2269.252930,1588.129150,-3278.141602,2616.305664,1567.741699,-3159.774170,,,,,,,,,,,,,,,,,,,,,,,,,,,,,,,,,
11775,117.750000,0.000000,0.000000,0.000000,1.000000,0.000000,0.000000,0.000000,57.698101,20.499701,-14.700500,0.047771,-0.013570,0.015998,-15.666301,-52.738201,18.801300,-93.396698,0.129960,17.611099,-0.197699,-0.472023,-0.686605,0.516415,2266.807617,1501.636841,-3277.252441,2269.826660,1421.157227,-3288.795898,2280.580322,1545.610596,-3303.545654,2248.429932,1451.848389,-3239.011719,2268.393066,1587.931519,-3277.656250,2269.836670,1421.132080,-3288.836426,2280.597168,1545.598511,-3303.558105,2248.426514,1451.943726,-3238.987061,2268.367920,1587.877075,-3277.625732,2616.309570,1567.770874,-3159.774414,,,,,,,,,,,,,,,,,,,,,,,,,,,,,,,,,
11776,117.760000,0.000000,0.000000,0.000000,1.000000,0.000000,0.000000,0.000000,57.698101,20.499701,-14.700500,0.047771,-0.013570,0.015998,-15.666301,-52.738201,18.801300,-93.396698,0.129960,17.611099,-0.197405,-0.471774,-0.687111,0.516080,2266.090820,1501.466431,-3276.880127,2269.052979,1420.995850,-3288.501221,2279.916504,1545.454956,-3303.120605,2247.647949,1451.654907,-3238.700928,2267.746094,1587.760132,-3277.197266,2269.034668,1420.968628,-3288.525879,2279.956787,1545.453857,-3303.112305,2247.665527,1451.704590,-3238.688965,2267.706543,1587.739258,-3277.192627,2616.300781,1567.757080,-3159.781982,,,,,,,,,,,,,,,,,,,,,,,,,,,,,,,,,
11777,117.770000,0.000000,0.000000,0.000000,1.000000,0.000000,0.000000,0.000000,57.698101,20.499701,-14.700500,0.047771,-0.013570,0.015998,-15.666301,-52.738201,18.801300,-93.396698,0.129960,17.611099,-0.197135,-0.471450,-0.687634,0.515782,2265.240967,1501.291016,-3276.513184,2268.142822,1420.830811,-3288.221436,2279.116455,1545.297119,-3302.697998,2246.737061,1451.452759,-3238.398193,2266.967041,1587.583618,-3276.734619,2268.147949,1420.804321,-3288.222168,2279.123047,1545.361816,-3302.728271,2246.712646,1451.385498,-3238.359131,2266.978516,1587.612427,-3276.742920,2616.305664,1567.745483,-3159.780762,,,,,,,,,,,,,,,,,,,,,,,,,,,,,,,,,
11778,117.780000,0.000000,0.000000,0.000000,1.000000,0.000000,0.000000,0.000000,57.698101,20.499701,-14.700500,0.047771,-0.013570,0.015998,-15.666301,-52.738201,18.801300,-93.396698,0.129960,17.611099,-0.196644,-0.471323,-0.687987,0.515616,2264.267578,1501.153564,-3276.088623,2267.165283,1420.703979,-3287.870605,2278.172852,1545.182007,-3302.220215,2245.722656,1451.282471,-3238.036865,2266.009521,1587.446045,-3276.227051,2267.203613,1420.602173,-3287.852295,2278.116699,1545.269287,-3302.257812,2245.672607,1451.191528,-3238.014160,2266.078369,1587.553101,-3276.230225,2616.307861,1567.755493,-3159.771240,,,,,,,,,,,,,,,,,,,,,,,,,,,,,,,,,
11779,117.790000,0.000000,0.000000,0.000000,1.000000,0.000000,0.000000,0.000000,57.698101,20.499701,-14.700500,0.047771,-0.013570,0.015998,-15.666301,-52.738201,18.801300,-93.396698,0.129960,17.611099,-0.196511,-0.471012,-0.687785,0.516221,2263.330078,1501.073120,-3275.740234,2266.302002,1420.633911,-3287.573730,2277.168701,1545.132080,-3301.855469,2244.867432,1451.159302,-3237.704346,2264.981689,1587.367432,-3275.826904,2266.382568,1420.547363,-3287.596436,2277.089600,1545.131470,-3301.917480,2244.786865,1451.101929,-3237.648193,2265.066650,1587.518921,-3275.795654,2616.290771,1567.750244,-3159.776611,,,,,,,,,,,,,,,,,,,,,,,,,,,,,,,,,
11780,117.800000,0.000000,0.000000,0.000000,1.000000,0.000000,0.000000,0.000000,57.698101,20.499701,-14.700500,0.047771,-0.013570,0.015998,-15.666301,-52.738201,18.801300,-93.396698,0.129960,17.611099,-0.196170,-0.470324,-0.687711,0.517074,2262.388184,1500.998779,-3275.423340,2265.452148,1420.582031,-3287.385986,2276.141602,1545.116333,-3301.484619,2244.031250,1451.001587,-3237.445801,2263.927734,1587.295166,-3275.376709,2265.500488,1420.550049,-3287.412842,2276.120117,1545.125488,-3301.560059,2243.977295,1451.002319,-3237.390137,2263.953125,1587.317139,-3275.330078,2616.278564,1567.730469,-3159.774658,,,,,,,,,,,,,,,,,,,,,,,,,,,,,,,,,
11781,117.810000,0.000000,0.000000,0.000000,1.000000,0.000000,0.000000,0.000000,57.698101,20.499701,-14.700500,0.047771,-0.013570,0.015998,-15.666301,-52.738201,18.801300,-93.396698,0.129960,17.611099,-0.196156,-0.469480,-0.687812,0.517713,2261.449951,1500.964600,-3275.090088,2264.533691,1420.567627,-3287.179199,2275.146484,1545.128052,-3301.103516,2243.169434,1450.901489,-3237.162598,2262.950195,1587.261597,-3274.914307,2264.561768,1420.593384,-3287.155518,2275.119141,1545.158203,-3301.170410,2243.141846,1450.906860,-3237.164795,2262.977783,1587.198853,-3274.868652,2616.257080,1567.767090,-3159.788086,,,,,,,,,,,,,,,,,,,,,,,,,,,,,,,,,
11782,117.820000,0.000000,0.000000,0.000000,1.000000,0.000000,0.000000,0.000000,57.698101,20.499701,-14.700500,0.047771,-0.013570,0.015998,-15.666301,-52.738201,18.801300,-93.396698,0.129960,17.611099,-0.197143,-0.468064,-0.687958,0.518424,2260.436768,1500.939331,-3274.797852,2263.426025,1420.556641,-3287.005371,2274.072998,1545.128784,-3300.799072,2242.253662,1450.837280,-3236.875000,2261.994385,1587.234985,-3274.511719,2263.453125,1420.558472,-3286.968506,2274.010010,1545.155884,-3300.811279,2242.238525,1450.848877,-3236.914062,2262.044189,1587.194214,-3274.496826,2616.277100,1567.745117,-3159.780273,,,,,,,,,,,,,,,,,,,,,,,,,,,,,,,,,
11783,117.830000,0.000000,0.000000,0.000000,1.000000,0.000000,0.000000,0.000000,57.698101,20.499701,-14.700500,0.047771,-0.013570,0.015998,-15.666301,-52.738201,18.801300,-93.396698,0.129960,17.611099,-0.199265,-0.465880,-0.687303,0.520445,2259.625977,1500.915894,-3274.532227,2262.574463,1420.547119,-3286.841064,2273.044189,1545.139282,-3300.589111,2241.752197,1450.765259,-3236.526855,2261.133057,1587.212036,-3274.172119,2262.538574,1420.518921,-3286.751709,2273.011719,1545.139771,-3300.531250,2241.833252,1450.906250,-3236.711914,2261.130371,1587.114502,-3274.156250,2616.258789,1567.740112,-3159.782959,,,,,,,,,,,,,,,,,,,,,,,,,,,,,,,,,
11784,117.840000,0.000000,0.000000,0.000000,1.000000,0.000000,0.000000,0.000000,57.698101,20.499701,-14.700500,0.047771,-0.013570,0.015998,-15.666301,-52.738201,18.801300,-93.396698,0.129960,17.611099,-0.197915,-0.466386,-0.688032,0.519545,2258.311768,1500.619629,-3274.251953,2261.260498,1420.261963,-3286.633301,2271.844971,1544.862671,-3300.215820,2240.277832,1450.439575,-3236.361328,2259.863770,1586.914673,-3273.797607,2261.302734,1420.303833,-3286.563721,2271.727539,1544.900879,-3300.205078,2240.240723,1450.329834,-3236.410645,2259.973389,1586.942139,-3273.830322,2616.311035,1567.704102,-3159.764404,,,,,,,,,,,,,,,,,,,,,,,,,,,,,,,,,
11785,117.850000,0.000000,0.000000,0.000000,1.000000,0.000000,0.000000,0.000000,57.698101,20.499701,-14.700500,0.047771,-0.013570,0.015998,-15.666301,-52.738201,18.801300,-93.396698,0.129960,17.611099,-0.197604,-0.466797,-0.687689,0.519747,2257.114502,1500.584229,-3274.006348,2260.157227,1420.223999,-3286.347412,2270.613281,1544.829468,-3299.984131,2239.114746,1450.402710,-3236.101074,2258.572021,1586.881104,-3273.592773,2260.224365,1420.254028,-3286.377441,2270.520264,1544.867554,-3299.964355,2239.067383,1450.476196,-3236.080322,2258.649170,1586.729492,-3273.604004,2616.296387,1567.755981,-3159.767822,,,,,,,,,,,,,,,,,,,,,,,,,,,,,,,,,
11786,117.860000,0.000000,0.000000,0.000000,1.000000,0.000000,0.000000,0.000000,57.698101,20.499701,-14.700500,0.047771,-0.013570,0.015998,-15.666301,-52.738201,18.801300,-93.396698,0.129960,17.611099,-0.197429,-0.466770,-0.687245,0.520426,2256.047119,1500.538452,-3273.857178,2259.206787,1420.183838,-3286.205811,2269.461914,1544.806396,-3299.839844,2238.147705,1450.326416,-3235.944824,2257.371338,1586.837402,-3273.437988,2259.279053,1420.208496,-3286.251709,2269.396973,1544.883179,-3299.872803,2238.085449,1450.445190,-3235.890869,2257.430176,1586.593506,-3273.407959,2616.278076,1567.739502,-3159.787354,,,,,,,,,,,,,,,,,,,,,,,,,,,,,,,,,
11787,117.870000,0.000000,0.000000,0.000000,1.000000,0.000000,0.000000,0.000000,57.698101,20.499701,-14.700500,0.047771,-0.013570,0.015998,-15.666301,-52.738201,18.801300,-93.396698,0.129960,17.611099,-0.197669,-0.466276,-0.687084,0.520988,2255.045898,1500.440918,-3273.725586,2258.229736,1420.094116,-3286.118896,2268.400391,1544.728882,-3299.705322,2237.227051,1450.200684,-3235.812744,2256.326172,1586.740356,-3273.265137,2258.305176,1420.109619,-3286.156494,2268.349365,1544.757324,-3299.792236,2237.162109,1450.337036,-3235.766357,2256.365967,1586.549316,-3273.177002,2616.286621,1567.778687,-3159.788330,,,,,,,,,,,,,,,,,,,,,,,,,,,,,,,,,
11788,117.880000,0.000000,0.000000,0.000000,1.000000,0.000000,0.000000,0.000000,57.698101,20.499701,-14.700500,0.047771,-0.013570,0.015998,-15.666301,-52.738201,18.801300,-93.396698,0.129960,17.611099,-0.197999,-0.465747,-0.686688,0.521858,2253.933105,1500.307617,-3273.553711,2257.180176,1419.968750,-3285.982178,2267.188232,1544.619263,-3299.543945,2236.243896,1450.034424,-3235.623779,2255.120361,1586.608154,-3273.064697,2257.283691,1420.003906,-3286.025391,2267.069824,1544.585083,-3299.571045,2236.166260,1450.097534,-3235.583984,2255.213379,1586.542969,-3273.034912,2616.310059,1567.742065,-3159.788086,,,,,,,,,,,,,,,,,,,,,,,,,,,,,,,,,
11789,117.890000,0.000000,0.000000,0.000000,1.000000,0.000000,0.000000,0.000000,57.698101,20.499701,-14.700500,0.047771,-0.013570,0.015998,-15.666301,-52.738201,18.801300,-93.396698,0.129960,17.611099,-0.198813,-0.465302,-0.686240,0.522534,2252.597900,1500.026489,-3273.429199,2255.852295,1419.684326,-3285.834229,2265.770264,1544.334229,-3299.468018,2235.022461,1449.759888,-3235.437744,2253.746094,1586.327759,-3272.976318,2255.939697,1419.664551,-3285.905762,2265.687988,1544.292236,-3299.479736,2234.945557,1449.757080,-3235.356689,2253.818359,1586.392090,-3272.974609,2616.285400,1567.764404,-3159.780518,,,,,,,,,,,,,,,,,,,,,,,,,,,,,,,,,
11790,117.900000,0.000000,0.000000,0.000000,1.000000,0.000000,0.000000,0.000000,57.698101,20.499701,-14.700500,0.047771,-0.013570,0.015998,-15.666301,-52.738201,18.801300,-93.396698,0.129960,17.611099,-0.198950,-0.465329,-0.685526,0.523395,2251.376709,1499.829102,-3273.337158,2254.761230,1419.486694,-3285.706055,2264.436279,1544.147339,-3299.414551,2233.939941,1449.549805,-3235.298584,2252.369141,1586.132568,-3272.929199,2254.829346,1419.411987,-3285.781738,2264.419434,1544.178955,-3299.497559,2233.861084,1449.560425,-3235.181396,2252.395020,1586.162109,-3272.885742,2616.266602,1567.747314,-3159.800049,,,,,,,,,,,,,,,,,,,,,,,,,,,,,,,,,
11791,117.910000,0.000000,0.000000,0.000000,1.000000,0.000000,0.000000,0.000000,57.698101,20.499701,-14.700500,0.047771,-0.013570,0.015998,-15.666301,-52.738201,18.801300,-93.396698,0.129960,17.611099,-0.199975,-0.464474,-0.685075,0.524353,2250.338135,1499.635376,-3273.328125,2253.720215,1419.295410,-3285.713135,2263.288086,1543.961670,-3299.446533,2233.054199,1449.345215,-3235.234131,2251.289551,1585.939331,-3272.917969,2253.771973,1419.145142,-3285.755127,2263.274170,1544.054321,-3299.535156,2232.997803,1449.375488,-3235.163818,2251.310303,1585.959961,-3272.864990,2616.289307,1567.764526,-3159.784668,,,,,,,,,,,,,,,,,,,,,,,,,,,,,,,,,
11792,117.920000,0.000000,0.000000,0.000000,1.000000,0.000000,0.000000,0.000000,57.698101,20.499701,-14.700500,0.047771,-0.013570,0.015998,-15.666301,-52.738201,18.801300,-93.396698,0.129960,17.611099,-0.201500,-0.463490,-0.684808,0.524988,2249.263184,1499.354248,-3273.362549,2252.545410,1419.009033,-3285.740967,2262.142578,1543.665649,-3299.541504,2232.091797,1449.084839,-3235.190674,2250.273193,1585.657593,-3272.977539,2252.601318,1418.913330,-3285.735596,2262.057861,1543.784424,-3299.564453,2232.034912,1449.034424,-3235.163330,2250.356445,1585.689697,-3272.988525,2616.269775,1567.727417,-3159.782715,,,,,,,,,,,,,,,,,,,,,,,,,,,,,,,,,
11793,117.930000,0.000000,0.000000,0.000000,1.000000,0.000000,0.000000,0.000000,57.698101,20.499701,-14.700500,0.047771,-0.013570,0.015998,-15.666301,-52.738201,18.801300,-93.396698,0.129960,17.611099,-0.203607,-0.462473,-0.684384,0.525625,2248.186279,1499.001709,-3273.420898,2251.326172,1418.641357,-3285.737305,2260.988281,1543.274658,-3299.702637,2231.142822,1448.786865,-3235.120117,2249.288086,1585.304321,-3273.123291,2251.370117,1418.567993,-3285.709961,2260.891602,1543.358032,-3299.688965,2231.105713,1448.735840,-3235.134033,2249.376221,1585.350464,-3273.150146,2616.286133,1567.732056,-3159.782715,,,,,,,,,,,,,,,,,,,,,,,,,,,,,,,,,
11794,117.940000,0.000000,0.000000,0.000000,1.000000,0.000000,0.000000,0.000000,57.698101,20.499701,-14.700500,0.047771,-0.013570,0.015998,-15.666301,-52.738201,18.801300,-93.396698,0.129960,17.611099,-0.205049,-0.461858,-0.684372,0.525621,2246.979492,1498.520508,-3273.486572,2249.960449,1418.146851,-3285.756104,2259.782227,1542.755127,-3299.832031,2229.957031,1448.358765,-3235.106689,2248.218018,1584.821411,-3273.251221,2250.016602,1418.091919,-3285.732178,2259.674805,1542.822266,-3299.832275,2229.901855,1448.266357,-3235.102539,2248.323975,1584.906616,-3273.280029,2616.302246,1567.733521,-3159.773193,,,,,,,,,,,,,,,,,,,,,,,,,,,,,,,,,
11795,117.950000,0.000000,0.000000,0.000000,1.000000,0.000000,0.000000,0.000000,57.698101,20.499701,-14.700500,0.047771,-0.013570,0.015998,-15.666301,-52.738201,18.801300,-93.396698,0.129960,17.611099,-0.205356,-0.462401,-0.684400,0.524986,2245.896973,1498.121094,-3273.591064,2248.810059,1417.728760,-3285.753662,2258.761963,1542.309204,-3299.984375,2228.797852,1448.025757,-3235.158691,2247.218262,1584.421143,-3273.467041,2248.857422,1417.722534,-3285.755371,2258.710205,1542.443115,-3300.042969,2228.723389,1447.909668,-3235.080322,2247.287842,1584.410522,-3273.483887,2616.292236,1567.763062,-3159.776367,,,,,,,,,,,,,,,,,,,,,,,,,,,,,,,,,
11796,117.960000,0.000000,0.000000,0.000000,1.000000,0.000000,0.000000,0.000000,57.698101,20.499701,-14.700500,0.047771,-0.013570,0.015998,-15.666301,-52.738201,18.801300,-93.396698,0.129960,17.611099,-0.206653,-0.462493,-0.683917,0.525027,2244.871582,1497.718750,-3273.783203,2247.713135,1417.301392,-3285.797119,2257.712402,1541.848267,-3300.286133,2227.816162,1447.707275,-3235.222168,2246.244629,1584.017944,-3273.827393,2247.744873,1417.319336,-3285.800781,2257.694336,1541.973633,-3300.357178,2227.764648,1447.664795,-3235.159424,2246.280273,1583.921021,-3273.818359,2616.267822,1567.729248,-3159.783691,,,,,,,,,,,,,,,,,,,,,,,,,,,,,,,,,
11797,117.970000,0.000000,0.000000,0.000000,1.000000,0.000000,0.000000,0.000000,57.698101,20.499701,-14.700500,0.047771,-0.013570,0.015998,-15.666301,-52.738201,18.801300,-93.396698,0.129960,17.611099,-0.208867,-0.461682,-0.683528,0.525370,2243.892822,1497.350708,-3274.021484,2246.561279,1416.912231,-3285.932129,2256.684326,1541.422974,-3300.643555,2226.930664,1447.420410,-3235.314697,2245.395508,1583.647583,-3274.195557,2246.577393,1416.927368,-3285.909912,2256.665039,1541.548950,-3300.692871,2226.897705,1447.361084,-3235.286377,2245.430176,1583.571167,-3274.199463,2616.285156,1567.747681,-3159.782959,,,,,,,,,,,,,,,,,,,,,,,,,,,,,,,,,
11798,117.980000,0.000000,0.000000,0.000000,1.000000,0.000000,0.000000,0.000000,57.698101,20.499701,-14.700500,0.047771,-0.013570,0.015998,-15.666301,-52.738201,18.801300,-93.396698,0.129960,17.611099,-0.210362,-0.461729,-0.683171,0.525198,2242.979004,1496.983032,-3274.299316,2245.525879,1416.517212,-3286.051270,2255.771240,1540.985352,-3301.036377,2226.032715,1447.152344,-3235.457520,2244.586182,1583.277588,-3274.652344,2245.547363,1416.479614,-3286.065430,2255.759033,1541.077515,-3301.070801,2225.996582,1447.115356,-3235.404541,2244.610596,1583.263306,-3274.656982,2616.310791,1567.772827,-3159.781738,,,,,,,,,,,,,,,,,,,,,,,,,,,,,,,,,
11799,117.990000,0.000000,0.000000,0.000000,1.000000,0.000000,0.000000,0.000000,57.698101,20.499701,-14.700500,0.047771,-0.013570,0.015998,-15.666301,-52.738201,18.801300,-93.396698,0.129960,17.611099,-0.213133,-0.461151,-0.682468,0.525501,2241.885254,1496.536377,-3274.597900,2244.241211,1416.035645,-3286.149170,2254.616455,1540.446777,-3301.514404,2225.050537,1446.836426,-3235.540283,2243.632324,1582.826904,-3275.187256,2244.292725,1415.924072,-3286.122314,2254.508301,1540.522949,-3301.495117,2225.018799,1446.841675,-3235.573730,2243.720459,1582.856567,-3275.198242,2616.286133,1567.764160,-3159.782471,,,,,,,,,,,,,,,,,,,,,,,,,,,,,,,,,
11800,118.000000,0.000000,0.000000,0.000000,1.000000,0.000000,0.000000,0.000000,57.698101,20.499701,-14.700500,0.047771,-0.013570,0.015998,-15.666301,-52.738201,18.801300,-93.396698,0.129960,17.611099,-0.213814,-0.461772,-0.682106,0.525149,2240.887695,1496.233521,-3274.890137,2243.205322,1415.708252,-3286.277100,2253.636475,1540.082764,-3301.897949,2224.034180,1446.621460,-3235.729248,2242.674805,1582.521729,-3275.656250,2243.301025,1415.715210,-3286.282471,2253.489746,1540.137207,-3301.907227,2223.942139,1446.538940,-3235.684326,2242.812988,1582.543823,-3275.686523,2616.260498,1567.738770,-3159.794922,,,,,,,,,,,,,,,,,,,,,,,,,,,,,,,,,
11801,118.010000,0.000000,0.000000,0.000000,1.000000,0.000000,0.000000,0.000000,57.698101,20.499701,-14.700500,0.047771,-0.013570,0.015998,-15.666301,-52.738201,18.801300,-93.396698,0.129960,17.611099,-0.214045,-0.462732,-0.681513,0.524979,2239.889160,1495.976685,-3275.237061,2242.260742,1415.428223,-3286.447510,2252.628418,1539.774658,-3302.332520,2223.041260,1446.439819,-3235.978516,2241.625977,1582.264160,-3276.189453,2242.375732,1415.473267,-3286.511963,2252.519531,1539.904541,-3302.406006,2222.890625,1446.303223,-3235.794678,2241.751221,1582.217163,-3276.219238,2616.283447,1567.725464,-3159.785889,,,,,,,,,,,,,,,,,,,,,,,,,,,,,,,,,
